5137 0.3 40 0 0 4737 0.0 0 0 0 0 61.0 52.6 52.6
5137 0.3 40 0 0 4737 0.0 0 0 0 30 61.1 52.6 52.6
5137 0.3 40 0 0 4737 0.0 0 0 0 60 61.3 52.6 52.6
5137 0.3 40 0 0 4737 0.0 0 0 0 90 61.3 52.8 52.8
5137 0.3 40 0 0 4737 0.0 0 0 0 120 61.3 52.9 52.9
5137 0.3 40 0 0 4737 0.0 0 0 0 150 61.3 52.9 52.9
5137 0.3 40 0 0 4737 0.0 0 0 0 180 61.2 53.0 53.0
5137 0.3 40 0 0 4737 0.0 10 0 0 0 60.9 52.0 52.0
5137 0.3 40 0 0 4737 0.0 10 0 0 30 61.0 52.1 52.1
5137 0.3 40 0 0 4737 0.0 10 0 0 60 61.2 52.1 52.1
5137 0.3 40 0 0 4737 0.0 10 0 0 90 61.3 52.3 52.3
5137 0.3 40 0 0 4737 0.0 10 0 0 120 61.3 52.4 52.4
5137 0.3 40 0 0 4737 0.0 10 0 0 150 61.2 52.5 52.5
5137 0.3 40 0 0 4737 0.0 10 0 0 180 61.1 52.5 52.5
5137 0.3 40 0 0 4737 0.0 20 0 0 0 60.8 50.5 50.5
5137 0.3 40 0 0 4737 0.0 20 0 0 30 60.8 50.6 50.6
5137 0.3 40 0 0 4737 0.0 20 0 0 60 61.0 50.7 50.7
5137 0.3 40 0 0 4737 0.0 20 0 0 90 61.1 50.8 50.8
5137 0.3 40 0 0 4737 0.0 20 0 0 120 61.1 51.0 51.0
5137 0.3 40 0 0 4737 0.0 20 0 0 150 61.0 51.2 51.2
5137 0.3 40 0 0 4737 0.0 20 0 0 180 60.9 51.2 51.2
5137 0.3 40 0 0 4737 0.0 30 0 0 0 60.4 47.5 47.5
5137 0.3 40 0 0 4737 0.0 30 0 0 30 60.5 47.7 47.7
5137 0.3 40 0 0 4737 0.0 30 0 0 60 60.7 47.7 47.7
5137 0.3 40 0 0 4737 0.0 30 0 0 90 60.7 48.1 48.1
5137 0.3 40 0 0 4737 0.0 30 0 0 120 60.8 48.4 48.4
5137 0.3 40 0 0 4737 0.0 30 0 0 150 60.7 48.6 48.6
5137 0.3 40 0 0 4737 0.0 30 0 0 180 60.6 48.7 48.7
5137 0.3 40 0 0 4737 0.0 40 0 0 0 59.9 47.4 47.4
5137 0.3 40 0 0 4737 0.0 40 0 0 30 60.0 47.6 47.6
5137 0.3 40 0 0 4737 0.0 40 0 0 60 60.2 47.7 47.7
5137 0.3 40 0 0 4737 0.0 40 0 0 90 60.2 48.0 48.0
5137 0.3 40 0 0 4737 0.0 40 0 0 120 60.2 48.3 48.3
5137 0.3 40 0 0 4737 0.0 40 0 0 150 60.1 48.5 48.5
5137 0.3 40 0 0 4737 0.0 40 0 0 180 60.1 48.6 48.6
5137 0.3 40 0 0 4737 0.0 50 0 0 0 59.0 48.1 48.1
5137 0.3 40 0 0 4737 0.0 50 0 0 30 59.2 48.2 48.2
5137 0.3 40 0 0 4737 0.0 50 0 0 60 59.4 48.4 48.4
5137 0.3 40 0 0 4737 0.0 50 0 0 90 59.4 48.6 48.6
5137 0.3 40 0 0 4737 0.0 50 0 0 120 59.4 48.8 48.8
5137 0.3 40 0 0 4737 0.0 50 0 0 150 59.3 49.0 49.0
5137 0.3 40 0 0 4737 0.0 50 0 0 180 59.3 49.1 49.1
5137 0.3 40 0 0 4737 0.0 60 0 0 0 57.6 49.6 49.6
5137 0.3 40 0 0 4737 0.0 60 0 0 30 57.9 49.8 49.8
5137 0.3 40 0 0 4737 0.0 60 0 0 60 58.0 49.8 49.8
5137 0.3 40 0 0 4737 0.0 60 0 0 90 58.0 50.0 50.0
5137 0.3 40 0 0 4737 0.0 60 0 0 120 57.9 50.2 50.2
5137 0.3 40 0 0 4737 0.0 60 0 0 150 57.9 50.3 50.3
5137 0.3 40 0 0 4737 0.0 60 0 0 180 57.9 50.2 50.2
5137 0.3 40 0 0 4737 0.1 0 0 0 0 60.4 51.7 51.7
5137 0.3 40 0 0 4737 0.1 0 0 0 30 60.4 51.7 51.7
5137 0.3 40 0 0 4737 0.1 0 0 0 60 60.7 51.8 51.8
5137 0.3 40 0 0 4737 0.1 0 0 0 90 60.6 51.9 51.9
5137 0.3 40 0 0 4737 0.1 0 0 0 120 60.7 52.0 52.0
5137 0.3 40 0 0 4737 0.1 0 0 0 150 60.7 52.2 52.2
5137 0.3 40 0 0 4737 0.1 0 0 0 180 60.6 52.1 52.1
5137 0.3 40 0 0 4737 0.1 10 0 0 0 60.3 51.2 51.2
5137 0.3 40 0 0 4737 0.1 10 0 0 30 60.4 51.2 51.2
5137 0.3 40 0 0 4737 0.1 10 0 0 60 60.6 51.3 51.3
5137 0.3 40 0 0 4737 0.1 10 0 0 90 60.6 51.4 51.4
5137 0.3 40 0 0 4737 0.1 10 0 0 120 60.7 51.5 51.5
5137 0.3 40 0 0 4737 0.1 10 0 0 150 60.6 51.7 51.7
5137 0.3 40 0 0 4737 0.1 10 0 0 180 60.5 51.7 51.7
5137 0.3 40 0 0 4737 0.1 20 0 0 0 60.1 49.7 49.7
5137 0.3 40 0 0 4737 0.1 20 0 0 30 60.2 49.7 49.7
5137 0.3 40 0 0 4737 0.1 20 0 0 60 60.4 49.8 49.8
5137 0.3 40 0 0 4737 0.1 20 0 0 90 60.4 49.9 49.9
5137 0.3 40 0 0 4737 0.1 20 0 0 120 60.5 50.1 50.1
5137 0.3 40 0 0 4737 0.1 20 0 0 150 60.4 50.3 50.3
5137 0.3 40 0 0 4737 0.1 20 0 0 180 60.3 50.3 50.3
5137 0.3 40 0 0 4737 0.1 30 0 0 0 59.8 46.7 46.7
5137 0.3 40 0 0 4737 0.1 30 0 0 30 59.8 46.8 46.8
5137 0.3 40 0 0 4737 0.1 30 0 0 60 60.1 46.9 46.9
5137 0.3 40 0 0 4737 0.1 30 0 0 90 60.0 47.1 47.1
5137 0.3 40 0 0 4737 0.1 30 0 0 120 60.1 47.3 47.3
5137 0.3 40 0 0 4737 0.1 30 0 0 150 60.1 47.6 47.6
5137 0.3 40 0 0 4737 0.1 30 0 0 180 60.0 47.8 47.8
5137 0.3 40 0 0 4737 0.1 40 0 0 0 59.2 46.7 46.7
5137 0.3 40 0 0 4737 0.1 40 0 0 30 59.3 46.7 46.7
5137 0.3 40 0 0 4737 0.1 40 0 0 60 59.6 46.9 46.9
5137 0.3 40 0 0 4737 0.1 40 0 0 90 59.5 47.0 47.0
5137 0.3 40 0 0 4737 0.1 40 0 0 120 59.5 47.3 47.3
5137 0.3 40 0 0 4737 0.1 40 0 0 150 59.5 47.7 47.7
5137 0.3 40 0 0 4737 0.1 40 0 0 180 59.4 47.8 47.8
5137 0.3 40 0 0 4737 0.1 50 0 0 0 58.4 47.5 47.5
5137 0.3 40 0 0 4737 0.1 50 0 0 30 58.5 47.6 47.6
5137 0.3 40 0 0 4737 0.1 50 0 0 60 58.7 47.6 47.6
5137 0.3 40 0 0 4737 0.1 50 0 0 90 58.6 47.8 47.8
5137 0.3 40 0 0 4737 0.1 50 0 0 120 58.7 48.0 48.0
5137 0.3 40 0 0 4737 0.1 50 0 0 150 58.6 48.2 48.2
5137 0.3 40 0 0 4737 0.1 50 0 0 180 58.5 48.3 48.3
5137 0.3 40 0 0 4737 0.1 60 0 0 0 57.0 48.8 48.8
5137 0.3 40 0 0 4737 0.1 60 0 0 30 57.2 49.0 49.0
5137 0.3 40 0 0 4737 0.1 60 0 0 60 57.3 49.1 49.1
5137 0.3 40 0 0 4737 0.1 60 0 0 90 57.2 49.3 49.3
5137 0.3 40 0 0 4737 0.1 60 0 0 120 57.2 49.4 49.4
5137 0.3 40 0 0 4737 0.1 60 0 0 150 57.1 49.6 49.6
5137 0.3 40 0 0 4737 0.1 60 0 0 180 57.1 49.5 49.5
5137 0.3 40 0 0 4737 0.2 0 0 0 0 59.8 50.8 50.8
5137 0.3 40 0 0 4737 0.2 0 0 0 30 59.8 50.9 50.9
5137 0.3 40 0 0 4737 0.2 0 0 0 60 60.0 50.9 50.9
5137 0.3 40 0 0 4737 0.2 0 0 0 90 60.0 51.0 51.0
5137 0.3 40 0 0 4737 0.2 0 0 0 120 60.2 51.2 51.2
5137 0.3 40 0 0 4737 0.2 0 0 0 150 60.0 51.4 51.4
5137 0.3 40 0 0 4737 0.2 0 0 0 180 59.9 51.3 51.3
5137 0.3 40 0 0 4737 0.2 10 0 0 0 59.7 50.3 50.3
5137 0.3 40 0 0 4737 0.2 10 0 0 30 59.7 50.3 50.3
5137 0.3 40 0 0 4737 0.2 10 0 0 60 60.0 50.4 50.4
5137 0.3 40 0 0 4737 0.2 10 0 0 90 59.9 50.5 50.5
5137 0.3 40 0 0 4737 0.2 10 0 0 120 60.1 50.6 50.6
5137 0.3 40 0 0 4737 0.2 10 0 0 150 60.0 50.9 50.9
5137 0.3 40 0 0 4737 0.2 10 0 0 180 59.9 50.8 50.8
5137 0.3 40 0 0 4737 0.2 20 0 0 0 59.5 48.8 48.8
5137 0.3 40 0 0 4737 0.2 20 0 0 30 59.5 48.7 48.7
5137 0.3 40 0 0 4737 0.2 20 0 0 60 59.8 48.9 48.9
5137 0.3 40 0 0 4737 0.2 20 0 0 90 59.7 48.8 48.8
5137 0.3 40 0 0 4737 0.2 20 0 0 120 59.9 49.0 49.0
5137 0.3 40 0 0 4737 0.2 20 0 0 150 59.8 49.3 49.3
5137 0.3 40 0 0 4737 0.2 20 0 0 180 59.7 49.3 49.3
5137 0.3 40 0 0 4737 0.2 30 0 0 0 59.1 46.1 46.1
5137 0.3 40 0 0 4737 0.2 30 0 0 30 59.2 46.1 46.1
5137 0.3 40 0 0 4737 0.2 30 0 0 60 59.4 46.2 46.2
5137 0.3 40 0 0 4737 0.2 30 0 0 90 59.4 46.2 46.2
5137 0.3 40 0 0 4737 0.2 30 0 0 120 59.5 46.5 46.5
5137 0.3 40 0 0 4737 0.2 30 0 0 150 59.4 46.8 46.8
5137 0.3 40 0 0 4737 0.2 30 0 0 180 59.3 47.0 47.0
5137 0.3 40 0 0 4737 0.2 40 0 0 0 58.6 46.1 46.1
5137 0.3 40 0 0 4737 0.2 40 0 0 30 58.6 46.1 46.1
5137 0.3 40 0 0 4737 0.2 40 0 0 60 58.8 46.2 46.2
5137 0.3 40 0 0 4737 0.2 40 0 0 90 58.8 46.3 46.3
5137 0.3 40 0 0 4737 0.2 40 0 0 120 58.9 46.5 46.5
5137 0.3 40 0 0 4737 0.2 40 0 0 150 58.8 46.9 46.9
5137 0.3 40 0 0 4737 0.2 40 0 0 180 58.7 47.0 47.0
5137 0.3 40 0 0 4737 0.2 50 0 0 0 57.7 46.9 46.9
5137 0.3 40 0 0 4737 0.2 50 0 0 30 57.8 46.9 46.9
5137 0.3 40 0 0 4737 0.2 50 0 0 60 57.9 47.0 47.0
5137 0.3 40 0 0 4737 0.2 50 0 0 90 58.0 47.0 47.0
5137 0.3 40 0 0 4737 0.2 50 0 0 120 57.9 47.2 47.2
5137 0.3 40 0 0 4737 0.2 50 0 0 150 57.9 47.5 47.5
5137 0.3 40 0 0 4737 0.2 50 0 0 180 57.8 47.5 47.5
5137 0.3 40 0 0 4737 0.2 60 0 0 0 56.3 48.1 48.1
5137 0.3 40 0 0 4737 0.2 60 0 0 30 56.5 48.1 48.1
5137 0.3 40 0 0 4737 0.2 60 0 0 60 56.5 48.4 48.4
5137 0.3 40 0 0 4737 0.2 60 0 0 90 56.5 48.4 48.4
5137 0.3 40 0 0 4737 0.2 60 0 0 120 56.4 48.6 48.6
5137 0.3 40 0 0 4737 0.2 60 0 0 150 56.3 48.9 48.9
5137 0.3 40 0 0 4737 0.2 60 0 0 180 56.3 48.7 48.7
5137 0.3 40 0 0 4737 0.3 0 0 0 0 59.1 50.0 50.0
5137 0.3 40 0 0 4737 0.3 0 0 0 30 59.2 49.9 49.9
5137 0.3 40 0 0 4737 0.3 0 0 0 60 59.3 50.0 50.0
5137 0.3 40 0 0 4737 0.3 0 0 0 90 59.4 50.1 50.1
5137 0.3 40 0 0 4737 0.3 0 0 0 120 59.5 50.3 50.3
5137 0.3 40 0 0 4737 0.3 0 0 0 150 59.3 50.5 50.5
5137 0.3 40 0 0 4737 0.3 0 0 0 180 59.3 50.4 50.4
5137 0.3 40 0 0 4737 0.3 10 0 0 0 59.0 49.4 49.4
5137 0.3 40 0 0 4737 0.3 10 0 0 30 59.1 49.4 49.4
5137 0.3 40 0 0 4737 0.3 10 0 0 60 59.3 49.5 49.5
5137 0.3 40 0 0 4737 0.3 10 0 0 90 59.3 49.5 49.5
5137 0.3 40 0 0 4737 0.3 10 0 0 120 59.4 49.6 49.6
5137 0.3 40 0 0 4737 0.3 10 0 0 150 59.3 49.9 49.9
5137 0.3 40 0 0 4737 0.3 10 0 0 180 59.2 49.8 49.8
5137 0.3 40 0 0 4737 0.3 20 0 0 0 58.8 47.5 47.5
5137 0.3 40 0 0 4737 0.3 20 0 0 30 58.9 47.6 47.6
5137 0.3 40 0 0 4737 0.3 20 0 0 60 59.1 47.6 47.6
5137 0.3 40 0 0 4737 0.3 20 0 0 90 59.1 47.6 47.6
5137 0.3 40 0 0 4737 0.3 20 0 0 120 59.2 47.8 47.8
5137 0.3 40 0 0 4737 0.3 20 0 0 150 59.1 48.1 48.1
5137 0.3 40 0 0 4737 0.3 20 0 0 180 59.0 48.0 48.0
5137 0.3 40 0 0 4737 0.3 30 0 0 0 58.5 45.5 45.5
5137 0.3 40 0 0 4737 0.3 30 0 0 30 58.5 45.5 45.5
5137 0.3 40 0 0 4737 0.3 30 0 0 60 58.7 45.6 45.6
5137 0.3 40 0 0 4737 0.3 30 0 0 90 58.7 45.6 45.6
5137 0.3 40 0 0 4737 0.3 30 0 0 120 58.8 45.8 45.8
5137 0.3 40 0 0 4737 0.3 30 0 0 150 58.7 46.1 46.1
5137 0.3 40 0 0 4737 0.3 30 0 0 180 58.6 46.2 46.2
5137 0.3 40 0 0 4737 0.3 40 0 0 0 57.9 45.6 45.6
5137 0.3 40 0 0 4737 0.3 40 0 0 30 57.9 45.6 45.6
5137 0.3 40 0 0 4737 0.3 40 0 0 60 58.1 45.7 45.7
5137 0.3 40 0 0 4737 0.3 40 0 0 90 58.1 45.7 45.7
5137 0.3 40 0 0 4737 0.3 40 0 0 120 58.1 45.9 45.9
5137 0.3 40 0 0 4737 0.3 40 0 0 150 58.0 46.2 46.2
5137 0.3 40 0 0 4737 0.3 40 0 0 180 58.0 46.4 46.4
5137 0.3 40 0 0 4737 0.3 50 0 0 0 57.0 46.5 46.5
5137 0.3 40 0 0 4737 0.3 50 0 0 30 57.1 46.4 46.4
5137 0.3 40 0 0 4737 0.3 50 0 0 60 57.2 46.5 46.5
5137 0.3 40 0 0 4737 0.3 50 0 0 90 57.2 46.5 46.5
5137 0.3 40 0 0 4737 0.3 50 0 0 120 57.2 46.6 46.6
5137 0.3 40 0 0 4737 0.3 50 0 0 150 57.1 46.8 46.8
5137 0.3 40 0 0 4737 0.3 50 0 0 180 57.0 46.8 46.8
5137 0.3 40 0 0 4737 0.3 60 0 0 0 55.6 47.3 47.3
5137 0.3 40 0 0 4737 0.3 60 0 0 30 55.7 47.4 47.4
5137 0.3 40 0 0 4737 0.3 60 0 0 60 55.7 47.5 47.5
5137 0.3 40 0 0 4737 0.3 60 0 0 90 55.7 47.7 47.7
5137 0.3 40 0 0 4737 0.3 60 0 0 120 55.5 47.8 47.8
5137 0.3 40 0 0 4737 0.3 60 0 0 150 55.4 48.0 48.0
5137 0.3 40 0 0 4737 0.3 60 0 0 180 55.3 47.9 47.9
5137 0.3 40 0 0 4737 0.4 0 0 0 0 58.4 49.0 49.0
5137 0.3 40 0 0 4737 0.4 0 0 0 30 58.5 48.9 48.9
5137 0.3 40 0 0 4737 0.4 0 0 0 60 58.6 49.0 49.0
5137 0.3 40 0 0 4737 0.4 0 0 0 90 58.7 49.1 49.1
5137 0.3 40 0 0 4737 0.4 0 0 0 120 58.8 49.2 49.2
5137 0.3 40 0 0 4737 0.4 0 0 0 150 58.7 49.5 49.5
5137 0.3 40 0 0 4737 0.4 0 0 0 180 58.6 49.3 49.3
5137 0.3 40 0 0 4737 0.4 10 0 0 0 58.4 48.4 48.4
5137 0.3 40 0 0 4737 0.4 10 0 0 30 58.5 48.3 48.3
5137 0.3 40 0 0 4737 0.4 10 0 0 60 58.6 48.3 48.3
5137 0.3 40 0 0 4737 0.4 10 0 0 90 58.6 48.4 48.4
5137 0.3 40 0 0 4737 0.4 10 0 0 120 58.7 48.4 48.4
5137 0.3 40 0 0 4737 0.4 10 0 0 150 58.6 48.7 48.7
5137 0.3 40 0 0 4737 0.4 10 0 0 180 58.5 48.7 48.7
5137 0.3 40 0 0 4737 0.4 20 0 0 0 58.1 46.1 46.1
5137 0.3 40 0 0 4737 0.4 20 0 0 30 58.3 46.1 46.1
5137 0.3 40 0 0 4737 0.4 20 0 0 60 58.4 46.1 46.1
5137 0.3 40 0 0 4737 0.4 20 0 0 90 58.4 46.1 46.1
5137 0.3 40 0 0 4737 0.4 20 0 0 120 58.5 46.2 46.2
5137 0.3 40 0 0 4737 0.4 20 0 0 150 58.4 46.5 46.5
5137 0.3 40 0 0 4737 0.4 20 0 0 180 58.3 46.5 46.5
5137 0.3 40 0 0 4737 0.4 30 0 0 0 57.8 45.2 45.2
5137 0.3 40 0 0 4737 0.4 30 0 0 30 57.9 45.2 45.2
5137 0.3 40 0 0 4737 0.4 30 0 0 60 58.0 45.3 45.3
5137 0.3 40 0 0 4737 0.4 30 0 0 90 58.0 45.3 45.3
5137 0.3 40 0 0 4737 0.4 30 0 0 120 58.1 45.3 45.3
5137 0.3 40 0 0 4737 0.4 30 0 0 150 58.0 45.6 45.6
5137 0.3 40 0 0 4737 0.4 30 0 0 180 57.9 45.6 45.6
5137 0.3 40 0 0 4737 0.4 40 0 0 0 57.2 45.4 45.4
5137 0.3 40 0 0 4737 0.4 40 0 0 30 57.3 45.4 45.4
5137 0.3 40 0 0 4737 0.4 40 0 0 60 57.4 45.4 45.4
5137 0.3 40 0 0 4737 0.4 40 0 0 90 57.4 45.4 45.4
5137 0.3 40 0 0 4737 0.4 40 0 0 120 57.4 45.4 45.4
5137 0.3 40 0 0 4737 0.4 40 0 0 150 57.3 45.7 45.7
5137 0.3 40 0 0 4737 0.4 40 0 0 180 57.2 45.8 45.8
5137 0.3 40 0 0 4737 0.4 50 0 0 0 56.3 46.0 46.0
5137 0.3 40 0 0 4737 0.4 50 0 0 30 56.4 46.0 46.0
5137 0.3 40 0 0 4737 0.4 50 0 0 60 56.5 46.1 46.1
5137 0.3 40 0 0 4737 0.4 50 0 0 90 56.5 46.1 46.1
5137 0.3 40 0 0 4737 0.4 50 0 0 120 56.4 46.1 46.1
5137 0.3 40 0 0 4737 0.4 50 0 0 150 56.3 46.4 46.4
5137 0.3 40 0 0 4737 0.4 50 0 0 180 56.3 46.3 46.3
5137 0.3 40 0 0 4737 0.4 60 0 0 0 54.8 46.5 46.5
5137 0.3 40 0 0 4737 0.4 60 0 0 30 54.8 46.6 46.6
5137 0.3 40 0 0 4737 0.4 60 0 0 60 54.8 46.8 46.8
5137 0.3 40 0 0 4737 0.4 60 0 0 90 54.8 46.9 46.9
5137 0.3 40 0 0 4737 0.4 60 0 0 120 54.5 47.1 47.1
5137 0.3 40 0 0 4737 0.4 60 0 0 150 54.2 47.4 47.4
5137 0.3 40 0 0 4737 0.4 60 0 0 180 54.2 47.2 47.2
5137 0.3 40 0 0 4737 0.5 0 0 0 0 57.8 47.5 47.5
5137 0.3 40 0 0 4737 0.5 0 0 0 30 57.9 47.5 47.5
5137 0.3 40 0 0 4737 0.5 0 0 0 60 58.0 47.6 47.6
5137 0.3 40 0 0 4737 0.5 0 0 0 90 58.0 47.6 47.6
5137 0.3 40 0 0 4737 0.5 0 0 0 120 58.1 47.7 47.7
5137 0.3 40 0 0 4737 0.5 0 0 0 150 58.0 47.9 47.9
5137 0.3 40 0 0 4737 0.5 0 0 0 180 57.9 47.8 47.8
5137 0.3 40 0 0 4737 0.5 10 0 0 0 57.7 46.7 46.7
5137 0.3 40 0 0 4737 0.5 10 0 0 30 57.9 46.6 46.6
5137 0.3 40 0 0 4737 0.5 10 0 0 60 57.9 46.6 46.6
5137 0.3 40 0 0 4737 0.5 10 0 0 90 57.9 46.7 46.7
5137 0.3 40 0 0 4737 0.5 10 0 0 120 58.0 46.7 46.7
5137 0.3 40 0 0 4737 0.5 10 0 0 150 58.0 47.0 47.0
5137 0.3 40 0 0 4737 0.5 10 0 0 180 57.8 47.0 47.0
5137 0.3 40 0 0 4737 0.5 20 0 0 0 57.5 45.6 45.6
5137 0.3 40 0 0 4737 0.5 20 0 0 30 57.6 45.6 45.6
5137 0.3 40 0 0 4737 0.5 20 0 0 60 57.7 45.6 45.6
5137 0.3 40 0 0 4737 0.5 20 0 0 90 57.7 45.6 45.6
5137 0.3 40 0 0 4737 0.5 20 0 0 120 57.8 45.7 45.7
5137 0.3 40 0 0 4737 0.5 20 0 0 150 57.7 45.9 45.9
5137 0.3 40 0 0 4737 0.5 20 0 0 180 57.5 45.9 45.9
5137 0.3 40 0 0 4737 0.5 30 0 0 0 57.1 45.2 45.2
5137 0.3 40 0 0 4737 0.5 30 0 0 30 57.2 45.2 45.2
5137 0.3 40 0 0 4737 0.5 30 0 0 60 57.3 45.2 45.2
5137 0.3 40 0 0 4737 0.5 30 0 0 90 57.3 45.2 45.2
5137 0.3 40 0 0 4737 0.5 30 0 0 120 57.4 45.2 45.2
5137 0.3 40 0 0 4737 0.5 30 0 0 150 57.3 45.4 45.4
5137 0.3 40 0 0 4737 0.5 30 0 0 180 57.1 45.3 45.3
5137 0.3 40 0 0 4737 0.5 40 0 0 0 56.5 45.3 45.3
5137 0.3 40 0 0 4737 0.5 40 0 0 30 56.6 45.3 45.3
5137 0.3 40 0 0 4737 0.5 40 0 0 60 56.7 45.3 45.3
5137 0.3 40 0 0 4737 0.5 40 0 0 90 56.7 45.3 45.3
5137 0.3 40 0 0 4737 0.5 40 0 0 120 56.7 45.3 45.3
5137 0.3 40 0 0 4737 0.5 40 0 0 150 56.5 45.5 45.5
5137 0.3 40 0 0 4737 0.5 40 0 0 180 56.4 45.6 45.6
5137 0.3 40 0 0 4737 0.5 50 0 0 0 55.6 45.6 45.6
5137 0.3 40 0 0 4737 0.5 50 0 0 30 55.7 45.7 45.7
5137 0.3 40 0 0 4737 0.5 50 0 0 60 55.7 45.8 45.8
5137 0.3 40 0 0 4737 0.5 50 0 0 90 55.7 45.8 45.8
5137 0.3 40 0 0 4737 0.5 50 0 0 120 55.6 45.7 45.7
5137 0.3 40 0 0 4737 0.5 50 0 0 150 55.4 46.0 46.0
5137 0.3 40 0 0 4737 0.5 50 0 0 180 55.3 45.9 45.9
5137 0.3 40 0 0 4737 0.5 60 0 0 0 54.2 45.9 45.9
5137 0.3 40 0 0 4737 0.5 60 0 0 30 54.3 45.9 45.9
5137 0.3 40 0 0 4737 0.5 60 0 0 60 54.4 46.1 46.1
5137 0.3 40 0 0 4737 0.5 60 0 0 90 54.2 46.3 46.3
5137 0.3 40 0 0 4737 0.5 60 0 0 120 54.1 46.4 46.4
5137 0.3 40 0 0 4737 0.5 60 0 0 150 53.6 46.8 46.8
5137 0.3 40 0 0 4737 0.5 60 0 0 180 53.3 46.6 46.6
5137 0.3 40 0 0 4937 0.0 0 0 0 0 61.2 53.7 53.7
5137 0.3 40 0 0 4937 0.0 0 0 0 30 61.7 54.4 54.4
5137 0.3 40 0 0 4937 0.0 0 0 0 60 62.1 54.7 54.7
5137 0.3 40 0 0 4937 0.0 0 0 0 90 62.2 54.6 54.6
5137 0.3 40 0 0 4937 0.0 0 0 0 120 62.3 54.3 54.3
5137 0.3 40 0 0 4937 0.0 0 0 0 150 62.0 53.7 53.7
5137 0.3 40 0 0 4937 0.0 0 0 0 180 61.7 53.0 53.0
5137 0.3 40 0 0 4937 0.0 10 0 0 0 61.2 53.0 53.0
5137 0.3 40 0 0 4937 0.0 10 0 0 30 61.7 53.7 53.7
5137 0.3 40 0 0 4937 0.0 10 0 0 60 62.0 54.1 54.1
5137 0.3 40 0 0 4937 0.0 10 0 0 90 62.2 54.1 54.1
5137 0.3 40 0 0 4937 0.0 10 0 0 120 62.2 53.9 53.9
5137 0.3 40 0 0 4937 0.0 10 0 0 150 62.0 53.5 53.5
5137 0.3 40 0 0 4937 0.0 10 0 0 180 61.7 52.7 52.7
5137 0.3 40 0 0 4937 0.0 20 0 0 0 61.0 51.5 51.5
5137 0.3 40 0 0 4937 0.0 20 0 0 30 61.5 52.3 52.3
5137 0.3 40 0 0 4937 0.0 20 0 0 60 61.8 52.6 52.6
5137 0.3 40 0 0 4937 0.0 20 0 0 90 62.0 52.7 52.7
5137 0.3 40 0 0 4937 0.0 20 0 0 120 62.0 52.6 52.6
5137 0.3 40 0 0 4937 0.0 20 0 0 150 61.8 52.2 52.2
5137 0.3 40 0 0 4937 0.0 20 0 0 180 61.5 51.6 51.6
5137 0.3 40 0 0 4937 0.0 30 0 0 0 60.7 48.7 48.7
5137 0.3 40 0 0 4937 0.0 30 0 0 30 61.2 49.2 49.2
5137 0.3 40 0 0 4937 0.0 30 0 0 60 61.5 49.5 49.5
5137 0.3 40 0 0 4937 0.0 30 0 0 90 61.7 49.6 49.6
5137 0.3 40 0 0 4937 0.0 30 0 0 120 61.7 49.5 49.5
5137 0.3 40 0 0 4937 0.0 30 0 0 150 61.5 49.2 49.2
5137 0.3 40 0 0 4937 0.0 30 0 0 180 61.2 48.7 48.7
5137 0.3 40 0 0 4937 0.0 40 0 0 0 60.2 48.3 48.3
5137 0.3 40 0 0 4937 0.0 40 0 0 30 60.7 48.9 48.9
5137 0.3 40 0 0 4937 0.0 40 0 0 60 61.0 49.4 49.4
5137 0.3 40 0 0 4937 0.0 40 0 0 90 61.2 49.5 49.5
5137 0.3 40 0 0 4937 0.0 40 0 0 120 61.2 49.5 49.5
5137 0.3 40 0 0 4937 0.0 40 0 0 150 61.0 49.2 49.2
5137 0.3 40 0 0 4937 0.0 40 0 0 180 60.7 48.6 48.6
5137 0.3 40 0 0 4937 0.0 50 0 0 0 59.4 48.6 48.6
5137 0.3 40 0 0 4937 0.0 50 0 0 30 60.0 49.3 49.3
5137 0.3 40 0 0 4937 0.0 50 0 0 60 60.3 50.0 50.0
5137 0.3 40 0 0 4937 0.0 50 0 0 90 60.4 50.4 50.4
5137 0.3 40 0 0 4937 0.0 50 0 0 120 60.4 50.3 50.3
5137 0.3 40 0 0 4937 0.0 50 0 0 150 60.2 50.0 50.0
5137 0.3 40 0 0 4937 0.0 50 0 0 180 59.9 49.5 49.5
5137 0.3 40 0 0 4937 0.0 60 0 0 0 58.1 49.5 49.5
5137 0.3 40 0 0 4937 0.0 60 0 0 30 58.7 50.2 50.2
5137 0.3 40 0 0 4937 0.0 60 0 0 60 59.0 51.0 51.0
5137 0.3 40 0 0 4937 0.0 60 0 0 90 59.1 51.7 51.7
5137 0.3 40 0 0 4937 0.0 60 0 0 120 59.0 51.9 51.9
5137 0.3 40 0 0 4937 0.0 60 0 0 150 58.9 51.8 51.8
5137 0.3 40 0 0 4937 0.0 60 0 0 180 58.6 51.2 51.2
5137 0.3 40 0 0 4937 0.1 0 0 0 0 60.6 52.8 52.8
5137 0.3 40 0 0 4937 0.1 0 0 0 30 61.1 53.4 53.4
5137 0.3 40 0 0 4937 0.1 0 0 0 60 61.4 53.9 53.9
5137 0.3 40 0 0 4937 0.1 0 0 0 90 61.6 53.9 53.9
5137 0.3 40 0 0 4937 0.1 0 0 0 120 61.6 53.7 53.7
5137 0.3 40 0 0 4937 0.1 0 0 0 150 61.4 53.2 53.2
5137 0.3 40 0 0 4937 0.1 0 0 0 180 61.1 52.3 52.3
5137 0.3 40 0 0 4937 0.1 10 0 0 0 60.6 52.2 52.2
5137 0.3 40 0 0 4937 0.1 10 0 0 30 61.0 52.8 52.8
5137 0.3 40 0 0 4937 0.1 10 0 0 60 61.3 53.3 53.3
5137 0.3 40 0 0 4937 0.1 10 0 0 90 61.5 53.4 53.4
5137 0.3 40 0 0 4937 0.1 10 0 0 120 61.5 53.3 53.3
5137 0.3 40 0 0 4937 0.1 10 0 0 150 61.3 52.8 52.8
5137 0.3 40 0 0 4937 0.1 10 0 0 180 61.0 52.0 52.0
5137 0.3 40 0 0 4937 0.1 20 0 0 0 60.4 50.7 50.7
5137 0.3 40 0 0 4937 0.1 20 0 0 30 60.8 51.4 51.4
5137 0.3 40 0 0 4937 0.1 20 0 0 60 61.2 51.9 51.9
5137 0.3 40 0 0 4937 0.1 20 0 0 90 61.3 52.0 52.0
5137 0.3 40 0 0 4937 0.1 20 0 0 120 61.3 51.9 51.9
5137 0.3 40 0 0 4937 0.1 20 0 0 150 61.1 51.5 51.5
5137 0.3 40 0 0 4937 0.1 20 0 0 180 60.8 50.7 50.7
5137 0.3 40 0 0 4937 0.1 30 0 0 0 60.1 47.8 47.8
5137 0.3 40 0 0 4937 0.1 30 0 0 30 60.5 48.4 48.4
5137 0.3 40 0 0 4937 0.1 30 0 0 60 60.9 48.8 48.8
5137 0.3 40 0 0 4937 0.1 30 0 0 90 61.0 49.0 49.0
5137 0.3 40 0 0 4937 0.1 30 0 0 120 61.0 48.9 48.9
5137 0.3 40 0 0 4937 0.1 30 0 0 150 60.8 48.5 48.5
5137 0.3 40 0 0 4937 0.1 30 0 0 180 60.5 47.8 47.8
5137 0.3 40 0 0 4937 0.1 40 0 0 0 59.6 47.5 47.5
5137 0.3 40 0 0 4937 0.1 40 0 0 30 60.1 48.1 48.1
5137 0.3 40 0 0 4937 0.1 40 0 0 60 60.4 48.7 48.7
5137 0.3 40 0 0 4937 0.1 40 0 0 90 60.5 49.0 49.0
5137 0.3 40 0 0 4937 0.1 40 0 0 120 60.5 48.9 48.9
5137 0.3 40 0 0 4937 0.1 40 0 0 150 60.3 48.5 48.5
5137 0.3 40 0 0 4937 0.1 40 0 0 180 59.9 47.8 47.8
5137 0.3 40 0 0 4937 0.1 50 0 0 0 58.8 47.7 47.7
5137 0.3 40 0 0 4937 0.1 50 0 0 30 59.3 48.3 48.3
5137 0.3 40 0 0 4937 0.1 50 0 0 60 59.6 49.1 49.1
5137 0.3 40 0 0 4937 0.1 50 0 0 90 59.7 49.7 49.7
5137 0.3 40 0 0 4937 0.1 50 0 0 120 59.7 49.8 49.8
5137 0.3 40 0 0 4937 0.1 50 0 0 150 59.5 49.6 49.6
5137 0.3 40 0 0 4937 0.1 50 0 0 180 59.1 48.9 48.9
5137 0.3 40 0 0 4937 0.1 60 0 0 0 57.5 48.7 48.7
5137 0.3 40 0 0 4937 0.1 60 0 0 30 58.0 49.2 49.2
5137 0.3 40 0 0 4937 0.1 60 0 0 60 58.2 49.9 49.9
5137 0.3 40 0 0 4937 0.1 60 0 0 90 58.3 50.6 50.6
5137 0.3 40 0 0 4937 0.1 60 0 0 120 58.3 51.1 51.1
5137 0.3 40 0 0 4937 0.1 60 0 0 150 58.2 51.2 51.2
5137 0.3 40 0 0 4937 0.1 60 0 0 180 57.9 50.6 50.6
5137 0.3 40 0 0 4937 0.2 0 0 0 0 60.1 52.0 52.0
5137 0.3 40 0 0 4937 0.2 0 0 0 30 60.5 52.5 52.5
5137 0.3 40 0 0 4937 0.2 0 0 0 60 60.7 53.0 53.0
5137 0.3 40 0 0 4937 0.2 0 0 0 90 60.9 53.2 53.2
5137 0.3 40 0 0 4937 0.2 0 0 0 120 61.0 53.1 53.1
5137 0.3 40 0 0 4937 0.2 0 0 0 150 60.8 52.6 52.6
5137 0.3 40 0 0 4937 0.2 0 0 0 180 60.4 51.5 51.5
5137 0.3 40 0 0 4937 0.2 10 0 0 0 60.1 51.4 51.4
5137 0.3 40 0 0 4937 0.2 10 0 0 30 60.4 51.9 51.9
5137 0.3 40 0 0 4937 0.2 10 0 0 60 60.7 52.4 52.4
5137 0.3 40 0 0 4937 0.2 10 0 0 90 60.9 52.7 52.7
5137 0.3 40 0 0 4937 0.2 10 0 0 120 60.9 52.6 52.6
5137 0.3 40 0 0 4937 0.2 10 0 0 150 60.7 52.2 52.2
5137 0.3 40 0 0 4937 0.2 10 0 0 180 60.3 51.1 51.1
5137 0.3 40 0 0 4937 0.2 20 0 0 0 59.9 49.8 49.8
5137 0.3 40 0 0 4937 0.2 20 0 0 30 60.2 50.4 50.4
5137 0.3 40 0 0 4937 0.2 20 0 0 60 60.5 51.1 51.1
5137 0.3 40 0 0 4937 0.2 20 0 0 90 60.7 51.3 51.3
5137 0.3 40 0 0 4937 0.2 20 0 0 120 60.7 51.2 51.2
5137 0.3 40 0 0 4937 0.2 20 0 0 150 60.5 50.8 50.8
5137 0.3 40 0 0 4937 0.2 20 0 0 180 60.1 49.8 49.8
5137 0.3 40 0 0 4937 0.2 30 0 0 0 59.5 47.0 47.0
5137 0.3 40 0 0 4937 0.2 30 0 0 30 59.9 47.6 47.6
5137 0.3 40 0 0 4937 0.2 30 0 0 60 60.2 48.2 48.2
5137 0.3 40 0 0 4937 0.2 30 0 0 90 60.3 48.5 48.5
5137 0.3 40 0 0 4937 0.2 30 0 0 120 60.4 48.5 48.5
5137 0.3 40 0 0 4937 0.2 30 0 0 150 60.1 48.1 48.1
5137 0.3 40 0 0 4937 0.2 30 0 0 180 59.7 47.2 47.2
5137 0.3 40 0 0 4937 0.2 40 0 0 0 59.0 46.7 46.7
5137 0.3 40 0 0 4937 0.2 40 0 0 30 59.4 47.3 47.3
5137 0.3 40 0 0 4937 0.2 40 0 0 60 59.7 47.9 47.9
5137 0.3 40 0 0 4937 0.2 40 0 0 90 59.8 48.5 48.5
5137 0.3 40 0 0 4937 0.2 40 0 0 120 59.9 48.6 48.6
5137 0.3 40 0 0 4937 0.2 40 0 0 150 59.6 48.2 48.2
5137 0.3 40 0 0 4937 0.2 40 0 0 180 59.2 47.3 47.3
5137 0.3 40 0 0 4937 0.2 50 0 0 0 58.2 46.9 46.9
5137 0.3 40 0 0 4937 0.2 50 0 0 30 58.6 47.4 47.4
5137 0.3 40 0 0 4937 0.2 50 0 0 60 58.9 48.2 48.2
5137 0.3 40 0 0 4937 0.2 50 0 0 90 59.0 48.9 48.9
5137 0.3 40 0 0 4937 0.2 50 0 0 120 59.1 49.4 49.4
5137 0.3 40 0 0 4937 0.2 50 0 0 150 58.9 49.2 49.2
5137 0.3 40 0 0 4937 0.2 50 0 0 180 58.4 48.3 48.3
5137 0.3 40 0 0 4937 0.2 60 0 0 0 56.8 47.8 47.8
5137 0.3 40 0 0 4937 0.2 60 0 0 30 57.2 48.3 48.3
5137 0.3 40 0 0 4937 0.2 60 0 0 60 57.5 48.9 48.9
5137 0.3 40 0 0 4937 0.2 60 0 0 90 57.6 49.6 49.6
5137 0.3 40 0 0 4937 0.2 60 0 0 120 57.6 50.2 50.2
5137 0.3 40 0 0 4937 0.2 60 0 0 150 57.5 50.5 50.5
5137 0.3 40 0 0 4937 0.2 60 0 0 180 57.2 49.9 49.9
5137 0.3 40 0 0 4937 0.3 0 0 0 0 59.6 51.1 51.1
5137 0.3 40 0 0 4937 0.3 0 0 0 30 59.9 51.6 51.6
5137 0.3 40 0 0 4937 0.3 0 0 0 60 60.1 52.0 52.0
5137 0.3 40 0 0 4937 0.3 0 0 0 90 60.3 52.5 52.5
5137 0.3 40 0 0 4937 0.3 0 0 0 120 60.3 52.5 52.5
5137 0.3 40 0 0 4937 0.3 0 0 0 150 60.1 51.9 51.9
5137 0.3 40 0 0 4937 0.3 0 0 0 180 59.6 50.5 50.5
5137 0.3 40 0 0 4937 0.3 10 0 0 0 59.5 50.5 50.5
5137 0.3 40 0 0 4937 0.3 10 0 0 30 59.8 50.9 50.9
5137 0.3 40 0 0 4937 0.3 10 0 0 60 60.0 51.5 51.5
5137 0.3 40 0 0 4937 0.3 10 0 0 90 60.2 51.9 51.9
5137 0.3 40 0 0 4937 0.3 10 0 0 120 60.2 51.9 51.9
5137 0.3 40 0 0 4937 0.3 10 0 0 150 60.0 51.4 51.4
5137 0.3 40 0 0 4937 0.3 10 0 0 180 59.6 50.2 50.2
5137 0.3 40 0 0 4937 0.3 20 0 0 0 59.3 48.8 48.8
5137 0.3 40 0 0 4937 0.3 20 0 0 30 59.6 49.4 49.4
5137 0.3 40 0 0 4937 0.3 20 0 0 60 59.8 49.9 49.9
5137 0.3 40 0 0 4937 0.3 20 0 0 90 60.0 50.5 50.5
5137 0.3 40 0 0 4937 0.3 20 0 0 120 60.1 50.5 50.5
5137 0.3 40 0 0 4937 0.3 20 0 0 150 59.8 50.0 50.0
5137 0.3 40 0 0 4937 0.3 20 0 0 180 59.3 48.7 48.7
5137 0.3 40 0 0 4937 0.3 30 0 0 0 59.0 46.3 46.3
5137 0.3 40 0 0 4937 0.3 30 0 0 30 59.3 46.9 46.9
5137 0.3 40 0 0 4937 0.3 30 0 0 60 59.5 47.5 47.5
5137 0.3 40 0 0 4937 0.3 30 0 0 90 59.7 48.1 48.1
5137 0.3 40 0 0 4937 0.3 30 0 0 120 59.7 48.3 48.3
5137 0.3 40 0 0 4937 0.3 30 0 0 150 59.5 47.8 47.8
5137 0.3 40 0 0 4937 0.3 30 0 0 180 59.0 46.5 46.5
5137 0.3 40 0 0 4937 0.3 40 0 0 0 58.4 46.1 46.1
5137 0.3 40 0 0 4937 0.3 40 0 0 30 58.7 46.5 46.5
5137 0.3 40 0 0 4937 0.3 40 0 0 60 59.0 47.1 47.1
5137 0.3 40 0 0 4937 0.3 40 0 0 90 59.2 47.8 47.8
5137 0.3 40 0 0 4937 0.3 40 0 0 120 59.2 48.3 48.3
5137 0.3 40 0 0 4937 0.3 40 0 0 150 59.0 48.0 48.0
5137 0.3 40 0 0 4937 0.3 40 0 0 180 58.4 46.8 46.8
5137 0.3 40 0 0 4937 0.3 50 0 0 0 57.6 46.1 46.1
5137 0.3 40 0 0 4937 0.3 50 0 0 30 58.0 46.6 46.6
5137 0.3 40 0 0 4937 0.3 50 0 0 60 58.2 47.2 47.2
5137 0.3 40 0 0 4937 0.3 50 0 0 90 58.4 48.0 48.0
5137 0.3 40 0 0 4937 0.3 50 0 0 120 58.4 48.7 48.7
5137 0.3 40 0 0 4937 0.3 50 0 0 150 58.2 48.9 48.9
5137 0.3 40 0 0 4937 0.3 50 0 0 180 57.6 47.8 47.8
5137 0.3 40 0 0 4937 0.3 60 0 0 0 56.0 47.1 47.1
5137 0.3 40 0 0 4937 0.3 60 0 0 30 56.4 47.4 47.4
5137 0.3 40 0 0 4937 0.3 60 0 0 60 56.7 47.9 47.9
5137 0.3 40 0 0 4937 0.3 60 0 0 90 56.9 48.5 48.5
5137 0.3 40 0 0 4937 0.3 60 0 0 120 56.9 49.2 49.2
5137 0.3 40 0 0 4937 0.3 60 0 0 150 56.8 49.7 49.7
5137 0.3 40 0 0 4937 0.3 60 0 0 180 56.4 49.3 49.3
5137 0.3 40 0 0 4937 0.4 0 0 0 0 59.1 50.2 50.2
5137 0.3 40 0 0 4937 0.4 0 0 0 30 59.3 50.6 50.6
5137 0.3 40 0 0 4937 0.4 0 0 0 60 59.5 51.1 51.1
5137 0.3 40 0 0 4937 0.4 0 0 0 90 59.6 51.6 51.6
5137 0.3 40 0 0 4937 0.4 0 0 0 120 59.7 51.8 51.8
5137 0.3 40 0 0 4937 0.4 0 0 0 150 59.5 51.3 51.3
5137 0.3 40 0 0 4937 0.4 0 0 0 180 58.9 49.4 49.4
5137 0.3 40 0 0 4937 0.4 10 0 0 0 59.0 49.5 49.5
5137 0.3 40 0 0 4937 0.4 10 0 0 30 59.2 50.0 50.0
5137 0.3 40 0 0 4937 0.4 10 0 0 60 59.4 50.4 50.4
5137 0.3 40 0 0 4937 0.4 10 0 0 90 59.6 51.0 51.0
5137 0.3 40 0 0 4937 0.4 10 0 0 120 59.6 51.3 51.3
5137 0.3 40 0 0 4937 0.4 10 0 0 150 59.4 50.7 50.7
5137 0.3 40 0 0 4937 0.4 10 0 0 180 58.8 49.0 49.0
5137 0.3 40 0 0 4937 0.4 20 0 0 0 58.8 47.2 47.2
5137 0.3 40 0 0 4937 0.4 20 0 0 30 59.0 47.7 47.7
5137 0.3 40 0 0 4937 0.4 20 0 0 60 59.2 48.3 48.3
5137 0.3 40 0 0 4937 0.4 20 0 0 90 59.4 48.9 48.9
5137 0.3 40 0 0 4937 0.4 20 0 0 120 59.4 49.2 49.2
5137 0.3 40 0 0 4937 0.4 20 0 0 150 59.2 48.7 48.7
5137 0.3 40 0 0 4937 0.4 20 0 0 180 58.6 47.1 47.1
5137 0.3 40 0 0 4937 0.4 30 0 0 0 58.4 45.9 45.9
5137 0.3 40 0 0 4937 0.4 30 0 0 30 58.7 46.4 46.4
5137 0.3 40 0 0 4937 0.4 30 0 0 60 58.9 46.9 46.9
5137 0.3 40 0 0 4937 0.4 30 0 0 90 59.0 47.6 47.6
5137 0.3 40 0 0 4937 0.4 30 0 0 120 59.1 48.2 48.2
5137 0.3 40 0 0 4937 0.4 30 0 0 150 58.9 47.8 47.8
5137 0.3 40 0 0 4937 0.4 30 0 0 180 58.2 46.2 46.2
5137 0.3 40 0 0 4937 0.4 40 0 0 0 57.9 45.6 45.6
5137 0.3 40 0 0 4937 0.4 40 0 0 30 58.1 46.0 46.0
5137 0.3 40 0 0 4937 0.4 40 0 0 60 58.3 46.5 46.5
5137 0.3 40 0 0 4937 0.4 40 0 0 90 58.5 47.2 47.2
5137 0.3 40 0 0 4937 0.4 40 0 0 120 58.6 47.9 47.9
5137 0.3 40 0 0 4937 0.4 40 0 0 150 58.4 48.0 48.0
5137 0.3 40 0 0 4937 0.4 40 0 0 180 57.7 46.5 46.5
5137 0.3 40 0 0 4937 0.4 50 0 0 0 56.9 45.6 45.6
5137 0.3 40 0 0 4937 0.4 50 0 0 30 57.2 46.0 46.0
5137 0.3 40 0 0 4937 0.4 50 0 0 60 57.5 46.5 46.5
5137 0.3 40 0 0 4937 0.4 50 0 0 90 57.7 47.2 47.2
5137 0.3 40 0 0 4937 0.4 50 0 0 120 57.8 48.0 48.0
5137 0.3 40 0 0 4937 0.4 50 0 0 150 57.6 48.5 48.5
5137 0.3 40 0 0 4937 0.4 50 0 0 180 56.9 47.3 47.3
5137 0.3 40 0 0 4937 0.4 60 0 0 0 55.0 46.4 46.4
5137 0.3 40 0 0 4937 0.4 60 0 0 30 55.3 46.7 46.7
5137 0.3 40 0 0 4937 0.4 60 0 0 60 55.6 47.1 47.1
5137 0.3 40 0 0 4937 0.4 60 0 0 90 55.8 47.6 47.6
5137 0.3 40 0 0 4937 0.4 60 0 0 120 55.9 48.4 48.4
5137 0.3 40 0 0 4937 0.4 60 0 0 150 55.8 49.0 49.0
5137 0.3 40 0 0 4937 0.4 60 0 0 180 55.7 48.5 48.5
5137 0.3 40 0 0 4937 0.5 0 0 0 0 58.6 49.2 49.2
5137 0.3 40 0 0 4937 0.5 0 0 0 30 58.7 49.5 49.5
5137 0.3 40 0 0 4937 0.5 0 0 0 60 58.9 50.0 50.0
5137 0.3 40 0 0 4937 0.5 0 0 0 90 59.1 50.5 50.5
5137 0.3 40 0 0 4937 0.5 0 0 0 120 59.2 51.0 51.0
5137 0.3 40 0 0 4937 0.5 0 0 0 150 58.9 50.4 50.4
5137 0.3 40 0 0 4937 0.5 0 0 0 180 58.0 47.9 47.9
5137 0.3 40 0 0 4937 0.5 10 0 0 0 58.5 48.2 48.2
5137 0.3 40 0 0 4937 0.5 10 0 0 30 58.6 48.6 48.6
5137 0.3 40 0 0 4937 0.5 10 0 0 60 58.8 49.0 49.0
5137 0.3 40 0 0 4937 0.5 10 0 0 90 59.0 49.6 49.6
5137 0.3 40 0 0 4937 0.5 10 0 0 120 59.1 50.2 50.2
5137 0.3 40 0 0 4937 0.5 10 0 0 150 58.9 49.6 49.6
5137 0.3 40 0 0 4937 0.5 10 0 0 180 58.0 47.3 47.3
5137 0.3 40 0 0 4937 0.5 20 0 0 0 58.2 46.6 46.6
5137 0.3 40 0 0 4937 0.5 20 0 0 30 58.4 47.0 47.0
5137 0.3 40 0 0 4937 0.5 20 0 0 60 58.6 47.5 47.5
5137 0.3 40 0 0 4937 0.5 20 0 0 90 58.8 48.1 48.1
5137 0.3 40 0 0 4937 0.5 20 0 0 120 58.9 48.8 48.8
5137 0.3 40 0 0 4937 0.5 20 0 0 150 58.7 48.4 48.4
5137 0.3 40 0 0 4937 0.5 20 0 0 180 57.8 46.2 46.2
5137 0.3 40 0 0 4937 0.5 30 0 0 0 57.8 45.7 45.7
5137 0.3 40 0 0 4937 0.5 30 0 0 30 58.0 46.1 46.1
5137 0.3 40 0 0 4937 0.5 30 0 0 60 58.2 46.5 46.5
5137 0.3 40 0 0 4937 0.5 30 0 0 90 58.4 47.2 47.2
5137 0.3 40 0 0 4937 0.5 30 0 0 120 58.6 48.0 48.0
5137 0.3 40 0 0 4937 0.5 30 0 0 150 58.4 48.0 48.0
5137 0.3 40 0 0 4937 0.5 30 0 0 180 57.4 45.9 45.9
5137 0.3 40 0 0 4937 0.5 40 0 0 0 57.2 45.3 45.3
5137 0.3 40 0 0 4937 0.5 40 0 0 30 57.4 45.7 45.7
5137 0.3 40 0 0 4937 0.5 40 0 0 60 57.6 46.1 46.1
5137 0.3 40 0 0 4937 0.5 40 0 0 90 57.9 46.7 46.7
5137 0.3 40 0 0 4937 0.5 40 0 0 120 58.1 47.5 47.5
5137 0.3 40 0 0 4937 0.5 40 0 0 150 57.8 48.0 48.0
5137 0.3 40 0 0 4937 0.5 40 0 0 180 56.8 46.2 46.2
5137 0.3 40 0 0 4937 0.5 50 0 0 0 56.2 45.3 45.3
5137 0.3 40 0 0 4937 0.5 50 0 0 30 56.4 45.6 45.6
5137 0.3 40 0 0 4937 0.5 50 0 0 60 56.7 45.9 45.9
5137 0.3 40 0 0 4937 0.5 50 0 0 90 56.9 46.5 46.5
5137 0.3 40 0 0 4937 0.5 50 0 0 120 57.2 47.4 47.4
5137 0.3 40 0 0 4937 0.5 50 0 0 150 56.9 48.2 48.2
5137 0.3 40 0 0 4937 0.5 50 0 0 180 56.1 46.9 46.9
5137 0.3 40 0 0 4937 0.5 60 0 0 0 54.2 45.8 45.8
5137 0.3 40 0 0 4937 0.5 60 0 0 30 54.4 46.1 46.1
5137 0.3 40 0 0 4937 0.5 60 0 0 60 54.7 46.4 46.4
5137 0.3 40 0 0 4937 0.5 60 0 0 90 55.0 46.8 46.8
5137 0.3 40 0 0 4937 0.5 60 0 0 120 55.2 47.6 47.6
5137 0.3 40 0 0 4937 0.5 60 0 0 150 55.1 48.3 48.3
5137 0.3 40 0 0 4937 0.5 60 0 0 180 54.7 47.9 47.9
5137 0.3 40 0 0 5137 0.0 0 0 0 0 45.1 42.0 42.0
5137 0.3 40 0 0 5137 0.0 0 0 0 30 48.6 46.6 46.6
5137 0.3 40 0 0 5137 0.0 0 0 0 60 56.8 52.1 52.1
5137 0.3 40 0 0 5137 0.0 0 0 0 90 64.9 58.1 58.1
5137 0.3 40 0 0 5137 0.0 0 0 0 120 70.9 63.4 63.4
5137 0.3 40 0 0 5137 0.0 0 0 0 150 74.8 63.7 63.7
5137 0.3 40 0 0 5137 0.0 0 0 0 180 76.2 62.4 62.4
5137 0.3 40 0 0 5137 0.0 10 0 0 0 45.0 41.0 41.0
5137 0.3 40 0 0 5137 0.0 10 0 0 30 48.5 45.4 45.4
5137 0.3 40 0 0 5137 0.0 10 0 0 60 56.7 51.2 51.2
5137 0.3 40 0 0 5137 0.0 10 0 0 90 64.8 57.4 57.4
5137 0.3 40 0 0 5137 0.0 10 0 0 120 70.9 62.5 62.5
5137 0.3 40 0 0 5137 0.0 10 0 0 150 74.7 63.4 63.4
5137 0.3 40 0 0 5137 0.0 10 0 0 180 76.2 62.9 62.9
5137 0.3 40 0 0 5137 0.0 20 0 0 0 44.9 39.5 39.5
5137 0.3 40 0 0 5137 0.0 20 0 0 30 48.3 43.4 43.4
5137 0.3 40 0 0 5137 0.0 20 0 0 60 56.4 49.5 49.5
5137 0.3 40 0 0 5137 0.0 20 0 0 90 64.6 55.8 55.8
5137 0.3 40 0 0 5137 0.0 20 0 0 120 70.7 60.6 60.6
5137 0.3 40 0 0 5137 0.0 20 0 0 150 74.5 62.2 62.2
5137 0.3 40 0 0 5137 0.0 20 0 0 180 75.9 62.3 62.3
5137 0.3 40 0 0 5137 0.0 30 0 0 0 44.6 36.6 36.6
5137 0.3 40 0 0 5137 0.0 30 0 0 30 47.9 39.6 39.6
5137 0.3 40 0 0 5137 0.0 30 0 0 60 56.1 45.8 45.8
5137 0.3 40 0 0 5137 0.0 30 0 0 90 64.3 52.1 52.1
5137 0.3 40 0 0 5137 0.0 30 0 0 120 70.5 56.7 56.7
5137 0.3 40 0 0 5137 0.0 30 0 0 150 74.1 59.0 59.0
5137 0.3 40 0 0 5137 0.0 30 0 0 180 75.4 59.2 59.2
5137 0.3 40 0 0 5137 0.0 40 0 0 0 44.3 36.3 36.3
5137 0.3 40 0 0 5137 0.0 40 0 0 30 47.3 39.0 39.0
5137 0.3 40 0 0 5137 0.0 40 0 0 60 55.5 45.1 45.1
5137 0.3 40 0 0 5137 0.0 40 0 0 90 63.8 51.2 51.2
5137 0.3 40 0 0 5137 0.0 40 0 0 120 69.9 55.8 55.8
5137 0.3 40 0 0 5137 0.0 40 0 0 150 73.4 58.5 58.5
5137 0.3 40 0 0 5137 0.0 40 0 0 180 74.7 59.0 59.0
5137 0.3 40 0 0 5137 0.0 50 0 0 0 43.7 36.8 36.8
5137 0.3 40 0 0 5137 0.0 50 0 0 30 46.6 39.5 39.5
5137 0.3 40 0 0 5137 0.0 50 0 0 60 54.8 45.2 45.2
5137 0.3 40 0 0 5137 0.0 50 0 0 90 63.1 51.2 51.2
5137 0.3 40 0 0 5137 0.0 50 0 0 120 69.1 56.0 56.0
5137 0.3 40 0 0 5137 0.0 50 0 0 150 72.2 59.0 59.0
5137 0.3 40 0 0 5137 0.0 50 0 0 180 73.5 59.9 59.9
5137 0.3 40 0 0 5137 0.0 60 0 0 0 42.9 37.7 37.7
5137 0.3 40 0 0 5137 0.0 60 0 0 30 45.9 40.5 40.5
5137 0.3 40 0 0 5137 0.0 60 0 0 60 53.7 46.0 46.0
5137 0.3 40 0 0 5137 0.0 60 0 0 90 61.8 51.9 51.9
5137 0.3 40 0 0 5137 0.0 60 0 0 120 67.4 56.8 56.8
5137 0.3 40 0 0 5137 0.0 60 0 0 150 70.4 60.1 60.1
5137 0.3 40 0 0 5137 0.0 60 0 0 180 71.7 61.7 61.7
5137 0.3 40 0 0 5137 0.1 0 0 0 0 43.1 41.0 41.0
5137 0.3 40 0 0 5137 0.1 0 0 0 30 47.0 44.6 44.6
5137 0.3 40 0 0 5137 0.1 0 0 0 60 54.1 49.6 49.6
5137 0.3 40 0 0 5137 0.1 0 0 0 90 61.9 55.4 55.4
5137 0.3 40 0 0 5137 0.1 0 0 0 120 68.4 61.6 61.6
5137 0.3 40 0 0 5137 0.1 0 0 0 150 73.2 63.4 63.4
5137 0.3 40 0 0 5137 0.1 0 0 0 180 75.6 61.5 61.5
5137 0.3 40 0 0 5137 0.1 10 0 0 0 43.0 39.4 39.4
5137 0.3 40 0 0 5137 0.1 10 0 0 30 46.9 43.4 43.4
5137 0.3 40 0 0 5137 0.1 10 0 0 60 54.0 48.6 48.6
5137 0.3 40 0 0 5137 0.1 10 0 0 90 61.8 54.6 54.6
5137 0.3 40 0 0 5137 0.1 10 0 0 120 68.4 60.4 60.4
5137 0.3 40 0 0 5137 0.1 10 0 0 150 73.2 63.2 63.2
5137 0.3 40 0 0 5137 0.1 10 0 0 180 75.5 62.0 62.0
5137 0.3 40 0 0 5137 0.1 20 0 0 0 42.8 37.6 37.6
5137 0.3 40 0 0 5137 0.1 20 0 0 30 46.6 41.4 41.4
5137 0.3 40 0 0 5137 0.1 20 0 0 60 53.8 46.8 46.8
5137 0.3 40 0 0 5137 0.1 20 0 0 90 61.6 52.9 52.9
5137 0.3 40 0 0 5137 0.1 20 0 0 120 68.2 58.4 58.4
5137 0.3 40 0 0 5137 0.1 20 0 0 150 73.0 61.6 61.6
5137 0.3 40 0 0 5137 0.1 20 0 0 180 75.3 61.7 61.7
5137 0.3 40 0 0 5137 0.1 30 0 0 0 42.5 34.4 34.4
5137 0.3 40 0 0 5137 0.1 30 0 0 30 46.2 37.6 37.6
5137 0.3 40 0 0 5137 0.1 30 0 0 60 53.4 43.1 43.1
5137 0.3 40 0 0 5137 0.1 30 0 0 90 61.2 49.1 49.1
5137 0.3 40 0 0 5137 0.1 30 0 0 120 67.9 54.4 54.4
5137 0.3 40 0 0 5137 0.1 30 0 0 150 72.5 58.0 58.0
5137 0.3 40 0 0 5137 0.1 30 0 0 180 74.9 59.0 59.0
5137 0.3 40 0 0 5137 0.1 40 0 0 0 42.1 34.4 34.4
5137 0.3 40 0 0 5137 0.1 40 0 0 30 45.7 37.0 37.0
5137 0.3 40 0 0 5137 0.1 40 0 0 60 52.9 42.3 42.3
5137 0.3 40 0 0 5137 0.1 40 0 0 90 60.7 48.2 48.2
5137 0.3 40 0 0 5137 0.1 40 0 0 120 67.5 53.4 53.4
5137 0.3 40 0 0 5137 0.1 40 0 0 150 71.9 57.2 57.2
5137 0.3 40 0 0 5137 0.1 40 0 0 180 74.2 58.8 58.8
5137 0.3 40 0 0 5137 0.1 50 0 0 0 41.5 34.8 34.8
5137 0.3 40 0 0 5137 0.1 50 0 0 30 45.0 37.4 37.4
5137 0.3 40 0 0 5137 0.1 50 0 0 60 52.2 42.4 42.4
5137 0.3 40 0 0 5137 0.1 50 0 0 90 60.0 48.0 48.0
5137 0.3 40 0 0 5137 0.1 50 0 0 120 66.7 53.4 53.4
5137 0.3 40 0 0 5137 0.1 50 0 0 150 70.8 57.4 57.4
5137 0.3 40 0 0 5137 0.1 50 0 0 180 73.1 59.7 59.7
5137 0.3 40 0 0 5137 0.1 60 0 0 0 40.8 36.1 36.1
5137 0.3 40 0 0 5137 0.1 60 0 0 30 44.0 38.4 38.4
5137 0.3 40 0 0 5137 0.1 60 0 0 60 51.1 43.0 43.0
5137 0.3 40 0 0 5137 0.1 60 0 0 90 58.9 48.6 48.6
5137 0.3 40 0 0 5137 0.1 60 0 0 120 65.2 54.0 54.0
5137 0.3 40 0 0 5137 0.1 60 0 0 150 68.9 58.3 58.3
5137 0.3 40 0 0 5137 0.1 60 0 0 180 71.1 61.3 61.3
5137 0.3 40 0 0 5137 0.2 0 0 0 0 41.3 40.8 40.8
5137 0.3 40 0 0 5137 0.2 0 0 0 30 45.7 42.8 42.8
5137 0.3 40 0 0 5137 0.2 0 0 0 60 51.7 47.0 47.0
5137 0.3 40 0 0 5137 0.2 0 0 0 90 58.8 52.5 52.5
5137 0.3 40 0 0 5137 0.2 0 0 0 120 65.7 59.1 59.1
5137 0.3 40 0 0 5137 0.2 0 0 0 150 71.4 62.8 62.8
5137 0.3 40 0 0 5137 0.2 0 0 0 180 74.3 60.4 60.4
5137 0.3 40 0 0 5137 0.2 10 0 0 0 41.2 38.6 38.6
5137 0.3 40 0 0 5137 0.2 10 0 0 30 45.6 41.6 41.6
5137 0.3 40 0 0 5137 0.2 10 0 0 60 51.6 46.1 46.1
5137 0.3 40 0 0 5137 0.2 10 0 0 90 58.7 51.6 51.6
5137 0.3 40 0 0 5137 0.2 10 0 0 120 65.7 57.9 57.9
5137 0.3 40 0 0 5137 0.2 10 0 0 150 71.4 62.0 62.0
5137 0.3 40 0 0 5137 0.2 10 0 0 180 74.2 61.0 61.0
5137 0.3 40 0 0 5137 0.2 20 0 0 0 40.9 36.1 36.1
5137 0.3 40 0 0 5137 0.2 20 0 0 30 45.3 39.6 39.6
5137 0.3 40 0 0 5137 0.2 20 0 0 60 51.4 44.2 44.2
5137 0.3 40 0 0 5137 0.2 20 0 0 90 58.5 49.9 49.9
5137 0.3 40 0 0 5137 0.2 20 0 0 120 65.5 55.8 55.8
5137 0.3 40 0 0 5137 0.2 20 0 0 150 71.2 60.2 60.2
5137 0.3 40 0 0 5137 0.2 20 0 0 180 74.0 60.7 60.7
5137 0.3 40 0 0 5137 0.2 30 0 0 0 40.5 32.4 32.4
5137 0.3 40 0 0 5137 0.2 30 0 0 30 44.9 35.9 35.9
5137 0.3 40 0 0 5137 0.2 30 0 0 60 51.0 40.7 40.7
5137 0.3 40 0 0 5137 0.2 30 0 0 90 58.1 46.2 46.2
5137 0.3 40 0 0 5137 0.2 30 0 0 120 65.2 51.9 51.9
5137 0.3 40 0 0 5137 0.2 30 0 0 150 70.7 56.5 56.5
5137 0.3 40 0 0 5137 0.2 30 0 0 180 73.6 58.6 58.6
5137 0.3 40 0 0 5137 0.2 40 0 0 0 40.0 32.4 32.4
5137 0.3 40 0 0 5137 0.2 40 0 0 30 44.4 35.2 35.2
5137 0.3 40 0 0 5137 0.2 40 0 0 60 50.5 39.8 39.8
5137 0.3 40 0 0 5137 0.2 40 0 0 90 57.6 45.2 45.2
5137 0.3 40 0 0 5137 0.2 40 0 0 120 64.8 50.8 50.8
5137 0.3 40 0 0 5137 0.2 40 0 0 150 70.1 55.7 55.7
5137 0.3 40 0 0 5137 0.2 40 0 0 180 72.9 58.7 58.7
5137 0.3 40 0 0 5137 0.2 50 0 0 0 39.4 32.9 32.9
5137 0.3 40 0 0 5137 0.2 50 0 0 30 43.7 35.5 35.5
5137 0.3 40 0 0 5137 0.2 50 0 0 60 49.7 39.8 39.8
5137 0.3 40 0 0 5137 0.2 50 0 0 90 56.8 45.0 45.0
5137 0.3 40 0 0 5137 0.2 50 0 0 120 64.0 50.7 50.7
5137 0.3 40 0 0 5137 0.2 50 0 0 150 69.0 55.8 55.8
5137 0.3 40 0 0 5137 0.2 50 0 0 180 71.7 59.4 59.4
5137 0.3 40 0 0 5137 0.2 60 0 0 0 39.2 34.6 34.6
5137 0.3 40 0 0 5137 0.2 60 0 0 30 42.6 36.6 36.6
5137 0.3 40 0 0 5137 0.2 60 0 0 60 48.7 40.4 40.4
5137 0.3 40 0 0 5137 0.2 60 0 0 90 55.8 45.3 45.3
5137 0.3 40 0 0 5137 0.2 60 0 0 120 62.6 51.1 51.1
5137 0.3 40 0 0 5137 0.2 60 0 0 150 67.2 56.5 56.5
5137 0.3 40 0 0 5137 0.2 60 0 0 180 69.7 60.6 60.6
5137 0.3 40 0 0 5137 0.3 0 0 0 0 40.4 40.6 40.6
5137 0.3 40 0 0 5137 0.3 0 0 0 30 44.5 41.8 41.8
5137 0.3 40 0 0 5137 0.3 0 0 0 60 49.5 44.6 44.6
5137 0.3 40 0 0 5137 0.3 0 0 0 90 55.8 49.5 49.5
5137 0.3 40 0 0 5137 0.3 0 0 0 120 62.9 56.1 56.1
5137 0.3 40 0 0 5137 0.3 0 0 0 150 69.4 61.2 61.2
5137 0.3 40 0 0 5137 0.3 0 0 0 180 72.8 59.2 59.2
5137 0.3 40 0 0 5137 0.3 10 0 0 0 40.3 38.4 38.4
5137 0.3 40 0 0 5137 0.3 10 0 0 30 44.4 40.1 40.1
5137 0.3 40 0 0 5137 0.3 10 0 0 60 49.4 43.6 43.6
5137 0.3 40 0 0 5137 0.3 10 0 0 90 55.6 48.6 48.6
5137 0.3 40 0 0 5137 0.3 10 0 0 120 62.8 54.9 54.9
5137 0.3 40 0 0 5137 0.3 10 0 0 150 69.3 60.3 60.3
5137 0.3 40 0 0 5137 0.3 10 0 0 180 72.7 59.8 59.8
5137 0.3 40 0 0 5137 0.3 20 0 0 0 39.9 35.5 35.5
5137 0.3 40 0 0 5137 0.3 20 0 0 30 44.2 37.8 37.8
5137 0.3 40 0 0 5137 0.3 20 0 0 60 49.1 41.7 41.7
5137 0.3 40 0 0 5137 0.3 20 0 0 90 55.4 46.7 46.7
5137 0.3 40 0 0 5137 0.3 20 0 0 120 62.6 52.7 52.7
5137 0.3 40 0 0 5137 0.3 20 0 0 150 69.1 58.3 58.3
5137 0.3 40 0 0 5137 0.3 20 0 0 180 72.4 59.5 59.5
5137 0.3 40 0 0 5137 0.3 30 0 0 0 39.4 31.5 31.5
5137 0.3 40 0 0 5137 0.3 30 0 0 30 43.8 34.5 34.5
5137 0.3 40 0 0 5137 0.3 30 0 0 60 48.8 38.5 38.5
5137 0.3 40 0 0 5137 0.3 30 0 0 90 55.0 43.4 43.4
5137 0.3 40 0 0 5137 0.3 30 0 0 120 62.3 49.2 49.2
5137 0.3 40 0 0 5137 0.3 30 0 0 150 68.7 55.0 55.0
5137 0.3 40 0 0 5137 0.3 30 0 0 180 71.9 57.9 57.9
5137 0.3 40 0 0 5137 0.3 40 0 0 0 38.9 30.7 30.7
5137 0.3 40 0 0 5137 0.3 40 0 0 30 43.3 33.7 33.7
5137 0.3 40 0 0 5137 0.3 40 0 0 60 48.2 37.6 37.6
5137 0.3 40 0 0 5137 0.3 40 0 0 90 54.5 42.4 42.4
5137 0.3 40 0 0 5137 0.3 40 0 0 120 61.8 48.2 48.2
5137 0.3 40 0 0 5137 0.3 40 0 0 150 68.0 54.1 54.1
5137 0.3 40 0 0 5137 0.3 40 0 0 180 71.2 58.1 58.1
5137 0.3 40 0 0 5137 0.3 50 0 0 0 38.4 31.5 31.5
5137 0.3 40 0 0 5137 0.3 50 0 0 30 42.6 33.8 33.8
5137 0.3 40 0 0 5137 0.3 50 0 0 60 47.5 37.4 37.4
5137 0.3 40 0 0 5137 0.3 50 0 0 90 53.8 42.1 42.1
5137 0.3 40 0 0 5137 0.3 50 0 0 120 61.1 47.9 47.9
5137 0.3 40 0 0 5137 0.3 50 0 0 150 66.9 53.9 53.9
5137 0.3 40 0 0 5137 0.3 50 0 0 180 70.0 58.7 58.7
5137 0.3 40 0 0 5137 0.3 60 0 0 0 38.6 33.4 33.4
5137 0.3 40 0 0 5137 0.3 60 0 0 30 41.7 35.0 35.0
5137 0.3 40 0 0 5137 0.3 60 0 0 60 46.4 38.0 38.0
5137 0.3 40 0 0 5137 0.3 60 0 0 90 52.7 42.3 42.3
5137 0.3 40 0 0 5137 0.3 60 0 0 120 59.7 48.0 48.0
5137 0.3 40 0 0 5137 0.3 60 0 0 150 65.1 54.3 54.3
5137 0.3 40 0 0 5137 0.3 60 0 0 180 68.0 59.7 59.7
5137 0.3 40 0 0 5137 0.4 0 0 0 0 41.2 40.4 40.4
5137 0.3 40 0 0 5137 0.4 0 0 0 30 43.6 41.5 41.5
5137 0.3 40 0 0 5137 0.4 0 0 0 60 47.5 43.2 43.2
5137 0.3 40 0 0 5137 0.4 0 0 0 90 52.8 46.5 46.5
5137 0.3 40 0 0 5137 0.4 0 0 0 120 59.8 52.8 52.8
5137 0.3 40 0 0 5137 0.4 0 0 0 150 67.1 59.1 59.1
5137 0.3 40 0 0 5137 0.4 0 0 0 180 71.0 57.9 57.9
5137 0.3 40 0 0 5137 0.4 10 0 0 0 41.1 38.3 38.3
5137 0.3 40 0 0 5137 0.4 10 0 0 30 43.5 39.6 39.6
5137 0.3 40 0 0 5137 0.4 10 0 0 60 47.4 41.5 41.5
5137 0.3 40 0 0 5137 0.4 10 0 0 90 52.7 45.5 45.5
5137 0.3 40 0 0 5137 0.4 10 0 0 120 59.7 51.6 51.6
5137 0.3 40 0 0 5137 0.4 10 0 0 150 67.0 58.2 58.2
5137 0.3 40 0 0 5137 0.4 10 0 0 180 70.9 58.5 58.5
5137 0.3 40 0 0 5137 0.4 20 0 0 0 40.8 35.0 35.0
5137 0.3 40 0 0 5137 0.4 20 0 0 30 43.2 36.5 36.5
5137 0.3 40 0 0 5137 0.4 20 0 0 60 47.1 38.9 38.9
5137 0.3 40 0 0 5137 0.4 20 0 0 90 52.5 43.1 43.1
5137 0.3 40 0 0 5137 0.4 20 0 0 120 59.6 49.0 49.0
5137 0.3 40 0 0 5137 0.4 20 0 0 150 66.8 55.6 55.6
5137 0.3 40 0 0 5137 0.4 20 0 0 180 70.6 57.7 57.7
5137 0.3 40 0 0 5137 0.4 30 0 0 0 40.5 32.1 32.1
5137 0.3 40 0 0 5137 0.4 30 0 0 30 42.8 33.6 33.6
5137 0.3 40 0 0 5137 0.4 30 0 0 60 46.8 36.5 36.5
5137 0.3 40 0 0 5137 0.4 30 0 0 90 52.1 40.7 40.7
5137 0.3 40 0 0 5137 0.4 30 0 0 120 59.2 46.5 46.5
5137 0.3 40 0 0 5137 0.4 30 0 0 150 66.3 53.2 53.2
5137 0.3 40 0 0 5137 0.4 30 0 0 180 70.1 56.9 56.9
5137 0.3 40 0 0 5137 0.4 40 0 0 0 40.1 31.2 31.2
5137 0.3 40 0 0 5137 0.4 40 0 0 30 42.3 32.6 32.6
5137 0.3 40 0 0 5137 0.4 40 0 0 60 46.2 35.7 35.7
5137 0.3 40 0 0 5137 0.4 40 0 0 90 51.5 39.8 39.8
5137 0.3 40 0 0 5137 0.4 40 0 0 120 58.7 45.4 45.4
5137 0.3 40 0 0 5137 0.4 40 0 0 150 65.6 52.3 52.3
5137 0.3 40 0 0 5137 0.4 40 0 0 180 69.3 57.2 57.2
5137 0.3 40 0 0 5137 0.4 50 0 0 0 39.9 31.7 31.7
5137 0.3 40 0 0 5137 0.4 50 0 0 30 41.8 32.6 32.6
5137 0.3 40 0 0 5137 0.4 50 0 0 60 45.5 35.3 35.3
5137 0.3 40 0 0 5137 0.4 50 0 0 90 50.8 39.3 39.3
5137 0.3 40 0 0 5137 0.4 50 0 0 120 57.9 44.9 44.9
5137 0.3 40 0 0 5137 0.4 50 0 0 150 64.6 51.9 51.9
5137 0.3 40 0 0 5137 0.4 50 0 0 180 68.1 57.6 57.6
5137 0.3 40 0 0 5137 0.4 60 0 0 0 40.0 33.1 33.1
5137 0.3 40 0 0 5137 0.4 60 0 0 30 41.6 33.8 33.8
5137 0.3 40 0 0 5137 0.4 60 0 0 60 44.8 36.0 36.0
5137 0.3 40 0 0 5137 0.4 60 0 0 90 49.7 39.5 39.5
5137 0.3 40 0 0 5137 0.4 60 0 0 120 56.5 44.9 44.9
5137 0.3 40 0 0 5137 0.4 60 0 0 150 62.6 52.1 52.1
5137 0.3 40 0 0 5137 0.4 60 0 0 180 65.8 58.5 58.5
5137 0.3 40 0 0 5137 0.5 0 0 0 0 42.7 40.4 40.4
5137 0.3 40 0 0 5137 0.5 0 0 0 30 43.7 41.3 41.3
5137 0.3 40 0 0 5137 0.5 0 0 0 60 45.8 42.5 42.5
5137 0.3 40 0 0 5137 0.5 0 0 0 90 50.0 44.5 44.5
5137 0.3 40 0 0 5137 0.5 0 0 0 120 56.5 49.1 49.1
5137 0.3 40 0 0 5137 0.5 0 0 0 150 64.4 56.4 56.4
5137 0.3 40 0 0 5137 0.5 0 0 0 180 69.1 56.4 56.4
5137 0.3 40 0 0 5137 0.5 10 0 0 0 42.6 38.3 38.3
5137 0.3 40 0 0 5137 0.5 10 0 0 30 43.6 39.3 39.3
5137 0.3 40 0 0 5137 0.5 10 0 0 60 45.6 40.7 40.7
5137 0.3 40 0 0 5137 0.5 10 0 0 90 49.9 42.8 42.8
5137 0.3 40 0 0 5137 0.5 10 0 0 120 56.5 47.8 47.8
5137 0.3 40 0 0 5137 0.5 10 0 0 150 64.4 55.3 55.3
5137 0.3 40 0 0 5137 0.5 10 0 0 180 69.0 56.7 56.7
5137 0.3 40 0 0 5137 0.5 20 0 0 0 42.5 35.6 35.6
5137 0.3 40 0 0 5137 0.5 20 0 0 30 43.4 36.5 36.5
5137 0.3 40 0 0 5137 0.5 20 0 0 60 45.4 37.9 37.9
5137 0.3 40 0 0 5137 0.5 20 0 0 90 49.7 40.2 40.2
5137 0.3 40 0 0 5137 0.5 20 0 0 120 56.3 45.4 45.4
5137 0.3 40 0 0 5137 0.5 20 0 0 150 64.1 52.9 52.9
5137 0.3 40 0 0 5137 0.5 20 0 0 180 68.7 55.8 55.8
5137 0.3 40 0 0 5137 0.5 30 0 0 0 42.4 33.8 33.8
5137 0.3 40 0 0 5137 0.5 30 0 0 30 43.1 34.3 34.3
5137 0.3 40 0 0 5137 0.5 30 0 0 60 45.0 35.7 35.7
5137 0.3 40 0 0 5137 0.5 30 0 0 90 49.3 38.3 38.3
5137 0.3 40 0 0 5137 0.5 30 0 0 120 55.9 43.7 43.7
5137 0.3 40 0 0 5137 0.5 30 0 0 150 63.7 51.3 51.3
5137 0.3 40 0 0 5137 0.5 30 0 0 180 68.1 55.8 55.8
5137 0.3 40 0 0 5137 0.5 40 0 0 0 42.2 33.0 33.0
5137 0.3 40 0 0 5137 0.5 40 0 0 30 42.9 33.2 33.2
5137 0.3 40 0 0 5137 0.5 40 0 0 60 44.5 34.4 34.4
5137 0.3 40 0 0 5137 0.5 40 0 0 90 48.7 37.4 37.4
5137 0.3 40 0 0 5137 0.5 40 0 0 120 55.3 42.7 42.7
5137 0.3 40 0 0 5137 0.5 40 0 0 150 62.9 50.3 50.3
5137 0.3 40 0 0 5137 0.5 40 0 0 180 67.3 56.1 56.1
5137 0.3 40 0 0 5137 0.5 50 0 0 0 42.2 33.1 33.1
5137 0.3 40 0 0 5137 0.5 50 0 0 30 42.8 33.1 33.1
5137 0.3 40 0 0 5137 0.5 50 0 0 60 44.3 33.9 33.9
5137 0.3 40 0 0 5137 0.5 50 0 0 90 47.9 36.8 36.8
5137 0.3 40 0 0 5137 0.5 50 0 0 120 54.5 42.0 42.0
5137 0.3 40 0 0 5137 0.5 50 0 0 150 61.8 49.9 49.9
5137 0.3 40 0 0 5137 0.5 50 0 0 180 65.9 56.6 56.6
5137 0.3 40 0 0 5137 0.5 60 0 0 0 42.2 33.8 33.8
5137 0.3 40 0 0 5137 0.5 60 0 0 30 42.8 33.8 33.8
5137 0.3 40 0 0 5137 0.5 60 0 0 60 44.2 34.6 34.6
5137 0.3 40 0 0 5137 0.5 60 0 0 90 47.5 37.0 37.0
5137 0.3 40 0 0 5137 0.5 60 0 0 120 53.0 41.8 41.8
5137 0.3 40 0 0 5137 0.5 60 0 0 150 59.6 49.6 49.6
5137 0.3 40 0 0 5137 0.5 60 0 0 180 63.4 57.1 57.1
