5337 0 40 0 0 4737 0 0 0 0 0 61 53 53
5337 0 40 0 0 4737 0 0 0 0 30 61 53 53
5337 0 40 0 0 4737 0 0 0 0 60 62 53 53
5337 0 40 0 0 4737 0 0 0 0 90 62 54 54
5337 0 40 0 0 4737 0 0 0 0 120 62 54 54
5337 0 40 0 0 4737 0 0 0 0 150 62 54 54
5337 0 40 0 0 4737 0 0 0 0 180 61 54 54
5337 0 40 0 0 4737 0 10 0 0 0 61 53 53
5337 0 40 0 0 4737 0 10 0 0 30 61 53 53
5337 0 40 0 0 4737 0 10 0 0 60 62 53 53
5337 0 40 0 0 4737 0 10 0 0 90 61 53 53
5337 0 40 0 0 4737 0 10 0 0 120 62 53 53
5337 0 40 0 0 4737 0 10 0 0 150 61 53 53
5337 0 40 0 0 4737 0 10 0 0 180 61 53 53
5337 0 40 0 0 4737 0 20 0 0 0 61 51 51
5337 0 40 0 0 4737 0 20 0 0 30 61 51 51
5337 0 40 0 0 4737 0 20 0 0 60 61 52 52
5337 0 40 0 0 4737 0 20 0 0 90 61 52 52
5337 0 40 0 0 4737 0 20 0 0 120 61 52 52
5337 0 40 0 0 4737 0 20 0 0 150 61 52 52
5337 0 40 0 0 4737 0 20 0 0 180 61 52 52
5337 0 40 0 0 4737 0 30 0 0 0 61 49 49
5337 0 40 0 0 4737 0 30 0 0 30 61 49 49
5337 0 40 0 0 4737 0 30 0 0 60 61 49 49
5337 0 40 0 0 4737 0 30 0 0 90 61 49 49
5337 0 40 0 0 4737 0 30 0 0 120 61 49 49
5337 0 40 0 0 4737 0 30 0 0 150 61 49 49
5337 0 40 0 0 4737 0 30 0 0 180 61 49 49
5337 0 40 0 0 4737 0 40 0 0 0 60 49 49
5337 0 40 0 0 4737 0 40 0 0 30 60 49 49
5337 0 40 0 0 4737 0 40 0 0 60 60 49 49
5337 0 40 0 0 4737 0 40 0 0 90 60 49 49
5337 0 40 0 0 4737 0 40 0 0 120 60 49 49
5337 0 40 0 0 4737 0 40 0 0 150 60 49 49
5337 0 40 0 0 4737 0 40 0 0 180 60 49 49
5337 0 40 0 0 4737 0 50 0 0 0 59 49 49
5337 0 40 0 0 4737 0 50 0 0 30 60 49 49
5337 0 40 0 0 4737 0 50 0 0 60 60 49 49
5337 0 40 0 0 4737 0 50 0 0 90 60 49 49
5337 0 40 0 0 4737 0 50 0 0 120 60 49 49
5337 0 40 0 0 4737 0 50 0 0 150 60 50 50
5337 0 40 0 0 4737 0 50 0 0 180 59 50 50
5337 0 40 0 0 4737 0 60 0 0 0 58 50 50
5337 0 40 0 0 4737 0 60 0 0 30 58 51 51
5337 0 40 0 0 4737 0 60 0 0 60 58 50 50
5337 0 40 0 0 4737 0 60 0 0 90 58 51 51
5337 0 40 0 0 4737 0 60 0 0 120 58 51 51
5337 0 40 0 0 4737 0 60 0 0 150 58 51 51
5337 0 40 0 0 4737 0 60 0 0 180 58 51 51
5337 0 40 0 0 4737 0 0 0 0 0 61 52 52
5337 0 40 0 0 4737 0 0 0 0 30 61 52 52
5337 0 40 0 0 4737 0 0 0 0 60 61 52 52
5337 0 40 0 0 4737 0 0 0 0 90 61 53 53
5337 0 40 0 0 4737 0 0 0 0 120 61 53 53
5337 0 40 0 0 4737 0 0 0 0 150 61 53 53
5337 0 40 0 0 4737 0 0 0 0 180 61 53 53
5337 0 40 0 0 4737 0 10 0 0 0 61 52 52
5337 0 40 0 0 4737 0 10 0 0 30 60 52 52
5337 0 40 0 0 4737 0 10 0 0 60 61 52 52
5337 0 40 0 0 4737 0 10 0 0 90 61 52 52
5337 0 40 0 0 4737 0 10 0 0 120 61 52 52
5337 0 40 0 0 4737 0 10 0 0 150 61 52 52
5337 0 40 0 0 4737 0 10 0 0 180 61 52 52
5337 0 40 0 0 4737 0 20 0 0 0 60 50 50
5337 0 40 0 0 4737 0 20 0 0 30 60 50 50
5337 0 40 0 0 4737 0 20 0 0 60 60 50 50
5337 0 40 0 0 4737 0 20 0 0 90 60 50 50
5337 0 40 0 0 4737 0 20 0 0 120 60 51 51
5337 0 40 0 0 4737 0 20 0 0 150 60 51 51
5337 0 40 0 0 4737 0 20 0 0 180 60 51 51
5337 0 40 0 0 4737 0 30 0 0 0 60 48 48
5337 0 40 0 0 4737 0 30 0 0 30 60 48 48
5337 0 40 0 0 4737 0 30 0 0 60 60 48 48
5337 0 40 0 0 4737 0 30 0 0 90 60 48 48
5337 0 40 0 0 4737 0 30 0 0 120 60 48 48
5337 0 40 0 0 4737 0 30 0 0 150 60 48 48
5337 0 40 0 0 4737 0 30 0 0 180 60 48 48
5337 0 40 0 0 4737 0 40 0 0 0 59 48 48
5337 0 40 0 0 4737 0 40 0 0 30 59 48 48
5337 0 40 0 0 4737 0 40 0 0 60 60 48 48
5337 0 40 0 0 4737 0 40 0 0 90 60 48 48
5337 0 40 0 0 4737 0 40 0 0 120 59 48 48
5337 0 40 0 0 4737 0 40 0 0 150 60 48 48
5337 0 40 0 0 4737 0 40 0 0 180 59 48 48
5337 0 40 0 0 4737 0 50 0 0 0 58 48 48
5337 0 40 0 0 4737 0 50 0 0 30 58 49 49
5337 0 40 0 0 4737 0 50 0 0 60 59 49 49
5337 0 40 0 0 4737 0 50 0 0 90 59 49 49
5337 0 40 0 0 4737 0 50 0 0 120 59 49 49
5337 0 40 0 0 4737 0 50 0 0 150 59 49 49
5337 0 40 0 0 4737 0 50 0 0 180 59 49 49
5337 0 40 0 0 4737 0 60 0 0 0 57 49 49
5337 0 40 0 0 4737 0 60 0 0 30 57 50 50
5337 0 40 0 0 4737 0 60 0 0 60 57 50 50
5337 0 40 0 0 4737 0 60 0 0 90 57 50 50
5337 0 40 0 0 4737 0 60 0 0 120 57 50 50
5337 0 40 0 0 4737 0 60 0 0 150 57 50 50
5337 0 40 0 0 4737 0 60 0 0 180 57 50 50
5337 0 40 0 0 4737 0 0 0 0 0 60 51 51
5337 0 40 0 0 4737 0 0 0 0 30 60 51 51
5337 0 40 0 0 4737 0 0 0 0 60 60 51 51
5337 0 40 0 0 4737 0 0 0 0 90 60 51 51
5337 0 40 0 0 4737 0 0 0 0 120 60 52 52
5337 0 40 0 0 4737 0 0 0 0 150 60 52 52
5337 0 40 0 0 4737 0 0 0 0 180 60 52 52
5337 0 40 0 0 4737 0 10 0 0 0 60 51 51
5337 0 40 0 0 4737 0 10 0 0 30 60 51 51
5337 0 40 0 0 4737 0 10 0 0 60 60 51 51
5337 0 40 0 0 4737 0 10 0 0 90 60 51 51
5337 0 40 0 0 4737 0 10 0 0 120 60 51 51
5337 0 40 0 0 4737 0 10 0 0 150 60 51 51
5337 0 40 0 0 4737 0 10 0 0 180 60 51 51
5337 0 40 0 0 4737 0 20 0 0 0 59 49 49
5337 0 40 0 0 4737 0 20 0 0 30 59 49 49
5337 0 40 0 0 4737 0 20 0 0 60 60 49 49
5337 0 40 0 0 4737 0 20 0 0 90 60 49 49
5337 0 40 0 0 4737 0 20 0 0 120 59 50 50
5337 0 40 0 0 4737 0 20 0 0 150 60 50 50
5337 0 40 0 0 4737 0 20 0 0 180 59 50 50
5337 0 40 0 0 4737 0 30 0 0 0 59 47 47
5337 0 40 0 0 4737 0 30 0 0 30 59 47 47
5337 0 40 0 0 4737 0 30 0 0 60 59 47 47
5337 0 40 0 0 4737 0 30 0 0 90 59 47 47
5337 0 40 0 0 4737 0 30 0 0 120 59 47 47
5337 0 40 0 0 4737 0 30 0 0 150 59 47 47
5337 0 40 0 0 4737 0 30 0 0 180 59 47 47
5337 0 40 0 0 4737 0 40 0 0 0 59 47 47
5337 0 40 0 0 4737 0 40 0 0 30 58 47 47
5337 0 40 0 0 4737 0 40 0 0 60 59 47 47
5337 0 40 0 0 4737 0 40 0 0 90 59 47 47
5337 0 40 0 0 4737 0 40 0 0 120 58 47 47
5337 0 40 0 0 4737 0 40 0 0 150 59 47 47
5337 0 40 0 0 4737 0 40 0 0 180 58 47 47
5337 0 40 0 0 4737 0 50 0 0 0 58 48 48
5337 0 40 0 0 4737 0 50 0 0 30 57 48 48
5337 0 40 0 0 4737 0 50 0 0 60 58 48 48
5337 0 40 0 0 4737 0 50 0 0 90 58 48 48
5337 0 40 0 0 4737 0 50 0 0 120 58 48 48
5337 0 40 0 0 4737 0 50 0 0 150 58 48 48
5337 0 40 0 0 4737 0 50 0 0 180 58 48 48
5337 0 40 0 0 4737 0 60 0 0 0 56 49 49
5337 0 40 0 0 4737 0 60 0 0 30 56 48 48
5337 0 40 0 0 4737 0 60 0 0 60 56 49 49
5337 0 40 0 0 4737 0 60 0 0 90 56 49 49
5337 0 40 0 0 4737 0 60 0 0 120 56 49 49
5337 0 40 0 0 4737 0 60 0 0 150 56 49 49
5337 0 40 0 0 4737 0 60 0 0 180 56 49 49
5337 0 40 0 0 4737 0 0 0 0 0 59 50 50
5337 0 40 0 0 4737 0 0 0 0 30 59 50 50
5337 0 40 0 0 4737 0 0 0 0 60 59 50 50
5337 0 40 0 0 4737 0 0 0 0 90 59 50 50
5337 0 40 0 0 4737 0 0 0 0 120 59 50 50
5337 0 40 0 0 4737 0 0 0 0 150 59 51 51
5337 0 40 0 0 4737 0 0 0 0 180 59 51 51
5337 0 40 0 0 4737 0 10 0 0 0 59 49 49
5337 0 40 0 0 4737 0 10 0 0 30 59 49 49
5337 0 40 0 0 4737 0 10 0 0 60 59 50 50
5337 0 40 0 0 4737 0 10 0 0 90 59 50 50
5337 0 40 0 0 4737 0 10 0 0 120 59 50 50
5337 0 40 0 0 4737 0 10 0 0 150 59 50 50
5337 0 40 0 0 4737 0 10 0 0 180 59 50 50
5337 0 40 0 0 4737 0 20 0 0 0 59 48 48
5337 0 40 0 0 4737 0 20 0 0 30 59 48 48
5337 0 40 0 0 4737 0 20 0 0 60 59 48 48
5337 0 40 0 0 4737 0 20 0 0 90 59 48 48
5337 0 40 0 0 4737 0 20 0 0 120 59 48 48
5337 0 40 0 0 4737 0 20 0 0 150 59 48 48
5337 0 40 0 0 4737 0 20 0 0 180 59 48 48
5337 0 40 0 0 4737 0 30 0 0 0 58 46 46
5337 0 40 0 0 4737 0 30 0 0 30 58 46 46
5337 0 40 0 0 4737 0 30 0 0 60 58 46 46
5337 0 40 0 0 4737 0 30 0 0 90 58 46 46
5337 0 40 0 0 4737 0 30 0 0 120 58 46 46
5337 0 40 0 0 4737 0 30 0 0 150 58 46 46
5337 0 40 0 0 4737 0 30 0 0 180 58 46 46
5337 0 40 0 0 4737 0 40 0 0 0 58 46 46
5337 0 40 0 0 4737 0 40 0 0 30 57 46 46
5337 0 40 0 0 4737 0 40 0 0 60 58 46 46
5337 0 40 0 0 4737 0 40 0 0 90 58 47 47
5337 0 40 0 0 4737 0 40 0 0 120 58 46 46
5337 0 40 0 0 4737 0 40 0 0 150 58 47 47
5337 0 40 0 0 4737 0 40 0 0 180 58 47 47
5337 0 40 0 0 4737 0 50 0 0 0 57 47 47
5337 0 40 0 0 4737 0 50 0 0 30 57 47 47
5337 0 40 0 0 4737 0 50 0 0 60 57 47 47
5337 0 40 0 0 4737 0 50 0 0 90 57 47 47
5337 0 40 0 0 4737 0 50 0 0 120 57 47 47
5337 0 40 0 0 4737 0 50 0 0 150 57 47 47
5337 0 40 0 0 4737 0 50 0 0 180 57 47 47
5337 0 40 0 0 4737 0 60 0 0 0 55 48 48
5337 0 40 0 0 4737 0 60 0 0 30 55 47 47
5337 0 40 0 0 4737 0 60 0 0 60 55 48 48
5337 0 40 0 0 4737 0 60 0 0 90 55 48 48
5337 0 40 0 0 4737 0 60 0 0 120 55 48 48
5337 0 40 0 0 4737 0 60 0 0 150 55 48 48
5337 0 40 0 0 4737 0 60 0 0 180 55 48 48
5337 0 40 0 0 4737 0 0 0 0 0 58 49 49
5337 0 40 0 0 4737 0 0 0 0 30 58 49 49
5337 0 40 0 0 4737 0 0 0 0 60 58 49 49
5337 0 40 0 0 4737 0 0 0 0 90 58 49 49
5337 0 40 0 0 4737 0 0 0 0 120 58 49 49
5337 0 40 0 0 4737 0 0 0 0 150 58 50 50
5337 0 40 0 0 4737 0 0 0 0 180 58 50 50
5337 0 40 0 0 4737 0 10 0 0 0 58 48 48
5337 0 40 0 0 4737 0 10 0 0 30 58 48 48
5337 0 40 0 0 4737 0 10 0 0 60 58 48 48
5337 0 40 0 0 4737 0 10 0 0 90 58 48 48
5337 0 40 0 0 4737 0 10 0 0 120 58 49 49
5337 0 40 0 0 4737 0 10 0 0 150 58 49 49
5337 0 40 0 0 4737 0 10 0 0 180 58 49 49
5337 0 40 0 0 4737 0 20 0 0 0 58 46 46
5337 0 40 0 0 4737 0 20 0 0 30 58 46 46
5337 0 40 0 0 4737 0 20 0 0 60 58 46 46
5337 0 40 0 0 4737 0 20 0 0 90 58 46 46
5337 0 40 0 0 4737 0 20 0 0 120 58 46 46
5337 0 40 0 0 4737 0 20 0 0 150 58 47 47
5337 0 40 0 0 4737 0 20 0 0 180 58 47 47
5337 0 40 0 0 4737 0 30 0 0 0 57 46 46
5337 0 40 0 0 4737 0 30 0 0 30 57 46 46
5337 0 40 0 0 4737 0 30 0 0 60 57 46 46
5337 0 40 0 0 4737 0 30 0 0 90 57 46 46
5337 0 40 0 0 4737 0 30 0 0 120 57 46 46
5337 0 40 0 0 4737 0 30 0 0 150 57 46 46
5337 0 40 0 0 4737 0 30 0 0 180 57 46 46
5337 0 40 0 0 4737 0 40 0 0 0 57 46 46
5337 0 40 0 0 4737 0 40 0 0 30 57 46 46
5337 0 40 0 0 4737 0 40 0 0 60 57 46 46
5337 0 40 0 0 4737 0 40 0 0 90 57 46 46
5337 0 40 0 0 4737 0 40 0 0 120 57 46 46
5337 0 40 0 0 4737 0 40 0 0 150 57 46 46
5337 0 40 0 0 4737 0 40 0 0 180 57 46 46
5337 0 40 0 0 4737 0 50 0 0 0 56 46 46
5337 0 40 0 0 4737 0 50 0 0 30 56 46 46
5337 0 40 0 0 4737 0 50 0 0 60 56 46 46
5337 0 40 0 0 4737 0 50 0 0 90 56 46 46
5337 0 40 0 0 4737 0 50 0 0 120 56 46 46
5337 0 40 0 0 4737 0 50 0 0 150 56 47 47
5337 0 40 0 0 4737 0 50 0 0 180 56 47 47
5337 0 40 0 0 4737 0 60 0 0 0 54 47 47
5337 0 40 0 0 4737 0 60 0 0 30 54 47 47
5337 0 40 0 0 4737 0 60 0 0 60 54 47 47
5337 0 40 0 0 4737 0 60 0 0 90 54 47 47
5337 0 40 0 0 4737 0 60 0 0 120 54 47 47
5337 0 40 0 0 4737 0 60 0 0 150 54 47 47
5337 0 40 0 0 4737 0 60 0 0 180 54 47 47
5337 0 40 0 0 4737 0 0 0 0 0 57 47 47
5337 0 40 0 0 4737 0 0 0 0 30 57 47 47
5337 0 40 0 0 4737 0 0 0 0 60 57 47 47
5337 0 40 0 0 4737 0 0 0 0 90 57 47 47
5337 0 40 0 0 4737 0 0 0 0 120 57 48 48
5337 0 40 0 0 4737 0 0 0 0 150 57 48 48
5337 0 40 0 0 4737 0 0 0 0 180 57 48 48
5337 0 40 0 0 4737 0 10 0 0 0 57 46 46
5337 0 40 0 0 4737 0 10 0 0 30 57 46 46
5337 0 40 0 0 4737 0 10 0 0 60 57 46 46
5337 0 40 0 0 4737 0 10 0 0 90 57 46 46
5337 0 40 0 0 4737 0 10 0 0 120 57 47 47
5337 0 40 0 0 4737 0 10 0 0 150 57 47 47
5337 0 40 0 0 4737 0 10 0 0 180 57 47 47
5337 0 40 0 0 4737 0 20 0 0 0 57 45 45
5337 0 40 0 0 4737 0 20 0 0 30 57 45 45
5337 0 40 0 0 4737 0 20 0 0 60 57 45 45
5337 0 40 0 0 4737 0 20 0 0 90 57 45 45
5337 0 40 0 0 4737 0 20 0 0 120 57 46 46
5337 0 40 0 0 4737 0 20 0 0 150 57 46 46
5337 0 40 0 0 4737 0 20 0 0 180 57 46 46
5337 0 40 0 0 4737 0 30 0 0 0 56 45 45
5337 0 40 0 0 4737 0 30 0 0 30 56 45 45
5337 0 40 0 0 4737 0 30 0 0 60 56 45 45
5337 0 40 0 0 4737 0 30 0 0 90 57 45 45
5337 0 40 0 0 4737 0 30 0 0 120 56 45 45
5337 0 40 0 0 4737 0 30 0 0 150 57 46 46
5337 0 40 0 0 4737 0 30 0 0 180 56 45 45
5337 0 40 0 0 4737 0 40 0 0 0 56 45 45
5337 0 40 0 0 4737 0 40 0 0 30 56 45 45
5337 0 40 0 0 4737 0 40 0 0 60 56 45 45
5337 0 40 0 0 4737 0 40 0 0 90 56 45 45
5337 0 40 0 0 4737 0 40 0 0 120 56 46 46
5337 0 40 0 0 4737 0 40 0 0 150 56 46 46
5337 0 40 0 0 4737 0 40 0 0 180 56 46 46
5337 0 40 0 0 4737 0 50 0 0 0 55 45 45
5337 0 40 0 0 4737 0 50 0 0 30 55 45 45
5337 0 40 0 0 4737 0 50 0 0 60 55 45 45
5337 0 40 0 0 4737 0 50 0 0 90 55 46 46
5337 0 40 0 0 4737 0 50 0 0 120 55 46 46
5337 0 40 0 0 4737 0 50 0 0 150 55 46 46
5337 0 40 0 0 4737 0 50 0 0 180 55 46 46
5337 0 40 0 0 4737 0 60 0 0 0 53 46 46
5337 0 40 0 0 4737 0 60 0 0 30 53 46 46
5337 0 40 0 0 4737 0 60 0 0 60 53 46 46
5337 0 40 0 0 4737 0 60 0 0 90 53 46 46
5337 0 40 0 0 4737 0 60 0 0 120 53 46 46
5337 0 40 0 0 4737 0 60 0 0 150 53 46 46
5337 0 40 0 0 4737 0 60 0 0 180 53 47 47
5337 0 40 0 0 4937 0 0 0 0 0 62 53 53
5337 0 40 0 0 4937 0 0 0 0 30 62 54 54
5337 0 40 0 0 4937 0 0 0 0 60 62 54 54
5337 0 40 0 0 4937 0 0 0 0 90 62 54 54
5337 0 40 0 0 4937 0 0 0 0 120 62 55 55
5337 0 40 0 0 4937 0 0 0 0 150 62 55 55
5337 0 40 0 0 4937 0 0 0 0 180 62 54 54
5337 0 40 0 0 4937 0 10 0 0 0 62 53 53
5337 0 40 0 0 4937 0 10 0 0 30 62 53 53
5337 0 40 0 0 4937 0 10 0 0 60 62 54 54
5337 0 40 0 0 4937 0 10 0 0 90 62 54 54
5337 0 40 0 0 4937 0 10 0 0 120 62 54 54
5337 0 40 0 0 4937 0 10 0 0 150 62 54 54
5337 0 40 0 0 4937 0 10 0 0 180 62 54 54
5337 0 40 0 0 4937 0 20 0 0 0 61 52 52
5337 0 40 0 0 4937 0 20 0 0 30 62 52 52
5337 0 40 0 0 4937 0 20 0 0 60 62 52 52
5337 0 40 0 0 4937 0 20 0 0 90 62 53 53
5337 0 40 0 0 4937 0 20 0 0 120 62 53 53
5337 0 40 0 0 4937 0 20 0 0 150 62 53 53
5337 0 40 0 0 4937 0 20 0 0 180 62 53 53
5337 0 40 0 0 4937 0 30 0 0 0 61 49 49
5337 0 40 0 0 4937 0 30 0 0 30 61 50 50
5337 0 40 0 0 4937 0 30 0 0 60 61 50 50
5337 0 40 0 0 4937 0 30 0 0 90 62 50 50
5337 0 40 0 0 4937 0 30 0 0 120 62 50 50
5337 0 40 0 0 4937 0 30 0 0 150 61 50 50
5337 0 40 0 0 4937 0 30 0 0 180 61 50 50
5337 0 40 0 0 4937 0 40 0 0 0 61 49 49
5337 0 40 0 0 4937 0 40 0 0 30 61 49 49
5337 0 40 0 0 4937 0 40 0 0 60 61 50 50
5337 0 40 0 0 4937 0 40 0 0 90 61 50 50
5337 0 40 0 0 4937 0 40 0 0 120 61 50 50
5337 0 40 0 0 4937 0 40 0 0 150 61 50 50
5337 0 40 0 0 4937 0 40 0 0 180 61 50 50
5337 0 40 0 0 4937 0 50 0 0 0 60 50 50
5337 0 40 0 0 4937 0 50 0 0 30 60 50 50
5337 0 40 0 0 4937 0 50 0 0 60 60 50 50
5337 0 40 0 0 4937 0 50 0 0 90 60 51 51
5337 0 40 0 0 4937 0 50 0 0 120 60 51 51
5337 0 40 0 0 4937 0 50 0 0 150 60 51 51
5337 0 40 0 0 4937 0 50 0 0 180 60 51 51
5337 0 40 0 0 4937 0 60 0 0 0 59 51 51
5337 0 40 0 0 4937 0 60 0 0 30 59 51 51
5337 0 40 0 0 4937 0 60 0 0 60 59 51 51
5337 0 40 0 0 4937 0 60 0 0 90 59 52 52
5337 0 40 0 0 4937 0 60 0 0 120 59 52 52
5337 0 40 0 0 4937 0 60 0 0 150 59 52 52
5337 0 40 0 0 4937 0 60 0 0 180 59 52 52
5337 0 40 0 0 4937 0 0 0 0 0 61 52 52
5337 0 40 0 0 4937 0 0 0 0 30 61 53 53
5337 0 40 0 0 4937 0 0 0 0 60 61 53 53
5337 0 40 0 0 4937 0 0 0 0 90 61 53 53
5337 0 40 0 0 4937 0 0 0 0 120 61 54 54
5337 0 40 0 0 4937 0 0 0 0 150 61 54 54
5337 0 40 0 0 4937 0 0 0 0 180 61 54 54
5337 0 40 0 0 4937 0 10 0 0 0 61 52 52
5337 0 40 0 0 4937 0 10 0 0 30 61 52 52
5337 0 40 0 0 4937 0 10 0 0 60 61 52 52
5337 0 40 0 0 4937 0 10 0 0 90 61 53 53
5337 0 40 0 0 4937 0 10 0 0 120 61 53 53
5337 0 40 0 0 4937 0 10 0 0 150 61 53 53
5337 0 40 0 0 4937 0 10 0 0 180 61 53 53
5337 0 40 0 0 4937 0 20 0 0 0 61 51 51
5337 0 40 0 0 4937 0 20 0 0 30 61 51 51
5337 0 40 0 0 4937 0 20 0 0 60 61 51 51
5337 0 40 0 0 4937 0 20 0 0 90 61 52 52
5337 0 40 0 0 4937 0 20 0 0 120 61 52 52
5337 0 40 0 0 4937 0 20 0 0 150 61 52 52
5337 0 40 0 0 4937 0 20 0 0 180 61 52 52
5337 0 40 0 0 4937 0 30 0 0 0 60 48 48
5337 0 40 0 0 4937 0 30 0 0 30 60 48 48
5337 0 40 0 0 4937 0 30 0 0 60 61 49 49
5337 0 40 0 0 4937 0 30 0 0 90 61 49 49
5337 0 40 0 0 4937 0 30 0 0 120 61 49 49
5337 0 40 0 0 4937 0 30 0 0 150 61 49 49
5337 0 40 0 0 4937 0 30 0 0 180 60 49 49
5337 0 40 0 0 4937 0 40 0 0 0 60 48 48
5337 0 40 0 0 4937 0 40 0 0 30 60 48 48
5337 0 40 0 0 4937 0 40 0 0 60 60 49 49
5337 0 40 0 0 4937 0 40 0 0 90 60 49 49
5337 0 40 0 0 4937 0 40 0 0 120 60 49 49
5337 0 40 0 0 4937 0 40 0 0 150 60 49 49
5337 0 40 0 0 4937 0 40 0 0 180 60 49 49
5337 0 40 0 0 4937 0 50 0 0 0 59 48 48
5337 0 40 0 0 4937 0 50 0 0 30 59 49 49
5337 0 40 0 0 4937 0 50 0 0 60 59 49 49
5337 0 40 0 0 4937 0 50 0 0 90 59 49 49
5337 0 40 0 0 4937 0 50 0 0 120 59 50 50
5337 0 40 0 0 4937 0 50 0 0 150 59 50 50
5337 0 40 0 0 4937 0 50 0 0 180 59 50 50
5337 0 40 0 0 4937 0 60 0 0 0 58 50 50
5337 0 40 0 0 4937 0 60 0 0 30 58 50 50
5337 0 40 0 0 4937 0 60 0 0 60 58 50 50
5337 0 40 0 0 4937 0 60 0 0 90 58 50 50
5337 0 40 0 0 4937 0 60 0 0 120 58 51 51
5337 0 40 0 0 4937 0 60 0 0 150 58 51 51
5337 0 40 0 0 4937 0 60 0 0 180 58 51 51
5337 0 40 0 0 4937 0 0 0 0 0 60 51 51
5337 0 40 0 0 4937 0 0 0 0 30 60 52 52
5337 0 40 0 0 4937 0 0 0 0 60 60 52 52
5337 0 40 0 0 4937 0 0 0 0 90 60 52 52
5337 0 40 0 0 4937 0 0 0 0 120 60 53 53
5337 0 40 0 0 4937 0 0 0 0 150 60 53 53
5337 0 40 0 0 4937 0 0 0 0 180 60 53 53
5337 0 40 0 0 4937 0 10 0 0 0 60 51 51
5337 0 40 0 0 4937 0 10 0 0 30 60 51 51
5337 0 40 0 0 4937 0 10 0 0 60 60 51 51
5337 0 40 0 0 4937 0 10 0 0 90 60 52 52
5337 0 40 0 0 4937 0 10 0 0 120 60 52 52
5337 0 40 0 0 4937 0 10 0 0 150 60 52 52
5337 0 40 0 0 4937 0 10 0 0 180 60 52 52
5337 0 40 0 0 4937 0 20 0 0 0 60 50 50
5337 0 40 0 0 4937 0 20 0 0 30 60 50 50
5337 0 40 0 0 4937 0 20 0 0 60 60 50 50
5337 0 40 0 0 4937 0 20 0 0 90 60 50 50
5337 0 40 0 0 4937 0 20 0 0 120 60 51 51
5337 0 40 0 0 4937 0 20 0 0 150 60 51 51
5337 0 40 0 0 4937 0 20 0 0 180 60 51 51
5337 0 40 0 0 4937 0 30 0 0 0 59 47 47
5337 0 40 0 0 4937 0 30 0 0 30 60 47 47
5337 0 40 0 0 4937 0 30 0 0 60 60 48 48
5337 0 40 0 0 4937 0 30 0 0 90 60 48 48
5337 0 40 0 0 4937 0 30 0 0 120 60 48 48
5337 0 40 0 0 4937 0 30 0 0 150 60 49 49
5337 0 40 0 0 4937 0 30 0 0 180 60 48 48
5337 0 40 0 0 4937 0 40 0 0 0 59 47 47
5337 0 40 0 0 4937 0 40 0 0 30 59 47 47
5337 0 40 0 0 4937 0 40 0 0 60 59 48 48
5337 0 40 0 0 4937 0 40 0 0 90 59 48 48
5337 0 40 0 0 4937 0 40 0 0 120 59 48 48
5337 0 40 0 0 4937 0 40 0 0 150 59 49 49
5337 0 40 0 0 4937 0 40 0 0 180 59 48 48
5337 0 40 0 0 4937 0 50 0 0 0 58 48 48
5337 0 40 0 0 4937 0 50 0 0 30 58 48 48
5337 0 40 0 0 4937 0 50 0 0 60 58 48 48
5337 0 40 0 0 4937 0 50 0 0 90 58 48 48
5337 0 40 0 0 4937 0 50 0 0 120 58 49 49
5337 0 40 0 0 4937 0 50 0 0 150 58 49 49
5337 0 40 0 0 4937 0 50 0 0 180 58 49 49
5337 0 40 0 0 4937 0 60 0 0 0 57 49 49
5337 0 40 0 0 4937 0 60 0 0 30 57 49 49
5337 0 40 0 0 4937 0 60 0 0 60 57 49 49
5337 0 40 0 0 4937 0 60 0 0 90 57 50 50
5337 0 40 0 0 4937 0 60 0 0 120 57 50 50
5337 0 40 0 0 4937 0 60 0 0 150 57 50 50
5337 0 40 0 0 4937 0 60 0 0 180 57 50 50
5337 0 40 0 0 4937 0 0 0 0 0 59 50 50
5337 0 40 0 0 4937 0 0 0 0 30 59 50 50
5337 0 40 0 0 4937 0 0 0 0 60 59 51 51
5337 0 40 0 0 4937 0 0 0 0 90 59 51 51
5337 0 40 0 0 4937 0 0 0 0 120 60 51 51
5337 0 40 0 0 4937 0 0 0 0 150 60 52 52
5337 0 40 0 0 4937 0 0 0 0 180 59 52 52
5337 0 40 0 0 4937 0 10 0 0 0 59 50 50
5337 0 40 0 0 4937 0 10 0 0 30 59 50 50
5337 0 40 0 0 4937 0 10 0 0 60 59 50 50
5337 0 40 0 0 4937 0 10 0 0 90 59 50 50
5337 0 40 0 0 4937 0 10 0 0 120 59 51 51
5337 0 40 0 0 4937 0 10 0 0 150 59 51 51
5337 0 40 0 0 4937 0 10 0 0 180 59 51 51
5337 0 40 0 0 4937 0 20 0 0 0 59 48 48
5337 0 40 0 0 4937 0 20 0 0 30 59 48 48
5337 0 40 0 0 4937 0 20 0 0 60 59 49 49
5337 0 40 0 0 4937 0 20 0 0 90 59 49 49
5337 0 40 0 0 4937 0 20 0 0 120 59 49 49
5337 0 40 0 0 4937 0 20 0 0 150 59 50 50
5337 0 40 0 0 4937 0 20 0 0 180 59 50 50
5337 0 40 0 0 4937 0 30 0 0 0 59 46 46
5337 0 40 0 0 4937 0 30 0 0 30 59 46 46
5337 0 40 0 0 4937 0 30 0 0 60 59 47 47
5337 0 40 0 0 4937 0 30 0 0 90 59 47 47
5337 0 40 0 0 4937 0 30 0 0 120 59 47 47
5337 0 40 0 0 4937 0 30 0 0 150 59 48 48
5337 0 40 0 0 4937 0 30 0 0 180 59 48 48
5337 0 40 0 0 4937 0 40 0 0 0 58 46 46
5337 0 40 0 0 4937 0 40 0 0 30 58 46 46
5337 0 40 0 0 4937 0 40 0 0 60 58 47 47
5337 0 40 0 0 4937 0 40 0 0 90 58 47 47
5337 0 40 0 0 4937 0 40 0 0 120 58 47 47
5337 0 40 0 0 4937 0 40 0 0 150 58 48 48
5337 0 40 0 0 4937 0 40 0 0 180 58 48 48
5337 0 40 0 0 4937 0 50 0 0 0 57 47 47
5337 0 40 0 0 4937 0 50 0 0 30 57 47 47
5337 0 40 0 0 4937 0 50 0 0 60 57 47 47
5337 0 40 0 0 4937 0 50 0 0 90 57 47 47
5337 0 40 0 0 4937 0 50 0 0 120 57 48 48
5337 0 40 0 0 4937 0 50 0 0 150 57 48 48
5337 0 40 0 0 4937 0 50 0 0 180 57 48 48
5337 0 40 0 0 4937 0 60 0 0 0 56 48 48
5337 0 40 0 0 4937 0 60 0 0 30 56 48 48
5337 0 40 0 0 4937 0 60 0 0 60 56 48 48
5337 0 40 0 0 4937 0 60 0 0 90 56 48 48
5337 0 40 0 0 4937 0 60 0 0 120 56 49 49
5337 0 40 0 0 4937 0 60 0 0 150 56 49 49
5337 0 40 0 0 4937 0 60 0 0 180 56 49 49
5337 0 40 0 0 4937 0 0 0 0 0 58 49 49
5337 0 40 0 0 4937 0 0 0 0 30 58 49 49
5337 0 40 0 0 4937 0 0 0 0 60 59 49 49
5337 0 40 0 0 4937 0 0 0 0 90 59 50 50
5337 0 40 0 0 4937 0 0 0 0 120 59 50 50
5337 0 40 0 0 4937 0 0 0 0 150 59 51 51
5337 0 40 0 0 4937 0 0 0 0 180 58 50 50
5337 0 40 0 0 4937 0 10 0 0 0 58 48 48
5337 0 40 0 0 4937 0 10 0 0 30 58 49 49
5337 0 40 0 0 4937 0 10 0 0 60 59 49 49
5337 0 40 0 0 4937 0 10 0 0 90 59 49 49
5337 0 40 0 0 4937 0 10 0 0 120 59 49 49
5337 0 40 0 0 4937 0 10 0 0 150 59 50 50
5337 0 40 0 0 4937 0 10 0 0 180 58 50 50
5337 0 40 0 0 4937 0 20 0 0 0 58 46 46
5337 0 40 0 0 4937 0 20 0 0 30 58 47 47
5337 0 40 0 0 4937 0 20 0 0 60 58 47 47
5337 0 40 0 0 4937 0 20 0 0 90 58 47 47
5337 0 40 0 0 4937 0 20 0 0 120 58 47 47
5337 0 40 0 0 4937 0 20 0 0 150 58 48 48
5337 0 40 0 0 4937 0 20 0 0 180 58 48 48
5337 0 40 0 0 4937 0 30 0 0 0 58 45 45
5337 0 40 0 0 4937 0 30 0 0 30 58 45 45
5337 0 40 0 0 4937 0 30 0 0 60 58 46 46
5337 0 40 0 0 4937 0 30 0 0 90 58 46 46
5337 0 40 0 0 4937 0 30 0 0 120 58 47 47
5337 0 40 0 0 4937 0 30 0 0 150 58 47 47
5337 0 40 0 0 4937 0 30 0 0 180 58 47 47
5337 0 40 0 0 4937 0 40 0 0 0 57 45 45
5337 0 40 0 0 4937 0 40 0 0 30 57 45 45
5337 0 40 0 0 4937 0 40 0 0 60 57 46 46
5337 0 40 0 0 4937 0 40 0 0 90 57 46 46
5337 0 40 0 0 4937 0 40 0 0 120 57 47 47
5337 0 40 0 0 4937 0 40 0 0 150 57 47 47
5337 0 40 0 0 4937 0 40 0 0 180 57 47 47
5337 0 40 0 0 4937 0 50 0 0 0 56 46 46
5337 0 40 0 0 4937 0 50 0 0 30 56 46 46
5337 0 40 0 0 4937 0 50 0 0 60 56 46 46
5337 0 40 0 0 4937 0 50 0 0 90 56 47 47
5337 0 40 0 0 4937 0 50 0 0 120 56 47 47
5337 0 40 0 0 4937 0 50 0 0 150 56 47 47
5337 0 40 0 0 4937 0 50 0 0 180 56 47 47
5337 0 40 0 0 4937 0 60 0 0 0 54 47 47
5337 0 40 0 0 4937 0 60 0 0 30 54 47 47
5337 0 40 0 0 4937 0 60 0 0 60 55 47 47
5337 0 40 0 0 4937 0 60 0 0 90 55 48 48
5337 0 40 0 0 4937 0 60 0 0 120 55 48 48
5337 0 40 0 0 4937 0 60 0 0 150 55 48 48
5337 0 40 0 0 4937 0 60 0 0 180 55 48 48
5337 0 40 0 0 4937 0 0 0 0 0 58 48 48
5337 0 40 0 0 4937 0 0 0 0 30 58 48 48
5337 0 40 0 0 4937 0 0 0 0 60 58 48 48
5337 0 40 0 0 4937 0 0 0 0 90 58 48 48
5337 0 40 0 0 4937 0 0 0 0 120 58 49 49
5337 0 40 0 0 4937 0 0 0 0 150 58 49 49
5337 0 40 0 0 4937 0 0 0 0 180 57 49 49
5337 0 40 0 0 4937 0 10 0 0 0 57 47 47
5337 0 40 0 0 4937 0 10 0 0 30 58 47 47
5337 0 40 0 0 4937 0 10 0 0 60 58 47 47
5337 0 40 0 0 4937 0 10 0 0 90 58 47 47
5337 0 40 0 0 4937 0 10 0 0 120 58 48 48
5337 0 40 0 0 4937 0 10 0 0 150 58 48 48
5337 0 40 0 0 4937 0 10 0 0 180 57 48 48
5337 0 40 0 0 4937 0 20 0 0 0 57 45 45
5337 0 40 0 0 4937 0 20 0 0 30 57 46 46
5337 0 40 0 0 4937 0 20 0 0 60 57 46 46
5337 0 40 0 0 4937 0 20 0 0 90 57 46 46
5337 0 40 0 0 4937 0 20 0 0 120 57 46 46
5337 0 40 0 0 4937 0 20 0 0 150 57 47 47
5337 0 40 0 0 4937 0 20 0 0 180 57 47 47
5337 0 40 0 0 4937 0 30 0 0 0 57 45 45
5337 0 40 0 0 4937 0 30 0 0 30 57 45 45
5337 0 40 0 0 4937 0 30 0 0 60 57 45 45
5337 0 40 0 0 4937 0 30 0 0 90 57 45 45
5337 0 40 0 0 4937 0 30 0 0 120 57 46 46
5337 0 40 0 0 4937 0 30 0 0 150 57 47 47
5337 0 40 0 0 4937 0 30 0 0 180 57 47 47
5337 0 40 0 0 4937 0 40 0 0 0 56 45 45
5337 0 40 0 0 4937 0 40 0 0 30 56 45 45
5337 0 40 0 0 4937 0 40 0 0 60 56 45 45
5337 0 40 0 0 4937 0 40 0 0 90 56 45 45
5337 0 40 0 0 4937 0 40 0 0 120 56 46 46
5337 0 40 0 0 4937 0 40 0 0 150 56 47 47
5337 0 40 0 0 4937 0 40 0 0 180 56 47 47
5337 0 40 0 0 4937 0 50 0 0 0 55 46 46
5337 0 40 0 0 4937 0 50 0 0 30 55 46 46
5337 0 40 0 0 4937 0 50 0 0 60 55 46 46
5337 0 40 0 0 4937 0 50 0 0 90 55 46 46
5337 0 40 0 0 4937 0 50 0 0 120 55 46 46
5337 0 40 0 0 4937 0 50 0 0 150 55 47 47
5337 0 40 0 0 4937 0 50 0 0 180 55 47 47
5337 0 40 0 0 4937 0 60 0 0 0 53 46 46
5337 0 40 0 0 4937 0 60 0 0 30 53 46 46
5337 0 40 0 0 4937 0 60 0 0 60 54 47 47
5337 0 40 0 0 4937 0 60 0 0 90 53 47 47
5337 0 40 0 0 4937 0 60 0 0 120 54 47 47
5337 0 40 0 0 4937 0 60 0 0 150 53 47 47
5337 0 40 0 0 4937 0 60 0 0 180 54 47 47
5337 0 40 0 0 5137 0 0 0 0 0 62 54 54
5337 0 40 0 0 5137 0 0 0 0 30 62 54 54
5337 0 40 0 0 5137 0 0 0 0 60 62 55 55
5337 0 40 0 0 5137 0 0 0 0 90 62 55 55
5337 0 40 0 0 5137 0 0 0 0 120 62 55 55
5337 0 40 0 0 5137 0 0 0 0 150 62 55 55
5337 0 40 0 0 5137 0 0 0 0 180 62 55 55
5337 0 40 0 0 5137 0 10 0 0 0 62 54 54
5337 0 40 0 0 5137 0 10 0 0 30 62 54 54
5337 0 40 0 0 5137 0 10 0 0 60 62 54 54
5337 0 40 0 0 5137 0 10 0 0 90 62 54 54
5337 0 40 0 0 5137 0 10 0 0 120 62 55 55
5337 0 40 0 0 5137 0 10 0 0 150 62 55 55
5337 0 40 0 0 5137 0 10 0 0 180 62 54 54
5337 0 40 0 0 5137 0 20 0 0 0 62 53 53
5337 0 40 0 0 5137 0 20 0 0 30 62 53 53
5337 0 40 0 0 5137 0 20 0 0 60 62 53 53
5337 0 40 0 0 5137 0 20 0 0 90 62 53 53
5337 0 40 0 0 5137 0 20 0 0 120 62 53 53
5337 0 40 0 0 5137 0 20 0 0 150 62 53 53
5337 0 40 0 0 5137 0 20 0 0 180 62 53 53
5337 0 40 0 0 5137 0 30 0 0 0 62 50 50
5337 0 40 0 0 5137 0 30 0 0 30 62 50 50
5337 0 40 0 0 5137 0 30 0 0 60 62 51 51
5337 0 40 0 0 5137 0 30 0 0 90 62 51 51
5337 0 40 0 0 5137 0 30 0 0 120 61 50 50
5337 0 40 0 0 5137 0 30 0 0 150 61 50 50
5337 0 40 0 0 5137 0 30 0 0 180 61 50 50
5337 0 40 0 0 5137 0 40 0 0 0 61 50 50
5337 0 40 0 0 5137 0 40 0 0 30 61 50 50
5337 0 40 0 0 5137 0 40 0 0 60 61 50 50
5337 0 40 0 0 5137 0 40 0 0 90 61 50 50
5337 0 40 0 0 5137 0 40 0 0 120 61 50 50
5337 0 40 0 0 5137 0 40 0 0 150 61 50 50
5337 0 40 0 0 5137 0 40 0 0 180 61 50 50
5337 0 40 0 0 5137 0 50 0 0 0 60 50 50
5337 0 40 0 0 5137 0 50 0 0 30 61 50 50
5337 0 40 0 0 5137 0 50 0 0 60 60 50 50
5337 0 40 0 0 5137 0 50 0 0 90 60 50 50
5337 0 40 0 0 5137 0 50 0 0 120 60 50 50
5337 0 40 0 0 5137 0 50 0 0 150 60 50 50
5337 0 40 0 0 5137 0 50 0 0 180 60 51 51
5337 0 40 0 0 5137 0 60 0 0 0 59 52 52
5337 0 40 0 0 5137 0 60 0 0 30 59 52 52
5337 0 40 0 0 5137 0 60 0 0 60 59 52 52
5337 0 40 0 0 5137 0 60 0 0 90 59 51 51
5337 0 40 0 0 5137 0 60 0 0 120 59 51 51
5337 0 40 0 0 5137 0 60 0 0 150 59 51 51
5337 0 40 0 0 5137 0 60 0 0 180 59 52 52
5337 0 40 0 0 5137 0 0 0 0 0 61 53 53
5337 0 40 0 0 5137 0 0 0 0 30 61 53 53
5337 0 40 0 0 5137 0 0 0 0 60 61 53 53
5337 0 40 0 0 5137 0 0 0 0 90 61 54 54
5337 0 40 0 0 5137 0 0 0 0 120 61 54 54
5337 0 40 0 0 5137 0 0 0 0 150 61 54 54
5337 0 40 0 0 5137 0 0 0 0 180 61 54 54
5337 0 40 0 0 5137 0 10 0 0 0 61 53 53
5337 0 40 0 0 5137 0 10 0 0 30 61 53 53
5337 0 40 0 0 5137 0 10 0 0 60 61 53 53
5337 0 40 0 0 5137 0 10 0 0 90 61 53 53
5337 0 40 0 0 5137 0 10 0 0 120 61 54 54
5337 0 40 0 0 5137 0 10 0 0 150 61 54 54
5337 0 40 0 0 5137 0 10 0 0 180 61 53 53
5337 0 40 0 0 5137 0 20 0 0 0 61 52 52
5337 0 40 0 0 5137 0 20 0 0 30 61 52 52
5337 0 40 0 0 5137 0 20 0 0 60 61 52 52
5337 0 40 0 0 5137 0 20 0 0 90 61 52 52
5337 0 40 0 0 5137 0 20 0 0 120 61 52 52
5337 0 40 0 0 5137 0 20 0 0 150 61 53 53
5337 0 40 0 0 5137 0 20 0 0 180 61 52 52
5337 0 40 0 0 5137 0 30 0 0 0 61 49 49
5337 0 40 0 0 5137 0 30 0 0 30 61 49 49
5337 0 40 0 0 5137 0 30 0 0 60 61 49 49
5337 0 40 0 0 5137 0 30 0 0 90 61 49 49
5337 0 40 0 0 5137 0 30 0 0 120 61 49 49
5337 0 40 0 0 5137 0 30 0 0 150 60 50 50
5337 0 40 0 0 5137 0 30 0 0 180 61 49 49
5337 0 40 0 0 5137 0 40 0 0 0 60 49 49
5337 0 40 0 0 5137 0 40 0 0 30 60 49 49
5337 0 40 0 0 5137 0 40 0 0 60 60 49 49
5337 0 40 0 0 5137 0 40 0 0 90 60 49 49
5337 0 40 0 0 5137 0 40 0 0 120 60 49 49
5337 0 40 0 0 5137 0 40 0 0 150 60 49 49
5337 0 40 0 0 5137 0 40 0 0 180 60 49 49
5337 0 40 0 0 5137 0 50 0 0 0 60 49 49
5337 0 40 0 0 5137 0 50 0 0 30 60 49 49
5337 0 40 0 0 5137 0 50 0 0 60 59 49 49
5337 0 40 0 0 5137 0 50 0 0 90 59 49 49
5337 0 40 0 0 5137 0 50 0 0 120 59 49 49
5337 0 40 0 0 5137 0 50 0 0 150 59 50 50
5337 0 40 0 0 5137 0 50 0 0 180 59 50 50
5337 0 40 0 0 5137 0 60 0 0 0 58 51 51
5337 0 40 0 0 5137 0 60 0 0 30 58 51 51
5337 0 40 0 0 5137 0 60 0 0 60 58 51 51
5337 0 40 0 0 5137 0 60 0 0 90 58 50 50
5337 0 40 0 0 5137 0 60 0 0 120 58 50 50
5337 0 40 0 0 5137 0 60 0 0 150 58 50 50
5337 0 40 0 0 5137 0 60 0 0 180 58 51 51
5337 0 40 0 0 5137 0 0 0 0 0 61 52 52
5337 0 40 0 0 5137 0 0 0 0 30 61 52 52
5337 0 40 0 0 5137 0 0 0 0 60 61 52 52
5337 0 40 0 0 5137 0 0 0 0 90 60 53 53
5337 0 40 0 0 5137 0 0 0 0 120 60 53 53
5337 0 40 0 0 5137 0 0 0 0 150 60 53 53
5337 0 40 0 0 5137 0 0 0 0 180 60 53 53
5337 0 40 0 0 5137 0 10 0 0 0 61 52 52
5337 0 40 0 0 5137 0 10 0 0 30 61 52 52
5337 0 40 0 0 5137 0 10 0 0 60 60 52 52
5337 0 40 0 0 5137 0 10 0 0 90 60 52 52
5337 0 40 0 0 5137 0 10 0 0 120 60 53 53
5337 0 40 0 0 5137 0 10 0 0 150 60 53 53
5337 0 40 0 0 5137 0 10 0 0 180 60 52 52
5337 0 40 0 0 5137 0 20 0 0 0 60 50 50
5337 0 40 0 0 5137 0 20 0 0 30 60 50 50
5337 0 40 0 0 5137 0 20 0 0 60 60 51 51
5337 0 40 0 0 5137 0 20 0 0 90 60 51 51
5337 0 40 0 0 5137 0 20 0 0 120 60 51 51
5337 0 40 0 0 5137 0 20 0 0 150 60 52 52
5337 0 40 0 0 5137 0 20 0 0 180 60 51 51
5337 0 40 0 0 5137 0 30 0 0 0 60 48 48
5337 0 40 0 0 5137 0 30 0 0 30 60 48 48
5337 0 40 0 0 5137 0 30 0 0 60 60 48 48
5337 0 40 0 0 5137 0 30 0 0 90 60 48 48
5337 0 40 0 0 5137 0 30 0 0 120 60 48 48
5337 0 40 0 0 5137 0 30 0 0 150 60 49 49
5337 0 40 0 0 5137 0 30 0 0 180 60 49 49
5337 0 40 0 0 5137 0 40 0 0 0 59 48 48
5337 0 40 0 0 5137 0 40 0 0 30 59 48 48
5337 0 40 0 0 5137 0 40 0 0 60 59 48 48
5337 0 40 0 0 5137 0 40 0 0 90 59 48 48
5337 0 40 0 0 5137 0 40 0 0 120 59 48 48
5337 0 40 0 0 5137 0 40 0 0 150 59 48 48
5337 0 40 0 0 5137 0 40 0 0 180 59 48 48
5337 0 40 0 0 5137 0 50 0 0 0 59 48 48
5337 0 40 0 0 5137 0 50 0 0 30 59 48 48
5337 0 40 0 0 5137 0 50 0 0 60 59 48 48
5337 0 40 0 0 5137 0 50 0 0 90 59 48 48
5337 0 40 0 0 5137 0 50 0 0 120 58 48 48
5337 0 40 0 0 5137 0 50 0 0 150 58 49 49
5337 0 40 0 0 5137 0 50 0 0 180 58 49 49
5337 0 40 0 0 5137 0 60 0 0 0 57 50 50
5337 0 40 0 0 5137 0 60 0 0 30 57 50 50
5337 0 40 0 0 5137 0 60 0 0 60 57 50 50
5337 0 40 0 0 5137 0 60 0 0 90 57 50 50
5337 0 40 0 0 5137 0 60 0 0 120 57 49 49
5337 0 40 0 0 5137 0 60 0 0 150 57 49 49
5337 0 40 0 0 5137 0 60 0 0 180 57 50 50
5337 0 40 0 0 5137 0 0 0 0 0 60 51 51
5337 0 40 0 0 5137 0 0 0 0 30 60 51 51
5337 0 40 0 0 5137 0 0 0 0 60 60 51 51
5337 0 40 0 0 5137 0 0 0 0 90 60 52 52
5337 0 40 0 0 5137 0 0 0 0 120 60 52 52
5337 0 40 0 0 5137 0 0 0 0 150 59 52 52
5337 0 40 0 0 5137 0 0 0 0 180 59 52 52
5337 0 40 0 0 5137 0 10 0 0 0 60 50 50
5337 0 40 0 0 5137 0 10 0 0 30 60 51 51
5337 0 40 0 0 5137 0 10 0 0 60 60 51 51
5337 0 40 0 0 5137 0 10 0 0 90 60 51 51
5337 0 40 0 0 5137 0 10 0 0 120 59 51 51
5337 0 40 0 0 5137 0 10 0 0 150 59 52 52
5337 0 40 0 0 5137 0 10 0 0 180 59 52 52
5337 0 40 0 0 5137 0 20 0 0 0 59 49 49
5337 0 40 0 0 5137 0 20 0 0 30 59 49 49
5337 0 40 0 0 5137 0 20 0 0 60 59 49 49
5337 0 40 0 0 5137 0 20 0 0 90 59 49 49
5337 0 40 0 0 5137 0 20 0 0 120 59 50 50
5337 0 40 0 0 5137 0 20 0 0 150 59 50 50
5337 0 40 0 0 5137 0 20 0 0 180 59 50 50
5337 0 40 0 0 5137 0 30 0 0 0 59 47 47
5337 0 40 0 0 5137 0 30 0 0 30 59 47 47
5337 0 40 0 0 5137 0 30 0 0 60 59 47 47
5337 0 40 0 0 5137 0 30 0 0 90 59 47 47
5337 0 40 0 0 5137 0 30 0 0 120 59 47 47
5337 0 40 0 0 5137 0 30 0 0 150 59 48 48
5337 0 40 0 0 5137 0 30 0 0 180 59 48 48
5337 0 40 0 0 5137 0 40 0 0 0 59 47 47
5337 0 40 0 0 5137 0 40 0 0 30 58 47 47
5337 0 40 0 0 5137 0 40 0 0 60 58 47 47
5337 0 40 0 0 5137 0 40 0 0 90 58 47 47
5337 0 40 0 0 5137 0 40 0 0 120 58 47 47
5337 0 40 0 0 5137 0 40 0 0 150 58 48 48
5337 0 40 0 0 5137 0 40 0 0 180 58 48 48
5337 0 40 0 0 5137 0 50 0 0 0 58 48 48
5337 0 40 0 0 5137 0 50 0 0 30 58 48 48
5337 0 40 0 0 5137 0 50 0 0 60 58 47 47
5337 0 40 0 0 5137 0 50 0 0 90 58 47 47
5337 0 40 0 0 5137 0 50 0 0 120 58 47 47
5337 0 40 0 0 5137 0 50 0 0 150 57 48 48
5337 0 40 0 0 5137 0 50 0 0 180 57 48 48
5337 0 40 0 0 5137 0 60 0 0 0 56 49 49
5337 0 40 0 0 5137 0 60 0 0 30 56 49 49
5337 0 40 0 0 5137 0 60 0 0 60 56 49 49
5337 0 40 0 0 5137 0 60 0 0 90 56 49 49
5337 0 40 0 0 5137 0 60 0 0 120 56 48 48
5337 0 40 0 0 5137 0 60 0 0 150 56 48 48
5337 0 40 0 0 5137 0 60 0 0 180 56 49 49
5337 0 40 0 0 5137 0 0 0 0 0 59 50 50
5337 0 40 0 0 5137 0 0 0 0 30 59 50 50
5337 0 40 0 0 5137 0 0 0 0 60 59 50 50
5337 0 40 0 0 5137 0 0 0 0 90 59 50 50
5337 0 40 0 0 5137 0 0 0 0 120 59 51 51
5337 0 40 0 0 5137 0 0 0 0 150 59 51 51
5337 0 40 0 0 5137 0 0 0 0 180 58 51 51
5337 0 40 0 0 5137 0 10 0 0 0 59 49 49
5337 0 40 0 0 5137 0 10 0 0 30 59 49 49
5337 0 40 0 0 5137 0 10 0 0 60 59 49 49
5337 0 40 0 0 5137 0 10 0 0 90 59 50 50
5337 0 40 0 0 5137 0 10 0 0 120 59 50 50
5337 0 40 0 0 5137 0 10 0 0 150 58 51 51
5337 0 40 0 0 5137 0 10 0 0 180 58 51 51
5337 0 40 0 0 5137 0 20 0 0 0 59 47 47
5337 0 40 0 0 5137 0 20 0 0 30 59 47 47
5337 0 40 0 0 5137 0 20 0 0 60 59 47 47
5337 0 40 0 0 5137 0 20 0 0 90 59 48 48
5337 0 40 0 0 5137 0 20 0 0 120 58 48 48
5337 0 40 0 0 5137 0 20 0 0 150 58 49 49
5337 0 40 0 0 5137 0 20 0 0 180 58 49 49
5337 0 40 0 0 5137 0 30 0 0 0 58 46 46
5337 0 40 0 0 5137 0 30 0 0 30 58 46 46
5337 0 40 0 0 5137 0 30 0 0 60 58 46 46
5337 0 40 0 0 5137 0 30 0 0 90 58 46 46
5337 0 40 0 0 5137 0 30 0 0 120 58 47 47
5337 0 40 0 0 5137 0 30 0 0 150 58 47 47
5337 0 40 0 0 5137 0 30 0 0 180 58 48 48
5337 0 40 0 0 5137 0 40 0 0 0 57 46 46
5337 0 40 0 0 5137 0 40 0 0 30 57 46 46
5337 0 40 0 0 5137 0 40 0 0 60 58 46 46
5337 0 40 0 0 5137 0 40 0 0 90 58 46 46
5337 0 40 0 0 5137 0 40 0 0 120 57 46 46
5337 0 40 0 0 5137 0 40 0 0 150 57 47 47
5337 0 40 0 0 5137 0 40 0 0 180 57 47 47
5337 0 40 0 0 5137 0 50 0 0 0 56 47 47
5337 0 40 0 0 5137 0 50 0 0 30 56 47 47
5337 0 40 0 0 5137 0 50 0 0 60 57 47 47
5337 0 40 0 0 5137 0 50 0 0 90 57 47 47
5337 0 40 0 0 5137 0 50 0 0 120 57 47 47
5337 0 40 0 0 5137 0 50 0 0 150 57 47 47
5337 0 40 0 0 5137 0 50 0 0 180 57 47 47
5337 0 40 0 0 5137 0 60 0 0 0 55 48 48
5337 0 40 0 0 5137 0 60 0 0 30 55 48 48
5337 0 40 0 0 5137 0 60 0 0 60 55 48 48
5337 0 40 0 0 5137 0 60 0 0 90 55 48 48
5337 0 40 0 0 5137 0 60 0 0 120 55 48 48
5337 0 40 0 0 5137 0 60 0 0 150 55 48 48
5337 0 40 0 0 5137 0 60 0 0 180 55 48 48
5337 0 40 0 0 5137 0 0 0 0 0 58 48 48
5337 0 40 0 0 5137 0 0 0 0 30 58 48 48
5337 0 40 0 0 5137 0 0 0 0 60 58 48 48
5337 0 40 0 0 5137 0 0 0 0 90 58 49 49
5337 0 40 0 0 5137 0 0 0 0 120 58 49 49
5337 0 40 0 0 5137 0 0 0 0 150 58 50 50
5337 0 40 0 0 5137 0 0 0 0 180 58 50 50
5337 0 40 0 0 5137 0 10 0 0 0 58 47 47
5337 0 40 0 0 5137 0 10 0 0 30 58 48 48
5337 0 40 0 0 5137 0 10 0 0 60 58 48 48
5337 0 40 0 0 5137 0 10 0 0 90 58 48 48
5337 0 40 0 0 5137 0 10 0 0 120 58 48 48
5337 0 40 0 0 5137 0 10 0 0 150 58 49 49
5337 0 40 0 0 5137 0 10 0 0 180 58 49 49
5337 0 40 0 0 5137 0 20 0 0 0 58 46 46
5337 0 40 0 0 5137 0 20 0 0 30 58 46 46
5337 0 40 0 0 5137 0 20 0 0 60 58 46 46
5337 0 40 0 0 5137 0 20 0 0 90 58 46 46
5337 0 40 0 0 5137 0 20 0 0 120 58 47 47
5337 0 40 0 0 5137 0 20 0 0 150 58 48 48
5337 0 40 0 0 5137 0 20 0 0 180 57 48 48
5337 0 40 0 0 5137 0 30 0 0 0 57 45 45
5337 0 40 0 0 5137 0 30 0 0 30 57 45 45
5337 0 40 0 0 5137 0 30 0 0 60 57 45 45
5337 0 40 0 0 5137 0 30 0 0 90 57 45 45
5337 0 40 0 0 5137 0 30 0 0 120 57 46 46
5337 0 40 0 0 5137 0 30 0 0 150 57 47 47
5337 0 40 0 0 5137 0 30 0 0 180 57 47 47
5337 0 40 0 0 5137 0 40 0 0 0 56 46 46
5337 0 40 0 0 5137 0 40 0 0 30 56 46 46
5337 0 40 0 0 5137 0 40 0 0 60 56 46 46
5337 0 40 0 0 5137 0 40 0 0 90 57 46 46
5337 0 40 0 0 5137 0 40 0 0 120 57 46 46
5337 0 40 0 0 5137 0 40 0 0 150 57 46 46
5337 0 40 0 0 5137 0 40 0 0 180 57 47 47
5337 0 40 0 0 5137 0 50 0 0 0 55 46 46
5337 0 40 0 0 5137 0 50 0 0 30 55 46 46
5337 0 40 0 0 5137 0 50 0 0 60 55 46 46
5337 0 40 0 0 5137 0 50 0 0 90 55 46 46
5337 0 40 0 0 5137 0 50 0 0 120 56 46 46
5337 0 40 0 0 5137 0 50 0 0 150 56 46 46
5337 0 40 0 0 5137 0 50 0 0 180 56 47 47
5337 0 40 0 0 5137 0 60 0 0 0 53 47 47
5337 0 40 0 0 5137 0 60 0 0 30 53 47 47
5337 0 40 0 0 5137 0 60 0 0 60 54 47 47
5337 0 40 0 0 5137 0 60 0 0 90 54 47 47
5337 0 40 0 0 5137 0 60 0 0 120 54 47 47
5337 0 40 0 0 5137 0 60 0 0 150 54 47 47
5337 0 40 0 0 5137 0 60 0 0 180 54 47 47
5337 0 40 0 0 5337 0 0 0 0 0 48 44 44
5337 0 40 0 0 5337 0 0 0 0 30 50 48 48
5337 0 40 0 0 5337 0 0 0 0 60 57 54 54
5337 0 40 0 0 5337 0 0 0 0 90 65 60 60
5337 0 40 0 0 5337 0 0 0 0 120 71 65 65
5337 0 40 0 0 5337 0 0 0 0 150 75 65 65
5337 0 40 0 0 5337 0 0 0 0 180 76 63 63
5337 0 40 0 0 5337 0 10 0 0 0 48 43 43
5337 0 40 0 0 5337 0 10 0 0 30 50 47 47
5337 0 40 0 0 5337 0 10 0 0 60 57 53 53
5337 0 40 0 0 5337 0 10 0 0 90 65 59 59
5337 0 40 0 0 5337 0 10 0 0 120 70 63 63
5337 0 40 0 0 5337 0 10 0 0 150 74 65 65
5337 0 40 0 0 5337 0 10 0 0 180 76 64 64
5337 0 40 0 0 5337 0 20 0 0 0 48 42 42
5337 0 40 0 0 5337 0 20 0 0 30 50 45 45
5337 0 40 0 0 5337 0 20 0 0 60 57 51 51
5337 0 40 0 0 5337 0 20 0 0 90 65 57 57
5337 0 40 0 0 5337 0 20 0 0 120 70 61 61
5337 0 40 0 0 5337 0 20 0 0 150 74 64 64
5337 0 40 0 0 5337 0 20 0 0 180 76 64 64
5337 0 40 0 0 5337 0 30 0 0 0 47 39 39
5337 0 40 0 0 5337 0 30 0 0 30 50 42 42
5337 0 40 0 0 5337 0 30 0 0 60 57 47 47
5337 0 40 0 0 5337 0 30 0 0 90 64 53 53
5337 0 40 0 0 5337 0 30 0 0 120 70 57 57
5337 0 40 0 0 5337 0 30 0 0 150 74 60 60
5337 0 40 0 0 5337 0 30 0 0 180 76 61 61
5337 0 40 0 0 5337 0 40 0 0 0 47 39 39
5337 0 40 0 0 5337 0 40 0 0 30 49 41 41
5337 0 40 0 0 5337 0 40 0 0 60 56 46 46
5337 0 40 0 0 5337 0 40 0 0 90 64 52 52
5337 0 40 0 0 5337 0 40 0 0 120 70 56 56
5337 0 40 0 0 5337 0 40 0 0 150 73 59 59
5337 0 40 0 0 5337 0 40 0 0 180 75 61 61
5337 0 40 0 0 5337 0 50 0 0 0 47 40 40
5337 0 40 0 0 5337 0 50 0 0 30 49 42 42
5337 0 40 0 0 5337 0 50 0 0 60 55 47 47
5337 0 40 0 0 5337 0 50 0 0 90 63 52 52
5337 0 40 0 0 5337 0 50 0 0 120 69 56 56
5337 0 40 0 0 5337 0 50 0 0 150 72 60 60
5337 0 40 0 0 5337 0 50 0 0 180 74 62 62
5337 0 40 0 0 5337 0 60 0 0 0 46 40 40
5337 0 40 0 0 5337 0 60 0 0 30 48 43 43
5337 0 40 0 0 5337 0 60 0 0 60 54 47 47
5337 0 40 0 0 5337 0 60 0 0 90 62 53 53
5337 0 40 0 0 5337 0 60 0 0 120 67 57 57
5337 0 40 0 0 5337 0 60 0 0 150 71 61 61
5337 0 40 0 0 5337 0 60 0 0 180 72 63 63
5337 0 40 0 0 5337 0 0 0 0 0 46 42 42
5337 0 40 0 0 5337 0 0 0 0 30 48 46 46
5337 0 40 0 0 5337 0 0 0 0 60 55 51 51
5337 0 40 0 0 5337 0 0 0 0 90 62 57 57
5337 0 40 0 0 5337 0 0 0 0 120 68 62 62
5337 0 40 0 0 5337 0 0 0 0 150 73 65 65
5337 0 40 0 0 5337 0 0 0 0 180 75 62 62
5337 0 40 0 0 5337 0 10 0 0 0 46 41 41
5337 0 40 0 0 5337 0 10 0 0 30 48 45 45
5337 0 40 0 0 5337 0 10 0 0 60 54 50 50
5337 0 40 0 0 5337 0 10 0 0 90 62 56 56
5337 0 40 0 0 5337 0 10 0 0 120 68 61 61
5337 0 40 0 0 5337 0 10 0 0 150 73 64 64
5337 0 40 0 0 5337 0 10 0 0 180 75 63 63
5337 0 40 0 0 5337 0 20 0 0 0 46 40 40
5337 0 40 0 0 5337 0 20 0 0 30 48 43 43
5337 0 40 0 0 5337 0 20 0 0 60 54 48 48
5337 0 40 0 0 5337 0 20 0 0 90 62 54 54
5337 0 40 0 0 5337 0 20 0 0 120 68 59 59
5337 0 40 0 0 5337 0 20 0 0 150 73 63 63
5337 0 40 0 0 5337 0 20 0 0 180 75 63 63
5337 0 40 0 0 5337 0 30 0 0 0 45 37 37
5337 0 40 0 0 5337 0 30 0 0 30 48 39 39
5337 0 40 0 0 5337 0 30 0 0 60 54 45 45
5337 0 40 0 0 5337 0 30 0 0 90 61 50 50
5337 0 40 0 0 5337 0 30 0 0 120 68 55 55
5337 0 40 0 0 5337 0 30 0 0 150 72 59 59
5337 0 40 0 0 5337 0 30 0 0 180 74 60 60
5337 0 40 0 0 5337 0 40 0 0 0 45 37 37
5337 0 40 0 0 5337 0 40 0 0 30 47 39 39
5337 0 40 0 0 5337 0 40 0 0 60 53 44 44
5337 0 40 0 0 5337 0 40 0 0 90 61 49 49
5337 0 40 0 0 5337 0 40 0 0 120 67 54 54
5337 0 40 0 0 5337 0 40 0 0 150 72 58 58
5337 0 40 0 0 5337 0 40 0 0 180 74 60 60
5337 0 40 0 0 5337 0 50 0 0 0 44 38 38
5337 0 40 0 0 5337 0 50 0 0 30 46 39 39
5337 0 40 0 0 5337 0 50 0 0 60 53 44 44
5337 0 40 0 0 5337 0 50 0 0 90 60 49 49
5337 0 40 0 0 5337 0 50 0 0 120 66 54 54
5337 0 40 0 0 5337 0 50 0 0 150 71 58 58
5337 0 40 0 0 5337 0 50 0 0 180 73 61 61
5337 0 40 0 0 5337 0 60 0 0 0 43 39 39
5337 0 40 0 0 5337 0 60 0 0 30 45 40 40
5337 0 40 0 0 5337 0 60 0 0 60 52 45 45
5337 0 40 0 0 5337 0 60 0 0 90 59 50 50
5337 0 40 0 0 5337 0 60 0 0 120 65 54 54
5337 0 40 0 0 5337 0 60 0 0 150 69 59 59
5337 0 40 0 0 5337 0 60 0 0 180 71 62 62
5337 0 40 0 0 5337 0 0 0 0 0 44 41 41
5337 0 40 0 0 5337 0 0 0 0 30 46 44 44
5337 0 40 0 0 5337 0 0 0 0 60 52 48 48
5337 0 40 0 0 5337 0 0 0 0 90 59 54 54
5337 0 40 0 0 5337 0 0 0 0 120 65 60 60
5337 0 40 0 0 5337 0 0 0 0 150 71 63 63
5337 0 40 0 0 5337 0 0 0 0 180 73 61 61
5337 0 40 0 0 5337 0 10 0 0 0 44 40 40
5337 0 40 0 0 5337 0 10 0 0 30 46 43 43
5337 0 40 0 0 5337 0 10 0 0 60 52 47 47
5337 0 40 0 0 5337 0 10 0 0 90 59 53 53
5337 0 40 0 0 5337 0 10 0 0 120 65 59 59
5337 0 40 0 0 5337 0 10 0 0 150 71 63 63
5337 0 40 0 0 5337 0 10 0 0 180 73 62 62
5337 0 40 0 0 5337 0 20 0 0 0 44 38 38
5337 0 40 0 0 5337 0 20 0 0 30 46 41 41
5337 0 40 0 0 5337 0 20 0 0 60 52 46 46
5337 0 40 0 0 5337 0 20 0 0 90 59 51 51
5337 0 40 0 0 5337 0 20 0 0 120 65 57 57
5337 0 40 0 0 5337 0 20 0 0 150 71 61 61
5337 0 40 0 0 5337 0 20 0 0 180 73 62 62
5337 0 40 0 0 5337 0 30 0 0 0 43 35 35
5337 0 40 0 0 5337 0 30 0 0 30 46 37 37
5337 0 40 0 0 5337 0 30 0 0 60 51 42 42
5337 0 40 0 0 5337 0 30 0 0 90 59 47 47
5337 0 40 0 0 5337 0 30 0 0 120 65 53 53
5337 0 40 0 0 5337 0 30 0 0 150 70 57 57
5337 0 40 0 0 5337 0 30 0 0 180 73 60 60
5337 0 40 0 0 5337 0 40 0 0 0 43 35 35
5337 0 40 0 0 5337 0 40 0 0 30 45 37 37
5337 0 40 0 0 5337 0 40 0 0 60 51 41 41
5337 0 40 0 0 5337 0 40 0 0 90 58 46 46
5337 0 40 0 0 5337 0 40 0 0 120 64 51 51
5337 0 40 0 0 5337 0 40 0 0 150 70 56 56
5337 0 40 0 0 5337 0 40 0 0 180 72 59 59
5337 0 40 0 0 5337 0 50 0 0 0 42 36 36
5337 0 40 0 0 5337 0 50 0 0 30 44 37 37
5337 0 40 0 0 5337 0 50 0 0 60 50 41 41
5337 0 40 0 0 5337 0 50 0 0 90 57 46 46
5337 0 40 0 0 5337 0 50 0 0 120 64 51 51
5337 0 40 0 0 5337 0 50 0 0 150 69 56 56
5337 0 40 0 0 5337 0 50 0 0 180 71 60 60
5337 0 40 0 0 5337 0 60 0 0 0 41 37 37
5337 0 40 0 0 5337 0 60 0 0 30 43 38 38
5337 0 40 0 0 5337 0 60 0 0 60 49 42 42
5337 0 40 0 0 5337 0 60 0 0 90 56 46 46
5337 0 40 0 0 5337 0 60 0 0 120 62 52 52
5337 0 40 0 0 5337 0 60 0 0 150 67 57 57
5337 0 40 0 0 5337 0 60 0 0 180 69 61 61
5337 0 40 0 0 5337 0 0 0 0 0 42 41 41
5337 0 40 0 0 5337 0 0 0 0 30 45 42 42
5337 0 40 0 0 5337 0 0 0 0 60 50 46 46
5337 0 40 0 0 5337 0 0 0 0 90 56 51 51
5337 0 40 0 0 5337 0 0 0 0 120 63 57 57
5337 0 40 0 0 5337 0 0 0 0 150 69 61 61
5337 0 40 0 0 5337 0 0 0 0 180 72 60 60
5337 0 40 0 0 5337 0 10 0 0 0 42 39 39
5337 0 40 0 0 5337 0 10 0 0 30 45 41 41
5337 0 40 0 0 5337 0 10 0 0 60 50 45 45
5337 0 40 0 0 5337 0 10 0 0 90 56 50 50
5337 0 40 0 0 5337 0 10 0 0 120 62 56 56
5337 0 40 0 0 5337 0 10 0 0 150 69 61 61
5337 0 40 0 0 5337 0 10 0 0 180 71 60 60
5337 0 40 0 0 5337 0 20 0 0 0 42 36 36
5337 0 40 0 0 5337 0 20 0 0 30 45 39 39
5337 0 40 0 0 5337 0 20 0 0 60 50 43 43
5337 0 40 0 0 5337 0 20 0 0 90 56 48 48
5337 0 40 0 0 5337 0 20 0 0 120 62 54 54
5337 0 40 0 0 5337 0 20 0 0 150 69 59 59
5337 0 40 0 0 5337 0 20 0 0 180 71 60 60
5337 0 40 0 0 5337 0 30 0 0 0 41 33 33
5337 0 40 0 0 5337 0 30 0 0 30 44 36 36
5337 0 40 0 0 5337 0 30 0 0 60 49 40 40
5337 0 40 0 0 5337 0 30 0 0 90 56 45 45
5337 0 40 0 0 5337 0 30 0 0 120 62 50 50
5337 0 40 0 0 5337 0 30 0 0 150 68 56 56
5337 0 40 0 0 5337 0 30 0 0 180 71 58 58
5337 0 40 0 0 5337 0 40 0 0 0 41 33 33
5337 0 40 0 0 5337 0 40 0 0 30 44 35 35
5337 0 40 0 0 5337 0 40 0 0 60 49 39 39
5337 0 40 0 0 5337 0 40 0 0 90 55 43 43
5337 0 40 0 0 5337 0 40 0 0 120 62 49 49
5337 0 40 0 0 5337 0 40 0 0 150 68 54 54
5337 0 40 0 0 5337 0 40 0 0 180 70 58 58
5337 0 40 0 0 5337 0 50 0 0 0 40 34 34
5337 0 40 0 0 5337 0 50 0 0 30 43 36 36
5337 0 40 0 0 5337 0 50 0 0 60 48 39 39
5337 0 40 0 0 5337 0 50 0 0 90 54 43 43
5337 0 40 0 0 5337 0 50 0 0 120 61 48 48
5337 0 40 0 0 5337 0 50 0 0 150 67 54 54
5337 0 40 0 0 5337 0 50 0 0 180 69 59 59
5337 0 40 0 0 5337 0 60 0 0 0 40 35 35
5337 0 40 0 0 5337 0 60 0 0 30 42 37 37
5337 0 40 0 0 5337 0 60 0 0 60 47 39 39
5337 0 40 0 0 5337 0 60 0 0 90 53 43 43
5337 0 40 0 0 5337 0 60 0 0 120 59 49 49
5337 0 40 0 0 5337 0 60 0 0 150 65 55 55
5337 0 40 0 0 5337 0 60 0 0 180 67 60 60
5337 0 40 0 0 5337 0 0 0 0 0 41 41 41
5337 0 40 0 0 5337 0 0 0 0 30 44 42 42
5337 0 40 0 0 5337 0 0 0 0 60 48 44 44
5337 0 40 0 0 5337 0 0 0 0 90 53 48 48
5337 0 40 0 0 5337 0 0 0 0 120 60 54 54
5337 0 40 0 0 5337 0 0 0 0 150 67 59 59
5337 0 40 0 0 5337 0 0 0 0 180 70 59 59
5337 0 40 0 0 5337 0 10 0 0 0 41 39 39
5337 0 40 0 0 5337 0 10 0 0 30 44 40 40
5337 0 40 0 0 5337 0 10 0 0 60 48 43 43
5337 0 40 0 0 5337 0 10 0 0 90 53 47 47
5337 0 40 0 0 5337 0 10 0 0 120 59 53 53
5337 0 40 0 0 5337 0 10 0 0 150 67 59 59
5337 0 40 0 0 5337 0 10 0 0 180 70 59 59
5337 0 40 0 0 5337 0 20 0 0 0 40 36 36
5337 0 40 0 0 5337 0 20 0 0 30 44 37 37
5337 0 40 0 0 5337 0 20 0 0 60 48 41 41
5337 0 40 0 0 5337 0 20 0 0 90 53 45 45
5337 0 40 0 0 5337 0 20 0 0 120 59 50 50
5337 0 40 0 0 5337 0 20 0 0 150 66 57 57
5337 0 40 0 0 5337 0 20 0 0 180 69 58 58
5337 0 40 0 0 5337 0 30 0 0 0 40 32 32
5337 0 40 0 0 5337 0 30 0 0 30 43 35 35
5337 0 40 0 0 5337 0 30 0 0 60 47 38 38
5337 0 40 0 0 5337 0 30 0 0 90 53 42 42
5337 0 40 0 0 5337 0 30 0 0 120 59 47 47
5337 0 40 0 0 5337 0 30 0 0 150 66 54 54
5337 0 40 0 0 5337 0 30 0 0 180 69 57 57
5337 0 40 0 0 5337 0 40 0 0 0 39 32 32
5337 0 40 0 0 5337 0 40 0 0 30 43 34 34
5337 0 40 0 0 5337 0 40 0 0 60 47 37 37
5337 0 40 0 0 5337 0 40 0 0 90 52 41 41
5337 0 40 0 0 5337 0 40 0 0 120 58 46 46
5337 0 40 0 0 5337 0 40 0 0 150 65 53 53
5337 0 40 0 0 5337 0 40 0 0 180 68 57 57
5337 0 40 0 0 5337 0 50 0 0 0 39 32 32
5337 0 40 0 0 5337 0 50 0 0 30 42 34 34
5337 0 40 0 0 5337 0 50 0 0 60 46 37 37
5337 0 40 0 0 5337 0 50 0 0 90 51 40 40
5337 0 40 0 0 5337 0 50 0 0 120 58 46 46
5337 0 40 0 0 5337 0 50 0 0 150 64 52 52
5337 0 40 0 0 5337 0 50 0 0 180 67 58 58
5337 0 40 0 0 5337 0 60 0 0 0 39 34 34
5337 0 40 0 0 5337 0 60 0 0 30 42 35 35
5337 0 40 0 0 5337 0 60 0 0 60 45 37 37
5337 0 40 0 0 5337 0 60 0 0 90 50 41 41
5337 0 40 0 0 5337 0 60 0 0 120 56 46 46
5337 0 40 0 0 5337 0 60 0 0 150 63 52 52
5337 0 40 0 0 5337 0 60 0 0 180 65 58 58
5337 0 40 0 0 5337 0 0 0 0 0 42 41 41
5337 0 40 0 0 5337 0 0 0 0 30 43 41 41
5337 0 40 0 0 5337 0 0 0 0 60 46 43 43
5337 0 40 0 0 5337 0 0 0 0 90 50 45 45
5337 0 40 0 0 5337 0 0 0 0 120 56 50 50
5337 0 40 0 0 5337 0 0 0 0 150 64 57 57
5337 0 40 0 0 5337 0 0 0 0 180 68 57 57
5337 0 40 0 0 5337 0 10 0 0 0 42 38 38
5337 0 40 0 0 5337 0 10 0 0 30 43 39 39
5337 0 40 0 0 5337 0 10 0 0 60 46 41 41
5337 0 40 0 0 5337 0 10 0 0 90 50 44 44
5337 0 40 0 0 5337 0 10 0 0 120 56 49 49
5337 0 40 0 0 5337 0 10 0 0 150 64 56 56
5337 0 40 0 0 5337 0 10 0 0 180 68 57 57
5337 0 40 0 0 5337 0 20 0 0 0 41 35 35
5337 0 40 0 0 5337 0 20 0 0 30 43 37 37
5337 0 40 0 0 5337 0 20 0 0 60 46 38 38
5337 0 40 0 0 5337 0 20 0 0 90 50 41 41
5337 0 40 0 0 5337 0 20 0 0 120 56 46 46
5337 0 40 0 0 5337 0 20 0 0 150 64 54 54
5337 0 40 0 0 5337 0 20 0 0 180 67 56 56
5337 0 40 0 0 5337 0 30 0 0 0 41 33 33
5337 0 40 0 0 5337 0 30 0 0 30 42 34 34
5337 0 40 0 0 5337 0 30 0 0 60 45 36 36
5337 0 40 0 0 5337 0 30 0 0 90 50 39 39
5337 0 40 0 0 5337 0 30 0 0 120 56 45 45
5337 0 40 0 0 5337 0 30 0 0 150 63 52 52
5337 0 40 0 0 5337 0 30 0 0 180 67 56 56
5337 0 40 0 0 5337 0 40 0 0 0 41 32 32
5337 0 40 0 0 5337 0 40 0 0 30 42 33 33
5337 0 40 0 0 5337 0 40 0 0 60 45 35 35
5337 0 40 0 0 5337 0 40 0 0 90 49 38 38
5337 0 40 0 0 5337 0 40 0 0 120 55 43 43
5337 0 40 0 0 5337 0 40 0 0 150 63 51 51
5337 0 40 0 0 5337 0 40 0 0 180 66 56 56
5337 0 40 0 0 5337 0 50 0 0 0 41 33 33
5337 0 40 0 0 5337 0 50 0 0 30 42 33 33
5337 0 40 0 0 5337 0 50 0 0 60 44 35 35
5337 0 40 0 0 5337 0 50 0 0 90 49 38 38
5337 0 40 0 0 5337 0 50 0 0 120 54 43 43
5337 0 40 0 0 5337 0 50 0 0 150 62 50 50
5337 0 40 0 0 5337 0 50 0 0 180 65 56 56
5337 0 40 0 0 5337 0 60 0 0 0 41 34 34
5337 0 40 0 0 5337 0 60 0 0 30 42 34 34
5337 0 40 0 0 5337 0 60 0 0 60 44 35 35
5337 0 40 0 0 5337 0 60 0 0 90 48 38 38
5337 0 40 0 0 5337 0 60 0 0 120 53 43 43
5337 0 40 0 0 5337 0 60 0 0 150 60 50 50
5337 0 40 0 0 5337 0 60 0 0 180 62 57 57
