5137 0 10 0 0 4737 0 0 0 0 0 62 54 54
5137 0 10 0 0 4737 0 0 0 0 30 62 54 54
5137 0 10 0 0 4737 0 0 0 0 60 62 54 54
5137 0 10 0 0 4737 0 0 0 0 90 62 55 55
5137 0 10 0 0 4737 0 0 0 0 120 62 55 55
5137 0 10 0 0 4737 0 0 0 0 150 62 55 55
5137 0 10 0 0 4737 0 0 0 0 180 62 55 55
5137 0 10 0 0 4737 0 10 0 0 0 62 54 54
5137 0 10 0 0 4737 0 10 0 0 30 62 54 54
5137 0 10 0 0 4737 0 10 0 0 60 62 54 54
5137 0 10 0 0 4737 0 10 0 0 90 62 54 54
5137 0 10 0 0 4737 0 10 0 0 120 62 55 55
5137 0 10 0 0 4737 0 10 0 0 150 62 55 55
5137 0 10 0 0 4737 0 10 0 0 180 62 55 55
5137 0 10 0 0 4737 0 20 0 0 0 62 53 53
5137 0 10 0 0 4737 0 20 0 0 30 62 53 53
5137 0 10 0 0 4737 0 20 0 0 60 62 53 53
5137 0 10 0 0 4737 0 20 0 0 90 62 53 53
5137 0 10 0 0 4737 0 20 0 0 120 62 54 54
5137 0 10 0 0 4737 0 20 0 0 150 62 54 54
5137 0 10 0 0 4737 0 20 0 0 180 62 54 54
5137 0 10 0 0 4737 0 30 0 0 0 61 51 51
5137 0 10 0 0 4737 0 30 0 0 30 61 51 51
5137 0 10 0 0 4737 0 30 0 0 60 62 51 51
5137 0 10 0 0 4737 0 30 0 0 90 62 51 51
5137 0 10 0 0 4737 0 30 0 0 120 62 51 51
5137 0 10 0 0 4737 0 30 0 0 150 62 52 52
5137 0 10 0 0 4737 0 30 0 0 180 62 52 52
5137 0 10 0 0 4737 0 40 0 0 0 61 51 51
5137 0 10 0 0 4737 0 40 0 0 30 61 51 51
5137 0 10 0 0 4737 0 40 0 0 60 61 51 51
5137 0 10 0 0 4737 0 40 0 0 90 61 51 51
5137 0 10 0 0 4737 0 40 0 0 120 61 51 51
5137 0 10 0 0 4737 0 40 0 0 150 61 52 52
5137 0 10 0 0 4737 0 40 0 0 180 61 52 52
5137 0 10 0 0 4737 0 50 0 0 0 60 52 52
5137 0 10 0 0 4737 0 50 0 0 30 60 52 52
5137 0 10 0 0 4737 0 50 0 0 60 60 52 52
5137 0 10 0 0 4737 0 50 0 0 90 60 52 52
5137 0 10 0 0 4737 0 50 0 0 120 60 52 52
5137 0 10 0 0 4737 0 50 0 0 150 60 52 52
5137 0 10 0 0 4737 0 50 0 0 180 60 52 52
5137 0 10 0 0 4737 0 60 0 0 0 59 53 53
5137 0 10 0 0 4737 0 60 0 0 30 59 53 53
5137 0 10 0 0 4737 0 60 0 0 60 59 53 53
5137 0 10 0 0 4737 0 60 0 0 90 59 53 53
5137 0 10 0 0 4737 0 60 0 0 120 59 53 53
5137 0 10 0 0 4737 0 60 0 0 150 59 54 54
5137 0 10 0 0 4737 0 60 0 0 180 59 53 53
5137 0 10 0 0 4737 0 0 0 0 0 61 53 53
5137 0 10 0 0 4737 0 0 0 0 30 61 53 53
5137 0 10 0 0 4737 0 0 0 0 60 61 53 53
5137 0 10 0 0 4737 0 0 0 0 90 61 53 53
5137 0 10 0 0 4737 0 0 0 0 120 61 54 54
5137 0 10 0 0 4737 0 0 0 0 150 61 54 54
5137 0 10 0 0 4737 0 0 0 0 180 61 54 54
5137 0 10 0 0 4737 0 10 0 0 0 61 53 53
5137 0 10 0 0 4737 0 10 0 0 30 61 53 53
5137 0 10 0 0 4737 0 10 0 0 60 61 53 53
5137 0 10 0 0 4737 0 10 0 0 90 61 53 53
5137 0 10 0 0 4737 0 10 0 0 120 61 53 53
5137 0 10 0 0 4737 0 10 0 0 150 61 53 53
5137 0 10 0 0 4737 0 10 0 0 180 61 53 53
5137 0 10 0 0 4737 0 20 0 0 0 61 52 52
5137 0 10 0 0 4737 0 20 0 0 30 61 52 52
5137 0 10 0 0 4737 0 20 0 0 60 61 52 52
5137 0 10 0 0 4737 0 20 0 0 90 61 52 52
5137 0 10 0 0 4737 0 20 0 0 120 61 52 52
5137 0 10 0 0 4737 0 20 0 0 150 61 52 52
5137 0 10 0 0 4737 0 20 0 0 180 61 52 52
5137 0 10 0 0 4737 0 30 0 0 0 60 50 50
5137 0 10 0 0 4737 0 30 0 0 30 60 50 50
5137 0 10 0 0 4737 0 30 0 0 60 61 50 50
5137 0 10 0 0 4737 0 30 0 0 90 61 50 50
5137 0 10 0 0 4737 0 30 0 0 120 61 50 50
5137 0 10 0 0 4737 0 30 0 0 150 61 50 50
5137 0 10 0 0 4737 0 30 0 0 180 61 50 50
5137 0 10 0 0 4737 0 40 0 0 0 60 50 50
5137 0 10 0 0 4737 0 40 0 0 30 60 50 50
5137 0 10 0 0 4737 0 40 0 0 60 60 50 50
5137 0 10 0 0 4737 0 40 0 0 90 60 50 50
5137 0 10 0 0 4737 0 40 0 0 120 60 50 50
5137 0 10 0 0 4737 0 40 0 0 150 60 50 50
5137 0 10 0 0 4737 0 40 0 0 180 60 50 50
5137 0 10 0 0 4737 0 50 0 0 0 59 51 51
5137 0 10 0 0 4737 0 50 0 0 30 59 51 51
5137 0 10 0 0 4737 0 50 0 0 60 59 51 51
5137 0 10 0 0 4737 0 50 0 0 90 59 51 51
5137 0 10 0 0 4737 0 50 0 0 120 59 51 51
5137 0 10 0 0 4737 0 50 0 0 150 59 51 51
5137 0 10 0 0 4737 0 50 0 0 180 59 51 51
5137 0 10 0 0 4737 0 60 0 0 0 58 51 51
5137 0 10 0 0 4737 0 60 0 0 30 58 51 51
5137 0 10 0 0 4737 0 60 0 0 60 58 52 52
5137 0 10 0 0 4737 0 60 0 0 90 58 52 52
5137 0 10 0 0 4737 0 60 0 0 120 58 52 52
5137 0 10 0 0 4737 0 60 0 0 150 58 52 52
5137 0 10 0 0 4737 0 60 0 0 180 58 52 52
5137 0 10 0 0 4737 0 0 0 0 0 60 52 52
5137 0 10 0 0 4737 0 0 0 0 30 60 52 52
5137 0 10 0 0 4737 0 0 0 0 60 60 52 52
5137 0 10 0 0 4737 0 0 0 0 90 60 52 52
5137 0 10 0 0 4737 0 0 0 0 120 60 52 52
5137 0 10 0 0 4737 0 0 0 0 150 60 52 52
5137 0 10 0 0 4737 0 0 0 0 180 60 52 52
5137 0 10 0 0 4737 0 10 0 0 0 60 51 51
5137 0 10 0 0 4737 0 10 0 0 30 60 51 51
5137 0 10 0 0 4737 0 10 0 0 60 60 52 52
5137 0 10 0 0 4737 0 10 0 0 90 60 52 52
5137 0 10 0 0 4737 0 10 0 0 120 60 52 52
5137 0 10 0 0 4737 0 10 0 0 150 60 52 52
5137 0 10 0 0 4737 0 10 0 0 180 60 52 52
5137 0 10 0 0 4737 0 20 0 0 0 60 50 50
5137 0 10 0 0 4737 0 20 0 0 30 60 50 50
5137 0 10 0 0 4737 0 20 0 0 60 60 50 50
5137 0 10 0 0 4737 0 20 0 0 90 60 51 51
5137 0 10 0 0 4737 0 20 0 0 120 60 51 51
5137 0 10 0 0 4737 0 20 0 0 150 60 51 51
5137 0 10 0 0 4737 0 20 0 0 180 60 51 51
5137 0 10 0 0 4737 0 30 0 0 0 59 49 49
5137 0 10 0 0 4737 0 30 0 0 30 59 49 49
5137 0 10 0 0 4737 0 30 0 0 60 59 49 49
5137 0 10 0 0 4737 0 30 0 0 90 59 49 49
5137 0 10 0 0 4737 0 30 0 0 120 60 49 49
5137 0 10 0 0 4737 0 30 0 0 150 59 49 49
5137 0 10 0 0 4737 0 30 0 0 180 59 49 49
5137 0 10 0 0 4737 0 40 0 0 0 59 49 49
5137 0 10 0 0 4737 0 40 0 0 30 59 49 49
5137 0 10 0 0 4737 0 40 0 0 60 59 49 49
5137 0 10 0 0 4737 0 40 0 0 90 59 49 49
5137 0 10 0 0 4737 0 40 0 0 120 59 49 49
5137 0 10 0 0 4737 0 40 0 0 150 59 49 49
5137 0 10 0 0 4737 0 40 0 0 180 59 49 49
5137 0 10 0 0 4737 0 50 0 0 0 58 50 50
5137 0 10 0 0 4737 0 50 0 0 30 58 50 50
5137 0 10 0 0 4737 0 50 0 0 60 58 50 50
5137 0 10 0 0 4737 0 50 0 0 90 58 50 50
5137 0 10 0 0 4737 0 50 0 0 120 58 50 50
5137 0 10 0 0 4737 0 50 0 0 150 58 50 50
5137 0 10 0 0 4737 0 50 0 0 180 58 50 50
5137 0 10 0 0 4737 0 60 0 0 0 56 50 50
5137 0 10 0 0 4737 0 60 0 0 30 57 50 50
5137 0 10 0 0 4737 0 60 0 0 60 57 50 50
5137 0 10 0 0 4737 0 60 0 0 90 57 51 51
5137 0 10 0 0 4737 0 60 0 0 120 57 51 51
5137 0 10 0 0 4737 0 60 0 0 150 56 51 51
5137 0 10 0 0 4737 0 60 0 0 180 56 51 51
5137 0 10 0 0 4737 0 0 0 0 0 59 50 50
5137 0 10 0 0 4737 0 0 0 0 30 59 50 50
5137 0 10 0 0 4737 0 0 0 0 60 59 51 51
5137 0 10 0 0 4737 0 0 0 0 90 59 51 51
5137 0 10 0 0 4737 0 0 0 0 120 59 51 51
5137 0 10 0 0 4737 0 0 0 0 150 59 51 51
5137 0 10 0 0 4737 0 0 0 0 180 59 51 51
5137 0 10 0 0 4737 0 10 0 0 0 59 50 50
5137 0 10 0 0 4737 0 10 0 0 30 59 50 50
5137 0 10 0 0 4737 0 10 0 0 60 59 50 50
5137 0 10 0 0 4737 0 10 0 0 90 59 50 50
5137 0 10 0 0 4737 0 10 0 0 120 59 51 51
5137 0 10 0 0 4737 0 10 0 0 150 59 51 51
5137 0 10 0 0 4737 0 10 0 0 180 59 51 51
5137 0 10 0 0 4737 0 20 0 0 0 59 49 49
5137 0 10 0 0 4737 0 20 0 0 30 59 49 49
5137 0 10 0 0 4737 0 20 0 0 60 59 49 49
5137 0 10 0 0 4737 0 20 0 0 90 59 49 49
5137 0 10 0 0 4737 0 20 0 0 120 59 49 49
5137 0 10 0 0 4737 0 20 0 0 150 59 49 49
5137 0 10 0 0 4737 0 20 0 0 180 59 50 50
5137 0 10 0 0 4737 0 30 0 0 0 58 48 48
5137 0 10 0 0 4737 0 30 0 0 30 58 48 48
5137 0 10 0 0 4737 0 30 0 0 60 58 48 48
5137 0 10 0 0 4737 0 30 0 0 90 59 48 48
5137 0 10 0 0 4737 0 30 0 0 120 59 48 48
5137 0 10 0 0 4737 0 30 0 0 150 58 48 48
5137 0 10 0 0 4737 0 30 0 0 180 58 48 48
5137 0 10 0 0 4737 0 40 0 0 0 58 48 48
5137 0 10 0 0 4737 0 40 0 0 30 58 48 48
5137 0 10 0 0 4737 0 40 0 0 60 58 48 48
5137 0 10 0 0 4737 0 40 0 0 90 58 48 48
5137 0 10 0 0 4737 0 40 0 0 120 58 48 48
5137 0 10 0 0 4737 0 40 0 0 150 58 48 48
5137 0 10 0 0 4737 0 40 0 0 180 58 48 48
5137 0 10 0 0 4737 0 50 0 0 0 57 48 48
5137 0 10 0 0 4737 0 50 0 0 30 57 49 49
5137 0 10 0 0 4737 0 50 0 0 60 57 49 49
5137 0 10 0 0 4737 0 50 0 0 90 57 49 49
5137 0 10 0 0 4737 0 50 0 0 120 57 49 49
5137 0 10 0 0 4737 0 50 0 0 150 57 49 49
5137 0 10 0 0 4737 0 50 0 0 180 57 49 49
5137 0 10 0 0 4737 0 60 0 0 0 55 49 49
5137 0 10 0 0 4737 0 60 0 0 30 55 49 49
5137 0 10 0 0 4737 0 60 0 0 60 55 49 49
5137 0 10 0 0 4737 0 60 0 0 90 55 49 49
5137 0 10 0 0 4737 0 60 0 0 120 55 50 50
5137 0 10 0 0 4737 0 60 0 0 150 55 50 50
5137 0 10 0 0 4737 0 60 0 0 180 55 50 50
5137 0 10 0 0 4737 0 0 0 0 0 58 49 49
5137 0 10 0 0 4737 0 0 0 0 30 58 49 49
5137 0 10 0 0 4737 0 0 0 0 60 58 49 49
5137 0 10 0 0 4737 0 0 0 0 90 58 49 49
5137 0 10 0 0 4737 0 0 0 0 120 58 49 49
5137 0 10 0 0 4737 0 0 0 0 150 58 50 50
5137 0 10 0 0 4737 0 0 0 0 180 58 50 50
5137 0 10 0 0 4737 0 10 0 0 0 58 49 49
5137 0 10 0 0 4737 0 10 0 0 30 58 49 49
5137 0 10 0 0 4737 0 10 0 0 60 58 49 49
5137 0 10 0 0 4737 0 10 0 0 90 58 49 49
5137 0 10 0 0 4737 0 10 0 0 120 58 49 49
5137 0 10 0 0 4737 0 10 0 0 150 58 49 49
5137 0 10 0 0 4737 0 10 0 0 180 58 49 49
5137 0 10 0 0 4737 0 20 0 0 0 58 47 47
5137 0 10 0 0 4737 0 20 0 0 30 58 47 47
5137 0 10 0 0 4737 0 20 0 0 60 58 47 47
5137 0 10 0 0 4737 0 20 0 0 90 58 47 47
5137 0 10 0 0 4737 0 20 0 0 120 58 47 47
5137 0 10 0 0 4737 0 20 0 0 150 58 48 48
5137 0 10 0 0 4737 0 20 0 0 180 58 48 48
5137 0 10 0 0 4737 0 30 0 0 0 57 47 47
5137 0 10 0 0 4737 0 30 0 0 30 57 47 47
5137 0 10 0 0 4737 0 30 0 0 60 57 47 47
5137 0 10 0 0 4737 0 30 0 0 90 57 47 47
5137 0 10 0 0 4737 0 30 0 0 120 57 47 47
5137 0 10 0 0 4737 0 30 0 0 150 57 47 47
5137 0 10 0 0 4737 0 30 0 0 180 57 47 47
5137 0 10 0 0 4737 0 40 0 0 0 56 47 47
5137 0 10 0 0 4737 0 40 0 0 30 57 47 47
5137 0 10 0 0 4737 0 40 0 0 60 57 47 47
5137 0 10 0 0 4737 0 40 0 0 90 57 47 47
5137 0 10 0 0 4737 0 40 0 0 120 57 47 47
5137 0 10 0 0 4737 0 40 0 0 150 57 47 47
5137 0 10 0 0 4737 0 40 0 0 180 57 47 47
5137 0 10 0 0 4737 0 50 0 0 0 56 47 47
5137 0 10 0 0 4737 0 50 0 0 30 56 48 48
5137 0 10 0 0 4737 0 50 0 0 60 56 48 48
5137 0 10 0 0 4737 0 50 0 0 90 56 48 48
5137 0 10 0 0 4737 0 50 0 0 120 56 48 48
5137 0 10 0 0 4737 0 50 0 0 150 56 48 48
5137 0 10 0 0 4737 0 50 0 0 180 56 48 48
5137 0 10 0 0 4737 0 60 0 0 0 54 48 48
5137 0 10 0 0 4737 0 60 0 0 30 54 48 48
5137 0 10 0 0 4737 0 60 0 0 60 54 48 48
5137 0 10 0 0 4737 0 60 0 0 90 54 48 48
5137 0 10 0 0 4737 0 60 0 0 120 54 48 48
5137 0 10 0 0 4737 0 60 0 0 150 54 49 49
5137 0 10 0 0 4737 0 60 0 0 180 54 49 49
5137 0 10 0 0 4737 0 0 0 0 0 57 47 47
5137 0 10 0 0 4737 0 0 0 0 30 57 47 47
5137 0 10 0 0 4737 0 0 0 0 60 57 47 47
5137 0 10 0 0 4737 0 0 0 0 90 57 47 47
5137 0 10 0 0 4737 0 0 0 0 120 57 47 47
5137 0 10 0 0 4737 0 0 0 0 150 57 48 48
5137 0 10 0 0 4737 0 0 0 0 180 57 48 48
5137 0 10 0 0 4737 0 10 0 0 0 57 46 46
5137 0 10 0 0 4737 0 10 0 0 30 57 46 46
5137 0 10 0 0 4737 0 10 0 0 60 57 47 47
5137 0 10 0 0 4737 0 10 0 0 90 57 47 47
5137 0 10 0 0 4737 0 10 0 0 120 57 47 47
5137 0 10 0 0 4737 0 10 0 0 150 57 47 47
5137 0 10 0 0 4737 0 10 0 0 180 57 47 47
5137 0 10 0 0 4737 0 20 0 0 0 56 46 46
5137 0 10 0 0 4737 0 20 0 0 30 56 46 46
5137 0 10 0 0 4737 0 20 0 0 60 57 46 46
5137 0 10 0 0 4737 0 20 0 0 90 57 46 46
5137 0 10 0 0 4737 0 20 0 0 120 57 47 47
5137 0 10 0 0 4737 0 20 0 0 150 57 47 47
5137 0 10 0 0 4737 0 20 0 0 180 57 47 47
5137 0 10 0 0 4737 0 30 0 0 0 56 46 46
5137 0 10 0 0 4737 0 30 0 0 30 56 46 46
5137 0 10 0 0 4737 0 30 0 0 60 56 46 46
5137 0 10 0 0 4737 0 30 0 0 90 56 46 46
5137 0 10 0 0 4737 0 30 0 0 120 56 47 47
5137 0 10 0 0 4737 0 30 0 0 150 56 47 47
5137 0 10 0 0 4737 0 30 0 0 180 56 46 46
5137 0 10 0 0 4737 0 40 0 0 0 55 46 46
5137 0 10 0 0 4737 0 40 0 0 30 55 46 46
5137 0 10 0 0 4737 0 40 0 0 60 56 47 47
5137 0 10 0 0 4737 0 40 0 0 90 56 47 47
5137 0 10 0 0 4737 0 40 0 0 120 56 47 47
5137 0 10 0 0 4737 0 40 0 0 150 55 47 47
5137 0 10 0 0 4737 0 40 0 0 180 55 47 47
5137 0 10 0 0 4737 0 50 0 0 0 54 47 47
5137 0 10 0 0 4737 0 50 0 0 30 54 47 47
5137 0 10 0 0 4737 0 50 0 0 60 55 47 47
5137 0 10 0 0 4737 0 50 0 0 90 55 47 47
5137 0 10 0 0 4737 0 50 0 0 120 54 47 47
5137 0 10 0 0 4737 0 50 0 0 150 54 47 47
5137 0 10 0 0 4737 0 50 0 0 180 54 47 47
5137 0 10 0 0 4737 0 60 0 0 0 53 47 47
5137 0 10 0 0 4737 0 60 0 0 30 53 47 47
5137 0 10 0 0 4737 0 60 0 0 60 53 47 47
5137 0 10 0 0 4737 0 60 0 0 90 53 47 47
5137 0 10 0 0 4737 0 60 0 0 120 53 47 47
5137 0 10 0 0 4737 0 60 0 0 150 52 48 48
5137 0 10 0 0 4737 0 60 0 0 180 52 48 48
5137 0 10 0 0 4937 0 0 0 0 0 62 55 55
5137 0 10 0 0 4937 0 0 0 0 30 63 55 55
5137 0 10 0 0 4937 0 0 0 0 60 63 56 56
5137 0 10 0 0 4937 0 0 0 0 90 63 56 56
5137 0 10 0 0 4937 0 0 0 0 120 63 56 56
5137 0 10 0 0 4937 0 0 0 0 150 63 56 56
5137 0 10 0 0 4937 0 0 0 0 180 63 55 55
5137 0 10 0 0 4937 0 10 0 0 0 62 54 54
5137 0 10 0 0 4937 0 10 0 0 30 63 55 55
5137 0 10 0 0 4937 0 10 0 0 60 63 55 55
5137 0 10 0 0 4937 0 10 0 0 90 63 56 56
5137 0 10 0 0 4937 0 10 0 0 120 63 56 56
5137 0 10 0 0 4937 0 10 0 0 150 63 56 56
5137 0 10 0 0 4937 0 10 0 0 180 63 55 55
5137 0 10 0 0 4937 0 20 0 0 0 62 53 53
5137 0 10 0 0 4937 0 20 0 0 30 62 54 54
5137 0 10 0 0 4937 0 20 0 0 60 63 55 55
5137 0 10 0 0 4937 0 20 0 0 90 63 55 55
5137 0 10 0 0 4937 0 20 0 0 120 63 55 55
5137 0 10 0 0 4937 0 20 0 0 150 63 55 55
5137 0 10 0 0 4937 0 20 0 0 180 62 54 54
5137 0 10 0 0 4937 0 30 0 0 0 62 51 51
5137 0 10 0 0 4937 0 30 0 0 30 62 52 52
5137 0 10 0 0 4937 0 30 0 0 60 63 53 53
5137 0 10 0 0 4937 0 30 0 0 90 63 53 53
5137 0 10 0 0 4937 0 30 0 0 120 63 53 53
5137 0 10 0 0 4937 0 30 0 0 150 62 53 53
5137 0 10 0 0 4937 0 30 0 0 180 62 52 52
5137 0 10 0 0 4937 0 40 0 0 0 61 51 51
5137 0 10 0 0 4937 0 40 0 0 30 62 52 52
5137 0 10 0 0 4937 0 40 0 0 60 62 53 53
5137 0 10 0 0 4937 0 40 0 0 90 62 53 53
5137 0 10 0 0 4937 0 40 0 0 120 62 53 53
5137 0 10 0 0 4937 0 40 0 0 150 62 53 53
5137 0 10 0 0 4937 0 40 0 0 180 62 52 52
5137 0 10 0 0 4937 0 50 0 0 0 60 52 52
5137 0 10 0 0 4937 0 50 0 0 30 61 52 52
5137 0 10 0 0 4937 0 50 0 0 60 61 53 53
5137 0 10 0 0 4937 0 50 0 0 90 62 54 54
5137 0 10 0 0 4937 0 50 0 0 120 61 54 54
5137 0 10 0 0 4937 0 50 0 0 150 61 54 54
5137 0 10 0 0 4937 0 50 0 0 180 61 53 53
5137 0 10 0 0 4937 0 60 0 0 0 59 53 53
5137 0 10 0 0 4937 0 60 0 0 30 60 53 53
5137 0 10 0 0 4937 0 60 0 0 60 60 54 54
5137 0 10 0 0 4937 0 60 0 0 90 60 54 54
5137 0 10 0 0 4937 0 60 0 0 120 60 55 55
5137 0 10 0 0 4937 0 60 0 0 150 60 55 55
5137 0 10 0 0 4937 0 60 0 0 180 60 54 54
5137 0 10 0 0 4937 0 0 0 0 0 61 53 53
5137 0 10 0 0 4937 0 0 0 0 30 62 54 54
5137 0 10 0 0 4937 0 0 0 0 60 62 54 54
5137 0 10 0 0 4937 0 0 0 0 90 62 55 55
5137 0 10 0 0 4937 0 0 0 0 120 62 55 55
5137 0 10 0 0 4937 0 0 0 0 150 62 55 55
5137 0 10 0 0 4937 0 0 0 0 180 62 54 54
5137 0 10 0 0 4937 0 10 0 0 0 61 53 53
5137 0 10 0 0 4937 0 10 0 0 30 62 53 53
5137 0 10 0 0 4937 0 10 0 0 60 62 54 54
5137 0 10 0 0 4937 0 10 0 0 90 62 55 55
5137 0 10 0 0 4937 0 10 0 0 120 62 55 55
5137 0 10 0 0 4937 0 10 0 0 150 62 55 55
5137 0 10 0 0 4937 0 10 0 0 180 62 54 54
5137 0 10 0 0 4937 0 20 0 0 0 61 52 52
5137 0 10 0 0 4937 0 20 0 0 30 61 52 52
5137 0 10 0 0 4937 0 20 0 0 60 62 53 53
5137 0 10 0 0 4937 0 20 0 0 90 62 54 54
5137 0 10 0 0 4937 0 20 0 0 120 62 54 54
5137 0 10 0 0 4937 0 20 0 0 150 62 54 54
5137 0 10 0 0 4937 0 20 0 0 180 61 53 53
5137 0 10 0 0 4937 0 30 0 0 0 61 50 50
5137 0 10 0 0 4937 0 30 0 0 30 61 51 51
5137 0 10 0 0 4937 0 30 0 0 60 61 51 51
5137 0 10 0 0 4937 0 30 0 0 90 62 52 52
5137 0 10 0 0 4937 0 30 0 0 120 62 52 52
5137 0 10 0 0 4937 0 30 0 0 150 61 52 52
5137 0 10 0 0 4937 0 30 0 0 180 61 51 51
5137 0 10 0 0 4937 0 40 0 0 0 60 50 50
5137 0 10 0 0 4937 0 40 0 0 30 61 50 50
5137 0 10 0 0 4937 0 40 0 0 60 61 51 51
5137 0 10 0 0 4937 0 40 0 0 90 61 52 52
5137 0 10 0 0 4937 0 40 0 0 120 61 52 52
5137 0 10 0 0 4937 0 40 0 0 150 61 52 52
5137 0 10 0 0 4937 0 40 0 0 180 60 51 51
5137 0 10 0 0 4937 0 50 0 0 0 59 50 50
5137 0 10 0 0 4937 0 50 0 0 30 60 51 51
5137 0 10 0 0 4937 0 50 0 0 60 60 52 52
5137 0 10 0 0 4937 0 50 0 0 90 60 52 52
5137 0 10 0 0 4937 0 50 0 0 120 60 53 53
5137 0 10 0 0 4937 0 50 0 0 150 60 53 53
5137 0 10 0 0 4937 0 50 0 0 180 60 52 52
5137 0 10 0 0 4937 0 60 0 0 0 58 51 51
5137 0 10 0 0 4937 0 60 0 0 30 58 52 52
5137 0 10 0 0 4937 0 60 0 0 60 59 52 52
5137 0 10 0 0 4937 0 60 0 0 90 59 53 53
5137 0 10 0 0 4937 0 60 0 0 120 59 53 53
5137 0 10 0 0 4937 0 60 0 0 150 59 53 53
5137 0 10 0 0 4937 0 60 0 0 180 58 53 53
5137 0 10 0 0 4937 0 0 0 0 0 60 52 52
5137 0 10 0 0 4937 0 0 0 0 30 61 52 52
5137 0 10 0 0 4937 0 0 0 0 60 61 53 53
5137 0 10 0 0 4937 0 0 0 0 90 61 54 54
5137 0 10 0 0 4937 0 0 0 0 120 61 54 54
5137 0 10 0 0 4937 0 0 0 0 150 61 54 54
5137 0 10 0 0 4937 0 0 0 0 180 61 53 53
5137 0 10 0 0 4937 0 10 0 0 0 60 52 52
5137 0 10 0 0 4937 0 10 0 0 30 61 52 52
5137 0 10 0 0 4937 0 10 0 0 60 61 53 53
5137 0 10 0 0 4937 0 10 0 0 90 61 53 53
5137 0 10 0 0 4937 0 10 0 0 120 61 54 54
5137 0 10 0 0 4937 0 10 0 0 150 61 54 54
5137 0 10 0 0 4937 0 10 0 0 180 60 53 53
5137 0 10 0 0 4937 0 20 0 0 0 60 51 51
5137 0 10 0 0 4937 0 20 0 0 30 60 51 51
5137 0 10 0 0 4937 0 20 0 0 60 61 52 52
5137 0 10 0 0 4937 0 20 0 0 90 61 52 52
5137 0 10 0 0 4937 0 20 0 0 120 61 53 53
5137 0 10 0 0 4937 0 20 0 0 150 61 53 53
5137 0 10 0 0 4937 0 20 0 0 180 60 52 52
5137 0 10 0 0 4937 0 30 0 0 0 60 49 49
5137 0 10 0 0 4937 0 30 0 0 30 60 49 49
5137 0 10 0 0 4937 0 30 0 0 60 60 50 50
5137 0 10 0 0 4937 0 30 0 0 90 61 51 51
5137 0 10 0 0 4937 0 30 0 0 120 61 51 51
5137 0 10 0 0 4937 0 30 0 0 150 60 51 51
5137 0 10 0 0 4937 0 30 0 0 180 60 50 50
5137 0 10 0 0 4937 0 40 0 0 0 59 49 49
5137 0 10 0 0 4937 0 40 0 0 30 60 49 49
5137 0 10 0 0 4937 0 40 0 0 60 60 50 50
5137 0 10 0 0 4937 0 40 0 0 90 60 51 51
5137 0 10 0 0 4937 0 40 0 0 120 60 51 51
5137 0 10 0 0 4937 0 40 0 0 150 60 51 51
5137 0 10 0 0 4937 0 40 0 0 180 59 50 50
5137 0 10 0 0 4937 0 50 0 0 0 58 49 49
5137 0 10 0 0 4937 0 50 0 0 30 59 49 49
5137 0 10 0 0 4937 0 50 0 0 60 59 50 50
5137 0 10 0 0 4937 0 50 0 0 90 59 51 51
5137 0 10 0 0 4937 0 50 0 0 120 59 51 51
5137 0 10 0 0 4937 0 50 0 0 150 59 52 52
5137 0 10 0 0 4937 0 50 0 0 180 59 51 51
5137 0 10 0 0 4937 0 60 0 0 0 57 50 50
5137 0 10 0 0 4937 0 60 0 0 30 57 51 51
5137 0 10 0 0 4937 0 60 0 0 60 58 51 51
5137 0 10 0 0 4937 0 60 0 0 90 58 52 52
5137 0 10 0 0 4937 0 60 0 0 120 58 52 52
5137 0 10 0 0 4937 0 60 0 0 150 58 52 52
5137 0 10 0 0 4937 0 60 0 0 180 57 52 52
5137 0 10 0 0 4937 0 0 0 0 0 59 51 51
5137 0 10 0 0 4937 0 0 0 0 30 60 51 51
5137 0 10 0 0 4937 0 0 0 0 60 60 52 52
5137 0 10 0 0 4937 0 0 0 0 90 60 52 52
5137 0 10 0 0 4937 0 0 0 0 120 60 53 53
5137 0 10 0 0 4937 0 0 0 0 150 60 53 53
5137 0 10 0 0 4937 0 0 0 0 180 59 52 52
5137 0 10 0 0 4937 0 10 0 0 0 59 50 50
5137 0 10 0 0 4937 0 10 0 0 30 60 51 51
5137 0 10 0 0 4937 0 10 0 0 60 60 51 51
5137 0 10 0 0 4937 0 10 0 0 90 60 52 52
5137 0 10 0 0 4937 0 10 0 0 120 60 52 52
5137 0 10 0 0 4937 0 10 0 0 150 60 52 52
5137 0 10 0 0 4937 0 10 0 0 180 59 52 52
5137 0 10 0 0 4937 0 20 0 0 0 59 49 49
5137 0 10 0 0 4937 0 20 0 0 30 59 49 49
5137 0 10 0 0 4937 0 20 0 0 60 60 50 50
5137 0 10 0 0 4937 0 20 0 0 90 60 50 50
5137 0 10 0 0 4937 0 20 0 0 120 60 51 51
5137 0 10 0 0 4937 0 20 0 0 150 60 52 52
5137 0 10 0 0 4937 0 20 0 0 180 59 51 51
5137 0 10 0 0 4937 0 30 0 0 0 59 47 47
5137 0 10 0 0 4937 0 30 0 0 30 59 48 48
5137 0 10 0 0 4937 0 30 0 0 60 59 48 48
5137 0 10 0 0 4937 0 30 0 0 90 60 49 49
5137 0 10 0 0 4937 0 30 0 0 120 60 50 50
5137 0 10 0 0 4937 0 30 0 0 150 59 50 50
5137 0 10 0 0 4937 0 30 0 0 180 59 49 49
5137 0 10 0 0 4937 0 40 0 0 0 58 47 47
5137 0 10 0 0 4937 0 40 0 0 30 58 48 48
5137 0 10 0 0 4937 0 40 0 0 60 59 48 48
5137 0 10 0 0 4937 0 40 0 0 90 59 49 49
5137 0 10 0 0 4937 0 40 0 0 120 59 50 50
5137 0 10 0 0 4937 0 40 0 0 150 59 50 50
5137 0 10 0 0 4937 0 40 0 0 180 58 50 50
5137 0 10 0 0 4937 0 50 0 0 0 57 48 48
5137 0 10 0 0 4937 0 50 0 0 30 58 48 48
5137 0 10 0 0 4937 0 50 0 0 60 58 49 49
5137 0 10 0 0 4937 0 50 0 0 90 58 49 49
5137 0 10 0 0 4937 0 50 0 0 120 58 50 50
5137 0 10 0 0 4937 0 50 0 0 150 58 51 51
5137 0 10 0 0 4937 0 50 0 0 180 57 50 50
5137 0 10 0 0 4937 0 60 0 0 0 56 49 49
5137 0 10 0 0 4937 0 60 0 0 30 56 49 49
5137 0 10 0 0 4937 0 60 0 0 60 56 50 50
5137 0 10 0 0 4937 0 60 0 0 90 57 50 50
5137 0 10 0 0 4937 0 60 0 0 120 57 51 51
5137 0 10 0 0 4937 0 60 0 0 150 57 51 51
5137 0 10 0 0 4937 0 60 0 0 180 56 51 51
5137 0 10 0 0 4937 0 0 0 0 0 58 49 49
5137 0 10 0 0 4937 0 0 0 0 30 59 50 50
5137 0 10 0 0 4937 0 0 0 0 60 59 50 50
5137 0 10 0 0 4937 0 0 0 0 90 59 51 51
5137 0 10 0 0 4937 0 0 0 0 120 59 51 51
5137 0 10 0 0 4937 0 0 0 0 150 59 51 51
5137 0 10 0 0 4937 0 0 0 0 180 58 50 50
5137 0 10 0 0 4937 0 10 0 0 0 58 49 49
5137 0 10 0 0 4937 0 10 0 0 30 59 49 49
5137 0 10 0 0 4937 0 10 0 0 60 59 49 49
5137 0 10 0 0 4937 0 10 0 0 90 59 50 50
5137 0 10 0 0 4937 0 10 0 0 120 59 51 51
5137 0 10 0 0 4937 0 10 0 0 150 59 51 51
5137 0 10 0 0 4937 0 10 0 0 180 58 50 50
5137 0 10 0 0 4937 0 20 0 0 0 58 47 47
5137 0 10 0 0 4937 0 20 0 0 30 58 47 47
5137 0 10 0 0 4937 0 20 0 0 60 59 48 48
5137 0 10 0 0 4937 0 20 0 0 90 59 48 48
5137 0 10 0 0 4937 0 20 0 0 120 59 49 49
5137 0 10 0 0 4937 0 20 0 0 150 59 50 50
5137 0 10 0 0 4937 0 20 0 0 180 58 49 49
5137 0 10 0 0 4937 0 30 0 0 0 58 46 46
5137 0 10 0 0 4937 0 30 0 0 30 58 47 47
5137 0 10 0 0 4937 0 30 0 0 60 58 47 47
5137 0 10 0 0 4937 0 30 0 0 90 58 48 48
5137 0 10 0 0 4937 0 30 0 0 120 59 49 49
5137 0 10 0 0 4937 0 30 0 0 150 58 50 50
5137 0 10 0 0 4937 0 30 0 0 180 58 49 49
5137 0 10 0 0 4937 0 40 0 0 0 57 46 46
5137 0 10 0 0 4937 0 40 0 0 30 57 47 47
5137 0 10 0 0 4937 0 40 0 0 60 58 47 47
5137 0 10 0 0 4937 0 40 0 0 90 58 48 48
5137 0 10 0 0 4937 0 40 0 0 120 58 49 49
5137 0 10 0 0 4937 0 40 0 0 150 58 50 50
5137 0 10 0 0 4937 0 40 0 0 180 57 49 49
5137 0 10 0 0 4937 0 50 0 0 0 56 47 47
5137 0 10 0 0 4937 0 50 0 0 30 56 47 47
5137 0 10 0 0 4937 0 50 0 0 60 57 48 48
5137 0 10 0 0 4937 0 50 0 0 90 57 48 48
5137 0 10 0 0 4937 0 50 0 0 120 57 49 49
5137 0 10 0 0 4937 0 50 0 0 150 57 50 50
5137 0 10 0 0 4937 0 50 0 0 180 56 49 49
5137 0 10 0 0 4937 0 60 0 0 0 54 48 48
5137 0 10 0 0 4937 0 60 0 0 30 54 48 48
5137 0 10 0 0 4937 0 60 0 0 60 55 48 48
5137 0 10 0 0 4937 0 60 0 0 90 55 49 49
5137 0 10 0 0 4937 0 60 0 0 120 55 50 50
5137 0 10 0 0 4937 0 60 0 0 150 55 50 50
5137 0 10 0 0 4937 0 60 0 0 180 55 50 50
5137 0 10 0 0 4937 0 0 0 0 0 57 48 48
5137 0 10 0 0 4937 0 0 0 0 30 58 48 48
5137 0 10 0 0 4937 0 0 0 0 60 58 48 48
5137 0 10 0 0 4937 0 0 0 0 90 58 49 49
5137 0 10 0 0 4937 0 0 0 0 120 58 49 49
5137 0 10 0 0 4937 0 0 0 0 150 58 50 50
5137 0 10 0 0 4937 0 0 0 0 180 57 49 49
5137 0 10 0 0 4937 0 10 0 0 0 57 47 47
5137 0 10 0 0 4937 0 10 0 0 30 58 47 47
5137 0 10 0 0 4937 0 10 0 0 60 58 47 47
5137 0 10 0 0 4937 0 10 0 0 90 58 48 48
5137 0 10 0 0 4937 0 10 0 0 120 58 49 49
5137 0 10 0 0 4937 0 10 0 0 150 58 49 49
5137 0 10 0 0 4937 0 10 0 0 180 57 49 49
5137 0 10 0 0 4937 0 20 0 0 0 57 45 45
5137 0 10 0 0 4937 0 20 0 0 30 57 46 46
5137 0 10 0 0 4937 0 20 0 0 60 58 46 46
5137 0 10 0 0 4937 0 20 0 0 90 58 47 47
5137 0 10 0 0 4937 0 20 0 0 120 58 48 48
5137 0 10 0 0 4937 0 20 0 0 150 58 49 49
5137 0 10 0 0 4937 0 20 0 0 180 57 48 48
5137 0 10 0 0 4937 0 30 0 0 0 57 46 46
5137 0 10 0 0 4937 0 30 0 0 30 57 46 46
5137 0 10 0 0 4937 0 30 0 0 60 57 46 46
5137 0 10 0 0 4937 0 30 0 0 90 57 47 47
5137 0 10 0 0 4937 0 30 0 0 120 58 48 48
5137 0 10 0 0 4937 0 30 0 0 150 58 49 49
5137 0 10 0 0 4937 0 30 0 0 180 56 48 48
5137 0 10 0 0 4937 0 40 0 0 0 56 46 46
5137 0 10 0 0 4937 0 40 0 0 30 56 46 46
5137 0 10 0 0 4937 0 40 0 0 60 56 46 46
5137 0 10 0 0 4937 0 40 0 0 90 57 47 47
5137 0 10 0 0 4937 0 40 0 0 120 57 48 48
5137 0 10 0 0 4937 0 40 0 0 150 57 49 49
5137 0 10 0 0 4937 0 40 0 0 180 56 48 48
5137 0 10 0 0 4937 0 50 0 0 0 55 46 46
5137 0 10 0 0 4937 0 50 0 0 30 55 46 46
5137 0 10 0 0 4937 0 50 0 0 60 55 47 47
5137 0 10 0 0 4937 0 50 0 0 90 56 47 47
5137 0 10 0 0 4937 0 50 0 0 120 56 48 48
5137 0 10 0 0 4937 0 50 0 0 150 56 49 49
5137 0 10 0 0 4937 0 50 0 0 180 55 49 49
5137 0 10 0 0 4937 0 60 0 0 0 53 47 47
5137 0 10 0 0 4937 0 60 0 0 30 53 47 47
5137 0 10 0 0 4937 0 60 0 0 60 53 47 47
5137 0 10 0 0 4937 0 60 0 0 90 54 48 48
5137 0 10 0 0 4937 0 60 0 0 120 54 48 48
5137 0 10 0 0 4937 0 60 0 0 150 54 49 49
5137 0 10 0 0 4937 0 60 0 0 180 54 49 49
5137 0 10 0 0 5137 0 0 0 0 0 50 45 45
5137 0 10 0 0 5137 0 0 0 0 30 52 47 47
5137 0 10 0 0 5137 0 0 0 0 60 57 52 52
5137 0 10 0 0 5137 0 0 0 0 90 65 58 58
5137 0 10 0 0 5137 0 0 0 0 120 70 63 63
5137 0 10 0 0 5137 0 0 0 0 150 74 66 66
5137 0 10 0 0 5137 0 0 0 0 180 76 66 66
5137 0 10 0 0 5137 0 10 0 0 0 50 45 45
5137 0 10 0 0 5137 0 10 0 0 30 51 46 46
5137 0 10 0 0 5137 0 10 0 0 60 57 51 51
5137 0 10 0 0 5137 0 10 0 0 90 65 57 57
5137 0 10 0 0 5137 0 10 0 0 120 70 62 62
5137 0 10 0 0 5137 0 10 0 0 150 74 65 65
5137 0 10 0 0 5137 0 10 0 0 180 76 66 66
5137 0 10 0 0 5137 0 20 0 0 0 49 44 44
5137 0 10 0 0 5137 0 20 0 0 30 51 46 46
5137 0 10 0 0 5137 0 20 0 0 60 57 50 50
5137 0 10 0 0 5137 0 20 0 0 90 64 56 56
5137 0 10 0 0 5137 0 20 0 0 120 70 60 60
5137 0 10 0 0 5137 0 20 0 0 150 74 63 63
5137 0 10 0 0 5137 0 20 0 0 180 75 65 65
5137 0 10 0 0 5137 0 30 0 0 0 49 44 44
5137 0 10 0 0 5137 0 30 0 0 30 51 46 46
5137 0 10 0 0 5137 0 30 0 0 60 56 49 49
5137 0 10 0 0 5137 0 30 0 0 90 64 52 52
5137 0 10 0 0 5137 0 30 0 0 120 70 56 56
5137 0 10 0 0 5137 0 30 0 0 150 74 59 59
5137 0 10 0 0 5137 0 30 0 0 180 75 61 61
5137 0 10 0 0 5137 0 40 0 0 0 49 44 44
5137 0 10 0 0 5137 0 40 0 0 30 51 46 46
5137 0 10 0 0 5137 0 40 0 0 60 56 49 49
5137 0 10 0 0 5137 0 40 0 0 90 64 52 52
5137 0 10 0 0 5137 0 40 0 0 120 69 55 55
5137 0 10 0 0 5137 0 40 0 0 150 73 58 58
5137 0 10 0 0 5137 0 40 0 0 180 74 60 60
5137 0 10 0 0 5137 0 50 0 0 0 48 44 44
5137 0 10 0 0 5137 0 50 0 0 30 50 46 46
5137 0 10 0 0 5137 0 50 0 0 60 55 49 49
5137 0 10 0 0 5137 0 50 0 0 90 63 52 52
5137 0 10 0 0 5137 0 50 0 0 120 68 55 55
5137 0 10 0 0 5137 0 50 0 0 150 72 57 57
5137 0 10 0 0 5137 0 50 0 0 180 73 60 60
5137 0 10 0 0 5137 0 60 0 0 0 47 46 46
5137 0 10 0 0 5137 0 60 0 0 30 49 47 47
5137 0 10 0 0 5137 0 60 0 0 60 54 50 50
5137 0 10 0 0 5137 0 60 0 0 90 62 52 52
5137 0 10 0 0 5137 0 60 0 0 120 67 55 55
5137 0 10 0 0 5137 0 60 0 0 150 70 58 58
5137 0 10 0 0 5137 0 60 0 0 180 71 61 61
5137 0 10 0 0 5137 0 0 0 0 0 48 42 42
5137 0 10 0 0 5137 0 0 0 0 30 49 44 44
5137 0 10 0 0 5137 0 0 0 0 60 55 49 49
5137 0 10 0 0 5137 0 0 0 0 90 62 55 55
5137 0 10 0 0 5137 0 0 0 0 120 68 60 60
5137 0 10 0 0 5137 0 0 0 0 150 73 64 64
5137 0 10 0 0 5137 0 0 0 0 180 74 65 65
5137 0 10 0 0 5137 0 10 0 0 0 47 42 42
5137 0 10 0 0 5137 0 10 0 0 30 49 44 44
5137 0 10 0 0 5137 0 10 0 0 60 54 49 49
5137 0 10 0 0 5137 0 10 0 0 90 62 54 54
5137 0 10 0 0 5137 0 10 0 0 120 68 59 59
5137 0 10 0 0 5137 0 10 0 0 150 73 63 63
5137 0 10 0 0 5137 0 10 0 0 180 74 65 65
5137 0 10 0 0 5137 0 20 0 0 0 47 42 42
5137 0 10 0 0 5137 0 20 0 0 30 49 44 44
5137 0 10 0 0 5137 0 20 0 0 60 54 48 48
5137 0 10 0 0 5137 0 20 0 0 90 62 53 53
5137 0 10 0 0 5137 0 20 0 0 120 68 57 57
5137 0 10 0 0 5137 0 20 0 0 150 72 61 61
5137 0 10 0 0 5137 0 20 0 0 180 74 64 64
5137 0 10 0 0 5137 0 30 0 0 0 47 42 42
5137 0 10 0 0 5137 0 30 0 0 30 49 43 43
5137 0 10 0 0 5137 0 30 0 0 60 54 46 46
5137 0 10 0 0 5137 0 30 0 0 90 61 49 49
5137 0 10 0 0 5137 0 30 0 0 120 67 53 53
5137 0 10 0 0 5137 0 30 0 0 150 72 57 57
5137 0 10 0 0 5137 0 30 0 0 180 73 60 60
5137 0 10 0 0 5137 0 40 0 0 0 47 42 42
5137 0 10 0 0 5137 0 40 0 0 30 48 44 44
5137 0 10 0 0 5137 0 40 0 0 60 53 46 46
5137 0 10 0 0 5137 0 40 0 0 90 61 49 49
5137 0 10 0 0 5137 0 40 0 0 120 67 52 52
5137 0 10 0 0 5137 0 40 0 0 150 71 56 56
5137 0 10 0 0 5137 0 40 0 0 180 73 59 59
5137 0 10 0 0 5137 0 50 0 0 0 46 43 43
5137 0 10 0 0 5137 0 50 0 0 30 48 44 44
5137 0 10 0 0 5137 0 50 0 0 60 53 47 47
5137 0 10 0 0 5137 0 50 0 0 90 60 49 49
5137 0 10 0 0 5137 0 50 0 0 120 66 52 52
5137 0 10 0 0 5137 0 50 0 0 150 70 56 56
5137 0 10 0 0 5137 0 50 0 0 180 72 59 59
5137 0 10 0 0 5137 0 60 0 0 0 45 45 45
5137 0 10 0 0 5137 0 60 0 0 30 47 45 45
5137 0 10 0 0 5137 0 60 0 0 60 52 48 48
5137 0 10 0 0 5137 0 60 0 0 90 59 50 50
5137 0 10 0 0 5137 0 60 0 0 120 65 53 53
5137 0 10 0 0 5137 0 60 0 0 150 69 56 56
5137 0 10 0 0 5137 0 60 0 0 180 70 60 60
5137 0 10 0 0 5137 0 0 0 0 0 45 40 40
5137 0 10 0 0 5137 0 0 0 0 30 47 42 42
5137 0 10 0 0 5137 0 0 0 0 60 52 47 47
5137 0 10 0 0 5137 0 0 0 0 90 59 52 52
5137 0 10 0 0 5137 0 0 0 0 120 65 57 57
5137 0 10 0 0 5137 0 0 0 0 150 71 62 62
5137 0 10 0 0 5137 0 0 0 0 180 72 63 63
5137 0 10 0 0 5137 0 10 0 0 0 45 40 40
5137 0 10 0 0 5137 0 10 0 0 30 47 42 42
5137 0 10 0 0 5137 0 10 0 0 60 52 46 46
5137 0 10 0 0 5137 0 10 0 0 90 59 51 51
5137 0 10 0 0 5137 0 10 0 0 120 65 56 56
5137 0 10 0 0 5137 0 10 0 0 150 71 61 61
5137 0 10 0 0 5137 0 10 0 0 180 72 63 63
5137 0 10 0 0 5137 0 20 0 0 0 45 40 40
5137 0 10 0 0 5137 0 20 0 0 30 47 41 41
5137 0 10 0 0 5137 0 20 0 0 60 52 45 45
5137 0 10 0 0 5137 0 20 0 0 90 59 50 50
5137 0 10 0 0 5137 0 20 0 0 120 65 54 54
5137 0 10 0 0 5137 0 20 0 0 150 71 59 59
5137 0 10 0 0 5137 0 20 0 0 180 72 62 62
5137 0 10 0 0 5137 0 30 0 0 0 45 40 40
5137 0 10 0 0 5137 0 30 0 0 30 46 41 41
5137 0 10 0 0 5137 0 30 0 0 60 51 44 44
5137 0 10 0 0 5137 0 30 0 0 90 58 46 46
5137 0 10 0 0 5137 0 30 0 0 120 65 51 51
5137 0 10 0 0 5137 0 30 0 0 150 70 55 55
5137 0 10 0 0 5137 0 30 0 0 180 72 59 59
5137 0 10 0 0 5137 0 40 0 0 0 44 40 40
5137 0 10 0 0 5137 0 40 0 0 30 46 41 41
5137 0 10 0 0 5137 0 40 0 0 60 51 44 44
5137 0 10 0 0 5137 0 40 0 0 90 58 46 46
5137 0 10 0 0 5137 0 40 0 0 120 64 50 50
5137 0 10 0 0 5137 0 40 0 0 150 69 54 54
5137 0 10 0 0 5137 0 40 0 0 180 71 58 58
5137 0 10 0 0 5137 0 50 0 0 0 44 41 41
5137 0 10 0 0 5137 0 50 0 0 30 45 42 42
5137 0 10 0 0 5137 0 50 0 0 60 50 44 44
5137 0 10 0 0 5137 0 50 0 0 90 57 46 46
5137 0 10 0 0 5137 0 50 0 0 120 63 50 50
5137 0 10 0 0 5137 0 50 0 0 150 68 54 54
5137 0 10 0 0 5137 0 50 0 0 180 70 58 58
5137 0 10 0 0 5137 0 60 0 0 0 43 43 43
5137 0 10 0 0 5137 0 60 0 0 30 45 44 44
5137 0 10 0 0 5137 0 60 0 0 60 49 45 45
5137 0 10 0 0 5137 0 60 0 0 90 56 47 47
5137 0 10 0 0 5137 0 60 0 0 120 62 50 50
5137 0 10 0 0 5137 0 60 0 0 150 67 54 54
5137 0 10 0 0 5137 0 60 0 0 180 68 58 58
5137 0 10 0 0 5137 0 0 0 0 0 43 38 38
5137 0 10 0 0 5137 0 0 0 0 30 45 40 40
5137 0 10 0 0 5137 0 0 0 0 60 50 44 44
5137 0 10 0 0 5137 0 0 0 0 90 56 49 49
5137 0 10 0 0 5137 0 0 0 0 120 62 54 54
5137 0 10 0 0 5137 0 0 0 0 150 69 60 60
5137 0 10 0 0 5137 0 0 0 0 180 71 62 62
5137 0 10 0 0 5137 0 10 0 0 0 43 38 38
5137 0 10 0 0 5137 0 10 0 0 30 45 39 39
5137 0 10 0 0 5137 0 10 0 0 60 50 43 43
5137 0 10 0 0 5137 0 10 0 0 90 56 48 48
5137 0 10 0 0 5137 0 10 0 0 120 62 53 53
5137 0 10 0 0 5137 0 10 0 0 150 69 59 59
5137 0 10 0 0 5137 0 10 0 0 180 71 62 62
5137 0 10 0 0 5137 0 20 0 0 0 43 38 38
5137 0 10 0 0 5137 0 20 0 0 30 45 39 39
5137 0 10 0 0 5137 0 20 0 0 60 50 42 42
5137 0 10 0 0 5137 0 20 0 0 90 56 47 47
5137 0 10 0 0 5137 0 20 0 0 120 62 51 51
5137 0 10 0 0 5137 0 20 0 0 150 68 57 57
5137 0 10 0 0 5137 0 20 0 0 180 70 60 60
5137 0 10 0 0 5137 0 30 0 0 0 43 38 38
5137 0 10 0 0 5137 0 30 0 0 30 44 39 39
5137 0 10 0 0 5137 0 30 0 0 60 49 41 41
5137 0 10 0 0 5137 0 30 0 0 90 55 44 44
5137 0 10 0 0 5137 0 30 0 0 120 62 48 48
5137 0 10 0 0 5137 0 30 0 0 150 68 53 53
5137 0 10 0 0 5137 0 30 0 0 180 70 58 58
5137 0 10 0 0 5137 0 40 0 0 0 42 39 39
5137 0 10 0 0 5137 0 40 0 0 30 44 39 39
5137 0 10 0 0 5137 0 40 0 0 60 49 41 41
5137 0 10 0 0 5137 0 40 0 0 90 55 44 44
5137 0 10 0 0 5137 0 40 0 0 120 61 47 47
5137 0 10 0 0 5137 0 40 0 0 150 67 52 52
5137 0 10 0 0 5137 0 40 0 0 180 69 57 57
5137 0 10 0 0 5137 0 50 0 0 0 42 40 40
5137 0 10 0 0 5137 0 50 0 0 30 43 40 40
5137 0 10 0 0 5137 0 50 0 0 60 48 42 42
5137 0 10 0 0 5137 0 50 0 0 90 54 44 44
5137 0 10 0 0 5137 0 50 0 0 120 60 47 47
5137 0 10 0 0 5137 0 50 0 0 150 66 52 52
5137 0 10 0 0 5137 0 50 0 0 180 68 57 57
5137 0 10 0 0 5137 0 60 0 0 0 42 42 42
5137 0 10 0 0 5137 0 60 0 0 30 43 42 42
5137 0 10 0 0 5137 0 60 0 0 60 47 43 43
5137 0 10 0 0 5137 0 60 0 0 90 53 45 45
5137 0 10 0 0 5137 0 60 0 0 120 59 48 48
5137 0 10 0 0 5137 0 60 0 0 150 64 52 52
5137 0 10 0 0 5137 0 60 0 0 180 66 57 57
5137 0 10 0 0 5137 0 0 0 0 0 41 36 36
5137 0 10 0 0 5137 0 0 0 0 30 44 38 38
5137 0 10 0 0 5137 0 0 0 0 60 48 42 42
5137 0 10 0 0 5137 0 0 0 0 90 53 46 46
5137 0 10 0 0 5137 0 0 0 0 120 59 51 51
5137 0 10 0 0 5137 0 0 0 0 150 66 58 58
5137 0 10 0 0 5137 0 0 0 0 180 69 60 60
5137 0 10 0 0 5137 0 10 0 0 0 41 36 36
5137 0 10 0 0 5137 0 10 0 0 30 44 38 38
5137 0 10 0 0 5137 0 10 0 0 60 48 41 41
5137 0 10 0 0 5137 0 10 0 0 90 53 45 45
5137 0 10 0 0 5137 0 10 0 0 120 59 50 50
5137 0 10 0 0 5137 0 10 0 0 150 66 57 57
5137 0 10 0 0 5137 0 10 0 0 180 69 60 60
5137 0 10 0 0 5137 0 20 0 0 0 41 36 36
5137 0 10 0 0 5137 0 20 0 0 30 44 37 37
5137 0 10 0 0 5137 0 20 0 0 60 48 39 39
5137 0 10 0 0 5137 0 20 0 0 90 53 43 43
5137 0 10 0 0 5137 0 20 0 0 120 59 48 48
5137 0 10 0 0 5137 0 20 0 0 150 66 54 54
5137 0 10 0 0 5137 0 20 0 0 180 68 58 58
5137 0 10 0 0 5137 0 30 0 0 0 41 36 36
5137 0 10 0 0 5137 0 30 0 0 30 43 37 37
5137 0 10 0 0 5137 0 30 0 0 60 47 39 39
5137 0 10 0 0 5137 0 30 0 0 90 52 41 41
5137 0 10 0 0 5137 0 30 0 0 120 58 46 46
5137 0 10 0 0 5137 0 30 0 0 150 65 52 52
5137 0 10 0 0 5137 0 30 0 0 180 68 56 56
5137 0 10 0 0 5137 0 40 0 0 0 40 37 37
5137 0 10 0 0 5137 0 40 0 0 30 43 38 38
5137 0 10 0 0 5137 0 40 0 0 60 47 39 39
5137 0 10 0 0 5137 0 40 0 0 90 52 41 41
5137 0 10 0 0 5137 0 40 0 0 120 58 45 45
5137 0 10 0 0 5137 0 40 0 0 150 65 51 51
5137 0 10 0 0 5137 0 40 0 0 180 67 56 56
5137 0 10 0 0 5137 0 50 0 0 0 40 39 39
5137 0 10 0 0 5137 0 50 0 0 30 42 39 39
5137 0 10 0 0 5137 0 50 0 0 60 46 40 40
5137 0 10 0 0 5137 0 50 0 0 90 51 41 41
5137 0 10 0 0 5137 0 50 0 0 120 57 45 45
5137 0 10 0 0 5137 0 50 0 0 150 64 50 50
5137 0 10 0 0 5137 0 50 0 0 180 66 56 56
5137 0 10 0 0 5137 0 60 0 0 0 41 41 41
5137 0 10 0 0 5137 0 60 0 0 30 42 41 41
5137 0 10 0 0 5137 0 60 0 0 60 45 41 41
5137 0 10 0 0 5137 0 60 0 0 90 50 43 43
5137 0 10 0 0 5137 0 60 0 0 120 56 45 45
5137 0 10 0 0 5137 0 60 0 0 150 62 50 50
5137 0 10 0 0 5137 0 60 0 0 180 63 56 56
5137 0 10 0 0 5137 0 0 0 0 0 41 35 35
5137 0 10 0 0 5137 0 0 0 0 30 43 37 37
5137 0 10 0 0 5137 0 0 0 0 60 46 39 39
5137 0 10 0 0 5137 0 0 0 0 90 50 43 43
5137 0 10 0 0 5137 0 0 0 0 120 56 48 48
5137 0 10 0 0 5137 0 0 0 0 150 64 55 55
5137 0 10 0 0 5137 0 0 0 0 180 67 57 57
5137 0 10 0 0 5137 0 10 0 0 0 41 34 34
5137 0 10 0 0 5137 0 10 0 0 30 43 36 36
5137 0 10 0 0 5137 0 10 0 0 60 46 39 39
5137 0 10 0 0 5137 0 10 0 0 90 50 42 42
5137 0 10 0 0 5137 0 10 0 0 120 56 47 47
5137 0 10 0 0 5137 0 10 0 0 150 63 54 54
5137 0 10 0 0 5137 0 10 0 0 180 67 57 57
5137 0 10 0 0 5137 0 20 0 0 0 40 34 34
5137 0 10 0 0 5137 0 20 0 0 30 43 35 35
5137 0 10 0 0 5137 0 20 0 0 60 46 37 37
5137 0 10 0 0 5137 0 20 0 0 90 50 40 40
5137 0 10 0 0 5137 0 20 0 0 120 56 44 44
5137 0 10 0 0 5137 0 20 0 0 150 63 51 51
5137 0 10 0 0 5137 0 20 0 0 180 66 56 56
5137 0 10 0 0 5137 0 30 0 0 0 40 35 35
5137 0 10 0 0 5137 0 30 0 0 30 42 35 35
5137 0 10 0 0 5137 0 30 0 0 60 45 37 37
5137 0 10 0 0 5137 0 30 0 0 90 50 39 39
5137 0 10 0 0 5137 0 30 0 0 120 55 43 43
5137 0 10 0 0 5137 0 30 0 0 150 63 50 50
5137 0 10 0 0 5137 0 30 0 0 180 66 55 55
5137 0 10 0 0 5137 0 40 0 0 0 40 37 37
5137 0 10 0 0 5137 0 40 0 0 30 42 37 37
5137 0 10 0 0 5137 0 40 0 0 60 45 37 37
5137 0 10 0 0 5137 0 40 0 0 90 49 39 39
5137 0 10 0 0 5137 0 40 0 0 120 55 43 43
5137 0 10 0 0 5137 0 40 0 0 150 62 49 49
5137 0 10 0 0 5137 0 40 0 0 180 65 55 55
5137 0 10 0 0 5137 0 50 0 0 0 40 38 38
5137 0 10 0 0 5137 0 50 0 0 30 42 38 38
5137 0 10 0 0 5137 0 50 0 0 60 44 38 38
5137 0 10 0 0 5137 0 50 0 0 90 48 40 40
5137 0 10 0 0 5137 0 50 0 0 120 54 42 42
5137 0 10 0 0 5137 0 50 0 0 150 61 48 48
5137 0 10 0 0 5137 0 50 0 0 180 63 55 55
5137 0 10 0 0 5137 0 60 0 0 0 41 39 39
5137 0 10 0 0 5137 0 60 0 0 30 42 39 39
5137 0 10 0 0 5137 0 60 0 0 60 44 40 40
5137 0 10 0 0 5137 0 60 0 0 90 48 41 41
5137 0 10 0 0 5137 0 60 0 0 120 52 43 43
5137 0 10 0 0 5137 0 60 0 0 150 59 48 48
5137 0 10 0 0 5137 0 60 0 0 180 61 55 55
