5337 0.2 30 0 0 4737 0.0 0 0 0 0 61.8 52.7 52.7
5337 0.2 30 0 0 4737 0.0 0 0 0 30 62.0 52.8 52.8
5337 0.2 30 0 0 4737 0.0 0 0 0 60 62.0 52.8 52.8
5337 0.2 30 0 0 4737 0.0 0 0 0 90 62.1 53.1 53.1
5337 0.2 30 0 0 4737 0.0 0 0 0 120 62.1 52.9 52.9
5337 0.2 30 0 0 4737 0.0 0 0 0 150 61.9 53.4 53.4
5337 0.2 30 0 0 4737 0.0 0 0 0 180 62.0 53.2 53.2
5337 0.2 30 0 0 4737 0.0 10 0 0 0 61.8 52.2 52.2
5337 0.2 30 0 0 4737 0.0 10 0 0 30 61.9 52.3 52.3
5337 0.2 30 0 0 4737 0.0 10 0 0 60 62.0 52.2 52.2
5337 0.2 30 0 0 4737 0.0 10 0 0 90 62.0 52.7 52.7
5337 0.2 30 0 0 4737 0.0 10 0 0 120 62.0 52.5 52.5
5337 0.2 30 0 0 4737 0.0 10 0 0 150 61.9 52.8 52.8
5337 0.2 30 0 0 4737 0.0 10 0 0 180 61.9 52.6 52.6
5337 0.2 30 0 0 4737 0.0 20 0 0 0 61.6 50.8 50.8
5337 0.2 30 0 0 4737 0.0 20 0 0 30 61.7 50.9 50.9
5337 0.2 30 0 0 4737 0.0 20 0 0 60 61.8 50.9 50.9
5337 0.2 30 0 0 4737 0.0 20 0 0 90 61.8 51.2 51.2
5337 0.2 30 0 0 4737 0.0 20 0 0 120 61.8 51.1 51.1
5337 0.2 30 0 0 4737 0.0 20 0 0 150 61.7 51.3 51.3
5337 0.2 30 0 0 4737 0.0 20 0 0 180 61.8 51.2 51.2
5337 0.2 30 0 0 4737 0.0 30 0 0 0 61.2 48.1 48.1
5337 0.2 30 0 0 4737 0.0 30 0 0 30 61.4 48.1 48.1
5337 0.2 30 0 0 4737 0.0 30 0 0 60 61.5 48.3 48.3
5337 0.2 30 0 0 4737 0.0 30 0 0 90 61.5 48.2 48.2
5337 0.2 30 0 0 4737 0.0 30 0 0 120 61.6 48.4 48.4
5337 0.2 30 0 0 4737 0.0 30 0 0 150 61.3 48.5 48.5
5337 0.2 30 0 0 4737 0.0 30 0 0 180 61.4 48.6 48.6
5337 0.2 30 0 0 4737 0.0 40 0 0 0 60.7 48.1 48.1
5337 0.2 30 0 0 4737 0.0 40 0 0 30 60.9 48.0 48.0
5337 0.2 30 0 0 4737 0.0 40 0 0 60 61.0 48.1 48.1
5337 0.2 30 0 0 4737 0.0 40 0 0 90 60.9 48.0 48.0
5337 0.2 30 0 0 4737 0.0 40 0 0 120 61.1 48.3 48.3
5337 0.2 30 0 0 4737 0.0 40 0 0 150 60.8 48.3 48.3
5337 0.2 30 0 0 4737 0.0 40 0 0 180 60.9 48.4 48.4
5337 0.2 30 0 0 4737 0.0 50 0 0 0 59.8 48.8 48.8
5337 0.2 30 0 0 4737 0.0 50 0 0 30 60.1 48.8 48.8
5337 0.2 30 0 0 4737 0.0 50 0 0 60 60.2 48.9 48.9
5337 0.2 30 0 0 4737 0.0 50 0 0 90 60.1 48.8 48.8
5337 0.2 30 0 0 4737 0.0 50 0 0 120 60.3 49.0 49.0
5337 0.2 30 0 0 4737 0.0 50 0 0 150 59.9 49.1 49.1
5337 0.2 30 0 0 4737 0.0 50 0 0 180 60.2 49.1 49.1
5337 0.2 30 0 0 4737 0.0 60 0 0 0 58.5 50.0 50.0
5337 0.2 30 0 0 4737 0.0 60 0 0 30 58.8 49.9 49.9
5337 0.2 30 0 0 4737 0.0 60 0 0 60 58.9 50.1 50.1
5337 0.2 30 0 0 4737 0.0 60 0 0 90 58.7 50.1 50.1
5337 0.2 30 0 0 4737 0.0 60 0 0 120 58.9 50.4 50.4
5337 0.2 30 0 0 4737 0.0 60 0 0 150 58.6 50.6 50.6
5337 0.2 30 0 0 4737 0.0 60 0 0 180 58.8 50.4 50.4
5337 0.2 30 0 0 4737 0.1 0 0 0 0 61.3 52.0 52.0
5337 0.2 30 0 0 4737 0.1 0 0 0 30 61.6 52.2 52.2
5337 0.2 30 0 0 4737 0.1 0 0 0 60 61.6 52.1 52.1
5337 0.2 30 0 0 4737 0.1 0 0 0 90 61.6 52.4 52.4
5337 0.2 30 0 0 4737 0.1 0 0 0 120 61.8 52.4 52.4
5337 0.2 30 0 0 4737 0.1 0 0 0 150 61.5 52.6 52.6
5337 0.2 30 0 0 4737 0.1 0 0 0 180 61.7 52.6 52.6
5337 0.2 30 0 0 4737 0.1 10 0 0 0 61.3 51.6 51.6
5337 0.2 30 0 0 4737 0.1 10 0 0 30 61.6 51.7 51.7
5337 0.2 30 0 0 4737 0.1 10 0 0 60 61.6 51.5 51.5
5337 0.2 30 0 0 4737 0.1 10 0 0 90 61.5 51.9 51.9
5337 0.2 30 0 0 4737 0.1 10 0 0 120 61.7 51.8 51.8
5337 0.2 30 0 0 4737 0.1 10 0 0 150 61.4 52.2 52.2
5337 0.2 30 0 0 4737 0.1 10 0 0 180 61.6 52.0 52.0
5337 0.2 30 0 0 4737 0.1 20 0 0 0 61.1 50.2 50.2
5337 0.2 30 0 0 4737 0.1 20 0 0 30 61.4 50.2 50.2
5337 0.2 30 0 0 4737 0.1 20 0 0 60 61.4 50.1 50.1
5337 0.2 30 0 0 4737 0.1 20 0 0 90 61.3 50.4 50.4
5337 0.2 30 0 0 4737 0.1 20 0 0 120 61.5 50.4 50.4
5337 0.2 30 0 0 4737 0.1 20 0 0 150 61.2 50.7 50.7
5337 0.2 30 0 0 4737 0.1 20 0 0 180 61.5 50.6 50.6
5337 0.2 30 0 0 4737 0.1 30 0 0 0 60.7 47.6 47.6
5337 0.2 30 0 0 4737 0.1 30 0 0 30 61.0 47.6 47.6
5337 0.2 30 0 0 4737 0.1 30 0 0 60 61.1 47.6 47.6
5337 0.2 30 0 0 4737 0.1 30 0 0 90 60.9 47.6 47.6
5337 0.2 30 0 0 4737 0.1 30 0 0 120 61.2 47.6 47.6
5337 0.2 30 0 0 4737 0.1 30 0 0 150 60.8 47.9 47.9
5337 0.2 30 0 0 4737 0.1 30 0 0 180 61.1 47.7 47.7
5337 0.2 30 0 0 4737 0.1 40 0 0 0 60.1 47.6 47.6
5337 0.2 30 0 0 4737 0.1 40 0 0 30 60.5 47.4 47.4
5337 0.2 30 0 0 4737 0.1 40 0 0 60 60.6 47.6 47.6
5337 0.2 30 0 0 4737 0.1 40 0 0 90 60.4 47.6 47.6
5337 0.2 30 0 0 4737 0.1 40 0 0 120 60.7 47.5 47.5
5337 0.2 30 0 0 4737 0.1 40 0 0 150 60.3 47.9 47.9
5337 0.2 30 0 0 4737 0.1 40 0 0 180 60.6 47.7 47.7
5337 0.2 30 0 0 4737 0.1 50 0 0 0 59.3 48.3 48.3
5337 0.2 30 0 0 4737 0.1 50 0 0 30 59.6 48.2 48.2
5337 0.2 30 0 0 4737 0.1 50 0 0 60 59.9 48.4 48.4
5337 0.2 30 0 0 4737 0.1 50 0 0 90 59.5 48.4 48.4
5337 0.2 30 0 0 4737 0.1 50 0 0 120 59.9 48.3 48.3
5337 0.2 30 0 0 4737 0.1 50 0 0 150 59.5 48.6 48.6
5337 0.2 30 0 0 4737 0.1 50 0 0 180 59.8 48.3 48.3
5337 0.2 30 0 0 4737 0.1 60 0 0 0 58.1 49.3 49.3
5337 0.2 30 0 0 4737 0.1 60 0 0 30 58.3 49.4 49.4
5337 0.2 30 0 0 4737 0.1 60 0 0 60 58.6 49.5 49.5
5337 0.2 30 0 0 4737 0.1 60 0 0 90 58.2 49.5 49.5
5337 0.2 30 0 0 4737 0.1 60 0 0 120 58.5 49.6 49.6
5337 0.2 30 0 0 4737 0.1 60 0 0 150 58.1 49.9 49.9
5337 0.2 30 0 0 4737 0.1 60 0 0 180 58.4 49.8 49.8
5337 0.2 30 0 0 4737 0.2 0 0 0 0 60.9 51.3 51.3
5337 0.2 30 0 0 4737 0.2 0 0 0 30 61.2 51.4 51.4
5337 0.2 30 0 0 4737 0.2 0 0 0 60 61.3 51.5 51.5
5337 0.2 30 0 0 4737 0.2 0 0 0 90 61.1 51.5 51.5
5337 0.2 30 0 0 4737 0.2 0 0 0 120 61.4 51.8 51.8
5337 0.2 30 0 0 4737 0.2 0 0 0 150 61.0 51.9 51.9
5337 0.2 30 0 0 4737 0.2 0 0 0 180 61.3 52.0 52.0
5337 0.2 30 0 0 4737 0.2 10 0 0 0 60.9 50.9 50.9
5337 0.2 30 0 0 4737 0.2 10 0 0 30 61.1 50.9 50.9
5337 0.2 30 0 0 4737 0.2 10 0 0 60 61.2 50.9 50.9
5337 0.2 30 0 0 4737 0.2 10 0 0 90 61.0 51.1 51.1
5337 0.2 30 0 0 4737 0.2 10 0 0 120 61.3 51.2 51.2
5337 0.2 30 0 0 4737 0.2 10 0 0 150 61.0 51.4 51.4
5337 0.2 30 0 0 4737 0.2 10 0 0 180 61.2 51.4 51.4
5337 0.2 30 0 0 4737 0.2 20 0 0 0 60.7 49.5 49.5
5337 0.2 30 0 0 4737 0.2 20 0 0 30 60.9 49.4 49.4
5337 0.2 30 0 0 4737 0.2 20 0 0 60 61.0 49.4 49.4
5337 0.2 30 0 0 4737 0.2 20 0 0 90 60.8 49.5 49.5
5337 0.2 30 0 0 4737 0.2 20 0 0 120 61.1 49.7 49.7
5337 0.2 30 0 0 4737 0.2 20 0 0 150 60.8 49.9 49.9
5337 0.2 30 0 0 4737 0.2 20 0 0 180 61.1 49.9 49.9
5337 0.2 30 0 0 4737 0.2 30 0 0 0 60.3 47.1 47.1
5337 0.2 30 0 0 4737 0.2 30 0 0 30 60.6 47.1 47.1
5337 0.2 30 0 0 4737 0.2 30 0 0 60 60.7 47.1 47.1
5337 0.2 30 0 0 4737 0.2 30 0 0 90 60.5 47.2 47.2
5337 0.2 30 0 0 4737 0.2 30 0 0 120 60.7 47.1 47.1
5337 0.2 30 0 0 4737 0.2 30 0 0 150 60.4 47.3 47.3
5337 0.2 30 0 0 4737 0.2 30 0 0 180 60.7 47.2 47.2
5337 0.2 30 0 0 4737 0.2 40 0 0 0 59.8 47.1 47.1
5337 0.2 30 0 0 4737 0.2 40 0 0 30 60.0 47.2 47.2
5337 0.2 30 0 0 4737 0.2 40 0 0 60 60.2 47.0 47.0
5337 0.2 30 0 0 4737 0.2 40 0 0 90 60.0 47.2 47.2
5337 0.2 30 0 0 4737 0.2 40 0 0 120 60.1 47.0 47.0
5337 0.2 30 0 0 4737 0.2 40 0 0 150 59.9 47.4 47.4
5337 0.2 30 0 0 4737 0.2 40 0 0 180 60.2 47.2 47.2
5337 0.2 30 0 0 4737 0.2 50 0 0 0 59.0 47.7 47.7
5337 0.2 30 0 0 4737 0.2 50 0 0 30 59.1 47.7 47.7
5337 0.2 30 0 0 4737 0.2 50 0 0 60 59.4 47.7 47.7
5337 0.2 30 0 0 4737 0.2 50 0 0 90 59.2 47.9 47.9
5337 0.2 30 0 0 4737 0.2 50 0 0 120 59.3 47.9 47.9
5337 0.2 30 0 0 4737 0.2 50 0 0 150 59.1 48.1 48.1
5337 0.2 30 0 0 4737 0.2 50 0 0 180 59.3 48.0 48.0
5337 0.2 30 0 0 4737 0.2 60 0 0 0 57.7 48.7 48.7
5337 0.2 30 0 0 4737 0.2 60 0 0 30 57.7 48.7 48.7
5337 0.2 30 0 0 4737 0.2 60 0 0 60 57.9 48.7 48.7
5337 0.2 30 0 0 4737 0.2 60 0 0 90 57.8 48.8 48.8
5337 0.2 30 0 0 4737 0.2 60 0 0 120 57.8 48.9 48.9
5337 0.2 30 0 0 4737 0.2 60 0 0 150 57.7 49.2 49.2
5337 0.2 30 0 0 4737 0.2 60 0 0 180 57.9 49.3 49.3
5337 0.2 30 0 0 4737 0.3 0 0 0 0 60.5 50.6 50.6
5337 0.2 30 0 0 4737 0.3 0 0 0 30 60.8 50.5 50.5
5337 0.2 30 0 0 4737 0.3 0 0 0 60 60.8 50.8 50.8
5337 0.2 30 0 0 4737 0.3 0 0 0 90 60.7 50.9 50.9
5337 0.2 30 0 0 4737 0.3 0 0 0 120 60.9 50.8 50.8
5337 0.2 30 0 0 4737 0.3 0 0 0 150 60.7 51.3 51.3
5337 0.2 30 0 0 4737 0.3 0 0 0 180 60.8 51.3 51.3
5337 0.2 30 0 0 4737 0.3 10 0 0 0 60.5 50.0 50.0
5337 0.2 30 0 0 4737 0.3 10 0 0 30 60.7 50.0 50.0
5337 0.2 30 0 0 4737 0.3 10 0 0 60 60.8 50.2 50.2
5337 0.2 30 0 0 4737 0.3 10 0 0 90 60.7 50.3 50.3
5337 0.2 30 0 0 4737 0.3 10 0 0 120 60.8 50.3 50.3
5337 0.2 30 0 0 4737 0.3 10 0 0 150 60.6 50.7 50.7
5337 0.2 30 0 0 4737 0.3 10 0 0 180 60.7 50.7 50.7
5337 0.2 30 0 0 4737 0.3 20 0 0 0 60.3 48.3 48.3
5337 0.2 30 0 0 4737 0.3 20 0 0 30 60.5 48.3 48.3
5337 0.2 30 0 0 4737 0.3 20 0 0 60 60.6 48.3 48.3
5337 0.2 30 0 0 4737 0.3 20 0 0 90 60.5 48.5 48.5
5337 0.2 30 0 0 4737 0.3 20 0 0 120 60.6 48.6 48.6
5337 0.2 30 0 0 4737 0.3 20 0 0 150 60.4 48.9 48.9
5337 0.2 30 0 0 4737 0.3 20 0 0 180 60.5 48.9 48.9
5337 0.2 30 0 0 4737 0.3 30 0 0 0 60.0 46.7 46.7
5337 0.2 30 0 0 4737 0.3 30 0 0 30 60.1 46.7 46.7
5337 0.2 30 0 0 4737 0.3 30 0 0 60 60.2 46.7 46.7
5337 0.2 30 0 0 4737 0.3 30 0 0 90 60.2 46.8 46.8
5337 0.2 30 0 0 4737 0.3 30 0 0 120 60.2 46.8 46.8
5337 0.2 30 0 0 4737 0.3 30 0 0 150 60.1 47.0 47.0
5337 0.2 30 0 0 4737 0.3 30 0 0 180 60.2 46.9 46.9
5337 0.2 30 0 0 4737 0.3 40 0 0 0 59.4 46.8 46.8
5337 0.2 30 0 0 4737 0.3 40 0 0 30 59.6 46.8 46.8
5337 0.2 30 0 0 4737 0.3 40 0 0 60 59.7 46.8 46.8
5337 0.2 30 0 0 4737 0.3 40 0 0 90 59.6 46.8 46.8
5337 0.2 30 0 0 4737 0.3 40 0 0 120 59.7 46.9 46.9
5337 0.2 30 0 0 4737 0.3 40 0 0 150 59.6 47.0 47.0
5337 0.2 30 0 0 4737 0.3 40 0 0 180 59.6 47.0 47.0
5337 0.2 30 0 0 4737 0.3 50 0 0 0 58.6 47.2 47.2
5337 0.2 30 0 0 4737 0.3 50 0 0 30 58.8 47.2 47.2
5337 0.2 30 0 0 4737 0.3 50 0 0 60 58.7 47.3 47.3
5337 0.2 30 0 0 4737 0.3 50 0 0 90 58.8 47.3 47.3
5337 0.2 30 0 0 4737 0.3 50 0 0 120 58.8 47.5 47.5
5337 0.2 30 0 0 4737 0.3 50 0 0 150 58.7 47.7 47.7
5337 0.2 30 0 0 4737 0.3 50 0 0 180 58.7 47.6 47.6
5337 0.2 30 0 0 4737 0.3 60 0 0 0 57.2 48.2 48.2
5337 0.2 30 0 0 4737 0.3 60 0 0 30 57.3 48.2 48.2
5337 0.2 30 0 0 4737 0.3 60 0 0 60 57.3 48.2 48.2
5337 0.2 30 0 0 4737 0.3 60 0 0 90 57.3 48.2 48.2
5337 0.2 30 0 0 4737 0.3 60 0 0 120 57.3 48.2 48.2
5337 0.2 30 0 0 4737 0.3 60 0 0 150 57.2 48.5 48.5
5337 0.2 30 0 0 4737 0.3 60 0 0 180 57.2 48.7 48.7
5337 0.2 30 0 0 4737 0.4 0 0 0 0 60.2 49.7 49.7
5337 0.2 30 0 0 4737 0.4 0 0 0 30 60.4 49.7 49.7
5337 0.2 30 0 0 4737 0.4 0 0 0 60 60.3 49.8 49.8
5337 0.2 30 0 0 4737 0.4 0 0 0 90 60.4 50.0 50.0
5337 0.2 30 0 0 4737 0.4 0 0 0 120 60.4 50.0 50.0
5337 0.2 30 0 0 4737 0.4 0 0 0 150 60.3 50.5 50.5
5337 0.2 30 0 0 4737 0.4 0 0 0 180 60.2 50.4 50.4
5337 0.2 30 0 0 4737 0.4 10 0 0 0 60.2 49.1 49.1
5337 0.2 30 0 0 4737 0.4 10 0 0 30 60.3 49.0 49.0
5337 0.2 30 0 0 4737 0.4 10 0 0 60 60.2 49.2 49.2
5337 0.2 30 0 0 4737 0.4 10 0 0 90 60.3 49.4 49.4
5337 0.2 30 0 0 4737 0.4 10 0 0 120 60.4 49.4 49.4
5337 0.2 30 0 0 4737 0.4 10 0 0 150 60.2 49.9 49.9
5337 0.2 30 0 0 4737 0.4 10 0 0 180 60.2 49.9 49.9
5337 0.2 30 0 0 4737 0.4 20 0 0 0 60.0 47.0 47.0
5337 0.2 30 0 0 4737 0.4 20 0 0 30 60.1 46.9 46.9
5337 0.2 30 0 0 4737 0.4 20 0 0 60 60.1 47.0 47.0
5337 0.2 30 0 0 4737 0.4 20 0 0 90 60.1 47.2 47.2
5337 0.2 30 0 0 4737 0.4 20 0 0 120 60.2 47.2 47.2
5337 0.2 30 0 0 4737 0.4 20 0 0 150 60.0 47.7 47.7
5337 0.2 30 0 0 4737 0.4 20 0 0 180 59.9 47.8 47.8
5337 0.2 30 0 0 4737 0.4 30 0 0 0 59.7 46.3 46.3
5337 0.2 30 0 0 4737 0.4 30 0 0 30 59.8 46.3 46.3
5337 0.2 30 0 0 4737 0.4 30 0 0 60 59.7 46.5 46.5
5337 0.2 30 0 0 4737 0.4 30 0 0 90 59.7 46.5 46.5
5337 0.2 30 0 0 4737 0.4 30 0 0 120 59.8 46.6 46.6
5337 0.2 30 0 0 4737 0.4 30 0 0 150 59.6 46.8 46.8
5337 0.2 30 0 0 4737 0.4 30 0 0 180 59.5 46.7 46.7
5337 0.2 30 0 0 4737 0.4 40 0 0 0 59.1 46.5 46.5
5337 0.2 30 0 0 4737 0.4 40 0 0 30 59.2 46.5 46.5
5337 0.2 30 0 0 4737 0.4 40 0 0 60 59.1 46.6 46.6
5337 0.2 30 0 0 4737 0.4 40 0 0 90 59.1 46.6 46.6
5337 0.2 30 0 0 4737 0.4 40 0 0 120 59.3 46.7 46.7
5337 0.2 30 0 0 4737 0.4 40 0 0 150 59.0 46.8 46.8
5337 0.2 30 0 0 4737 0.4 40 0 0 180 59.0 46.9 46.9
5337 0.2 30 0 0 4737 0.4 50 0 0 0 58.3 46.7 46.7
5337 0.2 30 0 0 4737 0.4 50 0 0 30 58.4 46.7 46.7
5337 0.2 30 0 0 4737 0.4 50 0 0 60 58.2 46.9 46.9
5337 0.2 30 0 0 4737 0.4 50 0 0 90 58.2 46.9 46.9
5337 0.2 30 0 0 4737 0.4 50 0 0 120 58.4 47.1 47.1
5337 0.2 30 0 0 4737 0.4 50 0 0 150 58.1 47.4 47.4
5337 0.2 30 0 0 4737 0.4 50 0 0 180 58.1 47.6 47.6
5337 0.2 30 0 0 4737 0.4 60 0 0 0 56.6 47.6 47.6
5337 0.2 30 0 0 4737 0.4 60 0 0 30 56.7 47.6 47.6
5337 0.2 30 0 0 4737 0.4 60 0 0 60 56.6 47.8 47.8
5337 0.2 30 0 0 4737 0.4 60 0 0 90 56.5 47.7 47.7
5337 0.2 30 0 0 4737 0.4 60 0 0 120 56.6 47.7 47.7
5337 0.2 30 0 0 4737 0.4 60 0 0 150 56.3 48.0 48.0
5337 0.2 30 0 0 4737 0.4 60 0 0 180 56.3 48.2 48.2
5337 0.2 30 0 0 4737 0.5 0 0 0 0 59.9 48.5 48.5
5337 0.2 30 0 0 4737 0.5 0 0 0 30 59.9 48.5 48.5
5337 0.2 30 0 0 4737 0.5 0 0 0 60 59.9 48.5 48.5
5337 0.2 30 0 0 4737 0.5 0 0 0 90 59.8 48.6 48.6
5337 0.2 30 0 0 4737 0.5 0 0 0 120 60.0 48.9 48.9
5337 0.2 30 0 0 4737 0.5 0 0 0 150 59.8 49.1 49.1
5337 0.2 30 0 0 4737 0.5 0 0 0 180 59.7 49.2 49.2
5337 0.2 30 0 0 4737 0.5 10 0 0 0 59.8 47.6 47.6
5337 0.2 30 0 0 4737 0.5 10 0 0 30 59.9 47.6 47.6
5337 0.2 30 0 0 4737 0.5 10 0 0 60 59.8 47.7 47.7
5337 0.2 30 0 0 4737 0.5 10 0 0 90 59.7 47.8 47.8
5337 0.2 30 0 0 4737 0.5 10 0 0 120 59.9 48.0 48.0
5337 0.2 30 0 0 4737 0.5 10 0 0 150 59.7 48.3 48.3
5337 0.2 30 0 0 4737 0.5 10 0 0 180 59.7 48.4 48.4
5337 0.2 30 0 0 4737 0.5 20 0 0 0 59.6 46.5 46.5
5337 0.2 30 0 0 4737 0.5 20 0 0 30 59.7 46.5 46.5
5337 0.2 30 0 0 4737 0.5 20 0 0 60 59.6 46.6 46.6
5337 0.2 30 0 0 4737 0.5 20 0 0 90 59.5 46.8 46.8
5337 0.2 30 0 0 4737 0.5 20 0 0 120 59.7 46.9 46.9
5337 0.2 30 0 0 4737 0.5 20 0 0 150 59.5 47.3 47.3
5337 0.2 30 0 0 4737 0.5 20 0 0 180 59.4 47.4 47.4
5337 0.2 30 0 0 4737 0.5 30 0 0 0 59.3 46.2 46.2
5337 0.2 30 0 0 4737 0.5 30 0 0 30 59.3 46.2 46.2
5337 0.2 30 0 0 4737 0.5 30 0 0 60 59.2 46.3 46.3
5337 0.2 30 0 0 4737 0.5 30 0 0 90 59.2 46.6 46.6
5337 0.2 30 0 0 4737 0.5 30 0 0 120 59.2 46.7 46.7
5337 0.2 30 0 0 4737 0.5 30 0 0 150 59.1 47.0 47.0
5337 0.2 30 0 0 4737 0.5 30 0 0 180 59.0 46.8 46.8
5337 0.2 30 0 0 4737 0.5 40 0 0 0 58.7 46.3 46.3
5337 0.2 30 0 0 4737 0.5 40 0 0 30 58.8 46.2 46.2
5337 0.2 30 0 0 4737 0.5 40 0 0 60 58.6 46.4 46.4
5337 0.2 30 0 0 4737 0.5 40 0 0 90 58.6 46.6 46.6
5337 0.2 30 0 0 4737 0.5 40 0 0 120 58.6 46.7 46.7
5337 0.2 30 0 0 4737 0.5 40 0 0 150 58.5 47.1 47.1
5337 0.2 30 0 0 4737 0.5 40 0 0 180 58.5 46.9 46.9
5337 0.2 30 0 0 4737 0.5 50 0 0 0 57.7 46.5 46.5
5337 0.2 30 0 0 4737 0.5 50 0 0 30 57.8 46.4 46.4
5337 0.2 30 0 0 4737 0.5 50 0 0 60 57.8 46.6 46.6
5337 0.2 30 0 0 4737 0.5 50 0 0 90 57.6 46.7 46.7
5337 0.2 30 0 0 4737 0.5 50 0 0 120 57.6 46.8 46.8
5337 0.2 30 0 0 4737 0.5 50 0 0 150 57.5 47.2 47.2
5337 0.2 30 0 0 4737 0.5 50 0 0 180 57.5 47.4 47.4
5337 0.2 30 0 0 4737 0.5 60 0 0 0 56.3 47.1 47.1
5337 0.2 30 0 0 4737 0.5 60 0 0 30 56.4 47.1 47.1
5337 0.2 30 0 0 4737 0.5 60 0 0 60 56.3 47.2 47.2
5337 0.2 30 0 0 4737 0.5 60 0 0 90 56.1 47.4 47.4
5337 0.2 30 0 0 4737 0.5 60 0 0 120 56.1 47.3 47.3
5337 0.2 30 0 0 4737 0.5 60 0 0 150 55.7 47.6 47.6
5337 0.2 30 0 0 4737 0.5 60 0 0 180 55.8 47.8 47.8
5337 0.2 30 0 0 4937 0.0 0 0 0 0 62.1 53.1 53.1
5337 0.2 30 0 0 4937 0.0 0 0 0 30 62.4 53.3 53.3
5337 0.2 30 0 0 4937 0.0 0 0 0 60 62.6 53.6 53.6
5337 0.2 30 0 0 4937 0.0 0 0 0 90 62.6 53.8 53.8
5337 0.2 30 0 0 4937 0.0 0 0 0 120 62.7 54.0 54.0
5337 0.2 30 0 0 4937 0.0 0 0 0 150 62.5 53.9 53.9
5337 0.2 30 0 0 4937 0.0 0 0 0 180 62.4 53.9 53.9
5337 0.2 30 0 0 4937 0.0 10 0 0 0 62.1 52.6 52.6
5337 0.2 30 0 0 4937 0.0 10 0 0 30 62.3 52.8 52.8
5337 0.2 30 0 0 4937 0.0 10 0 0 60 62.5 53.1 53.1
5337 0.2 30 0 0 4937 0.0 10 0 0 90 62.6 53.4 53.4
5337 0.2 30 0 0 4937 0.0 10 0 0 120 62.6 53.6 53.6
5337 0.2 30 0 0 4937 0.0 10 0 0 150 62.5 53.5 53.5
5337 0.2 30 0 0 4937 0.0 10 0 0 180 62.3 53.5 53.5
5337 0.2 30 0 0 4937 0.0 20 0 0 0 61.9 51.2 51.2
5337 0.2 30 0 0 4937 0.0 20 0 0 30 62.2 51.5 51.5
5337 0.2 30 0 0 4937 0.0 20 0 0 60 62.4 51.9 51.9
5337 0.2 30 0 0 4937 0.0 20 0 0 90 62.4 52.1 52.1
5337 0.2 30 0 0 4937 0.0 20 0 0 120 62.4 52.3 52.3
5337 0.2 30 0 0 4937 0.0 20 0 0 150 62.3 52.4 52.4
5337 0.2 30 0 0 4937 0.0 20 0 0 180 62.1 52.3 52.3
5337 0.2 30 0 0 4937 0.0 30 0 0 0 61.6 48.3 48.3
5337 0.2 30 0 0 4937 0.0 30 0 0 30 61.9 48.8 48.8
5337 0.2 30 0 0 4937 0.0 30 0 0 60 62.0 49.2 49.2
5337 0.2 30 0 0 4937 0.0 30 0 0 90 62.1 49.5 49.5
5337 0.2 30 0 0 4937 0.0 30 0 0 120 62.1 49.7 49.7
5337 0.2 30 0 0 4937 0.0 30 0 0 150 62.0 49.7 49.7
5337 0.2 30 0 0 4937 0.0 30 0 0 180 61.8 49.5 49.5
5337 0.2 30 0 0 4937 0.0 40 0 0 0 61.1 48.2 48.2
5337 0.2 30 0 0 4937 0.0 40 0 0 30 61.4 48.6 48.6
5337 0.2 30 0 0 4937 0.0 40 0 0 60 61.5 49.0 49.0
5337 0.2 30 0 0 4937 0.0 40 0 0 90 61.6 49.4 49.4
5337 0.2 30 0 0 4937 0.0 40 0 0 120 61.6 49.6 49.6
5337 0.2 30 0 0 4937 0.0 40 0 0 150 61.5 49.5 49.5
5337 0.2 30 0 0 4937 0.0 40 0 0 180 61.4 49.3 49.3
5337 0.2 30 0 0 4937 0.0 50 0 0 0 60.4 48.8 48.8
5337 0.2 30 0 0 4937 0.0 50 0 0 30 60.6 49.1 49.1
5337 0.2 30 0 0 4937 0.0 50 0 0 60 60.8 49.5 49.5
5337 0.2 30 0 0 4937 0.0 50 0 0 90 60.9 49.9 49.9
5337 0.2 30 0 0 4937 0.0 50 0 0 120 60.8 50.2 50.2
5337 0.2 30 0 0 4937 0.0 50 0 0 150 60.7 50.2 50.2
5337 0.2 30 0 0 4937 0.0 50 0 0 180 60.6 50.1 50.1
5337 0.2 30 0 0 4937 0.0 60 0 0 0 59.1 50.3 50.3
5337 0.2 30 0 0 4937 0.0 60 0 0 30 59.4 50.4 50.4
5337 0.2 30 0 0 4937 0.0 60 0 0 60 59.5 50.9 50.9
5337 0.2 30 0 0 4937 0.0 60 0 0 90 59.5 51.1 51.1
5337 0.2 30 0 0 4937 0.0 60 0 0 120 59.5 51.4 51.4
5337 0.2 30 0 0 4937 0.0 60 0 0 150 59.5 51.4 51.4
5337 0.2 30 0 0 4937 0.0 60 0 0 180 59.4 51.3 51.3
5337 0.2 30 0 0 4937 0.1 0 0 0 0 61.7 52.4 52.4
5337 0.2 30 0 0 4937 0.1 0 0 0 30 62.1 52.6 52.6
5337 0.2 30 0 0 4937 0.1 0 0 0 60 62.0 52.9 52.9
5337 0.2 30 0 0 4937 0.1 0 0 0 90 62.3 53.1 53.1
5337 0.2 30 0 0 4937 0.1 0 0 0 120 62.3 53.4 53.4
5337 0.2 30 0 0 4937 0.1 0 0 0 150 62.0 53.5 53.5
5337 0.2 30 0 0 4937 0.1 0 0 0 180 61.9 53.3 53.3
5337 0.2 30 0 0 4937 0.1 10 0 0 0 61.6 51.9 51.9
5337 0.2 30 0 0 4937 0.1 10 0 0 30 62.0 52.1 52.1
5337 0.2 30 0 0 4937 0.1 10 0 0 60 61.9 52.4 52.4
5337 0.2 30 0 0 4937 0.1 10 0 0 90 62.3 52.7 52.7
5337 0.2 30 0 0 4937 0.1 10 0 0 120 62.2 52.9 52.9
5337 0.2 30 0 0 4937 0.1 10 0 0 150 62.0 53.0 53.0
5337 0.2 30 0 0 4937 0.1 10 0 0 180 61.9 52.9 52.9
5337 0.2 30 0 0 4937 0.1 20 0 0 0 61.5 50.5 50.5
5337 0.2 30 0 0 4937 0.1 20 0 0 30 61.8 50.8 50.8
5337 0.2 30 0 0 4937 0.1 20 0 0 60 61.8 51.0 51.0
5337 0.2 30 0 0 4937 0.1 20 0 0 90 62.1 51.4 51.4
5337 0.2 30 0 0 4937 0.1 20 0 0 120 62.0 51.6 51.6
5337 0.2 30 0 0 4937 0.1 20 0 0 150 61.8 51.7 51.7
5337 0.2 30 0 0 4937 0.1 20 0 0 180 61.7 51.6 51.6
5337 0.2 30 0 0 4937 0.1 30 0 0 0 61.2 47.6 47.6
5337 0.2 30 0 0 4937 0.1 30 0 0 30 61.5 47.9 47.9
5337 0.2 30 0 0 4937 0.1 30 0 0 60 61.5 48.2 48.2
5337 0.2 30 0 0 4937 0.1 30 0 0 90 61.8 48.8 48.8
5337 0.2 30 0 0 4937 0.1 30 0 0 120 61.7 49.1 49.1
5337 0.2 30 0 0 4937 0.1 30 0 0 150 61.5 49.1 49.1
5337 0.2 30 0 0 4937 0.1 30 0 0 180 61.4 48.9 48.9
5337 0.2 30 0 0 4937 0.1 40 0 0 0 60.7 47.5 47.5
5337 0.2 30 0 0 4937 0.1 40 0 0 30 61.0 47.8 47.8
5337 0.2 30 0 0 4937 0.1 40 0 0 60 61.0 48.2 48.2
5337 0.2 30 0 0 4937 0.1 40 0 0 90 61.2 48.7 48.7
5337 0.2 30 0 0 4937 0.1 40 0 0 120 61.1 49.0 49.0
5337 0.2 30 0 0 4937 0.1 40 0 0 150 61.0 49.0 49.0
5337 0.2 30 0 0 4937 0.1 40 0 0 180 60.9 48.7 48.7
5337 0.2 30 0 0 4937 0.1 50 0 0 0 60.0 48.1 48.1
5337 0.2 30 0 0 4937 0.1 50 0 0 30 60.2 48.2 48.2
5337 0.2 30 0 0 4937 0.1 50 0 0 60 60.3 48.6 48.6
5337 0.2 30 0 0 4937 0.1 50 0 0 90 60.4 49.1 49.1
5337 0.2 30 0 0 4937 0.1 50 0 0 120 60.4 49.5 49.5
5337 0.2 30 0 0 4937 0.1 50 0 0 150 60.2 49.7 49.7
5337 0.2 30 0 0 4937 0.1 50 0 0 180 60.2 49.6 49.6
5337 0.2 30 0 0 4937 0.1 60 0 0 0 58.7 49.6 49.6
5337 0.2 30 0 0 4937 0.1 60 0 0 30 58.9 49.7 49.7
5337 0.2 30 0 0 4937 0.1 60 0 0 60 59.0 50.1 50.1
5337 0.2 30 0 0 4937 0.1 60 0 0 90 59.1 50.3 50.3
5337 0.2 30 0 0 4937 0.1 60 0 0 120 59.0 50.7 50.7
5337 0.2 30 0 0 4937 0.1 60 0 0 150 59.0 50.8 50.8
5337 0.2 30 0 0 4937 0.1 60 0 0 180 58.9 50.6 50.6
5337 0.2 30 0 0 4937 0.2 0 0 0 0 61.4 51.7 51.7
5337 0.2 30 0 0 4937 0.2 0 0 0 30 61.6 51.9 51.9
5337 0.2 30 0 0 4937 0.2 0 0 0 60 61.7 52.1 52.1
5337 0.2 30 0 0 4937 0.2 0 0 0 90 61.8 52.5 52.5
5337 0.2 30 0 0 4937 0.2 0 0 0 120 61.8 52.7 52.7
5337 0.2 30 0 0 4937 0.2 0 0 0 150 61.7 52.8 52.8
5337 0.2 30 0 0 4937 0.2 0 0 0 180 61.6 52.7 52.7
5337 0.2 30 0 0 4937 0.2 10 0 0 0 61.3 51.1 51.1
5337 0.2 30 0 0 4937 0.2 10 0 0 30 61.5 51.4 51.4
5337 0.2 30 0 0 4937 0.2 10 0 0 60 61.7 51.6 51.6
5337 0.2 30 0 0 4937 0.2 10 0 0 90 61.7 52.0 52.0
5337 0.2 30 0 0 4937 0.2 10 0 0 120 61.7 52.2 52.2
5337 0.2 30 0 0 4937 0.2 10 0 0 150 61.7 52.4 52.4
5337 0.2 30 0 0 4937 0.2 10 0 0 180 61.5 52.3 52.3
5337 0.2 30 0 0 4937 0.2 20 0 0 0 61.1 49.8 49.8
5337 0.2 30 0 0 4937 0.2 20 0 0 30 61.3 49.9 49.9
5337 0.2 30 0 0 4937 0.2 20 0 0 60 61.5 50.2 50.2
5337 0.2 30 0 0 4937 0.2 20 0 0 90 61.5 50.5 50.5
5337 0.2 30 0 0 4937 0.2 20 0 0 120 61.5 50.8 50.8
5337 0.2 30 0 0 4937 0.2 20 0 0 150 61.5 51.0 51.0
5337 0.2 30 0 0 4937 0.2 20 0 0 180 61.4 50.9 50.9
5337 0.2 30 0 0 4937 0.2 30 0 0 0 60.8 47.0 47.0
5337 0.2 30 0 0 4937 0.2 30 0 0 30 61.0 47.1 47.1
5337 0.2 30 0 0 4937 0.2 30 0 0 60 61.1 47.5 47.5
5337 0.2 30 0 0 4937 0.2 30 0 0 90 61.2 47.9 47.9
5337 0.2 30 0 0 4937 0.2 30 0 0 120 61.2 48.3 48.3
5337 0.2 30 0 0 4937 0.2 30 0 0 150 61.1 48.7 48.7
5337 0.2 30 0 0 4937 0.2 30 0 0 180 61.0 48.5 48.5
5337 0.2 30 0 0 4937 0.2 40 0 0 0 60.3 46.9 46.9
5337 0.2 30 0 0 4937 0.2 40 0 0 30 60.5 47.1 47.1
5337 0.2 30 0 0 4937 0.2 40 0 0 60 60.6 47.5 47.5
5337 0.2 30 0 0 4937 0.2 40 0 0 90 60.7 47.9 47.9
5337 0.2 30 0 0 4937 0.2 40 0 0 120 60.7 48.3 48.3
5337 0.2 30 0 0 4937 0.2 40 0 0 150 60.6 48.6 48.6
5337 0.2 30 0 0 4937 0.2 40 0 0 180 60.5 48.5 48.5
5337 0.2 30 0 0 4937 0.2 50 0 0 0 59.6 47.6 47.6
5337 0.2 30 0 0 4937 0.2 50 0 0 30 59.7 47.7 47.7
5337 0.2 30 0 0 4937 0.2 50 0 0 60 59.9 48.1 48.1
5337 0.2 30 0 0 4937 0.2 50 0 0 90 59.9 48.4 48.4
5337 0.2 30 0 0 4937 0.2 50 0 0 120 59.9 48.8 48.8
5337 0.2 30 0 0 4937 0.2 50 0 0 150 59.8 49.1 49.1
5337 0.2 30 0 0 4937 0.2 50 0 0 180 59.6 49.1 49.1
5337 0.2 30 0 0 4937 0.2 60 0 0 0 58.3 49.0 49.0
5337 0.2 30 0 0 4937 0.2 60 0 0 30 58.4 49.1 49.1
5337 0.2 30 0 0 4937 0.2 60 0 0 60 58.6 49.4 49.4
5337 0.2 30 0 0 4937 0.2 60 0 0 90 58.6 49.7 49.7
5337 0.2 30 0 0 4937 0.2 60 0 0 120 58.6 50.0 50.0
5337 0.2 30 0 0 4937 0.2 60 0 0 150 58.6 50.1 50.1
5337 0.2 30 0 0 4937 0.2 60 0 0 180 58.4 49.9 49.9
5337 0.2 30 0 0 4937 0.3 0 0 0 0 61.1 50.9 50.9
5337 0.2 30 0 0 4937 0.3 0 0 0 30 61.1 51.2 51.2
5337 0.2 30 0 0 4937 0.3 0 0 0 60 61.2 51.4 51.4
5337 0.2 30 0 0 4937 0.3 0 0 0 90 61.4 51.7 51.7
5337 0.2 30 0 0 4937 0.3 0 0 0 120 61.5 51.9 51.9
5337 0.2 30 0 0 4937 0.3 0 0 0 150 61.4 52.2 52.2
5337 0.2 30 0 0 4937 0.3 0 0 0 180 61.2 51.9 51.9
5337 0.2 30 0 0 4937 0.3 10 0 0 0 61.0 50.4 50.4
5337 0.2 30 0 0 4937 0.3 10 0 0 30 61.1 50.6 50.6
5337 0.2 30 0 0 4937 0.3 10 0 0 60 61.2 50.9 50.9
5337 0.2 30 0 0 4937 0.3 10 0 0 90 61.3 51.1 51.1
5337 0.2 30 0 0 4937 0.3 10 0 0 120 61.4 51.4 51.4
5337 0.2 30 0 0 4937 0.3 10 0 0 150 61.3 51.7 51.7
5337 0.2 30 0 0 4937 0.3 10 0 0 180 61.1 51.5 51.5
5337 0.2 30 0 0 4937 0.3 20 0 0 0 60.8 48.8 48.8
5337 0.2 30 0 0 4937 0.3 20 0 0 30 60.9 49.0 49.0
5337 0.2 30 0 0 4937 0.3 20 0 0 60 61.0 49.2 49.2
5337 0.2 30 0 0 4937 0.3 20 0 0 90 61.2 49.6 49.6
5337 0.2 30 0 0 4937 0.3 20 0 0 120 61.2 49.9 49.9
5337 0.2 30 0 0 4937 0.3 20 0 0 150 61.1 50.2 50.2
5337 0.2 30 0 0 4937 0.3 20 0 0 180 60.9 50.1 50.1
5337 0.2 30 0 0 4937 0.3 30 0 0 0 60.5 46.5 46.5
5337 0.2 30 0 0 4937 0.3 30 0 0 30 60.6 46.7 46.7
5337 0.2 30 0 0 4937 0.3 30 0 0 60 60.6 47.0 47.0
5337 0.2 30 0 0 4937 0.3 30 0 0 90 60.8 47.3 47.3
5337 0.2 30 0 0 4937 0.3 30 0 0 120 60.8 47.7 47.7
5337 0.2 30 0 0 4937 0.3 30 0 0 150 60.7 48.2 48.2
5337 0.2 30 0 0 4937 0.3 30 0 0 180 60.6 48.1 48.1
5337 0.2 30 0 0 4937 0.3 40 0 0 0 60.0 46.5 46.5
5337 0.2 30 0 0 4937 0.3 40 0 0 30 60.1 46.7 46.7
5337 0.2 30 0 0 4937 0.3 40 0 0 60 60.2 46.9 46.9
5337 0.2 30 0 0 4937 0.3 40 0 0 90 60.3 47.3 47.3
5337 0.2 30 0 0 4937 0.3 40 0 0 120 60.3 47.7 47.7
5337 0.2 30 0 0 4937 0.3 40 0 0 150 60.1 48.2 48.2
5337 0.2 30 0 0 4937 0.3 40 0 0 180 60.0 48.1 48.1
5337 0.2 30 0 0 4937 0.3 50 0 0 0 59.1 47.1 47.1
5337 0.2 30 0 0 4937 0.3 50 0 0 30 59.3 47.3 47.3
5337 0.2 30 0 0 4937 0.3 50 0 0 60 59.4 47.5 47.5
5337 0.2 30 0 0 4937 0.3 50 0 0 90 59.5 47.7 47.7
5337 0.2 30 0 0 4937 0.3 50 0 0 120 59.5 48.1 48.1
5337 0.2 30 0 0 4937 0.3 50 0 0 150 59.4 48.5 48.5
5337 0.2 30 0 0 4937 0.3 50 0 0 180 59.1 48.6 48.6
5337 0.2 30 0 0 4937 0.3 60 0 0 0 57.8 48.4 48.4
5337 0.2 30 0 0 4937 0.3 60 0 0 30 57.9 48.5 48.5
5337 0.2 30 0 0 4937 0.3 60 0 0 60 58.0 48.8 48.8
5337 0.2 30 0 0 4937 0.3 60 0 0 90 58.1 49.0 49.0
5337 0.2 30 0 0 4937 0.3 60 0 0 120 58.1 49.3 49.3
5337 0.2 30 0 0 4937 0.3 60 0 0 150 58.0 49.6 49.6
5337 0.2 30 0 0 4937 0.3 60 0 0 180 57.9 49.4 49.4
5337 0.2 30 0 0 4937 0.4 0 0 0 0 60.7 50.2 50.2
5337 0.2 30 0 0 4937 0.4 0 0 0 30 60.8 50.3 50.3
5337 0.2 30 0 0 4937 0.4 0 0 0 60 60.8 50.6 50.6
5337 0.2 30 0 0 4937 0.4 0 0 0 90 61.0 50.7 50.7
5337 0.2 30 0 0 4937 0.4 0 0 0 120 60.9 51.2 51.2
5337 0.2 30 0 0 4937 0.4 0 0 0 150 60.8 51.4 51.4
5337 0.2 30 0 0 4937 0.4 0 0 0 180 60.7 51.2 51.2
5337 0.2 30 0 0 4937 0.4 10 0 0 0 60.6 49.6 49.6
5337 0.2 30 0 0 4937 0.4 10 0 0 30 60.7 49.7 49.7
5337 0.2 30 0 0 4937 0.4 10 0 0 60 60.7 49.9 49.9
5337 0.2 30 0 0 4937 0.4 10 0 0 90 60.9 50.2 50.2
5337 0.2 30 0 0 4937 0.4 10 0 0 120 60.9 50.5 50.5
5337 0.2 30 0 0 4937 0.4 10 0 0 150 60.7 50.9 50.9
5337 0.2 30 0 0 4937 0.4 10 0 0 180 60.6 50.7 50.7
5337 0.2 30 0 0 4937 0.4 20 0 0 0 60.4 47.5 47.5
5337 0.2 30 0 0 4937 0.4 20 0 0 30 60.5 47.6 47.6
5337 0.2 30 0 0 4937 0.4 20 0 0 60 60.5 47.8 47.8
5337 0.2 30 0 0 4937 0.4 20 0 0 90 60.7 48.1 48.1
5337 0.2 30 0 0 4937 0.4 20 0 0 120 60.7 48.4 48.4
5337 0.2 30 0 0 4937 0.4 20 0 0 150 60.5 48.8 48.8
5337 0.2 30 0 0 4937 0.4 20 0 0 180 60.4 48.7 48.7
5337 0.2 30 0 0 4937 0.4 30 0 0 0 60.1 46.3 46.3
5337 0.2 30 0 0 4937 0.4 30 0 0 30 60.2 46.5 46.5
5337 0.2 30 0 0 4937 0.4 30 0 0 60 60.2 46.6 46.6
5337 0.2 30 0 0 4937 0.4 30 0 0 90 60.3 46.8 46.8
5337 0.2 30 0 0 4937 0.4 30 0 0 120 60.4 47.3 47.3
5337 0.2 30 0 0 4937 0.4 30 0 0 150 60.2 47.9 47.9
5337 0.2 30 0 0 4937 0.4 30 0 0 180 60.0 47.9 47.9
5337 0.2 30 0 0 4937 0.4 40 0 0 0 59.6 46.3 46.3
5337 0.2 30 0 0 4937 0.4 40 0 0 30 59.6 46.5 46.5
5337 0.2 30 0 0 4937 0.4 40 0 0 60 59.7 46.6 46.6
5337 0.2 30 0 0 4937 0.4 40 0 0 90 59.8 46.8 46.8
5337 0.2 30 0 0 4937 0.4 40 0 0 120 59.8 47.3 47.3
5337 0.2 30 0 0 4937 0.4 40 0 0 150 59.7 47.8 47.8
5337 0.2 30 0 0 4937 0.4 40 0 0 180 59.5 47.9 47.9
5337 0.2 30 0 0 4937 0.4 50 0 0 0 58.7 46.9 46.9
5337 0.2 30 0 0 4937 0.4 50 0 0 30 58.8 47.1 47.1
5337 0.2 30 0 0 4937 0.4 50 0 0 60 58.9 47.2 47.2
5337 0.2 30 0 0 4937 0.4 50 0 0 90 59.0 47.3 47.3
5337 0.2 30 0 0 4937 0.4 50 0 0 120 59.0 47.7 47.7
5337 0.2 30 0 0 4937 0.4 50 0 0 150 58.9 48.1 48.1
5337 0.2 30 0 0 4937 0.4 50 0 0 180 58.6 48.1 48.1
5337 0.2 30 0 0 4937 0.4 60 0 0 0 57.0 47.9 47.9
5337 0.2 30 0 0 4937 0.4 60 0 0 30 57.2 48.0 48.0
5337 0.2 30 0 0 4937 0.4 60 0 0 60 57.3 48.2 48.2
5337 0.2 30 0 0 4937 0.4 60 0 0 90 57.3 48.3 48.3
5337 0.2 30 0 0 4937 0.4 60 0 0 120 57.4 48.7 48.7
5337 0.2 30 0 0 4937 0.4 60 0 0 150 57.5 49.0 49.0
5337 0.2 30 0 0 4937 0.4 60 0 0 180 57.2 48.8 48.8
5337 0.2 30 0 0 4937 0.5 0 0 0 0 60.2 49.2 49.2
5337 0.2 30 0 0 4937 0.5 0 0 0 30 60.2 49.4 49.4
5337 0.2 30 0 0 4937 0.5 0 0 0 60 60.4 49.5 49.5
5337 0.2 30 0 0 4937 0.5 0 0 0 90 60.6 49.6 49.6
5337 0.2 30 0 0 4937 0.5 0 0 0 120 60.5 50.0 50.0
5337 0.2 30 0 0 4937 0.5 0 0 0 150 60.4 50.4 50.4
5337 0.2 30 0 0 4937 0.5 0 0 0 180 60.1 50.1 50.1
5337 0.2 30 0 0 4937 0.5 10 0 0 0 60.1 48.3 48.3
5337 0.2 30 0 0 4937 0.5 10 0 0 30 60.2 48.5 48.5
5337 0.2 30 0 0 4937 0.5 10 0 0 60 60.3 48.6 48.6
5337 0.2 30 0 0 4937 0.5 10 0 0 90 60.5 48.8 48.8
5337 0.2 30 0 0 4937 0.5 10 0 0 120 60.4 49.2 49.2
5337 0.2 30 0 0 4937 0.5 10 0 0 150 60.4 49.6 49.6
5337 0.2 30 0 0 4937 0.5 10 0 0 180 60.0 49.5 49.5
5337 0.2 30 0 0 4937 0.5 20 0 0 0 60.0 46.9 46.9
5337 0.2 30 0 0 4937 0.5 20 0 0 30 60.0 47.0 47.0
5337 0.2 30 0 0 4937 0.5 20 0 0 60 60.1 47.1 47.1
5337 0.2 30 0 0 4937 0.5 20 0 0 90 60.3 47.4 47.4
5337 0.2 30 0 0 4937 0.5 20 0 0 120 60.2 47.7 47.7
5337 0.2 30 0 0 4937 0.5 20 0 0 150 60.1 48.2 48.2
5337 0.2 30 0 0 4937 0.5 20 0 0 180 59.8 48.2 48.2
5337 0.2 30 0 0 4937 0.5 30 0 0 0 59.6 46.2 46.2
5337 0.2 30 0 0 4937 0.5 30 0 0 30 59.6 46.3 46.3
5337 0.2 30 0 0 4937 0.5 30 0 0 60 59.8 46.4 46.4
5337 0.2 30 0 0 4937 0.5 30 0 0 90 59.9 46.6 46.6
5337 0.2 30 0 0 4937 0.5 30 0 0 120 59.9 47.0 47.0
5337 0.2 30 0 0 4937 0.5 30 0 0 150 59.8 47.7 47.7
5337 0.2 30 0 0 4937 0.5 30 0 0 180 59.5 48.0 48.0
5337 0.2 30 0 0 4937 0.5 40 0 0 0 59.1 46.3 46.3
5337 0.2 30 0 0 4937 0.5 40 0 0 30 59.1 46.4 46.4
5337 0.2 30 0 0 4937 0.5 40 0 0 60 59.3 46.5 46.5
5337 0.2 30 0 0 4937 0.5 40 0 0 90 59.4 46.7 46.7
5337 0.2 30 0 0 4937 0.5 40 0 0 120 59.3 47.0 47.0
5337 0.2 30 0 0 4937 0.5 40 0 0 150 59.2 47.6 47.6
5337 0.2 30 0 0 4937 0.5 40 0 0 180 58.9 47.8 47.8
5337 0.2 30 0 0 4937 0.5 50 0 0 0 58.2 46.8 46.8
5337 0.2 30 0 0 4937 0.5 50 0 0 30 58.3 46.9 46.9
5337 0.2 30 0 0 4937 0.5 50 0 0 60 58.4 47.0 47.0
5337 0.2 30 0 0 4937 0.5 50 0 0 90 58.5 47.2 47.2
5337 0.2 30 0 0 4937 0.5 50 0 0 120 58.5 47.5 47.5
5337 0.2 30 0 0 4937 0.5 50 0 0 150 58.4 47.9 47.9
5337 0.2 30 0 0 4937 0.5 50 0 0 180 58.0 47.8 47.8
5337 0.2 30 0 0 4937 0.5 60 0 0 0 56.6 47.5 47.5
5337 0.2 30 0 0 4937 0.5 60 0 0 30 56.6 47.6 47.6
5337 0.2 30 0 0 4937 0.5 60 0 0 60 56.7 47.7 47.7
5337 0.2 30 0 0 4937 0.5 60 0 0 90 56.7 47.9 47.9
5337 0.2 30 0 0 4937 0.5 60 0 0 120 56.7 48.1 48.1
5337 0.2 30 0 0 4937 0.5 60 0 0 150 56.7 48.5 48.5
5337 0.2 30 0 0 4937 0.5 60 0 0 180 56.7 48.3 48.3
5337 0.2 30 0 0 5137 0.0 0 0 0 0 62.8 54.1 54.1
5337 0.2 30 0 0 5137 0.0 0 0 0 30 62.7 53.9 53.9
5337 0.2 30 0 0 5137 0.0 0 0 0 60 62.7 53.7 53.7
5337 0.2 30 0 0 5137 0.0 0 0 0 90 62.6 53.5 53.5
5337 0.2 30 0 0 5137 0.0 0 0 0 120 62.4 53.7 53.7
5337 0.2 30 0 0 5137 0.0 0 0 0 150 62.3 53.9 53.9
5337 0.2 30 0 0 5137 0.0 0 0 0 180 62.3 54.1 54.1
5337 0.2 30 0 0 5137 0.0 10 0 0 0 62.7 53.6 53.6
5337 0.2 30 0 0 5137 0.0 10 0 0 30 62.7 53.4 53.4
5337 0.2 30 0 0 5137 0.0 10 0 0 60 62.6 53.2 53.2
5337 0.2 30 0 0 5137 0.0 10 0 0 90 62.5 53.1 53.1
5337 0.2 30 0 0 5137 0.0 10 0 0 120 62.4 53.3 53.3
5337 0.2 30 0 0 5137 0.0 10 0 0 150 62.3 53.5 53.5
5337 0.2 30 0 0 5137 0.0 10 0 0 180 62.3 53.7 53.7
5337 0.2 30 0 0 5137 0.0 20 0 0 0 62.6 52.4 52.4
5337 0.2 30 0 0 5137 0.0 20 0 0 30 62.5 52.2 52.2
5337 0.2 30 0 0 5137 0.0 20 0 0 60 62.4 52.0 52.0
5337 0.2 30 0 0 5137 0.0 20 0 0 90 62.3 52.0 52.0
5337 0.2 30 0 0 5137 0.0 20 0 0 120 62.2 52.1 52.1
5337 0.2 30 0 0 5137 0.0 20 0 0 150 62.1 52.3 52.3
5337 0.2 30 0 0 5137 0.0 20 0 0 180 62.1 52.6 52.6
5337 0.2 30 0 0 5137 0.0 30 0 0 0 62.3 49.4 49.4
5337 0.2 30 0 0 5137 0.0 30 0 0 30 62.2 49.3 49.3
5337 0.2 30 0 0 5137 0.0 30 0 0 60 62.1 49.4 49.4
5337 0.2 30 0 0 5137 0.0 30 0 0 90 62.0 49.5 49.5
5337 0.2 30 0 0 5137 0.0 30 0 0 120 61.9 49.6 49.6
5337 0.2 30 0 0 5137 0.0 30 0 0 150 61.8 49.6 49.6
5337 0.2 30 0 0 5137 0.0 30 0 0 180 61.8 49.5 49.5
5337 0.2 30 0 0 5137 0.0 40 0 0 0 61.8 48.9 48.9
5337 0.2 30 0 0 5137 0.0 40 0 0 30 61.8 48.9 48.9
5337 0.2 30 0 0 5137 0.0 40 0 0 60 61.7 49.1 49.1
5337 0.2 30 0 0 5137 0.0 40 0 0 90 61.6 49.2 49.2
5337 0.2 30 0 0 5137 0.0 40 0 0 120 61.5 49.3 49.3
5337 0.2 30 0 0 5137 0.0 40 0 0 150 61.4 49.4 49.4
5337 0.2 30 0 0 5137 0.0 40 0 0 180 61.4 49.3 49.3
5337 0.2 30 0 0 5137 0.0 50 0 0 0 61.0 49.6 49.6
5337 0.2 30 0 0 5137 0.0 50 0 0 30 61.1 49.5 49.5
5337 0.2 30 0 0 5137 0.0 50 0 0 60 61.0 49.4 49.4
5337 0.2 30 0 0 5137 0.0 50 0 0 90 60.9 49.6 49.6
5337 0.2 30 0 0 5137 0.0 50 0 0 120 60.8 49.7 49.7
5337 0.2 30 0 0 5137 0.0 50 0 0 150 60.7 49.8 49.8
5337 0.2 30 0 0 5137 0.0 50 0 0 180 60.7 50.0 50.0
5337 0.2 30 0 0 5137 0.0 60 0 0 0 59.9 51.2 51.2
5337 0.2 30 0 0 5137 0.0 60 0 0 30 59.9 51.0 51.0
5337 0.2 30 0 0 5137 0.0 60 0 0 60 59.8 50.9 50.9
5337 0.2 30 0 0 5137 0.0 60 0 0 90 59.7 50.8 50.8
5337 0.2 30 0 0 5137 0.0 60 0 0 120 59.6 50.9 50.9
5337 0.2 30 0 0 5137 0.0 60 0 0 150 59.6 50.9 50.9
5337 0.2 30 0 0 5137 0.0 60 0 0 180 59.6 51.1 51.1
5337 0.2 30 0 0 5137 0.1 0 0 0 0 62.4 53.4 53.4
5337 0.2 30 0 0 5137 0.1 0 0 0 30 62.3 53.2 53.2
5337 0.2 30 0 0 5137 0.1 0 0 0 60 62.2 53.1 53.1
5337 0.2 30 0 0 5137 0.1 0 0 0 90 62.2 53.0 53.0
5337 0.2 30 0 0 5137 0.1 0 0 0 120 62.1 53.1 53.1
5337 0.2 30 0 0 5137 0.1 0 0 0 150 61.9 53.3 53.3
5337 0.2 30 0 0 5137 0.1 0 0 0 180 61.9 53.5 53.5
5337 0.2 30 0 0 5137 0.1 10 0 0 0 62.3 53.0 53.0
5337 0.2 30 0 0 5137 0.1 10 0 0 30 62.3 52.7 52.7
5337 0.2 30 0 0 5137 0.1 10 0 0 60 62.2 52.6 52.6
5337 0.2 30 0 0 5137 0.1 10 0 0 90 62.1 52.5 52.5
5337 0.2 30 0 0 5137 0.1 10 0 0 120 62.0 52.7 52.7
5337 0.2 30 0 0 5137 0.1 10 0 0 150 61.9 53.0 53.0
5337 0.2 30 0 0 5137 0.1 10 0 0 180 61.9 53.2 53.2
5337 0.2 30 0 0 5137 0.1 20 0 0 0 62.2 51.7 51.7
5337 0.2 30 0 0 5137 0.1 20 0 0 30 62.1 51.5 51.5
5337 0.2 30 0 0 5137 0.1 20 0 0 60 62.0 51.3 51.3
5337 0.2 30 0 0 5137 0.1 20 0 0 90 62.0 51.4 51.4
5337 0.2 30 0 0 5137 0.1 20 0 0 120 61.9 51.5 51.5
5337 0.2 30 0 0 5137 0.1 20 0 0 150 61.7 51.8 51.8
5337 0.2 30 0 0 5137 0.1 20 0 0 180 61.7 52.1 52.1
5337 0.2 30 0 0 5137 0.1 30 0 0 0 61.8 48.6 48.6
5337 0.2 30 0 0 5137 0.1 30 0 0 30 61.8 48.4 48.4
5337 0.2 30 0 0 5137 0.1 30 0 0 60 61.7 48.5 48.5
5337 0.2 30 0 0 5137 0.1 30 0 0 90 61.7 48.7 48.7
5337 0.2 30 0 0 5137 0.1 30 0 0 120 61.5 49.0 49.0
5337 0.2 30 0 0 5137 0.1 30 0 0 150 61.4 49.2 49.2
5337 0.2 30 0 0 5137 0.1 30 0 0 180 61.4 49.1 49.1
5337 0.2 30 0 0 5137 0.1 40 0 0 0 61.3 48.3 48.3
5337 0.2 30 0 0 5137 0.1 40 0 0 30 61.3 48.3 48.3
5337 0.2 30 0 0 5137 0.1 40 0 0 60 61.2 48.3 48.3
5337 0.2 30 0 0 5137 0.1 40 0 0 90 61.2 48.4 48.4
5337 0.2 30 0 0 5137 0.1 40 0 0 120 61.1 48.7 48.7
5337 0.2 30 0 0 5137 0.1 40 0 0 150 61.0 48.8 48.8
5337 0.2 30 0 0 5137 0.1 40 0 0 180 61.0 49.0 49.0
5337 0.2 30 0 0 5137 0.1 50 0 0 0 60.6 49.1 49.1
5337 0.2 30 0 0 5137 0.1 50 0 0 30 60.6 48.9 48.9
5337 0.2 30 0 0 5137 0.1 50 0 0 60 60.5 48.8 48.8
5337 0.2 30 0 0 5137 0.1 50 0 0 90 60.4 48.8 48.8
5337 0.2 30 0 0 5137 0.1 50 0 0 120 60.4 48.9 48.9
5337 0.2 30 0 0 5137 0.1 50 0 0 150 60.3 49.2 49.2
5337 0.2 30 0 0 5137 0.1 50 0 0 180 60.3 49.5 49.5
5337 0.2 30 0 0 5137 0.1 60 0 0 0 59.3 50.7 50.7
5337 0.2 30 0 0 5137 0.1 60 0 0 30 59.3 50.5 50.5
5337 0.2 30 0 0 5137 0.1 60 0 0 60 59.3 50.4 50.4
5337 0.2 30 0 0 5137 0.1 60 0 0 90 59.3 50.2 50.2
5337 0.2 30 0 0 5137 0.1 60 0 0 120 59.2 50.2 50.2
5337 0.2 30 0 0 5137 0.1 60 0 0 150 59.1 50.1 50.1
5337 0.2 30 0 0 5137 0.1 60 0 0 180 59.2 50.3 50.3
5337 0.2 30 0 0 5137 0.2 0 0 0 0 62.0 52.7 52.7
5337 0.2 30 0 0 5137 0.2 0 0 0 30 61.9 52.5 52.5
5337 0.2 30 0 0 5137 0.2 0 0 0 60 61.9 52.4 52.4
5337 0.2 30 0 0 5137 0.2 0 0 0 90 61.8 52.4 52.4
5337 0.2 30 0 0 5137 0.2 0 0 0 120 61.7 52.5 52.5
5337 0.2 30 0 0 5137 0.2 0 0 0 150 61.5 52.7 52.7
5337 0.2 30 0 0 5137 0.2 0 0 0 180 61.5 52.9 52.9
5337 0.2 30 0 0 5137 0.2 10 0 0 0 61.9 52.2 52.2
5337 0.2 30 0 0 5137 0.2 10 0 0 30 61.9 52.1 52.1
5337 0.2 30 0 0 5137 0.2 10 0 0 60 61.8 51.9 51.9
5337 0.2 30 0 0 5137 0.2 10 0 0 90 61.7 51.9 51.9
5337 0.2 30 0 0 5137 0.2 10 0 0 120 61.6 52.1 52.1
5337 0.2 30 0 0 5137 0.2 10 0 0 150 61.5 52.4 52.4
5337 0.2 30 0 0 5137 0.2 10 0 0 180 61.5 52.6 52.6
5337 0.2 30 0 0 5137 0.2 20 0 0 0 61.7 50.8 50.8
5337 0.2 30 0 0 5137 0.2 20 0 0 30 61.7 50.7 50.7
5337 0.2 30 0 0 5137 0.2 20 0 0 60 61.6 50.6 50.6
5337 0.2 30 0 0 5137 0.2 20 0 0 90 61.6 50.6 50.6
5337 0.2 30 0 0 5137 0.2 20 0 0 120 61.4 50.8 50.8
5337 0.2 30 0 0 5137 0.2 20 0 0 150 61.3 51.3 51.3
5337 0.2 30 0 0 5137 0.2 20 0 0 180 61.3 51.6 51.6
5337 0.2 30 0 0 5137 0.2 30 0 0 0 61.4 47.9 47.9
5337 0.2 30 0 0 5137 0.2 30 0 0 30 61.4 47.8 47.8
5337 0.2 30 0 0 5137 0.2 30 0 0 60 61.3 47.8 47.8
5337 0.2 30 0 0 5137 0.2 30 0 0 90 61.3 47.9 47.9
5337 0.2 30 0 0 5137 0.2 30 0 0 120 61.1 48.3 48.3
5337 0.2 30 0 0 5137 0.2 30 0 0 150 61.0 48.6 48.6
5337 0.2 30 0 0 5137 0.2 30 0 0 180 61.0 48.7 48.7
5337 0.2 30 0 0 5137 0.2 40 0 0 0 60.8 47.8 47.8
5337 0.2 30 0 0 5137 0.2 40 0 0 30 60.8 47.7 47.7
5337 0.2 30 0 0 5137 0.2 40 0 0 60 60.8 47.7 47.7
5337 0.2 30 0 0 5137 0.2 40 0 0 90 60.8 47.7 47.7
5337 0.2 30 0 0 5137 0.2 40 0 0 120 60.7 48.0 48.0
5337 0.2 30 0 0 5137 0.2 40 0 0 150 60.6 48.3 48.3
5337 0.2 30 0 0 5137 0.2 40 0 0 180 60.6 48.5 48.5
5337 0.2 30 0 0 5137 0.2 50 0 0 0 60.0 48.6 48.6
5337 0.2 30 0 0 5137 0.2 50 0 0 30 60.0 48.4 48.4
5337 0.2 30 0 0 5137 0.2 50 0 0 60 60.0 48.3 48.3
5337 0.2 30 0 0 5137 0.2 50 0 0 90 60.0 48.3 48.3
5337 0.2 30 0 0 5137 0.2 50 0 0 120 59.9 48.3 48.3
5337 0.2 30 0 0 5137 0.2 50 0 0 150 59.9 48.5 48.5
5337 0.2 30 0 0 5137 0.2 50 0 0 180 60.0 48.9 48.9
5337 0.2 30 0 0 5137 0.2 60 0 0 0 58.7 50.1 50.1
5337 0.2 30 0 0 5137 0.2 60 0 0 30 58.7 49.9 49.9
5337 0.2 30 0 0 5137 0.2 60 0 0 60 58.8 49.8 49.8
5337 0.2 30 0 0 5137 0.2 60 0 0 90 58.8 49.7 49.7
5337 0.2 30 0 0 5137 0.2 60 0 0 120 58.7 49.6 49.6
5337 0.2 30 0 0 5137 0.2 60 0 0 150 58.7 49.6 49.6
5337 0.2 30 0 0 5137 0.2 60 0 0 180 58.7 49.7 49.7
5337 0.2 30 0 0 5137 0.3 0 0 0 0 61.5 51.9 51.9
5337 0.2 30 0 0 5137 0.3 0 0 0 30 61.5 51.8 51.8
5337 0.2 30 0 0 5137 0.3 0 0 0 60 61.5 51.7 51.7
5337 0.2 30 0 0 5137 0.3 0 0 0 90 61.4 51.7 51.7
5337 0.2 30 0 0 5137 0.3 0 0 0 120 61.3 51.8 51.8
5337 0.2 30 0 0 5137 0.3 0 0 0 150 61.2 52.2 52.2
5337 0.2 30 0 0 5137 0.3 0 0 0 180 61.1 52.3 52.3
5337 0.2 30 0 0 5137 0.3 10 0 0 0 61.5 51.4 51.4
5337 0.2 30 0 0 5137 0.3 10 0 0 30 61.5 51.2 51.2
5337 0.2 30 0 0 5137 0.3 10 0 0 60 61.4 51.1 51.1
5337 0.2 30 0 0 5137 0.3 10 0 0 90 61.4 51.2 51.2
5337 0.2 30 0 0 5137 0.3 10 0 0 120 61.2 51.4 51.4
5337 0.2 30 0 0 5137 0.3 10 0 0 150 61.1 51.8 51.8
5337 0.2 30 0 0 5137 0.3 10 0 0 180 61.1 52.0 52.0
5337 0.2 30 0 0 5137 0.3 20 0 0 0 61.3 49.8 49.8
5337 0.2 30 0 0 5137 0.3 20 0 0 30 61.3 49.7 49.7
5337 0.2 30 0 0 5137 0.3 20 0 0 60 61.2 49.7 49.7
5337 0.2 30 0 0 5137 0.3 20 0 0 90 61.2 49.7 49.7
5337 0.2 30 0 0 5137 0.3 20 0 0 120 61.1 49.9 49.9
5337 0.2 30 0 0 5137 0.3 20 0 0 150 60.9 50.5 50.5
5337 0.2 30 0 0 5137 0.3 20 0 0 180 60.9 50.9 50.9
5337 0.2 30 0 0 5137 0.3 30 0 0 0 60.9 47.4 47.4
5337 0.2 30 0 0 5137 0.3 30 0 0 30 60.9 47.3 47.3
5337 0.2 30 0 0 5137 0.3 30 0 0 60 60.9 47.2 47.2
5337 0.2 30 0 0 5137 0.3 30 0 0 90 60.8 47.3 47.3
5337 0.2 30 0 0 5137 0.3 30 0 0 120 60.8 47.6 47.6
5337 0.2 30 0 0 5137 0.3 30 0 0 150 60.7 48.1 48.1
5337 0.2 30 0 0 5137 0.3 30 0 0 180 60.6 48.5 48.5
5337 0.2 30 0 0 5137 0.3 40 0 0 0 60.3 47.5 47.5
5337 0.2 30 0 0 5137 0.3 40 0 0 30 60.3 47.4 47.4
5337 0.2 30 0 0 5137 0.3 40 0 0 60 60.3 47.3 47.3
5337 0.2 30 0 0 5137 0.3 40 0 0 90 60.3 47.3 47.3
5337 0.2 30 0 0 5137 0.3 40 0 0 120 60.3 47.4 47.4
5337 0.2 30 0 0 5137 0.3 40 0 0 150 60.2 47.8 47.8
5337 0.2 30 0 0 5137 0.3 40 0 0 180 60.2 48.1 48.1
5337 0.2 30 0 0 5137 0.3 50 0 0 0 59.4 48.2 48.2
5337 0.2 30 0 0 5137 0.3 50 0 0 30 59.5 48.0 48.0
5337 0.2 30 0 0 5137 0.3 50 0 0 60 59.5 47.9 47.9
5337 0.2 30 0 0 5137 0.3 50 0 0 90 59.5 47.8 47.8
5337 0.2 30 0 0 5137 0.3 50 0 0 120 59.5 47.7 47.7
5337 0.2 30 0 0 5137 0.3 50 0 0 150 59.5 47.9 47.9
5337 0.2 30 0 0 5137 0.3 50 0 0 180 59.6 48.3 48.3
5337 0.2 30 0 0 5137 0.3 60 0 0 0 58.0 49.6 49.6
5337 0.2 30 0 0 5137 0.3 60 0 0 30 58.1 49.5 49.5
5337 0.2 30 0 0 5137 0.3 60 0 0 60 58.2 49.3 49.3
5337 0.2 30 0 0 5137 0.3 60 0 0 90 58.2 49.2 49.2
5337 0.2 30 0 0 5137 0.3 60 0 0 120 58.2 49.0 49.0
5337 0.2 30 0 0 5137 0.3 60 0 0 150 58.2 49.0 49.0
5337 0.2 30 0 0 5137 0.3 60 0 0 180 58.3 49.0 49.0
5337 0.2 30 0 0 5137 0.4 0 0 0 0 61.1 51.0 51.0
5337 0.2 30 0 0 5137 0.4 0 0 0 30 61.1 50.9 50.9
5337 0.2 30 0 0 5137 0.4 0 0 0 60 61.0 50.9 50.9
5337 0.2 30 0 0 5137 0.4 0 0 0 90 61.0 51.0 51.0
5337 0.2 30 0 0 5137 0.4 0 0 0 120 60.9 51.1 51.1
5337 0.2 30 0 0 5137 0.4 0 0 0 150 60.8 51.6 51.6
5337 0.2 30 0 0 5137 0.4 0 0 0 180 60.8 51.7 51.7
5337 0.2 30 0 0 5137 0.4 10 0 0 0 61.0 50.3 50.3
5337 0.2 30 0 0 5137 0.4 10 0 0 30 61.0 50.3 50.3
5337 0.2 30 0 0 5137 0.4 10 0 0 60 61.0 50.3 50.3
5337 0.2 30 0 0 5137 0.4 10 0 0 90 61.0 50.3 50.3
5337 0.2 30 0 0 5137 0.4 10 0 0 120 60.9 50.5 50.5
5337 0.2 30 0 0 5137 0.4 10 0 0 150 60.8 51.0 51.0
5337 0.2 30 0 0 5137 0.4 10 0 0 180 60.7 51.4 51.4
5337 0.2 30 0 0 5137 0.4 20 0 0 0 60.7 48.5 48.5
5337 0.2 30 0 0 5137 0.4 20 0 0 30 60.8 48.4 48.4
5337 0.2 30 0 0 5137 0.4 20 0 0 60 60.8 48.4 48.4
5337 0.2 30 0 0 5137 0.4 20 0 0 90 60.8 48.4 48.4
5337 0.2 30 0 0 5137 0.4 20 0 0 120 60.7 48.6 48.6
5337 0.2 30 0 0 5137 0.4 20 0 0 150 60.6 49.2 49.2
5337 0.2 30 0 0 5137 0.4 20 0 0 180 60.6 49.8 49.8
5337 0.2 30 0 0 5137 0.4 30 0 0 0 60.3 47.1 47.1
5337 0.2 30 0 0 5137 0.4 30 0 0 30 60.4 47.0 47.0
5337 0.2 30 0 0 5137 0.4 30 0 0 60 60.4 47.0 47.0
5337 0.2 30 0 0 5137 0.4 30 0 0 90 60.4 46.9 46.9
5337 0.2 30 0 0 5137 0.4 30 0 0 120 60.4 47.0 47.0
5337 0.2 30 0 0 5137 0.4 30 0 0 150 60.4 47.7 47.7
5337 0.2 30 0 0 5137 0.4 30 0 0 180 60.3 48.3 48.3
5337 0.2 30 0 0 5137 0.4 40 0 0 0 59.7 47.3 47.3
5337 0.2 30 0 0 5137 0.4 40 0 0 30 59.8 47.2 47.2
5337 0.2 30 0 0 5137 0.4 40 0 0 60 59.8 47.1 47.1
5337 0.2 30 0 0 5137 0.4 40 0 0 90 59.8 47.0 47.0
5337 0.2 30 0 0 5137 0.4 40 0 0 120 59.9 47.0 47.0
5337 0.2 30 0 0 5137 0.4 40 0 0 150 59.9 47.3 47.3
5337 0.2 30 0 0 5137 0.4 40 0 0 180 59.9 47.9 47.9
5337 0.2 30 0 0 5137 0.4 50 0 0 0 58.7 48.0 48.0
5337 0.2 30 0 0 5137 0.4 50 0 0 30 58.8 48.0 48.0
5337 0.2 30 0 0 5137 0.4 50 0 0 60 58.9 47.9 47.9
5337 0.2 30 0 0 5137 0.4 50 0 0 90 59.0 47.7 47.7
5337 0.2 30 0 0 5137 0.4 50 0 0 120 59.1 47.6 47.6
5337 0.2 30 0 0 5137 0.4 50 0 0 150 59.1 47.4 47.4
5337 0.2 30 0 0 5137 0.4 50 0 0 180 59.3 47.8 47.8
5337 0.2 30 0 0 5137 0.4 60 0 0 0 57.2 49.1 49.1
5337 0.2 30 0 0 5137 0.4 60 0 0 30 57.3 49.0 49.0
5337 0.2 30 0 0 5137 0.4 60 0 0 60 57.4 48.9 48.9
5337 0.2 30 0 0 5137 0.4 60 0 0 90 57.6 48.8 48.8
5337 0.2 30 0 0 5137 0.4 60 0 0 120 57.7 48.6 48.6
5337 0.2 30 0 0 5137 0.4 60 0 0 150 57.6 48.4 48.4
5337 0.2 30 0 0 5137 0.4 60 0 0 180 57.8 48.4 48.4
5337 0.2 30 0 0 5137 0.5 0 0 0 0 60.5 49.8 49.8
5337 0.2 30 0 0 5137 0.5 0 0 0 30 60.5 49.8 49.8
5337 0.2 30 0 0 5137 0.5 0 0 0 60 60.5 49.8 49.8
5337 0.2 30 0 0 5137 0.5 0 0 0 90 60.6 50.0 50.0
5337 0.2 30 0 0 5137 0.5 0 0 0 120 60.7 50.2 50.2
5337 0.2 30 0 0 5137 0.5 0 0 0 150 60.6 50.8 50.8
5337 0.2 30 0 0 5137 0.5 0 0 0 180 60.4 51.0 51.0
5337 0.2 30 0 0 5137 0.5 10 0 0 0 60.4 49.1 49.1
5337 0.2 30 0 0 5137 0.5 10 0 0 30 60.4 49.1 49.1
5337 0.2 30 0 0 5137 0.5 10 0 0 60 60.5 49.2 49.2
5337 0.2 30 0 0 5137 0.5 10 0 0 90 60.5 49.2 49.2
5337 0.2 30 0 0 5137 0.5 10 0 0 120 60.6 49.4 49.4
5337 0.2 30 0 0 5137 0.5 10 0 0 150 60.5 50.1 50.1
5337 0.2 30 0 0 5137 0.5 10 0 0 180 60.4 50.5 50.5
5337 0.2 30 0 0 5137 0.5 20 0 0 0 60.1 47.5 47.5
5337 0.2 30 0 0 5137 0.5 20 0 0 30 60.2 47.5 47.5
5337 0.2 30 0 0 5137 0.5 20 0 0 60 60.2 47.5 47.5
5337 0.2 30 0 0 5137 0.5 20 0 0 90 60.3 47.5 47.5
5337 0.2 30 0 0 5137 0.5 20 0 0 120 60.4 47.7 47.7
5337 0.2 30 0 0 5137 0.5 20 0 0 150 60.4 48.2 48.2
5337 0.2 30 0 0 5137 0.5 20 0 0 180 60.3 49.0 49.0
5337 0.2 30 0 0 5137 0.5 30 0 0 0 59.7 46.9 46.9
5337 0.2 30 0 0 5137 0.5 30 0 0 30 59.7 46.9 46.9
5337 0.2 30 0 0 5137 0.5 30 0 0 60 59.8 46.8 46.8
5337 0.2 30 0 0 5137 0.5 30 0 0 90 59.9 46.8 46.8
5337 0.2 30 0 0 5137 0.5 30 0 0 120 60.0 46.9 46.9
5337 0.2 30 0 0 5137 0.5 30 0 0 150 60.0 47.4 47.4
5337 0.2 30 0 0 5137 0.5 30 0 0 180 60.0 48.2 48.2
5337 0.2 30 0 0 5137 0.5 40 0 0 0 59.0 47.2 47.2
5337 0.2 30 0 0 5137 0.5 40 0 0 30 59.1 47.2 47.2
5337 0.2 30 0 0 5137 0.5 40 0 0 60 59.2 47.2 47.2
5337 0.2 30 0 0 5137 0.5 40 0 0 90 59.3 47.2 47.2
5337 0.2 30 0 0 5137 0.5 40 0 0 120 59.5 47.1 47.1
5337 0.2 30 0 0 5137 0.5 40 0 0 150 59.5 47.1 47.1
5337 0.2 30 0 0 5137 0.5 40 0 0 180 59.6 47.7 47.7
5337 0.2 30 0 0 5137 0.5 50 0 0 0 57.9 47.9 47.9
5337 0.2 30 0 0 5137 0.5 50 0 0 30 58.0 47.9 47.9
5337 0.2 30 0 0 5137 0.5 50 0 0 60 58.2 47.9 47.9
5337 0.2 30 0 0 5137 0.5 50 0 0 90 58.3 47.7 47.7
5337 0.2 30 0 0 5137 0.5 50 0 0 120 58.6 47.6 47.6
5337 0.2 30 0 0 5137 0.5 50 0 0 150 58.7 47.4 47.4
5337 0.2 30 0 0 5137 0.5 50 0 0 180 58.8 47.5 47.5
5337 0.2 30 0 0 5137 0.5 60 0 0 0 56.4 48.7 48.7
5337 0.2 30 0 0 5137 0.5 60 0 0 30 56.4 48.7 48.7
5337 0.2 30 0 0 5137 0.5 60 0 0 60 56.5 48.6 48.6
5337 0.2 30 0 0 5137 0.5 60 0 0 90 56.7 48.5 48.5
5337 0.2 30 0 0 5137 0.5 60 0 0 120 57.1 48.3 48.3
5337 0.2 30 0 0 5137 0.5 60 0 0 150 56.9 48.1 48.1
5337 0.2 30 0 0 5137 0.5 60 0 0 180 57.1 47.9 47.9
5337 0.2 30 0 0 5337 0.0 0 0 0 0 43.5 40.5 40.5
5337 0.2 30 0 0 5337 0.0 0 0 0 30 49.2 45.4 45.4
5337 0.2 30 0 0 5337 0.0 0 0 0 60 57.6 51.6 51.6
5337 0.2 30 0 0 5337 0.0 0 0 0 90 65.9 58.3 58.3
5337 0.2 30 0 0 5337 0.0 0 0 0 120 73.3 64.1 64.1
5337 0.2 30 0 0 5337 0.0 0 0 0 150 77.3 64.8 64.8
5337 0.2 30 0 0 5337 0.0 0 0 0 180 77.9 64.7 64.7
5337 0.2 30 0 0 5337 0.0 10 0 0 0 43.5 39.4 39.4
5337 0.2 30 0 0 5337 0.0 10 0 0 30 49.1 44.3 44.3
5337 0.2 30 0 0 5337 0.0 10 0 0 60 57.4 50.9 50.9
5337 0.2 30 0 0 5337 0.0 10 0 0 90 65.8 57.7 57.7
5337 0.2 30 0 0 5337 0.0 10 0 0 120 73.3 63.5 63.5
5337 0.2 30 0 0 5337 0.0 10 0 0 150 77.3 64.5 64.5
5337 0.2 30 0 0 5337 0.0 10 0 0 180 77.9 64.6 64.6
5337 0.2 30 0 0 5337 0.0 20 0 0 0 43.4 37.9 37.9
5337 0.2 30 0 0 5337 0.0 20 0 0 30 48.9 42.7 42.7
5337 0.2 30 0 0 5337 0.0 20 0 0 60 57.2 49.5 49.5
5337 0.2 30 0 0 5337 0.0 20 0 0 90 65.5 56.3 56.3
5337 0.2 30 0 0 5337 0.0 20 0 0 120 73.1 61.7 61.7
5337 0.2 30 0 0 5337 0.0 20 0 0 150 77.0 63.4 63.4
5337 0.2 30 0 0 5337 0.0 20 0 0 180 77.6 63.5 63.5
5337 0.2 30 0 0 5337 0.0 30 0 0 0 43.1 35.6 35.6
5337 0.2 30 0 0 5337 0.0 30 0 0 30 48.5 39.3 39.3
5337 0.2 30 0 0 5337 0.0 30 0 0 60 56.9 46.0 46.0
5337 0.2 30 0 0 5337 0.0 30 0 0 90 65.2 52.5 52.5
5337 0.2 30 0 0 5337 0.0 30 0 0 120 72.9 57.8 57.8
5337 0.2 30 0 0 5337 0.0 30 0 0 150 76.6 60.2 60.2
5337 0.2 30 0 0 5337 0.0 30 0 0 180 77.2 60.3 60.3
5337 0.2 30 0 0 5337 0.0 40 0 0 0 42.8 35.3 35.3
5337 0.2 30 0 0 5337 0.0 40 0 0 30 48.1 39.1 39.1
5337 0.2 30 0 0 5337 0.0 40 0 0 60 56.4 45.3 45.3
5337 0.2 30 0 0 5337 0.0 40 0 0 90 64.7 51.5 51.5
5337 0.2 30 0 0 5337 0.0 40 0 0 120 72.5 56.7 56.7
5337 0.2 30 0 0 5337 0.0 40 0 0 150 75.9 59.7 59.7
5337 0.2 30 0 0 5337 0.0 40 0 0 180 76.4 60.0 60.0
5337 0.2 30 0 0 5337 0.0 50 0 0 0 42.4 35.8 35.8
5337 0.2 30 0 0 5337 0.0 50 0 0 30 47.4 39.7 39.7
5337 0.2 30 0 0 5337 0.0 50 0 0 60 55.7 45.5 45.5
5337 0.2 30 0 0 5337 0.0 50 0 0 90 64.0 51.5 51.5
5337 0.2 30 0 0 5337 0.0 50 0 0 120 71.8 56.7 56.7
5337 0.2 30 0 0 5337 0.0 50 0 0 150 74.7 60.0 60.0
5337 0.2 30 0 0 5337 0.0 50 0 0 180 75.4 60.9 60.9
5337 0.2 30 0 0 5337 0.0 60 0 0 0 42.1 37.7 37.7
5337 0.2 30 0 0 5337 0.0 60 0 0 30 46.4 41.0 41.0
5337 0.2 30 0 0 5337 0.0 60 0 0 60 54.7 46.3 46.3
5337 0.2 30 0 0 5337 0.0 60 0 0 90 63.0 52.2 52.2
5337 0.2 30 0 0 5337 0.0 60 0 0 120 70.1 57.4 57.4
5337 0.2 30 0 0 5337 0.0 60 0 0 150 72.9 61.0 61.0
5337 0.2 30 0 0 5337 0.0 60 0 0 180 73.6 62.8 62.8
5337 0.2 30 0 0 5337 0.1 0 0 0 0 41.7 40.0 40.0
5337 0.2 30 0 0 5337 0.1 0 0 0 30 47.8 43.5 43.5
5337 0.2 30 0 0 5337 0.1 0 0 0 60 54.9 49.0 49.0
5337 0.2 30 0 0 5337 0.1 0 0 0 90 62.7 55.4 55.4
5337 0.2 30 0 0 5337 0.1 0 0 0 120 70.7 62.1 62.1
5337 0.2 30 0 0 5337 0.1 0 0 0 150 75.8 64.6 64.6
5337 0.2 30 0 0 5337 0.1 0 0 0 180 77.9 63.9 63.9
5337 0.2 30 0 0 5337 0.1 10 0 0 0 41.6 38.0 38.0
5337 0.2 30 0 0 5337 0.1 10 0 0 30 47.6 42.4 42.4
5337 0.2 30 0 0 5337 0.1 10 0 0 60 54.8 48.2 48.2
5337 0.2 30 0 0 5337 0.1 10 0 0 90 62.6 54.8 54.8
5337 0.2 30 0 0 5337 0.1 10 0 0 120 70.6 61.2 61.2
5337 0.2 30 0 0 5337 0.1 10 0 0 150 75.8 64.3 64.3
5337 0.2 30 0 0 5337 0.1 10 0 0 180 77.9 64.3 64.3
5337 0.2 30 0 0 5337 0.1 20 0 0 0 41.4 36.1 36.1
5337 0.2 30 0 0 5337 0.1 20 0 0 30 47.4 40.8 40.8
5337 0.2 30 0 0 5337 0.1 20 0 0 60 54.6 46.8 46.8
5337 0.2 30 0 0 5337 0.1 20 0 0 90 62.4 53.3 53.3
5337 0.2 30 0 0 5337 0.1 20 0 0 120 70.5 59.3 59.3
5337 0.2 30 0 0 5337 0.1 20 0 0 150 75.6 62.9 62.9
5337 0.2 30 0 0 5337 0.1 20 0 0 180 77.6 63.3 63.3
5337 0.2 30 0 0 5337 0.1 30 0 0 0 41.2 33.4 33.4
5337 0.2 30 0 0 5337 0.1 30 0 0 30 47.1 37.4 37.4
5337 0.2 30 0 0 5337 0.1 30 0 0 60 54.2 43.3 43.3
5337 0.2 30 0 0 5337 0.1 30 0 0 90 62.0 49.6 49.6
5337 0.2 30 0 0 5337 0.1 30 0 0 120 70.3 55.3 55.3
5337 0.2 30 0 0 5337 0.1 30 0 0 150 75.2 59.3 59.3
5337 0.2 30 0 0 5337 0.1 30 0 0 180 77.2 60.2 60.2
5337 0.2 30 0 0 5337 0.1 40 0 0 0 40.8 33.3 33.3
5337 0.2 30 0 0 5337 0.1 40 0 0 30 46.6 37.1 37.1
5337 0.2 30 0 0 5337 0.1 40 0 0 60 53.7 42.6 42.6
5337 0.2 30 0 0 5337 0.1 40 0 0 90 61.5 48.5 48.5
5337 0.2 30 0 0 5337 0.1 40 0 0 120 69.9 54.1 54.1
5337 0.2 30 0 0 5337 0.1 40 0 0 150 74.5 58.3 58.3
5337 0.2 30 0 0 5337 0.1 40 0 0 180 76.5 59.8 59.8
5337 0.2 30 0 0 5337 0.1 50 0 0 0 40.5 34.3 34.3
5337 0.2 30 0 0 5337 0.1 50 0 0 30 45.9 37.6 37.6
5337 0.2 30 0 0 5337 0.1 50 0 0 60 53.0 42.7 42.7
5337 0.2 30 0 0 5337 0.1 50 0 0 90 60.8 48.3 48.3
5337 0.2 30 0 0 5337 0.1 50 0 0 120 69.3 54.0 54.0
5337 0.2 30 0 0 5337 0.1 50 0 0 150 73.4 58.4 58.4
5337 0.2 30 0 0 5337 0.1 50 0 0 180 75.3 60.7 60.7
5337 0.2 30 0 0 5337 0.1 60 0 0 0 40.7 36.6 36.6
5337 0.2 30 0 0 5337 0.1 60 0 0 30 44.9 39.3 39.3
5337 0.2 30 0 0 5337 0.1 60 0 0 60 52.0 43.6 43.6
5337 0.2 30 0 0 5337 0.1 60 0 0 90 59.8 48.9 48.9
5337 0.2 30 0 0 5337 0.1 60 0 0 120 67.8 54.4 54.4
5337 0.2 30 0 0 5337 0.1 60 0 0 150 71.6 59.1 59.1
5337 0.2 30 0 0 5337 0.1 60 0 0 180 73.5 62.3 62.3
5337 0.2 30 0 0 5337 0.2 0 0 0 0 41.0 39.9 39.9
5337 0.2 30 0 0 5337 0.2 0 0 0 30 46.5 41.7 41.7
5337 0.2 30 0 0 5337 0.2 0 0 0 60 52.5 46.4 46.4
5337 0.2 30 0 0 5337 0.2 0 0 0 90 59.6 52.4 52.4
5337 0.2 30 0 0 5337 0.2 0 0 0 120 67.8 59.5 59.5
5337 0.2 30 0 0 5337 0.2 0 0 0 150 74.0 64.1 64.1
5337 0.2 30 0 0 5337 0.2 0 0 0 180 77.3 62.9 62.9
5337 0.2 30 0 0 5337 0.2 10 0 0 0 40.8 37.7 37.7
5337 0.2 30 0 0 5337 0.2 10 0 0 30 46.3 40.7 40.7
5337 0.2 30 0 0 5337 0.2 10 0 0 60 52.4 45.7 45.7
5337 0.2 30 0 0 5337 0.2 10 0 0 90 59.5 51.8 51.8
5337 0.2 30 0 0 5337 0.2 10 0 0 120 67.8 58.5 58.5
5337 0.2 30 0 0 5337 0.2 10 0 0 150 74.0 63.3 63.3
5337 0.2 30 0 0 5337 0.2 10 0 0 180 77.2 63.4 63.4
5337 0.2 30 0 0 5337 0.2 20 0 0 0 40.6 35.0 35.0
5337 0.2 30 0 0 5337 0.2 20 0 0 30 46.1 39.1 39.1
5337 0.2 30 0 0 5337 0.2 20 0 0 60 52.1 44.2 44.2
5337 0.2 30 0 0 5337 0.2 20 0 0 90 59.2 50.2 50.2
5337 0.2 30 0 0 5337 0.2 20 0 0 120 67.6 56.5 56.5
5337 0.2 30 0 0 5337 0.2 20 0 0 150 73.8 61.5 61.5
5337 0.2 30 0 0 5337 0.2 20 0 0 180 77.0 63.0 63.0
5337 0.2 30 0 0 5337 0.2 30 0 0 0 40.2 31.4 31.4
5337 0.2 30 0 0 5337 0.2 30 0 0 30 45.8 35.8 35.8
5337 0.2 30 0 0 5337 0.2 30 0 0 60 51.8 40.9 40.9
5337 0.2 30 0 0 5337 0.2 30 0 0 90 58.9 46.5 46.5
5337 0.2 30 0 0 5337 0.2 30 0 0 120 67.4 52.6 52.6
5337 0.2 30 0 0 5337 0.2 30 0 0 150 73.4 57.7 57.7
5337 0.2 30 0 0 5337 0.2 30 0 0 180 76.5 60.0 60.0
5337 0.2 30 0 0 5337 0.2 40 0 0 0 39.7 32.0 32.0
5337 0.2 30 0 0 5337 0.2 40 0 0 30 45.3 35.4 35.4
5337 0.2 30 0 0 5337 0.2 40 0 0 60 51.3 40.0 40.0
5337 0.2 30 0 0 5337 0.2 40 0 0 90 58.4 45.4 45.4
5337 0.2 30 0 0 5337 0.2 40 0 0 120 66.9 51.3 51.3
5337 0.2 30 0 0 5337 0.2 40 0 0 150 72.7 56.6 56.6
5337 0.2 30 0 0 5337 0.2 40 0 0 180 75.8 59.8 59.8
5337 0.2 30 0 0 5337 0.2 50 0 0 0 39.7 33.6 33.6
5337 0.2 30 0 0 5337 0.2 50 0 0 30 44.6 36.0 36.0
5337 0.2 30 0 0 5337 0.2 50 0 0 60 50.6 40.1 40.1
5337 0.2 30 0 0 5337 0.2 50 0 0 90 57.7 45.3 45.3
5337 0.2 30 0 0 5337 0.2 50 0 0 120 66.3 51.1 51.1
5337 0.2 30 0 0 5337 0.2 50 0 0 150 71.7 56.6 56.6
5337 0.2 30 0 0 5337 0.2 50 0 0 180 74.6 60.4 60.4
5337 0.2 30 0 0 5337 0.2 60 0 0 0 40.2 35.9 35.9
5337 0.2 30 0 0 5337 0.2 60 0 0 30 43.9 37.8 37.8
5337 0.2 30 0 0 5337 0.2 60 0 0 60 49.6 41.3 41.3
5337 0.2 30 0 0 5337 0.2 60 0 0 90 56.7 45.9 45.9
5337 0.2 30 0 0 5337 0.2 60 0 0 120 65.0 51.5 51.5
5337 0.2 30 0 0 5337 0.2 60 0 0 150 70.0 57.1 57.1
5337 0.2 30 0 0 5337 0.2 60 0 0 180 72.6 61.4 61.4
5337 0.2 30 0 0 5337 0.3 0 0 0 0 41.7 39.7 39.7
5337 0.2 30 0 0 5337 0.3 0 0 0 30 45.3 41.2 41.2
5337 0.2 30 0 0 5337 0.3 0 0 0 60 50.3 44.0 44.0
5337 0.2 30 0 0 5337 0.3 0 0 0 90 56.5 49.4 49.4
5337 0.2 30 0 0 5337 0.3 0 0 0 120 64.7 56.5 56.5
5337 0.2 30 0 0 5337 0.3 0 0 0 150 71.9 62.6 62.6
5337 0.2 30 0 0 5337 0.3 0 0 0 180 75.9 61.8 61.8
5337 0.2 30 0 0 5337 0.3 10 0 0 0 41.6 37.7 37.7
5337 0.2 30 0 0 5337 0.3 10 0 0 30 45.2 39.6 39.6
5337 0.2 30 0 0 5337 0.3 10 0 0 60 50.2 43.3 43.3
5337 0.2 30 0 0 5337 0.3 10 0 0 90 56.4 48.7 48.7
5337 0.2 30 0 0 5337 0.3 10 0 0 120 64.7 55.4 55.4
5337 0.2 30 0 0 5337 0.3 10 0 0 150 71.9 61.5 61.5
5337 0.2 30 0 0 5337 0.3 10 0 0 180 75.9 62.4 62.4
5337 0.2 30 0 0 5337 0.3 20 0 0 0 41.4 35.0 35.0
5337 0.2 30 0 0 5337 0.3 20 0 0 30 45.0 37.5 37.5
5337 0.2 30 0 0 5337 0.3 20 0 0 60 49.9 41.7 41.7
5337 0.2 30 0 0 5337 0.3 20 0 0 90 56.2 47.0 47.0
5337 0.2 30 0 0 5337 0.3 20 0 0 120 64.5 53.4 53.4
5337 0.2 30 0 0 5337 0.3 20 0 0 150 71.7 59.5 59.5
5337 0.2 30 0 0 5337 0.3 20 0 0 180 75.6 62.0 62.0
5337 0.2 30 0 0 5337 0.3 30 0 0 0 41.2 31.8 31.8
5337 0.2 30 0 0 5337 0.3 30 0 0 30 44.6 34.5 34.5
5337 0.2 30 0 0 5337 0.3 30 0 0 60 49.6 38.6 38.6
5337 0.2 30 0 0 5337 0.3 30 0 0 90 55.8 43.7 43.7
5337 0.2 30 0 0 5337 0.3 30 0 0 120 64.2 49.8 49.8
5337 0.2 30 0 0 5337 0.3 30 0 0 150 71.3 56.0 56.0
5337 0.2 30 0 0 5337 0.3 30 0 0 180 75.1 59.9 59.9
5337 0.2 30 0 0 5337 0.3 40 0 0 0 41.1 32.0 32.0
5337 0.2 30 0 0 5337 0.3 40 0 0 30 44.1 34.0 34.0
5337 0.2 30 0 0 5337 0.3 40 0 0 60 49.1 37.8 37.8
5337 0.2 30 0 0 5337 0.3 40 0 0 90 55.3 42.6 42.6
5337 0.2 30 0 0 5337 0.3 40 0 0 120 63.7 48.6 48.6
5337 0.2 30 0 0 5337 0.3 40 0 0 150 70.6 54.9 54.9
5337 0.2 30 0 0 5337 0.3 40 0 0 180 74.4 59.5 59.5
5337 0.2 30 0 0 5337 0.3 50 0 0 0 41.0 33.4 33.4
5337 0.2 30 0 0 5337 0.3 50 0 0 30 43.7 34.9 34.9
5337 0.2 30 0 0 5337 0.3 50 0 0 60 48.4 37.9 37.9
5337 0.2 30 0 0 5337 0.3 50 0 0 90 54.7 42.3 42.3
5337 0.2 30 0 0 5337 0.3 50 0 0 120 63.0 48.2 48.2
5337 0.2 30 0 0 5337 0.3 50 0 0 150 69.6 54.7 54.7
5337 0.2 30 0 0 5337 0.3 50 0 0 180 73.2 59.9 59.9
5337 0.2 30 0 0 5337 0.3 60 0 0 0 41.3 35.4 35.4
5337 0.2 30 0 0 5337 0.3 60 0 0 30 43.5 36.7 36.7
5337 0.2 30 0 0 5337 0.3 60 0 0 60 47.6 39.2 39.2
5337 0.2 30 0 0 5337 0.3 60 0 0 90 53.6 43.1 43.1
5337 0.2 30 0 0 5337 0.3 60 0 0 120 61.8 48.4 48.4
5337 0.2 30 0 0 5337 0.3 60 0 0 150 68.0 54.9 54.9
5337 0.2 30 0 0 5337 0.3 60 0 0 180 71.1 60.5 60.5
5337 0.2 30 0 0 5337 0.4 0 0 0 0 43.5 39.8 39.8
5337 0.2 30 0 0 5337 0.4 0 0 0 30 44.8 41.1 41.1
5337 0.2 30 0 0 5337 0.4 0 0 0 60 48.3 43.0 43.0
5337 0.2 30 0 0 5337 0.4 0 0 0 90 53.6 46.4 46.4
5337 0.2 30 0 0 5337 0.4 0 0 0 120 61.4 53.1 53.1
5337 0.2 30 0 0 5337 0.4 0 0 0 150 69.5 60.4 60.4
5337 0.2 30 0 0 5337 0.4 0 0 0 180 74.3 60.6 60.6
5337 0.2 30 0 0 5337 0.4 10 0 0 0 43.4 38.0 38.0
5337 0.2 30 0 0 5337 0.4 10 0 0 30 44.7 39.4 39.4
5337 0.2 30 0 0 5337 0.4 10 0 0 60 48.2 41.5 41.5
5337 0.2 30 0 0 5337 0.4 10 0 0 90 53.5 45.6 45.6
5337 0.2 30 0 0 5337 0.4 10 0 0 120 61.4 52.0 52.0
5337 0.2 30 0 0 5337 0.4 10 0 0 150 69.5 59.2 59.2
5337 0.2 30 0 0 5337 0.4 10 0 0 180 74.2 61.2 61.2
5337 0.2 30 0 0 5337 0.4 20 0 0 0 43.3 35.7 35.7
5337 0.2 30 0 0 5337 0.4 20 0 0 30 44.5 36.9 36.9
5337 0.2 30 0 0 5337 0.4 20 0 0 60 47.9 39.3 39.3
5337 0.2 30 0 0 5337 0.4 20 0 0 90 53.2 43.6 43.6
5337 0.2 30 0 0 5337 0.4 20 0 0 120 61.2 49.7 49.7
5337 0.2 30 0 0 5337 0.4 20 0 0 150 69.3 57.0 57.0
5337 0.2 30 0 0 5337 0.4 20 0 0 180 73.9 60.6 60.6
5337 0.2 30 0 0 5337 0.4 30 0 0 0 43.3 33.6 33.6
5337 0.2 30 0 0 5337 0.4 30 0 0 30 44.4 34.1 34.1
5337 0.2 30 0 0 5337 0.4 30 0 0 60 47.6 36.6 36.6
5337 0.2 30 0 0 5337 0.4 30 0 0 90 52.9 40.9 40.9
5337 0.2 30 0 0 5337 0.4 30 0 0 120 60.8 46.9 46.9
5337 0.2 30 0 0 5337 0.4 30 0 0 150 68.9 54.1 54.1
5337 0.2 30 0 0 5337 0.4 30 0 0 180 73.4 59.2 59.2
5337 0.2 30 0 0 5337 0.4 40 0 0 0 43.2 33.4 33.4
5337 0.2 30 0 0 5337 0.4 40 0 0 30 44.3 33.7 33.7
5337 0.2 30 0 0 5337 0.4 40 0 0 60 47.1 35.9 35.9
5337 0.2 30 0 0 5337 0.4 40 0 0 90 52.4 39.9 39.9
5337 0.2 30 0 0 5337 0.4 40 0 0 120 60.3 45.7 45.7
5337 0.2 30 0 0 5337 0.4 40 0 0 150 68.2 53.1 53.1
5337 0.2 30 0 0 5337 0.4 40 0 0 180 72.6 59.1 59.1
5337 0.2 30 0 0 5337 0.4 50 0 0 0 43.2 34.2 34.2
5337 0.2 30 0 0 5337 0.4 50 0 0 30 44.3 34.5 34.5
5337 0.2 30 0 0 5337 0.4 50 0 0 60 46.8 36.4 36.4
5337 0.2 30 0 0 5337 0.4 50 0 0 90 51.7 39.6 39.6
5337 0.2 30 0 0 5337 0.4 50 0 0 120 59.6 45.2 45.2
5337 0.2 30 0 0 5337 0.4 50 0 0 150 67.2 52.6 52.6
5337 0.2 30 0 0 5337 0.4 50 0 0 180 71.4 59.2 59.2
5337 0.2 30 0 0 5337 0.4 60 0 0 0 43.3 35.7 35.7
5337 0.2 30 0 0 5337 0.4 60 0 0 30 44.3 36.0 36.0
5337 0.2 30 0 0 5337 0.4 60 0 0 60 46.6 37.6 37.6
5337 0.2 30 0 0 5337 0.4 60 0 0 90 51.0 40.6 40.6
5337 0.2 30 0 0 5337 0.4 60 0 0 120 58.3 45.5 45.5
5337 0.2 30 0 0 5337 0.4 60 0 0 150 65.5 52.5 52.5
5337 0.2 30 0 0 5337 0.4 60 0 0 180 69.3 59.7 59.7
5337 0.2 30 0 0 5337 0.5 0 0 0 0 45.5 40.2 40.2
5337 0.2 30 0 0 5337 0.5 0 0 0 30 46.0 41.1 41.1
5337 0.2 30 0 0 5337 0.5 0 0 0 60 47.3 42.5 42.5
5337 0.2 30 0 0 5337 0.5 0 0 0 90 50.8 44.8 44.8
5337 0.2 30 0 0 5337 0.5 0 0 0 120 57.9 49.3 49.3
5337 0.2 30 0 0 5337 0.5 0 0 0 150 66.8 57.6 57.6
5337 0.2 30 0 0 5337 0.5 0 0 0 180 72.4 59.2 59.2
5337 0.2 30 0 0 5337 0.5 10 0 0 0 45.5 38.9 38.9
5337 0.2 30 0 0 5337 0.5 10 0 0 30 46.0 39.4 39.4
5337 0.2 30 0 0 5337 0.5 10 0 0 60 47.2 40.9 40.9
5337 0.2 30 0 0 5337 0.5 10 0 0 90 50.7 43.2 43.2
5337 0.2 30 0 0 5337 0.5 10 0 0 120 57.9 48.1 48.1
5337 0.2 30 0 0 5337 0.5 10 0 0 150 66.8 56.3 56.3
5337 0.2 30 0 0 5337 0.5 10 0 0 180 72.4 59.6 59.6
5337 0.2 30 0 0 5337 0.5 20 0 0 0 45.5 36.9 36.9
5337 0.2 30 0 0 5337 0.5 20 0 0 30 46.0 37.2 37.2
5337 0.2 30 0 0 5337 0.5 20 0 0 60 47.1 38.2 38.2
5337 0.2 30 0 0 5337 0.5 20 0 0 90 50.4 40.5 40.5
5337 0.2 30 0 0 5337 0.5 20 0 0 120 57.6 45.7 45.7
5337 0.2 30 0 0 5337 0.5 20 0 0 150 66.5 53.8 53.8
5337 0.2 30 0 0 5337 0.5 20 0 0 180 72.0 58.6 58.6
5337 0.2 30 0 0 5337 0.5 30 0 0 0 45.4 35.6 35.6
5337 0.2 30 0 0 5337 0.5 30 0 0 30 45.9 35.7 35.7
5337 0.2 30 0 0 5337 0.5 30 0 0 60 47.0 36.3 36.3
5337 0.2 30 0 0 5337 0.5 30 0 0 90 50.1 38.5 38.5
5337 0.2 30 0 0 5337 0.5 30 0 0 120 57.3 43.9 43.9
5337 0.2 30 0 0 5337 0.5 30 0 0 150 66.1 52.1 52.1
5337 0.2 30 0 0 5337 0.5 30 0 0 180 71.5 58.2 58.2
5337 0.2 30 0 0 5337 0.5 40 0 0 0 45.4 35.3 35.3
5337 0.2 30 0 0 5337 0.5 40 0 0 30 45.9 35.3 35.3
5337 0.2 30 0 0 5337 0.5 40 0 0 60 47.0 35.7 35.7
5337 0.2 30 0 0 5337 0.5 40 0 0 90 49.7 37.6 37.6
5337 0.2 30 0 0 5337 0.5 40 0 0 120 56.7 42.8 42.8
5337 0.2 30 0 0 5337 0.5 40 0 0 150 65.4 50.9 50.9
5337 0.2 30 0 0 5337 0.5 40 0 0 180 70.7 58.2 58.2
5337 0.2 30 0 0 5337 0.5 50 0 0 0 45.5 35.7 35.7
5337 0.2 30 0 0 5337 0.5 50 0 0 30 45.9 35.6 35.6
5337 0.2 30 0 0 5337 0.5 50 0 0 60 47.0 36.0 36.0
5337 0.2 30 0 0 5337 0.5 50 0 0 90 49.5 37.8 37.8
5337 0.2 30 0 0 5337 0.5 50 0 0 120 55.9 42.3 42.3
5337 0.2 30 0 0 5337 0.5 50 0 0 150 64.4 50.3 50.3
5337 0.2 30 0 0 5337 0.5 50 0 0 180 69.4 58.2 58.2
5337 0.2 30 0 0 5337 0.5 60 0 0 0 45.6 36.5 36.5
5337 0.2 30 0 0 5337 0.5 60 0 0 30 46.0 36.4 36.4
5337 0.2 30 0 0 5337 0.5 60 0 0 60 47.1 36.8 36.8
5337 0.2 30 0 0 5337 0.5 60 0 0 90 49.4 38.6 38.6
5337 0.2 30 0 0 5337 0.5 60 0 0 120 55.0 42.7 42.7
5337 0.2 30 0 0 5337 0.5 60 0 0 150 62.4 50.1 50.1
5337 0.2 30 0 0 5337 0.5 60 0 0 180 66.9 58.5 58.5
