4937 0.2 20 0 0 4737 0.0 0 0 0 0 62.4 54.1 54.1
4937 0.2 20 0 0 4737 0.0 0 0 0 30 62.5 54.1 54.1
4937 0.2 20 0 0 4737 0.0 0 0 0 60 62.4 53.9 53.9
4937 0.2 20 0 0 4737 0.0 0 0 0 90 62.1 53.7 53.7
4937 0.2 20 0 0 4737 0.0 0 0 0 120 61.7 53.4 53.4
4937 0.2 20 0 0 4737 0.0 0 0 0 150 61.4 53.3 53.3
4937 0.2 20 0 0 4737 0.0 0 0 0 180 61.3 53.2 53.2
4937 0.2 20 0 0 4737 0.0 10 0 0 0 62.3 53.7 53.7
4937 0.2 20 0 0 4737 0.0 10 0 0 30 62.5 53.8 53.8
4937 0.2 20 0 0 4737 0.0 10 0 0 60 62.3 53.7 53.7
4937 0.2 20 0 0 4737 0.0 10 0 0 90 62.0 53.4 53.4
4937 0.2 20 0 0 4737 0.0 10 0 0 120 61.7 53.1 53.1
4937 0.2 20 0 0 4737 0.0 10 0 0 150 61.4 52.9 52.9
4937 0.2 20 0 0 4737 0.0 10 0 0 180 61.2 52.8 52.8
4937 0.2 20 0 0 4737 0.0 20 0 0 0 62.1 52.5 52.5
4937 0.2 20 0 0 4737 0.0 20 0 0 30 62.3 52.6 52.6
4937 0.2 20 0 0 4737 0.0 20 0 0 60 62.2 52.5 52.5
4937 0.2 20 0 0 4737 0.0 20 0 0 90 61.8 52.2 52.2
4937 0.2 20 0 0 4737 0.0 20 0 0 120 61.5 51.9 51.9
4937 0.2 20 0 0 4737 0.0 20 0 0 150 61.2 51.7 51.7
4937 0.2 20 0 0 4737 0.0 20 0 0 180 61.1 51.6 51.6
4937 0.2 20 0 0 4737 0.0 30 0 0 0 61.8 50.2 50.2
4937 0.2 20 0 0 4737 0.0 30 0 0 30 62.0 50.2 50.2
4937 0.2 20 0 0 4737 0.0 30 0 0 60 61.8 50.1 50.1
4937 0.2 20 0 0 4737 0.0 30 0 0 90 61.5 49.7 49.7
4937 0.2 20 0 0 4737 0.0 30 0 0 120 61.1 49.3 49.3
4937 0.2 20 0 0 4737 0.0 30 0 0 150 60.8 49.1 49.1
4937 0.2 20 0 0 4737 0.0 30 0 0 180 60.7 49.1 49.1
4937 0.2 20 0 0 4737 0.0 40 0 0 0 61.3 50.2 50.2
4937 0.2 20 0 0 4737 0.0 40 0 0 30 61.5 50.2 50.2
4937 0.2 20 0 0 4737 0.0 40 0 0 60 61.3 50.1 50.1
4937 0.2 20 0 0 4737 0.0 40 0 0 90 61.0 49.7 49.7
4937 0.2 20 0 0 4737 0.0 40 0 0 120 60.6 49.3 49.3
4937 0.2 20 0 0 4737 0.0 40 0 0 150 60.3 49.0 49.0
4937 0.2 20 0 0 4737 0.0 40 0 0 180 60.2 49.0 49.0
4937 0.2 20 0 0 4737 0.0 50 0 0 0 60.5 51.0 51.0
4937 0.2 20 0 0 4737 0.0 50 0 0 30 60.7 51.1 51.1
4937 0.2 20 0 0 4737 0.0 50 0 0 60 60.5 50.9 50.9
4937 0.2 20 0 0 4737 0.0 50 0 0 90 60.1 50.4 50.4
4937 0.2 20 0 0 4737 0.0 50 0 0 120 59.8 50.0 50.0
4937 0.2 20 0 0 4737 0.0 50 0 0 150 59.5 49.8 49.8
4937 0.2 20 0 0 4737 0.0 50 0 0 180 59.4 49.6 49.6
4937 0.2 20 0 0 4737 0.0 60 0 0 0 59.2 52.2 52.2
4937 0.2 20 0 0 4737 0.0 60 0 0 30 59.4 52.3 52.3
4937 0.2 20 0 0 4737 0.0 60 0 0 60 59.2 52.2 52.2
4937 0.2 20 0 0 4737 0.0 60 0 0 90 58.8 51.8 51.8
4937 0.2 20 0 0 4737 0.0 60 0 0 120 58.5 51.5 51.5
4937 0.2 20 0 0 4737 0.0 60 0 0 150 58.3 51.2 51.2
4937 0.2 20 0 0 4737 0.0 60 0 0 180 58.3 51.0 51.0
4937 0.2 20 0 0 4737 0.1 0 0 0 0 62.0 53.5 53.5
4937 0.2 20 0 0 4737 0.1 0 0 0 30 62.1 53.6 53.6
4937 0.2 20 0 0 4737 0.1 0 0 0 60 62.0 53.5 53.5
4937 0.2 20 0 0 4737 0.1 0 0 0 90 61.8 53.2 53.2
4937 0.2 20 0 0 4737 0.1 0 0 0 120 61.4 53.0 53.0
4937 0.2 20 0 0 4737 0.1 0 0 0 150 61.0 52.7 52.7
4937 0.2 20 0 0 4737 0.1 0 0 0 180 60.9 52.5 52.5
4937 0.2 20 0 0 4737 0.1 10 0 0 0 61.9 53.1 53.1
4937 0.2 20 0 0 4737 0.1 10 0 0 30 62.1 53.2 53.2
4937 0.2 20 0 0 4737 0.1 10 0 0 60 62.0 53.2 53.2
4937 0.2 20 0 0 4737 0.1 10 0 0 90 61.7 52.9 52.9
4937 0.2 20 0 0 4737 0.1 10 0 0 120 61.3 52.6 52.6
4937 0.2 20 0 0 4737 0.1 10 0 0 150 61.0 52.4 52.4
4937 0.2 20 0 0 4737 0.1 10 0 0 180 60.8 52.2 52.2
4937 0.2 20 0 0 4737 0.1 20 0 0 0 61.7 52.0 52.0
4937 0.2 20 0 0 4737 0.1 20 0 0 30 61.9 52.1 52.1
4937 0.2 20 0 0 4737 0.1 20 0 0 60 61.8 52.0 52.0
4937 0.2 20 0 0 4737 0.1 20 0 0 90 61.5 51.7 51.7
4937 0.2 20 0 0 4737 0.1 20 0 0 120 61.2 51.4 51.4
4937 0.2 20 0 0 4737 0.1 20 0 0 150 60.8 51.1 51.1
4937 0.2 20 0 0 4737 0.1 20 0 0 180 60.6 50.9 50.9
4937 0.2 20 0 0 4737 0.1 30 0 0 0 61.4 49.7 49.7
4937 0.2 20 0 0 4737 0.1 30 0 0 30 61.6 49.7 49.7
4937 0.2 20 0 0 4737 0.1 30 0 0 60 61.5 49.6 49.6
4937 0.2 20 0 0 4737 0.1 30 0 0 90 61.2 49.3 49.3
4937 0.2 20 0 0 4737 0.1 30 0 0 120 60.8 48.9 48.9
4937 0.2 20 0 0 4737 0.1 30 0 0 150 60.4 48.5 48.5
4937 0.2 20 0 0 4737 0.1 30 0 0 180 60.3 48.3 48.3
4937 0.2 20 0 0 4737 0.1 40 0 0 0 60.9 49.7 49.7
4937 0.2 20 0 0 4737 0.1 40 0 0 30 61.1 49.8 49.8
4937 0.2 20 0 0 4737 0.1 40 0 0 60 61.0 49.6 49.6
4937 0.2 20 0 0 4737 0.1 40 0 0 90 60.6 49.3 49.3
4937 0.2 20 0 0 4737 0.1 40 0 0 120 60.3 49.0 49.0
4937 0.2 20 0 0 4737 0.1 40 0 0 150 59.9 48.5 48.5
4937 0.2 20 0 0 4737 0.1 40 0 0 180 59.8 48.3 48.3
4937 0.2 20 0 0 4737 0.1 50 0 0 0 60.2 50.7 50.7
4937 0.2 20 0 0 4737 0.1 50 0 0 30 60.3 50.7 50.7
4937 0.2 20 0 0 4737 0.1 50 0 0 60 60.2 50.6 50.6
4937 0.2 20 0 0 4737 0.1 50 0 0 90 59.9 50.2 50.2
4937 0.2 20 0 0 4737 0.1 50 0 0 120 59.5 49.7 49.7
4937 0.2 20 0 0 4737 0.1 50 0 0 150 59.1 49.3 49.3
4937 0.2 20 0 0 4737 0.1 50 0 0 180 59.0 49.0 49.0
4937 0.2 20 0 0 4737 0.1 60 0 0 0 58.8 51.6 51.6
4937 0.2 20 0 0 4737 0.1 60 0 0 30 59.0 51.8 51.8
4937 0.2 20 0 0 4737 0.1 60 0 0 60 59.0 51.8 51.8
4937 0.2 20 0 0 4737 0.1 60 0 0 90 58.7 51.5 51.5
4937 0.2 20 0 0 4737 0.1 60 0 0 120 58.2 51.2 51.2
4937 0.2 20 0 0 4737 0.1 60 0 0 150 57.9 50.8 50.8
4937 0.2 20 0 0 4737 0.1 60 0 0 180 57.7 50.4 50.4
4937 0.2 20 0 0 4737 0.2 0 0 0 0 61.6 53.0 53.0
4937 0.2 20 0 0 4737 0.2 0 0 0 30 61.7 53.0 53.0
4937 0.2 20 0 0 4737 0.2 0 0 0 60 61.7 53.0 53.0
4937 0.2 20 0 0 4737 0.2 0 0 0 90 61.4 52.7 52.7
4937 0.2 20 0 0 4737 0.2 0 0 0 120 61.1 52.5 52.5
4937 0.2 20 0 0 4737 0.2 0 0 0 150 60.7 52.1 52.1
4937 0.2 20 0 0 4737 0.2 0 0 0 180 60.5 51.8 51.8
4937 0.2 20 0 0 4737 0.2 10 0 0 0 61.6 52.6 52.6
4937 0.2 20 0 0 4737 0.2 10 0 0 30 61.7 52.7 52.7
4937 0.2 20 0 0 4737 0.2 10 0 0 60 61.6 52.6 52.6
4937 0.2 20 0 0 4737 0.2 10 0 0 90 61.4 52.4 52.4
4937 0.2 20 0 0 4737 0.2 10 0 0 120 61.0 52.1 52.1
4937 0.2 20 0 0 4737 0.2 10 0 0 150 60.6 51.8 51.8
4937 0.2 20 0 0 4737 0.2 10 0 0 180 60.4 51.4 51.4
4937 0.2 20 0 0 4737 0.2 20 0 0 0 61.4 51.4 51.4
4937 0.2 20 0 0 4737 0.2 20 0 0 30 61.5 51.5 51.5
4937 0.2 20 0 0 4737 0.2 20 0 0 60 61.4 51.4 51.4
4937 0.2 20 0 0 4737 0.2 20 0 0 90 61.2 51.2 51.2
4937 0.2 20 0 0 4737 0.2 20 0 0 120 60.8 50.8 50.8
4937 0.2 20 0 0 4737 0.2 20 0 0 150 60.4 50.4 50.4
4937 0.2 20 0 0 4737 0.2 20 0 0 180 60.3 50.1 50.1
4937 0.2 20 0 0 4737 0.2 30 0 0 0 61.0 49.4 49.4
4937 0.2 20 0 0 4737 0.2 30 0 0 30 61.2 49.3 49.3
4937 0.2 20 0 0 4737 0.2 30 0 0 60 61.1 49.2 49.2
4937 0.2 20 0 0 4737 0.2 30 0 0 90 60.9 48.9 48.9
4937 0.2 20 0 0 4737 0.2 30 0 0 120 60.5 48.5 48.5
4937 0.2 20 0 0 4737 0.2 30 0 0 150 60.0 48.1 48.1
4937 0.2 20 0 0 4737 0.2 30 0 0 180 59.9 47.7 47.7
4937 0.2 20 0 0 4737 0.2 40 0 0 0 60.6 49.5 49.5
4937 0.2 20 0 0 4737 0.2 40 0 0 30 60.7 49.5 49.5
4937 0.2 20 0 0 4737 0.2 40 0 0 60 60.6 49.4 49.4
4937 0.2 20 0 0 4737 0.2 40 0 0 90 60.4 49.1 49.1
4937 0.2 20 0 0 4737 0.2 40 0 0 120 60.0 48.7 48.7
4937 0.2 20 0 0 4737 0.2 40 0 0 150 59.5 48.3 48.3
4937 0.2 20 0 0 4737 0.2 40 0 0 180 59.3 47.8 47.8
4937 0.2 20 0 0 4737 0.2 50 0 0 0 59.8 50.2 50.2
4937 0.2 20 0 0 4737 0.2 50 0 0 30 60.0 50.3 50.3
4937 0.2 20 0 0 4737 0.2 50 0 0 60 59.9 50.2 50.2
4937 0.2 20 0 0 4737 0.2 50 0 0 90 59.6 50.0 50.0
4937 0.2 20 0 0 4737 0.2 50 0 0 120 59.2 49.6 49.6
4937 0.2 20 0 0 4737 0.2 50 0 0 150 58.6 49.0 49.0
4937 0.2 20 0 0 4737 0.2 50 0 0 180 58.4 48.5 48.5
4937 0.2 20 0 0 4737 0.2 60 0 0 0 58.4 50.9 50.9
4937 0.2 20 0 0 4737 0.2 60 0 0 30 58.6 51.2 51.2
4937 0.2 20 0 0 4737 0.2 60 0 0 60 58.7 51.3 51.3
4937 0.2 20 0 0 4737 0.2 60 0 0 90 58.5 51.2 51.2
4937 0.2 20 0 0 4737 0.2 60 0 0 120 58.1 50.8 50.8
4937 0.2 20 0 0 4737 0.2 60 0 0 150 57.5 50.4 50.4
4937 0.2 20 0 0 4737 0.2 60 0 0 180 57.1 49.8 49.8
4937 0.2 20 0 0 4737 0.3 0 0 0 0 61.2 52.3 52.3
4937 0.2 20 0 0 4737 0.3 0 0 0 30 61.3 52.4 52.4
4937 0.2 20 0 0 4737 0.3 0 0 0 60 61.3 52.4 52.4
4937 0.2 20 0 0 4737 0.3 0 0 0 90 61.1 52.2 52.2
4937 0.2 20 0 0 4737 0.3 0 0 0 120 60.7 51.9 51.9
4937 0.2 20 0 0 4737 0.3 0 0 0 150 60.3 51.5 51.5
4937 0.2 20 0 0 4737 0.3 0 0 0 180 60.1 51.0 51.0
4937 0.2 20 0 0 4737 0.3 10 0 0 0 61.2 51.9 51.9
4937 0.2 20 0 0 4737 0.3 10 0 0 30 61.3 52.0 52.0
4937 0.2 20 0 0 4737 0.3 10 0 0 60 61.2 52.0 52.0
4937 0.2 20 0 0 4737 0.3 10 0 0 90 61.0 51.8 51.8
4937 0.2 20 0 0 4737 0.3 10 0 0 120 60.7 51.5 51.5
4937 0.2 20 0 0 4737 0.3 10 0 0 150 60.2 51.1 51.1
4937 0.2 20 0 0 4737 0.3 10 0 0 180 60.0 50.7 50.7
4937 0.2 20 0 0 4737 0.3 20 0 0 0 61.0 50.7 50.7
4937 0.2 20 0 0 4737 0.3 20 0 0 30 61.1 50.7 50.7
4937 0.2 20 0 0 4737 0.3 20 0 0 60 61.0 50.7 50.7
4937 0.2 20 0 0 4737 0.3 20 0 0 90 60.9 50.5 50.5
4937 0.2 20 0 0 4737 0.3 20 0 0 120 60.5 50.1 50.1
4937 0.2 20 0 0 4737 0.3 20 0 0 150 60.0 49.6 49.6
4937 0.2 20 0 0 4737 0.3 20 0 0 180 59.8 49.0 49.0
4937 0.2 20 0 0 4737 0.3 30 0 0 0 60.7 49.1 49.1
4937 0.2 20 0 0 4737 0.3 30 0 0 30 60.8 49.1 49.1
4937 0.2 20 0 0 4737 0.3 30 0 0 60 60.7 48.9 48.9
4937 0.2 20 0 0 4737 0.3 30 0 0 90 60.5 48.7 48.7
4937 0.2 20 0 0 4737 0.3 30 0 0 120 60.2 48.3 48.3
4937 0.2 20 0 0 4737 0.3 30 0 0 150 59.6 47.8 47.8
4937 0.2 20 0 0 4737 0.3 30 0 0 180 59.4 47.3 47.3
4937 0.2 20 0 0 4737 0.3 40 0 0 0 60.2 49.2 49.2
4937 0.2 20 0 0 4737 0.3 40 0 0 30 60.4 49.2 49.2
4937 0.2 20 0 0 4737 0.3 40 0 0 60 60.3 49.1 49.1
4937 0.2 20 0 0 4737 0.3 40 0 0 90 60.1 48.9 48.9
4937 0.2 20 0 0 4737 0.3 40 0 0 120 59.7 48.5 48.5
4937 0.2 20 0 0 4737 0.3 40 0 0 150 59.1 48.0 48.0
4937 0.2 20 0 0 4737 0.3 40 0 0 180 58.9 47.6 47.6
4937 0.2 20 0 0 4737 0.3 50 0 0 0 59.5 49.7 49.7
4937 0.2 20 0 0 4737 0.3 50 0 0 30 59.6 49.9 49.9
4937 0.2 20 0 0 4737 0.3 50 0 0 60 59.6 49.9 49.9
4937 0.2 20 0 0 4737 0.3 50 0 0 90 59.5 49.8 49.8
4937 0.2 20 0 0 4737 0.3 50 0 0 120 59.0 49.3 49.3
4937 0.2 20 0 0 4737 0.3 50 0 0 150 58.3 48.8 48.8
4937 0.2 20 0 0 4737 0.3 50 0 0 180 57.9 48.1 48.1
4937 0.2 20 0 0 4737 0.3 60 0 0 0 57.9 50.3 50.3
4937 0.2 20 0 0 4737 0.3 60 0 0 30 58.2 50.5 50.5
4937 0.2 20 0 0 4737 0.3 60 0 0 60 58.3 50.6 50.6
4937 0.2 20 0 0 4737 0.3 60 0 0 90 58.3 50.7 50.7
4937 0.2 20 0 0 4737 0.3 60 0 0 120 58.0 50.5 50.5
4937 0.2 20 0 0 4737 0.3 60 0 0 150 57.2 50.0 50.0
4937 0.2 20 0 0 4737 0.3 60 0 0 180 56.5 49.3 49.3
4937 0.2 20 0 0 4737 0.4 0 0 0 0 60.9 51.6 51.6
4937 0.2 20 0 0 4737 0.4 0 0 0 30 60.9 51.7 51.7
4937 0.2 20 0 0 4737 0.4 0 0 0 60 60.9 51.7 51.7
4937 0.2 20 0 0 4737 0.4 0 0 0 90 60.8 51.6 51.6
4937 0.2 20 0 0 4737 0.4 0 0 0 120 60.5 51.3 51.3
4937 0.2 20 0 0 4737 0.4 0 0 0 150 59.9 50.8 50.8
4937 0.2 20 0 0 4737 0.4 0 0 0 180 59.7 50.1 50.1
4937 0.2 20 0 0 4737 0.4 10 0 0 0 60.8 51.2 51.2
4937 0.2 20 0 0 4737 0.4 10 0 0 30 60.9 51.3 51.3
4937 0.2 20 0 0 4737 0.4 10 0 0 60 60.9 51.3 51.3
4937 0.2 20 0 0 4737 0.4 10 0 0 90 60.8 51.2 51.2
4937 0.2 20 0 0 4737 0.4 10 0 0 120 60.4 50.9 50.9
4937 0.2 20 0 0 4737 0.4 10 0 0 150 59.8 50.4 50.4
4937 0.2 20 0 0 4737 0.4 10 0 0 180 59.6 49.7 49.7
4937 0.2 20 0 0 4737 0.4 20 0 0 0 60.6 49.8 49.8
4937 0.2 20 0 0 4737 0.4 20 0 0 30 60.7 49.9 49.9
4937 0.2 20 0 0 4737 0.4 20 0 0 60 60.7 49.8 49.8
4937 0.2 20 0 0 4737 0.4 20 0 0 90 60.6 49.6 49.6
4937 0.2 20 0 0 4737 0.4 20 0 0 120 60.2 49.1 49.1
4937 0.2 20 0 0 4737 0.4 20 0 0 150 59.6 48.5 48.5
4937 0.2 20 0 0 4737 0.4 20 0 0 180 59.4 47.8 47.8
4937 0.2 20 0 0 4737 0.4 30 0 0 0 60.3 49.1 49.1
4937 0.2 20 0 0 4737 0.4 30 0 0 30 60.4 49.1 49.1
4937 0.2 20 0 0 4737 0.4 30 0 0 60 60.4 49.0 49.0
4937 0.2 20 0 0 4737 0.4 30 0 0 90 60.3 48.8 48.8
4937 0.2 20 0 0 4737 0.4 30 0 0 120 60.0 48.3 48.3
4937 0.2 20 0 0 4737 0.4 30 0 0 150 59.3 47.6 47.6
4937 0.2 20 0 0 4737 0.4 30 0 0 180 59.0 46.9 46.9
4937 0.2 20 0 0 4737 0.4 40 0 0 0 59.9 49.2 49.2
4937 0.2 20 0 0 4737 0.4 40 0 0 30 60.0 49.3 49.3
4937 0.2 20 0 0 4737 0.4 40 0 0 60 60.0 49.2 49.2
4937 0.2 20 0 0 4737 0.4 40 0 0 90 59.9 49.0 49.0
4937 0.2 20 0 0 4737 0.4 40 0 0 120 59.5 48.5 48.5
4937 0.2 20 0 0 4737 0.4 40 0 0 150 58.7 47.8 47.8
4937 0.2 20 0 0 4737 0.4 40 0 0 180 58.3 47.2 47.2
4937 0.2 20 0 0 4737 0.4 50 0 0 0 59.1 49.3 49.3
4937 0.2 20 0 0 4737 0.4 50 0 0 30 59.3 49.5 49.5
4937 0.2 20 0 0 4737 0.4 50 0 0 60 59.3 49.6 49.6
4937 0.2 20 0 0 4737 0.4 50 0 0 90 59.3 49.7 49.7
4937 0.2 20 0 0 4737 0.4 50 0 0 120 59.0 49.3 49.3
4937 0.2 20 0 0 4737 0.4 50 0 0 150 58.0 48.7 48.7
4937 0.2 20 0 0 4737 0.4 50 0 0 180 57.3 48.0 48.0
4937 0.2 20 0 0 4737 0.4 60 0 0 0 57.2 49.7 49.7
4937 0.2 20 0 0 4737 0.4 60 0 0 30 57.4 49.9 49.9
4937 0.2 20 0 0 4737 0.4 60 0 0 60 57.6 50.0 50.0
4937 0.2 20 0 0 4737 0.4 60 0 0 90 57.8 50.1 50.1
4937 0.2 20 0 0 4737 0.4 60 0 0 120 57.8 50.1 50.1
4937 0.2 20 0 0 4737 0.4 60 0 0 150 57.1 49.8 49.8
4937 0.2 20 0 0 4737 0.4 60 0 0 180 55.7 48.8 48.8
4937 0.2 20 0 0 4737 0.5 0 0 0 0 60.5 50.5 50.5
4937 0.2 20 0 0 4737 0.5 0 0 0 30 60.6 50.6 50.6
4937 0.2 20 0 0 4737 0.5 0 0 0 60 60.6 50.6 50.6
4937 0.2 20 0 0 4737 0.5 0 0 0 90 60.5 50.5 50.5
4937 0.2 20 0 0 4737 0.5 0 0 0 120 60.2 50.4 50.4
4937 0.2 20 0 0 4737 0.5 0 0 0 150 59.5 49.9 49.9
4937 0.2 20 0 0 4737 0.5 0 0 0 180 59.2 48.9 48.9
4937 0.2 20 0 0 4737 0.5 10 0 0 0 60.5 50.0 50.0
4937 0.2 20 0 0 4737 0.5 10 0 0 30 60.5 50.0 50.0
4937 0.2 20 0 0 4737 0.5 10 0 0 60 60.6 50.1 50.1
4937 0.2 20 0 0 4737 0.5 10 0 0 90 60.5 50.0 50.0
4937 0.2 20 0 0 4737 0.5 10 0 0 120 60.2 49.8 49.8
4937 0.2 20 0 0 4737 0.5 10 0 0 150 59.5 49.1 49.1
4937 0.2 20 0 0 4737 0.5 10 0 0 180 59.1 48.2 48.2
4937 0.2 20 0 0 4737 0.5 20 0 0 0 60.3 49.8 49.8
4937 0.2 20 0 0 4737 0.5 20 0 0 30 60.4 49.8 49.8
4937 0.2 20 0 0 4737 0.5 20 0 0 60 60.4 49.6 49.6
4937 0.2 20 0 0 4737 0.5 20 0 0 90 60.3 49.4 49.4
4937 0.2 20 0 0 4737 0.5 20 0 0 120 60.0 49.0 49.0
4937 0.2 20 0 0 4737 0.5 20 0 0 150 59.3 48.2 48.2
4937 0.2 20 0 0 4737 0.5 20 0 0 180 58.9 47.2 47.2
4937 0.2 20 0 0 4737 0.5 30 0 0 0 60.0 49.4 49.4
4937 0.2 20 0 0 4737 0.5 30 0 0 30 60.1 49.4 49.4
4937 0.2 20 0 0 4737 0.5 30 0 0 60 60.1 49.3 49.3
4937 0.2 20 0 0 4737 0.5 30 0 0 90 60.1 49.1 49.1
4937 0.2 20 0 0 4737 0.5 30 0 0 120 59.8 48.6 48.6
4937 0.2 20 0 0 4737 0.5 30 0 0 150 59.0 47.9 47.9
4937 0.2 20 0 0 4737 0.5 30 0 0 180 58.4 46.7 46.7
4937 0.2 20 0 0 4737 0.5 40 0 0 0 59.5 49.2 49.2
4937 0.2 20 0 0 4737 0.5 40 0 0 30 59.6 49.3 49.3
4937 0.2 20 0 0 4737 0.5 40 0 0 60 59.7 49.3 49.3
4937 0.2 20 0 0 4737 0.5 40 0 0 90 59.7 49.2 49.2
4937 0.2 20 0 0 4737 0.5 40 0 0 120 59.5 48.8 48.8
4937 0.2 20 0 0 4737 0.5 40 0 0 150 58.5 48.1 48.1
4937 0.2 20 0 0 4737 0.5 40 0 0 180 57.7 47.1 47.1
4937 0.2 20 0 0 4737 0.5 50 0 0 0 58.6 49.1 49.1
4937 0.2 20 0 0 4737 0.5 50 0 0 30 58.7 49.3 49.3
4937 0.2 20 0 0 4737 0.5 50 0 0 60 58.9 49.4 49.4
4937 0.2 20 0 0 4737 0.5 50 0 0 90 59.0 49.4 49.4
4937 0.2 20 0 0 4737 0.5 50 0 0 120 58.9 49.3 49.3
4937 0.2 20 0 0 4737 0.5 50 0 0 150 57.9 48.6 48.6
4937 0.2 20 0 0 4737 0.5 50 0 0 180 56.6 47.7 47.7
4937 0.2 20 0 0 4737 0.5 60 0 0 0 56.9 49.3 49.3
4937 0.2 20 0 0 4737 0.5 60 0 0 30 57.1 49.4 49.4
4937 0.2 20 0 0 4737 0.5 60 0 0 60 57.3 49.5 49.5
4937 0.2 20 0 0 4737 0.5 60 0 0 90 57.5 49.6 49.6
4937 0.2 20 0 0 4737 0.5 60 0 0 120 57.5 49.6 49.6
4937 0.2 20 0 0 4737 0.5 60 0 0 150 56.9 49.4 49.4
4937 0.2 20 0 0 4737 0.5 60 0 0 180 55.2 48.4 48.4
4937 0.2 20 0 0 4937 0.0 0 0 0 0 43.0 38.1 38.1
4937 0.2 20 0 0 4937 0.0 0 0 0 30 48.7 43.3 43.3
4937 0.2 20 0 0 4937 0.0 0 0 0 60 57.0 50.6 50.6
4937 0.2 20 0 0 4937 0.0 0 0 0 90 65.3 59.0 59.0
4937 0.2 20 0 0 4937 0.0 0 0 0 120 72.6 64.5 64.5
4937 0.2 20 0 0 4937 0.0 0 0 0 150 76.4 64.6 64.6
4937 0.2 20 0 0 4937 0.0 0 0 0 180 76.7 64.6 64.6
4937 0.2 20 0 0 4937 0.0 10 0 0 0 43.0 37.3 37.3
4937 0.2 20 0 0 4937 0.0 10 0 0 30 48.6 42.3 42.3
4937 0.2 20 0 0 4937 0.0 10 0 0 60 56.9 50.3 50.3
4937 0.2 20 0 0 4937 0.0 10 0 0 90 65.2 58.5 58.5
4937 0.2 20 0 0 4937 0.0 10 0 0 120 72.6 63.5 63.5
4937 0.2 20 0 0 4937 0.0 10 0 0 150 76.3 64.3 64.3
4937 0.2 20 0 0 4937 0.0 10 0 0 180 76.6 64.3 64.3
4937 0.2 20 0 0 4937 0.0 20 0 0 0 42.8 36.4 36.4
4937 0.2 20 0 0 4937 0.0 20 0 0 30 48.4 41.2 41.2
4937 0.2 20 0 0 4937 0.0 20 0 0 60 56.6 49.6 49.6
4937 0.2 20 0 0 4937 0.0 20 0 0 90 64.9 56.7 56.7
4937 0.2 20 0 0 4937 0.0 20 0 0 120 72.4 61.4 61.4
4937 0.2 20 0 0 4937 0.0 20 0 0 150 76.0 63.0 63.0
4937 0.2 20 0 0 4937 0.0 20 0 0 180 76.3 63.0 63.0
4937 0.2 20 0 0 4937 0.0 30 0 0 0 42.6 36.0 36.0
4937 0.2 20 0 0 4937 0.0 30 0 0 30 48.0 40.1 40.1
4937 0.2 20 0 0 4937 0.0 30 0 0 60 56.3 46.6 46.6
4937 0.2 20 0 0 4937 0.0 30 0 0 90 64.5 52.9 52.9
4937 0.2 20 0 0 4937 0.0 30 0 0 120 72.2 57.5 57.5
4937 0.2 20 0 0 4937 0.0 30 0 0 150 75.5 59.9 59.9
4937 0.2 20 0 0 4937 0.0 30 0 0 180 75.8 59.9 59.9
4937 0.2 20 0 0 4937 0.0 40 0 0 0 42.2 36.3 36.3
4937 0.2 20 0 0 4937 0.0 40 0 0 30 47.4 40.5 40.5
4937 0.2 20 0 0 4937 0.0 40 0 0 60 55.7 46.2 46.2
4937 0.2 20 0 0 4937 0.0 40 0 0 90 64.0 52.0 52.0
4937 0.2 20 0 0 4937 0.0 40 0 0 120 71.7 56.6 56.6
4937 0.2 20 0 0 4937 0.0 40 0 0 150 74.7 59.4 59.4
4937 0.2 20 0 0 4937 0.0 40 0 0 180 75.1 59.9 59.9
4937 0.2 20 0 0 4937 0.0 50 0 0 0 41.8 37.4 37.4
4937 0.2 20 0 0 4937 0.0 50 0 0 30 46.7 41.1 41.1
4937 0.2 20 0 0 4937 0.0 50 0 0 60 55.0 46.5 46.5
4937 0.2 20 0 0 4937 0.0 50 0 0 90 63.2 51.9 51.9
4937 0.2 20 0 0 4937 0.0 50 0 0 120 70.7 56.5 56.5
4937 0.2 20 0 0 4937 0.0 50 0 0 150 73.4 59.6 59.6
4937 0.2 20 0 0 4937 0.0 50 0 0 180 73.9 60.8 60.8
4937 0.2 20 0 0 4937 0.0 60 0 0 0 41.8 39.5 39.5
4937 0.2 20 0 0 4937 0.0 60 0 0 30 45.6 42.5 42.5
4937 0.2 20 0 0 4937 0.0 60 0 0 60 53.8 47.2 47.2
4937 0.2 20 0 0 4937 0.0 60 0 0 90 62.1 52.5 52.5
4937 0.2 20 0 0 4937 0.0 60 0 0 120 68.8 57.1 57.1
4937 0.2 20 0 0 4937 0.0 60 0 0 150 71.4 60.3 60.3
4937 0.2 20 0 0 4937 0.0 60 0 0 180 71.9 62.3 62.3
4937 0.2 20 0 0 4937 0.1 0 0 0 0 41.1 37.0 37.0
4937 0.2 20 0 0 4937 0.1 0 0 0 30 47.3 41.3 41.3
4937 0.2 20 0 0 4937 0.1 0 0 0 60 54.4 47.8 47.8
4937 0.2 20 0 0 4937 0.1 0 0 0 90 62.2 55.7 55.7
4937 0.2 20 0 0 4937 0.1 0 0 0 120 70.0 62.6 62.6
4937 0.2 20 0 0 4937 0.1 0 0 0 150 75.0 64.4 64.4
4937 0.2 20 0 0 4937 0.1 0 0 0 180 76.7 64.3 64.3
4937 0.2 20 0 0 4937 0.1 10 0 0 0 41.0 35.6 35.6
4937 0.2 20 0 0 4937 0.1 10 0 0 30 47.1 40.5 40.5
4937 0.2 20 0 0 4937 0.1 10 0 0 60 54.3 47.6 47.6
4937 0.2 20 0 0 4937 0.1 10 0 0 90 62.0 55.3 55.3
4937 0.2 20 0 0 4937 0.1 10 0 0 120 70.0 61.2 61.2
4937 0.2 20 0 0 4937 0.1 10 0 0 150 74.9 64.1 64.1
4937 0.2 20 0 0 4937 0.1 10 0 0 180 76.6 64.1 64.1
4937 0.2 20 0 0 4937 0.1 20 0 0 0 40.9 34.3 34.3
4937 0.2 20 0 0 4937 0.1 20 0 0 30 46.9 39.6 39.6
4937 0.2 20 0 0 4937 0.1 20 0 0 60 54.0 46.8 46.8
4937 0.2 20 0 0 4937 0.1 20 0 0 90 61.8 53.5 53.5
4937 0.2 20 0 0 4937 0.1 20 0 0 120 69.8 59.0 59.0
4937 0.2 20 0 0 4937 0.1 20 0 0 150 74.7 62.4 62.4
4937 0.2 20 0 0 4937 0.1 20 0 0 180 76.4 62.8 62.8
4937 0.2 20 0 0 4937 0.1 30 0 0 0 40.6 34.1 34.1
4937 0.2 20 0 0 4937 0.1 30 0 0 30 46.5 38.2 38.2
4937 0.2 20 0 0 4937 0.1 30 0 0 60 53.6 43.8 43.8
4937 0.2 20 0 0 4937 0.1 30 0 0 90 61.4 49.8 49.8
4937 0.2 20 0 0 4937 0.1 30 0 0 120 69.5 55.0 55.0
4937 0.2 20 0 0 4937 0.1 30 0 0 150 74.2 58.8 58.8
4937 0.2 20 0 0 4937 0.1 30 0 0 180 75.9 59.7 59.7
4937 0.2 20 0 0 4937 0.1 40 0 0 0 40.3 34.9 34.9
4937 0.2 20 0 0 4937 0.1 40 0 0 30 46.0 38.4 38.4
4937 0.2 20 0 0 4937 0.1 40 0 0 60 53.1 43.4 43.4
4937 0.2 20 0 0 4937 0.1 40 0 0 90 60.9 48.9 48.9
4937 0.2 20 0 0 4937 0.1 40 0 0 120 69.1 54.0 54.0
4937 0.2 20 0 0 4937 0.1 40 0 0 150 73.5 57.9 57.9
4937 0.2 20 0 0 4937 0.1 40 0 0 180 75.1 59.7 59.7
4937 0.2 20 0 0 4937 0.1 50 0 0 0 40.2 36.5 36.5
4937 0.2 20 0 0 4937 0.1 50 0 0 30 45.2 39.1 39.1
4937 0.2 20 0 0 4937 0.1 50 0 0 60 52.3 43.6 43.6
4937 0.2 20 0 0 4937 0.1 50 0 0 90 60.1 48.8 48.8
4937 0.2 20 0 0 4937 0.1 50 0 0 120 68.3 53.9 53.9
4937 0.2 20 0 0 4937 0.1 50 0 0 150 72.3 58.0 58.0
4937 0.2 20 0 0 4937 0.1 50 0 0 180 73.9 60.6 60.6
4937 0.2 20 0 0 4937 0.1 60 0 0 0 40.5 38.7 38.7
4937 0.2 20 0 0 4937 0.1 60 0 0 30 44.1 40.9 40.9
4937 0.2 20 0 0 4937 0.1 60 0 0 60 51.2 44.6 44.6
4937 0.2 20 0 0 4937 0.1 60 0 0 90 58.9 49.3 49.3
4937 0.2 20 0 0 4937 0.1 60 0 0 120 66.6 54.3 54.3
4937 0.2 20 0 0 4937 0.1 60 0 0 150 70.2 58.5 58.5
4937 0.2 20 0 0 4937 0.1 60 0 0 180 71.8 61.6 61.6
4937 0.2 20 0 0 4937 0.2 0 0 0 0 40.4 36.7 36.7
4937 0.2 20 0 0 4937 0.2 0 0 0 30 46.0 39.6 39.6
4937 0.2 20 0 0 4937 0.2 0 0 0 60 52.0 45.2 45.2
4937 0.2 20 0 0 4937 0.2 0 0 0 90 59.0 52.4 52.4
4937 0.2 20 0 0 4937 0.2 0 0 0 120 67.1 59.8 59.8
4937 0.2 20 0 0 4937 0.2 0 0 0 150 73.2 64.0 64.0
4937 0.2 20 0 0 4937 0.2 0 0 0 180 76.3 63.6 63.6
4937 0.2 20 0 0 4937 0.2 10 0 0 0 40.3 34.6 34.6
4937 0.2 20 0 0 4937 0.2 10 0 0 30 45.8 38.9 38.9
4937 0.2 20 0 0 4937 0.2 10 0 0 60 51.9 45.0 45.0
4937 0.2 20 0 0 4937 0.2 10 0 0 90 58.9 52.1 52.1
4937 0.2 20 0 0 4937 0.2 10 0 0 120 67.1 58.5 58.5
4937 0.2 20 0 0 4937 0.2 10 0 0 150 73.1 63.0 63.0
4937 0.2 20 0 0 4937 0.2 10 0 0 180 76.3 63.8 63.8
4937 0.2 20 0 0 4937 0.2 20 0 0 0 40.1 32.6 32.6
4937 0.2 20 0 0 4937 0.2 20 0 0 30 45.6 38.1 38.1
4937 0.2 20 0 0 4937 0.2 20 0 0 60 51.6 44.2 44.2
4937 0.2 20 0 0 4937 0.2 20 0 0 90 58.7 50.3 50.3
4937 0.2 20 0 0 4937 0.2 20 0 0 120 66.9 56.2 56.2
4937 0.2 20 0 0 4937 0.2 20 0 0 150 72.9 60.9 60.9
4937 0.2 20 0 0 4937 0.2 20 0 0 180 76.0 62.5 62.5
4937 0.2 20 0 0 4937 0.2 30 0 0 0 39.7 32.9 32.9
4937 0.2 20 0 0 4937 0.2 30 0 0 30 45.2 36.5 36.5
4937 0.2 20 0 0 4937 0.2 30 0 0 60 51.2 41.3 41.3
4937 0.2 20 0 0 4937 0.2 30 0 0 90 58.3 46.7 46.7
4937 0.2 20 0 0 4937 0.2 30 0 0 120 66.6 52.4 52.4
4937 0.2 20 0 0 4937 0.2 30 0 0 150 72.5 57.3 57.3
4937 0.2 20 0 0 4937 0.2 30 0 0 180 75.5 59.7 59.7
4937 0.2 20 0 0 4937 0.2 40 0 0 0 39.4 34.4 34.4
4937 0.2 20 0 0 4937 0.2 40 0 0 30 44.7 36.6 36.6
4937 0.2 20 0 0 4937 0.2 40 0 0 60 50.7 40.9 40.9
4937 0.2 20 0 0 4937 0.2 40 0 0 90 57.7 45.9 45.9
4937 0.2 20 0 0 4937 0.2 40 0 0 120 66.1 51.4 51.4
4937 0.2 20 0 0 4937 0.2 40 0 0 150 71.8 56.4 56.4
4937 0.2 20 0 0 4937 0.2 40 0 0 180 74.6 59.6 59.6
4937 0.2 20 0 0 4937 0.2 50 0 0 0 39.6 36.1 36.1
4937 0.2 20 0 0 4937 0.2 50 0 0 30 43.9 37.7 37.7
4937 0.2 20 0 0 4937 0.2 50 0 0 60 49.9 41.1 41.1
4937 0.2 20 0 0 4937 0.2 50 0 0 90 57.0 45.8 45.8
4937 0.2 20 0 0 4937 0.2 50 0 0 120 65.3 51.2 51.2
4937 0.2 20 0 0 4937 0.2 50 0 0 150 70.6 56.3 56.3
4937 0.2 20 0 0 4937 0.2 50 0 0 180 73.3 60.0 60.0
4937 0.2 20 0 0 4937 0.2 60 0 0 0 40.1 38.2 38.2
4937 0.2 20 0 0 4937 0.2 60 0 0 30 43.4 39.6 39.6
4937 0.2 20 0 0 4937 0.2 60 0 0 60 48.8 42.5 42.5
4937 0.2 20 0 0 4937 0.2 60 0 0 90 55.8 46.5 46.5
4937 0.2 20 0 0 4937 0.2 60 0 0 120 63.9 51.4 51.4
4937 0.2 20 0 0 4937 0.2 60 0 0 150 68.7 56.6 56.6
4937 0.2 20 0 0 4937 0.2 60 0 0 180 71.1 60.6 60.6
4937 0.2 20 0 0 4937 0.3 0 0 0 0 41.2 36.6 36.6
4937 0.2 20 0 0 4937 0.3 0 0 0 30 44.8 38.7 38.7
4937 0.2 20 0 0 4937 0.3 0 0 0 60 49.8 42.9 42.9
4937 0.2 20 0 0 4937 0.3 0 0 0 90 56.0 49.2 49.2
4937 0.2 20 0 0 4937 0.3 0 0 0 120 64.0 56.6 56.6
4937 0.2 20 0 0 4937 0.3 0 0 0 150 71.1 62.4 62.4
4937 0.2 20 0 0 4937 0.3 0 0 0 180 75.2 62.6 62.6
4937 0.2 20 0 0 4937 0.3 10 0 0 0 41.1 34.7 34.7
4937 0.2 20 0 0 4937 0.3 10 0 0 30 44.7 37.7 37.7
4937 0.2 20 0 0 4937 0.3 10 0 0 60 49.7 42.7 42.7
4937 0.2 20 0 0 4937 0.3 10 0 0 90 55.9 48.8 48.8
4937 0.2 20 0 0 4937 0.3 10 0 0 120 64.0 55.3 55.3
4937 0.2 20 0 0 4937 0.3 10 0 0 150 71.1 61.2 61.2
4937 0.2 20 0 0 4937 0.3 10 0 0 180 75.1 63.0 63.0
4937 0.2 20 0 0 4937 0.3 20 0 0 0 40.9 33.3 33.3
4937 0.2 20 0 0 4937 0.3 20 0 0 30 44.5 36.8 36.8
4937 0.2 20 0 0 4937 0.3 20 0 0 60 49.4 41.6 41.6
4937 0.2 20 0 0 4937 0.3 20 0 0 90 55.6 46.9 46.9
4937 0.2 20 0 0 4937 0.3 20 0 0 120 63.8 52.9 52.9
4937 0.2 20 0 0 4937 0.3 20 0 0 150 70.8 58.9 58.9
4937 0.2 20 0 0 4937 0.3 20 0 0 180 74.8 62.1 62.1
4937 0.2 20 0 0 4937 0.3 30 0 0 0 40.8 32.8 32.8
4937 0.2 20 0 0 4937 0.3 30 0 0 30 44.1 35.1 35.1
4937 0.2 20 0 0 4937 0.3 30 0 0 60 49.0 39.0 39.0
4937 0.2 20 0 0 4937 0.3 30 0 0 90 55.2 43.9 43.9
4937 0.2 20 0 0 4937 0.3 30 0 0 120 63.4 49.6 49.6
4937 0.2 20 0 0 4937 0.3 30 0 0 150 70.4 55.6 55.6
4937 0.2 20 0 0 4937 0.3 30 0 0 180 74.2 59.7 59.7
4937 0.2 20 0 0 4937 0.3 40 0 0 0 40.7 34.1 34.1
4937 0.2 20 0 0 4937 0.3 40 0 0 30 43.6 35.6 35.6
4937 0.2 20 0 0 4937 0.3 40 0 0 60 48.4 38.6 38.6
4937 0.2 20 0 0 4937 0.3 40 0 0 90 54.7 43.1 43.1
4937 0.2 20 0 0 4937 0.3 40 0 0 120 62.9 48.6 48.6
4937 0.2 20 0 0 4937 0.3 40 0 0 150 69.7 54.6 54.6
4937 0.2 20 0 0 4937 0.3 40 0 0 180 73.4 59.3 59.3
4937 0.2 20 0 0 4937 0.3 50 0 0 0 40.8 35.6 35.6
4937 0.2 20 0 0 4937 0.3 50 0 0 30 43.3 36.8 36.8
4937 0.2 20 0 0 4937 0.3 50 0 0 60 47.7 39.2 39.2
4937 0.2 20 0 0 4937 0.3 50 0 0 90 53.9 42.9 42.9
4937 0.2 20 0 0 4937 0.3 50 0 0 120 62.1 48.3 48.3
4937 0.2 20 0 0 4937 0.3 50 0 0 150 68.6 54.4 54.4
4937 0.2 20 0 0 4937 0.3 50 0 0 180 72.1 59.4 59.4
4937 0.2 20 0 0 4937 0.3 60 0 0 0 41.1 37.6 37.6
4937 0.2 20 0 0 4937 0.3 60 0 0 30 43.1 38.6 38.6
4937 0.2 20 0 0 4937 0.3 60 0 0 60 47.1 40.7 40.7
4937 0.2 20 0 0 4937 0.3 60 0 0 90 52.7 43.9 43.9
4937 0.2 20 0 0 4937 0.3 60 0 0 120 60.6 48.5 48.5
4937 0.2 20 0 0 4937 0.3 60 0 0 150 66.7 54.5 54.5
4937 0.2 20 0 0 4937 0.3 60 0 0 180 69.8 59.7 59.7
4937 0.2 20 0 0 4937 0.4 0 0 0 0 43.0 36.9 36.9
4937 0.2 20 0 0 4937 0.4 0 0 0 30 44.3 38.7 38.7
4937 0.2 20 0 0 4937 0.4 0 0 0 60 47.8 41.5 41.5
4937 0.2 20 0 0 4937 0.4 0 0 0 90 53.1 46.1 46.1
4937 0.2 20 0 0 4937 0.4 0 0 0 120 60.8 53.0 53.0
4937 0.2 20 0 0 4937 0.4 0 0 0 150 68.7 60.1 60.1
4937 0.2 20 0 0 4937 0.4 0 0 0 180 73.6 61.4 61.4
4937 0.2 20 0 0 4937 0.4 10 0 0 0 43.0 35.9 35.9
4937 0.2 20 0 0 4937 0.4 10 0 0 30 44.2 37.7 37.7
4937 0.2 20 0 0 4937 0.4 10 0 0 60 47.7 40.6 40.6
4937 0.2 20 0 0 4937 0.4 10 0 0 90 53.0 45.6 45.6
4937 0.2 20 0 0 4937 0.4 10 0 0 120 60.7 51.8 51.8
4937 0.2 20 0 0 4937 0.4 10 0 0 150 68.7 58.8 58.8
4937 0.2 20 0 0 4937 0.4 10 0 0 180 73.5 61.9 61.9
4937 0.2 20 0 0 4937 0.4 20 0 0 0 42.9 34.8 34.8
4937 0.2 20 0 0 4937 0.4 20 0 0 30 44.1 35.7 35.7
4937 0.2 20 0 0 4937 0.4 20 0 0 60 47.4 38.6 38.6
4937 0.2 20 0 0 4937 0.4 20 0 0 90 52.7 43.0 43.0
4937 0.2 20 0 0 4937 0.4 20 0 0 120 60.5 48.9 48.9
4937 0.2 20 0 0 4937 0.4 20 0 0 150 68.5 55.9 55.9
4937 0.2 20 0 0 4937 0.4 20 0 0 180 73.2 60.5 60.5
4937 0.2 20 0 0 4937 0.4 30 0 0 0 42.9 34.3 34.3
4937 0.2 20 0 0 4937 0.4 30 0 0 30 44.0 34.8 34.8
4937 0.2 20 0 0 4937 0.4 30 0 0 60 47.0 37.1 37.1
4937 0.2 20 0 0 4937 0.4 30 0 0 90 52.3 41.2 41.2
4937 0.2 20 0 0 4937 0.4 30 0 0 120 60.1 46.8 46.8
4937 0.2 20 0 0 4937 0.4 30 0 0 150 68.0 53.8 53.8
4937 0.2 20 0 0 4937 0.4 30 0 0 180 72.6 59.4 59.4
4937 0.2 20 0 0 4937 0.4 40 0 0 0 42.8 34.8 34.8
4937 0.2 20 0 0 4937 0.4 40 0 0 30 43.9 35.3 35.3
4937 0.2 20 0 0 4937 0.4 40 0 0 60 46.6 37.2 37.2
4937 0.2 20 0 0 4937 0.4 40 0 0 90 51.7 40.4 40.4
4937 0.2 20 0 0 4937 0.4 40 0 0 120 59.5 45.9 45.9
4937 0.2 20 0 0 4937 0.4 40 0 0 150 67.3 52.9 52.9
4937 0.2 20 0 0 4937 0.4 40 0 0 180 71.7 59.0 59.0
4937 0.2 20 0 0 4937 0.4 50 0 0 0 42.8 36.0 36.0
4937 0.2 20 0 0 4937 0.4 50 0 0 30 43.9 36.4 36.4
4937 0.2 20 0 0 4937 0.4 50 0 0 60 46.4 38.0 38.0
4937 0.2 20 0 0 4937 0.4 50 0 0 90 51.0 40.7 40.7
4937 0.2 20 0 0 4937 0.4 50 0 0 120 58.6 45.5 45.5
4937 0.2 20 0 0 4937 0.4 50 0 0 150 66.2 52.4 52.4
4937 0.2 20 0 0 4937 0.4 50 0 0 180 70.4 58.8 58.8
4937 0.2 20 0 0 4937 0.4 60 0 0 0 43.0 37.5 37.5
4937 0.2 20 0 0 4937 0.4 60 0 0 30 44.0 37.8 37.8
4937 0.2 20 0 0 4937 0.4 60 0 0 60 46.2 39.3 39.3
4937 0.2 20 0 0 4937 0.4 60 0 0 90 50.4 41.7 41.7
4937 0.2 20 0 0 4937 0.4 60 0 0 120 57.1 45.9 45.9
4937 0.2 20 0 0 4937 0.4 60 0 0 150 64.0 52.2 52.2
4937 0.2 20 0 0 4937 0.4 60 0 0 180 67.8 58.9 58.9
4937 0.2 20 0 0 4937 0.5 0 0 0 0 45.1 38.1 38.1
4937 0.2 20 0 0 4937 0.5 0 0 0 30 45.6 39.2 39.2
4937 0.2 20 0 0 4937 0.5 0 0 0 60 46.9 41.1 41.1
4937 0.2 20 0 0 4937 0.5 0 0 0 90 50.3 44.1 44.1
4937 0.2 20 0 0 4937 0.5 0 0 0 120 57.3 49.1 49.1
4937 0.2 20 0 0 4937 0.5 0 0 0 150 66.0 57.0 57.0
4937 0.2 20 0 0 4937 0.5 0 0 0 180 71.8 59.8 59.8
4937 0.2 20 0 0 4937 0.5 10 0 0 0 45.1 37.7 37.7
4937 0.2 20 0 0 4937 0.5 10 0 0 30 45.6 38.4 38.4
4937 0.2 20 0 0 4937 0.5 10 0 0 60 46.8 39.9 39.9
4937 0.2 20 0 0 4937 0.5 10 0 0 90 50.2 42.4 42.4
4937 0.2 20 0 0 4937 0.5 10 0 0 120 57.2 47.6 47.6
4937 0.2 20 0 0 4937 0.5 10 0 0 150 65.9 55.5 55.5
4937 0.2 20 0 0 4937 0.5 10 0 0 180 71.7 59.9 59.9
4937 0.2 20 0 0 4937 0.5 20 0 0 0 45.1 36.8 36.8
4937 0.2 20 0 0 4937 0.5 20 0 0 30 45.6 37.1 37.1
4937 0.2 20 0 0 4937 0.5 20 0 0 60 46.7 37.8 37.8
4937 0.2 20 0 0 4937 0.5 20 0 0 90 49.9 40.1 40.1
4937 0.2 20 0 0 4937 0.5 20 0 0 120 56.9 45.5 45.5
4937 0.2 20 0 0 4937 0.5 20 0 0 150 65.7 53.3 53.3
4937 0.2 20 0 0 4937 0.5 20 0 0 180 71.3 59.1 59.1
4937 0.2 20 0 0 4937 0.5 30 0 0 0 45.1 36.3 36.3
4937 0.2 20 0 0 4937 0.5 30 0 0 30 45.5 36.4 36.4
4937 0.2 20 0 0 4937 0.5 30 0 0 60 46.7 36.9 36.9
4937 0.2 20 0 0 4937 0.5 30 0 0 90 49.6 38.9 38.9
4937 0.2 20 0 0 4937 0.5 30 0 0 120 56.5 44.0 44.0
4937 0.2 20 0 0 4937 0.5 30 0 0 150 65.2 51.9 51.9
4937 0.2 20 0 0 4937 0.5 30 0 0 180 70.7 58.7 58.7
4937 0.2 20 0 0 4937 0.5 40 0 0 0 45.1 36.5 36.5
4937 0.2 20 0 0 4937 0.5 40 0 0 30 45.5 36.3 36.3
4937 0.2 20 0 0 4937 0.5 40 0 0 60 46.6 36.8 36.8
4937 0.2 20 0 0 4937 0.5 40 0 0 90 49.3 38.7 38.7
4937 0.2 20 0 0 4937 0.5 40 0 0 120 55.9 43.1 43.1
4937 0.2 20 0 0 4937 0.5 40 0 0 150 64.5 50.8 50.8
4937 0.2 20 0 0 4937 0.5 40 0 0 180 69.8 58.4 58.4
4937 0.2 20 0 0 4937 0.5 50 0 0 0 45.1 37.0 37.0
4937 0.2 20 0 0 4937 0.5 50 0 0 30 45.6 36.9 36.9
4937 0.2 20 0 0 4937 0.5 50 0 0 60 46.6 37.4 37.4
4937 0.2 20 0 0 4937 0.5 50 0 0 90 49.1 39.2 39.2
4937 0.2 20 0 0 4937 0.5 50 0 0 120 55.0 42.9 42.9
4937 0.2 20 0 0 4937 0.5 50 0 0 150 63.3 50.2 50.2
4937 0.2 20 0 0 4937 0.5 50 0 0 180 68.3 58.2 58.2
4937 0.2 20 0 0 4937 0.5 60 0 0 0 45.2 38.0 38.0
4937 0.2 20 0 0 4937 0.5 60 0 0 30 45.6 37.9 37.9
4937 0.2 20 0 0 4937 0.5 60 0 0 60 46.7 38.3 38.3
4937 0.2 20 0 0 4937 0.5 60 0 0 90 49.0 40.0 40.0
4937 0.2 20 0 0 4937 0.5 60 0 0 120 54.1 43.4 43.4
4937 0.2 20 0 0 4937 0.5 60 0 0 150 61.2 49.9 49.9
4937 0.2 20 0 0 4937 0.5 60 0 0 180 65.7 58.1 58.1
