4937 0 30 0 0 4737 0 0 0 0 0 62 52 52
4937 0 30 0 0 4737 0 0 0 0 30 62 52 52
4937 0 30 0 0 4737 0 0 0 0 60 62 52 52
4937 0 30 0 0 4737 0 0 0 0 90 62 52 52
4937 0 30 0 0 4737 0 0 0 0 120 61 51 51
4937 0 30 0 0 4737 0 0 0 0 150 61 51 51
4937 0 30 0 0 4737 0 0 0 0 180 61 51 51
4937 0 30 0 0 4737 0 10 0 0 0 62 52 52
4937 0 30 0 0 4737 0 10 0 0 30 62 52 52
4937 0 30 0 0 4737 0 10 0 0 60 62 51 51
4937 0 30 0 0 4737 0 10 0 0 90 62 51 51
4937 0 30 0 0 4737 0 10 0 0 120 61 51 51
4937 0 30 0 0 4737 0 10 0 0 150 61 51 51
4937 0 30 0 0 4737 0 10 0 0 180 61 51 51
4937 0 30 0 0 4737 0 20 0 0 0 62 50 50
4937 0 30 0 0 4737 0 20 0 0 30 62 50 50
4937 0 30 0 0 4737 0 20 0 0 60 62 50 50
4937 0 30 0 0 4737 0 20 0 0 90 61 50 50
4937 0 30 0 0 4737 0 20 0 0 120 61 50 50
4937 0 30 0 0 4737 0 20 0 0 150 61 49 49
4937 0 30 0 0 4737 0 20 0 0 180 61 49 49
4937 0 30 0 0 4737 0 30 0 0 0 62 47 47
4937 0 30 0 0 4737 0 30 0 0 30 62 47 47
4937 0 30 0 0 4737 0 30 0 0 60 61 47 47
4937 0 30 0 0 4737 0 30 0 0 90 61 47 47
4937 0 30 0 0 4737 0 30 0 0 120 61 47 47
4937 0 30 0 0 4737 0 30 0 0 150 61 47 47
4937 0 30 0 0 4737 0 30 0 0 180 60 47 47
4937 0 30 0 0 4737 0 40 0 0 0 61 47 47
4937 0 30 0 0 4737 0 40 0 0 30 61 47 47
4937 0 30 0 0 4737 0 40 0 0 60 61 47 47
4937 0 30 0 0 4737 0 40 0 0 90 61 47 47
4937 0 30 0 0 4737 0 40 0 0 120 60 47 47
4937 0 30 0 0 4737 0 40 0 0 150 60 46 46
4937 0 30 0 0 4737 0 40 0 0 180 60 46 46
4937 0 30 0 0 4737 0 50 0 0 0 60 48 48
4937 0 30 0 0 4737 0 50 0 0 30 60 48 48
4937 0 30 0 0 4737 0 50 0 0 60 60 48 48
4937 0 30 0 0 4737 0 50 0 0 90 60 48 48
4937 0 30 0 0 4737 0 50 0 0 120 59 47 47
4937 0 30 0 0 4737 0 50 0 0 150 59 47 47
4937 0 30 0 0 4737 0 50 0 0 180 59 47 47
4937 0 30 0 0 4737 0 60 0 0 0 59 49 49
4937 0 30 0 0 4737 0 60 0 0 30 59 50 50
4937 0 30 0 0 4737 0 60 0 0 60 59 49 49
4937 0 30 0 0 4737 0 60 0 0 90 58 49 49
4937 0 30 0 0 4737 0 60 0 0 120 58 49 49
4937 0 30 0 0 4737 0 60 0 0 150 58 48 48
4937 0 30 0 0 4737 0 60 0 0 180 58 48 48
4937 0 30 0 0 4737 0 0 0 0 0 62 52 52
4937 0 30 0 0 4737 0 0 0 0 30 62 52 52
4937 0 30 0 0 4737 0 0 0 0 60 62 52 52
4937 0 30 0 0 4737 0 0 0 0 90 62 51 51
4937 0 30 0 0 4737 0 0 0 0 120 61 51 51
4937 0 30 0 0 4737 0 0 0 0 150 61 51 51
4937 0 30 0 0 4737 0 0 0 0 180 61 51 51
4937 0 30 0 0 4737 0 10 0 0 0 62 51 51
4937 0 30 0 0 4737 0 10 0 0 30 62 51 51
4937 0 30 0 0 4737 0 10 0 0 60 62 51 51
4937 0 30 0 0 4737 0 10 0 0 90 62 51 51
4937 0 30 0 0 4737 0 10 0 0 120 61 51 51
4937 0 30 0 0 4737 0 10 0 0 150 61 50 50
4937 0 30 0 0 4737 0 10 0 0 180 61 50 50
4937 0 30 0 0 4737 0 20 0 0 0 62 50 50
4937 0 30 0 0 4737 0 20 0 0 30 62 50 50
4937 0 30 0 0 4737 0 20 0 0 60 62 50 50
4937 0 30 0 0 4737 0 20 0 0 90 61 49 49
4937 0 30 0 0 4737 0 20 0 0 120 61 49 49
4937 0 30 0 0 4737 0 20 0 0 150 61 49 49
4937 0 30 0 0 4737 0 20 0 0 180 61 49 49
4937 0 30 0 0 4737 0 30 0 0 0 61 47 47
4937 0 30 0 0 4737 0 30 0 0 30 61 47 47
4937 0 30 0 0 4737 0 30 0 0 60 61 47 47
4937 0 30 0 0 4737 0 30 0 0 90 61 46 46
4937 0 30 0 0 4737 0 30 0 0 120 61 46 46
4937 0 30 0 0 4737 0 30 0 0 150 60 46 46
4937 0 30 0 0 4737 0 30 0 0 180 60 46 46
4937 0 30 0 0 4737 0 40 0 0 0 61 47 47
4937 0 30 0 0 4737 0 40 0 0 30 61 47 47
4937 0 30 0 0 4737 0 40 0 0 60 61 47 47
4937 0 30 0 0 4737 0 40 0 0 90 61 46 46
4937 0 30 0 0 4737 0 40 0 0 120 60 46 46
4937 0 30 0 0 4737 0 40 0 0 150 60 46 46
4937 0 30 0 0 4737 0 40 0 0 180 60 46 46
4937 0 30 0 0 4737 0 50 0 0 0 60 48 48
4937 0 30 0 0 4737 0 50 0 0 30 60 48 48
4937 0 30 0 0 4737 0 50 0 0 60 60 48 48
4937 0 30 0 0 4737 0 50 0 0 90 60 47 47
4937 0 30 0 0 4737 0 50 0 0 120 59 47 47
4937 0 30 0 0 4737 0 50 0 0 150 59 47 47
4937 0 30 0 0 4737 0 50 0 0 180 59 46 46
4937 0 30 0 0 4737 0 60 0 0 0 59 49 49
4937 0 30 0 0 4737 0 60 0 0 30 59 49 49
4937 0 30 0 0 4737 0 60 0 0 60 59 49 49
4937 0 30 0 0 4737 0 60 0 0 90 59 49 49
4937 0 30 0 0 4737 0 60 0 0 120 58 49 49
4937 0 30 0 0 4737 0 60 0 0 150 58 48 48
4937 0 30 0 0 4737 0 60 0 0 180 58 48 48
4937 0 30 0 0 4737 0 0 0 0 0 62 51 51
4937 0 30 0 0 4737 0 0 0 0 30 62 51 51
4937 0 30 0 0 4737 0 0 0 0 60 62 51 51
4937 0 30 0 0 4737 0 0 0 0 90 61 51 51
4937 0 30 0 0 4737 0 0 0 0 120 61 51 51
4937 0 30 0 0 4737 0 0 0 0 150 61 50 50
4937 0 30 0 0 4737 0 0 0 0 180 61 50 50
4937 0 30 0 0 4737 0 10 0 0 0 62 51 51
4937 0 30 0 0 4737 0 10 0 0 30 62 51 51
4937 0 30 0 0 4737 0 10 0 0 60 62 51 51
4937 0 30 0 0 4737 0 10 0 0 90 61 50 50
4937 0 30 0 0 4737 0 10 0 0 120 61 50 50
4937 0 30 0 0 4737 0 10 0 0 150 61 50 50
4937 0 30 0 0 4737 0 10 0 0 180 61 50 50
4937 0 30 0 0 4737 0 20 0 0 0 61 49 49
4937 0 30 0 0 4737 0 20 0 0 30 62 49 49
4937 0 30 0 0 4737 0 20 0 0 60 61 49 49
4937 0 30 0 0 4737 0 20 0 0 90 61 49 49
4937 0 30 0 0 4737 0 20 0 0 120 61 49 49
4937 0 30 0 0 4737 0 20 0 0 150 60 48 48
4937 0 30 0 0 4737 0 20 0 0 180 60 48 48
4937 0 30 0 0 4737 0 30 0 0 0 61 47 47
4937 0 30 0 0 4737 0 30 0 0 30 61 47 47
4937 0 30 0 0 4737 0 30 0 0 60 61 46 46
4937 0 30 0 0 4737 0 30 0 0 90 61 46 46
4937 0 30 0 0 4737 0 30 0 0 120 61 46 46
4937 0 30 0 0 4737 0 30 0 0 150 60 46 46
4937 0 30 0 0 4737 0 30 0 0 180 60 45 45
4937 0 30 0 0 4737 0 40 0 0 0 61 47 47
4937 0 30 0 0 4737 0 40 0 0 30 61 47 47
4937 0 30 0 0 4737 0 40 0 0 60 61 47 47
4937 0 30 0 0 4737 0 40 0 0 90 60 46 46
4937 0 30 0 0 4737 0 40 0 0 120 60 46 46
4937 0 30 0 0 4737 0 40 0 0 150 60 46 46
4937 0 30 0 0 4737 0 40 0 0 180 59 45 45
4937 0 30 0 0 4737 0 50 0 0 0 60 47 47
4937 0 30 0 0 4737 0 50 0 0 30 60 47 47
4937 0 30 0 0 4737 0 50 0 0 60 60 47 47
4937 0 30 0 0 4737 0 50 0 0 90 60 47 47
4937 0 30 0 0 4737 0 50 0 0 120 59 47 47
4937 0 30 0 0 4737 0 50 0 0 150 59 47 47
4937 0 30 0 0 4737 0 50 0 0 180 59 46 46
4937 0 30 0 0 4737 0 60 0 0 0 58 48 48
4937 0 30 0 0 4737 0 60 0 0 30 59 49 49
4937 0 30 0 0 4737 0 60 0 0 60 59 49 49
4937 0 30 0 0 4737 0 60 0 0 90 59 49 49
4937 0 30 0 0 4737 0 60 0 0 120 58 48 48
4937 0 30 0 0 4737 0 60 0 0 150 58 48 48
4937 0 30 0 0 4737 0 60 0 0 180 57 47 47
4937 0 30 0 0 4737 0 0 0 0 0 62 51 51
4937 0 30 0 0 4737 0 0 0 0 30 62 51 51
4937 0 30 0 0 4737 0 0 0 0 60 62 51 51
4937 0 30 0 0 4737 0 0 0 0 90 61 51 51
4937 0 30 0 0 4737 0 0 0 0 120 61 50 50
4937 0 30 0 0 4737 0 0 0 0 150 61 50 50
4937 0 30 0 0 4737 0 0 0 0 180 60 50 50
4937 0 30 0 0 4737 0 10 0 0 0 61 50 50
4937 0 30 0 0 4737 0 10 0 0 30 62 50 50
4937 0 30 0 0 4737 0 10 0 0 60 61 50 50
4937 0 30 0 0 4737 0 10 0 0 90 61 50 50
4937 0 30 0 0 4737 0 10 0 0 120 61 50 50
4937 0 30 0 0 4737 0 10 0 0 150 61 49 49
4937 0 30 0 0 4737 0 10 0 0 180 60 49 49
4937 0 30 0 0 4737 0 20 0 0 0 61 48 48
4937 0 30 0 0 4737 0 20 0 0 30 61 48 48
4937 0 30 0 0 4737 0 20 0 0 60 61 48 48
4937 0 30 0 0 4737 0 20 0 0 90 61 48 48
4937 0 30 0 0 4737 0 20 0 0 120 61 48 48
4937 0 30 0 0 4737 0 20 0 0 150 60 47 47
4937 0 30 0 0 4737 0 20 0 0 180 60 47 47
4937 0 30 0 0 4737 0 30 0 0 0 61 46 46
4937 0 30 0 0 4737 0 30 0 0 30 61 46 46
4937 0 30 0 0 4737 0 30 0 0 60 61 46 46
4937 0 30 0 0 4737 0 30 0 0 90 61 46 46
4937 0 30 0 0 4737 0 30 0 0 120 60 46 46
4937 0 30 0 0 4737 0 30 0 0 150 60 45 45
4937 0 30 0 0 4737 0 30 0 0 180 60 45 45
4937 0 30 0 0 4737 0 40 0 0 0 61 47 47
4937 0 30 0 0 4737 0 40 0 0 30 61 47 47
4937 0 30 0 0 4737 0 40 0 0 60 61 46 46
4937 0 30 0 0 4737 0 40 0 0 90 60 46 46
4937 0 30 0 0 4737 0 40 0 0 120 60 46 46
4937 0 30 0 0 4737 0 40 0 0 150 59 46 46
4937 0 30 0 0 4737 0 40 0 0 180 59 45 45
4937 0 30 0 0 4737 0 50 0 0 0 60 47 47
4937 0 30 0 0 4737 0 50 0 0 30 60 47 47
4937 0 30 0 0 4737 0 50 0 0 60 60 47 47
4937 0 30 0 0 4737 0 50 0 0 90 60 47 47
4937 0 30 0 0 4737 0 50 0 0 120 59 47 47
4937 0 30 0 0 4737 0 50 0 0 150 59 46 46
4937 0 30 0 0 4737 0 50 0 0 180 58 46 46
4937 0 30 0 0 4737 0 60 0 0 0 58 48 48
4937 0 30 0 0 4737 0 60 0 0 30 58 48 48
4937 0 30 0 0 4737 0 60 0 0 60 59 48 48
4937 0 30 0 0 4737 0 60 0 0 90 59 48 48
4937 0 30 0 0 4737 0 60 0 0 120 58 48 48
4937 0 30 0 0 4737 0 60 0 0 150 58 48 48
4937 0 30 0 0 4737 0 60 0 0 180 57 47 47
4937 0 30 0 0 4737 0 0 0 0 0 61 50 50
4937 0 30 0 0 4737 0 0 0 0 30 61 50 50
4937 0 30 0 0 4737 0 0 0 0 60 61 50 50
4937 0 30 0 0 4737 0 0 0 0 90 61 50 50
4937 0 30 0 0 4737 0 0 0 0 120 61 50 50
4937 0 30 0 0 4737 0 0 0 0 150 60 49 49
4937 0 30 0 0 4737 0 0 0 0 180 60 49 49
4937 0 30 0 0 4737 0 10 0 0 0 61 50 50
4937 0 30 0 0 4737 0 10 0 0 30 61 50 50
4937 0 30 0 0 4737 0 10 0 0 60 61 50 50
4937 0 30 0 0 4737 0 10 0 0 90 61 49 49
4937 0 30 0 0 4737 0 10 0 0 120 61 49 49
4937 0 30 0 0 4737 0 10 0 0 150 60 49 49
4937 0 30 0 0 4737 0 10 0 0 180 60 48 48
4937 0 30 0 0 4737 0 20 0 0 0 61 48 48
4937 0 30 0 0 4737 0 20 0 0 30 61 48 48
4937 0 30 0 0 4737 0 20 0 0 60 61 47 47
4937 0 30 0 0 4737 0 20 0 0 90 61 47 47
4937 0 30 0 0 4737 0 20 0 0 120 61 47 47
4937 0 30 0 0 4737 0 20 0 0 150 60 46 46
4937 0 30 0 0 4737 0 20 0 0 180 60 46 46
4937 0 30 0 0 4737 0 30 0 0 0 61 47 47
4937 0 30 0 0 4737 0 30 0 0 30 61 47 47
4937 0 30 0 0 4737 0 30 0 0 60 61 47 47
4937 0 30 0 0 4737 0 30 0 0 90 61 46 46
4937 0 30 0 0 4737 0 30 0 0 120 60 46 46
4937 0 30 0 0 4737 0 30 0 0 150 60 45 45
4937 0 30 0 0 4737 0 30 0 0 180 60 45 45
4937 0 30 0 0 4737 0 40 0 0 0 60 47 47
4937 0 30 0 0 4737 0 40 0 0 30 61 47 47
4937 0 30 0 0 4737 0 40 0 0 60 60 47 47
4937 0 30 0 0 4737 0 40 0 0 90 60 47 47
4937 0 30 0 0 4737 0 40 0 0 120 60 46 46
4937 0 30 0 0 4737 0 40 0 0 150 59 46 46
4937 0 30 0 0 4737 0 40 0 0 180 59 45 45
4937 0 30 0 0 4737 0 50 0 0 0 60 47 47
4937 0 30 0 0 4737 0 50 0 0 30 60 47 47
4937 0 30 0 0 4737 0 50 0 0 60 60 47 47
4937 0 30 0 0 4737 0 50 0 0 90 60 47 47
4937 0 30 0 0 4737 0 50 0 0 120 59 47 47
4937 0 30 0 0 4737 0 50 0 0 150 59 46 46
4937 0 30 0 0 4737 0 50 0 0 180 58 46 46
4937 0 30 0 0 4737 0 60 0 0 0 58 48 48
4937 0 30 0 0 4737 0 60 0 0 30 58 48 48
4937 0 30 0 0 4737 0 60 0 0 60 58 48 48
4937 0 30 0 0 4737 0 60 0 0 90 58 48 48
4937 0 30 0 0 4737 0 60 0 0 120 58 48 48
4937 0 30 0 0 4737 0 60 0 0 150 58 47 47
4937 0 30 0 0 4737 0 60 0 0 180 56 47 47
4937 0 30 0 0 4737 0 0 0 0 0 61 49 49
4937 0 30 0 0 4737 0 0 0 0 30 61 49 49
4937 0 30 0 0 4737 0 0 0 0 60 61 49 49
4937 0 30 0 0 4737 0 0 0 0 90 61 49 49
4937 0 30 0 0 4737 0 0 0 0 120 61 49 49
4937 0 30 0 0 4737 0 0 0 0 150 60 48 48
4937 0 30 0 0 4737 0 0 0 0 180 60 48 48
4937 0 30 0 0 4737 0 10 0 0 0 61 49 49
4937 0 30 0 0 4737 0 10 0 0 30 61 49 49
4937 0 30 0 0 4737 0 10 0 0 60 61 48 48
4937 0 30 0 0 4737 0 10 0 0 90 61 48 48
4937 0 30 0 0 4737 0 10 0 0 120 61 48 48
4937 0 30 0 0 4737 0 10 0 0 150 60 47 47
4937 0 30 0 0 4737 0 10 0 0 180 60 47 47
4937 0 30 0 0 4737 0 20 0 0 0 61 48 48
4937 0 30 0 0 4737 0 20 0 0 30 61 48 48
4937 0 30 0 0 4737 0 20 0 0 60 61 47 47
4937 0 30 0 0 4737 0 20 0 0 90 61 47 47
4937 0 30 0 0 4737 0 20 0 0 120 61 47 47
4937 0 30 0 0 4737 0 20 0 0 150 60 46 46
4937 0 30 0 0 4737 0 20 0 0 180 60 46 46
4937 0 30 0 0 4737 0 30 0 0 0 61 47 47
4937 0 30 0 0 4737 0 30 0 0 30 61 47 47
4937 0 30 0 0 4737 0 30 0 0 60 61 47 47
4937 0 30 0 0 4737 0 30 0 0 90 61 47 47
4937 0 30 0 0 4737 0 30 0 0 120 60 46 46
4937 0 30 0 0 4737 0 30 0 0 150 60 46 46
4937 0 30 0 0 4737 0 30 0 0 180 59 45 45
4937 0 30 0 0 4737 0 40 0 0 0 60 47 47
4937 0 30 0 0 4737 0 40 0 0 30 60 47 47
4937 0 30 0 0 4737 0 40 0 0 60 60 47 47
4937 0 30 0 0 4737 0 40 0 0 90 60 47 47
4937 0 30 0 0 4737 0 40 0 0 120 60 47 47
4937 0 30 0 0 4737 0 40 0 0 150 59 46 46
4937 0 30 0 0 4737 0 40 0 0 180 58 45 45
4937 0 30 0 0 4737 0 50 0 0 0 59 47 47
4937 0 30 0 0 4737 0 50 0 0 30 60 47 47
4937 0 30 0 0 4737 0 50 0 0 60 60 47 47
4937 0 30 0 0 4737 0 50 0 0 90 60 47 47
4937 0 30 0 0 4737 0 50 0 0 120 60 47 47
4937 0 30 0 0 4737 0 50 0 0 150 59 46 46
4937 0 30 0 0 4737 0 50 0 0 180 57 46 46
4937 0 30 0 0 4737 0 60 0 0 0 58 48 48
4937 0 30 0 0 4737 0 60 0 0 30 58 48 48
4937 0 30 0 0 4737 0 60 0 0 60 58 48 48
4937 0 30 0 0 4737 0 60 0 0 90 58 48 48
4937 0 30 0 0 4737 0 60 0 0 120 58 48 48
4937 0 30 0 0 4737 0 60 0 0 150 58 47 47
4937 0 30 0 0 4737 0 60 0 0 180 56 46 46
4937 0 30 0 0 4937 0 0 0 0 0 41 39 39
4937 0 30 0 0 4937 0 0 0 0 30 49 43 43
4937 0 30 0 0 4937 0 0 0 0 60 57 49 49
4937 0 30 0 0 4937 0 0 0 0 90 65 56 56
4937 0 30 0 0 4937 0 0 0 0 120 73 61 61
4937 0 30 0 0 4937 0 0 0 0 150 76 62 62
4937 0 30 0 0 4937 0 0 0 0 180 76 62 62
4937 0 30 0 0 4937 0 10 0 0 0 41 37 37
4937 0 30 0 0 4937 0 10 0 0 30 48 42 42
4937 0 30 0 0 4937 0 10 0 0 60 57 49 49
4937 0 30 0 0 4937 0 10 0 0 90 65 55 55
4937 0 30 0 0 4937 0 10 0 0 120 73 61 61
4937 0 30 0 0 4937 0 10 0 0 150 76 62 62
4937 0 30 0 0 4937 0 10 0 0 180 76 62 62
4937 0 30 0 0 4937 0 20 0 0 0 41 34 34
4937 0 30 0 0 4937 0 20 0 0 30 48 40 40
4937 0 30 0 0 4937 0 20 0 0 60 56 47 47
4937 0 30 0 0 4937 0 20 0 0 90 65 54 54
4937 0 30 0 0 4937 0 20 0 0 120 73 59 59
4937 0 30 0 0 4937 0 20 0 0 150 76 60 60
4937 0 30 0 0 4937 0 20 0 0 180 76 60 60
4937 0 30 0 0 4937 0 30 0 0 0 40 32 32
4937 0 30 0 0 4937 0 30 0 0 30 48 37 37
4937 0 30 0 0 4937 0 30 0 0 60 56 44 44
4937 0 30 0 0 4937 0 30 0 0 90 64 50 50
4937 0 30 0 0 4937 0 30 0 0 120 72 56 56
4937 0 30 0 0 4937 0 30 0 0 150 75 57 57
4937 0 30 0 0 4937 0 30 0 0 180 75 57 57
4937 0 30 0 0 4937 0 40 0 0 0 40 32 32
4937 0 30 0 0 4937 0 40 0 0 30 47 37 37
4937 0 30 0 0 4937 0 40 0 0 60 56 43 43
4937 0 30 0 0 4937 0 40 0 0 90 64 49 49
4937 0 30 0 0 4937 0 40 0 0 120 72 55 55
4937 0 30 0 0 4937 0 40 0 0 150 75 57 57
4937 0 30 0 0 4937 0 40 0 0 180 75 57 57
4937 0 30 0 0 4937 0 50 0 0 0 40 33 33
4937 0 30 0 0 4937 0 50 0 0 30 46 37 37
4937 0 30 0 0 4937 0 50 0 0 60 55 43 43
4937 0 30 0 0 4937 0 50 0 0 90 63 50 50
4937 0 30 0 0 4937 0 50 0 0 120 71 55 55
4937 0 30 0 0 4937 0 50 0 0 150 73 58 58
4937 0 30 0 0 4937 0 50 0 0 180 73 58 58
4937 0 30 0 0 4937 0 60 0 0 0 40 35 35
4937 0 30 0 0 4937 0 60 0 0 30 45 38 38
4937 0 30 0 0 4937 0 60 0 0 60 54 44 44
4937 0 30 0 0 4937 0 60 0 0 90 62 50 50
4937 0 30 0 0 4937 0 60 0 0 120 69 56 56
4937 0 30 0 0 4937 0 60 0 0 150 71 59 59
4937 0 30 0 0 4937 0 60 0 0 180 71 60 60
4937 0 30 0 0 4937 0 0 0 0 0 40 39 39
4937 0 30 0 0 4937 0 0 0 0 30 47 41 41
4937 0 30 0 0 4937 0 0 0 0 60 54 47 47
4937 0 30 0 0 4937 0 0 0 0 90 62 53 53
4937 0 30 0 0 4937 0 0 0 0 120 70 59 59
4937 0 30 0 0 4937 0 0 0 0 150 75 62 62
4937 0 30 0 0 4937 0 0 0 0 180 76 62 62
4937 0 30 0 0 4937 0 10 0 0 0 40 36 36
4937 0 30 0 0 4937 0 10 0 0 30 47 40 40
4937 0 30 0 0 4937 0 10 0 0 60 54 46 46
4937 0 30 0 0 4937 0 10 0 0 90 62 52 52
4937 0 30 0 0 4937 0 10 0 0 120 70 59 59
4937 0 30 0 0 4937 0 10 0 0 150 75 61 61
4937 0 30 0 0 4937 0 10 0 0 180 76 61 61
4937 0 30 0 0 4937 0 20 0 0 0 40 33 33
4937 0 30 0 0 4937 0 20 0 0 30 47 38 38
4937 0 30 0 0 4937 0 20 0 0 60 54 44 44
4937 0 30 0 0 4937 0 20 0 0 90 62 51 51
4937 0 30 0 0 4937 0 20 0 0 120 70 57 57
4937 0 30 0 0 4937 0 20 0 0 150 75 60 60
4937 0 30 0 0 4937 0 20 0 0 180 76 60 60
4937 0 30 0 0 4937 0 30 0 0 0 39 30 30
4937 0 30 0 0 4937 0 30 0 0 30 46 35 35
4937 0 30 0 0 4937 0 30 0 0 60 53 41 41
4937 0 30 0 0 4937 0 30 0 0 90 61 47 47
4937 0 30 0 0 4937 0 30 0 0 120 70 53 53
4937 0 30 0 0 4937 0 30 0 0 150 75 57 57
4937 0 30 0 0 4937 0 30 0 0 180 75 57 57
4937 0 30 0 0 4937 0 40 0 0 0 39 30 30
4937 0 30 0 0 4937 0 40 0 0 30 46 35 35
4937 0 30 0 0 4937 0 40 0 0 60 53 40 40
4937 0 30 0 0 4937 0 40 0 0 90 61 46 46
4937 0 30 0 0 4937 0 40 0 0 120 69 52 52
4937 0 30 0 0 4937 0 40 0 0 150 74 56 56
4937 0 30 0 0 4937 0 40 0 0 180 75 57 57
4937 0 30 0 0 4937 0 50 0 0 0 39 32 32
4937 0 30 0 0 4937 0 50 0 0 30 45 35 35
4937 0 30 0 0 4937 0 50 0 0 60 52 40 40
4937 0 30 0 0 4937 0 50 0 0 90 60 46 46
4937 0 30 0 0 4937 0 50 0 0 120 68 52 52
4937 0 30 0 0 4937 0 50 0 0 150 73 57 57
4937 0 30 0 0 4937 0 50 0 0 180 73 58 58
4937 0 30 0 0 4937 0 60 0 0 0 39 34 34
4937 0 30 0 0 4937 0 60 0 0 30 44 37 37
4937 0 30 0 0 4937 0 60 0 0 60 51 41 41
4937 0 30 0 0 4937 0 60 0 0 90 59 47 47
4937 0 30 0 0 4937 0 60 0 0 120 67 53 53
4937 0 30 0 0 4937 0 60 0 0 150 71 58 58
4937 0 30 0 0 4937 0 60 0 0 180 71 60 60
4937 0 30 0 0 4937 0 0 0 0 0 41 38 38
4937 0 30 0 0 4937 0 0 0 0 30 46 40 40
4937 0 30 0 0 4937 0 0 0 0 60 52 44 44
4937 0 30 0 0 4937 0 0 0 0 90 59 50 50
4937 0 30 0 0 4937 0 0 0 0 120 67 57 57
4937 0 30 0 0 4937 0 0 0 0 150 74 61 61
4937 0 30 0 0 4937 0 0 0 0 180 76 61 61
4937 0 30 0 0 4937 0 10 0 0 0 41 36 36
4937 0 30 0 0 4937 0 10 0 0 30 46 39 39
4937 0 30 0 0 4937 0 10 0 0 60 52 44 44
4937 0 30 0 0 4937 0 10 0 0 90 59 50 50
4937 0 30 0 0 4937 0 10 0 0 120 67 56 56
4937 0 30 0 0 4937 0 10 0 0 150 74 61 61
4937 0 30 0 0 4937 0 10 0 0 180 76 61 61
4937 0 30 0 0 4937 0 20 0 0 0 41 33 33
4937 0 30 0 0 4937 0 20 0 0 30 45 37 37
4937 0 30 0 0 4937 0 20 0 0 60 51 42 42
4937 0 30 0 0 4937 0 20 0 0 90 58 48 48
4937 0 30 0 0 4937 0 20 0 0 120 67 54 54
4937 0 30 0 0 4937 0 20 0 0 150 73 59 59
4937 0 30 0 0 4937 0 20 0 0 180 76 60 60
4937 0 30 0 0 4937 0 30 0 0 0 40 30 30
4937 0 30 0 0 4937 0 30 0 0 30 45 34 34
4937 0 30 0 0 4937 0 30 0 0 60 51 39 39
4937 0 30 0 0 4937 0 30 0 0 90 58 44 44
4937 0 30 0 0 4937 0 30 0 0 120 67 50 50
4937 0 30 0 0 4937 0 30 0 0 150 73 56 56
4937 0 30 0 0 4937 0 30 0 0 180 75 57 57
4937 0 30 0 0 4937 0 40 0 0 0 40 30 30
4937 0 30 0 0 4937 0 40 0 0 30 44 33 33
4937 0 30 0 0 4937 0 40 0 0 60 50 38 38
4937 0 30 0 0 4937 0 40 0 0 90 58 43 43
4937 0 30 0 0 4937 0 40 0 0 120 66 50 50
4937 0 30 0 0 4937 0 40 0 0 150 72 55 55
4937 0 30 0 0 4937 0 40 0 0 180 75 57 57
4937 0 30 0 0 4937 0 50 0 0 0 40 32 32
4937 0 30 0 0 4937 0 50 0 0 30 44 34 34
4937 0 30 0 0 4937 0 50 0 0 60 50 38 38
4937 0 30 0 0 4937 0 50 0 0 90 57 43 43
4937 0 30 0 0 4937 0 50 0 0 120 65 49 49
4937 0 30 0 0 4937 0 50 0 0 150 71 55 55
4937 0 30 0 0 4937 0 50 0 0 180 73 58 58
4937 0 30 0 0 4937 0 60 0 0 0 40 34 34
4937 0 30 0 0 4937 0 60 0 0 30 43 36 36
4937 0 30 0 0 4937 0 60 0 0 60 49 39 39
4937 0 30 0 0 4937 0 60 0 0 90 56 44 44
4937 0 30 0 0 4937 0 60 0 0 120 64 50 50
4937 0 30 0 0 4937 0 60 0 0 150 69 56 56
4937 0 30 0 0 4937 0 60 0 0 180 71 59 59
4937 0 30 0 0 4937 0 0 0 0 0 43 38 38
4937 0 30 0 0 4937 0 0 0 0 30 45 40 40
4937 0 30 0 0 4937 0 0 0 0 60 50 43 43
4937 0 30 0 0 4937 0 0 0 0 90 56 47 47
4937 0 30 0 0 4937 0 0 0 0 120 64 54 54
4937 0 30 0 0 4937 0 0 0 0 150 72 60 60
4937 0 30 0 0 4937 0 0 0 0 180 76 60 60
4937 0 30 0 0 4937 0 10 0 0 0 43 37 37
4937 0 30 0 0 4937 0 10 0 0 30 45 38 38
4937 0 30 0 0 4937 0 10 0 0 60 49 41 41
4937 0 30 0 0 4937 0 10 0 0 90 56 47 47
4937 0 30 0 0 4937 0 10 0 0 120 64 53 53
4937 0 30 0 0 4937 0 10 0 0 150 72 59 59
4937 0 30 0 0 4937 0 10 0 0 180 76 60 60
4937 0 30 0 0 4937 0 20 0 0 0 43 34 34
4937 0 30 0 0 4937 0 20 0 0 30 44 36 36
4937 0 30 0 0 4937 0 20 0 0 60 49 39 39
4937 0 30 0 0 4937 0 20 0 0 90 55 45 45
4937 0 30 0 0 4937 0 20 0 0 120 64 51 51
4937 0 30 0 0 4937 0 20 0 0 150 71 57 57
4937 0 30 0 0 4937 0 20 0 0 180 76 59 59
4937 0 30 0 0 4937 0 30 0 0 0 43 32 32
4937 0 30 0 0 4937 0 30 0 0 30 44 33 33
4937 0 30 0 0 4937 0 30 0 0 60 49 36 36
4937 0 30 0 0 4937 0 30 0 0 90 55 41 41
4937 0 30 0 0 4937 0 30 0 0 120 64 48 48
4937 0 30 0 0 4937 0 30 0 0 150 71 54 54
4937 0 30 0 0 4937 0 30 0 0 180 75 57 57
4937 0 30 0 0 4937 0 40 0 0 0 42 31 31
4937 0 30 0 0 4937 0 40 0 0 30 44 32 32
4937 0 30 0 0 4937 0 40 0 0 60 48 36 36
4937 0 30 0 0 4937 0 40 0 0 90 55 41 41
4937 0 30 0 0 4937 0 40 0 0 120 63 47 47
4937 0 30 0 0 4937 0 40 0 0 150 70 53 53
4937 0 30 0 0 4937 0 40 0 0 180 74 57 57
4937 0 30 0 0 4937 0 50 0 0 0 42 32 32
4937 0 30 0 0 4937 0 50 0 0 30 44 33 33
4937 0 30 0 0 4937 0 50 0 0 60 48 36 36
4937 0 30 0 0 4937 0 50 0 0 90 54 40 40
4937 0 30 0 0 4937 0 50 0 0 120 62 46 46
4937 0 30 0 0 4937 0 50 0 0 150 69 53 53
4937 0 30 0 0 4937 0 50 0 0 180 73 58 58
4937 0 30 0 0 4937 0 60 0 0 0 42 34 34
4937 0 30 0 0 4937 0 60 0 0 30 44 35 35
4937 0 30 0 0 4937 0 60 0 0 60 47 37 37
4937 0 30 0 0 4937 0 60 0 0 90 53 41 41
4937 0 30 0 0 4937 0 60 0 0 120 61 47 47
4937 0 30 0 0 4937 0 60 0 0 150 67 54 54
4937 0 30 0 0 4937 0 60 0 0 180 71 59 59
4937 0 30 0 0 4937 0 0 0 0 0 45 39 39
4937 0 30 0 0 4937 0 0 0 0 30 46 40 40
4937 0 30 0 0 4937 0 0 0 0 60 48 42 42
4937 0 30 0 0 4937 0 0 0 0 90 53 45 45
4937 0 30 0 0 4937 0 0 0 0 120 61 51 51
4937 0 30 0 0 4937 0 0 0 0 150 69 58 58
4937 0 30 0 0 4937 0 0 0 0 180 75 59 59
4937 0 30 0 0 4937 0 10 0 0 0 45 37 37
4937 0 30 0 0 4937 0 10 0 0 30 46 38 38
4937 0 30 0 0 4937 0 10 0 0 60 48 40 40
4937 0 30 0 0 4937 0 10 0 0 90 53 44 44
4937 0 30 0 0 4937 0 10 0 0 120 61 50 50
4937 0 30 0 0 4937 0 10 0 0 150 69 57 57
4937 0 30 0 0 4937 0 10 0 0 180 75 59 59
4937 0 30 0 0 4937 0 20 0 0 0 45 35 35
4937 0 30 0 0 4937 0 20 0 0 30 46 35 35
4937 0 30 0 0 4937 0 20 0 0 60 47 37 37
4937 0 30 0 0 4937 0 20 0 0 90 53 41 41
4937 0 30 0 0 4937 0 20 0 0 120 61 47 47
4937 0 30 0 0 4937 0 20 0 0 150 69 54 54
4937 0 30 0 0 4937 0 20 0 0 180 74 58 58
4937 0 30 0 0 4937 0 30 0 0 0 45 34 34
4937 0 30 0 0 4937 0 30 0 0 30 45 34 34
4937 0 30 0 0 4937 0 30 0 0 60 47 35 35
4937 0 30 0 0 4937 0 30 0 0 90 52 39 39
4937 0 30 0 0 4937 0 30 0 0 120 60 45 45
4937 0 30 0 0 4937 0 30 0 0 150 69 52 52
4937 0 30 0 0 4937 0 30 0 0 180 74 57 57
4937 0 30 0 0 4937 0 40 0 0 0 45 33 33
4937 0 30 0 0 4937 0 40 0 0 30 45 33 33
4937 0 30 0 0 4937 0 40 0 0 60 47 34 34
4937 0 30 0 0 4937 0 40 0 0 90 52 38 38
4937 0 30 0 0 4937 0 40 0 0 120 60 44 44
4937 0 30 0 0 4937 0 40 0 0 150 68 52 52
4937 0 30 0 0 4937 0 40 0 0 180 73 57 57
4937 0 30 0 0 4937 0 50 0 0 0 44 34 34
4937 0 30 0 0 4937 0 50 0 0 30 45 34 34
4937 0 30 0 0 4937 0 50 0 0 60 47 35 35
4937 0 30 0 0 4937 0 50 0 0 90 51 38 38
4937 0 30 0 0 4937 0 50 0 0 120 59 43 43
4937 0 30 0 0 4937 0 50 0 0 150 67 51 51
4937 0 30 0 0 4937 0 50 0 0 180 72 57 57
4937 0 30 0 0 4937 0 60 0 0 0 44 35 35
4937 0 30 0 0 4937 0 60 0 0 30 45 35 35
4937 0 30 0 0 4937 0 60 0 0 60 47 36 36
4937 0 30 0 0 4937 0 60 0 0 90 50 39 39
4937 0 30 0 0 4937 0 60 0 0 120 57 44 44
4937 0 30 0 0 4937 0 60 0 0 150 65 51 51
4937 0 30 0 0 4937 0 60 0 0 180 69 58 58
4937 0 30 0 0 4937 0 0 0 0 0 47 40 40
4937 0 30 0 0 4937 0 0 0 0 30 47 40 40
4937 0 30 0 0 4937 0 0 0 0 60 48 42 42
4937 0 30 0 0 4937 0 0 0 0 90 50 44 44
4937 0 30 0 0 4937 0 0 0 0 120 57 48 48
4937 0 30 0 0 4937 0 0 0 0 150 67 56 56
4937 0 30 0 0 4937 0 0 0 0 180 73 57 57
4937 0 30 0 0 4937 0 10 0 0 0 47 39 39
4937 0 30 0 0 4937 0 10 0 0 30 47 39 39
4937 0 30 0 0 4937 0 10 0 0 60 48 40 40
4937 0 30 0 0 4937 0 10 0 0 90 50 42 42
4937 0 30 0 0 4937 0 10 0 0 120 57 46 46
4937 0 30 0 0 4937 0 10 0 0 150 66 54 54
4937 0 30 0 0 4937 0 10 0 0 180 73 57 57
4937 0 30 0 0 4937 0 20 0 0 0 47 37 37
4937 0 30 0 0 4937 0 20 0 0 30 47 37 37
4937 0 30 0 0 4937 0 20 0 0 60 48 37 37
4937 0 30 0 0 4937 0 20 0 0 90 50 39 39
4937 0 30 0 0 4937 0 20 0 0 120 57 44 44
4937 0 30 0 0 4937 0 20 0 0 150 66 52 52
4937 0 30 0 0 4937 0 20 0 0 180 73 57 57
4937 0 30 0 0 4937 0 30 0 0 0 47 36 36
4937 0 30 0 0 4937 0 30 0 0 30 47 36 36
4937 0 30 0 0 4937 0 30 0 0 60 48 36 36
4937 0 30 0 0 4937 0 30 0 0 90 50 37 37
4937 0 30 0 0 4937 0 30 0 0 120 57 42 42
4937 0 30 0 0 4937 0 30 0 0 150 66 51 51
4937 0 30 0 0 4937 0 30 0 0 180 72 57 57
4937 0 30 0 0 4937 0 40 0 0 0 47 35 35
4937 0 30 0 0 4937 0 40 0 0 30 47 35 35
4937 0 30 0 0 4937 0 40 0 0 60 48 36 36
4937 0 30 0 0 4937 0 40 0 0 90 50 37 37
4937 0 30 0 0 4937 0 40 0 0 120 56 41 41
4937 0 30 0 0 4937 0 40 0 0 150 65 50 50
4937 0 30 0 0 4937 0 40 0 0 180 71 57 57
4937 0 30 0 0 4937 0 50 0 0 0 47 36 36
4937 0 30 0 0 4937 0 50 0 0 30 47 35 35
4937 0 30 0 0 4937 0 50 0 0 60 48 36 36
4937 0 30 0 0 4937 0 50 0 0 90 50 37 37
4937 0 30 0 0 4937 0 50 0 0 120 55 41 41
4937 0 30 0 0 4937 0 50 0 0 150 64 49 49
4937 0 30 0 0 4937 0 50 0 0 180 70 57 57
4937 0 30 0 0 4937 0 60 0 0 0 47 36 36
4937 0 30 0 0 4937 0 60 0 0 30 47 36 36
4937 0 30 0 0 4937 0 60 0 0 60 48 36 36
4937 0 30 0 0 4937 0 60 0 0 90 50 37 37
4937 0 30 0 0 4937 0 60 0 0 120 54 41 41
4937 0 30 0 0 4937 0 60 0 0 150 62 49 49
4937 0 30 0 0 4937 0 60 0 0 180 67 57 57
