5137 0.0 0 0 0 4737 0.0 0 0 0 0 62.0 55.1 55.1
5137 0.0 0 0 0 4737 0.0 0 0 0 30 62.2 55.2 55.2
5137 0.0 0 0 0 4737 0.0 0 0 0 60 62.3 55.4 55.4
5137 0.0 0 0 0 4737 0.0 0 0 0 90 62.4 55.5 55.5
5137 0.0 0 0 0 4737 0.0 0 0 0 120 62.4 55.6 55.6
5137 0.0 0 0 0 4737 0.0 0 0 0 150 62.3 55.7 55.7
5137 0.0 0 0 0 4737 0.0 0 0 0 180 62.3 55.8 55.8
5137 0.0 0 0 0 4737 0.0 10 0 0 0 61.9 54.8 54.8
5137 0.0 0 0 0 4737 0.0 10 0 0 30 62.1 55.0 55.0
5137 0.0 0 0 0 4737 0.0 10 0 0 60 62.3 55.1 55.1
5137 0.0 0 0 0 4737 0.0 10 0 0 90 62.3 55.2 55.2
5137 0.0 0 0 0 4737 0.0 10 0 0 120 62.3 55.4 55.4
5137 0.0 0 0 0 4737 0.0 10 0 0 150 62.3 55.5 55.5
5137 0.0 0 0 0 4737 0.0 10 0 0 180 62.3 55.6 55.6
5137 0.0 0 0 0 4737 0.0 20 0 0 0 61.8 53.9 53.9
5137 0.0 0 0 0 4737 0.0 20 0 0 30 62.0 54.0 54.0
5137 0.0 0 0 0 4737 0.0 20 0 0 60 62.1 54.2 54.2
5137 0.0 0 0 0 4737 0.0 20 0 0 90 62.2 54.3 54.3
5137 0.0 0 0 0 4737 0.0 20 0 0 120 62.2 54.5 54.5
5137 0.0 0 0 0 4737 0.0 20 0 0 150 62.1 54.6 54.6
5137 0.0 0 0 0 4737 0.0 20 0 0 180 62.1 54.6 54.6
5137 0.0 0 0 0 4737 0.0 30 0 0 0 61.4 51.7 51.7
5137 0.0 0 0 0 4737 0.0 30 0 0 30 61.6 51.8 51.8
5137 0.0 0 0 0 4737 0.0 30 0 0 60 61.8 51.9 51.9
5137 0.0 0 0 0 4737 0.0 30 0 0 90 61.8 52.1 52.1
5137 0.0 0 0 0 4737 0.0 30 0 0 120 61.8 52.4 52.4
5137 0.0 0 0 0 4737 0.0 30 0 0 150 61.8 52.5 52.5
5137 0.0 0 0 0 4737 0.0 30 0 0 180 61.7 52.8 52.8
5137 0.0 0 0 0 4737 0.0 40 0 0 0 60.9 51.8 51.8
5137 0.0 0 0 0 4737 0.0 40 0 0 30 61.2 51.9 51.9
5137 0.0 0 0 0 4737 0.0 40 0 0 60 61.2 51.9 51.9
5137 0.0 0 0 0 4737 0.0 40 0 0 90 61.3 52.1 52.1
5137 0.0 0 0 0 4737 0.0 40 0 0 120 61.3 52.4 52.4
5137 0.0 0 0 0 4737 0.0 40 0 0 150 61.2 52.5 52.5
5137 0.0 0 0 0 4737 0.0 40 0 0 180 61.2 52.8 52.8
5137 0.0 0 0 0 4737 0.0 50 0 0 0 60.2 52.5 52.5
5137 0.0 0 0 0 4737 0.0 50 0 0 30 60.4 52.6 52.6
5137 0.0 0 0 0 4737 0.0 50 0 0 60 60.5 52.7 52.7
5137 0.0 0 0 0 4737 0.0 50 0 0 90 60.5 52.9 52.9
5137 0.0 0 0 0 4737 0.0 50 0 0 120 60.6 53.1 53.1
5137 0.0 0 0 0 4737 0.0 50 0 0 150 60.4 53.3 53.3
5137 0.0 0 0 0 4737 0.0 50 0 0 180 60.5 53.4 53.4
5137 0.0 0 0 0 4737 0.0 60 0 0 0 58.9 53.7 53.7
5137 0.0 0 0 0 4737 0.0 60 0 0 30 59.2 53.9 53.9
5137 0.0 0 0 0 4737 0.0 60 0 0 60 59.3 54.1 54.1
5137 0.0 0 0 0 4737 0.0 60 0 0 90 59.2 54.3 54.3
5137 0.0 0 0 0 4737 0.0 60 0 0 120 59.2 54.4 54.4
5137 0.0 0 0 0 4737 0.0 60 0 0 150 59.2 54.6 54.6
5137 0.0 0 0 0 4737 0.0 60 0 0 180 59.1 54.5 54.5
5137 0.0 0 0 0 4737 0.1 0 0 0 0 62.0 54.9 54.9
5137 0.0 0 0 0 4737 0.1 0 0 0 30 62.2 55.0 55.0
5137 0.0 0 0 0 4737 0.1 0 0 0 60 62.3 55.2 55.2
5137 0.0 0 0 0 4737 0.1 0 0 0 90 62.4 55.3 55.3
5137 0.0 0 0 0 4737 0.1 0 0 0 120 62.4 55.5 55.5
5137 0.0 0 0 0 4737 0.1 0 0 0 150 62.3 55.6 55.6
5137 0.0 0 0 0 4737 0.1 0 0 0 180 62.3 55.7 55.7
5137 0.0 0 0 0 4737 0.1 10 0 0 0 61.9 54.7 54.7
5137 0.0 0 0 0 4737 0.1 10 0 0 30 62.1 54.8 54.8
5137 0.0 0 0 0 4737 0.1 10 0 0 60 62.2 54.9 54.9
5137 0.0 0 0 0 4737 0.1 10 0 0 90 62.3 55.1 55.1
5137 0.0 0 0 0 4737 0.1 10 0 0 120 62.4 55.2 55.2
5137 0.0 0 0 0 4737 0.1 10 0 0 150 62.2 55.4 55.4
5137 0.0 0 0 0 4737 0.1 10 0 0 180 62.2 55.5 55.5
5137 0.0 0 0 0 4737 0.1 20 0 0 0 61.7 53.7 53.7
5137 0.0 0 0 0 4737 0.1 20 0 0 30 62.0 53.9 53.9
5137 0.0 0 0 0 4737 0.1 20 0 0 60 62.0 53.9 53.9
5137 0.0 0 0 0 4737 0.1 20 0 0 90 62.2 54.1 54.1
5137 0.0 0 0 0 4737 0.1 20 0 0 120 62.2 54.3 54.3
5137 0.0 0 0 0 4737 0.1 20 0 0 150 62.1 54.4 54.4
5137 0.0 0 0 0 4737 0.1 20 0 0 180 62.1 54.5 54.5
5137 0.0 0 0 0 4737 0.1 30 0 0 0 61.4 51.8 51.8
5137 0.0 0 0 0 4737 0.1 30 0 0 30 61.7 51.8 51.8
5137 0.0 0 0 0 4737 0.1 30 0 0 60 61.7 51.9 51.9
5137 0.0 0 0 0 4737 0.1 30 0 0 90 61.9 51.9 51.9
5137 0.0 0 0 0 4737 0.1 30 0 0 120 61.9 52.1 52.1
5137 0.0 0 0 0 4737 0.1 30 0 0 150 61.7 52.3 52.3
5137 0.0 0 0 0 4737 0.1 30 0 0 180 61.7 52.5 52.5
5137 0.0 0 0 0 4737 0.1 40 0 0 0 61.0 51.9 51.9
5137 0.0 0 0 0 4737 0.1 40 0 0 30 61.2 51.9 51.9
5137 0.0 0 0 0 4737 0.1 40 0 0 60 61.2 51.9 51.9
5137 0.0 0 0 0 4737 0.1 40 0 0 90 61.4 52.0 52.0
5137 0.0 0 0 0 4737 0.1 40 0 0 120 61.3 52.1 52.1
5137 0.0 0 0 0 4737 0.1 40 0 0 150 61.2 52.3 52.3
5137 0.0 0 0 0 4737 0.1 40 0 0 180 61.2 52.4 52.4
5137 0.0 0 0 0 4737 0.1 50 0 0 0 60.2 52.6 52.6
5137 0.0 0 0 0 4737 0.1 50 0 0 30 60.4 52.6 52.6
5137 0.0 0 0 0 4737 0.1 50 0 0 60 60.5 52.6 52.6
5137 0.0 0 0 0 4737 0.1 50 0 0 90 60.6 52.7 52.7
5137 0.0 0 0 0 4737 0.1 50 0 0 120 60.5 52.9 52.9
5137 0.0 0 0 0 4737 0.1 50 0 0 150 60.4 53.0 53.0
5137 0.0 0 0 0 4737 0.1 50 0 0 180 60.4 53.1 53.1
5137 0.0 0 0 0 4737 0.1 60 0 0 0 59.0 53.4 53.4
5137 0.0 0 0 0 4737 0.1 60 0 0 30 59.2 53.6 53.6
5137 0.0 0 0 0 4737 0.1 60 0 0 60 59.2 53.8 53.8
5137 0.0 0 0 0 4737 0.1 60 0 0 90 59.3 54.0 54.0
5137 0.0 0 0 0 4737 0.1 60 0 0 120 59.2 54.3 54.3
5137 0.0 0 0 0 4737 0.1 60 0 0 150 59.1 54.5 54.5
5137 0.0 0 0 0 4737 0.1 60 0 0 180 59.1 54.4 54.4
5137 0.0 0 0 0 4737 0.2 0 0 0 0 62.0 54.7 54.7
5137 0.0 0 0 0 4737 0.2 0 0 0 30 62.2 54.8 54.8
5137 0.0 0 0 0 4737 0.2 0 0 0 60 62.3 54.9 54.9
5137 0.0 0 0 0 4737 0.2 0 0 0 90 62.4 55.1 55.1
5137 0.0 0 0 0 4737 0.2 0 0 0 120 62.4 55.3 55.3
5137 0.0 0 0 0 4737 0.2 0 0 0 150 62.3 55.5 55.5
5137 0.0 0 0 0 4737 0.2 0 0 0 180 62.2 55.5 55.5
5137 0.0 0 0 0 4737 0.2 10 0 0 0 62.0 54.5 54.5
5137 0.0 0 0 0 4737 0.2 10 0 0 30 62.2 54.6 54.6
5137 0.0 0 0 0 4737 0.2 10 0 0 60 62.2 54.7 54.7
5137 0.0 0 0 0 4737 0.2 10 0 0 90 62.4 54.8 54.8
5137 0.0 0 0 0 4737 0.2 10 0 0 120 62.3 55.0 55.0
5137 0.0 0 0 0 4737 0.2 10 0 0 150 62.2 55.2 55.2
5137 0.0 0 0 0 4737 0.2 10 0 0 180 62.2 55.3 55.3
5137 0.0 0 0 0 4737 0.2 20 0 0 0 61.8 53.4 53.4
5137 0.0 0 0 0 4737 0.2 20 0 0 30 62.0 53.6 53.6
5137 0.0 0 0 0 4737 0.2 20 0 0 60 62.1 53.7 53.7
5137 0.0 0 0 0 4737 0.2 20 0 0 90 62.2 53.8 53.8
5137 0.0 0 0 0 4737 0.2 20 0 0 120 62.1 54.1 54.1
5137 0.0 0 0 0 4737 0.2 20 0 0 150 62.1 54.3 54.3
5137 0.0 0 0 0 4737 0.2 20 0 0 180 62.0 54.3 54.3
5137 0.0 0 0 0 4737 0.2 30 0 0 0 61.5 52.0 52.0
5137 0.0 0 0 0 4737 0.2 30 0 0 30 61.7 51.9 51.9
5137 0.0 0 0 0 4737 0.2 30 0 0 60 61.8 52.0 52.0
5137 0.0 0 0 0 4737 0.2 30 0 0 90 61.9 51.9 51.9
5137 0.0 0 0 0 4737 0.2 30 0 0 120 61.8 52.1 52.1
5137 0.0 0 0 0 4737 0.2 30 0 0 150 61.7 52.2 52.2
5137 0.0 0 0 0 4737 0.2 30 0 0 180 61.7 52.2 52.2
5137 0.0 0 0 0 4737 0.2 40 0 0 0 61.0 52.1 52.1
5137 0.0 0 0 0 4737 0.2 40 0 0 30 61.1 52.0 52.0
5137 0.0 0 0 0 4737 0.2 40 0 0 60 61.3 52.1 52.1
5137 0.0 0 0 0 4737 0.2 40 0 0 90 61.3 52.0 52.0
5137 0.0 0 0 0 4737 0.2 40 0 0 120 61.3 52.1 52.1
5137 0.0 0 0 0 4737 0.2 40 0 0 150 61.3 52.2 52.2
5137 0.0 0 0 0 4737 0.2 40 0 0 180 61.2 52.3 52.3
5137 0.0 0 0 0 4737 0.2 50 0 0 0 60.3 52.6 52.6
5137 0.0 0 0 0 4737 0.2 50 0 0 30 60.4 52.6 52.6
5137 0.0 0 0 0 4737 0.2 50 0 0 60 60.5 52.6 52.6
5137 0.0 0 0 0 4737 0.2 50 0 0 90 60.6 52.6 52.6
5137 0.0 0 0 0 4737 0.2 50 0 0 120 60.5 52.8 52.8
5137 0.0 0 0 0 4737 0.2 50 0 0 150 60.4 53.0 53.0
5137 0.0 0 0 0 4737 0.2 50 0 0 180 60.4 53.0 53.0
5137 0.0 0 0 0 4737 0.2 60 0 0 0 59.1 53.1 53.1
5137 0.0 0 0 0 4737 0.2 60 0 0 30 59.2 53.3 53.3
5137 0.0 0 0 0 4737 0.2 60 0 0 60 59.3 53.5 53.5
5137 0.0 0 0 0 4737 0.2 60 0 0 90 59.3 53.6 53.6
5137 0.0 0 0 0 4737 0.2 60 0 0 120 59.1 54.0 54.0
5137 0.0 0 0 0 4737 0.2 60 0 0 150 59.0 54.3 54.3
5137 0.0 0 0 0 4737 0.2 60 0 0 180 59.0 54.3 54.3
5137 0.0 0 0 0 4737 0.3 0 0 0 0 62.1 54.5 54.5
5137 0.0 0 0 0 4737 0.3 0 0 0 30 62.1 54.6 54.6
5137 0.0 0 0 0 4737 0.3 0 0 0 60 62.3 54.7 54.7
5137 0.0 0 0 0 4737 0.3 0 0 0 90 62.3 54.8 54.8
5137 0.0 0 0 0 4737 0.3 0 0 0 120 62.4 55.0 55.0
5137 0.0 0 0 0 4737 0.3 0 0 0 150 62.4 55.3 55.3
5137 0.0 0 0 0 4737 0.3 0 0 0 180 62.3 55.3 55.3
5137 0.0 0 0 0 4737 0.3 10 0 0 0 62.0 54.3 54.3
5137 0.0 0 0 0 4737 0.3 10 0 0 30 62.1 54.3 54.3
5137 0.0 0 0 0 4737 0.3 10 0 0 60 62.3 54.4 54.4
5137 0.0 0 0 0 4737 0.3 10 0 0 90 62.3 54.5 54.5
5137 0.0 0 0 0 4737 0.3 10 0 0 120 62.4 54.8 54.8
5137 0.0 0 0 0 4737 0.3 10 0 0 150 62.3 55.0 55.0
5137 0.0 0 0 0 4737 0.3 10 0 0 180 62.2 55.1 55.1
5137 0.0 0 0 0 4737 0.3 20 0 0 0 61.9 53.1 53.1
5137 0.0 0 0 0 4737 0.3 20 0 0 30 61.9 53.2 53.2
5137 0.0 0 0 0 4737 0.3 20 0 0 60 62.1 53.3 53.3
5137 0.0 0 0 0 4737 0.3 20 0 0 90 62.1 53.4 53.4
5137 0.0 0 0 0 4737 0.3 20 0 0 120 62.2 53.6 53.6
5137 0.0 0 0 0 4737 0.3 20 0 0 150 62.1 53.9 53.9
5137 0.0 0 0 0 4737 0.3 20 0 0 180 62.1 53.9 53.9
5137 0.0 0 0 0 4737 0.3 30 0 0 0 61.6 52.1 52.1
5137 0.0 0 0 0 4737 0.3 30 0 0 30 61.6 52.0 52.0
5137 0.0 0 0 0 4737 0.3 30 0 0 60 61.7 52.2 52.2
5137 0.0 0 0 0 4737 0.3 30 0 0 90 61.8 52.1 52.1
5137 0.0 0 0 0 4737 0.3 30 0 0 120 61.9 52.3 52.3
5137 0.0 0 0 0 4737 0.3 30 0 0 150 61.8 52.4 52.4
5137 0.0 0 0 0 4737 0.3 30 0 0 180 61.8 52.4 52.4
5137 0.0 0 0 0 4737 0.3 40 0 0 0 61.1 52.1 52.1
5137 0.0 0 0 0 4737 0.3 40 0 0 30 61.2 52.0 52.0
5137 0.0 0 0 0 4737 0.3 40 0 0 60 61.2 52.2 52.2
5137 0.0 0 0 0 4737 0.3 40 0 0 90 61.3 52.2 52.2
5137 0.0 0 0 0 4737 0.3 40 0 0 120 61.4 52.3 52.3
5137 0.0 0 0 0 4737 0.3 40 0 0 150 61.2 52.4 52.4
5137 0.0 0 0 0 4737 0.3 40 0 0 180 61.2 52.4 52.4
5137 0.0 0 0 0 4737 0.3 50 0 0 0 60.3 52.6 52.6
5137 0.0 0 0 0 4737 0.3 50 0 0 30 60.4 52.7 52.7
5137 0.0 0 0 0 4737 0.3 50 0 0 60 60.5 52.8 52.8
5137 0.0 0 0 0 4737 0.3 50 0 0 90 60.6 52.9 52.9
5137 0.0 0 0 0 4737 0.3 50 0 0 120 60.5 52.9 52.9
5137 0.0 0 0 0 4737 0.3 50 0 0 150 60.4 53.0 53.0
5137 0.0 0 0 0 4737 0.3 50 0 0 180 60.4 52.9 52.9
5137 0.0 0 0 0 4737 0.3 60 0 0 0 59.2 53.1 53.1
5137 0.0 0 0 0 4737 0.3 60 0 0 30 59.3 53.1 53.1
5137 0.0 0 0 0 4737 0.3 60 0 0 60 59.2 53.2 53.2
5137 0.0 0 0 0 4737 0.3 60 0 0 90 59.3 53.3 53.3
5137 0.0 0 0 0 4737 0.3 60 0 0 120 59.0 53.6 53.6
5137 0.0 0 0 0 4737 0.3 60 0 0 150 58.8 54.0 54.0
5137 0.0 0 0 0 4737 0.3 60 0 0 180 58.8 54.1 54.1
5137 0.0 0 0 0 4737 0.4 0 0 0 0 62.1 54.2 54.2
5137 0.0 0 0 0 4737 0.4 0 0 0 30 62.2 54.2 54.2
5137 0.0 0 0 0 4737 0.4 0 0 0 60 62.2 54.3 54.3
5137 0.0 0 0 0 4737 0.4 0 0 0 90 62.4 54.4 54.4
5137 0.0 0 0 0 4737 0.4 0 0 0 120 62.4 54.6 54.6
5137 0.0 0 0 0 4737 0.4 0 0 0 150 62.3 55.0 55.0
5137 0.0 0 0 0 4737 0.4 0 0 0 180 62.3 55.0 55.0
5137 0.0 0 0 0 4737 0.4 10 0 0 0 62.1 53.9 53.9
5137 0.0 0 0 0 4737 0.4 10 0 0 30 62.1 53.9 53.9
5137 0.0 0 0 0 4737 0.4 10 0 0 60 62.2 54.1 54.1
5137 0.0 0 0 0 4737 0.4 10 0 0 90 62.4 54.2 54.2
5137 0.0 0 0 0 4737 0.4 10 0 0 120 62.3 54.3 54.3
5137 0.0 0 0 0 4737 0.4 10 0 0 150 62.2 54.7 54.7
5137 0.0 0 0 0 4737 0.4 10 0 0 180 62.2 54.8 54.8
5137 0.0 0 0 0 4737 0.4 20 0 0 0 61.9 52.5 52.5
5137 0.0 0 0 0 4737 0.4 20 0 0 30 62.0 52.5 52.5
5137 0.0 0 0 0 4737 0.4 20 0 0 60 62.0 52.6 52.6
5137 0.0 0 0 0 4737 0.4 20 0 0 90 62.2 52.9 52.9
5137 0.0 0 0 0 4737 0.4 20 0 0 120 62.1 53.1 53.1
5137 0.0 0 0 0 4737 0.4 20 0 0 150 62.1 53.5 53.5
5137 0.0 0 0 0 4737 0.4 20 0 0 180 62.0 53.5 53.5
5137 0.0 0 0 0 4737 0.4 30 0 0 0 61.6 52.3 52.3
5137 0.0 0 0 0 4737 0.4 30 0 0 30 61.7 52.3 52.3
5137 0.0 0 0 0 4737 0.4 30 0 0 60 61.7 52.3 52.3
5137 0.0 0 0 0 4737 0.4 30 0 0 90 61.8 52.3 52.3
5137 0.0 0 0 0 4737 0.4 30 0 0 120 61.8 52.3 52.3
5137 0.0 0 0 0 4737 0.4 30 0 0 150 61.7 52.6 52.6
5137 0.0 0 0 0 4737 0.4 30 0 0 180 61.7 52.7 52.7
5137 0.0 0 0 0 4737 0.4 40 0 0 0 61.1 52.3 52.3
5137 0.0 0 0 0 4737 0.4 40 0 0 30 61.2 52.3 52.3
5137 0.0 0 0 0 4737 0.4 40 0 0 60 61.2 52.4 52.4
5137 0.0 0 0 0 4737 0.4 40 0 0 90 61.3 52.4 52.4
5137 0.0 0 0 0 4737 0.4 40 0 0 120 61.3 52.4 52.4
5137 0.0 0 0 0 4737 0.4 40 0 0 150 61.2 52.6 52.6
5137 0.0 0 0 0 4737 0.4 40 0 0 180 61.1 52.7 52.7
5137 0.0 0 0 0 4737 0.4 50 0 0 0 60.4 52.5 52.5
5137 0.0 0 0 0 4737 0.4 50 0 0 30 60.5 52.6 52.6
5137 0.0 0 0 0 4737 0.4 50 0 0 60 60.5 52.7 52.7
5137 0.0 0 0 0 4737 0.4 50 0 0 90 60.5 52.9 52.9
5137 0.0 0 0 0 4737 0.4 50 0 0 120 60.5 53.0 53.0
5137 0.0 0 0 0 4737 0.4 50 0 0 150 60.3 53.2 53.2
5137 0.0 0 0 0 4737 0.4 50 0 0 180 60.3 53.2 53.2
5137 0.0 0 0 0 4737 0.4 60 0 0 0 59.1 53.0 53.0
5137 0.0 0 0 0 4737 0.4 60 0 0 30 59.3 53.1 53.1
5137 0.0 0 0 0 4737 0.4 60 0 0 60 59.2 53.1 53.1
5137 0.0 0 0 0 4737 0.4 60 0 0 90 59.1 53.2 53.2
5137 0.0 0 0 0 4737 0.4 60 0 0 120 58.8 53.4 53.4
5137 0.0 0 0 0 4737 0.4 60 0 0 150 58.5 53.9 53.9
5137 0.0 0 0 0 4737 0.4 60 0 0 180 58.4 54.0 54.0
5137 0.0 0 0 0 4737 0.5 0 0 0 0 62.1 53.6 53.6
5137 0.0 0 0 0 4737 0.5 0 0 0 30 62.2 53.6 53.6
5137 0.0 0 0 0 4737 0.5 0 0 0 60 62.3 53.6 53.6
5137 0.0 0 0 0 4737 0.5 0 0 0 90 62.3 53.7 53.7
5137 0.0 0 0 0 4737 0.5 0 0 0 120 62.4 53.9 53.9
5137 0.0 0 0 0 4737 0.5 0 0 0 150 62.4 54.3 54.3
5137 0.0 0 0 0 4737 0.5 0 0 0 180 62.2 54.3 54.3
5137 0.0 0 0 0 4737 0.5 10 0 0 0 62.1 53.1 53.1
5137 0.0 0 0 0 4737 0.5 10 0 0 30 62.2 53.2 53.2
5137 0.0 0 0 0 4737 0.5 10 0 0 60 62.2 53.3 53.3
5137 0.0 0 0 0 4737 0.5 10 0 0 90 62.2 53.4 53.4
5137 0.0 0 0 0 4737 0.5 10 0 0 120 62.4 53.6 53.6
5137 0.0 0 0 0 4737 0.5 10 0 0 150 62.3 53.9 53.9
5137 0.0 0 0 0 4737 0.5 10 0 0 180 62.1 54.0 54.0
5137 0.0 0 0 0 4737 0.5 20 0 0 0 61.9 52.6 52.6
5137 0.0 0 0 0 4737 0.5 20 0 0 30 62.0 52.7 52.7
5137 0.0 0 0 0 4737 0.5 20 0 0 60 62.1 52.8 52.8
5137 0.0 0 0 0 4737 0.5 20 0 0 90 62.1 53.0 53.0
5137 0.0 0 0 0 4737 0.5 20 0 0 120 62.2 53.1 53.1
5137 0.0 0 0 0 4737 0.5 20 0 0 150 62.1 53.5 53.5
5137 0.0 0 0 0 4737 0.5 20 0 0 180 61.9 53.4 53.4
5137 0.0 0 0 0 4737 0.5 30 0 0 0 61.5 52.7 52.7
5137 0.0 0 0 0 4737 0.5 30 0 0 30 61.6 52.8 52.8
5137 0.0 0 0 0 4737 0.5 30 0 0 60 61.7 52.8 52.8
5137 0.0 0 0 0 4737 0.5 30 0 0 90 61.7 52.9 52.9
5137 0.0 0 0 0 4737 0.5 30 0 0 120 61.8 52.8 52.8
5137 0.0 0 0 0 4737 0.5 30 0 0 150 61.7 52.9 52.9
5137 0.0 0 0 0 4737 0.5 30 0 0 180 61.6 52.8 52.8
5137 0.0 0 0 0 4737 0.5 40 0 0 0 61.1 52.6 52.6
5137 0.0 0 0 0 4737 0.5 40 0 0 30 61.1 52.7 52.7
5137 0.0 0 0 0 4737 0.5 40 0 0 60 61.2 52.8 52.8
5137 0.0 0 0 0 4737 0.5 40 0 0 90 61.2 52.8 52.8
5137 0.0 0 0 0 4737 0.5 40 0 0 120 61.3 52.8 52.8
5137 0.0 0 0 0 4737 0.5 40 0 0 150 61.1 52.9 52.9
5137 0.0 0 0 0 4737 0.5 40 0 0 180 61.0 53.0 53.0
5137 0.0 0 0 0 4737 0.5 50 0 0 0 60.4 52.5 52.5
5137 0.0 0 0 0 4737 0.5 50 0 0 30 60.5 52.6 52.6
5137 0.0 0 0 0 4737 0.5 50 0 0 60 60.5 52.8 52.8
5137 0.0 0 0 0 4737 0.5 50 0 0 90 60.4 52.9 52.9
5137 0.0 0 0 0 4737 0.5 50 0 0 120 60.4 53.0 53.0
5137 0.0 0 0 0 4737 0.5 50 0 0 150 60.2 53.2 53.2
5137 0.0 0 0 0 4737 0.5 50 0 0 180 60.0 53.5 53.5
5137 0.0 0 0 0 4737 0.5 60 0 0 0 59.3 52.9 52.9
5137 0.0 0 0 0 4737 0.5 60 0 0 30 59.4 52.9 52.9
5137 0.0 0 0 0 4737 0.5 60 0 0 60 59.4 53.0 53.0
5137 0.0 0 0 0 4737 0.5 60 0 0 90 59.3 53.1 53.1
5137 0.0 0 0 0 4737 0.5 60 0 0 120 59.1 53.2 53.2
5137 0.0 0 0 0 4737 0.5 60 0 0 150 58.6 53.7 53.7
5137 0.0 0 0 0 4737 0.5 60 0 0 180 58.2 54.1 54.1
5137 0.0 0 0 0 4937 0.0 0 0 0 0 62.3 55.5 55.5
5137 0.0 0 0 0 4937 0.0 0 0 0 30 62.9 56.0 56.0
5137 0.0 0 0 0 4937 0.0 0 0 0 60 63.2 56.6 56.6
5137 0.0 0 0 0 4937 0.0 0 0 0 90 63.5 56.8 56.8
5137 0.0 0 0 0 4937 0.0 0 0 0 120 63.5 57.0 57.0
5137 0.0 0 0 0 4937 0.0 0 0 0 150 63.1 56.9 56.9
5137 0.0 0 0 0 4937 0.0 0 0 0 180 62.8 56.5 56.5
5137 0.0 0 0 0 4937 0.0 10 0 0 0 62.2 55.2 55.2
5137 0.0 0 0 0 4937 0.0 10 0 0 30 62.8 55.8 55.8
5137 0.0 0 0 0 4937 0.0 10 0 0 60 63.2 56.3 56.3
5137 0.0 0 0 0 4937 0.0 10 0 0 90 63.4 56.6 56.6
5137 0.0 0 0 0 4937 0.0 10 0 0 120 63.4 56.8 56.8
5137 0.0 0 0 0 4937 0.0 10 0 0 150 63.1 56.7 56.7
5137 0.0 0 0 0 4937 0.0 10 0 0 180 62.7 56.4 56.4
5137 0.0 0 0 0 4937 0.0 20 0 0 0 62.1 54.2 54.2
5137 0.0 0 0 0 4937 0.0 20 0 0 30 62.6 54.9 54.9
5137 0.0 0 0 0 4937 0.0 20 0 0 60 63.0 55.5 55.5
5137 0.0 0 0 0 4937 0.0 20 0 0 90 63.3 55.8 55.8
5137 0.0 0 0 0 4937 0.0 20 0 0 120 63.2 56.0 56.0
5137 0.0 0 0 0 4937 0.0 20 0 0 150 62.9 55.9 55.9
5137 0.0 0 0 0 4937 0.0 20 0 0 180 62.5 55.6 55.6
5137 0.0 0 0 0 4937 0.0 30 0 0 0 61.8 52.3 52.3
5137 0.0 0 0 0 4937 0.0 30 0 0 30 62.4 53.2 53.2
5137 0.0 0 0 0 4937 0.0 30 0 0 60 62.7 54.0 54.0
5137 0.0 0 0 0 4937 0.0 30 0 0 90 63.0 54.5 54.5
5137 0.0 0 0 0 4937 0.0 30 0 0 120 62.9 54.5 54.5
5137 0.0 0 0 0 4937 0.0 30 0 0 150 62.6 54.2 54.2
5137 0.0 0 0 0 4937 0.0 30 0 0 180 62.2 53.5 53.5
5137 0.0 0 0 0 4937 0.0 40 0 0 0 61.3 52.1 52.1
5137 0.0 0 0 0 4937 0.0 40 0 0 30 61.9 53.1 53.1
5137 0.0 0 0 0 4937 0.0 40 0 0 60 62.3 53.9 53.9
5137 0.0 0 0 0 4937 0.0 40 0 0 90 62.5 54.4 54.4
5137 0.0 0 0 0 4937 0.0 40 0 0 120 62.5 54.5 54.5
5137 0.0 0 0 0 4937 0.0 40 0 0 150 62.1 54.2 54.2
5137 0.0 0 0 0 4937 0.0 40 0 0 180 61.7 53.6 53.6
5137 0.0 0 0 0 4937 0.0 50 0 0 0 60.6 52.5 52.5
5137 0.0 0 0 0 4937 0.0 50 0 0 30 61.2 53.5 53.5
5137 0.0 0 0 0 4937 0.0 50 0 0 60 61.6 54.4 54.4
5137 0.0 0 0 0 4937 0.0 50 0 0 90 61.8 54.9 54.9
5137 0.0 0 0 0 4937 0.0 50 0 0 120 61.7 55.1 55.1
5137 0.0 0 0 0 4937 0.0 50 0 0 150 61.4 54.8 54.8
5137 0.0 0 0 0 4937 0.0 50 0 0 180 61.0 54.1 54.1
5137 0.0 0 0 0 4937 0.0 60 0 0 0 59.5 53.9 53.9
5137 0.0 0 0 0 4937 0.0 60 0 0 30 60.0 54.5 54.5
5137 0.0 0 0 0 4937 0.0 60 0 0 60 60.4 54.9 54.9
5137 0.0 0 0 0 4937 0.0 60 0 0 90 60.5 55.3 55.3
5137 0.0 0 0 0 4937 0.0 60 0 0 120 60.5 55.5 55.5
5137 0.0 0 0 0 4937 0.0 60 0 0 150 60.2 55.6 55.6
5137 0.0 0 0 0 4937 0.0 60 0 0 180 59.8 55.4 55.4
5137 0.0 0 0 0 4937 0.1 0 0 0 0 62.4 55.3 55.3
5137 0.0 0 0 0 4937 0.1 0 0 0 30 62.8 55.8 55.8
5137 0.0 0 0 0 4937 0.1 0 0 0 60 63.2 56.3 56.3
5137 0.0 0 0 0 4937 0.1 0 0 0 90 63.4 56.7 56.7
5137 0.0 0 0 0 4937 0.1 0 0 0 120 63.5 56.9 56.9
5137 0.0 0 0 0 4937 0.1 0 0 0 150 63.2 56.9 56.9
5137 0.0 0 0 0 4937 0.1 0 0 0 180 62.7 56.4 56.4
5137 0.0 0 0 0 4937 0.1 10 0 0 0 62.3 54.9 54.9
5137 0.0 0 0 0 4937 0.1 10 0 0 30 62.8 55.4 55.4
5137 0.0 0 0 0 4937 0.1 10 0 0 60 63.1 55.9 55.9
5137 0.0 0 0 0 4937 0.1 10 0 0 90 63.4 56.4 56.4
5137 0.0 0 0 0 4937 0.1 10 0 0 120 63.5 56.7 56.7
5137 0.0 0 0 0 4937 0.1 10 0 0 150 63.1 56.7 56.7
5137 0.0 0 0 0 4937 0.1 10 0 0 180 62.7 56.3 56.3
5137 0.0 0 0 0 4937 0.1 20 0 0 0 62.2 53.9 53.9
5137 0.0 0 0 0 4937 0.1 20 0 0 30 62.6 54.5 54.5
5137 0.0 0 0 0 4937 0.1 20 0 0 60 63.0 55.1 55.1
5137 0.0 0 0 0 4937 0.1 20 0 0 90 63.2 55.6 55.6
5137 0.0 0 0 0 4937 0.1 20 0 0 120 63.3 55.9 55.9
5137 0.0 0 0 0 4937 0.1 20 0 0 150 62.9 56.0 56.0
5137 0.0 0 0 0 4937 0.1 20 0 0 180 62.5 55.6 55.6
5137 0.0 0 0 0 4937 0.1 30 0 0 0 61.9 51.8 51.8
5137 0.0 0 0 0 4937 0.1 30 0 0 30 62.4 52.6 52.6
5137 0.0 0 0 0 4937 0.1 30 0 0 60 62.7 53.5 53.5
5137 0.0 0 0 0 4937 0.1 30 0 0 90 62.9 54.2 54.2
5137 0.0 0 0 0 4937 0.1 30 0 0 120 63.0 54.6 54.6
5137 0.0 0 0 0 4937 0.1 30 0 0 150 62.6 54.3 54.3
5137 0.0 0 0 0 4937 0.1 30 0 0 180 62.2 53.6 53.6
5137 0.0 0 0 0 4937 0.1 40 0 0 0 61.4 51.7 51.7
5137 0.0 0 0 0 4937 0.1 40 0 0 30 61.9 52.5 52.5
5137 0.0 0 0 0 4937 0.1 40 0 0 60 62.3 53.3 53.3
5137 0.0 0 0 0 4937 0.1 40 0 0 90 62.5 54.1 54.1
5137 0.0 0 0 0 4937 0.1 40 0 0 120 62.5 54.5 54.5
5137 0.0 0 0 0 4937 0.1 40 0 0 150 62.2 54.3 54.3
5137 0.0 0 0 0 4937 0.1 40 0 0 180 61.7 53.7 53.7
5137 0.0 0 0 0 4937 0.1 50 0 0 0 60.7 52.1 52.1
5137 0.0 0 0 0 4937 0.1 50 0 0 30 61.3 52.8 52.8
5137 0.0 0 0 0 4937 0.1 50 0 0 60 61.6 53.7 53.7
5137 0.0 0 0 0 4937 0.1 50 0 0 90 61.8 54.5 54.5
5137 0.0 0 0 0 4937 0.1 50 0 0 120 61.8 55.0 55.0
5137 0.0 0 0 0 4937 0.1 50 0 0 150 61.5 55.0 55.0
5137 0.0 0 0 0 4937 0.1 50 0 0 180 60.9 54.3 54.3
5137 0.0 0 0 0 4937 0.1 60 0 0 0 59.5 53.6 53.6
5137 0.0 0 0 0 4937 0.1 60 0 0 30 60.0 54.1 54.1
5137 0.0 0 0 0 4937 0.1 60 0 0 60 60.4 54.6 54.6
5137 0.0 0 0 0 4937 0.1 60 0 0 90 60.6 55.0 55.0
5137 0.0 0 0 0 4937 0.1 60 0 0 120 60.6 55.4 55.4
5137 0.0 0 0 0 4937 0.1 60 0 0 150 60.3 55.5 55.5
5137 0.0 0 0 0 4937 0.1 60 0 0 180 59.8 55.3 55.3
5137 0.0 0 0 0 4937 0.2 0 0 0 0 62.5 55.0 55.0
5137 0.0 0 0 0 4937 0.2 0 0 0 30 62.9 55.4 55.4
5137 0.0 0 0 0 4937 0.2 0 0 0 60 63.2 55.9 55.9
5137 0.0 0 0 0 4937 0.2 0 0 0 90 63.4 56.4 56.4
5137 0.0 0 0 0 4937 0.2 0 0 0 120 63.5 56.8 56.8
5137 0.0 0 0 0 4937 0.2 0 0 0 150 63.2 56.8 56.8
5137 0.0 0 0 0 4937 0.2 0 0 0 180 62.7 56.3 56.3
5137 0.0 0 0 0 4937 0.2 10 0 0 0 62.4 54.7 54.7
5137 0.0 0 0 0 4937 0.2 10 0 0 30 62.8 55.1 55.1
5137 0.0 0 0 0 4937 0.2 10 0 0 60 63.1 55.6 55.6
5137 0.0 0 0 0 4937 0.2 10 0 0 90 63.3 56.1 56.1
5137 0.0 0 0 0 4937 0.2 10 0 0 120 63.5 56.6 56.6
5137 0.0 0 0 0 4937 0.2 10 0 0 150 63.2 56.7 56.7
5137 0.0 0 0 0 4937 0.2 10 0 0 180 62.6 56.2 56.2
5137 0.0 0 0 0 4937 0.2 20 0 0 0 62.3 53.5 53.5
5137 0.0 0 0 0 4937 0.2 20 0 0 30 62.7 54.0 54.0
5137 0.0 0 0 0 4937 0.2 20 0 0 60 63.0 54.6 54.6
5137 0.0 0 0 0 4937 0.2 20 0 0 90 63.2 55.2 55.2
5137 0.0 0 0 0 4937 0.2 20 0 0 120 63.3 55.8 55.8
5137 0.0 0 0 0 4937 0.2 20 0 0 150 63.0 56.0 56.0
5137 0.0 0 0 0 4937 0.2 20 0 0 180 62.4 55.6 55.6
5137 0.0 0 0 0 4937 0.2 30 0 0 0 62.0 51.5 51.5
5137 0.0 0 0 0 4937 0.2 30 0 0 30 62.4 52.2 52.2
5137 0.0 0 0 0 4937 0.2 30 0 0 60 62.7 53.0 53.0
5137 0.0 0 0 0 4937 0.2 30 0 0 90 62.9 53.8 53.8
5137 0.0 0 0 0 4937 0.2 30 0 0 120 63.0 54.5 54.5
5137 0.0 0 0 0 4937 0.2 30 0 0 150 62.7 54.5 54.5
5137 0.0 0 0 0 4937 0.2 30 0 0 180 62.1 53.8 53.8
5137 0.0 0 0 0 4937 0.2 40 0 0 0 61.5 51.4 51.4
5137 0.0 0 0 0 4937 0.2 40 0 0 30 62.0 52.0 52.0
5137 0.0 0 0 0 4937 0.2 40 0 0 60 62.3 52.8 52.8
5137 0.0 0 0 0 4937 0.2 40 0 0 90 62.5 53.6 53.6
5137 0.0 0 0 0 4937 0.2 40 0 0 120 62.6 54.3 54.3
5137 0.0 0 0 0 4937 0.2 40 0 0 150 62.3 54.6 54.6
5137 0.0 0 0 0 4937 0.2 40 0 0 180 61.6 53.9 53.9
5137 0.0 0 0 0 4937 0.2 50 0 0 0 60.8 51.9 51.9
5137 0.0 0 0 0 4937 0.2 50 0 0 30 61.3 52.3 52.3
5137 0.0 0 0 0 4937 0.2 50 0 0 60 61.6 53.0 53.0
5137 0.0 0 0 0 4937 0.2 50 0 0 90 61.9 53.8 53.8
5137 0.0 0 0 0 4937 0.2 50 0 0 120 61.9 54.7 54.7
5137 0.0 0 0 0 4937 0.2 50 0 0 150 61.6 55.1 55.1
5137 0.0 0 0 0 4937 0.2 50 0 0 180 60.9 54.5 54.5
5137 0.0 0 0 0 4937 0.2 60 0 0 0 59.5 53.3 53.3
5137 0.0 0 0 0 4937 0.2 60 0 0 30 60.0 53.7 53.7
5137 0.0 0 0 0 4937 0.2 60 0 0 60 60.3 54.2 54.2
5137 0.0 0 0 0 4937 0.2 60 0 0 90 60.6 54.7 54.7
5137 0.0 0 0 0 4937 0.2 60 0 0 120 60.6 55.2 55.2
5137 0.0 0 0 0 4937 0.2 60 0 0 150 60.5 55.4 55.4
5137 0.0 0 0 0 4937 0.2 60 0 0 180 59.9 55.2 55.2
5137 0.0 0 0 0 4937 0.3 0 0 0 0 62.6 54.7 54.7
5137 0.0 0 0 0 4937 0.3 0 0 0 30 62.9 55.2 55.2
5137 0.0 0 0 0 4937 0.3 0 0 0 60 63.2 55.6 55.6
5137 0.0 0 0 0 4937 0.3 0 0 0 90 63.4 56.1 56.1
5137 0.0 0 0 0 4937 0.3 0 0 0 120 63.5 56.6 56.6
5137 0.0 0 0 0 4937 0.3 0 0 0 150 63.3 56.8 56.8
5137 0.0 0 0 0 4937 0.3 0 0 0 180 62.5 56.1 56.1
5137 0.0 0 0 0 4937 0.3 10 0 0 0 62.5 54.3 54.3
5137 0.0 0 0 0 4937 0.3 10 0 0 30 62.9 54.7 54.7
5137 0.0 0 0 0 4937 0.3 10 0 0 60 63.1 55.2 55.2
5137 0.0 0 0 0 4937 0.3 10 0 0 90 63.4 55.7 55.7
5137 0.0 0 0 0 4937 0.3 10 0 0 120 63.5 56.3 56.3
5137 0.0 0 0 0 4937 0.3 10 0 0 150 63.2 56.7 56.7
5137 0.0 0 0 0 4937 0.3 10 0 0 180 62.5 56.1 56.1
5137 0.0 0 0 0 4937 0.3 20 0 0 0 62.4 53.0 53.0
5137 0.0 0 0 0 4937 0.3 20 0 0 30 62.7 53.4 53.4
5137 0.0 0 0 0 4937 0.3 20 0 0 60 63.0 53.9 53.9
5137 0.0 0 0 0 4937 0.3 20 0 0 90 63.2 54.6 54.6
5137 0.0 0 0 0 4937 0.3 20 0 0 120 63.3 55.4 55.4
5137 0.0 0 0 0 4937 0.3 20 0 0 150 63.1 56.0 56.0
5137 0.0 0 0 0 4937 0.3 20 0 0 180 62.3 55.5 55.5
5137 0.0 0 0 0 4937 0.3 30 0 0 0 62.1 51.3 51.3
5137 0.0 0 0 0 4937 0.3 30 0 0 30 62.4 51.9 51.9
5137 0.0 0 0 0 4937 0.3 30 0 0 60 62.7 52.6 52.6
5137 0.0 0 0 0 4937 0.3 30 0 0 90 63.0 53.4 53.4
5137 0.0 0 0 0 4937 0.3 30 0 0 120 63.1 54.3 54.3
5137 0.0 0 0 0 4937 0.3 30 0 0 150 62.8 54.7 54.7
5137 0.0 0 0 0 4937 0.3 30 0 0 180 62.0 53.9 53.9
5137 0.0 0 0 0 4937 0.3 40 0 0 0 61.6 51.2 51.2
5137 0.0 0 0 0 4937 0.3 40 0 0 30 62.0 51.6 51.6
5137 0.0 0 0 0 4937 0.3 40 0 0 60 62.3 52.3 52.3
5137 0.0 0 0 0 4937 0.3 40 0 0 90 62.6 53.2 53.2
5137 0.0 0 0 0 4937 0.3 40 0 0 120 62.7 54.0 54.0
5137 0.0 0 0 0 4937 0.3 40 0 0 150 62.4 54.6 54.6
5137 0.0 0 0 0 4937 0.3 40 0 0 180 61.5 54.0 54.0
5137 0.0 0 0 0 4937 0.3 50 0 0 0 60.9 51.7 51.7
5137 0.0 0 0 0 4937 0.3 50 0 0 30 61.3 52.0 52.0
5137 0.0 0 0 0 4937 0.3 50 0 0 60 61.6 52.5 52.5
5137 0.0 0 0 0 4937 0.3 50 0 0 90 61.9 53.2 53.2
5137 0.0 0 0 0 4937 0.3 50 0 0 120 62.0 54.1 54.1
5137 0.0 0 0 0 4937 0.3 50 0 0 150 61.8 55.0 55.0
5137 0.0 0 0 0 4937 0.3 50 0 0 180 60.9 54.8 54.8
5137 0.0 0 0 0 4937 0.3 60 0 0 0 59.5 53.0 53.0
5137 0.0 0 0 0 4937 0.3 60 0 0 30 59.9 53.3 53.3
5137 0.0 0 0 0 4937 0.3 60 0 0 60 60.2 53.7 53.7
5137 0.0 0 0 0 4937 0.3 60 0 0 90 60.5 54.2 54.2
5137 0.0 0 0 0 4937 0.3 60 0 0 120 60.6 54.8 54.8
5137 0.0 0 0 0 4937 0.3 60 0 0 150 60.6 55.3 55.3
5137 0.0 0 0 0 4937 0.3 60 0 0 180 59.9 55.2 55.2
5137 0.0 0 0 0 4937 0.4 0 0 0 0 62.8 54.5 54.5
5137 0.0 0 0 0 4937 0.4 0 0 0 30 63.0 54.8 54.8
5137 0.0 0 0 0 4937 0.4 0 0 0 60 63.2 55.2 55.2
5137 0.0 0 0 0 4937 0.4 0 0 0 90 63.5 55.7 55.7
5137 0.0 0 0 0 4937 0.4 0 0 0 120 63.6 56.3 56.3
5137 0.0 0 0 0 4937 0.4 0 0 0 150 63.4 56.6 56.6
5137 0.0 0 0 0 4937 0.4 0 0 0 180 62.4 55.8 55.8
5137 0.0 0 0 0 4937 0.4 10 0 0 0 62.7 54.0 54.0
5137 0.0 0 0 0 4937 0.4 10 0 0 30 63.0 54.3 54.3
5137 0.0 0 0 0 4937 0.4 10 0 0 60 63.2 54.7 54.7
5137 0.0 0 0 0 4937 0.4 10 0 0 90 63.4 55.2 55.2
5137 0.0 0 0 0 4937 0.4 10 0 0 120 63.6 55.9 55.9
5137 0.0 0 0 0 4937 0.4 10 0 0 150 63.3 56.5 56.5
5137 0.0 0 0 0 4937 0.4 10 0 0 180 62.4 55.9 55.9
5137 0.0 0 0 0 4937 0.4 20 0 0 0 62.5 52.0 52.0
5137 0.0 0 0 0 4937 0.4 20 0 0 30 62.8 52.3 52.3
5137 0.0 0 0 0 4937 0.4 20 0 0 60 63.0 52.8 52.8
5137 0.0 0 0 0 4937 0.4 20 0 0 90 63.3 53.6 53.6
5137 0.0 0 0 0 4937 0.4 20 0 0 120 63.4 54.6 54.6
5137 0.0 0 0 0 4937 0.4 20 0 0 150 63.2 55.8 55.8
5137 0.0 0 0 0 4937 0.4 20 0 0 180 62.2 55.1 55.1
5137 0.0 0 0 0 4937 0.4 30 0 0 0 62.2 51.3 51.3
5137 0.0 0 0 0 4937 0.4 30 0 0 30 62.5 51.8 51.8
5137 0.0 0 0 0 4937 0.4 30 0 0 60 62.8 52.3 52.3
5137 0.0 0 0 0 4937 0.4 30 0 0 90 63.0 53.1 53.1
5137 0.0 0 0 0 4937 0.4 30 0 0 120 63.2 54.1 54.1
5137 0.0 0 0 0 4937 0.4 30 0 0 150 62.9 55.0 55.0
5137 0.0 0 0 0 4937 0.4 30 0 0 180 61.9 54.1 54.1
5137 0.0 0 0 0 4937 0.4 40 0 0 0 61.7 51.3 51.3
5137 0.0 0 0 0 4937 0.4 40 0 0 30 62.0 51.6 51.6
5137 0.0 0 0 0 4937 0.4 40 0 0 60 62.3 52.0 52.0
5137 0.0 0 0 0 4937 0.4 40 0 0 90 62.6 52.8 52.8
5137 0.0 0 0 0 4937 0.4 40 0 0 120 62.8 53.8 53.8
5137 0.0 0 0 0 4937 0.4 40 0 0 150 62.6 54.8 54.8
5137 0.0 0 0 0 4937 0.4 40 0 0 180 61.5 54.2 54.2
5137 0.0 0 0 0 4937 0.4 50 0 0 0 60.9 51.9 51.9
5137 0.0 0 0 0 4937 0.4 50 0 0 30 61.3 52.1 52.1
5137 0.0 0 0 0 4937 0.4 50 0 0 60 61.5 52.4 52.4
5137 0.0 0 0 0 4937 0.4 50 0 0 90 61.9 52.9 52.9
5137 0.0 0 0 0 4937 0.4 50 0 0 120 62.1 53.7 53.7
5137 0.0 0 0 0 4937 0.4 50 0 0 150 61.9 54.8 54.8
5137 0.0 0 0 0 4937 0.4 50 0 0 180 60.9 54.8 54.8
5137 0.0 0 0 0 4937 0.4 60 0 0 0 59.2 52.8 52.8
5137 0.0 0 0 0 4937 0.4 60 0 0 30 59.5 53.0 53.0
5137 0.0 0 0 0 4937 0.4 60 0 0 60 59.8 53.3 53.3
5137 0.0 0 0 0 4937 0.4 60 0 0 90 60.1 53.8 53.8
5137 0.0 0 0 0 4937 0.4 60 0 0 120 60.3 54.4 54.4
5137 0.0 0 0 0 4937 0.4 60 0 0 150 60.3 55.1 55.1
5137 0.0 0 0 0 4937 0.4 60 0 0 180 60.0 55.1 55.1
5137 0.0 0 0 0 4937 0.5 0 0 0 0 62.9 54.0 54.0
5137 0.0 0 0 0 4937 0.5 0 0 0 30 63.1 54.2 54.2
5137 0.0 0 0 0 4937 0.5 0 0 0 60 63.3 54.6 54.6
5137 0.0 0 0 0 4937 0.5 0 0 0 90 63.5 55.0 55.0
5137 0.0 0 0 0 4937 0.5 0 0 0 120 63.7 55.7 55.7
5137 0.0 0 0 0 4937 0.5 0 0 0 150 63.5 56.4 56.4
5137 0.0 0 0 0 4937 0.5 0 0 0 180 62.2 55.3 55.3
5137 0.0 0 0 0 4937 0.5 10 0 0 0 62.9 53.3 53.3
5137 0.0 0 0 0 4937 0.5 10 0 0 30 63.1 53.5 53.5
5137 0.0 0 0 0 4937 0.5 10 0 0 60 63.3 53.8 53.8
5137 0.0 0 0 0 4937 0.5 10 0 0 90 63.5 54.2 54.2
5137 0.0 0 0 0 4937 0.5 10 0 0 120 63.7 55.0 55.0
5137 0.0 0 0 0 4937 0.5 10 0 0 150 63.5 56.0 56.0
5137 0.0 0 0 0 4937 0.5 10 0 0 180 62.2 55.3 55.3
5137 0.0 0 0 0 4937 0.5 20 0 0 0 62.7 51.9 51.9
5137 0.0 0 0 0 4937 0.5 20 0 0 30 62.9 52.2 52.2
5137 0.0 0 0 0 4937 0.5 20 0 0 60 63.1 52.6 52.6
5137 0.0 0 0 0 4937 0.5 20 0 0 90 63.3 53.3 53.3
5137 0.0 0 0 0 4937 0.5 20 0 0 120 63.6 54.4 54.4
5137 0.0 0 0 0 4937 0.5 20 0 0 150 63.4 55.8 55.8
5137 0.0 0 0 0 4937 0.5 20 0 0 180 62.1 54.8 54.8
5137 0.0 0 0 0 4937 0.5 30 0 0 0 62.3 51.7 51.7
5137 0.0 0 0 0 4937 0.5 30 0 0 30 62.6 52.0 52.0
5137 0.0 0 0 0 4937 0.5 30 0 0 60 62.8 52.4 52.4
5137 0.0 0 0 0 4937 0.5 30 0 0 90 63.1 53.1 53.1
5137 0.0 0 0 0 4937 0.5 30 0 0 120 63.3 54.1 54.1
5137 0.0 0 0 0 4937 0.5 30 0 0 150 63.2 55.3 55.3
5137 0.0 0 0 0 4937 0.5 30 0 0 180 61.8 54.3 54.3
5137 0.0 0 0 0 4937 0.5 40 0 0 0 61.8 51.8 51.8
5137 0.0 0 0 0 4937 0.5 40 0 0 30 62.0 52.0 52.0
5137 0.0 0 0 0 4937 0.5 40 0 0 60 62.3 52.2 52.2
5137 0.0 0 0 0 4937 0.5 40 0 0 90 62.6 52.7 52.7
5137 0.0 0 0 0 4937 0.5 40 0 0 120 62.9 53.6 53.6
5137 0.0 0 0 0 4937 0.5 40 0 0 150 62.8 54.8 54.8
5137 0.0 0 0 0 4937 0.5 40 0 0 180 61.4 54.4 54.4
5137 0.0 0 0 0 4937 0.5 50 0 0 0 60.8 52.2 52.2
5137 0.0 0 0 0 4937 0.5 50 0 0 30 61.1 52.4 52.4
5137 0.0 0 0 0 4937 0.5 50 0 0 60 61.4 52.5 52.5
5137 0.0 0 0 0 4937 0.5 50 0 0 90 61.7 52.9 52.9
5137 0.0 0 0 0 4937 0.5 50 0 0 120 62.0 53.5 53.5
5137 0.0 0 0 0 4937 0.5 50 0 0 150 62.0 54.6 54.6
5137 0.0 0 0 0 4937 0.5 50 0 0 180 60.8 54.7 54.7
5137 0.0 0 0 0 4937 0.5 60 0 0 0 59.1 52.8 52.8
5137 0.0 0 0 0 4937 0.5 60 0 0 30 59.3 52.9 52.9
5137 0.0 0 0 0 4937 0.5 60 0 0 60 59.6 53.1 53.1
5137 0.0 0 0 0 4937 0.5 60 0 0 90 60.0 53.4 53.4
5137 0.0 0 0 0 4937 0.5 60 0 0 120 60.3 54.0 54.0
5137 0.0 0 0 0 4937 0.5 60 0 0 150 60.3 54.8 54.8
5137 0.0 0 0 0 4937 0.5 60 0 0 180 59.9 54.9 54.9
5137 0.0 0 0 0 5137 0.0 0 0 0 0 40.7 35.7 35.7
5137 0.0 0 0 0 5137 0.0 0 0 0 30 49.1 44.0 44.0
5137 0.0 0 0 0 5137 0.0 0 0 0 60 57.4 52.3 52.3
5137 0.0 0 0 0 5137 0.0 0 0 0 90 65.7 60.7 60.7
5137 0.0 0 0 0 5137 0.0 0 0 0 120 74.1 67.9 67.9
5137 0.0 0 0 0 5137 0.0 0 0 0 150 77.9 67.9 67.9
5137 0.0 0 0 0 5137 0.0 0 0 0 180 77.9 68.0 68.0
5137 0.0 0 0 0 5137 0.0 10 0 0 0 40.6 36.1 36.1
5137 0.0 0 0 0 5137 0.0 10 0 0 30 49.0 43.8 43.8
5137 0.0 0 0 0 5137 0.0 10 0 0 60 57.3 52.1 52.1
5137 0.0 0 0 0 5137 0.0 10 0 0 90 65.6 60.5 60.5
5137 0.0 0 0 0 5137 0.0 10 0 0 120 74.0 67.1 67.1
5137 0.0 0 0 0 5137 0.0 10 0 0 150 77.8 67.6 67.6
5137 0.0 0 0 0 5137 0.0 10 0 0 180 77.8 67.7 67.7
5137 0.0 0 0 0 5137 0.0 20 0 0 0 40.4 37.7 37.7
5137 0.0 0 0 0 5137 0.0 20 0 0 30 48.7 43.1 43.1
5137 0.0 0 0 0 5137 0.0 20 0 0 60 57.1 51.4 51.4
5137 0.0 0 0 0 5137 0.0 20 0 0 90 65.4 59.6 59.6
5137 0.0 0 0 0 5137 0.0 20 0 0 120 73.7 65.0 65.0
5137 0.0 0 0 0 5137 0.0 20 0 0 150 77.5 66.4 66.4
5137 0.0 0 0 0 5137 0.0 20 0 0 180 77.5 66.5 66.5
5137 0.0 0 0 0 5137 0.0 30 0 0 0 40.1 39.4 39.4
5137 0.0 0 0 0 5137 0.0 30 0 0 30 48.4 42.9 42.9
5137 0.0 0 0 0 5137 0.0 30 0 0 60 56.7 49.5 49.5
5137 0.0 0 0 0 5137 0.0 30 0 0 90 65.0 56.0 56.0
5137 0.0 0 0 0 5137 0.0 30 0 0 120 73.3 61.0 61.0
5137 0.0 0 0 0 5137 0.0 30 0 0 150 77.1 63.2 63.2
5137 0.0 0 0 0 5137 0.0 30 0 0 180 77.1 63.3 63.3
5137 0.0 0 0 0 5137 0.0 40 0 0 0 40.1 41.0 41.0
5137 0.0 0 0 0 5137 0.0 40 0 0 30 47.8 43.6 43.6
5137 0.0 0 0 0 5137 0.0 40 0 0 60 56.2 49.3 49.3
5137 0.0 0 0 0 5137 0.0 40 0 0 90 64.5 55.1 55.1
5137 0.0 0 0 0 5137 0.0 40 0 0 120 72.8 59.9 59.9
5137 0.0 0 0 0 5137 0.0 40 0 0 150 76.3 62.7 62.7
5137 0.0 0 0 0 5137 0.0 40 0 0 180 76.3 63.2 63.2
5137 0.0 0 0 0 5137 0.0 50 0 0 0 40.3 42.9 42.9
5137 0.0 0 0 0 5137 0.0 50 0 0 30 47.1 45.1 45.1
5137 0.0 0 0 0 5137 0.0 50 0 0 60 55.4 49.6 49.6
5137 0.0 0 0 0 5137 0.0 50 0 0 90 63.8 55.1 55.1
5137 0.0 0 0 0 5137 0.0 50 0 0 120 71.9 59.8 59.8
5137 0.0 0 0 0 5137 0.0 50 0 0 150 75.2 62.8 62.8
5137 0.0 0 0 0 5137 0.0 50 0 0 180 75.2 64.0 64.0
5137 0.0 0 0 0 5137 0.0 60 0 0 0 40.9 45.3 45.3
5137 0.0 0 0 0 5137 0.0 60 0 0 30 46.2 47.2 47.2
5137 0.0 0 0 0 5137 0.0 60 0 0 60 54.4 50.9 50.9
5137 0.0 0 0 0 5137 0.0 60 0 0 90 62.7 55.7 55.7
5137 0.0 0 0 0 5137 0.0 60 0 0 120 70.0 60.4 60.4
5137 0.0 0 0 0 5137 0.0 60 0 0 150 73.3 63.4 63.4
5137 0.0 0 0 0 5137 0.0 60 0 0 180 73.3 64.4 64.4
5137 0.0 0 0 0 5137 0.1 0 0 0 0 41.4 36.2 36.2
5137 0.0 0 0 0 5137 0.1 0 0 0 30 47.6 42.4 42.4
5137 0.0 0 0 0 5137 0.1 0 0 0 60 54.8 49.6 49.6
5137 0.0 0 0 0 5137 0.1 0 0 0 90 62.6 57.4 57.4
5137 0.0 0 0 0 5137 0.1 0 0 0 120 71.2 65.8 65.8
5137 0.0 0 0 0 5137 0.1 0 0 0 150 77.9 67.7 67.7
5137 0.0 0 0 0 5137 0.1 0 0 0 180 77.9 67.8 67.8
5137 0.0 0 0 0 5137 0.1 10 0 0 0 41.3 36.5 36.5
5137 0.0 0 0 0 5137 0.1 10 0 0 30 47.5 42.2 42.2
5137 0.0 0 0 0 5137 0.1 10 0 0 60 54.7 49.4 49.4
5137 0.0 0 0 0 5137 0.1 10 0 0 90 62.5 57.2 57.2
5137 0.0 0 0 0 5137 0.1 10 0 0 120 71.1 64.5 64.5
5137 0.0 0 0 0 5137 0.1 10 0 0 150 77.8 67.4 67.4
5137 0.0 0 0 0 5137 0.1 10 0 0 180 77.8 67.5 67.5
5137 0.0 0 0 0 5137 0.1 20 0 0 0 41.2 37.6 37.6
5137 0.0 0 0 0 5137 0.1 20 0 0 30 47.3 41.6 41.6
5137 0.0 0 0 0 5137 0.1 20 0 0 60 54.4 48.7 48.7
5137 0.0 0 0 0 5137 0.1 20 0 0 90 62.2 56.4 56.4
5137 0.0 0 0 0 5137 0.1 20 0 0 120 70.9 62.4 62.4
5137 0.0 0 0 0 5137 0.1 20 0 0 150 77.5 66.0 66.0
5137 0.0 0 0 0 5137 0.1 20 0 0 180 77.6 66.3 66.3
5137 0.0 0 0 0 5137 0.1 30 0 0 0 41.2 39.2 39.2
5137 0.0 0 0 0 5137 0.1 30 0 0 30 46.9 41.6 41.6
5137 0.0 0 0 0 5137 0.1 30 0 0 60 54.1 46.7 46.7
5137 0.0 0 0 0 5137 0.1 30 0 0 90 61.9 52.8 52.8
5137 0.0 0 0 0 5137 0.1 30 0 0 120 70.5 58.4 58.4
5137 0.0 0 0 0 5137 0.1 30 0 0 150 77.0 62.3 62.3
5137 0.0 0 0 0 5137 0.1 30 0 0 180 77.1 63.2 63.2
5137 0.0 0 0 0 5137 0.1 40 0 0 0 41.1 41.0 41.0
5137 0.0 0 0 0 5137 0.1 40 0 0 30 46.4 42.7 42.7
5137 0.0 0 0 0 5137 0.1 40 0 0 60 53.5 46.5 46.5
5137 0.0 0 0 0 5137 0.1 40 0 0 90 61.3 52.0 52.0
5137 0.0 0 0 0 5137 0.1 40 0 0 120 70.0 57.3 57.3
5137 0.0 0 0 0 5137 0.1 40 0 0 150 76.2 61.3 61.3
5137 0.0 0 0 0 5137 0.1 40 0 0 180 76.3 63.0 63.0
5137 0.0 0 0 0 5137 0.1 50 0 0 0 41.1 42.8 42.8
5137 0.0 0 0 0 5137 0.1 50 0 0 30 45.8 44.3 44.3
5137 0.0 0 0 0 5137 0.1 50 0 0 60 52.8 47.3 47.3
5137 0.0 0 0 0 5137 0.1 50 0 0 90 60.6 51.9 51.9
5137 0.0 0 0 0 5137 0.1 50 0 0 120 69.3 57.1 57.1
5137 0.0 0 0 0 5137 0.1 50 0 0 150 75.0 61.2 61.2
5137 0.0 0 0 0 5137 0.1 50 0 0 180 75.2 63.6 63.6
5137 0.0 0 0 0 5137 0.1 60 0 0 0 41.4 45.1 45.1
5137 0.0 0 0 0 5137 0.1 60 0 0 30 45.4 46.5 46.5
5137 0.0 0 0 0 5137 0.1 60 0 0 60 51.7 49.1 49.1
5137 0.0 0 0 0 5137 0.1 60 0 0 90 59.5 52.8 52.8
5137 0.0 0 0 0 5137 0.1 60 0 0 120 68.0 57.5 57.5
5137 0.0 0 0 0 5137 0.1 60 0 0 150 73.0 61.7 61.7
5137 0.0 0 0 0 5137 0.1 60 0 0 180 73.4 64.1 64.1
5137 0.0 0 0 0 5137 0.2 0 0 0 0 43.3 38.0 38.0
5137 0.0 0 0 0 5137 0.2 0 0 0 30 46.3 41.0 41.0
5137 0.0 0 0 0 5137 0.2 0 0 0 60 52.4 47.1 47.1
5137 0.0 0 0 0 5137 0.2 0 0 0 90 59.5 54.2 54.2
5137 0.0 0 0 0 5137 0.2 0 0 0 120 68.2 62.6 62.6
5137 0.0 0 0 0 5137 0.2 0 0 0 150 76.2 67.4 67.4
5137 0.0 0 0 0 5137 0.2 0 0 0 180 77.9 67.5 67.5
5137 0.0 0 0 0 5137 0.2 10 0 0 0 43.3 37.9 37.9
5137 0.0 0 0 0 5137 0.2 10 0 0 30 46.2 41.1 41.1
5137 0.0 0 0 0 5137 0.2 10 0 0 60 52.2 46.8 46.8
5137 0.0 0 0 0 5137 0.2 10 0 0 90 59.3 53.9 53.9
5137 0.0 0 0 0 5137 0.2 10 0 0 120 68.1 61.5 61.5
5137 0.0 0 0 0 5137 0.2 10 0 0 150 76.2 66.5 66.5
5137 0.0 0 0 0 5137 0.2 10 0 0 180 77.8 67.2 67.2
5137 0.0 0 0 0 5137 0.2 20 0 0 0 43.2 37.9 37.9
5137 0.0 0 0 0 5137 0.2 20 0 0 30 46.0 41.0 41.0
5137 0.0 0 0 0 5137 0.2 20 0 0 60 52.0 46.1 46.1
5137 0.0 0 0 0 5137 0.2 20 0 0 90 59.1 53.1 53.1
5137 0.0 0 0 0 5137 0.2 20 0 0 120 67.8 59.4 59.4
5137 0.0 0 0 0 5137 0.2 20 0 0 150 76.0 64.5 64.5
5137 0.0 0 0 0 5137 0.2 20 0 0 180 77.6 66.0 66.0
5137 0.0 0 0 0 5137 0.2 30 0 0 0 43.1 39.2 39.2
5137 0.0 0 0 0 5137 0.2 30 0 0 30 45.8 41.1 41.1
5137 0.0 0 0 0 5137 0.2 30 0 0 60 51.6 44.4 44.4
5137 0.0 0 0 0 5137 0.2 30 0 0 90 58.7 49.8 49.8
5137 0.0 0 0 0 5137 0.2 30 0 0 120 67.4 55.6 55.6
5137 0.0 0 0 0 5137 0.2 30 0 0 150 75.6 60.7 60.7
5137 0.0 0 0 0 5137 0.2 30 0 0 180 77.1 63.0 63.0
5137 0.0 0 0 0 5137 0.2 40 0 0 0 43.0 40.8 40.8
5137 0.0 0 0 0 5137 0.2 40 0 0 30 45.6 42.2 42.2
5137 0.0 0 0 0 5137 0.2 40 0 0 60 51.1 44.8 44.8
5137 0.0 0 0 0 5137 0.2 40 0 0 90 58.2 49.0 49.0
5137 0.0 0 0 0 5137 0.2 40 0 0 120 66.9 54.5 54.5
5137 0.0 0 0 0 5137 0.2 40 0 0 150 74.9 59.6 59.6
5137 0.0 0 0 0 5137 0.2 40 0 0 180 76.4 62.8 62.8
5137 0.0 0 0 0 5137 0.2 50 0 0 0 42.9 42.6 42.6
5137 0.0 0 0 0 5137 0.2 50 0 0 30 45.4 43.7 43.7
5137 0.0 0 0 0 5137 0.2 50 0 0 60 50.4 45.9 45.9
5137 0.0 0 0 0 5137 0.2 50 0 0 90 57.5 49.2 49.2
5137 0.0 0 0 0 5137 0.2 50 0 0 120 66.2 54.3 54.3
5137 0.0 0 0 0 5137 0.2 50 0 0 150 73.8 59.4 59.4
5137 0.0 0 0 0 5137 0.2 50 0 0 180 75.2 63.1 63.1
5137 0.0 0 0 0 5137 0.2 60 0 0 0 43.0 44.7 44.7
5137 0.0 0 0 0 5137 0.2 60 0 0 30 45.3 45.8 45.8
5137 0.0 0 0 0 5137 0.2 60 0 0 60 49.9 47.7 47.7
5137 0.0 0 0 0 5137 0.2 60 0 0 90 56.4 50.6 50.6
5137 0.0 0 0 0 5137 0.2 60 0 0 120 65.0 54.7 54.7
5137 0.0 0 0 0 5137 0.2 60 0 0 150 71.8 59.8 59.8
5137 0.0 0 0 0 5137 0.2 60 0 0 180 73.3 63.6 63.6
5137 0.0 0 0 0 5137 0.3 0 0 0 0 45.3 39.9 39.9
5137 0.0 0 0 0 5137 0.3 0 0 0 30 46.5 41.1 41.1
5137 0.0 0 0 0 5137 0.3 0 0 0 60 50.1 44.7 44.7
5137 0.0 0 0 0 5137 0.3 0 0 0 90 56.4 51.0 51.0
5137 0.0 0 0 0 5137 0.3 0 0 0 120 64.9 59.2 59.2
5137 0.0 0 0 0 5137 0.3 0 0 0 150 74.1 65.8 65.8
5137 0.0 0 0 0 5137 0.3 0 0 0 180 77.9 67.2 67.2
5137 0.0 0 0 0 5137 0.3 10 0 0 0 45.3 39.8 39.8
5137 0.0 0 0 0 5137 0.3 10 0 0 30 46.5 41.0 41.0
5137 0.0 0 0 0 5137 0.3 10 0 0 60 50.0 44.6 44.6
5137 0.0 0 0 0 5137 0.3 10 0 0 90 56.3 50.8 50.8
5137 0.0 0 0 0 5137 0.3 10 0 0 120 64.8 58.2 58.2
5137 0.0 0 0 0 5137 0.3 10 0 0 150 74.0 64.6 64.6
5137 0.0 0 0 0 5137 0.3 10 0 0 180 77.8 67.0 67.0
5137 0.0 0 0 0 5137 0.3 20 0 0 0 45.3 39.5 39.5
5137 0.0 0 0 0 5137 0.3 20 0 0 30 46.5 40.9 40.9
5137 0.0 0 0 0 5137 0.3 20 0 0 60 49.8 44.4 44.4
5137 0.0 0 0 0 5137 0.3 20 0 0 90 56.0 49.7 49.7
5137 0.0 0 0 0 5137 0.3 20 0 0 120 64.6 56.1 56.1
5137 0.0 0 0 0 5137 0.3 20 0 0 150 73.8 62.4 62.4
5137 0.0 0 0 0 5137 0.3 20 0 0 180 77.5 65.7 65.7
5137 0.0 0 0 0 5137 0.3 30 0 0 0 45.2 39.8 39.8
5137 0.0 0 0 0 5137 0.3 30 0 0 30 46.4 41.0 41.0
5137 0.0 0 0 0 5137 0.3 30 0 0 60 49.5 43.3 43.3
5137 0.0 0 0 0 5137 0.3 30 0 0 90 55.7 46.9 46.9
5137 0.0 0 0 0 5137 0.3 30 0 0 120 64.2 52.7 52.7
5137 0.0 0 0 0 5137 0.3 30 0 0 150 73.4 59.0 59.0
5137 0.0 0 0 0 5137 0.3 30 0 0 180 77.0 63.1 63.1
5137 0.0 0 0 0 5137 0.3 40 0 0 0 45.1 40.9 40.9
5137 0.0 0 0 0 5137 0.3 40 0 0 30 46.3 42.0 42.0
5137 0.0 0 0 0 5137 0.3 40 0 0 60 49.3 43.8 43.8
5137 0.0 0 0 0 5137 0.3 40 0 0 90 55.1 46.7 46.7
5137 0.0 0 0 0 5137 0.3 40 0 0 120 63.7 51.7 51.7
5137 0.0 0 0 0 5137 0.3 40 0 0 150 72.8 57.9 57.9
5137 0.0 0 0 0 5137 0.3 40 0 0 180 76.2 62.5 62.5
5137 0.0 0 0 0 5137 0.3 50 0 0 0 45.1 42.4 42.4
5137 0.0 0 0 0 5137 0.3 50 0 0 30 46.3 43.3 43.3
5137 0.0 0 0 0 5137 0.3 50 0 0 60 49.1 44.9 44.9
5137 0.0 0 0 0 5137 0.3 50 0 0 90 54.4 47.4 47.4
5137 0.0 0 0 0 5137 0.3 50 0 0 120 63.0 51.5 51.5
5137 0.0 0 0 0 5137 0.3 50 0 0 150 71.8 57.5 57.5
5137 0.0 0 0 0 5137 0.3 50 0 0 180 75.0 62.4 62.4
5137 0.0 0 0 0 5137 0.3 60 0 0 0 45.0 44.3 44.3
5137 0.0 0 0 0 5137 0.3 60 0 0 30 46.3 45.2 45.2
5137 0.0 0 0 0 5137 0.3 60 0 0 60 48.9 46.6 46.6
5137 0.0 0 0 0 5137 0.3 60 0 0 90 53.8 48.8 48.8
5137 0.0 0 0 0 5137 0.3 60 0 0 120 61.8 52.3 52.3
5137 0.0 0 0 0 5137 0.3 60 0 0 150 70.0 57.6 57.6
5137 0.0 0 0 0 5137 0.3 60 0 0 180 72.9 62.7 62.7
5137 0.0 0 0 0 5137 0.4 0 0 0 0 47.4 41.9 41.9
5137 0.0 0 0 0 5137 0.4 0 0 0 30 48.1 42.5 42.5
5137 0.0 0 0 0 5137 0.4 0 0 0 60 49.5 44.0 44.0
5137 0.0 0 0 0 5137 0.4 0 0 0 90 53.5 47.8 47.8
5137 0.0 0 0 0 5137 0.4 0 0 0 120 61.5 55.6 55.6
5137 0.0 0 0 0 5137 0.4 0 0 0 150 71.5 63.4 63.4
5137 0.0 0 0 0 5137 0.4 0 0 0 180 77.3 66.9 66.9
5137 0.0 0 0 0 5137 0.4 10 0 0 0 47.4 41.8 41.8
5137 0.0 0 0 0 5137 0.4 10 0 0 30 48.0 42.3 42.3
5137 0.0 0 0 0 5137 0.4 10 0 0 60 49.5 43.8 43.8
5137 0.0 0 0 0 5137 0.4 10 0 0 90 53.3 47.7 47.7
5137 0.0 0 0 0 5137 0.4 10 0 0 120 61.4 54.6 54.6
5137 0.0 0 0 0 5137 0.4 10 0 0 150 71.5 62.2 62.2
5137 0.0 0 0 0 5137 0.4 10 0 0 180 77.2 66.6 66.6
5137 0.0 0 0 0 5137 0.4 20 0 0 0 47.4 41.5 41.5
5137 0.0 0 0 0 5137 0.4 20 0 0 30 48.0 41.7 41.7
5137 0.0 0 0 0 5137 0.4 20 0 0 60 49.4 43.3 43.3
5137 0.0 0 0 0 5137 0.4 20 0 0 90 53.1 46.6 46.6
5137 0.0 0 0 0 5137 0.4 20 0 0 120 61.1 52.2 52.2
5137 0.0 0 0 0 5137 0.4 20 0 0 150 71.3 59.5 59.5
5137 0.0 0 0 0 5137 0.4 20 0 0 180 76.9 64.9 64.9
5137 0.0 0 0 0 5137 0.4 30 0 0 0 47.4 41.5 41.5
5137 0.0 0 0 0 5137 0.4 30 0 0 30 48.0 41.4 41.4
5137 0.0 0 0 0 5137 0.4 30 0 0 60 49.4 42.8 42.8
5137 0.0 0 0 0 5137 0.4 30 0 0 90 52.9 45.3 45.3
5137 0.0 0 0 0 5137 0.4 30 0 0 120 60.8 49.8 49.8
5137 0.0 0 0 0 5137 0.4 30 0 0 150 70.8 57.0 57.0
5137 0.0 0 0 0 5137 0.4 30 0 0 180 76.3 62.9 62.9
5137 0.0 0 0 0 5137 0.4 40 0 0 0 47.4 41.9 41.9
5137 0.0 0 0 0 5137 0.4 40 0 0 30 48.0 42.0 42.0
5137 0.0 0 0 0 5137 0.4 40 0 0 60 49.3 43.3 43.3
5137 0.0 0 0 0 5137 0.4 40 0 0 90 52.6 45.4 45.4
5137 0.0 0 0 0 5137 0.4 40 0 0 120 60.2 49.1 49.1
5137 0.0 0 0 0 5137 0.4 40 0 0 150 70.2 56.0 56.0
5137 0.0 0 0 0 5137 0.4 40 0 0 180 75.5 62.2 62.2
5137 0.0 0 0 0 5137 0.4 50 0 0 0 47.3 43.0 43.0
5137 0.0 0 0 0 5137 0.4 50 0 0 30 48.0 43.2 43.2
5137 0.0 0 0 0 5137 0.4 50 0 0 60 49.3 44.3 44.3
5137 0.0 0 0 0 5137 0.4 50 0 0 90 52.4 46.2 46.2
5137 0.0 0 0 0 5137 0.4 50 0 0 120 59.5 49.4 49.4
5137 0.0 0 0 0 5137 0.4 50 0 0 150 69.2 55.5 55.5
5137 0.0 0 0 0 5137 0.4 50 0 0 180 74.1 61.8 61.8
5137 0.0 0 0 0 5137 0.4 60 0 0 0 47.3 44.5 44.5
5137 0.0 0 0 0 5137 0.4 60 0 0 30 48.0 44.6 44.6
5137 0.0 0 0 0 5137 0.4 60 0 0 60 49.4 45.7 45.7
5137 0.0 0 0 0 5137 0.4 60 0 0 90 52.2 47.4 47.4
5137 0.0 0 0 0 5137 0.4 60 0 0 120 58.6 50.3 50.3
5137 0.0 0 0 0 5137 0.4 60 0 0 150 67.5 55.4 55.4
5137 0.0 0 0 0 5137 0.4 60 0 0 180 71.7 61.8 61.8
5137 0.0 0 0 0 5137 0.5 0 0 0 0 49.6 43.9 43.9
5137 0.0 0 0 0 5137 0.5 0 0 0 30 49.9 44.2 44.2
5137 0.0 0 0 0 5137 0.5 0 0 0 60 50.6 44.9 44.9
5137 0.0 0 0 0 5137 0.5 0 0 0 90 52.3 46.6 46.6
5137 0.0 0 0 0 5137 0.5 0 0 0 120 57.9 51.7 51.7
5137 0.0 0 0 0 5137 0.5 0 0 0 150 68.6 60.3 60.3
5137 0.0 0 0 0 5137 0.5 0 0 0 180 75.9 66.1 66.1
5137 0.0 0 0 0 5137 0.5 10 0 0 0 49.6 43.8 43.8
5137 0.0 0 0 0 5137 0.5 10 0 0 30 49.9 44.1 44.1
5137 0.0 0 0 0 5137 0.5 10 0 0 60 50.6 44.7 44.7
5137 0.0 0 0 0 5137 0.5 10 0 0 90 52.3 46.3 46.3
5137 0.0 0 0 0 5137 0.5 10 0 0 120 57.8 50.6 50.6
5137 0.0 0 0 0 5137 0.5 10 0 0 150 68.5 59.0 59.0
5137 0.0 0 0 0 5137 0.5 10 0 0 180 75.8 65.9 65.9
5137 0.0 0 0 0 5137 0.5 20 0 0 0 49.6 43.5 43.5
5137 0.0 0 0 0 5137 0.5 20 0 0 30 49.9 43.6 43.6
5137 0.0 0 0 0 5137 0.5 20 0 0 60 50.6 43.9 43.9
5137 0.0 0 0 0 5137 0.5 20 0 0 90 52.3 44.9 44.9
5137 0.0 0 0 0 5137 0.5 20 0 0 120 57.6 48.7 48.7
5137 0.0 0 0 0 5137 0.5 20 0 0 150 68.3 56.6 56.6
5137 0.0 0 0 0 5137 0.5 20 0 0 180 75.5 64.0 64.0
5137 0.0 0 0 0 5137 0.5 30 0 0 0 49.6 43.4 43.4
5137 0.0 0 0 0 5137 0.5 30 0 0 30 49.9 43.3 43.3
5137 0.0 0 0 0 5137 0.5 30 0 0 60 50.6 43.4 43.4
5137 0.0 0 0 0 5137 0.5 30 0 0 90 52.2 44.4 44.4
5137 0.0 0 0 0 5137 0.5 30 0 0 120 57.2 47.7 47.7
5137 0.0 0 0 0 5137 0.5 30 0 0 150 67.8 54.9 54.9
5137 0.0 0 0 0 5137 0.5 30 0 0 180 74.9 62.7 62.7
5137 0.0 0 0 0 5137 0.5 40 0 0 0 49.6 43.7 43.7
5137 0.0 0 0 0 5137 0.5 40 0 0 30 50.0 43.4 43.4
5137 0.0 0 0 0 5137 0.5 40 0 0 60 50.6 43.4 43.4
5137 0.0 0 0 0 5137 0.5 40 0 0 90 52.2 44.7 44.7
5137 0.0 0 0 0 5137 0.5 40 0 0 120 56.9 47.6 47.6
5137 0.0 0 0 0 5137 0.5 40 0 0 150 67.1 53.9 53.9
5137 0.0 0 0 0 5137 0.5 40 0 0 180 74.0 61.9 61.9
5137 0.0 0 0 0 5137 0.5 50 0 0 0 49.7 44.2 44.2
5137 0.0 0 0 0 5137 0.5 50 0 0 30 50.0 43.9 43.9
5137 0.0 0 0 0 5137 0.5 50 0 0 60 50.7 44.1 44.1
5137 0.0 0 0 0 5137 0.5 50 0 0 90 52.2 45.3 45.3
5137 0.0 0 0 0 5137 0.5 50 0 0 120 56.6 47.9 47.9
5137 0.0 0 0 0 5137 0.5 50 0 0 150 66.1 53.3 53.3
5137 0.0 0 0 0 5137 0.5 50 0 0 180 72.6 61.4 61.4
5137 0.0 0 0 0 5137 0.5 60 0 0 0 49.7 45.1 45.1
5137 0.0 0 0 0 5137 0.5 60 0 0 30 50.0 44.9 44.9
5137 0.0 0 0 0 5137 0.5 60 0 0 60 50.7 45.1 45.1
5137 0.0 0 0 0 5137 0.5 60 0 0 90 52.2 46.2 46.2
5137 0.0 0 0 0 5137 0.5 60 0 0 120 56.2 48.6 48.6
5137 0.0 0 0 0 5137 0.5 60 0 0 150 64.3 53.4 53.4
5137 0.0 0 0 0 5137 0.5 60 0 0 180 69.9 61.1 61.1
