5337 0.1 20 0 0 4737 0.0 0 0 0 0 62.2 54.6 54.6
5337 0.1 20 0 0 4737 0.0 0 0 0 30 62.2 54.9 54.9
5337 0.1 20 0 0 4737 0.0 0 0 0 60 62.4 54.5 54.5
5337 0.1 20 0 0 4737 0.0 0 0 0 90 62.2 55.2 55.2
5337 0.1 20 0 0 4737 0.0 0 0 0 120 62.4 54.7 54.7
5337 0.1 20 0 0 4737 0.0 0 0 0 150 62.3 55.2 55.2
5337 0.1 20 0 0 4737 0.0 0 0 0 180 62.3 55.2 55.2
5337 0.1 20 0 0 4737 0.0 10 0 0 0 62.1 54.2 54.2
5337 0.1 20 0 0 4737 0.0 10 0 0 30 62.1 54.5 54.5
5337 0.1 20 0 0 4737 0.0 10 0 0 60 62.4 54.3 54.3
5337 0.1 20 0 0 4737 0.0 10 0 0 90 62.2 54.7 54.7
5337 0.1 20 0 0 4737 0.0 10 0 0 120 62.3 54.4 54.4
5337 0.1 20 0 0 4737 0.0 10 0 0 150 62.2 54.8 54.8
5337 0.1 20 0 0 4737 0.0 10 0 0 180 62.2 54.8 54.8
5337 0.1 20 0 0 4737 0.0 20 0 0 0 62.0 53.0 53.0
5337 0.1 20 0 0 4737 0.0 20 0 0 30 61.9 53.2 53.2
5337 0.1 20 0 0 4737 0.0 20 0 0 60 62.2 53.2 53.2
5337 0.1 20 0 0 4737 0.0 20 0 0 90 62.0 53.4 53.4
5337 0.1 20 0 0 4737 0.0 20 0 0 120 62.2 53.5 53.5
5337 0.1 20 0 0 4737 0.0 20 0 0 150 62.0 53.5 53.5
5337 0.1 20 0 0 4737 0.0 20 0 0 180 62.0 53.6 53.6
5337 0.1 20 0 0 4737 0.0 30 0 0 0 61.7 50.8 50.8
5337 0.1 20 0 0 4737 0.0 30 0 0 30 61.6 50.8 50.8
5337 0.1 20 0 0 4737 0.0 30 0 0 60 61.9 51.0 51.0
5337 0.1 20 0 0 4737 0.0 30 0 0 90 61.6 50.9 50.9
5337 0.1 20 0 0 4737 0.0 30 0 0 120 61.9 51.3 51.3
5337 0.1 20 0 0 4737 0.0 30 0 0 150 61.7 51.2 51.2
5337 0.1 20 0 0 4737 0.0 30 0 0 180 61.7 51.4 51.4
5337 0.1 20 0 0 4737 0.0 40 0 0 0 61.2 50.8 50.8
5337 0.1 20 0 0 4737 0.0 40 0 0 30 61.1 50.7 50.7
5337 0.1 20 0 0 4737 0.0 40 0 0 60 61.4 51.0 51.0
5337 0.1 20 0 0 4737 0.0 40 0 0 90 61.1 50.8 50.8
5337 0.1 20 0 0 4737 0.0 40 0 0 120 61.4 51.2 51.2
5337 0.1 20 0 0 4737 0.0 40 0 0 150 61.2 51.1 51.1
5337 0.1 20 0 0 4737 0.0 40 0 0 180 61.2 51.3 51.3
5337 0.1 20 0 0 4737 0.0 50 0 0 0 60.4 51.5 51.5
5337 0.1 20 0 0 4737 0.0 50 0 0 30 60.3 51.5 51.5
5337 0.1 20 0 0 4737 0.0 50 0 0 60 60.6 51.6 51.6
5337 0.1 20 0 0 4737 0.0 50 0 0 90 60.3 51.6 51.6
5337 0.1 20 0 0 4737 0.0 50 0 0 120 60.6 51.9 51.9
5337 0.1 20 0 0 4737 0.0 50 0 0 150 60.4 52.0 52.0
5337 0.1 20 0 0 4737 0.0 50 0 0 180 60.4 52.0 52.0
5337 0.1 20 0 0 4737 0.0 60 0 0 0 59.1 52.6 52.6
5337 0.1 20 0 0 4737 0.0 60 0 0 30 59.1 52.7 52.7
5337 0.1 20 0 0 4737 0.0 60 0 0 60 59.3 52.8 52.8
5337 0.1 20 0 0 4737 0.0 60 0 0 90 59.1 53.0 53.0
5337 0.1 20 0 0 4737 0.0 60 0 0 120 59.2 53.0 53.0
5337 0.1 20 0 0 4737 0.0 60 0 0 150 59.1 53.2 53.2
5337 0.1 20 0 0 4737 0.0 60 0 0 180 59.1 53.2 53.2
5337 0.1 20 0 0 4737 0.1 0 0 0 0 61.9 54.2 54.2
5337 0.1 20 0 0 4737 0.1 0 0 0 30 62.1 54.5 54.5
5337 0.1 20 0 0 4737 0.1 0 0 0 60 62.1 54.2 54.2
5337 0.1 20 0 0 4737 0.1 0 0 0 90 62.2 54.5 54.5
5337 0.1 20 0 0 4737 0.1 0 0 0 120 62.1 54.6 54.6
5337 0.1 20 0 0 4737 0.1 0 0 0 150 62.1 54.7 54.7
5337 0.1 20 0 0 4737 0.1 0 0 0 180 62.1 54.7 54.7
5337 0.1 20 0 0 4737 0.1 10 0 0 0 61.9 53.9 53.9
5337 0.1 20 0 0 4737 0.1 10 0 0 30 62.1 54.1 54.1
5337 0.1 20 0 0 4737 0.1 10 0 0 60 62.0 53.9 53.9
5337 0.1 20 0 0 4737 0.1 10 0 0 90 62.1 54.1 54.1
5337 0.1 20 0 0 4737 0.1 10 0 0 120 62.1 54.1 54.1
5337 0.1 20 0 0 4737 0.1 10 0 0 150 62.0 54.4 54.4
5337 0.1 20 0 0 4737 0.1 10 0 0 180 62.0 54.4 54.4
5337 0.1 20 0 0 4737 0.1 20 0 0 0 61.7 52.7 52.7
5337 0.1 20 0 0 4737 0.1 20 0 0 30 61.9 52.8 52.8
5337 0.1 20 0 0 4737 0.1 20 0 0 60 61.8 52.8 52.8
5337 0.1 20 0 0 4737 0.1 20 0 0 90 61.9 52.9 52.9
5337 0.1 20 0 0 4737 0.1 20 0 0 120 61.9 53.1 53.1
5337 0.1 20 0 0 4737 0.1 20 0 0 150 61.8 53.2 53.2
5337 0.1 20 0 0 4737 0.1 20 0 0 180 61.8 53.3 53.3
5337 0.1 20 0 0 4737 0.1 30 0 0 0 61.4 50.6 50.6
5337 0.1 20 0 0 4737 0.1 30 0 0 30 61.5 50.5 50.5
5337 0.1 20 0 0 4737 0.1 30 0 0 60 61.5 50.6 50.6
5337 0.1 20 0 0 4737 0.1 30 0 0 90 61.6 50.6 50.6
5337 0.1 20 0 0 4737 0.1 30 0 0 120 61.5 50.7 50.7
5337 0.1 20 0 0 4737 0.1 30 0 0 150 61.5 50.9 50.9
5337 0.1 20 0 0 4737 0.1 30 0 0 180 61.5 50.9 50.9
5337 0.1 20 0 0 4737 0.1 40 0 0 0 60.9 50.6 50.6
5337 0.1 20 0 0 4737 0.1 40 0 0 30 61.0 50.5 50.5
5337 0.1 20 0 0 4737 0.1 40 0 0 60 61.0 50.6 50.6
5337 0.1 20 0 0 4737 0.1 40 0 0 90 61.1 50.6 50.6
5337 0.1 20 0 0 4737 0.1 40 0 0 120 61.0 50.6 50.6
5337 0.1 20 0 0 4737 0.1 40 0 0 150 61.0 50.9 50.9
5337 0.1 20 0 0 4737 0.1 40 0 0 180 60.9 50.8 50.8
5337 0.1 20 0 0 4737 0.1 50 0 0 0 60.1 51.1 51.1
5337 0.1 20 0 0 4737 0.1 50 0 0 30 60.2 51.2 51.2
5337 0.1 20 0 0 4737 0.1 50 0 0 60 60.3 51.4 51.4
5337 0.1 20 0 0 4737 0.1 50 0 0 90 60.3 51.3 51.3
5337 0.1 20 0 0 4737 0.1 50 0 0 120 60.2 51.5 51.5
5337 0.1 20 0 0 4737 0.1 50 0 0 150 60.2 51.6 51.6
5337 0.1 20 0 0 4737 0.1 50 0 0 180 60.1 51.6 51.6
5337 0.1 20 0 0 4737 0.1 60 0 0 0 58.8 52.1 52.1
5337 0.1 20 0 0 4737 0.1 60 0 0 30 58.9 52.4 52.4
5337 0.1 20 0 0 4737 0.1 60 0 0 60 59.0 52.4 52.4
5337 0.1 20 0 0 4737 0.1 60 0 0 90 59.0 52.4 52.4
5337 0.1 20 0 0 4737 0.1 60 0 0 120 58.9 52.7 52.7
5337 0.1 20 0 0 4737 0.1 60 0 0 150 58.9 52.8 52.8
5337 0.1 20 0 0 4737 0.1 60 0 0 180 58.9 53.0 53.0
5337 0.1 20 0 0 4737 0.2 0 0 0 0 61.7 53.8 53.8
5337 0.1 20 0 0 4737 0.2 0 0 0 30 62.0 53.8 53.8
5337 0.1 20 0 0 4737 0.2 0 0 0 60 61.8 53.9 53.9
5337 0.1 20 0 0 4737 0.2 0 0 0 90 61.9 54.0 54.0
5337 0.1 20 0 0 4737 0.2 0 0 0 120 62.1 54.1 54.1
5337 0.1 20 0 0 4737 0.2 0 0 0 150 61.8 54.4 54.4
5337 0.1 20 0 0 4737 0.2 0 0 0 180 61.9 54.3 54.3
5337 0.1 20 0 0 4737 0.2 10 0 0 0 61.7 53.5 53.5
5337 0.1 20 0 0 4737 0.2 10 0 0 30 61.9 53.5 53.5
5337 0.1 20 0 0 4737 0.2 10 0 0 60 61.8 53.5 53.5
5337 0.1 20 0 0 4737 0.2 10 0 0 90 61.8 53.7 53.7
5337 0.1 20 0 0 4737 0.2 10 0 0 120 62.0 53.7 53.7
5337 0.1 20 0 0 4737 0.2 10 0 0 150 61.7 54.1 54.1
5337 0.1 20 0 0 4737 0.2 10 0 0 180 61.8 53.9 53.9
5337 0.1 20 0 0 4737 0.2 20 0 0 0 61.5 52.3 52.3
5337 0.1 20 0 0 4737 0.2 20 0 0 30 61.8 52.4 52.4
5337 0.1 20 0 0 4737 0.2 20 0 0 60 61.6 52.3 52.3
5337 0.1 20 0 0 4737 0.2 20 0 0 90 61.6 52.4 52.4
5337 0.1 20 0 0 4737 0.2 20 0 0 120 61.8 52.6 52.6
5337 0.1 20 0 0 4737 0.2 20 0 0 150 61.5 52.7 52.7
5337 0.1 20 0 0 4737 0.2 20 0 0 180 61.6 52.8 52.8
5337 0.1 20 0 0 4737 0.2 30 0 0 0 61.2 50.3 50.3
5337 0.1 20 0 0 4737 0.2 30 0 0 30 61.4 50.4 50.4
5337 0.1 20 0 0 4737 0.2 30 0 0 60 61.2 50.3 50.3
5337 0.1 20 0 0 4737 0.2 30 0 0 90 61.3 50.4 50.4
5337 0.1 20 0 0 4737 0.2 30 0 0 120 61.5 50.6 50.6
5337 0.1 20 0 0 4737 0.2 30 0 0 150 61.2 50.6 50.6
5337 0.1 20 0 0 4737 0.2 30 0 0 180 61.3 50.6 50.6
5337 0.1 20 0 0 4737 0.2 40 0 0 0 60.7 50.4 50.4
5337 0.1 20 0 0 4737 0.2 40 0 0 30 60.9 50.6 50.6
5337 0.1 20 0 0 4737 0.2 40 0 0 60 60.7 50.4 50.4
5337 0.1 20 0 0 4737 0.2 40 0 0 90 60.8 50.4 50.4
5337 0.1 20 0 0 4737 0.2 40 0 0 120 60.9 50.6 50.6
5337 0.1 20 0 0 4737 0.2 40 0 0 150 60.7 50.5 50.5
5337 0.1 20 0 0 4737 0.2 40 0 0 180 60.8 50.6 50.6
5337 0.1 20 0 0 4737 0.2 50 0 0 0 59.9 50.8 50.8
5337 0.1 20 0 0 4737 0.2 50 0 0 30 60.1 51.0 51.0
5337 0.1 20 0 0 4737 0.2 50 0 0 60 60.0 51.0 51.0
5337 0.1 20 0 0 4737 0.2 50 0 0 90 60.0 51.0 51.0
5337 0.1 20 0 0 4737 0.2 50 0 0 120 60.1 51.2 51.2
5337 0.1 20 0 0 4737 0.2 50 0 0 150 59.9 51.3 51.3
5337 0.1 20 0 0 4737 0.2 50 0 0 180 60.0 51.4 51.4
5337 0.1 20 0 0 4737 0.2 60 0 0 0 58.6 51.6 51.6
5337 0.1 20 0 0 4737 0.2 60 0 0 30 58.7 51.9 51.9
5337 0.1 20 0 0 4737 0.2 60 0 0 60 58.7 52.0 52.0
5337 0.1 20 0 0 4737 0.2 60 0 0 90 58.7 51.9 51.9
5337 0.1 20 0 0 4737 0.2 60 0 0 120 58.6 52.2 52.2
5337 0.1 20 0 0 4737 0.2 60 0 0 150 58.6 52.3 52.3
5337 0.1 20 0 0 4737 0.2 60 0 0 180 58.7 52.7 52.7
5337 0.1 20 0 0 4737 0.3 0 0 0 0 61.6 53.3 53.3
5337 0.1 20 0 0 4737 0.3 0 0 0 30 61.8 53.1 53.1
5337 0.1 20 0 0 4737 0.3 0 0 0 60 61.7 53.4 53.4
5337 0.1 20 0 0 4737 0.3 0 0 0 90 61.6 53.7 53.7
5337 0.1 20 0 0 4737 0.3 0 0 0 120 61.9 53.4 53.4
5337 0.1 20 0 0 4737 0.3 0 0 0 150 61.5 54.1 54.1
5337 0.1 20 0 0 4737 0.3 0 0 0 180 61.7 53.9 53.9
5337 0.1 20 0 0 4737 0.3 10 0 0 0 61.5 53.0 53.0
5337 0.1 20 0 0 4737 0.3 10 0 0 30 61.7 52.8 52.8
5337 0.1 20 0 0 4737 0.3 10 0 0 60 61.7 53.1 53.1
5337 0.1 20 0 0 4737 0.3 10 0 0 90 61.5 53.2 53.2
5337 0.1 20 0 0 4737 0.3 10 0 0 120 61.8 53.0 53.0
5337 0.1 20 0 0 4737 0.3 10 0 0 150 61.5 53.6 53.6
5337 0.1 20 0 0 4737 0.3 10 0 0 180 61.6 53.5 53.5
5337 0.1 20 0 0 4737 0.3 20 0 0 0 61.4 51.6 51.6
5337 0.1 20 0 0 4737 0.3 20 0 0 30 61.5 51.7 51.7
5337 0.1 20 0 0 4737 0.3 20 0 0 60 61.5 51.6 51.6
5337 0.1 20 0 0 4737 0.3 20 0 0 90 61.3 51.6 51.6
5337 0.1 20 0 0 4737 0.3 20 0 0 120 61.6 51.9 51.9
5337 0.1 20 0 0 4737 0.3 20 0 0 150 61.3 52.0 52.0
5337 0.1 20 0 0 4737 0.3 20 0 0 180 61.4 52.1 52.1
5337 0.1 20 0 0 4737 0.3 30 0 0 0 61.0 50.0 50.0
5337 0.1 20 0 0 4737 0.3 30 0 0 30 61.2 50.3 50.3
5337 0.1 20 0 0 4737 0.3 30 0 0 60 61.1 50.3 50.3
5337 0.1 20 0 0 4737 0.3 30 0 0 90 61.0 50.2 50.2
5337 0.1 20 0 0 4737 0.3 30 0 0 120 61.3 50.6 50.6
5337 0.1 20 0 0 4737 0.3 30 0 0 150 60.9 50.4 50.4
5337 0.1 20 0 0 4737 0.3 30 0 0 180 61.1 50.6 50.6
5337 0.1 20 0 0 4737 0.3 40 0 0 0 60.5 50.1 50.1
5337 0.1 20 0 0 4737 0.3 40 0 0 30 60.7 50.4 50.4
5337 0.1 20 0 0 4737 0.3 40 0 0 60 60.6 50.4 50.4
5337 0.1 20 0 0 4737 0.3 40 0 0 90 60.5 50.2 50.2
5337 0.1 20 0 0 4737 0.3 40 0 0 120 60.8 50.6 50.6
5337 0.1 20 0 0 4737 0.3 40 0 0 150 60.4 50.4 50.4
5337 0.1 20 0 0 4737 0.3 40 0 0 180 60.6 50.7 50.7
5337 0.1 20 0 0 4737 0.3 50 0 0 0 59.7 50.5 50.5
5337 0.1 20 0 0 4737 0.3 50 0 0 30 59.9 50.7 50.7
5337 0.1 20 0 0 4737 0.3 50 0 0 60 59.8 50.9 50.9
5337 0.1 20 0 0 4737 0.3 50 0 0 90 59.7 50.7 50.7
5337 0.1 20 0 0 4737 0.3 50 0 0 120 59.9 51.0 51.0
5337 0.1 20 0 0 4737 0.3 50 0 0 150 59.6 51.1 51.1
5337 0.1 20 0 0 4737 0.3 50 0 0 180 59.8 51.2 51.2
5337 0.1 20 0 0 4737 0.3 60 0 0 0 58.3 51.4 51.4
5337 0.1 20 0 0 4737 0.3 60 0 0 30 58.4 51.5 51.5
5337 0.1 20 0 0 4737 0.3 60 0 0 60 58.4 51.7 51.7
5337 0.1 20 0 0 4737 0.3 60 0 0 90 58.4 51.6 51.6
5337 0.1 20 0 0 4737 0.3 60 0 0 120 58.4 51.5 51.5
5337 0.1 20 0 0 4737 0.3 60 0 0 150 58.2 51.9 51.9
5337 0.1 20 0 0 4737 0.3 60 0 0 180 58.3 52.1 52.1
5337 0.1 20 0 0 4737 0.4 0 0 0 0 61.4 52.7 52.7
5337 0.1 20 0 0 4737 0.4 0 0 0 30 61.5 52.6 52.6
5337 0.1 20 0 0 4737 0.4 0 0 0 60 61.5 52.7 52.7
5337 0.1 20 0 0 4737 0.4 0 0 0 90 61.5 53.2 53.2
5337 0.1 20 0 0 4737 0.4 0 0 0 120 61.5 52.9 52.9
5337 0.1 20 0 0 4737 0.4 0 0 0 150 61.4 53.6 53.6
5337 0.1 20 0 0 4737 0.4 0 0 0 180 61.4 53.4 53.4
5337 0.1 20 0 0 4737 0.4 10 0 0 0 61.3 52.3 52.3
5337 0.1 20 0 0 4737 0.4 10 0 0 30 61.5 52.2 52.2
5337 0.1 20 0 0 4737 0.4 10 0 0 60 61.4 52.4 52.4
5337 0.1 20 0 0 4737 0.4 10 0 0 90 61.4 52.6 52.6
5337 0.1 20 0 0 4737 0.4 10 0 0 120 61.5 52.5 52.5
5337 0.1 20 0 0 4737 0.4 10 0 0 150 61.4 53.0 53.0
5337 0.1 20 0 0 4737 0.4 10 0 0 180 61.4 53.0 53.0
5337 0.1 20 0 0 4737 0.4 20 0 0 0 61.1 50.7 50.7
5337 0.1 20 0 0 4737 0.4 20 0 0 30 61.3 50.7 50.7
5337 0.1 20 0 0 4737 0.4 20 0 0 60 61.2 50.7 50.7
5337 0.1 20 0 0 4737 0.4 20 0 0 90 61.2 50.8 50.8
5337 0.1 20 0 0 4737 0.4 20 0 0 120 61.3 50.9 50.9
5337 0.1 20 0 0 4737 0.4 20 0 0 150 61.2 51.1 51.1
5337 0.1 20 0 0 4737 0.4 20 0 0 180 61.2 51.2 51.2
5337 0.1 20 0 0 4737 0.4 30 0 0 0 60.8 49.9 49.9
5337 0.1 20 0 0 4737 0.4 30 0 0 30 60.9 50.1 50.1
5337 0.1 20 0 0 4737 0.4 30 0 0 60 60.9 50.3 50.3
5337 0.1 20 0 0 4737 0.4 30 0 0 90 60.9 50.2 50.2
5337 0.1 20 0 0 4737 0.4 30 0 0 120 61.0 50.3 50.3
5337 0.1 20 0 0 4737 0.4 30 0 0 150 60.8 50.5 50.5
5337 0.1 20 0 0 4737 0.4 30 0 0 180 60.8 50.5 50.5
5337 0.1 20 0 0 4737 0.4 40 0 0 0 60.3 50.0 50.0
5337 0.1 20 0 0 4737 0.4 40 0 0 30 60.4 50.2 50.2
5337 0.1 20 0 0 4737 0.4 40 0 0 60 60.4 50.4 50.4
5337 0.1 20 0 0 4737 0.4 40 0 0 90 60.4 50.2 50.2
5337 0.1 20 0 0 4737 0.4 40 0 0 120 60.4 50.3 50.3
5337 0.1 20 0 0 4737 0.4 40 0 0 150 60.3 50.5 50.5
5337 0.1 20 0 0 4737 0.4 40 0 0 180 60.3 50.7 50.7
5337 0.1 20 0 0 4737 0.4 50 0 0 0 59.5 50.3 50.3
5337 0.1 20 0 0 4737 0.4 50 0 0 30 59.5 50.5 50.5
5337 0.1 20 0 0 4737 0.4 50 0 0 60 59.6 50.6 50.6
5337 0.1 20 0 0 4737 0.4 50 0 0 90 59.5 50.6 50.6
5337 0.1 20 0 0 4737 0.4 50 0 0 120 59.5 50.6 50.6
5337 0.1 20 0 0 4737 0.4 50 0 0 150 59.5 51.1 51.1
5337 0.1 20 0 0 4737 0.4 50 0 0 180 59.5 51.3 51.3
5337 0.1 20 0 0 4737 0.4 60 0 0 0 57.9 51.2 51.2
5337 0.1 20 0 0 4737 0.4 60 0 0 30 58.0 51.3 51.3
5337 0.1 20 0 0 4737 0.4 60 0 0 60 58.0 51.4 51.4
5337 0.1 20 0 0 4737 0.4 60 0 0 90 57.9 51.4 51.4
5337 0.1 20 0 0 4737 0.4 60 0 0 120 57.8 51.3 51.3
5337 0.1 20 0 0 4737 0.4 60 0 0 150 57.8 51.6 51.6
5337 0.1 20 0 0 4737 0.4 60 0 0 180 57.7 51.7 51.7
5337 0.1 20 0 0 4737 0.5 0 0 0 0 61.2 51.8 51.8
5337 0.1 20 0 0 4737 0.5 0 0 0 30 61.2 51.8 51.8
5337 0.1 20 0 0 4737 0.5 0 0 0 60 61.2 51.9 51.9
5337 0.1 20 0 0 4737 0.5 0 0 0 90 61.2 52.1 52.1
5337 0.1 20 0 0 4737 0.5 0 0 0 120 61.4 52.1 52.1
5337 0.1 20 0 0 4737 0.5 0 0 0 150 61.2 52.5 52.5
5337 0.1 20 0 0 4737 0.5 0 0 0 180 61.1 52.5 52.5
5337 0.1 20 0 0 4737 0.5 10 0 0 0 61.1 51.2 51.2
5337 0.1 20 0 0 4737 0.5 10 0 0 30 61.1 51.3 51.3
5337 0.1 20 0 0 4737 0.5 10 0 0 60 61.1 51.4 51.4
5337 0.1 20 0 0 4737 0.5 10 0 0 90 61.2 51.4 51.4
5337 0.1 20 0 0 4737 0.5 10 0 0 120 61.3 51.5 51.5
5337 0.1 20 0 0 4737 0.5 10 0 0 150 61.2 51.8 51.8
5337 0.1 20 0 0 4737 0.5 10 0 0 180 61.1 51.9 51.9
5337 0.1 20 0 0 4737 0.5 20 0 0 0 60.9 50.4 50.4
5337 0.1 20 0 0 4737 0.5 20 0 0 30 60.9 50.4 50.4
5337 0.1 20 0 0 4737 0.5 20 0 0 60 60.9 50.4 50.4
5337 0.1 20 0 0 4737 0.5 20 0 0 90 61.0 50.6 50.6
5337 0.1 20 0 0 4737 0.5 20 0 0 120 61.1 50.6 50.6
5337 0.1 20 0 0 4737 0.5 20 0 0 150 61.0 51.0 51.0
5337 0.1 20 0 0 4737 0.5 20 0 0 180 60.9 51.1 51.1
5337 0.1 20 0 0 4737 0.5 30 0 0 0 60.6 50.0 50.0
5337 0.1 20 0 0 4737 0.5 30 0 0 30 60.6 50.0 50.0
5337 0.1 20 0 0 4737 0.5 30 0 0 60 60.6 50.1 50.1
5337 0.1 20 0 0 4737 0.5 30 0 0 90 60.7 50.4 50.4
5337 0.1 20 0 0 4737 0.5 30 0 0 120 60.8 50.5 50.5
5337 0.1 20 0 0 4737 0.5 30 0 0 150 60.6 50.9 50.9
5337 0.1 20 0 0 4737 0.5 30 0 0 180 60.5 50.8 50.8
5337 0.1 20 0 0 4737 0.5 40 0 0 0 60.0 50.1 50.1
5337 0.1 20 0 0 4737 0.5 40 0 0 30 60.0 50.1 50.1
5337 0.1 20 0 0 4737 0.5 40 0 0 60 60.0 50.2 50.2
5337 0.1 20 0 0 4737 0.5 40 0 0 90 60.1 50.4 50.4
5337 0.1 20 0 0 4737 0.5 40 0 0 120 60.2 50.5 50.5
5337 0.1 20 0 0 4737 0.5 40 0 0 150 60.0 50.9 50.9
5337 0.1 20 0 0 4737 0.5 40 0 0 180 60.0 50.9 50.9
5337 0.1 20 0 0 4737 0.5 50 0 0 0 59.1 50.4 50.4
5337 0.1 20 0 0 4737 0.5 50 0 0 30 59.2 50.4 50.4
5337 0.1 20 0 0 4737 0.5 50 0 0 60 59.2 50.4 50.4
5337 0.1 20 0 0 4737 0.5 50 0 0 90 59.2 50.4 50.4
5337 0.1 20 0 0 4737 0.5 50 0 0 120 59.2 50.5 50.5
5337 0.1 20 0 0 4737 0.5 50 0 0 150 59.1 51.0 51.0
5337 0.1 20 0 0 4737 0.5 50 0 0 180 59.1 51.2 51.2
5337 0.1 20 0 0 4737 0.5 60 0 0 0 57.9 51.0 51.0
5337 0.1 20 0 0 4737 0.5 60 0 0 30 57.9 51.0 51.0
5337 0.1 20 0 0 4737 0.5 60 0 0 60 57.8 51.1 51.1
5337 0.1 20 0 0 4737 0.5 60 0 0 90 57.8 51.1 51.1
5337 0.1 20 0 0 4737 0.5 60 0 0 120 57.7 51.1 51.1
5337 0.1 20 0 0 4737 0.5 60 0 0 150 57.4 51.4 51.4
5337 0.1 20 0 0 4737 0.5 60 0 0 180 57.4 51.5 51.5
5337 0.1 20 0 0 4937 0.0 0 0 0 0 62.4 55.1 55.1
5337 0.1 20 0 0 4937 0.0 0 0 0 30 62.7 55.3 55.3
5337 0.1 20 0 0 4937 0.0 0 0 0 60 62.9 55.7 55.7
5337 0.1 20 0 0 4937 0.0 0 0 0 90 63.0 56.0 56.0
5337 0.1 20 0 0 4937 0.0 0 0 0 120 63.0 55.9 55.9
5337 0.1 20 0 0 4937 0.0 0 0 0 150 62.8 56.1 56.1
5337 0.1 20 0 0 4937 0.0 0 0 0 180 62.7 55.7 55.7
5337 0.1 20 0 0 4937 0.0 10 0 0 0 62.4 54.7 54.7
5337 0.1 20 0 0 4937 0.0 10 0 0 30 62.7 55.0 55.0
5337 0.1 20 0 0 4937 0.0 10 0 0 60 62.8 55.3 55.3
5337 0.1 20 0 0 4937 0.0 10 0 0 90 62.9 55.6 55.6
5337 0.1 20 0 0 4937 0.0 10 0 0 120 62.9 55.7 55.7
5337 0.1 20 0 0 4937 0.0 10 0 0 150 62.8 55.7 55.7
5337 0.1 20 0 0 4937 0.0 10 0 0 180 62.7 55.5 55.5
5337 0.1 20 0 0 4937 0.0 20 0 0 0 62.2 53.6 53.6
5337 0.1 20 0 0 4937 0.0 20 0 0 30 62.5 54.0 54.0
5337 0.1 20 0 0 4937 0.0 20 0 0 60 62.6 54.2 54.2
5337 0.1 20 0 0 4937 0.0 20 0 0 90 62.7 54.5 54.5
5337 0.1 20 0 0 4937 0.0 20 0 0 120 62.7 54.7 54.7
5337 0.1 20 0 0 4937 0.0 20 0 0 150 62.6 54.6 54.6
5337 0.1 20 0 0 4937 0.0 20 0 0 180 62.5 54.5 54.5
5337 0.1 20 0 0 4937 0.0 30 0 0 0 61.9 51.1 51.1
5337 0.1 20 0 0 4937 0.0 30 0 0 30 62.2 51.6 51.6
5337 0.1 20 0 0 4937 0.0 30 0 0 60 62.4 52.1 52.1
5337 0.1 20 0 0 4937 0.0 30 0 0 90 62.4 52.3 52.3
5337 0.1 20 0 0 4937 0.0 30 0 0 120 62.4 52.4 52.4
5337 0.1 20 0 0 4937 0.0 30 0 0 150 62.3 52.4 52.4
5337 0.1 20 0 0 4937 0.0 30 0 0 180 62.1 52.1 52.1
5337 0.1 20 0 0 4937 0.0 40 0 0 0 61.4 51.0 51.0
5337 0.1 20 0 0 4937 0.0 40 0 0 30 61.7 51.4 51.4
5337 0.1 20 0 0 4937 0.0 40 0 0 60 61.9 52.0 52.0
5337 0.1 20 0 0 4937 0.0 40 0 0 90 61.9 52.3 52.3
5337 0.1 20 0 0 4937 0.0 40 0 0 120 61.9 52.5 52.5
5337 0.1 20 0 0 4937 0.0 40 0 0 150 61.8 52.3 52.3
5337 0.1 20 0 0 4937 0.0 40 0 0 180 61.7 52.0 52.0
5337 0.1 20 0 0 4937 0.0 50 0 0 0 60.7 51.7 51.7
5337 0.1 20 0 0 4937 0.0 50 0 0 30 61.0 52.0 52.0
5337 0.1 20 0 0 4937 0.0 50 0 0 60 61.1 52.4 52.4
5337 0.1 20 0 0 4937 0.0 50 0 0 90 61.2 52.7 52.7
5337 0.1 20 0 0 4937 0.0 50 0 0 120 61.2 52.9 52.9
5337 0.1 20 0 0 4937 0.0 50 0 0 150 61.1 52.9 52.9
5337 0.1 20 0 0 4937 0.0 50 0 0 180 60.9 52.8 52.8
5337 0.1 20 0 0 4937 0.0 60 0 0 0 59.5 53.0 53.0
5337 0.1 20 0 0 4937 0.0 60 0 0 30 59.7 53.2 53.2
5337 0.1 20 0 0 4937 0.0 60 0 0 60 59.8 53.5 53.5
5337 0.1 20 0 0 4937 0.0 60 0 0 90 60.0 53.7 53.7
5337 0.1 20 0 0 4937 0.0 60 0 0 120 59.9 54.0 54.0
5337 0.1 20 0 0 4937 0.0 60 0 0 150 59.8 53.9 53.9
5337 0.1 20 0 0 4937 0.0 60 0 0 180 59.8 53.9 53.9
5337 0.1 20 0 0 4937 0.1 0 0 0 0 62.3 54.7 54.7
5337 0.1 20 0 0 4937 0.1 0 0 0 30 62.5 54.9 54.9
5337 0.1 20 0 0 4937 0.1 0 0 0 60 62.7 55.3 55.3
5337 0.1 20 0 0 4937 0.1 0 0 0 90 62.7 55.4 55.4
5337 0.1 20 0 0 4937 0.1 0 0 0 120 62.7 55.6 55.6
5337 0.1 20 0 0 4937 0.1 0 0 0 150 62.7 55.8 55.8
5337 0.1 20 0 0 4937 0.1 0 0 0 180 62.5 55.4 55.4
5337 0.1 20 0 0 4937 0.1 10 0 0 0 62.2 54.3 54.3
5337 0.1 20 0 0 4937 0.1 10 0 0 30 62.4 54.5 54.5
5337 0.1 20 0 0 4937 0.1 10 0 0 60 62.6 54.9 54.9
5337 0.1 20 0 0 4937 0.1 10 0 0 90 62.7 55.1 55.1
5337 0.1 20 0 0 4937 0.1 10 0 0 120 62.7 55.3 55.3
5337 0.1 20 0 0 4937 0.1 10 0 0 150 62.6 55.4 55.4
5337 0.1 20 0 0 4937 0.1 10 0 0 180 62.4 55.1 55.1
5337 0.1 20 0 0 4937 0.1 20 0 0 0 62.0 53.1 53.1
5337 0.1 20 0 0 4937 0.1 20 0 0 30 62.3 53.4 53.4
5337 0.1 20 0 0 4937 0.1 20 0 0 60 62.4 53.7 53.7
5337 0.1 20 0 0 4937 0.1 20 0 0 90 62.5 54.1 54.1
5337 0.1 20 0 0 4937 0.1 20 0 0 120 62.5 54.3 54.3
5337 0.1 20 0 0 4937 0.1 20 0 0 150 62.4 54.3 54.3
5337 0.1 20 0 0 4937 0.1 20 0 0 180 62.3 54.1 54.1
5337 0.1 20 0 0 4937 0.1 30 0 0 0 61.7 50.6 50.6
5337 0.1 20 0 0 4937 0.1 30 0 0 30 62.0 51.0 51.0
5337 0.1 20 0 0 4937 0.1 30 0 0 60 62.1 51.3 51.3
5337 0.1 20 0 0 4937 0.1 30 0 0 90 62.2 51.8 51.8
5337 0.1 20 0 0 4937 0.1 30 0 0 120 62.2 52.2 52.2
5337 0.1 20 0 0 4937 0.1 30 0 0 150 62.1 52.2 52.2
5337 0.1 20 0 0 4937 0.1 30 0 0 180 61.9 51.8 51.8
5337 0.1 20 0 0 4937 0.1 40 0 0 0 61.2 50.5 50.5
5337 0.1 20 0 0 4937 0.1 40 0 0 30 61.5 50.8 50.8
5337 0.1 20 0 0 4937 0.1 40 0 0 60 61.6 51.2 51.2
5337 0.1 20 0 0 4937 0.1 40 0 0 90 61.7 51.7 51.7
5337 0.1 20 0 0 4937 0.1 40 0 0 120 61.7 52.2 52.2
5337 0.1 20 0 0 4937 0.1 40 0 0 150 61.6 52.2 52.2
5337 0.1 20 0 0 4937 0.1 40 0 0 180 61.4 51.8 51.8
5337 0.1 20 0 0 4937 0.1 50 0 0 0 60.5 51.3 51.3
5337 0.1 20 0 0 4937 0.1 50 0 0 30 60.8 51.4 51.4
5337 0.1 20 0 0 4937 0.1 50 0 0 60 60.9 51.7 51.7
5337 0.1 20 0 0 4937 0.1 50 0 0 90 61.0 52.1 52.1
5337 0.1 20 0 0 4937 0.1 50 0 0 120 61.0 52.5 52.5
5337 0.1 20 0 0 4937 0.1 50 0 0 150 60.9 52.6 52.6
5337 0.1 20 0 0 4937 0.1 50 0 0 180 60.7 52.6 52.6
5337 0.1 20 0 0 4937 0.1 60 0 0 0 59.3 52.7 52.7
5337 0.1 20 0 0 4937 0.1 60 0 0 30 59.5 52.8 52.8
5337 0.1 20 0 0 4937 0.1 60 0 0 60 59.7 53.0 53.0
5337 0.1 20 0 0 4937 0.1 60 0 0 90 59.7 53.3 53.3
5337 0.1 20 0 0 4937 0.1 60 0 0 120 59.7 53.5 53.5
5337 0.1 20 0 0 4937 0.1 60 0 0 150 59.7 53.6 53.6
5337 0.1 20 0 0 4937 0.1 60 0 0 180 59.5 53.5 53.5
5337 0.1 20 0 0 4937 0.2 0 0 0 0 62.2 54.2 54.2
5337 0.1 20 0 0 4937 0.2 0 0 0 30 62.3 54.4 54.4
5337 0.1 20 0 0 4937 0.2 0 0 0 60 62.5 54.7 54.7
5337 0.1 20 0 0 4937 0.2 0 0 0 90 62.5 55.0 55.0
5337 0.1 20 0 0 4937 0.2 0 0 0 120 62.6 55.2 55.2
5337 0.1 20 0 0 4937 0.2 0 0 0 150 62.5 55.3 55.3
5337 0.1 20 0 0 4937 0.2 0 0 0 180 62.3 55.0 55.0
5337 0.1 20 0 0 4937 0.2 10 0 0 0 62.1 53.9 53.9
5337 0.1 20 0 0 4937 0.2 10 0 0 30 62.2 54.0 54.0
5337 0.1 20 0 0 4937 0.2 10 0 0 60 62.4 54.3 54.3
5337 0.1 20 0 0 4937 0.2 10 0 0 90 62.4 54.6 54.6
5337 0.1 20 0 0 4937 0.2 10 0 0 120 62.5 55.0 55.0
5337 0.1 20 0 0 4937 0.2 10 0 0 150 62.5 55.0 55.0
5337 0.1 20 0 0 4937 0.2 10 0 0 180 62.3 54.7 54.7
5337 0.1 20 0 0 4937 0.2 20 0 0 0 61.9 52.7 52.7
5337 0.1 20 0 0 4937 0.2 20 0 0 30 62.0 52.9 52.9
5337 0.1 20 0 0 4937 0.2 20 0 0 60 62.2 53.1 53.1
5337 0.1 20 0 0 4937 0.2 20 0 0 90 62.2 53.5 53.5
5337 0.1 20 0 0 4937 0.2 20 0 0 120 62.4 53.8 53.8
5337 0.1 20 0 0 4937 0.2 20 0 0 150 62.3 53.9 53.9
5337 0.1 20 0 0 4937 0.2 20 0 0 180 62.1 53.7 53.7
5337 0.1 20 0 0 4937 0.2 30 0 0 0 61.6 50.2 50.2
5337 0.1 20 0 0 4937 0.2 30 0 0 30 61.7 50.4 50.4
5337 0.1 20 0 0 4937 0.2 30 0 0 60 61.9 50.7 50.7
5337 0.1 20 0 0 4937 0.2 30 0 0 90 62.0 51.1 51.1
5337 0.1 20 0 0 4937 0.2 30 0 0 120 62.0 51.6 51.6
5337 0.1 20 0 0 4937 0.2 30 0 0 150 61.9 52.0 52.0
5337 0.1 20 0 0 4937 0.2 30 0 0 180 61.7 51.8 51.8
5337 0.1 20 0 0 4937 0.2 40 0 0 0 61.1 50.1 50.1
5337 0.1 20 0 0 4937 0.2 40 0 0 30 61.3 50.3 50.3
5337 0.1 20 0 0 4937 0.2 40 0 0 60 61.4 50.7 50.7
5337 0.1 20 0 0 4937 0.2 40 0 0 90 61.5 51.1 51.1
5337 0.1 20 0 0 4937 0.2 40 0 0 120 61.5 51.6 51.6
5337 0.1 20 0 0 4937 0.2 40 0 0 150 61.4 51.9 51.9
5337 0.1 20 0 0 4937 0.2 40 0 0 180 61.2 51.9 51.9
5337 0.1 20 0 0 4937 0.2 50 0 0 0 60.4 50.9 50.9
5337 0.1 20 0 0 4937 0.2 50 0 0 30 60.5 51.0 51.0
5337 0.1 20 0 0 4937 0.2 50 0 0 60 60.7 51.3 51.3
5337 0.1 20 0 0 4937 0.2 50 0 0 90 60.7 51.7 51.7
5337 0.1 20 0 0 4937 0.2 50 0 0 120 60.7 52.1 52.1
5337 0.1 20 0 0 4937 0.2 50 0 0 150 60.6 52.3 52.3
5337 0.1 20 0 0 4937 0.2 50 0 0 180 60.4 52.3 52.3
5337 0.1 20 0 0 4937 0.2 60 0 0 0 59.1 52.3 52.3
5337 0.1 20 0 0 4937 0.2 60 0 0 30 59.3 52.4 52.4
5337 0.1 20 0 0 4937 0.2 60 0 0 60 59.4 52.7 52.7
5337 0.1 20 0 0 4937 0.2 60 0 0 90 59.5 52.9 52.9
5337 0.1 20 0 0 4937 0.2 60 0 0 120 59.5 53.2 53.2
5337 0.1 20 0 0 4937 0.2 60 0 0 150 59.4 53.2 53.2
5337 0.1 20 0 0 4937 0.2 60 0 0 180 59.2 53.0 53.0
5337 0.1 20 0 0 4937 0.3 0 0 0 0 62.0 53.7 53.7
5337 0.1 20 0 0 4937 0.3 0 0 0 30 62.1 53.9 53.9
5337 0.1 20 0 0 4937 0.3 0 0 0 60 62.2 54.2 54.2
5337 0.1 20 0 0 4937 0.3 0 0 0 90 62.3 54.5 54.5
5337 0.1 20 0 0 4937 0.3 0 0 0 120 62.4 54.8 54.8
5337 0.1 20 0 0 4937 0.3 0 0 0 150 62.3 54.9 54.9
5337 0.1 20 0 0 4937 0.3 0 0 0 180 62.1 54.5 54.5
5337 0.1 20 0 0 4937 0.3 10 0 0 0 61.9 53.3 53.3
5337 0.1 20 0 0 4937 0.3 10 0 0 30 62.0 53.5 53.5
5337 0.1 20 0 0 4937 0.3 10 0 0 60 62.1 53.8 53.8
5337 0.1 20 0 0 4937 0.3 10 0 0 90 62.2 54.1 54.1
5337 0.1 20 0 0 4937 0.3 10 0 0 120 62.3 54.4 54.4
5337 0.1 20 0 0 4937 0.3 10 0 0 150 62.2 54.5 54.5
5337 0.1 20 0 0 4937 0.3 10 0 0 180 62.0 54.3 54.3
5337 0.1 20 0 0 4937 0.3 20 0 0 0 61.8 52.1 52.1
5337 0.1 20 0 0 4937 0.3 20 0 0 30 61.9 52.3 52.3
5337 0.1 20 0 0 4937 0.3 20 0 0 60 62.0 52.5 52.5
5337 0.1 20 0 0 4937 0.3 20 0 0 90 62.1 52.9 52.9
5337 0.1 20 0 0 4937 0.3 20 0 0 120 62.1 53.1 53.1
5337 0.1 20 0 0 4937 0.3 20 0 0 150 62.0 53.3 53.3
5337 0.1 20 0 0 4937 0.3 20 0 0 180 61.8 53.1 53.1
5337 0.1 20 0 0 4937 0.3 30 0 0 0 61.5 50.1 50.1
5337 0.1 20 0 0 4937 0.3 30 0 0 30 61.5 50.2 50.2
5337 0.1 20 0 0 4937 0.3 30 0 0 60 61.7 50.4 50.4
5337 0.1 20 0 0 4937 0.3 30 0 0 90 61.7 50.8 50.8
5337 0.1 20 0 0 4937 0.3 30 0 0 120 61.8 51.2 51.2
5337 0.1 20 0 0 4937 0.3 30 0 0 150 61.7 51.7 51.7
5337 0.1 20 0 0 4937 0.3 30 0 0 180 61.5 51.7 51.7
5337 0.1 20 0 0 4937 0.3 40 0 0 0 61.0 50.1 50.1
5337 0.1 20 0 0 4937 0.3 40 0 0 30 61.1 50.2 50.2
5337 0.1 20 0 0 4937 0.3 40 0 0 60 61.2 50.4 50.4
5337 0.1 20 0 0 4937 0.3 40 0 0 90 61.2 50.7 50.7
5337 0.1 20 0 0 4937 0.3 40 0 0 120 61.3 51.2 51.2
5337 0.1 20 0 0 4937 0.3 40 0 0 150 61.2 51.7 51.7
5337 0.1 20 0 0 4937 0.3 40 0 0 180 61.0 51.7 51.7
5337 0.1 20 0 0 4937 0.3 50 0 0 0 60.2 50.6 50.6
5337 0.1 20 0 0 4937 0.3 50 0 0 30 60.4 50.7 50.7
5337 0.1 20 0 0 4937 0.3 50 0 0 60 60.4 51.0 51.0
5337 0.1 20 0 0 4937 0.3 50 0 0 90 60.5 51.2 51.2
5337 0.1 20 0 0 4937 0.3 50 0 0 120 60.5 51.6 51.6
5337 0.1 20 0 0 4937 0.3 50 0 0 150 60.4 51.9 51.9
5337 0.1 20 0 0 4937 0.3 50 0 0 180 60.2 52.1 52.1
5337 0.1 20 0 0 4937 0.3 60 0 0 0 58.8 52.0 52.0
5337 0.1 20 0 0 4937 0.3 60 0 0 30 59.0 52.0 52.0
5337 0.1 20 0 0 4937 0.3 60 0 0 60 59.1 52.2 52.2
5337 0.1 20 0 0 4937 0.3 60 0 0 90 59.2 52.5 52.5
5337 0.1 20 0 0 4937 0.3 60 0 0 120 59.2 52.8 52.8
5337 0.1 20 0 0 4937 0.3 60 0 0 150 59.2 52.9 52.9
5337 0.1 20 0 0 4937 0.3 60 0 0 180 59.0 52.7 52.7
5337 0.1 20 0 0 4937 0.4 0 0 0 0 61.8 53.2 53.2
5337 0.1 20 0 0 4937 0.4 0 0 0 30 61.9 53.4 53.4
5337 0.1 20 0 0 4937 0.4 0 0 0 60 62.0 53.6 53.6
5337 0.1 20 0 0 4937 0.4 0 0 0 90 62.1 53.8 53.8
5337 0.1 20 0 0 4937 0.4 0 0 0 120 62.1 54.2 54.2
5337 0.1 20 0 0 4937 0.4 0 0 0 150 62.0 54.4 54.4
5337 0.1 20 0 0 4937 0.4 0 0 0 180 61.8 54.0 54.0
5337 0.1 20 0 0 4937 0.4 10 0 0 0 61.7 52.8 52.8
5337 0.1 20 0 0 4937 0.4 10 0 0 30 61.8 53.0 53.0
5337 0.1 20 0 0 4937 0.4 10 0 0 60 61.9 53.2 53.2
5337 0.1 20 0 0 4937 0.4 10 0 0 90 62.0 53.4 53.4
5337 0.1 20 0 0 4937 0.4 10 0 0 120 62.1 53.8 53.8
5337 0.1 20 0 0 4937 0.4 10 0 0 150 62.0 54.1 54.1
5337 0.1 20 0 0 4937 0.4 10 0 0 180 61.7 53.7 53.7
5337 0.1 20 0 0 4937 0.4 20 0 0 0 61.6 51.2 51.2
5337 0.1 20 0 0 4937 0.4 20 0 0 30 61.7 51.3 51.3
5337 0.1 20 0 0 4937 0.4 20 0 0 60 61.8 51.5 51.5
5337 0.1 20 0 0 4937 0.4 20 0 0 90 61.8 51.7 51.7
5337 0.1 20 0 0 4937 0.4 20 0 0 120 61.9 52.0 52.0
5337 0.1 20 0 0 4937 0.4 20 0 0 150 61.8 52.4 52.4
5337 0.1 20 0 0 4937 0.4 20 0 0 180 61.5 52.1 52.1
5337 0.1 20 0 0 4937 0.4 30 0 0 0 61.3 50.0 50.0
5337 0.1 20 0 0 4937 0.4 30 0 0 30 61.4 50.2 50.2
5337 0.1 20 0 0 4937 0.4 30 0 0 60 61.5 50.3 50.3
5337 0.1 20 0 0 4937 0.4 30 0 0 90 61.5 50.5 50.5
5337 0.1 20 0 0 4937 0.4 30 0 0 120 61.6 50.9 50.9
5337 0.1 20 0 0 4937 0.4 30 0 0 150 61.5 51.4 51.4
5337 0.1 20 0 0 4937 0.4 30 0 0 180 61.2 51.6 51.6
5337 0.1 20 0 0 4937 0.4 40 0 0 0 60.8 50.0 50.0
5337 0.1 20 0 0 4937 0.4 40 0 0 30 60.9 50.2 50.2
5337 0.1 20 0 0 4937 0.4 40 0 0 60 61.0 50.3 50.3
5337 0.1 20 0 0 4937 0.4 40 0 0 90 61.0 50.5 50.5
5337 0.1 20 0 0 4937 0.4 40 0 0 120 61.1 50.9 50.9
5337 0.1 20 0 0 4937 0.4 40 0 0 150 60.9 51.4 51.4
5337 0.1 20 0 0 4937 0.4 40 0 0 180 60.7 51.6 51.6
5337 0.1 20 0 0 4937 0.4 50 0 0 0 60.0 50.6 50.6
5337 0.1 20 0 0 4937 0.4 50 0 0 30 60.1 50.7 50.7
5337 0.1 20 0 0 4937 0.4 50 0 0 60 60.3 50.9 50.9
5337 0.1 20 0 0 4937 0.4 50 0 0 90 60.2 51.1 51.1
5337 0.1 20 0 0 4937 0.4 50 0 0 120 60.3 51.3 51.3
5337 0.1 20 0 0 4937 0.4 50 0 0 150 60.2 51.6 51.6
5337 0.1 20 0 0 4937 0.4 50 0 0 180 59.9 51.8 51.8
5337 0.1 20 0 0 4937 0.4 60 0 0 0 58.4 51.6 51.6
5337 0.1 20 0 0 4937 0.4 60 0 0 30 58.5 51.6 51.6
5337 0.1 20 0 0 4937 0.4 60 0 0 60 58.6 51.8 51.8
5337 0.1 20 0 0 4937 0.4 60 0 0 90 58.7 52.1 52.1
5337 0.1 20 0 0 4937 0.4 60 0 0 120 58.8 52.3 52.3
5337 0.1 20 0 0 4937 0.4 60 0 0 150 58.8 52.6 52.6
5337 0.1 20 0 0 4937 0.4 60 0 0 180 58.6 52.5 52.5
5337 0.1 20 0 0 4937 0.5 0 0 0 0 61.6 52.6 52.6
5337 0.1 20 0 0 4937 0.5 0 0 0 30 61.7 52.7 52.7
5337 0.1 20 0 0 4937 0.5 0 0 0 60 61.8 52.8 52.8
5337 0.1 20 0 0 4937 0.5 0 0 0 90 61.9 53.0 53.0
5337 0.1 20 0 0 4937 0.5 0 0 0 120 61.9 53.4 53.4
5337 0.1 20 0 0 4937 0.5 0 0 0 150 61.9 53.7 53.7
5337 0.1 20 0 0 4937 0.5 0 0 0 180 61.5 53.2 53.2
5337 0.1 20 0 0 4937 0.5 10 0 0 0 61.5 51.9 51.9
5337 0.1 20 0 0 4937 0.5 10 0 0 30 61.6 52.1 52.1
5337 0.1 20 0 0 4937 0.5 10 0 0 60 61.7 52.2 52.2
5337 0.1 20 0 0 4937 0.5 10 0 0 90 61.8 52.4 52.4
5337 0.1 20 0 0 4937 0.5 10 0 0 120 61.9 52.8 52.8
5337 0.1 20 0 0 4937 0.5 10 0 0 150 61.8 53.1 53.1
5337 0.1 20 0 0 4937 0.5 10 0 0 180 61.4 52.8 52.8
5337 0.1 20 0 0 4937 0.5 20 0 0 0 61.4 50.9 50.9
5337 0.1 20 0 0 4937 0.5 20 0 0 30 61.5 50.9 50.9
5337 0.1 20 0 0 4937 0.5 20 0 0 60 61.5 51.0 51.0
5337 0.1 20 0 0 4937 0.5 20 0 0 90 61.7 51.3 51.3
5337 0.1 20 0 0 4937 0.5 20 0 0 120 61.7 51.5 51.5
5337 0.1 20 0 0 4937 0.5 20 0 0 150 61.6 51.8 51.8
5337 0.1 20 0 0 4937 0.5 20 0 0 180 61.3 51.8 51.8
5337 0.1 20 0 0 4937 0.5 30 0 0 0 61.0 50.1 50.1
5337 0.1 20 0 0 4937 0.5 30 0 0 30 61.2 50.2 50.2
5337 0.1 20 0 0 4937 0.5 30 0 0 60 61.2 50.3 50.3
5337 0.1 20 0 0 4937 0.5 30 0 0 90 61.3 50.5 50.5
5337 0.1 20 0 0 4937 0.5 30 0 0 120 61.4 50.8 50.8
5337 0.1 20 0 0 4937 0.5 30 0 0 150 61.2 51.4 51.4
5337 0.1 20 0 0 4937 0.5 30 0 0 180 60.9 51.7 51.7
5337 0.1 20 0 0 4937 0.5 40 0 0 0 60.5 50.3 50.3
5337 0.1 20 0 0 4937 0.5 40 0 0 30 60.6 50.3 50.3
5337 0.1 20 0 0 4937 0.5 40 0 0 60 60.8 50.4 50.4
5337 0.1 20 0 0 4937 0.5 40 0 0 90 60.8 50.6 50.6
5337 0.1 20 0 0 4937 0.5 40 0 0 120 60.9 50.8 50.8
5337 0.1 20 0 0 4937 0.5 40 0 0 150 60.7 51.4 51.4
5337 0.1 20 0 0 4937 0.5 40 0 0 180 60.4 51.6 51.6
5337 0.1 20 0 0 4937 0.5 50 0 0 0 59.7 50.7 50.7
5337 0.1 20 0 0 4937 0.5 50 0 0 30 59.9 50.8 50.8
5337 0.1 20 0 0 4937 0.5 50 0 0 60 59.9 50.9 50.9
5337 0.1 20 0 0 4937 0.5 50 0 0 90 60.0 51.1 51.1
5337 0.1 20 0 0 4937 0.5 50 0 0 120 60.0 51.3 51.3
5337 0.1 20 0 0 4937 0.5 50 0 0 150 59.9 51.7 51.7
5337 0.1 20 0 0 4937 0.5 50 0 0 180 59.6 51.5 51.5
5337 0.1 20 0 0 4937 0.5 60 0 0 0 58.1 51.3 51.3
5337 0.1 20 0 0 4937 0.5 60 0 0 30 58.2 51.4 51.4
5337 0.1 20 0 0 4937 0.5 60 0 0 60 58.3 51.5 51.5
5337 0.1 20 0 0 4937 0.5 60 0 0 90 58.3 51.7 51.7
5337 0.1 20 0 0 4937 0.5 60 0 0 120 58.3 51.9 51.9
5337 0.1 20 0 0 4937 0.5 60 0 0 150 58.3 52.3 52.3
5337 0.1 20 0 0 4937 0.5 60 0 0 180 58.3 52.1 52.1
5337 0.1 20 0 0 5137 0.0 0 0 0 0 63.1 56.0 56.0
5337 0.1 20 0 0 5137 0.0 0 0 0 30 63.0 55.9 55.9
5337 0.1 20 0 0 5137 0.0 0 0 0 60 62.9 55.8 55.8
5337 0.1 20 0 0 5137 0.0 0 0 0 90 62.8 55.7 55.7
5337 0.1 20 0 0 5137 0.0 0 0 0 120 62.7 55.6 55.6
5337 0.1 20 0 0 5137 0.0 0 0 0 150 62.6 55.6 55.6
5337 0.1 20 0 0 5137 0.0 0 0 0 180 62.6 55.7 55.7
5337 0.1 20 0 0 5137 0.0 10 0 0 0 63.0 55.7 55.7
5337 0.1 20 0 0 5137 0.0 10 0 0 30 63.0 55.6 55.6
5337 0.1 20 0 0 5137 0.0 10 0 0 60 62.9 55.5 55.5
5337 0.1 20 0 0 5137 0.0 10 0 0 90 62.8 55.4 55.4
5337 0.1 20 0 0 5137 0.0 10 0 0 120 62.7 55.3 55.3
5337 0.1 20 0 0 5137 0.0 10 0 0 150 62.6 55.4 55.4
5337 0.1 20 0 0 5137 0.0 10 0 0 180 62.6 55.4 55.4
5337 0.1 20 0 0 5137 0.0 20 0 0 0 62.9 54.6 54.6
5337 0.1 20 0 0 5137 0.0 20 0 0 30 62.8 54.6 54.6
5337 0.1 20 0 0 5137 0.0 20 0 0 60 62.7 54.6 54.6
5337 0.1 20 0 0 5137 0.0 20 0 0 90 62.6 54.5 54.5
5337 0.1 20 0 0 5137 0.0 20 0 0 120 62.5 54.5 54.5
5337 0.1 20 0 0 5137 0.0 20 0 0 150 62.4 54.4 54.4
5337 0.1 20 0 0 5137 0.0 20 0 0 180 62.4 54.6 54.6
5337 0.1 20 0 0 5137 0.0 30 0 0 0 62.6 51.8 51.8
5337 0.1 20 0 0 5137 0.0 30 0 0 30 62.5 51.8 51.8
5337 0.1 20 0 0 5137 0.0 30 0 0 60 62.4 52.0 52.0
5337 0.1 20 0 0 5137 0.0 30 0 0 90 62.3 52.2 52.2
5337 0.1 20 0 0 5137 0.0 30 0 0 120 62.2 52.5 52.5
5337 0.1 20 0 0 5137 0.0 30 0 0 150 62.1 52.6 52.6
5337 0.1 20 0 0 5137 0.0 30 0 0 180 62.1 52.7 52.7
5337 0.1 20 0 0 5137 0.0 40 0 0 0 62.1 51.5 51.5
5337 0.1 20 0 0 5137 0.0 40 0 0 30 62.1 51.6 51.6
5337 0.1 20 0 0 5137 0.0 40 0 0 60 62.0 51.7 51.7
5337 0.1 20 0 0 5137 0.0 40 0 0 90 61.9 52.0 52.0
5337 0.1 20 0 0 5137 0.0 40 0 0 120 61.8 52.2 52.2
5337 0.1 20 0 0 5137 0.0 40 0 0 150 61.7 52.4 52.4
5337 0.1 20 0 0 5137 0.0 40 0 0 180 61.7 52.5 52.5
5337 0.1 20 0 0 5137 0.0 50 0 0 0 61.4 52.4 52.4
5337 0.1 20 0 0 5137 0.0 50 0 0 30 61.4 52.3 52.3
5337 0.1 20 0 0 5137 0.0 50 0 0 60 61.3 52.3 52.3
5337 0.1 20 0 0 5137 0.0 50 0 0 90 61.2 52.4 52.4
5337 0.1 20 0 0 5137 0.0 50 0 0 120 61.2 52.6 52.6
5337 0.1 20 0 0 5137 0.0 50 0 0 150 61.1 52.8 52.8
5337 0.1 20 0 0 5137 0.0 50 0 0 180 61.0 53.1 53.1
5337 0.1 20 0 0 5137 0.0 60 0 0 0 60.2 54.0 54.0
5337 0.1 20 0 0 5137 0.0 60 0 0 30 60.2 54.0 54.0
5337 0.1 20 0 0 5137 0.0 60 0 0 60 60.2 53.9 53.9
5337 0.1 20 0 0 5137 0.0 60 0 0 90 60.1 53.9 53.9
5337 0.1 20 0 0 5137 0.0 60 0 0 120 60.0 53.8 53.8
5337 0.1 20 0 0 5137 0.0 60 0 0 150 59.9 53.6 53.6
5337 0.1 20 0 0 5137 0.0 60 0 0 180 60.0 53.6 53.6
5337 0.1 20 0 0 5137 0.1 0 0 0 0 62.9 55.6 55.6
5337 0.1 20 0 0 5137 0.1 0 0 0 30 62.8 55.5 55.5
5337 0.1 20 0 0 5137 0.1 0 0 0 60 62.8 55.5 55.5
5337 0.1 20 0 0 5137 0.1 0 0 0 90 62.7 55.4 55.4
5337 0.1 20 0 0 5137 0.1 0 0 0 120 62.6 55.3 55.3
5337 0.1 20 0 0 5137 0.1 0 0 0 150 62.5 55.2 55.2
5337 0.1 20 0 0 5137 0.1 0 0 0 180 62.4 55.3 55.3
5337 0.1 20 0 0 5137 0.1 10 0 0 0 62.8 55.3 55.3
5337 0.1 20 0 0 5137 0.1 10 0 0 30 62.8 55.2 55.2
5337 0.1 20 0 0 5137 0.1 10 0 0 60 62.7 55.1 55.1
5337 0.1 20 0 0 5137 0.1 10 0 0 90 62.6 55.1 55.1
5337 0.1 20 0 0 5137 0.1 10 0 0 120 62.5 55.0 55.0
5337 0.1 20 0 0 5137 0.1 10 0 0 150 62.4 55.0 55.0
5337 0.1 20 0 0 5137 0.1 10 0 0 180 62.4 55.1 55.1
5337 0.1 20 0 0 5137 0.1 20 0 0 0 62.7 54.3 54.3
5337 0.1 20 0 0 5137 0.1 20 0 0 30 62.6 54.2 54.2
5337 0.1 20 0 0 5137 0.1 20 0 0 60 62.6 54.1 54.1
5337 0.1 20 0 0 5137 0.1 20 0 0 90 62.4 54.1 54.1
5337 0.1 20 0 0 5137 0.1 20 0 0 120 62.4 54.1 54.1
5337 0.1 20 0 0 5137 0.1 20 0 0 150 62.2 54.1 54.1
5337 0.1 20 0 0 5137 0.1 20 0 0 180 62.2 54.2 54.2
5337 0.1 20 0 0 5137 0.1 30 0 0 0 62.4 51.3 51.3
5337 0.1 20 0 0 5137 0.1 30 0 0 30 62.3 51.3 51.3
5337 0.1 20 0 0 5137 0.1 30 0 0 60 62.3 51.3 51.3
5337 0.1 20 0 0 5137 0.1 30 0 0 90 62.1 51.6 51.6
5337 0.1 20 0 0 5137 0.1 30 0 0 120 62.1 51.9 51.9
5337 0.1 20 0 0 5137 0.1 30 0 0 150 61.9 52.2 52.2
5337 0.1 20 0 0 5137 0.1 30 0 0 180 62.0 52.4 52.4
5337 0.1 20 0 0 5137 0.1 40 0 0 0 61.9 51.3 51.3
5337 0.1 20 0 0 5137 0.1 40 0 0 30 61.8 51.2 51.2
5337 0.1 20 0 0 5137 0.1 40 0 0 60 61.8 51.2 51.2
5337 0.1 20 0 0 5137 0.1 40 0 0 90 61.7 51.3 51.3
5337 0.1 20 0 0 5137 0.1 40 0 0 120 61.6 51.6 51.6
5337 0.1 20 0 0 5137 0.1 40 0 0 150 61.5 51.9 51.9
5337 0.1 20 0 0 5137 0.1 40 0 0 180 61.5 52.2 52.2
5337 0.1 20 0 0 5137 0.1 50 0 0 0 61.1 52.1 52.1
5337 0.1 20 0 0 5137 0.1 50 0 0 30 61.1 52.0 52.0
5337 0.1 20 0 0 5137 0.1 50 0 0 60 61.1 51.9 51.9
5337 0.1 20 0 0 5137 0.1 50 0 0 90 61.0 51.9 51.9
5337 0.1 20 0 0 5137 0.1 50 0 0 120 60.9 52.0 52.0
5337 0.1 20 0 0 5137 0.1 50 0 0 150 60.9 52.3 52.3
5337 0.1 20 0 0 5137 0.1 50 0 0 180 60.9 52.7 52.7
5337 0.1 20 0 0 5137 0.1 60 0 0 0 59.8 53.8 53.8
5337 0.1 20 0 0 5137 0.1 60 0 0 30 59.9 53.7 53.7
5337 0.1 20 0 0 5137 0.1 60 0 0 60 59.9 53.5 53.5
5337 0.1 20 0 0 5137 0.1 60 0 0 90 59.8 53.4 53.4
5337 0.1 20 0 0 5137 0.1 60 0 0 120 59.8 53.3 53.3
5337 0.1 20 0 0 5137 0.1 60 0 0 150 59.8 53.3 53.3
5337 0.1 20 0 0 5137 0.1 60 0 0 180 59.8 53.2 53.2
5337 0.1 20 0 0 5137 0.2 0 0 0 0 62.7 55.2 55.2
5337 0.1 20 0 0 5137 0.2 0 0 0 30 62.6 55.2 55.2
5337 0.1 20 0 0 5137 0.2 0 0 0 60 62.6 55.1 55.1
5337 0.1 20 0 0 5137 0.2 0 0 0 90 62.5 55.0 55.0
5337 0.1 20 0 0 5137 0.2 0 0 0 120 62.4 55.0 55.0
5337 0.1 20 0 0 5137 0.2 0 0 0 150 62.3 54.9 54.9
5337 0.1 20 0 0 5137 0.2 0 0 0 180 62.3 55.0 55.0
5337 0.1 20 0 0 5137 0.2 10 0 0 0 62.6 54.9 54.9
5337 0.1 20 0 0 5137 0.2 10 0 0 30 62.6 54.8 54.8
5337 0.1 20 0 0 5137 0.2 10 0 0 60 62.5 54.8 54.8
5337 0.1 20 0 0 5137 0.2 10 0 0 90 62.4 54.7 54.7
5337 0.1 20 0 0 5137 0.2 10 0 0 120 62.4 54.7 54.7
5337 0.1 20 0 0 5137 0.2 10 0 0 150 62.2 54.6 54.6
5337 0.1 20 0 0 5137 0.2 10 0 0 180 62.2 54.7 54.7
5337 0.1 20 0 0 5137 0.2 20 0 0 0 62.4 53.8 53.8
5337 0.1 20 0 0 5137 0.2 20 0 0 30 62.4 53.7 53.7
5337 0.1 20 0 0 5137 0.2 20 0 0 60 62.3 53.6 53.6
5337 0.1 20 0 0 5137 0.2 20 0 0 90 62.3 53.6 53.6
5337 0.1 20 0 0 5137 0.2 20 0 0 120 62.2 53.6 53.6
5337 0.1 20 0 0 5137 0.2 20 0 0 150 62.1 53.7 53.7
5337 0.1 20 0 0 5137 0.2 20 0 0 180 62.1 53.9 53.9
5337 0.1 20 0 0 5137 0.2 30 0 0 0 62.1 51.1 51.1
5337 0.1 20 0 0 5137 0.2 30 0 0 30 62.1 51.0 51.0
5337 0.1 20 0 0 5137 0.2 30 0 0 60 62.0 51.0 51.0
5337 0.1 20 0 0 5137 0.2 30 0 0 90 62.0 51.0 51.0
5337 0.1 20 0 0 5137 0.2 30 0 0 120 61.9 51.3 51.3
5337 0.1 20 0 0 5137 0.2 30 0 0 150 61.8 51.7 51.7
5337 0.1 20 0 0 5137 0.2 30 0 0 180 61.8 52.1 52.1
5337 0.1 20 0 0 5137 0.2 40 0 0 0 61.6 51.1 51.1
5337 0.1 20 0 0 5137 0.2 40 0 0 30 61.6 51.0 51.0
5337 0.1 20 0 0 5137 0.2 40 0 0 60 61.6 50.8 50.8
5337 0.1 20 0 0 5137 0.2 40 0 0 90 61.5 50.8 50.8
5337 0.1 20 0 0 5137 0.2 40 0 0 120 61.4 51.0 51.0
5337 0.1 20 0 0 5137 0.2 40 0 0 150 61.4 51.4 51.4
5337 0.1 20 0 0 5137 0.2 40 0 0 180 61.4 51.8 51.8
5337 0.1 20 0 0 5137 0.2 50 0 0 0 60.7 51.8 51.8
5337 0.1 20 0 0 5137 0.2 50 0 0 30 60.8 51.8 51.8
5337 0.1 20 0 0 5137 0.2 50 0 0 60 60.8 51.6 51.6
5337 0.1 20 0 0 5137 0.2 50 0 0 90 60.8 51.6 51.6
5337 0.1 20 0 0 5137 0.2 50 0 0 120 60.8 51.6 51.6
5337 0.1 20 0 0 5137 0.2 50 0 0 150 60.7 51.7 51.7
5337 0.1 20 0 0 5137 0.2 50 0 0 180 60.8 52.1 52.1
5337 0.1 20 0 0 5137 0.2 60 0 0 0 59.4 53.4 53.4
5337 0.1 20 0 0 5137 0.2 60 0 0 30 59.5 53.3 53.3
5337 0.1 20 0 0 5137 0.2 60 0 0 60 59.5 53.2 53.2
5337 0.1 20 0 0 5137 0.2 60 0 0 90 59.6 53.0 53.0
5337 0.1 20 0 0 5137 0.2 60 0 0 120 59.5 52.9 52.9
5337 0.1 20 0 0 5137 0.2 60 0 0 150 59.5 52.9 52.9
5337 0.1 20 0 0 5137 0.2 60 0 0 180 59.6 52.9 52.9
5337 0.1 20 0 0 5137 0.3 0 0 0 0 62.4 54.7 54.7
5337 0.1 20 0 0 5137 0.3 0 0 0 30 62.4 54.7 54.7
5337 0.1 20 0 0 5137 0.3 0 0 0 60 62.4 54.7 54.7
5337 0.1 20 0 0 5137 0.3 0 0 0 90 62.3 54.6 54.6
5337 0.1 20 0 0 5137 0.3 0 0 0 120 62.3 54.6 54.6
5337 0.1 20 0 0 5137 0.3 0 0 0 150 62.1 54.6 54.6
5337 0.1 20 0 0 5137 0.3 0 0 0 180 62.1 54.6 54.6
5337 0.1 20 0 0 5137 0.3 10 0 0 0 62.4 54.4 54.4
5337 0.1 20 0 0 5137 0.3 10 0 0 30 62.4 54.3 54.3
5337 0.1 20 0 0 5137 0.3 10 0 0 60 62.3 54.3 54.3
5337 0.1 20 0 0 5137 0.3 10 0 0 90 62.3 54.2 54.2
5337 0.1 20 0 0 5137 0.3 10 0 0 120 62.2 54.2 54.2
5337 0.1 20 0 0 5137 0.3 10 0 0 150 62.1 54.2 54.2
5337 0.1 20 0 0 5137 0.3 10 0 0 180 62.1 54.3 54.3
5337 0.1 20 0 0 5137 0.3 20 0 0 0 62.2 53.2 53.2
5337 0.1 20 0 0 5137 0.3 20 0 0 30 62.2 53.1 53.1
5337 0.1 20 0 0 5137 0.3 20 0 0 60 62.1 53.0 53.0
5337 0.1 20 0 0 5137 0.3 20 0 0 90 62.1 52.9 52.9
5337 0.1 20 0 0 5137 0.3 20 0 0 120 62.0 53.0 53.0
5337 0.1 20 0 0 5137 0.3 20 0 0 150 61.9 53.1 53.1
5337 0.1 20 0 0 5137 0.3 20 0 0 180 61.9 53.5 53.5
5337 0.1 20 0 0 5137 0.3 30 0 0 0 61.8 50.9 50.9
5337 0.1 20 0 0 5137 0.3 30 0 0 30 61.8 50.8 50.8
5337 0.1 20 0 0 5137 0.3 30 0 0 60 61.8 50.7 50.7
5337 0.1 20 0 0 5137 0.3 30 0 0 90 61.8 50.6 50.6
5337 0.1 20 0 0 5137 0.3 30 0 0 120 61.7 50.7 50.7
5337 0.1 20 0 0 5137 0.3 30 0 0 150 61.6 51.3 51.3
5337 0.1 20 0 0 5137 0.3 30 0 0 180 61.7 52.0 52.0
5337 0.1 20 0 0 5137 0.3 40 0 0 0 61.2 51.0 51.0
5337 0.1 20 0 0 5137 0.3 40 0 0 30 61.3 50.9 50.9
5337 0.1 20 0 0 5137 0.3 40 0 0 60 61.3 50.8 50.8
5337 0.1 20 0 0 5137 0.3 40 0 0 90 61.3 50.7 50.7
5337 0.1 20 0 0 5137 0.3 40 0 0 120 61.3 50.7 50.7
5337 0.1 20 0 0 5137 0.3 40 0 0 150 61.2 51.0 51.0
5337 0.1 20 0 0 5137 0.3 40 0 0 180 61.3 51.5 51.5
5337 0.1 20 0 0 5137 0.3 50 0 0 0 60.3 51.7 51.7
5337 0.1 20 0 0 5137 0.3 50 0 0 30 60.4 51.6 51.6
5337 0.1 20 0 0 5137 0.3 50 0 0 60 60.5 51.4 51.4
5337 0.1 20 0 0 5137 0.3 50 0 0 90 60.5 51.3 51.3
5337 0.1 20 0 0 5137 0.3 50 0 0 120 60.6 51.2 51.2
5337 0.1 20 0 0 5137 0.3 50 0 0 150 60.6 51.3 51.3
5337 0.1 20 0 0 5137 0.3 50 0 0 180 60.7 51.7 51.7
5337 0.1 20 0 0 5137 0.3 60 0 0 0 59.0 53.0 53.0
5337 0.1 20 0 0 5137 0.3 60 0 0 30 59.1 53.0 53.0
5337 0.1 20 0 0 5137 0.3 60 0 0 60 59.2 52.8 52.8
5337 0.1 20 0 0 5137 0.3 60 0 0 90 59.3 52.7 52.7
5337 0.1 20 0 0 5137 0.3 60 0 0 120 59.3 52.5 52.5
5337 0.1 20 0 0 5137 0.3 60 0 0 150 59.3 52.5 52.5
5337 0.1 20 0 0 5137 0.3 60 0 0 180 59.4 52.5 52.5
5337 0.1 20 0 0 5137 0.4 0 0 0 0 62.1 54.2 54.2
5337 0.1 20 0 0 5137 0.4 0 0 0 30 62.2 54.2 54.2
5337 0.1 20 0 0 5137 0.4 0 0 0 60 62.2 54.2 54.2
5337 0.1 20 0 0 5137 0.4 0 0 0 90 62.2 54.2 54.2
5337 0.1 20 0 0 5137 0.4 0 0 0 120 62.1 54.2 54.2
5337 0.1 20 0 0 5137 0.4 0 0 0 150 62.0 54.2 54.2
5337 0.1 20 0 0 5137 0.4 0 0 0 180 62.0 54.1 54.1
5337 0.1 20 0 0 5137 0.4 10 0 0 0 62.1 53.8 53.8
5337 0.1 20 0 0 5137 0.4 10 0 0 30 62.1 53.8 53.8
5337 0.1 20 0 0 5137 0.4 10 0 0 60 62.1 53.8 53.8
5337 0.1 20 0 0 5137 0.4 10 0 0 90 62.1 53.7 53.7
5337 0.1 20 0 0 5137 0.4 10 0 0 120 62.1 53.7 53.7
5337 0.1 20 0 0 5137 0.4 10 0 0 150 62.0 53.7 53.7
5337 0.1 20 0 0 5137 0.4 10 0 0 180 61.9 53.9 53.9
5337 0.1 20 0 0 5137 0.4 20 0 0 0 61.8 52.2 52.2
5337 0.1 20 0 0 5137 0.4 20 0 0 30 61.9 52.2 52.2
5337 0.1 20 0 0 5137 0.4 20 0 0 60 61.9 52.1 52.1
5337 0.1 20 0 0 5137 0.4 20 0 0 90 61.9 52.0 52.0
5337 0.1 20 0 0 5137 0.4 20 0 0 120 61.9 51.9 51.9
5337 0.1 20 0 0 5137 0.4 20 0 0 150 61.8 52.0 52.0
5337 0.1 20 0 0 5137 0.4 20 0 0 180 61.8 52.7 52.7
5337 0.1 20 0 0 5137 0.4 30 0 0 0 61.5 50.9 50.9
5337 0.1 20 0 0 5137 0.4 30 0 0 30 61.5 50.9 50.9
5337 0.1 20 0 0 5137 0.4 30 0 0 60 61.5 50.8 50.8
5337 0.1 20 0 0 5137 0.4 30 0 0 90 61.6 50.6 50.6
5337 0.1 20 0 0 5137 0.4 30 0 0 120 61.6 50.5 50.5
5337 0.1 20 0 0 5137 0.4 30 0 0 150 61.6 51.0 51.0
5337 0.1 20 0 0 5137 0.4 30 0 0 180 61.6 51.8 51.8
5337 0.1 20 0 0 5137 0.4 40 0 0 0 60.8 51.1 51.1
5337 0.1 20 0 0 5137 0.4 40 0 0 30 60.9 51.0 51.0
5337 0.1 20 0 0 5137 0.4 40 0 0 60 60.9 50.9 50.9
5337 0.1 20 0 0 5137 0.4 40 0 0 90 61.0 50.7 50.7
5337 0.1 20 0 0 5137 0.4 40 0 0 120 61.1 50.6 50.6
5337 0.1 20 0 0 5137 0.4 40 0 0 150 61.1 50.7 50.7
5337 0.1 20 0 0 5137 0.4 40 0 0 180 61.2 51.4 51.4
5337 0.1 20 0 0 5137 0.4 50 0 0 0 59.9 51.8 51.8
5337 0.1 20 0 0 5137 0.4 50 0 0 30 60.0 51.7 51.7
5337 0.1 20 0 0 5137 0.4 50 0 0 60 60.1 51.6 51.6
5337 0.1 20 0 0 5137 0.4 50 0 0 90 60.2 51.4 51.4
5337 0.1 20 0 0 5137 0.4 50 0 0 120 60.4 51.2 51.2
5337 0.1 20 0 0 5137 0.4 50 0 0 150 60.5 51.0 51.0
5337 0.1 20 0 0 5137 0.4 50 0 0 180 60.6 51.3 51.3
5337 0.1 20 0 0 5137 0.4 60 0 0 0 58.6 52.8 52.8
5337 0.1 20 0 0 5137 0.4 60 0 0 30 58.5 52.7 52.7
5337 0.1 20 0 0 5137 0.4 60 0 0 60 58.6 52.6 52.6
5337 0.1 20 0 0 5137 0.4 60 0 0 90 58.9 52.5 52.5
5337 0.1 20 0 0 5137 0.4 60 0 0 120 59.0 52.3 52.3
5337 0.1 20 0 0 5137 0.4 60 0 0 150 59.0 52.1 52.1
5337 0.1 20 0 0 5137 0.4 60 0 0 180 59.1 52.0 52.0
5337 0.1 20 0 0 5137 0.5 0 0 0 0 61.8 53.4 53.4
5337 0.1 20 0 0 5137 0.5 0 0 0 30 61.8 53.4 53.4
5337 0.1 20 0 0 5137 0.5 0 0 0 60 61.9 53.5 53.5
5337 0.1 20 0 0 5137 0.5 0 0 0 90 61.9 53.5 53.5
5337 0.1 20 0 0 5137 0.5 0 0 0 120 62.0 53.6 53.6
5337 0.1 20 0 0 5137 0.5 0 0 0 150 62.0 53.7 53.7
5337 0.1 20 0 0 5137 0.5 0 0 0 180 61.9 53.6 53.6
5337 0.1 20 0 0 5137 0.5 10 0 0 0 61.7 53.0 53.0
5337 0.1 20 0 0 5137 0.5 10 0 0 30 61.7 53.0 53.0
5337 0.1 20 0 0 5137 0.5 10 0 0 60 61.8 53.0 53.0
5337 0.1 20 0 0 5137 0.5 10 0 0 90 61.8 53.0 53.0
5337 0.1 20 0 0 5137 0.5 10 0 0 120 61.9 53.0 53.0
5337 0.1 20 0 0 5137 0.5 10 0 0 150 61.9 53.0 53.0
5337 0.1 20 0 0 5137 0.5 10 0 0 180 61.9 53.2 53.2
5337 0.1 20 0 0 5137 0.5 20 0 0 0 61.4 51.6 51.6
5337 0.1 20 0 0 5137 0.5 20 0 0 30 61.5 51.6 51.6
5337 0.1 20 0 0 5137 0.5 20 0 0 60 61.5 51.5 51.5
5337 0.1 20 0 0 5137 0.5 20 0 0 90 61.6 51.5 51.5
5337 0.1 20 0 0 5137 0.5 20 0 0 120 61.7 51.4 51.4
5337 0.1 20 0 0 5137 0.5 20 0 0 150 61.8 51.3 51.3
5337 0.1 20 0 0 5137 0.5 20 0 0 180 61.8 52.4 52.4
5337 0.1 20 0 0 5137 0.5 30 0 0 0 61.0 51.0 51.0
5337 0.1 20 0 0 5137 0.5 30 0 0 30 61.1 51.0 51.0
5337 0.1 20 0 0 5137 0.5 30 0 0 60 61.1 50.9 50.9
5337 0.1 20 0 0 5137 0.5 30 0 0 90 61.2 50.8 50.8
5337 0.1 20 0 0 5137 0.5 30 0 0 120 61.4 50.8 50.8
5337 0.1 20 0 0 5137 0.5 30 0 0 150 61.5 50.9 50.9
5337 0.1 20 0 0 5137 0.5 30 0 0 180 61.6 51.8 51.8
5337 0.1 20 0 0 5137 0.5 40 0 0 0 60.3 51.3 51.3
5337 0.1 20 0 0 5137 0.5 40 0 0 30 60.4 51.3 51.3
5337 0.1 20 0 0 5137 0.5 40 0 0 60 60.5 51.2 51.2
5337 0.1 20 0 0 5137 0.5 40 0 0 90 60.6 51.2 51.2
5337 0.1 20 0 0 5137 0.5 40 0 0 120 60.9 51.0 51.0
5337 0.1 20 0 0 5137 0.5 40 0 0 150 61.0 50.8 50.8
5337 0.1 20 0 0 5137 0.5 40 0 0 180 61.2 51.4 51.4
5337 0.1 20 0 0 5137 0.5 50 0 0 0 59.3 51.9 51.9
5337 0.1 20 0 0 5137 0.5 50 0 0 30 59.4 51.8 51.8
5337 0.1 20 0 0 5137 0.5 50 0 0 60 59.5 51.8 51.8
5337 0.1 20 0 0 5137 0.5 50 0 0 90 59.8 51.7 51.7
5337 0.1 20 0 0 5137 0.5 50 0 0 120 60.1 51.5 51.5
5337 0.1 20 0 0 5137 0.5 50 0 0 150 60.3 51.2 51.2
5337 0.1 20 0 0 5137 0.5 50 0 0 180 60.5 51.1 51.1
5337 0.1 20 0 0 5137 0.5 60 0 0 0 58.0 52.6 52.6
5337 0.1 20 0 0 5137 0.5 60 0 0 30 58.0 52.6 52.6
5337 0.1 20 0 0 5137 0.5 60 0 0 60 58.0 52.5 52.5
5337 0.1 20 0 0 5137 0.5 60 0 0 90 58.2 52.4 52.4
5337 0.1 20 0 0 5137 0.5 60 0 0 120 58.6 52.2 52.2
5337 0.1 20 0 0 5137 0.5 60 0 0 150 58.5 51.9 51.9
5337 0.1 20 0 0 5137 0.5 60 0 0 180 58.8 51.6 51.6
5337 0.1 20 0 0 5337 0.0 0 0 0 0 41.7 38.6 38.6
5337 0.1 20 0 0 5337 0.0 0 0 0 30 49.4 44.1 44.1
5337 0.1 20 0 0 5337 0.0 0 0 0 60 57.8 52.2 52.2
5337 0.1 20 0 0 5337 0.0 0 0 0 90 66.1 60.6 60.6
5337 0.1 20 0 0 5337 0.0 0 0 0 120 74.4 66.7 66.7
5337 0.1 20 0 0 5337 0.0 0 0 0 150 78.4 67.7 67.7
5337 0.1 20 0 0 5337 0.0 0 0 0 180 78.4 67.8 67.8
5337 0.1 20 0 0 5337 0.0 10 0 0 0 41.7 37.3 37.3
5337 0.1 20 0 0 5337 0.0 10 0 0 30 49.3 43.7 43.7
5337 0.1 20 0 0 5337 0.0 10 0 0 60 57.6 52.0 52.0
5337 0.1 20 0 0 5337 0.0 10 0 0 90 66.0 60.3 60.3
5337 0.1 20 0 0 5337 0.0 10 0 0 120 74.3 66.4 66.4
5337 0.1 20 0 0 5337 0.0 10 0 0 150 78.3 67.4 67.4
5337 0.1 20 0 0 5337 0.0 10 0 0 180 78.3 67.5 67.5
5337 0.1 20 0 0 5337 0.0 20 0 0 0 41.5 36.1 36.1
5337 0.1 20 0 0 5337 0.0 20 0 0 30 49.1 43.1 43.1
5337 0.1 20 0 0 5337 0.0 20 0 0 60 57.4 51.4 51.4
5337 0.1 20 0 0 5337 0.0 20 0 0 90 65.7 59.0 59.0
5337 0.1 20 0 0 5337 0.0 20 0 0 120 74.0 64.7 64.7
5337 0.1 20 0 0 5337 0.0 20 0 0 150 78.1 66.3 66.3
5337 0.1 20 0 0 5337 0.0 20 0 0 180 78.1 66.4 66.4
5337 0.1 20 0 0 5337 0.0 30 0 0 0 41.3 36.0 36.0
5337 0.1 20 0 0 5337 0.0 30 0 0 30 48.7 41.7 41.7
5337 0.1 20 0 0 5337 0.0 30 0 0 60 57.1 48.7 48.7
5337 0.1 20 0 0 5337 0.0 30 0 0 90 65.4 55.3 55.3
5337 0.1 20 0 0 5337 0.0 30 0 0 120 73.7 60.7 60.7
5337 0.1 20 0 0 5337 0.0 30 0 0 150 77.6 63.1 63.1
5337 0.1 20 0 0 5337 0.0 30 0 0 180 77.6 63.2 63.2
5337 0.1 20 0 0 5337 0.0 40 0 0 0 41.1 36.9 36.9
5337 0.1 20 0 0 5337 0.0 40 0 0 30 48.2 41.8 41.8
5337 0.1 20 0 0 5337 0.0 40 0 0 60 56.6 48.1 48.1
5337 0.1 20 0 0 5337 0.0 40 0 0 90 64.9 54.3 54.3
5337 0.1 20 0 0 5337 0.0 40 0 0 120 73.2 59.6 59.6
5337 0.1 20 0 0 5337 0.0 40 0 0 150 76.9 62.7 62.7
5337 0.1 20 0 0 5337 0.0 40 0 0 180 76.9 62.9 62.9
5337 0.1 20 0 0 5337 0.0 50 0 0 0 41.0 38.7 38.7
5337 0.1 20 0 0 5337 0.0 50 0 0 30 47.5 42.5 42.5
5337 0.1 20 0 0 5337 0.0 50 0 0 60 55.9 48.4 48.4
5337 0.1 20 0 0 5337 0.0 50 0 0 90 64.2 54.3 54.3
5337 0.1 20 0 0 5337 0.0 50 0 0 120 72.4 59.6 59.6
5337 0.1 20 0 0 5337 0.0 50 0 0 150 75.8 63.0 63.0
5337 0.1 20 0 0 5337 0.0 50 0 0 180 75.8 63.8 63.8
5337 0.1 20 0 0 5337 0.0 60 0 0 0 41.4 41.1 41.1
5337 0.1 20 0 0 5337 0.0 60 0 0 30 46.5 44.4 44.4
5337 0.1 20 0 0 5337 0.0 60 0 0 60 54.9 49.3 49.3
5337 0.1 20 0 0 5337 0.0 60 0 0 90 63.2 54.9 54.9
5337 0.1 20 0 0 5337 0.0 60 0 0 120 70.6 60.2 60.2
5337 0.1 20 0 0 5337 0.0 60 0 0 150 73.9 63.8 63.8
5337 0.1 20 0 0 5337 0.0 60 0 0 180 74.1 65.6 65.6
5337 0.1 20 0 0 5337 0.1 0 0 0 0 41.1 38.4 38.4
5337 0.1 20 0 0 5337 0.1 0 0 0 30 47.9 42.4 42.4
5337 0.1 20 0 0 5337 0.1 0 0 0 60 55.1 49.5 49.5
5337 0.1 20 0 0 5337 0.1 0 0 0 90 62.9 57.3 57.3
5337 0.1 20 0 0 5337 0.1 0 0 0 120 71.5 65.0 65.0
5337 0.1 20 0 0 5337 0.1 0 0 0 150 77.3 67.5 67.5
5337 0.1 20 0 0 5337 0.1 0 0 0 180 78.4 67.6 67.6
5337 0.1 20 0 0 5337 0.1 10 0 0 0 41.0 36.4 36.4
5337 0.1 20 0 0 5337 0.1 10 0 0 30 47.8 42.1 42.1
5337 0.1 20 0 0 5337 0.1 10 0 0 60 55.0 49.3 49.3
5337 0.1 20 0 0 5337 0.1 10 0 0 90 62.8 57.1 57.1
5337 0.1 20 0 0 5337 0.1 10 0 0 120 71.4 64.1 64.1
5337 0.1 20 0 0 5337 0.1 10 0 0 150 77.3 67.2 67.2
5337 0.1 20 0 0 5337 0.1 10 0 0 180 78.4 67.3 67.3
5337 0.1 20 0 0 5337 0.1 20 0 0 0 40.7 34.6 34.6
5337 0.1 20 0 0 5337 0.1 20 0 0 30 47.6 41.5 41.5
5337 0.1 20 0 0 5337 0.1 20 0 0 60 54.8 48.6 48.6
5337 0.1 20 0 0 5337 0.1 20 0 0 90 62.6 55.9 55.9
5337 0.1 20 0 0 5337 0.1 20 0 0 120 71.2 62.2 62.2
5337 0.1 20 0 0 5337 0.1 20 0 0 150 77.1 66.0 66.0
5337 0.1 20 0 0 5337 0.1 20 0 0 180 78.1 66.2 66.2
5337 0.1 20 0 0 5337 0.1 30 0 0 0 40.4 34.9 34.9
5337 0.1 20 0 0 5337 0.1 30 0 0 30 47.3 39.8 39.8
5337 0.1 20 0 0 5337 0.1 30 0 0 60 54.4 45.9 45.9
5337 0.1 20 0 0 5337 0.1 30 0 0 90 62.2 52.3 52.3
5337 0.1 20 0 0 5337 0.1 30 0 0 120 70.8 58.2 58.2
5337 0.1 20 0 0 5337 0.1 30 0 0 150 76.7 62.4 62.4
5337 0.1 20 0 0 5337 0.1 30 0 0 180 77.7 63.1 63.1
5337 0.1 20 0 0 5337 0.1 40 0 0 0 40.1 36.5 36.5
5337 0.1 20 0 0 5337 0.1 40 0 0 30 46.8 39.9 39.9
5337 0.1 20 0 0 5337 0.1 40 0 0 60 53.9 45.3 45.3
5337 0.1 20 0 0 5337 0.1 40 0 0 90 61.7 51.2 51.2
5337 0.1 20 0 0 5337 0.1 40 0 0 120 70.4 56.9 56.9
5337 0.1 20 0 0 5337 0.1 40 0 0 150 75.9 61.4 61.4
5337 0.1 20 0 0 5337 0.1 40 0 0 180 76.9 62.7 62.7
5337 0.1 20 0 0 5337 0.1 50 0 0 0 40.3 38.4 38.4
5337 0.1 20 0 0 5337 0.1 50 0 0 30 46.1 40.9 40.9
5337 0.1 20 0 0 5337 0.1 50 0 0 60 53.2 45.5 45.5
5337 0.1 20 0 0 5337 0.1 50 0 0 90 61.0 51.1 51.1
5337 0.1 20 0 0 5337 0.1 50 0 0 120 69.7 56.8 56.8
5337 0.1 20 0 0 5337 0.1 50 0 0 150 74.8 61.4 61.4
5337 0.1 20 0 0 5337 0.1 50 0 0 180 75.9 63.6 63.6
5337 0.1 20 0 0 5337 0.1 60 0 0 0 40.9 40.8 40.8
5337 0.1 20 0 0 5337 0.1 60 0 0 30 45.3 43.0 43.0
5337 0.1 20 0 0 5337 0.1 60 0 0 60 52.2 46.9 46.9
5337 0.1 20 0 0 5337 0.1 60 0 0 90 60.0 51.7 51.7
5337 0.1 20 0 0 5337 0.1 60 0 0 120 68.4 57.2 57.2
5337 0.1 20 0 0 5337 0.1 60 0 0 150 72.9 62.0 62.0
5337 0.1 20 0 0 5337 0.1 60 0 0 180 74.1 64.9 64.9
5337 0.1 20 0 0 5337 0.2 0 0 0 0 41.8 38.3 38.3
5337 0.1 20 0 0 5337 0.2 0 0 0 30 46.7 41.2 41.2
5337 0.1 20 0 0 5337 0.2 0 0 0 60 52.7 46.9 46.9
5337 0.1 20 0 0 5337 0.2 0 0 0 90 59.8 54.0 54.0
5337 0.1 20 0 0 5337 0.2 0 0 0 120 68.5 62.3 62.3
5337 0.1 20 0 0 5337 0.2 0 0 0 150 75.5 67.2 67.2
5337 0.1 20 0 0 5337 0.2 0 0 0 180 78.4 67.1 67.1
5337 0.1 20 0 0 5337 0.2 10 0 0 0 41.7 36.5 36.5
5337 0.1 20 0 0 5337 0.2 10 0 0 30 46.5 40.7 40.7
5337 0.1 20 0 0 5337 0.2 10 0 0 60 52.6 46.7 46.7
5337 0.1 20 0 0 5337 0.2 10 0 0 90 59.7 53.8 53.8
5337 0.1 20 0 0 5337 0.2 10 0 0 120 68.4 61.3 61.3
5337 0.1 20 0 0 5337 0.2 10 0 0 150 75.5 66.4 66.4
5337 0.1 20 0 0 5337 0.2 10 0 0 180 78.4 67.1 67.1
5337 0.1 20 0 0 5337 0.2 20 0 0 0 41.6 35.3 35.3
5337 0.1 20 0 0 5337 0.2 20 0 0 30 46.3 40.0 40.0
5337 0.1 20 0 0 5337 0.2 20 0 0 60 52.3 46.1 46.1
5337 0.1 20 0 0 5337 0.2 20 0 0 90 59.4 52.7 52.7
5337 0.1 20 0 0 5337 0.2 20 0 0 120 68.2 59.3 59.3
5337 0.1 20 0 0 5337 0.2 20 0 0 150 75.3 64.6 64.6
5337 0.1 20 0 0 5337 0.2 20 0 0 180 78.1 65.9 65.9
5337 0.1 20 0 0 5337 0.2 30 0 0 0 41.4 35.0 35.0
5337 0.1 20 0 0 5337 0.2 30 0 0 30 46.0 38.3 38.3
5337 0.1 20 0 0 5337 0.2 30 0 0 60 52.0 43.4 43.4
5337 0.1 20 0 0 5337 0.2 30 0 0 90 59.1 49.2 49.2
5337 0.1 20 0 0 5337 0.2 30 0 0 120 67.8 55.3 55.3
5337 0.1 20 0 0 5337 0.2 30 0 0 150 74.9 60.8 60.8
5337 0.1 20 0 0 5337 0.2 30 0 0 180 77.6 62.9 62.9
5337 0.1 20 0 0 5337 0.2 40 0 0 0 41.4 36.3 36.3
5337 0.1 20 0 0 5337 0.2 40 0 0 30 45.5 38.6 38.6
5337 0.1 20 0 0 5337 0.2 40 0 0 60 51.5 42.8 42.8
5337 0.1 20 0 0 5337 0.2 40 0 0 90 58.6 48.1 48.1
5337 0.1 20 0 0 5337 0.2 40 0 0 120 67.3 54.1 54.1
5337 0.1 20 0 0 5337 0.2 40 0 0 150 74.3 59.7 59.7
5337 0.1 20 0 0 5337 0.2 40 0 0 180 76.9 62.7 62.7
5337 0.1 20 0 0 5337 0.2 50 0 0 0 41.4 38.1 38.1
5337 0.1 20 0 0 5337 0.2 50 0 0 30 45.0 39.9 39.9
5337 0.1 20 0 0 5337 0.2 50 0 0 60 50.8 43.2 43.2
5337 0.1 20 0 0 5337 0.2 50 0 0 90 57.9 48.0 48.0
5337 0.1 20 0 0 5337 0.2 50 0 0 120 66.6 53.9 53.9
5337 0.1 20 0 0 5337 0.2 50 0 0 150 73.2 59.6 59.6
5337 0.1 20 0 0 5337 0.2 50 0 0 180 75.7 63.3 63.3
5337 0.1 20 0 0 5337 0.2 60 0 0 0 41.6 40.3 40.3
5337 0.1 20 0 0 5337 0.2 60 0 0 30 44.7 42.0 42.0
5337 0.1 20 0 0 5337 0.2 60 0 0 60 49.9 44.9 44.9
5337 0.1 20 0 0 5337 0.2 60 0 0 90 56.9 49.0 49.0
5337 0.1 20 0 0 5337 0.2 60 0 0 120 65.5 54.2 54.2
5337 0.1 20 0 0 5337 0.2 60 0 0 150 71.5 59.9 59.9
5337 0.1 20 0 0 5337 0.2 60 0 0 180 73.8 64.0 64.0
5337 0.1 20 0 0 5337 0.3 0 0 0 0 43.6 38.6 38.6
5337 0.1 20 0 0 5337 0.3 0 0 0 30 45.6 41.1 41.1
5337 0.1 20 0 0 5337 0.3 0 0 0 60 50.5 44.8 44.8
5337 0.1 20 0 0 5337 0.3 0 0 0 90 56.7 50.8 50.8
5337 0.1 20 0 0 5337 0.3 0 0 0 120 65.3 59.1 59.1
5337 0.1 20 0 0 5337 0.3 0 0 0 150 73.4 65.7 65.7
5337 0.1 20 0 0 5337 0.3 0 0 0 180 77.8 66.2 66.2
5337 0.1 20 0 0 5337 0.3 10 0 0 0 43.6 37.8 37.8
5337 0.1 20 0 0 5337 0.3 10 0 0 30 45.5 40.2 40.2
5337 0.1 20 0 0 5337 0.3 10 0 0 60 50.3 44.4 44.4
5337 0.1 20 0 0 5337 0.3 10 0 0 90 56.6 50.6 50.6
5337 0.1 20 0 0 5337 0.3 10 0 0 120 65.1 58.0 58.0
5337 0.1 20 0 0 5337 0.3 10 0 0 150 73.4 64.6 64.6
5337 0.1 20 0 0 5337 0.3 10 0 0 180 77.7 66.6 66.6
5337 0.1 20 0 0 5337 0.3 20 0 0 0 43.6 37.1 37.1
5337 0.1 20 0 0 5337 0.3 20 0 0 30 45.3 38.9 38.9
5337 0.1 20 0 0 5337 0.3 20 0 0 60 50.1 43.7 43.7
5337 0.1 20 0 0 5337 0.3 20 0 0 90 56.4 49.4 49.4
5337 0.1 20 0 0 5337 0.3 20 0 0 120 64.9 56.0 56.0
5337 0.1 20 0 0 5337 0.3 20 0 0 150 73.2 62.6 62.6
5337 0.1 20 0 0 5337 0.3 20 0 0 180 77.4 65.6 65.6
5337 0.1 20 0 0 5337 0.3 30 0 0 0 43.5 36.3 36.3
5337 0.1 20 0 0 5337 0.3 30 0 0 30 45.2 37.5 37.5
5337 0.1 20 0 0 5337 0.3 30 0 0 60 49.8 41.2 41.2
5337 0.1 20 0 0 5337 0.3 30 0 0 90 56.0 46.2 46.2
5337 0.1 20 0 0 5337 0.3 30 0 0 120 64.6 52.5 52.5
5337 0.1 20 0 0 5337 0.3 30 0 0 150 72.8 59.1 59.1
5337 0.1 20 0 0 5337 0.3 30 0 0 180 76.9 63.0 63.0
5337 0.1 20 0 0 5337 0.3 40 0 0 0 43.4 36.9 36.9
5337 0.1 20 0 0 5337 0.3 40 0 0 30 45.1 38.1 38.1
5337 0.1 20 0 0 5337 0.3 40 0 0 60 49.3 40.8 40.8
5337 0.1 20 0 0 5337 0.3 40 0 0 90 55.5 45.3 45.3
5337 0.1 20 0 0 5337 0.3 40 0 0 120 64.1 51.3 51.3
5337 0.1 20 0 0 5337 0.3 40 0 0 150 72.1 57.9 57.9
5337 0.1 20 0 0 5337 0.3 40 0 0 180 76.2 62.5 62.5
5337 0.1 20 0 0 5337 0.3 50 0 0 0 43.4 38.2 38.2
5337 0.1 20 0 0 5337 0.3 50 0 0 30 45.1 39.3 39.3
5337 0.1 20 0 0 5337 0.3 50 0 0 60 48.8 41.6 41.6
5337 0.1 20 0 0 5337 0.3 50 0 0 90 54.8 45.3 45.3
5337 0.1 20 0 0 5337 0.3 50 0 0 120 63.4 50.9 50.9
5337 0.1 20 0 0 5337 0.3 50 0 0 150 71.2 57.6 57.6
5337 0.1 20 0 0 5337 0.3 50 0 0 180 74.9 62.8 62.8
5337 0.1 20 0 0 5337 0.3 60 0 0 0 43.4 40.2 40.2
5337 0.1 20 0 0 5337 0.3 60 0 0 30 45.1 41.2 41.2
5337 0.1 20 0 0 5337 0.3 60 0 0 60 48.4 43.2 43.2
5337 0.1 20 0 0 5337 0.3 60 0 0 90 53.9 46.5 46.5
5337 0.1 20 0 0 5337 0.3 60 0 0 120 62.2 51.4 51.4
5337 0.1 20 0 0 5337 0.3 60 0 0 150 69.5 57.7 57.7
5337 0.1 20 0 0 5337 0.3 60 0 0 180 72.8 63.2 63.2
5337 0.1 20 0 0 5337 0.4 0 0 0 0 45.7 39.9 39.9
5337 0.1 20 0 0 5337 0.4 0 0 0 30 46.5 41.4 41.4
5337 0.1 20 0 0 5337 0.4 0 0 0 60 48.6 44.0 44.0
5337 0.1 20 0 0 5337 0.4 0 0 0 90 53.8 48.0 48.0
5337 0.1 20 0 0 5337 0.4 0 0 0 120 61.8 55.5 55.5
5337 0.1 20 0 0 5337 0.4 0 0 0 150 70.9 63.4 63.4
5337 0.1 20 0 0 5337 0.4 0 0 0 180 76.4 65.1 65.1
5337 0.1 20 0 0 5337 0.4 10 0 0 0 45.7 39.6 39.6
5337 0.1 20 0 0 5337 0.4 10 0 0 30 46.5 40.6 40.6
5337 0.1 20 0 0 5337 0.4 10 0 0 60 48.5 43.0 43.0
5337 0.1 20 0 0 5337 0.4 10 0 0 90 53.7 47.5 47.5
5337 0.1 20 0 0 5337 0.4 10 0 0 120 61.7 54.5 54.5
5337 0.1 20 0 0 5337 0.4 10 0 0 150 70.9 62.2 62.2
5337 0.1 20 0 0 5337 0.4 10 0 0 180 76.3 65.6 65.6
5337 0.1 20 0 0 5337 0.4 20 0 0 0 45.7 39.0 39.0
5337 0.1 20 0 0 5337 0.4 20 0 0 30 46.4 39.7 39.7
5337 0.1 20 0 0 5337 0.4 20 0 0 60 48.4 41.6 41.6
5337 0.1 20 0 0 5337 0.4 20 0 0 90 53.4 46.0 46.0
5337 0.1 20 0 0 5337 0.4 20 0 0 120 61.5 52.3 52.3
5337 0.1 20 0 0 5337 0.4 20 0 0 150 70.7 60.0 60.0
5337 0.1 20 0 0 5337 0.4 20 0 0 180 76.0 64.8 64.8
5337 0.1 20 0 0 5337 0.4 30 0 0 0 45.6 38.2 38.2
5337 0.1 20 0 0 5337 0.4 30 0 0 30 46.4 38.4 38.4
5337 0.1 20 0 0 5337 0.4 30 0 0 60 48.2 39.7 39.7
5337 0.1 20 0 0 5337 0.4 30 0 0 90 53.1 43.5 43.5
5337 0.1 20 0 0 5337 0.4 30 0 0 120 61.1 49.5 49.5
5337 0.1 20 0 0 5337 0.4 30 0 0 150 70.3 57.1 57.1
5337 0.1 20 0 0 5337 0.4 30 0 0 180 75.5 63.0 63.0
5337 0.1 20 0 0 5337 0.4 40 0 0 0 45.6 38.4 38.4
5337 0.1 20 0 0 5337 0.4 40 0 0 30 46.4 38.5 38.5
5337 0.1 20 0 0 5337 0.4 40 0 0 60 48.2 39.8 39.8
5337 0.1 20 0 0 5337 0.4 40 0 0 90 52.6 42.8 42.8
5337 0.1 20 0 0 5337 0.4 40 0 0 120 60.6 48.4 48.4
5337 0.1 20 0 0 5337 0.4 40 0 0 150 69.6 56.0 56.0
5337 0.1 20 0 0 5337 0.4 40 0 0 180 74.7 62.4 62.4
5337 0.1 20 0 0 5337 0.4 50 0 0 0 45.6 39.2 39.2
5337 0.1 20 0 0 5337 0.4 50 0 0 30 46.4 39.3 39.3
5337 0.1 20 0 0 5337 0.4 50 0 0 60 48.1 40.7 40.7
5337 0.1 20 0 0 5337 0.4 50 0 0 90 52.1 43.3 43.3
5337 0.1 20 0 0 5337 0.4 50 0 0 120 59.9 48.0 48.0
5337 0.1 20 0 0 5337 0.4 50 0 0 150 68.7 55.4 55.4
5337 0.1 20 0 0 5337 0.4 50 0 0 180 73.4 62.2 62.2
5337 0.1 20 0 0 5337 0.4 60 0 0 0 45.6 40.7 40.7
5337 0.1 20 0 0 5337 0.4 60 0 0 30 46.4 40.8 40.8
5337 0.1 20 0 0 5337 0.4 60 0 0 60 48.2 42.0 42.0
5337 0.1 20 0 0 5337 0.4 60 0 0 90 51.8 44.4 44.4
5337 0.1 20 0 0 5337 0.4 60 0 0 120 58.7 48.7 48.7
5337 0.1 20 0 0 5337 0.4 60 0 0 150 67.0 55.3 55.3
5337 0.1 20 0 0 5337 0.4 60 0 0 180 71.2 62.3 62.3
5337 0.1 20 0 0 5337 0.5 0 0 0 0 47.8 41.7 41.7
5337 0.1 20 0 0 5337 0.5 0 0 0 30 48.2 42.3 42.3
5337 0.1 20 0 0 5337 0.5 0 0 0 60 49.1 43.7 43.7
5337 0.1 20 0 0 5337 0.5 0 0 0 90 51.3 46.5 46.5
5337 0.1 20 0 0 5337 0.5 0 0 0 120 58.2 51.8 51.8
5337 0.1 20 0 0 5337 0.5 0 0 0 150 68.1 60.5 60.5
5337 0.1 20 0 0 5337 0.5 0 0 0 180 74.7 63.8 63.8
5337 0.1 20 0 0 5337 0.5 10 0 0 0 47.8 41.6 41.6
5337 0.1 20 0 0 5337 0.5 10 0 0 30 48.2 42.0 42.0
5337 0.1 20 0 0 5337 0.5 10 0 0 60 49.1 43.0 43.0
5337 0.1 20 0 0 5337 0.5 10 0 0 90 51.3 45.6 45.6
5337 0.1 20 0 0 5337 0.5 10 0 0 120 58.1 50.6 50.6
5337 0.1 20 0 0 5337 0.5 10 0 0 150 68.0 59.2 59.2
5337 0.1 20 0 0 5337 0.5 10 0 0 180 74.6 64.2 64.2
5337 0.1 20 0 0 5337 0.5 20 0 0 0 47.8 40.9 40.9
5337 0.1 20 0 0 5337 0.5 20 0 0 30 48.2 41.1 41.1
5337 0.1 20 0 0 5337 0.5 20 0 0 60 49.1 41.7 41.7
5337 0.1 20 0 0 5337 0.5 20 0 0 90 51.2 43.1 43.1
5337 0.1 20 0 0 5337 0.5 20 0 0 120 57.9 48.2 48.2
5337 0.1 20 0 0 5337 0.5 20 0 0 150 67.8 56.7 56.7
5337 0.1 20 0 0 5337 0.5 20 0 0 180 74.3 63.1 63.1
5337 0.1 20 0 0 5337 0.5 30 0 0 0 47.8 40.3 40.3
5337 0.1 20 0 0 5337 0.5 30 0 0 30 48.2 40.3 40.3
5337 0.1 20 0 0 5337 0.5 30 0 0 60 49.0 40.6 40.6
5337 0.1 20 0 0 5337 0.5 30 0 0 90 51.1 41.7 41.7
5337 0.1 20 0 0 5337 0.5 30 0 0 120 57.5 46.5 46.5
5337 0.1 20 0 0 5337 0.5 30 0 0 150 67.4 54.9 54.9
5337 0.1 20 0 0 5337 0.5 30 0 0 180 73.7 62.4 62.4
5337 0.1 20 0 0 5337 0.5 40 0 0 0 47.9 40.2 40.2
5337 0.1 20 0 0 5337 0.5 40 0 0 30 48.2 40.1 40.1
5337 0.1 20 0 0 5337 0.5 40 0 0 60 49.1 40.3 40.3
5337 0.1 20 0 0 5337 0.5 40 0 0 90 51.0 41.5 41.5
5337 0.1 20 0 0 5337 0.5 40 0 0 120 57.0 45.6 45.6
5337 0.1 20 0 0 5337 0.5 40 0 0 150 66.7 53.8 53.8
5337 0.1 20 0 0 5337 0.5 40 0 0 180 72.9 62.1 62.1
5337 0.1 20 0 0 5337 0.5 50 0 0 0 47.9 40.7 40.7
5337 0.1 20 0 0 5337 0.5 50 0 0 30 48.3 40.5 40.5
5337 0.1 20 0 0 5337 0.5 50 0 0 60 49.1 40.7 40.7
5337 0.1 20 0 0 5337 0.5 50 0 0 90 51.0 42.0 42.0
5337 0.1 20 0 0 5337 0.5 50 0 0 120 56.5 45.6 45.6
5337 0.1 20 0 0 5337 0.5 50 0 0 150 65.7 53.1 53.1
5337 0.1 20 0 0 5337 0.5 50 0 0 180 71.5 61.7 61.7
5337 0.1 20 0 0 5337 0.5 60 0 0 0 48.0 41.5 41.5
5337 0.1 20 0 0 5337 0.5 60 0 0 30 48.4 41.4 41.4
5337 0.1 20 0 0 5337 0.5 60 0 0 60 49.2 41.6 41.6
5337 0.1 20 0 0 5337 0.5 60 0 0 90 51.1 42.8 42.8
5337 0.1 20 0 0 5337 0.5 60 0 0 120 55.9 46.3 46.3
5337 0.1 20 0 0 5337 0.5 60 0 0 150 63.9 53.0 53.0
5337 0.1 20 0 0 5337 0.5 60 0 0 180 69.0 61.6 61.6
