5337 0 0 0 0 4737 0 0 0 0 0 62 56 56
5337 0 0 0 0 4737 0 0 0 0 30 62 56 56
5337 0 0 0 0 4737 0 0 0 0 60 63 56 56
5337 0 0 0 0 4737 0 0 0 0 90 62 56 56
5337 0 0 0 0 4737 0 0 0 0 120 63 56 56
5337 0 0 0 0 4737 0 0 0 0 150 63 56 56
5337 0 0 0 0 4737 0 0 0 0 180 62 56 56
5337 0 0 0 0 4737 0 10 0 0 0 62 55 55
5337 0 0 0 0 4737 0 10 0 0 30 62 56 56
5337 0 0 0 0 4737 0 10 0 0 60 63 55 55
5337 0 0 0 0 4737 0 10 0 0 90 62 56 56
5337 0 0 0 0 4737 0 10 0 0 120 63 56 56
5337 0 0 0 0 4737 0 10 0 0 150 62 56 56
5337 0 0 0 0 4737 0 10 0 0 180 62 56 56
5337 0 0 0 0 4737 0 20 0 0 0 62 54 54
5337 0 0 0 0 4737 0 20 0 0 30 62 54 54
5337 0 0 0 0 4737 0 20 0 0 60 62 55 55
5337 0 0 0 0 4737 0 20 0 0 90 62 55 55
5337 0 0 0 0 4737 0 20 0 0 120 62 55 55
5337 0 0 0 0 4737 0 20 0 0 150 62 55 55
5337 0 0 0 0 4737 0 20 0 0 180 62 55 55
5337 0 0 0 0 4737 0 30 0 0 0 62 53 53
5337 0 0 0 0 4737 0 30 0 0 30 62 53 53
5337 0 0 0 0 4737 0 30 0 0 60 62 53 53
5337 0 0 0 0 4737 0 30 0 0 90 62 53 53
5337 0 0 0 0 4737 0 30 0 0 120 62 53 53
5337 0 0 0 0 4737 0 30 0 0 150 62 53 53
5337 0 0 0 0 4737 0 30 0 0 180 62 53 53
5337 0 0 0 0 4737 0 40 0 0 0 61 53 53
5337 0 0 0 0 4737 0 40 0 0 30 61 53 53
5337 0 0 0 0 4737 0 40 0 0 60 62 53 53
5337 0 0 0 0 4737 0 40 0 0 90 61 53 53
5337 0 0 0 0 4737 0 40 0 0 120 62 53 53
5337 0 0 0 0 4737 0 40 0 0 150 62 53 53
5337 0 0 0 0 4737 0 40 0 0 180 61 53 53
5337 0 0 0 0 4737 0 50 0 0 0 61 53 53
5337 0 0 0 0 4737 0 50 0 0 30 60 53 53
5337 0 0 0 0 4737 0 50 0 0 60 61 53 53
5337 0 0 0 0 4737 0 50 0 0 90 61 53 53
5337 0 0 0 0 4737 0 50 0 0 120 61 54 54
5337 0 0 0 0 4737 0 50 0 0 150 61 54 54
5337 0 0 0 0 4737 0 50 0 0 180 61 54 54
5337 0 0 0 0 4737 0 60 0 0 0 59 54 54
5337 0 0 0 0 4737 0 60 0 0 30 59 54 54
5337 0 0 0 0 4737 0 60 0 0 60 60 54 54
5337 0 0 0 0 4737 0 60 0 0 90 59 54 54
5337 0 0 0 0 4737 0 60 0 0 120 59 55 55
5337 0 0 0 0 4737 0 60 0 0 150 59 55 55
5337 0 0 0 0 4737 0 60 0 0 180 59 55 55
5337 0 0 0 0 4737 0 0 0 0 0 63 55 55
5337 0 0 0 0 4737 0 0 0 0 30 62 56 56
5337 0 0 0 0 4737 0 0 0 0 60 62 56 56
5337 0 0 0 0 4737 0 0 0 0 90 63 56 56
5337 0 0 0 0 4737 0 0 0 0 120 62 56 56
5337 0 0 0 0 4737 0 0 0 0 150 63 56 56
5337 0 0 0 0 4737 0 0 0 0 180 62 56 56
5337 0 0 0 0 4737 0 10 0 0 0 63 55 55
5337 0 0 0 0 4737 0 10 0 0 30 62 55 55
5337 0 0 0 0 4737 0 10 0 0 60 62 55 55
5337 0 0 0 0 4737 0 10 0 0 90 63 55 55
5337 0 0 0 0 4737 0 10 0 0 120 62 56 56
5337 0 0 0 0 4737 0 10 0 0 150 63 56 56
5337 0 0 0 0 4737 0 10 0 0 180 62 56 56
5337 0 0 0 0 4737 0 20 0 0 0 62 54 54
5337 0 0 0 0 4737 0 20 0 0 30 62 54 54
5337 0 0 0 0 4737 0 20 0 0 60 62 54 54
5337 0 0 0 0 4737 0 20 0 0 90 63 54 54
5337 0 0 0 0 4737 0 20 0 0 120 62 55 55
5337 0 0 0 0 4737 0 20 0 0 150 63 55 55
5337 0 0 0 0 4737 0 20 0 0 180 62 55 55
5337 0 0 0 0 4737 0 30 0 0 0 62 52 52
5337 0 0 0 0 4737 0 30 0 0 30 62 53 53
5337 0 0 0 0 4737 0 30 0 0 60 62 52 52
5337 0 0 0 0 4737 0 30 0 0 90 62 53 53
5337 0 0 0 0 4737 0 30 0 0 120 62 53 53
5337 0 0 0 0 4737 0 30 0 0 150 62 53 53
5337 0 0 0 0 4737 0 30 0 0 180 62 53 53
5337 0 0 0 0 4737 0 40 0 0 0 62 52 52
5337 0 0 0 0 4737 0 40 0 0 30 61 53 53
5337 0 0 0 0 4737 0 40 0 0 60 61 52 52
5337 0 0 0 0 4737 0 40 0 0 90 62 53 53
5337 0 0 0 0 4737 0 40 0 0 120 61 53 53
5337 0 0 0 0 4737 0 40 0 0 150 62 53 53
5337 0 0 0 0 4737 0 40 0 0 180 61 53 53
5337 0 0 0 0 4737 0 50 0 0 0 61 53 53
5337 0 0 0 0 4737 0 50 0 0 30 61 53 53
5337 0 0 0 0 4737 0 50 0 0 60 61 53 53
5337 0 0 0 0 4737 0 50 0 0 90 61 53 53
5337 0 0 0 0 4737 0 50 0 0 120 61 53 53
5337 0 0 0 0 4737 0 50 0 0 150 61 54 54
5337 0 0 0 0 4737 0 50 0 0 180 61 54 54
5337 0 0 0 0 4737 0 60 0 0 0 59 54 54
5337 0 0 0 0 4737 0 60 0 0 30 59 54 54
5337 0 0 0 0 4737 0 60 0 0 60 59 54 54
5337 0 0 0 0 4737 0 60 0 0 90 60 54 54
5337 0 0 0 0 4737 0 60 0 0 120 59 54 54
5337 0 0 0 0 4737 0 60 0 0 150 59 55 55
5337 0 0 0 0 4737 0 60 0 0 180 59 55 55
5337 0 0 0 0 4737 0 0 0 0 0 63 55 55
5337 0 0 0 0 4737 0 0 0 0 30 63 55 55
5337 0 0 0 0 4737 0 0 0 0 60 62 55 55
5337 0 0 0 0 4737 0 0 0 0 90 63 55 55
5337 0 0 0 0 4737 0 0 0 0 120 63 56 56
5337 0 0 0 0 4737 0 0 0 0 150 63 56 56
5337 0 0 0 0 4737 0 0 0 0 180 62 56 56
5337 0 0 0 0 4737 0 10 0 0 0 63 55 55
5337 0 0 0 0 4737 0 10 0 0 30 63 55 55
5337 0 0 0 0 4737 0 10 0 0 60 62 55 55
5337 0 0 0 0 4737 0 10 0 0 90 63 55 55
5337 0 0 0 0 4737 0 10 0 0 120 63 55 55
5337 0 0 0 0 4737 0 10 0 0 150 63 55 55
5337 0 0 0 0 4737 0 10 0 0 180 62 56 56
5337 0 0 0 0 4737 0 20 0 0 0 62 54 54
5337 0 0 0 0 4737 0 20 0 0 30 62 54 54
5337 0 0 0 0 4737 0 20 0 0 60 62 54 54
5337 0 0 0 0 4737 0 20 0 0 90 62 54 54
5337 0 0 0 0 4737 0 20 0 0 120 62 54 54
5337 0 0 0 0 4737 0 20 0 0 150 62 54 54
5337 0 0 0 0 4737 0 20 0 0 180 62 55 55
5337 0 0 0 0 4737 0 30 0 0 0 62 52 52
5337 0 0 0 0 4737 0 30 0 0 30 62 53 53
5337 0 0 0 0 4737 0 30 0 0 60 62 53 53
5337 0 0 0 0 4737 0 30 0 0 90 62 52 52
5337 0 0 0 0 4737 0 30 0 0 120 62 53 53
5337 0 0 0 0 4737 0 30 0 0 150 62 53 53
5337 0 0 0 0 4737 0 30 0 0 180 62 53 53
5337 0 0 0 0 4737 0 40 0 0 0 62 52 52
5337 0 0 0 0 4737 0 40 0 0 30 62 53 53
5337 0 0 0 0 4737 0 40 0 0 60 61 53 53
5337 0 0 0 0 4737 0 40 0 0 90 62 53 53
5337 0 0 0 0 4737 0 40 0 0 120 62 53 53
5337 0 0 0 0 4737 0 40 0 0 150 62 53 53
5337 0 0 0 0 4737 0 40 0 0 180 61 53 53
5337 0 0 0 0 4737 0 50 0 0 0 61 53 53
5337 0 0 0 0 4737 0 50 0 0 30 61 53 53
5337 0 0 0 0 4737 0 50 0 0 60 61 53 53
5337 0 0 0 0 4737 0 50 0 0 90 61 53 53
5337 0 0 0 0 4737 0 50 0 0 120 61 53 53
5337 0 0 0 0 4737 0 50 0 0 150 61 53 53
5337 0 0 0 0 4737 0 50 0 0 180 61 53 53
5337 0 0 0 0 4737 0 60 0 0 0 59 54 54
5337 0 0 0 0 4737 0 60 0 0 30 59 54 54
5337 0 0 0 0 4737 0 60 0 0 60 59 54 54
5337 0 0 0 0 4737 0 60 0 0 90 59 54 54
5337 0 0 0 0 4737 0 60 0 0 120 59 54 54
5337 0 0 0 0 4737 0 60 0 0 150 59 54 54
5337 0 0 0 0 4737 0 60 0 0 180 59 55 55
5337 0 0 0 0 4737 0 0 0 0 0 62 55 55
5337 0 0 0 0 4737 0 0 0 0 30 63 55 55
5337 0 0 0 0 4737 0 0 0 0 60 62 55 55
5337 0 0 0 0 4737 0 0 0 0 90 62 55 55
5337 0 0 0 0 4737 0 0 0 0 120 63 55 55
5337 0 0 0 0 4737 0 0 0 0 150 62 56 56
5337 0 0 0 0 4737 0 0 0 0 180 62 56 56
5337 0 0 0 0 4737 0 10 0 0 0 62 55 55
5337 0 0 0 0 4737 0 10 0 0 30 63 55 55
5337 0 0 0 0 4737 0 10 0 0 60 62 55 55
5337 0 0 0 0 4737 0 10 0 0 90 62 55 55
5337 0 0 0 0 4737 0 10 0 0 120 63 55 55
5337 0 0 0 0 4737 0 10 0 0 150 62 55 55
5337 0 0 0 0 4737 0 10 0 0 180 62 55 55
5337 0 0 0 0 4737 0 20 0 0 0 62 54 54
5337 0 0 0 0 4737 0 20 0 0 30 62 54 54
5337 0 0 0 0 4737 0 20 0 0 60 62 54 54
5337 0 0 0 0 4737 0 20 0 0 90 62 54 54
5337 0 0 0 0 4737 0 20 0 0 120 63 54 54
5337 0 0 0 0 4737 0 20 0 0 150 62 54 54
5337 0 0 0 0 4737 0 20 0 0 180 62 54 54
5337 0 0 0 0 4737 0 30 0 0 0 62 52 52
5337 0 0 0 0 4737 0 30 0 0 30 62 52 52
5337 0 0 0 0 4737 0 30 0 0 60 62 53 53
5337 0 0 0 0 4737 0 30 0 0 90 62 53 53
5337 0 0 0 0 4737 0 30 0 0 120 62 53 53
5337 0 0 0 0 4737 0 30 0 0 150 62 53 53
5337 0 0 0 0 4737 0 30 0 0 180 62 53 53
5337 0 0 0 0 4737 0 40 0 0 0 61 52 52
5337 0 0 0 0 4737 0 40 0 0 30 62 53 53
5337 0 0 0 0 4737 0 40 0 0 60 61 53 53
5337 0 0 0 0 4737 0 40 0 0 90 61 53 53
5337 0 0 0 0 4737 0 40 0 0 120 62 53 53
5337 0 0 0 0 4737 0 40 0 0 150 61 53 53
5337 0 0 0 0 4737 0 40 0 0 180 61 53 53
5337 0 0 0 0 4737 0 50 0 0 0 61 53 53
5337 0 0 0 0 4737 0 50 0 0 30 61 53 53
5337 0 0 0 0 4737 0 50 0 0 60 61 53 53
5337 0 0 0 0 4737 0 50 0 0 90 61 53 53
5337 0 0 0 0 4737 0 50 0 0 120 61 53 53
5337 0 0 0 0 4737 0 50 0 0 150 61 53 53
5337 0 0 0 0 4737 0 50 0 0 180 61 53 53
5337 0 0 0 0 4737 0 60 0 0 0 59 54 54
5337 0 0 0 0 4737 0 60 0 0 30 59 54 54
5337 0 0 0 0 4737 0 60 0 0 60 59 54 54
5337 0 0 0 0 4737 0 60 0 0 90 59 54 54
5337 0 0 0 0 4737 0 60 0 0 120 59 54 54
5337 0 0 0 0 4737 0 60 0 0 150 59 54 54
5337 0 0 0 0 4737 0 60 0 0 180 59 54 54
5337 0 0 0 0 4737 0 0 0 0 0 62 55 55
5337 0 0 0 0 4737 0 0 0 0 30 63 55 55
5337 0 0 0 0 4737 0 0 0 0 60 63 55 55
5337 0 0 0 0 4737 0 0 0 0 90 63 55 55
5337 0 0 0 0 4737 0 0 0 0 120 63 55 55
5337 0 0 0 0 4737 0 0 0 0 150 62 55 55
5337 0 0 0 0 4737 0 0 0 0 180 63 55 55
5337 0 0 0 0 4737 0 10 0 0 0 62 54 54
5337 0 0 0 0 4737 0 10 0 0 30 62 55 55
5337 0 0 0 0 4737 0 10 0 0 60 63 55 55
5337 0 0 0 0 4737 0 10 0 0 90 63 55 55
5337 0 0 0 0 4737 0 10 0 0 120 63 55 55
5337 0 0 0 0 4737 0 10 0 0 150 62 55 55
5337 0 0 0 0 4737 0 10 0 0 180 63 55 55
5337 0 0 0 0 4737 0 20 0 0 0 62 53 53
5337 0 0 0 0 4737 0 20 0 0 30 62 53 53
5337 0 0 0 0 4737 0 20 0 0 60 62 53 53
5337 0 0 0 0 4737 0 20 0 0 90 62 53 53
5337 0 0 0 0 4737 0 20 0 0 120 62 53 53
5337 0 0 0 0 4737 0 20 0 0 150 62 54 54
5337 0 0 0 0 4737 0 20 0 0 180 62 54 54
5337 0 0 0 0 4737 0 30 0 0 0 62 52 52
5337 0 0 0 0 4737 0 30 0 0 30 62 52 52
5337 0 0 0 0 4737 0 30 0 0 60 62 53 53
5337 0 0 0 0 4737 0 30 0 0 90 62 53 53
5337 0 0 0 0 4737 0 30 0 0 120 62 53 53
5337 0 0 0 0 4737 0 30 0 0 150 62 53 53
5337 0 0 0 0 4737 0 30 0 0 180 62 53 53
5337 0 0 0 0 4737 0 40 0 0 0 61 52 52
5337 0 0 0 0 4737 0 40 0 0 30 61 53 53
5337 0 0 0 0 4737 0 40 0 0 60 61 53 53
5337 0 0 0 0 4737 0 40 0 0 90 62 53 53
5337 0 0 0 0 4737 0 40 0 0 120 61 53 53
5337 0 0 0 0 4737 0 40 0 0 150 61 53 53
5337 0 0 0 0 4737 0 40 0 0 180 62 53 53
5337 0 0 0 0 4737 0 50 0 0 0 61 53 53
5337 0 0 0 0 4737 0 50 0 0 30 61 53 53
5337 0 0 0 0 4737 0 50 0 0 60 61 53 53
5337 0 0 0 0 4737 0 50 0 0 90 61 53 53
5337 0 0 0 0 4737 0 50 0 0 120 61 53 53
5337 0 0 0 0 4737 0 50 0 0 150 61 54 54
5337 0 0 0 0 4737 0 50 0 0 180 61 54 54
5337 0 0 0 0 4737 0 60 0 0 0 59 54 54
5337 0 0 0 0 4737 0 60 0 0 30 59 54 54
5337 0 0 0 0 4737 0 60 0 0 60 59 54 54
5337 0 0 0 0 4737 0 60 0 0 90 59 54 54
5337 0 0 0 0 4737 0 60 0 0 120 59 54 54
5337 0 0 0 0 4737 0 60 0 0 150 59 54 54
5337 0 0 0 0 4737 0 60 0 0 180 59 54 54
5337 0 0 0 0 4737 0 0 0 0 0 62 54 54
5337 0 0 0 0 4737 0 0 0 0 30 62 54 54
5337 0 0 0 0 4737 0 0 0 0 60 62 54 54
5337 0 0 0 0 4737 0 0 0 0 90 63 54 54
5337 0 0 0 0 4737 0 0 0 0 120 63 54 54
5337 0 0 0 0 4737 0 0 0 0 150 63 55 55
5337 0 0 0 0 4737 0 0 0 0 180 63 55 55
5337 0 0 0 0 4737 0 10 0 0 0 62 54 54
5337 0 0 0 0 4737 0 10 0 0 30 62 54 54
5337 0 0 0 0 4737 0 10 0 0 60 62 54 54
5337 0 0 0 0 4737 0 10 0 0 90 63 54 54
5337 0 0 0 0 4737 0 10 0 0 120 62 54 54
5337 0 0 0 0 4737 0 10 0 0 150 63 54 54
5337 0 0 0 0 4737 0 10 0 0 180 62 54 54
5337 0 0 0 0 4737 0 20 0 0 0 62 53 53
5337 0 0 0 0 4737 0 20 0 0 30 62 53 53
5337 0 0 0 0 4737 0 20 0 0 60 62 53 53
5337 0 0 0 0 4737 0 20 0 0 90 62 53 53
5337 0 0 0 0 4737 0 20 0 0 120 62 53 53
5337 0 0 0 0 4737 0 20 0 0 150 62 54 54
5337 0 0 0 0 4737 0 20 0 0 180 62 54 54
5337 0 0 0 0 4737 0 30 0 0 0 62 53 53
5337 0 0 0 0 4737 0 30 0 0 30 62 53 53
5337 0 0 0 0 4737 0 30 0 0 60 62 53 53
5337 0 0 0 0 4737 0 30 0 0 90 62 53 53
5337 0 0 0 0 4737 0 30 0 0 120 62 53 53
5337 0 0 0 0 4737 0 30 0 0 150 62 53 53
5337 0 0 0 0 4737 0 30 0 0 180 62 54 54
5337 0 0 0 0 4737 0 40 0 0 0 61 53 53
5337 0 0 0 0 4737 0 40 0 0 30 61 53 53
5337 0 0 0 0 4737 0 40 0 0 60 61 53 53
5337 0 0 0 0 4737 0 40 0 0 90 61 53 53
5337 0 0 0 0 4737 0 40 0 0 120 62 53 53
5337 0 0 0 0 4737 0 40 0 0 150 61 54 54
5337 0 0 0 0 4737 0 40 0 0 180 61 54 54
5337 0 0 0 0 4737 0 50 0 0 0 61 53 53
5337 0 0 0 0 4737 0 50 0 0 30 61 53 53
5337 0 0 0 0 4737 0 50 0 0 60 61 53 53
5337 0 0 0 0 4737 0 50 0 0 90 61 53 53
5337 0 0 0 0 4737 0 50 0 0 120 61 53 53
5337 0 0 0 0 4737 0 50 0 0 150 60 54 54
5337 0 0 0 0 4737 0 50 0 0 180 60 54 54
5337 0 0 0 0 4737 0 60 0 0 0 59 54 54
5337 0 0 0 0 4737 0 60 0 0 30 59 54 54
5337 0 0 0 0 4737 0 60 0 0 60 59 54 54
5337 0 0 0 0 4737 0 60 0 0 90 59 54 54
5337 0 0 0 0 4737 0 60 0 0 120 59 54 54
5337 0 0 0 0 4737 0 60 0 0 150 59 54 54
5337 0 0 0 0 4737 0 60 0 0 180 59 54 54
5337 0 0 0 0 4937 0 0 0 0 0 63 56 56
5337 0 0 0 0 4937 0 0 0 0 30 63 56 56
5337 0 0 0 0 4937 0 0 0 0 60 63 57 57
5337 0 0 0 0 4937 0 0 0 0 90 63 57 57
5337 0 0 0 0 4937 0 0 0 0 120 63 57 57
5337 0 0 0 0 4937 0 0 0 0 150 63 57 57
5337 0 0 0 0 4937 0 0 0 0 180 63 57 57
5337 0 0 0 0 4937 0 10 0 0 0 63 56 56
5337 0 0 0 0 4937 0 10 0 0 30 63 56 56
5337 0 0 0 0 4937 0 10 0 0 60 63 56 56
5337 0 0 0 0 4937 0 10 0 0 90 63 57 57
5337 0 0 0 0 4937 0 10 0 0 120 63 57 57
5337 0 0 0 0 4937 0 10 0 0 150 63 57 57
5337 0 0 0 0 4937 0 10 0 0 180 63 57 57
5337 0 0 0 0 4937 0 20 0 0 0 62 55 55
5337 0 0 0 0 4937 0 20 0 0 30 63 55 55
5337 0 0 0 0 4937 0 20 0 0 60 63 55 55
5337 0 0 0 0 4937 0 20 0 0 90 63 56 56
5337 0 0 0 0 4937 0 20 0 0 120 63 56 56
5337 0 0 0 0 4937 0 20 0 0 150 63 56 56
5337 0 0 0 0 4937 0 20 0 0 180 63 56 56
5337 0 0 0 0 4937 0 30 0 0 0 62 53 53
5337 0 0 0 0 4937 0 30 0 0 30 62 53 53
5337 0 0 0 0 4937 0 30 0 0 60 63 54 54
5337 0 0 0 0 4937 0 30 0 0 90 63 54 54
5337 0 0 0 0 4937 0 30 0 0 120 63 54 54
5337 0 0 0 0 4937 0 30 0 0 150 63 54 54
5337 0 0 0 0 4937 0 30 0 0 180 62 54 54
5337 0 0 0 0 4937 0 40 0 0 0 62 53 53
5337 0 0 0 0 4937 0 40 0 0 30 62 53 53
5337 0 0 0 0 4937 0 40 0 0 60 62 54 54
5337 0 0 0 0 4937 0 40 0 0 90 62 54 54
5337 0 0 0 0 4937 0 40 0 0 120 62 54 54
5337 0 0 0 0 4937 0 40 0 0 150 62 54 54
5337 0 0 0 0 4937 0 40 0 0 180 62 54 54
5337 0 0 0 0 4937 0 50 0 0 0 61 53 53
5337 0 0 0 0 4937 0 50 0 0 30 61 54 54
5337 0 0 0 0 4937 0 50 0 0 60 61 54 54
5337 0 0 0 0 4937 0 50 0 0 90 61 54 54
5337 0 0 0 0 4937 0 50 0 0 120 61 54 54
5337 0 0 0 0 4937 0 50 0 0 150 61 54 54
5337 0 0 0 0 4937 0 50 0 0 180 61 54 54
5337 0 0 0 0 4937 0 60 0 0 0 60 55 55
5337 0 0 0 0 4937 0 60 0 0 30 60 55 55
5337 0 0 0 0 4937 0 60 0 0 60 60 55 55
5337 0 0 0 0 4937 0 60 0 0 90 60 55 55
5337 0 0 0 0 4937 0 60 0 0 120 60 55 55
5337 0 0 0 0 4937 0 60 0 0 150 60 55 55
5337 0 0 0 0 4937 0 60 0 0 180 60 55 55
5337 0 0 0 0 4937 0 0 0 0 0 63 56 56
5337 0 0 0 0 4937 0 0 0 0 30 63 56 56
5337 0 0 0 0 4937 0 0 0 0 60 63 56 56
5337 0 0 0 0 4937 0 0 0 0 90 63 57 57
5337 0 0 0 0 4937 0 0 0 0 120 63 57 57
5337 0 0 0 0 4937 0 0 0 0 150 63 57 57
5337 0 0 0 0 4937 0 0 0 0 180 63 57 57
5337 0 0 0 0 4937 0 10 0 0 0 63 56 56
5337 0 0 0 0 4937 0 10 0 0 30 63 56 56
5337 0 0 0 0 4937 0 10 0 0 60 63 56 56
5337 0 0 0 0 4937 0 10 0 0 90 63 56 56
5337 0 0 0 0 4937 0 10 0 0 120 63 57 57
5337 0 0 0 0 4937 0 10 0 0 150 63 57 57
5337 0 0 0 0 4937 0 10 0 0 180 63 57 57
5337 0 0 0 0 4937 0 20 0 0 0 63 55 55
5337 0 0 0 0 4937 0 20 0 0 30 63 55 55
5337 0 0 0 0 4937 0 20 0 0 60 63 55 55
5337 0 0 0 0 4937 0 20 0 0 90 63 55 55
5337 0 0 0 0 4937 0 20 0 0 120 63 56 56
5337 0 0 0 0 4937 0 20 0 0 150 63 56 56
5337 0 0 0 0 4937 0 20 0 0 180 63 56 56
5337 0 0 0 0 4937 0 30 0 0 0 62 52 52
5337 0 0 0 0 4937 0 30 0 0 30 62 53 53
5337 0 0 0 0 4937 0 30 0 0 60 63 53 53
5337 0 0 0 0 4937 0 30 0 0 90 63 54 54
5337 0 0 0 0 4937 0 30 0 0 120 63 54 54
5337 0 0 0 0 4937 0 30 0 0 150 63 54 54
5337 0 0 0 0 4937 0 30 0 0 180 62 54 54
5337 0 0 0 0 4937 0 40 0 0 0 62 52 52
5337 0 0 0 0 4937 0 40 0 0 30 62 53 53
5337 0 0 0 0 4937 0 40 0 0 60 62 53 53
5337 0 0 0 0 4937 0 40 0 0 90 62 54 54
5337 0 0 0 0 4937 0 40 0 0 120 62 54 54
5337 0 0 0 0 4937 0 40 0 0 150 62 54 54
5337 0 0 0 0 4937 0 40 0 0 180 62 54 54
5337 0 0 0 0 4937 0 50 0 0 0 61 53 53
5337 0 0 0 0 4937 0 50 0 0 30 61 53 53
5337 0 0 0 0 4937 0 50 0 0 60 61 54 54
5337 0 0 0 0 4937 0 50 0 0 90 61 54 54
5337 0 0 0 0 4937 0 50 0 0 120 61 54 54
5337 0 0 0 0 4937 0 50 0 0 150 61 54 54
5337 0 0 0 0 4937 0 50 0 0 180 61 54 54
5337 0 0 0 0 4937 0 60 0 0 0 60 54 54
5337 0 0 0 0 4937 0 60 0 0 30 60 55 55
5337 0 0 0 0 4937 0 60 0 0 60 60 55 55
5337 0 0 0 0 4937 0 60 0 0 90 60 55 55
5337 0 0 0 0 4937 0 60 0 0 120 60 55 55
5337 0 0 0 0 4937 0 60 0 0 150 60 55 55
5337 0 0 0 0 4937 0 60 0 0 180 60 55 55
5337 0 0 0 0 4937 0 0 0 0 0 63 56 56
5337 0 0 0 0 4937 0 0 0 0 30 63 56 56
5337 0 0 0 0 4937 0 0 0 0 60 63 56 56
5337 0 0 0 0 4937 0 0 0 0 90 63 56 56
5337 0 0 0 0 4937 0 0 0 0 120 63 57 57
5337 0 0 0 0 4937 0 0 0 0 150 63 57 57
5337 0 0 0 0 4937 0 0 0 0 180 63 57 57
5337 0 0 0 0 4937 0 10 0 0 0 63 55 55
5337 0 0 0 0 4937 0 10 0 0 30 63 56 56
5337 0 0 0 0 4937 0 10 0 0 60 63 56 56
5337 0 0 0 0 4937 0 10 0 0 90 63 56 56
5337 0 0 0 0 4937 0 10 0 0 120 63 56 56
5337 0 0 0 0 4937 0 10 0 0 150 63 57 57
5337 0 0 0 0 4937 0 10 0 0 180 63 56 56
5337 0 0 0 0 4937 0 20 0 0 0 63 54 54
5337 0 0 0 0 4937 0 20 0 0 30 63 55 55
5337 0 0 0 0 4937 0 20 0 0 60 63 55 55
5337 0 0 0 0 4937 0 20 0 0 90 63 55 55
5337 0 0 0 0 4937 0 20 0 0 120 63 55 55
5337 0 0 0 0 4937 0 20 0 0 150 63 56 56
5337 0 0 0 0 4937 0 20 0 0 180 63 56 56
5337 0 0 0 0 4937 0 30 0 0 0 62 52 52
5337 0 0 0 0 4937 0 30 0 0 30 62 52 52
5337 0 0 0 0 4937 0 30 0 0 60 63 53 53
5337 0 0 0 0 4937 0 30 0 0 90 63 53 53
5337 0 0 0 0 4937 0 30 0 0 120 63 54 54
5337 0 0 0 0 4937 0 30 0 0 150 63 54 54
5337 0 0 0 0 4937 0 30 0 0 180 62 54 54
5337 0 0 0 0 4937 0 40 0 0 0 62 52 52
5337 0 0 0 0 4937 0 40 0 0 30 62 52 52
5337 0 0 0 0 4937 0 40 0 0 60 62 53 53
5337 0 0 0 0 4937 0 40 0 0 90 62 53 53
5337 0 0 0 0 4937 0 40 0 0 120 62 54 54
5337 0 0 0 0 4937 0 40 0 0 150 62 54 54
5337 0 0 0 0 4937 0 40 0 0 180 62 54 54
5337 0 0 0 0 4937 0 50 0 0 0 61 53 53
5337 0 0 0 0 4937 0 50 0 0 30 61 53 53
5337 0 0 0 0 4937 0 50 0 0 60 61 53 53
5337 0 0 0 0 4937 0 50 0 0 90 61 54 54
5337 0 0 0 0 4937 0 50 0 0 120 61 54 54
5337 0 0 0 0 4937 0 50 0 0 150 61 54 54
5337 0 0 0 0 4937 0 50 0 0 180 61 54 54
5337 0 0 0 0 4937 0 60 0 0 0 60 54 54
5337 0 0 0 0 4937 0 60 0 0 30 60 54 54
5337 0 0 0 0 4937 0 60 0 0 60 60 55 55
5337 0 0 0 0 4937 0 60 0 0 90 60 55 55
5337 0 0 0 0 4937 0 60 0 0 120 60 55 55
5337 0 0 0 0 4937 0 60 0 0 150 60 55 55
5337 0 0 0 0 4937 0 60 0 0 180 60 55 55
5337 0 0 0 0 4937 0 0 0 0 0 63 55 55
5337 0 0 0 0 4937 0 0 0 0 30 63 56 56
5337 0 0 0 0 4937 0 0 0 0 60 63 56 56
5337 0 0 0 0 4937 0 0 0 0 90 63 56 56
5337 0 0 0 0 4937 0 0 0 0 120 63 56 56
5337 0 0 0 0 4937 0 0 0 0 150 63 57 57
5337 0 0 0 0 4937 0 0 0 0 180 63 56 56
5337 0 0 0 0 4937 0 10 0 0 0 63 55 55
5337 0 0 0 0 4937 0 10 0 0 30 63 55 55
5337 0 0 0 0 4937 0 10 0 0 60 63 56 56
5337 0 0 0 0 4937 0 10 0 0 90 63 56 56
5337 0 0 0 0 4937 0 10 0 0 120 63 56 56
5337 0 0 0 0 4937 0 10 0 0 150 63 56 56
5337 0 0 0 0 4937 0 10 0 0 180 63 56 56
5337 0 0 0 0 4937 0 20 0 0 0 63 54 54
5337 0 0 0 0 4937 0 20 0 0 30 63 54 54
5337 0 0 0 0 4937 0 20 0 0 60 63 55 55
5337 0 0 0 0 4937 0 20 0 0 90 63 55 55
5337 0 0 0 0 4937 0 20 0 0 120 63 55 55
5337 0 0 0 0 4937 0 20 0 0 150 63 55 55
5337 0 0 0 0 4937 0 20 0 0 180 63 55 55
5337 0 0 0 0 4937 0 30 0 0 0 62 52 52
5337 0 0 0 0 4937 0 30 0 0 30 62 52 52
5337 0 0 0 0 4937 0 30 0 0 60 63 53 53
5337 0 0 0 0 4937 0 30 0 0 90 63 53 53
5337 0 0 0 0 4937 0 30 0 0 120 63 53 53
5337 0 0 0 0 4937 0 30 0 0 150 63 54 54
5337 0 0 0 0 4937 0 30 0 0 180 62 54 54
5337 0 0 0 0 4937 0 40 0 0 0 62 52 52
5337 0 0 0 0 4937 0 40 0 0 30 62 52 52
5337 0 0 0 0 4937 0 40 0 0 60 62 53 53
5337 0 0 0 0 4937 0 40 0 0 90 62 53 53
5337 0 0 0 0 4937 0 40 0 0 120 62 53 53
5337 0 0 0 0 4937 0 40 0 0 150 62 54 54
5337 0 0 0 0 4937 0 40 0 0 180 62 54 54
5337 0 0 0 0 4937 0 50 0 0 0 61 53 53
5337 0 0 0 0 4937 0 50 0 0 30 61 53 53
5337 0 0 0 0 4937 0 50 0 0 60 61 53 53
5337 0 0 0 0 4937 0 50 0 0 90 61 53 53
5337 0 0 0 0 4937 0 50 0 0 120 61 54 54
5337 0 0 0 0 4937 0 50 0 0 150 61 54 54
5337 0 0 0 0 4937 0 50 0 0 180 61 54 54
5337 0 0 0 0 4937 0 60 0 0 0 60 54 54
5337 0 0 0 0 4937 0 60 0 0 30 60 54 54
5337 0 0 0 0 4937 0 60 0 0 60 60 54 54
5337 0 0 0 0 4937 0 60 0 0 90 60 55 55
5337 0 0 0 0 4937 0 60 0 0 120 60 55 55
5337 0 0 0 0 4937 0 60 0 0 150 60 55 55
5337 0 0 0 0 4937 0 60 0 0 180 60 55 55
5337 0 0 0 0 4937 0 0 0 0 0 63 55 55
5337 0 0 0 0 4937 0 0 0 0 30 63 55 55
5337 0 0 0 0 4937 0 0 0 0 60 63 55 55
5337 0 0 0 0 4937 0 0 0 0 90 63 56 56
5337 0 0 0 0 4937 0 0 0 0 120 63 56 56
5337 0 0 0 0 4937 0 0 0 0 150 63 56 56
5337 0 0 0 0 4937 0 0 0 0 180 63 56 56
5337 0 0 0 0 4937 0 10 0 0 0 63 55 55
5337 0 0 0 0 4937 0 10 0 0 30 63 55 55
5337 0 0 0 0 4937 0 10 0 0 60 63 55 55
5337 0 0 0 0 4937 0 10 0 0 90 63 55 55
5337 0 0 0 0 4937 0 10 0 0 120 63 56 56
5337 0 0 0 0 4937 0 10 0 0 150 63 56 56
5337 0 0 0 0 4937 0 10 0 0 180 63 56 56
5337 0 0 0 0 4937 0 20 0 0 0 63 54 54
5337 0 0 0 0 4937 0 20 0 0 30 63 54 54
5337 0 0 0 0 4937 0 20 0 0 60 63 54 54
5337 0 0 0 0 4937 0 20 0 0 90 63 54 54
5337 0 0 0 0 4937 0 20 0 0 120 63 54 54
5337 0 0 0 0 4937 0 20 0 0 150 63 55 55
5337 0 0 0 0 4937 0 20 0 0 180 63 55 55
5337 0 0 0 0 4937 0 30 0 0 0 62 52 52
5337 0 0 0 0 4937 0 30 0 0 30 62 53 53
5337 0 0 0 0 4937 0 30 0 0 60 63 53 53
5337 0 0 0 0 4937 0 30 0 0 90 63 53 53
5337 0 0 0 0 4937 0 30 0 0 120 63 53 53
5337 0 0 0 0 4937 0 30 0 0 150 63 54 54
5337 0 0 0 0 4937 0 30 0 0 180 62 54 54
5337 0 0 0 0 4937 0 40 0 0 0 62 52 52
5337 0 0 0 0 4937 0 40 0 0 30 62 53 53
5337 0 0 0 0 4937 0 40 0 0 60 62 53 53
5337 0 0 0 0 4937 0 40 0 0 90 62 53 53
5337 0 0 0 0 4937 0 40 0 0 120 62 53 53
5337 0 0 0 0 4937 0 40 0 0 150 62 54 54
5337 0 0 0 0 4937 0 40 0 0 180 62 54 54
5337 0 0 0 0 4937 0 50 0 0 0 61 53 53
5337 0 0 0 0 4937 0 50 0 0 30 61 53 53
5337 0 0 0 0 4937 0 50 0 0 60 61 53 53
5337 0 0 0 0 4937 0 50 0 0 90 61 53 53
5337 0 0 0 0 4937 0 50 0 0 120 61 54 54
5337 0 0 0 0 4937 0 50 0 0 150 61 54 54
5337 0 0 0 0 4937 0 50 0 0 180 61 54 54
5337 0 0 0 0 4937 0 60 0 0 0 60 54 54
5337 0 0 0 0 4937 0 60 0 0 30 60 54 54
5337 0 0 0 0 4937 0 60 0 0 60 60 54 54
5337 0 0 0 0 4937 0 60 0 0 90 60 54 54
5337 0 0 0 0 4937 0 60 0 0 120 60 55 55
5337 0 0 0 0 4937 0 60 0 0 150 60 55 55
5337 0 0 0 0 4937 0 60 0 0 180 60 55 55
5337 0 0 0 0 4937 0 0 0 0 0 63 55 55
5337 0 0 0 0 4937 0 0 0 0 30 63 55 55
5337 0 0 0 0 4937 0 0 0 0 60 63 55 55
5337 0 0 0 0 4937 0 0 0 0 90 63 55 55
5337 0 0 0 0 4937 0 0 0 0 120 63 55 55
5337 0 0 0 0 4937 0 0 0 0 150 63 56 56
5337 0 0 0 0 4937 0 0 0 0 180 63 56 56
5337 0 0 0 0 4937 0 10 0 0 0 63 54 54
5337 0 0 0 0 4937 0 10 0 0 30 63 54 54
5337 0 0 0 0 4937 0 10 0 0 60 63 55 55
5337 0 0 0 0 4937 0 10 0 0 90 63 55 55
5337 0 0 0 0 4937 0 10 0 0 120 63 55 55
5337 0 0 0 0 4937 0 10 0 0 150 63 55 55
5337 0 0 0 0 4937 0 10 0 0 180 63 55 55
5337 0 0 0 0 4937 0 20 0 0 0 63 54 54
5337 0 0 0 0 4937 0 20 0 0 30 63 54 54
5337 0 0 0 0 4937 0 20 0 0 60 63 54 54
5337 0 0 0 0 4937 0 20 0 0 90 63 54 54
5337 0 0 0 0 4937 0 20 0 0 120 63 54 54
5337 0 0 0 0 4937 0 20 0 0 150 63 54 54
5337 0 0 0 0 4937 0 20 0 0 180 63 54 54
5337 0 0 0 0 4937 0 30 0 0 0 62 53 53
5337 0 0 0 0 4937 0 30 0 0 30 62 53 53
5337 0 0 0 0 4937 0 30 0 0 60 63 53 53
5337 0 0 0 0 4937 0 30 0 0 90 63 53 53
5337 0 0 0 0 4937 0 30 0 0 120 63 53 53
5337 0 0 0 0 4937 0 30 0 0 150 63 54 54
5337 0 0 0 0 4937 0 30 0 0 180 62 54 54
5337 0 0 0 0 4937 0 40 0 0 0 62 53 53
5337 0 0 0 0 4937 0 40 0 0 30 62 53 53
5337 0 0 0 0 4937 0 40 0 0 60 62 53 53
5337 0 0 0 0 4937 0 40 0 0 90 62 53 53
5337 0 0 0 0 4937 0 40 0 0 120 62 53 53
5337 0 0 0 0 4937 0 40 0 0 150 62 54 54
5337 0 0 0 0 4937 0 40 0 0 180 62 54 54
5337 0 0 0 0 4937 0 50 0 0 0 61 53 53
5337 0 0 0 0 4937 0 50 0 0 30 61 53 53
5337 0 0 0 0 4937 0 50 0 0 60 61 54 54
5337 0 0 0 0 4937 0 50 0 0 90 61 54 54
5337 0 0 0 0 4937 0 50 0 0 120 61 54 54
5337 0 0 0 0 4937 0 50 0 0 150 61 54 54
5337 0 0 0 0 4937 0 50 0 0 180 61 54 54
5337 0 0 0 0 4937 0 60 0 0 0 60 54 54
5337 0 0 0 0 4937 0 60 0 0 30 60 54 54
5337 0 0 0 0 4937 0 60 0 0 60 60 54 54
5337 0 0 0 0 4937 0 60 0 0 90 60 54 54
5337 0 0 0 0 4937 0 60 0 0 120 60 55 55
5337 0 0 0 0 4937 0 60 0 0 150 60 55 55
5337 0 0 0 0 4937 0 60 0 0 180 60 55 55
5337 0 0 0 0 5137 0 0 0 0 0 63 57 57
5337 0 0 0 0 5137 0 0 0 0 30 63 57 57
5337 0 0 0 0 5137 0 0 0 0 60 63 57 57
5337 0 0 0 0 5137 0 0 0 0 90 63 57 57
5337 0 0 0 0 5137 0 0 0 0 120 63 57 57
5337 0 0 0 0 5137 0 0 0 0 150 63 57 57
5337 0 0 0 0 5137 0 0 0 0 180 63 57 57
5337 0 0 0 0 5137 0 10 0 0 0 63 57 57
5337 0 0 0 0 5137 0 10 0 0 30 63 57 57
5337 0 0 0 0 5137 0 10 0 0 60 63 57 57
5337 0 0 0 0 5137 0 10 0 0 90 63 57 57
5337 0 0 0 0 5137 0 10 0 0 120 63 56 56
5337 0 0 0 0 5137 0 10 0 0 150 63 56 56
5337 0 0 0 0 5137 0 10 0 0 180 63 57 57
5337 0 0 0 0 5137 0 20 0 0 0 63 56 56
5337 0 0 0 0 5137 0 20 0 0 30 63 56 56
5337 0 0 0 0 5137 0 20 0 0 60 63 56 56
5337 0 0 0 0 5137 0 20 0 0 90 63 56 56
5337 0 0 0 0 5137 0 20 0 0 120 63 56 56
5337 0 0 0 0 5137 0 20 0 0 150 63 56 56
5337 0 0 0 0 5137 0 20 0 0 180 63 56 56
5337 0 0 0 0 5137 0 30 0 0 0 63 53 53
5337 0 0 0 0 5137 0 30 0 0 30 63 53 53
5337 0 0 0 0 5137 0 30 0 0 60 63 53 53
5337 0 0 0 0 5137 0 30 0 0 90 63 54 54
5337 0 0 0 0 5137 0 30 0 0 120 62 54 54
5337 0 0 0 0 5137 0 30 0 0 150 62 54 54
5337 0 0 0 0 5137 0 30 0 0 180 62 55 55
5337 0 0 0 0 5137 0 40 0 0 0 62 53 53
5337 0 0 0 0 5137 0 40 0 0 30 62 53 53
5337 0 0 0 0 5137 0 40 0 0 60 62 53 53
5337 0 0 0 0 5137 0 40 0 0 90 62 54 54
5337 0 0 0 0 5137 0 40 0 0 120 62 54 54
5337 0 0 0 0 5137 0 40 0 0 150 62 54 54
5337 0 0 0 0 5137 0 40 0 0 180 62 55 55
5337 0 0 0 0 5137 0 50 0 0 0 62 54 54
5337 0 0 0 0 5137 0 50 0 0 30 62 54 54
5337 0 0 0 0 5137 0 50 0 0 60 62 54 54
5337 0 0 0 0 5137 0 50 0 0 90 62 54 54
5337 0 0 0 0 5137 0 50 0 0 120 61 54 54
5337 0 0 0 0 5137 0 50 0 0 150 61 55 55
5337 0 0 0 0 5137 0 50 0 0 180 61 55 55
5337 0 0 0 0 5137 0 60 0 0 0 60 56 56
5337 0 0 0 0 5137 0 60 0 0 30 60 56 56
5337 0 0 0 0 5137 0 60 0 0 60 60 56 56
5337 0 0 0 0 5137 0 60 0 0 90 60 56 56
5337 0 0 0 0 5137 0 60 0 0 120 60 55 55
5337 0 0 0 0 5137 0 60 0 0 150 60 55 55
5337 0 0 0 0 5137 0 60 0 0 180 60 55 55
5337 0 0 0 0 5137 0 0 0 0 0 63 57 57
5337 0 0 0 0 5137 0 0 0 0 30 63 57 57
5337 0 0 0 0 5137 0 0 0 0 60 63 57 57
5337 0 0 0 0 5137 0 0 0 0 90 63 57 57
5337 0 0 0 0 5137 0 0 0 0 120 63 57 57
5337 0 0 0 0 5137 0 0 0 0 150 63 56 56
5337 0 0 0 0 5137 0 0 0 0 180 63 57 57
5337 0 0 0 0 5137 0 10 0 0 0 63 57 57
5337 0 0 0 0 5137 0 10 0 0 30 63 57 57
5337 0 0 0 0 5137 0 10 0 0 60 63 57 57
5337 0 0 0 0 5137 0 10 0 0 90 63 56 56
5337 0 0 0 0 5137 0 10 0 0 120 63 56 56
5337 0 0 0 0 5137 0 10 0 0 150 63 56 56
5337 0 0 0 0 5137 0 10 0 0 180 63 56 56
5337 0 0 0 0 5137 0 20 0 0 0 63 56 56
5337 0 0 0 0 5137 0 20 0 0 30 63 56 56
5337 0 0 0 0 5137 0 20 0 0 60 63 56 56
5337 0 0 0 0 5137 0 20 0 0 90 63 56 56
5337 0 0 0 0 5137 0 20 0 0 120 63 56 56
5337 0 0 0 0 5137 0 20 0 0 150 63 56 56
5337 0 0 0 0 5137 0 20 0 0 180 63 56 56
5337 0 0 0 0 5137 0 30 0 0 0 63 53 53
5337 0 0 0 0 5137 0 30 0 0 30 63 53 53
5337 0 0 0 0 5137 0 30 0 0 60 63 53 53
5337 0 0 0 0 5137 0 30 0 0 90 63 53 53
5337 0 0 0 0 5137 0 30 0 0 120 63 54 54
5337 0 0 0 0 5137 0 30 0 0 150 62 54 54
5337 0 0 0 0 5137 0 30 0 0 180 62 55 55
5337 0 0 0 0 5137 0 40 0 0 0 62 53 53
5337 0 0 0 0 5137 0 40 0 0 30 62 53 53
5337 0 0 0 0 5137 0 40 0 0 60 62 53 53
5337 0 0 0 0 5137 0 40 0 0 90 62 53 53
5337 0 0 0 0 5137 0 40 0 0 120 62 53 53
5337 0 0 0 0 5137 0 40 0 0 150 62 54 54
5337 0 0 0 0 5137 0 40 0 0 180 62 54 54
5337 0 0 0 0 5137 0 50 0 0 0 61 54 54
5337 0 0 0 0 5137 0 50 0 0 30 62 54 54
5337 0 0 0 0 5137 0 50 0 0 60 62 54 54
5337 0 0 0 0 5137 0 50 0 0 90 61 54 54
5337 0 0 0 0 5137 0 50 0 0 120 61 54 54
5337 0 0 0 0 5137 0 50 0 0 150 61 54 54
5337 0 0 0 0 5137 0 50 0 0 180 61 55 55
5337 0 0 0 0 5137 0 60 0 0 0 60 56 56
5337 0 0 0 0 5137 0 60 0 0 30 60 56 56
5337 0 0 0 0 5137 0 60 0 0 60 60 56 56
5337 0 0 0 0 5137 0 60 0 0 90 60 55 55
5337 0 0 0 0 5137 0 60 0 0 120 60 55 55
5337 0 0 0 0 5137 0 60 0 0 150 60 55 55
5337 0 0 0 0 5137 0 60 0 0 180 60 55 55
5337 0 0 0 0 5137 0 0 0 0 0 63 57 57
5337 0 0 0 0 5137 0 0 0 0 30 63 57 57
5337 0 0 0 0 5137 0 0 0 0 60 63 57 57
5337 0 0 0 0 5137 0 0 0 0 90 63 57 57
5337 0 0 0 0 5137 0 0 0 0 120 63 56 56
5337 0 0 0 0 5137 0 0 0 0 150 63 56 56
5337 0 0 0 0 5137 0 0 0 0 180 63 56 56
5337 0 0 0 0 5137 0 10 0 0 0 63 56 56
5337 0 0 0 0 5137 0 10 0 0 30 63 56 56
5337 0 0 0 0 5137 0 10 0 0 60 63 56 56
5337 0 0 0 0 5137 0 10 0 0 90 63 56 56
5337 0 0 0 0 5137 0 10 0 0 120 63 56 56
5337 0 0 0 0 5137 0 10 0 0 150 63 56 56
5337 0 0 0 0 5137 0 10 0 0 180 63 56 56
5337 0 0 0 0 5137 0 20 0 0 0 63 56 56
5337 0 0 0 0 5137 0 20 0 0 30 63 56 56
5337 0 0 0 0 5137 0 20 0 0 60 63 55 55
5337 0 0 0 0 5137 0 20 0 0 90 63 55 55
5337 0 0 0 0 5137 0 20 0 0 120 63 55 55
5337 0 0 0 0 5137 0 20 0 0 150 63 55 55
5337 0 0 0 0 5137 0 20 0 0 180 63 56 56
5337 0 0 0 0 5137 0 30 0 0 0 63 53 53
5337 0 0 0 0 5137 0 30 0 0 30 63 53 53
5337 0 0 0 0 5137 0 30 0 0 60 63 53 53
5337 0 0 0 0 5137 0 30 0 0 90 63 53 53
5337 0 0 0 0 5137 0 30 0 0 120 63 53 53
5337 0 0 0 0 5137 0 30 0 0 150 62 54 54
5337 0 0 0 0 5137 0 30 0 0 180 62 54 54
5337 0 0 0 0 5137 0 40 0 0 0 62 53 53
5337 0 0 0 0 5137 0 40 0 0 30 62 53 53
5337 0 0 0 0 5137 0 40 0 0 60 62 53 53
5337 0 0 0 0 5137 0 40 0 0 90 62 53 53
5337 0 0 0 0 5137 0 40 0 0 120 62 53 53
5337 0 0 0 0 5137 0 40 0 0 150 62 53 53
5337 0 0 0 0 5137 0 40 0 0 180 62 54 54
5337 0 0 0 0 5137 0 50 0 0 0 61 54 54
5337 0 0 0 0 5137 0 50 0 0 30 61 54 54
5337 0 0 0 0 5137 0 50 0 0 60 61 54 54
5337 0 0 0 0 5137 0 50 0 0 90 61 54 54
5337 0 0 0 0 5137 0 50 0 0 120 61 54 54
5337 0 0 0 0 5137 0 50 0 0 150 61 54 54
5337 0 0 0 0 5137 0 50 0 0 180 62 54 54
5337 0 0 0 0 5137 0 60 0 0 0 60 55 55
5337 0 0 0 0 5137 0 60 0 0 30 60 55 55
5337 0 0 0 0 5137 0 60 0 0 60 60 55 55
5337 0 0 0 0 5137 0 60 0 0 90 60 55 55
5337 0 0 0 0 5137 0 60 0 0 120 60 55 55
5337 0 0 0 0 5137 0 60 0 0 150 60 55 55
5337 0 0 0 0 5137 0 60 0 0 180 60 55 55
5337 0 0 0 0 5137 0 0 0 0 0 63 56 56
5337 0 0 0 0 5137 0 0 0 0 30 63 57 57
5337 0 0 0 0 5137 0 0 0 0 60 63 56 56
5337 0 0 0 0 5137 0 0 0 0 90 63 56 56
5337 0 0 0 0 5137 0 0 0 0 120 63 56 56
5337 0 0 0 0 5137 0 0 0 0 150 63 56 56
5337 0 0 0 0 5137 0 0 0 0 180 63 56 56
5337 0 0 0 0 5137 0 10 0 0 0 63 56 56
5337 0 0 0 0 5137 0 10 0 0 30 63 56 56
5337 0 0 0 0 5137 0 10 0 0 60 63 56 56
5337 0 0 0 0 5137 0 10 0 0 90 63 56 56
5337 0 0 0 0 5137 0 10 0 0 120 63 56 56
5337 0 0 0 0 5137 0 10 0 0 150 63 56 56
5337 0 0 0 0 5137 0 10 0 0 180 63 56 56
5337 0 0 0 0 5137 0 20 0 0 0 63 55 55
5337 0 0 0 0 5137 0 20 0 0 30 63 55 55
5337 0 0 0 0 5137 0 20 0 0 60 63 55 55
5337 0 0 0 0 5137 0 20 0 0 90 63 55 55
5337 0 0 0 0 5137 0 20 0 0 120 63 55 55
5337 0 0 0 0 5137 0 20 0 0 150 63 55 55
5337 0 0 0 0 5137 0 20 0 0 180 63 55 55
5337 0 0 0 0 5137 0 30 0 0 0 63 53 53
5337 0 0 0 0 5137 0 30 0 0 30 63 53 53
5337 0 0 0 0 5137 0 30 0 0 60 63 53 53
5337 0 0 0 0 5137 0 30 0 0 90 63 53 53
5337 0 0 0 0 5137 0 30 0 0 120 63 53 53
5337 0 0 0 0 5137 0 30 0 0 150 63 53 53
5337 0 0 0 0 5137 0 30 0 0 180 63 54 54
5337 0 0 0 0 5137 0 40 0 0 0 62 53 53
5337 0 0 0 0 5137 0 40 0 0 30 62 53 53
5337 0 0 0 0 5137 0 40 0 0 60 62 53 53
5337 0 0 0 0 5137 0 40 0 0 90 62 53 53
5337 0 0 0 0 5137 0 40 0 0 120 62 53 53
5337 0 0 0 0 5137 0 40 0 0 150 62 53 53
5337 0 0 0 0 5137 0 40 0 0 180 62 54 54
5337 0 0 0 0 5137 0 50 0 0 0 61 54 54
5337 0 0 0 0 5137 0 50 0 0 30 61 54 54
5337 0 0 0 0 5137 0 50 0 0 60 61 54 54
5337 0 0 0 0 5137 0 50 0 0 90 61 54 54
5337 0 0 0 0 5137 0 50 0 0 120 61 53 53
5337 0 0 0 0 5137 0 50 0 0 150 62 53 53
5337 0 0 0 0 5137 0 50 0 0 180 62 54 54
5337 0 0 0 0 5137 0 60 0 0 0 60 55 55
5337 0 0 0 0 5137 0 60 0 0 30 60 55 55
5337 0 0 0 0 5137 0 60 0 0 60 60 55 55
5337 0 0 0 0 5137 0 60 0 0 90 60 55 55
5337 0 0 0 0 5137 0 60 0 0 120 60 55 55
5337 0 0 0 0 5137 0 60 0 0 150 60 55 55
5337 0 0 0 0 5137 0 60 0 0 180 60 55 55
5337 0 0 0 0 5137 0 0 0 0 0 63 56 56
5337 0 0 0 0 5137 0 0 0 0 30 63 56 56
5337 0 0 0 0 5137 0 0 0 0 60 63 56 56
5337 0 0 0 0 5137 0 0 0 0 90 63 56 56
5337 0 0 0 0 5137 0 0 0 0 120 63 56 56
5337 0 0 0 0 5137 0 0 0 0 150 63 56 56
5337 0 0 0 0 5137 0 0 0 0 180 63 56 56
5337 0 0 0 0 5137 0 10 0 0 0 63 56 56
5337 0 0 0 0 5137 0 10 0 0 30 63 56 56
5337 0 0 0 0 5137 0 10 0 0 60 63 56 56
5337 0 0 0 0 5137 0 10 0 0 90 63 56 56
5337 0 0 0 0 5137 0 10 0 0 120 63 56 56
5337 0 0 0 0 5137 0 10 0 0 150 63 56 56
5337 0 0 0 0 5137 0 10 0 0 180 63 56 56
5337 0 0 0 0 5137 0 20 0 0 0 63 55 55
5337 0 0 0 0 5137 0 20 0 0 30 63 55 55
5337 0 0 0 0 5137 0 20 0 0 60 63 54 54
5337 0 0 0 0 5137 0 20 0 0 90 63 54 54
5337 0 0 0 0 5137 0 20 0 0 120 63 54 54
5337 0 0 0 0 5137 0 20 0 0 150 63 54 54
5337 0 0 0 0 5137 0 20 0 0 180 63 55 55
5337 0 0 0 0 5137 0 30 0 0 0 62 54 54
5337 0 0 0 0 5137 0 30 0 0 30 63 53 53
5337 0 0 0 0 5137 0 30 0 0 60 63 53 53
5337 0 0 0 0 5137 0 30 0 0 90 63 53 53
5337 0 0 0 0 5137 0 30 0 0 120 63 53 53
5337 0 0 0 0 5137 0 30 0 0 150 63 53 53
5337 0 0 0 0 5137 0 30 0 0 180 63 54 54
5337 0 0 0 0 5137 0 40 0 0 0 62 54 54
5337 0 0 0 0 5137 0 40 0 0 30 62 54 54
5337 0 0 0 0 5137 0 40 0 0 60 62 53 53
5337 0 0 0 0 5137 0 40 0 0 90 62 53 53
5337 0 0 0 0 5137 0 40 0 0 120 62 53 53
5337 0 0 0 0 5137 0 40 0 0 150 62 53 53
5337 0 0 0 0 5137 0 40 0 0 180 62 54 54
5337 0 0 0 0 5137 0 50 0 0 0 61 54 54
5337 0 0 0 0 5137 0 50 0 0 30 61 54 54
5337 0 0 0 0 5137 0 50 0 0 60 61 54 54
5337 0 0 0 0 5137 0 50 0 0 90 61 54 54
5337 0 0 0 0 5137 0 50 0 0 120 61 54 54
5337 0 0 0 0 5137 0 50 0 0 150 62 53 53
5337 0 0 0 0 5137 0 50 0 0 180 62 54 54
5337 0 0 0 0 5137 0 60 0 0 0 60 55 55
5337 0 0 0 0 5137 0 60 0 0 30 60 55 55
5337 0 0 0 0 5137 0 60 0 0 60 60 55 55
5337 0 0 0 0 5137 0 60 0 0 90 60 55 55
5337 0 0 0 0 5137 0 60 0 0 120 60 55 55
5337 0 0 0 0 5137 0 60 0 0 150 60 55 55
5337 0 0 0 0 5137 0 60 0 0 180 60 54 54
5337 0 0 0 0 5137 0 0 0 0 0 63 56 56
5337 0 0 0 0 5137 0 0 0 0 30 63 56 56
5337 0 0 0 0 5137 0 0 0 0 60 63 56 56
5337 0 0 0 0 5137 0 0 0 0 90 63 56 56
5337 0 0 0 0 5137 0 0 0 0 120 63 56 56
5337 0 0 0 0 5137 0 0 0 0 150 63 56 56
5337 0 0 0 0 5137 0 0 0 0 180 63 56 56
5337 0 0 0 0 5137 0 10 0 0 0 63 56 56
5337 0 0 0 0 5137 0 10 0 0 30 63 56 56
5337 0 0 0 0 5137 0 10 0 0 60 63 56 56
5337 0 0 0 0 5137 0 10 0 0 90 63 55 55
5337 0 0 0 0 5137 0 10 0 0 120 63 55 55
5337 0 0 0 0 5137 0 10 0 0 150 63 55 55
5337 0 0 0 0 5137 0 10 0 0 180 63 55 55
5337 0 0 0 0 5137 0 20 0 0 0 63 54 54
5337 0 0 0 0 5137 0 20 0 0 30 63 54 54
5337 0 0 0 0 5137 0 20 0 0 60 63 54 54
5337 0 0 0 0 5137 0 20 0 0 90 63 54 54
5337 0 0 0 0 5137 0 20 0 0 120 63 54 54
5337 0 0 0 0 5137 0 20 0 0 150 63 53 53
5337 0 0 0 0 5137 0 20 0 0 180 63 55 55
5337 0 0 0 0 5137 0 30 0 0 0 62 54 54
5337 0 0 0 0 5137 0 30 0 0 30 62 54 54
5337 0 0 0 0 5137 0 30 0 0 60 62 54 54
5337 0 0 0 0 5137 0 30 0 0 90 62 54 54
5337 0 0 0 0 5137 0 30 0 0 120 63 53 53
5337 0 0 0 0 5137 0 30 0 0 150 63 53 53
5337 0 0 0 0 5137 0 30 0 0 180 63 54 54
5337 0 0 0 0 5137 0 40 0 0 0 62 54 54
5337 0 0 0 0 5137 0 40 0 0 30 62 54 54
5337 0 0 0 0 5137 0 40 0 0 60 62 54 54
5337 0 0 0 0 5137 0 40 0 0 90 62 54 54
5337 0 0 0 0 5137 0 40 0 0 120 62 54 54
5337 0 0 0 0 5137 0 40 0 0 150 62 53 53
5337 0 0 0 0 5137 0 40 0 0 180 63 54 54
5337 0 0 0 0 5137 0 50 0 0 0 61 55 55
5337 0 0 0 0 5137 0 50 0 0 30 61 55 55
5337 0 0 0 0 5137 0 50 0 0 60 61 54 54
5337 0 0 0 0 5137 0 50 0 0 90 61 54 54
5337 0 0 0 0 5137 0 50 0 0 120 61 54 54
5337 0 0 0 0 5137 0 50 0 0 150 62 54 54
5337 0 0 0 0 5137 0 50 0 0 180 62 54 54
5337 0 0 0 0 5137 0 60 0 0 0 59 55 55
5337 0 0 0 0 5137 0 60 0 0 30 59 55 55
5337 0 0 0 0 5137 0 60 0 0 60 59 55 55
5337 0 0 0 0 5137 0 60 0 0 90 60 55 55
5337 0 0 0 0 5137 0 60 0 0 120 60 55 55
5337 0 0 0 0 5137 0 60 0 0 150 60 55 55
5337 0 0 0 0 5137 0 60 0 0 180 60 54 54
5337 0 0 0 0 5337 0 0 0 0 0 41 36 36
5337 0 0 0 0 5337 0 0 0 0 30 50 45 45
5337 0 0 0 0 5337 0 0 0 0 60 58 53 53
5337 0 0 0 0 5337 0 0 0 0 90 66 61 61
5337 0 0 0 0 5337 0 0 0 0 120 75 69 69
5337 0 0 0 0 5337 0 0 0 0 150 79 69 69
5337 0 0 0 0 5337 0 0 0 0 180 79 69 69
5337 0 0 0 0 5337 0 10 0 0 0 41 37 37
5337 0 0 0 0 5337 0 10 0 0 30 49 44 44
5337 0 0 0 0 5337 0 10 0 0 60 58 53 53
5337 0 0 0 0 5337 0 10 0 0 90 66 61 61
5337 0 0 0 0 5337 0 10 0 0 120 74 68 68
5337 0 0 0 0 5337 0 10 0 0 150 79 69 69
5337 0 0 0 0 5337 0 10 0 0 180 79 69 69
5337 0 0 0 0 5337 0 20 0 0 0 41 38 38
5337 0 0 0 0 5337 0 20 0 0 30 49 44 44
5337 0 0 0 0 5337 0 20 0 0 60 58 52 52
5337 0 0 0 0 5337 0 20 0 0 90 66 60 60
5337 0 0 0 0 5337 0 20 0 0 120 74 66 66
5337 0 0 0 0 5337 0 20 0 0 150 78 68 68
5337 0 0 0 0 5337 0 20 0 0 180 78 68 68
5337 0 0 0 0 5337 0 30 0 0 0 41 40 40
5337 0 0 0 0 5337 0 30 0 0 30 49 44 44
5337 0 0 0 0 5337 0 30 0 0 60 57 50 50
5337 0 0 0 0 5337 0 30 0 0 90 66 57 57
5337 0 0 0 0 5337 0 30 0 0 120 74 62 62
5337 0 0 0 0 5337 0 30 0 0 150 78 65 65
5337 0 0 0 0 5337 0 30 0 0 180 78 65 65
5337 0 0 0 0 5337 0 40 0 0 0 41 42 42
5337 0 0 0 0 5337 0 40 0 0 30 48 44 44
5337 0 0 0 0 5337 0 40 0 0 60 57 50 50
5337 0 0 0 0 5337 0 40 0 0 90 65 56 56
5337 0 0 0 0 5337 0 40 0 0 120 73 61 61
5337 0 0 0 0 5337 0 40 0 0 150 77 64 64
5337 0 0 0 0 5337 0 40 0 0 180 77 64 64
5337 0 0 0 0 5337 0 50 0 0 0 41 44 44
5337 0 0 0 0 5337 0 50 0 0 30 48 46 46
5337 0 0 0 0 5337 0 50 0 0 60 56 50 50
5337 0 0 0 0 5337 0 50 0 0 90 64 56 56
5337 0 0 0 0 5337 0 50 0 0 120 72 61 61
5337 0 0 0 0 5337 0 50 0 0 150 76 64 64
5337 0 0 0 0 5337 0 50 0 0 180 76 65 65
5337 0 0 0 0 5337 0 60 0 0 0 41 46 46
5337 0 0 0 0 5337 0 60 0 0 30 47 48 48
5337 0 0 0 0 5337 0 60 0 0 60 55 52 52
5337 0 0 0 0 5337 0 60 0 0 90 63 57 57
5337 0 0 0 0 5337 0 60 0 0 120 71 61 61
5337 0 0 0 0 5337 0 60 0 0 150 74 64 64
5337 0 0 0 0 5337 0 60 0 0 180 74 65 65
5337 0 0 0 0 5337 0 0 0 0 0 42 37 37
5337 0 0 0 0 5337 0 0 0 0 30 48 43 43
5337 0 0 0 0 5337 0 0 0 0 60 55 50 50
5337 0 0 0 0 5337 0 0 0 0 90 63 58 58
5337 0 0 0 0 5337 0 0 0 0 120 72 67 67
5337 0 0 0 0 5337 0 0 0 0 150 79 69 69
5337 0 0 0 0 5337 0 0 0 0 180 79 69 69
5337 0 0 0 0 5337 0 10 0 0 0 42 37 37
5337 0 0 0 0 5337 0 10 0 0 30 48 43 43
5337 0 0 0 0 5337 0 10 0 0 60 55 50 50
5337 0 0 0 0 5337 0 10 0 0 90 63 58 58
5337 0 0 0 0 5337 0 10 0 0 120 72 65 65
5337 0 0 0 0 5337 0 10 0 0 150 79 69 69
5337 0 0 0 0 5337 0 10 0 0 180 79 69 69
5337 0 0 0 0 5337 0 20 0 0 0 42 38 38
5337 0 0 0 0 5337 0 20 0 0 30 48 42 42
5337 0 0 0 0 5337 0 20 0 0 60 55 49 49
5337 0 0 0 0 5337 0 20 0 0 90 63 57 57
5337 0 0 0 0 5337 0 20 0 0 120 71 63 63
5337 0 0 0 0 5337 0 20 0 0 150 78 67 67
5337 0 0 0 0 5337 0 20 0 0 180 78 68 68
5337 0 0 0 0 5337 0 30 0 0 0 42 40 40
5337 0 0 0 0 5337 0 30 0 0 30 47 42 42
5337 0 0 0 0 5337 0 30 0 0 60 55 47 47
5337 0 0 0 0 5337 0 30 0 0 90 62 54 54
5337 0 0 0 0 5337 0 30 0 0 120 71 59 59
5337 0 0 0 0 5337 0 30 0 0 150 78 64 64
5337 0 0 0 0 5337 0 30 0 0 180 78 65 65
5337 0 0 0 0 5337 0 40 0 0 0 42 42 42
5337 0 0 0 0 5337 0 40 0 0 30 47 43 43
5337 0 0 0 0 5337 0 40 0 0 60 54 47 47
5337 0 0 0 0 5337 0 40 0 0 90 62 53 53
5337 0 0 0 0 5337 0 40 0 0 120 70 58 58
5337 0 0 0 0 5337 0 40 0 0 150 77 62 62
5337 0 0 0 0 5337 0 40 0 0 180 77 64 64
5337 0 0 0 0 5337 0 50 0 0 0 42 43 43
5337 0 0 0 0 5337 0 50 0 0 30 46 45 45
5337 0 0 0 0 5337 0 50 0 0 60 53 48 48
5337 0 0 0 0 5337 0 50 0 0 90 61 53 53
5337 0 0 0 0 5337 0 50 0 0 120 70 58 58
5337 0 0 0 0 5337 0 50 0 0 150 76 62 62
5337 0 0 0 0 5337 0 50 0 0 180 76 65 65
5337 0 0 0 0 5337 0 60 0 0 0 42 46 46
5337 0 0 0 0 5337 0 60 0 0 30 46 47 47
5337 0 0 0 0 5337 0 60 0 0 60 52 50 50
5337 0 0 0 0 5337 0 60 0 0 90 60 54 54
5337 0 0 0 0 5337 0 60 0 0 120 69 58 58
5337 0 0 0 0 5337 0 60 0 0 150 74 63 63
5337 0 0 0 0 5337 0 60 0 0 180 74 65 65
5337 0 0 0 0 5337 0 0 0 0 0 44 39 39
5337 0 0 0 0 5337 0 0 0 0 30 47 42 42
5337 0 0 0 0 5337 0 0 0 0 60 53 48 48
5337 0 0 0 0 5337 0 0 0 0 90 60 55 55
5337 0 0 0 0 5337 0 0 0 0 120 69 63 63
5337 0 0 0 0 5337 0 0 0 0 150 77 69 69
5337 0 0 0 0 5337 0 0 0 0 180 79 69 69
5337 0 0 0 0 5337 0 10 0 0 0 44 38 38
5337 0 0 0 0 5337 0 10 0 0 30 47 42 42
5337 0 0 0 0 5337 0 10 0 0 60 53 47 47
5337 0 0 0 0 5337 0 10 0 0 90 60 55 55
5337 0 0 0 0 5337 0 10 0 0 120 69 62 62
5337 0 0 0 0 5337 0 10 0 0 150 77 68 68
5337 0 0 0 0 5337 0 10 0 0 180 79 69 69
5337 0 0 0 0 5337 0 20 0 0 0 44 38 38
5337 0 0 0 0 5337 0 20 0 0 30 46 42 42
5337 0 0 0 0 5337 0 20 0 0 60 52 47 47
5337 0 0 0 0 5337 0 20 0 0 90 60 54 54
5337 0 0 0 0 5337 0 20 0 0 120 68 60 60
5337 0 0 0 0 5337 0 20 0 0 150 77 66 66
5337 0 0 0 0 5337 0 20 0 0 180 78 67 67
5337 0 0 0 0 5337 0 30 0 0 0 44 40 40
5337 0 0 0 0 5337 0 30 0 0 30 46 42 42
5337 0 0 0 0 5337 0 30 0 0 60 52 45 45
5337 0 0 0 0 5337 0 30 0 0 90 59 51 51
5337 0 0 0 0 5337 0 30 0 0 120 68 57 57
5337 0 0 0 0 5337 0 30 0 0 150 76 62 62
5337 0 0 0 0 5337 0 30 0 0 180 78 64 64
5337 0 0 0 0 5337 0 40 0 0 0 43 41 41
5337 0 0 0 0 5337 0 40 0 0 30 46 43 43
5337 0 0 0 0 5337 0 40 0 0 60 52 45 45
5337 0 0 0 0 5337 0 40 0 0 90 59 50 50
5337 0 0 0 0 5337 0 40 0 0 120 67 55 55
5337 0 0 0 0 5337 0 40 0 0 150 76 61 61
5337 0 0 0 0 5337 0 40 0 0 180 77 64 64
5337 0 0 0 0 5337 0 50 0 0 0 43 43 43
5337 0 0 0 0 5337 0 50 0 0 30 46 44 44
5337 0 0 0 0 5337 0 50 0 0 60 51 47 47
5337 0 0 0 0 5337 0 50 0 0 90 58 50 50
5337 0 0 0 0 5337 0 50 0 0 120 67 55 55
5337 0 0 0 0 5337 0 50 0 0 150 75 60 60
5337 0 0 0 0 5337 0 50 0 0 180 76 64 64
5337 0 0 0 0 5337 0 60 0 0 0 43 45 45
5337 0 0 0 0 5337 0 60 0 0 30 46 47 47
5337 0 0 0 0 5337 0 60 0 0 60 50 49 49
5337 0 0 0 0 5337 0 60 0 0 90 57 51 51
5337 0 0 0 0 5337 0 60 0 0 120 66 56 56
5337 0 0 0 0 5337 0 60 0 0 150 73 61 61
5337 0 0 0 0 5337 0 60 0 0 180 74 65 65
5337 0 0 0 0 5337 0 0 0 0 0 46 41 41
5337 0 0 0 0 5337 0 0 0 0 30 47 42 42
5337 0 0 0 0 5337 0 0 0 0 60 51 45 45
5337 0 0 0 0 5337 0 0 0 0 90 57 52 52
5337 0 0 0 0 5337 0 0 0 0 120 65 60 60
5337 0 0 0 0 5337 0 0 0 0 150 75 67 67
5337 0 0 0 0 5337 0 0 0 0 180 79 69 69
5337 0 0 0 0 5337 0 10 0 0 0 46 40 40
5337 0 0 0 0 5337 0 10 0 0 30 47 42 42
5337 0 0 0 0 5337 0 10 0 0 60 50 45 45
5337 0 0 0 0 5337 0 10 0 0 90 57 51 51
5337 0 0 0 0 5337 0 10 0 0 120 65 59 59
5337 0 0 0 0 5337 0 10 0 0 150 75 66 66
5337 0 0 0 0 5337 0 10 0 0 180 79 68 68
5337 0 0 0 0 5337 0 20 0 0 0 46 40 40
5337 0 0 0 0 5337 0 20 0 0 30 47 42 42
5337 0 0 0 0 5337 0 20 0 0 60 50 45 45
5337 0 0 0 0 5337 0 20 0 0 90 57 51 51
5337 0 0 0 0 5337 0 20 0 0 120 65 57 57
5337 0 0 0 0 5337 0 20 0 0 150 74 64 64
5337 0 0 0 0 5337 0 20 0 0 180 78 67 67
5337 0 0 0 0 5337 0 30 0 0 0 46 40 40
5337 0 0 0 0 5337 0 30 0 0 30 47 42 42
5337 0 0 0 0 5337 0 30 0 0 60 50 44 44
5337 0 0 0 0 5337 0 30 0 0 90 56 48 48
5337 0 0 0 0 5337 0 30 0 0 120 65 54 54
5337 0 0 0 0 5337 0 30 0 0 150 74 60 60
5337 0 0 0 0 5337 0 30 0 0 180 78 64 64
5337 0 0 0 0 5337 0 40 0 0 0 46 42 42
5337 0 0 0 0 5337 0 40 0 0 30 47 43 43
5337 0 0 0 0 5337 0 40 0 0 60 50 45 45
5337 0 0 0 0 5337 0 40 0 0 90 56 47 47
5337 0 0 0 0 5337 0 40 0 0 120 64 53 53
5337 0 0 0 0 5337 0 40 0 0 150 73 59 59
5337 0 0 0 0 5337 0 40 0 0 180 77 63 63
5337 0 0 0 0 5337 0 50 0 0 0 46 43 43
5337 0 0 0 0 5337 0 50 0 0 30 47 44 44
5337 0 0 0 0 5337 0 50 0 0 60 50 46 46
5337 0 0 0 0 5337 0 50 0 0 90 55 48 48
5337 0 0 0 0 5337 0 50 0 0 120 64 52 52
5337 0 0 0 0 5337 0 50 0 0 150 73 58 58
5337 0 0 0 0 5337 0 50 0 0 180 76 64 64
5337 0 0 0 0 5337 0 60 0 0 0 46 45 45
5337 0 0 0 0 5337 0 60 0 0 30 47 46 46
5337 0 0 0 0 5337 0 60 0 0 60 49 47 47
5337 0 0 0 0 5337 0 60 0 0 90 54 50 50
5337 0 0 0 0 5337 0 60 0 0 120 62 53 53
5337 0 0 0 0 5337 0 60 0 0 150 71 59 59
5337 0 0 0 0 5337 0 60 0 0 180 74 64 64
5337 0 0 0 0 5337 0 0 0 0 0 48 43 43
5337 0 0 0 0 5337 0 0 0 0 30 49 43 43
5337 0 0 0 0 5337 0 0 0 0 60 50 45 45
5337 0 0 0 0 5337 0 0 0 0 90 54 48 48
5337 0 0 0 0 5337 0 0 0 0 120 62 56 56
5337 0 0 0 0 5337 0 0 0 0 150 72 64 64
5337 0 0 0 0 5337 0 0 0 0 180 78 68 68
5337 0 0 0 0 5337 0 10 0 0 0 48 42 42
5337 0 0 0 0 5337 0 10 0 0 30 49 43 43
5337 0 0 0 0 5337 0 10 0 0 60 50 44 44
5337 0 0 0 0 5337 0 10 0 0 90 54 48 48
5337 0 0 0 0 5337 0 10 0 0 120 62 55 55
5337 0 0 0 0 5337 0 10 0 0 150 72 63 63
5337 0 0 0 0 5337 0 10 0 0 180 78 68 68
5337 0 0 0 0 5337 0 20 0 0 0 48 42 42
5337 0 0 0 0 5337 0 20 0 0 30 48 42 42
5337 0 0 0 0 5337 0 20 0 0 60 50 44 44
5337 0 0 0 0 5337 0 20 0 0 90 54 48 48
5337 0 0 0 0 5337 0 20 0 0 120 62 53 53
5337 0 0 0 0 5337 0 20 0 0 150 72 61 61
5337 0 0 0 0 5337 0 20 0 0 180 78 67 67
5337 0 0 0 0 5337 0 30 0 0 0 48 42 42
5337 0 0 0 0 5337 0 30 0 0 30 48 42 42
5337 0 0 0 0 5337 0 30 0 0 60 50 43 43
5337 0 0 0 0 5337 0 30 0 0 90 53 46 46
5337 0 0 0 0 5337 0 30 0 0 120 61 51 51
5337 0 0 0 0 5337 0 30 0 0 150 71 58 58
5337 0 0 0 0 5337 0 30 0 0 180 77 64 64
5337 0 0 0 0 5337 0 40 0 0 0 48 43 43
5337 0 0 0 0 5337 0 40 0 0 30 48 43 43
5337 0 0 0 0 5337 0 40 0 0 60 50 44 44
5337 0 0 0 0 5337 0 40 0 0 90 53 46 46
5337 0 0 0 0 5337 0 40 0 0 120 61 50 50
5337 0 0 0 0 5337 0 40 0 0 150 71 57 57
5337 0 0 0 0 5337 0 40 0 0 180 76 63 63
5337 0 0 0 0 5337 0 50 0 0 0 48 44 44
5337 0 0 0 0 5337 0 50 0 0 30 48 44 44
5337 0 0 0 0 5337 0 50 0 0 60 50 45 45
5337 0 0 0 0 5337 0 50 0 0 90 53 47 47
5337 0 0 0 0 5337 0 50 0 0 120 60 50 50
5337 0 0 0 0 5337 0 50 0 0 150 70 56 56
5337 0 0 0 0 5337 0 50 0 0 180 75 63 63
5337 0 0 0 0 5337 0 60 0 0 0 48 45 45
5337 0 0 0 0 5337 0 60 0 0 30 49 45 45
5337 0 0 0 0 5337 0 60 0 0 60 50 46 46
5337 0 0 0 0 5337 0 60 0 0 90 53 48 48
5337 0 0 0 0 5337 0 60 0 0 120 59 51 51
5337 0 0 0 0 5337 0 60 0 0 150 68 56 56
5337 0 0 0 0 5337 0 60 0 0 180 73 63 63
5337 0 0 0 0 5337 0 0 0 0 0 50 45 45
5337 0 0 0 0 5337 0 0 0 0 30 50 45 45
5337 0 0 0 0 5337 0 0 0 0 60 51 46 46
5337 0 0 0 0 5337 0 0 0 0 90 53 47 47
5337 0 0 0 0 5337 0 0 0 0 120 58 52 52
5337 0 0 0 0 5337 0 0 0 0 150 69 61 61
5337 0 0 0 0 5337 0 0 0 0 180 77 67 67
5337 0 0 0 0 5337 0 10 0 0 0 50 44 44
5337 0 0 0 0 5337 0 10 0 0 30 50 45 45
5337 0 0 0 0 5337 0 10 0 0 60 51 45 45
5337 0 0 0 0 5337 0 10 0 0 90 53 47 47
5337 0 0 0 0 5337 0 10 0 0 120 58 52 52
5337 0 0 0 0 5337 0 10 0 0 150 69 60 60
5337 0 0 0 0 5337 0 10 0 0 180 77 67 67
5337 0 0 0 0 5337 0 20 0 0 0 50 44 44
5337 0 0 0 0 5337 0 20 0 0 30 50 44 44
5337 0 0 0 0 5337 0 20 0 0 60 51 45 45
5337 0 0 0 0 5337 0 20 0 0 90 53 46 46
5337 0 0 0 0 5337 0 20 0 0 120 58 50 50
5337 0 0 0 0 5337 0 20 0 0 150 69 58 58
5337 0 0 0 0 5337 0 20 0 0 180 76 65 65
5337 0 0 0 0 5337 0 30 0 0 0 50 44 44
5337 0 0 0 0 5337 0 30 0 0 30 50 44 44
5337 0 0 0 0 5337 0 30 0 0 60 51 44 44
5337 0 0 0 0 5337 0 30 0 0 90 53 45 45
5337 0 0 0 0 5337 0 30 0 0 120 58 48 48
5337 0 0 0 0 5337 0 30 0 0 150 68 56 56
5337 0 0 0 0 5337 0 30 0 0 180 76 64 64
5337 0 0 0 0 5337 0 40 0 0 0 50 44 44
5337 0 0 0 0 5337 0 40 0 0 30 50 44 44
5337 0 0 0 0 5337 0 40 0 0 60 51 44 44
5337 0 0 0 0 5337 0 40 0 0 90 53 45 45
5337 0 0 0 0 5337 0 40 0 0 120 57 48 48
5337 0 0 0 0 5337 0 40 0 0 150 68 55 55
5337 0 0 0 0 5337 0 40 0 0 180 75 63 63
5337 0 0 0 0 5337 0 50 0 0 0 50 45 45
5337 0 0 0 0 5337 0 50 0 0 30 51 45 45
5337 0 0 0 0 5337 0 50 0 0 60 51 45 45
5337 0 0 0 0 5337 0 50 0 0 90 53 46 46
5337 0 0 0 0 5337 0 50 0 0 120 57 49 49
5337 0 0 0 0 5337 0 50 0 0 150 67 54 54
5337 0 0 0 0 5337 0 50 0 0 180 73 62 62
5337 0 0 0 0 5337 0 60 0 0 0 50 46 46
5337 0 0 0 0 5337 0 60 0 0 30 51 46 46
5337 0 0 0 0 5337 0 60 0 0 60 51 46 46
5337 0 0 0 0 5337 0 60 0 0 90 53 47 47
5337 0 0 0 0 5337 0 60 0 0 120 57 49 49
5337 0 0 0 0 5337 0 60 0 0 150 65 54 54
5337 0 0 0 0 5337 0 60 0 0 180 71 62 62
