5137 0.2 60 0 0 4737 0.0 0 0 0 0 59.1 54.1 54.1
5137 0.2 60 0 0 4737 0.0 0 0 0 30 59.3 54.3 54.3
5137 0.2 60 0 0 4737 0.0 0 0 0 60 59.4 54.3 54.3
5137 0.2 60 0 0 4737 0.0 0 0 0 90 59.4 54.3 54.3
5137 0.2 60 0 0 4737 0.0 0 0 0 120 59.5 54.4 54.4
5137 0.2 60 0 0 4737 0.0 0 0 0 150 59.2 54.2 54.2
5137 0.2 60 0 0 4737 0.0 0 0 0 180 59.3 54.1 54.1
5137 0.2 60 0 0 4737 0.0 10 0 0 0 59.1 53.6 53.6
5137 0.2 60 0 0 4737 0.0 10 0 0 30 59.2 53.7 53.7
5137 0.2 60 0 0 4737 0.0 10 0 0 60 59.4 53.8 53.8
5137 0.2 60 0 0 4737 0.0 10 0 0 90 59.3 53.9 53.9
5137 0.2 60 0 0 4737 0.0 10 0 0 120 59.4 53.9 53.9
5137 0.2 60 0 0 4737 0.0 10 0 0 150 59.2 53.8 53.8
5137 0.2 60 0 0 4737 0.0 10 0 0 180 59.2 53.8 53.8
5137 0.2 60 0 0 4737 0.0 20 0 0 0 58.8 52.2 52.2
5137 0.2 60 0 0 4737 0.0 20 0 0 30 59.0 52.3 52.3
5137 0.2 60 0 0 4737 0.0 20 0 0 60 59.2 52.5 52.5
5137 0.2 60 0 0 4737 0.0 20 0 0 90 59.1 52.5 52.5
5137 0.2 60 0 0 4737 0.0 20 0 0 120 59.2 52.5 52.5
5137 0.2 60 0 0 4737 0.0 20 0 0 150 59.0 52.5 52.5
5137 0.2 60 0 0 4737 0.0 20 0 0 180 59.0 52.6 52.6
5137 0.2 60 0 0 4737 0.0 30 0 0 0 58.5 49.3 49.3
5137 0.2 60 0 0 4737 0.0 30 0 0 30 58.6 49.4 49.4
5137 0.2 60 0 0 4737 0.0 30 0 0 60 58.8 49.7 49.7
5137 0.2 60 0 0 4737 0.0 30 0 0 90 58.7 49.9 49.9
5137 0.2 60 0 0 4737 0.0 30 0 0 120 58.8 50.1 50.1
5137 0.2 60 0 0 4737 0.0 30 0 0 150 58.6 50.3 50.3
5137 0.2 60 0 0 4737 0.0 30 0 0 180 58.6 50.3 50.3
5137 0.2 60 0 0 4737 0.0 40 0 0 0 57.9 49.1 49.1
5137 0.2 60 0 0 4737 0.0 40 0 0 30 58.0 49.4 49.4
5137 0.2 60 0 0 4737 0.0 40 0 0 60 58.3 49.6 49.6
5137 0.2 60 0 0 4737 0.0 40 0 0 90 58.1 49.8 49.8
5137 0.2 60 0 0 4737 0.0 40 0 0 120 58.2 50.1 50.1
5137 0.2 60 0 0 4737 0.0 40 0 0 150 58.1 50.1 50.1
5137 0.2 60 0 0 4737 0.0 40 0 0 180 58.0 50.2 50.2
5137 0.2 60 0 0 4737 0.0 50 0 0 0 57.0 49.9 49.9
5137 0.2 60 0 0 4737 0.0 50 0 0 30 57.1 50.0 50.0
5137 0.2 60 0 0 4737 0.0 50 0 0 60 57.3 50.0 50.0
5137 0.2 60 0 0 4737 0.0 50 0 0 90 57.3 50.2 50.2
5137 0.2 60 0 0 4737 0.0 50 0 0 120 57.2 50.5 50.5
5137 0.2 60 0 0 4737 0.0 50 0 0 150 57.2 50.7 50.7
5137 0.2 60 0 0 4737 0.0 50 0 0 180 57.1 50.8 50.8
5137 0.2 60 0 0 4737 0.0 60 0 0 0 55.5 51.4 51.4
5137 0.2 60 0 0 4737 0.0 60 0 0 30 55.7 51.4 51.4
5137 0.2 60 0 0 4737 0.0 60 0 0 60 55.7 51.3 51.3
5137 0.2 60 0 0 4737 0.0 60 0 0 90 55.7 51.5 51.5
5137 0.2 60 0 0 4737 0.0 60 0 0 120 55.6 51.6 51.6
5137 0.2 60 0 0 4737 0.0 60 0 0 150 55.6 51.7 51.7
5137 0.2 60 0 0 4737 0.0 60 0 0 180 55.5 51.8 51.8
5137 0.2 60 0 0 4737 0.1 0 0 0 0 58.7 53.5 53.5
5137 0.2 60 0 0 4737 0.1 0 0 0 30 58.8 53.6 53.6
5137 0.2 60 0 0 4737 0.1 0 0 0 60 58.9 53.7 53.7
5137 0.2 60 0 0 4737 0.1 0 0 0 90 59.0 53.7 53.7
5137 0.2 60 0 0 4737 0.1 0 0 0 120 59.0 53.8 53.8
5137 0.2 60 0 0 4737 0.1 0 0 0 150 58.8 53.7 53.7
5137 0.2 60 0 0 4737 0.1 0 0 0 180 58.8 53.6 53.6
5137 0.2 60 0 0 4737 0.1 10 0 0 0 58.6 53.0 53.0
5137 0.2 60 0 0 4737 0.1 10 0 0 30 58.8 53.1 53.1
5137 0.2 60 0 0 4737 0.1 10 0 0 60 58.8 53.2 53.2
5137 0.2 60 0 0 4737 0.1 10 0 0 90 58.9 53.2 53.2
5137 0.2 60 0 0 4737 0.1 10 0 0 120 58.9 53.3 53.3
5137 0.2 60 0 0 4737 0.1 10 0 0 150 58.7 53.3 53.3
5137 0.2 60 0 0 4737 0.1 10 0 0 180 58.8 53.2 53.2
5137 0.2 60 0 0 4737 0.1 20 0 0 0 58.4 51.6 51.6
5137 0.2 60 0 0 4737 0.1 20 0 0 30 58.6 51.7 51.7
5137 0.2 60 0 0 4737 0.1 20 0 0 60 58.6 51.7 51.7
5137 0.2 60 0 0 4737 0.1 20 0 0 90 58.7 51.8 51.8
5137 0.2 60 0 0 4737 0.1 20 0 0 120 58.7 51.9 51.9
5137 0.2 60 0 0 4737 0.1 20 0 0 150 58.5 52.0 52.0
5137 0.2 60 0 0 4737 0.1 20 0 0 180 58.5 52.0 52.0
5137 0.2 60 0 0 4737 0.1 30 0 0 0 58.0 48.7 48.7
5137 0.2 60 0 0 4737 0.1 30 0 0 30 58.2 48.7 48.7
5137 0.2 60 0 0 4737 0.1 30 0 0 60 58.2 48.9 48.9
5137 0.2 60 0 0 4737 0.1 30 0 0 90 58.4 49.1 49.1
5137 0.2 60 0 0 4737 0.1 30 0 0 120 58.3 49.3 49.3
5137 0.2 60 0 0 4737 0.1 30 0 0 150 58.1 49.7 49.7
5137 0.2 60 0 0 4737 0.1 30 0 0 180 58.1 49.8 49.8
5137 0.2 60 0 0 4737 0.1 40 0 0 0 57.4 48.6 48.6
5137 0.2 60 0 0 4737 0.1 40 0 0 30 57.6 48.7 48.7
5137 0.2 60 0 0 4737 0.1 40 0 0 60 57.7 48.9 48.9
5137 0.2 60 0 0 4737 0.1 40 0 0 90 57.8 49.2 49.2
5137 0.2 60 0 0 4737 0.1 40 0 0 120 57.7 49.3 49.3
5137 0.2 60 0 0 4737 0.1 40 0 0 150 57.5 49.6 49.6
5137 0.2 60 0 0 4737 0.1 40 0 0 180 57.5 49.7 49.7
5137 0.2 60 0 0 4737 0.1 50 0 0 0 56.5 49.4 49.4
5137 0.2 60 0 0 4737 0.1 50 0 0 30 56.7 49.6 49.6
5137 0.2 60 0 0 4737 0.1 50 0 0 60 56.8 49.6 49.6
5137 0.2 60 0 0 4737 0.1 50 0 0 90 56.8 49.7 49.7
5137 0.2 60 0 0 4737 0.1 50 0 0 120 56.8 49.9 49.9
5137 0.2 60 0 0 4737 0.1 50 0 0 150 56.6 50.0 50.0
5137 0.2 60 0 0 4737 0.1 50 0 0 180 56.6 50.2 50.2
5137 0.2 60 0 0 4737 0.1 60 0 0 0 55.0 50.9 50.9
5137 0.2 60 0 0 4737 0.1 60 0 0 30 55.1 50.9 50.9
5137 0.2 60 0 0 4737 0.1 60 0 0 60 55.2 50.9 50.9
5137 0.2 60 0 0 4737 0.1 60 0 0 90 55.2 51.0 51.0
5137 0.2 60 0 0 4737 0.1 60 0 0 120 55.1 51.1 51.1
5137 0.2 60 0 0 4737 0.1 60 0 0 150 55.0 51.2 51.2
5137 0.2 60 0 0 4737 0.1 60 0 0 180 55.0 51.2 51.2
5137 0.2 60 0 0 4737 0.2 0 0 0 0 58.2 52.9 52.9
5137 0.2 60 0 0 4737 0.2 0 0 0 30 58.4 52.9 52.9
5137 0.2 60 0 0 4737 0.2 0 0 0 60 58.4 53.1 53.1
5137 0.2 60 0 0 4737 0.2 0 0 0 90 58.6 53.0 53.0
5137 0.2 60 0 0 4737 0.2 0 0 0 120 58.5 53.2 53.2
5137 0.2 60 0 0 4737 0.2 0 0 0 150 58.4 53.3 53.3
5137 0.2 60 0 0 4737 0.2 0 0 0 180 58.4 53.1 53.1
5137 0.2 60 0 0 4737 0.2 10 0 0 0 58.1 52.4 52.4
5137 0.2 60 0 0 4737 0.2 10 0 0 30 58.3 52.5 52.5
5137 0.2 60 0 0 4737 0.2 10 0 0 60 58.4 52.5 52.5
5137 0.2 60 0 0 4737 0.2 10 0 0 90 58.5 52.6 52.6
5137 0.2 60 0 0 4737 0.2 10 0 0 120 58.4 52.6 52.6
5137 0.2 60 0 0 4737 0.2 10 0 0 150 58.3 52.7 52.7
5137 0.2 60 0 0 4737 0.2 10 0 0 180 58.3 52.6 52.6
5137 0.2 60 0 0 4737 0.2 20 0 0 0 57.9 50.8 50.8
5137 0.2 60 0 0 4737 0.2 20 0 0 30 58.1 50.8 50.8
5137 0.2 60 0 0 4737 0.2 20 0 0 60 58.1 51.0 51.0
5137 0.2 60 0 0 4737 0.2 20 0 0 90 58.3 51.0 51.0
5137 0.2 60 0 0 4737 0.2 20 0 0 120 58.2 51.0 51.0
5137 0.2 60 0 0 4737 0.2 20 0 0 150 58.1 51.2 51.2
5137 0.2 60 0 0 4737 0.2 20 0 0 180 58.1 51.2 51.2
5137 0.2 60 0 0 4737 0.2 30 0 0 0 57.5 48.2 48.2
5137 0.2 60 0 0 4737 0.2 30 0 0 30 57.7 48.3 48.3
5137 0.2 60 0 0 4737 0.2 30 0 0 60 57.8 48.4 48.4
5137 0.2 60 0 0 4737 0.2 30 0 0 90 57.9 48.5 48.5
5137 0.2 60 0 0 4737 0.2 30 0 0 120 57.8 48.7 48.7
5137 0.2 60 0 0 4737 0.2 30 0 0 150 57.7 49.2 49.2
5137 0.2 60 0 0 4737 0.2 30 0 0 180 57.7 49.3 49.3
5137 0.2 60 0 0 4737 0.2 40 0 0 0 57.0 48.3 48.3
5137 0.2 60 0 0 4737 0.2 40 0 0 30 57.1 48.3 48.3
5137 0.2 60 0 0 4737 0.2 40 0 0 60 57.2 48.5 48.5
5137 0.2 60 0 0 4737 0.2 40 0 0 90 57.3 48.5 48.5
5137 0.2 60 0 0 4737 0.2 40 0 0 120 57.2 48.8 48.8
5137 0.2 60 0 0 4737 0.2 40 0 0 150 57.1 49.3 49.3
5137 0.2 60 0 0 4737 0.2 40 0 0 180 57.1 49.3 49.3
5137 0.2 60 0 0 4737 0.2 50 0 0 0 56.1 49.0 49.0
5137 0.2 60 0 0 4737 0.2 50 0 0 30 56.1 49.0 49.0
5137 0.2 60 0 0 4737 0.2 50 0 0 60 56.3 49.1 49.1
5137 0.2 60 0 0 4737 0.2 50 0 0 90 56.3 49.2 49.2
5137 0.2 60 0 0 4737 0.2 50 0 0 120 56.3 49.4 49.4
5137 0.2 60 0 0 4737 0.2 50 0 0 150 56.1 49.6 49.6
5137 0.2 60 0 0 4737 0.2 50 0 0 180 56.1 49.7 49.7
5137 0.2 60 0 0 4737 0.2 60 0 0 0 54.5 50.4 50.4
5137 0.2 60 0 0 4737 0.2 60 0 0 30 54.6 50.4 50.4
5137 0.2 60 0 0 4737 0.2 60 0 0 60 54.7 50.4 50.4
5137 0.2 60 0 0 4737 0.2 60 0 0 90 54.6 50.4 50.4
5137 0.2 60 0 0 4737 0.2 60 0 0 120 54.6 50.5 50.5
5137 0.2 60 0 0 4737 0.2 60 0 0 150 54.5 50.7 50.7
5137 0.2 60 0 0 4737 0.2 60 0 0 180 54.5 50.6 50.6
5137 0.2 60 0 0 4737 0.3 0 0 0 0 57.8 52.3 52.3
5137 0.2 60 0 0 4737 0.3 0 0 0 30 58.0 52.2 52.2
5137 0.2 60 0 0 4737 0.3 0 0 0 60 58.0 52.4 52.4
5137 0.2 60 0 0 4737 0.3 0 0 0 90 58.1 52.3 52.3
5137 0.2 60 0 0 4737 0.3 0 0 0 120 58.1 52.6 52.6
5137 0.2 60 0 0 4737 0.3 0 0 0 150 58.0 52.6 52.6
5137 0.2 60 0 0 4737 0.3 0 0 0 180 58.0 52.4 52.4
5137 0.2 60 0 0 4737 0.3 10 0 0 0 57.7 51.7 51.7
5137 0.2 60 0 0 4737 0.3 10 0 0 30 57.9 51.6 51.6
5137 0.2 60 0 0 4737 0.3 10 0 0 60 57.9 51.8 51.8
5137 0.2 60 0 0 4737 0.3 10 0 0 90 58.0 51.8 51.8
5137 0.2 60 0 0 4737 0.3 10 0 0 120 58.0 52.0 52.0
5137 0.2 60 0 0 4737 0.3 10 0 0 150 57.9 52.1 52.1
5137 0.2 60 0 0 4737 0.3 10 0 0 180 57.9 52.0 52.0
5137 0.2 60 0 0 4737 0.3 20 0 0 0 57.5 49.9 49.9
5137 0.2 60 0 0 4737 0.3 20 0 0 30 57.7 49.9 49.9
5137 0.2 60 0 0 4737 0.3 20 0 0 60 57.6 49.9 49.9
5137 0.2 60 0 0 4737 0.3 20 0 0 90 57.8 50.0 50.0
5137 0.2 60 0 0 4737 0.3 20 0 0 120 57.8 50.1 50.1
5137 0.2 60 0 0 4737 0.3 20 0 0 150 57.7 50.4 50.4
5137 0.2 60 0 0 4737 0.3 20 0 0 180 57.7 50.3 50.3
5137 0.2 60 0 0 4737 0.3 30 0 0 0 57.1 47.8 47.8
5137 0.2 60 0 0 4737 0.3 30 0 0 30 57.3 47.9 47.9
5137 0.2 60 0 0 4737 0.3 30 0 0 60 57.2 47.9 47.9
5137 0.2 60 0 0 4737 0.3 30 0 0 90 57.4 48.0 48.0
5137 0.2 60 0 0 4737 0.3 30 0 0 120 57.4 48.2 48.2
5137 0.2 60 0 0 4737 0.3 30 0 0 150 57.3 48.7 48.7
5137 0.2 60 0 0 4737 0.3 30 0 0 180 57.2 49.0 49.0
5137 0.2 60 0 0 4737 0.3 40 0 0 0 56.5 47.9 47.9
5137 0.2 60 0 0 4737 0.3 40 0 0 30 56.7 47.9 47.9
5137 0.2 60 0 0 4737 0.3 40 0 0 60 56.6 48.0 48.0
5137 0.2 60 0 0 4737 0.3 40 0 0 90 56.8 48.1 48.1
5137 0.2 60 0 0 4737 0.3 40 0 0 120 56.7 48.3 48.3
5137 0.2 60 0 0 4737 0.3 40 0 0 150 56.6 48.8 48.8
5137 0.2 60 0 0 4737 0.3 40 0 0 180 56.6 49.0 49.0
5137 0.2 60 0 0 4737 0.3 50 0 0 0 55.5 48.7 48.7
5137 0.2 60 0 0 4737 0.3 50 0 0 30 55.7 48.8 48.8
5137 0.2 60 0 0 4737 0.3 50 0 0 60 55.7 48.7 48.7
5137 0.2 60 0 0 4737 0.3 50 0 0 90 55.8 48.9 48.9
5137 0.2 60 0 0 4737 0.3 50 0 0 120 55.7 49.0 49.0
5137 0.2 60 0 0 4737 0.3 50 0 0 150 55.6 49.2 49.2
5137 0.2 60 0 0 4737 0.3 50 0 0 180 55.6 49.2 49.2
5137 0.2 60 0 0 4737 0.3 60 0 0 0 53.9 49.8 49.8
5137 0.2 60 0 0 4737 0.3 60 0 0 30 54.0 49.9 49.9
5137 0.2 60 0 0 4737 0.3 60 0 0 60 54.0 50.0 50.0
5137 0.2 60 0 0 4737 0.3 60 0 0 90 54.1 50.0 50.0
5137 0.2 60 0 0 4737 0.3 60 0 0 120 53.9 50.0 50.0
5137 0.2 60 0 0 4737 0.3 60 0 0 150 53.8 50.2 50.2
5137 0.2 60 0 0 4737 0.3 60 0 0 180 53.8 50.1 50.1
5137 0.2 60 0 0 4737 0.4 0 0 0 0 57.3 51.4 51.4
5137 0.2 60 0 0 4737 0.4 0 0 0 30 57.5 51.4 51.4
5137 0.2 60 0 0 4737 0.4 0 0 0 60 57.5 51.6 51.6
5137 0.2 60 0 0 4737 0.4 0 0 0 90 57.6 51.5 51.5
5137 0.2 60 0 0 4737 0.4 0 0 0 120 57.6 51.8 51.8
5137 0.2 60 0 0 4737 0.4 0 0 0 150 57.5 51.8 51.8
5137 0.2 60 0 0 4737 0.4 0 0 0 180 57.4 51.5 51.5
5137 0.2 60 0 0 4737 0.4 10 0 0 0 57.2 50.9 50.9
5137 0.2 60 0 0 4737 0.4 10 0 0 30 57.4 50.9 50.9
5137 0.2 60 0 0 4737 0.4 10 0 0 60 57.5 50.8 50.8
5137 0.2 60 0 0 4737 0.4 10 0 0 90 57.5 51.0 51.0
5137 0.2 60 0 0 4737 0.4 10 0 0 120 57.5 51.0 51.0
5137 0.2 60 0 0 4737 0.4 10 0 0 150 57.5 51.2 51.2
5137 0.2 60 0 0 4737 0.4 10 0 0 180 57.4 51.1 51.1
5137 0.2 60 0 0 4737 0.4 20 0 0 0 57.0 48.7 48.7
5137 0.2 60 0 0 4737 0.4 20 0 0 30 57.2 48.7 48.7
5137 0.2 60 0 0 4737 0.4 20 0 0 60 57.2 48.6 48.6
5137 0.2 60 0 0 4737 0.4 20 0 0 90 57.2 48.7 48.7
5137 0.2 60 0 0 4737 0.4 20 0 0 120 57.3 48.7 48.7
5137 0.2 60 0 0 4737 0.4 20 0 0 150 57.2 49.1 49.1
5137 0.2 60 0 0 4737 0.4 20 0 0 180 57.1 49.3 49.3
5137 0.2 60 0 0 4737 0.4 30 0 0 0 56.6 47.8 47.8
5137 0.2 60 0 0 4737 0.4 30 0 0 30 56.8 47.8 47.8
5137 0.2 60 0 0 4737 0.4 30 0 0 60 56.8 47.8 47.8
5137 0.2 60 0 0 4737 0.4 30 0 0 90 56.8 47.8 47.8
5137 0.2 60 0 0 4737 0.4 30 0 0 120 56.9 47.8 47.8
5137 0.2 60 0 0 4737 0.4 30 0 0 150 56.8 48.3 48.3
5137 0.2 60 0 0 4737 0.4 30 0 0 180 56.7 48.7 48.7
5137 0.2 60 0 0 4737 0.4 40 0 0 0 55.9 47.9 47.9
5137 0.2 60 0 0 4737 0.4 40 0 0 30 56.1 47.9 47.9
5137 0.2 60 0 0 4737 0.4 40 0 0 60 56.2 48.0 48.0
5137 0.2 60 0 0 4737 0.4 40 0 0 90 56.2 47.9 47.9
5137 0.2 60 0 0 4737 0.4 40 0 0 120 56.2 48.0 48.0
5137 0.2 60 0 0 4737 0.4 40 0 0 150 56.1 48.4 48.4
5137 0.2 60 0 0 4737 0.4 40 0 0 180 56.0 48.8 48.8
5137 0.2 60 0 0 4737 0.4 50 0 0 0 55.0 48.4 48.4
5137 0.2 60 0 0 4737 0.4 50 0 0 30 55.1 48.4 48.4
5137 0.2 60 0 0 4737 0.4 50 0 0 60 55.2 48.6 48.6
5137 0.2 60 0 0 4737 0.4 50 0 0 90 55.2 48.5 48.5
5137 0.2 60 0 0 4737 0.4 50 0 0 120 55.2 48.7 48.7
5137 0.2 60 0 0 4737 0.4 50 0 0 150 55.1 49.0 49.0
5137 0.2 60 0 0 4737 0.4 50 0 0 180 55.0 49.0 49.0
5137 0.2 60 0 0 4737 0.4 60 0 0 0 53.3 49.3 49.3
5137 0.2 60 0 0 4737 0.4 60 0 0 30 53.2 49.4 49.4
5137 0.2 60 0 0 4737 0.4 60 0 0 60 53.2 49.5 49.5
5137 0.2 60 0 0 4737 0.4 60 0 0 90 53.2 49.6 49.6
5137 0.2 60 0 0 4737 0.4 60 0 0 120 53.0 49.7 49.7
5137 0.2 60 0 0 4737 0.4 60 0 0 150 52.9 49.9 49.9
5137 0.2 60 0 0 4737 0.4 60 0 0 180 52.9 49.7 49.7
5137 0.2 60 0 0 4737 0.5 0 0 0 0 56.8 50.3 50.3
5137 0.2 60 0 0 4737 0.5 0 0 0 30 57.0 50.3 50.3
5137 0.2 60 0 0 4737 0.5 0 0 0 60 57.1 50.3 50.3
5137 0.2 60 0 0 4737 0.5 0 0 0 90 57.1 50.3 50.3
5137 0.2 60 0 0 4737 0.5 0 0 0 120 57.1 50.5 50.5
5137 0.2 60 0 0 4737 0.5 0 0 0 150 57.0 50.6 50.6
5137 0.2 60 0 0 4737 0.5 0 0 0 180 56.9 50.4 50.4
5137 0.2 60 0 0 4737 0.5 10 0 0 0 56.7 49.4 49.4
5137 0.2 60 0 0 4737 0.5 10 0 0 30 56.9 49.4 49.4
5137 0.2 60 0 0 4737 0.5 10 0 0 60 57.0 49.4 49.4
5137 0.2 60 0 0 4737 0.5 10 0 0 90 57.0 49.4 49.4
5137 0.2 60 0 0 4737 0.5 10 0 0 120 57.0 49.6 49.6
5137 0.2 60 0 0 4737 0.5 10 0 0 150 56.9 49.9 49.9
5137 0.2 60 0 0 4737 0.5 10 0 0 180 56.8 49.8 49.8
5137 0.2 60 0 0 4737 0.5 20 0 0 0 56.5 48.3 48.3
5137 0.2 60 0 0 4737 0.5 20 0 0 30 56.6 48.3 48.3
5137 0.2 60 0 0 4737 0.5 20 0 0 60 56.8 48.3 48.3
5137 0.2 60 0 0 4737 0.5 20 0 0 90 56.7 48.3 48.3
5137 0.2 60 0 0 4737 0.5 20 0 0 120 56.8 48.4 48.4
5137 0.2 60 0 0 4737 0.5 20 0 0 150 56.7 48.8 48.8
5137 0.2 60 0 0 4737 0.5 20 0 0 180 56.5 48.8 48.8
5137 0.2 60 0 0 4737 0.5 30 0 0 0 56.0 47.9 47.9
5137 0.2 60 0 0 4737 0.5 30 0 0 30 56.2 47.9 47.9
5137 0.2 60 0 0 4737 0.5 30 0 0 60 56.3 47.9 47.9
5137 0.2 60 0 0 4737 0.5 30 0 0 90 56.3 47.9 47.9
5137 0.2 60 0 0 4737 0.5 30 0 0 120 56.3 48.0 48.0
5137 0.2 60 0 0 4737 0.5 30 0 0 150 56.2 48.3 48.3
5137 0.2 60 0 0 4737 0.5 30 0 0 180 56.1 48.7 48.7
5137 0.2 60 0 0 4737 0.5 40 0 0 0 55.4 48.1 48.1
5137 0.2 60 0 0 4737 0.5 40 0 0 30 55.5 48.1 48.1
5137 0.2 60 0 0 4737 0.5 40 0 0 60 55.6 48.1 48.1
5137 0.2 60 0 0 4737 0.5 40 0 0 90 55.7 48.0 48.0
5137 0.2 60 0 0 4737 0.5 40 0 0 120 55.6 48.1 48.1
5137 0.2 60 0 0 4737 0.5 40 0 0 150 55.5 48.4 48.4
5137 0.2 60 0 0 4737 0.5 40 0 0 180 55.4 48.6 48.6
5137 0.2 60 0 0 4737 0.5 50 0 0 0 54.4 48.5 48.5
5137 0.2 60 0 0 4737 0.5 50 0 0 30 54.5 48.5 48.5
5137 0.2 60 0 0 4737 0.5 50 0 0 60 54.5 48.4 48.4
5137 0.2 60 0 0 4737 0.5 50 0 0 90 54.5 48.4 48.4
5137 0.2 60 0 0 4737 0.5 50 0 0 120 54.5 48.4 48.4
5137 0.2 60 0 0 4737 0.5 50 0 0 150 54.3 48.7 48.7
5137 0.2 60 0 0 4737 0.5 50 0 0 180 54.3 48.8 48.8
5137 0.2 60 0 0 4737 0.5 60 0 0 0 52.8 48.9 48.9
5137 0.2 60 0 0 4737 0.5 60 0 0 30 52.8 49.0 49.0
5137 0.2 60 0 0 4737 0.5 60 0 0 60 52.9 49.1 49.1
5137 0.2 60 0 0 4737 0.5 60 0 0 90 52.9 49.2 49.2
5137 0.2 60 0 0 4737 0.5 60 0 0 120 52.7 49.3 49.3
5137 0.2 60 0 0 4737 0.5 60 0 0 150 52.3 49.5 49.5
5137 0.2 60 0 0 4737 0.5 60 0 0 180 52.2 49.3 49.3
5137 0.2 60 0 0 4937 0.0 0 0 0 0 59.4 55.4 55.4
5137 0.2 60 0 0 4937 0.0 0 0 0 30 59.6 55.5 55.5
5137 0.2 60 0 0 4937 0.0 0 0 0 60 59.8 55.6 55.6
5137 0.2 60 0 0 4937 0.0 0 0 0 90 59.9 55.7 55.7
5137 0.2 60 0 0 4937 0.0 0 0 0 120 59.9 55.5 55.5
5137 0.2 60 0 0 4937 0.0 0 0 0 150 59.8 55.0 55.0
5137 0.2 60 0 0 4937 0.0 0 0 0 180 59.8 54.3 54.3
5137 0.2 60 0 0 4937 0.0 10 0 0 0 59.3 54.7 54.7
5137 0.2 60 0 0 4937 0.0 10 0 0 30 59.6 54.9 54.9
5137 0.2 60 0 0 4937 0.0 10 0 0 60 59.7 55.2 55.2
5137 0.2 60 0 0 4937 0.0 10 0 0 90 59.8 55.3 55.3
5137 0.2 60 0 0 4937 0.0 10 0 0 120 59.8 55.2 55.2
5137 0.2 60 0 0 4937 0.0 10 0 0 150 59.8 54.8 54.8
5137 0.2 60 0 0 4937 0.0 10 0 0 180 59.8 54.1 54.1
5137 0.2 60 0 0 4937 0.0 20 0 0 0 59.1 53.2 53.2
5137 0.2 60 0 0 4937 0.0 20 0 0 30 59.4 53.5 53.5
5137 0.2 60 0 0 4937 0.0 20 0 0 60 59.5 53.8 53.8
5137 0.2 60 0 0 4937 0.0 20 0 0 90 59.6 54.0 54.0
5137 0.2 60 0 0 4937 0.0 20 0 0 120 59.6 54.0 54.0
5137 0.2 60 0 0 4937 0.0 20 0 0 150 59.6 53.7 53.7
5137 0.2 60 0 0 4937 0.0 20 0 0 180 59.6 53.2 53.2
5137 0.2 60 0 0 4937 0.0 30 0 0 0 58.8 50.1 50.1
5137 0.2 60 0 0 4937 0.0 30 0 0 30 59.0 50.4 50.4
5137 0.2 60 0 0 4937 0.0 30 0 0 60 59.1 50.8 50.8
5137 0.2 60 0 0 4937 0.0 30 0 0 90 59.2 51.0 51.0
5137 0.2 60 0 0 4937 0.0 30 0 0 120 59.2 51.0 51.0
5137 0.2 60 0 0 4937 0.0 30 0 0 150 59.2 50.8 50.8
5137 0.2 60 0 0 4937 0.0 30 0 0 180 59.2 50.4 50.4
5137 0.2 60 0 0 4937 0.0 40 0 0 0 58.2 49.9 49.9
5137 0.2 60 0 0 4937 0.0 40 0 0 30 58.5 50.3 50.3
5137 0.2 60 0 0 4937 0.0 40 0 0 60 58.6 50.7 50.7
5137 0.2 60 0 0 4937 0.0 40 0 0 90 58.6 51.0 51.0
5137 0.2 60 0 0 4937 0.0 40 0 0 120 58.7 51.0 51.0
5137 0.2 60 0 0 4937 0.0 40 0 0 150 58.7 50.8 50.8
5137 0.2 60 0 0 4937 0.0 40 0 0 180 58.7 50.4 50.4
5137 0.2 60 0 0 4937 0.0 50 0 0 0 57.4 50.4 50.4
5137 0.2 60 0 0 4937 0.0 50 0 0 30 57.6 51.2 51.2
5137 0.2 60 0 0 4937 0.0 50 0 0 60 57.8 51.7 51.7
5137 0.2 60 0 0 4937 0.0 50 0 0 90 57.8 51.9 51.9
5137 0.2 60 0 0 4937 0.0 50 0 0 120 57.8 51.9 51.9
5137 0.2 60 0 0 4937 0.0 50 0 0 150 57.8 51.7 51.7
5137 0.2 60 0 0 4937 0.0 50 0 0 180 57.8 51.2 51.2
5137 0.2 60 0 0 4937 0.0 60 0 0 0 56.0 51.3 51.3
5137 0.2 60 0 0 4937 0.0 60 0 0 30 56.2 52.2 52.2
5137 0.2 60 0 0 4937 0.0 60 0 0 60 56.3 53.1 53.1
5137 0.2 60 0 0 4937 0.0 60 0 0 90 56.3 53.7 53.7
5137 0.2 60 0 0 4937 0.0 60 0 0 120 56.3 53.7 53.7
5137 0.2 60 0 0 4937 0.0 60 0 0 150 56.3 53.5 53.5
5137 0.2 60 0 0 4937 0.0 60 0 0 180 56.4 53.0 53.0
5137 0.2 60 0 0 4937 0.1 0 0 0 0 59.0 54.7 54.7
5137 0.2 60 0 0 4937 0.1 0 0 0 30 59.2 54.9 54.9
5137 0.2 60 0 0 4937 0.1 0 0 0 60 59.3 55.1 55.1
5137 0.2 60 0 0 4937 0.1 0 0 0 90 59.4 55.2 55.2
5137 0.2 60 0 0 4937 0.1 0 0 0 120 59.4 55.1 55.1
5137 0.2 60 0 0 4937 0.1 0 0 0 150 59.4 54.7 54.7
5137 0.2 60 0 0 4937 0.1 0 0 0 180 59.3 53.8 53.8
5137 0.2 60 0 0 4937 0.1 10 0 0 0 58.9 54.1 54.1
5137 0.2 60 0 0 4937 0.1 10 0 0 30 59.1 54.4 54.4
5137 0.2 60 0 0 4937 0.1 10 0 0 60 59.2 54.6 54.6
5137 0.2 60 0 0 4937 0.1 10 0 0 90 59.3 54.8 54.8
5137 0.2 60 0 0 4937 0.1 10 0 0 120 59.4 54.7 54.7
5137 0.2 60 0 0 4937 0.1 10 0 0 150 59.3 54.3 54.3
5137 0.2 60 0 0 4937 0.1 10 0 0 180 59.3 53.6 53.6
5137 0.2 60 0 0 4937 0.1 20 0 0 0 58.7 52.9 52.9
5137 0.2 60 0 0 4937 0.1 20 0 0 30 58.9 53.1 53.1
5137 0.2 60 0 0 4937 0.1 20 0 0 60 59.0 53.3 53.3
5137 0.2 60 0 0 4937 0.1 20 0 0 90 59.1 53.5 53.5
5137 0.2 60 0 0 4937 0.1 20 0 0 120 59.1 53.5 53.5
5137 0.2 60 0 0 4937 0.1 20 0 0 150 59.1 53.1 53.1
5137 0.2 60 0 0 4937 0.1 20 0 0 180 59.1 52.4 52.4
5137 0.2 60 0 0 4937 0.1 30 0 0 0 58.4 49.9 49.9
5137 0.2 60 0 0 4937 0.1 30 0 0 30 58.6 50.0 50.0
5137 0.2 60 0 0 4937 0.1 30 0 0 60 58.7 50.3 50.3
5137 0.2 60 0 0 4937 0.1 30 0 0 90 58.7 50.5 50.5
5137 0.2 60 0 0 4937 0.1 30 0 0 120 58.7 50.6 50.6
5137 0.2 60 0 0 4937 0.1 30 0 0 150 58.7 50.3 50.3
5137 0.2 60 0 0 4937 0.1 30 0 0 180 58.7 49.7 49.7
5137 0.2 60 0 0 4937 0.1 40 0 0 0 57.8 49.5 49.5
5137 0.2 60 0 0 4937 0.1 40 0 0 30 58.1 50.0 50.0
5137 0.2 60 0 0 4937 0.1 40 0 0 60 58.1 50.3 50.3
5137 0.2 60 0 0 4937 0.1 40 0 0 90 58.1 50.6 50.6
5137 0.2 60 0 0 4937 0.1 40 0 0 120 58.1 50.6 50.6
5137 0.2 60 0 0 4937 0.1 40 0 0 150 58.1 50.3 50.3
5137 0.2 60 0 0 4937 0.1 40 0 0 180 58.1 49.8 49.8
5137 0.2 60 0 0 4937 0.1 50 0 0 0 57.0 49.8 49.8
5137 0.2 60 0 0 4937 0.1 50 0 0 30 57.2 50.5 50.5
5137 0.2 60 0 0 4937 0.1 50 0 0 60 57.3 51.1 51.1
5137 0.2 60 0 0 4937 0.1 50 0 0 90 57.3 51.5 51.5
5137 0.2 60 0 0 4937 0.1 50 0 0 120 57.3 51.6 51.6
5137 0.2 60 0 0 4937 0.1 50 0 0 150 57.2 51.3 51.3
5137 0.2 60 0 0 4937 0.1 50 0 0 180 57.2 50.8 50.8
5137 0.2 60 0 0 4937 0.1 60 0 0 0 55.6 50.5 50.5
5137 0.2 60 0 0 4937 0.1 60 0 0 30 55.8 51.3 51.3
5137 0.2 60 0 0 4937 0.1 60 0 0 60 55.8 52.1 52.1
5137 0.2 60 0 0 4937 0.1 60 0 0 90 55.8 52.9 52.9
5137 0.2 60 0 0 4937 0.1 60 0 0 120 55.7 53.3 53.3
5137 0.2 60 0 0 4937 0.1 60 0 0 150 55.7 53.1 53.1
5137 0.2 60 0 0 4937 0.1 60 0 0 180 55.8 52.5 52.5
5137 0.2 60 0 0 4937 0.2 0 0 0 0 58.6 54.0 54.0
5137 0.2 60 0 0 4937 0.2 0 0 0 30 58.8 54.3 54.3
5137 0.2 60 0 0 4937 0.2 0 0 0 60 58.9 54.5 54.5
5137 0.2 60 0 0 4937 0.2 0 0 0 90 58.9 54.7 54.7
5137 0.2 60 0 0 4937 0.2 0 0 0 120 58.9 54.7 54.7
5137 0.2 60 0 0 4937 0.2 0 0 0 150 58.8 54.3 54.3
5137 0.2 60 0 0 4937 0.2 0 0 0 180 58.8 53.2 53.2
5137 0.2 60 0 0 4937 0.2 10 0 0 0 58.5 53.6 53.6
5137 0.2 60 0 0 4937 0.2 10 0 0 30 58.7 53.9 53.9
5137 0.2 60 0 0 4937 0.2 10 0 0 60 58.8 54.1 54.1
5137 0.2 60 0 0 4937 0.2 10 0 0 90 58.8 54.3 54.3
5137 0.2 60 0 0 4937 0.2 10 0 0 120 58.8 54.3 54.3
5137 0.2 60 0 0 4937 0.2 10 0 0 150 58.8 53.9 53.9
5137 0.2 60 0 0 4937 0.2 10 0 0 180 58.8 52.9 52.9
5137 0.2 60 0 0 4937 0.2 20 0 0 0 58.3 52.4 52.4
5137 0.2 60 0 0 4937 0.2 20 0 0 30 58.5 52.6 52.6
5137 0.2 60 0 0 4937 0.2 20 0 0 60 58.6 52.8 52.8
5137 0.2 60 0 0 4937 0.2 20 0 0 90 58.6 53.0 53.0
5137 0.2 60 0 0 4937 0.2 20 0 0 120 58.6 53.0 53.0
5137 0.2 60 0 0 4937 0.2 20 0 0 150 58.5 52.6 52.6
5137 0.2 60 0 0 4937 0.2 20 0 0 180 58.6 51.6 51.6
5137 0.2 60 0 0 4937 0.2 30 0 0 0 58.0 49.6 49.6
5137 0.2 60 0 0 4937 0.2 30 0 0 30 58.2 49.8 49.8
5137 0.2 60 0 0 4937 0.2 30 0 0 60 58.2 50.1 50.1
5137 0.2 60 0 0 4937 0.2 30 0 0 90 58.3 50.3 50.3
5137 0.2 60 0 0 4937 0.2 30 0 0 120 58.2 50.3 50.3
5137 0.2 60 0 0 4937 0.2 30 0 0 150 58.1 50.0 50.0
5137 0.2 60 0 0 4937 0.2 30 0 0 180 58.2 49.1 49.1
5137 0.2 60 0 0 4937 0.2 40 0 0 0 57.5 49.2 49.2
5137 0.2 60 0 0 4937 0.2 40 0 0 30 57.7 49.6 49.6
5137 0.2 60 0 0 4937 0.2 40 0 0 60 57.7 50.1 50.1
5137 0.2 60 0 0 4937 0.2 40 0 0 90 57.7 50.3 50.3
5137 0.2 60 0 0 4937 0.2 40 0 0 120 57.6 50.4 50.4
5137 0.2 60 0 0 4937 0.2 40 0 0 150 57.5 50.1 50.1
5137 0.2 60 0 0 4937 0.2 40 0 0 180 57.6 49.3 49.3
5137 0.2 60 0 0 4937 0.2 50 0 0 0 56.6 49.3 49.3
5137 0.2 60 0 0 4937 0.2 50 0 0 30 56.8 49.9 49.9
5137 0.2 60 0 0 4937 0.2 50 0 0 60 56.8 50.6 50.6
5137 0.2 60 0 0 4937 0.2 50 0 0 90 56.8 51.2 51.2
5137 0.2 60 0 0 4937 0.2 50 0 0 120 56.8 51.3 51.3
5137 0.2 60 0 0 4937 0.2 50 0 0 150 56.6 51.1 51.1
5137 0.2 60 0 0 4937 0.2 50 0 0 180 56.6 50.3 50.3
5137 0.2 60 0 0 4937 0.2 60 0 0 0 55.1 49.9 49.9
5137 0.2 60 0 0 4937 0.2 60 0 0 30 55.3 50.5 50.5
5137 0.2 60 0 0 4937 0.2 60 0 0 60 55.4 51.2 51.2
5137 0.2 60 0 0 4937 0.2 60 0 0 90 55.3 52.1 52.1
5137 0.2 60 0 0 4937 0.2 60 0 0 120 55.2 52.8 52.8
5137 0.2 60 0 0 4937 0.2 60 0 0 150 55.2 52.7 52.7
5137 0.2 60 0 0 4937 0.2 60 0 0 180 55.2 51.9 51.9
5137 0.2 60 0 0 4937 0.3 0 0 0 0 58.3 53.5 53.5
5137 0.2 60 0 0 4937 0.3 0 0 0 30 58.4 53.8 53.8
5137 0.2 60 0 0 4937 0.3 0 0 0 60 58.4 54.0 54.0
5137 0.2 60 0 0 4937 0.3 0 0 0 90 58.4 54.3 54.3
5137 0.2 60 0 0 4937 0.3 0 0 0 120 58.4 54.3 54.3
5137 0.2 60 0 0 4937 0.3 0 0 0 150 58.3 53.9 53.9
5137 0.2 60 0 0 4937 0.3 0 0 0 180 58.3 52.5 52.5
5137 0.2 60 0 0 4937 0.3 10 0 0 0 58.2 53.1 53.1
5137 0.2 60 0 0 4937 0.3 10 0 0 30 58.3 53.4 53.4
5137 0.2 60 0 0 4937 0.3 10 0 0 60 58.4 53.6 53.6
5137 0.2 60 0 0 4937 0.3 10 0 0 90 58.4 53.8 53.8
5137 0.2 60 0 0 4937 0.3 10 0 0 120 58.3 53.8 53.8
5137 0.2 60 0 0 4937 0.3 10 0 0 150 58.2 53.4 53.4
5137 0.2 60 0 0 4937 0.3 10 0 0 180 58.2 52.1 52.1
5137 0.2 60 0 0 4937 0.3 20 0 0 0 58.0 51.8 51.8
5137 0.2 60 0 0 4937 0.3 20 0 0 30 58.1 52.1 52.1
5137 0.2 60 0 0 4937 0.3 20 0 0 60 58.2 52.2 52.2
5137 0.2 60 0 0 4937 0.3 20 0 0 90 58.2 52.4 52.4
5137 0.2 60 0 0 4937 0.3 20 0 0 120 58.1 52.4 52.4
5137 0.2 60 0 0 4937 0.3 20 0 0 150 58.0 51.9 51.9
5137 0.2 60 0 0 4937 0.3 20 0 0 180 58.0 50.7 50.7
5137 0.2 60 0 0 4937 0.3 30 0 0 0 57.7 49.4 49.4
5137 0.2 60 0 0 4937 0.3 30 0 0 30 57.8 49.8 49.8
5137 0.2 60 0 0 4937 0.3 30 0 0 60 57.8 50.1 50.1
5137 0.2 60 0 0 4937 0.3 30 0 0 90 57.8 50.2 50.2
5137 0.2 60 0 0 4937 0.3 30 0 0 120 57.7 50.2 50.2
5137 0.2 60 0 0 4937 0.3 30 0 0 150 57.6 49.8 49.8
5137 0.2 60 0 0 4937 0.3 30 0 0 180 57.6 48.6 48.6
5137 0.2 60 0 0 4937 0.3 40 0 0 0 57.1 48.9 48.9
5137 0.2 60 0 0 4937 0.3 40 0 0 30 57.2 49.4 49.4
5137 0.2 60 0 0 4937 0.3 40 0 0 60 57.3 49.9 49.9
5137 0.2 60 0 0 4937 0.3 40 0 0 90 57.3 50.3 50.3
5137 0.2 60 0 0 4937 0.3 40 0 0 120 57.2 50.4 50.4
5137 0.2 60 0 0 4937 0.3 40 0 0 150 57.0 50.0 50.0
5137 0.2 60 0 0 4937 0.3 40 0 0 180 56.9 49.0 49.0
5137 0.2 60 0 0 4937 0.3 50 0 0 0 56.2 48.9 48.9
5137 0.2 60 0 0 4937 0.3 50 0 0 30 56.4 49.4 49.4
5137 0.2 60 0 0 4937 0.3 50 0 0 60 56.4 50.0 50.0
5137 0.2 60 0 0 4937 0.3 50 0 0 90 56.4 50.7 50.7
5137 0.2 60 0 0 4937 0.3 50 0 0 120 56.3 51.2 51.2
5137 0.2 60 0 0 4937 0.3 50 0 0 150 56.1 51.0 51.0
5137 0.2 60 0 0 4937 0.3 50 0 0 180 56.1 50.0 50.0
5137 0.2 60 0 0 4937 0.3 60 0 0 0 54.6 49.3 49.3
5137 0.2 60 0 0 4937 0.3 60 0 0 30 54.8 49.8 49.8
5137 0.2 60 0 0 4937 0.3 60 0 0 60 54.9 50.4 50.4
5137 0.2 60 0 0 4937 0.3 60 0 0 90 54.9 51.2 51.2
5137 0.2 60 0 0 4937 0.3 60 0 0 120 54.7 52.0 52.0
5137 0.2 60 0 0 4937 0.3 60 0 0 150 54.6 52.4 52.4
5137 0.2 60 0 0 4937 0.3 60 0 0 180 54.7 51.4 51.4
5137 0.2 60 0 0 4937 0.4 0 0 0 0 58.0 53.0 53.0
5137 0.2 60 0 0 4937 0.4 0 0 0 30 58.0 53.4 53.4
5137 0.2 60 0 0 4937 0.4 0 0 0 60 58.1 53.6 53.6
5137 0.2 60 0 0 4937 0.4 0 0 0 90 58.0 53.8 53.8
5137 0.2 60 0 0 4937 0.4 0 0 0 120 58.0 53.9 53.9
5137 0.2 60 0 0 4937 0.4 0 0 0 150 57.7 53.4 53.4
5137 0.2 60 0 0 4937 0.4 0 0 0 180 57.7 51.5 51.5
5137 0.2 60 0 0 4937 0.4 10 0 0 0 57.9 52.6 52.6
5137 0.2 60 0 0 4937 0.4 10 0 0 30 57.9 52.9 52.9
5137 0.2 60 0 0 4937 0.4 10 0 0 60 58.0 53.1 53.1
5137 0.2 60 0 0 4937 0.4 10 0 0 90 58.0 53.3 53.3
5137 0.2 60 0 0 4937 0.4 10 0 0 120 57.9 53.4 53.4
5137 0.2 60 0 0 4937 0.4 10 0 0 150 57.6 52.9 52.9
5137 0.2 60 0 0 4937 0.4 10 0 0 180 57.6 51.2 51.2
5137 0.2 60 0 0 4937 0.4 20 0 0 0 57.7 50.7 50.7
5137 0.2 60 0 0 4937 0.4 20 0 0 30 57.7 51.1 51.1
5137 0.2 60 0 0 4937 0.4 20 0 0 60 57.8 51.3 51.3
5137 0.2 60 0 0 4937 0.4 20 0 0 90 57.8 51.4 51.4
5137 0.2 60 0 0 4937 0.4 20 0 0 120 57.7 51.4 51.4
5137 0.2 60 0 0 4937 0.4 20 0 0 150 57.4 50.9 50.9
5137 0.2 60 0 0 4937 0.4 20 0 0 180 57.4 49.2 49.2
5137 0.2 60 0 0 4937 0.4 30 0 0 0 57.3 49.4 49.4
5137 0.2 60 0 0 4937 0.4 30 0 0 30 57.4 49.8 49.8
5137 0.2 60 0 0 4937 0.4 30 0 0 60 57.4 50.1 50.1
5137 0.2 60 0 0 4937 0.4 30 0 0 90 57.4 50.4 50.4
5137 0.2 60 0 0 4937 0.4 30 0 0 120 57.4 50.4 50.4
5137 0.2 60 0 0 4937 0.4 30 0 0 150 57.0 50.0 50.0
5137 0.2 60 0 0 4937 0.4 30 0 0 180 56.9 48.4 48.4
5137 0.2 60 0 0 4937 0.4 40 0 0 0 56.8 48.9 48.9
5137 0.2 60 0 0 4937 0.4 40 0 0 30 56.9 49.3 49.3
5137 0.2 60 0 0 4937 0.4 40 0 0 60 56.9 49.7 49.7
5137 0.2 60 0 0 4937 0.4 40 0 0 90 56.9 50.2 50.2
5137 0.2 60 0 0 4937 0.4 40 0 0 120 56.8 50.6 50.6
5137 0.2 60 0 0 4937 0.4 40 0 0 150 56.5 50.2 50.2
5137 0.2 60 0 0 4937 0.4 40 0 0 180 56.3 48.8 48.8
5137 0.2 60 0 0 4937 0.4 50 0 0 0 55.8 48.7 48.7
5137 0.2 60 0 0 4937 0.4 50 0 0 30 56.0 49.1 49.1
5137 0.2 60 0 0 4937 0.4 50 0 0 60 56.1 49.6 49.6
5137 0.2 60 0 0 4937 0.4 50 0 0 90 56.0 50.2 50.2
5137 0.2 60 0 0 4937 0.4 50 0 0 120 55.9 50.9 50.9
5137 0.2 60 0 0 4937 0.4 50 0 0 150 55.6 50.9 50.9
5137 0.2 60 0 0 4937 0.4 50 0 0 180 55.4 49.6 49.6
5137 0.2 60 0 0 4937 0.4 60 0 0 0 53.9 48.8 48.8
5137 0.2 60 0 0 4937 0.4 60 0 0 30 54.0 49.2 49.2
5137 0.2 60 0 0 4937 0.4 60 0 0 60 54.2 49.7 49.7
5137 0.2 60 0 0 4937 0.4 60 0 0 90 54.1 50.4 50.4
5137 0.2 60 0 0 4937 0.4 60 0 0 120 53.9 51.3 51.3
5137 0.2 60 0 0 4937 0.4 60 0 0 150 53.8 52.0 52.0
5137 0.2 60 0 0 4937 0.4 60 0 0 180 54.1 50.8 50.8
5137 0.2 60 0 0 4937 0.5 0 0 0 0 57.6 52.4 52.4
5137 0.2 60 0 0 4937 0.5 0 0 0 30 57.7 52.8 52.8
5137 0.2 60 0 0 4937 0.5 0 0 0 60 57.7 53.0 53.0
5137 0.2 60 0 0 4937 0.5 0 0 0 90 57.7 53.2 53.2
5137 0.2 60 0 0 4937 0.5 0 0 0 120 57.6 53.3 53.3
5137 0.2 60 0 0 4937 0.5 0 0 0 150 57.2 52.8 52.8
5137 0.2 60 0 0 4937 0.5 0 0 0 180 57.0 50.3 50.3
5137 0.2 60 0 0 4937 0.5 10 0 0 0 57.6 51.8 51.8
5137 0.2 60 0 0 4937 0.5 10 0 0 30 57.6 52.1 52.1
5137 0.2 60 0 0 4937 0.5 10 0 0 60 57.7 52.4 52.4
5137 0.2 60 0 0 4937 0.5 10 0 0 90 57.6 52.6 52.6
5137 0.2 60 0 0 4937 0.5 10 0 0 120 57.5 52.6 52.6
5137 0.2 60 0 0 4937 0.5 10 0 0 150 57.1 52.0 52.0
5137 0.2 60 0 0 4937 0.5 10 0 0 180 57.0 49.6 49.6
5137 0.2 60 0 0 4937 0.5 20 0 0 0 57.3 50.4 50.4
5137 0.2 60 0 0 4937 0.5 20 0 0 30 57.4 50.7 50.7
5137 0.2 60 0 0 4937 0.5 20 0 0 60 57.5 51.0 51.0
5137 0.2 60 0 0 4937 0.5 20 0 0 90 57.4 51.3 51.3
5137 0.2 60 0 0 4937 0.5 20 0 0 120 57.4 51.4 51.4
5137 0.2 60 0 0 4937 0.5 20 0 0 150 56.9 50.8 50.8
5137 0.2 60 0 0 4937 0.5 20 0 0 180 56.7 48.5 48.5
5137 0.2 60 0 0 4937 0.5 30 0 0 0 57.0 49.3 49.3
5137 0.2 60 0 0 4937 0.5 30 0 0 30 57.0 49.7 49.7
5137 0.2 60 0 0 4937 0.5 30 0 0 60 57.1 50.1 50.1
5137 0.2 60 0 0 4937 0.5 30 0 0 90 57.1 50.6 50.6
5137 0.2 60 0 0 4937 0.5 30 0 0 120 57.0 50.9 50.9
5137 0.2 60 0 0 4937 0.5 30 0 0 150 56.6 50.4 50.4
5137 0.2 60 0 0 4937 0.5 30 0 0 180 56.3 48.3 48.3
5137 0.2 60 0 0 4937 0.5 40 0 0 0 56.3 48.9 48.9
5137 0.2 60 0 0 4937 0.5 40 0 0 30 56.4 49.3 49.3
5137 0.2 60 0 0 4937 0.5 40 0 0 60 56.5 49.6 49.6
5137 0.2 60 0 0 4937 0.5 40 0 0 90 56.6 50.1 50.1
5137 0.2 60 0 0 4937 0.5 40 0 0 120 56.5 50.7 50.7
5137 0.2 60 0 0 4937 0.5 40 0 0 150 56.0 50.5 50.5
5137 0.2 60 0 0 4937 0.5 40 0 0 180 55.7 48.7 48.7
5137 0.2 60 0 0 4937 0.5 50 0 0 0 55.3 48.6 48.6
5137 0.2 60 0 0 4937 0.5 50 0 0 30 55.4 48.9 48.9
5137 0.2 60 0 0 4937 0.5 50 0 0 60 55.5 49.3 49.3
5137 0.2 60 0 0 4937 0.5 50 0 0 90 55.6 49.9 49.9
5137 0.2 60 0 0 4937 0.5 50 0 0 120 55.5 50.7 50.7
5137 0.2 60 0 0 4937 0.5 50 0 0 150 55.1 51.2 51.2
5137 0.2 60 0 0 4937 0.5 50 0 0 180 54.9 49.3 49.3
5137 0.2 60 0 0 4937 0.5 60 0 0 0 53.3 48.6 48.6
5137 0.2 60 0 0 4937 0.5 60 0 0 30 53.5 48.9 48.9
5137 0.2 60 0 0 4937 0.5 60 0 0 60 53.6 49.2 49.2
5137 0.2 60 0 0 4937 0.5 60 0 0 90 53.7 49.7 49.7
5137 0.2 60 0 0 4937 0.5 60 0 0 120 53.5 50.7 50.7
5137 0.2 60 0 0 4937 0.5 60 0 0 150 53.3 51.6 51.6
5137 0.2 60 0 0 4937 0.5 60 0 0 180 53.3 50.4 50.4
5137 0.2 60 0 0 5137 0.0 0 0 0 0 43.0 45.3 45.3
5137 0.2 60 0 0 5137 0.0 0 0 0 30 47.2 48.1 48.1
5137 0.2 60 0 0 5137 0.0 0 0 0 60 55.4 52.9 52.9
5137 0.2 60 0 0 5137 0.0 0 0 0 90 63.0 58.3 58.3
5137 0.2 60 0 0 5137 0.0 0 0 0 120 69.1 63.2 63.2
5137 0.2 60 0 0 5137 0.0 0 0 0 150 72.2 64.4 64.4
5137 0.2 60 0 0 5137 0.0 0 0 0 180 73.2 63.2 63.2
5137 0.2 60 0 0 5137 0.0 10 0 0 0 42.9 43.4 43.4
5137 0.2 60 0 0 5137 0.0 10 0 0 30 47.1 46.8 46.8
5137 0.2 60 0 0 5137 0.0 10 0 0 60 55.3 52.0 52.0
5137 0.2 60 0 0 5137 0.0 10 0 0 90 62.9 57.7 57.7
5137 0.2 60 0 0 5137 0.0 10 0 0 120 69.1 63.2 63.2
5137 0.2 60 0 0 5137 0.0 10 0 0 150 72.2 65.0 65.0
5137 0.2 60 0 0 5137 0.0 10 0 0 180 73.1 63.8 63.8
5137 0.2 60 0 0 5137 0.0 20 0 0 0 42.6 40.9 40.9
5137 0.2 60 0 0 5137 0.0 20 0 0 30 46.9 44.7 44.7
5137 0.2 60 0 0 5137 0.0 20 0 0 60 55.0 50.3 50.3
5137 0.2 60 0 0 5137 0.0 20 0 0 90 62.7 56.3 56.3
5137 0.2 60 0 0 5137 0.0 20 0 0 120 68.9 62.2 62.2
5137 0.2 60 0 0 5137 0.0 20 0 0 150 72.0 64.4 64.4
5137 0.2 60 0 0 5137 0.0 20 0 0 180 72.8 63.7 63.7
5137 0.2 60 0 0 5137 0.0 30 0 0 0 42.1 36.7 36.7
5137 0.2 60 0 0 5137 0.0 30 0 0 30 46.4 40.6 40.6
5137 0.2 60 0 0 5137 0.0 30 0 0 60 54.7 46.7 46.7
5137 0.2 60 0 0 5137 0.0 30 0 0 90 62.3 53.1 53.1
5137 0.2 60 0 0 5137 0.0 30 0 0 120 68.6 59.4 59.4
5137 0.2 60 0 0 5137 0.0 30 0 0 150 71.6 61.3 61.3
5137 0.2 60 0 0 5137 0.0 30 0 0 180 72.3 61.4 61.4
5137 0.2 60 0 0 5137 0.0 40 0 0 0 41.4 35.6 35.6
5137 0.2 60 0 0 5137 0.0 40 0 0 30 45.8 39.6 39.6
5137 0.2 60 0 0 5137 0.0 40 0 0 60 54.1 46.1 46.1
5137 0.2 60 0 0 5137 0.0 40 0 0 90 61.8 52.9 52.9
5137 0.2 60 0 0 5137 0.0 40 0 0 120 68.1 59.1 59.1
5137 0.2 60 0 0 5137 0.0 40 0 0 150 70.9 61.1 61.1
5137 0.2 60 0 0 5137 0.0 40 0 0 180 71.6 61.2 61.2
5137 0.2 60 0 0 5137 0.0 50 0 0 0 40.6 35.8 35.8
5137 0.2 60 0 0 5137 0.0 50 0 0 30 45.1 39.8 39.8
5137 0.2 60 0 0 5137 0.0 50 0 0 60 53.4 46.7 46.7
5137 0.2 60 0 0 5137 0.0 50 0 0 90 61.0 53.5 53.5
5137 0.2 60 0 0 5137 0.0 50 0 0 120 67.2 59.6 59.6
5137 0.2 60 0 0 5137 0.0 50 0 0 150 69.9 62.1 62.1
5137 0.2 60 0 0 5137 0.0 50 0 0 180 70.5 62.1 62.1
5137 0.2 60 0 0 5137 0.0 60 0 0 0 39.6 36.6 36.6
5137 0.2 60 0 0 5137 0.0 60 0 0 30 44.0 40.5 40.5
5137 0.2 60 0 0 5137 0.0 60 0 0 60 52.1 47.7 47.7
5137 0.2 60 0 0 5137 0.0 60 0 0 90 59.6 54.7 54.7
5137 0.2 60 0 0 5137 0.0 60 0 0 120 65.5 60.9 60.9
5137 0.2 60 0 0 5137 0.0 60 0 0 150 68.0 63.7 63.7
5137 0.2 60 0 0 5137 0.0 60 0 0 180 68.6 63.9 63.9
5137 0.2 60 0 0 5137 0.1 0 0 0 0 41.9 45.1 45.1
5137 0.2 60 0 0 5137 0.1 0 0 0 30 45.6 46.9 46.9
5137 0.2 60 0 0 5137 0.1 0 0 0 60 52.8 50.6 50.6
5137 0.2 60 0 0 5137 0.1 0 0 0 90 60.2 55.9 55.9
5137 0.2 60 0 0 5137 0.1 0 0 0 120 66.7 61.7 61.7
5137 0.2 60 0 0 5137 0.1 0 0 0 150 70.9 64.3 64.3
5137 0.2 60 0 0 5137 0.1 0 0 0 180 73.0 62.2 62.2
5137 0.2 60 0 0 5137 0.1 10 0 0 0 41.7 43.0 43.0
5137 0.2 60 0 0 5137 0.1 10 0 0 30 45.5 45.4 45.4
5137 0.2 60 0 0 5137 0.1 10 0 0 60 52.6 49.6 49.6
5137 0.2 60 0 0 5137 0.1 10 0 0 90 60.1 55.2 55.2
5137 0.2 60 0 0 5137 0.1 10 0 0 120 66.7 61.4 61.4
5137 0.2 60 0 0 5137 0.1 10 0 0 150 70.9 64.9 64.9
5137 0.2 60 0 0 5137 0.1 10 0 0 180 72.9 62.9 62.9
5137 0.2 60 0 0 5137 0.1 20 0 0 0 41.4 40.2 40.2
5137 0.2 60 0 0 5137 0.1 20 0 0 30 45.3 43.2 43.2
5137 0.2 60 0 0 5137 0.1 20 0 0 60 52.4 47.8 47.8
5137 0.2 60 0 0 5137 0.1 20 0 0 90 59.9 53.7 53.7
5137 0.2 60 0 0 5137 0.1 20 0 0 120 66.5 60.2 60.2
5137 0.2 60 0 0 5137 0.1 20 0 0 150 70.7 64.2 64.2
5137 0.2 60 0 0 5137 0.1 20 0 0 180 72.7 62.8 62.8
5137 0.2 60 0 0 5137 0.1 30 0 0 0 40.7 35.6 35.6
5137 0.2 60 0 0 5137 0.1 30 0 0 30 44.9 39.0 39.0
5137 0.2 60 0 0 5137 0.1 30 0 0 60 52.0 44.2 44.2
5137 0.2 60 0 0 5137 0.1 30 0 0 90 59.5 50.4 50.4
5137 0.2 60 0 0 5137 0.1 30 0 0 120 66.2 57.2 57.2
5137 0.2 60 0 0 5137 0.1 30 0 0 150 70.3 60.9 60.9
5137 0.2 60 0 0 5137 0.1 30 0 0 180 72.3 61.2 61.2
5137 0.2 60 0 0 5137 0.1 40 0 0 0 39.8 34.1 34.1
5137 0.2 60 0 0 5137 0.1 40 0 0 30 44.3 37.9 37.9
5137 0.2 60 0 0 5137 0.1 40 0 0 60 51.5 43.6 43.6
5137 0.2 60 0 0 5137 0.1 40 0 0 90 59.0 50.1 50.1
5137 0.2 60 0 0 5137 0.1 40 0 0 120 65.7 56.7 56.7
5137 0.2 60 0 0 5137 0.1 40 0 0 150 69.6 60.5 60.5
5137 0.2 60 0 0 5137 0.1 40 0 0 180 71.6 61.0 61.0
5137 0.2 60 0 0 5137 0.1 50 0 0 0 38.6 33.9 33.9
5137 0.2 60 0 0 5137 0.1 50 0 0 30 43.6 37.8 37.8
5137 0.2 60 0 0 5137 0.1 50 0 0 60 50.8 43.9 43.9
5137 0.2 60 0 0 5137 0.1 50 0 0 90 58.2 50.4 50.4
5137 0.2 60 0 0 5137 0.1 50 0 0 120 64.9 57.0 57.0
5137 0.2 60 0 0 5137 0.1 50 0 0 150 68.6 61.0 61.0
5137 0.2 60 0 0 5137 0.1 50 0 0 180 70.5 61.9 61.9
5137 0.2 60 0 0 5137 0.1 60 0 0 0 37.3 34.6 34.6
5137 0.2 60 0 0 5137 0.1 60 0 0 30 42.5 38.5 38.5
5137 0.2 60 0 0 5137 0.1 60 0 0 60 49.7 44.6 44.6
5137 0.2 60 0 0 5137 0.1 60 0 0 90 56.9 51.4 51.4
5137 0.2 60 0 0 5137 0.1 60 0 0 120 63.3 58.0 58.0
5137 0.2 60 0 0 5137 0.1 60 0 0 150 66.7 62.4 62.4
5137 0.2 60 0 0 5137 0.1 60 0 0 180 68.6 63.6 63.6
5137 0.2 60 0 0 5137 0.2 0 0 0 0 41.2 45.0 45.0
5137 0.2 60 0 0 5137 0.2 0 0 0 30 44.5 46.2 46.2
5137 0.2 60 0 0 5137 0.2 0 0 0 60 50.3 48.8 48.8
5137 0.2 60 0 0 5137 0.2 0 0 0 90 57.4 53.3 53.3
5137 0.2 60 0 0 5137 0.2 0 0 0 120 64.2 59.6 59.6
5137 0.2 60 0 0 5137 0.2 0 0 0 150 69.3 64.1 64.1
5137 0.2 60 0 0 5137 0.2 0 0 0 180 72.2 61.2 61.2
5137 0.2 60 0 0 5137 0.2 10 0 0 0 41.0 42.8 42.8
5137 0.2 60 0 0 5137 0.2 10 0 0 30 44.3 44.5 44.5
5137 0.2 60 0 0 5137 0.2 10 0 0 60 50.2 47.6 47.6
5137 0.2 60 0 0 5137 0.2 10 0 0 90 57.3 52.5 52.5
5137 0.2 60 0 0 5137 0.2 10 0 0 120 64.1 59.1 59.1
5137 0.2 60 0 0 5137 0.2 10 0 0 150 69.3 64.3 64.3
5137 0.2 60 0 0 5137 0.2 10 0 0 180 72.1 61.8 61.8
5137 0.2 60 0 0 5137 0.2 20 0 0 0 40.6 39.9 39.9
5137 0.2 60 0 0 5137 0.2 20 0 0 30 44.0 42.1 42.1
5137 0.2 60 0 0 5137 0.2 20 0 0 60 50.0 45.6 45.6
5137 0.2 60 0 0 5137 0.2 20 0 0 90 57.0 50.9 50.9
5137 0.2 60 0 0 5137 0.2 20 0 0 120 63.9 57.8 57.8
5137 0.2 60 0 0 5137 0.2 20 0 0 150 69.1 63.2 63.2
5137 0.2 60 0 0 5137 0.2 20 0 0 180 71.9 61.7 61.7
5137 0.2 60 0 0 5137 0.2 30 0 0 0 39.9 35.4 35.4
5137 0.2 60 0 0 5137 0.2 30 0 0 30 43.6 38.0 38.0
5137 0.2 60 0 0 5137 0.2 30 0 0 60 49.6 42.1 42.1
5137 0.2 60 0 0 5137 0.2 30 0 0 90 56.7 47.7 47.7
5137 0.2 60 0 0 5137 0.2 30 0 0 120 63.6 54.7 54.7
5137 0.2 60 0 0 5137 0.2 30 0 0 150 68.6 59.8 59.8
5137 0.2 60 0 0 5137 0.2 30 0 0 180 71.6 60.4 60.4
5137 0.2 60 0 0 5137 0.2 40 0 0 0 38.9 33.6 33.6
5137 0.2 60 0 0 5137 0.2 40 0 0 30 43.0 36.6 36.6
5137 0.2 60 0 0 5137 0.2 40 0 0 60 49.1 41.3 41.3
5137 0.2 60 0 0 5137 0.2 40 0 0 90 56.1 47.1 47.1
5137 0.2 60 0 0 5137 0.2 40 0 0 120 63.2 54.0 54.0
5137 0.2 60 0 0 5137 0.2 40 0 0 150 68.0 59.2 59.2
5137 0.2 60 0 0 5137 0.2 40 0 0 180 71.0 60.9 60.9
5137 0.2 60 0 0 5137 0.2 50 0 0 0 37.4 32.8 32.8
5137 0.2 60 0 0 5137 0.2 50 0 0 30 42.3 36.3 36.3
5137 0.2 60 0 0 5137 0.2 50 0 0 60 48.3 41.4 41.4
5137 0.2 60 0 0 5137 0.2 50 0 0 90 55.3 47.3 47.3
5137 0.2 60 0 0 5137 0.2 50 0 0 120 62.4 54.2 54.2
5137 0.2 60 0 0 5137 0.2 50 0 0 150 66.9 59.7 59.7
5137 0.2 60 0 0 5137 0.2 50 0 0 180 70.0 61.8 61.8
5137 0.2 60 0 0 5137 0.2 60 0 0 0 35.6 32.7 32.7
5137 0.2 60 0 0 5137 0.2 60 0 0 30 41.2 36.6 36.6
5137 0.2 60 0 0 5137 0.2 60 0 0 60 47.3 41.8 41.8
5137 0.2 60 0 0 5137 0.2 60 0 0 90 54.1 47.9 47.9
5137 0.2 60 0 0 5137 0.2 60 0 0 120 60.8 55.0 55.0
5137 0.2 60 0 0 5137 0.2 60 0 0 150 65.1 60.7 60.7
5137 0.2 60 0 0 5137 0.2 60 0 0 180 68.2 63.4 63.4
5137 0.2 60 0 0 5137 0.3 0 0 0 0 41.3 44.9 44.9
5137 0.2 60 0 0 5137 0.3 0 0 0 30 43.9 45.9 45.9
5137 0.2 60 0 0 5137 0.3 0 0 0 60 48.1 47.7 47.7
5137 0.2 60 0 0 5137 0.3 0 0 0 90 54.4 50.7 50.7
5137 0.2 60 0 0 5137 0.3 0 0 0 120 61.5 56.9 56.9
5137 0.2 60 0 0 5137 0.3 0 0 0 150 67.5 63.2 63.2
5137 0.2 60 0 0 5137 0.3 0 0 0 180 71.0 60.0 60.0
5137 0.2 60 0 0 5137 0.3 10 0 0 0 41.1 42.8 42.8
5137 0.2 60 0 0 5137 0.3 10 0 0 30 43.7 44.0 44.0
5137 0.2 60 0 0 5137 0.3 10 0 0 60 48.0 46.2 46.2
5137 0.2 60 0 0 5137 0.3 10 0 0 90 54.3 49.8 49.8
5137 0.2 60 0 0 5137 0.3 10 0 0 120 61.4 56.3 56.3
5137 0.2 60 0 0 5137 0.3 10 0 0 150 67.4 63.0 63.0
5137 0.2 60 0 0 5137 0.3 10 0 0 180 70.9 60.6 60.6
5137 0.2 60 0 0 5137 0.3 20 0 0 0 40.8 39.8 39.8
5137 0.2 60 0 0 5137 0.3 20 0 0 30 43.4 41.4 41.4
5137 0.2 60 0 0 5137 0.3 20 0 0 60 47.7 43.9 43.9
5137 0.2 60 0 0 5137 0.3 20 0 0 90 54.0 48.0 48.0
5137 0.2 60 0 0 5137 0.3 20 0 0 120 61.2 54.8 54.8
5137 0.2 60 0 0 5137 0.3 20 0 0 150 67.2 61.6 61.6
5137 0.2 60 0 0 5137 0.3 20 0 0 180 70.7 60.5 60.5
5137 0.2 60 0 0 5137 0.3 30 0 0 0 40.2 35.7 35.7
5137 0.2 60 0 0 5137 0.3 30 0 0 30 42.9 37.5 37.5
5137 0.2 60 0 0 5137 0.3 30 0 0 60 47.4 40.6 40.6
5137 0.2 60 0 0 5137 0.3 30 0 0 90 53.6 45.2 45.2
5137 0.2 60 0 0 5137 0.3 30 0 0 120 60.9 52.0 52.0
5137 0.2 60 0 0 5137 0.3 30 0 0 150 66.7 58.5 58.5
5137 0.2 60 0 0 5137 0.3 30 0 0 180 70.3 59.7 59.7
5137 0.2 60 0 0 5137 0.3 40 0 0 0 39.4 34.1 34.1
5137 0.2 60 0 0 5137 0.3 40 0 0 30 42.2 36.2 36.2
5137 0.2 60 0 0 5137 0.3 40 0 0 60 46.8 39.5 39.5
5137 0.2 60 0 0 5137 0.3 40 0 0 90 53.1 44.5 44.5
5137 0.2 60 0 0 5137 0.3 40 0 0 120 60.4 51.3 51.3
5137 0.2 60 0 0 5137 0.3 40 0 0 150 66.0 57.9 57.9
5137 0.2 60 0 0 5137 0.3 40 0 0 180 69.7 60.5 60.5
5137 0.2 60 0 0 5137 0.3 50 0 0 0 38.5 33.4 33.4
5137 0.2 60 0 0 5137 0.3 50 0 0 30 41.2 35.4 35.4
5137 0.2 60 0 0 5137 0.3 50 0 0 60 46.1 39.1 39.1
5137 0.2 60 0 0 5137 0.3 50 0 0 90 52.4 44.3 44.3
5137 0.2 60 0 0 5137 0.3 50 0 0 120 59.6 51.2 51.2
5137 0.2 60 0 0 5137 0.3 50 0 0 150 64.9 57.9 57.9
5137 0.2 60 0 0 5137 0.3 50 0 0 180 68.6 61.7 61.7
5137 0.2 60 0 0 5137 0.3 60 0 0 0 37.5 33.4 33.4
5137 0.2 60 0 0 5137 0.3 60 0 0 30 40.1 35.0 35.0
5137 0.2 60 0 0 5137 0.3 60 0 0 60 45.0 39.2 39.2
5137 0.2 60 0 0 5137 0.3 60 0 0 90 51.2 44.6 44.6
5137 0.2 60 0 0 5137 0.3 60 0 0 120 58.0 51.7 51.7
5137 0.2 60 0 0 5137 0.3 60 0 0 150 63.1 58.8 58.8
5137 0.2 60 0 0 5137 0.3 60 0 0 180 66.8 63.2 63.2
5137 0.2 60 0 0 5137 0.4 0 0 0 0 42.2 44.9 44.9
5137 0.2 60 0 0 5137 0.4 0 0 0 30 43.8 45.8 45.8
5137 0.2 60 0 0 5137 0.4 0 0 0 60 46.6 47.1 47.1
5137 0.2 60 0 0 5137 0.4 0 0 0 90 51.4 49.2 49.2
5137 0.2 60 0 0 5137 0.4 0 0 0 120 58.6 53.9 53.9
5137 0.2 60 0 0 5137 0.4 0 0 0 150 65.3 61.6 61.6
5137 0.2 60 0 0 5137 0.4 0 0 0 180 69.5 58.7 58.7
5137 0.2 60 0 0 5137 0.4 10 0 0 0 42.1 42.8 42.8
5137 0.2 60 0 0 5137 0.4 10 0 0 30 43.6 43.9 43.9
5137 0.2 60 0 0 5137 0.4 10 0 0 60 46.4 45.4 45.4
5137 0.2 60 0 0 5137 0.4 10 0 0 90 51.3 47.9 47.9
5137 0.2 60 0 0 5137 0.4 10 0 0 120 58.6 53.2 53.2
5137 0.2 60 0 0 5137 0.4 10 0 0 150 65.3 61.1 61.1
5137 0.2 60 0 0 5137 0.4 10 0 0 180 69.5 59.3 59.3
5137 0.2 60 0 0 5137 0.4 20 0 0 0 41.9 39.6 39.6
5137 0.2 60 0 0 5137 0.4 20 0 0 30 43.4 40.7 40.7
5137 0.2 60 0 0 5137 0.4 20 0 0 60 46.1 42.6 42.6
5137 0.2 60 0 0 5137 0.4 20 0 0 90 51.1 45.5 45.5
5137 0.2 60 0 0 5137 0.4 20 0 0 120 58.4 51.3 51.3
5137 0.2 60 0 0 5137 0.4 20 0 0 150 65.0 59.1 59.1
5137 0.2 60 0 0 5137 0.4 20 0 0 180 69.2 58.7 58.7
5137 0.2 60 0 0 5137 0.4 30 0 0 0 41.5 36.7 36.7
5137 0.2 60 0 0 5137 0.4 30 0 0 30 42.9 37.9 37.9
5137 0.2 60 0 0 5137 0.4 30 0 0 60 45.6 39.9 39.9
5137 0.2 60 0 0 5137 0.4 30 0 0 90 50.7 43.2 43.2
5137 0.2 60 0 0 5137 0.4 30 0 0 120 58.0 49.2 49.2
5137 0.2 60 0 0 5137 0.4 30 0 0 150 64.5 56.9 56.9
5137 0.2 60 0 0 5137 0.4 30 0 0 180 68.8 58.8 58.8
5137 0.2 60 0 0 5137 0.4 40 0 0 0 41.1 35.4 35.4
5137 0.2 60 0 0 5137 0.4 40 0 0 30 42.3 36.4 36.4
5137 0.2 60 0 0 5137 0.4 40 0 0 60 45.0 38.5 38.5
5137 0.2 60 0 0 5137 0.4 40 0 0 90 50.1 42.1 42.1
5137 0.2 60 0 0 5137 0.4 40 0 0 120 57.5 48.4 48.4
5137 0.2 60 0 0 5137 0.4 40 0 0 150 63.8 56.2 56.2
5137 0.2 60 0 0 5137 0.4 40 0 0 180 68.1 59.9 59.9
5137 0.2 60 0 0 5137 0.4 50 0 0 0 40.5 34.9 34.9
5137 0.2 60 0 0 5137 0.4 50 0 0 30 41.5 35.5 35.5
5137 0.2 60 0 0 5137 0.4 50 0 0 60 44.1 37.6 37.6
5137 0.2 60 0 0 5137 0.4 50 0 0 90 49.4 41.6 41.6
5137 0.2 60 0 0 5137 0.4 50 0 0 120 56.7 48.1 48.1
5137 0.2 60 0 0 5137 0.4 50 0 0 150 62.7 56.0 56.0
5137 0.2 60 0 0 5137 0.4 50 0 0 180 66.9 61.0 61.0
5137 0.2 60 0 0 5137 0.4 60 0 0 0 39.8 34.9 34.9
5137 0.2 60 0 0 5137 0.4 60 0 0 30 40.6 35.1 35.1
5137 0.2 60 0 0 5137 0.4 60 0 0 60 42.9 37.0 37.0
5137 0.2 60 0 0 5137 0.4 60 0 0 90 48.2 41.5 41.5
5137 0.2 60 0 0 5137 0.4 60 0 0 120 55.0 48.2 48.2
5137 0.2 60 0 0 5137 0.4 60 0 0 150 60.7 56.5 56.5
5137 0.2 60 0 0 5137 0.4 60 0 0 180 64.9 62.3 62.3
5137 0.2 60 0 0 5137 0.5 0 0 0 0 43.8 44.9 44.9
5137 0.2 60 0 0 5137 0.5 0 0 0 30 44.6 45.7 45.7
5137 0.2 60 0 0 5137 0.5 0 0 0 60 45.9 46.7 46.7
5137 0.2 60 0 0 5137 0.5 0 0 0 90 48.9 48.3 48.3
5137 0.2 60 0 0 5137 0.5 0 0 0 120 55.6 51.4 51.4
5137 0.2 60 0 0 5137 0.5 0 0 0 150 62.8 59.3 59.3
5137 0.2 60 0 0 5137 0.5 0 0 0 180 67.9 57.2 57.2
5137 0.2 60 0 0 5137 0.5 10 0 0 0 43.7 43.0 43.0
5137 0.2 60 0 0 5137 0.5 10 0 0 30 44.5 43.7 43.7
5137 0.2 60 0 0 5137 0.5 10 0 0 60 45.8 44.9 44.9
5137 0.2 60 0 0 5137 0.5 10 0 0 90 48.8 46.8 46.8
5137 0.2 60 0 0 5137 0.5 10 0 0 120 55.5 50.3 50.3
5137 0.2 60 0 0 5137 0.5 10 0 0 150 62.8 58.6 58.6
5137 0.2 60 0 0 5137 0.5 10 0 0 180 67.8 57.6 57.6
5137 0.2 60 0 0 5137 0.5 20 0 0 0 43.6 40.3 40.3
5137 0.2 60 0 0 5137 0.5 20 0 0 30 44.3 40.9 40.9
5137 0.2 60 0 0 5137 0.5 20 0 0 60 45.5 42.2 42.2
5137 0.2 60 0 0 5137 0.5 20 0 0 90 48.5 44.3 44.3
5137 0.2 60 0 0 5137 0.5 20 0 0 120 55.3 48.3 48.3
5137 0.2 60 0 0 5137 0.5 20 0 0 150 62.5 56.6 56.6
5137 0.2 60 0 0 5137 0.5 20 0 0 180 67.5 57.2 57.2
5137 0.2 60 0 0 5137 0.5 30 0 0 0 43.3 38.4 38.4
5137 0.2 60 0 0 5137 0.5 30 0 0 30 44.0 38.8 38.8
5137 0.2 60 0 0 5137 0.5 30 0 0 60 45.1 40.0 40.0
5137 0.2 60 0 0 5137 0.5 30 0 0 90 48.0 42.1 42.1
5137 0.2 60 0 0 5137 0.5 30 0 0 120 55.0 46.6 46.6
5137 0.2 60 0 0 5137 0.5 30 0 0 150 62.0 55.1 55.1
5137 0.2 60 0 0 5137 0.5 30 0 0 180 67.0 58.1 58.1
5137 0.2 60 0 0 5137 0.5 40 0 0 0 43.0 37.3 37.3
5137 0.2 60 0 0 5137 0.5 40 0 0 30 43.6 37.5 37.5
5137 0.2 60 0 0 5137 0.5 40 0 0 60 44.6 38.6 38.6
5137 0.2 60 0 0 5137 0.5 40 0 0 90 47.4 40.9 40.9
5137 0.2 60 0 0 5137 0.5 40 0 0 120 54.4 45.5 45.5
5137 0.2 60 0 0 5137 0.5 40 0 0 150 61.2 54.3 54.3
5137 0.2 60 0 0 5137 0.5 40 0 0 180 66.2 59.1 59.1
5137 0.2 60 0 0 5137 0.5 50 0 0 0 42.7 36.7 36.7
5137 0.2 60 0 0 5137 0.5 50 0 0 30 43.1 36.8 36.8
5137 0.2 60 0 0 5137 0.5 50 0 0 60 44.0 37.6 37.6
5137 0.2 60 0 0 5137 0.5 50 0 0 90 46.5 39.8 39.8
5137 0.2 60 0 0 5137 0.5 50 0 0 120 53.5 45.0 45.0
5137 0.2 60 0 0 5137 0.5 50 0 0 150 60.0 54.0 54.0
5137 0.2 60 0 0 5137 0.5 50 0 0 180 65.0 60.1 60.1
5137 0.2 60 0 0 5137 0.5 60 0 0 0 42.2 36.6 36.6
5137 0.2 60 0 0 5137 0.5 60 0 0 30 42.6 36.5 36.5
5137 0.2 60 0 0 5137 0.5 60 0 0 60 43.4 37.0 37.0
5137 0.2 60 0 0 5137 0.5 60 0 0 90 45.5 39.0 39.0
5137 0.2 60 0 0 5137 0.5 60 0 0 120 51.5 44.7 44.7
5137 0.2 60 0 0 5137 0.5 60 0 0 150 57.8 54.0 54.0
5137 0.2 60 0 0 5137 0.5 60 0 0 180 62.6 61.1 61.1
