5137 0 50 0 0 4737 0 0 0 0 0 60 54 54
5137 0 50 0 0 4737 0 0 0 0 30 60 54 54
5137 0 50 0 0 4737 0 0 0 0 60 60 54 54
5137 0 50 0 0 4737 0 0 0 0 90 61 54 54
5137 0 50 0 0 4737 0 0 0 0 120 60 54 54
5137 0 50 0 0 4737 0 0 0 0 150 60 54 54
5137 0 50 0 0 4737 0 0 0 0 180 60 54 54
5137 0 50 0 0 4737 0 10 0 0 0 60 53 53
5137 0 50 0 0 4737 0 10 0 0 30 60 53 53
5137 0 50 0 0 4737 0 10 0 0 60 60 53 53
5137 0 50 0 0 4737 0 10 0 0 90 60 53 53
5137 0 50 0 0 4737 0 10 0 0 120 60 53 53
5137 0 50 0 0 4737 0 10 0 0 150 60 53 53
5137 0 50 0 0 4737 0 10 0 0 180 60 53 53
5137 0 50 0 0 4737 0 20 0 0 0 60 52 52
5137 0 50 0 0 4737 0 20 0 0 30 60 52 52
5137 0 50 0 0 4737 0 20 0 0 60 60 52 52
5137 0 50 0 0 4737 0 20 0 0 90 60 52 52
5137 0 50 0 0 4737 0 20 0 0 120 60 52 52
5137 0 50 0 0 4737 0 20 0 0 150 60 52 52
5137 0 50 0 0 4737 0 20 0 0 180 60 52 52
5137 0 50 0 0 4737 0 30 0 0 0 60 49 49
5137 0 50 0 0 4737 0 30 0 0 30 60 49 49
5137 0 50 0 0 4737 0 30 0 0 60 60 49 49
5137 0 50 0 0 4737 0 30 0 0 90 60 50 50
5137 0 50 0 0 4737 0 30 0 0 120 60 50 50
5137 0 50 0 0 4737 0 30 0 0 150 60 50 50
5137 0 50 0 0 4737 0 30 0 0 180 60 50 50
5137 0 50 0 0 4737 0 40 0 0 0 59 49 49
5137 0 50 0 0 4737 0 40 0 0 30 59 49 49
5137 0 50 0 0 4737 0 40 0 0 60 59 49 49
5137 0 50 0 0 4737 0 40 0 0 90 59 49 49
5137 0 50 0 0 4737 0 40 0 0 120 59 50 50
5137 0 50 0 0 4737 0 40 0 0 150 59 50 50
5137 0 50 0 0 4737 0 40 0 0 180 59 50 50
5137 0 50 0 0 4737 0 50 0 0 0 58 50 50
5137 0 50 0 0 4737 0 50 0 0 30 58 50 50
5137 0 50 0 0 4737 0 50 0 0 60 58 50 50
5137 0 50 0 0 4737 0 50 0 0 90 58 50 50
5137 0 50 0 0 4737 0 50 0 0 120 58 50 50
5137 0 50 0 0 4737 0 50 0 0 150 58 50 50
5137 0 50 0 0 4737 0 50 0 0 180 58 51 51
5137 0 50 0 0 4737 0 60 0 0 0 57 51 51
5137 0 50 0 0 4737 0 60 0 0 30 57 51 51
5137 0 50 0 0 4737 0 60 0 0 60 57 51 51
5137 0 50 0 0 4737 0 60 0 0 90 57 51 51
5137 0 50 0 0 4737 0 60 0 0 120 57 51 51
5137 0 50 0 0 4737 0 60 0 0 150 57 51 51
5137 0 50 0 0 4737 0 60 0 0 180 57 52 52
5137 0 50 0 0 4737 0 0 0 0 0 59 53 53
5137 0 50 0 0 4737 0 0 0 0 30 59 53 53
5137 0 50 0 0 4737 0 0 0 0 60 59 53 53
5137 0 50 0 0 4737 0 0 0 0 90 59 53 53
5137 0 50 0 0 4737 0 0 0 0 120 59 53 53
5137 0 50 0 0 4737 0 0 0 0 150 59 53 53
5137 0 50 0 0 4737 0 0 0 0 180 59 53 53
5137 0 50 0 0 4737 0 10 0 0 0 59 52 52
5137 0 50 0 0 4737 0 10 0 0 30 59 52 52
5137 0 50 0 0 4737 0 10 0 0 60 59 52 52
5137 0 50 0 0 4737 0 10 0 0 90 59 52 52
5137 0 50 0 0 4737 0 10 0 0 120 59 52 52
5137 0 50 0 0 4737 0 10 0 0 150 59 52 52
5137 0 50 0 0 4737 0 10 0 0 180 59 52 52
5137 0 50 0 0 4737 0 20 0 0 0 59 51 51
5137 0 50 0 0 4737 0 20 0 0 30 59 51 51
5137 0 50 0 0 4737 0 20 0 0 60 59 51 51
5137 0 50 0 0 4737 0 20 0 0 90 59 51 51
5137 0 50 0 0 4737 0 20 0 0 120 59 51 51
5137 0 50 0 0 4737 0 20 0 0 150 59 51 51
5137 0 50 0 0 4737 0 20 0 0 180 59 51 51
5137 0 50 0 0 4737 0 30 0 0 0 58 48 48
5137 0 50 0 0 4737 0 30 0 0 30 59 48 48
5137 0 50 0 0 4737 0 30 0 0 60 59 48 48
5137 0 50 0 0 4737 0 30 0 0 90 59 48 48
5137 0 50 0 0 4737 0 30 0 0 120 59 48 48
5137 0 50 0 0 4737 0 30 0 0 150 59 49 49
5137 0 50 0 0 4737 0 30 0 0 180 59 49 49
5137 0 50 0 0 4737 0 40 0 0 0 58 48 48
5137 0 50 0 0 4737 0 40 0 0 30 58 48 48
5137 0 50 0 0 4737 0 40 0 0 60 58 48 48
5137 0 50 0 0 4737 0 40 0 0 90 58 48 48
5137 0 50 0 0 4737 0 40 0 0 120 58 48 48
5137 0 50 0 0 4737 0 40 0 0 150 58 49 49
5137 0 50 0 0 4737 0 40 0 0 180 58 49 49
5137 0 50 0 0 4737 0 50 0 0 0 57 49 49
5137 0 50 0 0 4737 0 50 0 0 30 57 49 49
5137 0 50 0 0 4737 0 50 0 0 60 57 49 49
5137 0 50 0 0 4737 0 50 0 0 90 57 49 49
5137 0 50 0 0 4737 0 50 0 0 120 57 49 49
5137 0 50 0 0 4737 0 50 0 0 150 57 49 49
5137 0 50 0 0 4737 0 50 0 0 180 57 49 49
5137 0 50 0 0 4737 0 60 0 0 0 55 50 50
5137 0 50 0 0 4737 0 60 0 0 30 56 50 50
5137 0 50 0 0 4737 0 60 0 0 60 56 50 50
5137 0 50 0 0 4737 0 60 0 0 90 56 50 50
5137 0 50 0 0 4737 0 60 0 0 120 55 50 50
5137 0 50 0 0 4737 0 60 0 0 150 55 50 50
5137 0 50 0 0 4737 0 60 0 0 180 55 50 50
5137 0 50 0 0 4737 0 0 0 0 0 58 51 51
5137 0 50 0 0 4737 0 0 0 0 30 58 51 51
5137 0 50 0 0 4737 0 0 0 0 60 58 51 51
5137 0 50 0 0 4737 0 0 0 0 90 58 51 51
5137 0 50 0 0 4737 0 0 0 0 120 58 51 51
5137 0 50 0 0 4737 0 0 0 0 150 58 52 52
5137 0 50 0 0 4737 0 0 0 0 180 58 51 51
5137 0 50 0 0 4737 0 10 0 0 0 58 51 51
5137 0 50 0 0 4737 0 10 0 0 30 58 51 51
5137 0 50 0 0 4737 0 10 0 0 60 58 51 51
5137 0 50 0 0 4737 0 10 0 0 90 58 51 51
5137 0 50 0 0 4737 0 10 0 0 120 58 51 51
5137 0 50 0 0 4737 0 10 0 0 150 58 51 51
5137 0 50 0 0 4737 0 10 0 0 180 58 51 51
5137 0 50 0 0 4737 0 20 0 0 0 58 49 49
5137 0 50 0 0 4737 0 20 0 0 30 58 49 49
5137 0 50 0 0 4737 0 20 0 0 60 58 49 49
5137 0 50 0 0 4737 0 20 0 0 90 58 49 49
5137 0 50 0 0 4737 0 20 0 0 120 58 50 50
5137 0 50 0 0 4737 0 20 0 0 150 58 50 50
5137 0 50 0 0 4737 0 20 0 0 180 58 50 50
5137 0 50 0 0 4737 0 30 0 0 0 57 47 47
5137 0 50 0 0 4737 0 30 0 0 30 57 47 47
5137 0 50 0 0 4737 0 30 0 0 60 58 47 47
5137 0 50 0 0 4737 0 30 0 0 90 58 47 47
5137 0 50 0 0 4737 0 30 0 0 120 58 47 47
5137 0 50 0 0 4737 0 30 0 0 150 57 48 48
5137 0 50 0 0 4737 0 30 0 0 180 57 48 48
5137 0 50 0 0 4737 0 40 0 0 0 57 47 47
5137 0 50 0 0 4737 0 40 0 0 30 57 47 47
5137 0 50 0 0 4737 0 40 0 0 60 57 47 47
5137 0 50 0 0 4737 0 40 0 0 90 57 47 47
5137 0 50 0 0 4737 0 40 0 0 120 57 47 47
5137 0 50 0 0 4737 0 40 0 0 150 57 48 48
5137 0 50 0 0 4737 0 40 0 0 180 57 48 48
5137 0 50 0 0 4737 0 50 0 0 0 56 48 48
5137 0 50 0 0 4737 0 50 0 0 30 56 48 48
5137 0 50 0 0 4737 0 50 0 0 60 56 48 48
5137 0 50 0 0 4737 0 50 0 0 90 56 48 48
5137 0 50 0 0 4737 0 50 0 0 120 56 48 48
5137 0 50 0 0 4737 0 50 0 0 150 56 48 48
5137 0 50 0 0 4737 0 50 0 0 180 56 48 48
5137 0 50 0 0 4737 0 60 0 0 0 54 49 49
5137 0 50 0 0 4737 0 60 0 0 30 54 49 49
5137 0 50 0 0 4737 0 60 0 0 60 54 49 49
5137 0 50 0 0 4737 0 60 0 0 90 54 49 49
5137 0 50 0 0 4737 0 60 0 0 120 54 49 49
5137 0 50 0 0 4737 0 60 0 0 150 54 49 49
5137 0 50 0 0 4737 0 60 0 0 180 54 49 49
5137 0 50 0 0 4737 0 0 0 0 0 57 50 50
5137 0 50 0 0 4737 0 0 0 0 30 57 50 50
5137 0 50 0 0 4737 0 0 0 0 60 57 50 50
5137 0 50 0 0 4737 0 0 0 0 90 57 50 50
5137 0 50 0 0 4737 0 0 0 0 120 57 50 50
5137 0 50 0 0 4737 0 0 0 0 150 57 50 50
5137 0 50 0 0 4737 0 0 0 0 180 57 50 50
5137 0 50 0 0 4737 0 10 0 0 0 57 50 50
5137 0 50 0 0 4737 0 10 0 0 30 57 50 50
5137 0 50 0 0 4737 0 10 0 0 60 57 50 50
5137 0 50 0 0 4737 0 10 0 0 90 57 50 50
5137 0 50 0 0 4737 0 10 0 0 120 57 50 50
5137 0 50 0 0 4737 0 10 0 0 150 57 50 50
5137 0 50 0 0 4737 0 10 0 0 180 57 50 50
5137 0 50 0 0 4737 0 20 0 0 0 57 48 48
5137 0 50 0 0 4737 0 20 0 0 30 57 48 48
5137 0 50 0 0 4737 0 20 0 0 60 57 48 48
5137 0 50 0 0 4737 0 20 0 0 90 57 48 48
5137 0 50 0 0 4737 0 20 0 0 120 57 48 48
5137 0 50 0 0 4737 0 20 0 0 150 57 48 48
5137 0 50 0 0 4737 0 20 0 0 180 57 48 48
5137 0 50 0 0 4737 0 30 0 0 0 56 46 46
5137 0 50 0 0 4737 0 30 0 0 30 56 46 46
5137 0 50 0 0 4737 0 30 0 0 60 56 46 46
5137 0 50 0 0 4737 0 30 0 0 90 56 46 46
5137 0 50 0 0 4737 0 30 0 0 120 56 46 46
5137 0 50 0 0 4737 0 30 0 0 150 56 46 46
5137 0 50 0 0 4737 0 30 0 0 180 56 47 47
5137 0 50 0 0 4737 0 40 0 0 0 55 46 46
5137 0 50 0 0 4737 0 40 0 0 30 56 46 46
5137 0 50 0 0 4737 0 40 0 0 60 56 46 46
5137 0 50 0 0 4737 0 40 0 0 90 56 46 46
5137 0 50 0 0 4737 0 40 0 0 120 56 46 46
5137 0 50 0 0 4737 0 40 0 0 150 56 47 47
5137 0 50 0 0 4737 0 40 0 0 180 56 47 47
5137 0 50 0 0 4737 0 50 0 0 0 55 47 47
5137 0 50 0 0 4737 0 50 0 0 30 55 47 47
5137 0 50 0 0 4737 0 50 0 0 60 55 47 47
5137 0 50 0 0 4737 0 50 0 0 90 55 47 47
5137 0 50 0 0 4737 0 50 0 0 120 55 47 47
5137 0 50 0 0 4737 0 50 0 0 150 54 47 47
5137 0 50 0 0 4737 0 50 0 0 180 55 47 47
5137 0 50 0 0 4737 0 60 0 0 0 53 48 48
5137 0 50 0 0 4737 0 60 0 0 30 53 48 48
5137 0 50 0 0 4737 0 60 0 0 60 53 48 48
5137 0 50 0 0 4737 0 60 0 0 90 53 48 48
5137 0 50 0 0 4737 0 60 0 0 120 53 48 48
5137 0 50 0 0 4737 0 60 0 0 150 53 48 48
5137 0 50 0 0 4737 0 60 0 0 180 53 48 48
5137 0 50 0 0 4737 0 0 0 0 0 56 49 49
5137 0 50 0 0 4737 0 0 0 0 30 56 49 49
5137 0 50 0 0 4737 0 0 0 0 60 56 49 49
5137 0 50 0 0 4737 0 0 0 0 90 56 49 49
5137 0 50 0 0 4737 0 0 0 0 120 56 49 49
5137 0 50 0 0 4737 0 0 0 0 150 56 49 49
5137 0 50 0 0 4737 0 0 0 0 180 56 49 49
5137 0 50 0 0 4737 0 10 0 0 0 56 48 48
5137 0 50 0 0 4737 0 10 0 0 30 56 48 48
5137 0 50 0 0 4737 0 10 0 0 60 56 48 48
5137 0 50 0 0 4737 0 10 0 0 90 56 48 48
5137 0 50 0 0 4737 0 10 0 0 120 56 48 48
5137 0 50 0 0 4737 0 10 0 0 150 56 48 48
5137 0 50 0 0 4737 0 10 0 0 180 56 48 48
5137 0 50 0 0 4737 0 20 0 0 0 55 46 46
5137 0 50 0 0 4737 0 20 0 0 30 56 46 46
5137 0 50 0 0 4737 0 20 0 0 60 56 46 46
5137 0 50 0 0 4737 0 20 0 0 90 56 46 46
5137 0 50 0 0 4737 0 20 0 0 120 56 46 46
5137 0 50 0 0 4737 0 20 0 0 150 56 46 46
5137 0 50 0 0 4737 0 20 0 0 180 56 46 46
5137 0 50 0 0 4737 0 30 0 0 0 55 45 45
5137 0 50 0 0 4737 0 30 0 0 30 55 45 45
5137 0 50 0 0 4737 0 30 0 0 60 55 45 45
5137 0 50 0 0 4737 0 30 0 0 90 55 45 45
5137 0 50 0 0 4737 0 30 0 0 120 55 45 45
5137 0 50 0 0 4737 0 30 0 0 150 55 45 45
5137 0 50 0 0 4737 0 30 0 0 180 55 46 46
5137 0 50 0 0 4737 0 40 0 0 0 54 46 46
5137 0 50 0 0 4737 0 40 0 0 30 54 46 46
5137 0 50 0 0 4737 0 40 0 0 60 54 46 46
5137 0 50 0 0 4737 0 40 0 0 90 55 45 45
5137 0 50 0 0 4737 0 40 0 0 120 54 45 45
5137 0 50 0 0 4737 0 40 0 0 150 54 46 46
5137 0 50 0 0 4737 0 40 0 0 180 54 46 46
5137 0 50 0 0 4737 0 50 0 0 0 53 46 46
5137 0 50 0 0 4737 0 50 0 0 30 53 46 46
5137 0 50 0 0 4737 0 50 0 0 60 53 46 46
5137 0 50 0 0 4737 0 50 0 0 90 54 46 46
5137 0 50 0 0 4737 0 50 0 0 120 53 46 46
5137 0 50 0 0 4737 0 50 0 0 150 53 46 46
5137 0 50 0 0 4737 0 50 0 0 180 53 46 46
5137 0 50 0 0 4737 0 60 0 0 0 51 47 47
5137 0 50 0 0 4737 0 60 0 0 30 51 47 47
5137 0 50 0 0 4737 0 60 0 0 60 51 47 47
5137 0 50 0 0 4737 0 60 0 0 90 51 47 47
5137 0 50 0 0 4737 0 60 0 0 120 51 47 47
5137 0 50 0 0 4737 0 60 0 0 150 51 47 47
5137 0 50 0 0 4737 0 60 0 0 180 51 47 47
5137 0 50 0 0 4737 0 0 0 0 0 55 47 47
5137 0 50 0 0 4737 0 0 0 0 30 55 47 47
5137 0 50 0 0 4737 0 0 0 0 60 55 47 47
5137 0 50 0 0 4737 0 0 0 0 90 55 47 47
5137 0 50 0 0 4737 0 0 0 0 120 55 47 47
5137 0 50 0 0 4737 0 0 0 0 150 55 47 47
5137 0 50 0 0 4737 0 0 0 0 180 55 47 47
5137 0 50 0 0 4737 0 10 0 0 0 55 46 46
5137 0 50 0 0 4737 0 10 0 0 30 55 46 46
5137 0 50 0 0 4737 0 10 0 0 60 55 46 46
5137 0 50 0 0 4737 0 10 0 0 90 55 46 46
5137 0 50 0 0 4737 0 10 0 0 120 55 46 46
5137 0 50 0 0 4737 0 10 0 0 150 55 46 46
5137 0 50 0 0 4737 0 10 0 0 180 55 46 46
5137 0 50 0 0 4737 0 20 0 0 0 54 45 45
5137 0 50 0 0 4737 0 20 0 0 30 54 45 45
5137 0 50 0 0 4737 0 20 0 0 60 54 45 45
5137 0 50 0 0 4737 0 20 0 0 90 55 45 45
5137 0 50 0 0 4737 0 20 0 0 120 54 45 45
5137 0 50 0 0 4737 0 20 0 0 150 54 45 45
5137 0 50 0 0 4737 0 20 0 0 180 54 45 45
5137 0 50 0 0 4737 0 30 0 0 0 54 45 45
5137 0 50 0 0 4737 0 30 0 0 30 54 45 45
5137 0 50 0 0 4737 0 30 0 0 60 54 45 45
5137 0 50 0 0 4737 0 30 0 0 90 54 45 45
5137 0 50 0 0 4737 0 30 0 0 120 54 45 45
5137 0 50 0 0 4737 0 30 0 0 150 54 45 45
5137 0 50 0 0 4737 0 30 0 0 180 54 45 45
5137 0 50 0 0 4737 0 40 0 0 0 53 45 45
5137 0 50 0 0 4737 0 40 0 0 30 53 45 45
5137 0 50 0 0 4737 0 40 0 0 60 53 45 45
5137 0 50 0 0 4737 0 40 0 0 90 53 45 45
5137 0 50 0 0 4737 0 40 0 0 120 53 45 45
5137 0 50 0 0 4737 0 40 0 0 150 53 45 45
5137 0 50 0 0 4737 0 40 0 0 180 53 45 45
5137 0 50 0 0 4737 0 50 0 0 0 52 46 46
5137 0 50 0 0 4737 0 50 0 0 30 52 46 46
5137 0 50 0 0 4737 0 50 0 0 60 52 46 46
5137 0 50 0 0 4737 0 50 0 0 90 52 46 46
5137 0 50 0 0 4737 0 50 0 0 120 52 46 46
5137 0 50 0 0 4737 0 50 0 0 150 52 46 46
5137 0 50 0 0 4737 0 50 0 0 180 52 46 46
5137 0 50 0 0 4737 0 60 0 0 0 50 46 46
5137 0 50 0 0 4737 0 60 0 0 30 50 46 46
5137 0 50 0 0 4737 0 60 0 0 60 50 46 46
5137 0 50 0 0 4737 0 60 0 0 90 50 46 46
5137 0 50 0 0 4737 0 60 0 0 120 50 46 46
5137 0 50 0 0 4737 0 60 0 0 150 50 47 47
5137 0 50 0 0 4737 0 60 0 0 180 50 46 46
5137 0 50 0 0 4937 0 0 0 0 0 60 55 55
5137 0 50 0 0 4937 0 0 0 0 30 61 56 56
5137 0 50 0 0 4937 0 0 0 0 60 61 56 56
5137 0 50 0 0 4937 0 0 0 0 90 61 56 56
5137 0 50 0 0 4937 0 0 0 0 120 61 55 55
5137 0 50 0 0 4937 0 0 0 0 150 61 55 55
5137 0 50 0 0 4937 0 0 0 0 180 61 54 54
5137 0 50 0 0 4937 0 10 0 0 0 60 54 54
5137 0 50 0 0 4937 0 10 0 0 30 61 55 55
5137 0 50 0 0 4937 0 10 0 0 60 61 56 56
5137 0 50 0 0 4937 0 10 0 0 90 61 56 56
5137 0 50 0 0 4937 0 10 0 0 120 61 55 55
5137 0 50 0 0 4937 0 10 0 0 150 61 54 54
5137 0 50 0 0 4937 0 10 0 0 180 61 54 54
5137 0 50 0 0 4937 0 20 0 0 0 60 53 53
5137 0 50 0 0 4937 0 20 0 0 30 61 54 54
5137 0 50 0 0 4937 0 20 0 0 60 61 54 54
5137 0 50 0 0 4937 0 20 0 0 90 61 54 54
5137 0 50 0 0 4937 0 20 0 0 120 61 54 54
5137 0 50 0 0 4937 0 20 0 0 150 61 53 53
5137 0 50 0 0 4937 0 20 0 0 180 61 53 53
5137 0 50 0 0 4937 0 30 0 0 0 60 50 50
5137 0 50 0 0 4937 0 30 0 0 30 60 51 51
5137 0 50 0 0 4937 0 30 0 0 60 61 51 51
5137 0 50 0 0 4937 0 30 0 0 90 61 51 51
5137 0 50 0 0 4937 0 30 0 0 120 61 51 51
5137 0 50 0 0 4937 0 30 0 0 150 61 51 51
5137 0 50 0 0 4937 0 30 0 0 180 60 50 50
5137 0 50 0 0 4937 0 40 0 0 0 59 50 50
5137 0 50 0 0 4937 0 40 0 0 30 60 51 51
5137 0 50 0 0 4937 0 40 0 0 60 60 51 51
5137 0 50 0 0 4937 0 40 0 0 90 60 51 51
5137 0 50 0 0 4937 0 40 0 0 120 60 51 51
5137 0 50 0 0 4937 0 40 0 0 150 60 51 51
5137 0 50 0 0 4937 0 40 0 0 180 60 50 50
5137 0 50 0 0 4937 0 50 0 0 0 58 50 50
5137 0 50 0 0 4937 0 50 0 0 30 59 51 51
5137 0 50 0 0 4937 0 50 0 0 60 59 52 52
5137 0 50 0 0 4937 0 50 0 0 90 59 52 52
5137 0 50 0 0 4937 0 50 0 0 120 59 52 52
5137 0 50 0 0 4937 0 50 0 0 150 59 51 51
5137 0 50 0 0 4937 0 50 0 0 180 59 51 51
5137 0 50 0 0 4937 0 60 0 0 0 57 51 51
5137 0 50 0 0 4937 0 60 0 0 30 58 52 52
5137 0 50 0 0 4937 0 60 0 0 60 58 53 53
5137 0 50 0 0 4937 0 60 0 0 90 58 53 53
5137 0 50 0 0 4937 0 60 0 0 120 58 53 53
5137 0 50 0 0 4937 0 60 0 0 150 58 53 53
5137 0 50 0 0 4937 0 60 0 0 180 58 52 52
5137 0 50 0 0 4937 0 0 0 0 0 59 54 54
5137 0 50 0 0 4937 0 0 0 0 30 60 55 55
5137 0 50 0 0 4937 0 0 0 0 60 60 55 55
5137 0 50 0 0 4937 0 0 0 0 90 60 55 55
5137 0 50 0 0 4937 0 0 0 0 120 60 55 55
5137 0 50 0 0 4937 0 0 0 0 150 60 54 54
5137 0 50 0 0 4937 0 0 0 0 180 60 53 53
5137 0 50 0 0 4937 0 10 0 0 0 59 53 53
5137 0 50 0 0 4937 0 10 0 0 30 60 54 54
5137 0 50 0 0 4937 0 10 0 0 60 60 55 55
5137 0 50 0 0 4937 0 10 0 0 90 60 54 54
5137 0 50 0 0 4937 0 10 0 0 120 60 54 54
5137 0 50 0 0 4937 0 10 0 0 150 60 54 54
5137 0 50 0 0 4937 0 10 0 0 180 60 52 52
5137 0 50 0 0 4937 0 20 0 0 0 59 52 52
5137 0 50 0 0 4937 0 20 0 0 30 59 53 53
5137 0 50 0 0 4937 0 20 0 0 60 60 53 53
5137 0 50 0 0 4937 0 20 0 0 90 60 53 53
5137 0 50 0 0 4937 0 20 0 0 120 60 53 53
5137 0 50 0 0 4937 0 20 0 0 150 60 52 52
5137 0 50 0 0 4937 0 20 0 0 180 59 51 51
5137 0 50 0 0 4937 0 30 0 0 0 59 49 49
5137 0 50 0 0 4937 0 30 0 0 30 59 50 50
5137 0 50 0 0 4937 0 30 0 0 60 59 50 50
5137 0 50 0 0 4937 0 30 0 0 90 60 50 50
5137 0 50 0 0 4937 0 30 0 0 120 60 50 50
5137 0 50 0 0 4937 0 30 0 0 150 59 49 49
5137 0 50 0 0 4937 0 30 0 0 180 59 49 49
5137 0 50 0 0 4937 0 40 0 0 0 58 49 49
5137 0 50 0 0 4937 0 40 0 0 30 59 49 49
5137 0 50 0 0 4937 0 40 0 0 60 59 50 50
5137 0 50 0 0 4937 0 40 0 0 90 59 50 50
5137 0 50 0 0 4937 0 40 0 0 120 59 50 50
5137 0 50 0 0 4937 0 40 0 0 150 59 50 50
5137 0 50 0 0 4937 0 40 0 0 180 59 49 49
5137 0 50 0 0 4937 0 50 0 0 0 57 49 49
5137 0 50 0 0 4937 0 50 0 0 30 58 50 50
5137 0 50 0 0 4937 0 50 0 0 60 58 50 50
5137 0 50 0 0 4937 0 50 0 0 90 58 51 51
5137 0 50 0 0 4937 0 50 0 0 120 58 51 51
5137 0 50 0 0 4937 0 50 0 0 150 58 51 51
5137 0 50 0 0 4937 0 50 0 0 180 58 50 50
5137 0 50 0 0 4937 0 60 0 0 0 56 50 50
5137 0 50 0 0 4937 0 60 0 0 30 56 50 50
5137 0 50 0 0 4937 0 60 0 0 60 57 51 51
5137 0 50 0 0 4937 0 60 0 0 90 57 52 52
5137 0 50 0 0 4937 0 60 0 0 120 57 52 52
5137 0 50 0 0 4937 0 60 0 0 150 56 52 52
5137 0 50 0 0 4937 0 60 0 0 180 56 51 51
5137 0 50 0 0 4937 0 0 0 0 0 58 53 53
5137 0 50 0 0 4937 0 0 0 0 30 59 53 53
5137 0 50 0 0 4937 0 0 0 0 60 59 54 54
5137 0 50 0 0 4937 0 0 0 0 90 59 54 54
5137 0 50 0 0 4937 0 0 0 0 120 59 54 54
5137 0 50 0 0 4937 0 0 0 0 150 59 53 53
5137 0 50 0 0 4937 0 0 0 0 180 59 52 52
5137 0 50 0 0 4937 0 10 0 0 0 58 52 52
5137 0 50 0 0 4937 0 10 0 0 30 59 53 53
5137 0 50 0 0 4937 0 10 0 0 60 59 53 53
5137 0 50 0 0 4937 0 10 0 0 90 59 53 53
5137 0 50 0 0 4937 0 10 0 0 120 59 53 53
5137 0 50 0 0 4937 0 10 0 0 150 59 52 52
5137 0 50 0 0 4937 0 10 0 0 180 59 51 51
5137 0 50 0 0 4937 0 20 0 0 0 58 51 51
5137 0 50 0 0 4937 0 20 0 0 30 58 51 51
5137 0 50 0 0 4937 0 20 0 0 60 59 52 52
5137 0 50 0 0 4937 0 20 0 0 90 59 52 52
5137 0 50 0 0 4937 0 20 0 0 120 59 52 52
5137 0 50 0 0 4937 0 20 0 0 150 59 51 51
5137 0 50 0 0 4937 0 20 0 0 180 58 50 50
5137 0 50 0 0 4937 0 30 0 0 0 58 48 48
5137 0 50 0 0 4937 0 30 0 0 30 58 49 49
5137 0 50 0 0 4937 0 30 0 0 60 58 49 49
5137 0 50 0 0 4937 0 30 0 0 90 58 49 49
5137 0 50 0 0 4937 0 30 0 0 120 58 49 49
5137 0 50 0 0 4937 0 30 0 0 150 58 49 49
5137 0 50 0 0 4937 0 30 0 0 180 58 48 48
5137 0 50 0 0 4937 0 40 0 0 0 57 48 48
5137 0 50 0 0 4937 0 40 0 0 30 57 48 48
5137 0 50 0 0 4937 0 40 0 0 60 58 49 49
5137 0 50 0 0 4937 0 40 0 0 90 58 49 49
5137 0 50 0 0 4937 0 40 0 0 120 58 49 49
5137 0 50 0 0 4937 0 40 0 0 150 58 49 49
5137 0 50 0 0 4937 0 40 0 0 180 57 48 48
5137 0 50 0 0 4937 0 50 0 0 0 56 48 48
5137 0 50 0 0 4937 0 50 0 0 30 57 49 49
5137 0 50 0 0 4937 0 50 0 0 60 57 49 49
5137 0 50 0 0 4937 0 50 0 0 90 57 50 50
5137 0 50 0 0 4937 0 50 0 0 120 57 50 50
5137 0 50 0 0 4937 0 50 0 0 150 57 50 50
5137 0 50 0 0 4937 0 50 0 0 180 56 49 49
5137 0 50 0 0 4937 0 60 0 0 0 55 49 49
5137 0 50 0 0 4937 0 60 0 0 30 55 49 49
5137 0 50 0 0 4937 0 60 0 0 60 55 50 50
5137 0 50 0 0 4937 0 60 0 0 90 55 50 50
5137 0 50 0 0 4937 0 60 0 0 120 55 51 51
5137 0 50 0 0 4937 0 60 0 0 150 55 51 51
5137 0 50 0 0 4937 0 60 0 0 180 55 51 51
5137 0 50 0 0 4937 0 0 0 0 0 57 51 51
5137 0 50 0 0 4937 0 0 0 0 30 58 52 52
5137 0 50 0 0 4937 0 0 0 0 60 58 53 53
5137 0 50 0 0 4937 0 0 0 0 90 58 53 53
5137 0 50 0 0 4937 0 0 0 0 120 58 53 53
5137 0 50 0 0 4937 0 0 0 0 150 58 52 52
5137 0 50 0 0 4937 0 0 0 0 180 57 50 50
5137 0 50 0 0 4937 0 10 0 0 0 57 51 51
5137 0 50 0 0 4937 0 10 0 0 30 57 51 51
5137 0 50 0 0 4937 0 10 0 0 60 58 52 52
5137 0 50 0 0 4937 0 10 0 0 90 58 52 52
5137 0 50 0 0 4937 0 10 0 0 120 58 52 52
5137 0 50 0 0 4937 0 10 0 0 150 58 51 51
5137 0 50 0 0 4937 0 10 0 0 180 57 50 50
5137 0 50 0 0 4937 0 20 0 0 0 57 49 49
5137 0 50 0 0 4937 0 20 0 0 30 57 50 50
5137 0 50 0 0 4937 0 20 0 0 60 57 51 51
5137 0 50 0 0 4937 0 20 0 0 90 58 51 51
5137 0 50 0 0 4937 0 20 0 0 120 58 51 51
5137 0 50 0 0 4937 0 20 0 0 150 57 50 50
5137 0 50 0 0 4937 0 20 0 0 180 57 49 49
5137 0 50 0 0 4937 0 30 0 0 0 57 47 47
5137 0 50 0 0 4937 0 30 0 0 30 57 48 48
5137 0 50 0 0 4937 0 30 0 0 60 57 48 48
5137 0 50 0 0 4937 0 30 0 0 90 57 49 49
5137 0 50 0 0 4937 0 30 0 0 120 57 49 49
5137 0 50 0 0 4937 0 30 0 0 150 57 48 48
5137 0 50 0 0 4937 0 30 0 0 180 57 47 47
5137 0 50 0 0 4937 0 40 0 0 0 56 47 47
5137 0 50 0 0 4937 0 40 0 0 30 56 47 47
5137 0 50 0 0 4937 0 40 0 0 60 56 48 48
5137 0 50 0 0 4937 0 40 0 0 90 57 48 48
5137 0 50 0 0 4937 0 40 0 0 120 57 49 49
5137 0 50 0 0 4937 0 40 0 0 150 56 48 48
5137 0 50 0 0 4937 0 40 0 0 180 56 47 47
5137 0 50 0 0 4937 0 50 0 0 0 55 47 47
5137 0 50 0 0 4937 0 50 0 0 30 55 47 47
5137 0 50 0 0 4937 0 50 0 0 60 56 48 48
5137 0 50 0 0 4937 0 50 0 0 90 56 49 49
5137 0 50 0 0 4937 0 50 0 0 120 56 49 49
5137 0 50 0 0 4937 0 50 0 0 150 55 49 49
5137 0 50 0 0 4937 0 50 0 0 180 55 48 48
5137 0 50 0 0 4937 0 60 0 0 0 53 47 47
5137 0 50 0 0 4937 0 60 0 0 30 54 48 48
5137 0 50 0 0 4937 0 60 0 0 60 54 48 48
5137 0 50 0 0 4937 0 60 0 0 90 54 49 49
5137 0 50 0 0 4937 0 60 0 0 120 54 50 50
5137 0 50 0 0 4937 0 60 0 0 150 54 50 50
5137 0 50 0 0 4937 0 60 0 0 180 54 50 50
5137 0 50 0 0 4937 0 0 0 0 0 56 50 50
5137 0 50 0 0 4937 0 0 0 0 30 56 51 51
5137 0 50 0 0 4937 0 0 0 0 60 57 51 51
5137 0 50 0 0 4937 0 0 0 0 90 57 52 52
5137 0 50 0 0 4937 0 0 0 0 120 57 52 52
5137 0 50 0 0 4937 0 0 0 0 150 57 51 51
5137 0 50 0 0 4937 0 0 0 0 180 56 49 49
5137 0 50 0 0 4937 0 10 0 0 0 56 50 50
5137 0 50 0 0 4937 0 10 0 0 30 56 50 50
5137 0 50 0 0 4937 0 10 0 0 60 57 51 51
5137 0 50 0 0 4937 0 10 0 0 90 57 51 51
5137 0 50 0 0 4937 0 10 0 0 120 57 51 51
5137 0 50 0 0 4937 0 10 0 0 150 57 50 50
5137 0 50 0 0 4937 0 10 0 0 180 56 48 48
5137 0 50 0 0 4937 0 20 0 0 0 56 47 47
5137 0 50 0 0 4937 0 20 0 0 30 56 48 48
5137 0 50 0 0 4937 0 20 0 0 60 56 48 48
5137 0 50 0 0 4937 0 20 0 0 90 56 49 49
5137 0 50 0 0 4937 0 20 0 0 120 57 49 49
5137 0 50 0 0 4937 0 20 0 0 150 56 49 49
5137 0 50 0 0 4937 0 20 0 0 180 56 47 47
5137 0 50 0 0 4937 0 30 0 0 0 56 46 46
5137 0 50 0 0 4937 0 30 0 0 30 56 47 47
5137 0 50 0 0 4937 0 30 0 0 60 56 47 47
5137 0 50 0 0 4937 0 30 0 0 90 56 48 48
5137 0 50 0 0 4937 0 30 0 0 120 56 48 48
5137 0 50 0 0 4937 0 30 0 0 150 56 48 48
5137 0 50 0 0 4937 0 30 0 0 180 56 46 46
5137 0 50 0 0 4937 0 40 0 0 0 55 46 46
5137 0 50 0 0 4937 0 40 0 0 30 55 46 46
5137 0 50 0 0 4937 0 40 0 0 60 55 47 47
5137 0 50 0 0 4937 0 40 0 0 90 55 47 47
5137 0 50 0 0 4937 0 40 0 0 120 55 48 48
5137 0 50 0 0 4937 0 40 0 0 150 55 48 48
5137 0 50 0 0 4937 0 40 0 0 180 55 46 46
5137 0 50 0 0 4937 0 50 0 0 0 54 46 46
5137 0 50 0 0 4937 0 50 0 0 30 54 46 46
5137 0 50 0 0 4937 0 50 0 0 60 54 47 47
5137 0 50 0 0 4937 0 50 0 0 90 54 48 48
5137 0 50 0 0 4937 0 50 0 0 120 55 48 48
5137 0 50 0 0 4937 0 50 0 0 150 54 49 49
5137 0 50 0 0 4937 0 50 0 0 180 54 47 47
5137 0 50 0 0 4937 0 60 0 0 0 52 46 46
5137 0 50 0 0 4937 0 60 0 0 30 52 47 47
5137 0 50 0 0 4937 0 60 0 0 60 52 47 47
5137 0 50 0 0 4937 0 60 0 0 90 52 48 48
5137 0 50 0 0 4937 0 60 0 0 120 53 49 49
5137 0 50 0 0 4937 0 60 0 0 150 52 49 49
5137 0 50 0 0 4937 0 60 0 0 180 52 49 49
5137 0 50 0 0 4937 0 0 0 0 0 55 49 49
5137 0 50 0 0 4937 0 0 0 0 30 55 49 49
5137 0 50 0 0 4937 0 0 0 0 60 55 50 50
5137 0 50 0 0 4937 0 0 0 0 90 56 50 50
5137 0 50 0 0 4937 0 0 0 0 120 56 51 51
5137 0 50 0 0 4937 0 0 0 0 150 56 50 50
5137 0 50 0 0 4937 0 0 0 0 180 55 47 47
5137 0 50 0 0 4937 0 10 0 0 0 55 48 48
5137 0 50 0 0 4937 0 10 0 0 30 55 48 48
5137 0 50 0 0 4937 0 10 0 0 60 55 49 49
5137 0 50 0 0 4937 0 10 0 0 90 56 49 49
5137 0 50 0 0 4937 0 10 0 0 120 56 50 50
5137 0 50 0 0 4937 0 10 0 0 150 55 49 49
5137 0 50 0 0 4937 0 10 0 0 180 55 46 46
5137 0 50 0 0 4937 0 20 0 0 0 55 46 46
5137 0 50 0 0 4937 0 20 0 0 30 55 47 47
5137 0 50 0 0 4937 0 20 0 0 60 55 47 47
5137 0 50 0 0 4937 0 20 0 0 90 55 48 48
5137 0 50 0 0 4937 0 20 0 0 120 55 48 48
5137 0 50 0 0 4937 0 20 0 0 150 55 48 48
5137 0 50 0 0 4937 0 20 0 0 180 55 45 45
5137 0 50 0 0 4937 0 30 0 0 0 54 46 46
5137 0 50 0 0 4937 0 30 0 0 30 55 46 46
5137 0 50 0 0 4937 0 30 0 0 60 55 46 46
5137 0 50 0 0 4937 0 30 0 0 90 55 47 47
5137 0 50 0 0 4937 0 30 0 0 120 55 48 48
5137 0 50 0 0 4937 0 30 0 0 150 55 48 48
5137 0 50 0 0 4937 0 30 0 0 180 54 45 45
5137 0 50 0 0 4937 0 40 0 0 0 54 45 45
5137 0 50 0 0 4937 0 40 0 0 30 54 46 46
5137 0 50 0 0 4937 0 40 0 0 60 54 46 46
5137 0 50 0 0 4937 0 40 0 0 90 54 47 47
5137 0 50 0 0 4937 0 40 0 0 120 54 47 47
5137 0 50 0 0 4937 0 40 0 0 150 54 48 48
5137 0 50 0 0 4937 0 40 0 0 180 54 46 46
5137 0 50 0 0 4937 0 50 0 0 0 53 45 45
5137 0 50 0 0 4937 0 50 0 0 30 53 46 46
5137 0 50 0 0 4937 0 50 0 0 60 53 46 46
5137 0 50 0 0 4937 0 50 0 0 90 53 47 47
5137 0 50 0 0 4937 0 50 0 0 120 53 47 47
5137 0 50 0 0 4937 0 50 0 0 150 53 48 48
5137 0 50 0 0 4937 0 50 0 0 180 52 47 47
5137 0 50 0 0 4937 0 60 0 0 0 50 46 46
5137 0 50 0 0 4937 0 60 0 0 30 51 46 46
5137 0 50 0 0 4937 0 60 0 0 60 51 46 46
5137 0 50 0 0 4937 0 60 0 0 90 51 47 47
5137 0 50 0 0 4937 0 60 0 0 120 51 47 47
5137 0 50 0 0 4937 0 60 0 0 150 51 48 48
5137 0 50 0 0 4937 0 60 0 0 180 51 48 48
5137 0 50 0 0 5137 0 0 0 0 0 50 46 46
5137 0 50 0 0 5137 0 0 0 0 30 52 49 49
5137 0 50 0 0 5137 0 0 0 0 60 56 55 55
5137 0 50 0 0 5137 0 0 0 0 90 62 61 61
5137 0 50 0 0 5137 0 0 0 0 120 67 64 64
5137 0 50 0 0 5137 0 0 0 0 150 71 64 64
5137 0 50 0 0 5137 0 0 0 0 180 72 61 61
5137 0 50 0 0 5137 0 10 0 0 0 50 45 45
5137 0 50 0 0 5137 0 10 0 0 30 52 48 48
5137 0 50 0 0 5137 0 10 0 0 60 56 54 54
5137 0 50 0 0 5137 0 10 0 0 90 62 60 60
5137 0 50 0 0 5137 0 10 0 0 120 67 63 63
5137 0 50 0 0 5137 0 10 0 0 150 71 64 64
5137 0 50 0 0 5137 0 10 0 0 180 72 62 62
5137 0 50 0 0 5137 0 20 0 0 0 49 44 44
5137 0 50 0 0 5137 0 20 0 0 30 51 46 46
5137 0 50 0 0 5137 0 20 0 0 60 56 52 52
5137 0 50 0 0 5137 0 20 0 0 90 62 58 58
5137 0 50 0 0 5137 0 20 0 0 120 67 61 61
5137 0 50 0 0 5137 0 20 0 0 150 71 63 63
5137 0 50 0 0 5137 0 20 0 0 180 72 62 62
5137 0 50 0 0 5137 0 30 0 0 0 49 41 41
5137 0 50 0 0 5137 0 30 0 0 30 51 43 43
5137 0 50 0 0 5137 0 30 0 0 60 55 48 48
5137 0 50 0 0 5137 0 30 0 0 90 62 54 54
5137 0 50 0 0 5137 0 30 0 0 120 67 57 57
5137 0 50 0 0 5137 0 30 0 0 150 71 60 60
5137 0 50 0 0 5137 0 30 0 0 180 72 60 60
5137 0 50 0 0 5137 0 40 0 0 0 49 41 41
5137 0 50 0 0 5137 0 40 0 0 30 50 43 43
5137 0 50 0 0 5137 0 40 0 0 60 55 47 47
5137 0 50 0 0 5137 0 40 0 0 90 61 52 52
5137 0 50 0 0 5137 0 40 0 0 120 66 56 56
5137 0 50 0 0 5137 0 40 0 0 150 70 59 59
5137 0 50 0 0 5137 0 40 0 0 180 71 60 60
5137 0 50 0 0 5137 0 50 0 0 0 48 41 41
5137 0 50 0 0 5137 0 50 0 0 30 50 43 43
5137 0 50 0 0 5137 0 50 0 0 60 54 47 47
5137 0 50 0 0 5137 0 50 0 0 90 61 52 52
5137 0 50 0 0 5137 0 50 0 0 120 65 56 56
5137 0 50 0 0 5137 0 50 0 0 150 69 59 59
5137 0 50 0 0 5137 0 50 0 0 180 70 61 61
5137 0 50 0 0 5137 0 60 0 0 0 47 42 42
5137 0 50 0 0 5137 0 60 0 0 30 49 44 44
5137 0 50 0 0 5137 0 60 0 0 60 53 48 48
5137 0 50 0 0 5137 0 60 0 0 90 59 53 53
5137 0 50 0 0 5137 0 60 0 0 120 64 57 57
5137 0 50 0 0 5137 0 60 0 0 150 67 60 60
5137 0 50 0 0 5137 0 60 0 0 180 69 63 63
5137 0 50 0 0 5137 0 0 0 0 0 48 44 44
5137 0 50 0 0 5137 0 0 0 0 30 49 47 47
5137 0 50 0 0 5137 0 0 0 0 60 54 52 52
5137 0 50 0 0 5137 0 0 0 0 90 59 58 58
5137 0 50 0 0 5137 0 0 0 0 120 65 62 62
5137 0 50 0 0 5137 0 0 0 0 150 70 63 63
5137 0 50 0 0 5137 0 0 0 0 180 71 60 60
5137 0 50 0 0 5137 0 10 0 0 0 47 43 43
5137 0 50 0 0 5137 0 10 0 0 30 49 46 46
5137 0 50 0 0 5137 0 10 0 0 60 53 51 51
5137 0 50 0 0 5137 0 10 0 0 90 59 57 57
5137 0 50 0 0 5137 0 10 0 0 120 65 61 61
5137 0 50 0 0 5137 0 10 0 0 150 70 63 63
5137 0 50 0 0 5137 0 10 0 0 180 71 61 61
5137 0 50 0 0 5137 0 20 0 0 0 47 42 42
5137 0 50 0 0 5137 0 20 0 0 30 49 44 44
5137 0 50 0 0 5137 0 20 0 0 60 53 49 49
5137 0 50 0 0 5137 0 20 0 0 90 59 55 55
5137 0 50 0 0 5137 0 20 0 0 120 65 59 59
5137 0 50 0 0 5137 0 20 0 0 150 69 62 62
5137 0 50 0 0 5137 0 20 0 0 180 71 61 61
5137 0 50 0 0 5137 0 30 0 0 0 47 39 39
5137 0 50 0 0 5137 0 30 0 0 30 49 41 41
5137 0 50 0 0 5137 0 30 0 0 60 53 45 45
5137 0 50 0 0 5137 0 30 0 0 90 59 51 51
5137 0 50 0 0 5137 0 30 0 0 120 64 55 55
5137 0 50 0 0 5137 0 30 0 0 150 69 58 58
5137 0 50 0 0 5137 0 30 0 0 180 70 59 59
5137 0 50 0 0 5137 0 40 0 0 0 47 39 39
5137 0 50 0 0 5137 0 40 0 0 30 48 40 40
5137 0 50 0 0 5137 0 40 0 0 60 52 44 44
5137 0 50 0 0 5137 0 40 0 0 90 59 50 50
5137 0 50 0 0 5137 0 40 0 0 120 64 54 54
5137 0 50 0 0 5137 0 40 0 0 150 68 57 57
5137 0 50 0 0 5137 0 40 0 0 180 70 60 60
5137 0 50 0 0 5137 0 50 0 0 0 46 39 39
5137 0 50 0 0 5137 0 50 0 0 30 47 41 41
5137 0 50 0 0 5137 0 50 0 0 60 51 45 45
5137 0 50 0 0 5137 0 50 0 0 90 58 49 49
5137 0 50 0 0 5137 0 50 0 0 120 63 54 54
5137 0 50 0 0 5137 0 50 0 0 150 67 57 57
5137 0 50 0 0 5137 0 50 0 0 180 69 60 60
5137 0 50 0 0 5137 0 60 0 0 0 45 40 40
5137 0 50 0 0 5137 0 60 0 0 30 46 42 42
5137 0 50 0 0 5137 0 60 0 0 60 50 45 45
5137 0 50 0 0 5137 0 60 0 0 90 57 50 50
5137 0 50 0 0 5137 0 60 0 0 120 62 54 54
5137 0 50 0 0 5137 0 60 0 0 150 66 58 58
5137 0 50 0 0 5137 0 60 0 0 180 67 62 62
5137 0 50 0 0 5137 0 0 0 0 0 46 42 42
5137 0 50 0 0 5137 0 0 0 0 30 47 46 46
5137 0 50 0 0 5137 0 0 0 0 60 51 50 50
5137 0 50 0 0 5137 0 0 0 0 90 57 55 55
5137 0 50 0 0 5137 0 0 0 0 120 62 60 60
5137 0 50 0 0 5137 0 0 0 0 150 68 62 62
5137 0 50 0 0 5137 0 0 0 0 180 69 59 59
5137 0 50 0 0 5137 0 10 0 0 0 45 42 42
5137 0 50 0 0 5137 0 10 0 0 30 47 44 44
5137 0 50 0 0 5137 0 10 0 0 60 51 48 48
5137 0 50 0 0 5137 0 10 0 0 90 57 54 54
5137 0 50 0 0 5137 0 10 0 0 120 62 59 59
5137 0 50 0 0 5137 0 10 0 0 150 68 61 61
5137 0 50 0 0 5137 0 10 0 0 180 69 60 60
5137 0 50 0 0 5137 0 20 0 0 0 45 40 40
5137 0 50 0 0 5137 0 20 0 0 30 47 42 42
5137 0 50 0 0 5137 0 20 0 0 60 51 47 47
5137 0 50 0 0 5137 0 20 0 0 90 57 52 52
5137 0 50 0 0 5137 0 20 0 0 120 62 56 56
5137 0 50 0 0 5137 0 20 0 0 150 67 60 60
5137 0 50 0 0 5137 0 20 0 0 180 69 60 60
5137 0 50 0 0 5137 0 30 0 0 0 45 37 37
5137 0 50 0 0 5137 0 30 0 0 30 46 39 39
5137 0 50 0 0 5137 0 30 0 0 60 50 43 43
5137 0 50 0 0 5137 0 30 0 0 90 56 48 48
5137 0 50 0 0 5137 0 30 0 0 120 62 52 52
5137 0 50 0 0 5137 0 30 0 0 150 67 57 57
5137 0 50 0 0 5137 0 30 0 0 180 68 58 58
5137 0 50 0 0 5137 0 40 0 0 0 44 37 37
5137 0 50 0 0 5137 0 40 0 0 30 46 38 38
5137 0 50 0 0 5137 0 40 0 0 60 50 42 42
5137 0 50 0 0 5137 0 40 0 0 90 56 47 47
5137 0 50 0 0 5137 0 40 0 0 120 61 51 51
5137 0 50 0 0 5137 0 40 0 0 150 66 56 56
5137 0 50 0 0 5137 0 40 0 0 180 68 58 58
5137 0 50 0 0 5137 0 50 0 0 0 44 37 37
5137 0 50 0 0 5137 0 50 0 0 30 45 39 39
5137 0 50 0 0 5137 0 50 0 0 60 49 42 42
5137 0 50 0 0 5137 0 50 0 0 90 55 47 47
5137 0 50 0 0 5137 0 50 0 0 120 60 51 51
5137 0 50 0 0 5137 0 50 0 0 150 65 56 56
5137 0 50 0 0 5137 0 50 0 0 180 67 59 59
5137 0 50 0 0 5137 0 60 0 0 0 42 38 38
5137 0 50 0 0 5137 0 60 0 0 30 44 39 39
5137 0 50 0 0 5137 0 60 0 0 60 48 43 43
5137 0 50 0 0 5137 0 60 0 0 90 54 47 47
5137 0 50 0 0 5137 0 60 0 0 120 59 52 52
5137 0 50 0 0 5137 0 60 0 0 150 64 57 57
5137 0 50 0 0 5137 0 60 0 0 180 65 61 61
5137 0 50 0 0 5137 0 0 0 0 0 44 41 41
5137 0 50 0 0 5137 0 0 0 0 30 45 44 44
5137 0 50 0 0 5137 0 0 0 0 60 49 47 47
5137 0 50 0 0 5137 0 0 0 0 90 54 52 52
5137 0 50 0 0 5137 0 0 0 0 120 60 57 57
5137 0 50 0 0 5137 0 0 0 0 150 66 60 60
5137 0 50 0 0 5137 0 0 0 0 180 67 58 58
5137 0 50 0 0 5137 0 10 0 0 0 43 40 40
5137 0 50 0 0 5137 0 10 0 0 30 45 43 43
5137 0 50 0 0 5137 0 10 0 0 60 49 46 46
5137 0 50 0 0 5137 0 10 0 0 90 54 51 51
5137 0 50 0 0 5137 0 10 0 0 120 60 56 56
5137 0 50 0 0 5137 0 10 0 0 150 66 59 59
5137 0 50 0 0 5137 0 10 0 0 180 67 59 59
5137 0 50 0 0 5137 0 20 0 0 0 43 38 38
5137 0 50 0 0 5137 0 20 0 0 30 45 40 40
5137 0 50 0 0 5137 0 20 0 0 60 49 44 44
5137 0 50 0 0 5137 0 20 0 0 90 54 49 49
5137 0 50 0 0 5137 0 20 0 0 120 59 54 54
5137 0 50 0 0 5137 0 20 0 0 150 65 58 58
5137 0 50 0 0 5137 0 20 0 0 180 67 58 58
5137 0 50 0 0 5137 0 30 0 0 0 43 35 35
5137 0 50 0 0 5137 0 30 0 0 30 44 37 37
5137 0 50 0 0 5137 0 30 0 0 60 48 41 41
5137 0 50 0 0 5137 0 30 0 0 90 54 45 45
5137 0 50 0 0 5137 0 30 0 0 120 59 50 50
5137 0 50 0 0 5137 0 30 0 0 150 65 55 55
5137 0 50 0 0 5137 0 30 0 0 180 67 57 57
5137 0 50 0 0 5137 0 40 0 0 0 42 35 35
5137 0 50 0 0 5137 0 40 0 0 30 44 36 36
5137 0 50 0 0 5137 0 40 0 0 60 48 40 40
5137 0 50 0 0 5137 0 40 0 0 90 53 44 44
5137 0 50 0 0 5137 0 40 0 0 120 59 49 49
5137 0 50 0 0 5137 0 40 0 0 150 64 54 54
5137 0 50 0 0 5137 0 40 0 0 180 66 57 57
5137 0 50 0 0 5137 0 50 0 0 0 41 35 35
5137 0 50 0 0 5137 0 50 0 0 30 43 37 37
5137 0 50 0 0 5137 0 50 0 0 60 47 39 39
5137 0 50 0 0 5137 0 50 0 0 90 52 44 44
5137 0 50 0 0 5137 0 50 0 0 120 58 49 49
5137 0 50 0 0 5137 0 50 0 0 150 63 54 54
5137 0 50 0 0 5137 0 50 0 0 180 65 58 58
5137 0 50 0 0 5137 0 60 0 0 0 40 36 36
5137 0 50 0 0 5137 0 60 0 0 30 41 37 37
5137 0 50 0 0 5137 0 60 0 0 60 46 40 40
5137 0 50 0 0 5137 0 60 0 0 90 51 44 44
5137 0 50 0 0 5137 0 60 0 0 120 56 49 49
5137 0 50 0 0 5137 0 60 0 0 150 61 54 54
5137 0 50 0 0 5137 0 60 0 0 180 63 59 59
5137 0 50 0 0 5137 0 0 0 0 0 42 41 41
5137 0 50 0 0 5137 0 0 0 0 30 44 42 42
5137 0 50 0 0 5137 0 0 0 0 60 47 45 45
5137 0 50 0 0 5137 0 0 0 0 90 52 49 49
5137 0 50 0 0 5137 0 0 0 0 120 57 54 54
5137 0 50 0 0 5137 0 0 0 0 150 63 58 58
5137 0 50 0 0 5137 0 0 0 0 180 65 57 57
5137 0 50 0 0 5137 0 10 0 0 0 42 39 39
5137 0 50 0 0 5137 0 10 0 0 30 43 41 41
5137 0 50 0 0 5137 0 10 0 0 60 47 44 44
5137 0 50 0 0 5137 0 10 0 0 90 51 48 48
5137 0 50 0 0 5137 0 10 0 0 120 57 53 53
5137 0 50 0 0 5137 0 10 0 0 150 63 57 57
5137 0 50 0 0 5137 0 10 0 0 180 65 57 57
5137 0 50 0 0 5137 0 20 0 0 0 41 36 36
5137 0 50 0 0 5137 0 20 0 0 30 43 38 38
5137 0 50 0 0 5137 0 20 0 0 60 47 41 41
5137 0 50 0 0 5137 0 20 0 0 90 51 45 45
5137 0 50 0 0 5137 0 20 0 0 120 57 50 50
5137 0 50 0 0 5137 0 20 0 0 150 63 55 55
5137 0 50 0 0 5137 0 20 0 0 180 65 56 56
5137 0 50 0 0 5137 0 30 0 0 0 41 33 33
5137 0 50 0 0 5137 0 30 0 0 30 43 36 36
5137 0 50 0 0 5137 0 30 0 0 60 46 39 39
5137 0 50 0 0 5137 0 30 0 0 90 51 43 43
5137 0 50 0 0 5137 0 30 0 0 120 56 48 48
5137 0 50 0 0 5137 0 30 0 0 150 63 53 53
5137 0 50 0 0 5137 0 30 0 0 180 65 55 55
5137 0 50 0 0 5137 0 40 0 0 0 40 33 33
5137 0 50 0 0 5137 0 40 0 0 30 42 35 35
5137 0 50 0 0 5137 0 40 0 0 60 46 38 38
5137 0 50 0 0 5137 0 40 0 0 90 50 42 42
5137 0 50 0 0 5137 0 40 0 0 120 56 46 46
5137 0 50 0 0 5137 0 40 0 0 150 62 53 53
5137 0 50 0 0 5137 0 40 0 0 180 64 56 56
5137 0 50 0 0 5137 0 50 0 0 0 39 34 34
5137 0 50 0 0 5137 0 50 0 0 30 41 35 35
5137 0 50 0 0 5137 0 50 0 0 60 45 37 37
5137 0 50 0 0 5137 0 50 0 0 90 50 41 41
5137 0 50 0 0 5137 0 50 0 0 120 55 46 46
5137 0 50 0 0 5137 0 50 0 0 150 61 52 52
5137 0 50 0 0 5137 0 50 0 0 180 63 56 56
5137 0 50 0 0 5137 0 60 0 0 0 38 34 34
5137 0 50 0 0 5137 0 60 0 0 30 40 35 35
5137 0 50 0 0 5137 0 60 0 0 60 44 38 38
5137 0 50 0 0 5137 0 60 0 0 90 48 41 41
5137 0 50 0 0 5137 0 60 0 0 120 53 46 46
5137 0 50 0 0 5137 0 60 0 0 150 59 52 52
5137 0 50 0 0 5137 0 60 0 0 180 60 57 57
5137 0 50 0 0 5137 0 0 0 0 0 41 41 41
5137 0 50 0 0 5137 0 0 0 0 30 42 42 42
5137 0 50 0 0 5137 0 0 0 0 60 45 43 43
5137 0 50 0 0 5137 0 0 0 0 90 49 46 46
5137 0 50 0 0 5137 0 0 0 0 120 54 50 50
5137 0 50 0 0 5137 0 0 0 0 150 61 55 55
5137 0 50 0 0 5137 0 0 0 0 180 63 55 55
5137 0 50 0 0 5137 0 10 0 0 0 40 39 39
5137 0 50 0 0 5137 0 10 0 0 30 42 40 40
5137 0 50 0 0 5137 0 10 0 0 60 45 41 41
5137 0 50 0 0 5137 0 10 0 0 90 49 44 44
5137 0 50 0 0 5137 0 10 0 0 120 54 49 49
5137 0 50 0 0 5137 0 10 0 0 150 61 55 55
5137 0 50 0 0 5137 0 10 0 0 180 63 55 55
5137 0 50 0 0 5137 0 20 0 0 0 40 36 36
5137 0 50 0 0 5137 0 20 0 0 30 42 37 37
5137 0 50 0 0 5137 0 20 0 0 60 45 39 39
5137 0 50 0 0 5137 0 20 0 0 90 49 42 42
5137 0 50 0 0 5137 0 20 0 0 120 54 47 47
5137 0 50 0 0 5137 0 20 0 0 150 60 53 53
5137 0 50 0 0 5137 0 20 0 0 180 63 54 54
5137 0 50 0 0 5137 0 30 0 0 0 39 34 34
5137 0 50 0 0 5137 0 30 0 0 30 41 35 35
5137 0 50 0 0 5137 0 30 0 0 60 44 37 37
5137 0 50 0 0 5137 0 30 0 0 90 48 40 40
5137 0 50 0 0 5137 0 30 0 0 120 53 45 45
5137 0 50 0 0 5137 0 30 0 0 150 60 52 52
5137 0 50 0 0 5137 0 30 0 0 180 63 54 54
5137 0 50 0 0 5137 0 40 0 0 0 39 32 32
5137 0 50 0 0 5137 0 40 0 0 30 41 34 34
5137 0 50 0 0 5137 0 40 0 0 60 44 36 36
5137 0 50 0 0 5137 0 40 0 0 90 48 39 39
5137 0 50 0 0 5137 0 40 0 0 120 53 44 44
5137 0 50 0 0 5137 0 40 0 0 150 59 51 51
5137 0 50 0 0 5137 0 40 0 0 180 62 54 54
5137 0 50 0 0 5137 0 50 0 0 0 38 32 32
5137 0 50 0 0 5137 0 50 0 0 30 40 33 33
5137 0 50 0 0 5137 0 50 0 0 60 43 36 36
5137 0 50 0 0 5137 0 50 0 0 90 47 39 39
5137 0 50 0 0 5137 0 50 0 0 120 52 43 43
5137 0 50 0 0 5137 0 50 0 0 150 58 50 50
5137 0 50 0 0 5137 0 50 0 0 180 60 55 55
5137 0 50 0 0 5137 0 60 0 0 0 37 33 33
5137 0 50 0 0 5137 0 60 0 0 30 39 34 34
5137 0 50 0 0 5137 0 60 0 0 60 42 35 35
5137 0 50 0 0 5137 0 60 0 0 90 46 38 38
5137 0 50 0 0 5137 0 60 0 0 120 50 43 43
5137 0 50 0 0 5137 0 60 0 0 150 56 50 50
5137 0 50 0 0 5137 0 60 0 0 180 58 56 56
