4737 0 20 0 0 4737 0 0 0 0 0 40 37 37
4737 0 20 0 0 4737 0 0 0 0 30 48 42 42
4737 0 20 0 0 4737 0 0 0 0 60 56 50 50
4737 0 20 0 0 4737 0 0 0 0 90 65 58 58
4737 0 20 0 0 4737 0 0 0 0 120 73 63 63
4737 0 20 0 0 4737 0 0 0 0 150 76 63 63
4737 0 20 0 0 4737 0 0 0 0 180 76 63 63
4737 0 20 0 0 4737 0 10 0 0 0 40 35 35
4737 0 20 0 0 4737 0 10 0 0 30 48 41 41
4737 0 20 0 0 4737 0 10 0 0 60 56 50 50
4737 0 20 0 0 4737 0 10 0 0 90 65 57 57
4737 0 20 0 0 4737 0 10 0 0 120 73 62 62
4737 0 20 0 0 4737 0 10 0 0 150 76 63 63
4737 0 20 0 0 4737 0 10 0 0 180 76 63 63
4737 0 20 0 0 4737 0 20 0 0 0 40 34 34
4737 0 20 0 0 4737 0 20 0 0 30 48 40 40
4737 0 20 0 0 4737 0 20 0 0 60 56 49 49
4737 0 20 0 0 4737 0 20 0 0 90 64 55 55
4737 0 20 0 0 4737 0 20 0 0 120 73 60 60
4737 0 20 0 0 4737 0 20 0 0 150 75 61 61
4737 0 20 0 0 4737 0 20 0 0 180 75 61 61
4737 0 20 0 0 4737 0 30 0 0 0 40 33 33
4737 0 20 0 0 4737 0 30 0 0 30 47 39 39
4737 0 20 0 0 4737 0 30 0 0 60 56 45 45
4737 0 20 0 0 4737 0 30 0 0 90 64 52 52
4737 0 20 0 0 4737 0 30 0 0 120 72 57 57
4737 0 20 0 0 4737 0 30 0 0 150 75 58 58
4737 0 20 0 0 4737 0 30 0 0 180 75 58 58
4737 0 20 0 0 4737 0 40 0 0 0 40 34 34
4737 0 20 0 0 4737 0 40 0 0 30 47 39 39
4737 0 20 0 0 4737 0 40 0 0 60 55 45 45
4737 0 20 0 0 4737 0 40 0 0 90 63 51 51
4737 0 20 0 0 4737 0 40 0 0 120 72 56 56
4737 0 20 0 0 4737 0 40 0 0 150 74 58 58
4737 0 20 0 0 4737 0 40 0 0 180 74 58 58
4737 0 20 0 0 4737 0 50 0 0 0 40 36 36
4737 0 20 0 0 4737 0 50 0 0 30 46 40 40
4737 0 20 0 0 4737 0 50 0 0 60 54 45 45
4737 0 20 0 0 4737 0 50 0 0 90 63 51 51
4737 0 20 0 0 4737 0 50 0 0 120 70 56 56
4737 0 20 0 0 4737 0 50 0 0 150 73 59 59
4737 0 20 0 0 4737 0 50 0 0 180 73 59 59
4737 0 20 0 0 4737 0 60 0 0 0 40 38 38
4737 0 20 0 0 4737 0 60 0 0 30 45 41 41
4737 0 20 0 0 4737 0 60 0 0 60 53 46 46
4737 0 20 0 0 4737 0 60 0 0 90 61 52 52
4737 0 20 0 0 4737 0 60 0 0 120 68 57 57
4737 0 20 0 0 4737 0 60 0 0 150 70 60 60
4737 0 20 0 0 4737 0 60 0 0 180 71 61 61
4737 0 20 0 0 4737 0 0 0 0 0 40 36 36
4737 0 20 0 0 4737 0 0 0 0 30 47 40 40
4737 0 20 0 0 4737 0 0 0 0 60 54 47 47
4737 0 20 0 0 4737 0 0 0 0 90 62 55 55
4737 0 20 0 0 4737 0 0 0 0 120 70 61 61
4737 0 20 0 0 4737 0 0 0 0 150 75 63 63
4737 0 20 0 0 4737 0 0 0 0 180 76 63 63
4737 0 20 0 0 4737 0 10 0 0 0 40 34 34
4737 0 20 0 0 4737 0 10 0 0 30 46 40 40
4737 0 20 0 0 4737 0 10 0 0 60 54 47 47
4737 0 20 0 0 4737 0 10 0 0 90 61 54 54
4737 0 20 0 0 4737 0 10 0 0 120 70 60 60
4737 0 20 0 0 4737 0 10 0 0 150 75 62 62
4737 0 20 0 0 4737 0 10 0 0 180 76 62 62
4737 0 20 0 0 4737 0 20 0 0 0 39 32 32
4737 0 20 0 0 4737 0 20 0 0 30 46 39 39
4737 0 20 0 0 4737 0 20 0 0 60 53 46 46
4737 0 20 0 0 4737 0 20 0 0 90 61 52 52
4737 0 20 0 0 4737 0 20 0 0 120 70 58 58
4737 0 20 0 0 4737 0 20 0 0 150 75 61 61
4737 0 20 0 0 4737 0 20 0 0 180 75 61 61
4737 0 20 0 0 4737 0 30 0 0 0 39 32 32
4737 0 20 0 0 4737 0 30 0 0 30 46 37 37
4737 0 20 0 0 4737 0 30 0 0 60 53 43 43
4737 0 20 0 0 4737 0 30 0 0 90 61 49 49
4737 0 20 0 0 4737 0 30 0 0 120 69 54 54
4737 0 20 0 0 4737 0 30 0 0 150 74 58 58
4737 0 20 0 0 4737 0 30 0 0 180 75 58 58
4737 0 20 0 0 4737 0 40 0 0 0 39 34 34
4737 0 20 0 0 4737 0 40 0 0 30 45 37 37
4737 0 20 0 0 4737 0 40 0 0 60 52 42 42
4737 0 20 0 0 4737 0 40 0 0 90 60 48 48
4737 0 20 0 0 4737 0 40 0 0 120 69 53 53
4737 0 20 0 0 4737 0 40 0 0 150 73 57 57
4737 0 20 0 0 4737 0 40 0 0 180 74 58 58
4737 0 20 0 0 4737 0 50 0 0 0 39 36 36
4737 0 20 0 0 4737 0 50 0 0 30 44 38 38
4737 0 20 0 0 4737 0 50 0 0 60 52 42 42
4737 0 20 0 0 4737 0 50 0 0 90 59 48 48
4737 0 20 0 0 4737 0 50 0 0 120 68 53 53
4737 0 20 0 0 4737 0 50 0 0 150 72 58 58
4737 0 20 0 0 4737 0 50 0 0 180 73 59 59
4737 0 20 0 0 4737 0 60 0 0 0 39 38 38
4737 0 20 0 0 4737 0 60 0 0 30 44 40 40
4737 0 20 0 0 4737 0 60 0 0 60 50 44 44
4737 0 20 0 0 4737 0 60 0 0 90 58 48 48
4737 0 20 0 0 4737 0 60 0 0 120 66 54 54
4737 0 20 0 0 4737 0 60 0 0 150 70 58 58
4737 0 20 0 0 4737 0 60 0 0 180 71 61 61
4737 0 20 0 0 4737 0 0 0 0 0 40 36 36
4737 0 20 0 0 4737 0 0 0 0 30 45 39 39
4737 0 20 0 0 4737 0 0 0 0 60 51 44 44
4737 0 20 0 0 4737 0 0 0 0 90 58 52 52
4737 0 20 0 0 4737 0 0 0 0 120 67 59 59
4737 0 20 0 0 4737 0 0 0 0 150 73 62 62
4737 0 20 0 0 4737 0 0 0 0 180 76 63 63
4737 0 20 0 0 4737 0 10 0 0 0 40 34 34
4737 0 20 0 0 4737 0 10 0 0 30 45 38 38
4737 0 20 0 0 4737 0 10 0 0 60 51 44 44
4737 0 20 0 0 4737 0 10 0 0 90 58 51 51
4737 0 20 0 0 4737 0 10 0 0 120 67 58 58
4737 0 20 0 0 4737 0 10 0 0 150 73 62 62
4737 0 20 0 0 4737 0 10 0 0 180 76 62 62
4737 0 20 0 0 4737 0 20 0 0 0 40 33 33
4737 0 20 0 0 4737 0 20 0 0 30 45 37 37
4737 0 20 0 0 4737 0 20 0 0 60 51 43 43
4737 0 20 0 0 4737 0 20 0 0 90 58 49 49
4737 0 20 0 0 4737 0 20 0 0 120 67 55 55
4737 0 20 0 0 4737 0 20 0 0 150 73 60 60
4737 0 20 0 0 4737 0 20 0 0 180 75 61 61
4737 0 20 0 0 4737 0 30 0 0 0 40 32 32
4737 0 20 0 0 4737 0 30 0 0 30 45 35 35
4737 0 20 0 0 4737 0 30 0 0 60 51 40 40
4737 0 20 0 0 4737 0 30 0 0 90 58 46 46
4737 0 20 0 0 4737 0 30 0 0 120 66 52 52
4737 0 20 0 0 4737 0 30 0 0 150 73 57 57
4737 0 20 0 0 4737 0 30 0 0 180 75 58 58
4737 0 20 0 0 4737 0 40 0 0 0 40 34 34
4737 0 20 0 0 4737 0 40 0 0 30 44 36 36
4737 0 20 0 0 4737 0 40 0 0 60 50 40 40
4737 0 20 0 0 4737 0 40 0 0 90 57 45 45
4737 0 20 0 0 4737 0 40 0 0 120 66 51 51
4737 0 20 0 0 4737 0 40 0 0 150 72 56 56
4737 0 20 0 0 4737 0 40 0 0 180 74 58 58
4737 0 20 0 0 4737 0 50 0 0 0 40 35 35
4737 0 20 0 0 4737 0 50 0 0 30 43 37 37
4737 0 20 0 0 4737 0 50 0 0 60 49 40 40
4737 0 20 0 0 4737 0 50 0 0 90 56 45 45
4737 0 20 0 0 4737 0 50 0 0 120 65 51 51
4737 0 20 0 0 4737 0 50 0 0 150 71 56 56
4737 0 20 0 0 4737 0 50 0 0 180 73 59 59
4737 0 20 0 0 4737 0 60 0 0 0 40 37 37
4737 0 20 0 0 4737 0 60 0 0 30 43 39 39
4737 0 20 0 0 4737 0 60 0 0 60 48 42 42
4737 0 20 0 0 4737 0 60 0 0 90 55 46 46
4737 0 20 0 0 4737 0 60 0 0 120 63 51 51
4737 0 20 0 0 4737 0 60 0 0 150 68 56 56
4737 0 20 0 0 4737 0 60 0 0 180 70 60 60
4737 0 20 0 0 4737 0 0 0 0 0 42 36 36
4737 0 20 0 0 4737 0 0 0 0 30 44 39 39
4737 0 20 0 0 4737 0 0 0 0 60 49 42 42
4737 0 20 0 0 4737 0 0 0 0 90 55 48 48
4737 0 20 0 0 4737 0 0 0 0 120 64 56 56
4737 0 20 0 0 4737 0 0 0 0 150 71 61 61
4737 0 20 0 0 4737 0 0 0 0 180 75 62 62
4737 0 20 0 0 4737 0 10 0 0 0 42 35 35
4737 0 20 0 0 4737 0 10 0 0 30 44 38 38
4737 0 20 0 0 4737 0 10 0 0 60 49 42 42
4737 0 20 0 0 4737 0 10 0 0 90 55 48 48
4737 0 20 0 0 4737 0 10 0 0 120 64 54 54
4737 0 20 0 0 4737 0 10 0 0 150 71 60 60
4737 0 20 0 0 4737 0 10 0 0 180 75 62 62
4737 0 20 0 0 4737 0 20 0 0 0 42 34 34
4737 0 20 0 0 4737 0 20 0 0 30 44 36 36
4737 0 20 0 0 4737 0 20 0 0 60 49 40 40
4737 0 20 0 0 4737 0 20 0 0 90 55 46 46
4737 0 20 0 0 4737 0 20 0 0 120 64 52 52
4737 0 20 0 0 4737 0 20 0 0 150 71 58 58
4737 0 20 0 0 4737 0 20 0 0 180 75 60 60
4737 0 20 0 0 4737 0 30 0 0 0 42 34 34
4737 0 20 0 0 4737 0 30 0 0 30 44 35 35
4737 0 20 0 0 4737 0 30 0 0 60 48 38 38
4737 0 20 0 0 4737 0 30 0 0 90 55 43 43
4737 0 20 0 0 4737 0 30 0 0 120 63 49 49
4737 0 20 0 0 4737 0 30 0 0 150 71 55 55
4737 0 20 0 0 4737 0 30 0 0 180 74 58 58
4737 0 20 0 0 4737 0 40 0 0 0 42 34 34
4737 0 20 0 0 4737 0 40 0 0 30 44 35 35
4737 0 20 0 0 4737 0 40 0 0 60 48 38 38
4737 0 20 0 0 4737 0 40 0 0 90 54 42 42
4737 0 20 0 0 4737 0 40 0 0 120 62 48 48
4737 0 20 0 0 4737 0 40 0 0 150 70 54 54
4737 0 20 0 0 4737 0 40 0 0 180 74 58 58
4737 0 20 0 0 4737 0 50 0 0 0 42 35 35
4737 0 20 0 0 4737 0 50 0 0 30 44 36 36
4737 0 20 0 0 4737 0 50 0 0 60 47 39 39
4737 0 20 0 0 4737 0 50 0 0 90 53 42 42
4737 0 20 0 0 4737 0 50 0 0 120 62 48 48
4737 0 20 0 0 4737 0 50 0 0 150 69 54 54
4737 0 20 0 0 4737 0 50 0 0 180 72 59 59
4737 0 20 0 0 4737 0 60 0 0 0 42 37 37
4737 0 20 0 0 4737 0 60 0 0 30 43 38 38
4737 0 20 0 0 4737 0 60 0 0 60 47 40 40
4737 0 20 0 0 4737 0 60 0 0 90 52 43 43
4737 0 20 0 0 4737 0 60 0 0 120 60 48 48
4737 0 20 0 0 4737 0 60 0 0 150 66 54 54
4737 0 20 0 0 4737 0 60 0 0 180 70 59 59
4737 0 20 0 0 4737 0 0 0 0 0 44 37 37
4737 0 20 0 0 4737 0 0 0 0 30 45 39 39
4737 0 20 0 0 4737 0 0 0 0 60 47 42 42
4737 0 20 0 0 4737 0 0 0 0 90 52 46 46
4737 0 20 0 0 4737 0 0 0 0 120 60 52 52
4737 0 20 0 0 4737 0 0 0 0 150 69 59 59
4737 0 20 0 0 4737 0 0 0 0 180 74 61 61
4737 0 20 0 0 4737 0 10 0 0 0 44 37 37
4737 0 20 0 0 4737 0 10 0 0 30 45 38 38
4737 0 20 0 0 4737 0 10 0 0 60 47 41 41
4737 0 20 0 0 4737 0 10 0 0 90 52 45 45
4737 0 20 0 0 4737 0 10 0 0 120 60 51 51
4737 0 20 0 0 4737 0 10 0 0 150 69 58 58
4737 0 20 0 0 4737 0 10 0 0 180 74 61 61
4737 0 20 0 0 4737 0 20 0 0 0 44 36 36
4737 0 20 0 0 4737 0 20 0 0 30 45 36 36
4737 0 20 0 0 4737 0 20 0 0 60 47 38 38
4737 0 20 0 0 4737 0 20 0 0 90 52 42 42
4737 0 20 0 0 4737 0 20 0 0 120 60 48 48
4737 0 20 0 0 4737 0 20 0 0 150 69 55 55
4737 0 20 0 0 4737 0 20 0 0 180 74 59 59
4737 0 20 0 0 4737 0 30 0 0 0 44 35 35
4737 0 20 0 0 4737 0 30 0 0 30 45 36 36
4737 0 20 0 0 4737 0 30 0 0 60 47 37 37
4737 0 20 0 0 4737 0 30 0 0 90 52 40 40
4737 0 20 0 0 4737 0 30 0 0 120 60 46 46
4737 0 20 0 0 4737 0 30 0 0 150 68 53 53
4737 0 20 0 0 4737 0 30 0 0 180 73 58 58
4737 0 20 0 0 4737 0 40 0 0 0 44 36 36
4737 0 20 0 0 4737 0 40 0 0 30 45 36 36
4737 0 20 0 0 4737 0 40 0 0 60 47 37 37
4737 0 20 0 0 4737 0 40 0 0 90 51 40 40
4737 0 20 0 0 4737 0 40 0 0 120 59 45 45
4737 0 20 0 0 4737 0 40 0 0 150 67 52 52
4737 0 20 0 0 4737 0 40 0 0 180 72 58 58
4737 0 20 0 0 4737 0 50 0 0 0 44 36 36
4737 0 20 0 0 4737 0 50 0 0 30 45 36 36
4737 0 20 0 0 4737 0 50 0 0 60 47 38 38
4737 0 20 0 0 4737 0 50 0 0 90 51 40 40
4737 0 20 0 0 4737 0 50 0 0 120 58 45 45
4737 0 20 0 0 4737 0 50 0 0 150 66 52 52
4737 0 20 0 0 4737 0 50 0 0 180 71 58 58
4737 0 20 0 0 4737 0 60 0 0 0 44 38 38
4737 0 20 0 0 4737 0 60 0 0 30 45 38 38
4737 0 20 0 0 4737 0 60 0 0 60 47 39 39
4737 0 20 0 0 4737 0 60 0 0 90 50 41 41
4737 0 20 0 0 4737 0 60 0 0 120 57 45 45
4737 0 20 0 0 4737 0 60 0 0 150 64 52 52
4737 0 20 0 0 4737 0 60 0 0 180 68 58 58
4737 0 20 0 0 4737 0 0 0 0 0 47 39 39
4737 0 20 0 0 4737 0 0 0 0 30 47 40 40
4737 0 20 0 0 4737 0 0 0 0 60 48 41 41
4737 0 20 0 0 4737 0 0 0 0 90 50 44 44
4737 0 20 0 0 4737 0 0 0 0 120 57 48 48
4737 0 20 0 0 4737 0 0 0 0 150 66 56 56
4737 0 20 0 0 4737 0 0 0 0 180 73 59 59
4737 0 20 0 0 4737 0 10 0 0 0 47 39 39
4737 0 20 0 0 4737 0 10 0 0 30 47 39 39
4737 0 20 0 0 4737 0 10 0 0 60 48 40 40
4737 0 20 0 0 4737 0 10 0 0 90 50 42 42
4737 0 20 0 0 4737 0 10 0 0 120 57 47 47
4737 0 20 0 0 4737 0 10 0 0 150 66 55 55
4737 0 20 0 0 4737 0 10 0 0 180 73 59 59
4737 0 20 0 0 4737 0 20 0 0 0 47 38 38
4737 0 20 0 0 4737 0 20 0 0 30 47 38 38
4737 0 20 0 0 4737 0 20 0 0 60 48 39 39
4737 0 20 0 0 4737 0 20 0 0 90 50 40 40
4737 0 20 0 0 4737 0 20 0 0 120 57 45 45
4737 0 20 0 0 4737 0 20 0 0 150 66 53 53
4737 0 20 0 0 4737 0 20 0 0 180 72 59 59
4737 0 20 0 0 4737 0 30 0 0 0 46 38 38
4737 0 20 0 0 4737 0 30 0 0 30 47 37 37
4737 0 20 0 0 4737 0 30 0 0 60 48 38 38
4737 0 20 0 0 4737 0 30 0 0 90 50 39 39
4737 0 20 0 0 4737 0 30 0 0 120 56 43 43
4737 0 20 0 0 4737 0 30 0 0 150 65 51 51
4737 0 20 0 0 4737 0 30 0 0 180 72 58 58
4737 0 20 0 0 4737 0 40 0 0 0 46 38 38
4737 0 20 0 0 4737 0 40 0 0 30 47 37 37
4737 0 20 0 0 4737 0 40 0 0 60 48 38 38
4737 0 20 0 0 4737 0 40 0 0 90 50 39 39
4737 0 20 0 0 4737 0 40 0 0 120 55 42 42
4737 0 20 0 0 4737 0 40 0 0 150 64 50 50
4737 0 20 0 0 4737 0 40 0 0 180 71 58 58
4737 0 20 0 0 4737 0 50 0 0 0 46 38 38
4737 0 20 0 0 4737 0 50 0 0 30 47 38 38
4737 0 20 0 0 4737 0 50 0 0 60 48 38 38
4737 0 20 0 0 4737 0 50 0 0 90 49 39 39
4737 0 20 0 0 4737 0 50 0 0 120 55 42 42
4737 0 20 0 0 4737 0 50 0 0 150 63 50 50
4737 0 20 0 0 4737 0 50 0 0 180 69 58 58
4737 0 20 0 0 4737 0 60 0 0 0 46 39 39
4737 0 20 0 0 4737 0 60 0 0 30 47 38 38
4737 0 20 0 0 4737 0 60 0 0 60 48 39 39
4737 0 20 0 0 4737 0 60 0 0 90 49 40 40
4737 0 20 0 0 4737 0 60 0 0 120 54 43 43
4737 0 20 0 0 4737 0 60 0 0 150 61 50 50
4737 0 20 0 0 4737 0 60 0 0 180 66 58 58
