5737 0.5 0 0 0 4737 0.0 0 0 0 0 62.97 56.19 56.19
5737 0.5 0 0 0 4737 0.0 0 0 0 30 63.03 56.21 56.21
5737 0.5 0 0 0 4737 0.0 0 0 0 60 63.12 56.10 56.10
5737 0.5 0 0 0 4737 0.0 0 0 0 90 62.91 56.17 56.17
5737 0.5 0 0 0 4737 0.0 0 0 0 120 62.98 56.34 56.34
5737 0.5 0 0 0 4737 0.0 0 0 0 150 62.96 56.39 56.39
5737 0.5 0 0 0 4737 0.0 0 0 0 180 63.06 56.33 56.33
5737 0.5 0 0 0 4737 0.0 10 0 0 0 62.92 56.02 56.02
5737 0.5 0 0 0 4737 0.0 10 0 0 30 62.99 56.00 56.00
5737 0.5 0 0 0 4737 0.0 10 0 0 60 63.06 55.91 55.91
5737 0.5 0 0 0 4737 0.0 10 0 0 90 62.83 56.00 56.00
5737 0.5 0 0 0 4737 0.0 10 0 0 120 62.93 56.16 56.16
5737 0.5 0 0 0 4737 0.0 10 0 0 150 62.92 56.17 56.17
5737 0.5 0 0 0 4737 0.0 10 0 0 180 63.00 56.14 56.14
5737 0.5 0 0 0 4737 0.0 20 0 0 0 62.76 55.11 55.11
5737 0.5 0 0 0 4737 0.0 20 0 0 30 62.83 55.13 55.13
5737 0.5 0 0 0 4737 0.0 20 0 0 60 62.88 55.18 55.18
5737 0.5 0 0 0 4737 0.0 20 0 0 90 62.62 55.19 55.19
5737 0.5 0 0 0 4737 0.0 20 0 0 120 62.76 55.23 55.23
5737 0.5 0 0 0 4737 0.0 20 0 0 150 62.76 55.30 55.30
5737 0.5 0 0 0 4737 0.0 20 0 0 180 62.82 55.43 55.43
5737 0.5 0 0 0 4737 0.0 30 0 0 0 62.47 53.14 53.14
5737 0.5 0 0 0 4737 0.0 30 0 0 30 62.53 53.36 53.36
5737 0.5 0 0 0 4737 0.0 30 0 0 60 62.54 53.49 53.49
5737 0.5 0 0 0 4737 0.0 30 0 0 90 62.27 53.33 53.33
5737 0.5 0 0 0 4737 0.0 30 0 0 120 62.45 53.28 53.28
5737 0.5 0 0 0 4737 0.0 30 0 0 150 62.47 53.50 53.50
5737 0.5 0 0 0 4737 0.0 30 0 0 180 62.49 53.74 53.74
5737 0.5 0 0 0 4737 0.0 40 0 0 0 61.98 53.33 53.33
5737 0.5 0 0 0 4737 0.0 40 0 0 30 62.03 53.18 53.18
5737 0.5 0 0 0 4737 0.0 40 0 0 60 62.00 53.32 53.32
5737 0.5 0 0 0 4737 0.0 40 0 0 90 61.74 53.46 53.46
5737 0.5 0 0 0 4737 0.0 40 0 0 120 62.00 53.30 53.30
5737 0.5 0 0 0 4737 0.0 40 0 0 150 61.98 53.25 53.25
5737 0.5 0 0 0 4737 0.0 40 0 0 180 61.96 53.50 53.50
5737 0.5 0 0 0 4737 0.0 50 0 0 0 61.26 53.87 53.87
5737 0.5 0 0 0 4737 0.0 50 0 0 30 61.27 53.51 53.51
5737 0.5 0 0 0 4737 0.0 50 0 0 60 61.17 53.87 53.87
5737 0.5 0 0 0 4737 0.0 50 0 0 90 60.95 54.24 54.24
5737 0.5 0 0 0 4737 0.0 50 0 0 120 61.27 54.11 54.11
5737 0.5 0 0 0 4737 0.0 50 0 0 150 61.22 53.81 53.81
5737 0.5 0 0 0 4737 0.0 50 0 0 180 61.13 54.08 54.08
5737 0.5 0 0 0 4737 0.0 60 0 0 0 60.03 55.02 55.02
5737 0.5 0 0 0 4737 0.0 60 0 0 30 59.96 54.54 54.54
5737 0.5 0 0 0 4737 0.0 60 0 0 60 59.77 54.89 54.89
5737 0.5 0 0 0 4737 0.0 60 0 0 90 59.65 55.12 55.12
5737 0.5 0 0 0 4737 0.0 60 0 0 120 60.03 55.09 55.09
5737 0.5 0 0 0 4737 0.0 60 0 0 150 59.92 54.69 54.69
5737 0.5 0 0 0 4737 0.0 60 0 0 180 59.70 55.08 55.08
5737 0.5 0 0 0 4737 0.1 0 0 0 0 61.61 54.64 54.64
5737 0.5 0 0 0 4737 0.1 0 0 0 30 61.87 54.83 54.83
5737 0.5 0 0 0 4737 0.1 0 0 0 60 62.40 55.36 55.36
5737 0.5 0 0 0 4737 0.1 0 0 0 90 62.14 55.19 55.19
5737 0.5 0 0 0 4737 0.1 0 0 0 120 61.68 54.82 54.82
5737 0.5 0 0 0 4737 0.1 0 0 0 150 61.79 54.96 54.96
5737 0.5 0 0 0 4737 0.1 0 0 0 180 62.36 55.69 55.69
5737 0.5 0 0 0 4737 0.1 10 0 0 0 61.56 54.51 54.51
5737 0.5 0 0 0 4737 0.1 10 0 0 30 61.81 54.66 54.66
5737 0.5 0 0 0 4737 0.1 10 0 0 60 62.35 55.10 55.10
5737 0.5 0 0 0 4737 0.1 10 0 0 90 62.08 55.05 55.05
5737 0.5 0 0 0 4737 0.1 10 0 0 120 61.61 54.66 54.66
5737 0.5 0 0 0 4737 0.1 10 0 0 150 61.74 54.79 54.79
5737 0.5 0 0 0 4737 0.1 10 0 0 180 62.30 55.43 55.43
5737 0.5 0 0 0 4737 0.1 20 0 0 0 61.38 53.65 53.65
5737 0.5 0 0 0 4737 0.1 20 0 0 30 61.61 53.86 53.86
5737 0.5 0 0 0 4737 0.1 20 0 0 60 62.16 54.15 54.15
5737 0.5 0 0 0 4737 0.1 20 0 0 90 61.88 54.14 54.14
5737 0.5 0 0 0 4737 0.1 20 0 0 120 61.43 53.84 53.84
5737 0.5 0 0 0 4737 0.1 20 0 0 150 61.56 54.03 54.03
5737 0.5 0 0 0 4737 0.1 20 0 0 180 62.10 54.36 54.36
5737 0.5 0 0 0 4737 0.1 30 0 0 0 61.05 51.94 51.94
5737 0.5 0 0 0 4737 0.1 30 0 0 30 61.26 52.26 52.26
5737 0.5 0 0 0 4737 0.1 30 0 0 60 61.82 52.34 52.34
5737 0.5 0 0 0 4737 0.1 30 0 0 90 61.52 52.18 52.18
5737 0.5 0 0 0 4737 0.1 30 0 0 120 61.09 52.10 52.10
5737 0.5 0 0 0 4737 0.1 30 0 0 150 61.22 52.44 52.44
5737 0.5 0 0 0 4737 0.1 30 0 0 180 61.76 52.51 52.51
5737 0.5 0 0 0 4737 0.1 40 0 0 0 60.56 52.21 52.21
5737 0.5 0 0 0 4737 0.1 40 0 0 30 60.72 52.31 52.31
5737 0.5 0 0 0 4737 0.1 40 0 0 60 61.27 52.30 52.30
5737 0.5 0 0 0 4737 0.1 40 0 0 90 60.97 52.40 52.40
5737 0.5 0 0 0 4737 0.1 40 0 0 120 60.58 52.45 52.45
5737 0.5 0 0 0 4737 0.1 40 0 0 150 60.69 52.36 52.36
5737 0.5 0 0 0 4737 0.1 40 0 0 180 61.21 52.29 52.29
5737 0.5 0 0 0 4737 0.1 50 0 0 0 59.82 52.94 52.94
5737 0.5 0 0 0 4737 0.1 50 0 0 30 59.91 52.74 52.74
5737 0.5 0 0 0 4737 0.1 50 0 0 60 60.41 52.64 52.64
5737 0.5 0 0 0 4737 0.1 50 0 0 90 60.11 52.89 52.89
5737 0.5 0 0 0 4737 0.1 50 0 0 120 59.84 53.27 53.27
5737 0.5 0 0 0 4737 0.1 50 0 0 150 59.87 52.98 52.98
5737 0.5 0 0 0 4737 0.1 50 0 0 180 60.35 52.85 52.85
5737 0.5 0 0 0 4737 0.1 60 0 0 0 58.54 54.07 54.07
5737 0.5 0 0 0 4737 0.1 60 0 0 30 58.62 53.81 53.81
5737 0.5 0 0 0 4737 0.1 60 0 0 60 58.95 53.70 53.70
5737 0.5 0 0 0 4737 0.1 60 0 0 90 58.73 53.91 53.91
5737 0.5 0 0 0 4737 0.1 60 0 0 120 58.58 54.20 54.20
5737 0.5 0 0 0 4737 0.1 60 0 0 150 58.50 53.93 53.93
5737 0.5 0 0 0 4737 0.1 60 0 0 180 58.89 53.93 53.93
5737 0.5 0 0 0 4737 0.2 0 0 0 0 60.27 53.09 53.09
5737 0.5 0 0 0 4737 0.2 0 0 0 30 60.64 53.33 53.33
5737 0.5 0 0 0 4737 0.2 0 0 0 60 61.42 54.14 54.14
5737 0.5 0 0 0 4737 0.2 0 0 0 90 61.57 54.55 54.55
5737 0.5 0 0 0 4737 0.2 0 0 0 120 60.61 53.48 53.48
5737 0.5 0 0 0 4737 0.2 0 0 0 150 60.46 53.41 53.41
5737 0.5 0 0 0 4737 0.2 0 0 0 180 61.54 54.83 54.83
5737 0.5 0 0 0 4737 0.2 10 0 0 0 60.20 52.95 52.95
5737 0.5 0 0 0 4737 0.2 10 0 0 30 60.58 53.21 53.21
5737 0.5 0 0 0 4737 0.2 10 0 0 60 61.35 53.87 53.87
5737 0.5 0 0 0 4737 0.2 10 0 0 90 61.50 54.25 54.25
5737 0.5 0 0 0 4737 0.2 10 0 0 120 60.56 53.50 53.50
5737 0.5 0 0 0 4737 0.2 10 0 0 150 60.40 53.29 53.29
5737 0.5 0 0 0 4737 0.2 10 0 0 180 61.47 54.53 54.53
5737 0.5 0 0 0 4737 0.2 20 0 0 0 60.00 52.22 52.22
5737 0.5 0 0 0 4737 0.2 20 0 0 30 60.37 52.38 52.38
5737 0.5 0 0 0 4737 0.2 20 0 0 60 61.13 52.89 52.89
5737 0.5 0 0 0 4737 0.2 20 0 0 90 61.29 53.04 53.04
5737 0.5 0 0 0 4737 0.2 20 0 0 120 60.39 52.75 52.75
5737 0.5 0 0 0 4737 0.2 20 0 0 150 60.19 52.50 52.50
5737 0.5 0 0 0 4737 0.2 20 0 0 180 61.27 53.32 53.32
5737 0.5 0 0 0 4737 0.2 30 0 0 0 59.67 50.78 50.78
5737 0.5 0 0 0 4737 0.2 30 0 0 30 59.99 50.94 50.94
5737 0.5 0 0 0 4737 0.2 30 0 0 60 60.75 51.31 51.31
5737 0.5 0 0 0 4737 0.2 30 0 0 90 60.91 51.10 51.10
5737 0.5 0 0 0 4737 0.2 30 0 0 120 60.06 51.24 51.24
5737 0.5 0 0 0 4737 0.2 30 0 0 150 59.80 51.16 51.16
5737 0.5 0 0 0 4737 0.2 30 0 0 180 60.90 51.45 51.45
5737 0.5 0 0 0 4737 0.2 40 0 0 0 59.16 51.18 51.18
5737 0.5 0 0 0 4737 0.2 40 0 0 30 59.40 51.29 51.29
5737 0.5 0 0 0 4737 0.2 40 0 0 60 60.14 51.34 51.34
5737 0.5 0 0 0 4737 0.2 40 0 0 90 60.33 51.22 51.22
5737 0.5 0 0 0 4737 0.2 40 0 0 120 59.55 51.49 51.49
5737 0.5 0 0 0 4737 0.2 40 0 0 150 59.25 51.41 51.41
5737 0.5 0 0 0 4737 0.2 40 0 0 180 60.33 51.36 51.36
5737 0.5 0 0 0 4737 0.2 50 0 0 0 58.41 51.85 51.85
5737 0.5 0 0 0 4737 0.2 50 0 0 30 58.53 51.90 51.90
5737 0.5 0 0 0 4737 0.2 50 0 0 60 59.21 51.77 51.77
5737 0.5 0 0 0 4737 0.2 50 0 0 90 59.43 51.61 51.61
5737 0.5 0 0 0 4737 0.2 50 0 0 120 58.78 52.09 52.09
5737 0.5 0 0 0 4737 0.2 50 0 0 150 58.43 52.15 52.15
5737 0.5 0 0 0 4737 0.2 50 0 0 180 59.44 51.84 51.84
5737 0.5 0 0 0 4737 0.2 60 0 0 0 57.10 52.98 52.98
5737 0.5 0 0 0 4737 0.2 60 0 0 30 57.14 53.03 53.03
5737 0.5 0 0 0 4737 0.2 60 0 0 60 57.69 52.79 52.79
5737 0.5 0 0 0 4737 0.2 60 0 0 90 57.94 52.62 52.62
5737 0.5 0 0 0 4737 0.2 60 0 0 120 57.45 53.04 53.04
5737 0.5 0 0 0 4737 0.2 60 0 0 150 57.09 53.11 53.11
5737 0.5 0 0 0 4737 0.2 60 0 0 180 57.91 52.75 52.75
5737 0.5 0 0 0 4737 0.3 0 0 0 0 58.95 51.49 51.49
5737 0.5 0 0 0 4737 0.3 0 0 0 30 59.44 51.86 51.86
5737 0.5 0 0 0 4737 0.3 0 0 0 60 60.20 52.69 52.69
5737 0.5 0 0 0 4737 0.3 0 0 0 90 60.63 53.36 53.36
5737 0.5 0 0 0 4737 0.3 0 0 0 120 60.18 52.82 52.82
5737 0.5 0 0 0 4737 0.3 0 0 0 150 59.09 51.81 51.81
5737 0.5 0 0 0 4737 0.3 0 0 0 180 60.62 53.62 53.62
5737 0.5 0 0 0 4737 0.3 10 0 0 0 58.88 51.48 51.48
5737 0.5 0 0 0 4737 0.3 10 0 0 30 59.36 51.69 51.69
5737 0.5 0 0 0 4737 0.3 10 0 0 60 60.12 52.42 52.42
5737 0.5 0 0 0 4737 0.3 10 0 0 90 60.55 53.07 53.07
5737 0.5 0 0 0 4737 0.3 10 0 0 120 60.12 52.70 52.70
5737 0.5 0 0 0 4737 0.3 10 0 0 150 59.02 51.68 51.68
5737 0.5 0 0 0 4737 0.3 10 0 0 180 60.54 53.38 53.38
5737 0.5 0 0 0 4737 0.3 20 0 0 0 58.68 50.73 50.73
5737 0.5 0 0 0 4737 0.3 20 0 0 30 59.12 50.69 50.69
5737 0.5 0 0 0 4737 0.3 20 0 0 60 59.86 51.20 51.20
5737 0.5 0 0 0 4737 0.3 20 0 0 90 60.33 51.73 51.73
5737 0.5 0 0 0 4737 0.3 20 0 0 120 59.92 51.54 51.54
5737 0.5 0 0 0 4737 0.3 20 0 0 150 58.81 50.79 50.79
5737 0.5 0 0 0 4737 0.3 20 0 0 180 60.32 52.04 52.04
5737 0.5 0 0 0 4737 0.3 30 0 0 0 58.35 49.77 49.77
5737 0.5 0 0 0 4737 0.3 30 0 0 30 58.71 49.79 49.79
5737 0.5 0 0 0 4737 0.3 30 0 0 60 59.42 49.98 49.98
5737 0.5 0 0 0 4737 0.3 30 0 0 90 59.92 50.20 50.20
5737 0.5 0 0 0 4737 0.3 30 0 0 120 59.56 50.19 50.19
5737 0.5 0 0 0 4737 0.3 30 0 0 150 58.40 50.03 50.03
5737 0.5 0 0 0 4737 0.3 30 0 0 180 59.93 50.61 50.61
5737 0.5 0 0 0 4737 0.3 40 0 0 0 57.88 50.22 50.22
5737 0.5 0 0 0 4737 0.3 40 0 0 30 58.11 50.27 50.27
5737 0.5 0 0 0 4737 0.3 40 0 0 60 58.78 50.36 50.36
5737 0.5 0 0 0 4737 0.3 40 0 0 90 59.29 50.32 50.32
5737 0.5 0 0 0 4737 0.3 40 0 0 120 59.00 50.41 50.41
5737 0.5 0 0 0 4737 0.3 40 0 0 150 57.84 50.47 50.47
5737 0.5 0 0 0 4737 0.3 40 0 0 180 59.31 50.69 50.69
5737 0.5 0 0 0 4737 0.3 50 0 0 0 57.11 50.89 50.89
5737 0.5 0 0 0 4737 0.3 50 0 0 30 57.25 51.06 51.06
5737 0.5 0 0 0 4737 0.3 50 0 0 60 57.82 51.06 51.06
5737 0.5 0 0 0 4737 0.3 50 0 0 90 58.32 50.76 50.76
5737 0.5 0 0 0 4737 0.3 50 0 0 120 58.12 50.78 50.78
5737 0.5 0 0 0 4737 0.3 50 0 0 150 57.05 51.10 51.10
5737 0.5 0 0 0 4737 0.3 50 0 0 180 58.33 51.08 51.08
5737 0.5 0 0 0 4737 0.3 60 0 0 0 55.72 51.83 51.83
5737 0.5 0 0 0 4737 0.3 60 0 0 30 55.73 52.08 52.08
5737 0.5 0 0 0 4737 0.3 60 0 0 60 56.22 52.09 52.09
5737 0.5 0 0 0 4737 0.3 60 0 0 90 56.67 51.71 51.71
5737 0.5 0 0 0 4737 0.3 60 0 0 120 56.52 51.75 51.75
5737 0.5 0 0 0 4737 0.3 60 0 0 150 55.67 51.92 51.92
5737 0.5 0 0 0 4737 0.3 60 0 0 180 56.68 51.78 51.78
5737 0.5 0 0 0 4737 0.4 0 0 0 0 57.91 50.02 50.02
5737 0.5 0 0 0 4737 0.4 0 0 0 30 58.27 50.40 50.40
5737 0.5 0 0 0 4737 0.4 0 0 0 60 58.82 51.07 51.07
5737 0.5 0 0 0 4737 0.4 0 0 0 90 59.37 51.69 51.69
5737 0.5 0 0 0 4737 0.4 0 0 0 120 59.49 51.83 51.83
5737 0.5 0 0 0 4737 0.4 0 0 0 150 57.95 50.23 50.23
5737 0.5 0 0 0 4737 0.4 0 0 0 180 59.55 52.11 52.11
5737 0.5 0 0 0 4737 0.4 10 0 0 0 57.86 50.08 50.08
5737 0.5 0 0 0 4737 0.4 10 0 0 30 58.18 50.12 50.12
5737 0.5 0 0 0 4737 0.4 10 0 0 60 58.73 50.75 50.75
5737 0.5 0 0 0 4737 0.4 10 0 0 90 59.28 51.38 51.38
5737 0.5 0 0 0 4737 0.4 10 0 0 120 59.43 51.62 51.62
5737 0.5 0 0 0 4737 0.4 10 0 0 150 57.90 50.29 50.29
5737 0.5 0 0 0 4737 0.4 10 0 0 180 59.47 51.86 51.86
5737 0.5 0 0 0 4737 0.4 20 0 0 0 57.67 49.07 49.07
5737 0.5 0 0 0 4737 0.4 20 0 0 30 57.94 49.03 49.03
5737 0.5 0 0 0 4737 0.4 20 0 0 60 58.48 49.17 49.17
5737 0.5 0 0 0 4737 0.4 20 0 0 90 59.01 49.73 49.73
5737 0.5 0 0 0 4737 0.4 20 0 0 120 59.21 50.13 50.13
5737 0.5 0 0 0 4737 0.4 20 0 0 150 57.70 49.25 49.25
5737 0.5 0 0 0 4737 0.4 20 0 0 180 59.23 50.38 50.38
5737 0.5 0 0 0 4737 0.4 30 0 0 0 57.35 49.02 49.02
5737 0.5 0 0 0 4737 0.4 30 0 0 30 57.55 49.00 49.00
5737 0.5 0 0 0 4737 0.4 30 0 0 60 58.03 48.99 48.99
5737 0.5 0 0 0 4737 0.4 30 0 0 90 58.55 49.17 49.17
5737 0.5 0 0 0 4737 0.4 30 0 0 120 58.81 49.52 49.52
5737 0.5 0 0 0 4737 0.4 30 0 0 150 57.37 49.18 49.18
5737 0.5 0 0 0 4737 0.4 30 0 0 180 58.80 49.85 49.85
5737 0.5 0 0 0 4737 0.4 40 0 0 0 56.84 49.41 49.41
5737 0.5 0 0 0 4737 0.4 40 0 0 30 56.97 49.46 49.46
5737 0.5 0 0 0 4737 0.4 40 0 0 60 57.39 49.46 49.46
5737 0.5 0 0 0 4737 0.4 40 0 0 90 57.87 49.49 49.49
5737 0.5 0 0 0 4737 0.4 40 0 0 120 58.17 49.60 49.60
5737 0.5 0 0 0 4737 0.4 40 0 0 150 56.85 49.59 49.59
5737 0.5 0 0 0 4737 0.4 40 0 0 180 58.12 50.08 50.08
5737 0.5 0 0 0 4737 0.4 50 0 0 0 56.02 49.90 49.90
5737 0.5 0 0 0 4737 0.4 50 0 0 30 56.06 50.06 50.06
5737 0.5 0 0 0 4737 0.4 50 0 0 60 56.45 50.15 50.15
5737 0.5 0 0 0 4737 0.4 50 0 0 90 56.89 50.15 50.15
5737 0.5 0 0 0 4737 0.4 50 0 0 120 57.16 49.93 49.93
5737 0.5 0 0 0 4737 0.4 50 0 0 150 56.05 49.96 49.96
5737 0.5 0 0 0 4737 0.4 50 0 0 180 57.09 50.34 50.34
5737 0.5 0 0 0 4737 0.4 60 0 0 0 54.42 50.63 50.63
5737 0.5 0 0 0 4737 0.4 60 0 0 30 54.29 50.85 50.85
5737 0.5 0 0 0 4737 0.4 60 0 0 60 54.61 51.04 51.04
5737 0.5 0 0 0 4737 0.4 60 0 0 90 55.10 50.99 50.99
5737 0.5 0 0 0 4737 0.4 60 0 0 120 55.31 50.66 50.66
5737 0.5 0 0 0 4737 0.4 60 0 0 150 54.37 50.77 50.77
5737 0.5 0 0 0 4737 0.4 60 0 0 180 55.19 50.99 50.99
5737 0.5 0 0 0 4737 0.5 0 0 0 0 57.33 48.73 48.73
5737 0.5 0 0 0 4737 0.5 0 0 0 30 57.25 48.77 48.77
5737 0.5 0 0 0 4737 0.5 0 0 0 60 57.44 49.05 49.05
5737 0.5 0 0 0 4737 0.5 0 0 0 90 57.90 49.48 49.48
5737 0.5 0 0 0 4737 0.5 0 0 0 120 58.32 49.84 49.84
5737 0.5 0 0 0 4737 0.5 0 0 0 150 57.57 49.21 49.21
5737 0.5 0 0 0 4737 0.5 0 0 0 180 58.27 50.01 50.01
5737 0.5 0 0 0 4737 0.5 10 0 0 0 57.25 48.42 48.42
5737 0.5 0 0 0 4737 0.5 10 0 0 30 57.18 48.36 48.36
5737 0.5 0 0 0 4737 0.5 10 0 0 60 57.36 48.51 48.51
5737 0.5 0 0 0 4737 0.5 10 0 0 90 57.80 48.95 48.95
5737 0.5 0 0 0 4737 0.5 10 0 0 120 58.24 49.45 49.45
5737 0.5 0 0 0 4737 0.5 10 0 0 150 57.50 49.01 49.01
5737 0.5 0 0 0 4737 0.5 10 0 0 180 58.19 49.68 49.68
5737 0.5 0 0 0 4737 0.5 20 0 0 0 57.03 48.16 48.16
5737 0.5 0 0 0 4737 0.5 20 0 0 30 56.97 48.10 48.10
5737 0.5 0 0 0 4737 0.5 20 0 0 60 57.12 48.18 48.18
5737 0.5 0 0 0 4737 0.5 20 0 0 90 57.52 48.45 48.45
5737 0.5 0 0 0 4737 0.5 20 0 0 120 57.96 48.96 48.96
5737 0.5 0 0 0 4737 0.5 20 0 0 150 57.28 48.66 48.66
5737 0.5 0 0 0 4737 0.5 20 0 0 180 57.92 49.31 49.31
5737 0.5 0 0 0 4737 0.5 30 0 0 0 56.62 48.31 48.31
5737 0.5 0 0 0 4737 0.5 30 0 0 30 56.59 48.33 48.33
5737 0.5 0 0 0 4737 0.5 30 0 0 60 56.72 48.34 48.34
5737 0.5 0 0 0 4737 0.5 30 0 0 90 57.06 48.41 48.41
5737 0.5 0 0 0 4737 0.5 30 0 0 120 57.48 48.78 48.78
5737 0.5 0 0 0 4737 0.5 30 0 0 150 56.89 48.49 48.49
5737 0.5 0 0 0 4737 0.5 30 0 0 180 57.44 49.11 49.11
5737 0.5 0 0 0 4737 0.5 40 0 0 0 55.97 48.55 48.55
5737 0.5 0 0 0 4737 0.5 40 0 0 30 55.98 48.62 48.62
5737 0.5 0 0 0 4737 0.5 40 0 0 60 56.10 48.72 48.72
5737 0.5 0 0 0 4737 0.5 40 0 0 90 56.40 48.73 48.73
5737 0.5 0 0 0 4737 0.5 40 0 0 120 56.75 48.88 48.88
5737 0.5 0 0 0 4737 0.5 40 0 0 150 56.25 48.73 48.73
5737 0.5 0 0 0 4737 0.5 40 0 0 180 56.69 49.44 49.44
5737 0.5 0 0 0 4737 0.5 50 0 0 0 55.00 49.07 49.07
5737 0.5 0 0 0 4737 0.5 50 0 0 30 54.99 49.11 49.11
5737 0.5 0 0 0 4737 0.5 50 0 0 60 55.07 49.23 49.23
5737 0.5 0 0 0 4737 0.5 50 0 0 90 55.37 49.26 49.26
5737 0.5 0 0 0 4737 0.5 50 0 0 120 55.70 49.33 49.33
5737 0.5 0 0 0 4737 0.5 50 0 0 150 55.21 48.86 48.86
5737 0.5 0 0 0 4737 0.5 50 0 0 180 55.63 49.69 49.69
5737 0.5 0 0 0 4737 0.5 60 0 0 0 53.37 49.52 49.52
5737 0.5 0 0 0 4737 0.5 60 0 0 30 53.25 49.62 49.62
5737 0.5 0 0 0 4737 0.5 60 0 0 60 53.30 49.78 49.78
5737 0.5 0 0 0 4737 0.5 60 0 0 90 53.61 49.97 49.97
5737 0.5 0 0 0 4737 0.5 60 0 0 120 53.94 50.04 50.04
5737 0.5 0 0 0 4737 0.5 60 0 0 150 53.62 49.57 49.57
5737 0.5 0 0 0 4737 0.5 60 0 0 180 53.98 50.21 50.21
5737 0.5 0 0 0 4937 0.0 0 0 0 0 63.06 56.38 56.38
5737 0.5 0 0 0 4937 0.0 0 0 0 30 63.15 56.53 56.53
5737 0.5 0 0 0 4937 0.0 0 0 0 60 63.61 56.84 56.84
5737 0.5 0 0 0 4937 0.0 0 0 0 90 63.29 56.76 56.76
5737 0.5 0 0 0 4937 0.0 0 0 0 120 63.23 57.12 57.12
5737 0.5 0 0 0 4937 0.0 0 0 0 150 63.52 57.22 57.22
5737 0.5 0 0 0 4937 0.0 0 0 0 180 63.21 56.98 56.98
5737 0.5 0 0 0 4937 0.0 10 0 0 0 62.99 55.94 55.94
5737 0.5 0 0 0 4937 0.0 10 0 0 30 63.09 56.49 56.49
5737 0.5 0 0 0 4937 0.0 10 0 0 60 63.58 56.79 56.79
5737 0.5 0 0 0 4937 0.0 10 0 0 90 63.22 56.36 56.36
5737 0.5 0 0 0 4937 0.0 10 0 0 120 63.17 57.06 57.06
5737 0.5 0 0 0 4937 0.0 10 0 0 150 63.49 57.24 57.24
5737 0.5 0 0 0 4937 0.0 10 0 0 180 63.13 56.62 56.62
5737 0.5 0 0 0 4937 0.0 20 0 0 0 62.81 55.13 55.13
5737 0.5 0 0 0 4937 0.0 20 0 0 30 62.91 55.74 55.74
5737 0.5 0 0 0 4937 0.0 20 0 0 60 63.43 56.00 56.00
5737 0.5 0 0 0 4937 0.0 20 0 0 90 63.03 55.51 55.51
5737 0.5 0 0 0 4937 0.0 20 0 0 120 62.99 56.28 56.28
5737 0.5 0 0 0 4937 0.0 20 0 0 150 63.35 56.51 56.51
5737 0.5 0 0 0 4937 0.0 20 0 0 180 62.94 55.80 55.80
5737 0.5 0 0 0 4937 0.0 30 0 0 0 62.50 53.28 53.28
5737 0.5 0 0 0 4937 0.0 30 0 0 30 62.59 53.80 53.80
5737 0.5 0 0 0 4937 0.0 30 0 0 60 63.15 54.00 54.00
5737 0.5 0 0 0 4937 0.0 30 0 0 90 62.70 53.73 53.73
5737 0.5 0 0 0 4937 0.0 30 0 0 120 62.66 54.51 54.51
5737 0.5 0 0 0 4937 0.0 30 0 0 150 63.08 54.54 54.54
5737 0.5 0 0 0 4937 0.0 30 0 0 180 62.60 54.06 54.06
5737 0.5 0 0 0 4937 0.0 40 0 0 0 62.03 53.19 53.19
5737 0.5 0 0 0 4937 0.0 40 0 0 30 62.10 53.73 53.73
5737 0.5 0 0 0 4937 0.0 40 0 0 60 62.70 53.86 53.86
5737 0.5 0 0 0 4937 0.0 40 0 0 90 62.22 53.75 53.75
5737 0.5 0 0 0 4937 0.0 40 0 0 120 62.13 54.40 54.40
5737 0.5 0 0 0 4937 0.0 40 0 0 150 62.63 54.48 54.48
5737 0.5 0 0 0 4937 0.0 40 0 0 180 62.11 54.17 54.17
5737 0.5 0 0 0 4937 0.0 50 0 0 0 61.29 53.87 53.87
5737 0.5 0 0 0 4937 0.0 50 0 0 30 61.36 54.34 54.34
5737 0.5 0 0 0 4937 0.0 50 0 0 60 61.96 54.25 54.25
5737 0.5 0 0 0 4937 0.0 50 0 0 90 61.48 54.27 54.27
5737 0.5 0 0 0 4937 0.0 50 0 0 120 61.39 54.86 54.86
5737 0.5 0 0 0 4937 0.0 50 0 0 150 61.93 54.81 54.81
5737 0.5 0 0 0 4937 0.0 50 0 0 180 61.36 54.80 54.80
5737 0.5 0 0 0 4937 0.0 60 0 0 0 60.06 55.08 55.08
5737 0.5 0 0 0 4937 0.0 60 0 0 30 60.23 55.42 55.42
5737 0.5 0 0 0 4937 0.0 60 0 0 60 60.78 55.30 55.30
5737 0.5 0 0 0 4937 0.0 60 0 0 90 60.23 55.48 55.48
5737 0.5 0 0 0 4937 0.0 60 0 0 120 60.17 55.88 55.88
5737 0.5 0 0 0 4937 0.0 60 0 0 150 60.72 55.74 55.74
5737 0.5 0 0 0 4937 0.0 60 0 0 180 60.12 55.80 55.80
5737 0.5 0 0 0 4937 0.1 0 0 0 0 62.11 55.17 55.17
5737 0.5 0 0 0 4937 0.1 0 0 0 30 62.17 55.48 55.48
5737 0.5 0 0 0 4937 0.1 0 0 0 60 62.49 55.53 55.53
5737 0.5 0 0 0 4937 0.1 0 0 0 90 62.48 55.54 55.54
5737 0.5 0 0 0 4937 0.1 0 0 0 120 62.16 55.97 55.97
5737 0.5 0 0 0 4937 0.1 0 0 0 150 62.43 56.01 56.01
5737 0.5 0 0 0 4937 0.1 0 0 0 180 62.25 55.85 55.85
5737 0.5 0 0 0 4937 0.1 10 0 0 0 62.05 54.83 54.83
5737 0.5 0 0 0 4937 0.1 10 0 0 30 62.09 55.24 55.24
5737 0.5 0 0 0 4937 0.1 10 0 0 60 62.45 55.53 55.53
5737 0.5 0 0 0 4937 0.1 10 0 0 90 62.43 55.34 55.34
5737 0.5 0 0 0 4937 0.1 10 0 0 120 62.08 55.62 55.62
5737 0.5 0 0 0 4937 0.1 10 0 0 150 62.39 56.01 56.01
5737 0.5 0 0 0 4937 0.1 10 0 0 180 62.19 55.57 55.57
5737 0.5 0 0 0 4937 0.1 20 0 0 0 61.86 54.01 54.01
5737 0.5 0 0 0 4937 0.1 20 0 0 30 61.89 54.38 54.38
5737 0.5 0 0 0 4937 0.1 20 0 0 60 62.30 54.79 54.79
5737 0.5 0 0 0 4937 0.1 20 0 0 90 62.24 54.56 54.56
5737 0.5 0 0 0 4937 0.1 20 0 0 120 61.87 54.73 54.73
5737 0.5 0 0 0 4937 0.1 20 0 0 150 62.22 55.35 55.35
5737 0.5 0 0 0 4937 0.1 20 0 0 180 62.01 54.73 54.73
5737 0.5 0 0 0 4937 0.1 30 0 0 0 61.54 52.22 52.22
5737 0.5 0 0 0 4937 0.1 30 0 0 30 61.54 52.35 52.35
5737 0.5 0 0 0 4937 0.1 30 0 0 60 61.99 52.76 52.76
5737 0.5 0 0 0 4937 0.1 30 0 0 90 61.90 52.69 52.69
5737 0.5 0 0 0 4937 0.1 30 0 0 120 61.52 52.85 52.85
5737 0.5 0 0 0 4937 0.1 30 0 0 150 61.92 53.39 53.39
5737 0.5 0 0 0 4937 0.1 30 0 0 180 61.68 53.01 53.01
5737 0.5 0 0 0 4937 0.1 40 0 0 0 61.05 52.17 52.17
5737 0.5 0 0 0 4937 0.1 40 0 0 30 61.00 52.43 52.43
5737 0.5 0 0 0 4937 0.1 40 0 0 60 61.52 52.68 52.68
5737 0.5 0 0 0 4937 0.1 40 0 0 90 61.36 52.64 52.64
5737 0.5 0 0 0 4937 0.1 40 0 0 120 60.97 52.90 52.90
5737 0.5 0 0 0 4937 0.1 40 0 0 150 61.46 53.40 53.40
5737 0.5 0 0 0 4937 0.1 40 0 0 180 61.16 53.07 53.07
5737 0.5 0 0 0 4937 0.1 50 0 0 0 60.29 52.84 52.84
5737 0.5 0 0 0 4937 0.1 50 0 0 30 60.18 53.13 53.13
5737 0.5 0 0 0 4937 0.1 50 0 0 60 60.78 53.23 53.23
5737 0.5 0 0 0 4937 0.1 50 0 0 90 60.56 53.03 53.03
5737 0.5 0 0 0 4937 0.1 50 0 0 120 60.16 53.51 53.51
5737 0.5 0 0 0 4937 0.1 50 0 0 150 60.73 53.82 53.82
5737 0.5 0 0 0 4937 0.1 50 0 0 180 60.35 53.67 53.67
5737 0.5 0 0 0 4937 0.1 60 0 0 0 59.06 53.99 53.99
5737 0.5 0 0 0 4937 0.1 60 0 0 30 58.97 54.33 54.33
5737 0.5 0 0 0 4937 0.1 60 0 0 60 59.50 54.44 54.44
5737 0.5 0 0 0 4937 0.1 60 0 0 90 59.29 54.30 54.30
5737 0.5 0 0 0 4937 0.1 60 0 0 120 58.90 54.79 54.79
5737 0.5 0 0 0 4937 0.1 60 0 0 150 59.47 54.88 54.88
5737 0.5 0 0 0 4937 0.1 60 0 0 180 59.05 54.73 54.73
5737 0.5 0 0 0 4937 0.2 0 0 0 0 61.17 53.99 53.99
5737 0.5 0 0 0 4937 0.2 0 0 0 30 61.24 54.36 54.36
5737 0.5 0 0 0 4937 0.2 0 0 0 60 61.35 54.30 54.30
5737 0.5 0 0 0 4937 0.2 0 0 0 90 61.40 54.29 54.29
5737 0.5 0 0 0 4937 0.2 0 0 0 120 61.34 54.66 54.66
5737 0.5 0 0 0 4937 0.2 0 0 0 150 61.28 54.75 54.75
5737 0.5 0 0 0 4937 0.2 0 0 0 180 61.26 54.71 54.71
5737 0.5 0 0 0 4937 0.2 10 0 0 0 61.11 53.84 53.84
5737 0.5 0 0 0 4937 0.2 10 0 0 30 61.17 54.03 54.03
5737 0.5 0 0 0 4937 0.2 10 0 0 60 61.29 54.19 54.19
5737 0.5 0 0 0 4937 0.2 10 0 0 90 61.34 54.15 54.15
5737 0.5 0 0 0 4937 0.2 10 0 0 120 61.28 54.44 54.44
5737 0.5 0 0 0 4937 0.2 10 0 0 150 61.22 54.72 54.72
5737 0.5 0 0 0 4937 0.2 10 0 0 180 61.20 54.60 54.60
5737 0.5 0 0 0 4937 0.2 20 0 0 0 60.92 52.97 52.97
5737 0.5 0 0 0 4937 0.2 20 0 0 30 60.98 53.15 53.15
5737 0.5 0 0 0 4937 0.2 20 0 0 60 61.09 53.32 53.32
5737 0.5 0 0 0 4937 0.2 20 0 0 90 61.15 53.43 53.43
5737 0.5 0 0 0 4937 0.2 20 0 0 120 61.07 53.56 53.56
5737 0.5 0 0 0 4937 0.2 20 0 0 150 61.03 53.90 53.90
5737 0.5 0 0 0 4937 0.2 20 0 0 180 61.01 53.72 53.72
5737 0.5 0 0 0 4937 0.2 30 0 0 0 60.58 51.31 51.31
5737 0.5 0 0 0 4937 0.2 30 0 0 30 60.64 51.20 51.20
5737 0.5 0 0 0 4937 0.2 30 0 0 60 60.73 51.37 51.37
5737 0.5 0 0 0 4937 0.2 30 0 0 90 60.81 51.77 51.77
5737 0.5 0 0 0 4937 0.2 30 0 0 120 60.71 51.66 51.66
5737 0.5 0 0 0 4937 0.2 30 0 0 150 60.69 51.96 51.96
5737 0.5 0 0 0 4937 0.2 30 0 0 180 60.67 52.01 52.01
5737 0.5 0 0 0 4937 0.2 40 0 0 0 60.05 51.30 51.30
5737 0.5 0 0 0 4937 0.2 40 0 0 30 60.10 51.32 51.32
5737 0.5 0 0 0 4937 0.2 40 0 0 60 60.20 51.43 51.43
5737 0.5 0 0 0 4937 0.2 40 0 0 90 60.29 51.68 51.68
5737 0.5 0 0 0 4937 0.2 40 0 0 120 60.14 51.64 51.64
5737 0.5 0 0 0 4937 0.2 40 0 0 150 60.16 52.13 52.13
5737 0.5 0 0 0 4937 0.2 40 0 0 180 60.14 52.14 52.14
5737 0.5 0 0 0 4937 0.2 50 0 0 0 59.26 51.94 51.94
5737 0.5 0 0 0 4937 0.2 50 0 0 30 59.27 52.10 52.10
5737 0.5 0 0 0 4937 0.2 50 0 0 60 59.41 52.29 52.29
5737 0.5 0 0 0 4937 0.2 50 0 0 90 59.51 52.35 52.35
5737 0.5 0 0 0 4937 0.2 50 0 0 120 59.31 52.32 52.32
5737 0.5 0 0 0 4937 0.2 50 0 0 150 59.39 52.76 52.76
5737 0.5 0 0 0 4937 0.2 50 0 0 180 59.30 52.53 52.53
5737 0.5 0 0 0 4937 0.2 60 0 0 0 58.01 52.76 52.76
5737 0.5 0 0 0 4937 0.2 60 0 0 30 57.91 53.09 53.09
5737 0.5 0 0 0 4937 0.2 60 0 0 60 58.09 53.21 53.21
5737 0.5 0 0 0 4937 0.2 60 0 0 90 58.14 53.34 53.34
5737 0.5 0 0 0 4937 0.2 60 0 0 120 58.01 53.47 53.47
5737 0.5 0 0 0 4937 0.2 60 0 0 150 58.04 53.89 53.89
5737 0.5 0 0 0 4937 0.2 60 0 0 180 57.96 53.61 53.61
5737 0.5 0 0 0 4937 0.3 0 0 0 0 60.23 52.85 52.85
5737 0.5 0 0 0 4937 0.3 0 0 0 30 60.43 53.15 53.15
5737 0.5 0 0 0 4937 0.3 0 0 0 60 60.28 53.14 53.14
5737 0.5 0 0 0 4937 0.3 0 0 0 90 60.12 52.91 52.91
5737 0.5 0 0 0 4937 0.3 0 0 0 120 60.36 53.31 53.31
5737 0.5 0 0 0 4937 0.3 0 0 0 150 60.24 53.60 53.60
5737 0.5 0 0 0 4937 0.3 0 0 0 180 60.30 53.59 53.59
5737 0.5 0 0 0 4937 0.3 10 0 0 0 60.17 52.73 52.73
5737 0.5 0 0 0 4937 0.3 10 0 0 30 60.37 53.01 53.01
5737 0.5 0 0 0 4937 0.3 10 0 0 60 60.22 52.84 52.84
5737 0.5 0 0 0 4937 0.3 10 0 0 90 60.04 52.73 52.73
5737 0.5 0 0 0 4937 0.3 10 0 0 120 60.30 53.20 53.20
5737 0.5 0 0 0 4937 0.3 10 0 0 150 60.16 53.33 53.33
5737 0.5 0 0 0 4937 0.3 10 0 0 180 60.23 53.52 53.52
5737 0.5 0 0 0 4937 0.3 20 0 0 0 59.95 51.87 51.87
5737 0.5 0 0 0 4937 0.3 20 0 0 30 60.18 51.99 51.99
5737 0.5 0 0 0 4937 0.3 20 0 0 60 60.02 51.83 51.83
5737 0.5 0 0 0 4937 0.3 20 0 0 90 59.83 51.84 51.84
5737 0.5 0 0 0 4937 0.3 20 0 0 120 60.10 52.31 52.31
5737 0.5 0 0 0 4937 0.3 20 0 0 150 59.95 52.33 52.33
5737 0.5 0 0 0 4937 0.3 20 0 0 180 60.02 52.62 52.62
5737 0.5 0 0 0 4937 0.3 30 0 0 0 59.58 50.61 50.61
5737 0.5 0 0 0 4937 0.3 30 0 0 30 59.82 50.56 50.56
5737 0.5 0 0 0 4937 0.3 30 0 0 60 59.69 50.49 50.49
5737 0.5 0 0 0 4937 0.3 30 0 0 90 59.47 50.67 50.67
5737 0.5 0 0 0 4937 0.3 30 0 0 120 59.73 50.86 50.86
5737 0.5 0 0 0 4937 0.3 30 0 0 150 59.58 50.81 50.81
5737 0.5 0 0 0 4937 0.3 30 0 0 180 59.64 51.05 51.05
5737 0.5 0 0 0 4937 0.3 40 0 0 0 59.02 50.58 50.58
5737 0.5 0 0 0 4937 0.3 40 0 0 30 59.27 50.56 50.56
5737 0.5 0 0 0 4937 0.3 40 0 0 60 59.14 50.53 50.53
5737 0.5 0 0 0 4937 0.3 40 0 0 90 58.93 50.75 50.75
5737 0.5 0 0 0 4937 0.3 40 0 0 120 59.16 50.84 50.84
5737 0.5 0 0 0 4937 0.3 40 0 0 150 59.03 51.01 51.01
5737 0.5 0 0 0 4937 0.3 40 0 0 180 59.08 51.23 51.23
5737 0.5 0 0 0 4937 0.3 50 0 0 0 58.24 51.18 51.18
5737 0.5 0 0 0 4937 0.3 50 0 0 30 58.39 51.21 51.21
5737 0.5 0 0 0 4937 0.3 50 0 0 60 58.28 51.27 51.27
5737 0.5 0 0 0 4937 0.3 50 0 0 90 58.14 51.41 51.41
5737 0.5 0 0 0 4937 0.3 50 0 0 120 58.32 51.38 51.38
5737 0.5 0 0 0 4937 0.3 50 0 0 150 58.17 51.71 51.71
5737 0.5 0 0 0 4937 0.3 50 0 0 180 58.23 51.65 51.65
5737 0.5 0 0 0 4937 0.3 60 0 0 0 56.94 51.67 51.67
5737 0.5 0 0 0 4937 0.3 60 0 0 30 56.95 51.83 51.83
5737 0.5 0 0 0 4937 0.3 60 0 0 60 56.80 52.06 52.06
5737 0.5 0 0 0 4937 0.3 60 0 0 90 56.72 52.26 52.26
5737 0.5 0 0 0 4937 0.3 60 0 0 120 56.96 52.24 52.24
5737 0.5 0 0 0 4937 0.3 60 0 0 150 56.68 52.83 52.83
5737 0.5 0 0 0 4937 0.3 60 0 0 180 56.85 52.62 52.62
5737 0.5 0 0 0 4937 0.4 0 0 0 0 59.33 51.64 51.64
5737 0.5 0 0 0 4937 0.4 0 0 0 30 59.45 51.81 51.81
5737 0.5 0 0 0 4937 0.4 0 0 0 60 59.41 51.77 51.77
5737 0.5 0 0 0 4937 0.4 0 0 0 90 59.11 51.67 51.67
5737 0.5 0 0 0 4937 0.4 0 0 0 120 59.26 51.83 51.83
5737 0.5 0 0 0 4937 0.4 0 0 0 150 59.34 52.25 52.25
5737 0.5 0 0 0 4937 0.4 0 0 0 180 59.32 52.35 52.35
5737 0.5 0 0 0 4937 0.4 10 0 0 0 59.26 51.52 51.52
5737 0.5 0 0 0 4937 0.4 10 0 0 30 59.39 51.74 51.74
5737 0.5 0 0 0 4937 0.4 10 0 0 60 59.34 51.63 51.63
5737 0.5 0 0 0 4937 0.4 10 0 0 90 59.03 51.34 51.34
5737 0.5 0 0 0 4937 0.4 10 0 0 120 59.18 51.71 51.71
5737 0.5 0 0 0 4937 0.4 10 0 0 150 59.29 52.13 52.13
5737 0.5 0 0 0 4937 0.4 10 0 0 180 59.25 52.29 52.29
5737 0.5 0 0 0 4937 0.4 20 0 0 0 59.04 50.18 50.18
5737 0.5 0 0 0 4937 0.4 20 0 0 30 59.18 50.40 50.40
5737 0.5 0 0 0 4937 0.4 20 0 0 60 59.14 50.28 50.28
5737 0.5 0 0 0 4937 0.4 20 0 0 90 58.82 49.95 49.95
5737 0.5 0 0 0 4937 0.4 20 0 0 120 58.96 50.36 50.36
5737 0.5 0 0 0 4937 0.4 20 0 0 150 59.09 50.77 50.77
5737 0.5 0 0 0 4937 0.4 20 0 0 180 59.03 50.91 50.91
5737 0.5 0 0 0 4937 0.4 30 0 0 0 58.66 49.70 49.70
5737 0.5 0 0 0 4937 0.4 30 0 0 30 58.81 49.90 49.90
5737 0.5 0 0 0 4937 0.4 30 0 0 60 58.76 49.82 49.82
5737 0.5 0 0 0 4937 0.4 30 0 0 90 58.46 49.65 49.65
5737 0.5 0 0 0 4937 0.4 30 0 0 120 58.57 49.79 49.79
5737 0.5 0 0 0 4937 0.4 30 0 0 150 58.71 50.17 50.17
5737 0.5 0 0 0 4937 0.4 30 0 0 180 58.63 50.25 50.25
5737 0.5 0 0 0 4937 0.4 40 0 0 0 58.08 49.85 49.85
