4937 0.4 30 0 0 4737 0.0 0 0 0 0 61.9 53.4 53.4
4937 0.4 30 0 0 4737 0.0 0 0 0 30 62.1 53.1 53.1
4937 0.4 30 0 0 4737 0.0 0 0 0 60 62.0 52.7 52.7
4937 0.4 30 0 0 4737 0.0 0 0 0 90 61.7 52.3 52.3
4937 0.4 30 0 0 4737 0.0 0 0 0 120 61.4 51.9 51.9
4937 0.4 30 0 0 4737 0.0 0 0 0 150 61.1 51.7 51.7
4937 0.4 30 0 0 4737 0.0 0 0 0 180 61.0 51.6 51.6
4937 0.4 30 0 0 4737 0.0 10 0 0 0 61.9 52.9 52.9
4937 0.4 30 0 0 4737 0.0 10 0 0 30 62.1 52.6 52.6
4937 0.4 30 0 0 4737 0.0 10 0 0 60 62.0 52.3 52.3
4937 0.4 30 0 0 4737 0.0 10 0 0 90 61.6 51.9 51.9
4937 0.4 30 0 0 4737 0.0 10 0 0 120 61.3 51.6 51.6
4937 0.4 30 0 0 4737 0.0 10 0 0 150 61.0 51.3 51.3
4937 0.4 30 0 0 4737 0.0 10 0 0 180 60.9 51.2 51.2
4937 0.4 30 0 0 4737 0.0 20 0 0 0 61.7 51.4 51.4
4937 0.4 30 0 0 4737 0.0 20 0 0 30 61.9 51.2 51.2
4937 0.4 30 0 0 4737 0.0 20 0 0 60 61.8 50.9 50.9
4937 0.4 30 0 0 4737 0.0 20 0 0 90 61.5 50.6 50.6
4937 0.4 30 0 0 4737 0.0 20 0 0 120 61.1 50.3 50.3
4937 0.4 30 0 0 4737 0.0 20 0 0 150 60.8 50.1 50.1
4937 0.4 30 0 0 4737 0.0 20 0 0 180 60.7 50.0 50.0
4937 0.4 30 0 0 4737 0.0 30 0 0 0 61.4 48.3 48.3
4937 0.4 30 0 0 4737 0.0 30 0 0 30 61.6 48.2 48.2
4937 0.4 30 0 0 4737 0.0 30 0 0 60 61.5 48.0 48.0
4937 0.4 30 0 0 4737 0.0 30 0 0 90 61.1 47.7 47.7
4937 0.4 30 0 0 4737 0.0 30 0 0 120 60.8 47.6 47.6
4937 0.4 30 0 0 4737 0.0 30 0 0 150 60.5 47.6 47.6
4937 0.4 30 0 0 4737 0.0 30 0 0 180 60.4 47.7 47.7
4937 0.4 30 0 0 4737 0.0 40 0 0 0 60.8 48.3 48.3
4937 0.4 30 0 0 4737 0.0 40 0 0 30 61.1 48.2 48.2
4937 0.4 30 0 0 4737 0.0 40 0 0 60 60.9 47.9 47.9
4937 0.4 30 0 0 4737 0.0 40 0 0 90 60.6 47.7 47.7
4937 0.4 30 0 0 4737 0.0 40 0 0 120 60.2 47.5 47.5
4937 0.4 30 0 0 4737 0.0 40 0 0 150 59.9 47.5 47.5
4937 0.4 30 0 0 4737 0.0 40 0 0 180 59.8 47.6 47.6
4937 0.4 30 0 0 4737 0.0 50 0 0 0 60.1 49.2 49.2
4937 0.4 30 0 0 4737 0.0 50 0 0 30 60.3 49.1 49.1
4937 0.4 30 0 0 4737 0.0 50 0 0 60 60.1 48.8 48.8
4937 0.4 30 0 0 4737 0.0 50 0 0 90 59.8 48.5 48.5
4937 0.4 30 0 0 4737 0.0 50 0 0 120 59.4 48.3 48.3
4937 0.4 30 0 0 4737 0.0 50 0 0 150 59.1 48.1 48.1
4937 0.4 30 0 0 4737 0.0 50 0 0 180 59.0 48.0 48.0
4937 0.4 30 0 0 4737 0.0 60 0 0 0 58.6 50.4 50.4
4937 0.4 30 0 0 4737 0.0 60 0 0 30 58.9 50.6 50.6
4937 0.4 30 0 0 4737 0.0 60 0 0 60 58.7 50.4 50.4
4937 0.4 30 0 0 4737 0.0 60 0 0 90 58.4 50.1 50.1
4937 0.4 30 0 0 4737 0.0 60 0 0 120 58.0 49.7 49.7
4937 0.4 30 0 0 4737 0.0 60 0 0 150 57.8 49.5 49.5
4937 0.4 30 0 0 4737 0.0 60 0 0 180 57.8 49.3 49.3
4937 0.4 30 0 0 4737 0.1 0 0 0 0 61.1 52.4 52.4
4937 0.4 30 0 0 4737 0.1 0 0 0 30 61.3 52.2 52.2
4937 0.4 30 0 0 4737 0.1 0 0 0 60 61.2 51.8 51.8
4937 0.4 30 0 0 4737 0.1 0 0 0 90 61.0 51.4 51.4
4937 0.4 30 0 0 4737 0.1 0 0 0 120 60.6 51.0 51.0
4937 0.4 30 0 0 4737 0.1 0 0 0 150 60.3 50.7 50.7
4937 0.4 30 0 0 4737 0.1 0 0 0 180 60.1 50.5 50.5
4937 0.4 30 0 0 4737 0.1 10 0 0 0 61.0 51.9 51.9
4937 0.4 30 0 0 4737 0.1 10 0 0 30 61.2 51.7 51.7
4937 0.4 30 0 0 4737 0.1 10 0 0 60 61.2 51.4 51.4
4937 0.4 30 0 0 4737 0.1 10 0 0 90 60.9 51.0 51.0
4937 0.4 30 0 0 4737 0.1 10 0 0 120 60.6 50.7 50.7
4937 0.4 30 0 0 4737 0.1 10 0 0 150 60.2 50.3 50.3
4937 0.4 30 0 0 4737 0.1 10 0 0 180 60.1 50.1 50.1
4937 0.4 30 0 0 4737 0.1 20 0 0 0 60.9 50.4 50.4
4937 0.4 30 0 0 4737 0.1 20 0 0 30 61.0 50.2 50.2
4937 0.4 30 0 0 4737 0.1 20 0 0 60 61.0 50.0 50.0
4937 0.4 30 0 0 4737 0.1 20 0 0 90 60.7 49.6 49.6
4937 0.4 30 0 0 4737 0.1 20 0 0 120 60.4 49.3 49.3
4937 0.4 30 0 0 4737 0.1 20 0 0 150 60.0 49.0 49.0
4937 0.4 30 0 0 4737 0.1 20 0 0 180 59.9 48.8 48.8
4937 0.4 30 0 0 4737 0.1 30 0 0 0 60.5 47.5 47.5
4937 0.4 30 0 0 4737 0.1 30 0 0 30 60.7 47.3 47.3
4937 0.4 30 0 0 4737 0.1 30 0 0 60 60.6 47.1 47.1
4937 0.4 30 0 0 4737 0.1 30 0 0 90 60.4 46.8 46.8
4937 0.4 30 0 0 4737 0.1 30 0 0 120 60.0 46.5 46.5
4937 0.4 30 0 0 4737 0.1 30 0 0 150 59.6 46.4 46.4
4937 0.4 30 0 0 4737 0.1 30 0 0 180 59.5 46.4 46.4
4937 0.4 30 0 0 4737 0.1 40 0 0 0 60.0 47.6 47.6
4937 0.4 30 0 0 4737 0.1 40 0 0 30 60.2 47.5 47.5
4937 0.4 30 0 0 4737 0.1 40 0 0 60 60.1 47.2 47.2
4937 0.4 30 0 0 4737 0.1 40 0 0 90 59.8 46.9 46.9
4937 0.4 30 0 0 4737 0.1 40 0 0 120 59.4 46.6 46.6
4937 0.4 30 0 0 4737 0.1 40 0 0 150 59.0 46.4 46.4
4937 0.4 30 0 0 4737 0.1 40 0 0 180 58.9 46.4 46.4
4937 0.4 30 0 0 4737 0.1 50 0 0 0 59.2 48.5 48.5
4937 0.4 30 0 0 4737 0.1 50 0 0 30 59.4 48.4 48.4
4937 0.4 30 0 0 4737 0.1 50 0 0 60 59.4 48.2 48.2
4937 0.4 30 0 0 4737 0.1 50 0 0 90 59.0 47.9 47.9
4937 0.4 30 0 0 4737 0.1 50 0 0 120 58.6 47.5 47.5
4937 0.4 30 0 0 4737 0.1 50 0 0 150 58.2 47.1 47.1
4937 0.4 30 0 0 4737 0.1 50 0 0 180 58.1 46.9 46.9
4937 0.4 30 0 0 4737 0.1 60 0 0 0 57.8 49.4 49.4
4937 0.4 30 0 0 4737 0.1 60 0 0 30 58.0 49.6 49.6
4937 0.4 30 0 0 4737 0.1 60 0 0 60 58.0 49.7 49.7
4937 0.4 30 0 0 4737 0.1 60 0 0 90 57.7 49.4 49.4
4937 0.4 30 0 0 4737 0.1 60 0 0 120 57.3 49.0 49.0
4937 0.4 30 0 0 4737 0.1 60 0 0 150 56.9 48.7 48.7
4937 0.4 30 0 0 4737 0.1 60 0 0 180 56.7 48.3 48.3
4937 0.4 30 0 0 4737 0.2 0 0 0 0 60.3 51.4 51.4
4937 0.4 30 0 0 4737 0.2 0 0 0 30 60.5 51.2 51.2
4937 0.4 30 0 0 4737 0.2 0 0 0 60 60.4 50.9 50.9
4937 0.4 30 0 0 4737 0.2 0 0 0 90 60.2 50.6 50.6
4937 0.4 30 0 0 4737 0.2 0 0 0 120 59.9 50.1 50.1
4937 0.4 30 0 0 4737 0.2 0 0 0 150 59.4 49.7 49.7
4937 0.4 30 0 0 4737 0.2 0 0 0 180 59.3 49.4 49.4
4937 0.4 30 0 0 4737 0.2 10 0 0 0 60.2 50.8 50.8
4937 0.4 30 0 0 4737 0.2 10 0 0 30 60.4 50.7 50.7
4937 0.4 30 0 0 4737 0.2 10 0 0 60 60.4 50.5 50.5
4937 0.4 30 0 0 4737 0.2 10 0 0 90 60.2 50.1 50.1
4937 0.4 30 0 0 4737 0.2 10 0 0 120 59.8 49.7 49.7
4937 0.4 30 0 0 4737 0.2 10 0 0 150 59.4 49.3 49.3
4937 0.4 30 0 0 4737 0.2 10 0 0 180 59.2 49.0 49.0
4937 0.4 30 0 0 4737 0.2 20 0 0 0 60.0 49.3 49.3
4937 0.4 30 0 0 4737 0.2 20 0 0 30 60.2 49.2 49.2
4937 0.4 30 0 0 4737 0.2 20 0 0 60 60.2 49.0 49.0
4937 0.4 30 0 0 4737 0.2 20 0 0 90 60.0 48.6 48.6
4937 0.4 30 0 0 4737 0.2 20 0 0 120 59.6 48.2 48.2
4937 0.4 30 0 0 4737 0.2 20 0 0 150 59.1 47.8 47.8
4937 0.4 30 0 0 4737 0.2 20 0 0 180 59.0 47.6 47.6
4937 0.4 30 0 0 4737 0.2 30 0 0 0 59.7 46.8 46.8
4937 0.4 30 0 0 4737 0.2 30 0 0 30 59.8 46.7 46.7
4937 0.4 30 0 0 4737 0.2 30 0 0 60 59.8 46.4 46.4
4937 0.4 30 0 0 4737 0.2 30 0 0 90 59.6 46.1 46.1
4937 0.4 30 0 0 4737 0.2 30 0 0 120 59.2 45.7 45.7
4937 0.4 30 0 0 4737 0.2 30 0 0 150 58.8 45.3 45.3
4937 0.4 30 0 0 4737 0.2 30 0 0 180 58.6 45.3 45.3
4937 0.4 30 0 0 4737 0.2 40 0 0 0 59.2 46.9 46.9
4937 0.4 30 0 0 4737 0.2 40 0 0 30 59.3 46.8 46.8
4937 0.4 30 0 0 4737 0.2 40 0 0 60 59.3 46.6 46.6
4937 0.4 30 0 0 4737 0.2 40 0 0 90 59.1 46.3 46.3
4937 0.4 30 0 0 4737 0.2 40 0 0 120 58.7 45.9 45.9
4937 0.4 30 0 0 4737 0.2 40 0 0 150 58.2 45.5 45.5
4937 0.4 30 0 0 4737 0.2 40 0 0 180 58.0 45.4 45.4
4937 0.4 30 0 0 4737 0.2 50 0 0 0 58.4 47.6 47.6
4937 0.4 30 0 0 4737 0.2 50 0 0 30 58.5 47.7 47.7
4937 0.4 30 0 0 4737 0.2 50 0 0 60 58.6 47.6 47.6
4937 0.4 30 0 0 4737 0.2 50 0 0 90 58.3 47.2 47.2
4937 0.4 30 0 0 4737 0.2 50 0 0 120 57.9 46.8 46.8
4937 0.4 30 0 0 4737 0.2 50 0 0 150 57.3 46.4 46.4
4937 0.4 30 0 0 4737 0.2 50 0 0 180 57.1 46.0 46.0
4937 0.4 30 0 0 4737 0.2 60 0 0 0 56.8 48.4 48.4
4937 0.4 30 0 0 4737 0.2 60 0 0 30 57.1 48.7 48.7
4937 0.4 30 0 0 4737 0.2 60 0 0 60 57.2 48.8 48.8
4937 0.4 30 0 0 4737 0.2 60 0 0 90 57.1 48.7 48.7
4937 0.4 30 0 0 4737 0.2 60 0 0 120 56.6 48.3 48.3
4937 0.4 30 0 0 4737 0.2 60 0 0 150 56.0 47.9 47.9
4937 0.4 30 0 0 4737 0.2 60 0 0 180 55.6 47.4 47.4
4937 0.4 30 0 0 4737 0.3 0 0 0 0 59.5 50.3 50.3
4937 0.4 30 0 0 4737 0.3 0 0 0 30 59.6 50.2 50.2
4937 0.4 30 0 0 4737 0.3 0 0 0 60 59.6 50.0 50.0
4937 0.4 30 0 0 4737 0.3 0 0 0 90 59.5 49.6 49.6
4937 0.4 30 0 0 4737 0.3 0 0 0 120 59.1 49.2 49.2
4937 0.4 30 0 0 4737 0.3 0 0 0 150 58.6 48.7 48.7
4937 0.4 30 0 0 4737 0.3 0 0 0 180 58.5 48.2 48.2
4937 0.4 30 0 0 4737 0.3 10 0 0 0 59.4 49.8 49.8
4937 0.4 30 0 0 4737 0.3 10 0 0 30 59.6 49.6 49.6
4937 0.4 30 0 0 4737 0.3 10 0 0 60 59.6 49.5 49.5
4937 0.4 30 0 0 4737 0.3 10 0 0 90 59.4 49.1 49.1
4937 0.4 30 0 0 4737 0.3 10 0 0 120 59.1 48.7 48.7
4937 0.4 30 0 0 4737 0.3 10 0 0 150 58.6 48.2 48.2
4937 0.4 30 0 0 4737 0.3 10 0 0 180 58.4 47.8 47.8
4937 0.4 30 0 0 4737 0.3 20 0 0 0 59.2 48.0 48.0
4937 0.4 30 0 0 4737 0.3 20 0 0 30 59.4 47.9 47.9
4937 0.4 30 0 0 4737 0.3 20 0 0 60 59.4 47.7 47.7
4937 0.4 30 0 0 4737 0.3 20 0 0 90 59.2 47.4 47.4
4937 0.4 30 0 0 4737 0.3 20 0 0 120 58.9 46.9 46.9
4937 0.4 30 0 0 4737 0.3 20 0 0 150 58.3 46.4 46.4
4937 0.4 30 0 0 4737 0.3 20 0 0 180 58.2 46.0 46.0
4937 0.4 30 0 0 4737 0.3 30 0 0 0 58.9 46.1 46.1
4937 0.4 30 0 0 4737 0.3 30 0 0 30 59.0 46.0 46.0
4937 0.4 30 0 0 4737 0.3 30 0 0 60 59.1 45.9 45.9
4937 0.4 30 0 0 4737 0.3 30 0 0 90 58.9 45.6 45.6
4937 0.4 30 0 0 4737 0.3 30 0 0 120 58.5 45.1 45.1
4937 0.4 30 0 0 4737 0.3 30 0 0 150 57.9 44.6 44.6
4937 0.4 30 0 0 4737 0.3 30 0 0 180 57.8 44.3 44.3
4937 0.4 30 0 0 4737 0.3 40 0 0 0 58.3 46.4 46.4
4937 0.4 30 0 0 4737 0.3 40 0 0 30 58.5 46.3 46.3
4937 0.4 30 0 0 4737 0.3 40 0 0 60 58.6 46.1 46.1
4937 0.4 30 0 0 4737 0.3 40 0 0 90 58.3 45.8 45.8
4937 0.4 30 0 0 4737 0.3 40 0 0 120 57.9 45.4 45.4
4937 0.4 30 0 0 4737 0.3 40 0 0 150 57.3 44.9 44.9
4937 0.4 30 0 0 4737 0.3 40 0 0 180 57.1 44.5 44.5
4937 0.4 30 0 0 4737 0.3 50 0 0 0 57.5 46.9 46.9
4937 0.4 30 0 0 4737 0.3 50 0 0 30 57.7 47.0 47.0
4937 0.4 30 0 0 4737 0.3 50 0 0 60 57.8 47.0 47.0
4937 0.4 30 0 0 4737 0.3 50 0 0 90 57.6 46.8 46.8
4937 0.4 30 0 0 4737 0.3 50 0 0 120 57.2 46.3 46.3
4937 0.4 30 0 0 4737 0.3 50 0 0 150 56.4 45.7 45.7
4937 0.4 30 0 0 4737 0.3 50 0 0 180 56.1 45.1 45.1
4937 0.4 30 0 0 4737 0.3 60 0 0 0 55.9 47.5 47.5
4937 0.4 30 0 0 4737 0.3 60 0 0 30 56.1 47.7 47.7
4937 0.4 30 0 0 4737 0.3 60 0 0 60 56.3 47.8 47.8
4937 0.4 30 0 0 4737 0.3 60 0 0 90 56.3 47.8 47.8
4937 0.4 30 0 0 4737 0.3 60 0 0 120 56.0 47.6 47.6
4937 0.4 30 0 0 4737 0.3 60 0 0 150 55.2 47.1 47.1
4937 0.4 30 0 0 4737 0.3 60 0 0 180 54.5 46.4 46.4
4937 0.4 30 0 0 4737 0.4 0 0 0 0 58.7 49.1 49.1
4937 0.4 30 0 0 4737 0.4 0 0 0 30 58.8 49.0 49.0
4937 0.4 30 0 0 4737 0.4 0 0 0 60 58.8 48.9 48.9
4937 0.4 30 0 0 4737 0.4 0 0 0 90 58.7 48.6 48.6
4937 0.4 30 0 0 4737 0.4 0 0 0 120 58.4 48.1 48.1
4937 0.4 30 0 0 4737 0.4 0 0 0 150 57.8 47.5 47.5
4937 0.4 30 0 0 4737 0.4 0 0 0 180 57.6 46.9 46.9
4937 0.4 30 0 0 4737 0.4 10 0 0 0 58.6 48.6 48.6
4937 0.4 30 0 0 4737 0.4 10 0 0 30 58.7 48.5 48.5
4937 0.4 30 0 0 4737 0.4 10 0 0 60 58.8 48.3 48.3
4937 0.4 30 0 0 4737 0.4 10 0 0 90 58.6 48.0 48.0
4937 0.4 30 0 0 4737 0.4 10 0 0 120 58.3 47.5 47.5
4937 0.4 30 0 0 4737 0.4 10 0 0 150 57.8 46.9 46.9
4937 0.4 30 0 0 4737 0.4 10 0 0 180 57.6 46.4 46.4
4937 0.4 30 0 0 4737 0.4 20 0 0 0 58.5 46.5 46.5
4937 0.4 30 0 0 4737 0.4 20 0 0 30 58.5 46.4 46.4
4937 0.4 30 0 0 4737 0.4 20 0 0 60 58.6 46.2 46.2
4937 0.4 30 0 0 4737 0.4 20 0 0 90 58.5 46.0 46.0
4937 0.4 30 0 0 4737 0.4 20 0 0 120 58.1 45.4 45.4
4937 0.4 30 0 0 4737 0.4 20 0 0 150 57.5 44.8 44.8
4937 0.4 30 0 0 4737 0.4 20 0 0 180 57.3 44.2 44.2
4937 0.4 30 0 0 4737 0.4 30 0 0 0 58.1 45.8 45.8
4937 0.4 30 0 0 4737 0.4 30 0 0 30 58.2 45.7 45.7
4937 0.4 30 0 0 4737 0.4 30 0 0 60 58.3 45.6 45.6
4937 0.4 30 0 0 4737 0.4 30 0 0 90 58.1 45.3 45.3
4937 0.4 30 0 0 4737 0.4 30 0 0 120 57.8 44.7 44.7
4937 0.4 30 0 0 4737 0.4 30 0 0 150 57.1 44.0 44.0
4937 0.4 30 0 0 4737 0.4 30 0 0 180 56.9 43.4 43.4
4937 0.4 30 0 0 4737 0.4 40 0 0 0 57.5 46.0 46.0
4937 0.4 30 0 0 4737 0.4 40 0 0 30 57.7 46.0 46.0
4937 0.4 30 0 0 4737 0.4 40 0 0 60 57.8 45.9 45.9
4937 0.4 30 0 0 4737 0.4 40 0 0 90 57.7 45.6 45.6
4937 0.4 30 0 0 4737 0.4 40 0 0 120 57.3 45.1 45.1
4937 0.4 30 0 0 4737 0.4 40 0 0 150 56.5 44.4 44.4
4937 0.4 30 0 0 4737 0.4 40 0 0 180 56.1 43.7 43.7
4937 0.4 30 0 0 4737 0.4 50 0 0 0 56.7 46.3 46.3
4937 0.4 30 0 0 4737 0.4 50 0 0 30 56.9 46.4 46.4
4937 0.4 30 0 0 4737 0.4 50 0 0 60 57.0 46.4 46.4
4937 0.4 30 0 0 4737 0.4 50 0 0 90 57.0 46.4 46.4
4937 0.4 30 0 0 4737 0.4 50 0 0 120 56.6 46.0 46.0
4937 0.4 30 0 0 4737 0.4 50 0 0 150 55.7 45.3 45.3
4937 0.4 30 0 0 4737 0.4 50 0 0 180 55.1 44.5 44.5
4937 0.4 30 0 0 4737 0.4 60 0 0 0 54.7 46.6 46.6
4937 0.4 30 0 0 4737 0.4 60 0 0 30 54.9 46.8 46.8
4937 0.4 30 0 0 4737 0.4 60 0 0 60 55.1 46.9 46.9
4937 0.4 30 0 0 4737 0.4 60 0 0 90 55.3 47.0 47.0
4937 0.4 30 0 0 4737 0.4 60 0 0 120 55.3 46.8 46.8
4937 0.4 30 0 0 4737 0.4 60 0 0 150 54.4 46.4 46.4
4937 0.4 30 0 0 4737 0.4 60 0 0 180 53.1 45.5 45.5
4937 0.4 30 0 0 4737 0.5 0 0 0 0 57.9 47.5 47.5
4937 0.4 30 0 0 4737 0.5 0 0 0 30 58.0 47.5 47.5
4937 0.4 30 0 0 4737 0.5 0 0 0 60 58.0 47.4 47.4
4937 0.4 30 0 0 4737 0.5 0 0 0 90 58.0 47.1 47.1
4937 0.4 30 0 0 4737 0.5 0 0 0 120 57.7 46.7 46.7
4937 0.4 30 0 0 4737 0.5 0 0 0 150 57.0 46.1 46.1
4937 0.4 30 0 0 4737 0.5 0 0 0 180 56.7 45.2 45.2
4937 0.4 30 0 0 4737 0.5 10 0 0 0 57.8 46.8 46.8
4937 0.4 30 0 0 4737 0.5 10 0 0 30 57.9 46.7 46.7
4937 0.4 30 0 0 4737 0.5 10 0 0 60 58.0 46.6 46.6
4937 0.4 30 0 0 4737 0.5 10 0 0 90 57.9 46.4 46.4
4937 0.4 30 0 0 4737 0.5 10 0 0 120 57.6 45.9 45.9
4937 0.4 30 0 0 4737 0.5 10 0 0 150 57.0 45.2 45.2
4937 0.4 30 0 0 4737 0.5 10 0 0 180 56.6 44.3 44.3
4937 0.4 30 0 0 4737 0.5 20 0 0 0 57.6 45.9 45.9
4937 0.4 30 0 0 4737 0.5 20 0 0 30 57.8 45.8 45.8
4937 0.4 30 0 0 4737 0.5 20 0 0 60 57.8 45.7 45.7
4937 0.4 30 0 0 4737 0.5 20 0 0 90 57.7 45.5 45.5
4937 0.4 30 0 0 4737 0.5 20 0 0 120 57.5 45.0 45.0
4937 0.4 30 0 0 4737 0.5 20 0 0 150 56.7 44.2 44.2
4937 0.4 30 0 0 4737 0.5 20 0 0 180 56.3 43.3 43.3
4937 0.4 30 0 0 4737 0.5 30 0 0 0 57.3 45.7 45.7
4937 0.4 30 0 0 4737 0.5 30 0 0 30 57.4 45.6 45.6
4937 0.4 30 0 0 4737 0.5 30 0 0 60 57.5 45.5 45.5
4937 0.4 30 0 0 4737 0.5 30 0 0 90 57.4 45.3 45.3
4937 0.4 30 0 0 4737 0.5 30 0 0 120 57.2 44.8 44.8
4937 0.4 30 0 0 4737 0.5 30 0 0 150 56.3 43.9 43.9
4937 0.4 30 0 0 4737 0.5 30 0 0 180 55.8 42.9 42.9
4937 0.4 30 0 0 4737 0.5 40 0 0 0 56.7 45.7 45.7
4937 0.4 30 0 0 4737 0.5 40 0 0 30 56.9 45.7 45.7
4937 0.4 30 0 0 4737 0.5 40 0 0 60 57.0 45.7 45.7
4937 0.4 30 0 0 4737 0.5 40 0 0 90 57.0 45.6 45.6
4937 0.4 30 0 0 4737 0.5 40 0 0 120 56.8 45.1 45.1
4937 0.4 30 0 0 4737 0.5 40 0 0 150 55.8 44.3 44.3
4937 0.4 30 0 0 4737 0.5 40 0 0 180 55.0 43.3 43.3
4937 0.4 30 0 0 4737 0.5 50 0 0 0 55.7 45.7 45.7
4937 0.4 30 0 0 4737 0.5 50 0 0 30 55.9 45.8 45.8
4937 0.4 30 0 0 4737 0.5 50 0 0 60 56.0 45.9 45.9
4937 0.4 30 0 0 4737 0.5 50 0 0 90 56.1 45.9 45.9
4937 0.4 30 0 0 4737 0.5 50 0 0 120 56.1 45.7 45.7
4937 0.4 30 0 0 4737 0.5 50 0 0 150 55.0 44.9 44.9
4937 0.4 30 0 0 4737 0.5 50 0 0 180 53.8 43.8 43.8
4937 0.4 30 0 0 4737 0.5 60 0 0 0 53.9 45.9 45.9
4937 0.4 30 0 0 4737 0.5 60 0 0 30 54.0 46.0 46.0
4937 0.4 30 0 0 4737 0.5 60 0 0 60 54.3 46.0 46.0
4937 0.4 30 0 0 4737 0.5 60 0 0 90 54.5 46.2 46.2
4937 0.4 30 0 0 4737 0.5 60 0 0 120 54.6 46.2 46.2
4937 0.4 30 0 0 4737 0.5 60 0 0 150 53.8 45.8 45.8
4937 0.4 30 0 0 4737 0.5 60 0 0 180 52.2 44.6 44.6
4937 0.4 30 0 0 4937 0.0 0 0 0 0 47.2 41.9 41.9
4937 0.4 30 0 0 4937 0.0 0 0 0 30 49.7 45.7 45.7
4937 0.4 30 0 0 4937 0.0 0 0 0 60 56.8 51.5 51.5
4937 0.4 30 0 0 4937 0.0 0 0 0 90 64.4 58.0 58.0
4937 0.4 30 0 0 4937 0.0 0 0 0 120 70.0 62.0 62.0
4937 0.4 30 0 0 4937 0.0 0 0 0 150 73.9 62.8 62.8
4937 0.4 30 0 0 4937 0.0 0 0 0 180 75.6 61.6 61.6
4937 0.4 30 0 0 4937 0.0 10 0 0 0 47.1 41.3 41.3
4937 0.4 30 0 0 4937 0.0 10 0 0 30 49.6 44.5 44.5
4937 0.4 30 0 0 4937 0.0 10 0 0 60 56.6 50.6 50.6
4937 0.4 30 0 0 4937 0.0 10 0 0 90 64.4 57.0 57.0
4937 0.4 30 0 0 4937 0.0 10 0 0 120 69.9 60.8 60.8
4937 0.4 30 0 0 4937 0.0 10 0 0 150 73.8 62.5 62.5
4937 0.4 30 0 0 4937 0.0 10 0 0 180 75.5 62.1 62.1
4937 0.4 30 0 0 4937 0.0 20 0 0 0 47.0 40.2 40.2
4937 0.4 30 0 0 4937 0.0 20 0 0 30 49.4 42.7 42.7
4937 0.4 30 0 0 4937 0.0 20 0 0 60 56.4 48.7 48.7
4937 0.4 30 0 0 4937 0.0 20 0 0 90 64.2 54.8 54.8
4937 0.4 30 0 0 4937 0.0 20 0 0 120 69.8 58.6 58.6
4937 0.4 30 0 0 4937 0.0 20 0 0 150 73.6 60.9 60.9
4937 0.4 30 0 0 4937 0.0 20 0 0 180 75.3 61.2 61.2
4937 0.4 30 0 0 4937 0.0 30 0 0 0 46.7 38.2 38.2
4937 0.4 30 0 0 4937 0.0 30 0 0 30 49.0 40.3 40.3
4937 0.4 30 0 0 4937 0.0 30 0 0 60 56.0 45.3 45.3
4937 0.4 30 0 0 4937 0.0 30 0 0 90 63.9 50.8 50.8
4937 0.4 30 0 0 4937 0.0 30 0 0 120 69.4 54.7 54.7
4937 0.4 30 0 0 4937 0.0 30 0 0 150 73.2 57.3 57.3
4937 0.4 30 0 0 4937 0.0 30 0 0 180 74.9 58.1 58.1
4937 0.4 30 0 0 4937 0.0 40 0 0 0 46.4 38.1 38.1
4937 0.4 30 0 0 4937 0.0 40 0 0 30 48.5 40.2 40.2
4937 0.4 30 0 0 4937 0.0 40 0 0 60 55.4 44.8 44.8
4937 0.4 30 0 0 4937 0.0 40 0 0 90 63.5 49.9 49.9
4937 0.4 30 0 0 4937 0.0 40 0 0 120 68.9 53.8 53.8
4937 0.4 30 0 0 4937 0.0 40 0 0 150 72.4 56.7 56.7
4937 0.4 30 0 0 4937 0.0 40 0 0 180 74.1 58.1 58.1
4937 0.4 30 0 0 4937 0.0 50 0 0 0 45.8 38.5 38.5
4937 0.4 30 0 0 4937 0.0 50 0 0 30 47.9 40.6 40.6
4937 0.4 30 0 0 4937 0.0 50 0 0 60 54.7 45.1 45.1
4937 0.4 30 0 0 4937 0.0 50 0 0 90 62.8 49.8 49.8
4937 0.4 30 0 0 4937 0.0 50 0 0 120 68.0 53.7 53.7
4937 0.4 30 0 0 4937 0.0 50 0 0 150 71.3 56.8 56.8
4937 0.4 30 0 0 4937 0.0 50 0 0 180 72.9 58.8 58.8
4937 0.4 30 0 0 4937 0.0 60 0 0 0 44.9 39.6 39.6
4937 0.4 30 0 0 4937 0.0 60 0 0 30 47.1 41.5 41.5
4937 0.4 30 0 0 4937 0.0 60 0 0 60 53.5 45.9 45.9
4937 0.4 30 0 0 4937 0.0 60 0 0 90 61.4 50.4 50.4
4937 0.4 30 0 0 4937 0.0 60 0 0 120 66.3 54.2 54.2
4937 0.4 30 0 0 4937 0.0 60 0 0 150 69.3 57.5 57.5
4937 0.4 30 0 0 4937 0.0 60 0 0 180 70.8 60.0 60.0
4937 0.4 30 0 0 4937 0.1 0 0 0 0 45.1 40.1 40.1
4937 0.4 30 0 0 4937 0.1 0 0 0 30 47.6 43.8 43.8
4937 0.4 30 0 0 4937 0.1 0 0 0 60 54.1 48.8 48.8
4937 0.4 30 0 0 4937 0.1 0 0 0 90 61.5 54.9 54.9
4937 0.4 30 0 0 4937 0.1 0 0 0 120 67.5 59.8 59.8
4937 0.4 30 0 0 4937 0.1 0 0 0 150 72.3 62.5 62.5
4937 0.4 30 0 0 4937 0.1 0 0 0 180 74.4 60.7 60.7
4937 0.4 30 0 0 4937 0.1 10 0 0 0 45.1 39.4 39.4
4937 0.4 30 0 0 4937 0.1 10 0 0 30 47.5 42.5 42.5
4937 0.4 30 0 0 4937 0.1 10 0 0 60 54.0 47.8 47.8
4937 0.4 30 0 0 4937 0.1 10 0 0 90 61.5 53.9 53.9
4937 0.4 30 0 0 4937 0.1 10 0 0 120 67.5 58.5 58.5
4937 0.4 30 0 0 4937 0.1 10 0 0 150 72.2 61.7 61.7
4937 0.4 30 0 0 4937 0.1 10 0 0 180 74.3 61.2 61.2
4937 0.4 30 0 0 4937 0.1 20 0 0 0 44.9 38.1 38.1
4937 0.4 30 0 0 4937 0.1 20 0 0 30 47.2 40.5 40.5
4937 0.4 30 0 0 4937 0.1 20 0 0 60 53.7 46.0 46.0
4937 0.4 30 0 0 4937 0.1 20 0 0 90 61.3 51.8 51.8
4937 0.4 30 0 0 4937 0.1 20 0 0 120 67.3 56.3 56.3
4937 0.4 30 0 0 4937 0.1 20 0 0 150 72.0 59.7 59.7
4937 0.4 30 0 0 4937 0.1 20 0 0 180 74.1 60.7 60.7
4937 0.4 30 0 0 4937 0.1 30 0 0 0 44.6 36.0 36.0
4937 0.4 30 0 0 4937 0.1 30 0 0 30 46.8 37.9 37.9
4937 0.4 30 0 0 4937 0.1 30 0 0 60 53.4 42.4 42.4
4937 0.4 30 0 0 4937 0.1 30 0 0 90 61.0 47.8 47.8
4937 0.4 30 0 0 4937 0.1 30 0 0 120 67.0 52.3 52.3
4937 0.4 30 0 0 4937 0.1 30 0 0 150 71.6 55.9 55.9
4937 0.4 30 0 0 4937 0.1 30 0 0 180 73.6 57.9 57.9
4937 0.4 30 0 0 4937 0.1 40 0 0 0 44.1 36.1 36.1
4937 0.4 30 0 0 4937 0.1 40 0 0 30 46.3 38.0 38.0
4937 0.4 30 0 0 4937 0.1 40 0 0 60 52.8 42.0 42.0
4937 0.4 30 0 0 4937 0.1 40 0 0 90 60.5 46.9 46.9
4937 0.4 30 0 0 4937 0.1 40 0 0 120 66.4 51.3 51.3
4937 0.4 30 0 0 4937 0.1 40 0 0 150 70.9 55.0 55.0
4937 0.4 30 0 0 4937 0.1 40 0 0 180 72.9 57.6 57.6
4937 0.4 30 0 0 4937 0.1 50 0 0 0 43.5 36.5 36.5
4937 0.4 30 0 0 4937 0.1 50 0 0 30 45.6 38.4 38.4
4937 0.4 30 0 0 4937 0.1 50 0 0 60 52.1 42.3 42.3
4937 0.4 30 0 0 4937 0.1 50 0 0 90 59.8 46.8 46.8
4937 0.4 30 0 0 4937 0.1 50 0 0 120 65.6 51.2 51.2
4937 0.4 30 0 0 4937 0.1 50 0 0 150 69.7 55.1 55.1
4937 0.4 30 0 0 4937 0.1 50 0 0 180 71.7 58.2 58.2
4937 0.4 30 0 0 4937 0.1 60 0 0 0 42.7 37.9 37.9
4937 0.4 30 0 0 4937 0.1 60 0 0 30 44.8 39.5 39.5
4937 0.4 30 0 0 4937 0.1 60 0 0 60 50.9 43.0 43.0
4937 0.4 30 0 0 4937 0.1 60 0 0 90 58.6 47.3 47.3
4937 0.4 30 0 0 4937 0.1 60 0 0 120 64.0 51.6 51.6
4937 0.4 30 0 0 4937 0.1 60 0 0 150 67.8 55.7 55.7
4937 0.4 30 0 0 4937 0.1 60 0 0 180 69.6 59.0 59.0
4937 0.4 30 0 0 4937 0.2 0 0 0 0 43.1 38.5 38.5
4937 0.4 30 0 0 4937 0.2 0 0 0 30 45.8 41.9 41.9
4937 0.4 30 0 0 4937 0.2 0 0 0 60 51.7 46.2 46.2
4937 0.4 30 0 0 4937 0.2 0 0 0 90 58.6 51.8 51.8
4937 0.4 30 0 0 4937 0.2 0 0 0 120 64.8 57.2 57.2
4937 0.4 30 0 0 4937 0.2 0 0 0 150 70.4 61.3 61.3
4937 0.4 30 0 0 4937 0.2 0 0 0 180 72.9 59.6 59.6
4937 0.4 30 0 0 4937 0.2 10 0 0 0 43.0 37.5 37.5
4937 0.4 30 0 0 4937 0.2 10 0 0 30 45.6 40.6 40.6
4937 0.4 30 0 0 4937 0.2 10 0 0 60 51.6 45.2 45.2
4937 0.4 30 0 0 4937 0.2 10 0 0 90 58.5 50.8 50.8
4937 0.4 30 0 0 4937 0.2 10 0 0 120 64.8 55.9 55.9
4937 0.4 30 0 0 4937 0.2 10 0 0 150 70.4 60.2 60.2
4937 0.4 30 0 0 4937 0.2 10 0 0 180 72.8 60.2 60.2
4937 0.4 30 0 0 4937 0.2 20 0 0 0 42.8 35.9 35.9
4937 0.4 30 0 0 4937 0.2 20 0 0 30 45.4 38.5 38.5
4937 0.4 30 0 0 4937 0.2 20 0 0 60 51.3 43.2 43.2
4937 0.4 30 0 0 4937 0.2 20 0 0 90 58.3 48.6 48.6
4937 0.4 30 0 0 4937 0.2 20 0 0 120 64.6 53.6 53.6
4937 0.4 30 0 0 4937 0.2 20 0 0 150 70.2 58.1 58.1
4937 0.4 30 0 0 4937 0.2 20 0 0 180 72.5 59.8 59.8
4937 0.4 30 0 0 4937 0.2 30 0 0 0 42.5 33.9 33.9
4937 0.4 30 0 0 4937 0.2 30 0 0 30 45.0 35.6 35.6
4937 0.4 30 0 0 4937 0.2 30 0 0 60 50.9 39.9 39.9
4937 0.4 30 0 0 4937 0.2 30 0 0 90 58.0 44.9 44.9
4937 0.4 30 0 0 4937 0.2 30 0 0 120 64.3 49.8 49.8
4937 0.4 30 0 0 4937 0.2 30 0 0 150 69.7 54.4 54.4
4937 0.4 30 0 0 4937 0.2 30 0 0 180 72.1 57.4 57.4
4937 0.4 30 0 0 4937 0.2 40 0 0 0 42.0 34.1 34.1
4937 0.4 30 0 0 4937 0.2 40 0 0 30 44.4 35.9 35.9
4937 0.4 30 0 0 4937 0.2 40 0 0 60 50.4 39.4 39.4
4937 0.4 30 0 0 4937 0.2 40 0 0 90 57.5 44.0 44.0
4937 0.4 30 0 0 4937 0.2 40 0 0 120 63.7 48.8 48.8
4937 0.4 30 0 0 4937 0.2 40 0 0 150 69.0 53.5 53.5
4937 0.4 30 0 0 4937 0.2 40 0 0 180 71.3 57.1 57.1
4937 0.4 30 0 0 4937 0.2 50 0 0 0 41.3 34.7 34.7
4937 0.4 30 0 0 4937 0.2 50 0 0 30 43.7 36.4 36.4
4937 0.4 30 0 0 4937 0.2 50 0 0 60 49.6 39.7 39.7
4937 0.4 30 0 0 4937 0.2 50 0 0 90 56.7 43.9 43.9
4937 0.4 30 0 0 4937 0.2 50 0 0 120 62.9 48.6 48.6
4937 0.4 30 0 0 4937 0.2 50 0 0 150 67.9 53.3 53.3
4937 0.4 30 0 0 4937 0.2 50 0 0 180 70.1 57.3 57.3
4937 0.4 30 0 0 4937 0.2 60 0 0 0 40.8 36.4 36.4
4937 0.4 30 0 0 4937 0.2 60 0 0 30 42.8 37.6 37.6
4937 0.4 30 0 0 4937 0.2 60 0 0 60 48.5 40.5 40.5
4937 0.4 30 0 0 4937 0.2 60 0 0 90 55.5 44.3 44.3
4937 0.4 30 0 0 4937 0.2 60 0 0 120 61.4 48.9 48.9
4937 0.4 30 0 0 4937 0.2 60 0 0 150 66.0 53.7 53.7
4937 0.4 30 0 0 4937 0.2 60 0 0 180 68.0 58.0 58.0
4937 0.4 30 0 0 4937 0.3 0 0 0 0 41.1 37.9 37.9
4937 0.4 30 0 0 4937 0.3 0 0 0 30 44.6 40.0 40.0
4937 0.4 30 0 0 4937 0.3 0 0 0 60 49.5 43.7 43.7
4937 0.4 30 0 0 4937 0.3 0 0 0 90 55.7 48.7 48.7
4937 0.4 30 0 0 4937 0.3 0 0 0 120 62.0 54.3 54.3
4937 0.4 30 0 0 4937 0.3 0 0 0 150 68.4 59.4 59.4
4937 0.4 30 0 0 4937 0.3 0 0 0 180 71.1 58.4 58.4
4937 0.4 30 0 0 4937 0.3 10 0 0 0 41.1 35.9 35.9
4937 0.4 30 0 0 4937 0.3 10 0 0 30 44.5 38.8 38.8
4937 0.4 30 0 0 4937 0.3 10 0 0 60 49.4 42.6 42.6
4937 0.4 30 0 0 4937 0.3 10 0 0 90 55.6 47.6 47.6
4937 0.4 30 0 0 4937 0.3 10 0 0 120 61.9 53.0 53.0
4937 0.4 30 0 0 4937 0.3 10 0 0 150 68.3 58.3 58.3
4937 0.4 30 0 0 4937 0.3 10 0 0 180 71.1 59.0 59.0
4937 0.4 30 0 0 4937 0.3 20 0 0 0 40.8 33.7 33.7
4937 0.4 30 0 0 4937 0.3 20 0 0 30 44.2 36.6 36.6
4937 0.4 30 0 0 4937 0.3 20 0 0 60 49.1 40.5 40.5
4937 0.4 30 0 0 4937 0.3 20 0 0 90 55.4 45.3 45.3
4937 0.4 30 0 0 4937 0.3 20 0 0 120 61.7 50.5 50.5
4937 0.4 30 0 0 4937 0.3 20 0 0 150 68.1 56.0 56.0
4937 0.4 30 0 0 4937 0.3 20 0 0 180 70.8 58.2 58.2
4937 0.4 30 0 0 4937 0.3 30 0 0 0 40.5 31.9 31.9
4937 0.4 30 0 0 4937 0.3 30 0 0 30 43.8 33.8 33.8
4937 0.4 30 0 0 4937 0.3 30 0 0 60 48.7 37.6 37.6
4937 0.4 30 0 0 4937 0.3 30 0 0 90 55.0 42.1 42.1
4937 0.4 30 0 0 4937 0.3 30 0 0 120 61.4 47.3 47.3
4937 0.4 30 0 0 4937 0.3 30 0 0 150 67.7 52.7 52.7
4937 0.4 30 0 0 4937 0.3 30 0 0 180 70.3 56.2 56.2
4937 0.4 30 0 0 4937 0.3 40 0 0 0 40.0 32.2 32.2
4937 0.4 30 0 0 4937 0.3 40 0 0 30 43.3 33.9 33.9
4937 0.4 30 0 0 4937 0.3 40 0 0 60 48.2 37.1 37.1
4937 0.4 30 0 0 4937 0.3 40 0 0 90 54.4 41.3 41.3
4937 0.4 30 0 0 4937 0.3 40 0 0 120 60.8 46.2 46.2
4937 0.4 30 0 0 4937 0.3 40 0 0 150 67.0 51.7 51.7
4937 0.4 30 0 0 4937 0.3 40 0 0 180 69.5 56.1 56.1
4937 0.4 30 0 0 4937 0.3 50 0 0 0 39.5 33.2 33.2
4937 0.4 30 0 0 4937 0.3 50 0 0 30 42.5 34.5 34.5
4937 0.4 30 0 0 4937 0.3 50 0 0 60 47.4 37.2 37.2
4937 0.4 30 0 0 4937 0.3 50 0 0 90 53.6 41.1 41.1
4937 0.4 30 0 0 4937 0.3 50 0 0 120 60.0 45.9 45.9
4937 0.4 30 0 0 4937 0.3 50 0 0 150 65.9 51.5 51.5
4937 0.4 30 0 0 4937 0.3 50 0 0 180 68.2 56.5 56.5
4937 0.4 30 0 0 4937 0.3 60 0 0 0 39.6 35.0 35.0
4937 0.4 30 0 0 4937 0.3 60 0 0 30 41.6 36.0 36.0
4937 0.4 30 0 0 4937 0.3 60 0 0 60 46.2 38.2 38.2
4937 0.4 30 0 0 4937 0.3 60 0 0 90 52.5 41.5 41.5
4937 0.4 30 0 0 4937 0.3 60 0 0 120 58.5 46.0 46.0
4937 0.4 30 0 0 4937 0.3 60 0 0 150 63.9 51.6 51.6
4937 0.4 30 0 0 4937 0.3 60 0 0 180 66.1 57.0 57.0
4937 0.4 30 0 0 4937 0.4 0 0 0 0 40.3 37.6 37.6
4937 0.4 30 0 0 4937 0.4 0 0 0 30 43.6 38.8 38.8
4937 0.4 30 0 0 4937 0.4 0 0 0 60 47.5 41.2 41.2
4937 0.4 30 0 0 4937 0.4 0 0 0 90 52.8 45.5 45.5
4937 0.4 30 0 0 4937 0.4 0 0 0 120 59.0 51.0 51.0
4937 0.4 30 0 0 4937 0.4 0 0 0 150 66.1 57.1 57.1
4937 0.4 30 0 0 4937 0.4 0 0 0 180 69.3 57.1 57.1
4937 0.4 30 0 0 4937 0.4 10 0 0 0 40.1 35.4 35.4
4937 0.4 30 0 0 4937 0.4 10 0 0 30 43.5 37.0 37.0
4937 0.4 30 0 0 4937 0.4 10 0 0 60 47.4 40.2 40.2
4937 0.4 30 0 0 4937 0.4 10 0 0 90 52.7 44.3 44.3
4937 0.4 30 0 0 4937 0.4 10 0 0 120 58.9 49.7 49.7
4937 0.4 30 0 0 4937 0.4 10 0 0 150 66.0 56.0 56.0
4937 0.4 30 0 0 4937 0.4 10 0 0 180 69.2 57.4 57.4
4937 0.4 30 0 0 4937 0.4 20 0 0 0 39.8 31.9 31.9
4937 0.4 30 0 0 4937 0.4 20 0 0 30 43.2 34.3 34.3
4937 0.4 30 0 0 4937 0.4 20 0 0 60 47.1 37.4 37.4
4937 0.4 30 0 0 4937 0.4 20 0 0 90 52.4 41.5 41.5
4937 0.4 30 0 0 4937 0.4 20 0 0 120 58.7 46.7 46.7
4937 0.4 30 0 0 4937 0.4 20 0 0 150 65.8 53.1 53.1
4937 0.4 30 0 0 4937 0.4 20 0 0 180 68.9 55.9 55.9
4937 0.4 30 0 0 4937 0.4 30 0 0 0 39.4 30.2 30.2
4937 0.4 30 0 0 4937 0.4 30 0 0 30 42.8 32.6 32.6
4937 0.4 30 0 0 4937 0.4 30 0 0 60 46.7 35.6 35.6
4937 0.4 30 0 0 4937 0.4 30 0 0 90 52.0 39.5 39.5
4937 0.4 30 0 0 4937 0.4 30 0 0 120 58.3 44.6 44.6
4937 0.4 30 0 0 4937 0.4 30 0 0 150 65.3 51.0 51.0
4937 0.4 30 0 0 4937 0.4 30 0 0 180 68.4 55.1 55.1
4937 0.4 30 0 0 4937 0.4 40 0 0 0 38.9 30.8 30.8
4937 0.4 30 0 0 4937 0.4 40 0 0 30 42.3 32.4 32.4
4937 0.4 30 0 0 4937 0.4 40 0 0 60 46.2 35.1 35.1
4937 0.4 30 0 0 4937 0.4 40 0 0 90 51.5 38.7 38.7
4937 0.4 30 0 0 4937 0.4 40 0 0 120 57.8 43.7 43.7
4937 0.4 30 0 0 4937 0.4 40 0 0 150 64.6 50.0 50.0
4937 0.4 30 0 0 4937 0.4 40 0 0 180 67.5 55.1 55.1
4937 0.4 30 0 0 4937 0.4 50 0 0 0 38.9 32.2 32.2
4937 0.4 30 0 0 4937 0.4 50 0 0 30 41.6 33.1 33.1
4937 0.4 30 0 0 4937 0.4 50 0 0 60 45.4 35.1 35.1
4937 0.4 30 0 0 4937 0.4 50 0 0 90 50.7 38.4 38.4
4937 0.4 30 0 0 4937 0.4 50 0 0 120 56.9 43.2 43.2
4937 0.4 30 0 0 4937 0.4 50 0 0 150 63.5 49.6 49.6
4937 0.4 30 0 0 4937 0.4 50 0 0 180 66.2 55.3 55.3
4937 0.4 30 0 0 4937 0.4 60 0 0 0 39.4 33.8 33.8
4937 0.4 30 0 0 4937 0.4 60 0 0 30 41.2 34.5 34.5
4937 0.4 30 0 0 4937 0.4 60 0 0 60 44.6 36.2 36.2
4937 0.4 30 0 0 4937 0.4 60 0 0 90 49.5 38.9 38.9
4937 0.4 30 0 0 4937 0.4 60 0 0 120 55.1 43.2 43.2
4937 0.4 30 0 0 4937 0.4 60 0 0 150 61.3 49.4 49.4
4937 0.4 30 0 0 4937 0.4 60 0 0 180 63.7 55.7 55.7
4937 0.4 30 0 0 4937 0.5 0 0 0 0 41.1 37.4 37.4
4937 0.4 30 0 0 4937 0.5 0 0 0 30 42.8 38.4 38.4
4937 0.4 30 0 0 4937 0.5 0 0 0 60 45.8 39.8 39.8
4937 0.4 30 0 0 4937 0.5 0 0 0 90 50.0 42.3 42.3
4937 0.4 30 0 0 4937 0.5 0 0 0 120 55.8 47.2 47.2
4937 0.4 30 0 0 4937 0.5 0 0 0 150 63.5 54.2 54.2
4937 0.4 30 0 0 4937 0.5 0 0 0 180 67.3 55.1 55.1
4937 0.4 30 0 0 4937 0.5 10 0 0 0 41.0 35.0 35.0
4937 0.4 30 0 0 4937 0.5 10 0 0 30 42.7 36.2 36.2
4937 0.4 30 0 0 4937 0.5 10 0 0 60 45.6 37.7 37.7
4937 0.4 30 0 0 4937 0.5 10 0 0 90 49.9 40.7 40.7
4937 0.4 30 0 0 4937 0.5 10 0 0 120 55.7 45.6 45.6
4937 0.4 30 0 0 4937 0.5 10 0 0 150 63.4 52.8 52.8
4937 0.4 30 0 0 4937 0.5 10 0 0 180 67.2 54.9 54.9
4937 0.4 30 0 0 4937 0.5 20 0 0 0 40.8 32.3 32.3
4937 0.4 30 0 0 4937 0.5 20 0 0 30 42.4 33.5 33.5
4937 0.4 30 0 0 4937 0.5 20 0 0 60 45.4 35.3 35.3
4937 0.4 30 0 0 4937 0.5 20 0 0 90 49.6 38.6 38.6
4937 0.4 30 0 0 4937 0.5 20 0 0 120 55.5 43.5 43.5
4937 0.4 30 0 0 4937 0.5 20 0 0 150 63.1 50.6 50.6
4937 0.4 30 0 0 4937 0.5 20 0 0 180 66.9 54.1 54.1
4937 0.4 30 0 0 4937 0.5 30 0 0 0 40.5 30.9 30.9
4937 0.4 30 0 0 4937 0.5 30 0 0 30 42.0 31.8 31.8
4937 0.4 30 0 0 4937 0.5 30 0 0 60 44.9 34.0 34.0
4937 0.4 30 0 0 4937 0.5 30 0 0 90 49.2 37.2 37.2
4937 0.4 30 0 0 4937 0.5 30 0 0 120 55.1 42.0 42.0
4937 0.4 30 0 0 4937 0.5 30 0 0 150 62.7 49.1 49.1
4937 0.4 30 0 0 4937 0.5 30 0 0 180 66.3 53.9 53.9
4937 0.4 30 0 0 4937 0.5 40 0 0 0 40.4 30.9 30.9
4937 0.4 30 0 0 4937 0.5 40 0 0 30 41.6 31.5 31.5
4937 0.4 30 0 0 4937 0.5 40 0 0 60 44.3 33.4 33.4
4937 0.4 30 0 0 4937 0.5 40 0 0 90 48.6 36.4 36.4
4937 0.4 30 0 0 4937 0.5 40 0 0 120 54.5 41.1 41.1
4937 0.4 30 0 0 4937 0.5 40 0 0 150 61.9 48.1 48.1
4937 0.4 30 0 0 4937 0.5 40 0 0 180 65.4 53.9 53.9
4937 0.4 30 0 0 4937 0.5 50 0 0 0 40.5 31.9 31.9
4937 0.4 30 0 0 4937 0.5 50 0 0 30 41.6 32.3 32.3
4937 0.4 30 0 0 4937 0.5 50 0 0 60 43.9 33.6 33.6
4937 0.4 30 0 0 4937 0.5 50 0 0 90 47.8 36.0 36.0
4937 0.4 30 0 0 4937 0.5 50 0 0 120 53.5 40.5 40.5
4937 0.4 30 0 0 4937 0.5 50 0 0 150 60.7 47.5 47.5
4937 0.4 30 0 0 4937 0.5 50 0 0 180 64.0 54.1 54.1
4937 0.4 30 0 0 4937 0.5 60 0 0 0 40.8 33.2 33.2
4937 0.4 30 0 0 4937 0.5 60 0 0 30 41.6 33.5 33.5
4937 0.4 30 0 0 4937 0.5 60 0 0 60 43.6 34.6 34.6
4937 0.4 30 0 0 4937 0.5 60 0 0 90 47.2 36.6 36.6
4937 0.4 30 0 0 4937 0.5 60 0 0 120 51.9 40.5 40.5
4937 0.4 30 0 0 4937 0.5 60 0 0 150 58.5 47.1 47.1
4937 0.4 30 0 0 4937 0.5 60 0 0 180 61.4 54.3 54.3
