4937 0 60 0 0 4737 0 0 0 0 0 59 53 53
4937 0 60 0 0 4737 0 0 0 0 30 59 53 53
4937 0 60 0 0 4737 0 0 0 0 60 59 53 53
4937 0 60 0 0 4737 0 0 0 0 90 59 53 53
4937 0 60 0 0 4737 0 0 0 0 120 59 53 53
4937 0 60 0 0 4737 0 0 0 0 150 59 54 54
4937 0 60 0 0 4737 0 0 0 0 180 59 54 54
4937 0 60 0 0 4737 0 10 0 0 0 59 53 53
4937 0 60 0 0 4737 0 10 0 0 30 59 53 53
4937 0 60 0 0 4737 0 10 0 0 60 59 53 53
4937 0 60 0 0 4737 0 10 0 0 90 59 53 53
4937 0 60 0 0 4737 0 10 0 0 120 59 53 53
4937 0 60 0 0 4737 0 10 0 0 150 59 53 53
4937 0 60 0 0 4737 0 10 0 0 180 59 54 54
4937 0 60 0 0 4737 0 20 0 0 0 59 52 52
4937 0 60 0 0 4737 0 20 0 0 30 59 52 52
4937 0 60 0 0 4737 0 20 0 0 60 59 52 52
4937 0 60 0 0 4737 0 20 0 0 90 59 51 51
4937 0 60 0 0 4737 0 20 0 0 120 59 51 51
4937 0 60 0 0 4737 0 20 0 0 150 58 52 52
4937 0 60 0 0 4737 0 20 0 0 180 58 52 52
4937 0 60 0 0 4737 0 30 0 0 0 59 49 49
4937 0 60 0 0 4737 0 30 0 0 30 59 49 49
4937 0 60 0 0 4737 0 30 0 0 60 59 49 49
4937 0 60 0 0 4737 0 30 0 0 90 58 49 49
4937 0 60 0 0 4737 0 30 0 0 120 58 49 49
4937 0 60 0 0 4737 0 30 0 0 150 58 49 49
4937 0 60 0 0 4737 0 30 0 0 180 58 49 49
4937 0 60 0 0 4737 0 40 0 0 0 58 49 49
4937 0 60 0 0 4737 0 40 0 0 30 58 49 49
4937 0 60 0 0 4737 0 40 0 0 60 58 49 49
4937 0 60 0 0 4737 0 40 0 0 90 58 49 49
4937 0 60 0 0 4737 0 40 0 0 120 58 49 49
4937 0 60 0 0 4737 0 40 0 0 150 58 49 49
4937 0 60 0 0 4737 0 40 0 0 180 58 49 49
4937 0 60 0 0 4737 0 50 0 0 0 57 50 50
4937 0 60 0 0 4737 0 50 0 0 30 57 50 50
4937 0 60 0 0 4737 0 50 0 0 60 57 50 50
4937 0 60 0 0 4737 0 50 0 0 90 57 50 50
4937 0 60 0 0 4737 0 50 0 0 120 57 50 50
4937 0 60 0 0 4737 0 50 0 0 150 57 49 49
4937 0 60 0 0 4737 0 50 0 0 180 57 49 49
4937 0 60 0 0 4737 0 60 0 0 0 56 51 51
4937 0 60 0 0 4737 0 60 0 0 30 56 51 51
4937 0 60 0 0 4737 0 60 0 0 60 56 51 51
4937 0 60 0 0 4737 0 60 0 0 90 55 51 51
4937 0 60 0 0 4737 0 60 0 0 120 55 51 51
4937 0 60 0 0 4737 0 60 0 0 150 55 50 50
4937 0 60 0 0 4737 0 60 0 0 180 55 50 50
4937 0 60 0 0 4737 0 0 0 0 0 59 53 53
4937 0 60 0 0 4737 0 0 0 0 30 59 53 53
4937 0 60 0 0 4737 0 0 0 0 60 59 53 53
4937 0 60 0 0 4737 0 0 0 0 90 59 53 53
4937 0 60 0 0 4737 0 0 0 0 120 59 53 53
4937 0 60 0 0 4737 0 0 0 0 150 59 53 53
4937 0 60 0 0 4737 0 0 0 0 180 59 54 54
4937 0 60 0 0 4737 0 10 0 0 0 59 53 53
4937 0 60 0 0 4737 0 10 0 0 30 59 53 53
4937 0 60 0 0 4737 0 10 0 0 60 59 53 53
4937 0 60 0 0 4737 0 10 0 0 90 59 53 53
4937 0 60 0 0 4737 0 10 0 0 120 59 52 52
4937 0 60 0 0 4737 0 10 0 0 150 59 53 53
4937 0 60 0 0 4737 0 10 0 0 180 59 53 53
4937 0 60 0 0 4737 0 20 0 0 0 59 51 51
4937 0 60 0 0 4737 0 20 0 0 30 59 51 51
4937 0 60 0 0 4737 0 20 0 0 60 59 51 51
4937 0 60 0 0 4737 0 20 0 0 90 59 51 51
4937 0 60 0 0 4737 0 20 0 0 120 59 51 51
4937 0 60 0 0 4737 0 20 0 0 150 58 51 51
4937 0 60 0 0 4737 0 20 0 0 180 59 52 52
4937 0 60 0 0 4737 0 30 0 0 0 59 49 49
4937 0 60 0 0 4737 0 30 0 0 30 59 49 49
4937 0 60 0 0 4737 0 30 0 0 60 59 49 49
4937 0 60 0 0 4737 0 30 0 0 90 58 48 48
4937 0 60 0 0 4737 0 30 0 0 120 58 48 48
4937 0 60 0 0 4737 0 30 0 0 150 58 49 49
4937 0 60 0 0 4737 0 30 0 0 180 58 49 49
4937 0 60 0 0 4737 0 40 0 0 0 58 49 49
4937 0 60 0 0 4737 0 40 0 0 30 58 49 49
4937 0 60 0 0 4737 0 40 0 0 60 58 49 49
4937 0 60 0 0 4737 0 40 0 0 90 58 48 48
4937 0 60 0 0 4737 0 40 0 0 120 58 48 48
4937 0 60 0 0 4737 0 40 0 0 150 58 49 49
4937 0 60 0 0 4737 0 40 0 0 180 58 49 49
4937 0 60 0 0 4737 0 50 0 0 0 57 50 50
4937 0 60 0 0 4737 0 50 0 0 30 57 50 50
4937 0 60 0 0 4737 0 50 0 0 60 57 50 50
4937 0 60 0 0 4737 0 50 0 0 90 57 49 49
4937 0 60 0 0 4737 0 50 0 0 120 57 49 49
4937 0 60 0 0 4737 0 50 0 0 150 57 49 49
4937 0 60 0 0 4737 0 50 0 0 180 57 49 49
4937 0 60 0 0 4737 0 60 0 0 0 56 51 51
4937 0 60 0 0 4737 0 60 0 0 30 56 51 51
4937 0 60 0 0 4737 0 60 0 0 60 56 51 51
4937 0 60 0 0 4737 0 60 0 0 90 55 51 51
4937 0 60 0 0 4737 0 60 0 0 120 55 51 51
4937 0 60 0 0 4737 0 60 0 0 150 55 50 50
4937 0 60 0 0 4737 0 60 0 0 180 55 50 50
4937 0 60 0 0 4737 0 0 0 0 0 59 53 53
4937 0 60 0 0 4737 0 0 0 0 30 59 53 53
4937 0 60 0 0 4737 0 0 0 0 60 59 53 53
4937 0 60 0 0 4737 0 0 0 0 90 59 53 53
4937 0 60 0 0 4737 0 0 0 0 120 59 53 53
4937 0 60 0 0 4737 0 0 0 0 150 59 53 53
4937 0 60 0 0 4737 0 0 0 0 180 59 53 53
4937 0 60 0 0 4737 0 10 0 0 0 59 53 53
4937 0 60 0 0 4737 0 10 0 0 30 59 53 53
4937 0 60 0 0 4737 0 10 0 0 60 59 53 53
4937 0 60 0 0 4737 0 10 0 0 90 59 52 52
4937 0 60 0 0 4737 0 10 0 0 120 59 52 52
4937 0 60 0 0 4737 0 10 0 0 150 59 52 52
4937 0 60 0 0 4737 0 10 0 0 180 59 53 53
4937 0 60 0 0 4737 0 20 0 0 0 59 51 51
4937 0 60 0 0 4737 0 20 0 0 30 59 51 51
4937 0 60 0 0 4737 0 20 0 0 60 59 51 51
4937 0 60 0 0 4737 0 20 0 0 90 59 51 51
4937 0 60 0 0 4737 0 20 0 0 120 59 51 51
4937 0 60 0 0 4737 0 20 0 0 150 58 51 51
4937 0 60 0 0 4737 0 20 0 0 180 59 51 51
4937 0 60 0 0 4737 0 30 0 0 0 59 49 49
4937 0 60 0 0 4737 0 30 0 0 30 59 49 49
4937 0 60 0 0 4737 0 30 0 0 60 59 49 49
4937 0 60 0 0 4737 0 30 0 0 90 58 48 48
4937 0 60 0 0 4737 0 30 0 0 120 58 48 48
4937 0 60 0 0 4737 0 30 0 0 150 58 48 48
4937 0 60 0 0 4737 0 30 0 0 180 58 49 49
4937 0 60 0 0 4737 0 40 0 0 0 58 49 49
4937 0 60 0 0 4737 0 40 0 0 30 58 49 49
4937 0 60 0 0 4737 0 40 0 0 60 58 49 49
4937 0 60 0 0 4737 0 40 0 0 90 58 48 48
4937 0 60 0 0 4737 0 40 0 0 120 58 48 48
4937 0 60 0 0 4737 0 40 0 0 150 57 48 48
4937 0 60 0 0 4737 0 40 0 0 180 58 49 49
4937 0 60 0 0 4737 0 50 0 0 0 57 49 49
4937 0 60 0 0 4737 0 50 0 0 30 57 50 50
4937 0 60 0 0 4737 0 50 0 0 60 57 49 49
4937 0 60 0 0 4737 0 50 0 0 90 57 49 49
4937 0 60 0 0 4737 0 50 0 0 120 57 49 49
4937 0 60 0 0 4737 0 50 0 0 150 57 49 49
4937 0 60 0 0 4737 0 50 0 0 180 57 49 49
4937 0 60 0 0 4737 0 60 0 0 0 56 51 51
4937 0 60 0 0 4737 0 60 0 0 30 56 51 51
4937 0 60 0 0 4737 0 60 0 0 60 56 51 51
4937 0 60 0 0 4737 0 60 0 0 90 56 51 51
4937 0 60 0 0 4737 0 60 0 0 120 55 51 51
4937 0 60 0 0 4737 0 60 0 0 150 55 50 50
4937 0 60 0 0 4737 0 60 0 0 180 55 50 50
4937 0 60 0 0 4737 0 0 0 0 0 59 53 53
4937 0 60 0 0 4737 0 0 0 0 30 59 53 53
4937 0 60 0 0 4737 0 0 0 0 60 59 53 53
4937 0 60 0 0 4737 0 0 0 0 90 59 53 53
4937 0 60 0 0 4737 0 0 0 0 120 59 52 52
4937 0 60 0 0 4737 0 0 0 0 150 59 53 53
4937 0 60 0 0 4737 0 0 0 0 180 59 53 53
4937 0 60 0 0 4737 0 10 0 0 0 59 52 52
4937 0 60 0 0 4737 0 10 0 0 30 59 52 52
4937 0 60 0 0 4737 0 10 0 0 60 59 52 52
4937 0 60 0 0 4737 0 10 0 0 90 59 52 52
4937 0 60 0 0 4737 0 10 0 0 120 59 52 52
4937 0 60 0 0 4737 0 10 0 0 150 59 52 52
4937 0 60 0 0 4737 0 10 0 0 180 59 53 53
4937 0 60 0 0 4737 0 20 0 0 0 59 51 51
4937 0 60 0 0 4737 0 20 0 0 30 59 51 51
4937 0 60 0 0 4737 0 20 0 0 60 59 51 51
4937 0 60 0 0 4737 0 20 0 0 90 59 50 50
4937 0 60 0 0 4737 0 20 0 0 120 59 50 50
4937 0 60 0 0 4737 0 20 0 0 150 58 50 50
4937 0 60 0 0 4737 0 20 0 0 180 59 51 51
4937 0 60 0 0 4737 0 30 0 0 0 59 49 49
4937 0 60 0 0 4737 0 30 0 0 30 59 49 49
4937 0 60 0 0 4737 0 30 0 0 60 59 49 49
4937 0 60 0 0 4737 0 30 0 0 90 58 48 48
4937 0 60 0 0 4737 0 30 0 0 120 58 48 48
4937 0 60 0 0 4737 0 30 0 0 150 58 48 48
4937 0 60 0 0 4737 0 30 0 0 180 58 49 49
4937 0 60 0 0 4737 0 40 0 0 0 58 49 49
4937 0 60 0 0 4737 0 40 0 0 30 58 49 49
4937 0 60 0 0 4737 0 40 0 0 60 58 49 49
4937 0 60 0 0 4737 0 40 0 0 90 58 49 49
4937 0 60 0 0 4737 0 40 0 0 120 58 48 48
4937 0 60 0 0 4737 0 40 0 0 150 57 48 48
4937 0 60 0 0 4737 0 40 0 0 180 58 48 48
4937 0 60 0 0 4737 0 50 0 0 0 57 50 50
4937 0 60 0 0 4737 0 50 0 0 30 57 50 50
4937 0 60 0 0 4737 0 50 0 0 60 57 50 50
4937 0 60 0 0 4737 0 50 0 0 90 57 49 49
4937 0 60 0 0 4737 0 50 0 0 120 57 49 49
4937 0 60 0 0 4737 0 50 0 0 150 57 49 49
4937 0 60 0 0 4737 0 50 0 0 180 57 49 49
4937 0 60 0 0 4737 0 60 0 0 0 56 51 51
4937 0 60 0 0 4737 0 60 0 0 30 56 51 51
4937 0 60 0 0 4737 0 60 0 0 60 56 51 51
4937 0 60 0 0 4737 0 60 0 0 90 56 51 51
4937 0 60 0 0 4737 0 60 0 0 120 55 50 50
4937 0 60 0 0 4737 0 60 0 0 150 55 50 50
4937 0 60 0 0 4737 0 60 0 0 180 55 49 49
4937 0 60 0 0 4737 0 0 0 0 0 59 53 53
4937 0 60 0 0 4737 0 0 0 0 30 59 53 53
4937 0 60 0 0 4737 0 0 0 0 60 59 52 52
4937 0 60 0 0 4737 0 0 0 0 90 59 52 52
4937 0 60 0 0 4737 0 0 0 0 120 59 52 52
4937 0 60 0 0 4737 0 0 0 0 150 59 52 52
4937 0 60 0 0 4737 0 0 0 0 180 59 53 53
4937 0 60 0 0 4737 0 10 0 0 0 59 52 52
4937 0 60 0 0 4737 0 10 0 0 30 59 52 52
4937 0 60 0 0 4737 0 10 0 0 60 59 52 52
4937 0 60 0 0 4737 0 10 0 0 90 59 52 52
4937 0 60 0 0 4737 0 10 0 0 120 59 51 51
4937 0 60 0 0 4737 0 10 0 0 150 59 51 51
4937 0 60 0 0 4737 0 10 0 0 180 59 52 52
4937 0 60 0 0 4737 0 20 0 0 0 59 50 50
4937 0 60 0 0 4737 0 20 0 0 30 59 50 50
4937 0 60 0 0 4737 0 20 0 0 60 59 50 50
4937 0 60 0 0 4737 0 20 0 0 90 59 50 50
4937 0 60 0 0 4737 0 20 0 0 120 59 49 49
4937 0 60 0 0 4737 0 20 0 0 150 58 49 49
4937 0 60 0 0 4737 0 20 0 0 180 59 50 50
4937 0 60 0 0 4737 0 30 0 0 0 59 49 49
4937 0 60 0 0 4737 0 30 0 0 30 59 49 49
4937 0 60 0 0 4737 0 30 0 0 60 59 49 49
4937 0 60 0 0 4737 0 30 0 0 90 58 49 49
4937 0 60 0 0 4737 0 30 0 0 120 58 48 48
4937 0 60 0 0 4737 0 30 0 0 150 58 48 48
4937 0 60 0 0 4737 0 30 0 0 180 58 48 48
4937 0 60 0 0 4737 0 40 0 0 0 58 49 49
4937 0 60 0 0 4737 0 40 0 0 30 58 49 49
4937 0 60 0 0 4737 0 40 0 0 60 58 49 49
4937 0 60 0 0 4737 0 40 0 0 90 58 49 49
4937 0 60 0 0 4737 0 40 0 0 120 58 49 49
4937 0 60 0 0 4737 0 40 0 0 150 57 48 48
4937 0 60 0 0 4737 0 40 0 0 180 58 48 48
4937 0 60 0 0 4737 0 50 0 0 0 57 50 50
4937 0 60 0 0 4737 0 50 0 0 30 57 50 50
4937 0 60 0 0 4737 0 50 0 0 60 57 50 50
4937 0 60 0 0 4737 0 50 0 0 90 57 50 50
4937 0 60 0 0 4737 0 50 0 0 120 57 49 49
4937 0 60 0 0 4737 0 50 0 0 150 57 49 49
4937 0 60 0 0 4737 0 50 0 0 180 56 49 49
4937 0 60 0 0 4737 0 60 0 0 0 56 51 51
4937 0 60 0 0 4737 0 60 0 0 30 56 51 51
4937 0 60 0 0 4737 0 60 0 0 60 56 51 51
4937 0 60 0 0 4737 0 60 0 0 90 56 51 51
4937 0 60 0 0 4737 0 60 0 0 120 55 50 50
4937 0 60 0 0 4737 0 60 0 0 150 55 50 50
4937 0 60 0 0 4737 0 60 0 0 180 54 49 49
4937 0 60 0 0 4737 0 0 0 0 0 59 52 52
4937 0 60 0 0 4737 0 0 0 0 30 59 52 52
4937 0 60 0 0 4737 0 0 0 0 60 59 52 52
4937 0 60 0 0 4737 0 0 0 0 90 59 52 52
4937 0 60 0 0 4737 0 0 0 0 120 59 51 51
4937 0 60 0 0 4737 0 0 0 0 150 59 51 51
4937 0 60 0 0 4737 0 0 0 0 180 59 52 52
4937 0 60 0 0 4737 0 10 0 0 0 59 51 51
4937 0 60 0 0 4737 0 10 0 0 30 59 51 51
4937 0 60 0 0 4737 0 10 0 0 60 59 51 51
4937 0 60 0 0 4737 0 10 0 0 90 59 51 51
4937 0 60 0 0 4737 0 10 0 0 120 59 51 51
4937 0 60 0 0 4737 0 10 0 0 150 58 50 50
4937 0 60 0 0 4737 0 10 0 0 180 59 51 51
4937 0 60 0 0 4737 0 20 0 0 0 59 50 50
4937 0 60 0 0 4737 0 20 0 0 30 59 50 50
4937 0 60 0 0 4737 0 20 0 0 60 59 50 50
4937 0 60 0 0 4737 0 20 0 0 90 59 50 50
4937 0 60 0 0 4737 0 20 0 0 120 59 49 49
4937 0 60 0 0 4737 0 20 0 0 150 58 49 49
4937 0 60 0 0 4737 0 20 0 0 180 59 49 49
4937 0 60 0 0 4737 0 30 0 0 0 59 50 50
4937 0 60 0 0 4737 0 30 0 0 30 59 50 50
4937 0 60 0 0 4737 0 30 0 0 60 59 50 50
4937 0 60 0 0 4737 0 30 0 0 90 59 49 49
4937 0 60 0 0 4737 0 30 0 0 120 58 49 49
4937 0 60 0 0 4737 0 30 0 0 150 58 48 48
4937 0 60 0 0 4737 0 30 0 0 180 58 48 48
4937 0 60 0 0 4737 0 40 0 0 0 58 50 50
4937 0 60 0 0 4737 0 40 0 0 30 58 50 50
4937 0 60 0 0 4737 0 40 0 0 60 58 50 50
4937 0 60 0 0 4737 0 40 0 0 90 58 50 50
4937 0 60 0 0 4737 0 40 0 0 120 58 49 49
4937 0 60 0 0 4737 0 40 0 0 150 57 49 49
4937 0 60 0 0 4737 0 40 0 0 180 57 48 48
4937 0 60 0 0 4737 0 50 0 0 0 57 50 50
4937 0 60 0 0 4737 0 50 0 0 30 57 50 50
4937 0 60 0 0 4737 0 50 0 0 60 57 50 50
4937 0 60 0 0 4737 0 50 0 0 90 57 50 50
4937 0 60 0 0 4737 0 50 0 0 120 57 50 50
4937 0 60 0 0 4737 0 50 0 0 150 57 49 49
4937 0 60 0 0 4737 0 50 0 0 180 56 49 49
4937 0 60 0 0 4737 0 60 0 0 0 56 51 51
4937 0 60 0 0 4737 0 60 0 0 30 56 51 51
4937 0 60 0 0 4737 0 60 0 0 60 56 51 51
4937 0 60 0 0 4737 0 60 0 0 90 56 51 51
4937 0 60 0 0 4737 0 60 0 0 120 55 50 50
4937 0 60 0 0 4737 0 60 0 0 150 55 50 50
4937 0 60 0 0 4737 0 60 0 0 180 54 49 49
4937 0 60 0 0 4937 0 0 0 0 0 41 45 45
4937 0 60 0 0 4937 0 0 0 0 30 47 46 46
4937 0 60 0 0 4937 0 0 0 0 60 55 50 50
4937 0 60 0 0 4937 0 0 0 0 90 63 55 55
4937 0 60 0 0 4937 0 0 0 0 120 70 60 60
4937 0 60 0 0 4937 0 0 0 0 150 72 63 63
4937 0 60 0 0 4937 0 0 0 0 180 72 63 63
4937 0 60 0 0 4937 0 10 0 0 0 41 42 42
4937 0 60 0 0 4937 0 10 0 0 30 47 45 45
4937 0 60 0 0 4937 0 10 0 0 60 55 49 49
4937 0 60 0 0 4937 0 10 0 0 90 63 55 55
4937 0 60 0 0 4937 0 10 0 0 120 70 60 60
4937 0 60 0 0 4937 0 10 0 0 150 72 63 63
4937 0 60 0 0 4937 0 10 0 0 180 72 64 64
4937 0 60 0 0 4937 0 20 0 0 0 40 39 39
4937 0 60 0 0 4937 0 20 0 0 30 46 42 42
4937 0 60 0 0 4937 0 20 0 0 60 55 48 48
4937 0 60 0 0 4937 0 20 0 0 90 63 53 53
4937 0 60 0 0 4937 0 20 0 0 120 69 59 59
4937 0 60 0 0 4937 0 20 0 0 150 72 62 62
4937 0 60 0 0 4937 0 20 0 0 180 72 63 63
4937 0 60 0 0 4937 0 30 0 0 0 40 35 35
4937 0 60 0 0 4937 0 30 0 0 30 46 38 38
4937 0 60 0 0 4937 0 30 0 0 60 54 44 44
4937 0 60 0 0 4937 0 30 0 0 90 62 51 51
4937 0 60 0 0 4937 0 30 0 0 120 69 57 57
4937 0 60 0 0 4937 0 30 0 0 150 71 60 60
4937 0 60 0 0 4937 0 30 0 0 180 71 60 60
4937 0 60 0 0 4937 0 40 0 0 0 39 33 33
4937 0 60 0 0 4937 0 40 0 0 30 45 37 37
4937 0 60 0 0 4937 0 40 0 0 60 54 44 44
4937 0 60 0 0 4937 0 40 0 0 90 62 51 51
4937 0 60 0 0 4937 0 40 0 0 120 68 57 57
4937 0 60 0 0 4937 0 40 0 0 150 70 60 60
4937 0 60 0 0 4937 0 40 0 0 180 70 60 60
4937 0 60 0 0 4937 0 50 0 0 0 37 32 32
4937 0 60 0 0 4937 0 50 0 0 30 45 38 38
4937 0 60 0 0 4937 0 50 0 0 60 53 45 45
4937 0 60 0 0 4937 0 50 0 0 90 61 52 52
4937 0 60 0 0 4937 0 50 0 0 120 67 58 58
4937 0 60 0 0 4937 0 50 0 0 150 69 61 61
4937 0 60 0 0 4937 0 50 0 0 180 69 61 61
4937 0 60 0 0 4937 0 60 0 0 0 35 32 32
4937 0 60 0 0 4937 0 60 0 0 30 44 38 38
4937 0 60 0 0 4937 0 60 0 0 60 52 46 46
4937 0 60 0 0 4937 0 60 0 0 90 59 53 53
4937 0 60 0 0 4937 0 60 0 0 120 65 59 59
4937 0 60 0 0 4937 0 60 0 0 150 67 63 63
4937 0 60 0 0 4937 0 60 0 0 180 67 63 63
4937 0 60 0 0 4937 0 0 0 0 0 41 44 44
4937 0 60 0 0 4937 0 0 0 0 30 46 46 46
4937 0 60 0 0 4937 0 0 0 0 60 52 49 49
4937 0 60 0 0 4937 0 0 0 0 90 60 53 53
4937 0 60 0 0 4937 0 0 0 0 120 68 59 59
4937 0 60 0 0 4937 0 0 0 0 150 72 63 63
4937 0 60 0 0 4937 0 0 0 0 180 72 63 63
4937 0 60 0 0 4937 0 10 0 0 0 41 42 42
4937 0 60 0 0 4937 0 10 0 0 30 46 44 44
4937 0 60 0 0 4937 0 10 0 0 60 52 48 48
4937 0 60 0 0 4937 0 10 0 0 90 60 52 52
4937 0 60 0 0 4937 0 10 0 0 120 68 58 58
4937 0 60 0 0 4937 0 10 0 0 150 71 63 63
4937 0 60 0 0 4937 0 10 0 0 180 72 63 63
4937 0 60 0 0 4937 0 20 0 0 0 41 39 39
4937 0 60 0 0 4937 0 20 0 0 30 45 42 42
4937 0 60 0 0 4937 0 20 0 0 60 52 46 46
4937 0 60 0 0 4937 0 20 0 0 90 60 51 51
4937 0 60 0 0 4937 0 20 0 0 120 67 57 57
4937 0 60 0 0 4937 0 20 0 0 150 71 63 63
4937 0 60 0 0 4937 0 20 0 0 180 72 63 63
4937 0 60 0 0 4937 0 30 0 0 0 40 35 35
4937 0 60 0 0 4937 0 30 0 0 30 45 37 37
4937 0 60 0 0 4937 0 30 0 0 60 52 42 42
4937 0 60 0 0 4937 0 30 0 0 90 59 48 48
4937 0 60 0 0 4937 0 30 0 0 120 67 55 55
4937 0 60 0 0 4937 0 30 0 0 150 71 60 60
4937 0 60 0 0 4937 0 30 0 0 180 71 60 60
4937 0 60 0 0 4937 0 40 0 0 0 39 33 33
4937 0 60 0 0 4937 0 40 0 0 30 44 36 36
4937 0 60 0 0 4937 0 40 0 0 60 51 42 42
4937 0 60 0 0 4937 0 40 0 0 90 59 48 48
4937 0 60 0 0 4937 0 40 0 0 120 66 55 55
4937 0 60 0 0 4937 0 40 0 0 150 70 60 60
4937 0 60 0 0 4937 0 40 0 0 180 70 60 60
4937 0 60 0 0 4937 0 50 0 0 0 38 32 32
4937 0 60 0 0 4937 0 50 0 0 30 43 36 36
4937 0 60 0 0 4937 0 50 0 0 60 50 42 42
4937 0 60 0 0 4937 0 50 0 0 90 58 48 48
4937 0 60 0 0 4937 0 50 0 0 120 65 55 55
4937 0 60 0 0 4937 0 50 0 0 150 69 61 61
4937 0 60 0 0 4937 0 50 0 0 180 69 61 61
4937 0 60 0 0 4937 0 60 0 0 0 37 33 33
4937 0 60 0 0 4937 0 60 0 0 30 42 36 36
4937 0 60 0 0 4937 0 60 0 0 60 49 43 43
4937 0 60 0 0 4937 0 60 0 0 90 57 49 49
4937 0 60 0 0 4937 0 60 0 0 120 64 57 57
4937 0 60 0 0 4937 0 60 0 0 150 67 62 62
4937 0 60 0 0 4937 0 60 0 0 180 67 62 62
4937 0 60 0 0 4937 0 0 0 0 0 42 44 44
4937 0 60 0 0 4937 0 0 0 0 30 45 46 46
4937 0 60 0 0 4937 0 0 0 0 60 50 48 48
4937 0 60 0 0 4937 0 0 0 0 90 57 51 51
4937 0 60 0 0 4937 0 0 0 0 120 65 57 57
4937 0 60 0 0 4937 0 0 0 0 150 70 63 63
4937 0 60 0 0 4937 0 0 0 0 180 72 62 62
4937 0 60 0 0 4937 0 10 0 0 0 42 42 42
4937 0 60 0 0 4937 0 10 0 0 30 45 44 44
4937 0 60 0 0 4937 0 10 0 0 60 50 46 46
4937 0 60 0 0 4937 0 10 0 0 90 57 50 50
4937 0 60 0 0 4937 0 10 0 0 120 65 56 56
4937 0 60 0 0 4937 0 10 0 0 150 70 63 63
4937 0 60 0 0 4937 0 10 0 0 180 72 62 62
4937 0 60 0 0 4937 0 20 0 0 0 42 39 39
4937 0 60 0 0 4937 0 20 0 0 30 45 41 41
4937 0 60 0 0 4937 0 20 0 0 60 50 44 44
4937 0 60 0 0 4937 0 20 0 0 90 57 49 49
4937 0 60 0 0 4937 0 20 0 0 120 65 55 55
4937 0 60 0 0 4937 0 20 0 0 150 70 62 62
4937 0 60 0 0 4937 0 20 0 0 180 72 62 62
4937 0 60 0 0 4937 0 30 0 0 0 42 35 35
4937 0 60 0 0 4937 0 30 0 0 30 44 37 37
4937 0 60 0 0 4937 0 30 0 0 60 49 41 41
4937 0 60 0 0 4937 0 30 0 0 90 56 46 46
4937 0 60 0 0 4937 0 30 0 0 120 65 52 52
4937 0 60 0 0 4937 0 30 0 0 150 70 59 59
4937 0 60 0 0 4937 0 30 0 0 180 71 60 60
4937 0 60 0 0 4937 0 40 0 0 0 41 34 34
4937 0 60 0 0 4937 0 40 0 0 30 43 36 36
4937 0 60 0 0 4937 0 40 0 0 60 49 40 40
4937 0 60 0 0 4937 0 40 0 0 90 56 45 45
4937 0 60 0 0 4937 0 40 0 0 120 64 52 52
4937 0 60 0 0 4937 0 40 0 0 150 69 59 59
4937 0 60 0 0 4937 0 40 0 0 180 70 60 60
4937 0 60 0 0 4937 0 50 0 0 0 40 34 34
4937 0 60 0 0 4937 0 50 0 0 30 42 35 35
4937 0 60 0 0 4937 0 50 0 0 60 48 40 40
4937 0 60 0 0 4937 0 50 0 0 90 55 46 46
4937 0 60 0 0 4937 0 50 0 0 120 63 53 53
4937 0 60 0 0 4937 0 50 0 0 150 68 60 60
4937 0 60 0 0 4937 0 50 0 0 180 69 61 61
4937 0 60 0 0 4937 0 60 0 0 0 39 34 34
4937 0 60 0 0 4937 0 60 0 0 30 41 35 35
4937 0 60 0 0 4937 0 60 0 0 60 47 40 40
4937 0 60 0 0 4937 0 60 0 0 90 54 46 46
4937 0 60 0 0 4937 0 60 0 0 120 61 54 54
4937 0 60 0 0 4937 0 60 0 0 150 66 61 61
4937 0 60 0 0 4937 0 60 0 0 180 67 62 62
4937 0 60 0 0 4937 0 0 0 0 0 44 45 45
4937 0 60 0 0 4937 0 0 0 0 30 46 46 46
4937 0 60 0 0 4937 0 0 0 0 60 49 47 47
4937 0 60 0 0 4937 0 0 0 0 90 54 50 50
4937 0 60 0 0 4937 0 0 0 0 120 62 54 54
4937 0 60 0 0 4937 0 0 0 0 150 69 62 62
4937 0 60 0 0 4937 0 0 0 0 180 72 61 61
4937 0 60 0 0 4937 0 10 0 0 0 44 43 43
4937 0 60 0 0 4937 0 10 0 0 30 45 44 44
4937 0 60 0 0 4937 0 10 0 0 60 49 46 46
4937 0 60 0 0 4937 0 10 0 0 90 54 49 49
4937 0 60 0 0 4937 0 10 0 0 120 62 54 54
4937 0 60 0 0 4937 0 10 0 0 150 69 62 62
4937 0 60 0 0 4937 0 10 0 0 180 72 61 61
4937 0 60 0 0 4937 0 20 0 0 0 44 40 40
4937 0 60 0 0 4937 0 20 0 0 30 45 41 41
4937 0 60 0 0 4937 0 20 0 0 60 48 43 43
4937 0 60 0 0 4937 0 20 0 0 90 54 47 47
4937 0 60 0 0 4937 0 20 0 0 120 62 52 52
4937 0 60 0 0 4937 0 20 0 0 150 69 61 61
4937 0 60 0 0 4937 0 20 0 0 180 72 61 61
4937 0 60 0 0 4937 0 30 0 0 0 43 36 36
4937 0 60 0 0 4937 0 30 0 0 30 45 37 37
4937 0 60 0 0 4937 0 30 0 0 60 48 40 40
4937 0 60 0 0 4937 0 30 0 0 90 53 44 44
4937 0 60 0 0 4937 0 30 0 0 120 62 50 50
4937 0 60 0 0 4937 0 30 0 0 150 68 58 58
4937 0 60 0 0 4937 0 30 0 0 180 71 60 60
4937 0 60 0 0 4937 0 40 0 0 0 43 35 35
4937 0 60 0 0 4937 0 40 0 0 30 44 36 36
4937 0 60 0 0 4937 0 40 0 0 60 47 39 39
4937 0 60 0 0 4937 0 40 0 0 90 53 43 43
4937 0 60 0 0 4937 0 40 0 0 120 61 50 50
4937 0 60 0 0 4937 0 40 0 0 150 67 58 58
4937 0 60 0 0 4937 0 40 0 0 180 70 60 60
4937 0 60 0 0 4937 0 50 0 0 0 43 35 35
4937 0 60 0 0 4937 0 50 0 0 30 43 36 36
4937 0 60 0 0 4937 0 50 0 0 60 46 38 38
4937 0 60 0 0 4937 0 50 0 0 90 52 43 43
4937 0 60 0 0 4937 0 50 0 0 120 60 50 50
4937 0 60 0 0 4937 0 50 0 0 150 66 58 58
4937 0 60 0 0 4937 0 50 0 0 180 69 61 61
4937 0 60 0 0 4937 0 60 0 0 0 42 35 35
4937 0 60 0 0 4937 0 60 0 0 30 43 36 36
4937 0 60 0 0 4937 0 60 0 0 60 45 38 38
4937 0 60 0 0 4937 0 60 0 0 90 51 43 43
4937 0 60 0 0 4937 0 60 0 0 120 58 50 50
4937 0 60 0 0 4937 0 60 0 0 150 64 59 59
4937 0 60 0 0 4937 0 60 0 0 180 67 62 62
4937 0 60 0 0 4937 0 0 0 0 0 46 45 45
4937 0 60 0 0 4937 0 0 0 0 30 47 46 46
4937 0 60 0 0 4937 0 0 0 0 60 48 47 47
4937 0 60 0 0 4937 0 0 0 0 90 52 49 49
4937 0 60 0 0 4937 0 0 0 0 120 59 53 53
4937 0 60 0 0 4937 0 0 0 0 150 67 61 61
4937 0 60 0 0 4937 0 0 0 0 180 72 59 59
4937 0 60 0 0 4937 0 10 0 0 0 46 43 43
4937 0 60 0 0 4937 0 10 0 0 30 47 44 44
4937 0 60 0 0 4937 0 10 0 0 60 48 45 45
4937 0 60 0 0 4937 0 10 0 0 90 52 48 48
4937 0 60 0 0 4937 0 10 0 0 120 59 52 52
4937 0 60 0 0 4937 0 10 0 0 150 67 61 61
4937 0 60 0 0 4937 0 10 0 0 180 71 60 60
4937 0 60 0 0 4937 0 20 0 0 0 46 40 40
4937 0 60 0 0 4937 0 20 0 0 30 46 41 41
4937 0 60 0 0 4937 0 20 0 0 60 48 42 42
4937 0 60 0 0 4937 0 20 0 0 90 51 45 45
4937 0 60 0 0 4937 0 20 0 0 120 59 50 50
4937 0 60 0 0 4937 0 20 0 0 150 66 58 58
4937 0 60 0 0 4937 0 20 0 0 180 71 59 59
4937 0 60 0 0 4937 0 30 0 0 0 45 38 38
4937 0 60 0 0 4937 0 30 0 0 30 46 38 38
4937 0 60 0 0 4937 0 30 0 0 60 47 40 40
4937 0 60 0 0 4937 0 30 0 0 90 51 43 43
4937 0 60 0 0 4937 0 30 0 0 120 58 48 48
4937 0 60 0 0 4937 0 30 0 0 150 66 56 56
4937 0 60 0 0 4937 0 30 0 0 180 71 59 59
4937 0 60 0 0 4937 0 40 0 0 0 45 37 37
4937 0 60 0 0 4937 0 40 0 0 30 46 37 37
4937 0 60 0 0 4937 0 40 0 0 60 47 39 39
4937 0 60 0 0 4937 0 40 0 0 90 50 41 41
4937 0 60 0 0 4937 0 40 0 0 120 58 47 47
4937 0 60 0 0 4937 0 40 0 0 150 65 56 56
4937 0 60 0 0 4937 0 40 0 0 180 70 60 60
4937 0 60 0 0 4937 0 50 0 0 0 45 37 37
4937 0 60 0 0 4937 0 50 0 0 30 45 37 37
4937 0 60 0 0 4937 0 50 0 0 60 46 38 38
4937 0 60 0 0 4937 0 50 0 0 90 49 41 41
4937 0 60 0 0 4937 0 50 0 0 120 57 47 47
4937 0 60 0 0 4937 0 50 0 0 150 64 56 56
4937 0 60 0 0 4937 0 50 0 0 180 69 61 61
4937 0 60 0 0 4937 0 60 0 0 0 44 37 37
4937 0 60 0 0 4937 0 60 0 0 30 45 37 37
4937 0 60 0 0 4937 0 60 0 0 60 46 38 38
4937 0 60 0 0 4937 0 60 0 0 90 48 40 40
4937 0 60 0 0 4937 0 60 0 0 120 55 47 47
4937 0 60 0 0 4937 0 60 0 0 150 62 56 56
4937 0 60 0 0 4937 0 60 0 0 180 67 62 62
4937 0 60 0 0 4937 0 0 0 0 0 48 45 45
4937 0 60 0 0 4937 0 0 0 0 30 48 46 46
4937 0 60 0 0 4937 0 0 0 0 60 49 47 47
4937 0 60 0 0 4937 0 0 0 0 90 51 48 48
4937 0 60 0 0 4937 0 0 0 0 120 56 51 51
4937 0 60 0 0 4937 0 0 0 0 150 64 58 58
4937 0 60 0 0 4937 0 0 0 0 180 70 58 58
4937 0 60 0 0 4937 0 10 0 0 0 48 44 44
4937 0 60 0 0 4937 0 10 0 0 30 48 44 44
4937 0 60 0 0 4937 0 10 0 0 60 49 45 45
4937 0 60 0 0 4937 0 10 0 0 90 51 47 47
4937 0 60 0 0 4937 0 10 0 0 120 56 50 50
4937 0 60 0 0 4937 0 10 0 0 150 64 58 58
4937 0 60 0 0 4937 0 10 0 0 180 70 58 58
4937 0 60 0 0 4937 0 20 0 0 0 48 42 42
4937 0 60 0 0 4937 0 20 0 0 30 48 42 42
4937 0 60 0 0 4937 0 20 0 0 60 49 42 42
4937 0 60 0 0 4937 0 20 0 0 90 50 44 44
4937 0 60 0 0 4937 0 20 0 0 120 55 48 48
4937 0 60 0 0 4937 0 20 0 0 150 64 56 56
4937 0 60 0 0 4937 0 20 0 0 180 70 58 58
4937 0 60 0 0 4937 0 30 0 0 0 48 40 40
4937 0 60 0 0 4937 0 30 0 0 30 48 40 40
4937 0 60 0 0 4937 0 30 0 0 60 49 41 41
4937 0 60 0 0 4937 0 30 0 0 90 50 42 42
4937 0 60 0 0 4937 0 30 0 0 120 55 46 46
4937 0 60 0 0 4937 0 30 0 0 150 64 55 55
4937 0 60 0 0 4937 0 30 0 0 180 70 59 59
4937 0 60 0 0 4937 0 40 0 0 0 47 39 39
4937 0 60 0 0 4937 0 40 0 0 30 48 39 39
4937 0 60 0 0 4937 0 40 0 0 60 48 40 40
4937 0 60 0 0 4937 0 40 0 0 90 49 41 41
4937 0 60 0 0 4937 0 40 0 0 120 54 45 45
4937 0 60 0 0 4937 0 40 0 0 150 63 54 54
4937 0 60 0 0 4937 0 40 0 0 180 69 60 60
4937 0 60 0 0 4937 0 50 0 0 0 47 39 39
4937 0 60 0 0 4937 0 50 0 0 30 47 39 39
4937 0 60 0 0 4937 0 50 0 0 60 48 39 39
4937 0 60 0 0 4937 0 50 0 0 90 49 40 40
4937 0 60 0 0 4937 0 50 0 0 120 53 44 44
4937 0 60 0 0 4937 0 50 0 0 150 61 54 54
4937 0 60 0 0 4937 0 50 0 0 180 68 60 60
4937 0 60 0 0 4937 0 60 0 0 0 47 39 39
4937 0 60 0 0 4937 0 60 0 0 30 47 39 39
4937 0 60 0 0 4937 0 60 0 0 60 47 39 39
4937 0 60 0 0 4937 0 60 0 0 90 48 40 40
4937 0 60 0 0 4937 0 60 0 0 120 52 43 43
4937 0 60 0 0 4937 0 60 0 0 150 59 54 54
4937 0 60 0 0 4937 0 60 0 0 180 65 61 61
