5137 0 50 0 0 4737 0 0 0 0 0 60 53 53
5137 0 50 0 0 4737 0 0 0 0 30 60 53 53
5137 0 50 0 0 4737 0 0 0 0 60 61 53 53
5137 0 50 0 0 4737 0 0 0 0 90 61 53 53
5137 0 50 0 0 4737 0 0 0 0 120 61 53 53
5137 0 50 0 0 4737 0 0 0 0 150 61 53 53
5137 0 50 0 0 4737 0 0 0 0 180 60 53 53
5137 0 50 0 0 4737 0 10 0 0 0 60 52 52
5137 0 50 0 0 4737 0 10 0 0 30 60 52 52
5137 0 50 0 0 4737 0 10 0 0 60 61 52 52
5137 0 50 0 0 4737 0 10 0 0 90 61 53 53
5137 0 50 0 0 4737 0 10 0 0 120 61 53 53
5137 0 50 0 0 4737 0 10 0 0 150 60 53 53
5137 0 50 0 0 4737 0 10 0 0 180 60 53 53
5137 0 50 0 0 4737 0 20 0 0 0 60 51 51
5137 0 50 0 0 4737 0 20 0 0 30 60 51 51
5137 0 50 0 0 4737 0 20 0 0 60 60 51 51
5137 0 50 0 0 4737 0 20 0 0 90 60 51 51
5137 0 50 0 0 4737 0 20 0 0 120 60 51 51
5137 0 50 0 0 4737 0 20 0 0 150 60 51 51
5137 0 50 0 0 4737 0 20 0 0 180 60 51 51
5137 0 50 0 0 4737 0 30 0 0 0 60 48 48
5137 0 50 0 0 4737 0 30 0 0 30 60 48 48
5137 0 50 0 0 4737 0 30 0 0 60 60 48 48
5137 0 50 0 0 4737 0 30 0 0 90 60 48 48
5137 0 50 0 0 4737 0 30 0 0 120 60 49 49
5137 0 50 0 0 4737 0 30 0 0 150 60 49 49
5137 0 50 0 0 4737 0 30 0 0 180 60 49 49
5137 0 50 0 0 4737 0 40 0 0 0 59 48 48
5137 0 50 0 0 4737 0 40 0 0 30 59 48 48
5137 0 50 0 0 4737 0 40 0 0 60 59 48 48
5137 0 50 0 0 4737 0 40 0 0 90 59 48 48
5137 0 50 0 0 4737 0 40 0 0 120 59 49 49
5137 0 50 0 0 4737 0 40 0 0 150 59 49 49
5137 0 50 0 0 4737 0 40 0 0 180 59 49 49
5137 0 50 0 0 4737 0 50 0 0 0 58 48 48
5137 0 50 0 0 4737 0 50 0 0 30 58 49 49
5137 0 50 0 0 4737 0 50 0 0 60 59 49 49
5137 0 50 0 0 4737 0 50 0 0 90 59 49 49
5137 0 50 0 0 4737 0 50 0 0 120 59 49 49
5137 0 50 0 0 4737 0 50 0 0 150 58 49 49
5137 0 50 0 0 4737 0 50 0 0 180 58 49 49
5137 0 50 0 0 4737 0 60 0 0 0 57 50 50
5137 0 50 0 0 4737 0 60 0 0 30 57 50 50
5137 0 50 0 0 4737 0 60 0 0 60 57 50 50
5137 0 50 0 0 4737 0 60 0 0 90 57 50 50
5137 0 50 0 0 4737 0 60 0 0 120 57 50 50
5137 0 50 0 0 4737 0 60 0 0 150 57 50 50
5137 0 50 0 0 4737 0 60 0 0 180 57 50 50
5137 0 50 0 0 4737 0 0 0 0 0 60 52 52
5137 0 50 0 0 4737 0 0 0 0 30 60 52 52
5137 0 50 0 0 4737 0 0 0 0 60 60 52 52
5137 0 50 0 0 4737 0 0 0 0 90 60 52 52
5137 0 50 0 0 4737 0 0 0 0 120 60 53 53
5137 0 50 0 0 4737 0 0 0 0 150 60 53 53
5137 0 50 0 0 4737 0 0 0 0 180 60 53 53
5137 0 50 0 0 4737 0 10 0 0 0 60 52 52
5137 0 50 0 0 4737 0 10 0 0 30 60 52 52
5137 0 50 0 0 4737 0 10 0 0 60 60 52 52
5137 0 50 0 0 4737 0 10 0 0 90 60 52 52
5137 0 50 0 0 4737 0 10 0 0 120 60 52 52
5137 0 50 0 0 4737 0 10 0 0 150 60 52 52
5137 0 50 0 0 4737 0 10 0 0 180 60 52 52
5137 0 50 0 0 4737 0 20 0 0 0 60 50 50
5137 0 50 0 0 4737 0 20 0 0 30 60 50 50
5137 0 50 0 0 4737 0 20 0 0 60 60 50 50
5137 0 50 0 0 4737 0 20 0 0 90 60 50 50
5137 0 50 0 0 4737 0 20 0 0 120 60 51 51
5137 0 50 0 0 4737 0 20 0 0 150 60 51 51
5137 0 50 0 0 4737 0 20 0 0 180 60 51 51
5137 0 50 0 0 4737 0 30 0 0 0 59 47 47
5137 0 50 0 0 4737 0 30 0 0 30 59 47 47
5137 0 50 0 0 4737 0 30 0 0 60 59 47 47
5137 0 50 0 0 4737 0 30 0 0 90 60 48 48
5137 0 50 0 0 4737 0 30 0 0 120 60 48 48
5137 0 50 0 0 4737 0 30 0 0 150 59 48 48
5137 0 50 0 0 4737 0 30 0 0 180 59 48 48
5137 0 50 0 0 4737 0 40 0 0 0 59 47 47
5137 0 50 0 0 4737 0 40 0 0 30 59 47 47
5137 0 50 0 0 4737 0 40 0 0 60 59 47 47
5137 0 50 0 0 4737 0 40 0 0 90 59 48 48
5137 0 50 0 0 4737 0 40 0 0 120 59 48 48
5137 0 50 0 0 4737 0 40 0 0 150 59 48 48
5137 0 50 0 0 4737 0 40 0 0 180 59 48 48
5137 0 50 0 0 4737 0 50 0 0 0 58 48 48
5137 0 50 0 0 4737 0 50 0 0 30 58 48 48
5137 0 50 0 0 4737 0 50 0 0 60 58 48 48
5137 0 50 0 0 4737 0 50 0 0 90 58 48 48
5137 0 50 0 0 4737 0 50 0 0 120 58 48 48
5137 0 50 0 0 4737 0 50 0 0 150 58 49 49
5137 0 50 0 0 4737 0 50 0 0 180 58 49 49
5137 0 50 0 0 4737 0 60 0 0 0 56 49 49
5137 0 50 0 0 4737 0 60 0 0 30 57 50 50
5137 0 50 0 0 4737 0 60 0 0 60 57 50 50
5137 0 50 0 0 4737 0 60 0 0 90 57 50 50
5137 0 50 0 0 4737 0 60 0 0 120 57 50 50
5137 0 50 0 0 4737 0 60 0 0 150 56 50 50
5137 0 50 0 0 4737 0 60 0 0 180 56 50 50
5137 0 50 0 0 4737 0 0 0 0 0 59 51 51
5137 0 50 0 0 4737 0 0 0 0 30 60 52 52
5137 0 50 0 0 4737 0 0 0 0 60 60 52 52
5137 0 50 0 0 4737 0 0 0 0 90 60 52 52
5137 0 50 0 0 4737 0 0 0 0 120 60 52 52
5137 0 50 0 0 4737 0 0 0 0 150 60 52 52
5137 0 50 0 0 4737 0 0 0 0 180 60 52 52
5137 0 50 0 0 4737 0 10 0 0 0 59 51 51
5137 0 50 0 0 4737 0 10 0 0 30 59 51 51
5137 0 50 0 0 4737 0 10 0 0 60 60 51 51
5137 0 50 0 0 4737 0 10 0 0 90 60 51 51
5137 0 50 0 0 4737 0 10 0 0 120 60 51 51
5137 0 50 0 0 4737 0 10 0 0 150 60 52 52
5137 0 50 0 0 4737 0 10 0 0 180 60 52 52
5137 0 50 0 0 4737 0 20 0 0 0 59 49 49
5137 0 50 0 0 4737 0 20 0 0 30 59 49 49
5137 0 50 0 0 4737 0 20 0 0 60 59 49 49
5137 0 50 0 0 4737 0 20 0 0 90 59 50 50
5137 0 50 0 0 4737 0 20 0 0 120 60 50 50
5137 0 50 0 0 4737 0 20 0 0 150 59 50 50
5137 0 50 0 0 4737 0 20 0 0 180 59 50 50
5137 0 50 0 0 4737 0 30 0 0 0 59 47 47
5137 0 50 0 0 4737 0 30 0 0 30 59 47 47
5137 0 50 0 0 4737 0 30 0 0 60 59 47 47
5137 0 50 0 0 4737 0 30 0 0 90 59 47 47
5137 0 50 0 0 4737 0 30 0 0 120 59 47 47
5137 0 50 0 0 4737 0 30 0 0 150 59 48 48
5137 0 50 0 0 4737 0 30 0 0 180 59 48 48
5137 0 50 0 0 4737 0 40 0 0 0 58 47 47
5137 0 50 0 0 4737 0 40 0 0 30 58 47 47
5137 0 50 0 0 4737 0 40 0 0 60 59 47 47
5137 0 50 0 0 4737 0 40 0 0 90 58 47 47
5137 0 50 0 0 4737 0 40 0 0 120 59 47 47
5137 0 50 0 0 4737 0 40 0 0 150 58 48 48
5137 0 50 0 0 4737 0 40 0 0 180 58 48 48
5137 0 50 0 0 4737 0 50 0 0 0 57 47 47
5137 0 50 0 0 4737 0 50 0 0 30 58 48 48
5137 0 50 0 0 4737 0 50 0 0 60 58 48 48
5137 0 50 0 0 4737 0 50 0 0 90 58 48 48
5137 0 50 0 0 4737 0 50 0 0 120 58 48 48
5137 0 50 0 0 4737 0 50 0 0 150 57 48 48
5137 0 50 0 0 4737 0 50 0 0 180 57 48 48
5137 0 50 0 0 4737 0 60 0 0 0 56 49 49
5137 0 50 0 0 4737 0 60 0 0 30 56 49 49
5137 0 50 0 0 4737 0 60 0 0 60 56 49 49
5137 0 50 0 0 4737 0 60 0 0 90 56 49 49
5137 0 50 0 0 4737 0 60 0 0 120 56 49 49
5137 0 50 0 0 4737 0 60 0 0 150 56 49 49
5137 0 50 0 0 4737 0 60 0 0 180 56 49 49
5137 0 50 0 0 4737 0 0 0 0 0 59 51 51
5137 0 50 0 0 4737 0 0 0 0 30 59 51 51
5137 0 50 0 0 4737 0 0 0 0 60 59 51 51
5137 0 50 0 0 4737 0 0 0 0 90 59 51 51
5137 0 50 0 0 4737 0 0 0 0 120 59 51 51
5137 0 50 0 0 4737 0 0 0 0 150 59 51 51
5137 0 50 0 0 4737 0 0 0 0 180 59 51 51
5137 0 50 0 0 4737 0 10 0 0 0 59 50 50
5137 0 50 0 0 4737 0 10 0 0 30 59 50 50
5137 0 50 0 0 4737 0 10 0 0 60 59 50 50
5137 0 50 0 0 4737 0 10 0 0 90 59 50 50
5137 0 50 0 0 4737 0 10 0 0 120 59 51 51
5137 0 50 0 0 4737 0 10 0 0 150 59 51 51
5137 0 50 0 0 4737 0 10 0 0 180 59 51 51
5137 0 50 0 0 4737 0 20 0 0 0 59 48 48
5137 0 50 0 0 4737 0 20 0 0 30 59 48 48
5137 0 50 0 0 4737 0 20 0 0 60 59 48 48
5137 0 50 0 0 4737 0 20 0 0 90 59 49 49
5137 0 50 0 0 4737 0 20 0 0 120 59 49 49
5137 0 50 0 0 4737 0 20 0 0 150 59 49 49
5137 0 50 0 0 4737 0 20 0 0 180 59 49 49
5137 0 50 0 0 4737 0 30 0 0 0 58 46 46
5137 0 50 0 0 4737 0 30 0 0 30 58 46 46
5137 0 50 0 0 4737 0 30 0 0 60 59 46 46
5137 0 50 0 0 4737 0 30 0 0 90 59 46 46
5137 0 50 0 0 4737 0 30 0 0 120 59 47 47
5137 0 50 0 0 4737 0 30 0 0 150 59 47 47
5137 0 50 0 0 4737 0 30 0 0 180 59 47 47
5137 0 50 0 0 4737 0 40 0 0 0 58 46 46
5137 0 50 0 0 4737 0 40 0 0 30 58 46 46
5137 0 50 0 0 4737 0 40 0 0 60 58 46 46
5137 0 50 0 0 4737 0 40 0 0 90 58 47 47
5137 0 50 0 0 4737 0 40 0 0 120 58 47 47
5137 0 50 0 0 4737 0 40 0 0 150 58 47 47
5137 0 50 0 0 4737 0 40 0 0 180 58 47 47
5137 0 50 0 0 4737 0 50 0 0 0 57 47 47
5137 0 50 0 0 4737 0 50 0 0 30 57 47 47
5137 0 50 0 0 4737 0 50 0 0 60 57 47 47
5137 0 50 0 0 4737 0 50 0 0 90 57 47 47
5137 0 50 0 0 4737 0 50 0 0 120 57 47 47
5137 0 50 0 0 4737 0 50 0 0 150 57 48 48
5137 0 50 0 0 4737 0 50 0 0 180 57 48 48
5137 0 50 0 0 4737 0 60 0 0 0 55 48 48
5137 0 50 0 0 4737 0 60 0 0 30 56 48 48
5137 0 50 0 0 4737 0 60 0 0 60 56 48 48
5137 0 50 0 0 4737 0 60 0 0 90 56 49 49
5137 0 50 0 0 4737 0 60 0 0 120 55 49 49
5137 0 50 0 0 4737 0 60 0 0 150 55 49 49
5137 0 50 0 0 4737 0 60 0 0 180 55 49 49
5137 0 50 0 0 4737 0 0 0 0 0 59 50 50
5137 0 50 0 0 4737 0 0 0 0 30 59 50 50
5137 0 50 0 0 4737 0 0 0 0 60 59 50 50
5137 0 50 0 0 4737 0 0 0 0 90 59 50 50
5137 0 50 0 0 4737 0 0 0 0 120 59 50 50
5137 0 50 0 0 4737 0 0 0 0 150 59 51 51
5137 0 50 0 0 4737 0 0 0 0 180 59 51 51
5137 0 50 0 0 4737 0 10 0 0 0 58 49 49
5137 0 50 0 0 4737 0 10 0 0 30 59 49 49
5137 0 50 0 0 4737 0 10 0 0 60 59 49 49
5137 0 50 0 0 4737 0 10 0 0 90 59 50 50
5137 0 50 0 0 4737 0 10 0 0 120 59 50 50
5137 0 50 0 0 4737 0 10 0 0 150 59 50 50
5137 0 50 0 0 4737 0 10 0 0 180 59 50 50
5137 0 50 0 0 4737 0 20 0 0 0 58 47 47
5137 0 50 0 0 4737 0 20 0 0 30 58 47 47
5137 0 50 0 0 4737 0 20 0 0 60 58 47 47
5137 0 50 0 0 4737 0 20 0 0 90 59 47 47
5137 0 50 0 0 4737 0 20 0 0 120 59 47 47
5137 0 50 0 0 4737 0 20 0 0 150 58 48 48
5137 0 50 0 0 4737 0 20 0 0 180 58 48 48
5137 0 50 0 0 4737 0 30 0 0 0 58 46 46
5137 0 50 0 0 4737 0 30 0 0 30 58 46 46
5137 0 50 0 0 4737 0 30 0 0 60 58 46 46
5137 0 50 0 0 4737 0 30 0 0 90 58 46 46
5137 0 50 0 0 4737 0 30 0 0 120 58 46 46
5137 0 50 0 0 4737 0 30 0 0 150 58 47 47
5137 0 50 0 0 4737 0 30 0 0 180 58 47 47
5137 0 50 0 0 4737 0 40 0 0 0 57 46 46
5137 0 50 0 0 4737 0 40 0 0 30 57 46 46
5137 0 50 0 0 4737 0 40 0 0 60 58 46 46
5137 0 50 0 0 4737 0 40 0 0 90 58 46 46
5137 0 50 0 0 4737 0 40 0 0 120 58 47 47
5137 0 50 0 0 4737 0 40 0 0 150 57 47 47
5137 0 50 0 0 4737 0 40 0 0 180 57 47 47
5137 0 50 0 0 4737 0 50 0 0 0 56 47 47
5137 0 50 0 0 4737 0 50 0 0 30 56 47 47
5137 0 50 0 0 4737 0 50 0 0 60 57 47 47
5137 0 50 0 0 4737 0 50 0 0 90 57 47 47
5137 0 50 0 0 4737 0 50 0 0 120 57 47 47
5137 0 50 0 0 4737 0 50 0 0 150 56 47 47
5137 0 50 0 0 4737 0 50 0 0 180 56 47 47
5137 0 50 0 0 4737 0 60 0 0 0 55 48 48
5137 0 50 0 0 4737 0 60 0 0 30 55 48 48
5137 0 50 0 0 4737 0 60 0 0 60 55 48 48
5137 0 50 0 0 4737 0 60 0 0 90 55 48 48
5137 0 50 0 0 4737 0 60 0 0 120 55 48 48
5137 0 50 0 0 4737 0 60 0 0 150 54 48 48
5137 0 50 0 0 4737 0 60 0 0 180 54 48 48
5137 0 50 0 0 4737 0 0 0 0 0 58 49 49
5137 0 50 0 0 4737 0 0 0 0 30 58 49 49
5137 0 50 0 0 4737 0 0 0 0 60 58 49 49
5137 0 50 0 0 4737 0 0 0 0 90 58 49 49
5137 0 50 0 0 4737 0 0 0 0 120 58 49 49
5137 0 50 0 0 4737 0 0 0 0 150 58 49 49
5137 0 50 0 0 4737 0 0 0 0 180 58 49 49
5137 0 50 0 0 4737 0 10 0 0 0 58 48 48
5137 0 50 0 0 4737 0 10 0 0 30 58 48 48
5137 0 50 0 0 4737 0 10 0 0 60 58 48 48
5137 0 50 0 0 4737 0 10 0 0 90 58 48 48
5137 0 50 0 0 4737 0 10 0 0 120 58 48 48
5137 0 50 0 0 4737 0 10 0 0 150 58 48 48
5137 0 50 0 0 4737 0 10 0 0 180 58 49 49
5137 0 50 0 0 4737 0 20 0 0 0 58 47 47
5137 0 50 0 0 4737 0 20 0 0 30 58 47 47
5137 0 50 0 0 4737 0 20 0 0 60 58 47 47
5137 0 50 0 0 4737 0 20 0 0 90 58 47 47
5137 0 50 0 0 4737 0 20 0 0 120 58 47 47
5137 0 50 0 0 4737 0 20 0 0 150 58 47 47
5137 0 50 0 0 4737 0 20 0 0 180 58 47 47
5137 0 50 0 0 4737 0 30 0 0 0 57 46 46
5137 0 50 0 0 4737 0 30 0 0 30 57 46 46
5137 0 50 0 0 4737 0 30 0 0 60 58 46 46
5137 0 50 0 0 4737 0 30 0 0 90 58 46 46
5137 0 50 0 0 4737 0 30 0 0 120 58 47 47
5137 0 50 0 0 4737 0 30 0 0 150 58 47 47
5137 0 50 0 0 4737 0 30 0 0 180 57 47 47
5137 0 50 0 0 4737 0 40 0 0 0 57 47 47
5137 0 50 0 0 4737 0 40 0 0 30 57 47 47
5137 0 50 0 0 4737 0 40 0 0 60 57 46 46
5137 0 50 0 0 4737 0 40 0 0 90 57 47 47
5137 0 50 0 0 4737 0 40 0 0 120 57 47 47
5137 0 50 0 0 4737 0 40 0 0 150 57 47 47
5137 0 50 0 0 4737 0 40 0 0 180 57 47 47
5137 0 50 0 0 4737 0 50 0 0 0 56 47 47
5137 0 50 0 0 4737 0 50 0 0 30 56 47 47
5137 0 50 0 0 4737 0 50 0 0 60 56 47 47
5137 0 50 0 0 4737 0 50 0 0 90 56 47 47
5137 0 50 0 0 4737 0 50 0 0 120 56 47 47
5137 0 50 0 0 4737 0 50 0 0 150 56 47 47
5137 0 50 0 0 4737 0 50 0 0 180 56 47 47
5137 0 50 0 0 4737 0 60 0 0 0 55 47 47
5137 0 50 0 0 4737 0 60 0 0 30 55 47 47
5137 0 50 0 0 4737 0 60 0 0 60 55 48 48
5137 0 50 0 0 4737 0 60 0 0 90 55 48 48
5137 0 50 0 0 4737 0 60 0 0 120 54 48 48
5137 0 50 0 0 4737 0 60 0 0 150 54 48 48
5137 0 50 0 0 4737 0 60 0 0 180 54 48 48
5137 0 50 0 0 4937 0 0 0 0 0 61 54 54
5137 0 50 0 0 4937 0 0 0 0 30 61 54 54
5137 0 50 0 0 4937 0 0 0 0 60 61 54 54
5137 0 50 0 0 4937 0 0 0 0 90 61 55 55
5137 0 50 0 0 4937 0 0 0 0 120 61 54 54
5137 0 50 0 0 4937 0 0 0 0 150 61 54 54
5137 0 50 0 0 4937 0 0 0 0 180 61 53 53
5137 0 50 0 0 4937 0 10 0 0 0 60 54 54
5137 0 50 0 0 4937 0 10 0 0 30 61 54 54
5137 0 50 0 0 4937 0 10 0 0 60 61 54 54
5137 0 50 0 0 4937 0 10 0 0 90 61 54 54
5137 0 50 0 0 4937 0 10 0 0 120 61 54 54
5137 0 50 0 0 4937 0 10 0 0 150 61 54 54
5137 0 50 0 0 4937 0 10 0 0 180 61 53 53
5137 0 50 0 0 4937 0 20 0 0 0 60 52 52
5137 0 50 0 0 4937 0 20 0 0 30 61 52 52
5137 0 50 0 0 4937 0 20 0 0 60 61 53 53
5137 0 50 0 0 4937 0 20 0 0 90 61 53 53
5137 0 50 0 0 4937 0 20 0 0 120 61 53 53
5137 0 50 0 0 4937 0 20 0 0 150 61 52 52
5137 0 50 0 0 4937 0 20 0 0 180 61 52 52
5137 0 50 0 0 4937 0 30 0 0 0 60 49 49
5137 0 50 0 0 4937 0 30 0 0 30 60 49 49
5137 0 50 0 0 4937 0 30 0 0 60 61 49 49
5137 0 50 0 0 4937 0 30 0 0 90 61 50 50
5137 0 50 0 0 4937 0 30 0 0 120 61 50 50
5137 0 50 0 0 4937 0 30 0 0 150 61 49 49
5137 0 50 0 0 4937 0 30 0 0 180 60 49 49
5137 0 50 0 0 4937 0 40 0 0 0 59 49 49
5137 0 50 0 0 4937 0 40 0 0 30 60 49 49
5137 0 50 0 0 4937 0 40 0 0 60 60 49 49
5137 0 50 0 0 4937 0 40 0 0 90 60 50 50
5137 0 50 0 0 4937 0 40 0 0 120 60 50 50
5137 0 50 0 0 4937 0 40 0 0 150 60 49 49
5137 0 50 0 0 4937 0 40 0 0 180 60 49 49
5137 0 50 0 0 4937 0 50 0 0 0 59 49 49
5137 0 50 0 0 4937 0 50 0 0 30 59 50 50
5137 0 50 0 0 4937 0 50 0 0 60 59 50 50
5137 0 50 0 0 4937 0 50 0 0 90 59 51 51
5137 0 50 0 0 4937 0 50 0 0 120 59 50 50
5137 0 50 0 0 4937 0 50 0 0 150 59 50 50
5137 0 50 0 0 4937 0 50 0 0 180 59 50 50
5137 0 50 0 0 4937 0 60 0 0 0 57 50 50
5137 0 50 0 0 4937 0 60 0 0 30 58 51 51
5137 0 50 0 0 4937 0 60 0 0 60 58 52 52
5137 0 50 0 0 4937 0 60 0 0 90 58 52 52
5137 0 50 0 0 4937 0 60 0 0 120 58 52 52
5137 0 50 0 0 4937 0 60 0 0 150 58 52 52
5137 0 50 0 0 4937 0 60 0 0 180 58 52 52
5137 0 50 0 0 4937 0 0 0 0 0 60 54 54
5137 0 50 0 0 4937 0 0 0 0 30 61 54 54
5137 0 50 0 0 4937 0 0 0 0 60 61 54 54
5137 0 50 0 0 4937 0 0 0 0 90 61 54 54
5137 0 50 0 0 4937 0 0 0 0 120 61 54 54
5137 0 50 0 0 4937 0 0 0 0 150 61 53 53
5137 0 50 0 0 4937 0 0 0 0 180 61 53 53
5137 0 50 0 0 4937 0 10 0 0 0 60 53 53
5137 0 50 0 0 4937 0 10 0 0 30 61 53 53
5137 0 50 0 0 4937 0 10 0 0 60 61 53 53
5137 0 50 0 0 4937 0 10 0 0 90 61 54 54
5137 0 50 0 0 4937 0 10 0 0 120 61 53 53
5137 0 50 0 0 4937 0 10 0 0 150 61 53 53
5137 0 50 0 0 4937 0 10 0 0 180 60 52 52
5137 0 50 0 0 4937 0 20 0 0 0 60 52 52
5137 0 50 0 0 4937 0 20 0 0 30 60 52 52
5137 0 50 0 0 4937 0 20 0 0 60 61 52 52
5137 0 50 0 0 4937 0 20 0 0 90 61 52 52
5137 0 50 0 0 4937 0 20 0 0 120 61 52 52
5137 0 50 0 0 4937 0 20 0 0 150 61 52 52
5137 0 50 0 0 4937 0 20 0 0 180 60 51 51
5137 0 50 0 0 4937 0 30 0 0 0 60 48 48
5137 0 50 0 0 4937 0 30 0 0 30 60 49 49
5137 0 50 0 0 4937 0 30 0 0 60 60 49 49
5137 0 50 0 0 4937 0 30 0 0 90 60 49 49
5137 0 50 0 0 4937 0 30 0 0 120 60 49 49
5137 0 50 0 0 4937 0 30 0 0 150 60 49 49
5137 0 50 0 0 4937 0 30 0 0 180 60 48 48
5137 0 50 0 0 4937 0 40 0 0 0 59 48 48
5137 0 50 0 0 4937 0 40 0 0 30 59 49 49
5137 0 50 0 0 4937 0 40 0 0 60 60 49 49
5137 0 50 0 0 4937 0 40 0 0 90 60 49 49
5137 0 50 0 0 4937 0 40 0 0 120 60 49 49
5137 0 50 0 0 4937 0 40 0 0 150 60 49 49
5137 0 50 0 0 4937 0 40 0 0 180 59 48 48
5137 0 50 0 0 4937 0 50 0 0 0 58 48 48
5137 0 50 0 0 4937 0 50 0 0 30 59 49 49
5137 0 50 0 0 4937 0 50 0 0 60 59 50 50
5137 0 50 0 0 4937 0 50 0 0 90 59 50 50
5137 0 50 0 0 4937 0 50 0 0 120 59 50 50
5137 0 50 0 0 4937 0 50 0 0 150 59 50 50
5137 0 50 0 0 4937 0 50 0 0 180 59 49 49
5137 0 50 0 0 4937 0 60 0 0 0 57 49 49
5137 0 50 0 0 4937 0 60 0 0 30 57 50 50
5137 0 50 0 0 4937 0 60 0 0 60 58 51 51
5137 0 50 0 0 4937 0 60 0 0 90 58 51 51
5137 0 50 0 0 4937 0 60 0 0 120 58 52 52
5137 0 50 0 0 4937 0 60 0 0 150 57 52 52
5137 0 50 0 0 4937 0 60 0 0 180 57 51 51
5137 0 50 0 0 4937 0 0 0 0 0 60 53 53
5137 0 50 0 0 4937 0 0 0 0 30 60 53 53
5137 0 50 0 0 4937 0 0 0 0 60 60 53 53
5137 0 50 0 0 4937 0 0 0 0 90 60 54 54
5137 0 50 0 0 4937 0 0 0 0 120 61 53 53
5137 0 50 0 0 4937 0 0 0 0 150 60 53 53
5137 0 50 0 0 4937 0 0 0 0 180 60 52 52
5137 0 50 0 0 4937 0 10 0 0 0 60 52 52
5137 0 50 0 0 4937 0 10 0 0 30 60 53 53
5137 0 50 0 0 4937 0 10 0 0 60 60 53 53
5137 0 50 0 0 4937 0 10 0 0 90 60 53 53
5137 0 50 0 0 4937 0 10 0 0 120 60 53 53
5137 0 50 0 0 4937 0 10 0 0 150 60 53 53
5137 0 50 0 0 4937 0 10 0 0 180 60 52 52
5137 0 50 0 0 4937 0 20 0 0 0 60 51 51
5137 0 50 0 0 4937 0 20 0 0 30 60 51 51
5137 0 50 0 0 4937 0 20 0 0 60 60 51 51
5137 0 50 0 0 4937 0 20 0 0 90 60 52 52
5137 0 50 0 0 4937 0 20 0 0 120 60 52 52
5137 0 50 0 0 4937 0 20 0 0 150 60 51 51
5137 0 50 0 0 4937 0 20 0 0 180 60 50 50
5137 0 50 0 0 4937 0 30 0 0 0 59 48 48
5137 0 50 0 0 4937 0 30 0 0 30 60 48 48
5137 0 50 0 0 4937 0 30 0 0 60 60 49 49
5137 0 50 0 0 4937 0 30 0 0 90 60 49 49
5137 0 50 0 0 4937 0 30 0 0 120 60 49 49
5137 0 50 0 0 4937 0 30 0 0 150 60 49 49
5137 0 50 0 0 4937 0 30 0 0 180 59 48 48
5137 0 50 0 0 4937 0 40 0 0 0 59 48 48
5137 0 50 0 0 4937 0 40 0 0 30 59 48 48
5137 0 50 0 0 4937 0 40 0 0 60 59 49 49
5137 0 50 0 0 4937 0 40 0 0 90 59 49 49
5137 0 50 0 0 4937 0 40 0 0 120 59 49 49
5137 0 50 0 0 4937 0 40 0 0 150 59 49 49
5137 0 50 0 0 4937 0 40 0 0 180 59 48 48
5137 0 50 0 0 4937 0 50 0 0 0 58 48 48
5137 0 50 0 0 4937 0 50 0 0 30 58 48 48
5137 0 50 0 0 4937 0 50 0 0 60 58 49 49
5137 0 50 0 0 4937 0 50 0 0 90 59 50 50
5137 0 50 0 0 4937 0 50 0 0 120 59 50 50
5137 0 50 0 0 4937 0 50 0 0 150 58 50 50
5137 0 50 0 0 4937 0 50 0 0 180 58 49 49
5137 0 50 0 0 4937 0 60 0 0 0 57 48 48
5137 0 50 0 0 4937 0 60 0 0 30 57 49 49
5137 0 50 0 0 4937 0 60 0 0 60 57 50 50
5137 0 50 0 0 4937 0 60 0 0 90 57 50 50
5137 0 50 0 0 4937 0 60 0 0 120 57 51 51
5137 0 50 0 0 4937 0 60 0 0 150 57 51 51
5137 0 50 0 0 4937 0 60 0 0 180 57 50 50
5137 0 50 0 0 4937 0 0 0 0 0 60 52 52
5137 0 50 0 0 4937 0 0 0 0 30 60 53 53
5137 0 50 0 0 4937 0 0 0 0 60 60 53 53
5137 0 50 0 0 4937 0 0 0 0 90 60 53 53
5137 0 50 0 0 4937 0 0 0 0 120 60 53 53
5137 0 50 0 0 4937 0 0 0 0 150 60 53 53
5137 0 50 0 0 4937 0 0 0 0 180 59 51 51
5137 0 50 0 0 4937 0 10 0 0 0 59 52 52
5137 0 50 0 0 4937 0 10 0 0 30 60 52 52
5137 0 50 0 0 4937 0 10 0 0 60 60 52 52
5137 0 50 0 0 4937 0 10 0 0 90 60 52 52
5137 0 50 0 0 4937 0 10 0 0 120 60 53 53
5137 0 50 0 0 4937 0 10 0 0 150 60 52 52
5137 0 50 0 0 4937 0 10 0 0 180 59 51 51
5137 0 50 0 0 4937 0 20 0 0 0 59 50 50
5137 0 50 0 0 4937 0 20 0 0 30 59 51 51
5137 0 50 0 0 4937 0 20 0 0 60 60 51 51
5137 0 50 0 0 4937 0 20 0 0 90 60 51 51
5137 0 50 0 0 4937 0 20 0 0 120 60 51 51
5137 0 50 0 0 4937 0 20 0 0 150 60 51 51
5137 0 50 0 0 4937 0 20 0 0 180 59 49 49
5137 0 50 0 0 4937 0 30 0 0 0 59 48 48
5137 0 50 0 0 4937 0 30 0 0 30 59 48 48
5137 0 50 0 0 4937 0 30 0 0 60 59 49 49
5137 0 50 0 0 4937 0 30 0 0 90 59 49 49
5137 0 50 0 0 4937 0 30 0 0 120 59 49 49
5137 0 50 0 0 4937 0 30 0 0 150 59 48 48
5137 0 50 0 0 4937 0 30 0 0 180 59 47 47
5137 0 50 0 0 4937 0 40 0 0 0 58 47 47
5137 0 50 0 0 4937 0 40 0 0 30 59 48 48
5137 0 50 0 0 4937 0 40 0 0 60 59 48 48
5137 0 50 0 0 4937 0 40 0 0 90 59 49 49
5137 0 50 0 0 4937 0 40 0 0 120 59 49 49
5137 0 50 0 0 4937 0 40 0 0 150 59 49 49
5137 0 50 0 0 4937 0 40 0 0 180 58 48 48
5137 0 50 0 0 4937 0 50 0 0 0 58 47 47
5137 0 50 0 0 4937 0 50 0 0 30 58 48 48
5137 0 50 0 0 4937 0 50 0 0 60 58 48 48
5137 0 50 0 0 4937 0 50 0 0 90 58 49 49
5137 0 50 0 0 4937 0 50 0 0 120 58 50 50
5137 0 50 0 0 4937 0 50 0 0 150 58 50 50
5137 0 50 0 0 4937 0 50 0 0 180 57 49 49
5137 0 50 0 0 4937 0 60 0 0 0 56 48 48
5137 0 50 0 0 4937 0 60 0 0 30 56 48 48
5137 0 50 0 0 4937 0 60 0 0 60 57 49 49
5137 0 50 0 0 4937 0 60 0 0 90 57 50 50
5137 0 50 0 0 4937 0 60 0 0 120 57 50 50
5137 0 50 0 0 4937 0 60 0 0 150 57 51 51
5137 0 50 0 0 4937 0 60 0 0 180 56 50 50
5137 0 50 0 0 4937 0 0 0 0 0 59 52 52
5137 0 50 0 0 4937 0 0 0 0 30 59 52 52
5137 0 50 0 0 4937 0 0 0 0 60 60 52 52
5137 0 50 0 0 4937 0 0 0 0 90 60 53 53
5137 0 50 0 0 4937 0 0 0 0 120 60 53 53
5137 0 50 0 0 4937 0 0 0 0 150 59 52 52
5137 0 50 0 0 4937 0 0 0 0 180 59 50 50
5137 0 50 0 0 4937 0 10 0 0 0 59 51 51
5137 0 50 0 0 4937 0 10 0 0 30 59 51 51
5137 0 50 0 0 4937 0 10 0 0 60 59 52 52
5137 0 50 0 0 4937 0 10 0 0 90 60 52 52
5137 0 50 0 0 4937 0 10 0 0 120 60 52 52
5137 0 50 0 0 4937 0 10 0 0 150 59 52 52
5137 0 50 0 0 4937 0 10 0 0 180 59 50 50
5137 0 50 0 0 4937 0 20 0 0 0 59 49 49
5137 0 50 0 0 4937 0 20 0 0 30 59 49 49
5137 0 50 0 0 4937 0 20 0 0 60 59 50 50
5137 0 50 0 0 4937 0 20 0 0 90 59 50 50
5137 0 50 0 0 4937 0 20 0 0 120 59 50 50
5137 0 50 0 0 4937 0 20 0 0 150 59 50 50
5137 0 50 0 0 4937 0 20 0 0 180 59 48 48
5137 0 50 0 0 4937 0 30 0 0 0 59 48 48
5137 0 50 0 0 4937 0 30 0 0 30 59 48 48
5137 0 50 0 0 4937 0 30 0 0 60 59 48 48
5137 0 50 0 0 4937 0 30 0 0 90 59 49 49
5137 0 50 0 0 4937 0 30 0 0 120 59 49 49
5137 0 50 0 0 4937 0 30 0 0 150 59 49 49
5137 0 50 0 0 4937 0 30 0 0 180 58 47 47
5137 0 50 0 0 4937 0 40 0 0 0 58 47 47
5137 0 50 0 0 4937 0 40 0 0 30 58 47 47
5137 0 50 0 0 4937 0 40 0 0 60 58 48 48
5137 0 50 0 0 4937 0 40 0 0 90 59 49 49
5137 0 50 0 0 4937 0 40 0 0 120 59 49 49
5137 0 50 0 0 4937 0 40 0 0 150 58 49 49
5137 0 50 0 0 4937 0 40 0 0 180 58 47 47
5137 0 50 0 0 4937 0 50 0 0 0 57 47 47
5137 0 50 0 0 4937 0 50 0 0 30 57 47 47
5137 0 50 0 0 4937 0 50 0 0 60 58 48 48
5137 0 50 0 0 4937 0 50 0 0 90 58 48 48
5137 0 50 0 0 4937 0 50 0 0 120 58 49 49
5137 0 50 0 0 4937 0 50 0 0 150 58 49 49
5137 0 50 0 0 4937 0 50 0 0 180 57 48 48
5137 0 50 0 0 4937 0 60 0 0 0 55 47 47
5137 0 50 0 0 4937 0 60 0 0 30 55 48 48
5137 0 50 0 0 4937 0 60 0 0 60 56 48 48
5137 0 50 0 0 4937 0 60 0 0 90 56 49 49
5137 0 50 0 0 4937 0 60 0 0 120 56 50 50
5137 0 50 0 0 4937 0 60 0 0 150 56 50 50
5137 0 50 0 0 4937 0 60 0 0 180 56 49 49
5137 0 50 0 0 4937 0 0 0 0 0 59 51 51
5137 0 50 0 0 4937 0 0 0 0 30 59 51 51
5137 0 50 0 0 4937 0 0 0 0 60 59 52 52
5137 0 50 0 0 4937 0 0 0 0 90 59 52 52
5137 0 50 0 0 4937 0 0 0 0 120 59 52 52
5137 0 50 0 0 4937 0 0 0 0 150 59 51 51
5137 0 50 0 0 4937 0 0 0 0 180 58 49 49
5137 0 50 0 0 4937 0 10 0 0 0 59 50 50
5137 0 50 0 0 4937 0 10 0 0 30 59 50 50
5137 0 50 0 0 4937 0 10 0 0 60 59 51 51
5137 0 50 0 0 4937 0 10 0 0 90 59 51 51
5137 0 50 0 0 4937 0 10 0 0 120 59 51 51
5137 0 50 0 0 4937 0 10 0 0 150 59 51 51
5137 0 50 0 0 4937 0 10 0 0 180 58 48 48
5137 0 50 0 0 4937 0 20 0 0 0 59 49 49
5137 0 50 0 0 4937 0 20 0 0 30 59 49 49
5137 0 50 0 0 4937 0 20 0 0 60 59 49 49
5137 0 50 0 0 4937 0 20 0 0 90 59 50 50
5137 0 50 0 0 4937 0 20 0 0 120 59 50 50
5137 0 50 0 0 4937 0 20 0 0 150 59 49 49
5137 0 50 0 0 4937 0 20 0 0 180 58 47 47
5137 0 50 0 0 4937 0 30 0 0 0 58 47 47
5137 0 50 0 0 4937 0 30 0 0 30 58 48 48
5137 0 50 0 0 4937 0 30 0 0 60 59 48 48
5137 0 50 0 0 4937 0 30 0 0 90 59 49 49
5137 0 50 0 0 4937 0 30 0 0 120 59 49 49
5137 0 50 0 0 4937 0 30 0 0 150 58 49 49
5137 0 50 0 0 4937 0 30 0 0 180 58 47 47
5137 0 50 0 0 4937 0 40 0 0 0 58 47 47
5137 0 50 0 0 4937 0 40 0 0 30 58 47 47
5137 0 50 0 0 4937 0 40 0 0 60 58 48 48
5137 0 50 0 0 4937 0 40 0 0 90 58 48 48
5137 0 50 0 0 4937 0 40 0 0 120 58 49 49
5137 0 50 0 0 4937 0 40 0 0 150 58 49 49
5137 0 50 0 0 4937 0 40 0 0 180 57 47 47
5137 0 50 0 0 4937 0 50 0 0 0 57 47 47
5137 0 50 0 0 4937 0 50 0 0 30 57 47 47
5137 0 50 0 0 4937 0 50 0 0 60 57 48 48
5137 0 50 0 0 4937 0 50 0 0 90 57 48 48
5137 0 50 0 0 4937 0 50 0 0 120 57 49 49
5137 0 50 0 0 4937 0 50 0 0 150 57 50 50
5137 0 50 0 0 4937 0 50 0 0 180 56 48 48
5137 0 50 0 0 4937 0 60 0 0 0 55 47 47
5137 0 50 0 0 4937 0 60 0 0 30 55 47 47
5137 0 50 0 0 4937 0 60 0 0 60 55 48 48
5137 0 50 0 0 4937 0 60 0 0 90 55 48 48
5137 0 50 0 0 4937 0 60 0 0 120 55 49 49
5137 0 50 0 0 4937 0 60 0 0 150 55 50 50
5137 0 50 0 0 4937 0 60 0 0 180 55 49 49
5137 0 50 0 0 5137 0 0 0 0 0 43 43 43
5137 0 50 0 0 5137 0 0 0 0 30 48 46 46
5137 0 50 0 0 5137 0 0 0 0 60 56 52 52
5137 0 50 0 0 5137 0 0 0 0 90 65 57 57
5137 0 50 0 0 5137 0 0 0 0 120 71 62 62
5137 0 50 0 0 5137 0 0 0 0 150 74 64 64
5137 0 50 0 0 5137 0 0 0 0 180 75 63 63
5137 0 50 0 0 5137 0 10 0 0 0 43 41 41
5137 0 50 0 0 5137 0 10 0 0 30 48 45 45
5137 0 50 0 0 5137 0 10 0 0 60 56 51 51
5137 0 50 0 0 5137 0 10 0 0 90 64 57 57
5137 0 50 0 0 5137 0 10 0 0 120 71 62 62
5137 0 50 0 0 5137 0 10 0 0 150 74 64 64
5137 0 50 0 0 5137 0 10 0 0 180 75 63 63
5137 0 50 0 0 5137 0 20 0 0 0 42 39 39
5137 0 50 0 0 5137 0 20 0 0 30 48 43 43
5137 0 50 0 0 5137 0 20 0 0 60 56 49 49
5137 0 50 0 0 5137 0 20 0 0 90 64 55 55
5137 0 50 0 0 5137 0 20 0 0 120 71 61 61
5137 0 50 0 0 5137 0 20 0 0 150 74 63 63
5137 0 50 0 0 5137 0 20 0 0 180 75 63 63
5137 0 50 0 0 5137 0 30 0 0 0 42 35 35
5137 0 50 0 0 5137 0 30 0 0 30 47 39 39
5137 0 50 0 0 5137 0 30 0 0 60 56 46 46
5137 0 50 0 0 5137 0 30 0 0 90 64 52 52
5137 0 50 0 0 5137 0 30 0 0 120 70 58 58
5137 0 50 0 0 5137 0 30 0 0 150 74 60 60
5137 0 50 0 0 5137 0 30 0 0 180 74 60 60
5137 0 50 0 0 5137 0 40 0 0 0 42 35 35
5137 0 50 0 0 5137 0 40 0 0 30 47 39 39
5137 0 50 0 0 5137 0 40 0 0 60 55 45 45
5137 0 50 0 0 5137 0 40 0 0 90 63 52 52
5137 0 50 0 0 5137 0 40 0 0 120 70 57 57
5137 0 50 0 0 5137 0 40 0 0 150 73 59 59
5137 0 50 0 0 5137 0 40 0 0 180 74 60 60
5137 0 50 0 0 5137 0 50 0 0 0 41 35 35
5137 0 50 0 0 5137 0 50 0 0 30 46 39 39
5137 0 50 0 0 5137 0 50 0 0 60 54 45 45
5137 0 50 0 0 5137 0 50 0 0 90 63 52 52
5137 0 50 0 0 5137 0 50 0 0 120 69 58 58
5137 0 50 0 0 5137 0 50 0 0 150 72 60 60
5137 0 50 0 0 5137 0 50 0 0 180 72 60 60
5137 0 50 0 0 5137 0 60 0 0 0 40 36 36
5137 0 50 0 0 5137 0 60 0 0 30 45 40 40
5137 0 50 0 0 5137 0 60 0 0 60 53 46 46
5137 0 50 0 0 5137 0 60 0 0 90 61 53 53
5137 0 50 0 0 5137 0 60 0 0 120 67 59 59
5137 0 50 0 0 5137 0 60 0 0 150 70 62 62
5137 0 50 0 0 5137 0 60 0 0 180 71 62 62
5137 0 50 0 0 5137 0 0 0 0 0 41 43 43
5137 0 50 0 0 5137 0 0 0 0 30 46 45 45
5137 0 50 0 0 5137 0 0 0 0 60 54 49 49
5137 0 50 0 0 5137 0 0 0 0 90 61 55 55
5137 0 50 0 0 5137 0 0 0 0 120 68 61 61
5137 0 50 0 0 5137 0 0 0 0 150 73 64 64
5137 0 50 0 0 5137 0 0 0 0 180 75 62 62
5137 0 50 0 0 5137 0 10 0 0 0 41 41 41
5137 0 50 0 0 5137 0 10 0 0 30 46 44 44
5137 0 50 0 0 5137 0 10 0 0 60 54 49 49
5137 0 50 0 0 5137 0 10 0 0 90 61 54 54
5137 0 50 0 0 5137 0 10 0 0 120 68 61 61
5137 0 50 0 0 5137 0 10 0 0 150 73 64 64
5137 0 50 0 0 5137 0 10 0 0 180 75 62 62
5137 0 50 0 0 5137 0 20 0 0 0 41 38 38
5137 0 50 0 0 5137 0 20 0 0 30 46 41 41
5137 0 50 0 0 5137 0 20 0 0 60 53 47 47
5137 0 50 0 0 5137 0 20 0 0 90 61 53 53
5137 0 50 0 0 5137 0 20 0 0 120 68 59 59
5137 0 50 0 0 5137 0 20 0 0 150 73 63 63
5137 0 50 0 0 5137 0 20 0 0 180 75 62 62
5137 0 50 0 0 5137 0 30 0 0 0 40 33 33
5137 0 50 0 0 5137 0 30 0 0 30 46 38 38
5137 0 50 0 0 5137 0 30 0 0 60 53 43 43
5137 0 50 0 0 5137 0 30 0 0 90 61 49 49
5137 0 50 0 0 5137 0 30 0 0 120 68 56 56
5137 0 50 0 0 5137 0 30 0 0 150 72 59 59
5137 0 50 0 0 5137 0 30 0 0 180 74 60 60
5137 0 50 0 0 5137 0 40 0 0 0 40 33 33
5137 0 50 0 0 5137 0 40 0 0 30 45 37 37
5137 0 50 0 0 5137 0 40 0 0 60 52 42 42
5137 0 50 0 0 5137 0 40 0 0 90 60 49 49
5137 0 50 0 0 5137 0 40 0 0 120 68 55 55
5137 0 50 0 0 5137 0 40 0 0 150 72 59 59
5137 0 50 0 0 5137 0 40 0 0 180 74 59 59
5137 0 50 0 0 5137 0 50 0 0 0 39 33 33
5137 0 50 0 0 5137 0 50 0 0 30 44 37 37
5137 0 50 0 0 5137 0 50 0 0 60 52 43 43
5137 0 50 0 0 5137 0 50 0 0 90 59 49 49
5137 0 50 0 0 5137 0 50 0 0 120 67 55 55
5137 0 50 0 0 5137 0 50 0 0 150 71 59 59
5137 0 50 0 0 5137 0 50 0 0 180 72 60 60
5137 0 50 0 0 5137 0 60 0 0 0 38 34 34
5137 0 50 0 0 5137 0 60 0 0 30 43 37 37
5137 0 50 0 0 5137 0 60 0 0 60 51 43 43
5137 0 50 0 0 5137 0 60 0 0 90 58 50 50
5137 0 50 0 0 5137 0 60 0 0 120 65 56 56
5137 0 50 0 0 5137 0 60 0 0 150 69 60 60
5137 0 50 0 0 5137 0 60 0 0 180 71 62 62
5137 0 50 0 0 5137 0 0 0 0 0 41 43 43
5137 0 50 0 0 5137 0 0 0 0 30 45 44 44
5137 0 50 0 0 5137 0 0 0 0 60 51 47 47
5137 0 50 0 0 5137 0 0 0 0 90 58 52 52
5137 0 50 0 0 5137 0 0 0 0 120 66 59 59
5137 0 50 0 0 5137 0 0 0 0 150 71 64 64
5137 0 50 0 0 5137 0 0 0 0 180 74 61 61
5137 0 50 0 0 5137 0 10 0 0 0 41 41 41
5137 0 50 0 0 5137 0 10 0 0 30 45 42 42
5137 0 50 0 0 5137 0 10 0 0 60 51 46 46
5137 0 50 0 0 5137 0 10 0 0 90 58 52 52
5137 0 50 0 0 5137 0 10 0 0 120 66 58 58
5137 0 50 0 0 5137 0 10 0 0 150 71 63 63
5137 0 50 0 0 5137 0 10 0 0 180 74 61 61
5137 0 50 0 0 5137 0 20 0 0 0 40 38 38
5137 0 50 0 0 5137 0 20 0 0 30 45 40 40
5137 0 50 0 0 5137 0 20 0 0 60 51 44 44
5137 0 50 0 0 5137 0 20 0 0 90 58 50 50
5137 0 50 0 0 5137 0 20 0 0 120 66 57 57
5137 0 50 0 0 5137 0 20 0 0 150 71 61 61
5137 0 50 0 0 5137 0 20 0 0 180 74 61 61
5137 0 50 0 0 5137 0 30 0 0 0 39 33 33
5137 0 50 0 0 5137 0 30 0 0 30 44 36 36
5137 0 50 0 0 5137 0 30 0 0 60 50 41 41
5137 0 50 0 0 5137 0 30 0 0 90 58 47 47
5137 0 50 0 0 5137 0 30 0 0 120 65 53 53
5137 0 50 0 0 5137 0 30 0 0 150 71 58 58
5137 0 50 0 0 5137 0 30 0 0 180 74 59 59
5137 0 50 0 0 5137 0 40 0 0 0 39 31 31
5137 0 50 0 0 5137 0 40 0 0 30 44 35 35
5137 0 50 0 0 5137 0 40 0 0 60 50 40 40
5137 0 50 0 0 5137 0 40 0 0 90 57 46 46
5137 0 50 0 0 5137 0 40 0 0 120 65 52 52
5137 0 50 0 0 5137 0 40 0 0 150 70 57 57
5137 0 50 0 0 5137 0 40 0 0 180 73 59 59
5137 0 50 0 0 5137 0 50 0 0 0 38 31 31
5137 0 50 0 0 5137 0 50 0 0 30 43 35 35
5137 0 50 0 0 5137 0 50 0 0 60 49 40 40
5137 0 50 0 0 5137 0 50 0 0 90 56 46 46
5137 0 50 0 0 5137 0 50 0 0 120 64 52 52
5137 0 50 0 0 5137 0 50 0 0 150 69 58 58
5137 0 50 0 0 5137 0 50 0 0 180 72 60 60
5137 0 50 0 0 5137 0 60 0 0 0 37 33 33
5137 0 50 0 0 5137 0 60 0 0 30 42 36 36
5137 0 50 0 0 5137 0 60 0 0 60 48 40 40
5137 0 50 0 0 5137 0 60 0 0 90 55 46 46
5137 0 50 0 0 5137 0 60 0 0 120 63 53 53
5137 0 50 0 0 5137 0 60 0 0 150 67 59 59
5137 0 50 0 0 5137 0 60 0 0 180 70 62 62
5137 0 50 0 0 5137 0 0 0 0 0 41 43 43
5137 0 50 0 0 5137 0 0 0 0 30 44 44 44
5137 0 50 0 0 5137 0 0 0 0 60 49 46 46
5137 0 50 0 0 5137 0 0 0 0 90 55 49 49
5137 0 50 0 0 5137 0 0 0 0 120 63 56 56
5137 0 50 0 0 5137 0 0 0 0 150 69 62 62
5137 0 50 0 0 5137 0 0 0 0 180 73 60 60
5137 0 50 0 0 5137 0 10 0 0 0 41 41 41
5137 0 50 0 0 5137 0 10 0 0 30 44 42 42
5137 0 50 0 0 5137 0 10 0 0 60 49 44 44
5137 0 50 0 0 5137 0 10 0 0 90 55 49 49
5137 0 50 0 0 5137 0 10 0 0 120 63 55 55
5137 0 50 0 0 5137 0 10 0 0 150 69 62 62
5137 0 50 0 0 5137 0 10 0 0 180 73 60 60
5137 0 50 0 0 5137 0 20 0 0 0 41 38 38
5137 0 50 0 0 5137 0 20 0 0 30 44 39 39
5137 0 50 0 0 5137 0 20 0 0 60 49 42 42
5137 0 50 0 0 5137 0 20 0 0 90 55 47 47
5137 0 50 0 0 5137 0 20 0 0 120 63 54 54
5137 0 50 0 0 5137 0 20 0 0 150 69 60 60
5137 0 50 0 0 5137 0 20 0 0 180 73 60 60
5137 0 50 0 0 5137 0 30 0 0 0 40 33 33
5137 0 50 0 0 5137 0 30 0 0 30 43 35 35
5137 0 50 0 0 5137 0 30 0 0 60 48 39 39
5137 0 50 0 0 5137 0 30 0 0 90 55 44 44
5137 0 50 0 0 5137 0 30 0 0 120 62 50 50
5137 0 50 0 0 5137 0 30 0 0 150 69 57 57
5137 0 50 0 0 5137 0 30 0 0 180 72 59 59
5137 0 50 0 0 5137 0 40 0 0 0 40 32 32
5137 0 50 0 0 5137 0 40 0 0 30 43 34 34
5137 0 50 0 0 5137 0 40 0 0 60 48 38 38
5137 0 50 0 0 5137 0 40 0 0 90 54 43 43
5137 0 50 0 0 5137 0 40 0 0 120 62 49 49
5137 0 50 0 0 5137 0 40 0 0 150 68 56 56
5137 0 50 0 0 5137 0 40 0 0 180 72 59 59
5137 0 50 0 0 5137 0 50 0 0 0 39 32 32
5137 0 50 0 0 5137 0 50 0 0 30 42 34 34
5137 0 50 0 0 5137 0 50 0 0 60 47 38 38
5137 0 50 0 0 5137 0 50 0 0 90 53 43 43
5137 0 50 0 0 5137 0 50 0 0 120 61 49 49
5137 0 50 0 0 5137 0 50 0 0 150 67 56 56
5137 0 50 0 0 5137 0 50 0 0 180 71 60 60
5137 0 50 0 0 5137 0 60 0 0 0 39 33 33
5137 0 50 0 0 5137 0 60 0 0 30 41 34 34
5137 0 50 0 0 5137 0 60 0 0 60 46 38 38
5137 0 50 0 0 5137 0 60 0 0 90 52 43 43
5137 0 50 0 0 5137 0 60 0 0 120 60 50 50
5137 0 50 0 0 5137 0 60 0 0 150 65 57 57
5137 0 50 0 0 5137 0 60 0 0 180 69 61 61
5137 0 50 0 0 5137 0 0 0 0 0 43 43 43
5137 0 50 0 0 5137 0 0 0 0 30 44 44 44
5137 0 50 0 0 5137 0 0 0 0 60 47 45 45
5137 0 50 0 0 5137 0 0 0 0 90 52 47 47
5137 0 50 0 0 5137 0 0 0 0 120 60 53 53
5137 0 50 0 0 5137 0 0 0 0 150 67 61 61
5137 0 50 0 0 5137 0 0 0 0 180 72 58 58
5137 0 50 0 0 5137 0 10 0 0 0 42 41 41
5137 0 50 0 0 5137 0 10 0 0 30 44 42 42
5137 0 50 0 0 5137 0 10 0 0 60 47 43 43
5137 0 50 0 0 5137 0 10 0 0 90 52 46 46
5137 0 50 0 0 5137 0 10 0 0 120 60 52 52
5137 0 50 0 0 5137 0 10 0 0 150 67 60 60
5137 0 50 0 0 5137 0 10 0 0 180 72 59 59
5137 0 50 0 0 5137 0 20 0 0 0 42 37 37
5137 0 50 0 0 5137 0 20 0 0 30 44 39 39
5137 0 50 0 0 5137 0 20 0 0 60 47 40 40
5137 0 50 0 0 5137 0 20 0 0 90 52 44 44
5137 0 50 0 0 5137 0 20 0 0 120 60 50 50
5137 0 50 0 0 5137 0 20 0 0 150 67 57 57
5137 0 50 0 0 5137 0 20 0 0 180 71 58 58
5137 0 50 0 0 5137 0 30 0 0 0 42 35 35
5137 0 50 0 0 5137 0 30 0 0 30 43 36 36
5137 0 50 0 0 5137 0 30 0 0 60 46 38 38
5137 0 50 0 0 5137 0 30 0 0 90 52 41 41
5137 0 50 0 0 5137 0 30 0 0 120 59 47 47
5137 0 50 0 0 5137 0 30 0 0 150 66 55 55
5137 0 50 0 0 5137 0 30 0 0 180 71 58 58
5137 0 50 0 0 5137 0 40 0 0 0 42 34 34
5137 0 50 0 0 5137 0 40 0 0 30 43 34 34
5137 0 50 0 0 5137 0 40 0 0 60 46 36 36
5137 0 50 0 0 5137 0 40 0 0 90 51 40 40
5137 0 50 0 0 5137 0 40 0 0 120 59 47 47
5137 0 50 0 0 5137 0 40 0 0 150 66 54 54
5137 0 50 0 0 5137 0 40 0 0 180 70 59 59
5137 0 50 0 0 5137 0 50 0 0 0 41 33 33
5137 0 50 0 0 5137 0 50 0 0 30 42 34 34
5137 0 50 0 0 5137 0 50 0 0 60 45 36 36
5137 0 50 0 0 5137 0 50 0 0 90 50 40 40
5137 0 50 0 0 5137 0 50 0 0 120 58 46 46
5137 0 50 0 0 5137 0 50 0 0 150 65 54 54
5137 0 50 0 0 5137 0 50 0 0 180 69 59 59
5137 0 50 0 0 5137 0 60 0 0 0 41 34 34
5137 0 50 0 0 5137 0 60 0 0 30 42 34 34
5137 0 50 0 0 5137 0 60 0 0 60 44 36 36
5137 0 50 0 0 5137 0 60 0 0 90 49 40 40
5137 0 50 0 0 5137 0 60 0 0 120 57 46 46
5137 0 50 0 0 5137 0 60 0 0 150 63 54 54
5137 0 50 0 0 5137 0 60 0 0 180 67 61 61
5137 0 50 0 0 5137 0 0 0 0 0 44 43 43
5137 0 50 0 0 5137 0 0 0 0 30 45 44 44
5137 0 50 0 0 5137 0 0 0 0 60 46 45 45
5137 0 50 0 0 5137 0 0 0 0 90 50 46 46
5137 0 50 0 0 5137 0 0 0 0 120 57 50 50
5137 0 50 0 0 5137 0 0 0 0 150 65 58 58
5137 0 50 0 0 5137 0 0 0 0 180 70 57 57
5137 0 50 0 0 5137 0 10 0 0 0 44 41 41
5137 0 50 0 0 5137 0 10 0 0 30 45 42 42
5137 0 50 0 0 5137 0 10 0 0 60 46 43 43
5137 0 50 0 0 5137 0 10 0 0 90 49 45 45
5137 0 50 0 0 5137 0 10 0 0 120 57 49 49
5137 0 50 0 0 5137 0 10 0 0 150 64 57 57
5137 0 50 0 0 5137 0 10 0 0 180 70 57 57
5137 0 50 0 0 5137 0 20 0 0 0 44 38 38
5137 0 50 0 0 5137 0 20 0 0 30 45 39 39
5137 0 50 0 0 5137 0 20 0 0 60 46 40 40
5137 0 50 0 0 5137 0 20 0 0 90 49 42 42
5137 0 50 0 0 5137 0 20 0 0 120 56 46 46
5137 0 50 0 0 5137 0 20 0 0 150 64 55 55
5137 0 50 0 0 5137 0 20 0 0 180 70 57 57
5137 0 50 0 0 5137 0 30 0 0 0 44 36 36
5137 0 50 0 0 5137 0 30 0 0 30 44 37 37
5137 0 50 0 0 5137 0 30 0 0 60 46 38 38
5137 0 50 0 0 5137 0 30 0 0 90 49 40 40
5137 0 50 0 0 5137 0 30 0 0 120 56 45 45
5137 0 50 0 0 5137 0 30 0 0 150 64 53 53
5137 0 50 0 0 5137 0 30 0 0 180 69 57 57
5137 0 50 0 0 5137 0 40 0 0 0 44 35 35
5137 0 50 0 0 5137 0 40 0 0 30 44 36 36
5137 0 50 0 0 5137 0 40 0 0 60 45 36 36
5137 0 50 0 0 5137 0 40 0 0 90 48 39 39
5137 0 50 0 0 5137 0 40 0 0 120 55 44 44
5137 0 50 0 0 5137 0 40 0 0 150 63 52 52
5137 0 50 0 0 5137 0 40 0 0 180 68 58 58
5137 0 50 0 0 5137 0 50 0 0 0 44 35 35
5137 0 50 0 0 5137 0 50 0 0 30 44 35 35
5137 0 50 0 0 5137 0 50 0 0 60 45 36 36
5137 0 50 0 0 5137 0 50 0 0 90 47 38 38
5137 0 50 0 0 5137 0 50 0 0 120 54 43 43
5137 0 50 0 0 5137 0 50 0 0 150 62 52 52
5137 0 50 0 0 5137 0 50 0 0 180 67 59 59
5137 0 50 0 0 5137 0 60 0 0 0 43 35 35
5137 0 50 0 0 5137 0 60 0 0 30 44 35 35
5137 0 50 0 0 5137 0 60 0 0 60 45 36 36
5137 0 50 0 0 5137 0 60 0 0 90 47 37 37
5137 0 50 0 0 5137 0 60 0 0 120 53 43 43
5137 0 50 0 0 5137 0 60 0 0 150 60 52 52
5137 0 50 0 0 5137 0 60 0 0 180 64 59 59
