4737 0 50 0 0 4737 0 0 0 0 0 40 42 42
4737 0 50 0 0 4737 0 0 0 0 30 47 44 44
4737 0 50 0 0 4737 0 0 0 0 60 55 49 49
4737 0 50 0 0 4737 0 0 0 0 90 64 54 54
4737 0 50 0 0 4737 0 0 0 0 120 70 59 59
4737 0 50 0 0 4737 0 0 0 0 150 73 61 61
4737 0 50 0 0 4737 0 0 0 0 180 73 61 61
4737 0 50 0 0 4737 0 10 0 0 0 40 39 39
4737 0 50 0 0 4737 0 10 0 0 30 47 43 43
4737 0 50 0 0 4737 0 10 0 0 60 55 48 48
4737 0 50 0 0 4737 0 10 0 0 90 64 54 54
4737 0 50 0 0 4737 0 10 0 0 120 70 59 59
4737 0 50 0 0 4737 0 10 0 0 150 73 61 61
4737 0 50 0 0 4737 0 10 0 0 180 73 61 61
4737 0 50 0 0 4737 0 20 0 0 0 40 36 36
4737 0 50 0 0 4737 0 20 0 0 30 47 40 40
4737 0 50 0 0 4737 0 20 0 0 60 55 46 46
4737 0 50 0 0 4737 0 20 0 0 90 63 52 52
4737 0 50 0 0 4737 0 20 0 0 120 70 58 58
4737 0 50 0 0 4737 0 20 0 0 150 73 60 60
4737 0 50 0 0 4737 0 20 0 0 180 73 60 60
4737 0 50 0 0 4737 0 30 0 0 0 39 32 32
4737 0 50 0 0 4737 0 30 0 0 30 46 37 37
4737 0 50 0 0 4737 0 30 0 0 60 55 43 43
4737 0 50 0 0 4737 0 30 0 0 90 63 49 49
4737 0 50 0 0 4737 0 30 0 0 120 70 55 55
4737 0 50 0 0 4737 0 30 0 0 150 72 57 57
4737 0 50 0 0 4737 0 30 0 0 180 72 57 57
4737 0 50 0 0 4737 0 40 0 0 0 39 31 31
4737 0 50 0 0 4737 0 40 0 0 30 46 36 36
4737 0 50 0 0 4737 0 40 0 0 60 54 43 43
4737 0 50 0 0 4737 0 40 0 0 90 62 49 49
4737 0 50 0 0 4737 0 40 0 0 120 69 55 55
4737 0 50 0 0 4737 0 40 0 0 150 71 57 57
4737 0 50 0 0 4737 0 40 0 0 180 71 57 57
4737 0 50 0 0 4737 0 50 0 0 0 38 32 32
4737 0 50 0 0 4737 0 50 0 0 30 45 36 36
4737 0 50 0 0 4737 0 50 0 0 60 53 43 43
4737 0 50 0 0 4737 0 50 0 0 90 61 50 50
4737 0 50 0 0 4737 0 50 0 0 120 68 56 56
4737 0 50 0 0 4737 0 50 0 0 150 70 58 58
4737 0 50 0 0 4737 0 50 0 0 180 70 58 58
4737 0 50 0 0 4737 0 60 0 0 0 37 32 32
4737 0 50 0 0 4737 0 60 0 0 30 44 37 37
4737 0 50 0 0 4737 0 60 0 0 60 52 44 44
4737 0 50 0 0 4737 0 60 0 0 90 60 51 51
4737 0 50 0 0 4737 0 60 0 0 120 66 57 57
4737 0 50 0 0 4737 0 60 0 0 150 68 59 59
4737 0 50 0 0 4737 0 60 0 0 180 68 59 59
4737 0 50 0 0 4737 0 0 0 0 0 40 41 41
4737 0 50 0 0 4737 0 0 0 0 30 46 43 43
4737 0 50 0 0 4737 0 0 0 0 60 53 47 47
4737 0 50 0 0 4737 0 0 0 0 90 60 52 52
4737 0 50 0 0 4737 0 0 0 0 120 68 58 58
4737 0 50 0 0 4737 0 0 0 0 150 72 61 61
4737 0 50 0 0 4737 0 0 0 0 180 73 60 60
4737 0 50 0 0 4737 0 10 0 0 0 40 39 39
4737 0 50 0 0 4737 0 10 0 0 30 45 41 41
4737 0 50 0 0 4737 0 10 0 0 60 53 46 46
4737 0 50 0 0 4737 0 10 0 0 90 60 52 52
4737 0 50 0 0 4737 0 10 0 0 120 68 58 58
4737 0 50 0 0 4737 0 10 0 0 150 72 61 61
4737 0 50 0 0 4737 0 10 0 0 180 73 60 60
4737 0 50 0 0 4737 0 20 0 0 0 39 36 36
4737 0 50 0 0 4737 0 20 0 0 30 45 39 39
4737 0 50 0 0 4737 0 20 0 0 60 52 44 44
4737 0 50 0 0 4737 0 20 0 0 90 60 50 50
4737 0 50 0 0 4737 0 20 0 0 120 68 56 56
4737 0 50 0 0 4737 0 20 0 0 150 72 59 59
4737 0 50 0 0 4737 0 20 0 0 180 73 59 59
4737 0 50 0 0 4737 0 30 0 0 0 39 31 31
4737 0 50 0 0 4737 0 30 0 0 30 45 35 35
4737 0 50 0 0 4737 0 30 0 0 60 52 41 41
4737 0 50 0 0 4737 0 30 0 0 90 60 47 47
4737 0 50 0 0 4737 0 30 0 0 120 67 53 53
4737 0 50 0 0 4737 0 30 0 0 150 71 56 56
4737 0 50 0 0 4737 0 30 0 0 180 72 57 57
4737 0 50 0 0 4737 0 40 0 0 0 38 30 30
4737 0 50 0 0 4737 0 40 0 0 30 44 34 34
4737 0 50 0 0 4737 0 40 0 0 60 51 40 40
4737 0 50 0 0 4737 0 40 0 0 90 59 46 46
4737 0 50 0 0 4737 0 40 0 0 120 67 53 53
4737 0 50 0 0 4737 0 40 0 0 150 71 56 56
4737 0 50 0 0 4737 0 40 0 0 180 71 57 57
4737 0 50 0 0 4737 0 50 0 0 0 36 30 30
4737 0 50 0 0 4737 0 50 0 0 30 43 35 35
4737 0 50 0 0 4737 0 50 0 0 60 51 40 40
4737 0 50 0 0 4737 0 50 0 0 90 58 47 47
4737 0 50 0 0 4737 0 50 0 0 120 66 53 53
4737 0 50 0 0 4737 0 50 0 0 150 69 57 57
4737 0 50 0 0 4737 0 50 0 0 180 70 58 58
4737 0 50 0 0 4737 0 60 0 0 0 36 31 31
4737 0 50 0 0 4737 0 60 0 0 30 42 35 35
4737 0 50 0 0 4737 0 60 0 0 60 49 41 41
4737 0 50 0 0 4737 0 60 0 0 90 57 48 48
4737 0 50 0 0 4737 0 60 0 0 120 64 54 54
4737 0 50 0 0 4737 0 60 0 0 150 67 59 59
4737 0 50 0 0 4737 0 60 0 0 180 68 59 59
4737 0 50 0 0 4737 0 0 0 0 0 40 41 41
4737 0 50 0 0 4737 0 0 0 0 30 44 43 43
4737 0 50 0 0 4737 0 0 0 0 60 50 45 45
4737 0 50 0 0 4737 0 0 0 0 90 57 50 50
4737 0 50 0 0 4737 0 0 0 0 120 65 56 56
4737 0 50 0 0 4737 0 0 0 0 150 71 61 61
4737 0 50 0 0 4737 0 0 0 0 180 73 59 59
4737 0 50 0 0 4737 0 10 0 0 0 40 39 39
4737 0 50 0 0 4737 0 10 0 0 30 44 41 41
4737 0 50 0 0 4737 0 10 0 0 60 50 44 44
4737 0 50 0 0 4737 0 10 0 0 90 57 49 49
4737 0 50 0 0 4737 0 10 0 0 120 65 55 55
4737 0 50 0 0 4737 0 10 0 0 150 71 61 61
4737 0 50 0 0 4737 0 10 0 0 180 73 60 60
4737 0 50 0 0 4737 0 20 0 0 0 40 36 36
4737 0 50 0 0 4737 0 20 0 0 30 44 38 38
4737 0 50 0 0 4737 0 20 0 0 60 50 42 42
4737 0 50 0 0 4737 0 20 0 0 90 57 47 47
4737 0 50 0 0 4737 0 20 0 0 120 65 54 54
4737 0 50 0 0 4737 0 20 0 0 150 70 59 59
4737 0 50 0 0 4737 0 20 0 0 180 73 59 59
4737 0 50 0 0 4737 0 30 0 0 0 39 32 32
4737 0 50 0 0 4737 0 30 0 0 30 43 34 34
4737 0 50 0 0 4737 0 30 0 0 60 49 38 38
4737 0 50 0 0 4737 0 30 0 0 90 57 44 44
4737 0 50 0 0 4737 0 30 0 0 120 65 51 51
4737 0 50 0 0 4737 0 30 0 0 150 70 56 56
4737 0 50 0 0 4737 0 30 0 0 180 72 56 56
4737 0 50 0 0 4737 0 40 0 0 0 39 30 30
4737 0 50 0 0 4737 0 40 0 0 30 43 33 33
4737 0 50 0 0 4737 0 40 0 0 60 49 38 38
4737 0 50 0 0 4737 0 40 0 0 90 56 43 43
4737 0 50 0 0 4737 0 40 0 0 120 64 50 50
4737 0 50 0 0 4737 0 40 0 0 150 69 55 55
4737 0 50 0 0 4737 0 40 0 0 180 71 57 57
4737 0 50 0 0 4737 0 50 0 0 0 38 30 30
4737 0 50 0 0 4737 0 50 0 0 30 42 33 33
4737 0 50 0 0 4737 0 50 0 0 60 48 38 38
4737 0 50 0 0 4737 0 50 0 0 90 55 44 44
4737 0 50 0 0 4737 0 50 0 0 120 63 50 50
4737 0 50 0 0 4737 0 50 0 0 150 68 56 56
4737 0 50 0 0 4737 0 50 0 0 180 70 57 57
4737 0 50 0 0 4737 0 60 0 0 0 37 31 31
4737 0 50 0 0 4737 0 60 0 0 30 41 34 34
4737 0 50 0 0 4737 0 60 0 0 60 47 38 38
4737 0 50 0 0 4737 0 60 0 0 90 54 44 44
4737 0 50 0 0 4737 0 60 0 0 120 61 51 51
4737 0 50 0 0 4737 0 60 0 0 150 66 57 57
4737 0 50 0 0 4737 0 60 0 0 180 68 59 59
4737 0 50 0 0 4737 0 0 0 0 0 42 41 41
4737 0 50 0 0 4737 0 0 0 0 30 44 42 42
4737 0 50 0 0 4737 0 0 0 0 60 48 44 44
4737 0 50 0 0 4737 0 0 0 0 90 54 47 47
4737 0 50 0 0 4737 0 0 0 0 120 63 53 53
4737 0 50 0 0 4737 0 0 0 0 150 69 60 60
4737 0 50 0 0 4737 0 0 0 0 180 73 58 58
4737 0 50 0 0 4737 0 10 0 0 0 42 39 39
4737 0 50 0 0 4737 0 10 0 0 30 44 40 40
4737 0 50 0 0 4737 0 10 0 0 60 48 43 43
4737 0 50 0 0 4737 0 10 0 0 90 54 46 46
4737 0 50 0 0 4737 0 10 0 0 120 62 53 53
4737 0 50 0 0 4737 0 10 0 0 150 69 59 59
4737 0 50 0 0 4737 0 10 0 0 180 73 59 59
4737 0 50 0 0 4737 0 20 0 0 0 41 36 36
4737 0 50 0 0 4737 0 20 0 0 30 43 37 37
4737 0 50 0 0 4737 0 20 0 0 60 48 40 40
4737 0 50 0 0 4737 0 20 0 0 90 54 44 44
4737 0 50 0 0 4737 0 20 0 0 120 62 51 51
4737 0 50 0 0 4737 0 20 0 0 150 68 57 57
4737 0 50 0 0 4737 0 20 0 0 180 72 58 58
4737 0 50 0 0 4737 0 30 0 0 0 41 33 33
4737 0 50 0 0 4737 0 30 0 0 30 43 34 34
4737 0 50 0 0 4737 0 30 0 0 60 47 37 37
4737 0 50 0 0 4737 0 30 0 0 90 54 41 41
4737 0 50 0 0 4737 0 30 0 0 120 62 48 48
4737 0 50 0 0 4737 0 30 0 0 150 68 55 55
4737 0 50 0 0 4737 0 30 0 0 180 72 57 57
4737 0 50 0 0 4737 0 40 0 0 0 41 32 32
4737 0 50 0 0 4737 0 40 0 0 30 42 33 33
4737 0 50 0 0 4737 0 40 0 0 60 47 36 36
4737 0 50 0 0 4737 0 40 0 0 90 53 41 41
4737 0 50 0 0 4737 0 40 0 0 120 61 47 47
4737 0 50 0 0 4737 0 40 0 0 150 67 54 54
4737 0 50 0 0 4737 0 40 0 0 180 71 57 57
4737 0 50 0 0 4737 0 50 0 0 0 40 32 32
4737 0 50 0 0 4737 0 50 0 0 30 42 32 32
4737 0 50 0 0 4737 0 50 0 0 60 46 36 36
4737 0 50 0 0 4737 0 50 0 0 90 52 41 41
4737 0 50 0 0 4737 0 50 0 0 120 60 47 47
4737 0 50 0 0 4737 0 50 0 0 150 66 54 54
4737 0 50 0 0 4737 0 50 0 0 180 70 57 57
4737 0 50 0 0 4737 0 60 0 0 0 40 32 32
4737 0 50 0 0 4737 0 60 0 0 30 41 33 33
4737 0 50 0 0 4737 0 60 0 0 60 45 36 36
4737 0 50 0 0 4737 0 60 0 0 90 51 41 41
4737 0 50 0 0 4737 0 60 0 0 120 59 48 48
4737 0 50 0 0 4737 0 60 0 0 150 64 55 55
4737 0 50 0 0 4737 0 60 0 0 180 67 59 59
4737 0 50 0 0 4737 0 0 0 0 0 43 41 41
4737 0 50 0 0 4737 0 0 0 0 30 45 42 42
4737 0 50 0 0 4737 0 0 0 0 60 47 44 44
4737 0 50 0 0 4737 0 0 0 0 90 51 46 46
4737 0 50 0 0 4737 0 0 0 0 120 59 50 50
4737 0 50 0 0 4737 0 0 0 0 150 67 58 58
4737 0 50 0 0 4737 0 0 0 0 180 72 57 57
4737 0 50 0 0 4737 0 10 0 0 0 43 39 39
4737 0 50 0 0 4737 0 10 0 0 30 44 40 40
4737 0 50 0 0 4737 0 10 0 0 60 47 42 42
4737 0 50 0 0 4737 0 10 0 0 90 51 44 44
4737 0 50 0 0 4737 0 10 0 0 120 59 50 50
4737 0 50 0 0 4737 0 10 0 0 150 67 57 57
4737 0 50 0 0 4737 0 10 0 0 180 71 57 57
4737 0 50 0 0 4737 0 20 0 0 0 43 36 36
4737 0 50 0 0 4737 0 20 0 0 30 44 37 37
4737 0 50 0 0 4737 0 20 0 0 60 46 39 39
4737 0 50 0 0 4737 0 20 0 0 90 51 41 41
4737 0 50 0 0 4737 0 20 0 0 120 59 47 47
4737 0 50 0 0 4737 0 20 0 0 150 66 55 55
4737 0 50 0 0 4737 0 20 0 0 180 71 56 56
4737 0 50 0 0 4737 0 30 0 0 0 43 34 34
4737 0 50 0 0 4737 0 30 0 0 30 44 35 35
4737 0 50 0 0 4737 0 30 0 0 60 46 37 37
4737 0 50 0 0 4737 0 30 0 0 90 51 39 39
4737 0 50 0 0 4737 0 30 0 0 120 59 45 45
4737 0 50 0 0 4737 0 30 0 0 150 66 53 53
4737 0 50 0 0 4737 0 30 0 0 180 71 56 56
4737 0 50 0 0 4737 0 40 0 0 0 43 33 33
4737 0 50 0 0 4737 0 40 0 0 30 43 34 34
4737 0 50 0 0 4737 0 40 0 0 60 45 35 35
4737 0 50 0 0 4737 0 40 0 0 90 50 38 38
4737 0 50 0 0 4737 0 40 0 0 120 58 44 44
4737 0 50 0 0 4737 0 40 0 0 150 65 52 52
4737 0 50 0 0 4737 0 40 0 0 180 70 57 57
4737 0 50 0 0 4737 0 50 0 0 0 42 33 33
4737 0 50 0 0 4737 0 50 0 0 30 43 33 33
4737 0 50 0 0 4737 0 50 0 0 60 45 34 34
4737 0 50 0 0 4737 0 50 0 0 90 49 38 38
4737 0 50 0 0 4737 0 50 0 0 120 57 44 44
4737 0 50 0 0 4737 0 50 0 0 150 64 52 52
4737 0 50 0 0 4737 0 50 0 0 180 69 58 58
4737 0 50 0 0 4737 0 60 0 0 0 42 34 34
4737 0 50 0 0 4737 0 60 0 0 30 43 34 34
4737 0 50 0 0 4737 0 60 0 0 60 44 35 35
4737 0 50 0 0 4737 0 60 0 0 90 48 38 38
4737 0 50 0 0 4737 0 60 0 0 120 55 44 44
4737 0 50 0 0 4737 0 60 0 0 150 61 53 53
4737 0 50 0 0 4737 0 60 0 0 180 66 58 58
4737 0 50 0 0 4737 0 0 0 0 0 45 42 42
4737 0 50 0 0 4737 0 0 0 0 30 46 42 42
4737 0 50 0 0 4737 0 0 0 0 60 47 43 43
4737 0 50 0 0 4737 0 0 0 0 90 49 45 45
4737 0 50 0 0 4737 0 0 0 0 120 56 48 48
4737 0 50 0 0 4737 0 0 0 0 150 64 56 56
4737 0 50 0 0 4737 0 0 0 0 180 70 55 55
4737 0 50 0 0 4737 0 10 0 0 0 45 40 40
4737 0 50 0 0 4737 0 10 0 0 30 46 40 40
4737 0 50 0 0 4737 0 10 0 0 60 47 41 41
4737 0 50 0 0 4737 0 10 0 0 90 49 43 43
4737 0 50 0 0 4737 0 10 0 0 120 56 47 47
4737 0 50 0 0 4737 0 10 0 0 150 64 54 54
4737 0 50 0 0 4737 0 10 0 0 180 70 55 55
4737 0 50 0 0 4737 0 20 0 0 0 45 38 38
4737 0 50 0 0 4737 0 20 0 0 30 46 38 38
4737 0 50 0 0 4737 0 20 0 0 60 47 39 39
4737 0 50 0 0 4737 0 20 0 0 90 49 41 41
4737 0 50 0 0 4737 0 20 0 0 120 55 44 44
4737 0 50 0 0 4737 0 20 0 0 150 64 53 53
4737 0 50 0 0 4737 0 20 0 0 180 70 55 55
4737 0 50 0 0 4737 0 30 0 0 0 45 36 36
4737 0 50 0 0 4737 0 30 0 0 30 46 36 36
4737 0 50 0 0 4737 0 30 0 0 60 46 37 37
4737 0 50 0 0 4737 0 30 0 0 90 48 39 39
4737 0 50 0 0 4737 0 30 0 0 120 55 43 43
4737 0 50 0 0 4737 0 30 0 0 150 63 51 51
4737 0 50 0 0 4737 0 30 0 0 180 69 56 56
4737 0 50 0 0 4737 0 40 0 0 0 45 35 35
4737 0 50 0 0 4737 0 40 0 0 30 45 35 35
4737 0 50 0 0 4737 0 40 0 0 60 46 36 36
4737 0 50 0 0 4737 0 40 0 0 90 48 38 38
4737 0 50 0 0 4737 0 40 0 0 120 54 42 42
4737 0 50 0 0 4737 0 40 0 0 150 62 51 51
4737 0 50 0 0 4737 0 40 0 0 180 68 57 57
4737 0 50 0 0 4737 0 50 0 0 0 45 35 35
4737 0 50 0 0 4737 0 50 0 0 30 45 35 35
4737 0 50 0 0 4737 0 50 0 0 60 46 35 35
4737 0 50 0 0 4737 0 50 0 0 90 47 37 37
4737 0 50 0 0 4737 0 50 0 0 120 53 41 41
4737 0 50 0 0 4737 0 50 0 0 150 61 50 50
4737 0 50 0 0 4737 0 50 0 0 180 67 57 57
4737 0 50 0 0 4737 0 60 0 0 0 45 36 36
4737 0 50 0 0 4737 0 60 0 0 30 45 35 35
4737 0 50 0 0 4737 0 60 0 0 60 46 36 36
4737 0 50 0 0 4737 0 60 0 0 90 47 37 37
4737 0 50 0 0 4737 0 60 0 0 120 52 41 41
4737 0 50 0 0 4737 0 60 0 0 150 59 50 50
4737 0 50 0 0 4737 0 60 0 0 180 64 58 58
