4737 0 50 0 0 4737 0 0 0 0 0 40 41 41
4737 0 50 0 0 4737 0 0 0 0 30 47 43 43
4737 0 50 0 0 4737 0 0 0 0 60 55 48 48
4737 0 50 0 0 4737 0 0 0 0 90 64 53 53
4737 0 50 0 0 4737 0 0 0 0 120 71 58 58
4737 0 50 0 0 4737 0 0 0 0 150 73 61 61
4737 0 50 0 0 4737 0 0 0 0 180 73 61 61
4737 0 50 0 0 4737 0 10 0 0 0 40 39 39
4737 0 50 0 0 4737 0 10 0 0 30 47 42 42
4737 0 50 0 0 4737 0 10 0 0 60 55 47 47
4737 0 50 0 0 4737 0 10 0 0 90 64 53 53
4737 0 50 0 0 4737 0 10 0 0 120 71 58 58
4737 0 50 0 0 4737 0 10 0 0 150 73 61 61
4737 0 50 0 0 4737 0 10 0 0 180 73 61 61
4737 0 50 0 0 4737 0 20 0 0 0 39 36 36
4737 0 50 0 0 4737 0 20 0 0 30 47 40 40
4737 0 50 0 0 4737 0 20 0 0 60 55 46 46
4737 0 50 0 0 4737 0 20 0 0 90 63 51 51
4737 0 50 0 0 4737 0 20 0 0 120 71 57 57
4737 0 50 0 0 4737 0 20 0 0 150 73 59 59
4737 0 50 0 0 4737 0 20 0 0 180 73 60 60
4737 0 50 0 0 4737 0 30 0 0 0 39 31 31
4737 0 50 0 0 4737 0 30 0 0 30 46 36 36
4737 0 50 0 0 4737 0 30 0 0 60 55 42 42
4737 0 50 0 0 4737 0 30 0 0 90 63 49 49
4737 0 50 0 0 4737 0 30 0 0 120 70 54 54
4737 0 50 0 0 4737 0 30 0 0 150 72 57 57
4737 0 50 0 0 4737 0 30 0 0 180 72 57 57
4737 0 50 0 0 4737 0 40 0 0 0 38 30 30
4737 0 50 0 0 4737 0 40 0 0 30 46 35 35
4737 0 50 0 0 4737 0 40 0 0 60 54 42 42
4737 0 50 0 0 4737 0 40 0 0 90 62 48 48
4737 0 50 0 0 4737 0 40 0 0 120 70 54 54
4737 0 50 0 0 4737 0 40 0 0 150 71 57 57
4737 0 50 0 0 4737 0 40 0 0 180 71 57 57
4737 0 50 0 0 4737 0 50 0 0 0 36 30 30
4737 0 50 0 0 4737 0 50 0 0 30 45 36 36
4737 0 50 0 0 4737 0 50 0 0 60 53 43 43
4737 0 50 0 0 4737 0 50 0 0 90 61 49 49
4737 0 50 0 0 4737 0 50 0 0 120 68 55 55
4737 0 50 0 0 4737 0 50 0 0 150 70 58 58
4737 0 50 0 0 4737 0 50 0 0 180 70 58 58
4737 0 50 0 0 4737 0 60 0 0 0 36 31 31
4737 0 50 0 0 4737 0 60 0 0 30 44 37 37
4737 0 50 0 0 4737 0 60 0 0 60 52 44 44
4737 0 50 0 0 4737 0 60 0 0 90 60 50 50
4737 0 50 0 0 4737 0 60 0 0 120 66 57 57
4737 0 50 0 0 4737 0 60 0 0 150 68 59 59
4737 0 50 0 0 4737 0 60 0 0 180 68 59 59
4737 0 50 0 0 4737 0 0 0 0 0 40 41 41
4737 0 50 0 0 4737 0 0 0 0 30 46 43 43
4737 0 50 0 0 4737 0 0 0 0 60 53 46 46
4737 0 50 0 0 4737 0 0 0 0 90 60 51 51
4737 0 50 0 0 4737 0 0 0 0 120 69 57 57
4737 0 50 0 0 4737 0 0 0 0 150 73 61 61
4737 0 50 0 0 4737 0 0 0 0 180 73 61 61
4737 0 50 0 0 4737 0 10 0 0 0 40 39 39
4737 0 50 0 0 4737 0 10 0 0 30 45 41 41
4737 0 50 0 0 4737 0 10 0 0 60 53 45 45
4737 0 50 0 0 4737 0 10 0 0 90 60 51 51
4737 0 50 0 0 4737 0 10 0 0 120 69 57 57
4737 0 50 0 0 4737 0 10 0 0 150 73 61 61
4737 0 50 0 0 4737 0 10 0 0 180 73 61 61
4737 0 50 0 0 4737 0 20 0 0 0 40 36 36
4737 0 50 0 0 4737 0 20 0 0 30 45 39 39
4737 0 50 0 0 4737 0 20 0 0 60 52 43 43
4737 0 50 0 0 4737 0 20 0 0 90 60 49 49
4737 0 50 0 0 4737 0 20 0 0 120 68 55 55
4737 0 50 0 0 4737 0 20 0 0 150 72 59 59
4737 0 50 0 0 4737 0 20 0 0 180 73 59 59
4737 0 50 0 0 4737 0 30 0 0 0 39 31 31
4737 0 50 0 0 4737 0 30 0 0 30 45 35 35
4737 0 50 0 0 4737 0 30 0 0 60 52 40 40
4737 0 50 0 0 4737 0 30 0 0 90 60 46 46
4737 0 50 0 0 4737 0 30 0 0 120 68 52 52
4737 0 50 0 0 4737 0 30 0 0 150 72 56 56
4737 0 50 0 0 4737 0 30 0 0 180 72 56 56
4737 0 50 0 0 4737 0 40 0 0 0 39 30 30
4737 0 50 0 0 4737 0 40 0 0 30 44 34 34
4737 0 50 0 0 4737 0 40 0 0 60 51 40 40
4737 0 50 0 0 4737 0 40 0 0 90 59 46 46
4737 0 50 0 0 4737 0 40 0 0 120 67 52 52
4737 0 50 0 0 4737 0 40 0 0 150 71 56 56
4737 0 50 0 0 4737 0 40 0 0 180 71 56 56
4737 0 50 0 0 4737 0 50 0 0 0 38 30 30
4737 0 50 0 0 4737 0 50 0 0 30 43 34 34
4737 0 50 0 0 4737 0 50 0 0 60 51 40 40
4737 0 50 0 0 4737 0 50 0 0 90 58 46 46
4737 0 50 0 0 4737 0 50 0 0 120 66 53 53
4737 0 50 0 0 4737 0 50 0 0 150 70 57 57
4737 0 50 0 0 4737 0 50 0 0 180 70 57 57
4737 0 50 0 0 4737 0 60 0 0 0 37 31 31
4737 0 50 0 0 4737 0 60 0 0 30 42 35 35
4737 0 50 0 0 4737 0 60 0 0 60 49 41 41
4737 0 50 0 0 4737 0 60 0 0 90 57 47 47
4737 0 50 0 0 4737 0 60 0 0 120 64 54 54
4737 0 50 0 0 4737 0 60 0 0 150 68 59 59
4737 0 50 0 0 4737 0 60 0 0 180 68 59 59
4737 0 50 0 0 4737 0 0 0 0 0 42 41 41
4737 0 50 0 0 4737 0 0 0 0 30 45 43 43
4737 0 50 0 0 4737 0 0 0 0 60 50 45 45
4737 0 50 0 0 4737 0 0 0 0 90 57 49 49
4737 0 50 0 0 4737 0 0 0 0 120 66 55 55
4737 0 50 0 0 4737 0 0 0 0 150 72 61 61
4737 0 50 0 0 4737 0 0 0 0 180 73 60 60
4737 0 50 0 0 4737 0 10 0 0 0 42 39 39
4737 0 50 0 0 4737 0 10 0 0 30 45 41 41
4737 0 50 0 0 4737 0 10 0 0 60 50 44 44
4737 0 50 0 0 4737 0 10 0 0 90 57 48 48
4737 0 50 0 0 4737 0 10 0 0 120 66 55 55
4737 0 50 0 0 4737 0 10 0 0 150 71 60 60
4737 0 50 0 0 4737 0 10 0 0 180 73 60 60
4737 0 50 0 0 4737 0 20 0 0 0 42 36 36
4737 0 50 0 0 4737 0 20 0 0 30 44 38 38
4737 0 50 0 0 4737 0 20 0 0 60 50 41 41
4737 0 50 0 0 4737 0 20 0 0 90 57 46 46
4737 0 50 0 0 4737 0 20 0 0 120 66 53 53
4737 0 50 0 0 4737 0 20 0 0 150 71 59 59
4737 0 50 0 0 4737 0 20 0 0 180 73 59 59
4737 0 50 0 0 4737 0 30 0 0 0 41 32 32
4737 0 50 0 0 4737 0 30 0 0 30 44 34 34
4737 0 50 0 0 4737 0 30 0 0 60 49 38 38
4737 0 50 0 0 4737 0 30 0 0 90 57 43 43
4737 0 50 0 0 4737 0 30 0 0 120 65 50 50
4737 0 50 0 0 4737 0 30 0 0 150 71 56 56
4737 0 50 0 0 4737 0 30 0 0 180 72 56 56
4737 0 50 0 0 4737 0 40 0 0 0 41 31 31
4737 0 50 0 0 4737 0 40 0 0 30 43 33 33
4737 0 50 0 0 4737 0 40 0 0 60 49 37 37
4737 0 50 0 0 4737 0 40 0 0 90 56 43 43
4737 0 50 0 0 4737 0 40 0 0 120 65 50 50
4737 0 50 0 0 4737 0 40 0 0 150 70 56 56
4737 0 50 0 0 4737 0 40 0 0 180 71 56 56
4737 0 50 0 0 4737 0 50 0 0 0 40 31 31
4737 0 50 0 0 4737 0 50 0 0 30 42 32 32
4737 0 50 0 0 4737 0 50 0 0 60 48 37 37
4737 0 50 0 0 4737 0 50 0 0 90 55 43 43
4737 0 50 0 0 4737 0 50 0 0 120 64 50 50
4737 0 50 0 0 4737 0 50 0 0 150 69 56 56
4737 0 50 0 0 4737 0 50 0 0 180 70 57 57
4737 0 50 0 0 4737 0 60 0 0 0 40 32 32
4737 0 50 0 0 4737 0 60 0 0 30 42 34 34
4737 0 50 0 0 4737 0 60 0 0 60 47 38 38
4737 0 50 0 0 4737 0 60 0 0 90 54 44 44
4737 0 50 0 0 4737 0 60 0 0 120 62 51 51
4737 0 50 0 0 4737 0 60 0 0 150 67 57 57
4737 0 50 0 0 4737 0 60 0 0 180 68 59 59
4737 0 50 0 0 4737 0 0 0 0 0 44 41 41
4737 0 50 0 0 4737 0 0 0 0 30 45 43 43
4737 0 50 0 0 4737 0 0 0 0 60 48 44 44
4737 0 50 0 0 4737 0 0 0 0 90 54 47 47
4737 0 50 0 0 4737 0 0 0 0 120 63 53 53
4737 0 50 0 0 4737 0 0 0 0 150 70 60 60
4737 0 50 0 0 4737 0 0 0 0 180 73 59 59
4737 0 50 0 0 4737 0 10 0 0 0 44 40 40
4737 0 50 0 0 4737 0 10 0 0 30 45 41 41
4737 0 50 0 0 4737 0 10 0 0 60 48 43 43
4737 0 50 0 0 4737 0 10 0 0 90 54 46 46
4737 0 50 0 0 4737 0 10 0 0 120 63 52 52
4737 0 50 0 0 4737 0 10 0 0 150 70 59 59
4737 0 50 0 0 4737 0 10 0 0 180 73 59 59
4737 0 50 0 0 4737 0 20 0 0 0 43 37 37
4737 0 50 0 0 4737 0 20 0 0 30 45 38 38
4737 0 50 0 0 4737 0 20 0 0 60 48 40 40
4737 0 50 0 0 4737 0 20 0 0 90 54 44 44
4737 0 50 0 0 4737 0 20 0 0 120 62 50 50
4737 0 50 0 0 4737 0 20 0 0 150 70 57 57
4737 0 50 0 0 4737 0 20 0 0 180 73 58 58
4737 0 50 0 0 4737 0 30 0 0 0 43 34 34
4737 0 50 0 0 4737 0 30 0 0 30 44 35 35
4737 0 50 0 0 4737 0 30 0 0 60 47 37 37
4737 0 50 0 0 4737 0 30 0 0 90 54 41 41
4737 0 50 0 0 4737 0 30 0 0 120 62 47 47
4737 0 50 0 0 4737 0 30 0 0 150 69 55 55
4737 0 50 0 0 4737 0 30 0 0 180 72 56 56
4737 0 50 0 0 4737 0 40 0 0 0 43 33 33
4737 0 50 0 0 4737 0 40 0 0 30 44 33 33
4737 0 50 0 0 4737 0 40 0 0 60 47 36 36
4737 0 50 0 0 4737 0 40 0 0 90 53 40 40
4737 0 50 0 0 4737 0 40 0 0 120 61 47 47
4737 0 50 0 0 4737 0 40 0 0 150 68 54 54
4737 0 50 0 0 4737 0 40 0 0 180 71 57 57
4737 0 50 0 0 4737 0 50 0 0 0 42 33 33
4737 0 50 0 0 4737 0 50 0 0 30 43 33 33
4737 0 50 0 0 4737 0 50 0 0 60 46 35 35
4737 0 50 0 0 4737 0 50 0 0 90 52 40 40
4737 0 50 0 0 4737 0 50 0 0 120 61 47 47
4737 0 50 0 0 4737 0 50 0 0 150 67 55 55
4737 0 50 0 0 4737 0 50 0 0 180 70 57 57
4737 0 50 0 0 4737 0 60 0 0 0 42 34 34
4737 0 50 0 0 4737 0 60 0 0 30 43 34 34
4737 0 50 0 0 4737 0 60 0 0 60 45 36 36
4737 0 50 0 0 4737 0 60 0 0 90 51 41 41
4737 0 50 0 0 4737 0 60 0 0 120 59 47 47
4737 0 50 0 0 4737 0 60 0 0 150 65 55 55
4737 0 50 0 0 4737 0 60 0 0 180 68 59 59
4737 0 50 0 0 4737 0 0 0 0 0 46 42 42
4737 0 50 0 0 4737 0 0 0 0 30 46 43 43
4737 0 50 0 0 4737 0 0 0 0 60 48 44 44
4737 0 50 0 0 4737 0 0 0 0 90 52 46 46
4737 0 50 0 0 4737 0 0 0 0 120 59 50 50
4737 0 50 0 0 4737 0 0 0 0 150 68 58 58
4737 0 50 0 0 4737 0 0 0 0 180 73 57 57
4737 0 50 0 0 4737 0 10 0 0 0 46 40 40
4737 0 50 0 0 4737 0 10 0 0 30 46 41 41
4737 0 50 0 0 4737 0 10 0 0 60 48 42 42
4737 0 50 0 0 4737 0 10 0 0 90 51 45 45
4737 0 50 0 0 4737 0 10 0 0 120 59 49 49
4737 0 50 0 0 4737 0 10 0 0 150 68 57 57
4737 0 50 0 0 4737 0 10 0 0 180 73 58 58
4737 0 50 0 0 4737 0 20 0 0 0 45 37 37
4737 0 50 0 0 4737 0 20 0 0 30 46 38 38
4737 0 50 0 0 4737 0 20 0 0 60 47 39 39
4737 0 50 0 0 4737 0 20 0 0 90 51 42 42
4737 0 50 0 0 4737 0 20 0 0 120 59 46 46
4737 0 50 0 0 4737 0 20 0 0 150 67 55 55
4737 0 50 0 0 4737 0 20 0 0 180 72 57 57
4737 0 50 0 0 4737 0 30 0 0 0 45 36 36
4737 0 50 0 0 4737 0 30 0 0 30 46 36 36
4737 0 50 0 0 4737 0 30 0 0 60 47 37 37
4737 0 50 0 0 4737 0 30 0 0 90 51 40 40
4737 0 50 0 0 4737 0 30 0 0 120 59 45 45
4737 0 50 0 0 4737 0 30 0 0 150 67 53 53
4737 0 50 0 0 4737 0 30 0 0 180 72 57 57
4737 0 50 0 0 4737 0 40 0 0 0 45 35 35
4737 0 50 0 0 4737 0 40 0 0 30 46 35 35
4737 0 50 0 0 4737 0 40 0 0 60 47 36 36
4737 0 50 0 0 4737 0 40 0 0 90 50 38 38
4737 0 50 0 0 4737 0 40 0 0 120 58 44 44
4737 0 50 0 0 4737 0 40 0 0 150 66 53 53
4737 0 50 0 0 4737 0 40 0 0 180 71 57 57
4737 0 50 0 0 4737 0 50 0 0 0 45 35 35
4737 0 50 0 0 4737 0 50 0 0 30 45 35 35
4737 0 50 0 0 4737 0 50 0 0 60 46 35 35
4737 0 50 0 0 4737 0 50 0 0 90 49 38 38
4737 0 50 0 0 4737 0 50 0 0 120 57 44 44
4737 0 50 0 0 4737 0 50 0 0 150 65 53 53
4737 0 50 0 0 4737 0 50 0 0 180 70 57 57
4737 0 50 0 0 4737 0 60 0 0 0 44 35 35
4737 0 50 0 0 4737 0 60 0 0 30 45 35 35
4737 0 50 0 0 4737 0 60 0 0 60 46 36 36
4737 0 50 0 0 4737 0 60 0 0 90 49 38 38
4737 0 50 0 0 4737 0 60 0 0 120 55 44 44
4737 0 50 0 0 4737 0 60 0 0 150 62 53 53
4737 0 50 0 0 4737 0 60 0 0 180 67 58 58
4737 0 50 0 0 4737 0 0 0 0 0 48 42 42
4737 0 50 0 0 4737 0 0 0 0 30 48 43 43
4737 0 50 0 0 4737 0 0 0 0 60 49 44 44
4737 0 50 0 0 4737 0 0 0 0 90 50 45 45
4737 0 50 0 0 4737 0 0 0 0 120 56 49 49
4737 0 50 0 0 4737 0 0 0 0 150 65 56 56
4737 0 50 0 0 4737 0 0 0 0 180 72 56 56
4737 0 50 0 0 4737 0 10 0 0 0 48 41 41
4737 0 50 0 0 4737 0 10 0 0 30 48 41 41
4737 0 50 0 0 4737 0 10 0 0 60 49 42 42
4737 0 50 0 0 4737 0 10 0 0 90 50 44 44
4737 0 50 0 0 4737 0 10 0 0 120 56 47 47
4737 0 50 0 0 4737 0 10 0 0 150 65 54 54
4737 0 50 0 0 4737 0 10 0 0 180 72 56 56
4737 0 50 0 0 4737 0 20 0 0 0 48 39 39
4737 0 50 0 0 4737 0 20 0 0 30 48 39 39
4737 0 50 0 0 4737 0 20 0 0 60 49 40 40
4737 0 50 0 0 4737 0 20 0 0 90 50 41 41
4737 0 50 0 0 4737 0 20 0 0 120 55 45 45
4737 0 50 0 0 4737 0 20 0 0 150 65 53 53
4737 0 50 0 0 4737 0 20 0 0 180 71 56 56
4737 0 50 0 0 4737 0 30 0 0 0 47 38 38
4737 0 50 0 0 4737 0 30 0 0 30 48 38 38
4737 0 50 0 0 4737 0 30 0 0 60 48 38 38
4737 0 50 0 0 4737 0 30 0 0 90 50 39 39
4737 0 50 0 0 4737 0 30 0 0 120 55 43 43
4737 0 50 0 0 4737 0 30 0 0 150 64 51 51
4737 0 50 0 0 4737 0 30 0 0 180 71 56 56
4737 0 50 0 0 4737 0 40 0 0 0 47 37 37
4737 0 50 0 0 4737 0 40 0 0 30 48 37 37
4737 0 50 0 0 4737 0 40 0 0 60 48 37 37
4737 0 50 0 0 4737 0 40 0 0 90 49 38 38
4737 0 50 0 0 4737 0 40 0 0 120 54 42 42
4737 0 50 0 0 4737 0 40 0 0 150 63 51 51
4737 0 50 0 0 4737 0 40 0 0 180 70 57 57
4737 0 50 0 0 4737 0 50 0 0 0 47 37 37
4737 0 50 0 0 4737 0 50 0 0 30 47 37 37
4737 0 50 0 0 4737 0 50 0 0 60 48 37 37
4737 0 50 0 0 4737 0 50 0 0 90 49 38 38
4737 0 50 0 0 4737 0 50 0 0 120 53 41 41
4737 0 50 0 0 4737 0 50 0 0 150 62 50 50
4737 0 50 0 0 4737 0 50 0 0 180 68 58 58
4737 0 50 0 0 4737 0 60 0 0 0 47 37 37
4737 0 50 0 0 4737 0 60 0 0 30 47 37 37
4737 0 50 0 0 4737 0 60 0 0 60 48 37 37
4737 0 50 0 0 4737 0 60 0 0 90 49 38 38
4737 0 50 0 0 4737 0 60 0 0 120 52 41 41
4737 0 50 0 0 4737 0 60 0 0 150 60 51 51
4737 0 50 0 0 4737 0 60 0 0 180 66 58 58
