5537 0.1 50 0 0 4737 0.0 0 0 0 0 61.5 53.6 53.6
5537 0.1 50 0 0 4737 0.0 0 0 0 30 61.6 53.5 53.5
5537 0.1 50 0 0 4737 0.0 0 0 0 60 61.6 53.8 53.8
5537 0.1 50 0 0 4737 0.0 0 0 0 90 61.4 53.5 53.5
5537 0.1 50 0 0 4737 0.0 0 0 0 120 61.2 53.4 53.4
5537 0.1 50 0 0 4737 0.0 0 0 0 150 61.1 53.5 53.5
5537 0.1 50 0 0 4737 0.0 0 0 0 180 61.0 53.4 53.4
5537 0.1 50 0 0 4737 0.0 10 0 0 0 61.5 53.1 53.1
5537 0.1 50 0 0 4737 0.0 10 0 0 30 61.5 53.1 53.1
5537 0.1 50 0 0 4737 0.0 10 0 0 60 61.5 53.3 53.3
5537 0.1 50 0 0 4737 0.0 10 0 0 90 61.4 53.1 53.1
5537 0.1 50 0 0 4737 0.0 10 0 0 120 61.1 52.9 52.9
5537 0.1 50 0 0 4737 0.0 10 0 0 150 61.1 53.0 53.0
5537 0.1 50 0 0 4737 0.0 10 0 0 180 61.0 52.8 52.8
5537 0.1 50 0 0 4737 0.0 20 0 0 0 61.3 51.7 51.7
5537 0.1 50 0 0 4737 0.0 20 0 0 30 61.3 51.7 51.7
5537 0.1 50 0 0 4737 0.0 20 0 0 60 61.3 51.7 51.7
5537 0.1 50 0 0 4737 0.0 20 0 0 90 61.2 51.7 51.7
5537 0.1 50 0 0 4737 0.0 20 0 0 120 61.0 51.6 51.6
5537 0.1 50 0 0 4737 0.0 20 0 0 150 60.9 51.4 51.4
5537 0.1 50 0 0 4737 0.0 20 0 0 180 60.8 51.4 51.4
5537 0.1 50 0 0 4737 0.0 30 0 0 0 61.0 48.8 48.8
5537 0.1 50 0 0 4737 0.0 30 0 0 30 61.0 49.0 49.0
5537 0.1 50 0 0 4737 0.0 30 0 0 60 61.0 48.9 48.9
5537 0.1 50 0 0 4737 0.0 30 0 0 90 60.9 49.0 49.0
5537 0.1 50 0 0 4737 0.0 30 0 0 120 60.6 48.9 48.9
5537 0.1 50 0 0 4737 0.0 30 0 0 150 60.5 48.6 48.6
5537 0.1 50 0 0 4737 0.0 30 0 0 180 60.5 48.6 48.6
5537 0.1 50 0 0 4737 0.0 40 0 0 0 60.4 48.8 48.8
5537 0.1 50 0 0 4737 0.0 40 0 0 30 60.4 49.0 49.0
5537 0.1 50 0 0 4737 0.0 40 0 0 60 60.4 48.8 48.8
5537 0.1 50 0 0 4737 0.0 40 0 0 90 60.4 48.8 48.8
5537 0.1 50 0 0 4737 0.0 40 0 0 120 60.1 48.7 48.7
5537 0.1 50 0 0 4737 0.0 40 0 0 150 60.0 48.4 48.4
5537 0.1 50 0 0 4737 0.0 40 0 0 180 60.0 48.5 48.5
5537 0.1 50 0 0 4737 0.0 50 0 0 0 59.6 49.4 49.4
5537 0.1 50 0 0 4737 0.0 50 0 0 30 59.6 49.5 49.5
5537 0.1 50 0 0 4737 0.0 50 0 0 60 59.5 49.5 49.5
5537 0.1 50 0 0 4737 0.0 50 0 0 90 59.5 49.5 49.5
5537 0.1 50 0 0 4737 0.0 50 0 0 120 59.3 49.5 49.5
5537 0.1 50 0 0 4737 0.0 50 0 0 150 59.1 49.3 49.3
5537 0.1 50 0 0 4737 0.0 50 0 0 180 59.2 49.3 49.3
5537 0.1 50 0 0 4737 0.0 60 0 0 0 58.2 50.9 50.9
5537 0.1 50 0 0 4737 0.0 60 0 0 30 58.3 50.8 50.8
5537 0.1 50 0 0 4737 0.0 60 0 0 60 58.1 50.6 50.6
5537 0.1 50 0 0 4737 0.0 60 0 0 90 58.1 50.7 50.7
5537 0.1 50 0 0 4737 0.0 60 0 0 120 58.0 50.6 50.6
5537 0.1 50 0 0 4737 0.0 60 0 0 150 57.6 50.5 50.5
5537 0.1 50 0 0 4737 0.0 60 0 0 180 57.9 50.6 50.6
5537 0.1 50 0 0 4737 0.1 0 0 0 0 61.3 53.2 53.2
5537 0.1 50 0 0 4737 0.1 0 0 0 30 61.3 53.2 53.2
5537 0.1 50 0 0 4737 0.1 0 0 0 60 61.3 53.3 53.3
5537 0.1 50 0 0 4737 0.1 0 0 0 90 61.3 53.3 53.3
5537 0.1 50 0 0 4737 0.1 0 0 0 120 61.1 53.1 53.1
5537 0.1 50 0 0 4737 0.1 0 0 0 150 60.9 53.0 53.0
5537 0.1 50 0 0 4737 0.1 0 0 0 180 60.9 53.0 53.0
5537 0.1 50 0 0 4737 0.1 10 0 0 0 61.3 52.8 52.8
5537 0.1 50 0 0 4737 0.1 10 0 0 30 61.3 52.7 52.7
5537 0.1 50 0 0 4737 0.1 10 0 0 60 61.3 52.7 52.7
5537 0.1 50 0 0 4737 0.1 10 0 0 90 61.2 52.8 52.8
5537 0.1 50 0 0 4737 0.1 10 0 0 120 61.1 52.7 52.7
5537 0.1 50 0 0 4737 0.1 10 0 0 150 60.8 52.5 52.5
5537 0.1 50 0 0 4737 0.1 10 0 0 180 60.8 52.5 52.5
5537 0.1 50 0 0 4737 0.1 20 0 0 0 61.1 51.3 51.3
5537 0.1 50 0 0 4737 0.1 20 0 0 30 61.1 51.2 51.2
5537 0.1 50 0 0 4737 0.1 20 0 0 60 61.1 51.2 51.2
5537 0.1 50 0 0 4737 0.1 20 0 0 90 61.0 51.3 51.3
5537 0.1 50 0 0 4737 0.1 20 0 0 120 60.9 51.2 51.2
5537 0.1 50 0 0 4737 0.1 20 0 0 150 60.6 51.0 51.0
5537 0.1 50 0 0 4737 0.1 20 0 0 180 60.6 51.0 51.0
5537 0.1 50 0 0 4737 0.1 30 0 0 0 60.8 48.3 48.3
5537 0.1 50 0 0 4737 0.1 30 0 0 30 60.8 48.5 48.5
5537 0.1 50 0 0 4737 0.1 30 0 0 60 60.8 48.5 48.5
5537 0.1 50 0 0 4737 0.1 30 0 0 90 60.7 48.5 48.5
5537 0.1 50 0 0 4737 0.1 30 0 0 120 60.5 48.6 48.6
5537 0.1 50 0 0 4737 0.1 30 0 0 150 60.3 48.3 48.3
5537 0.1 50 0 0 4737 0.1 30 0 0 180 60.3 48.3 48.3
5537 0.1 50 0 0 4737 0.1 40 0 0 0 60.2 48.4 48.4
5537 0.1 50 0 0 4737 0.1 40 0 0 30 60.2 48.5 48.5
5537 0.1 50 0 0 4737 0.1 40 0 0 60 60.2 48.5 48.5
5537 0.1 50 0 0 4737 0.1 40 0 0 90 60.1 48.5 48.5
5537 0.1 50 0 0 4737 0.1 40 0 0 120 60.0 48.5 48.5
5537 0.1 50 0 0 4737 0.1 40 0 0 150 59.7 48.3 48.3
5537 0.1 50 0 0 4737 0.1 40 0 0 180 59.8 48.2 48.2
5537 0.1 50 0 0 4737 0.1 50 0 0 0 59.4 49.0 49.0
5537 0.1 50 0 0 4737 0.1 50 0 0 30 59.4 49.1 49.1
5537 0.1 50 0 0 4737 0.1 50 0 0 60 59.3 49.1 49.1
5537 0.1 50 0 0 4737 0.1 50 0 0 90 59.3 49.1 49.1
5537 0.1 50 0 0 4737 0.1 50 0 0 120 59.1 49.1 49.1
5537 0.1 50 0 0 4737 0.1 50 0 0 150 58.9 49.0 49.0
5537 0.1 50 0 0 4737 0.1 50 0 0 180 59.0 48.9 48.9
5537 0.1 50 0 0 4737 0.1 60 0 0 0 58.0 50.4 50.4
5537 0.1 50 0 0 4737 0.1 60 0 0 30 58.1 50.5 50.5
5537 0.1 50 0 0 4737 0.1 60 0 0 60 57.8 50.4 50.4
5537 0.1 50 0 0 4737 0.1 60 0 0 90 57.8 50.3 50.3
5537 0.1 50 0 0 4737 0.1 60 0 0 120 57.7 50.3 50.3
5537 0.1 50 0 0 4737 0.1 60 0 0 150 57.4 50.2 50.2
5537 0.1 50 0 0 4737 0.1 60 0 0 180 57.6 50.1 50.1
5537 0.1 50 0 0 4737 0.2 0 0 0 0 61.2 52.8 52.8
5537 0.1 50 0 0 4737 0.2 0 0 0 30 61.2 52.9 52.9
5537 0.1 50 0 0 4737 0.2 0 0 0 60 61.1 52.8 52.8
5537 0.1 50 0 0 4737 0.2 0 0 0 90 61.1 52.8 52.8
5537 0.1 50 0 0 4737 0.2 0 0 0 120 61.0 52.8 52.8
5537 0.1 50 0 0 4737 0.2 0 0 0 150 60.6 52.6 52.6
5537 0.1 50 0 0 4737 0.2 0 0 0 180 60.8 52.6 52.6
5537 0.1 50 0 0 4737 0.2 10 0 0 0 61.1 52.4 52.4
5537 0.1 50 0 0 4737 0.2 10 0 0 30 61.1 52.3 52.3
5537 0.1 50 0 0 4737 0.2 10 0 0 60 61.1 52.3 52.3
5537 0.1 50 0 0 4737 0.2 10 0 0 90 61.0 52.3 52.3
5537 0.1 50 0 0 4737 0.2 10 0 0 120 60.9 52.4 52.4
5537 0.1 50 0 0 4737 0.2 10 0 0 150 60.6 52.0 52.0
5537 0.1 50 0 0 4737 0.2 10 0 0 180 60.7 52.1 52.1
5537 0.1 50 0 0 4737 0.2 20 0 0 0 60.9 50.8 50.8
5537 0.1 50 0 0 4737 0.2 20 0 0 30 60.9 50.7 50.7
5537 0.1 50 0 0 4737 0.2 20 0 0 60 60.9 50.6 50.6
5537 0.1 50 0 0 4737 0.2 20 0 0 90 60.8 50.8 50.8
5537 0.1 50 0 0 4737 0.2 20 0 0 120 60.7 50.8 50.8
5537 0.1 50 0 0 4737 0.2 20 0 0 150 60.4 50.5 50.5
5537 0.1 50 0 0 4737 0.2 20 0 0 180 60.5 50.5 50.5
5537 0.1 50 0 0 4737 0.2 30 0 0 0 60.5 48.1 48.1
5537 0.1 50 0 0 4737 0.2 30 0 0 30 60.6 48.2 48.2
5537 0.1 50 0 0 4737 0.2 30 0 0 60 60.5 48.1 48.1
5537 0.1 50 0 0 4737 0.2 30 0 0 90 60.5 48.2 48.2
5537 0.1 50 0 0 4737 0.2 30 0 0 120 60.4 48.2 48.2
5537 0.1 50 0 0 4737 0.2 30 0 0 150 60.0 48.1 48.1
5537 0.1 50 0 0 4737 0.2 30 0 0 180 60.1 48.1 48.1
5537 0.1 50 0 0 4737 0.2 40 0 0 0 60.0 48.1 48.1
5537 0.1 50 0 0 4737 0.2 40 0 0 30 60.0 48.1 48.1
5537 0.1 50 0 0 4737 0.2 40 0 0 60 60.0 48.2 48.2
5537 0.1 50 0 0 4737 0.2 40 0 0 90 59.9 48.3 48.3
5537 0.1 50 0 0 4737 0.2 40 0 0 120 59.8 48.3 48.3
5537 0.1 50 0 0 4737 0.2 40 0 0 150 59.5 48.2 48.2
5537 0.1 50 0 0 4737 0.2 40 0 0 180 59.6 48.0 48.0
5537 0.1 50 0 0 4737 0.2 50 0 0 0 59.2 48.6 48.6
5537 0.1 50 0 0 4737 0.2 50 0 0 30 59.2 48.7 48.7
5537 0.1 50 0 0 4737 0.2 50 0 0 60 59.1 48.8 48.8
5537 0.1 50 0 0 4737 0.2 50 0 0 90 59.0 48.7 48.7
5537 0.1 50 0 0 4737 0.2 50 0 0 120 59.0 48.7 48.7
5537 0.1 50 0 0 4737 0.2 50 0 0 150 58.6 48.8 48.8
5537 0.1 50 0 0 4737 0.2 50 0 0 180 58.8 48.7 48.7
5537 0.1 50 0 0 4737 0.2 60 0 0 0 57.8 49.9 49.9
5537 0.1 50 0 0 4737 0.2 60 0 0 30 57.8 50.0 50.0
5537 0.1 50 0 0 4737 0.2 60 0 0 60 57.7 50.0 50.0
5537 0.1 50 0 0 4737 0.2 60 0 0 90 57.5 50.0 50.0
5537 0.1 50 0 0 4737 0.2 60 0 0 120 57.6 49.8 49.8
5537 0.1 50 0 0 4737 0.2 60 0 0 150 57.2 49.9 49.9
5537 0.1 50 0 0 4737 0.2 60 0 0 180 57.4 49.6 49.6
5537 0.1 50 0 0 4737 0.3 0 0 0 0 60.9 52.4 52.4
5537 0.1 50 0 0 4737 0.3 0 0 0 30 61.0 52.4 52.4
5537 0.1 50 0 0 4737 0.3 0 0 0 60 60.9 52.4 52.4
5537 0.1 50 0 0 4737 0.3 0 0 0 90 60.8 52.3 52.3
5537 0.1 50 0 0 4737 0.3 0 0 0 120 60.8 52.3 52.3
5537 0.1 50 0 0 4737 0.3 0 0 0 150 60.4 52.2 52.2
5537 0.1 50 0 0 4737 0.3 0 0 0 180 60.6 52.0 52.0
5537 0.1 50 0 0 4737 0.3 10 0 0 0 60.9 51.8 51.8
5537 0.1 50 0 0 4737 0.3 10 0 0 30 60.9 51.9 51.9
5537 0.1 50 0 0 4737 0.3 10 0 0 60 60.8 51.8 51.8
5537 0.1 50 0 0 4737 0.3 10 0 0 90 60.8 51.7 51.7
5537 0.1 50 0 0 4737 0.3 10 0 0 120 60.8 51.8 51.8
5537 0.1 50 0 0 4737 0.3 10 0 0 150 60.4 51.6 51.6
5537 0.1 50 0 0 4737 0.3 10 0 0 180 60.5 51.5 51.5
5537 0.1 50 0 0 4737 0.3 20 0 0 0 60.7 50.0 50.0
5537 0.1 50 0 0 4737 0.3 20 0 0 30 60.7 50.0 50.0
5537 0.1 50 0 0 4737 0.3 20 0 0 60 60.6 49.9 49.9
5537 0.1 50 0 0 4737 0.3 20 0 0 90 60.6 49.9 49.9
5537 0.1 50 0 0 4737 0.3 20 0 0 120 60.6 50.0 50.0
5537 0.1 50 0 0 4737 0.3 20 0 0 150 60.2 49.8 49.8
5537 0.1 50 0 0 4737 0.3 20 0 0 180 60.3 49.8 49.8
5537 0.1 50 0 0 4737 0.3 30 0 0 0 60.3 47.9 47.9
5537 0.1 50 0 0 4737 0.3 30 0 0 30 60.3 47.9 47.9
5537 0.1 50 0 0 4737 0.3 30 0 0 60 60.2 47.9 47.9
5537 0.1 50 0 0 4737 0.3 30 0 0 90 60.2 47.9 47.9
5537 0.1 50 0 0 4737 0.3 30 0 0 120 60.2 48.1 48.1
5537 0.1 50 0 0 4737 0.3 30 0 0 150 59.8 47.9 47.9
5537 0.1 50 0 0 4737 0.3 30 0 0 180 60.0 48.1 48.1
5537 0.1 50 0 0 4737 0.3 40 0 0 0 59.8 47.9 47.9
5537 0.1 50 0 0 4737 0.3 40 0 0 30 59.8 47.9 47.9
5537 0.1 50 0 0 4737 0.3 40 0 0 60 59.7 47.9 47.9
5537 0.1 50 0 0 4737 0.3 40 0 0 90 59.7 48.0 48.0
5537 0.1 50 0 0 4737 0.3 40 0 0 120 59.7 48.1 48.1
5537 0.1 50 0 0 4737 0.3 40 0 0 150 59.2 48.1 48.1
5537 0.1 50 0 0 4737 0.3 40 0 0 180 59.4 48.1 48.1
5537 0.1 50 0 0 4737 0.3 50 0 0 0 58.9 48.5 48.5
5537 0.1 50 0 0 4737 0.3 50 0 0 30 59.0 48.5 48.5
5537 0.1 50 0 0 4737 0.3 50 0 0 60 58.8 48.5 48.5
5537 0.1 50 0 0 4737 0.3 50 0 0 90 58.8 48.6 48.6
5537 0.1 50 0 0 4737 0.3 50 0 0 120 58.8 48.5 48.5
5537 0.1 50 0 0 4737 0.3 50 0 0 150 58.4 48.6 48.6
5537 0.1 50 0 0 4737 0.3 50 0 0 180 58.6 48.4 48.4
5537 0.1 50 0 0 4737 0.3 60 0 0 0 57.3 49.6 49.6
5537 0.1 50 0 0 4737 0.3 60 0 0 30 57.5 49.7 49.7
5537 0.1 50 0 0 4737 0.3 60 0 0 60 57.3 49.6 49.6
5537 0.1 50 0 0 4737 0.3 60 0 0 90 57.2 49.6 49.6
5537 0.1 50 0 0 4737 0.3 60 0 0 120 57.2 49.5 49.5
5537 0.1 50 0 0 4737 0.3 60 0 0 150 56.9 49.5 49.5
5537 0.1 50 0 0 4737 0.3 60 0 0 180 57.0 49.3 49.3
5537 0.1 50 0 0 4737 0.4 0 0 0 0 60.7 51.7 51.7
5537 0.1 50 0 0 4737 0.4 0 0 0 30 60.7 51.9 51.9
5537 0.1 50 0 0 4737 0.4 0 0 0 60 60.7 51.8 51.8
5537 0.1 50 0 0 4737 0.4 0 0 0 90 60.7 51.8 51.8
5537 0.1 50 0 0 4737 0.4 0 0 0 120 60.6 51.6 51.6
5537 0.1 50 0 0 4737 0.4 0 0 0 150 60.3 51.7 51.7
5537 0.1 50 0 0 4737 0.4 0 0 0 180 60.3 51.4 51.4
5537 0.1 50 0 0 4737 0.4 10 0 0 0 60.6 51.0 51.0
5537 0.1 50 0 0 4737 0.4 10 0 0 30 60.7 51.2 51.2
5537 0.1 50 0 0 4737 0.4 10 0 0 60 60.6 51.2 51.2
5537 0.1 50 0 0 4737 0.4 10 0 0 90 60.6 51.2 51.2
5537 0.1 50 0 0 4737 0.4 10 0 0 120 60.6 51.1 51.1
5537 0.1 50 0 0 4737 0.4 10 0 0 150 60.2 51.1 51.1
5537 0.1 50 0 0 4737 0.4 10 0 0 180 60.2 50.8 50.8
5537 0.1 50 0 0 4737 0.4 20 0 0 0 60.4 48.9 48.9
5537 0.1 50 0 0 4737 0.4 20 0 0 30 60.5 48.9 48.9
5537 0.1 50 0 0 4737 0.4 20 0 0 60 60.4 49.0 49.0
5537 0.1 50 0 0 4737 0.4 20 0 0 90 60.4 48.9 48.9
5537 0.1 50 0 0 4737 0.4 20 0 0 120 60.4 48.9 48.9
5537 0.1 50 0 0 4737 0.4 20 0 0 150 60.0 48.9 48.9
5537 0.1 50 0 0 4737 0.4 20 0 0 180 60.0 48.7 48.7
5537 0.1 50 0 0 4737 0.4 30 0 0 0 60.0 48.1 48.1
5537 0.1 50 0 0 4737 0.4 30 0 0 30 60.1 48.1 48.1
5537 0.1 50 0 0 4737 0.4 30 0 0 60 60.0 48.0 48.0
5537 0.1 50 0 0 4737 0.4 30 0 0 90 60.0 48.0 48.0
5537 0.1 50 0 0 4737 0.4 30 0 0 120 60.0 48.0 48.0
5537 0.1 50 0 0 4737 0.4 30 0 0 150 59.6 47.9 47.9
5537 0.1 50 0 0 4737 0.4 30 0 0 180 59.7 48.0 48.0
5537 0.1 50 0 0 4737 0.4 40 0 0 0 59.5 48.0 48.0
5537 0.1 50 0 0 4737 0.4 40 0 0 30 59.5 48.1 48.1
5537 0.1 50 0 0 4737 0.4 40 0 0 60 59.5 48.0 48.0
5537 0.1 50 0 0 4737 0.4 40 0 0 90 59.4 48.0 48.0
5537 0.1 50 0 0 4737 0.4 40 0 0 120 59.4 48.2 48.2
5537 0.1 50 0 0 4737 0.4 40 0 0 150 59.0 48.1 48.1
5537 0.1 50 0 0 4737 0.4 40 0 0 180 59.2 48.1 48.1
5537 0.1 50 0 0 4737 0.4 50 0 0 0 58.6 48.4 48.4
5537 0.1 50 0 0 4737 0.4 50 0 0 30 58.7 48.4 48.4
5537 0.1 50 0 0 4737 0.4 50 0 0 60 58.7 48.4 48.4
5537 0.1 50 0 0 4737 0.4 50 0 0 90 58.5 48.4 48.4
5537 0.1 50 0 0 4737 0.4 50 0 0 120 58.5 48.5 48.5
5537 0.1 50 0 0 4737 0.4 50 0 0 150 58.2 48.4 48.4
5537 0.1 50 0 0 4737 0.4 50 0 0 180 58.3 48.3 48.3
5537 0.1 50 0 0 4737 0.4 60 0 0 0 56.9 49.3 49.3
5537 0.1 50 0 0 4737 0.4 60 0 0 30 56.9 49.3 49.3
5537 0.1 50 0 0 4737 0.4 60 0 0 60 56.9 49.3 49.3
5537 0.1 50 0 0 4737 0.4 60 0 0 90 56.7 49.4 49.4
5537 0.1 50 0 0 4737 0.4 60 0 0 120 56.6 49.4 49.4
5537 0.1 50 0 0 4737 0.4 60 0 0 150 56.5 49.2 49.2
5537 0.1 50 0 0 4737 0.4 60 0 0 180 56.5 48.9 48.9
5537 0.1 50 0 0 4737 0.5 0 0 0 0 60.4 50.8 50.8
5537 0.1 50 0 0 4737 0.5 0 0 0 30 60.4 50.8 50.8
5537 0.1 50 0 0 4737 0.5 0 0 0 60 60.4 50.8 50.8
5537 0.1 50 0 0 4737 0.5 0 0 0 90 60.4 50.8 50.8
5537 0.1 50 0 0 4737 0.5 0 0 0 120 60.4 50.8 50.8
5537 0.1 50 0 0 4737 0.5 0 0 0 150 60.0 50.8 50.8
5537 0.1 50 0 0 4737 0.5 0 0 0 180 60.0 50.5 50.5
5537 0.1 50 0 0 4737 0.5 10 0 0 0 60.3 49.8 49.8
5537 0.1 50 0 0 4737 0.5 10 0 0 30 60.3 49.9 49.9
5537 0.1 50 0 0 4737 0.5 10 0 0 60 60.3 49.9 49.9
5537 0.1 50 0 0 4737 0.5 10 0 0 90 60.3 50.1 50.1
5537 0.1 50 0 0 4737 0.5 10 0 0 120 60.3 49.9 49.9
5537 0.1 50 0 0 4737 0.5 10 0 0 150 59.9 49.9 49.9
5537 0.1 50 0 0 4737 0.5 10 0 0 180 59.9 49.6 49.6
5537 0.1 50 0 0 4737 0.5 20 0 0 0 60.1 48.6 48.6
5537 0.1 50 0 0 4737 0.5 20 0 0 30 60.1 48.7 48.7
5537 0.1 50 0 0 4737 0.5 20 0 0 60 60.1 48.8 48.8
5537 0.1 50 0 0 4737 0.5 20 0 0 90 60.1 48.9 48.9
5537 0.1 50 0 0 4737 0.5 20 0 0 120 60.1 48.8 48.8
5537 0.1 50 0 0 4737 0.5 20 0 0 150 59.7 48.8 48.8
5537 0.1 50 0 0 4737 0.5 20 0 0 180 59.7 48.5 48.5
5537 0.1 50 0 0 4737 0.5 30 0 0 0 59.8 48.2 48.2
5537 0.1 50 0 0 4737 0.5 30 0 0 30 59.8 48.2 48.2
5537 0.1 50 0 0 4737 0.5 30 0 0 60 59.8 48.2 48.2
5537 0.1 50 0 0 4737 0.5 30 0 0 90 59.7 48.3 48.3
5537 0.1 50 0 0 4737 0.5 30 0 0 120 59.7 48.2 48.2
5537 0.1 50 0 0 4737 0.5 30 0 0 150 59.4 48.2 48.2
5537 0.1 50 0 0 4737 0.5 30 0 0 180 59.4 48.1 48.1
5537 0.1 50 0 0 4737 0.5 40 0 0 0 59.2 48.1 48.1
5537 0.1 50 0 0 4737 0.5 40 0 0 30 59.2 48.2 48.2
5537 0.1 50 0 0 4737 0.5 40 0 0 60 59.2 48.2 48.2
5537 0.1 50 0 0 4737 0.5 40 0 0 90 59.2 48.2 48.2
5537 0.1 50 0 0 4737 0.5 40 0 0 120 59.0 48.2 48.2
5537 0.1 50 0 0 4737 0.5 40 0 0 150 58.8 48.3 48.3
5537 0.1 50 0 0 4737 0.5 40 0 0 180 58.8 48.2 48.2
5537 0.1 50 0 0 4737 0.5 50 0 0 0 58.2 48.5 48.5
5537 0.1 50 0 0 4737 0.5 50 0 0 30 58.2 48.5 48.5
5537 0.1 50 0 0 4737 0.5 50 0 0 60 58.2 48.5 48.5
5537 0.1 50 0 0 4737 0.5 50 0 0 90 58.2 48.4 48.4
5537 0.1 50 0 0 4737 0.5 50 0 0 120 58.0 48.5 48.5
5537 0.1 50 0 0 4737 0.5 50 0 0 150 57.8 48.5 48.5
5537 0.1 50 0 0 4737 0.5 50 0 0 180 57.8 48.3 48.3
5537 0.1 50 0 0 4737 0.5 60 0 0 0 56.6 49.1 49.1
5537 0.1 50 0 0 4737 0.5 60 0 0 30 56.6 49.1 49.1
5537 0.1 50 0 0 4737 0.5 60 0 0 60 56.6 49.1 49.1
5537 0.1 50 0 0 4737 0.5 60 0 0 90 56.6 49.2 49.2
5537 0.1 50 0 0 4737 0.5 60 0 0 120 56.4 49.2 49.2
5537 0.1 50 0 0 4737 0.5 60 0 0 150 56.3 49.1 49.1
5537 0.1 50 0 0 4737 0.5 60 0 0 180 56.2 48.8 48.8
5537 0.1 50 0 0 4937 0.0 0 0 0 0 61.8 54.2 54.2
5537 0.1 50 0 0 4937 0.0 0 0 0 30 61.8 54.1 54.1
5537 0.1 50 0 0 4937 0.0 0 0 0 60 61.7 53.9 53.9
5537 0.1 50 0 0 4937 0.0 0 0 0 90 61.6 54.0 54.0
5537 0.1 50 0 0 4937 0.0 0 0 0 120 61.5 53.9 53.9
5537 0.1 50 0 0 4937 0.0 0 0 0 150 61.4 53.9 53.9
5537 0.1 50 0 0 4937 0.0 0 0 0 180 61.4 54.0 54.0
5537 0.1 50 0 0 4937 0.0 10 0 0 0 61.8 53.7 53.7
5537 0.1 50 0 0 4937 0.0 10 0 0 30 61.7 53.6 53.6
5537 0.1 50 0 0 4937 0.0 10 0 0 60 61.7 53.5 53.5
5537 0.1 50 0 0 4937 0.0 10 0 0 90 61.5 53.6 53.6
5537 0.1 50 0 0 4937 0.0 10 0 0 120 61.4 53.5 53.5
5537 0.1 50 0 0 4937 0.0 10 0 0 150 61.3 53.5 53.5
5537 0.1 50 0 0 4937 0.0 10 0 0 180 61.3 53.5 53.5
5537 0.1 50 0 0 4937 0.0 20 0 0 0 61.6 52.3 52.3
5537 0.1 50 0 0 4937 0.0 20 0 0 30 61.5 52.3 52.3
5537 0.1 50 0 0 4937 0.0 20 0 0 60 61.5 52.2 52.2
5537 0.1 50 0 0 4937 0.0 20 0 0 90 61.3 52.2 52.2
5537 0.1 50 0 0 4937 0.0 20 0 0 120 61.3 52.2 52.2
5537 0.1 50 0 0 4937 0.0 20 0 0 150 61.1 52.2 52.2
5537 0.1 50 0 0 4937 0.0 20 0 0 180 61.1 52.1 52.1
5537 0.1 50 0 0 4937 0.0 30 0 0 0 61.3 49.2 49.2
5537 0.1 50 0 0 4937 0.0 30 0 0 30 61.2 49.1 49.1
5537 0.1 50 0 0 4937 0.0 30 0 0 60 61.2 49.2 49.2
5537 0.1 50 0 0 4937 0.0 30 0 0 90 61.0 49.2 49.2
5537 0.1 50 0 0 4937 0.0 30 0 0 120 60.9 49.3 49.3
5537 0.1 50 0 0 4937 0.0 30 0 0 150 60.8 49.3 49.3
5537 0.1 50 0 0 4937 0.0 30 0 0 180 60.8 49.4 49.4
5537 0.1 50 0 0 4937 0.0 40 0 0 0 60.8 48.9 48.9
5537 0.1 50 0 0 4937 0.0 40 0 0 30 60.7 49.0 49.0
5537 0.1 50 0 0 4937 0.0 40 0 0 60 60.7 49.0 49.0
5537 0.1 50 0 0 4937 0.0 40 0 0 90 60.5 49.0 49.0
5537 0.1 50 0 0 4937 0.0 40 0 0 120 60.4 49.2 49.2
5537 0.1 50 0 0 4937 0.0 40 0 0 150 60.3 49.2 49.2
5537 0.1 50 0 0 4937 0.0 40 0 0 180 60.3 49.4 49.4
5537 0.1 50 0 0 4937 0.0 50 0 0 0 60.0 49.7 49.7
5537 0.1 50 0 0 4937 0.0 50 0 0 30 59.8 49.8 49.8
5537 0.1 50 0 0 4937 0.0 50 0 0 60 59.9 49.6 49.6
5537 0.1 50 0 0 4937 0.0 50 0 0 90 59.6 49.7 49.7
5537 0.1 50 0 0 4937 0.0 50 0 0 120 59.6 49.7 49.7
5537 0.1 50 0 0 4937 0.0 50 0 0 150 59.6 49.8 49.8
5537 0.1 50 0 0 4937 0.0 50 0 0 180 59.5 49.9 49.9
5537 0.1 50 0 0 4937 0.0 60 0 0 0 58.7 51.1 51.1
5537 0.1 50 0 0 4937 0.0 60 0 0 30 58.5 51.2 51.2
5537 0.1 50 0 0 4937 0.0 60 0 0 60 58.6 51.2 51.2
5537 0.1 50 0 0 4937 0.0 60 0 0 90 58.3 51.2 51.2
5537 0.1 50 0 0 4937 0.0 60 0 0 120 58.3 51.2 51.2
5537 0.1 50 0 0 4937 0.0 60 0 0 150 58.3 51.2 51.2
5537 0.1 50 0 0 4937 0.0 60 0 0 180 58.3 51.2 51.2
5537 0.1 50 0 0 4937 0.1 0 0 0 0 61.6 53.8 53.8
5537 0.1 50 0 0 4937 0.1 0 0 0 30 61.6 53.8 53.8
5537 0.1 50 0 0 4937 0.1 0 0 0 60 61.6 53.6 53.6
5537 0.1 50 0 0 4937 0.1 0 0 0 90 61.4 53.6 53.6
5537 0.1 50 0 0 4937 0.1 0 0 0 120 61.4 53.6 53.6
5537 0.1 50 0 0 4937 0.1 0 0 0 150 61.2 53.6 53.6
5537 0.1 50 0 0 4937 0.1 0 0 0 180 61.2 53.5 53.5
5537 0.1 50 0 0 4937 0.1 10 0 0 0 61.5 53.3 53.3
5537 0.1 50 0 0 4937 0.1 10 0 0 30 61.5 53.2 53.2
5537 0.1 50 0 0 4937 0.1 10 0 0 60 61.5 53.2 53.2
5537 0.1 50 0 0 4937 0.1 10 0 0 90 61.3 53.2 53.2
5537 0.1 50 0 0 4937 0.1 10 0 0 120 61.3 53.1 53.1
5537 0.1 50 0 0 4937 0.1 10 0 0 150 61.1 53.1 53.1
5537 0.1 50 0 0 4937 0.1 10 0 0 180 61.2 53.1 53.1
5537 0.1 50 0 0 4937 0.1 20 0 0 0 61.3 51.9 51.9
5537 0.1 50 0 0 4937 0.1 20 0 0 30 61.4 51.9 51.9
5537 0.1 50 0 0 4937 0.1 20 0 0 60 61.3 51.9 51.9
5537 0.1 50 0 0 4937 0.1 20 0 0 90 61.1 51.8 51.8
5537 0.1 50 0 0 4937 0.1 20 0 0 120 61.1 51.8 51.8
5537 0.1 50 0 0 4937 0.1 20 0 0 150 61.0 51.8 51.8
5537 0.1 50 0 0 4937 0.1 20 0 0 180 61.0 51.8 51.8
5537 0.1 50 0 0 4937 0.1 30 0 0 0 61.0 48.9 48.9
5537 0.1 50 0 0 4937 0.1 30 0 0 30 61.0 48.8 48.8
5537 0.1 50 0 0 4937 0.1 30 0 0 60 61.0 48.8 48.8
5537 0.1 50 0 0 4937 0.1 30 0 0 90 60.8 48.8 48.8
5537 0.1 50 0 0 4937 0.1 30 0 0 120 60.8 48.8 48.8
5537 0.1 50 0 0 4937 0.1 30 0 0 150 60.6 48.8 48.8
5537 0.1 50 0 0 4937 0.1 30 0 0 180 60.7 48.9 48.9
5537 0.1 50 0 0 4937 0.1 40 0 0 0 60.5 48.7 48.7
5537 0.1 50 0 0 4937 0.1 40 0 0 30 60.5 48.7 48.7
5537 0.1 50 0 0 4937 0.1 40 0 0 60 60.5 48.6 48.6
5537 0.1 50 0 0 4937 0.1 40 0 0 90 60.3 48.6 48.6
5537 0.1 50 0 0 4937 0.1 40 0 0 120 60.2 48.6 48.6
5537 0.1 50 0 0 4937 0.1 40 0 0 150 60.1 48.7 48.7
5537 0.1 50 0 0 4937 0.1 40 0 0 180 60.1 48.8 48.8
5537 0.1 50 0 0 4937 0.1 50 0 0 0 59.8 49.4 49.4
5537 0.1 50 0 0 4937 0.1 50 0 0 30 59.6 49.4 49.4
5537 0.1 50 0 0 4937 0.1 50 0 0 60 59.7 49.3 49.3
5537 0.1 50 0 0 4937 0.1 50 0 0 90 59.5 49.3 49.3
5537 0.1 50 0 0 4937 0.1 50 0 0 120 59.4 49.3 49.3
5537 0.1 50 0 0 4937 0.1 50 0 0 150 59.4 49.3 49.3
5537 0.1 50 0 0 4937 0.1 50 0 0 180 59.3 49.4 49.4
5537 0.1 50 0 0 4937 0.1 60 0 0 0 58.5 50.7 50.7
5537 0.1 50 0 0 4937 0.1 60 0 0 30 58.3 50.8 50.8
5537 0.1 50 0 0 4937 0.1 60 0 0 60 58.3 50.8 50.8
5537 0.1 50 0 0 4937 0.1 60 0 0 90 58.3 50.8 50.8
5537 0.1 50 0 0 4937 0.1 60 0 0 120 58.0 50.8 50.8
5537 0.1 50 0 0 4937 0.1 60 0 0 150 58.2 50.8 50.8
5537 0.1 50 0 0 4937 0.1 60 0 0 180 58.0 50.8 50.8
5537 0.1 50 0 0 4937 0.2 0 0 0 0 61.4 53.4 53.4
5537 0.1 50 0 0 4937 0.2 0 0 0 30 61.4 53.3 53.3
5537 0.1 50 0 0 4937 0.2 0 0 0 60 61.4 53.3 53.3
5537 0.1 50 0 0 4937 0.2 0 0 0 90 61.2 53.2 53.2
5537 0.1 50 0 0 4937 0.2 0 0 0 120 61.2 53.2 53.2
5537 0.1 50 0 0 4937 0.2 0 0 0 150 61.0 53.2 53.2
5537 0.1 50 0 0 4937 0.2 0 0 0 180 61.1 53.0 53.0
5537 0.1 50 0 0 4937 0.2 10 0 0 0 61.3 52.9 52.9
5537 0.1 50 0 0 4937 0.2 10 0 0 30 61.3 52.8 52.8
5537 0.1 50 0 0 4937 0.2 10 0 0 60 61.3 52.8 52.8
5537 0.1 50 0 0 4937 0.2 10 0 0 90 61.2 52.7 52.7
5537 0.1 50 0 0 4937 0.2 10 0 0 120 61.1 52.7 52.7
5537 0.1 50 0 0 4937 0.2 10 0 0 150 60.9 52.7 52.7
5537 0.1 50 0 0 4937 0.2 10 0 0 180 61.0 52.6 52.6
5537 0.1 50 0 0 4937 0.2 20 0 0 0 61.1 51.5 51.5
5537 0.1 50 0 0 4937 0.2 20 0 0 30 61.1 51.4 51.4
5537 0.1 50 0 0 4937 0.2 20 0 0 60 61.2 51.4 51.4
5537 0.1 50 0 0 4937 0.2 20 0 0 90 61.0 51.3 51.3
5537 0.1 50 0 0 4937 0.2 20 0 0 120 60.9 51.3 51.3
5537 0.1 50 0 0 4937 0.2 20 0 0 150 60.8 51.3 51.3
5537 0.1 50 0 0 4937 0.2 20 0 0 180 60.8 51.3 51.3
5537 0.1 50 0 0 4937 0.2 30 0 0 0 60.8 48.6 48.6
5537 0.1 50 0 0 4937 0.2 30 0 0 30 60.8 48.6 48.6
5537 0.1 50 0 0 4937 0.2 30 0 0 60 60.8 48.5 48.5
5537 0.1 50 0 0 4937 0.2 30 0 0 90 60.6 48.5 48.5
5537 0.1 50 0 0 4937 0.2 30 0 0 120 60.6 48.5 48.5
5537 0.1 50 0 0 4937 0.2 30 0 0 150 60.4 48.5 48.5
5537 0.1 50 0 0 4937 0.2 30 0 0 180 60.5 48.5 48.5
5537 0.1 50 0 0 4937 0.2 40 0 0 0 60.2 48.5 48.5
5537 0.1 50 0 0 4937 0.2 40 0 0 30 60.3 48.5 48.5
5537 0.1 50 0 0 4937 0.2 40 0 0 60 60.3 48.4 48.4
5537 0.1 50 0 0 4937 0.2 40 0 0 90 60.1 48.4 48.4
5537 0.1 50 0 0 4937 0.2 40 0 0 120 60.0 48.4 48.4
5537 0.1 50 0 0 4937 0.2 40 0 0 150 59.9 48.4 48.4
5537 0.1 50 0 0 4937 0.2 40 0 0 180 60.0 48.4 48.4
5537 0.1 50 0 0 4937 0.2 50 0 0 0 59.5 49.2 49.2
5537 0.1 50 0 0 4937 0.2 50 0 0 30 59.5 49.2 49.2
5537 0.1 50 0 0 4937 0.2 50 0 0 60 59.4 49.1 49.1
5537 0.1 50 0 0 4937 0.2 50 0 0 90 59.3 49.1 49.1
5537 0.1 50 0 0 4937 0.2 50 0 0 120 59.2 49.1 49.1
5537 0.1 50 0 0 4937 0.2 50 0 0 150 59.1 49.1 49.1
5537 0.1 50 0 0 4937 0.2 50 0 0 180 59.1 49.0 49.0
5537 0.1 50 0 0 4937 0.2 60 0 0 0 58.1 50.3 50.3
5537 0.1 50 0 0 4937 0.2 60 0 0 30 58.1 50.3 50.3
5537 0.1 50 0 0 4937 0.2 60 0 0 60 58.0 50.3 50.3
5537 0.1 50 0 0 4937 0.2 60 0 0 90 58.0 50.4 50.4
5537 0.1 50 0 0 4937 0.2 60 0 0 120 57.9 50.5 50.5
5537 0.1 50 0 0 4937 0.2 60 0 0 150 57.8 50.4 50.4
5537 0.1 50 0 0 4937 0.2 60 0 0 180 57.8 50.3 50.3
5537 0.1 50 0 0 4937 0.3 0 0 0 0 61.1 52.9 52.9
5537 0.1 50 0 0 4937 0.3 0 0 0 30 61.1 52.9 52.9
5537 0.1 50 0 0 4937 0.3 0 0 0 60 61.2 52.8 52.8
5537 0.1 50 0 0 4937 0.3 0 0 0 90 61.1 52.8 52.8
5537 0.1 50 0 0 4937 0.3 0 0 0 120 60.9 52.7 52.7
5537 0.1 50 0 0 4937 0.3 0 0 0 150 60.8 52.7 52.7
5537 0.1 50 0 0 4937 0.3 0 0 0 180 60.8 52.6 52.6
5537 0.1 50 0 0 4937 0.3 10 0 0 0 61.0 52.4 52.4
5537 0.1 50 0 0 4937 0.3 10 0 0 30 61.0 52.4 52.4
5537 0.1 50 0 0 4937 0.3 10 0 0 60 61.2 52.3 52.3
5537 0.1 50 0 0 4937 0.3 10 0 0 90 61.0 52.3 52.3
5537 0.1 50 0 0 4937 0.3 10 0 0 120 60.8 52.3 52.3
5537 0.1 50 0 0 4937 0.3 10 0 0 150 60.7 52.2 52.2
5537 0.1 50 0 0 4937 0.3 10 0 0 180 60.8 52.2 52.2
5537 0.1 50 0 0 4937 0.3 20 0 0 0 60.8 50.9 50.9
5537 0.1 50 0 0 4937 0.3 20 0 0 30 60.9 50.8 50.8
5537 0.1 50 0 0 4937 0.3 20 0 0 60 61.0 50.8 50.8
5537 0.1 50 0 0 4937 0.3 20 0 0 90 60.8 50.7 50.7
5537 0.1 50 0 0 4937 0.3 20 0 0 120 60.6 50.7 50.7
5537 0.1 50 0 0 4937 0.3 20 0 0 150 60.6 50.7 50.7
5537 0.1 50 0 0 4937 0.3 20 0 0 180 60.6 50.6 50.6
5537 0.1 50 0 0 4937 0.3 30 0 0 0 60.5 48.6 48.6
5537 0.1 50 0 0 4937 0.3 30 0 0 30 60.5 48.5 48.5
5537 0.1 50 0 0 4937 0.3 30 0 0 60 60.6 48.5 48.5
5537 0.1 50 0 0 4937 0.3 30 0 0 90 60.5 48.4 48.4
5537 0.1 50 0 0 4937 0.3 30 0 0 120 60.3 48.4 48.4
5537 0.1 50 0 0 4937 0.3 30 0 0 150 60.2 48.3 48.3
5537 0.1 50 0 0 4937 0.3 30 0 0 180 60.3 48.1 48.1
5537 0.1 50 0 0 4937 0.3 40 0 0 0 60.0 48.6 48.6
5537 0.1 50 0 0 4937 0.3 40 0 0 30 60.0 48.5 48.5
5537 0.1 50 0 0 4937 0.3 40 0 0 60 60.1 48.4 48.4
5537 0.1 50 0 0 4937 0.3 40 0 0 90 59.9 48.4 48.4
5537 0.1 50 0 0 4937 0.3 40 0 0 120 59.8 48.4 48.4
5537 0.1 50 0 0 4937 0.3 40 0 0 150 59.7 48.2 48.2
5537 0.1 50 0 0 4937 0.3 40 0 0 180 59.8 48.1 48.1
5537 0.1 50 0 0 4937 0.3 50 0 0 0 59.1 49.1 49.1
5537 0.1 50 0 0 4937 0.3 50 0 0 30 59.2 49.1 49.1
5537 0.1 50 0 0 4937 0.3 50 0 0 60 59.3 48.9 48.9
5537 0.1 50 0 0 4937 0.3 50 0 0 90 59.1 49.0 49.0
5537 0.1 50 0 0 4937 0.3 50 0 0 120 59.0 48.9 48.9
5537 0.1 50 0 0 4937 0.3 50 0 0 150 58.9 48.9 48.9
5537 0.1 50 0 0 4937 0.3 50 0 0 180 59.0 48.7 48.7
5537 0.1 50 0 0 4937 0.3 60 0 0 0 57.7 49.9 49.9
5537 0.1 50 0 0 4937 0.3 60 0 0 30 57.8 50.0 50.0
5537 0.1 50 0 0 4937 0.3 60 0 0 60 57.8 49.9 49.9
5537 0.1 50 0 0 4937 0.3 60 0 0 90 57.7 50.0 50.0
5537 0.1 50 0 0 4937 0.3 60 0 0 120 57.6 50.1 50.1
5537 0.1 50 0 0 4937 0.3 60 0 0 150 57.5 50.1 50.1
5537 0.1 50 0 0 4937 0.3 60 0 0 180 57.6 49.9 49.9
5537 0.1 50 0 0 4937 0.4 0 0 0 0 60.9 52.4 52.4
5537 0.1 50 0 0 4937 0.4 0 0 0 30 60.9 52.4 52.4
5537 0.1 50 0 0 4937 0.4 0 0 0 60 60.9 52.3 52.3
5537 0.1 50 0 0 4937 0.4 0 0 0 90 60.9 52.3 52.3
5537 0.1 50 0 0 4937 0.4 0 0 0 120 60.6 52.2 52.2
5537 0.1 50 0 0 4937 0.4 0 0 0 150 60.6 52.2 52.2
5537 0.1 50 0 0 4937 0.4 0 0 0 180 60.6 52.0 52.0
5537 0.1 50 0 0 4937 0.4 10 0 0 0 60.8 51.9 51.9
5537 0.1 50 0 0 4937 0.4 10 0 0 30 60.8 51.9 51.9
5537 0.1 50 0 0 4937 0.4 10 0 0 60 60.9 51.7 51.7
5537 0.1 50 0 0 4937 0.4 10 0 0 90 60.8 51.7 51.7
5537 0.1 50 0 0 4937 0.4 10 0 0 120 60.6 51.7 51.7
5537 0.1 50 0 0 4937 0.4 10 0 0 150 60.6 51.6 51.6
5537 0.1 50 0 0 4937 0.4 10 0 0 180 60.6 51.5 51.5
5537 0.1 50 0 0 4937 0.4 20 0 0 0 60.6 49.8 49.8
5537 0.1 50 0 0 4937 0.4 20 0 0 30 60.6 49.8 49.8
5537 0.1 50 0 0 4937 0.4 20 0 0 60 60.7 49.7 49.7
5537 0.1 50 0 0 4937 0.4 20 0 0 90 60.7 49.7 49.7
5537 0.1 50 0 0 4937 0.4 20 0 0 120 60.4 49.7 49.7
5537 0.1 50 0 0 4937 0.4 20 0 0 150 60.4 49.5 49.5
5537 0.1 50 0 0 4937 0.4 20 0 0 180 60.4 49.4 49.4
5537 0.1 50 0 0 4937 0.4 30 0 0 0 60.3 48.5 48.5
5537 0.1 50 0 0 4937 0.4 30 0 0 30 60.2 48.5 48.5
5537 0.1 50 0 0 4937 0.4 30 0 0 60 60.3 48.5 48.5
5537 0.1 50 0 0 4937 0.4 30 0 0 90 60.3 48.5 48.5
5537 0.1 50 0 0 4937 0.4 30 0 0 120 60.0 48.5 48.5
5537 0.1 50 0 0 4937 0.4 30 0 0 150 60.0 48.4 48.4
5537 0.1 50 0 0 4937 0.4 30 0 0 180 60.0 48.2 48.2
5537 0.1 50 0 0 4937 0.4 40 0 0 0 59.7 48.6 48.6
5537 0.1 50 0 0 4937 0.4 40 0 0 30 59.7 48.5 48.5
5537 0.1 50 0 0 4937 0.4 40 0 0 60 59.8 48.4 48.4
5537 0.1 50 0 0 4937 0.4 40 0 0 90 59.8 48.5 48.5
5537 0.1 50 0 0 4937 0.4 40 0 0 120 59.5 48.5 48.5
5537 0.1 50 0 0 4937 0.4 40 0 0 150 59.5 48.4 48.4
5537 0.1 50 0 0 4937 0.4 40 0 0 180 59.5 48.2 48.2
5537 0.1 50 0 0 4937 0.4 50 0 0 0 58.8 49.1 49.1
5537 0.1 50 0 0 4937 0.4 50 0 0 30 58.8 49.1 49.1
5537 0.1 50 0 0 4937 0.4 50 0 0 60 59.0 49.1 49.1
5537 0.1 50 0 0 4937 0.4 50 0 0 90 59.0 49.0 49.0
5537 0.1 50 0 0 4937 0.4 50 0 0 120 58.6 49.0 49.0
5537 0.1 50 0 0 4937 0.4 50 0 0 150 58.7 48.7 48.7
5537 0.1 50 0 0 4937 0.4 50 0 0 180 58.8 48.5 48.5
5537 0.1 50 0 0 4937 0.4 60 0 0 0 57.1 49.6 49.6
5537 0.1 50 0 0 4937 0.4 60 0 0 30 57.2 49.6 49.6
5537 0.1 50 0 0 4937 0.4 60 0 0 60 57.3 49.6 49.6
5537 0.1 50 0 0 4937 0.4 60 0 0 90 57.3 49.5 49.5
5537 0.1 50 0 0 4937 0.4 60 0 0 120 57.0 49.9 49.9
5537 0.1 50 0 0 4937 0.4 60 0 0 150 57.2 49.8 49.8
5537 0.1 50 0 0 4937 0.4 60 0 0 180 57.3 49.5 49.5
5537 0.1 50 0 0 4937 0.5 0 0 0 0 60.6 51.6 51.6
5537 0.1 50 0 0 4937 0.5 0 0 0 30 60.6 51.6 51.6
5537 0.1 50 0 0 4937 0.5 0 0 0 60 60.6 51.6 51.6
5537 0.1 50 0 0 4937 0.5 0 0 0 90 60.7 51.5 51.5
5537 0.1 50 0 0 4937 0.5 0 0 0 120 60.5 51.5 51.5
5537 0.1 50 0 0 4937 0.5 0 0 0 150 60.4 51.4 51.4
5537 0.1 50 0 0 4937 0.5 0 0 0 180 60.3 51.3 51.3
5537 0.1 50 0 0 4937 0.5 10 0 0 0 60.5 50.9 50.9
5537 0.1 50 0 0 4937 0.5 10 0 0 30 60.6 50.9 50.9
5537 0.1 50 0 0 4937 0.5 10 0 0 60 60.5 50.8 50.8
5537 0.1 50 0 0 4937 0.5 10 0 0 90 60.6 50.7 50.7
5537 0.1 50 0 0 4937 0.5 10 0 0 120 60.4 50.8 50.8
5537 0.1 50 0 0 4937 0.5 10 0 0 150 60.3 50.5 50.5
5537 0.1 50 0 0 4937 0.5 10 0 0 180 60.3 50.4 50.4
5537 0.1 50 0 0 4937 0.5 20 0 0 0 60.3 49.6 49.6
5537 0.1 50 0 0 4937 0.5 20 0 0 30 60.4 49.5 49.5
5537 0.1 50 0 0 4937 0.5 20 0 0 60 60.3 49.4 49.4
5537 0.1 50 0 0 4937 0.5 20 0 0 90 60.4 49.4 49.4
5537 0.1 50 0 0 4937 0.5 20 0 0 120 60.2 49.4 49.4
5537 0.1 50 0 0 4937 0.5 20 0 0 150 60.1 49.1 49.1
5537 0.1 50 0 0 4937 0.5 20 0 0 180 60.1 49.0 49.0
5537 0.1 50 0 0 4937 0.5 30 0 0 0 60.0 48.8 48.8
5537 0.1 50 0 0 4937 0.5 30 0 0 30 60.0 48.7 48.7
5537 0.1 50 0 0 4937 0.5 30 0 0 60 60.0 48.7 48.7
5537 0.1 50 0 0 4937 0.5 30 0 0 90 60.1 48.6 48.6
5537 0.1 50 0 0 4937 0.5 30 0 0 120 59.9 48.7 48.7
5537 0.1 50 0 0 4937 0.5 30 0 0 150 59.8 48.5 48.5
5537 0.1 50 0 0 4937 0.5 30 0 0 180 59.7 48.4 48.4
5537 0.1 50 0 0 4937 0.5 40 0 0 0 59.4 48.8 48.8
5537 0.1 50 0 0 4937 0.5 40 0 0 30 59.4 48.8 48.8
5537 0.1 50 0 0 4937 0.5 40 0 0 60 59.4 48.7 48.7
5537 0.1 50 0 0 4937 0.5 40 0 0 90 59.5 48.6 48.6
5537 0.1 50 0 0 4937 0.5 40 0 0 120 59.3 48.6 48.6
5537 0.1 50 0 0 4937 0.5 40 0 0 150 59.2 48.4 48.4
5537 0.1 50 0 0 4937 0.5 40 0 0 180 59.2 48.4 48.4
5537 0.1 50 0 0 4937 0.5 50 0 0 0 58.5 49.0 49.0
5537 0.1 50 0 0 4937 0.5 50 0 0 30 58.5 49.0 49.0
5537 0.1 50 0 0 4937 0.5 50 0 0 60 58.6 49.0 49.0
5537 0.1 50 0 0 4937 0.5 50 0 0 90 58.6 49.0 49.0
5537 0.1 50 0 0 4937 0.5 50 0 0 120 58.4 49.2 49.2
5537 0.1 50 0 0 4937 0.5 50 0 0 150 58.4 48.9 48.9
5537 0.1 50 0 0 4937 0.5 50 0 0 180 58.4 48.7 48.7
5537 0.1 50 0 0 4937 0.5 60 0 0 0 56.7 49.4 49.4
5537 0.1 50 0 0 4937 0.5 60 0 0 30 56.7 49.4 49.4
5537 0.1 50 0 0 4937 0.5 60 0 0 60 56.8 49.3 49.3
5537 0.1 50 0 0 4937 0.5 60 0 0 90 56.8 49.3 49.3
5537 0.1 50 0 0 4937 0.5 60 0 0 120 56.6 49.6 49.6
5537 0.1 50 0 0 4937 0.5 60 0 0 150 56.7 49.6 49.6
5537 0.1 50 0 0 4937 0.5 60 0 0 180 57.0 49.3 49.3
5537 0.1 50 0 0 5137 0.0 0 0 0 0 62.0 55.2 55.2
5537 0.1 50 0 0 5137 0.0 0 0 0 30 62.3 55.4 55.4
5537 0.1 50 0 0 5137 0.0 0 0 0 60 62.5 55.3 55.3
5537 0.1 50 0 0 5137 0.0 0 0 0 90 62.5 55.0 55.0
5537 0.1 50 0 0 5137 0.0 0 0 0 120 62.3 54.6 54.6
5537 0.1 50 0 0 5137 0.0 0 0 0 150 62.0 54.1 54.1
5537 0.1 50 0 0 5137 0.0 0 0 0 180 61.6 53.8 53.8
5537 0.1 50 0 0 5137 0.0 10 0 0 0 62.0 54.7 54.7
5537 0.1 50 0 0 5137 0.0 10 0 0 30 62.3 55.0 55.0
5537 0.1 50 0 0 5137 0.0 10 0 0 60 62.5 54.9 54.9
5537 0.1 50 0 0 5137 0.0 10 0 0 90 62.4 54.6 54.6
5537 0.1 50 0 0 5137 0.0 10 0 0 120 62.3 54.2 54.2
5537 0.1 50 0 0 5137 0.0 10 0 0 150 62.0 53.7 53.7
5537 0.1 50 0 0 5137 0.0 10 0 0 180 61.6 53.4 53.4
5537 0.1 50 0 0 5137 0.0 20 0 0 0 61.8 53.4 53.4
5537 0.1 50 0 0 5137 0.0 20 0 0 30 62.1 53.7 53.7
5537 0.1 50 0 0 5137 0.0 20 0 0 60 62.3 53.6 53.6
5537 0.1 50 0 0 5137 0.0 20 0 0 90 62.3 53.4 53.4
5537 0.1 50 0 0 5137 0.0 20 0 0 120 62.1 53.0 53.0
5537 0.1 50 0 0 5137 0.0 20 0 0 150 61.8 52.6 52.6
5537 0.1 50 0 0 5137 0.0 20 0 0 180 61.4 52.3 52.3
5537 0.1 50 0 0 5137 0.0 30 0 0 0 61.5 50.2 50.2
5537 0.1 50 0 0 5137 0.0 30 0 0 30 61.8 50.4 50.4
5537 0.1 50 0 0 5137 0.0 30 0 0 60 62.0 50.4 50.4
5537 0.1 50 0 0 5137 0.0 30 0 0 90 62.0 50.2 50.2
5537 0.1 50 0 0 5137 0.0 30 0 0 120 61.8 49.9 49.9
5537 0.1 50 0 0 5137 0.0 30 0 0 150 61.5 49.7 49.7
5537 0.1 50 0 0 5137 0.0 30 0 0 180 61.1 49.5 49.5
5537 0.1 50 0 0 5137 0.0 40 0 0 0 61.0 49.8 49.8
5537 0.1 50 0 0 5137 0.0 40 0 0 30 61.3 50.0 50.0
5537 0.1 50 0 0 5137 0.0 40 0 0 60 61.5 49.9 49.9
5537 0.1 50 0 0 5137 0.0 40 0 0 90 61.5 49.9 49.9
5537 0.1 50 0 0 5137 0.0 40 0 0 120 61.3 49.8 49.8
5537 0.1 50 0 0 5137 0.0 40 0 0 150 61.0 49.5 49.5
5537 0.1 50 0 0 5137 0.0 40 0 0 180 60.6 49.3 49.3
5537 0.1 50 0 0 5137 0.0 50 0 0 0 60.2 50.6 50.6
5537 0.1 50 0 0 5137 0.0 50 0 0 30 60.6 50.7 50.7
5537 0.1 50 0 0 5137 0.0 50 0 0 60 60.7 50.6 50.6
5537 0.1 50 0 0 5137 0.0 50 0 0 90 60.8 50.7 50.7
5537 0.1 50 0 0 5137 0.0 50 0 0 120 60.6 50.4 50.4
5537 0.1 50 0 0 5137 0.0 50 0 0 150 60.2 50.1 50.1
5537 0.1 50 0 0 5137 0.0 50 0 0 180 59.9 49.8 49.8
5537 0.1 50 0 0 5137 0.0 60 0 0 0 59.0 52.1 52.1
5537 0.1 50 0 0 5137 0.0 60 0 0 30 59.5 52.3 52.3
5537 0.1 50 0 0 5137 0.0 60 0 0 60 59.6 52.3 52.3
5537 0.1 50 0 0 5137 0.0 60 0 0 90 59.5 52.3 52.3
5537 0.1 50 0 0 5137 0.0 60 0 0 120 59.3 52.0 52.0
5537 0.1 50 0 0 5137 0.0 60 0 0 150 58.9 51.7 51.7
5537 0.1 50 0 0 5137 0.0 60 0 0 180 58.6 51.3 51.3
5537 0.1 50 0 0 5137 0.1 0 0 0 0 61.8 54.8 54.8
5537 0.1 50 0 0 5137 0.1 0 0 0 30 62.1 55.0 55.0
5537 0.1 50 0 0 5137 0.1 0 0 0 60 62.3 55.1 55.1
5537 0.1 50 0 0 5137 0.1 0 0 0 90 62.3 54.8 54.8
5537 0.1 50 0 0 5137 0.1 0 0 0 120 62.2 54.4 54.4
5537 0.1 50 0 0 5137 0.1 0 0 0 150 61.9 53.8 53.8
5537 0.1 50 0 0 5137 0.1 0 0 0 180 61.4 53.4 53.4
5537 0.1 50 0 0 5137 0.1 10 0 0 0 61.7 54.3 54.3
5537 0.1 50 0 0 5137 0.1 10 0 0 30 62.0 54.5 54.5
5537 0.1 50 0 0 5137 0.1 10 0 0 60 62.3 54.5 54.5
5537 0.1 50 0 0 5137 0.1 10 0 0 90 62.2 54.4 54.4
5537 0.1 50 0 0 5137 0.1 10 0 0 120 62.2 54.0 54.0
5537 0.1 50 0 0 5137 0.1 10 0 0 150 61.8 53.5 53.5
5537 0.1 50 0 0 5137 0.1 10 0 0 180 61.4 53.0 53.0
5537 0.1 50 0 0 5137 0.1 20 0 0 0 61.6 53.0 53.0
5537 0.1 50 0 0 5137 0.1 20 0 0 30 61.9 53.2 53.2
5537 0.1 50 0 0 5137 0.1 20 0 0 60 62.1 53.2 53.2
5537 0.1 50 0 0 5137 0.1 20 0 0 90 62.1 53.1 53.1
5537 0.1 50 0 0 5137 0.1 20 0 0 120 62.0 52.8 52.8
5537 0.1 50 0 0 5137 0.1 20 0 0 150 61.6 52.3 52.3
5537 0.1 50 0 0 5137 0.1 20 0 0 180 61.2 51.9 51.9
5537 0.1 50 0 0 5137 0.1 30 0 0 0 61.3 49.8 49.8
5537 0.1 50 0 0 5137 0.1 30 0 0 30 61.5 50.0 50.0
5537 0.1 50 0 0 5137 0.1 30 0 0 60 61.8 50.0 50.0
5537 0.1 50 0 0 5137 0.1 30 0 0 90 61.8 49.9 49.9
5537 0.1 50 0 0 5137 0.1 30 0 0 120 61.7 49.6 49.6
5537 0.1 50 0 0 5137 0.1 30 0 0 150 61.3 49.3 49.3
5537 0.1 50 0 0 5137 0.1 30 0 0 180 60.9 49.0 49.0
5537 0.1 50 0 0 5137 0.1 40 0 0 0 60.8 49.6 49.6
5537 0.1 50 0 0 5137 0.1 40 0 0 30 61.1 49.7 49.7
5537 0.1 50 0 0 5137 0.1 40 0 0 60 61.3 49.7 49.7
5537 0.1 50 0 0 5137 0.1 40 0 0 90 61.3 49.7 49.7
5537 0.1 50 0 0 5137 0.1 40 0 0 120 61.2 49.5 49.5
5537 0.1 50 0 0 5137 0.1 40 0 0 150 60.8 49.2 49.2
5537 0.1 50 0 0 5137 0.1 40 0 0 180 60.4 48.8 48.8
5537 0.1 50 0 0 5137 0.1 50 0 0 0 60.0 50.3 50.3
5537 0.1 50 0 0 5137 0.1 50 0 0 30 60.3 50.4 50.4
5537 0.1 50 0 0 5137 0.1 50 0 0 60 60.5 50.4 50.4
5537 0.1 50 0 0 5137 0.1 50 0 0 90 60.5 50.3 50.3
5537 0.1 50 0 0 5137 0.1 50 0 0 120 60.4 50.1 50.1
5537 0.1 50 0 0 5137 0.1 50 0 0 150 60.0 49.8 49.8
5537 0.1 50 0 0 5137 0.1 50 0 0 180 59.6 49.4 49.4
5537 0.1 50 0 0 5137 0.1 60 0 0 0 58.8 51.5 51.5
5537 0.1 50 0 0 5137 0.1 60 0 0 30 59.2 51.8 51.8
5537 0.1 50 0 0 5137 0.1 60 0 0 60 59.2 52.0 52.0
5537 0.1 50 0 0 5137 0.1 60 0 0 90 59.3 52.0 52.0
5537 0.1 50 0 0 5137 0.1 60 0 0 120 59.0 51.7 51.7
5537 0.1 50 0 0 5137 0.1 60 0 0 150 58.6 51.3 51.3
5537 0.1 50 0 0 5137 0.1 60 0 0 180 58.4 50.9 50.9
5537 0.1 50 0 0 5137 0.2 0 0 0 0 61.7 54.4 54.4
5537 0.1 50 0 0 5137 0.2 0 0 0 30 61.9 54.6 54.6
5537 0.1 50 0 0 5137 0.2 0 0 0 60 62.0 54.6 54.6
5537 0.1 50 0 0 5137 0.2 0 0 0 90 62.1 54.5 54.5
5537 0.1 50 0 0 5137 0.2 0 0 0 120 62.1 54.1 54.1
5537 0.1 50 0 0 5137 0.2 0 0 0 150 61.7 53.5 53.5
5537 0.1 50 0 0 5137 0.2 0 0 0 180 61.2 53.0 53.0
5537 0.1 50 0 0 5137 0.2 10 0 0 0 61.6 53.9 53.9
5537 0.1 50 0 0 5137 0.2 10 0 0 30 61.9 54.0 54.0
5537 0.1 50 0 0 5137 0.2 10 0 0 60 62.0 54.1 54.1
5537 0.1 50 0 0 5137 0.2 10 0 0 90 62.1 53.9 53.9
5537 0.1 50 0 0 5137 0.2 10 0 0 120 62.0 53.6 53.6
5537 0.1 50 0 0 5137 0.2 10 0 0 150 61.6 53.2 53.2
5537 0.1 50 0 0 5137 0.2 10 0 0 180 61.2 52.6 52.6
5537 0.1 50 0 0 5137 0.2 20 0 0 0 61.4 52.5 52.5
5537 0.1 50 0 0 5137 0.2 20 0 0 30 61.7 52.7 52.7
5537 0.1 50 0 0 5137 0.2 20 0 0 60 61.8 52.8 52.8
5537 0.1 50 0 0 5137 0.2 20 0 0 90 61.9 52.6 52.6
5537 0.1 50 0 0 5137 0.2 20 0 0 120 61.8 52.4 52.4
5537 0.1 50 0 0 5137 0.2 20 0 0 150 61.4 52.0 52.0
5537 0.1 50 0 0 5137 0.2 20 0 0 180 61.0 51.4 51.4
5537 0.1 50 0 0 5137 0.2 30 0 0 0 61.1 49.6 49.6
5537 0.1 50 0 0 5137 0.2 30 0 0 30 61.4 49.7 49.7
5537 0.1 50 0 0 5137 0.2 30 0 0 60 61.5 49.8 49.8
5537 0.1 50 0 0 5137 0.2 30 0 0 90 61.6 49.6 49.6
5537 0.1 50 0 0 5137 0.2 30 0 0 120 61.5 49.5 49.5
5537 0.1 50 0 0 5137 0.2 30 0 0 150 61.1 49.1 49.1
5537 0.1 50 0 0 5137 0.2 30 0 0 180 60.7 48.6 48.6
5537 0.1 50 0 0 5137 0.2 40 0 0 0 60.6 49.4 49.4
5537 0.1 50 0 0 5137 0.2 40 0 0 30 60.9 49.5 49.5
5537 0.1 50 0 0 5137 0.2 40 0 0 60 61.0 49.5 49.5
5537 0.1 50 0 0 5137 0.2 40 0 0 90 61.1 49.4 49.4
5537 0.1 50 0 0 5137 0.2 40 0 0 120 61.0 49.2 49.2
5537 0.1 50 0 0 5137 0.2 40 0 0 150 60.6 48.9 48.9
5537 0.1 50 0 0 5137 0.2 40 0 0 180 60.1 48.5 48.5
5537 0.1 50 0 0 5137 0.2 50 0 0 0 59.9 50.1 50.1
5537 0.1 50 0 0 5137 0.2 50 0 0 30 60.1 50.1 50.1
5537 0.1 50 0 0 5137 0.2 50 0 0 60 60.3 50.2 50.2
5537 0.1 50 0 0 5137 0.2 50 0 0 90 60.3 50.2 50.2
5537 0.1 50 0 0 5137 0.2 50 0 0 120 60.2 50.1 50.1
5537 0.1 50 0 0 5137 0.2 50 0 0 150 59.8 49.8 49.8
5537 0.1 50 0 0 5137 0.2 50 0 0 180 59.4 49.1 49.1
5537 0.1 50 0 0 5137 0.2 60 0 0 0 58.7 51.0 51.0
5537 0.1 50 0 0 5137 0.2 60 0 0 30 58.9 51.2 51.2
5537 0.1 50 0 0 5137 0.2 60 0 0 60 59.0 51.5 51.5
5537 0.1 50 0 0 5137 0.2 60 0 0 90 58.9 51.6 51.6
5537 0.1 50 0 0 5137 0.2 60 0 0 120 58.8 51.5 51.5
5537 0.1 50 0 0 5137 0.2 60 0 0 150 58.4 51.2 51.2
5537 0.1 50 0 0 5137 0.2 60 0 0 180 58.1 50.6 50.6
5537 0.1 50 0 0 5137 0.3 0 0 0 0 61.5 54.0 54.0
5537 0.1 50 0 0 5137 0.3 0 0 0 30 61.7 54.0 54.0
5537 0.1 50 0 0 5137 0.3 0 0 0 60 61.8 54.3 54.3
5537 0.1 50 0 0 5137 0.3 0 0 0 90 61.9 54.0 54.0
5537 0.1 50 0 0 5137 0.3 0 0 0 120 61.9 53.8 53.8
5537 0.1 50 0 0 5137 0.3 0 0 0 150 61.5 53.2 53.2
5537 0.1 50 0 0 5137 0.3 0 0 0 180 61.0 52.5 52.5
5537 0.1 50 0 0 5137 0.3 10 0 0 0 61.4 53.4 53.4
5537 0.1 50 0 0 5137 0.3 10 0 0 30 61.6 53.5 53.5
5537 0.1 50 0 0 5137 0.3 10 0 0 60 61.7 53.6 53.6
5537 0.1 50 0 0 5137 0.3 10 0 0 90 61.8 53.5 53.5
5537 0.1 50 0 0 5137 0.3 10 0 0 120 61.8 53.3 53.3
5537 0.1 50 0 0 5137 0.3 10 0 0 150 61.5 52.8 52.8
5537 0.1 50 0 0 5137 0.3 10 0 0 180 60.9 52.1 52.1
5537 0.1 50 0 0 5137 0.3 20 0 0 0 61.2 51.9 51.9
5537 0.1 50 0 0 5137 0.3 20 0 0 30 61.4 52.1 52.1
5537 0.1 50 0 0 5137 0.3 20 0 0 60 61.6 52.1 52.1
5537 0.1 50 0 0 5137 0.3 20 0 0 90 61.7 52.1 52.1
5537 0.1 50 0 0 5137 0.3 20 0 0 120 61.6 52.0 52.0
5537 0.1 50 0 0 5137 0.3 20 0 0 150 61.3 51.6 51.6
5537 0.1 50 0 0 5137 0.3 20 0 0 180 60.7 50.9 50.9
5537 0.1 50 0 0 5137 0.3 30 0 0 0 60.9 49.3 49.3
5537 0.1 50 0 0 5137 0.3 30 0 0 30 61.1 49.4 49.4
5537 0.1 50 0 0 5137 0.3 30 0 0 60 61.2 49.6 49.6
5537 0.1 50 0 0 5137 0.3 30 0 0 90 61.4 49.6 49.6
5537 0.1 50 0 0 5137 0.3 30 0 0 120 61.3 49.5 49.5
5537 0.1 50 0 0 5137 0.3 30 0 0 150 60.9 49.1 49.1
5537 0.1 50 0 0 5137 0.3 30 0 0 180 60.4 48.4 48.4
5537 0.1 50 0 0 5137 0.3 40 0 0 0 60.4 49.3 49.3
5537 0.1 50 0 0 5137 0.3 40 0 0 30 60.7 49.3 49.3
5537 0.1 50 0 0 5137 0.3 40 0 0 60 60.7 49.5 49.5
5537 0.1 50 0 0 5137 0.3 40 0 0 90 60.9 49.5 49.5
5537 0.1 50 0 0 5137 0.3 40 0 0 120 60.8 49.5 49.5
5537 0.1 50 0 0 5137 0.3 40 0 0 150 60.4 49.1 49.1
5537 0.1 50 0 0 5137 0.3 40 0 0 180 59.9 48.3 48.3
5537 0.1 50 0 0 5137 0.3 50 0 0 0 59.7 49.9 49.9
5537 0.1 50 0 0 5137 0.3 50 0 0 30 59.9 50.0 50.0
5537 0.1 50 0 0 5137 0.3 50 0 0 60 59.9 50.1 50.1
5537 0.1 50 0 0 5137 0.3 50 0 0 90 60.1 50.1 50.1
5537 0.1 50 0 0 5137 0.3 50 0 0 120 60.0 50.0 50.0
5537 0.1 50 0 0 5137 0.3 50 0 0 150 59.6 49.7 49.7
5537 0.1 50 0 0 5137 0.3 50 0 0 180 59.1 48.9 48.9
5537 0.1 50 0 0 5137 0.3 60 0 0 0 58.5 50.6 50.6
5537 0.1 50 0 0 5137 0.3 60 0 0 30 58.6 50.7 50.7
5537 0.1 50 0 0 5137 0.3 60 0 0 60 58.7 51.0 51.0
5537 0.1 50 0 0 5137 0.3 60 0 0 90 58.6 51.2 51.2
5537 0.1 50 0 0 5137 0.3 60 0 0 120 58.5 51.3 51.3
5537 0.1 50 0 0 5137 0.3 60 0 0 150 58.0 51.0 51.0
5537 0.1 50 0 0 5137 0.3 60 0 0 180 57.7 50.2 50.2
5537 0.1 50 0 0 5137 0.4 0 0 0 0 61.3 53.5 53.5
5537 0.1 50 0 0 5137 0.4 0 0 0 30 61.5 53.6 53.6
5537 0.1 50 0 0 5137 0.4 0 0 0 60 61.6 53.6 53.6
5537 0.1 50 0 0 5137 0.4 0 0 0 90 61.7 53.6 53.6
5537 0.1 50 0 0 5137 0.4 0 0 0 120 61.7 53.4 53.4
5537 0.1 50 0 0 5137 0.4 0 0 0 150 61.3 52.8 52.8
5537 0.1 50 0 0 5137 0.4 0 0 0 180 60.7 52.0 52.0
5537 0.1 50 0 0 5137 0.4 10 0 0 0 61.2 52.9 52.9
5537 0.1 50 0 0 5137 0.4 10 0 0 30 61.4 52.9 52.9
5537 0.1 50 0 0 5137 0.4 10 0 0 60 61.5 53.0 53.0
5537 0.1 50 0 0 5137 0.4 10 0 0 90 61.6 53.0 53.0
5537 0.1 50 0 0 5137 0.4 10 0 0 120 61.6 52.8 52.8
5537 0.1 50 0 0 5137 0.4 10 0 0 150 61.3 52.4 52.4
5537 0.1 50 0 0 5137 0.4 10 0 0 180 60.6 51.6 51.6
5537 0.1 50 0 0 5137 0.4 20 0 0 0 61.1 51.0 51.0
5537 0.1 50 0 0 5137 0.4 20 0 0 30 61.2 50.9 50.9
5537 0.1 50 0 0 5137 0.4 20 0 0 60 61.3 51.1 51.1
5537 0.1 50 0 0 5137 0.4 20 0 0 90 61.4 51.1 51.1
5537 0.1 50 0 0 5137 0.4 20 0 0 120 61.4 51.0 51.0
5537 0.1 50 0 0 5137 0.4 20 0 0 150 61.1 50.6 50.6
5537 0.1 50 0 0 5137 0.4 20 0 0 180 60.5 49.8 49.8
5537 0.1 50 0 0 5137 0.4 30 0 0 0 60.7 49.3 49.3
5537 0.1 50 0 0 5137 0.4 30 0 0 30 60.9 49.4 49.4
5537 0.1 50 0 0 5137 0.4 30 0 0 60 61.0 49.4 49.4
5537 0.1 50 0 0 5137 0.4 30 0 0 90 61.1 49.5 49.5
5537 0.1 50 0 0 5137 0.4 30 0 0 120 61.1 49.5 49.5
5537 0.1 50 0 0 5137 0.4 30 0 0 150 60.7 49.2 49.2
5537 0.1 50 0 0 5137 0.4 30 0 0 180 60.1 48.4 48.4
5537 0.1 50 0 0 5137 0.4 40 0 0 0 60.2 49.2 49.2
5537 0.1 50 0 0 5137 0.4 40 0 0 30 60.4 49.3 49.3
5537 0.1 50 0 0 5137 0.4 40 0 0 60 60.5 49.4 49.4
5537 0.1 50 0 0 5137 0.4 40 0 0 90 60.5 49.5 49.5
5537 0.1 50 0 0 5137 0.4 40 0 0 120 60.5 49.5 49.5
5537 0.1 50 0 0 5137 0.4 40 0 0 150 60.1 49.2 49.2
5537 0.1 50 0 0 5137 0.4 40 0 0 180 59.6 48.4 48.4
5537 0.1 50 0 0 5137 0.4 50 0 0 0 59.5 49.8 49.8
5537 0.1 50 0 0 5137 0.4 50 0 0 30 59.6 50.0 50.0
5537 0.1 50 0 0 5137 0.4 50 0 0 60 59.7 50.1 50.1
5537 0.1 50 0 0 5137 0.4 50 0 0 90 59.7 50.2 50.2
5537 0.1 50 0 0 5137 0.4 50 0 0 120 59.7 50.2 50.2
5537 0.1 50 0 0 5137 0.4 50 0 0 150 59.2 49.7 49.7
5537 0.1 50 0 0 5137 0.4 50 0 0 180 58.8 48.8 48.8
5537 0.1 50 0 0 5137 0.4 60 0 0 0 58.2 50.2 50.2
5537 0.1 50 0 0 5137 0.4 60 0 0 30 58.2 50.4 50.4
5537 0.1 50 0 0 5137 0.4 60 0 0 60 58.2 50.6 50.6
5537 0.1 50 0 0 5137 0.4 60 0 0 90 58.2 50.9 50.9
5537 0.1 50 0 0 5137 0.4 60 0 0 120 58.0 51.1 51.1
5537 0.1 50 0 0 5137 0.4 60 0 0 150 57.6 50.8 50.8
5537 0.1 50 0 0 5137 0.4 60 0 0 180 57.3 49.9 49.9
5537 0.1 50 0 0 5137 0.5 0 0 0 0 61.1 52.8 52.8
5537 0.1 50 0 0 5137 0.5 0 0 0 30 61.2 52.8 52.8
5537 0.1 50 0 0 5137 0.5 0 0 0 60 61.3 52.9 52.9
5537 0.1 50 0 0 5137 0.5 0 0 0 90 61.4 52.9 52.9
5537 0.1 50 0 0 5137 0.5 0 0 0 120 61.4 52.7 52.7
5537 0.1 50 0 0 5137 0.5 0 0 0 150 61.1 52.1 52.1
5537 0.1 50 0 0 5137 0.5 0 0 0 180 60.5 51.3 51.3
5537 0.1 50 0 0 5137 0.5 10 0 0 0 61.0 52.1 52.1
5537 0.1 50 0 0 5137 0.5 10 0 0 30 61.2 52.1 52.1
5537 0.1 50 0 0 5137 0.5 10 0 0 60 61.2 52.2 52.2
5537 0.1 50 0 0 5137 0.5 10 0 0 90 61.4 52.2 52.2
5537 0.1 50 0 0 5137 0.5 10 0 0 120 61.4 52.0 52.0
5537 0.1 50 0 0 5137 0.5 10 0 0 150 61.1 51.6 51.6
5537 0.1 50 0 0 5137 0.5 10 0 0 180 60.4 50.8 50.8
5537 0.1 50 0 0 5137 0.5 20 0 0 0 60.8 50.4 50.4
5537 0.1 50 0 0 5137 0.5 20 0 0 30 61.0 50.4 50.4
5537 0.1 50 0 0 5137 0.5 20 0 0 60 61.1 50.4 50.4
5537 0.1 50 0 0 5137 0.5 20 0 0 90 61.2 50.5 50.5
5537 0.1 50 0 0 5137 0.5 20 0 0 120 61.2 50.4 50.4
5537 0.1 50 0 0 5137 0.5 20 0 0 150 60.9 50.1 50.1
5537 0.1 50 0 0 5137 0.5 20 0 0 180 60.2 49.1 49.1
5537 0.1 50 0 0 5137 0.5 30 0 0 0 60.5 49.7 49.7
5537 0.1 50 0 0 5137 0.5 30 0 0 30 60.6 49.6 49.6
5537 0.1 50 0 0 5137 0.5 30 0 0 60 60.7 49.6 49.6
5537 0.1 50 0 0 5137 0.5 30 0 0 90 60.8 49.7 49.7
5537 0.1 50 0 0 5137 0.5 30 0 0 120 60.8 49.6 49.6
5537 0.1 50 0 0 5137 0.5 30 0 0 150 60.5 49.3 49.3
5537 0.1 50 0 0 5137 0.5 30 0 0 180 59.8 48.4 48.4
5537 0.1 50 0 0 5137 0.5 40 0 0 0 60.0 49.7 49.7
5537 0.1 50 0 0 5137 0.5 40 0 0 30 60.1 49.7 49.7
5537 0.1 50 0 0 5137 0.5 40 0 0 60 60.2 49.7 49.7
5537 0.1 50 0 0 5137 0.5 40 0 0 90 60.3 49.8 49.8
5537 0.1 50 0 0 5137 0.5 40 0 0 120 60.3 49.7 49.7
5537 0.1 50 0 0 5137 0.5 40 0 0 150 59.9 49.3 49.3
5537 0.1 50 0 0 5137 0.5 40 0 0 180 59.3 48.4 48.4
5537 0.1 50 0 0 5137 0.5 50 0 0 0 59.3 49.7 49.7
5537 0.1 50 0 0 5137 0.5 50 0 0 30 59.3 49.8 49.8
5537 0.1 50 0 0 5137 0.5 50 0 0 60 59.4 50.0 50.0
5537 0.1 50 0 0 5137 0.5 50 0 0 90 59.4 50.2 50.2
5537 0.1 50 0 0 5137 0.5 50 0 0 120 59.3 50.2 50.2
5537 0.1 50 0 0 5137 0.5 50 0 0 150 58.9 50.0 50.0
5537 0.1 50 0 0 5137 0.5 50 0 0 180 58.4 48.9 48.9
5537 0.1 50 0 0 5137 0.5 60 0 0 0 57.9 50.0 50.0
5537 0.1 50 0 0 5137 0.5 60 0 0 30 57.9 50.1 50.1
5537 0.1 50 0 0 5137 0.5 60 0 0 60 57.8 50.2 50.2
5537 0.1 50 0 0 5137 0.5 60 0 0 90 57.7 50.5 50.5
5537 0.1 50 0 0 5137 0.5 60 0 0 120 57.4 50.8 50.8
5537 0.1 50 0 0 5137 0.5 60 0 0 150 56.9 50.7 50.7
5537 0.1 50 0 0 5137 0.5 60 0 0 180 56.7 49.7 49.7
5537 0.1 50 0 0 5337 0.0 0 0 0 0 62.6 55.5 55.5
5537 0.1 50 0 0 5337 0.0 0 0 0 30 63.3 56.2 56.2
5537 0.1 50 0 0 5337 0.0 0 0 0 60 63.5 56.5 56.5
5537 0.1 50 0 0 5337 0.0 0 0 0 90 63.4 56.4 56.4
5537 0.1 50 0 0 5337 0.0 0 0 0 120 63.0 56.0 56.0
5537 0.1 50 0 0 5337 0.0 0 0 0 150 62.1 55.2 55.2
5537 0.1 50 0 0 5337 0.0 0 0 0 180 61.5 54.6 54.6
5537 0.1 50 0 0 5337 0.0 10 0 0 0 62.6 55.0 55.0
5537 0.1 50 0 0 5337 0.0 10 0 0 30 63.3 55.8 55.8
5537 0.1 50 0 0 5337 0.0 10 0 0 60 63.5 56.0 56.0
5537 0.1 50 0 0 5337 0.0 10 0 0 90 63.4 55.8 55.8
5537 0.1 50 0 0 5337 0.0 10 0 0 120 62.9 55.5 55.5
5537 0.1 50 0 0 5337 0.0 10 0 0 150 62.1 54.8 54.8
5537 0.1 50 0 0 5337 0.0 10 0 0 180 61.4 54.3 54.3
5537 0.1 50 0 0 5337 0.0 20 0 0 0 62.5 54.0 54.0
5537 0.1 50 0 0 5337 0.0 20 0 0 30 63.1 54.7 54.7
5537 0.1 50 0 0 5337 0.0 20 0 0 60 63.3 54.8 54.8
5537 0.1 50 0 0 5337 0.0 20 0 0 90 63.2 54.4 54.4
5537 0.1 50 0 0 5337 0.0 20 0 0 120 62.7 54.0 54.0
5537 0.1 50 0 0 5337 0.0 20 0 0 150 61.9 53.6 53.6
5537 0.1 50 0 0 5337 0.0 20 0 0 180 61.3 53.3 53.3
5537 0.1 50 0 0 5337 0.0 30 0 0 0 62.2 51.0 51.0
5537 0.1 50 0 0 5337 0.0 30 0 0 30 62.9 51.6 51.6
5537 0.1 50 0 0 5337 0.0 30 0 0 60 63.1 51.6 51.6
5537 0.1 50 0 0 5337 0.0 30 0 0 90 63.0 51.4 51.4
5537 0.1 50 0 0 5337 0.0 30 0 0 120 62.5 50.9 50.9
5537 0.1 50 0 0 5337 0.0 30 0 0 150 61.5 50.6 50.6
5537 0.1 50 0 0 5337 0.0 30 0 0 180 60.9 50.2 50.2
5537 0.1 50 0 0 5337 0.0 40 0 0 0 61.8 50.7 50.7
5537 0.1 50 0 0 5337 0.0 40 0 0 30 62.5 51.1 51.1
5537 0.1 50 0 0 5337 0.0 40 0 0 60 62.7 51.0 51.0
5537 0.1 50 0 0 5337 0.0 40 0 0 90 62.5 50.7 50.7
5537 0.1 50 0 0 5337 0.0 40 0 0 120 62.0 50.5 50.5
5537 0.1 50 0 0 5337 0.0 40 0 0 150 61.1 50.1 50.1
5537 0.1 50 0 0 5337 0.0 40 0 0 180 60.4 49.7 49.7
5537 0.1 50 0 0 5337 0.0 50 0 0 0 61.1 51.4 51.4
5537 0.1 50 0 0 5337 0.0 50 0 0 30 61.8 51.7 51.7
5537 0.1 50 0 0 5337 0.0 50 0 0 60 62.0 51.5 51.5
5537 0.1 50 0 0 5337 0.0 50 0 0 90 61.9 51.2 51.2
5537 0.1 50 0 0 5337 0.0 50 0 0 120 61.3 50.8 50.8
5537 0.1 50 0 0 5337 0.0 50 0 0 150 60.4 50.3 50.3
5537 0.1 50 0 0 5337 0.0 50 0 0 180 59.7 50.0 50.0
5537 0.1 50 0 0 5337 0.0 60 0 0 0 59.9 53.1 53.1
5537 0.1 50 0 0 5337 0.0 60 0 0 30 60.7 53.3 53.3
5537 0.1 50 0 0 5337 0.0 60 0 0 60 61.0 53.1 53.1
5537 0.1 50 0 0 5337 0.0 60 0 0 90 60.8 52.8 52.8
5537 0.1 50 0 0 5337 0.0 60 0 0 120 60.0 52.3 52.3
5537 0.1 50 0 0 5337 0.0 60 0 0 150 59.1 51.6 51.6
5537 0.1 50 0 0 5337 0.0 60 0 0 180 58.5 51.1 51.1
5537 0.1 50 0 0 5337 0.1 0 0 0 0 62.5 55.0 55.0
5537 0.1 50 0 0 5337 0.1 0 0 0 30 63.1 55.7 55.7
5537 0.1 50 0 0 5337 0.1 0 0 0 60 63.3 56.1 56.1
5537 0.1 50 0 0 5337 0.1 0 0 0 90 63.3 56.2 56.2
5537 0.1 50 0 0 5337 0.1 0 0 0 120 62.9 56.0 56.0
5537 0.1 50 0 0 5337 0.1 0 0 0 150 62.0 55.1 55.1
5537 0.1 50 0 0 5337 0.1 0 0 0 180 61.2 54.2 54.2
5537 0.1 50 0 0 5337 0.1 10 0 0 0 62.5 54.4 54.4
5537 0.1 50 0 0 5337 0.1 10 0 0 30 63.0 55.1 55.1
5537 0.1 50 0 0 5337 0.1 10 0 0 60 63.3 55.5 55.5
5537 0.1 50 0 0 5337 0.1 10 0 0 90 63.3 55.5 55.5
5537 0.1 50 0 0 5337 0.1 10 0 0 120 62.9 55.4 55.4
5537 0.1 50 0 0 5337 0.1 10 0 0 150 61.9 54.7 54.7
5537 0.1 50 0 0 5337 0.1 10 0 0 180 61.2 54.1 54.1
5537 0.1 50 0 0 5337 0.1 20 0 0 0 62.3 53.3 53.3
5537 0.1 50 0 0 5337 0.1 20 0 0 30 62.9 53.9 53.9
5537 0.1 50 0 0 5337 0.1 20 0 0 60 63.1 54.2 54.2
5537 0.1 50 0 0 5337 0.1 20 0 0 90 63.1 54.0 54.0
5537 0.1 50 0 0 5337 0.1 20 0 0 120 62.7 53.8 53.8
5537 0.1 50 0 0 5337 0.1 20 0 0 150 61.7 53.5 53.5
5537 0.1 50 0 0 5337 0.1 20 0 0 180 61.0 53.2 53.2
5537 0.1 50 0 0 5337 0.1 30 0 0 0 62.1 50.2 50.2
5537 0.1 50 0 0 5337 0.1 30 0 0 30 62.6 50.9 50.9
5537 0.1 50 0 0 5337 0.1 30 0 0 60 62.9 51.1 51.1
5537 0.1 50 0 0 5337 0.1 30 0 0 90 62.8 50.9 50.9
5537 0.1 50 0 0 5337 0.1 30 0 0 120 62.4 50.6 50.6
5537 0.1 50 0 0 5337 0.1 30 0 0 150 61.4 50.3 50.3
5537 0.1 50 0 0 5337 0.1 30 0 0 180 60.6 50.1 50.1
5537 0.1 50 0 0 5337 0.1 40 0 0 0 61.7 50.1 50.1
5537 0.1 50 0 0 5337 0.1 40 0 0 30 62.2 50.7 50.7
5537 0.1 50 0 0 5337 0.1 40 0 0 60 62.4 50.7 50.7
5537 0.1 50 0 0 5337 0.1 40 0 0 90 62.4 50.4 50.4
5537 0.1 50 0 0 5337 0.1 40 0 0 120 61.9 50.0 50.0
5537 0.1 50 0 0 5337 0.1 40 0 0 150 60.9 49.7 49.7
5537 0.1 50 0 0 5337 0.1 40 0 0 180 60.1 49.3 49.3
5537 0.1 50 0 0 5337 0.1 50 0 0 0 61.0 51.1 51.1
5537 0.1 50 0 0 5337 0.1 50 0 0 30 61.5 51.3 51.3
5537 0.1 50 0 0 5337 0.1 50 0 0 60 61.8 51.2 51.2
5537 0.1 50 0 0 5337 0.1 50 0 0 90 61.7 50.9 50.9
5537 0.1 50 0 0 5337 0.1 50 0 0 120 61.1 50.5 50.5
5537 0.1 50 0 0 5337 0.1 50 0 0 150 60.1 50.0 50.0
5537 0.1 50 0 0 5337 0.1 50 0 0 180 59.4 49.6 49.6
5537 0.1 50 0 0 5337 0.1 60 0 0 0 59.9 52.8 52.8
5537 0.1 50 0 0 5337 0.1 60 0 0 30 60.4 52.9 52.9
5537 0.1 50 0 0 5337 0.1 60 0 0 60 60.6 52.8 52.8
5537 0.1 50 0 0 5337 0.1 60 0 0 90 60.5 52.5 52.5
5537 0.1 50 0 0 5337 0.1 60 0 0 120 59.8 52.0 52.0
5537 0.1 50 0 0 5337 0.1 60 0 0 150 58.8 51.4 51.4
5537 0.1 50 0 0 5337 0.1 60 0 0 180 58.1 50.7 50.7
5537 0.1 50 0 0 5337 0.2 0 0 0 0 62.4 54.6 54.6
5537 0.1 50 0 0 5337 0.2 0 0 0 30 62.9 55.1 55.1
5537 0.1 50 0 0 5337 0.2 0 0 0 60 63.2 55.6 55.6
5537 0.1 50 0 0 5337 0.2 0 0 0 90 63.2 55.8 55.8
5537 0.1 50 0 0 5337 0.2 0 0 0 120 62.9 55.8 55.8
5537 0.1 50 0 0 5337 0.2 0 0 0 150 61.9 54.9 54.9
5537 0.1 50 0 0 5337 0.2 0 0 0 180 60.9 53.9 53.9
5537 0.1 50 0 0 5337 0.2 10 0 0 0 62.4 53.9 53.9
5537 0.1 50 0 0 5337 0.2 10 0 0 30 62.8 54.4 54.4
5537 0.1 50 0 0 5337 0.2 10 0 0 60 63.1 54.8 54.8
5537 0.1 50 0 0 5337 0.2 10 0 0 90 63.2 55.0 55.0
5537 0.1 50 0 0 5337 0.2 10 0 0 120 62.8 55.1 55.1
5537 0.1 50 0 0 5337 0.2 10 0 0 150 61.8 54.5 54.5
5537 0.1 50 0 0 5337 0.2 10 0 0 180 60.9 53.9 53.9
5537 0.1 50 0 0 5337 0.2 20 0 0 0 62.2 52.6 52.6
5537 0.1 50 0 0 5337 0.2 20 0 0 30 62.7 53.1 53.1
5537 0.1 50 0 0 5337 0.2 20 0 0 60 63.0 53.4 53.4
5537 0.1 50 0 0 5337 0.2 20 0 0 90 63.0 53.5 53.5
5537 0.1 50 0 0 5337 0.2 20 0 0 120 62.7 53.4 53.4
5537 0.1 50 0 0 5337 0.2 20 0 0 150 61.6 53.3 53.3
5537 0.1 50 0 0 5337 0.2 20 0 0 180 60.7 52.9 52.9
5537 0.1 50 0 0 5337 0.2 30 0 0 0 62.0 49.8 49.8
5537 0.1 50 0 0 5337 0.2 30 0 0 30 62.4 50.2 50.2
5537 0.1 50 0 0 5337 0.2 30 0 0 60 62.7 50.6 50.6
5537 0.1 50 0 0 5337 0.2 30 0 0 90 62.7 50.5 50.5
5537 0.1 50 0 0 5337 0.2 30 0 0 120 62.3 50.1 50.1
5537 0.1 50 0 0 5337 0.2 30 0 0 150 61.3 50.1 50.1
5537 0.1 50 0 0 5337 0.2 30 0 0 180 60.3 49.8 49.8
5537 0.1 50 0 0 5337 0.2 40 0 0 0 61.5 49.7 49.7
5537 0.1 50 0 0 5337 0.2 40 0 0 30 62.0 50.1 50.1
5537 0.1 50 0 0 5337 0.2 40 0 0 60 62.2 50.3 50.3
5537 0.1 50 0 0 5337 0.2 40 0 0 90 62.2 50.1 50.1
5537 0.1 50 0 0 5337 0.2 40 0 0 120 61.8 49.8 49.8
5537 0.1 50 0 0 5337 0.2 40 0 0 150 60.7 49.5 49.5
5537 0.1 50 0 0 5337 0.2 40 0 0 180 59.8 49.1 49.1
5537 0.1 50 0 0 5337 0.2 50 0 0 0 60.9 50.7 50.7
5537 0.1 50 0 0 5337 0.2 50 0 0 30 61.3 51.1 51.1
5537 0.1 50 0 0 5337 0.2 50 0 0 60 61.5 51.1 51.1
5537 0.1 50 0 0 5337 0.2 50 0 0 90 61.4 50.9 50.9
5537 0.1 50 0 0 5337 0.2 50 0 0 120 61.0 50.6 50.6
5537 0.1 50 0 0 5337 0.2 50 0 0 150 59.9 49.9 49.9
5537 0.1 50 0 0 5337 0.2 50 0 0 180 59.0 49.2 49.2
5537 0.1 50 0 0 5337 0.2 60 0 0 0 59.8 52.4 52.4
5537 0.1 50 0 0 5337 0.2 60 0 0 30 60.2 52.6 52.6
5537 0.1 50 0 0 5337 0.2 60 0 0 60 60.3 52.6 52.6
5537 0.1 50 0 0 5337 0.2 60 0 0 90 60.2 52.4 52.4
5537 0.1 50 0 0 5337 0.2 60 0 0 120 59.6 52.0 52.0
5537 0.1 50 0 0 5337 0.2 60 0 0 150 58.5 51.2 51.2
5537 0.1 50 0 0 5337 0.2 60 0 0 180 57.8 50.2 50.2
5537 0.1 50 0 0 5337 0.3 0 0 0 0 62.4 54.1 54.1
5537 0.1 50 0 0 5337 0.3 0 0 0 30 62.8 54.5 54.5
5537 0.1 50 0 0 5337 0.3 0 0 0 60 63.0 54.9 54.9
5537 0.1 50 0 0 5337 0.3 0 0 0 90 63.1 55.2 55.2
5537 0.1 50 0 0 5337 0.3 0 0 0 120 62.9 55.3 55.3
5537 0.1 50 0 0 5337 0.3 0 0 0 150 61.8 54.6 54.6
5537 0.1 50 0 0 5337 0.3 0 0 0 180 60.6 53.6 53.6
5537 0.1 50 0 0 5337 0.3 10 0 0 0 62.3 53.3 53.3
5537 0.1 50 0 0 5337 0.3 10 0 0 30 62.7 53.7 53.7
5537 0.1 50 0 0 5337 0.3 10 0 0 60 62.9 54.0 54.0
5537 0.1 50 0 0 5337 0.3 10 0 0 90 63.0 54.4 54.4
5537 0.1 50 0 0 5337 0.3 10 0 0 120 62.8 54.5 54.5
5537 0.1 50 0 0 5337 0.3 10 0 0 150 61.7 54.2 54.2
5537 0.1 50 0 0 5337 0.3 10 0 0 180 60.5 53.6 53.6
5537 0.1 50 0 0 5337 0.3 20 0 0 0 62.2 52.0 52.0
5537 0.1 50 0 0 5337 0.3 20 0 0 30 62.5 52.3 52.3
5537 0.1 50 0 0 5337 0.3 20 0 0 60 62.7 52.6 52.6
5537 0.1 50 0 0 5337 0.3 20 0 0 90 62.8 52.8 52.8
5537 0.1 50 0 0 5337 0.3 20 0 0 120 62.6 52.7 52.7
5537 0.1 50 0 0 5337 0.3 20 0 0 150 61.5 52.8 52.8
5537 0.1 50 0 0 5337 0.3 20 0 0 180 60.4 52.5 52.5
5537 0.1 50 0 0 5337 0.3 30 0 0 0 61.9 49.5 49.5
5537 0.1 50 0 0 5337 0.3 30 0 0 30 62.2 49.8 49.8
5537 0.1 50 0 0 5337 0.3 30 0 0 60 62.4 50.1 50.1
5537 0.1 50 0 0 5337 0.3 30 0 0 90 62.5 50.3 50.3
5537 0.1 50 0 0 5337 0.3 30 0 0 120 62.2 50.0 50.0
5537 0.1 50 0 0 5337 0.3 30 0 0 150 61.1 49.8 49.8
5537 0.1 50 0 0 5337 0.3 30 0 0 180 60.0 49.6 49.6
5537 0.1 50 0 0 5337 0.3 40 0 0 0 61.4 49.6 49.6
5537 0.1 50 0 0 5337 0.3 40 0 0 30 61.8 49.9 49.9
5537 0.1 50 0 0 5337 0.3 40 0 0 60 61.9 50.2 50.2
5537 0.1 50 0 0 5337 0.3 40 0 0 90 62.0 50.3 50.3
5537 0.1 50 0 0 5337 0.3 40 0 0 120 61.7 50.0 50.0
5537 0.1 50 0 0 5337 0.3 40 0 0 150 60.5 49.3 49.3
5537 0.1 50 0 0 5337 0.3 40 0 0 180 59.5 48.9 48.9
5537 0.1 50 0 0 5337 0.3 50 0 0 0 60.7 50.4 50.4
5537 0.1 50 0 0 5337 0.3 50 0 0 30 61.0 50.7 50.7
5537 0.1 50 0 0 5337 0.3 50 0 0 60 61.2 50.9 50.9
5537 0.1 50 0 0 5337 0.3 50 0 0 90 61.2 50.9 50.9
5537 0.1 50 0 0 5337 0.3 50 0 0 120 60.8 50.6 50.6
5537 0.1 50 0 0 5337 0.3 50 0 0 150 59.6 49.8 49.8
5537 0.1 50 0 0 5337 0.3 50 0 0 180 58.7 48.8 48.8
5537 0.1 50 0 0 5337 0.3 60 0 0 0 59.7 52.0 52.0
5537 0.1 50 0 0 5337 0.3 60 0 0 30 59.9 52.3 52.3
5537 0.1 50 0 0 5337 0.3 60 0 0 60 60.0 52.3 52.3
5537 0.1 50 0 0 5337 0.3 60 0 0 90 59.8 52.2 52.2
5537 0.1 50 0 0 5337 0.3 60 0 0 120 59.3 51.9 51.9
5537 0.1 50 0 0 5337 0.3 60 0 0 150 58.2 51.1 51.1
5537 0.1 50 0 0 5337 0.3 60 0 0 180 57.4 49.8 49.8
5537 0.1 50 0 0 5337 0.4 0 0 0 0 62.3 53.6 53.6
5537 0.1 50 0 0 5337 0.4 0 0 0 30 62.6 53.8 53.8
5537 0.1 50 0 0 5337 0.4 0 0 0 60 62.8 54.1 54.1
5537 0.1 50 0 0 5337 0.4 0 0 0 90 62.9 54.4 54.4
5537 0.1 50 0 0 5337 0.4 0 0 0 120 62.8 54.7 54.7
5537 0.1 50 0 0 5337 0.4 0 0 0 150 61.7 54.2 54.2
5537 0.1 50 0 0 5337 0.4 0 0 0 180 60.2 53.2 53.2
5537 0.1 50 0 0 5337 0.4 10 0 0 0 62.3 52.8 52.8
5537 0.1 50 0 0 5337 0.4 10 0 0 30 62.5 53.1 53.1
5537 0.1 50 0 0 5337 0.4 10 0 0 60 62.7 53.3 53.3
5537 0.1 50 0 0 5337 0.4 10 0 0 90 62.9 53.6 53.6
5537 0.1 50 0 0 5337 0.4 10 0 0 120 62.7 53.8 53.8
5537 0.1 50 0 0 5337 0.4 10 0 0 150 61.6 53.7 53.7
5537 0.1 50 0 0 5337 0.4 10 0 0 180 60.2 53.0 53.0
5537 0.1 50 0 0 5337 0.4 20 0 0 0 62.1 51.2 51.2
5537 0.1 50 0 0 5337 0.4 20 0 0 30 62.3 51.5 51.5
5537 0.1 50 0 0 5337 0.4 20 0 0 60 62.5 51.7 51.7
5537 0.1 50 0 0 5337 0.4 20 0 0 90 62.7 51.8 51.8
5537 0.1 50 0 0 5337 0.4 20 0 0 120 62.5 51.9 51.9
5537 0.1 50 0 0 5337 0.4 20 0 0 150 61.4 52.0 52.0
5537 0.1 50 0 0 5337 0.4 20 0 0 180 60.0 51.7 51.7
5537 0.1 50 0 0 5337 0.4 30 0 0 0 61.7 49.4 49.4
5537 0.1 50 0 0 5337 0.4 30 0 0 30 62.0 49.6 49.6
5537 0.1 50 0 0 5337 0.4 30 0 0 60 62.2 49.8 49.8
5537 0.1 50 0 0 5337 0.4 30 0 0 90 62.3 50.0 50.0
5537 0.1 50 0 0 5337 0.4 30 0 0 120 62.1 50.1 50.1
5537 0.1 50 0 0 5337 0.4 30 0 0 150 61.0 49.7 49.7
5537 0.1 50 0 0 5337 0.4 30 0 0 180 59.7 49.5 49.5
5537 0.1 50 0 0 5337 0.4 40 0 0 0 61.2 49.5 49.5
5537 0.1 50 0 0 5337 0.4 40 0 0 30 61.5 49.7 49.7
5537 0.1 50 0 0 5337 0.4 40 0 0 60 61.6 50.0 50.0
5537 0.1 50 0 0 5337 0.4 40 0 0 90 61.7 50.2 50.2
5537 0.1 50 0 0 5337 0.4 40 0 0 120 61.5 50.2 50.2
5537 0.1 50 0 0 5337 0.4 40 0 0 150 60.3 49.6 49.6
5537 0.1 50 0 0 5337 0.4 40 0 0 180 59.2 48.7 48.7
5537 0.1 50 0 0 5337 0.4 50 0 0 0 60.5 50.4 50.4
5537 0.1 50 0 0 5337 0.4 50 0 0 30 60.7 50.6 50.6
5537 0.1 50 0 0 5337 0.4 50 0 0 60 60.8 50.8 50.8
5537 0.1 50 0 0 5337 0.4 50 0 0 90 60.8 51.0 51.0
5537 0.1 50 0 0 5337 0.4 50 0 0 120 60.6 50.7 50.7
5537 0.1 50 0 0 5337 0.4 50 0 0 150 59.4 50.0 50.0
5537 0.1 50 0 0 5337 0.4 50 0 0 180 58.4 48.6 48.6
5537 0.1 50 0 0 5337 0.4 60 0 0 0 59.6 51.7 51.7
5537 0.1 50 0 0 5337 0.4 60 0 0 30 59.7 51.9 51.9
5537 0.1 50 0 0 5337 0.4 60 0 0 60 59.7 52.1 52.1
5537 0.1 50 0 0 5337 0.4 60 0 0 90 59.6 52.1 52.1
5537 0.1 50 0 0 5337 0.4 60 0 0 120 59.0 51.8 51.8
5537 0.1 50 0 0 5337 0.4 60 0 0 150 57.9 51.0 51.0
5537 0.1 50 0 0 5337 0.4 60 0 0 180 57.0 49.4 49.4
5537 0.1 50 0 0 5337 0.5 0 0 0 0 62.1 52.8 52.8
5537 0.1 50 0 0 5337 0.5 0 0 0 30 62.4 53.0 53.0
5537 0.1 50 0 0 5337 0.5 0 0 0 60 62.5 53.2 53.2
5537 0.1 50 0 0 5337 0.5 0 0 0 90 62.7 53.4 53.4
5537 0.1 50 0 0 5337 0.5 0 0 0 120 62.6 53.8 53.8
5537 0.1 50 0 0 5337 0.5 0 0 0 150 61.6 53.7 53.7
5537 0.1 50 0 0 5337 0.5 0 0 0 180 59.9 52.6 52.6
5537 0.1 50 0 0 5337 0.5 10 0 0 0 62.1 52.1 52.1
5537 0.1 50 0 0 5337 0.5 10 0 0 30 62.3 52.3 52.3
5537 0.1 50 0 0 5337 0.5 10 0 0 60 62.5 52.4 52.4
5537 0.1 50 0 0 5337 0.5 10 0 0 90 62.6 52.6 52.6
5537 0.1 50 0 0 5337 0.5 10 0 0 120 62.5 52.9 52.9
5537 0.1 50 0 0 5337 0.5 10 0 0 150 61.5 52.9 52.9
5537 0.1 50 0 0 5337 0.5 10 0 0 180 59.9 52.3 52.3
5537 0.1 50 0 0 5337 0.5 20 0 0 0 61.9 50.3 50.3
5537 0.1 50 0 0 5337 0.5 20 0 0 30 62.1 50.5 50.5
5537 0.1 50 0 0 5337 0.5 20 0 0 60 62.2 50.6 50.6
5537 0.1 50 0 0 5337 0.5 20 0 0 90 62.4 50.8 50.8
5537 0.1 50 0 0 5337 0.5 20 0 0 120 62.3 50.9 50.9
5537 0.1 50 0 0 5337 0.5 20 0 0 150 61.2 51.1 51.1
5537 0.1 50 0 0 5337 0.5 20 0 0 180 59.7 50.6 50.6
5537 0.1 50 0 0 5337 0.5 30 0 0 0 61.5 49.6 49.6
5537 0.1 50 0 0 5337 0.5 30 0 0 30 61.7 49.7 49.7
5537 0.1 50 0 0 5337 0.5 30 0 0 60 61.8 49.8 49.8
5537 0.1 50 0 0 5337 0.5 30 0 0 90 62.0 50.0 50.0
5537 0.1 50 0 0 5337 0.5 30 0 0 120 61.9 50.1 50.1
5537 0.1 50 0 0 5337 0.5 30 0 0 150 60.8 49.9 49.9
5537 0.1 50 0 0 5337 0.5 30 0 0 180 59.4 49.5 49.5
5537 0.1 50 0 0 5337 0.5 40 0 0 0 61.0 49.7 49.7
5537 0.1 50 0 0 5337 0.5 40 0 0 30 61.2 49.8 49.8
5537 0.1 50 0 0 5337 0.5 40 0 0 60 61.3 49.9 49.9
5537 0.1 50 0 0 5337 0.5 40 0 0 90 61.4 50.1 50.1
5537 0.1 50 0 0 5337 0.5 40 0 0 120 61.3 50.2 50.2
5537 0.1 50 0 0 5337 0.5 40 0 0 150 60.1 49.9 49.9
5537 0.1 50 0 0 5337 0.5 40 0 0 180 58.9 48.7 48.7
5537 0.1 50 0 0 5337 0.5 50 0 0 0 60.3 50.4 50.4
5537 0.1 50 0 0 5337 0.5 50 0 0 30 60.4 50.6 50.6
5537 0.1 50 0 0 5337 0.5 50 0 0 60 60.5 50.8 50.8
5537 0.1 50 0 0 5337 0.5 50 0 0 90 60.4 51.0 51.0
5537 0.1 50 0 0 5337 0.5 50 0 0 120 60.3 51.1 51.1
5537 0.1 50 0 0 5337 0.5 50 0 0 150 59.1 50.5 50.5
5537 0.1 50 0 0 5337 0.5 50 0 0 180 58.1 48.4 48.4
5537 0.1 50 0 0 5337 0.5 60 0 0 0 59.3 51.4 51.4
5537 0.1 50 0 0 5337 0.5 60 0 0 30 59.4 51.6 51.6
5537 0.1 50 0 0 5337 0.5 60 0 0 60 59.4 51.8 51.8
5537 0.1 50 0 0 5337 0.5 60 0 0 90 59.2 52.0 52.0
5537 0.1 50 0 0 5337 0.5 60 0 0 120 58.6 52.0 52.0
5537 0.1 50 0 0 5337 0.5 60 0 0 150 57.3 51.2 51.2
5537 0.1 50 0 0 5337 0.5 60 0 0 180 56.5 49.1 49.1
5537 0.1 50 0 0 5537 0.0 0 0 0 0 42.5 44.2 44.2
5537 0.1 50 0 0 5537 0.0 0 0 0 30 49.1 46.8 46.8
5537 0.1 50 0 0 5537 0.0 0 0 0 60 57.4 52.1 52.1
5537 0.1 50 0 0 5537 0.0 0 0 0 90 65.6 57.8 57.8
5537 0.1 50 0 0 5537 0.0 0 0 0 120 73.1 62.9 62.9
5537 0.1 50 0 0 5537 0.0 0 0 0 150 76.7 65.9 65.9
5537 0.1 50 0 0 5537 0.0 0 0 0 180 77.0 65.3 65.3
5537 0.1 50 0 0 5537 0.0 10 0 0 0 42.4 42.1 42.1
5537 0.1 50 0 0 5537 0.0 10 0 0 30 49.0 45.6 45.6
5537 0.1 50 0 0 5537 0.0 10 0 0 60 57.2 51.4 51.4
5537 0.1 50 0 0 5537 0.0 10 0 0 90 65.5 57.4 57.4
5537 0.1 50 0 0 5537 0.0 10 0 0 120 73.0 62.9 62.9
5537 0.1 50 0 0 5537 0.0 10 0 0 150 76.7 66.1 66.1
5537 0.1 50 0 0 5537 0.0 10 0 0 180 76.9 65.8 65.8
5537 0.1 50 0 0 5537 0.0 20 0 0 0 42.0 39.5 39.5
5537 0.1 50 0 0 5537 0.0 20 0 0 30 48.7 43.8 43.8
5537 0.1 50 0 0 5537 0.0 20 0 0 60 57.0 49.9 49.9
5537 0.1 50 0 0 5537 0.0 20 0 0 90 65.3 56.2 56.2
5537 0.1 50 0 0 5537 0.0 20 0 0 120 72.8 62.2 62.2
5537 0.1 50 0 0 5537 0.0 20 0 0 150 76.5 65.3 65.3
5537 0.1 50 0 0 5537 0.0 20 0 0 180 76.7 65.3 65.3
5537 0.1 50 0 0 5537 0.0 30 0 0 0 41.5 34.9 34.9
5537 0.1 50 0 0 5537 0.0 30 0 0 30 48.4 39.9 39.9
5537 0.1 50 0 0 5537 0.0 30 0 0 60 56.7 46.4 46.4
5537 0.1 50 0 0 5537 0.0 30 0 0 90 65.0 53.1 53.1
5537 0.1 50 0 0 5537 0.0 30 0 0 120 72.5 59.3 59.3
5537 0.1 50 0 0 5537 0.0 30 0 0 150 76.1 62.2 62.2
5537 0.1 50 0 0 5537 0.0 30 0 0 180 76.3 62.2 62.2
5537 0.1 50 0 0 5537 0.0 40 0 0 0 41.0 33.6 33.6
5537 0.1 50 0 0 5537 0.0 40 0 0 30 47.9 38.9 38.9
5537 0.1 50 0 0 5537 0.0 40 0 0 60 56.2 45.7 45.7
5537 0.1 50 0 0 5537 0.0 40 0 0 90 64.5 52.5 52.5
5537 0.1 50 0 0 5537 0.0 40 0 0 120 72.1 58.7 58.7
5537 0.1 50 0 0 5537 0.0 40 0 0 150 75.5 61.8 61.8
5537 0.1 50 0 0 5537 0.0 40 0 0 180 75.6 61.7 61.7
5537 0.1 50 0 0 5537 0.0 50 0 0 0 40.3 33.9 33.9
5537 0.1 50 0 0 5537 0.0 50 0 0 30 47.3 39.0 39.0
5537 0.1 50 0 0 5537 0.0 50 0 0 60 55.6 46.0 46.0
5537 0.1 50 0 0 5537 0.0 50 0 0 90 63.8 52.9 52.9
5537 0.1 50 0 0 5537 0.0 50 0 0 120 71.3 59.2 59.2
5537 0.1 50 0 0 5537 0.0 50 0 0 150 74.5 62.6 62.6
5537 0.1 50 0 0 5537 0.0 50 0 0 180 74.6 62.5 62.5
5537 0.1 50 0 0 5537 0.0 60 0 0 0 39.7 35.1 35.1
5537 0.1 50 0 0 5537 0.0 60 0 0 30 46.3 39.9 39.9
5537 0.1 50 0 0 5537 0.0 60 0 0 60 54.6 47.1 47.1
5537 0.1 50 0 0 5537 0.0 60 0 0 90 62.8 54.2 54.2
5537 0.1 50 0 0 5537 0.0 60 0 0 120 69.8 60.7 60.7
5537 0.1 50 0 0 5537 0.0 60 0 0 150 72.8 64.5 64.5
5537 0.1 50 0 0 5537 0.0 60 0 0 180 72.9 64.5 64.5
5537 0.1 50 0 0 5537 0.1 0 0 0 0 41.9 44.1 44.1
5537 0.1 50 0 0 5537 0.1 0 0 0 30 47.6 45.8 45.8
5537 0.1 50 0 0 5537 0.1 0 0 0 60 54.7 49.8 49.8
5537 0.1 50 0 0 5537 0.1 0 0 0 90 62.5 55.5 55.5
5537 0.1 50 0 0 5537 0.1 0 0 0 120 70.6 61.5 61.5
5537 0.1 50 0 0 5537 0.1 0 0 0 150 75.6 66.0 66.0
5537 0.1 50 0 0 5537 0.1 0 0 0 180 77.0 64.5 64.5
5537 0.1 50 0 0 5537 0.1 10 0 0 0 41.7 42.0 42.0
5537 0.1 50 0 0 5537 0.1 10 0 0 30 47.5 44.3 44.3
5537 0.1 50 0 0 5537 0.1 10 0 0 60 54.6 49.0 49.0
5537 0.1 50 0 0 5537 0.1 10 0 0 90 62.4 54.9 54.9
5537 0.1 50 0 0 5537 0.1 10 0 0 120 70.5 61.2 61.2
5537 0.1 50 0 0 5537 0.1 10 0 0 150 75.6 66.1 66.1
5537 0.1 50 0 0 5537 0.1 10 0 0 180 77.0 65.0 65.0
5537 0.1 50 0 0 5537 0.1 20 0 0 0 41.3 39.2 39.2
5537 0.1 50 0 0 5537 0.1 20 0 0 30 47.3 42.2 42.2
5537 0.1 50 0 0 5537 0.1 20 0 0 60 54.4 47.5 47.5
5537 0.1 50 0 0 5537 0.1 20 0 0 90 62.1 53.6 53.6
5537 0.1 50 0 0 5537 0.1 20 0 0 120 70.3 60.2 60.2
5537 0.1 50 0 0 5537 0.1 20 0 0 150 75.4 65.1 65.1
5537 0.1 50 0 0 5537 0.1 20 0 0 180 76.7 64.9 64.9
5537 0.1 50 0 0 5537 0.1 30 0 0 0 40.7 34.5 34.5
5537 0.1 50 0 0 5537 0.1 30 0 0 30 46.9 38.2 38.2
5537 0.1 50 0 0 5537 0.1 30 0 0 60 54.1 43.9 43.9
5537 0.1 50 0 0 5537 0.1 30 0 0 90 61.8 50.3 50.3
5537 0.1 50 0 0 5537 0.1 30 0 0 120 70.1 57.0 57.0
5537 0.1 50 0 0 5537 0.1 30 0 0 150 75.0 61.9 61.9
5537 0.1 50 0 0 5537 0.1 30 0 0 180 76.3 62.0 62.0
5537 0.1 50 0 0 5537 0.1 40 0 0 0 39.8 32.4 32.4
5537 0.1 50 0 0 5537 0.1 40 0 0 30 46.5 37.0 37.0
5537 0.1 50 0 0 5537 0.1 40 0 0 60 53.6 43.0 43.0
5537 0.1 50 0 0 5537 0.1 40 0 0 90 61.3 49.5 49.5
5537 0.1 50 0 0 5537 0.1 40 0 0 120 69.6 56.1 56.1
5537 0.1 50 0 0 5537 0.1 40 0 0 150 74.4 61.1 61.1
5537 0.1 50 0 0 5537 0.1 40 0 0 180 75.6 61.5 61.5
5537 0.1 50 0 0 5537 0.1 50 0 0 0 39.0 32.0 32.0
5537 0.1 50 0 0 5537 0.1 50 0 0 30 45.8 37.2 37.2
5537 0.1 50 0 0 5537 0.1 50 0 0 60 52.9 43.2 43.2
5537 0.1 50 0 0 5537 0.1 50 0 0 90 60.7 49.7 49.7
5537 0.1 50 0 0 5537 0.1 50 0 0 120 69.0 56.6 56.6
5537 0.1 50 0 0 5537 0.1 50 0 0 150 73.4 61.7 61.7
5537 0.1 50 0 0 5537 0.1 50 0 0 180 74.6 62.4 62.4
5537 0.1 50 0 0 5537 0.1 60 0 0 0 38.6 33.7 33.7
5537 0.1 50 0 0 5537 0.1 60 0 0 30 44.9 37.9 37.9
5537 0.1 50 0 0 5537 0.1 60 0 0 60 52.0 44.0 44.0
5537 0.1 50 0 0 5537 0.1 60 0 0 90 59.7 50.8 50.8
5537 0.1 50 0 0 5537 0.1 60 0 0 120 67.7 57.7 57.7
5537 0.1 50 0 0 5537 0.1 60 0 0 150 71.7 63.2 63.2
5537 0.1 50 0 0 5537 0.1 60 0 0 180 73.0 64.3 64.3
5537 0.1 50 0 0 5537 0.2 0 0 0 0 42.4 44.1 44.1
5537 0.1 50 0 0 5537 0.2 0 0 0 30 46.4 45.4 45.4
5537 0.1 50 0 0 5537 0.2 0 0 0 60 52.3 48.0 48.0
5537 0.1 50 0 0 5537 0.2 0 0 0 90 59.4 52.8 52.8
5537 0.1 50 0 0 5537 0.2 0 0 0 120 67.9 59.3 59.3
5537 0.1 50 0 0 5537 0.2 0 0 0 150 74.0 65.9 65.9
5537 0.1 50 0 0 5537 0.2 0 0 0 180 77.0 63.5 63.5
5537 0.1 50 0 0 5537 0.2 10 0 0 0 42.3 42.0 42.0
5537 0.1 50 0 0 5537 0.2 10 0 0 30 46.2 43.7 43.7
5537 0.1 50 0 0 5537 0.2 10 0 0 60 52.2 46.8 46.8
5537 0.1 50 0 0 5537 0.2 10 0 0 90 59.3 52.1 52.1
5537 0.1 50 0 0 5537 0.2 10 0 0 120 67.8 58.9 58.9
5537 0.1 50 0 0 5537 0.2 10 0 0 150 73.9 65.6 65.6
5537 0.1 50 0 0 5537 0.2 10 0 0 180 76.9 64.1 64.1
5537 0.1 50 0 0 5537 0.2 20 0 0 0 42.0 39.2 39.2
5537 0.1 50 0 0 5537 0.2 20 0 0 30 46.0 41.4 41.4
5537 0.1 50 0 0 5537 0.2 20 0 0 60 52.0 45.1 45.1
5537 0.1 50 0 0 5537 0.2 20 0 0 90 59.0 50.8 50.8
5537 0.1 50 0 0 5537 0.2 20 0 0 120 67.6 57.7 57.7
5537 0.1 50 0 0 5537 0.2 20 0 0 150 73.7 64.1 64.1
5537 0.1 50 0 0 5537 0.2 20 0 0 180 76.7 64.1 64.1
5537 0.1 50 0 0 5537 0.2 30 0 0 0 41.6 34.6 34.6
5537 0.1 50 0 0 5537 0.2 30 0 0 30 45.7 37.1 37.1
5537 0.1 50 0 0 5537 0.2 30 0 0 60 51.6 41.5 41.5
5537 0.1 50 0 0 5537 0.2 30 0 0 90 58.7 47.4 47.4
5537 0.1 50 0 0 5537 0.2 30 0 0 120 67.3 54.4 54.4
5537 0.1 50 0 0 5537 0.2 30 0 0 150 73.4 60.7 60.7
5537 0.1 50 0 0 5537 0.2 30 0 0 180 76.3 61.9 61.9
5537 0.1 50 0 0 5537 0.2 40 0 0 0 41.0 32.8 32.8
5537 0.1 50 0 0 5537 0.2 40 0 0 30 45.2 35.6 35.6
5537 0.1 50 0 0 5537 0.2 40 0 0 60 51.2 40.6 40.6
5537 0.1 50 0 0 5537 0.2 40 0 0 90 58.2 46.6 46.6
5537 0.1 50 0 0 5537 0.2 40 0 0 120 66.9 53.6 53.6
5537 0.1 50 0 0 5537 0.2 40 0 0 150 72.7 59.9 59.9
5537 0.1 50 0 0 5537 0.2 40 0 0 180 75.6 61.5 61.5
5537 0.1 50 0 0 5537 0.2 50 0 0 0 40.4 32.5 32.5
5537 0.1 50 0 0 5537 0.2 50 0 0 30 44.5 35.5 35.5
5537 0.1 50 0 0 5537 0.2 50 0 0 60 50.5 40.6 40.6
5537 0.1 50 0 0 5537 0.2 50 0 0 90 57.6 46.6 46.6
5537 0.1 50 0 0 5537 0.2 50 0 0 120 66.2 53.5 53.5
5537 0.1 50 0 0 5537 0.2 50 0 0 150 71.8 60.1 60.1
5537 0.1 50 0 0 5537 0.2 50 0 0 180 74.6 62.2 62.2
5537 0.1 50 0 0 5537 0.2 60 0 0 0 40.1 33.9 33.9
5537 0.1 50 0 0 5537 0.2 60 0 0 30 43.6 36.4 36.4
5537 0.1 50 0 0 5537 0.2 60 0 0 60 49.6 41.2 41.2
5537 0.1 50 0 0 5537 0.2 60 0 0 90 56.6 47.4 47.4
5537 0.1 50 0 0 5537 0.2 60 0 0 120 65.1 54.5 54.5
5537 0.1 50 0 0 5537 0.2 60 0 0 150 70.2 61.3 61.3
5537 0.1 50 0 0 5537 0.2 60 0 0 180 73.0 64.0 64.0
5537 0.1 50 0 0 5537 0.3 0 0 0 0 43.8 44.1 44.1
5537 0.1 50 0 0 5537 0.3 0 0 0 30 45.9 45.3 45.3
5537 0.1 50 0 0 5537 0.3 0 0 0 60 50.1 47.1 47.1
5537 0.1 50 0 0 5537 0.3 0 0 0 90 56.3 50.3 50.3
5537 0.1 50 0 0 5537 0.3 0 0 0 120 64.8 56.7 56.7
5537 0.1 50 0 0 5537 0.3 0 0 0 150 72.0 64.9 64.9
5537 0.1 50 0 0 5537 0.3 0 0 0 180 76.1 62.3 62.3
5537 0.1 50 0 0 5537 0.3 10 0 0 0 43.7 42.1 42.1
5537 0.1 50 0 0 5537 0.3 10 0 0 30 45.8 43.5 43.5
5537 0.1 50 0 0 5537 0.3 10 0 0 60 50.0 45.7 45.7
5537 0.1 50 0 0 5537 0.3 10 0 0 90 56.2 49.3 49.3
5537 0.1 50 0 0 5537 0.3 10 0 0 120 64.7 56.1 56.1
5537 0.1 50 0 0 5537 0.3 10 0 0 150 72.0 64.1 64.1
5537 0.1 50 0 0 5537 0.3 10 0 0 180 76.1 63.0 63.0
5537 0.1 50 0 0 5537 0.3 20 0 0 0 43.5 39.5 39.5
5537 0.1 50 0 0 5537 0.3 20 0 0 30 45.5 41.0 41.0
5537 0.1 50 0 0 5537 0.3 20 0 0 60 49.8 43.5 43.5
5537 0.1 50 0 0 5537 0.3 20 0 0 90 56.0 47.8 47.8
5537 0.1 50 0 0 5537 0.3 20 0 0 120 64.5 54.8 54.8
5537 0.1 50 0 0 5537 0.3 20 0 0 150 71.8 62.5 62.5
5537 0.1 50 0 0 5537 0.3 20 0 0 180 75.9 62.9 62.9
5537 0.1 50 0 0 5537 0.3 30 0 0 0 43.3 35.5 35.5
5537 0.1 50 0 0 5537 0.3 30 0 0 30 45.1 37.0 37.0
5537 0.1 50 0 0 5537 0.3 30 0 0 60 49.4 39.9 39.9
5537 0.1 50 0 0 5537 0.3 30 0 0 90 55.7 44.7 44.7
5537 0.1 50 0 0 5537 0.3 30 0 0 120 64.1 51.6 51.6
5537 0.1 50 0 0 5537 0.3 30 0 0 150 71.4 59.1 59.1
5537 0.1 50 0 0 5537 0.3 30 0 0 180 75.5 61.3 61.3
5537 0.1 50 0 0 5537 0.3 40 0 0 0 42.9 34.1 34.1
5537 0.1 50 0 0 5537 0.3 40 0 0 30 44.5 35.4 35.4
5537 0.1 50 0 0 5537 0.3 40 0 0 60 49.0 38.5 38.5
5537 0.1 50 0 0 5537 0.3 40 0 0 90 55.2 43.7 43.7
5537 0.1 50 0 0 5537 0.3 40 0 0 120 63.7 50.7 50.7
5537 0.1 50 0 0 5537 0.3 40 0 0 150 70.7 58.2 58.2
5537 0.1 50 0 0 5537 0.3 40 0 0 180 74.9 61.5 61.5
5537 0.1 50 0 0 5537 0.3 50 0 0 0 42.6 33.9 33.9
5537 0.1 50 0 0 5537 0.3 50 0 0 30 44.0 34.6 34.6
5537 0.1 50 0 0 5537 0.3 50 0 0 60 48.3 38.3 38.3
5537 0.1 50 0 0 5537 0.3 50 0 0 90 54.5 43.6 43.6
5537 0.1 50 0 0 5537 0.3 50 0 0 120 63.0 50.6 50.6
5537 0.1 50 0 0 5537 0.3 50 0 0 150 69.8 58.3 58.3
5537 0.1 50 0 0 5537 0.3 50 0 0 180 73.9 62.1 62.1
5537 0.1 50 0 0 5537 0.3 60 0 0 0 42.3 34.9 34.9
5537 0.1 50 0 0 5537 0.3 60 0 0 30 43.7 35.5 35.5
5537 0.1 50 0 0 5537 0.3 60 0 0 60 47.4 38.9 38.9
5537 0.1 50 0 0 5537 0.3 60 0 0 90 53.6 44.1 44.1
5537 0.1 50 0 0 5537 0.3 60 0 0 120 62.0 51.1 51.1
5537 0.1 50 0 0 5537 0.3 60 0 0 150 68.2 59.1 59.1
5537 0.1 50 0 0 5537 0.3 60 0 0 180 72.2 63.7 63.7
5537 0.1 50 0 0 5537 0.4 0 0 0 0 45.5 44.2 44.2
5537 0.1 50 0 0 5537 0.4 0 0 0 30 46.5 45.3 45.3
5537 0.1 50 0 0 5537 0.4 0 0 0 60 48.7 46.7 46.7
5537 0.1 50 0 0 5537 0.4 0 0 0 90 53.4 49.0 49.0
5537 0.1 50 0 0 5537 0.4 0 0 0 120 61.4 53.7 53.7
5537 0.1 50 0 0 5537 0.4 0 0 0 150 69.7 63.1 63.1
5537 0.1 50 0 0 5537 0.4 0 0 0 180 74.8 61.1 61.1
5537 0.1 50 0 0 5537 0.4 10 0 0 0 45.5 42.5 42.5
5537 0.1 50 0 0 5537 0.4 10 0 0 30 46.5 43.5 43.5
5537 0.1 50 0 0 5537 0.4 10 0 0 60 48.5 45.1 45.1
5537 0.1 50 0 0 5537 0.4 10 0 0 90 53.3 47.7 47.7
5537 0.1 50 0 0 5537 0.4 10 0 0 120 61.3 53.0 53.0
5537 0.1 50 0 0 5537 0.4 10 0 0 150 69.7 62.1 62.1
5537 0.1 50 0 0 5537 0.4 10 0 0 180 74.8 61.8 61.8
5537 0.1 50 0 0 5537 0.4 20 0 0 0 45.4 40.1 40.1
5537 0.1 50 0 0 5537 0.4 20 0 0 30 46.3 40.9 40.9
5537 0.1 50 0 0 5537 0.4 20 0 0 60 48.3 42.7 42.7
5537 0.1 50 0 0 5537 0.4 20 0 0 90 53.1 45.6 45.6
5537 0.1 50 0 0 5537 0.4 20 0 0 120 61.1 51.5 51.5
5537 0.1 50 0 0 5537 0.4 20 0 0 150 69.5 60.2 60.2
5537 0.1 50 0 0 5537 0.4 20 0 0 180 74.5 61.6 61.6
5537 0.1 50 0 0 5537 0.4 30 0 0 0 45.2 37.0 37.0
5537 0.1 50 0 0 5537 0.4 30 0 0 30 46.1 37.7 37.7
5537 0.1 50 0 0 5537 0.4 30 0 0 60 47.9 39.6 39.6
5537 0.1 50 0 0 5537 0.4 30 0 0 90 52.7 42.6 42.6
5537 0.1 50 0 0 5537 0.4 30 0 0 120 60.7 48.8 48.8
5537 0.1 50 0 0 5537 0.4 30 0 0 150 69.1 57.3 57.3
5537 0.1 50 0 0 5537 0.4 30 0 0 180 74.1 60.5 60.5
5537 0.1 50 0 0 5537 0.4 40 0 0 0 45.1 36.0 36.0
5537 0.1 50 0 0 5537 0.4 40 0 0 30 45.8 36.4 36.4
5537 0.1 50 0 0 5537 0.4 40 0 0 60 47.4 38.0 38.0
5537 0.1 50 0 0 5537 0.4 40 0 0 90 52.3 41.3 41.3
5537 0.1 50 0 0 5537 0.4 40 0 0 120 60.3 47.8 47.8
5537 0.1 50 0 0 5537 0.4 40 0 0 150 68.4 56.3 56.3
5537 0.1 50 0 0 5537 0.4 40 0 0 180 73.5 61.1 61.1
5537 0.1 50 0 0 5537 0.4 50 0 0 0 44.9 35.7 35.7
5537 0.1 50 0 0 5537 0.4 50 0 0 30 45.6 35.9 35.9
5537 0.1 50 0 0 5537 0.4 50 0 0 60 47.0 37.0 37.0
5537 0.1 50 0 0 5537 0.4 50 0 0 90 51.6 40.8 40.8
5537 0.1 50 0 0 5537 0.4 50 0 0 120 59.6 47.4 47.4
5537 0.1 50 0 0 5537 0.4 50 0 0 150 67.5 56.3 56.3
5537 0.1 50 0 0 5537 0.4 50 0 0 180 72.4 62.1 62.1
5537 0.1 50 0 0 5537 0.4 60 0 0 0 44.8 36.3 36.3
5537 0.1 50 0 0 5537 0.4 60 0 0 30 45.4 36.4 36.4
5537 0.1 50 0 0 5537 0.4 60 0 0 60 46.8 37.4 37.4
5537 0.1 50 0 0 5537 0.4 60 0 0 90 50.7 41.1 41.1
5537 0.1 50 0 0 5537 0.4 60 0 0 120 58.5 47.7 47.7
5537 0.1 50 0 0 5537 0.4 60 0 0 150 65.9 56.7 56.7
5537 0.1 50 0 0 5537 0.4 60 0 0 180 70.5 63.2 63.2
5537 0.1 50 0 0 5537 0.5 0 0 0 0 47.5 44.6 44.6
5537 0.1 50 0 0 5537 0.5 0 0 0 30 48.0 45.3 45.3
5537 0.1 50 0 0 5537 0.5 0 0 0 60 48.9 46.4 46.4
5537 0.1 50 0 0 5537 0.5 0 0 0 90 51.2 48.2 48.2
5537 0.1 50 0 0 5537 0.5 0 0 0 120 57.8 51.5 51.5
5537 0.1 50 0 0 5537 0.5 0 0 0 150 67.1 60.4 60.4
5537 0.1 50 0 0 5537 0.5 0 0 0 180 73.3 59.8 59.8
5537 0.1 50 0 0 5537 0.5 10 0 0 0 47.5 43.2 43.2
5537 0.1 50 0 0 5537 0.5 10 0 0 30 47.9 43.6 43.6
5537 0.1 50 0 0 5537 0.5 10 0 0 60 48.8 44.8 44.8
5537 0.1 50 0 0 5537 0.5 10 0 0 90 51.0 46.7 46.7
5537 0.1 50 0 0 5537 0.5 10 0 0 120 57.7 50.3 50.3
5537 0.1 50 0 0 5537 0.5 10 0 0 150 67.1 59.3 59.3
5537 0.1 50 0 0 5537 0.5 10 0 0 180 73.2 60.3 60.3
5537 0.1 50 0 0 5537 0.5 20 0 0 0 47.4 40.8 40.8
5537 0.1 50 0 0 5537 0.5 20 0 0 30 47.9 41.1 41.1
5537 0.1 50 0 0 5537 0.5 20 0 0 60 48.7 42.1 42.1
5537 0.1 50 0 0 5537 0.5 20 0 0 90 50.8 44.2 44.2
5537 0.1 50 0 0 5537 0.5 20 0 0 120 57.5 48.1 48.1
5537 0.1 50 0 0 5537 0.5 20 0 0 150 66.8 57.0 57.0
5537 0.1 50 0 0 5537 0.5 20 0 0 180 72.9 59.7 59.7
5537 0.1 50 0 0 5537 0.5 30 0 0 0 47.4 38.9 38.9
5537 0.1 50 0 0 5537 0.5 30 0 0 30 47.8 39.2 39.2
5537 0.1 50 0 0 5537 0.5 30 0 0 60 48.5 39.9 39.9
5537 0.1 50 0 0 5537 0.5 30 0 0 90 50.5 41.9 41.9
5537 0.1 50 0 0 5537 0.5 30 0 0 120 57.1 46.0 46.0
5537 0.1 50 0 0 5537 0.5 30 0 0 150 66.4 55.3 55.3
5537 0.1 50 0 0 5537 0.5 30 0 0 180 72.4 59.7 59.7
5537 0.1 50 0 0 5537 0.5 40 0 0 0 47.3 38.0 38.0
5537 0.1 50 0 0 5537 0.5 40 0 0 30 47.7 38.1 38.1
5537 0.1 50 0 0 5537 0.5 40 0 0 60 48.4 38.6 38.6
5537 0.1 50 0 0 5537 0.5 40 0 0 90 50.1 40.4 40.4
5537 0.1 50 0 0 5537 0.5 40 0 0 120 56.7 44.9 44.9
5537 0.1 50 0 0 5537 0.5 40 0 0 150 65.8 54.4 54.4
5537 0.1 50 0 0 5537 0.5 40 0 0 180 71.7 60.5 60.5
5537 0.1 50 0 0 5537 0.5 50 0 0 0 47.3 37.7 37.7
5537 0.1 50 0 0 5537 0.5 50 0 0 30 47.6 37.7 37.7
5537 0.1 50 0 0 5537 0.5 50 0 0 60 48.2 38.0 38.0
5537 0.1 50 0 0 5537 0.5 50 0 0 90 49.8 39.3 39.3
5537 0.1 50 0 0 5537 0.5 50 0 0 120 56.0 44.2 44.2
5537 0.1 50 0 0 5537 0.5 50 0 0 150 64.8 53.9 53.9
5537 0.1 50 0 0 5537 0.5 50 0 0 180 70.5 61.3 61.3
5537 0.1 50 0 0 5537 0.5 60 0 0 0 47.2 38.0 38.0
5537 0.1 50 0 0 5537 0.5 60 0 0 30 47.5 38.0 38.0
5537 0.1 50 0 0 5537 0.5 60 0 0 60 48.2 38.3 38.3
5537 0.1 50 0 0 5537 0.5 60 0 0 90 49.7 39.4 39.4
5537 0.1 50 0 0 5537 0.5 60 0 0 120 54.9 44.2 44.2
5537 0.1 50 0 0 5537 0.5 60 0 0 150 62.9 53.9 53.9
5537 0.1 50 0 0 5537 0.5 60 0 0 180 68.3 62.1 62.1
