5337 0 10 0 0 4737 0 0 0 0 0 62 55 55
5337 0 10 0 0 4737 0 0 0 0 30 62 55 55
5337 0 10 0 0 4737 0 0 0 0 60 62 55 55
5337 0 10 0 0 4737 0 0 0 0 90 62 55 55
5337 0 10 0 0 4737 0 0 0 0 120 62 55 55
5337 0 10 0 0 4737 0 0 0 0 150 62 55 55
5337 0 10 0 0 4737 0 0 0 0 180 62 55 55
5337 0 10 0 0 4737 0 10 0 0 0 62 55 55
5337 0 10 0 0 4737 0 10 0 0 30 62 55 55
5337 0 10 0 0 4737 0 10 0 0 60 62 55 55
5337 0 10 0 0 4737 0 10 0 0 90 62 55 55
5337 0 10 0 0 4737 0 10 0 0 120 62 55 55
5337 0 10 0 0 4737 0 10 0 0 150 62 55 55
5337 0 10 0 0 4737 0 10 0 0 180 62 55 55
5337 0 10 0 0 4737 0 20 0 0 0 62 54 54
5337 0 10 0 0 4737 0 20 0 0 30 62 54 54
5337 0 10 0 0 4737 0 20 0 0 60 62 54 54
5337 0 10 0 0 4737 0 20 0 0 90 62 54 54
5337 0 10 0 0 4737 0 20 0 0 120 62 54 54
5337 0 10 0 0 4737 0 20 0 0 150 62 54 54
5337 0 10 0 0 4737 0 20 0 0 180 62 54 54
5337 0 10 0 0 4737 0 30 0 0 0 62 52 52
5337 0 10 0 0 4737 0 30 0 0 30 62 52 52
5337 0 10 0 0 4737 0 30 0 0 60 62 52 52
5337 0 10 0 0 4737 0 30 0 0 90 62 52 52
5337 0 10 0 0 4737 0 30 0 0 120 62 52 52
5337 0 10 0 0 4737 0 30 0 0 150 62 52 52
5337 0 10 0 0 4737 0 30 0 0 180 62 52 52
5337 0 10 0 0 4737 0 40 0 0 0 61 52 52
5337 0 10 0 0 4737 0 40 0 0 30 61 52 52
5337 0 10 0 0 4737 0 40 0 0 60 61 52 52
5337 0 10 0 0 4737 0 40 0 0 90 61 52 52
5337 0 10 0 0 4737 0 40 0 0 120 61 52 52
5337 0 10 0 0 4737 0 40 0 0 150 61 52 52
5337 0 10 0 0 4737 0 40 0 0 180 61 52 52
5337 0 10 0 0 4737 0 50 0 0 0 60 52 52
5337 0 10 0 0 4737 0 50 0 0 30 60 52 52
5337 0 10 0 0 4737 0 50 0 0 60 61 53 53
5337 0 10 0 0 4737 0 50 0 0 90 61 53 53
5337 0 10 0 0 4737 0 50 0 0 120 60 53 53
5337 0 10 0 0 4737 0 50 0 0 150 61 53 53
5337 0 10 0 0 4737 0 50 0 0 180 60 53 53
5337 0 10 0 0 4737 0 60 0 0 0 59 53 53
5337 0 10 0 0 4737 0 60 0 0 30 59 53 53
5337 0 10 0 0 4737 0 60 0 0 60 59 54 54
5337 0 10 0 0 4737 0 60 0 0 90 59 54 54
5337 0 10 0 0 4737 0 60 0 0 120 59 54 54
5337 0 10 0 0 4737 0 60 0 0 150 59 54 54
5337 0 10 0 0 4737 0 60 0 0 180 59 54 54
5337 0 10 0 0 4737 0 0 0 0 0 61 54 54
5337 0 10 0 0 4737 0 0 0 0 30 61 54 54
5337 0 10 0 0 4737 0 0 0 0 60 61 54 54
5337 0 10 0 0 4737 0 0 0 0 90 62 54 54
5337 0 10 0 0 4737 0 0 0 0 120 61 54 54
5337 0 10 0 0 4737 0 0 0 0 150 61 54 54
5337 0 10 0 0 4737 0 0 0 0 180 61 54 54
5337 0 10 0 0 4737 0 10 0 0 0 61 53 53
5337 0 10 0 0 4737 0 10 0 0 30 61 54 54
5337 0 10 0 0 4737 0 10 0 0 60 61 54 54
5337 0 10 0 0 4737 0 10 0 0 90 61 54 54
5337 0 10 0 0 4737 0 10 0 0 120 61 54 54
5337 0 10 0 0 4737 0 10 0 0 150 61 54 54
5337 0 10 0 0 4737 0 10 0 0 180 61 54 54
5337 0 10 0 0 4737 0 20 0 0 0 61 53 53
5337 0 10 0 0 4737 0 20 0 0 30 61 53 53
5337 0 10 0 0 4737 0 20 0 0 60 61 53 53
5337 0 10 0 0 4737 0 20 0 0 90 61 53 53
5337 0 10 0 0 4737 0 20 0 0 120 61 53 53
5337 0 10 0 0 4737 0 20 0 0 150 61 53 53
5337 0 10 0 0 4737 0 20 0 0 180 61 53 53
5337 0 10 0 0 4737 0 30 0 0 0 61 51 51
5337 0 10 0 0 4737 0 30 0 0 30 61 51 51
5337 0 10 0 0 4737 0 30 0 0 60 61 51 51
5337 0 10 0 0 4737 0 30 0 0 90 61 51 51
5337 0 10 0 0 4737 0 30 0 0 120 61 51 51
5337 0 10 0 0 4737 0 30 0 0 150 61 51 51
5337 0 10 0 0 4737 0 30 0 0 180 61 51 51
5337 0 10 0 0 4737 0 40 0 0 0 60 51 51
5337 0 10 0 0 4737 0 40 0 0 30 60 51 51
5337 0 10 0 0 4737 0 40 0 0 60 60 51 51
5337 0 10 0 0 4737 0 40 0 0 90 60 51 51
5337 0 10 0 0 4737 0 40 0 0 120 60 51 51
5337 0 10 0 0 4737 0 40 0 0 150 60 51 51
5337 0 10 0 0 4737 0 40 0 0 180 60 51 51
5337 0 10 0 0 4737 0 50 0 0 0 59 51 51
5337 0 10 0 0 4737 0 50 0 0 30 59 51 51
5337 0 10 0 0 4737 0 50 0 0 60 59 51 51
5337 0 10 0 0 4737 0 50 0 0 90 60 52 52
5337 0 10 0 0 4737 0 50 0 0 120 59 51 51
5337 0 10 0 0 4737 0 50 0 0 150 59 52 52
5337 0 10 0 0 4737 0 50 0 0 180 59 52 52
5337 0 10 0 0 4737 0 60 0 0 0 58 52 52
5337 0 10 0 0 4737 0 60 0 0 30 58 52 52
5337 0 10 0 0 4737 0 60 0 0 60 58 52 52
5337 0 10 0 0 4737 0 60 0 0 90 58 53 53
5337 0 10 0 0 4737 0 60 0 0 120 58 52 52
5337 0 10 0 0 4737 0 60 0 0 150 58 53 53
5337 0 10 0 0 4737 0 60 0 0 180 58 53 53
5337 0 10 0 0 4737 0 0 0 0 0 60 52 52
5337 0 10 0 0 4737 0 0 0 0 30 60 52 52
5337 0 10 0 0 4737 0 0 0 0 60 60 53 53
5337 0 10 0 0 4737 0 0 0 0 90 60 53 53
5337 0 10 0 0 4737 0 0 0 0 120 60 53 53
5337 0 10 0 0 4737 0 0 0 0 150 60 53 53
5337 0 10 0 0 4737 0 0 0 0 180 60 53 53
5337 0 10 0 0 4737 0 10 0 0 0 60 52 52
5337 0 10 0 0 4737 0 10 0 0 30 60 52 52
5337 0 10 0 0 4737 0 10 0 0 60 60 52 52
5337 0 10 0 0 4737 0 10 0 0 90 60 52 52
5337 0 10 0 0 4737 0 10 0 0 120 60 52 52
5337 0 10 0 0 4737 0 10 0 0 150 60 53 53
5337 0 10 0 0 4737 0 10 0 0 180 60 53 53
5337 0 10 0 0 4737 0 20 0 0 0 60 51 51
5337 0 10 0 0 4737 0 20 0 0 30 60 51 51
5337 0 10 0 0 4737 0 20 0 0 60 60 51 51
5337 0 10 0 0 4737 0 20 0 0 90 60 51 51
5337 0 10 0 0 4737 0 20 0 0 120 60 51 51
5337 0 10 0 0 4737 0 20 0 0 150 60 52 52
5337 0 10 0 0 4737 0 20 0 0 180 60 52 52
5337 0 10 0 0 4737 0 30 0 0 0 60 50 50
5337 0 10 0 0 4737 0 30 0 0 30 60 50 50
5337 0 10 0 0 4737 0 30 0 0 60 60 49 49
5337 0 10 0 0 4737 0 30 0 0 90 60 50 50
5337 0 10 0 0 4737 0 30 0 0 120 60 50 50
5337 0 10 0 0 4737 0 30 0 0 150 60 50 50
5337 0 10 0 0 4737 0 30 0 0 180 60 50 50
5337 0 10 0 0 4737 0 40 0 0 0 59 50 50
5337 0 10 0 0 4737 0 40 0 0 30 59 50 50
5337 0 10 0 0 4737 0 40 0 0 60 59 50 50
5337 0 10 0 0 4737 0 40 0 0 90 59 50 50
5337 0 10 0 0 4737 0 40 0 0 120 59 50 50
5337 0 10 0 0 4737 0 40 0 0 150 59 50 50
5337 0 10 0 0 4737 0 40 0 0 180 59 50 50
5337 0 10 0 0 4737 0 50 0 0 0 58 50 50
5337 0 10 0 0 4737 0 50 0 0 30 58 50 50
5337 0 10 0 0 4737 0 50 0 0 60 58 50 50
5337 0 10 0 0 4737 0 50 0 0 90 58 50 50
5337 0 10 0 0 4737 0 50 0 0 120 58 50 50
5337 0 10 0 0 4737 0 50 0 0 150 58 51 51
5337 0 10 0 0 4737 0 50 0 0 180 58 51 51
5337 0 10 0 0 4737 0 60 0 0 0 57 51 51
5337 0 10 0 0 4737 0 60 0 0 30 57 51 51
5337 0 10 0 0 4737 0 60 0 0 60 57 51 51
5337 0 10 0 0 4737 0 60 0 0 90 57 51 51
5337 0 10 0 0 4737 0 60 0 0 120 57 51 51
5337 0 10 0 0 4737 0 60 0 0 150 57 52 52
5337 0 10 0 0 4737 0 60 0 0 180 57 52 52
5337 0 10 0 0 4737 0 0 0 0 0 59 51 51
5337 0 10 0 0 4737 0 0 0 0 30 59 51 51
5337 0 10 0 0 4737 0 0 0 0 60 59 51 51
5337 0 10 0 0 4737 0 0 0 0 90 59 51 51
5337 0 10 0 0 4737 0 0 0 0 120 59 51 51
5337 0 10 0 0 4737 0 0 0 0 150 59 52 52
5337 0 10 0 0 4737 0 0 0 0 180 59 52 52
5337 0 10 0 0 4737 0 10 0 0 0 59 51 51
5337 0 10 0 0 4737 0 10 0 0 30 59 51 51
5337 0 10 0 0 4737 0 10 0 0 60 59 51 51
5337 0 10 0 0 4737 0 10 0 0 90 59 51 51
5337 0 10 0 0 4737 0 10 0 0 120 59 51 51
5337 0 10 0 0 4737 0 10 0 0 150 59 51 51
5337 0 10 0 0 4737 0 10 0 0 180 59 51 51
5337 0 10 0 0 4737 0 20 0 0 0 59 50 50
5337 0 10 0 0 4737 0 20 0 0 30 59 50 50
5337 0 10 0 0 4737 0 20 0 0 60 59 50 50
5337 0 10 0 0 4737 0 20 0 0 90 59 50 50
5337 0 10 0 0 4737 0 20 0 0 120 59 50 50
5337 0 10 0 0 4737 0 20 0 0 150 59 50 50
5337 0 10 0 0 4737 0 20 0 0 180 59 50 50
5337 0 10 0 0 4737 0 30 0 0 0 58 48 48
5337 0 10 0 0 4737 0 30 0 0 30 59 48 48
5337 0 10 0 0 4737 0 30 0 0 60 59 48 48
5337 0 10 0 0 4737 0 30 0 0 90 59 49 49
5337 0 10 0 0 4737 0 30 0 0 120 59 49 49
5337 0 10 0 0 4737 0 30 0 0 150 59 49 49
5337 0 10 0 0 4737 0 30 0 0 180 59 49 49
5337 0 10 0 0 4737 0 40 0 0 0 58 49 49
5337 0 10 0 0 4737 0 40 0 0 30 58 49 49
5337 0 10 0 0 4737 0 40 0 0 60 58 49 49
5337 0 10 0 0 4737 0 40 0 0 90 58 49 49
5337 0 10 0 0 4737 0 40 0 0 120 58 49 49
5337 0 10 0 0 4737 0 40 0 0 150 58 49 49
5337 0 10 0 0 4737 0 40 0 0 180 58 49 49
5337 0 10 0 0 4737 0 50 0 0 0 57 49 49
5337 0 10 0 0 4737 0 50 0 0 30 57 49 49
5337 0 10 0 0 4737 0 50 0 0 60 57 49 49
5337 0 10 0 0 4737 0 50 0 0 90 57 49 49
5337 0 10 0 0 4737 0 50 0 0 120 57 49 49
5337 0 10 0 0 4737 0 50 0 0 150 57 50 50
5337 0 10 0 0 4737 0 50 0 0 180 57 50 50
5337 0 10 0 0 4737 0 60 0 0 0 55 50 50
5337 0 10 0 0 4737 0 60 0 0 30 55 50 50
5337 0 10 0 0 4737 0 60 0 0 60 56 50 50
5337 0 10 0 0 4737 0 60 0 0 90 56 50 50
5337 0 10 0 0 4737 0 60 0 0 120 56 50 50
5337 0 10 0 0 4737 0 60 0 0 150 56 50 50
5337 0 10 0 0 4737 0 60 0 0 180 55 51 51
5337 0 10 0 0 4737 0 0 0 0 0 58 50 50
5337 0 10 0 0 4737 0 0 0 0 30 58 50 50
5337 0 10 0 0 4737 0 0 0 0 60 58 50 50
5337 0 10 0 0 4737 0 0 0 0 90 58 50 50
5337 0 10 0 0 4737 0 0 0 0 120 58 50 50
5337 0 10 0 0 4737 0 0 0 0 150 58 50 50
5337 0 10 0 0 4737 0 0 0 0 180 58 50 50
5337 0 10 0 0 4737 0 10 0 0 0 58 49 49
5337 0 10 0 0 4737 0 10 0 0 30 58 49 49
5337 0 10 0 0 4737 0 10 0 0 60 58 49 49
5337 0 10 0 0 4737 0 10 0 0 90 58 50 50
5337 0 10 0 0 4737 0 10 0 0 120 58 50 50
5337 0 10 0 0 4737 0 10 0 0 150 58 50 50
5337 0 10 0 0 4737 0 10 0 0 180 58 50 50
5337 0 10 0 0 4737 0 20 0 0 0 58 48 48
5337 0 10 0 0 4737 0 20 0 0 30 58 48 48
5337 0 10 0 0 4737 0 20 0 0 60 58 48 48
5337 0 10 0 0 4737 0 20 0 0 90 58 48 48
5337 0 10 0 0 4737 0 20 0 0 120 58 48 48
5337 0 10 0 0 4737 0 20 0 0 150 58 48 48
5337 0 10 0 0 4737 0 20 0 0 180 58 48 48
5337 0 10 0 0 4737 0 30 0 0 0 57 48 48
5337 0 10 0 0 4737 0 30 0 0 30 57 47 47
5337 0 10 0 0 4737 0 30 0 0 60 58 47 47
5337 0 10 0 0 4737 0 30 0 0 90 58 48 48
5337 0 10 0 0 4737 0 30 0 0 120 57 48 48
5337 0 10 0 0 4737 0 30 0 0 150 58 48 48
5337 0 10 0 0 4737 0 30 0 0 180 58 48 48
5337 0 10 0 0 4737 0 40 0 0 0 57 48 48
5337 0 10 0 0 4737 0 40 0 0 30 57 48 48
5337 0 10 0 0 4737 0 40 0 0 60 57 48 48
5337 0 10 0 0 4737 0 40 0 0 90 57 48 48
5337 0 10 0 0 4737 0 40 0 0 120 57 48 48
5337 0 10 0 0 4737 0 40 0 0 150 57 48 48
5337 0 10 0 0 4737 0 40 0 0 180 57 48 48
5337 0 10 0 0 4737 0 50 0 0 0 56 48 48
5337 0 10 0 0 4737 0 50 0 0 30 56 48 48
5337 0 10 0 0 4737 0 50 0 0 60 56 48 48
5337 0 10 0 0 4737 0 50 0 0 90 56 48 48
5337 0 10 0 0 4737 0 50 0 0 120 56 48 48
5337 0 10 0 0 4737 0 50 0 0 150 56 49 49
5337 0 10 0 0 4737 0 50 0 0 180 56 49 49
5337 0 10 0 0 4737 0 60 0 0 0 54 49 49
5337 0 10 0 0 4737 0 60 0 0 30 54 49 49
5337 0 10 0 0 4737 0 60 0 0 60 54 49 49
5337 0 10 0 0 4737 0 60 0 0 90 54 49 49
5337 0 10 0 0 4737 0 60 0 0 120 54 49 49
5337 0 10 0 0 4737 0 60 0 0 150 54 49 49
5337 0 10 0 0 4737 0 60 0 0 180 54 50 50
5337 0 10 0 0 4737 0 0 0 0 0 57 48 48
5337 0 10 0 0 4737 0 0 0 0 30 57 48 48
5337 0 10 0 0 4737 0 0 0 0 60 57 48 48
5337 0 10 0 0 4737 0 0 0 0 90 57 48 48
5337 0 10 0 0 4737 0 0 0 0 120 57 48 48
5337 0 10 0 0 4737 0 0 0 0 150 57 48 48
5337 0 10 0 0 4737 0 0 0 0 180 57 48 48
5337 0 10 0 0 4737 0 10 0 0 0 57 47 47
5337 0 10 0 0 4737 0 10 0 0 30 57 47 47
5337 0 10 0 0 4737 0 10 0 0 60 57 47 47
5337 0 10 0 0 4737 0 10 0 0 90 57 47 47
5337 0 10 0 0 4737 0 10 0 0 120 57 48 48
5337 0 10 0 0 4737 0 10 0 0 150 57 48 48
5337 0 10 0 0 4737 0 10 0 0 180 57 48 48
5337 0 10 0 0 4737 0 20 0 0 0 57 47 47
5337 0 10 0 0 4737 0 20 0 0 30 57 47 47
5337 0 10 0 0 4737 0 20 0 0 60 57 47 47
5337 0 10 0 0 4737 0 20 0 0 90 57 47 47
5337 0 10 0 0 4737 0 20 0 0 120 57 47 47
5337 0 10 0 0 4737 0 20 0 0 150 57 47 47
5337 0 10 0 0 4737 0 20 0 0 180 57 47 47
5337 0 10 0 0 4737 0 30 0 0 0 56 47 47
5337 0 10 0 0 4737 0 30 0 0 30 56 47 47
5337 0 10 0 0 4737 0 30 0 0 60 56 47 47
5337 0 10 0 0 4737 0 30 0 0 90 57 47 47
5337 0 10 0 0 4737 0 30 0 0 120 57 47 47
5337 0 10 0 0 4737 0 30 0 0 150 57 47 47
5337 0 10 0 0 4737 0 30 0 0 180 57 47 47
5337 0 10 0 0 4737 0 40 0 0 0 56 47 47
5337 0 10 0 0 4737 0 40 0 0 30 56 47 47
5337 0 10 0 0 4737 0 40 0 0 60 56 47 47
5337 0 10 0 0 4737 0 40 0 0 90 56 47 47
5337 0 10 0 0 4737 0 40 0 0 120 56 47 47
5337 0 10 0 0 4737 0 40 0 0 150 56 48 48
5337 0 10 0 0 4737 0 40 0 0 180 56 48 48
5337 0 10 0 0 4737 0 50 0 0 0 55 47 47
5337 0 10 0 0 4737 0 50 0 0 30 55 47 47
5337 0 10 0 0 4737 0 50 0 0 60 55 47 47
5337 0 10 0 0 4737 0 50 0 0 90 55 47 47
5337 0 10 0 0 4737 0 50 0 0 120 55 48 48
5337 0 10 0 0 4737 0 50 0 0 150 55 48 48
5337 0 10 0 0 4737 0 50 0 0 180 55 48 48
5337 0 10 0 0 4737 0 60 0 0 0 53 48 48
5337 0 10 0 0 4737 0 60 0 0 30 53 48 48
5337 0 10 0 0 4737 0 60 0 0 60 53 48 48
5337 0 10 0 0 4737 0 60 0 0 90 53 48 48
5337 0 10 0 0 4737 0 60 0 0 120 53 48 48
5337 0 10 0 0 4737 0 60 0 0 150 53 48 48
5337 0 10 0 0 4737 0 60 0 0 180 53 48 48
5337 0 10 0 0 4937 0 0 0 0 0 62 55 55
5337 0 10 0 0 4937 0 0 0 0 30 63 56 56
5337 0 10 0 0 4937 0 0 0 0 60 63 56 56
5337 0 10 0 0 4937 0 0 0 0 90 63 56 56
5337 0 10 0 0 4937 0 0 0 0 120 63 56 56
5337 0 10 0 0 4937 0 0 0 0 150 63 56 56
5337 0 10 0 0 4937 0 0 0 0 180 63 56 56
5337 0 10 0 0 4937 0 10 0 0 0 62 55 55
5337 0 10 0 0 4937 0 10 0 0 30 63 55 55
5337 0 10 0 0 4937 0 10 0 0 60 63 56 56
5337 0 10 0 0 4937 0 10 0 0 90 63 56 56
5337 0 10 0 0 4937 0 10 0 0 120 63 56 56
5337 0 10 0 0 4937 0 10 0 0 150 63 56 56
5337 0 10 0 0 4937 0 10 0 0 180 63 56 56
5337 0 10 0 0 4937 0 20 0 0 0 62 54 54
5337 0 10 0 0 4937 0 20 0 0 30 63 54 54
5337 0 10 0 0 4937 0 20 0 0 60 63 55 55
5337 0 10 0 0 4937 0 20 0 0 90 63 55 55
5337 0 10 0 0 4937 0 20 0 0 120 63 55 55
5337 0 10 0 0 4937 0 20 0 0 150 63 55 55
5337 0 10 0 0 4937 0 20 0 0 180 63 55 55
5337 0 10 0 0 4937 0 30 0 0 0 62 52 52
5337 0 10 0 0 4937 0 30 0 0 30 62 52 52
5337 0 10 0 0 4937 0 30 0 0 60 62 53 53
5337 0 10 0 0 4937 0 30 0 0 90 62 53 53
5337 0 10 0 0 4937 0 30 0 0 120 62 53 53
5337 0 10 0 0 4937 0 30 0 0 150 62 53 53
5337 0 10 0 0 4937 0 30 0 0 180 62 53 53
5337 0 10 0 0 4937 0 40 0 0 0 61 52 52
5337 0 10 0 0 4937 0 40 0 0 30 62 52 52
5337 0 10 0 0 4937 0 40 0 0 60 62 53 53
5337 0 10 0 0 4937 0 40 0 0 90 62 53 53
5337 0 10 0 0 4937 0 40 0 0 120 62 53 53
5337 0 10 0 0 4937 0 40 0 0 150 62 53 53
5337 0 10 0 0 4937 0 40 0 0 180 62 53 53
5337 0 10 0 0 4937 0 50 0 0 0 61 52 52
5337 0 10 0 0 4937 0 50 0 0 30 61 53 53
5337 0 10 0 0 4937 0 50 0 0 60 61 53 53
5337 0 10 0 0 4937 0 50 0 0 90 61 54 54
5337 0 10 0 0 4937 0 50 0 0 120 61 54 54
5337 0 10 0 0 4937 0 50 0 0 150 61 54 54
5337 0 10 0 0 4937 0 50 0 0 180 61 54 54
5337 0 10 0 0 4937 0 60 0 0 0 59 54 54
5337 0 10 0 0 4937 0 60 0 0 30 60 54 54
5337 0 10 0 0 4937 0 60 0 0 60 60 54 54
5337 0 10 0 0 4937 0 60 0 0 90 60 54 54
5337 0 10 0 0 4937 0 60 0 0 120 60 55 55
5337 0 10 0 0 4937 0 60 0 0 150 60 55 55
5337 0 10 0 0 4937 0 60 0 0 180 60 55 55
5337 0 10 0 0 4937 0 0 0 0 0 61 54 54
5337 0 10 0 0 4937 0 0 0 0 30 62 54 54
5337 0 10 0 0 4937 0 0 0 0 60 62 55 55
5337 0 10 0 0 4937 0 0 0 0 90 62 55 55
5337 0 10 0 0 4937 0 0 0 0 120 62 55 55
5337 0 10 0 0 4937 0 0 0 0 150 62 55 55
5337 0 10 0 0 4937 0 0 0 0 180 62 55 55
5337 0 10 0 0 4937 0 10 0 0 0 61 54 54
5337 0 10 0 0 4937 0 10 0 0 30 62 54 54
5337 0 10 0 0 4937 0 10 0 0 60 62 54 54
5337 0 10 0 0 4937 0 10 0 0 90 62 55 55
5337 0 10 0 0 4937 0 10 0 0 120 62 55 55
5337 0 10 0 0 4937 0 10 0 0 150 62 55 55
5337 0 10 0 0 4937 0 10 0 0 180 62 55 55
5337 0 10 0 0 4937 0 20 0 0 0 61 53 53
5337 0 10 0 0 4937 0 20 0 0 30 62 53 53
5337 0 10 0 0 4937 0 20 0 0 60 62 53 53
5337 0 10 0 0 4937 0 20 0 0 90 62 54 54
5337 0 10 0 0 4937 0 20 0 0 120 62 54 54
5337 0 10 0 0 4937 0 20 0 0 150 62 54 54
5337 0 10 0 0 4937 0 20 0 0 180 62 54 54
5337 0 10 0 0 4937 0 30 0 0 0 61 51 51
5337 0 10 0 0 4937 0 30 0 0 30 61 51 51
5337 0 10 0 0 4937 0 30 0 0 60 61 51 51
5337 0 10 0 0 4937 0 30 0 0 90 61 52 52
5337 0 10 0 0 4937 0 30 0 0 120 61 52 52
5337 0 10 0 0 4937 0 30 0 0 150 61 52 52
5337 0 10 0 0 4937 0 30 0 0 180 61 52 52
5337 0 10 0 0 4937 0 40 0 0 0 60 51 51
5337 0 10 0 0 4937 0 40 0 0 30 61 51 51
5337 0 10 0 0 4937 0 40 0 0 60 61 51 51
5337 0 10 0 0 4937 0 40 0 0 90 61 52 52
5337 0 10 0 0 4937 0 40 0 0 120 61 52 52
5337 0 10 0 0 4937 0 40 0 0 150 61 52 52
5337 0 10 0 0 4937 0 40 0 0 180 61 52 52
5337 0 10 0 0 4937 0 50 0 0 0 60 51 51
5337 0 10 0 0 4937 0 50 0 0 30 60 51 51
5337 0 10 0 0 4937 0 50 0 0 60 60 52 52
5337 0 10 0 0 4937 0 50 0 0 90 60 52 52
5337 0 10 0 0 4937 0 50 0 0 120 60 52 52
5337 0 10 0 0 4937 0 50 0 0 150 60 53 53
5337 0 10 0 0 4937 0 50 0 0 180 60 53 53
5337 0 10 0 0 4937 0 60 0 0 0 58 53 53
5337 0 10 0 0 4937 0 60 0 0 30 59 53 53
5337 0 10 0 0 4937 0 60 0 0 60 59 53 53
5337 0 10 0 0 4937 0 60 0 0 90 59 53 53
5337 0 10 0 0 4937 0 60 0 0 120 59 53 53
5337 0 10 0 0 4937 0 60 0 0 150 59 53 53
5337 0 10 0 0 4937 0 60 0 0 180 59 53 53
5337 0 10 0 0 4937 0 0 0 0 0 61 53 53
5337 0 10 0 0 4937 0 0 0 0 30 61 53 53
5337 0 10 0 0 4937 0 0 0 0 60 61 53 53
5337 0 10 0 0 4937 0 0 0 0 90 61 54 54
5337 0 10 0 0 4937 0 0 0 0 120 61 54 54
5337 0 10 0 0 4937 0 0 0 0 150 61 54 54
5337 0 10 0 0 4937 0 0 0 0 180 61 54 54
5337 0 10 0 0 4937 0 10 0 0 0 60 52 52
5337 0 10 0 0 4937 0 10 0 0 30 61 53 53
5337 0 10 0 0 4937 0 10 0 0 60 61 53 53
5337 0 10 0 0 4937 0 10 0 0 90 61 53 53
5337 0 10 0 0 4937 0 10 0 0 120 61 54 54
5337 0 10 0 0 4937 0 10 0 0 150 61 54 54
5337 0 10 0 0 4937 0 10 0 0 180 61 53 53
5337 0 10 0 0 4937 0 20 0 0 0 60 52 52
5337 0 10 0 0 4937 0 20 0 0 30 60 52 52
5337 0 10 0 0 4937 0 20 0 0 60 61 52 52
5337 0 10 0 0 4937 0 20 0 0 90 61 52 52
5337 0 10 0 0 4937 0 20 0 0 120 61 53 53
5337 0 10 0 0 4937 0 20 0 0 150 61 53 53
5337 0 10 0 0 4937 0 20 0 0 180 60 53 53
5337 0 10 0 0 4937 0 30 0 0 0 60 49 49
5337 0 10 0 0 4937 0 30 0 0 30 60 50 50
5337 0 10 0 0 4937 0 30 0 0 60 60 50 50
5337 0 10 0 0 4937 0 30 0 0 90 60 50 50
5337 0 10 0 0 4937 0 30 0 0 120 60 51 51
5337 0 10 0 0 4937 0 30 0 0 150 60 51 51
5337 0 10 0 0 4937 0 30 0 0 180 60 51 51
5337 0 10 0 0 4937 0 40 0 0 0 59 49 49
5337 0 10 0 0 4937 0 40 0 0 30 60 50 50
5337 0 10 0 0 4937 0 40 0 0 60 60 50 50
5337 0 10 0 0 4937 0 40 0 0 90 60 50 50
5337 0 10 0 0 4937 0 40 0 0 120 60 51 51
5337 0 10 0 0 4937 0 40 0 0 150 60 51 51
5337 0 10 0 0 4937 0 40 0 0 180 60 51 51
5337 0 10 0 0 4937 0 50 0 0 0 59 50 50
5337 0 10 0 0 4937 0 50 0 0 30 59 50 50
5337 0 10 0 0 4937 0 50 0 0 60 59 51 51
5337 0 10 0 0 4937 0 50 0 0 90 59 51 51
5337 0 10 0 0 4937 0 50 0 0 120 59 51 51
5337 0 10 0 0 4937 0 50 0 0 150 59 52 52
5337 0 10 0 0 4937 0 50 0 0 180 59 52 52
5337 0 10 0 0 4937 0 60 0 0 0 57 52 52
5337 0 10 0 0 4937 0 60 0 0 30 57 52 52
5337 0 10 0 0 4937 0 60 0 0 60 58 52 52
5337 0 10 0 0 4937 0 60 0 0 90 58 52 52
5337 0 10 0 0 4937 0 60 0 0 120 58 52 52
5337 0 10 0 0 4937 0 60 0 0 150 58 52 52
5337 0 10 0 0 4937 0 60 0 0 180 57 52 52
5337 0 10 0 0 4937 0 0 0 0 0 60 51 51
5337 0 10 0 0 4937 0 0 0 0 30 60 52 52
5337 0 10 0 0 4937 0 0 0 0 60 60 52 52
5337 0 10 0 0 4937 0 0 0 0 90 60 52 52
5337 0 10 0 0 4937 0 0 0 0 120 60 52 52
5337 0 10 0 0 4937 0 0 0 0 150 60 53 53
5337 0 10 0 0 4937 0 0 0 0 180 60 52 52
5337 0 10 0 0 4937 0 10 0 0 0 60 51 51
5337 0 10 0 0 4937 0 10 0 0 30 60 51 51
5337 0 10 0 0 4937 0 10 0 0 60 60 52 52
5337 0 10 0 0 4937 0 10 0 0 90 60 52 52
5337 0 10 0 0 4937 0 10 0 0 120 60 52 52
5337 0 10 0 0 4937 0 10 0 0 150 60 52 52
5337 0 10 0 0 4937 0 10 0 0 180 60 52 52
5337 0 10 0 0 4937 0 20 0 0 0 59 50 50
5337 0 10 0 0 4937 0 20 0 0 30 59 50 50
5337 0 10 0 0 4937 0 20 0 0 60 60 51 51
5337 0 10 0 0 4937 0 20 0 0 90 60 51 51
5337 0 10 0 0 4937 0 20 0 0 120 60 51 51
5337 0 10 0 0 4937 0 20 0 0 150 60 51 51
5337 0 10 0 0 4937 0 20 0 0 180 59 51 51
5337 0 10 0 0 4937 0 30 0 0 0 59 48 48
5337 0 10 0 0 4937 0 30 0 0 30 59 48 48
5337 0 10 0 0 4937 0 30 0 0 60 59 49 49
5337 0 10 0 0 4937 0 30 0 0 90 59 49 49
5337 0 10 0 0 4937 0 30 0 0 120 59 49 49
5337 0 10 0 0 4937 0 30 0 0 150 59 50 50
5337 0 10 0 0 4937 0 30 0 0 180 59 50 50
5337 0 10 0 0 4937 0 40 0 0 0 58 48 48
5337 0 10 0 0 4937 0 40 0 0 30 58 49 49
5337 0 10 0 0 4937 0 40 0 0 60 59 49 49
5337 0 10 0 0 4937 0 40 0 0 90 59 49 49
5337 0 10 0 0 4937 0 40 0 0 120 59 50 50
5337 0 10 0 0 4937 0 40 0 0 150 59 50 50
5337 0 10 0 0 4937 0 40 0 0 180 58 50 50
5337 0 10 0 0 4937 0 50 0 0 0 58 49 49
5337 0 10 0 0 4937 0 50 0 0 30 58 49 49
5337 0 10 0 0 4937 0 50 0 0 60 58 49 49
5337 0 10 0 0 4937 0 50 0 0 90 58 50 50
5337 0 10 0 0 4937 0 50 0 0 120 58 50 50
5337 0 10 0 0 4937 0 50 0 0 150 58 50 50
5337 0 10 0 0 4937 0 50 0 0 180 58 50 50
5337 0 10 0 0 4937 0 60 0 0 0 56 50 50
5337 0 10 0 0 4937 0 60 0 0 30 56 51 51
5337 0 10 0 0 4937 0 60 0 0 60 56 51 51
5337 0 10 0 0 4937 0 60 0 0 90 56 51 51
5337 0 10 0 0 4937 0 60 0 0 120 56 51 51
5337 0 10 0 0 4937 0 60 0 0 150 56 51 51
5337 0 10 0 0 4937 0 60 0 0 180 56 51 51
5337 0 10 0 0 4937 0 0 0 0 0 59 50 50
5337 0 10 0 0 4937 0 0 0 0 30 59 50 50
5337 0 10 0 0 4937 0 0 0 0 60 59 51 51
5337 0 10 0 0 4937 0 0 0 0 90 59 51 51
5337 0 10 0 0 4937 0 0 0 0 120 59 51 51
5337 0 10 0 0 4937 0 0 0 0 150 59 51 51
5337 0 10 0 0 4937 0 0 0 0 180 59 51 51
5337 0 10 0 0 4937 0 10 0 0 0 58 50 50
5337 0 10 0 0 4937 0 10 0 0 30 59 50 50
5337 0 10 0 0 4937 0 10 0 0 60 59 50 50
5337 0 10 0 0 4937 0 10 0 0 90 59 50 50
5337 0 10 0 0 4937 0 10 0 0 120 59 51 51
5337 0 10 0 0 4937 0 10 0 0 150 59 51 51
5337 0 10 0 0 4937 0 10 0 0 180 59 51 51
5337 0 10 0 0 4937 0 20 0 0 0 58 48 48
5337 0 10 0 0 4937 0 20 0 0 30 58 49 49
5337 0 10 0 0 4937 0 20 0 0 60 59 49 49
5337 0 10 0 0 4937 0 20 0 0 90 59 49 49
5337 0 10 0 0 4937 0 20 0 0 120 59 49 49
5337 0 10 0 0 4937 0 20 0 0 150 59 49 49
5337 0 10 0 0 4937 0 20 0 0 180 58 49 49
5337 0 10 0 0 4937 0 30 0 0 0 58 47 47
5337 0 10 0 0 4937 0 30 0 0 30 58 48 48
5337 0 10 0 0 4937 0 30 0 0 60 58 48 48
5337 0 10 0 0 4937 0 30 0 0 90 58 48 48
5337 0 10 0 0 4937 0 30 0 0 120 58 48 48
5337 0 10 0 0 4937 0 30 0 0 150 58 49 49
5337 0 10 0 0 4937 0 30 0 0 180 58 49 49
5337 0 10 0 0 4937 0 40 0 0 0 57 48 48
5337 0 10 0 0 4937 0 40 0 0 30 57 48 48
5337 0 10 0 0 4937 0 40 0 0 60 58 48 48
5337 0 10 0 0 4937 0 40 0 0 90 58 48 48
5337 0 10 0 0 4937 0 40 0 0 120 58 48 48
5337 0 10 0 0 4937 0 40 0 0 150 58 49 49
5337 0 10 0 0 4937 0 40 0 0 180 57 49 49
5337 0 10 0 0 4937 0 50 0 0 0 56 48 48
5337 0 10 0 0 4937 0 50 0 0 30 57 49 49
5337 0 10 0 0 4937 0 50 0 0 60 57 49 49
5337 0 10 0 0 4937 0 50 0 0 90 57 49 49
5337 0 10 0 0 4937 0 50 0 0 120 57 49 49
5337 0 10 0 0 4937 0 50 0 0 150 57 49 49
5337 0 10 0 0 4937 0 50 0 0 180 56 49 49
5337 0 10 0 0 4937 0 60 0 0 0 55 49 49
5337 0 10 0 0 4937 0 60 0 0 30 55 49 49
5337 0 10 0 0 4937 0 60 0 0 60 55 50 50
5337 0 10 0 0 4937 0 60 0 0 90 55 50 50
5337 0 10 0 0 4937 0 60 0 0 120 55 50 50
5337 0 10 0 0 4937 0 60 0 0 150 55 50 50
5337 0 10 0 0 4937 0 60 0 0 180 55 50 50
5337 0 10 0 0 4937 0 0 0 0 0 57 49 49
5337 0 10 0 0 4937 0 0 0 0 30 58 49 49
5337 0 10 0 0 4937 0 0 0 0 60 58 49 49
5337 0 10 0 0 4937 0 0 0 0 90 58 49 49
5337 0 10 0 0 4937 0 0 0 0 120 58 49 49
5337 0 10 0 0 4937 0 0 0 0 150 58 50 50
5337 0 10 0 0 4937 0 0 0 0 180 57 49 49
5337 0 10 0 0 4937 0 10 0 0 0 57 48 48
5337 0 10 0 0 4937 0 10 0 0 30 58 48 48
5337 0 10 0 0 4937 0 10 0 0 60 58 48 48
5337 0 10 0 0 4937 0 10 0 0 90 58 49 49
5337 0 10 0 0 4937 0 10 0 0 120 58 49 49
5337 0 10 0 0 4937 0 10 0 0 150 58 49 49
5337 0 10 0 0 4937 0 10 0 0 180 57 49 49
5337 0 10 0 0 4937 0 20 0 0 0 57 47 47
5337 0 10 0 0 4937 0 20 0 0 30 57 47 47
5337 0 10 0 0 4937 0 20 0 0 60 57 47 47
5337 0 10 0 0 4937 0 20 0 0 90 58 48 48
5337 0 10 0 0 4937 0 20 0 0 120 58 48 48
5337 0 10 0 0 4937 0 20 0 0 150 57 48 48
5337 0 10 0 0 4937 0 20 0 0 180 57 48 48
5337 0 10 0 0 4937 0 30 0 0 0 57 47 47
5337 0 10 0 0 4937 0 30 0 0 30 57 47 47
5337 0 10 0 0 4937 0 30 0 0 60 57 47 47
5337 0 10 0 0 4937 0 30 0 0 90 57 47 47
5337 0 10 0 0 4937 0 30 0 0 120 57 47 47
5337 0 10 0 0 4937 0 30 0 0 150 57 48 48
5337 0 10 0 0 4937 0 30 0 0 180 57 48 48
5337 0 10 0 0 4937 0 40 0 0 0 56 47 47
5337 0 10 0 0 4937 0 40 0 0 30 56 47 47
5337 0 10 0 0 4937 0 40 0 0 60 56 47 47
5337 0 10 0 0 4937 0 40 0 0 90 56 47 47
5337 0 10 0 0 4937 0 40 0 0 120 57 48 48
5337 0 10 0 0 4937 0 40 0 0 150 56 48 48
5337 0 10 0 0 4937 0 40 0 0 180 56 48 48
5337 0 10 0 0 4937 0 50 0 0 0 55 48 48
5337 0 10 0 0 4937 0 50 0 0 30 55 48 48
5337 0 10 0 0 4937 0 50 0 0 60 55 48 48
5337 0 10 0 0 4937 0 50 0 0 90 56 48 48
5337 0 10 0 0 4937 0 50 0 0 120 56 48 48
5337 0 10 0 0 4937 0 50 0 0 150 55 49 49
5337 0 10 0 0 4937 0 50 0 0 180 55 49 49
5337 0 10 0 0 4937 0 60 0 0 0 53 48 48
5337 0 10 0 0 4937 0 60 0 0 30 53 48 48
5337 0 10 0 0 4937 0 60 0 0 60 54 49 49
5337 0 10 0 0 4937 0 60 0 0 90 54 49 49
5337 0 10 0 0 4937 0 60 0 0 120 54 49 49
5337 0 10 0 0 4937 0 60 0 0 150 54 49 49
5337 0 10 0 0 4937 0 60 0 0 180 54 49 49
5337 0 10 0 0 5137 0 0 0 0 0 63 56 56
5337 0 10 0 0 5137 0 0 0 0 30 63 56 56
5337 0 10 0 0 5137 0 0 0 0 60 63 56 56
5337 0 10 0 0 5137 0 0 0 0 90 63 56 56
5337 0 10 0 0 5137 0 0 0 0 120 63 56 56
5337 0 10 0 0 5137 0 0 0 0 150 63 56 56
5337 0 10 0 0 5137 0 0 0 0 180 63 56 56
5337 0 10 0 0 5137 0 10 0 0 0 63 56 56
5337 0 10 0 0 5137 0 10 0 0 30 63 56 56
5337 0 10 0 0 5137 0 10 0 0 60 63 56 56
5337 0 10 0 0 5137 0 10 0 0 90 63 56 56
5337 0 10 0 0 5137 0 10 0 0 120 63 56 56
5337 0 10 0 0 5137 0 10 0 0 150 63 56 56
5337 0 10 0 0 5137 0 10 0 0 180 63 56 56
5337 0 10 0 0 5137 0 20 0 0 0 63 55 55
5337 0 10 0 0 5137 0 20 0 0 30 63 55 55
5337 0 10 0 0 5137 0 20 0 0 60 63 55 55
5337 0 10 0 0 5137 0 20 0 0 90 63 55 55
5337 0 10 0 0 5137 0 20 0 0 120 63 55 55
5337 0 10 0 0 5137 0 20 0 0 150 63 55 55
5337 0 10 0 0 5137 0 20 0 0 180 63 55 55
5337 0 10 0 0 5137 0 30 0 0 0 63 53 53
5337 0 10 0 0 5137 0 30 0 0 30 63 53 53
5337 0 10 0 0 5137 0 30 0 0 60 63 53 53
5337 0 10 0 0 5137 0 30 0 0 90 62 53 53
5337 0 10 0 0 5137 0 30 0 0 120 62 53 53
5337 0 10 0 0 5137 0 30 0 0 150 62 53 53
5337 0 10 0 0 5137 0 30 0 0 180 62 54 54
5337 0 10 0 0 5137 0 40 0 0 0 62 52 52
5337 0 10 0 0 5137 0 40 0 0 30 62 53 53
5337 0 10 0 0 5137 0 40 0 0 60 62 53 53
5337 0 10 0 0 5137 0 40 0 0 90 62 53 53
5337 0 10 0 0 5137 0 40 0 0 120 62 53 53
5337 0 10 0 0 5137 0 40 0 0 150 62 53 53
5337 0 10 0 0 5137 0 40 0 0 180 62 53 53
5337 0 10 0 0 5137 0 50 0 0 0 61 53 53
5337 0 10 0 0 5137 0 50 0 0 30 61 53 53
5337 0 10 0 0 5137 0 50 0 0 60 61 53 53
5337 0 10 0 0 5137 0 50 0 0 90 61 53 53
5337 0 10 0 0 5137 0 50 0 0 120 61 53 53
5337 0 10 0 0 5137 0 50 0 0 150 61 53 53
5337 0 10 0 0 5137 0 50 0 0 180 61 54 54
5337 0 10 0 0 5137 0 60 0 0 0 60 55 55
5337 0 10 0 0 5137 0 60 0 0 30 60 55 55
5337 0 10 0 0 5137 0 60 0 0 60 60 55 55
5337 0 10 0 0 5137 0 60 0 0 90 60 55 55
5337 0 10 0 0 5137 0 60 0 0 120 60 54 54
5337 0 10 0 0 5137 0 60 0 0 150 60 54 54
5337 0 10 0 0 5137 0 60 0 0 180 60 54 54
5337 0 10 0 0 5137 0 0 0 0 0 62 55 55
5337 0 10 0 0 5137 0 0 0 0 30 62 55 55
5337 0 10 0 0 5137 0 0 0 0 60 62 55 55
5337 0 10 0 0 5137 0 0 0 0 90 62 55 55
5337 0 10 0 0 5137 0 0 0 0 120 62 55 55
5337 0 10 0 0 5137 0 0 0 0 150 62 55 55
5337 0 10 0 0 5137 0 0 0 0 180 62 55 55
5337 0 10 0 0 5137 0 10 0 0 0 62 55 55
5337 0 10 0 0 5137 0 10 0 0 30 62 55 55
5337 0 10 0 0 5137 0 10 0 0 60 62 55 55
5337 0 10 0 0 5137 0 10 0 0 90 62 55 55
5337 0 10 0 0 5137 0 10 0 0 120 62 55 55
5337 0 10 0 0 5137 0 10 0 0 150 62 55 55
5337 0 10 0 0 5137 0 10 0 0 180 62 54 54
5337 0 10 0 0 5137 0 20 0 0 0 62 54 54
5337 0 10 0 0 5137 0 20 0 0 30 62 54 54
5337 0 10 0 0 5137 0 20 0 0 60 62 54 54
5337 0 10 0 0 5137 0 20 0 0 90 62 54 54
5337 0 10 0 0 5137 0 20 0 0 120 62 54 54
5337 0 10 0 0 5137 0 20 0 0 150 62 54 54
5337 0 10 0 0 5137 0 20 0 0 180 62 54 54
5337 0 10 0 0 5137 0 30 0 0 0 62 51 51
5337 0 10 0 0 5137 0 30 0 0 30 62 51 51
5337 0 10 0 0 5137 0 30 0 0 60 62 52 52
5337 0 10 0 0 5137 0 30 0 0 90 61 52 52
5337 0 10 0 0 5137 0 30 0 0 120 61 52 52
5337 0 10 0 0 5137 0 30 0 0 150 61 52 52
5337 0 10 0 0 5137 0 30 0 0 180 61 52 52
5337 0 10 0 0 5137 0 40 0 0 0 61 51 51
5337 0 10 0 0 5137 0 40 0 0 30 61 51 51
5337 0 10 0 0 5137 0 40 0 0 60 61 51 51
5337 0 10 0 0 5137 0 40 0 0 90 61 52 52
5337 0 10 0 0 5137 0 40 0 0 120 61 52 52
5337 0 10 0 0 5137 0 40 0 0 150 61 52 52
5337 0 10 0 0 5137 0 40 0 0 180 61 52 52
5337 0 10 0 0 5137 0 50 0 0 0 60 52 52
5337 0 10 0 0 5137 0 50 0 0 30 60 52 52
5337 0 10 0 0 5137 0 50 0 0 60 60 52 52
5337 0 10 0 0 5137 0 50 0 0 90 60 52 52
5337 0 10 0 0 5137 0 50 0 0 120 60 52 52
5337 0 10 0 0 5137 0 50 0 0 150 60 52 52
5337 0 10 0 0 5137 0 50 0 0 180 60 52 52
5337 0 10 0 0 5137 0 60 0 0 0 59 54 54
5337 0 10 0 0 5137 0 60 0 0 30 59 54 54
5337 0 10 0 0 5137 0 60 0 0 60 59 54 54
5337 0 10 0 0 5137 0 60 0 0 90 59 53 53
5337 0 10 0 0 5137 0 60 0 0 120 59 53 53
5337 0 10 0 0 5137 0 60 0 0 150 59 53 53
5337 0 10 0 0 5137 0 60 0 0 180 59 53 53
5337 0 10 0 0 5137 0 0 0 0 0 61 54 54
5337 0 10 0 0 5137 0 0 0 0 30 61 54 54
5337 0 10 0 0 5137 0 0 0 0 60 61 54 54
5337 0 10 0 0 5137 0 0 0 0 90 61 54 54
5337 0 10 0 0 5137 0 0 0 0 120 61 54 54
5337 0 10 0 0 5137 0 0 0 0 150 61 54 54
5337 0 10 0 0 5137 0 0 0 0 180 61 53 53
5337 0 10 0 0 5137 0 10 0 0 0 61 54 54
5337 0 10 0 0 5137 0 10 0 0 30 61 54 54
5337 0 10 0 0 5137 0 10 0 0 60 61 54 54
5337 0 10 0 0 5137 0 10 0 0 90 61 54 54
5337 0 10 0 0 5137 0 10 0 0 120 61 53 53
5337 0 10 0 0 5137 0 10 0 0 150 61 53 53
5337 0 10 0 0 5137 0 10 0 0 180 61 53 53
5337 0 10 0 0 5137 0 20 0 0 0 61 53 53
5337 0 10 0 0 5137 0 20 0 0 30 61 53 53
5337 0 10 0 0 5137 0 20 0 0 60 61 53 53
5337 0 10 0 0 5137 0 20 0 0 90 61 52 52
5337 0 10 0 0 5137 0 20 0 0 120 61 52 52
5337 0 10 0 0 5137 0 20 0 0 150 61 52 52
5337 0 10 0 0 5137 0 20 0 0 180 61 53 53
5337 0 10 0 0 5137 0 30 0 0 0 60 50 50
5337 0 10 0 0 5137 0 30 0 0 30 61 50 50
5337 0 10 0 0 5137 0 30 0 0 60 60 50 50
5337 0 10 0 0 5137 0 30 0 0 90 60 50 50
5337 0 10 0 0 5137 0 30 0 0 120 60 51 51
5337 0 10 0 0 5137 0 30 0 0 150 60 51 51
5337 0 10 0 0 5137 0 30 0 0 180 60 51 51
5337 0 10 0 0 5137 0 40 0 0 0 60 50 50
5337 0 10 0 0 5137 0 40 0 0 30 60 50 50
5337 0 10 0 0 5137 0 40 0 0 60 60 50 50
5337 0 10 0 0 5137 0 40 0 0 90 60 50 50
5337 0 10 0 0 5137 0 40 0 0 120 60 50 50
5337 0 10 0 0 5137 0 40 0 0 150 60 51 51
5337 0 10 0 0 5137 0 40 0 0 180 60 51 51
5337 0 10 0 0 5137 0 50 0 0 0 59 51 51
5337 0 10 0 0 5137 0 50 0 0 30 59 51 51
5337 0 10 0 0 5137 0 50 0 0 60 59 51 51
5337 0 10 0 0 5137 0 50 0 0 90 59 51 51
5337 0 10 0 0 5137 0 50 0 0 120 59 51 51
5337 0 10 0 0 5137 0 50 0 0 150 59 51 51
5337 0 10 0 0 5137 0 50 0 0 180 59 51 51
5337 0 10 0 0 5137 0 60 0 0 0 58 53 53
5337 0 10 0 0 5137 0 60 0 0 30 58 53 53
5337 0 10 0 0 5137 0 60 0 0 60 58 53 53
5337 0 10 0 0 5137 0 60 0 0 90 58 52 52
5337 0 10 0 0 5137 0 60 0 0 120 58 52 52
5337 0 10 0 0 5137 0 60 0 0 150 58 52 52
5337 0 10 0 0 5137 0 60 0 0 180 58 52 52
5337 0 10 0 0 5137 0 0 0 0 0 60 53 53
5337 0 10 0 0 5137 0 0 0 0 30 60 53 53
5337 0 10 0 0 5137 0 0 0 0 60 60 53 53
5337 0 10 0 0 5137 0 0 0 0 90 60 53 53
5337 0 10 0 0 5137 0 0 0 0 120 60 52 52
5337 0 10 0 0 5137 0 0 0 0 150 60 52 52
5337 0 10 0 0 5137 0 0 0 0 180 60 52 52
5337 0 10 0 0 5137 0 10 0 0 0 60 52 52
5337 0 10 0 0 5137 0 10 0 0 30 60 52 52
5337 0 10 0 0 5137 0 10 0 0 60 60 52 52
5337 0 10 0 0 5137 0 10 0 0 90 60 52 52
5337 0 10 0 0 5137 0 10 0 0 120 60 52 52
5337 0 10 0 0 5137 0 10 0 0 150 60 52 52
5337 0 10 0 0 5137 0 10 0 0 180 60 52 52
5337 0 10 0 0 5137 0 20 0 0 0 60 51 51
5337 0 10 0 0 5137 0 20 0 0 30 60 51 51
5337 0 10 0 0 5137 0 20 0 0 60 60 51 51
5337 0 10 0 0 5137 0 20 0 0 90 60 51 51
5337 0 10 0 0 5137 0 20 0 0 120 60 51 51
5337 0 10 0 0 5137 0 20 0 0 150 60 51 51
5337 0 10 0 0 5137 0 20 0 0 180 60 51 51
5337 0 10 0 0 5137 0 30 0 0 0 59 49 49
5337 0 10 0 0 5137 0 30 0 0 30 59 49 49
5337 0 10 0 0 5137 0 30 0 0 60 59 49 49
5337 0 10 0 0 5137 0 30 0 0 90 59 49 49
5337 0 10 0 0 5137 0 30 0 0 120 59 49 49
5337 0 10 0 0 5137 0 30 0 0 150 59 50 50
5337 0 10 0 0 5137 0 30 0 0 180 59 50 50
5337 0 10 0 0 5137 0 40 0 0 0 59 49 49
5337 0 10 0 0 5137 0 40 0 0 30 59 49 49
5337 0 10 0 0 5137 0 40 0 0 60 59 49 49
5337 0 10 0 0 5137 0 40 0 0 90 59 49 49
5337 0 10 0 0 5137 0 40 0 0 120 59 49 49
5337 0 10 0 0 5137 0 40 0 0 150 59 50 50
5337 0 10 0 0 5137 0 40 0 0 180 59 50 50
5337 0 10 0 0 5137 0 50 0 0 0 58 50 50
5337 0 10 0 0 5137 0 50 0 0 30 58 50 50
5337 0 10 0 0 5137 0 50 0 0 60 58 50 50
5337 0 10 0 0 5137 0 50 0 0 90 58 50 50
5337 0 10 0 0 5137 0 50 0 0 120 58 50 50
5337 0 10 0 0 5137 0 50 0 0 150 58 50 50
5337 0 10 0 0 5137 0 50 0 0 180 58 50 50
5337 0 10 0 0 5137 0 60 0 0 0 56 52 52
5337 0 10 0 0 5137 0 60 0 0 30 56 52 52
5337 0 10 0 0 5137 0 60 0 0 60 56 52 52
5337 0 10 0 0 5137 0 60 0 0 90 57 51 51
5337 0 10 0 0 5137 0 60 0 0 120 57 51 51
5337 0 10 0 0 5137 0 60 0 0 150 57 51 51
5337 0 10 0 0 5137 0 60 0 0 180 57 51 51
5337 0 10 0 0 5137 0 0 0 0 0 59 51 51
5337 0 10 0 0 5137 0 0 0 0 30 59 51 51
5337 0 10 0 0 5137 0 0 0 0 60 59 51 51
5337 0 10 0 0 5137 0 0 0 0 90 59 51 51
5337 0 10 0 0 5137 0 0 0 0 120 59 51 51
5337 0 10 0 0 5137 0 0 0 0 150 59 51 51
5337 0 10 0 0 5137 0 0 0 0 180 59 51 51
5337 0 10 0 0 5137 0 10 0 0 0 59 51 51
5337 0 10 0 0 5137 0 10 0 0 30 59 51 51
5337 0 10 0 0 5137 0 10 0 0 60 59 51 51
5337 0 10 0 0 5137 0 10 0 0 90 59 51 51
5337 0 10 0 0 5137 0 10 0 0 120 59 51 51
5337 0 10 0 0 5137 0 10 0 0 150 59 51 51
5337 0 10 0 0 5137 0 10 0 0 180 59 51 51
5337 0 10 0 0 5137 0 20 0 0 0 59 49 49
5337 0 10 0 0 5137 0 20 0 0 30 59 49 49
5337 0 10 0 0 5137 0 20 0 0 60 59 49 49
5337 0 10 0 0 5137 0 20 0 0 90 59 49 49
5337 0 10 0 0 5137 0 20 0 0 120 59 49 49
5337 0 10 0 0 5137 0 20 0 0 150 59 49 49
5337 0 10 0 0 5137 0 20 0 0 180 59 50 50
5337 0 10 0 0 5137 0 30 0 0 0 58 48 48
5337 0 10 0 0 5137 0 30 0 0 30 58 48 48
5337 0 10 0 0 5137 0 30 0 0 60 58 48 48
5337 0 10 0 0 5137 0 30 0 0 90 58 48 48
5337 0 10 0 0 5137 0 30 0 0 120 58 48 48
5337 0 10 0 0 5137 0 30 0 0 150 58 48 48
5337 0 10 0 0 5137 0 30 0 0 180 58 49 49
5337 0 10 0 0 5137 0 40 0 0 0 57 49 49
5337 0 10 0 0 5137 0 40 0 0 30 58 49 49
5337 0 10 0 0 5137 0 40 0 0 60 58 48 48
5337 0 10 0 0 5137 0 40 0 0 90 58 48 48
5337 0 10 0 0 5137 0 40 0 0 120 58 48 48
5337 0 10 0 0 5137 0 40 0 0 150 58 48 48
5337 0 10 0 0 5137 0 40 0 0 180 58 49 49
5337 0 10 0 0 5137 0 50 0 0 0 56 50 50
5337 0 10 0 0 5137 0 50 0 0 30 57 50 50
5337 0 10 0 0 5137 0 50 0 0 60 57 49 49
5337 0 10 0 0 5137 0 50 0 0 90 57 49 49
5337 0 10 0 0 5137 0 50 0 0 120 57 49 49
5337 0 10 0 0 5137 0 50 0 0 150 57 49 49
5337 0 10 0 0 5137 0 50 0 0 180 57 49 49
5337 0 10 0 0 5137 0 60 0 0 0 55 51 51
5337 0 10 0 0 5137 0 60 0 0 30 55 51 51
5337 0 10 0 0 5137 0 60 0 0 60 55 51 51
5337 0 10 0 0 5137 0 60 0 0 90 55 51 51
5337 0 10 0 0 5137 0 60 0 0 120 55 50 50
5337 0 10 0 0 5137 0 60 0 0 150 55 50 50
5337 0 10 0 0 5137 0 60 0 0 180 55 50 50
5337 0 10 0 0 5137 0 0 0 0 0 58 50 50
5337 0 10 0 0 5137 0 0 0 0 30 58 50 50
5337 0 10 0 0 5137 0 0 0 0 60 58 50 50
5337 0 10 0 0 5137 0 0 0 0 90 58 50 50
5337 0 10 0 0 5137 0 0 0 0 120 58 50 50
5337 0 10 0 0 5137 0 0 0 0 150 58 50 50
5337 0 10 0 0 5137 0 0 0 0 180 58 49 49
5337 0 10 0 0 5137 0 10 0 0 0 58 49 49
5337 0 10 0 0 5137 0 10 0 0 30 58 49 49
5337 0 10 0 0 5137 0 10 0 0 60 58 49 49
5337 0 10 0 0 5137 0 10 0 0 90 58 49 49
5337 0 10 0 0 5137 0 10 0 0 120 58 49 49
5337 0 10 0 0 5137 0 10 0 0 150 58 49 49
5337 0 10 0 0 5137 0 10 0 0 180 58 49 49
5337 0 10 0 0 5137 0 20 0 0 0 57 48 48
5337 0 10 0 0 5137 0 20 0 0 30 57 48 48
5337 0 10 0 0 5137 0 20 0 0 60 57 48 48
5337 0 10 0 0 5137 0 20 0 0 90 57 48 48
5337 0 10 0 0 5137 0 20 0 0 120 58 47 47
5337 0 10 0 0 5137 0 20 0 0 150 58 47 47
5337 0 10 0 0 5137 0 20 0 0 180 58 48 48
5337 0 10 0 0 5137 0 30 0 0 0 57 48 48
5337 0 10 0 0 5137 0 30 0 0 30 57 48 48
5337 0 10 0 0 5137 0 30 0 0 60 57 47 47
5337 0 10 0 0 5137 0 30 0 0 90 57 47 47
5337 0 10 0 0 5137 0 30 0 0 120 57 47 47
5337 0 10 0 0 5137 0 30 0 0 150 57 47 47
5337 0 10 0 0 5137 0 30 0 0 180 57 48 48
5337 0 10 0 0 5137 0 40 0 0 0 56 48 48
5337 0 10 0 0 5137 0 40 0 0 30 56 48 48
5337 0 10 0 0 5137 0 40 0 0 60 56 48 48
5337 0 10 0 0 5137 0 40 0 0 90 56 48 48
5337 0 10 0 0 5137 0 40 0 0 120 57 48 48
5337 0 10 0 0 5137 0 40 0 0 150 57 47 47
5337 0 10 0 0 5137 0 40 0 0 180 57 48 48
5337 0 10 0 0 5137 0 50 0 0 0 55 49 49
5337 0 10 0 0 5137 0 50 0 0 30 55 49 49
5337 0 10 0 0 5137 0 50 0 0 60 55 49 49
5337 0 10 0 0 5137 0 50 0 0 90 55 49 49
5337 0 10 0 0 5137 0 50 0 0 120 56 48 48
5337 0 10 0 0 5137 0 50 0 0 150 56 48 48
5337 0 10 0 0 5137 0 50 0 0 180 56 48 48
5337 0 10 0 0 5137 0 60 0 0 0 53 50 50
5337 0 10 0 0 5137 0 60 0 0 30 53 50 50
5337 0 10 0 0 5137 0 60 0 0 60 53 50 50
5337 0 10 0 0 5137 0 60 0 0 90 54 50 50
5337 0 10 0 0 5137 0 60 0 0 120 54 49 49
5337 0 10 0 0 5137 0 60 0 0 150 54 49 49
5337 0 10 0 0 5137 0 60 0 0 180 54 49 49
5337 0 10 0 0 5337 0 0 0 0 0 50 45 45
5337 0 10 0 0 5337 0 0 0 0 30 52 47 47
5337 0 10 0 0 5337 0 0 0 0 60 58 53 53
5337 0 10 0 0 5337 0 0 0 0 90 65 59 59
5337 0 10 0 0 5337 0 0 0 0 120 71 64 64
5337 0 10 0 0 5337 0 0 0 0 150 75 67 67
5337 0 10 0 0 5337 0 0 0 0 180 76 67 67
5337 0 10 0 0 5337 0 10 0 0 0 50 45 45
5337 0 10 0 0 5337 0 10 0 0 30 52 47 47
5337 0 10 0 0 5337 0 10 0 0 60 58 52 52
5337 0 10 0 0 5337 0 10 0 0 90 65 58 58
5337 0 10 0 0 5337 0 10 0 0 120 71 63 63
5337 0 10 0 0 5337 0 10 0 0 150 75 66 66
5337 0 10 0 0 5337 0 10 0 0 180 76 68 68
5337 0 10 0 0 5337 0 20 0 0 0 50 45 45
5337 0 10 0 0 5337 0 20 0 0 30 52 47 47
5337 0 10 0 0 5337 0 20 0 0 60 57 51 51
5337 0 10 0 0 5337 0 20 0 0 90 65 57 57
5337 0 10 0 0 5337 0 20 0 0 120 71 61 61
5337 0 10 0 0 5337 0 20 0 0 150 75 64 64
5337 0 10 0 0 5337 0 20 0 0 180 76 66 66
5337 0 10 0 0 5337 0 30 0 0 0 50 44 44
5337 0 10 0 0 5337 0 30 0 0 30 51 46 46
5337 0 10 0 0 5337 0 30 0 0 60 57 50 50
5337 0 10 0 0 5337 0 30 0 0 90 65 53 53
5337 0 10 0 0 5337 0 30 0 0 120 70 57 57
5337 0 10 0 0 5337 0 30 0 0 150 75 60 60
5337 0 10 0 0 5337 0 30 0 0 180 76 63 63
5337 0 10 0 0 5337 0 40 0 0 0 49 45 45
5337 0 10 0 0 5337 0 40 0 0 30 51 47 47
5337 0 10 0 0 5337 0 40 0 0 60 57 50 50
5337 0 10 0 0 5337 0 40 0 0 90 65 53 53
5337 0 10 0 0 5337 0 40 0 0 120 70 56 56
5337 0 10 0 0 5337 0 40 0 0 150 74 59 59
5337 0 10 0 0 5337 0 40 0 0 180 75 62 62
5337 0 10 0 0 5337 0 50 0 0 0 49 45 45
5337 0 10 0 0 5337 0 50 0 0 30 51 47 47
5337 0 10 0 0 5337 0 50 0 0 60 56 50 50
5337 0 10 0 0 5337 0 50 0 0 90 64 53 53
5337 0 10 0 0 5337 0 50 0 0 120 69 56 56
5337 0 10 0 0 5337 0 50 0 0 150 73 59 59
5337 0 10 0 0 5337 0 50 0 0 180 74 62 62
5337 0 10 0 0 5337 0 60 0 0 0 48 47 47
5337 0 10 0 0 5337 0 60 0 0 30 50 48 48
5337 0 10 0 0 5337 0 60 0 0 60 55 51 51
5337 0 10 0 0 5337 0 60 0 0 90 63 54 54
5337 0 10 0 0 5337 0 60 0 0 120 68 56 56
5337 0 10 0 0 5337 0 60 0 0 150 71 59 59
5337 0 10 0 0 5337 0 60 0 0 180 72 62 62
5337 0 10 0 0 5337 0 0 0 0 0 48 43 43
5337 0 10 0 0 5337 0 0 0 0 30 50 45 45
5337 0 10 0 0 5337 0 0 0 0 60 55 50 50
5337 0 10 0 0 5337 0 0 0 0 90 62 56 56
5337 0 10 0 0 5337 0 0 0 0 120 68 61 61
5337 0 10 0 0 5337 0 0 0 0 150 73 66 66
5337 0 10 0 0 5337 0 0 0 0 180 75 66 66
5337 0 10 0 0 5337 0 10 0 0 0 48 43 43
5337 0 10 0 0 5337 0 10 0 0 30 50 45 45
5337 0 10 0 0 5337 0 10 0 0 60 55 49 49
5337 0 10 0 0 5337 0 10 0 0 90 62 55 55
5337 0 10 0 0 5337 0 10 0 0 120 68 60 60
5337 0 10 0 0 5337 0 10 0 0 150 73 64 64
5337 0 10 0 0 5337 0 10 0 0 180 75 66 66
5337 0 10 0 0 5337 0 20 0 0 0 48 43 43
5337 0 10 0 0 5337 0 20 0 0 30 50 44 44
5337 0 10 0 0 5337 0 20 0 0 60 55 49 49
5337 0 10 0 0 5337 0 20 0 0 90 62 54 54
5337 0 10 0 0 5337 0 20 0 0 120 68 58 58
5337 0 10 0 0 5337 0 20 0 0 150 73 62 62
5337 0 10 0 0 5337 0 20 0 0 180 75 65 65
5337 0 10 0 0 5337 0 30 0 0 0 48 42 42
5337 0 10 0 0 5337 0 30 0 0 30 49 44 44
5337 0 10 0 0 5337 0 30 0 0 60 54 47 47
5337 0 10 0 0 5337 0 30 0 0 90 62 51 51
5337 0 10 0 0 5337 0 30 0 0 120 68 55 55
5337 0 10 0 0 5337 0 30 0 0 150 73 58 58
5337 0 10 0 0 5337 0 30 0 0 180 74 62 62
5337 0 10 0 0 5337 0 40 0 0 0 47 43 43
5337 0 10 0 0 5337 0 40 0 0 30 49 45 45
5337 0 10 0 0 5337 0 40 0 0 60 54 47 47
5337 0 10 0 0 5337 0 40 0 0 90 62 50 50
5337 0 10 0 0 5337 0 40 0 0 120 67 53 53
5337 0 10 0 0 5337 0 40 0 0 150 72 57 57
5337 0 10 0 0 5337 0 40 0 0 180 73 61 61
5337 0 10 0 0 5337 0 50 0 0 0 46 43 43
5337 0 10 0 0 5337 0 50 0 0 30 48 45 45
5337 0 10 0 0 5337 0 50 0 0 60 53 48 48
5337 0 10 0 0 5337 0 50 0 0 90 61 50 50
5337 0 10 0 0 5337 0 50 0 0 120 67 53 53
5337 0 10 0 0 5337 0 50 0 0 150 71 57 57
5337 0 10 0 0 5337 0 50 0 0 180 72 60 60
5337 0 10 0 0 5337 0 60 0 0 0 46 46 46
5337 0 10 0 0 5337 0 60 0 0 30 47 47 47
5337 0 10 0 0 5337 0 60 0 0 60 52 49 49
5337 0 10 0 0 5337 0 60 0 0 90 60 51 51
5337 0 10 0 0 5337 0 60 0 0 120 65 54 54
5337 0 10 0 0 5337 0 60 0 0 150 70 57 57
5337 0 10 0 0 5337 0 60 0 0 180 71 61 61
5337 0 10 0 0 5337 0 0 0 0 0 46 41 41
5337 0 10 0 0 5337 0 0 0 0 30 48 43 43
5337 0 10 0 0 5337 0 0 0 0 60 53 47 47
5337 0 10 0 0 5337 0 0 0 0 90 59 53 53
5337 0 10 0 0 5337 0 0 0 0 120 66 59 59
5337 0 10 0 0 5337 0 0 0 0 150 71 64 64
5337 0 10 0 0 5337 0 0 0 0 180 73 65 65
5337 0 10 0 0 5337 0 10 0 0 0 46 41 41
5337 0 10 0 0 5337 0 10 0 0 30 48 42 42
5337 0 10 0 0 5337 0 10 0 0 60 53 47 47
5337 0 10 0 0 5337 0 10 0 0 90 59 52 52
5337 0 10 0 0 5337 0 10 0 0 120 66 58 58
5337 0 10 0 0 5337 0 10 0 0 150 71 63 63
5337 0 10 0 0 5337 0 10 0 0 180 73 65 65
5337 0 10 0 0 5337 0 20 0 0 0 46 40 40
5337 0 10 0 0 5337 0 20 0 0 30 47 42 42
5337 0 10 0 0 5337 0 20 0 0 60 52 46 46
5337 0 10 0 0 5337 0 20 0 0 90 59 51 51
5337 0 10 0 0 5337 0 20 0 0 120 65 56 56
5337 0 10 0 0 5337 0 20 0 0 150 71 61 61
5337 0 10 0 0 5337 0 20 0 0 180 73 64 64
5337 0 10 0 0 5337 0 30 0 0 0 45 41 41
5337 0 10 0 0 5337 0 30 0 0 30 47 42 42
5337 0 10 0 0 5337 0 30 0 0 60 52 45 45
5337 0 10 0 0 5337 0 30 0 0 90 59 48 48
5337 0 10 0 0 5337 0 30 0 0 120 65 52 52
5337 0 10 0 0 5337 0 30 0 0 150 71 57 57
5337 0 10 0 0 5337 0 30 0 0 180 72 61 61
5337 0 10 0 0 5337 0 40 0 0 0 45 41 41
5337 0 10 0 0 5337 0 40 0 0 30 47 42 42
5337 0 10 0 0 5337 0 40 0 0 60 51 45 45
5337 0 10 0 0 5337 0 40 0 0 90 58 47 47
5337 0 10 0 0 5337 0 40 0 0 120 65 51 51
5337 0 10 0 0 5337 0 40 0 0 150 70 55 55
5337 0 10 0 0 5337 0 40 0 0 180 72 60 60
5337 0 10 0 0 5337 0 50 0 0 0 44 42 42
5337 0 10 0 0 5337 0 50 0 0 30 46 43 43
5337 0 10 0 0 5337 0 50 0 0 60 51 45 45
5337 0 10 0 0 5337 0 50 0 0 90 58 48 48
5337 0 10 0 0 5337 0 50 0 0 120 64 51 51
5337 0 10 0 0 5337 0 50 0 0 150 69 55 55
5337 0 10 0 0 5337 0 50 0 0 180 71 59 59
5337 0 10 0 0 5337 0 60 0 0 0 44 44 44
5337 0 10 0 0 5337 0 60 0 0 30 45 45 45
5337 0 10 0 0 5337 0 60 0 0 60 50 47 47
5337 0 10 0 0 5337 0 60 0 0 90 57 48 48
5337 0 10 0 0 5337 0 60 0 0 120 63 51 51
5337 0 10 0 0 5337 0 60 0 0 150 68 55 55
5337 0 10 0 0 5337 0 60 0 0 180 69 60 60
5337 0 10 0 0 5337 0 0 0 0 0 44 39 39
5337 0 10 0 0 5337 0 0 0 0 30 46 41 41
5337 0 10 0 0 5337 0 0 0 0 60 50 45 45
5337 0 10 0 0 5337 0 0 0 0 90 56 50 50
5337 0 10 0 0 5337 0 0 0 0 120 63 56 56
5337 0 10 0 0 5337 0 0 0 0 150 69 62 62
5337 0 10 0 0 5337 0 0 0 0 180 71 63 63
5337 0 10 0 0 5337 0 10 0 0 0 44 39 39
5337 0 10 0 0 5337 0 10 0 0 30 46 40 40
5337 0 10 0 0 5337 0 10 0 0 60 50 44 44
5337 0 10 0 0 5337 0 10 0 0 90 56 49 49
5337 0 10 0 0 5337 0 10 0 0 120 63 55 55
5337 0 10 0 0 5337 0 10 0 0 150 69 60 60
5337 0 10 0 0 5337 0 10 0 0 180 71 63 63
5337 0 10 0 0 5337 0 20 0 0 0 44 38 38
5337 0 10 0 0 5337 0 20 0 0 30 45 40 40
5337 0 10 0 0 5337 0 20 0 0 60 50 43 43
5337 0 10 0 0 5337 0 20 0 0 90 56 48 48
5337 0 10 0 0 5337 0 20 0 0 120 63 53 53
5337 0 10 0 0 5337 0 20 0 0 150 69 58 58
5337 0 10 0 0 5337 0 20 0 0 180 71 62 62
5337 0 10 0 0 5337 0 30 0 0 0 43 39 39
5337 0 10 0 0 5337 0 30 0 0 30 45 40 40
5337 0 10 0 0 5337 0 30 0 0 60 50 42 42
5337 0 10 0 0 5337 0 30 0 0 90 56 45 45
5337 0 10 0 0 5337 0 30 0 0 120 62 50 50
5337 0 10 0 0 5337 0 30 0 0 150 69 55 55
5337 0 10 0 0 5337 0 30 0 0 180 70 59 59
5337 0 10 0 0 5337 0 40 0 0 0 43 39 39
5337 0 10 0 0 5337 0 40 0 0 30 45 40 40
5337 0 10 0 0 5337 0 40 0 0 60 49 42 42
5337 0 10 0 0 5337 0 40 0 0 90 55 45 45
5337 0 10 0 0 5337 0 40 0 0 120 62 49 49
5337 0 10 0 0 5337 0 40 0 0 150 68 54 54
5337 0 10 0 0 5337 0 40 0 0 180 70 58 58
5337 0 10 0 0 5337 0 50 0 0 0 42 41 41
5337 0 10 0 0 5337 0 50 0 0 30 44 41 41
5337 0 10 0 0 5337 0 50 0 0 60 49 43 43
5337 0 10 0 0 5337 0 50 0 0 90 55 45 45
5337 0 10 0 0 5337 0 50 0 0 120 61 48 48
5337 0 10 0 0 5337 0 50 0 0 150 67 53 53
5337 0 10 0 0 5337 0 50 0 0 180 69 58 58
5337 0 10 0 0 5337 0 60 0 0 0 42 43 43
5337 0 10 0 0 5337 0 60 0 0 30 43 43 43
5337 0 10 0 0 5337 0 60 0 0 60 48 44 44
5337 0 10 0 0 5337 0 60 0 0 90 54 46 46
5337 0 10 0 0 5337 0 60 0 0 120 60 49 49
5337 0 10 0 0 5337 0 60 0 0 150 65 53 53
5337 0 10 0 0 5337 0 60 0 0 180 67 59 59
5337 0 10 0 0 5337 0 0 0 0 0 42 37 37
5337 0 10 0 0 5337 0 0 0 0 30 44 39 39
5337 0 10 0 0 5337 0 0 0 0 60 48 42 42
5337 0 10 0 0 5337 0 0 0 0 90 54 47 47
5337 0 10 0 0 5337 0 0 0 0 120 60 52 52
5337 0 10 0 0 5337 0 0 0 0 150 67 59 59
5337 0 10 0 0 5337 0 0 0 0 180 69 61 61
5337 0 10 0 0 5337 0 10 0 0 0 42 36 36
5337 0 10 0 0 5337 0 10 0 0 30 44 38 38
5337 0 10 0 0 5337 0 10 0 0 60 48 42 42
5337 0 10 0 0 5337 0 10 0 0 90 54 46 46
5337 0 10 0 0 5337 0 10 0 0 120 60 51 51
5337 0 10 0 0 5337 0 10 0 0 150 67 58 58
5337 0 10 0 0 5337 0 10 0 0 180 69 61 61
5337 0 10 0 0 5337 0 20 0 0 0 42 36 36
5337 0 10 0 0 5337 0 20 0 0 30 44 38 38
5337 0 10 0 0 5337 0 20 0 0 60 48 41 41
5337 0 10 0 0 5337 0 20 0 0 90 53 45 45
5337 0 10 0 0 5337 0 20 0 0 120 59 50 50
5337 0 10 0 0 5337 0 20 0 0 150 67 56 56
5337 0 10 0 0 5337 0 20 0 0 180 69 60 60
5337 0 10 0 0 5337 0 30 0 0 0 41 37 37
5337 0 10 0 0 5337 0 30 0 0 30 44 38 38
5337 0 10 0 0 5337 0 30 0 0 60 48 40 40
5337 0 10 0 0 5337 0 30 0 0 90 53 43 43
5337 0 10 0 0 5337 0 30 0 0 120 59 47 47
5337 0 10 0 0 5337 0 30 0 0 150 66 53 53
5337 0 10 0 0 5337 0 30 0 0 180 68 58 58
5337 0 10 0 0 5337 0 40 0 0 0 41 38 38
5337 0 10 0 0 5337 0 40 0 0 30 43 39 39
5337 0 10 0 0 5337 0 40 0 0 60 47 40 40
5337 0 10 0 0 5337 0 40 0 0 90 53 42 42
5337 0 10 0 0 5337 0 40 0 0 120 59 46 46
5337 0 10 0 0 5337 0 40 0 0 150 65 52 52
5337 0 10 0 0 5337 0 40 0 0 180 68 57 57
5337 0 10 0 0 5337 0 50 0 0 0 41 40 40
5337 0 10 0 0 5337 0 50 0 0 30 43 40 40
5337 0 10 0 0 5337 0 50 0 0 60 47 41 41
5337 0 10 0 0 5337 0 50 0 0 90 52 43 43
5337 0 10 0 0 5337 0 50 0 0 120 58 46 46
5337 0 10 0 0 5337 0 50 0 0 150 64 51 51
5337 0 10 0 0 5337 0 50 0 0 180 66 57 57
5337 0 10 0 0 5337 0 60 0 0 0 41 42 42
5337 0 10 0 0 5337 0 60 0 0 30 42 42 42
5337 0 10 0 0 5337 0 60 0 0 60 46 43 43
5337 0 10 0 0 5337 0 60 0 0 90 51 44 44
5337 0 10 0 0 5337 0 60 0 0 120 57 46 46
5337 0 10 0 0 5337 0 60 0 0 150 63 51 51
5337 0 10 0 0 5337 0 60 0 0 180 64 57 57
5337 0 10 0 0 5337 0 0 0 0 0 41 36 36
5337 0 10 0 0 5337 0 0 0 0 30 44 37 37
5337 0 10 0 0 5337 0 0 0 0 60 47 40 40
5337 0 10 0 0 5337 0 0 0 0 90 51 44 44
5337 0 10 0 0 5337 0 0 0 0 120 57 49 49
5337 0 10 0 0 5337 0 0 0 0 150 64 56 56
5337 0 10 0 0 5337 0 0 0 0 180 67 59 59
5337 0 10 0 0 5337 0 10 0 0 0 41 35 35
5337 0 10 0 0 5337 0 10 0 0 30 44 37 37
5337 0 10 0 0 5337 0 10 0 0 60 47 40 40
5337 0 10 0 0 5337 0 10 0 0 90 51 43 43
5337 0 10 0 0 5337 0 10 0 0 120 56 48 48
5337 0 10 0 0 5337 0 10 0 0 150 64 55 55
5337 0 10 0 0 5337 0 10 0 0 180 67 59 59
5337 0 10 0 0 5337 0 20 0 0 0 41 35 35
5337 0 10 0 0 5337 0 20 0 0 30 43 36 36
5337 0 10 0 0 5337 0 20 0 0 60 46 38 38
5337 0 10 0 0 5337 0 20 0 0 90 51 41 41
5337 0 10 0 0 5337 0 20 0 0 120 56 46 46
5337 0 10 0 0 5337 0 20 0 0 150 64 53 53
5337 0 10 0 0 5337 0 20 0 0 180 67 57 57
5337 0 10 0 0 5337 0 30 0 0 0 40 36 36
5337 0 10 0 0 5337 0 30 0 0 30 43 37 37
5337 0 10 0 0 5337 0 30 0 0 60 46 38 38
5337 0 10 0 0 5337 0 30 0 0 90 50 40 40
5337 0 10 0 0 5337 0 30 0 0 120 56 44 44
5337 0 10 0 0 5337 0 30 0 0 150 63 51 51
5337 0 10 0 0 5337 0 30 0 0 180 66 56 56
5337 0 10 0 0 5337 0 40 0 0 0 40 38 38
5337 0 10 0 0 5337 0 40 0 0 30 42 38 38
5337 0 10 0 0 5337 0 40 0 0 60 45 38 38
5337 0 10 0 0 5337 0 40 0 0 90 50 40 40
5337 0 10 0 0 5337 0 40 0 0 120 55 44 44
5337 0 10 0 0 5337 0 40 0 0 150 63 50 50
5337 0 10 0 0 5337 0 40 0 0 180 65 56 56
5337 0 10 0 0 5337 0 50 0 0 0 41 39 39
5337 0 10 0 0 5337 0 50 0 0 30 42 39 39
5337 0 10 0 0 5337 0 50 0 0 60 45 39 39
5337 0 10 0 0 5337 0 50 0 0 90 49 41 41
5337 0 10 0 0 5337 0 50 0 0 120 55 43 43
5337 0 10 0 0 5337 0 50 0 0 150 62 49 49
5337 0 10 0 0 5337 0 50 0 0 180 64 56 56
5337 0 10 0 0 5337 0 60 0 0 0 41 40 40
5337 0 10 0 0 5337 0 60 0 0 30 42 40 40
5337 0 10 0 0 5337 0 60 0 0 60 45 41 41
5337 0 10 0 0 5337 0 60 0 0 90 48 42 42
5337 0 10 0 0 5337 0 60 0 0 120 53 44 44
5337 0 10 0 0 5337 0 60 0 0 150 60 49 49
5337 0 10 0 0 5337 0 60 0 0 180 62 56 56
