4937 0.1 10 0 0 4737 0.0 0 0 0 0 62.6 55.1 55.1
4937 0.1 10 0 0 4737 0.0 0 0 0 30 62.7 55.1 55.1
4937 0.1 10 0 0 4737 0.0 0 0 0 60 62.6 54.9 54.9
4937 0.1 10 0 0 4737 0.0 0 0 0 90 62.2 54.6 54.6
4937 0.1 10 0 0 4737 0.0 0 0 0 120 61.9 54.4 54.4
4937 0.1 10 0 0 4737 0.0 0 0 0 150 61.6 54.3 54.3
4937 0.1 10 0 0 4737 0.0 0 0 0 180 61.5 54.2 54.2
4937 0.1 10 0 0 4737 0.0 10 0 0 0 62.5 54.8 54.8
4937 0.1 10 0 0 4737 0.0 10 0 0 30 62.7 54.9 54.9
4937 0.1 10 0 0 4737 0.0 10 0 0 60 62.5 54.7 54.7
4937 0.1 10 0 0 4737 0.0 10 0 0 90 62.2 54.4 54.4
4937 0.1 10 0 0 4737 0.0 10 0 0 120 61.9 54.2 54.2
4937 0.1 10 0 0 4737 0.0 10 0 0 150 61.5 54.0 54.0
4937 0.1 10 0 0 4737 0.0 10 0 0 180 61.4 54.0 54.0
4937 0.1 10 0 0 4737 0.0 20 0 0 0 62.3 53.8 53.8
4937 0.1 10 0 0 4737 0.0 20 0 0 30 62.5 53.8 53.8
4937 0.1 10 0 0 4737 0.0 20 0 0 60 62.3 53.7 53.7
4937 0.1 10 0 0 4737 0.0 20 0 0 90 62.0 53.4 53.4
4937 0.1 10 0 0 4737 0.0 20 0 0 120 61.7 53.1 53.1
4937 0.1 10 0 0 4737 0.0 20 0 0 150 61.3 52.9 52.9
4937 0.1 10 0 0 4737 0.0 20 0 0 180 61.2 52.9 52.9
4937 0.1 10 0 0 4737 0.0 30 0 0 0 62.0 51.9 51.9
4937 0.1 10 0 0 4737 0.0 30 0 0 30 62.2 52.0 52.0
4937 0.1 10 0 0 4737 0.0 30 0 0 60 62.0 51.7 51.7
4937 0.1 10 0 0 4737 0.0 30 0 0 90 61.7 51.2 51.2
4937 0.1 10 0 0 4737 0.0 30 0 0 120 61.3 50.7 50.7
4937 0.1 10 0 0 4737 0.0 30 0 0 150 61.0 50.4 50.4
4937 0.1 10 0 0 4737 0.0 30 0 0 180 60.9 50.4 50.4
4937 0.1 10 0 0 4737 0.0 40 0 0 0 61.6 51.9 51.9
4937 0.1 10 0 0 4737 0.0 40 0 0 30 61.7 52.1 52.1
4937 0.1 10 0 0 4737 0.0 40 0 0 60 61.5 51.8 51.8
4937 0.1 10 0 0 4737 0.0 40 0 0 90 61.2 51.3 51.3
4937 0.1 10 0 0 4737 0.0 40 0 0 120 60.8 50.8 50.8
4937 0.1 10 0 0 4737 0.0 40 0 0 150 60.5 50.4 50.4
4937 0.1 10 0 0 4737 0.0 40 0 0 180 60.4 50.3 50.3
4937 0.1 10 0 0 4737 0.0 50 0 0 0 60.8 52.8 52.8
4937 0.1 10 0 0 4737 0.0 50 0 0 30 60.9 52.8 52.8
4937 0.1 10 0 0 4737 0.0 50 0 0 60 60.7 52.5 52.5
4937 0.1 10 0 0 4737 0.0 50 0 0 90 60.4 51.9 51.9
4937 0.1 10 0 0 4737 0.0 50 0 0 120 60.0 51.5 51.5
4937 0.1 10 0 0 4737 0.0 50 0 0 150 59.7 51.2 51.2
4937 0.1 10 0 0 4737 0.0 50 0 0 180 59.6 51.1 51.1
4937 0.1 10 0 0 4737 0.0 60 0 0 0 59.4 53.6 53.6
4937 0.1 10 0 0 4737 0.0 60 0 0 30 59.6 53.7 53.7
4937 0.1 10 0 0 4737 0.0 60 0 0 60 59.4 53.6 53.6
4937 0.1 10 0 0 4737 0.0 60 0 0 90 59.1 53.2 53.2
4937 0.1 10 0 0 4737 0.0 60 0 0 120 58.7 52.9 52.9
4937 0.1 10 0 0 4737 0.0 60 0 0 150 58.5 52.7 52.7
4937 0.1 10 0 0 4737 0.0 60 0 0 180 58.5 52.5 52.5
4937 0.1 10 0 0 4737 0.1 0 0 0 0 62.4 54.7 54.7
4937 0.1 10 0 0 4737 0.1 0 0 0 30 62.6 54.8 54.8
4937 0.1 10 0 0 4737 0.1 0 0 0 60 62.4 54.7 54.7
4937 0.1 10 0 0 4737 0.1 0 0 0 90 62.1 54.4 54.4
4937 0.1 10 0 0 4737 0.1 0 0 0 120 61.8 54.2 54.2
4937 0.1 10 0 0 4737 0.1 0 0 0 150 61.4 53.9 53.9
4937 0.1 10 0 0 4737 0.1 0 0 0 180 61.3 53.8 53.8
4937 0.1 10 0 0 4737 0.1 10 0 0 0 62.4 54.5 54.5
4937 0.1 10 0 0 4737 0.1 10 0 0 30 62.5 54.6 54.6
4937 0.1 10 0 0 4737 0.1 10 0 0 60 62.4 54.5 54.5
4937 0.1 10 0 0 4737 0.1 10 0 0 90 62.1 54.2 54.2
4937 0.1 10 0 0 4737 0.1 10 0 0 120 61.7 54.0 54.0
4937 0.1 10 0 0 4737 0.1 10 0 0 150 61.4 53.7 53.7
4937 0.1 10 0 0 4737 0.1 10 0 0 180 61.2 53.6 53.6
4937 0.1 10 0 0 4737 0.1 20 0 0 0 62.2 53.5 53.5
4937 0.1 10 0 0 4737 0.1 20 0 0 30 62.3 53.6 53.6
4937 0.1 10 0 0 4737 0.1 20 0 0 60 62.2 53.5 53.5
4937 0.1 10 0 0 4737 0.1 20 0 0 90 61.9 53.2 53.2
4937 0.1 10 0 0 4737 0.1 20 0 0 120 61.5 52.9 52.9
4937 0.1 10 0 0 4737 0.1 20 0 0 150 61.2 52.6 52.6
4937 0.1 10 0 0 4737 0.1 20 0 0 180 61.0 52.4 52.4
4937 0.1 10 0 0 4737 0.1 30 0 0 0 61.9 51.6 51.6
4937 0.1 10 0 0 4737 0.1 30 0 0 30 62.0 51.7 51.7
4937 0.1 10 0 0 4737 0.1 30 0 0 60 61.9 51.6 51.6
4937 0.1 10 0 0 4737 0.1 30 0 0 90 61.6 51.2 51.2
4937 0.1 10 0 0 4737 0.1 30 0 0 120 61.2 50.7 50.7
4937 0.1 10 0 0 4737 0.1 30 0 0 150 60.8 50.2 50.2
4937 0.1 10 0 0 4737 0.1 30 0 0 180 60.7 49.9 49.9
4937 0.1 10 0 0 4737 0.1 40 0 0 0 61.4 51.6 51.6
4937 0.1 10 0 0 4737 0.1 40 0 0 30 61.5 51.7 51.7
4937 0.1 10 0 0 4737 0.1 40 0 0 60 61.4 51.7 51.7
4937 0.1 10 0 0 4737 0.1 40 0 0 90 61.1 51.3 51.3
4937 0.1 10 0 0 4737 0.1 40 0 0 120 60.7 50.9 50.9
4937 0.1 10 0 0 4737 0.1 40 0 0 150 60.3 50.3 50.3
4937 0.1 10 0 0 4737 0.1 40 0 0 180 60.2 50.0 50.0
4937 0.1 10 0 0 4737 0.1 50 0 0 0 60.7 52.5 52.5
4937 0.1 10 0 0 4737 0.1 50 0 0 30 60.8 52.7 52.7
4937 0.1 10 0 0 4737 0.1 50 0 0 60 60.7 52.5 52.5
4937 0.1 10 0 0 4737 0.1 50 0 0 90 60.3 52.1 52.1
4937 0.1 10 0 0 4737 0.1 50 0 0 120 59.9 51.5 51.5
4937 0.1 10 0 0 4737 0.1 50 0 0 150 59.5 51.0 51.0
4937 0.1 10 0 0 4737 0.1 50 0 0 180 59.3 50.6 50.6
4937 0.1 10 0 0 4737 0.1 60 0 0 0 59.3 53.2 53.2
4937 0.1 10 0 0 4737 0.1 60 0 0 30 59.5 53.4 53.4
4937 0.1 10 0 0 4737 0.1 60 0 0 60 59.4 53.4 53.4
4937 0.1 10 0 0 4737 0.1 60 0 0 90 59.1 53.2 53.2
4937 0.1 10 0 0 4737 0.1 60 0 0 120 58.7 52.9 52.9
4937 0.1 10 0 0 4737 0.1 60 0 0 150 58.3 52.5 52.5
4937 0.1 10 0 0 4737 0.1 60 0 0 180 58.1 52.1 52.1
4937 0.1 10 0 0 4737 0.2 0 0 0 0 62.3 54.4 54.4
4937 0.1 10 0 0 4737 0.2 0 0 0 30 62.4 54.5 54.5
4937 0.1 10 0 0 4737 0.2 0 0 0 60 62.3 54.4 54.4
4937 0.1 10 0 0 4737 0.2 0 0 0 90 62.0 54.2 54.2
4937 0.1 10 0 0 4737 0.2 0 0 0 120 61.7 53.9 53.9
4937 0.1 10 0 0 4737 0.2 0 0 0 150 61.2 53.6 53.6
4937 0.1 10 0 0 4737 0.2 0 0 0 180 61.1 53.4 53.4
4937 0.1 10 0 0 4737 0.2 10 0 0 0 62.2 54.1 54.1
4937 0.1 10 0 0 4737 0.2 10 0 0 30 62.3 54.2 54.2
4937 0.1 10 0 0 4737 0.2 10 0 0 60 62.2 54.2 54.2
4937 0.1 10 0 0 4737 0.2 10 0 0 90 62.0 54.0 54.0
4937 0.1 10 0 0 4737 0.2 10 0 0 120 61.6 53.7 53.7
4937 0.1 10 0 0 4737 0.2 10 0 0 150 61.2 53.4 53.4
4937 0.1 10 0 0 4737 0.2 10 0 0 180 61.0 53.1 53.1
4937 0.1 10 0 0 4737 0.2 20 0 0 0 62.0 53.1 53.1
4937 0.1 10 0 0 4737 0.2 20 0 0 30 62.1 53.3 53.3
4937 0.1 10 0 0 4737 0.2 20 0 0 60 62.1 53.3 53.3
4937 0.1 10 0 0 4737 0.2 20 0 0 90 61.8 53.0 53.0
4937 0.1 10 0 0 4737 0.2 20 0 0 120 61.4 52.6 52.6
4937 0.1 10 0 0 4737 0.2 20 0 0 150 61.0 52.3 52.3
4937 0.1 10 0 0 4737 0.2 20 0 0 180 60.8 51.9 51.9
4937 0.1 10 0 0 4737 0.2 30 0 0 0 61.7 51.4 51.4
4937 0.1 10 0 0 4737 0.2 30 0 0 30 61.8 51.5 51.5
4937 0.1 10 0 0 4737 0.2 30 0 0 60 61.8 51.4 51.4
4937 0.1 10 0 0 4737 0.2 30 0 0 90 61.5 51.1 51.1
4937 0.1 10 0 0 4737 0.2 30 0 0 120 61.1 50.7 50.7
4937 0.1 10 0 0 4737 0.2 30 0 0 150 60.6 50.1 50.1
4937 0.1 10 0 0 4737 0.2 30 0 0 180 60.5 49.6 49.6
4937 0.1 10 0 0 4737 0.2 40 0 0 0 61.2 51.5 51.5
4937 0.1 10 0 0 4737 0.2 40 0 0 30 61.4 51.6 51.6
4937 0.1 10 0 0 4737 0.2 40 0 0 60 61.3 51.5 51.5
4937 0.1 10 0 0 4737 0.2 40 0 0 90 61.0 51.3 51.3
4937 0.1 10 0 0 4737 0.2 40 0 0 120 60.6 50.9 50.9
4937 0.1 10 0 0 4737 0.2 40 0 0 150 60.1 50.3 50.3
4937 0.1 10 0 0 4737 0.2 40 0 0 180 59.9 49.7 49.7
4937 0.1 10 0 0 4737 0.2 50 0 0 0 60.5 52.1 52.1
4937 0.1 10 0 0 4737 0.2 50 0 0 30 60.7 52.3 52.3
4937 0.1 10 0 0 4737 0.2 50 0 0 60 60.6 52.4 52.4
4937 0.1 10 0 0 4737 0.2 50 0 0 90 60.3 52.1 52.1
4937 0.1 10 0 0 4737 0.2 50 0 0 120 59.9 51.6 51.6
4937 0.1 10 0 0 4737 0.2 50 0 0 150 59.3 51.0 51.0
4937 0.1 10 0 0 4737 0.2 50 0 0 180 59.1 50.5 50.5
4937 0.1 10 0 0 4737 0.2 60 0 0 0 59.1 52.8 52.8
4937 0.1 10 0 0 4737 0.2 60 0 0 30 59.4 53.1 53.1
4937 0.1 10 0 0 4737 0.2 60 0 0 60 59.4 53.2 53.2
4937 0.1 10 0 0 4737 0.2 60 0 0 90 59.2 53.1 53.1
4937 0.1 10 0 0 4737 0.2 60 0 0 120 58.8 52.7 52.7
4937 0.1 10 0 0 4737 0.2 60 0 0 150 58.2 52.3 52.3
4937 0.1 10 0 0 4737 0.2 60 0 0 180 57.8 51.8 51.8
4937 0.1 10 0 0 4737 0.3 0 0 0 0 62.1 54.0 54.0
4937 0.1 10 0 0 4737 0.3 0 0 0 30 62.1 54.0 54.0
4937 0.1 10 0 0 4737 0.3 0 0 0 60 62.1 54.0 54.0
4937 0.1 10 0 0 4737 0.3 0 0 0 90 61.9 53.9 53.9
4937 0.1 10 0 0 4737 0.3 0 0 0 120 61.5 53.6 53.6
4937 0.1 10 0 0 4737 0.3 0 0 0 150 61.1 53.3 53.3
4937 0.1 10 0 0 4737 0.3 0 0 0 180 60.9 52.9 52.9
4937 0.1 10 0 0 4737 0.3 10 0 0 0 62.0 53.7 53.7
4937 0.1 10 0 0 4737 0.3 10 0 0 30 62.1 53.8 53.8
4937 0.1 10 0 0 4737 0.3 10 0 0 60 62.0 53.8 53.8
4937 0.1 10 0 0 4737 0.3 10 0 0 90 61.9 53.7 53.7
4937 0.1 10 0 0 4737 0.3 10 0 0 120 61.5 53.4 53.4
4937 0.1 10 0 0 4737 0.3 10 0 0 150 61.0 53.1 53.1
4937 0.1 10 0 0 4737 0.3 10 0 0 180 60.8 52.6 52.6
4937 0.1 10 0 0 4737 0.3 20 0 0 0 61.9 52.7 52.7
4937 0.1 10 0 0 4737 0.3 20 0 0 30 61.9 52.8 52.8
4937 0.1 10 0 0 4737 0.3 20 0 0 60 61.9 52.9 52.9
4937 0.1 10 0 0 4737 0.3 20 0 0 90 61.7 52.7 52.7
4937 0.1 10 0 0 4737 0.3 20 0 0 120 61.3 52.3 52.3
4937 0.1 10 0 0 4737 0.3 20 0 0 150 60.8 51.8 51.8
4937 0.1 10 0 0 4737 0.3 20 0 0 180 60.6 51.1 51.1
4937 0.1 10 0 0 4737 0.3 30 0 0 0 61.6 51.3 51.3
4937 0.1 10 0 0 4737 0.3 30 0 0 30 61.6 51.4 51.4
4937 0.1 10 0 0 4737 0.3 30 0 0 60 61.6 51.3 51.3
4937 0.1 10 0 0 4737 0.3 30 0 0 90 61.4 51.1 51.1
4937 0.1 10 0 0 4737 0.3 30 0 0 120 61.0 50.7 50.7
4937 0.1 10 0 0 4737 0.3 30 0 0 150 60.4 50.2 50.2
4937 0.1 10 0 0 4737 0.3 30 0 0 180 60.3 49.6 49.6
4937 0.1 10 0 0 4737 0.3 40 0 0 0 61.1 51.4 51.4
4937 0.1 10 0 0 4737 0.3 40 0 0 30 61.2 51.5 51.5
4937 0.1 10 0 0 4737 0.3 40 0 0 60 61.2 51.4 51.4
4937 0.1 10 0 0 4737 0.3 40 0 0 90 61.0 51.3 51.3
4937 0.1 10 0 0 4737 0.3 40 0 0 120 60.5 50.9 50.9
4937 0.1 10 0 0 4737 0.3 40 0 0 150 59.9 50.5 50.5
4937 0.1 10 0 0 4737 0.3 40 0 0 180 59.7 49.8 49.8
4937 0.1 10 0 0 4737 0.3 50 0 0 0 60.4 51.8 51.8
4937 0.1 10 0 0 4737 0.3 50 0 0 30 60.5 52.0 52.0
4937 0.1 10 0 0 4737 0.3 50 0 0 60 60.6 52.2 52.2
4937 0.1 10 0 0 4737 0.3 50 0 0 90 60.4 52.1 52.1
4937 0.1 10 0 0 4737 0.3 50 0 0 120 59.9 51.8 51.8
4937 0.1 10 0 0 4737 0.3 50 0 0 150 59.2 51.1 51.1
4937 0.1 10 0 0 4737 0.3 50 0 0 180 58.8 50.3 50.3
4937 0.1 10 0 0 4737 0.3 60 0 0 0 58.9 52.3 52.3
4937 0.1 10 0 0 4737 0.3 60 0 0 30 59.1 52.6 52.6
4937 0.1 10 0 0 4737 0.3 60 0 0 60 59.2 52.8 52.8
4937 0.1 10 0 0 4737 0.3 60 0 0 90 59.2 52.9 52.9
4937 0.1 10 0 0 4737 0.3 60 0 0 120 59.0 52.6 52.6
4937 0.1 10 0 0 4737 0.3 60 0 0 150 58.2 52.2 52.2
4937 0.1 10 0 0 4737 0.3 60 0 0 180 57.4 51.5 51.5
4937 0.1 10 0 0 4737 0.4 0 0 0 0 61.9 53.5 53.5
4937 0.1 10 0 0 4737 0.4 0 0 0 30 62.0 53.5 53.5
4937 0.1 10 0 0 4737 0.4 0 0 0 60 61.9 53.5 53.5
4937 0.1 10 0 0 4737 0.4 0 0 0 90 61.8 53.5 53.5
4937 0.1 10 0 0 4737 0.4 0 0 0 120 61.4 53.3 53.3
4937 0.1 10 0 0 4737 0.4 0 0 0 150 60.9 52.9 52.9
4937 0.1 10 0 0 4737 0.4 0 0 0 180 60.7 52.3 52.3
4937 0.1 10 0 0 4737 0.4 10 0 0 0 61.9 53.2 53.2
4937 0.1 10 0 0 4737 0.4 10 0 0 30 61.9 53.3 53.3
4937 0.1 10 0 0 4737 0.4 10 0 0 60 61.9 53.3 53.3
4937 0.1 10 0 0 4737 0.4 10 0 0 90 61.8 53.3 53.3
4937 0.1 10 0 0 4737 0.4 10 0 0 120 61.4 53.1 53.1
4937 0.1 10 0 0 4737 0.4 10 0 0 150 60.8 52.6 52.6
4937 0.1 10 0 0 4737 0.4 10 0 0 180 60.6 52.0 52.0
4937 0.1 10 0 0 4737 0.4 20 0 0 0 61.7 52.1 52.1
4937 0.1 10 0 0 4737 0.4 20 0 0 30 61.8 52.3 52.3
4937 0.1 10 0 0 4737 0.4 20 0 0 60 61.7 52.3 52.3
4937 0.1 10 0 0 4737 0.4 20 0 0 90 61.6 52.1 52.1
4937 0.1 10 0 0 4737 0.4 20 0 0 120 61.2 51.7 51.7
4937 0.1 10 0 0 4737 0.4 20 0 0 150 60.6 51.0 51.0
4937 0.1 10 0 0 4737 0.4 20 0 0 180 60.4 50.2 50.2
4937 0.1 10 0 0 4737 0.4 30 0 0 0 61.4 51.6 51.6
4937 0.1 10 0 0 4737 0.4 30 0 0 30 61.5 51.5 51.5
4937 0.1 10 0 0 4737 0.4 30 0 0 60 61.5 51.5 51.5
4937 0.1 10 0 0 4737 0.4 30 0 0 90 61.4 51.3 51.3
4937 0.1 10 0 0 4737 0.4 30 0 0 120 61.0 50.8 50.8
4937 0.1 10 0 0 4737 0.4 30 0 0 150 60.3 50.2 50.2
4937 0.1 10 0 0 4737 0.4 30 0 0 180 60.0 49.5 49.5
4937 0.1 10 0 0 4737 0.4 40 0 0 0 61.0 51.5 51.5
4937 0.1 10 0 0 4737 0.4 40 0 0 30 61.1 51.6 51.6
4937 0.1 10 0 0 4737 0.4 40 0 0 60 61.1 51.6 51.6
4937 0.1 10 0 0 4737 0.4 40 0 0 90 61.0 51.5 51.5
4937 0.1 10 0 0 4737 0.4 40 0 0 120 60.6 51.1 51.1
4937 0.1 10 0 0 4737 0.4 40 0 0 150 59.8 50.4 50.4
4937 0.1 10 0 0 4737 0.4 40 0 0 180 59.4 49.8 49.8
4937 0.1 10 0 0 4737 0.4 50 0 0 0 60.2 51.6 51.6
4937 0.1 10 0 0 4737 0.4 50 0 0 30 60.4 51.8 51.8
4937 0.1 10 0 0 4737 0.4 50 0 0 60 60.5 51.9 51.9
4937 0.1 10 0 0 4737 0.4 50 0 0 90 60.4 52.0 52.0
4937 0.1 10 0 0 4737 0.4 50 0 0 120 60.1 51.8 51.8
4937 0.1 10 0 0 4737 0.4 50 0 0 150 59.2 51.2 51.2
4937 0.1 10 0 0 4737 0.4 50 0 0 180 58.4 50.4 50.4
4937 0.1 10 0 0 4737 0.4 60 0 0 0 58.4 51.9 51.9
4937 0.1 10 0 0 4737 0.4 60 0 0 30 58.6 52.1 52.1
4937 0.1 10 0 0 4737 0.4 60 0 0 60 58.9 52.3 52.3
4937 0.1 10 0 0 4737 0.4 60 0 0 90 59.0 52.4 52.4
4937 0.1 10 0 0 4737 0.4 60 0 0 120 59.0 52.4 52.4
4937 0.1 10 0 0 4737 0.4 60 0 0 150 58.3 52.1 52.1
4937 0.1 10 0 0 4737 0.4 60 0 0 180 57.0 51.2 51.2
4937 0.1 10 0 0 4737 0.5 0 0 0 0 61.8 52.6 52.6
4937 0.1 10 0 0 4737 0.5 0 0 0 30 61.8 52.7 52.7
4937 0.1 10 0 0 4737 0.5 0 0 0 60 61.8 52.7 52.7
4937 0.1 10 0 0 4737 0.5 0 0 0 90 61.7 52.7 52.7
4937 0.1 10 0 0 4737 0.5 0 0 0 120 61.4 52.7 52.7
4937 0.1 10 0 0 4737 0.5 0 0 0 150 60.8 52.2 52.2
4937 0.1 10 0 0 4737 0.5 0 0 0 180 60.4 51.3 51.3
4937 0.1 10 0 0 4737 0.5 10 0 0 0 61.8 52.2 52.2
4937 0.1 10 0 0 4737 0.5 10 0 0 30 61.8 52.3 52.3
4937 0.1 10 0 0 4737 0.5 10 0 0 60 61.8 52.5 52.5
4937 0.1 10 0 0 4737 0.5 10 0 0 90 61.7 52.4 52.4
4937 0.1 10 0 0 4737 0.5 10 0 0 120 61.4 52.3 52.3
4937 0.1 10 0 0 4737 0.5 10 0 0 150 60.7 51.8 51.8
4937 0.1 10 0 0 4737 0.5 10 0 0 180 60.3 50.8 50.8
4937 0.1 10 0 0 4737 0.5 20 0 0 0 61.6 52.3 52.3
4937 0.1 10 0 0 4737 0.5 20 0 0 30 61.7 52.4 52.4
4937 0.1 10 0 0 4737 0.5 20 0 0 60 61.7 52.4 52.4
4937 0.1 10 0 0 4737 0.5 20 0 0 90 61.6 52.2 52.2
4937 0.1 10 0 0 4737 0.5 20 0 0 120 61.3 51.8 51.8
4937 0.1 10 0 0 4737 0.5 20 0 0 150 60.5 51.0 51.0
4937 0.1 10 0 0 4737 0.5 20 0 0 180 60.1 49.8 49.8
4937 0.1 10 0 0 4737 0.5 30 0 0 0 61.3 52.0 52.0
4937 0.1 10 0 0 4737 0.5 30 0 0 30 61.4 52.0 52.0
4937 0.1 10 0 0 4737 0.5 30 0 0 60 61.4 52.0 52.0
4937 0.1 10 0 0 4737 0.5 30 0 0 90 61.3 51.7 51.7
4937 0.1 10 0 0 4737 0.5 30 0 0 120 61.1 51.3 51.3
4937 0.1 10 0 0 4737 0.5 30 0 0 150 60.3 50.6 50.6
4937 0.1 10 0 0 4737 0.5 30 0 0 180 59.6 49.4 49.4
4937 0.1 10 0 0 4737 0.5 40 0 0 0 60.8 51.6 51.6
4937 0.1 10 0 0 4737 0.5 40 0 0 30 61.0 51.7 51.7
4937 0.1 10 0 0 4737 0.5 40 0 0 60 61.0 51.9 51.9
4937 0.1 10 0 0 4737 0.5 40 0 0 90 61.0 51.8 51.8
4937 0.1 10 0 0 4737 0.5 40 0 0 120 60.8 51.5 51.5
4937 0.1 10 0 0 4737 0.5 40 0 0 150 59.8 50.8 50.8
4937 0.1 10 0 0 4737 0.5 40 0 0 180 58.9 49.8 49.8
4937 0.1 10 0 0 4737 0.5 50 0 0 0 60.0 51.5 51.5
4937 0.1 10 0 0 4737 0.5 50 0 0 30 60.2 51.7 51.7
4937 0.1 10 0 0 4737 0.5 50 0 0 60 60.3 51.8 51.8
4937 0.1 10 0 0 4737 0.5 50 0 0 90 60.4 51.9 51.9
4937 0.1 10 0 0 4737 0.5 50 0 0 120 60.3 51.8 51.8
4937 0.1 10 0 0 4737 0.5 50 0 0 150 59.3 51.3 51.3
4937 0.1 10 0 0 4737 0.5 50 0 0 180 57.9 50.4 50.4
4937 0.1 10 0 0 4737 0.5 60 0 0 0 58.3 51.7 51.7
4937 0.1 10 0 0 4737 0.5 60 0 0 30 58.5 51.7 51.7
4937 0.1 10 0 0 4737 0.5 60 0 0 60 58.7 51.9 51.9
4937 0.1 10 0 0 4737 0.5 60 0 0 90 59.0 52.0 52.0
4937 0.1 10 0 0 4737 0.5 60 0 0 120 59.0 52.1 52.1
4937 0.1 10 0 0 4737 0.5 60 0 0 150 58.4 52.0 52.0
4937 0.1 10 0 0 4737 0.5 60 0 0 180 56.6 51.1 51.1
4937 0.1 10 0 0 4937 0.0 0 0 0 0 41.1 36.1 36.1
4937 0.1 10 0 0 4937 0.0 0 0 0 30 48.8 42.9 42.9
4937 0.1 10 0 0 4937 0.0 0 0 0 60 57.1 51.3 51.3
4937 0.1 10 0 0 4937 0.0 0 0 0 90 65.4 59.7 59.7
4937 0.1 10 0 0 4937 0.0 0 0 0 120 73.7 66.1 66.1
4937 0.1 10 0 0 4937 0.0 0 0 0 150 77.0 66.1 66.1
4937 0.1 10 0 0 4937 0.0 0 0 0 180 77.0 66.1 66.1
4937 0.1 10 0 0 4937 0.0 10 0 0 0 41.1 35.4 35.4
4937 0.1 10 0 0 4937 0.0 10 0 0 30 48.7 42.7 42.7
4937 0.1 10 0 0 4937 0.0 10 0 0 60 57.0 51.1 51.1
4937 0.1 10 0 0 4937 0.0 10 0 0 90 65.3 59.5 59.5
4937 0.1 10 0 0 4937 0.0 10 0 0 120 73.6 65.3 65.3
4937 0.1 10 0 0 4937 0.0 10 0 0 150 76.9 65.8 65.8
4937 0.1 10 0 0 4937 0.0 10 0 0 180 76.9 65.8 65.8
4937 0.1 10 0 0 4937 0.0 20 0 0 0 41.0 35.6 35.6
4937 0.1 10 0 0 4937 0.0 20 0 0 30 48.5 41.9 41.9
4937 0.1 10 0 0 4937 0.0 20 0 0 60 56.8 50.3 50.3
4937 0.1 10 0 0 4937 0.0 20 0 0 90 65.0 58.1 58.1
4937 0.1 10 0 0 4937 0.0 20 0 0 120 73.3 63.2 63.2
4937 0.1 10 0 0 4937 0.0 20 0 0 150 76.6 64.5 64.5
4937 0.1 10 0 0 4937 0.0 20 0 0 180 76.6 64.5 64.5
4937 0.1 10 0 0 4937 0.0 30 0 0 0 40.7 36.4 36.4
4937 0.1 10 0 0 4937 0.0 30 0 0 30 48.1 41.5 41.5
4937 0.1 10 0 0 4937 0.0 30 0 0 60 56.4 48.1 48.1
4937 0.1 10 0 0 4937 0.0 30 0 0 90 64.7 54.4 54.4
4937 0.1 10 0 0 4937 0.0 30 0 0 120 72.9 59.2 59.2
4937 0.1 10 0 0 4937 0.0 30 0 0 150 76.1 61.4 61.4
4937 0.1 10 0 0 4937 0.0 30 0 0 180 76.1 61.5 61.5
4937 0.1 10 0 0 4937 0.0 40 0 0 0 40.5 38.0 38.0
4937 0.1 10 0 0 4937 0.0 40 0 0 30 47.5 41.9 41.9
4937 0.1 10 0 0 4937 0.0 40 0 0 60 55.8 47.8 47.8
4937 0.1 10 0 0 4937 0.0 40 0 0 90 64.1 53.5 53.5
4937 0.1 10 0 0 4937 0.0 40 0 0 120 72.4 58.3 58.3
4937 0.1 10 0 0 4937 0.0 40 0 0 150 75.4 61.1 61.1
4937 0.1 10 0 0 4937 0.0 40 0 0 180 75.4 61.5 61.5
4937 0.1 10 0 0 4937 0.0 50 0 0 0 40.6 39.8 39.8
4937 0.1 10 0 0 4937 0.0 50 0 0 30 46.8 42.8 42.8
4937 0.1 10 0 0 4937 0.0 50 0 0 60 55.1 48.1 48.1
4937 0.1 10 0 0 4937 0.0 50 0 0 90 63.4 53.5 53.5
4937 0.1 10 0 0 4937 0.0 50 0 0 120 71.3 58.2 58.2
4937 0.1 10 0 0 4937 0.0 50 0 0 150 74.2 61.2 61.2
4937 0.1 10 0 0 4937 0.0 50 0 0 180 74.2 62.4 62.4
4937 0.1 10 0 0 4937 0.0 60 0 0 0 41.0 42.0 42.0
4937 0.1 10 0 0 4937 0.0 60 0 0 30 45.6 44.7 44.7
4937 0.1 10 0 0 4937 0.0 60 0 0 60 53.9 49.0 49.0
4937 0.1 10 0 0 4937 0.0 60 0 0 90 62.2 54.1 54.1
4937 0.1 10 0 0 4937 0.0 60 0 0 120 69.2 58.8 58.8
4937 0.1 10 0 0 4937 0.0 60 0 0 150 72.1 61.9 61.9
4937 0.1 10 0 0 4937 0.0 60 0 0 180 72.2 63.7 63.7
4937 0.1 10 0 0 4937 0.1 0 0 0 0 40.5 35.3 35.3
4937 0.1 10 0 0 4937 0.1 0 0 0 30 47.4 41.3 41.3
4937 0.1 10 0 0 4937 0.1 0 0 0 60 54.5 48.6 48.6
4937 0.1 10 0 0 4937 0.1 0 0 0 90 62.3 56.4 56.4
4937 0.1 10 0 0 4937 0.1 0 0 0 120 70.9 64.2 64.2
4937 0.1 10 0 0 4937 0.1 0 0 0 150 76.3 66.0 66.0
4937 0.1 10 0 0 4937 0.1 0 0 0 180 77.0 65.9 65.9
4937 0.1 10 0 0 4937 0.1 10 0 0 0 40.4 34.3 34.3
4937 0.1 10 0 0 4937 0.1 10 0 0 30 47.2 41.1 41.1
4937 0.1 10 0 0 4937 0.1 10 0 0 60 54.4 48.3 48.3
4937 0.1 10 0 0 4937 0.1 10 0 0 90 62.1 56.2 56.2
4937 0.1 10 0 0 4937 0.1 10 0 0 120 70.8 62.9 62.9
4937 0.1 10 0 0 4937 0.1 10 0 0 150 76.2 65.6 65.6
4937 0.1 10 0 0 4937 0.1 10 0 0 180 76.9 65.6 65.6
4937 0.1 10 0 0 4937 0.1 20 0 0 0 40.2 34.6 34.6
4937 0.1 10 0 0 4937 0.1 20 0 0 30 47.0 40.3 40.3
4937 0.1 10 0 0 4937 0.1 20 0 0 60 54.1 47.6 47.6
4937 0.1 10 0 0 4937 0.1 20 0 0 90 61.9 54.9 54.9
4937 0.1 10 0 0 4937 0.1 20 0 0 120 70.5 60.6 60.6
4937 0.1 10 0 0 4937 0.1 20 0 0 150 76.0 64.2 64.2
4937 0.1 10 0 0 4937 0.1 20 0 0 180 76.7 64.4 64.4
4937 0.1 10 0 0 4937 0.1 30 0 0 0 39.8 36.1 36.1
4937 0.1 10 0 0 4937 0.1 30 0 0 30 46.6 39.6 39.6
4937 0.1 10 0 0 4937 0.1 30 0 0 60 53.7 45.3 45.3
4937 0.1 10 0 0 4937 0.1 30 0 0 90 61.5 51.2 51.2
4937 0.1 10 0 0 4937 0.1 30 0 0 120 70.1 56.6 56.6
4937 0.1 10 0 0 4937 0.1 30 0 0 150 75.5 60.5 60.5
4937 0.1 10 0 0 4937 0.1 30 0 0 180 76.2 61.3 61.3
4937 0.1 10 0 0 4937 0.1 40 0 0 0 39.7 37.8 37.8
4937 0.1 10 0 0 4937 0.1 40 0 0 30 46.1 40.1 40.1
4937 0.1 10 0 0 4937 0.1 40 0 0 60 53.2 45.0 45.0
4937 0.1 10 0 0 4937 0.1 40 0 0 90 61.0 50.4 50.4
4937 0.1 10 0 0 4937 0.1 40 0 0 120 69.6 55.6 55.6
4937 0.1 10 0 0 4937 0.1 40 0 0 150 74.7 59.6 59.6
4937 0.1 10 0 0 4937 0.1 40 0 0 180 75.4 61.2 61.2
4937 0.1 10 0 0 4937 0.1 50 0 0 0 40.0 39.5 39.5
4937 0.1 10 0 0 4937 0.1 50 0 0 30 45.3 41.4 41.4
4937 0.1 10 0 0 4937 0.1 50 0 0 60 52.4 45.2 45.2
4937 0.1 10 0 0 4937 0.1 50 0 0 90 60.2 50.4 50.4
4937 0.1 10 0 0 4937 0.1 50 0 0 120 68.8 55.5 55.5
4937 0.1 10 0 0 4937 0.1 50 0 0 150 73.4 59.7 59.7
4937 0.1 10 0 0 4937 0.1 50 0 0 180 74.2 62.1 62.1
4937 0.1 10 0 0 4937 0.1 60 0 0 0 40.5 41.8 41.8
4937 0.1 10 0 0 4937 0.1 60 0 0 30 44.6 43.5 43.5
4937 0.1 10 0 0 4937 0.1 60 0 0 60 51.3 46.7 46.7
4937 0.1 10 0 0 4937 0.1 60 0 0 90 59.1 51.0 51.0
4937 0.1 10 0 0 4937 0.1 60 0 0 120 67.1 55.9 55.9
4937 0.1 10 0 0 4937 0.1 60 0 0 150 71.3 60.1 60.1
4937 0.1 10 0 0 4937 0.1 60 0 0 180 72.2 63.0 63.0
4937 0.1 10 0 0 4937 0.2 0 0 0 0 41.2 35.7 35.7
4937 0.1 10 0 0 4937 0.2 0 0 0 30 46.1 39.9 39.9
4937 0.1 10 0 0 4937 0.2 0 0 0 60 52.1 46.0 46.0
4937 0.1 10 0 0 4937 0.2 0 0 0 90 59.2 53.2 53.2
4937 0.1 10 0 0 4937 0.2 0 0 0 120 67.8 61.2 61.2
4937 0.1 10 0 0 4937 0.2 0 0 0 150 74.5 65.7 65.7
4937 0.1 10 0 0 4937 0.2 0 0 0 180 77.0 65.7 65.7
4937 0.1 10 0 0 4937 0.2 10 0 0 0 41.1 34.8 34.8
4937 0.1 10 0 0 4937 0.2 10 0 0 30 46.0 39.7 39.7
4937 0.1 10 0 0 4937 0.2 10 0 0 60 52.0 45.8 45.8
4937 0.1 10 0 0 4937 0.2 10 0 0 90 59.0 52.9 52.9
4937 0.1 10 0 0 4937 0.2 10 0 0 120 67.7 60.0 60.0
4937 0.1 10 0 0 4937 0.2 10 0 0 150 74.5 64.8 64.8
4937 0.1 10 0 0 4937 0.2 10 0 0 180 76.9 65.4 65.4
4937 0.1 10 0 0 4937 0.2 20 0 0 0 41.0 34.6 34.6
4937 0.1 10 0 0 4937 0.2 20 0 0 30 45.7 38.9 38.9
4937 0.1 10 0 0 4937 0.2 20 0 0 60 51.7 45.0 45.0
4937 0.1 10 0 0 4937 0.2 20 0 0 90 58.8 51.6 51.6
4937 0.1 10 0 0 4937 0.2 20 0 0 120 67.5 57.7 57.7
4937 0.1 10 0 0 4937 0.2 20 0 0 150 74.3 62.7 62.7
4937 0.1 10 0 0 4937 0.2 20 0 0 180 76.7 64.1 64.1
4937 0.1 10 0 0 4937 0.2 30 0 0 0 41.0 35.9 35.9
4937 0.1 10 0 0 4937 0.2 30 0 0 30 45.3 38.2 38.2
4937 0.1 10 0 0 4937 0.2 30 0 0 60 51.3 42.7 42.7
4937 0.1 10 0 0 4937 0.2 30 0 0 90 58.4 48.2 48.2
4937 0.1 10 0 0 4937 0.2 30 0 0 120 67.1 53.9 53.9
4937 0.1 10 0 0 4937 0.2 30 0 0 150 73.8 59.0 59.0
4937 0.1 10 0 0 4937 0.2 30 0 0 180 76.2 61.3 61.3
4937 0.1 10 0 0 4937 0.2 40 0 0 0 40.9 37.5 37.5
4937 0.1 10 0 0 4937 0.2 40 0 0 30 44.8 39.1 39.1
4937 0.1 10 0 0 4937 0.2 40 0 0 60 50.8 42.4 42.4
4937 0.1 10 0 0 4937 0.2 40 0 0 90 57.8 47.4 47.4
4937 0.1 10 0 0 4937 0.2 40 0 0 120 66.5 52.9 52.9
4937 0.1 10 0 0 4937 0.2 40 0 0 150 73.1 58.1 58.1
4937 0.1 10 0 0 4937 0.2 40 0 0 180 75.4 61.2 61.2
4937 0.1 10 0 0 4937 0.2 50 0 0 0 40.9 39.3 39.3
4937 0.1 10 0 0 4937 0.2 50 0 0 30 44.4 40.6 40.6
4937 0.1 10 0 0 4937 0.2 50 0 0 60 50.0 43.3 43.3
4937 0.1 10 0 0 4937 0.2 50 0 0 90 57.1 47.4 47.4
4937 0.1 10 0 0 4937 0.2 50 0 0 120 65.7 52.8 52.8
4937 0.1 10 0 0 4937 0.2 50 0 0 150 71.9 57.9 57.9
4937 0.1 10 0 0 4937 0.2 50 0 0 180 74.1 61.5 61.5
4937 0.1 10 0 0 4937 0.2 60 0 0 0 41.2 41.4 41.4
4937 0.1 10 0 0 4937 0.2 60 0 0 30 44.1 42.6 42.6
4937 0.1 10 0 0 4937 0.2 60 0 0 60 49.1 44.9 44.9
4937 0.1 10 0 0 4937 0.2 60 0 0 90 55.9 48.4 48.4
4937 0.1 10 0 0 4937 0.2 60 0 0 120 64.3 53.0 53.0
4937 0.1 10 0 0 4937 0.2 60 0 0 150 69.9 58.2 58.2
4937 0.1 10 0 0 4937 0.2 60 0 0 180 72.0 62.1 62.1
4937 0.1 10 0 0 4937 0.3 0 0 0 0 43.1 36.9 36.9
4937 0.1 10 0 0 4937 0.3 0 0 0 30 45.0 39.4 39.4
4937 0.1 10 0 0 4937 0.3 0 0 0 60 49.9 43.6 43.6
4937 0.1 10 0 0 4937 0.3 0 0 0 90 56.1 50.0 50.0
4937 0.1 10 0 0 4937 0.3 0 0 0 120 64.6 57.9 57.9
4937 0.1 10 0 0 4937 0.3 0 0 0 150 72.4 64.1 64.1
4937 0.1 10 0 0 4937 0.3 0 0 0 180 76.6 65.3 65.3
4937 0.1 10 0 0 4937 0.3 10 0 0 0 43.1 36.6 36.6
4937 0.1 10 0 0 4937 0.3 10 0 0 30 44.9 38.6 38.6
4937 0.1 10 0 0 4937 0.3 10 0 0 60 49.8 43.4 43.4
4937 0.1 10 0 0 4937 0.3 10 0 0 90 56.0 49.7 49.7
4937 0.1 10 0 0 4937 0.3 10 0 0 120 64.5 56.7 56.7
4937 0.1 10 0 0 4937 0.3 10 0 0 150 72.4 62.9 62.9
4937 0.1 10 0 0 4937 0.3 10 0 0 180 76.5 65.1 65.1
4937 0.1 10 0 0 4937 0.3 20 0 0 0 43.0 36.0 36.0
4937 0.1 10 0 0 4937 0.3 20 0 0 30 44.8 38.1 38.1
4937 0.1 10 0 0 4937 0.3 20 0 0 60 49.5 42.6 42.6
4937 0.1 10 0 0 4937 0.3 20 0 0 90 55.7 48.2 48.2
4937 0.1 10 0 0 4937 0.3 20 0 0 120 64.2 54.4 54.4
4937 0.1 10 0 0 4937 0.3 20 0 0 150 72.2 60.6 60.6
4937 0.1 10 0 0 4937 0.3 20 0 0 180 76.2 63.7 63.7
4937 0.1 10 0 0 4937 0.3 30 0 0 0 43.0 36.3 36.3
4937 0.1 10 0 0 4937 0.3 30 0 0 30 44.7 37.8 37.8
4937 0.1 10 0 0 4937 0.3 30 0 0 60 49.1 40.6 40.6
4937 0.1 10 0 0 4937 0.3 30 0 0 90 55.3 45.3 45.3
4937 0.1 10 0 0 4937 0.3 30 0 0 120 63.8 51.2 51.2
4937 0.1 10 0 0 4937 0.3 30 0 0 150 71.7 57.3 57.3
4937 0.1 10 0 0 4937 0.3 30 0 0 180 75.7 61.3 61.3
4937 0.1 10 0 0 4937 0.3 40 0 0 0 42.9 37.5 37.5
4937 0.1 10 0 0 4937 0.3 40 0 0 30 44.6 38.7 38.7
4937 0.1 10 0 0 4937 0.3 40 0 0 60 48.6 40.9 40.9
4937 0.1 10 0 0 4937 0.3 40 0 0 90 54.8 44.6 44.6
4937 0.1 10 0 0 4937 0.3 40 0 0 120 63.3 50.2 50.2
4937 0.1 10 0 0 4937 0.3 40 0 0 150 71.0 56.3 56.3
4937 0.1 10 0 0 4937 0.3 40 0 0 180 74.8 60.9 60.9
4937 0.1 10 0 0 4937 0.3 50 0 0 0 42.8 39.0 39.0
4937 0.1 10 0 0 4937 0.3 50 0 0 30 44.5 40.0 40.0
4937 0.1 10 0 0 4937 0.3 50 0 0 60 48.1 41.9 41.9
4937 0.1 10 0 0 4937 0.3 50 0 0 90 54.0 45.0 45.0
4937 0.1 10 0 0 4937 0.3 50 0 0 120 62.5 49.9 49.9
4937 0.1 10 0 0 4937 0.3 50 0 0 150 70.0 56.0 56.0
4937 0.1 10 0 0 4937 0.3 50 0 0 180 73.5 61.0 61.0
4937 0.1 10 0 0 4937 0.3 60 0 0 0 43.0 40.9 40.9
4937 0.1 10 0 0 4937 0.3 60 0 0 30 44.5 41.8 41.8
4937 0.1 10 0 0 4937 0.3 60 0 0 60 47.8 43.5 43.5
4937 0.1 10 0 0 4937 0.3 60 0 0 90 53.1 46.2 46.2
4937 0.1 10 0 0 4937 0.3 60 0 0 120 61.0 50.3 50.3
4937 0.1 10 0 0 4937 0.3 60 0 0 150 68.0 56.1 56.1
4937 0.1 10 0 0 4937 0.3 60 0 0 180 71.2 61.2 61.2
4937 0.1 10 0 0 4937 0.4 0 0 0 0 45.2 38.7 38.7
4937 0.1 10 0 0 4937 0.4 0 0 0 30 46.0 39.8 39.8
4937 0.1 10 0 0 4937 0.4 0 0 0 60 48.0 42.4 42.4
4937 0.1 10 0 0 4937 0.4 0 0 0 90 53.2 46.8 46.8
4937 0.1 10 0 0 4937 0.4 0 0 0 120 61.2 54.3 54.3
4937 0.1 10 0 0 4937 0.4 0 0 0 150 70.0 61.8 61.8
4937 0.1 10 0 0 4937 0.4 0 0 0 180 75.4 64.4 64.4
4937 0.1 10 0 0 4937 0.4 10 0 0 0 45.2 38.6 38.6
4937 0.1 10 0 0 4937 0.4 10 0 0 30 46.0 39.4 39.4
4937 0.1 10 0 0 4937 0.4 10 0 0 60 48.0 41.5 41.5
4937 0.1 10 0 0 4937 0.4 10 0 0 90 53.1 46.6 46.6
4937 0.1 10 0 0 4937 0.4 10 0 0 120 61.1 53.1 53.1
4937 0.1 10 0 0 4937 0.4 10 0 0 150 69.9 60.5 60.5
4937 0.1 10 0 0 4937 0.4 10 0 0 180 75.3 64.6 64.6
4937 0.1 10 0 0 4937 0.4 20 0 0 0 45.2 38.0 38.0
4937 0.1 10 0 0 4937 0.4 20 0 0 30 45.9 38.5 38.5
4937 0.1 10 0 0 4937 0.4 20 0 0 60 47.9 40.2 40.2
4937 0.1 10 0 0 4937 0.4 20 0 0 90 52.8 44.3 44.3
4937 0.1 10 0 0 4937 0.4 20 0 0 120 60.8 50.3 50.3
4937 0.1 10 0 0 4937 0.4 20 0 0 150 69.7 57.6 57.6
4937 0.1 10 0 0 4937 0.4 20 0 0 180 75.0 62.7 62.7
4937 0.1 10 0 0 4937 0.4 30 0 0 0 45.1 37.9 37.9
4937 0.1 10 0 0 4937 0.4 30 0 0 30 45.9 38.0 38.0
4937 0.1 10 0 0 4937 0.4 30 0 0 60 47.7 39.7 39.7
4937 0.1 10 0 0 4937 0.4 30 0 0 90 52.4 42.7 42.7
4937 0.1 10 0 0 4937 0.4 30 0 0 120 60.4 48.3 48.3
4937 0.1 10 0 0 4937 0.4 30 0 0 150 69.3 55.5 55.5
4937 0.1 10 0 0 4937 0.4 30 0 0 180 74.4 61.2 61.2
4937 0.1 10 0 0 4937 0.4 40 0 0 0 45.1 38.4 38.4
4937 0.1 10 0 0 4937 0.4 40 0 0 30 45.8 38.6 38.6
4937 0.1 10 0 0 4937 0.4 40 0 0 60 47.6 40.1 40.1
4937 0.1 10 0 0 4937 0.4 40 0 0 90 51.9 42.7 42.7
4937 0.1 10 0 0 4937 0.4 40 0 0 120 59.9 47.4 47.4
4937 0.1 10 0 0 4937 0.4 40 0 0 150 68.6 54.5 54.5
4937 0.1 10 0 0 4937 0.4 40 0 0 180 73.5 60.6 60.6
4937 0.1 10 0 0 4937 0.4 50 0 0 0 45.0 39.5 39.5
4937 0.1 10 0 0 4937 0.4 50 0 0 30 45.8 39.8 39.8
4937 0.1 10 0 0 4937 0.4 50 0 0 60 47.6 41.1 41.1
4937 0.1 10 0 0 4937 0.4 50 0 0 90 51.5 43.3 43.3
4937 0.1 10 0 0 4937 0.4 50 0 0 120 59.0 47.2 47.2
4937 0.1 10 0 0 4937 0.4 50 0 0 150 67.5 54.0 54.0
4937 0.1 10 0 0 4937 0.4 50 0 0 180 72.1 60.3 60.3
4937 0.1 10 0 0 4937 0.4 60 0 0 0 45.1 41.0 41.0
4937 0.1 10 0 0 4937 0.4 60 0 0 30 45.9 41.2 41.2
4937 0.1 10 0 0 4937 0.4 60 0 0 60 47.6 42.4 42.4
4937 0.1 10 0 0 4937 0.4 60 0 0 90 51.1 44.5 44.5
4937 0.1 10 0 0 4937 0.4 60 0 0 120 57.7 48.0 48.0
4937 0.1 10 0 0 4937 0.4 60 0 0 150 65.4 53.9 53.9
4937 0.1 10 0 0 4937 0.4 60 0 0 180 69.5 60.3 60.3
4937 0.1 10 0 0 4937 0.5 0 0 0 0 47.3 40.7 40.7
4937 0.1 10 0 0 4937 0.5 0 0 0 30 47.7 41.2 41.2
4937 0.1 10 0 0 4937 0.5 0 0 0 60 48.6 42.3 42.3
4937 0.1 10 0 0 4937 0.5 0 0 0 90 50.8 45.0 45.0
4937 0.1 10 0 0 4937 0.5 0 0 0 120 57.7 50.3 50.3
4937 0.1 10 0 0 4937 0.5 0 0 0 150 67.1 58.6 58.6
4937 0.1 10 0 0 4937 0.5 0 0 0 180 73.8 62.9 62.9
4937 0.1 10 0 0 4937 0.5 10 0 0 0 47.3 40.6 40.6
4937 0.1 10 0 0 4937 0.5 10 0 0 30 47.7 41.0 41.0
4937 0.1 10 0 0 4937 0.5 10 0 0 60 48.6 41.8 41.8
4937 0.1 10 0 0 4937 0.5 10 0 0 90 50.8 43.7 43.7
4937 0.1 10 0 0 4937 0.5 10 0 0 120 57.5 48.9 48.9
4937 0.1 10 0 0 4937 0.5 10 0 0 150 67.1 57.1 57.1
4937 0.1 10 0 0 4937 0.5 10 0 0 180 73.7 63.0 63.0
4937 0.1 10 0 0 4937 0.5 20 0 0 0 47.3 40.1 40.1
4937 0.1 10 0 0 4937 0.5 20 0 0 30 47.7 40.3 40.3
4937 0.1 10 0 0 4937 0.5 20 0 0 60 48.6 40.7 40.7
4937 0.1 10 0 0 4937 0.5 20 0 0 90 50.7 42.0 42.0
4937 0.1 10 0 0 4937 0.5 20 0 0 120 57.3 46.9 46.9
4937 0.1 10 0 0 4937 0.5 20 0 0 150 66.8 54.9 54.9
4937 0.1 10 0 0 4937 0.5 20 0 0 180 73.3 62.0 62.0
4937 0.1 10 0 0 4937 0.5 30 0 0 0 47.3 39.9 39.9
4937 0.1 10 0 0 4937 0.5 30 0 0 30 47.7 39.9 39.9
4937 0.1 10 0 0 4937 0.5 30 0 0 60 48.5 40.1 40.1
4937 0.1 10 0 0 4937 0.5 30 0 0 90 50.6 41.5 41.5
4937 0.1 10 0 0 4937 0.5 30 0 0 120 56.8 45.5 45.5
4937 0.1 10 0 0 4937 0.5 30 0 0 150 66.4 53.5 53.5
4937 0.1 10 0 0 4937 0.5 30 0 0 180 72.7 61.1 61.1
4937 0.1 10 0 0 4937 0.5 40 0 0 0 47.3 40.1 40.1
4937 0.1 10 0 0 4937 0.5 40 0 0 30 47.7 39.9 39.9
4937 0.1 10 0 0 4937 0.5 40 0 0 60 48.5 40.1 40.1
4937 0.1 10 0 0 4937 0.5 40 0 0 90 50.5 41.6 41.6
4937 0.1 10 0 0 4937 0.5 40 0 0 120 56.2 45.1 45.1
4937 0.1 10 0 0 4937 0.5 40 0 0 150 65.6 52.4 52.4
4937 0.1 10 0 0 4937 0.5 40 0 0 180 71.8 60.4 60.4
4937 0.1 10 0 0 4937 0.5 50 0 0 0 47.4 40.7 40.7
4937 0.1 10 0 0 4937 0.5 50 0 0 30 47.7 40.5 40.5
4937 0.1 10 0 0 4937 0.5 50 0 0 60 48.6 40.7 40.7
4937 0.1 10 0 0 4937 0.5 50 0 0 90 50.5 42.2 42.2
4937 0.1 10 0 0 4937 0.5 50 0 0 120 55.7 45.3 45.3
4937 0.1 10 0 0 4937 0.5 50 0 0 150 64.5 51.8 51.8
4937 0.1 10 0 0 4937 0.5 50 0 0 180 70.3 59.9 59.9
4937 0.1 10 0 0 4937 0.5 60 0 0 0 47.4 41.6 41.6
4937 0.1 10 0 0 4937 0.5 60 0 0 30 47.8 41.4 41.4
4937 0.1 10 0 0 4937 0.5 60 0 0 60 48.6 41.7 41.7
4937 0.1 10 0 0 4937 0.5 60 0 0 90 50.5 43.0 43.0
4937 0.1 10 0 0 4937 0.5 60 0 0 120 55.0 45.9 45.9
4937 0.1 10 0 0 4937 0.5 60 0 0 150 62.5 51.6 51.6
4937 0.1 10 0 0 4937 0.5 60 0 0 180 67.6 59.6 59.6
