4937 0.3 10 0 0 4737 0.0 0 0 0 0 62.5 54.9 54.9
4937 0.3 10 0 0 4737 0.0 0 0 0 30 62.7 55.0 55.0
4937 0.3 10 0 0 4737 0.0 0 0 0 60 62.6 54.8 54.8
4937 0.3 10 0 0 4737 0.0 0 0 0 90 62.2 54.6 54.6
4937 0.3 10 0 0 4737 0.0 0 0 0 120 61.9 54.3 54.3
4937 0.3 10 0 0 4737 0.0 0 0 0 150 61.6 54.2 54.2
4937 0.3 10 0 0 4737 0.0 0 0 0 180 61.5 54.0 54.0
4937 0.3 10 0 0 4737 0.0 10 0 0 0 62.4 54.7 54.7
4937 0.3 10 0 0 4737 0.0 10 0 0 30 62.6 54.7 54.7
4937 0.3 10 0 0 4737 0.0 10 0 0 60 62.5 54.6 54.6
4937 0.3 10 0 0 4737 0.0 10 0 0 90 62.2 54.4 54.4
4937 0.3 10 0 0 4737 0.0 10 0 0 120 61.9 54.1 54.1
4937 0.3 10 0 0 4737 0.0 10 0 0 150 61.5 53.9 53.9
4937 0.3 10 0 0 4737 0.0 10 0 0 180 61.4 53.8 53.8
4937 0.3 10 0 0 4737 0.0 20 0 0 0 62.3 53.7 53.7
4937 0.3 10 0 0 4737 0.0 20 0 0 30 62.5 53.8 53.8
4937 0.3 10 0 0 4737 0.0 20 0 0 60 62.3 53.6 53.6
4937 0.3 10 0 0 4737 0.0 20 0 0 90 62.0 53.3 53.3
4937 0.3 10 0 0 4737 0.0 20 0 0 120 61.7 53.1 53.1
4937 0.3 10 0 0 4737 0.0 20 0 0 150 61.3 52.9 52.9
4937 0.3 10 0 0 4737 0.0 20 0 0 180 61.2 52.8 52.8
4937 0.3 10 0 0 4737 0.0 30 0 0 0 62.0 51.8 51.8
4937 0.3 10 0 0 4737 0.0 30 0 0 30 62.2 51.9 51.9
4937 0.3 10 0 0 4737 0.0 30 0 0 60 62.0 51.6 51.6
4937 0.3 10 0 0 4737 0.0 30 0 0 90 61.7 51.1 51.1
4937 0.3 10 0 0 4737 0.0 30 0 0 120 61.3 50.7 50.7
4937 0.3 10 0 0 4737 0.0 30 0 0 150 61.0 50.4 50.4
4937 0.3 10 0 0 4737 0.0 30 0 0 180 60.9 50.4 50.4
4937 0.3 10 0 0 4737 0.0 40 0 0 0 61.5 51.9 51.9
4937 0.3 10 0 0 4737 0.0 40 0 0 30 61.6 51.9 51.9
4937 0.3 10 0 0 4737 0.0 40 0 0 60 61.5 51.7 51.7
4937 0.3 10 0 0 4737 0.0 40 0 0 90 61.1 51.3 51.3
4937 0.3 10 0 0 4737 0.0 40 0 0 120 60.8 50.8 50.8
4937 0.3 10 0 0 4737 0.0 40 0 0 150 60.5 50.4 50.4
4937 0.3 10 0 0 4737 0.0 40 0 0 180 60.4 50.3 50.3
4937 0.3 10 0 0 4737 0.0 50 0 0 0 60.7 52.7 52.7
4937 0.3 10 0 0 4737 0.0 50 0 0 30 60.9 52.8 52.8
4937 0.3 10 0 0 4737 0.0 50 0 0 60 60.7 52.4 52.4
4937 0.3 10 0 0 4737 0.0 50 0 0 90 60.3 51.9 51.9
4937 0.3 10 0 0 4737 0.0 50 0 0 120 60.0 51.5 51.5
4937 0.3 10 0 0 4737 0.0 50 0 0 150 59.7 51.2 51.2
4937 0.3 10 0 0 4737 0.0 50 0 0 180 59.6 51.0 51.0
4937 0.3 10 0 0 4737 0.0 60 0 0 0 59.3 53.5 53.5
4937 0.3 10 0 0 4737 0.0 60 0 0 30 59.5 53.6 53.6
4937 0.3 10 0 0 4737 0.0 60 0 0 60 59.4 53.5 53.5
4937 0.3 10 0 0 4737 0.0 60 0 0 90 59.0 53.2 53.2
4937 0.3 10 0 0 4737 0.0 60 0 0 120 58.7 52.9 52.9
4937 0.3 10 0 0 4737 0.0 60 0 0 150 58.5 52.6 52.6
4937 0.3 10 0 0 4737 0.0 60 0 0 180 58.4 52.4 52.4
4937 0.3 10 0 0 4737 0.1 0 0 0 0 61.9 54.2 54.2
4937 0.3 10 0 0 4737 0.1 0 0 0 30 62.1 54.3 54.3
4937 0.3 10 0 0 4737 0.1 0 0 0 60 62.0 54.2 54.2
4937 0.3 10 0 0 4737 0.1 0 0 0 90 61.7 53.9 53.9
4937 0.3 10 0 0 4737 0.1 0 0 0 120 61.4 53.7 53.7
4937 0.3 10 0 0 4737 0.1 0 0 0 150 61.0 53.4 53.4
4937 0.3 10 0 0 4737 0.1 0 0 0 180 60.9 53.2 53.2
4937 0.3 10 0 0 4737 0.1 10 0 0 0 61.9 53.9 53.9
4937 0.3 10 0 0 4737 0.1 10 0 0 30 62.0 54.0 54.0
4937 0.3 10 0 0 4737 0.1 10 0 0 60 62.0 53.9 53.9
4937 0.3 10 0 0 4737 0.1 10 0 0 90 61.7 53.7 53.7
4937 0.3 10 0 0 4737 0.1 10 0 0 120 61.3 53.5 53.5
4937 0.3 10 0 0 4737 0.1 10 0 0 150 60.9 53.2 53.2
4937 0.3 10 0 0 4737 0.1 10 0 0 180 60.8 53.0 53.0
4937 0.3 10 0 0 4737 0.1 20 0 0 0 61.7 53.0 53.0
4937 0.3 10 0 0 4737 0.1 20 0 0 30 61.8 53.1 53.1
4937 0.3 10 0 0 4737 0.1 20 0 0 60 61.8 53.0 53.0
4937 0.3 10 0 0 4737 0.1 20 0 0 90 61.5 52.8 52.8
4937 0.3 10 0 0 4737 0.1 20 0 0 120 61.1 52.4 52.4
4937 0.3 10 0 0 4737 0.1 20 0 0 150 60.7 52.2 52.2
4937 0.3 10 0 0 4737 0.1 20 0 0 180 60.6 51.9 51.9
4937 0.3 10 0 0 4737 0.1 30 0 0 0 61.4 51.2 51.2
4937 0.3 10 0 0 4737 0.1 30 0 0 30 61.5 51.2 51.2
4937 0.3 10 0 0 4737 0.1 30 0 0 60 61.5 51.0 51.0
4937 0.3 10 0 0 4737 0.1 30 0 0 90 61.2 50.7 50.7
4937 0.3 10 0 0 4737 0.1 30 0 0 120 60.8 50.2 50.2
4937 0.3 10 0 0 4737 0.1 30 0 0 150 60.4 49.7 49.7
4937 0.3 10 0 0 4737 0.1 30 0 0 180 60.3 49.4 49.4
4937 0.3 10 0 0 4737 0.1 40 0 0 0 60.9 51.3 51.3
4937 0.3 10 0 0 4737 0.1 40 0 0 30 61.0 51.3 51.3
4937 0.3 10 0 0 4737 0.1 40 0 0 60 61.0 51.1 51.1
4937 0.3 10 0 0 4737 0.1 40 0 0 90 60.6 50.8 50.8
4937 0.3 10 0 0 4737 0.1 40 0 0 120 60.2 50.4 50.4
4937 0.3 10 0 0 4737 0.1 40 0 0 150 59.8 49.9 49.9
4937 0.3 10 0 0 4737 0.1 40 0 0 180 59.7 49.5 49.5
4937 0.3 10 0 0 4737 0.1 50 0 0 0 60.1 52.0 52.0
4937 0.3 10 0 0 4737 0.1 50 0 0 30 60.3 52.2 52.2
4937 0.3 10 0 0 4737 0.1 50 0 0 60 60.2 52.1 52.1
4937 0.3 10 0 0 4737 0.1 50 0 0 90 59.9 51.7 51.7
4937 0.3 10 0 0 4737 0.1 50 0 0 120 59.4 51.1 51.1
4937 0.3 10 0 0 4737 0.1 50 0 0 150 59.0 50.6 50.6
4937 0.3 10 0 0 4737 0.1 50 0 0 180 58.9 50.2 50.2
4937 0.3 10 0 0 4737 0.1 60 0 0 0 58.7 52.8 52.8
4937 0.3 10 0 0 4737 0.1 60 0 0 30 59.0 53.0 53.0
4937 0.3 10 0 0 4737 0.1 60 0 0 60 58.9 53.0 53.0
4937 0.3 10 0 0 4737 0.1 60 0 0 90 58.7 52.7 52.7
4937 0.3 10 0 0 4737 0.1 60 0 0 120 58.2 52.5 52.5
4937 0.3 10 0 0 4737 0.1 60 0 0 150 57.8 52.1 52.1
4937 0.3 10 0 0 4737 0.1 60 0 0 180 57.6 51.7 51.7
4937 0.3 10 0 0 4737 0.2 0 0 0 0 61.3 53.4 53.4
4937 0.3 10 0 0 4737 0.2 0 0 0 30 61.5 53.5 53.5
4937 0.3 10 0 0 4737 0.2 0 0 0 60 61.5 53.4 53.4
4937 0.3 10 0 0 4737 0.2 0 0 0 90 61.2 53.2 53.2
4937 0.3 10 0 0 4737 0.2 0 0 0 120 60.9 53.0 53.0
4937 0.3 10 0 0 4737 0.2 0 0 0 150 60.4 52.7 52.7
4937 0.3 10 0 0 4737 0.2 0 0 0 180 60.2 52.4 52.4
4937 0.3 10 0 0 4737 0.2 10 0 0 0 61.3 53.1 53.1
4937 0.3 10 0 0 4737 0.2 10 0 0 30 61.4 53.3 53.3
4937 0.3 10 0 0 4737 0.2 10 0 0 60 61.4 53.2 53.2
4937 0.3 10 0 0 4737 0.2 10 0 0 90 61.2 53.0 53.0
4937 0.3 10 0 0 4737 0.2 10 0 0 120 60.8 52.8 52.8
4937 0.3 10 0 0 4737 0.2 10 0 0 150 60.3 52.5 52.5
4937 0.3 10 0 0 4737 0.2 10 0 0 180 60.2 52.1 52.1
4937 0.3 10 0 0 4737 0.2 20 0 0 0 61.1 52.2 52.2
4937 0.3 10 0 0 4737 0.2 20 0 0 30 61.2 52.4 52.4
4937 0.3 10 0 0 4737 0.2 20 0 0 60 61.2 52.4 52.4
4937 0.3 10 0 0 4737 0.2 20 0 0 90 61.0 52.1 52.1
4937 0.3 10 0 0 4737 0.2 20 0 0 120 60.6 51.7 51.7
4937 0.3 10 0 0 4737 0.2 20 0 0 150 60.1 51.3 51.3
4937 0.3 10 0 0 4737 0.2 20 0 0 180 60.0 50.9 50.9
4937 0.3 10 0 0 4737 0.2 30 0 0 0 60.8 50.7 50.7
4937 0.3 10 0 0 4737 0.2 30 0 0 30 60.9 50.6 50.6
4937 0.3 10 0 0 4737 0.2 30 0 0 60 60.9 50.5 50.5
4937 0.3 10 0 0 4737 0.2 30 0 0 90 60.6 50.2 50.2
4937 0.3 10 0 0 4737 0.2 30 0 0 120 60.3 49.8 49.8
4937 0.3 10 0 0 4737 0.2 30 0 0 150 59.8 49.2 49.2
4937 0.3 10 0 0 4737 0.2 30 0 0 180 59.6 48.7 48.7
4937 0.3 10 0 0 4737 0.2 40 0 0 0 60.3 50.8 50.8
4937 0.3 10 0 0 4737 0.2 40 0 0 30 60.5 50.8 50.8
4937 0.3 10 0 0 4737 0.2 40 0 0 60 60.4 50.7 50.7
4937 0.3 10 0 0 4737 0.2 40 0 0 90 60.2 50.4 50.4
4937 0.3 10 0 0 4737 0.2 40 0 0 120 59.7 49.9 49.9
4937 0.3 10 0 0 4737 0.2 40 0 0 150 59.2 49.5 49.5
4937 0.3 10 0 0 4737 0.2 40 0 0 180 59.1 48.8 48.8
4937 0.3 10 0 0 4737 0.2 50 0 0 0 59.5 51.3 51.3
4937 0.3 10 0 0 4737 0.2 50 0 0 30 59.7 51.5 51.5
4937 0.3 10 0 0 4737 0.2 50 0 0 60 59.7 51.6 51.6
4937 0.3 10 0 0 4737 0.2 50 0 0 90 59.4 51.3 51.3
4937 0.3 10 0 0 4737 0.2 50 0 0 120 58.9 50.8 50.8
4937 0.3 10 0 0 4737 0.2 50 0 0 150 58.4 50.2 50.2
4937 0.3 10 0 0 4737 0.2 50 0 0 180 58.2 49.6 49.6
4937 0.3 10 0 0 4737 0.2 60 0 0 0 58.1 52.0 52.0
4937 0.3 10 0 0 4737 0.2 60 0 0 30 58.4 52.2 52.2
4937 0.3 10 0 0 4737 0.2 60 0 0 60 58.4 52.4 52.4
4937 0.3 10 0 0 4737 0.2 60 0 0 90 58.3 52.2 52.2
4937 0.3 10 0 0 4737 0.2 60 0 0 120 57.8 51.9 51.9
4937 0.3 10 0 0 4737 0.2 60 0 0 150 57.2 51.5 51.5
4937 0.3 10 0 0 4737 0.2 60 0 0 180 56.8 51.0 51.0
4937 0.3 10 0 0 4737 0.3 0 0 0 0 60.8 52.6 52.6
4937 0.3 10 0 0 4737 0.3 0 0 0 30 60.9 52.7 52.7
4937 0.3 10 0 0 4737 0.3 0 0 0 60 60.9 52.7 52.7
4937 0.3 10 0 0 4737 0.3 0 0 0 90 60.7 52.5 52.5
4937 0.3 10 0 0 4737 0.3 0 0 0 120 60.3 52.3 52.3
4937 0.3 10 0 0 4737 0.3 0 0 0 150 59.8 51.9 51.9
4937 0.3 10 0 0 4737 0.3 0 0 0 180 59.7 51.4 51.4
4937 0.3 10 0 0 4737 0.3 10 0 0 0 60.7 52.3 52.3
4937 0.3 10 0 0 4737 0.3 10 0 0 30 60.8 52.4 52.4
4937 0.3 10 0 0 4737 0.3 10 0 0 60 60.8 52.5 52.5
4937 0.3 10 0 0 4737 0.3 10 0 0 90 60.6 52.3 52.3
4937 0.3 10 0 0 4737 0.3 10 0 0 120 60.3 52.1 52.1
4937 0.3 10 0 0 4737 0.3 10 0 0 150 59.8 51.7 51.7
4937 0.3 10 0 0 4737 0.3 10 0 0 180 59.6 51.2 51.2
4937 0.3 10 0 0 4737 0.3 20 0 0 0 60.5 51.3 51.3
4937 0.3 10 0 0 4737 0.3 20 0 0 30 60.6 51.5 51.5
4937 0.3 10 0 0 4737 0.3 20 0 0 60 60.6 51.5 51.5
4937 0.3 10 0 0 4737 0.3 20 0 0 90 60.4 51.4 51.4
4937 0.3 10 0 0 4737 0.3 20 0 0 120 60.1 50.9 50.9
4937 0.3 10 0 0 4737 0.3 20 0 0 150 59.5 50.4 50.4
4937 0.3 10 0 0 4737 0.3 20 0 0 180 59.4 49.7 49.7
4937 0.3 10 0 0 4737 0.3 30 0 0 0 60.2 50.2 50.2
4937 0.3 10 0 0 4737 0.3 30 0 0 30 60.3 50.2 50.2
4937 0.3 10 0 0 4737 0.3 30 0 0 60 60.3 50.1 50.1
4937 0.3 10 0 0 4737 0.3 30 0 0 90 60.1 49.8 49.8
4937 0.3 10 0 0 4737 0.3 30 0 0 120 59.7 49.4 49.4
4937 0.3 10 0 0 4737 0.3 30 0 0 150 59.2 48.8 48.8
4937 0.3 10 0 0 4737 0.3 30 0 0 180 59.0 48.2 48.2
4937 0.3 10 0 0 4737 0.3 40 0 0 0 59.7 50.2 50.2
4937 0.3 10 0 0 4737 0.3 40 0 0 30 59.9 50.4 50.4
4937 0.3 10 0 0 4737 0.3 40 0 0 60 59.9 50.3 50.3
4937 0.3 10 0 0 4737 0.3 40 0 0 90 59.7 50.1 50.1
4937 0.3 10 0 0 4737 0.3 40 0 0 120 59.2 49.6 49.6
4937 0.3 10 0 0 4737 0.3 40 0 0 150 58.6 49.1 49.1
4937 0.3 10 0 0 4737 0.3 40 0 0 180 58.4 48.5 48.5
4937 0.3 10 0 0 4737 0.3 50 0 0 0 58.9 50.6 50.6
4937 0.3 10 0 0 4737 0.3 50 0 0 30 59.2 50.8 50.8
4937 0.3 10 0 0 4737 0.3 50 0 0 60 59.2 50.9 50.9
4937 0.3 10 0 0 4737 0.3 50 0 0 90 59.0 50.9 50.9
4937 0.3 10 0 0 4737 0.3 50 0 0 120 58.6 50.5 50.5
4937 0.3 10 0 0 4737 0.3 50 0 0 150 57.8 49.9 49.9
4937 0.3 10 0 0 4737 0.3 50 0 0 180 57.4 49.1 49.1
4937 0.3 10 0 0 4737 0.3 60 0 0 0 57.4 51.1 51.1
4937 0.3 10 0 0 4737 0.3 60 0 0 30 57.6 51.3 51.3
4937 0.3 10 0 0 4737 0.3 60 0 0 60 57.8 51.5 51.5
4937 0.3 10 0 0 4737 0.3 60 0 0 90 57.9 51.6 51.6
4937 0.3 10 0 0 4737 0.3 60 0 0 120 57.5 51.4 51.4
4937 0.3 10 0 0 4737 0.3 60 0 0 150 56.7 51.0 51.0
4937 0.3 10 0 0 4737 0.3 60 0 0 180 56.0 50.3 50.3
4937 0.3 10 0 0 4737 0.4 0 0 0 0 60.2 51.7 51.7
4937 0.3 10 0 0 4737 0.4 0 0 0 30 60.3 51.8 51.8
4937 0.3 10 0 0 4737 0.4 0 0 0 60 60.3 51.8 51.8
4937 0.3 10 0 0 4737 0.4 0 0 0 90 60.2 51.7 51.7
4937 0.3 10 0 0 4737 0.4 0 0 0 120 59.8 51.5 51.5
4937 0.3 10 0 0 4737 0.4 0 0 0 150 59.3 51.1 51.1
4937 0.3 10 0 0 4737 0.4 0 0 0 180 59.0 50.4 50.4
4937 0.3 10 0 0 4737 0.4 10 0 0 0 60.2 51.4 51.4
4937 0.3 10 0 0 4737 0.4 10 0 0 30 60.2 51.5 51.5
4937 0.3 10 0 0 4737 0.4 10 0 0 60 60.3 51.6 51.6
4937 0.3 10 0 0 4737 0.4 10 0 0 90 60.1 51.5 51.5
4937 0.3 10 0 0 4737 0.4 10 0 0 120 59.8 51.3 51.3
4937 0.3 10 0 0 4737 0.4 10 0 0 150 59.2 50.8 50.8
4937 0.3 10 0 0 4737 0.4 10 0 0 180 58.9 50.1 50.1
4937 0.3 10 0 0 4737 0.4 20 0 0 0 60.0 50.3 50.3
4937 0.3 10 0 0 4737 0.4 20 0 0 30 60.1 50.5 50.5
4937 0.3 10 0 0 4737 0.4 20 0 0 60 60.1 50.6 50.6
4937 0.3 10 0 0 4737 0.4 20 0 0 90 59.9 50.4 50.4
4937 0.3 10 0 0 4737 0.4 20 0 0 120 59.6 49.9 49.9
4937 0.3 10 0 0 4737 0.4 20 0 0 150 59.0 49.2 49.2
4937 0.3 10 0 0 4737 0.4 20 0 0 180 58.7 48.3 48.3
4937 0.3 10 0 0 4737 0.4 30 0 0 0 59.7 50.0 50.0
4937 0.3 10 0 0 4737 0.4 30 0 0 30 59.8 50.1 50.1
4937 0.3 10 0 0 4737 0.4 30 0 0 60 59.8 50.0 50.0
4937 0.3 10 0 0 4737 0.4 30 0 0 90 59.7 49.7 49.7
4937 0.3 10 0 0 4737 0.4 30 0 0 120 59.3 49.2 49.2
4937 0.3 10 0 0 4737 0.4 30 0 0 150 58.6 48.5 48.5
4937 0.3 10 0 0 4737 0.4 30 0 0 180 58.3 47.6 47.6
4937 0.3 10 0 0 4737 0.4 40 0 0 0 59.2 49.9 49.9
4937 0.3 10 0 0 4737 0.4 40 0 0 30 59.3 50.0 50.0
4937 0.3 10 0 0 4737 0.4 40 0 0 60 59.4 50.1 50.1
4937 0.3 10 0 0 4737 0.4 40 0 0 90 59.3 50.0 50.0
4937 0.3 10 0 0 4737 0.4 40 0 0 120 58.9 49.5 49.5
4937 0.3 10 0 0 4737 0.4 40 0 0 150 58.0 48.8 48.8
4937 0.3 10 0 0 4737 0.4 40 0 0 180 57.6 47.9 47.9
4937 0.3 10 0 0 4737 0.4 50 0 0 0 58.4 50.0 50.0
4937 0.3 10 0 0 4737 0.4 50 0 0 30 58.6 50.2 50.2
4937 0.3 10 0 0 4737 0.4 50 0 0 60 58.7 50.4 50.4
4937 0.3 10 0 0 4737 0.4 50 0 0 90 58.7 50.5 50.5
4937 0.3 10 0 0 4737 0.4 50 0 0 120 58.3 50.3 50.3
4937 0.3 10 0 0 4737 0.4 50 0 0 150 57.3 49.7 49.7
4937 0.3 10 0 0 4737 0.4 50 0 0 180 56.6 48.8 48.8
4937 0.3 10 0 0 4737 0.4 60 0 0 0 56.5 50.4 50.4
4937 0.3 10 0 0 4737 0.4 60 0 0 30 56.7 50.5 50.5
4937 0.3 10 0 0 4737 0.4 60 0 0 60 56.9 50.7 50.7
4937 0.3 10 0 0 4737 0.4 60 0 0 90 57.2 50.9 50.9
4937 0.3 10 0 0 4737 0.4 60 0 0 120 57.2 50.8 50.8
4937 0.3 10 0 0 4737 0.4 60 0 0 150 56.3 50.6 50.6
4937 0.3 10 0 0 4737 0.4 60 0 0 180 55.0 49.6 49.6
4937 0.3 10 0 0 4737 0.5 0 0 0 0 59.7 50.4 50.4
4937 0.3 10 0 0 4737 0.5 0 0 0 30 59.7 50.5 50.5
4937 0.3 10 0 0 4737 0.5 0 0 0 60 59.8 50.5 50.5
4937 0.3 10 0 0 4737 0.5 0 0 0 90 59.7 50.5 50.5
4937 0.3 10 0 0 4737 0.5 0 0 0 120 59.4 50.4 50.4
4937 0.3 10 0 0 4737 0.5 0 0 0 150 58.7 50.0 50.0
4937 0.3 10 0 0 4737 0.5 0 0 0 180 58.3 49.0 49.0
4937 0.3 10 0 0 4737 0.5 10 0 0 0 59.6 50.0 50.0
4937 0.3 10 0 0 4737 0.5 10 0 0 30 59.7 50.1 50.1
4937 0.3 10 0 0 4737 0.5 10 0 0 60 59.7 50.2 50.2
4937 0.3 10 0 0 4737 0.5 10 0 0 90 59.6 50.2 50.2
4937 0.3 10 0 0 4737 0.5 10 0 0 120 59.4 50.1 50.1
4937 0.3 10 0 0 4737 0.5 10 0 0 150 58.7 49.5 49.5
4937 0.3 10 0 0 4737 0.5 10 0 0 180 58.2 48.4 48.4
4937 0.3 10 0 0 4737 0.5 20 0 0 0 59.5 50.1 50.1
4937 0.3 10 0 0 4737 0.5 20 0 0 30 59.5 50.2 50.2
4937 0.3 10 0 0 4737 0.5 20 0 0 60 59.6 50.3 50.3
4937 0.3 10 0 0 4737 0.5 20 0 0 90 59.5 50.1 50.1
4937 0.3 10 0 0 4737 0.5 20 0 0 120 59.2 49.6 49.6
4937 0.3 10 0 0 4737 0.5 20 0 0 150 58.5 48.8 48.8
4937 0.3 10 0 0 4737 0.5 20 0 0 180 58.0 47.5 47.5
4937 0.3 10 0 0 4737 0.5 30 0 0 0 59.2 49.9 49.9
4937 0.3 10 0 0 4737 0.5 30 0 0 30 59.2 49.9 49.9
4937 0.3 10 0 0 4737 0.5 30 0 0 60 59.3 50.0 50.0
4937 0.3 10 0 0 4737 0.5 30 0 0 90 59.2 49.8 49.8
4937 0.3 10 0 0 4737 0.5 30 0 0 120 59.0 49.4 49.4
4937 0.3 10 0 0 4737 0.5 30 0 0 150 58.1 48.5 48.5
4937 0.3 10 0 0 4737 0.5 30 0 0 180 57.5 47.2 47.2
4937 0.3 10 0 0 4737 0.5 40 0 0 0 58.6 49.7 49.7
4937 0.3 10 0 0 4737 0.5 40 0 0 30 58.7 49.7 49.7
4937 0.3 10 0 0 4737 0.5 40 0 0 60 58.8 49.9 49.9
4937 0.3 10 0 0 4737 0.5 40 0 0 90 58.8 49.9 49.9
4937 0.3 10 0 0 4737 0.5 40 0 0 120 58.6 49.7 49.7
4937 0.3 10 0 0 4737 0.5 40 0 0 150 57.6 48.9 48.9
4937 0.3 10 0 0 4737 0.5 40 0 0 180 56.7 47.7 47.7
4937 0.3 10 0 0 4737 0.5 50 0 0 0 57.7 49.6 49.6
4937 0.3 10 0 0 4737 0.5 50 0 0 30 57.8 49.7 49.7
4937 0.3 10 0 0 4737 0.5 50 0 0 60 58.0 49.9 49.9
4937 0.3 10 0 0 4737 0.5 50 0 0 90 58.1 50.0 50.0
4937 0.3 10 0 0 4737 0.5 50 0 0 120 58.1 50.0 50.0
4937 0.3 10 0 0 4737 0.5 50 0 0 150 57.0 49.5 49.5
4937 0.3 10 0 0 4737 0.5 50 0 0 180 55.6 48.3 48.3
4937 0.3 10 0 0 4737 0.5 60 0 0 0 55.9 49.7 49.7
4937 0.3 10 0 0 4737 0.5 60 0 0 30 56.1 49.8 49.8
4937 0.3 10 0 0 4737 0.5 60 0 0 60 56.3 50.0 50.0
4937 0.3 10 0 0 4737 0.5 60 0 0 90 56.6 50.1 50.1
4937 0.3 10 0 0 4737 0.5 60 0 0 120 56.7 50.2 50.2
4937 0.3 10 0 0 4737 0.5 60 0 0 150 55.9 50.0 50.0
4937 0.3 10 0 0 4737 0.5 60 0 0 180 54.2 49.1 49.1
4937 0.3 10 0 0 4937 0.0 0 0 0 0 45.1 39.6 39.6
4937 0.3 10 0 0 4937 0.0 0 0 0 30 48.8 43.4 43.4
4937 0.3 10 0 0 4937 0.0 0 0 0 60 57.1 51.1 51.1
4937 0.3 10 0 0 4937 0.0 0 0 0 90 65.4 59.5 59.5
4937 0.3 10 0 0 4937 0.0 0 0 0 120 71.9 64.7 64.7
4937 0.3 10 0 0 4937 0.0 0 0 0 150 75.8 65.9 65.9
4937 0.3 10 0 0 4937 0.0 0 0 0 180 77.0 65.8 65.8
4937 0.3 10 0 0 4937 0.0 10 0 0 0 45.1 39.4 39.4
4937 0.3 10 0 0 4937 0.0 10 0 0 30 48.7 42.6 42.6
4937 0.3 10 0 0 4937 0.0 10 0 0 60 57.0 50.9 50.9
4937 0.3 10 0 0 4937 0.0 10 0 0 90 65.2 58.9 58.9
4937 0.3 10 0 0 4937 0.0 10 0 0 120 71.9 63.5 63.5
4937 0.3 10 0 0 4937 0.0 10 0 0 150 75.8 65.6 65.6
4937 0.3 10 0 0 4937 0.0 10 0 0 180 76.9 65.6 65.6
4937 0.3 10 0 0 4937 0.0 20 0 0 0 45.0 39.1 39.1
4937 0.3 10 0 0 4937 0.0 20 0 0 30 48.4 42.6 42.6
4937 0.3 10 0 0 4937 0.0 20 0 0 60 56.7 50.1 50.1
4937 0.3 10 0 0 4937 0.0 20 0 0 90 65.0 57.1 57.1
4937 0.3 10 0 0 4937 0.0 20 0 0 120 71.7 61.3 61.3
4937 0.3 10 0 0 4937 0.0 20 0 0 150 75.5 63.9 63.9
4937 0.3 10 0 0 4937 0.0 20 0 0 180 76.6 64.3 64.3
4937 0.3 10 0 0 4937 0.0 30 0 0 0 44.7 39.2 39.2
4937 0.3 10 0 0 4937 0.0 30 0 0 30 48.1 42.9 42.9
4937 0.3 10 0 0 4937 0.0 30 0 0 60 56.3 48.4 48.4
4937 0.3 10 0 0 4937 0.0 30 0 0 90 64.6 53.4 53.4
4937 0.3 10 0 0 4937 0.0 30 0 0 120 71.4 57.3 57.3
4937 0.3 10 0 0 4937 0.0 30 0 0 150 75.1 60.1 60.1
4937 0.3 10 0 0 4937 0.0 30 0 0 180 76.1 61.2 61.2
4937 0.3 10 0 0 4937 0.0 40 0 0 0 44.3 39.7 39.7
4937 0.3 10 0 0 4937 0.0 40 0 0 30 47.6 43.4 43.4
4937 0.3 10 0 0 4937 0.0 40 0 0 60 55.8 48.2 48.2
4937 0.3 10 0 0 4937 0.0 40 0 0 90 64.1 52.6 52.6
4937 0.3 10 0 0 4937 0.0 40 0 0 120 70.9 56.4 56.4
4937 0.3 10 0 0 4937 0.0 40 0 0 150 74.3 59.3 59.3
4937 0.3 10 0 0 4937 0.0 40 0 0 180 75.3 61.1 61.1
4937 0.3 10 0 0 4937 0.0 50 0 0 0 43.8 40.9 40.9
4937 0.3 10 0 0 4937 0.0 50 0 0 30 47.0 44.0 44.0
4937 0.3 10 0 0 4937 0.0 50 0 0 60 55.0 48.5 48.5
4937 0.3 10 0 0 4937 0.0 50 0 0 90 63.3 52.7 52.7
4937 0.3 10 0 0 4937 0.0 50 0 0 120 70.0 56.3 56.3
4937 0.3 10 0 0 4937 0.0 50 0 0 150 73.0 59.3 59.3
4937 0.3 10 0 0 4937 0.0 50 0 0 180 74.1 61.5 61.5
4937 0.3 10 0 0 4937 0.0 60 0 0 0 43.5 43.0 43.0
4937 0.3 10 0 0 4937 0.0 60 0 0 30 46.3 45.4 45.4
4937 0.3 10 0 0 4937 0.0 60 0 0 60 53.9 49.3 49.3
4937 0.3 10 0 0 4937 0.0 60 0 0 90 62.1 53.3 53.3
4937 0.3 10 0 0 4937 0.0 60 0 0 120 68.2 56.8 56.8
4937 0.3 10 0 0 4937 0.0 60 0 0 150 71.0 59.8 59.8
4937 0.3 10 0 0 4937 0.0 60 0 0 180 72.1 62.3 62.3
4937 0.3 10 0 0 4937 0.1 0 0 0 0 43.1 37.5 37.5
4937 0.3 10 0 0 4937 0.1 0 0 0 30 47.3 41.5 41.5
4937 0.3 10 0 0 4937 0.1 0 0 0 60 54.5 48.4 48.4
4937 0.3 10 0 0 4937 0.1 0 0 0 90 62.2 56.2 56.2
4937 0.3 10 0 0 4937 0.1 0 0 0 120 69.3 62.2 62.2
4937 0.3 10 0 0 4937 0.1 0 0 0 150 74.3 65.6 65.6
4937 0.3 10 0 0 4937 0.1 0 0 0 180 76.6 65.6 65.6
4937 0.3 10 0 0 4937 0.1 10 0 0 0 43.1 37.2 37.2
4937 0.3 10 0 0 4937 0.1 10 0 0 30 47.2 40.9 40.9
4937 0.3 10 0 0 4937 0.1 10 0 0 60 54.3 48.1 48.1
4937 0.3 10 0 0 4937 0.1 10 0 0 90 62.1 55.7 55.7
4937 0.3 10 0 0 4937 0.1 10 0 0 120 69.3 61.0 61.0
4937 0.3 10 0 0 4937 0.1 10 0 0 150 74.2 64.6 64.6
4937 0.3 10 0 0 4937 0.1 10 0 0 180 76.4 65.4 65.4
4937 0.3 10 0 0 4937 0.1 20 0 0 0 42.9 37.1 37.1
4937 0.3 10 0 0 4937 0.1 20 0 0 30 46.9 40.6 40.6
4937 0.3 10 0 0 4937 0.1 20 0 0 60 54.1 47.4 47.4
4937 0.3 10 0 0 4937 0.1 20 0 0 90 61.8 54.0 54.0
4937 0.3 10 0 0 4937 0.1 20 0 0 120 69.1 58.8 58.8
4937 0.3 10 0 0 4937 0.1 20 0 0 150 74.0 62.5 62.5
4937 0.3 10 0 0 4937 0.1 20 0 0 180 76.2 64.1 64.1
4937 0.3 10 0 0 4937 0.1 30 0 0 0 42.6 37.4 37.4
4937 0.3 10 0 0 4937 0.1 30 0 0 30 46.6 40.8 40.8
4937 0.3 10 0 0 4937 0.1 30 0 0 60 53.7 45.4 45.4
4937 0.3 10 0 0 4937 0.1 30 0 0 90 61.5 50.4 50.4
4937 0.3 10 0 0 4937 0.1 30 0 0 120 68.8 54.9 54.9
4937 0.3 10 0 0 4937 0.1 30 0 0 150 73.6 58.6 58.6
4937 0.3 10 0 0 4937 0.1 30 0 0 180 75.7 61.0 61.0
4937 0.3 10 0 0 4937 0.1 40 0 0 0 42.2 38.3 38.3
4937 0.3 10 0 0 4937 0.1 40 0 0 30 46.0 41.3 41.3
4937 0.3 10 0 0 4937 0.1 40 0 0 60 53.1 45.3 45.3
4937 0.3 10 0 0 4937 0.1 40 0 0 90 60.9 49.7 49.7
4937 0.3 10 0 0 4937 0.1 40 0 0 120 68.3 53.9 53.9
4937 0.3 10 0 0 4937 0.1 40 0 0 150 72.9 57.6 57.6
4937 0.3 10 0 0 4937 0.1 40 0 0 180 74.9 60.4 60.4
4937 0.3 10 0 0 4937 0.1 50 0 0 0 41.8 39.9 39.9
4937 0.3 10 0 0 4937 0.1 50 0 0 30 45.2 42.0 42.0
4937 0.3 10 0 0 4937 0.1 50 0 0 60 52.4 45.7 45.7
4937 0.3 10 0 0 4937 0.1 50 0 0 90 60.1 49.8 49.8
4937 0.3 10 0 0 4937 0.1 50 0 0 120 67.6 53.8 53.8
4937 0.3 10 0 0 4937 0.1 50 0 0 150 71.7 57.6 57.6
4937 0.3 10 0 0 4937 0.1 50 0 0 180 73.6 60.7 60.7
4937 0.3 10 0 0 4937 0.1 60 0 0 0 41.8 42.1 42.1
4937 0.3 10 0 0 4937 0.1 60 0 0 30 44.4 43.8 43.8
4937 0.3 10 0 0 4937 0.1 60 0 0 60 51.2 46.7 46.7
4937 0.3 10 0 0 4937 0.1 60 0 0 90 59.0 50.3 50.3
4937 0.3 10 0 0 4937 0.1 60 0 0 120 66.0 54.3 54.3
4937 0.3 10 0 0 4937 0.1 60 0 0 150 69.7 58.0 58.0
4937 0.3 10 0 0 4937 0.1 60 0 0 180 71.4 61.3 61.3
4937 0.3 10 0 0 4937 0.2 0 0 0 0 41.2 35.7 35.7
4937 0.3 10 0 0 4937 0.2 0 0 0 30 46.0 39.8 39.8
4937 0.3 10 0 0 4937 0.2 0 0 0 60 52.0 45.8 45.8
4937 0.3 10 0 0 4937 0.2 0 0 0 90 59.1 53.0 53.0
4937 0.3 10 0 0 4937 0.2 0 0 0 120 66.5 59.4 59.4
4937 0.3 10 0 0 4937 0.2 0 0 0 150 72.5 64.1 64.1
4937 0.3 10 0 0 4937 0.2 0 0 0 180 75.4 64.9 64.9
4937 0.3 10 0 0 4937 0.2 10 0 0 0 41.1 35.1 35.1
4937 0.3 10 0 0 4937 0.2 10 0 0 30 45.9 39.5 39.5
4937 0.3 10 0 0 4937 0.2 10 0 0 60 51.9 45.6 45.6
4937 0.3 10 0 0 4937 0.2 10 0 0 90 59.0 52.4 52.4
4937 0.3 10 0 0 4937 0.2 10 0 0 120 66.5 58.2 58.2
4937 0.3 10 0 0 4937 0.2 10 0 0 150 72.4 63.0 63.0
4937 0.3 10 0 0 4937 0.2 10 0 0 180 75.3 65.1 65.1
4937 0.3 10 0 0 4937 0.2 20 0 0 0 41.0 35.3 35.3
4937 0.3 10 0 0 4937 0.2 20 0 0 30 45.7 38.8 38.8
4937 0.3 10 0 0 4937 0.2 20 0 0 60 51.7 44.8 44.8
4937 0.3 10 0 0 4937 0.2 20 0 0 90 58.7 50.7 50.7
4937 0.3 10 0 0 4937 0.2 20 0 0 120 66.3 56.0 56.0
4937 0.3 10 0 0 4937 0.2 20 0 0 150 72.2 60.7 60.7
4937 0.3 10 0 0 4937 0.2 20 0 0 180 75.0 63.8 63.8
4937 0.3 10 0 0 4937 0.2 30 0 0 0 40.7 36.0 36.0
4937 0.3 10 0 0 4937 0.2 30 0 0 30 45.3 38.8 38.8
4937 0.3 10 0 0 4937 0.2 30 0 0 60 51.3 42.8 42.8
4937 0.3 10 0 0 4937 0.2 30 0 0 90 58.3 47.5 47.5
4937 0.3 10 0 0 4937 0.2 30 0 0 120 66.0 52.3 52.3
4937 0.3 10 0 0 4937 0.2 30 0 0 150 71.8 57.0 57.0
4937 0.3 10 0 0 4937 0.2 30 0 0 180 74.5 60.5 60.5
4937 0.3 10 0 0 4937 0.2 40 0 0 0 40.4 37.6 37.6
4937 0.3 10 0 0 4937 0.2 40 0 0 30 44.7 39.3 39.3
4937 0.3 10 0 0 4937 0.2 40 0 0 60 50.7 42.7 42.7
4937 0.3 10 0 0 4937 0.2 40 0 0 90 57.8 46.8 46.8
4937 0.3 10 0 0 4937 0.2 40 0 0 120 65.5 51.4 51.4
4937 0.3 10 0 0 4937 0.2 40 0 0 150 71.1 56.0 56.0
4937 0.3 10 0 0 4937 0.2 40 0 0 180 73.7 59.8 59.8
4937 0.3 10 0 0 4937 0.2 50 0 0 0 40.4 39.3 39.3
4937 0.3 10 0 0 4937 0.2 50 0 0 30 44.0 40.6 40.6
4937 0.3 10 0 0 4937 0.2 50 0 0 60 50.0 43.1 43.1
4937 0.3 10 0 0 4937 0.2 50 0 0 90 57.0 46.9 46.9
4937 0.3 10 0 0 4937 0.2 50 0 0 120 64.7 51.2 51.2
4937 0.3 10 0 0 4937 0.2 50 0 0 150 70.0 55.8 55.8
4937 0.3 10 0 0 4937 0.2 50 0 0 180 72.4 59.8 59.8
4937 0.3 10 0 0 4937 0.2 60 0 0 0 40.7 41.3 41.3
4937 0.3 10 0 0 4937 0.2 60 0 0 30 43.2 42.5 42.5
4937 0.3 10 0 0 4937 0.2 60 0 0 60 48.8 44.6 44.6
4937 0.3 10 0 0 4937 0.2 60 0 0 90 55.9 47.6 47.6
4937 0.3 10 0 0 4937 0.2 60 0 0 120 63.4 51.6 51.6
4937 0.3 10 0 0 4937 0.2 60 0 0 150 68.0 56.1 56.1
4937 0.3 10 0 0 4937 0.2 60 0 0 180 70.2 60.2 60.2
4937 0.3 10 0 0 4937 0.3 0 0 0 0 40.5 34.9 34.9
4937 0.3 10 0 0 4937 0.3 0 0 0 30 44.9 38.5 38.5
4937 0.3 10 0 0 4937 0.3 0 0 0 60 49.8 43.5 43.5
4937 0.3 10 0 0 4937 0.3 0 0 0 90 56.1 49.8 49.8
4937 0.3 10 0 0 4937 0.3 0 0 0 120 63.5 56.2 56.2
4937 0.3 10 0 0 4937 0.3 0 0 0 150 70.4 62.1 62.1
4937 0.3 10 0 0 4937 0.3 0 0 0 180 73.8 63.8 63.8
4937 0.3 10 0 0 4937 0.3 10 0 0 0 40.4 33.8 33.8
4937 0.3 10 0 0 4937 0.3 10 0 0 30 44.8 38.2 38.2
4937 0.3 10 0 0 4937 0.3 10 0 0 60 49.7 43.2 43.2
4937 0.3 10 0 0 4937 0.3 10 0 0 90 55.9 49.2 49.2
4937 0.3 10 0 0 4937 0.3 10 0 0 120 63.4 55.1 55.1
4937 0.3 10 0 0 4937 0.3 10 0 0 150 70.3 60.9 60.9
4937 0.3 10 0 0 4937 0.3 10 0 0 180 73.7 64.2 64.2
4937 0.3 10 0 0 4937 0.3 20 0 0 0 40.1 34.1 34.1
4937 0.3 10 0 0 4937 0.3 20 0 0 30 44.5 37.4 37.4
4937 0.3 10 0 0 4937 0.3 20 0 0 60 49.5 42.3 42.3
4937 0.3 10 0 0 4937 0.3 20 0 0 90 55.7 47.4 47.4
4937 0.3 10 0 0 4937 0.3 20 0 0 120 63.2 52.8 52.8
4937 0.3 10 0 0 4937 0.3 20 0 0 150 70.1 58.5 58.5
4937 0.3 10 0 0 4937 0.3 20 0 0 180 73.4 62.8 62.8
4937 0.3 10 0 0 4937 0.3 30 0 0 0 39.8 35.6 35.6
4937 0.3 10 0 0 4937 0.3 30 0 0 30 44.1 37.0 37.0
4937 0.3 10 0 0 4937 0.3 30 0 0 60 49.1 40.4 40.4
4937 0.3 10 0 0 4937 0.3 30 0 0 90 55.3 44.6 44.6
4937 0.3 10 0 0 4937 0.3 30 0 0 120 62.9 49.7 49.7
4937 0.3 10 0 0 4937 0.3 30 0 0 150 69.7 55.3 55.3
4937 0.3 10 0 0 4937 0.3 30 0 0 180 72.9 59.9 59.9
4937 0.3 10 0 0 4937 0.3 40 0 0 0 39.8 37.1 37.1
4937 0.3 10 0 0 4937 0.3 40 0 0 30 43.6 38.0 38.0
4937 0.3 10 0 0 4937 0.3 40 0 0 60 48.5 40.3 40.3
4937 0.3 10 0 0 4937 0.3 40 0 0 90 54.7 44.1 44.1
4937 0.3 10 0 0 4937 0.3 40 0 0 120 62.4 48.8 48.8
4937 0.3 10 0 0 4937 0.3 40 0 0 150 69.0 54.2 54.2
4937 0.3 10 0 0 4937 0.3 40 0 0 180 72.1 59.1 59.1
4937 0.3 10 0 0 4937 0.3 50 0 0 0 40.0 38.7 38.7
4937 0.3 10 0 0 4937 0.3 50 0 0 30 43.1 39.4 39.4
4937 0.3 10 0 0 4937 0.3 50 0 0 60 47.7 41.2 41.2
4937 0.3 10 0 0 4937 0.3 50 0 0 90 54.0 44.1 44.1
4937 0.3 10 0 0 4937 0.3 50 0 0 120 61.6 48.6 48.6
4937 0.3 10 0 0 4937 0.3 50 0 0 150 67.9 53.9 53.9
4937 0.3 10 0 0 4937 0.3 50 0 0 180 70.8 59.0 59.0
4937 0.3 10 0 0 4937 0.3 60 0 0 0 40.5 40.7 40.7
4937 0.3 10 0 0 4937 0.3 60 0 0 30 42.7 41.3 41.3
4937 0.3 10 0 0 4937 0.3 60 0 0 60 46.9 42.8 42.8
4937 0.3 10 0 0 4937 0.3 60 0 0 90 52.8 45.2 45.2
4937 0.3 10 0 0 4937 0.3 60 0 0 120 60.2 48.9 48.9
4937 0.3 10 0 0 4937 0.3 60 0 0 150 66.0 54.0 54.0
4937 0.3 10 0 0 4937 0.3 60 0 0 180 68.5 59.2 59.2
4937 0.3 10 0 0 4937 0.4 0 0 0 0 41.3 35.3 35.3
4937 0.3 10 0 0 4937 0.4 0 0 0 30 43.9 37.7 37.7
4937 0.3 10 0 0 4937 0.4 0 0 0 60 47.8 41.3 41.3
4937 0.3 10 0 0 4937 0.4 0 0 0 90 53.1 46.6 46.6
4937 0.3 10 0 0 4937 0.4 0 0 0 120 60.3 52.8 52.8
4937 0.3 10 0 0 4937 0.4 0 0 0 150 68.0 59.7 59.7
4937 0.3 10 0 0 4937 0.4 0 0 0 180 72.1 62.6 62.6
4937 0.3 10 0 0 4937 0.4 10 0 0 0 41.2 34.5 34.5
4937 0.3 10 0 0 4937 0.4 10 0 0 30 43.8 37.1 37.1
4937 0.3 10 0 0 4937 0.4 10 0 0 60 47.7 41.0 41.0
4937 0.3 10 0 0 4937 0.4 10 0 0 90 53.0 46.0 46.0
4937 0.3 10 0 0 4937 0.4 10 0 0 120 60.2 51.7 51.7
4937 0.3 10 0 0 4937 0.4 10 0 0 150 68.0 58.4 58.4
4937 0.3 10 0 0 4937 0.4 10 0 0 180 72.0 62.6 62.6
4937 0.3 10 0 0 4937 0.4 20 0 0 0 41.1 34.2 34.2
4937 0.3 10 0 0 4937 0.4 20 0 0 30 43.6 36.0 36.0
4937 0.3 10 0 0 4937 0.4 20 0 0 60 47.5 39.4 39.4
4937 0.3 10 0 0 4937 0.4 20 0 0 90 52.8 43.6 43.6
4937 0.3 10 0 0 4937 0.4 20 0 0 120 60.0 49.0 49.0
4937 0.3 10 0 0 4937 0.4 20 0 0 150 67.7 55.5 55.5
4937 0.3 10 0 0 4937 0.4 20 0 0 180 71.7 60.7 60.7
4937 0.3 10 0 0 4937 0.4 30 0 0 0 41.1 35.3 35.3
4937 0.3 10 0 0 4937 0.4 30 0 0 30 43.2 36.3 36.3
4937 0.3 10 0 0 4937 0.4 30 0 0 60 47.1 38.4 38.4
4937 0.3 10 0 0 4937 0.4 30 0 0 90 52.4 42.0 42.0
4937 0.3 10 0 0 4937 0.4 30 0 0 120 59.6 47.0 47.0
4937 0.3 10 0 0 4937 0.4 30 0 0 150 67.3 53.5 53.5
4937 0.3 10 0 0 4937 0.4 30 0 0 180 71.1 59.3 59.3
4937 0.3 10 0 0 4937 0.4 40 0 0 0 41.1 36.8 36.8
4937 0.3 10 0 0 4937 0.4 40 0 0 30 43.0 37.4 37.4
4937 0.3 10 0 0 4937 0.4 40 0 0 60 46.5 38.8 38.8
4937 0.3 10 0 0 4937 0.4 40 0 0 90 51.8 41.5 41.5
4937 0.3 10 0 0 4937 0.4 40 0 0 120 59.1 46.2 46.2
4937 0.3 10 0 0 4937 0.4 40 0 0 150 66.6 52.5 52.5
4937 0.3 10 0 0 4937 0.4 40 0 0 180 70.2 58.7 58.7
4937 0.3 10 0 0 4937 0.4 50 0 0 0 41.2 38.3 38.3
4937 0.3 10 0 0 4937 0.4 50 0 0 30 42.9 38.8 38.8
4937 0.3 10 0 0 4937 0.4 50 0 0 60 46.1 39.9 39.9
4937 0.3 10 0 0 4937 0.4 50 0 0 90 51.0 42.0 42.0
4937 0.3 10 0 0 4937 0.4 50 0 0 120 58.2 45.9 45.9
4937 0.3 10 0 0 4937 0.4 50 0 0 150 65.5 52.0 52.0
4937 0.3 10 0 0 4937 0.4 50 0 0 180 68.9 58.3 58.3
4937 0.3 10 0 0 4937 0.4 60 0 0 0 41.6 39.9 39.9
4937 0.3 10 0 0 4937 0.4 60 0 0 30 42.9 40.3 40.3
4937 0.3 10 0 0 4937 0.4 60 0 0 60 45.8 41.3 41.3
4937 0.3 10 0 0 4937 0.4 60 0 0 90 50.3 43.2 43.2
4937 0.3 10 0 0 4937 0.4 60 0 0 120 56.7 46.4 46.4
4937 0.3 10 0 0 4937 0.4 60 0 0 150 63.3 51.9 51.9
4937 0.3 10 0 0 4937 0.4 60 0 0 180 66.3 58.3 58.3
4937 0.3 10 0 0 4937 0.5 0 0 0 0 43.2 36.6 36.6
4937 0.3 10 0 0 4937 0.5 0 0 0 30 44.0 37.9 37.9
4937 0.3 10 0 0 4937 0.5 0 0 0 60 46.1 40.0 40.0
4937 0.3 10 0 0 4937 0.5 0 0 0 90 50.4 43.4 43.4
4937 0.3 10 0 0 4937 0.5 0 0 0 120 56.9 49.0 49.0
4937 0.3 10 0 0 4937 0.5 0 0 0 150 65.3 56.6 56.6
4937 0.3 10 0 0 4937 0.5 0 0 0 180 70.2 60.5 60.5
4937 0.3 10 0 0 4937 0.5 10 0 0 0 43.2 36.3 36.3
4937 0.3 10 0 0 4937 0.5 10 0 0 30 44.0 37.0 37.0
4937 0.3 10 0 0 4937 0.5 10 0 0 60 46.0 38.8 38.8
4937 0.3 10 0 0 4937 0.5 10 0 0 90 50.2 42.4 42.4
4937 0.3 10 0 0 4937 0.5 10 0 0 120 56.8 47.6 47.6
4937 0.3 10 0 0 4937 0.5 10 0 0 150 65.2 55.1 55.1
4937 0.3 10 0 0 4937 0.5 10 0 0 180 70.1 60.1 60.1
4937 0.3 10 0 0 4937 0.5 20 0 0 0 43.2 35.9 35.9
4937 0.3 10 0 0 4937 0.5 20 0 0 30 43.9 36.2 36.2
4937 0.3 10 0 0 4937 0.5 20 0 0 60 45.8 37.6 37.6
4937 0.3 10 0 0 4937 0.5 20 0 0 90 50.0 40.7 40.7
4937 0.3 10 0 0 4937 0.5 20 0 0 120 56.6 45.7 45.7
4937 0.3 10 0 0 4937 0.5 20 0 0 150 65.0 53.0 53.0
4937 0.3 10 0 0 4937 0.5 20 0 0 180 69.7 59.0 59.0
4937 0.3 10 0 0 4937 0.5 30 0 0 0 43.2 36.1 36.1
4937 0.3 10 0 0 4937 0.5 30 0 0 30 43.9 36.3 36.3
4937 0.3 10 0 0 4937 0.5 30 0 0 60 45.6 37.5 37.5
4937 0.3 10 0 0 4937 0.5 30 0 0 90 49.5 39.8 39.8
4937 0.3 10 0 0 4937 0.5 30 0 0 120 56.2 44.4 44.4
4937 0.3 10 0 0 4937 0.5 30 0 0 150 64.5 51.5 51.5
4937 0.3 10 0 0 4937 0.5 30 0 0 180 69.1 58.4 58.4
4937 0.3 10 0 0 4937 0.5 40 0 0 0 43.2 36.8 36.8
4937 0.3 10 0 0 4937 0.5 40 0 0 30 43.9 37.1 37.1
4937 0.3 10 0 0 4937 0.5 40 0 0 60 45.5 38.1 38.1
4937 0.3 10 0 0 4937 0.5 40 0 0 90 49.1 39.9 39.9
4937 0.3 10 0 0 4937 0.5 40 0 0 120 55.6 43.6 43.6
4937 0.3 10 0 0 4937 0.5 40 0 0 150 63.8 50.6 50.6
4937 0.3 10 0 0 4937 0.5 40 0 0 180 68.2 58.0 58.0
4937 0.3 10 0 0 4937 0.5 50 0 0 0 43.3 37.9 37.9
4937 0.3 10 0 0 4937 0.5 50 0 0 30 44.0 38.2 38.2
4937 0.3 10 0 0 4937 0.5 50 0 0 60 45.5 39.0 39.0
4937 0.3 10 0 0 4937 0.5 50 0 0 90 48.7 40.5 40.5
4937 0.3 10 0 0 4937 0.5 50 0 0 120 54.6 43.6 43.6
4937 0.3 10 0 0 4937 0.5 50 0 0 150 62.6 49.9 49.9
4937 0.3 10 0 0 4937 0.5 50 0 0 180 66.8 57.6 57.6
4937 0.3 10 0 0 4937 0.5 60 0 0 0 43.6 39.3 39.3
4937 0.3 10 0 0 4937 0.5 60 0 0 30 44.1 39.5 39.5
4937 0.3 10 0 0 4937 0.5 60 0 0 60 45.6 40.1 40.1
4937 0.3 10 0 0 4937 0.5 60 0 0 90 48.5 41.5 41.5
4937 0.3 10 0 0 4937 0.5 60 0 0 120 53.6 44.2 44.2
4937 0.3 10 0 0 4937 0.5 60 0 0 150 60.5 49.6 49.6
4937 0.3 10 0 0 4937 0.5 60 0 0 180 64.1 57.5 57.5
