4937 0 40 0 0 4737 0 0 0 0 0 61 53 53
4937 0 40 0 0 4737 0 0 0 0 30 62 52 52
4937 0 40 0 0 4737 0 0 0 0 60 62 52 52
4937 0 40 0 0 4737 0 0 0 0 90 61 52 52
4937 0 40 0 0 4737 0 0 0 0 120 61 51 51
4937 0 40 0 0 4737 0 0 0 0 150 61 51 51
4937 0 40 0 0 4737 0 0 0 0 180 61 51 51
4937 0 40 0 0 4737 0 10 0 0 0 61 52 52
4937 0 40 0 0 4737 0 10 0 0 30 62 52 52
4937 0 40 0 0 4737 0 10 0 0 60 61 52 52
4937 0 40 0 0 4737 0 10 0 0 90 61 51 51
4937 0 40 0 0 4737 0 10 0 0 120 61 51 51
4937 0 40 0 0 4737 0 10 0 0 150 61 51 51
4937 0 40 0 0 4737 0 10 0 0 180 60 51 51
4937 0 40 0 0 4737 0 20 0 0 0 61 51 51
4937 0 40 0 0 4737 0 20 0 0 30 61 50 50
4937 0 40 0 0 4737 0 20 0 0 60 61 50 50
4937 0 40 0 0 4737 0 20 0 0 90 61 50 50
4937 0 40 0 0 4737 0 20 0 0 120 61 50 50
4937 0 40 0 0 4737 0 20 0 0 150 60 50 50
4937 0 40 0 0 4737 0 20 0 0 180 60 50 50
4937 0 40 0 0 4737 0 30 0 0 0 61 47 47
4937 0 40 0 0 4737 0 30 0 0 30 61 47 47
4937 0 40 0 0 4737 0 30 0 0 60 61 47 47
4937 0 40 0 0 4737 0 30 0 0 90 61 47 47
4937 0 40 0 0 4737 0 30 0 0 120 60 47 47
4937 0 40 0 0 4737 0 30 0 0 150 60 47 47
4937 0 40 0 0 4737 0 30 0 0 180 60 47 47
4937 0 40 0 0 4737 0 40 0 0 0 60 47 47
4937 0 40 0 0 4737 0 40 0 0 30 61 47 47
4937 0 40 0 0 4737 0 40 0 0 60 60 47 47
4937 0 40 0 0 4737 0 40 0 0 90 60 47 47
4937 0 40 0 0 4737 0 40 0 0 120 60 47 47
4937 0 40 0 0 4737 0 40 0 0 150 59 47 47
4937 0 40 0 0 4737 0 40 0 0 180 59 47 47
4937 0 40 0 0 4737 0 50 0 0 0 60 48 48
4937 0 40 0 0 4737 0 50 0 0 30 60 48 48
4937 0 40 0 0 4737 0 50 0 0 60 60 48 48
4937 0 40 0 0 4737 0 50 0 0 90 59 48 48
4937 0 40 0 0 4737 0 50 0 0 120 59 48 48
4937 0 40 0 0 4737 0 50 0 0 150 59 48 48
4937 0 40 0 0 4737 0 50 0 0 180 59 48 48
4937 0 40 0 0 4737 0 60 0 0 0 58 50 50
4937 0 40 0 0 4737 0 60 0 0 30 58 50 50
4937 0 40 0 0 4737 0 60 0 0 60 58 50 50
4937 0 40 0 0 4737 0 60 0 0 90 58 49 49
4937 0 40 0 0 4737 0 60 0 0 120 58 49 49
4937 0 40 0 0 4737 0 60 0 0 150 57 49 49
4937 0 40 0 0 4737 0 60 0 0 180 57 49 49
4937 0 40 0 0 4737 0 0 0 0 0 61 52 52
4937 0 40 0 0 4737 0 0 0 0 30 61 52 52
4937 0 40 0 0 4737 0 0 0 0 60 61 51 51
4937 0 40 0 0 4737 0 0 0 0 90 61 51 51
4937 0 40 0 0 4737 0 0 0 0 120 60 51 51
4937 0 40 0 0 4737 0 0 0 0 150 60 50 50
4937 0 40 0 0 4737 0 0 0 0 180 60 51 51
4937 0 40 0 0 4737 0 10 0 0 0 61 51 51
4937 0 40 0 0 4737 0 10 0 0 30 61 51 51
4937 0 40 0 0 4737 0 10 0 0 60 61 51 51
4937 0 40 0 0 4737 0 10 0 0 90 61 50 50
4937 0 40 0 0 4737 0 10 0 0 120 60 50 50
4937 0 40 0 0 4737 0 10 0 0 150 60 50 50
4937 0 40 0 0 4737 0 10 0 0 180 60 50 50
4937 0 40 0 0 4737 0 20 0 0 0 61 50 50
4937 0 40 0 0 4737 0 20 0 0 30 61 50 50
4937 0 40 0 0 4737 0 20 0 0 60 61 49 49
4937 0 40 0 0 4737 0 20 0 0 90 60 49 49
4937 0 40 0 0 4737 0 20 0 0 120 60 49 49
4937 0 40 0 0 4737 0 20 0 0 150 60 49 49
4937 0 40 0 0 4737 0 20 0 0 180 60 49 49
4937 0 40 0 0 4737 0 30 0 0 0 60 47 47
4937 0 40 0 0 4737 0 30 0 0 30 60 47 47
4937 0 40 0 0 4737 0 30 0 0 60 60 47 47
4937 0 40 0 0 4737 0 30 0 0 90 60 46 46
4937 0 40 0 0 4737 0 30 0 0 120 60 46 46
4937 0 40 0 0 4737 0 30 0 0 150 59 46 46
4937 0 40 0 0 4737 0 30 0 0 180 59 46 46
4937 0 40 0 0 4737 0 40 0 0 0 60 47 47
4937 0 40 0 0 4737 0 40 0 0 30 60 47 47
4937 0 40 0 0 4737 0 40 0 0 60 60 47 47
4937 0 40 0 0 4737 0 40 0 0 90 60 46 46
4937 0 40 0 0 4737 0 40 0 0 120 59 46 46
4937 0 40 0 0 4737 0 40 0 0 150 59 46 46
4937 0 40 0 0 4737 0 40 0 0 180 59 46 46
4937 0 40 0 0 4737 0 50 0 0 0 59 48 48
4937 0 40 0 0 4737 0 50 0 0 30 59 48 48
4937 0 40 0 0 4737 0 50 0 0 60 59 48 48
4937 0 40 0 0 4737 0 50 0 0 90 59 47 47
4937 0 40 0 0 4737 0 50 0 0 120 58 47 47
4937 0 40 0 0 4737 0 50 0 0 150 58 47 47
4937 0 40 0 0 4737 0 50 0 0 180 58 47 47
4937 0 40 0 0 4737 0 60 0 0 0 57 49 49
4937 0 40 0 0 4737 0 60 0 0 30 58 49 49
4937 0 40 0 0 4737 0 60 0 0 60 58 49 49
4937 0 40 0 0 4737 0 60 0 0 90 57 49 49
4937 0 40 0 0 4737 0 60 0 0 120 57 49 49
4937 0 40 0 0 4737 0 60 0 0 150 57 48 48
4937 0 40 0 0 4737 0 60 0 0 180 56 48 48
4937 0 40 0 0 4737 0 0 0 0 0 60 51 51
4937 0 40 0 0 4737 0 0 0 0 30 60 51 51
4937 0 40 0 0 4737 0 0 0 0 60 60 51 51
4937 0 40 0 0 4737 0 0 0 0 90 60 50 50
4937 0 40 0 0 4737 0 0 0 0 120 60 50 50
4937 0 40 0 0 4737 0 0 0 0 150 59 50 50
4937 0 40 0 0 4737 0 0 0 0 180 59 50 50
4937 0 40 0 0 4737 0 10 0 0 0 60 50 50
4937 0 40 0 0 4737 0 10 0 0 30 60 50 50
4937 0 40 0 0 4737 0 10 0 0 60 60 50 50
4937 0 40 0 0 4737 0 10 0 0 90 60 50 50
4937 0 40 0 0 4737 0 10 0 0 120 60 49 49
4937 0 40 0 0 4737 0 10 0 0 150 59 49 49
4937 0 40 0 0 4737 0 10 0 0 180 59 49 49
4937 0 40 0 0 4737 0 20 0 0 0 60 49 49
4937 0 40 0 0 4737 0 20 0 0 30 60 49 49
4937 0 40 0 0 4737 0 20 0 0 60 60 49 49
4937 0 40 0 0 4737 0 20 0 0 90 60 48 48
4937 0 40 0 0 4737 0 20 0 0 120 60 48 48
4937 0 40 0 0 4737 0 20 0 0 150 59 48 48
4937 0 40 0 0 4737 0 20 0 0 180 59 48 48
4937 0 40 0 0 4737 0 30 0 0 0 60 46 46
4937 0 40 0 0 4737 0 30 0 0 30 60 46 46
4937 0 40 0 0 4737 0 30 0 0 60 60 46 46
4937 0 40 0 0 4737 0 30 0 0 90 59 46 46
4937 0 40 0 0 4737 0 30 0 0 120 59 45 45
4937 0 40 0 0 4737 0 30 0 0 150 59 45 45
4937 0 40 0 0 4737 0 30 0 0 180 59 45 45
4937 0 40 0 0 4737 0 40 0 0 0 59 46 46
4937 0 40 0 0 4737 0 40 0 0 30 59 46 46
4937 0 40 0 0 4737 0 40 0 0 60 59 46 46
4937 0 40 0 0 4737 0 40 0 0 90 59 46 46
4937 0 40 0 0 4737 0 40 0 0 120 59 46 46
4937 0 40 0 0 4737 0 40 0 0 150 58 45 45
4937 0 40 0 0 4737 0 40 0 0 180 58 45 45
4937 0 40 0 0 4737 0 50 0 0 0 58 47 47
4937 0 40 0 0 4737 0 50 0 0 30 58 47 47
4937 0 40 0 0 4737 0 50 0 0 60 58 47 47
4937 0 40 0 0 4737 0 50 0 0 90 58 47 47
4937 0 40 0 0 4737 0 50 0 0 120 58 46 46
4937 0 40 0 0 4737 0 50 0 0 150 57 46 46
4937 0 40 0 0 4737 0 50 0 0 180 57 46 46
4937 0 40 0 0 4737 0 60 0 0 0 57 48 48
4937 0 40 0 0 4737 0 60 0 0 30 57 49 49
4937 0 40 0 0 4737 0 60 0 0 60 57 49 49
4937 0 40 0 0 4737 0 60 0 0 90 57 48 48
4937 0 40 0 0 4737 0 60 0 0 120 56 48 48
4937 0 40 0 0 4737 0 60 0 0 150 56 48 48
4937 0 40 0 0 4737 0 60 0 0 180 56 47 47
4937 0 40 0 0 4737 0 0 0 0 0 60 50 50
4937 0 40 0 0 4737 0 0 0 0 30 60 50 50
4937 0 40 0 0 4737 0 0 0 0 60 60 50 50
4937 0 40 0 0 4737 0 0 0 0 90 60 50 50
4937 0 40 0 0 4737 0 0 0 0 120 59 49 49
4937 0 40 0 0 4737 0 0 0 0 150 59 49 49
4937 0 40 0 0 4737 0 0 0 0 180 59 49 49
4937 0 40 0 0 4737 0 10 0 0 0 60 50 50
4937 0 40 0 0 4737 0 10 0 0 30 60 49 49
4937 0 40 0 0 4737 0 10 0 0 60 60 49 49
4937 0 40 0 0 4737 0 10 0 0 90 59 49 49
4937 0 40 0 0 4737 0 10 0 0 120 59 49 49
4937 0 40 0 0 4737 0 10 0 0 150 59 48 48
4937 0 40 0 0 4737 0 10 0 0 180 59 48 48
4937 0 40 0 0 4737 0 20 0 0 0 59 48 48
4937 0 40 0 0 4737 0 20 0 0 30 59 48 48
4937 0 40 0 0 4737 0 20 0 0 60 59 48 48
4937 0 40 0 0 4737 0 20 0 0 90 59 47 47
4937 0 40 0 0 4737 0 20 0 0 120 59 47 47
4937 0 40 0 0 4737 0 20 0 0 150 58 46 46
4937 0 40 0 0 4737 0 20 0 0 180 58 46 46
4937 0 40 0 0 4737 0 30 0 0 0 59 46 46
4937 0 40 0 0 4737 0 30 0 0 30 59 46 46
4937 0 40 0 0 4737 0 30 0 0 60 59 46 46
4937 0 40 0 0 4737 0 30 0 0 90 59 45 45
4937 0 40 0 0 4737 0 30 0 0 120 59 45 45
4937 0 40 0 0 4737 0 30 0 0 150 58 45 45
4937 0 40 0 0 4737 0 30 0 0 180 58 45 45
4937 0 40 0 0 4737 0 40 0 0 0 58 46 46
4937 0 40 0 0 4737 0 40 0 0 30 59 46 46
4937 0 40 0 0 4737 0 40 0 0 60 59 46 46
4937 0 40 0 0 4737 0 40 0 0 90 58 46 46
4937 0 40 0 0 4737 0 40 0 0 120 58 45 45
4937 0 40 0 0 4737 0 40 0 0 150 57 45 45
4937 0 40 0 0 4737 0 40 0 0 180 57 45 45
4937 0 40 0 0 4737 0 50 0 0 0 58 47 47
4937 0 40 0 0 4737 0 50 0 0 30 58 47 47
4937 0 40 0 0 4737 0 50 0 0 60 58 47 47
4937 0 40 0 0 4737 0 50 0 0 90 58 47 47
4937 0 40 0 0 4737 0 50 0 0 120 57 46 46
4937 0 40 0 0 4737 0 50 0 0 150 57 46 46
4937 0 40 0 0 4737 0 50 0 0 180 56 45 45
4937 0 40 0 0 4737 0 60 0 0 0 56 48 48
4937 0 40 0 0 4737 0 60 0 0 30 56 48 48
4937 0 40 0 0 4737 0 60 0 0 60 56 48 48
4937 0 40 0 0 4737 0 60 0 0 90 56 48 48
4937 0 40 0 0 4737 0 60 0 0 120 56 47 47
4937 0 40 0 0 4737 0 60 0 0 150 55 47 47
4937 0 40 0 0 4737 0 60 0 0 180 55 46 46
4937 0 40 0 0 4737 0 0 0 0 0 59 49 49
4937 0 40 0 0 4737 0 0 0 0 30 59 49 49
4937 0 40 0 0 4737 0 0 0 0 60 59 49 49
4937 0 40 0 0 4737 0 0 0 0 90 59 49 49
4937 0 40 0 0 4737 0 0 0 0 120 59 48 48
4937 0 40 0 0 4737 0 0 0 0 150 58 48 48
4937 0 40 0 0 4737 0 0 0 0 180 58 48 48
4937 0 40 0 0 4737 0 10 0 0 0 59 49 49
4937 0 40 0 0 4737 0 10 0 0 30 59 48 48
4937 0 40 0 0 4737 0 10 0 0 60 59 48 48
4937 0 40 0 0 4737 0 10 0 0 90 59 48 48
4937 0 40 0 0 4737 0 10 0 0 120 59 48 48
4937 0 40 0 0 4737 0 10 0 0 150 58 47 47
4937 0 40 0 0 4737 0 10 0 0 180 58 47 47
4937 0 40 0 0 4737 0 20 0 0 0 59 46 46
4937 0 40 0 0 4737 0 20 0 0 30 59 46 46
4937 0 40 0 0 4737 0 20 0 0 60 59 46 46
4937 0 40 0 0 4737 0 20 0 0 90 59 46 46
4937 0 40 0 0 4737 0 20 0 0 120 58 45 45
4937 0 40 0 0 4737 0 20 0 0 150 58 45 45
4937 0 40 0 0 4737 0 20 0 0 180 58 45 45
4937 0 40 0 0 4737 0 30 0 0 0 58 46 46
4937 0 40 0 0 4737 0 30 0 0 30 58 46 46
4937 0 40 0 0 4737 0 30 0 0 60 58 46 46
4937 0 40 0 0 4737 0 30 0 0 90 58 45 45
4937 0 40 0 0 4737 0 30 0 0 120 58 45 45
4937 0 40 0 0 4737 0 30 0 0 150 57 44 44
4937 0 40 0 0 4737 0 30 0 0 180 57 44 44
4937 0 40 0 0 4737 0 40 0 0 0 58 46 46
4937 0 40 0 0 4737 0 40 0 0 30 58 46 46
4937 0 40 0 0 4737 0 40 0 0 60 58 46 46
4937 0 40 0 0 4737 0 40 0 0 90 58 46 46
4937 0 40 0 0 4737 0 40 0 0 120 58 45 45
4937 0 40 0 0 4737 0 40 0 0 150 57 44 44
4937 0 40 0 0 4737 0 40 0 0 180 57 44 44
4937 0 40 0 0 4737 0 50 0 0 0 57 47 47
4937 0 40 0 0 4737 0 50 0 0 30 57 47 47
4937 0 40 0 0 4737 0 50 0 0 60 57 47 47
4937 0 40 0 0 4737 0 50 0 0 90 57 46 46
4937 0 40 0 0 4737 0 50 0 0 120 57 46 46
4937 0 40 0 0 4737 0 50 0 0 150 56 45 45
4937 0 40 0 0 4737 0 50 0 0 180 55 45 45
4937 0 40 0 0 4737 0 60 0 0 0 55 47 47
4937 0 40 0 0 4737 0 60 0 0 30 55 47 47
4937 0 40 0 0 4737 0 60 0 0 60 55 47 47
4937 0 40 0 0 4737 0 60 0 0 90 56 47 47
4937 0 40 0 0 4737 0 60 0 0 120 56 47 47
4937 0 40 0 0 4737 0 60 0 0 150 55 46 46
4937 0 40 0 0 4737 0 60 0 0 180 54 46 46
4937 0 40 0 0 4737 0 0 0 0 0 58 48 48
4937 0 40 0 0 4737 0 0 0 0 30 58 48 48
4937 0 40 0 0 4737 0 0 0 0 60 58 48 48
4937 0 40 0 0 4737 0 0 0 0 90 58 47 47
4937 0 40 0 0 4737 0 0 0 0 120 58 47 47
4937 0 40 0 0 4737 0 0 0 0 150 58 47 47
4937 0 40 0 0 4737 0 0 0 0 180 57 46 46
4937 0 40 0 0 4737 0 10 0 0 0 58 47 47
4937 0 40 0 0 4737 0 10 0 0 30 58 47 47
4937 0 40 0 0 4737 0 10 0 0 60 58 47 47
4937 0 40 0 0 4737 0 10 0 0 90 58 47 47
4937 0 40 0 0 4737 0 10 0 0 120 58 46 46
4937 0 40 0 0 4737 0 10 0 0 150 57 46 46
4937 0 40 0 0 4737 0 10 0 0 180 57 45 45
4937 0 40 0 0 4737 0 20 0 0 0 58 46 46
4937 0 40 0 0 4737 0 20 0 0 30 58 46 46
4937 0 40 0 0 4737 0 20 0 0 60 58 46 46
4937 0 40 0 0 4737 0 20 0 0 90 58 46 46
4937 0 40 0 0 4737 0 20 0 0 120 58 45 45
4937 0 40 0 0 4737 0 20 0 0 150 57 45 45
4937 0 40 0 0 4737 0 20 0 0 180 57 44 44
4937 0 40 0 0 4737 0 30 0 0 0 58 46 46
4937 0 40 0 0 4737 0 30 0 0 30 58 46 46
4937 0 40 0 0 4737 0 30 0 0 60 58 46 46
4937 0 40 0 0 4737 0 30 0 0 90 58 45 45
4937 0 40 0 0 4737 0 30 0 0 120 58 45 45
4937 0 40 0 0 4737 0 30 0 0 150 57 44 44
4937 0 40 0 0 4737 0 30 0 0 180 56 43 43
4937 0 40 0 0 4737 0 40 0 0 0 57 46 46
4937 0 40 0 0 4737 0 40 0 0 30 57 46 46
4937 0 40 0 0 4737 0 40 0 0 60 57 46 46
4937 0 40 0 0 4737 0 40 0 0 90 57 46 46
4937 0 40 0 0 4737 0 40 0 0 120 57 45 45
4937 0 40 0 0 4737 0 40 0 0 150 56 44 44
4937 0 40 0 0 4737 0 40 0 0 180 56 44 44
4937 0 40 0 0 4737 0 50 0 0 0 56 46 46
4937 0 40 0 0 4737 0 50 0 0 30 56 46 46
4937 0 40 0 0 4737 0 50 0 0 60 57 46 46
4937 0 40 0 0 4737 0 50 0 0 90 57 46 46
4937 0 40 0 0 4737 0 50 0 0 120 57 46 46
4937 0 40 0 0 4737 0 50 0 0 150 56 45 45
4937 0 40 0 0 4737 0 50 0 0 180 54 44 44
4937 0 40 0 0 4737 0 60 0 0 0 54 47 47
4937 0 40 0 0 4737 0 60 0 0 30 55 47 47
4937 0 40 0 0 4737 0 60 0 0 60 55 47 47
4937 0 40 0 0 4737 0 60 0 0 90 55 47 47
4937 0 40 0 0 4737 0 60 0 0 120 55 47 47
4937 0 40 0 0 4737 0 60 0 0 150 54 46 46
4937 0 40 0 0 4737 0 60 0 0 180 53 45 45
4937 0 40 0 0 4937 0 0 0 0 0 45 41 41
4937 0 40 0 0 4937 0 0 0 0 30 48 46 46
4937 0 40 0 0 4937 0 0 0 0 60 56 51 51
4937 0 40 0 0 4937 0 0 0 0 90 65 57 57
4937 0 40 0 0 4937 0 0 0 0 120 70 62 62
4937 0 40 0 0 4937 0 0 0 0 150 74 62 62
4937 0 40 0 0 4937 0 0 0 0 180 75 61 61
4937 0 40 0 0 4937 0 10 0 0 0 45 40 40
4937 0 40 0 0 4937 0 10 0 0 30 48 44 44
4937 0 40 0 0 4937 0 10 0 0 60 56 50 50
4937 0 40 0 0 4937 0 10 0 0 90 64 56 56
4937 0 40 0 0 4937 0 10 0 0 120 70 61 61
4937 0 40 0 0 4937 0 10 0 0 150 74 62 62
4937 0 40 0 0 4937 0 10 0 0 180 75 62 62
4937 0 40 0 0 4937 0 20 0 0 0 45 38 38
4937 0 40 0 0 4937 0 20 0 0 30 48 42 42
4937 0 40 0 0 4937 0 20 0 0 60 56 48 48
4937 0 40 0 0 4937 0 20 0 0 90 64 55 55
4937 0 40 0 0 4937 0 20 0 0 120 70 59 59
4937 0 40 0 0 4937 0 20 0 0 150 74 61 61
4937 0 40 0 0 4937 0 20 0 0 180 75 61 61
4937 0 40 0 0 4937 0 30 0 0 0 44 36 36
4937 0 40 0 0 4937 0 30 0 0 30 48 39 39
4937 0 40 0 0 4937 0 30 0 0 60 56 45 45
4937 0 40 0 0 4937 0 30 0 0 90 64 51 51
4937 0 40 0 0 4937 0 30 0 0 120 70 56 56
4937 0 40 0 0 4937 0 30 0 0 150 73 58 58
4937 0 40 0 0 4937 0 30 0 0 180 74 58 58
4937 0 40 0 0 4937 0 40 0 0 0 44 35 35
4937 0 40 0 0 4937 0 40 0 0 30 47 38 38
4937 0 40 0 0 4937 0 40 0 0 60 55 44 44
4937 0 40 0 0 4937 0 40 0 0 90 63 50 50
4937 0 40 0 0 4937 0 40 0 0 120 69 55 55
4937 0 40 0 0 4937 0 40 0 0 150 73 57 57
4937 0 40 0 0 4937 0 40 0 0 180 74 58 58
4937 0 40 0 0 4937 0 50 0 0 0 43 36 36
4937 0 40 0 0 4937 0 50 0 0 30 46 39 39
4937 0 40 0 0 4937 0 50 0 0 60 54 44 44
4937 0 40 0 0 4937 0 50 0 0 90 63 50 50
4937 0 40 0 0 4937 0 50 0 0 120 68 55 55
4937 0 40 0 0 4937 0 50 0 0 150 71 58 58
4937 0 40 0 0 4937 0 50 0 0 180 73 59 59
4937 0 40 0 0 4937 0 60 0 0 0 43 37 37
4937 0 40 0 0 4937 0 60 0 0 30 45 39 39
4937 0 40 0 0 4937 0 60 0 0 60 53 45 45
4937 0 40 0 0 4937 0 60 0 0 90 61 51 51
4937 0 40 0 0 4937 0 60 0 0 120 67 56 56
4937 0 40 0 0 4937 0 60 0 0 150 69 59 59
4937 0 40 0 0 4937 0 60 0 0 180 71 60 60
4937 0 40 0 0 4937 0 0 0 0 0 43 40 40
4937 0 40 0 0 4937 0 0 0 0 30 47 44 44
4937 0 40 0 0 4937 0 0 0 0 60 54 49 49
4937 0 40 0 0 4937 0 0 0 0 90 62 55 55
4937 0 40 0 0 4937 0 0 0 0 120 68 61 61
4937 0 40 0 0 4937 0 0 0 0 150 72 62 62
4937 0 40 0 0 4937 0 0 0 0 180 75 60 60
4937 0 40 0 0 4937 0 10 0 0 0 43 38 38
4937 0 40 0 0 4937 0 10 0 0 30 47 42 42
4937 0 40 0 0 4937 0 10 0 0 60 54 48 48
4937 0 40 0 0 4937 0 10 0 0 90 61 54 54
4937 0 40 0 0 4937 0 10 0 0 120 68 59 59
4937 0 40 0 0 4937 0 10 0 0 150 72 62 62
4937 0 40 0 0 4937 0 10 0 0 180 75 61 61
4937 0 40 0 0 4937 0 20 0 0 0 43 37 37
4937 0 40 0 0 4937 0 20 0 0 30 46 40 40
4937 0 40 0 0 4937 0 20 0 0 60 53 46 46
4937 0 40 0 0 4937 0 20 0 0 90 61 52 52
4937 0 40 0 0 4937 0 20 0 0 120 68 57 57
4937 0 40 0 0 4937 0 20 0 0 150 72 60 60
4937 0 40 0 0 4937 0 20 0 0 180 75 60 60
4937 0 40 0 0 4937 0 30 0 0 0 42 33 33
4937 0 40 0 0 4937 0 30 0 0 30 46 37 37
4937 0 40 0 0 4937 0 30 0 0 60 53 42 42
4937 0 40 0 0 4937 0 30 0 0 90 61 48 48
4937 0 40 0 0 4937 0 30 0 0 120 67 53 53
4937 0 40 0 0 4937 0 30 0 0 150 72 57 57
4937 0 40 0 0 4937 0 30 0 0 180 74 58 58
4937 0 40 0 0 4937 0 40 0 0 0 42 33 33
4937 0 40 0 0 4937 0 40 0 0 30 45 36 36
4937 0 40 0 0 4937 0 40 0 0 60 53 41 41
4937 0 40 0 0 4937 0 40 0 0 90 60 47 47
4937 0 40 0 0 4937 0 40 0 0 120 67 52 52
4937 0 40 0 0 4937 0 40 0 0 150 71 56 56
4937 0 40 0 0 4937 0 40 0 0 180 73 57 57
4937 0 40 0 0 4937 0 50 0 0 0 41 34 34
4937 0 40 0 0 4937 0 50 0 0 30 45 36 36
4937 0 40 0 0 4937 0 50 0 0 60 52 41 41
4937 0 40 0 0 4937 0 50 0 0 90 60 47 47
4937 0 40 0 0 4937 0 50 0 0 120 66 52 52
4937 0 40 0 0 4937 0 50 0 0 150 70 56 56
4937 0 40 0 0 4937 0 50 0 0 180 72 58 58
4937 0 40 0 0 4937 0 60 0 0 0 40 35 35
4937 0 40 0 0 4937 0 60 0 0 30 44 37 37
4937 0 40 0 0 4937 0 60 0 0 60 51 42 42
4937 0 40 0 0 4937 0 60 0 0 90 58 48 48
4937 0 40 0 0 4937 0 60 0 0 120 64 53 53
4937 0 40 0 0 4937 0 60 0 0 150 68 57 57
4937 0 40 0 0 4937 0 60 0 0 180 70 60 60
4937 0 40 0 0 4937 0 0 0 0 0 41 40 40
4937 0 40 0 0 4937 0 0 0 0 30 45 42 42
4937 0 40 0 0 4937 0 0 0 0 60 51 46 46
4937 0 40 0 0 4937 0 0 0 0 90 59 52 52
4937 0 40 0 0 4937 0 0 0 0 120 65 58 58
4937 0 40 0 0 4937 0 0 0 0 150 71 62 62
4937 0 40 0 0 4937 0 0 0 0 180 74 59 59
4937 0 40 0 0 4937 0 10 0 0 0 41 38 38
4937 0 40 0 0 4937 0 10 0 0 30 45 41 41
4937 0 40 0 0 4937 0 10 0 0 60 51 45 45
4937 0 40 0 0 4937 0 10 0 0 90 58 51 51
4937 0 40 0 0 4937 0 10 0 0 120 65 57 57
4937 0 40 0 0 4937 0 10 0 0 150 71 61 61
4937 0 40 0 0 4937 0 10 0 0 180 74 60 60
4937 0 40 0 0 4937 0 20 0 0 0 41 35 35
4937 0 40 0 0 4937 0 20 0 0 30 45 38 38
4937 0 40 0 0 4937 0 20 0 0 60 51 43 43
4937 0 40 0 0 4937 0 20 0 0 90 58 49 49
4937 0 40 0 0 4937 0 20 0 0 120 65 55 55
4937 0 40 0 0 4937 0 20 0 0 150 70 59 59
4937 0 40 0 0 4937 0 20 0 0 180 73 59 59
4937 0 40 0 0 4937 0 30 0 0 0 40 31 31
4937 0 40 0 0 4937 0 30 0 0 30 45 35 35
4937 0 40 0 0 4937 0 30 0 0 60 51 40 40
4937 0 40 0 0 4937 0 30 0 0 90 58 45 45
4937 0 40 0 0 4937 0 30 0 0 120 65 51 51
4937 0 40 0 0 4937 0 30 0 0 150 70 55 55
4937 0 40 0 0 4937 0 30 0 0 180 73 57 57
4937 0 40 0 0 4937 0 40 0 0 0 40 32 32
4937 0 40 0 0 4937 0 40 0 0 30 44 34 34
4937 0 40 0 0 4937 0 40 0 0 60 50 39 39
4937 0 40 0 0 4937 0 40 0 0 90 57 44 44
4937 0 40 0 0 4937 0 40 0 0 120 64 50 50
4937 0 40 0 0 4937 0 40 0 0 150 69 55 55
4937 0 40 0 0 4937 0 40 0 0 180 72 57 57
4937 0 40 0 0 4937 0 50 0 0 0 39 32 32
4937 0 40 0 0 4937 0 50 0 0 30 43 35 35
4937 0 40 0 0 4937 0 50 0 0 60 49 39 39
4937 0 40 0 0 4937 0 50 0 0 90 56 44 44
4937 0 40 0 0 4937 0 50 0 0 120 63 50 50
4937 0 40 0 0 4937 0 50 0 0 150 68 55 55
4937 0 40 0 0 4937 0 50 0 0 180 71 58 58
4937 0 40 0 0 4937 0 60 0 0 0 39 34 34
4937 0 40 0 0 4937 0 60 0 0 30 42 36 36
4937 0 40 0 0 4937 0 60 0 0 60 48 39 39
4937 0 40 0 0 4937 0 60 0 0 90 55 44 44
4937 0 40 0 0 4937 0 60 0 0 120 62 50 50
4937 0 40 0 0 4937 0 60 0 0 150 66 55 55
4937 0 40 0 0 4937 0 60 0 0 180 69 59 59
4937 0 40 0 0 4937 0 0 0 0 0 40 40 40
4937 0 40 0 0 4937 0 0 0 0 30 44 41 41
4937 0 40 0 0 4937 0 0 0 0 60 49 44 44
4937 0 40 0 0 4937 0 0 0 0 90 55 49 49
4937 0 40 0 0 4937 0 0 0 0 120 62 55 55
4937 0 40 0 0 4937 0 0 0 0 150 69 60 60
4937 0 40 0 0 4937 0 0 0 0 180 72 58 58
4937 0 40 0 0 4937 0 10 0 0 0 40 37 37
4937 0 40 0 0 4937 0 10 0 0 30 44 39 39
4937 0 40 0 0 4937 0 10 0 0 60 49 43 43
4937 0 40 0 0 4937 0 10 0 0 90 55 48 48
4937 0 40 0 0 4937 0 10 0 0 120 62 54 54
4937 0 40 0 0 4937 0 10 0 0 150 69 59 59
4937 0 40 0 0 4937 0 10 0 0 180 72 59 59
4937 0 40 0 0 4937 0 20 0 0 0 40 34 34
4937 0 40 0 0 4937 0 20 0 0 30 44 37 37
4937 0 40 0 0 4937 0 20 0 0 60 49 41 41
4937 0 40 0 0 4937 0 20 0 0 90 55 46 46
4937 0 40 0 0 4937 0 20 0 0 120 62 51 51
4937 0 40 0 0 4937 0 20 0 0 150 68 57 57
4937 0 40 0 0 4937 0 20 0 0 180 72 58 58
4937 0 40 0 0 4937 0 30 0 0 0 39 31 31
4937 0 40 0 0 4937 0 30 0 0 30 44 34 34
4937 0 40 0 0 4937 0 30 0 0 60 48 38 38
4937 0 40 0 0 4937 0 30 0 0 90 55 42 42
4937 0 40 0 0 4937 0 30 0 0 120 62 48 48
4937 0 40 0 0 4937 0 30 0 0 150 68 54 54
4937 0 40 0 0 4937 0 30 0 0 180 71 57 57
4937 0 40 0 0 4937 0 40 0 0 0 39 30 30
4937 0 40 0 0 4937 0 40 0 0 30 43 33 33
4937 0 40 0 0 4937 0 40 0 0 60 48 37 37
4937 0 40 0 0 4937 0 40 0 0 90 54 41 41
4937 0 40 0 0 4937 0 40 0 0 120 61 47 47
4937 0 40 0 0 4937 0 40 0 0 150 67 53 53
4937 0 40 0 0 4937 0 40 0 0 180 71 57 57
4937 0 40 0 0 4937 0 50 0 0 0 38 31 31
4937 0 40 0 0 4937 0 50 0 0 30 42 33 33
4937 0 40 0 0 4937 0 50 0 0 60 47 36 36
4937 0 40 0 0 4937 0 50 0 0 90 53 41 41
4937 0 40 0 0 4937 0 50 0 0 120 60 47 47
4937 0 40 0 0 4937 0 50 0 0 150 66 53 53
4937 0 40 0 0 4937 0 50 0 0 180 69 58 58
4937 0 40 0 0 4937 0 60 0 0 0 38 32 32
4937 0 40 0 0 4937 0 60 0 0 30 41 34 34
4937 0 40 0 0 4937 0 60 0 0 60 46 37 37
4937 0 40 0 0 4937 0 60 0 0 90 52 41 41
4937 0 40 0 0 4937 0 60 0 0 120 59 47 47
4937 0 40 0 0 4937 0 60 0 0 150 64 53 53
4937 0 40 0 0 4937 0 60 0 0 180 67 59 59
4937 0 40 0 0 4937 0 0 0 0 0 41 39 39
4937 0 40 0 0 4937 0 0 0 0 30 43 41 41
4937 0 40 0 0 4937 0 0 0 0 60 47 42 42
4937 0 40 0 0 4937 0 0 0 0 90 53 46 46
4937 0 40 0 0 4937 0 0 0 0 120 59 52 52
4937 0 40 0 0 4937 0 0 0 0 150 66 58 58
4937 0 40 0 0 4937 0 0 0 0 180 70 57 57
4937 0 40 0 0 4937 0 10 0 0 0 41 37 37
4937 0 40 0 0 4937 0 10 0 0 30 43 39 39
4937 0 40 0 0 4937 0 10 0 0 60 47 41 41
4937 0 40 0 0 4937 0 10 0 0 90 52 45 45
4937 0 40 0 0 4937 0 10 0 0 120 59 51 51
4937 0 40 0 0 4937 0 10 0 0 150 66 57 57
4937 0 40 0 0 4937 0 10 0 0 180 70 57 57
4937 0 40 0 0 4937 0 20 0 0 0 41 34 34
4937 0 40 0 0 4937 0 20 0 0 30 43 35 35
4937 0 40 0 0 4937 0 20 0 0 60 47 38 38
4937 0 40 0 0 4937 0 20 0 0 90 52 42 42
4937 0 40 0 0 4937 0 20 0 0 120 59 48 48
4937 0 40 0 0 4937 0 20 0 0 150 66 54 54
4937 0 40 0 0 4937 0 20 0 0 180 70 56 56
4937 0 40 0 0 4937 0 30 0 0 0 40 31 31
4937 0 40 0 0 4937 0 30 0 0 30 43 33 33
4937 0 40 0 0 4937 0 30 0 0 60 46 36 36
4937 0 40 0 0 4937 0 30 0 0 90 52 40 40
4937 0 40 0 0 4937 0 30 0 0 120 59 45 45
4937 0 40 0 0 4937 0 30 0 0 150 66 52 52
4937 0 40 0 0 4937 0 30 0 0 180 70 56 56
4937 0 40 0 0 4937 0 40 0 0 0 40 30 30
4937 0 40 0 0 4937 0 40 0 0 30 42 32 32
4937 0 40 0 0 4937 0 40 0 0 60 46 35 35
4937 0 40 0 0 4937 0 40 0 0 90 51 39 39
4937 0 40 0 0 4937 0 40 0 0 120 58 45 45
4937 0 40 0 0 4937 0 40 0 0 150 65 51 51
4937 0 40 0 0 4937 0 40 0 0 180 69 56 56
4937 0 40 0 0 4937 0 50 0 0 0 40 31 31
4937 0 40 0 0 4937 0 50 0 0 30 41 32 32
4937 0 40 0 0 4937 0 50 0 0 60 45 34 34
4937 0 40 0 0 4937 0 50 0 0 90 50 38 38
4937 0 40 0 0 4937 0 50 0 0 120 57 44 44
4937 0 40 0 0 4937 0 50 0 0 150 64 51 51
4937 0 40 0 0 4937 0 50 0 0 180 67 57 57
4937 0 40 0 0 4937 0 60 0 0 0 40 32 32
4937 0 40 0 0 4937 0 60 0 0 30 41 33 33
4937 0 40 0 0 4937 0 60 0 0 60 44 35 35
4937 0 40 0 0 4937 0 60 0 0 90 49 39 39
4937 0 40 0 0 4937 0 60 0 0 120 55 44 44
4937 0 40 0 0 4937 0 60 0 0 150 62 51 51
4937 0 40 0 0 4937 0 60 0 0 180 65 57 57
4937 0 40 0 0 4937 0 0 0 0 0 43 39 39
4937 0 40 0 0 4937 0 0 0 0 30 43 40 40
4937 0 40 0 0 4937 0 0 0 0 60 46 42 42
4937 0 40 0 0 4937 0 0 0 0 90 50 44 44
4937 0 40 0 0 4937 0 0 0 0 120 56 48 48
4937 0 40 0 0 4937 0 0 0 0 150 64 55 55
4937 0 40 0 0 4937 0 0 0 0 180 69 55 55
4937 0 40 0 0 4937 0 10 0 0 0 42 37 37
4937 0 40 0 0 4937 0 10 0 0 30 43 38 38
4937 0 40 0 0 4937 0 10 0 0 60 45 40 40
4937 0 40 0 0 4937 0 10 0 0 90 50 42 42
4937 0 40 0 0 4937 0 10 0 0 120 56 46 46
4937 0 40 0 0 4937 0 10 0 0 150 64 54 54
4937 0 40 0 0 4937 0 10 0 0 180 68 55 55
4937 0 40 0 0 4937 0 20 0 0 0 42 35 35
4937 0 40 0 0 4937 0 20 0 0 30 43 35 35
4937 0 40 0 0 4937 0 20 0 0 60 45 37 37
4937 0 40 0 0 4937 0 20 0 0 90 49 39 39
4937 0 40 0 0 4937 0 20 0 0 120 56 44 44
4937 0 40 0 0 4937 0 20 0 0 150 63 52 52
4937 0 40 0 0 4937 0 20 0 0 180 68 55 55
4937 0 40 0 0 4937 0 30 0 0 0 42 33 33
4937 0 40 0 0 4937 0 30 0 0 30 43 33 33
4937 0 40 0 0 4937 0 30 0 0 60 45 35 35
4937 0 40 0 0 4937 0 30 0 0 90 49 37 37
4937 0 40 0 0 4937 0 30 0 0 120 55 43 43
4937 0 40 0 0 4937 0 30 0 0 150 63 50 50
4937 0 40 0 0 4937 0 30 0 0 180 68 55 55
4937 0 40 0 0 4937 0 40 0 0 0 42 32 32
4937 0 40 0 0 4937 0 40 0 0 30 43 32 32
4937 0 40 0 0 4937 0 40 0 0 60 44 33 33
4937 0 40 0 0 4937 0 40 0 0 90 48 36 36
4937 0 40 0 0 4937 0 40 0 0 120 55 42 42
4937 0 40 0 0 4937 0 40 0 0 150 62 49 49
4937 0 40 0 0 4937 0 40 0 0 180 67 55 55
4937 0 40 0 0 4937 0 50 0 0 0 42 32 32
4937 0 40 0 0 4937 0 50 0 0 30 42 32 32
4937 0 40 0 0 4937 0 50 0 0 60 44 33 33
4937 0 40 0 0 4937 0 50 0 0 90 48 36 36
4937 0 40 0 0 4937 0 50 0 0 120 54 41 41
4937 0 40 0 0 4937 0 50 0 0 150 61 49 49
4937 0 40 0 0 4937 0 50 0 0 180 65 56 56
4937 0 40 0 0 4937 0 60 0 0 0 42 33 33
4937 0 40 0 0 4937 0 60 0 0 30 42 33 33
4937 0 40 0 0 4937 0 60 0 0 60 44 34 34
4937 0 40 0 0 4937 0 60 0 0 90 47 36 36
4937 0 40 0 0 4937 0 60 0 0 120 52 41 41
4937 0 40 0 0 4937 0 60 0 0 150 59 49 49
4937 0 40 0 0 4937 0 60 0 0 180 63 56 56
