4737 0 30 120 0 0 4737 0 0 0 0 0 68 62 62
4737 0 30 120 0 0 4737 0 0 0 0 90 45 44 44
4737 0 30 120 0 0 4737 0 0 0 0 180 56 50 50
4737 0 30 120 0 0 4737 0 0 0 20 0 63 58 58
4737 0 30 120 0 0 4737 0 0 0 20 90 44 43 43
4737 0 30 120 0 0 4737 0 0 0 20 180 61 55 55
4737 0 30 120 0 0 4737 0 0 0 40 0 58 54 54
4737 0 30 120 0 0 4737 0 0 0 40 90 44 44 44
4737 0 30 120 0 0 4737 0 0 0 40 180 66 58 58
4737 0 30 120 0 0 4737 0 0 0 60 0 52 49 49
4737 0 30 120 0 0 4737 0 0 0 60 90 47 46 46
4737 0 30 120 0 0 4737 0 0 0 60 180 70 61 61
4737 0 30 120 0 0 4737 0 0 60 0 0 52 49 49
4737 0 30 120 0 0 4737 0 0 60 0 90 47 46 46
4737 0 30 120 0 0 4737 0 0 60 0 180 70 61 61
4737 0 30 120 0 0 4737 0 0 60 20 0 47 45 45
4737 0 30 120 0 0 4737 0 0 60 20 90 53 48 48
4737 0 30 120 0 0 4737 0 0 60 20 180 73 64 64
4737 0 30 120 0 0 4737 0 0 60 40 0 44 44 44
4737 0 30 120 0 0 4737 0 0 60 40 90 58 53 53
4737 0 30 120 0 0 4737 0 0 60 40 180 75 66 66
4737 0 30 120 0 0 4737 0 0 60 60 0 43 44 44
4737 0 30 120 0 0 4737 0 0 60 60 90 64 56 56
4737 0 30 120 0 0 4737 0 0 60 60 180 75 67 67
4737 0 30 120 0 0 4737 0 0 120 0 0 43 44 44
4737 0 30 120 0 0 4737 0 0 120 0 90 64 56 56
4737 0 30 120 0 0 4737 0 0 120 0 180 75 67 67
4737 0 30 120 0 0 4737 0 0 120 20 0 45 45 45
4737 0 30 120 0 0 4737 0 0 120 20 90 69 60 60
4737 0 30 120 0 0 4737 0 0 120 20 180 74 67 67
4737 0 30 120 0 0 4737 0 0 120 40 0 50 47 47
4737 0 30 120 0 0 4737 0 0 120 40 90 72 63 63
4737 0 30 120 0 0 4737 0 0 120 40 180 71 65 65
4737 0 30 120 0 0 4737 0 0 120 60 0 56 50 50
4737 0 30 120 0 0 4737 0 0 120 60 90 74 65 65
4737 0 30 120 0 0 4737 0 0 120 60 180 68 62 62
4737 0 30 120 0 0 4737 0 30 0 0 0 68 56 56
4737 0 30 120 0 0 4737 0 30 0 0 90 45 38 38
4737 0 30 120 0 0 4737 0 30 0 0 180 55 45 45
4737 0 30 120 0 0 4737 0 30 0 20 0 63 53 53
4737 0 30 120 0 0 4737 0 30 0 20 90 43 37 37
4737 0 30 120 0 0 4737 0 30 0 20 180 60 48 48
4737 0 30 120 0 0 4737 0 30 0 40 0 58 51 51
4737 0 30 120 0 0 4737 0 30 0 40 90 43 39 39
4737 0 30 120 0 0 4737 0 30 0 40 180 65 51 51
4737 0 30 120 0 0 4737 0 30 0 60 0 52 49 49
4737 0 30 120 0 0 4737 0 30 0 60 90 47 41 41
4737 0 30 120 0 0 4737 0 30 0 60 180 70 54 54
4737 0 30 120 0 0 4737 0 30 60 0 0 52 44 44
4737 0 30 120 0 0 4737 0 30 60 0 90 47 38 38
4737 0 30 120 0 0 4737 0 30 60 0 180 70 57 57
4737 0 30 120 0 0 4737 0 30 60 20 0 47 41 41
4737 0 30 120 0 0 4737 0 30 60 20 90 52 42 42
4737 0 30 120 0 0 4737 0 30 60 20 180 73 59 59
4737 0 30 120 0 0 4737 0 30 60 40 0 44 40 40
4737 0 30 120 0 0 4737 0 30 60 40 90 58 46 46
4737 0 30 120 0 0 4737 0 30 60 40 180 74 60 60
4737 0 30 120 0 0 4737 0 30 60 60 0 43 40 40
4737 0 30 120 0 0 4737 0 30 60 60 90 63 49 49
4737 0 30 120 0 0 4737 0 30 60 60 180 73 62 62
4737 0 30 120 0 0 4737 0 30 120 0 0 43 36 36
4737 0 30 120 0 0 4737 0 30 120 0 90 63 51 51
4737 0 30 120 0 0 4737 0 30 120 0 180 74 62 62
4737 0 30 120 0 0 4737 0 30 120 20 0 44 37 37
4737 0 30 120 0 0 4737 0 30 120 20 90 68 54 54
4737 0 30 120 0 0 4737 0 30 120 20 180 73 61 61
4737 0 30 120 0 0 4737 0 30 120 40 0 49 40 40
4737 0 30 120 0 0 4737 0 30 120 40 90 71 56 56
4737 0 30 120 0 0 4737 0 30 120 40 180 71 60 60
4737 0 30 120 0 0 4737 0 30 120 60 0 55 44 44
4737 0 30 120 0 0 4737 0 30 120 60 90 73 59 59
4737 0 30 120 0 0 4737 0 30 120 60 180 68 58 58
4737 0 30 120 0 0 4737 0 60 0 0 0 65 57 57
4737 0 30 120 0 0 4737 0 60 0 0 90 44 41 41
4737 0 30 120 0 0 4737 0 60 0 0 180 52 46 46
4737 0 30 120 0 0 4737 0 60 0 20 0 61 56 56
4737 0 30 120 0 0 4737 0 60 0 20 90 42 41 41
4737 0 30 120 0 0 4737 0 60 0 20 180 57 49 49
4737 0 30 120 0 0 4737 0 60 0 40 0 56 54 54
4737 0 30 120 0 0 4737 0 60 0 40 90 42 42 42
4737 0 30 120 0 0 4737 0 60 0 40 180 62 52 52
4737 0 30 120 0 0 4737 0 60 0 60 0 51 53 53
4737 0 30 120 0 0 4737 0 60 0 60 90 45 43 43
4737 0 30 120 0 0 4737 0 60 0 60 180 65 55 55
4737 0 30 120 0 0 4737 0 60 60 0 0 51 46 46
4737 0 30 120 0 0 4737 0 60 60 0 90 46 41 41
4737 0 30 120 0 0 4737 0 60 60 0 180 66 58 58
4737 0 30 120 0 0 4737 0 60 60 20 0 47 45 45
4737 0 30 120 0 0 4737 0 60 60 20 90 50 43 43
4737 0 30 120 0 0 4737 0 60 60 20 180 68 60 60
4737 0 30 120 0 0 4737 0 60 60 40 0 44 44 44
4737 0 30 120 0 0 4737 0 60 60 40 90 55 46 46
4737 0 30 120 0 0 4737 0 60 60 40 180 69 62 62
4737 0 30 120 0 0 4737 0 60 60 60 0 42 44 44
4737 0 30 120 0 0 4737 0 60 60 60 90 60 50 50
4737 0 30 120 0 0 4737 0 60 60 60 180 68 64 64
4737 0 30 120 0 0 4737 0 60 120 0 0 42 40 40
4737 0 30 120 0 0 4737 0 60 120 0 90 60 52 52
4737 0 30 120 0 0 4737 0 60 120 0 180 69 65 65
4737 0 30 120 0 0 4737 0 60 120 20 0 44 41 41
4737 0 30 120 0 0 4737 0 60 120 20 90 64 55 55
4737 0 30 120 0 0 4737 0 60 120 20 180 69 64 64
4737 0 30 120 0 0 4737 0 60 120 40 0 47 42 42
4737 0 30 120 0 0 4737 0 60 120 40 90 67 57 57
4737 0 30 120 0 0 4737 0 60 120 40 180 67 63 63
4737 0 30 120 0 0 4737 0 60 120 60 0 52 45 45
4737 0 30 120 0 0 4737 0 60 120 60 90 68 60 60
4737 0 30 120 0 0 4737 0 60 120 60 180 65 62 62
4737 0 30 120 0 0 4737 0 0 0 0 0 69 61 61
4737 0 30 120 0 0 4737 0 0 0 0 90 49 47 47
4737 0 30 120 0 0 4737 0 0 0 0 180 56 51 51
4737 0 30 120 0 0 4737 0 0 0 20 0 64 57 57
4737 0 30 120 0 0 4737 0 0 0 20 90 46 44 44
4737 0 30 120 0 0 4737 0 0 0 20 180 61 54 54
4737 0 30 120 0 0 4737 0 0 0 40 0 58 53 53
4737 0 30 120 0 0 4737 0 0 0 40 90 44 42 42
4737 0 30 120 0 0 4737 0 0 0 40 180 66 57 57
4737 0 30 120 0 0 4737 0 0 0 60 0 52 49 49
4737 0 30 120 0 0 4737 0 0 0 60 90 44 43 43
4737 0 30 120 0 0 4737 0 0 0 60 180 69 60 60
4737 0 30 120 0 0 4737 0 0 60 0 0 52 49 49
4737 0 30 120 0 0 4737 0 0 60 0 90 44 43 43
4737 0 30 120 0 0 4737 0 0 60 0 180 69 60 60
4737 0 30 120 0 0 4737 0 0 60 20 0 47 44 44
4737 0 30 120 0 0 4737 0 0 60 20 90 48 45 45
4737 0 30 120 0 0 4737 0 0 60 20 180 72 63 63
4737 0 30 120 0 0 4737 0 0 60 40 0 42 42 42
4737 0 30 120 0 0 4737 0 0 60 40 90 54 48 48
4737 0 30 120 0 0 4737 0 0 60 40 180 74 65 65
4737 0 30 120 0 0 4737 0 0 60 60 0 40 42 42
4737 0 30 120 0 0 4737 0 0 60 60 90 59 52 52
4737 0 30 120 0 0 4737 0 0 60 60 180 74 66 66
4737 0 30 120 0 0 4737 0 0 120 0 0 40 42 42
4737 0 30 120 0 0 4737 0 0 120 0 90 59 52 52
4737 0 30 120 0 0 4737 0 0 120 0 180 74 66 66
4737 0 30 120 0 0 4737 0 0 120 20 0 45 43 43
4737 0 30 120 0 0 4737 0 0 120 20 90 64 56 56
4737 0 30 120 0 0 4737 0 0 120 20 180 72 66 66
4737 0 30 120 0 0 4737 0 0 120 40 0 50 46 46
4737 0 30 120 0 0 4737 0 0 120 40 90 69 59 59
4737 0 30 120 0 0 4737 0 0 120 40 180 70 64 64
4737 0 30 120 0 0 4737 0 0 120 60 0 56 51 51
4737 0 30 120 0 0 4737 0 0 120 60 90 72 62 62
4737 0 30 120 0 0 4737 0 0 120 60 180 67 62 62
4737 0 30 120 0 0 4737 0 30 0 0 0 69 57 57
4737 0 30 120 0 0 4737 0 30 0 0 90 49 42 42
4737 0 30 120 0 0 4737 0 30 0 0 180 55 44 44
4737 0 30 120 0 0 4737 0 30 0 20 0 63 54 54
4737 0 30 120 0 0 4737 0 30 0 20 90 45 39 39
4737 0 30 120 0 0 4737 0 30 0 20 180 60 47 47
4737 0 30 120 0 0 4737 0 30 0 40 0 58 51 51
4737 0 30 120 0 0 4737 0 30 0 40 90 43 38 38
4737 0 30 120 0 0 4737 0 30 0 40 180 65 50 50
4737 0 30 120 0 0 4737 0 30 0 60 0 52 48 48
4737 0 30 120 0 0 4737 0 30 0 60 90 43 38 38
4737 0 30 120 0 0 4737 0 30 0 60 180 68 53 53
4737 0 30 120 0 0 4737 0 30 60 0 0 52 46 46
4737 0 30 120 0 0 4737 0 30 60 0 90 43 37 37
4737 0 30 120 0 0 4737 0 30 60 0 180 68 58 58
4737 0 30 120 0 0 4737 0 30 60 20 0 47 43 43
4737 0 30 120 0 0 4737 0 30 60 20 90 47 39 39
4737 0 30 120 0 0 4737 0 30 60 20 180 71 60 60
4737 0 30 120 0 0 4737 0 30 60 40 0 42 41 41
4737 0 30 120 0 0 4737 0 30 60 40 90 53 44 44
4737 0 30 120 0 0 4737 0 30 60 40 180 73 62 62
4737 0 30 120 0 0 4737 0 30 60 60 0 40 40 40
4737 0 30 120 0 0 4737 0 30 60 60 90 58 47 47
4737 0 30 120 0 0 4737 0 30 60 60 180 73 64 64
4737 0 30 120 0 0 4737 0 30 120 0 0 40 35 35
4737 0 30 120 0 0 4737 0 30 120 0 90 58 49 49
4737 0 30 120 0 0 4737 0 30 120 0 180 73 65 65
4737 0 30 120 0 0 4737 0 30 120 20 0 44 38 38
4737 0 30 120 0 0 4737 0 30 120 20 90 63 53 53
4737 0 30 120 0 0 4737 0 30 120 20 180 72 64 64
4737 0 30 120 0 0 4737 0 30 120 40 0 49 42 42
4737 0 30 120 0 0 4737 0 30 120 40 90 67 56 56
4737 0 30 120 0 0 4737 0 30 120 40 180 69 62 62
4737 0 30 120 0 0 4737 0 30 120 60 0 55 47 47
4737 0 30 120 0 0 4737 0 30 120 60 90 71 59 59
4737 0 30 120 0 0 4737 0 30 120 60 180 66 60 60
4737 0 30 120 0 0 4737 0 60 0 0 0 66 58 58
4737 0 30 120 0 0 4737 0 60 0 0 90 47 44 44
4737 0 30 120 0 0 4737 0 60 0 0 180 53 46 46
4737 0 30 120 0 0 4737 0 60 0 20 0 62 56 56
4737 0 30 120 0 0 4737 0 60 0 20 90 43 43 43
4737 0 30 120 0 0 4737 0 60 0 20 180 57 47 47
4737 0 30 120 0 0 4737 0 60 0 40 0 56 54 54
4737 0 30 120 0 0 4737 0 60 0 40 90 42 42 42
4737 0 30 120 0 0 4737 0 60 0 40 180 61 50 50
4737 0 30 120 0 0 4737 0 60 0 60 0 51 53 53
4737 0 30 120 0 0 4737 0 60 0 60 90 43 42 42
4737 0 30 120 0 0 4737 0 60 0 60 180 64 53 53
4737 0 30 120 0 0 4737 0 60 60 0 0 51 50 50
4737 0 30 120 0 0 4737 0 60 60 0 90 43 42 42
4737 0 30 120 0 0 4737 0 60 60 0 180 65 61 61
4737 0 30 120 0 0 4737 0 60 60 20 0 45 48 48
4737 0 30 120 0 0 4737 0 60 60 20 90 46 44 44
4737 0 30 120 0 0 4737 0 60 60 20 180 67 63 63
4737 0 30 120 0 0 4737 0 60 60 40 0 42 47 47
4737 0 30 120 0 0 4737 0 60 60 40 90 50 47 47
4737 0 30 120 0 0 4737 0 60 60 40 180 68 66 66
4737 0 30 120 0 0 4737 0 60 60 60 0 40 47 47
4737 0 30 120 0 0 4737 0 60 60 60 90 55 50 50
4737 0 30 120 0 0 4737 0 60 60 60 180 67 68 68
4737 0 30 120 0 0 4737 0 60 120 0 0 39 42 42
4737 0 30 120 0 0 4737 0 60 120 0 90 55 53 53
4737 0 30 120 0 0 4737 0 60 120 0 180 69 70 70
4737 0 30 120 0 0 4737 0 60 120 20 0 42 43 43
4737 0 30 120 0 0 4737 0 60 120 20 90 60 55 55
4737 0 30 120 0 0 4737 0 60 120 20 180 68 69 69
4737 0 30 120 0 0 4737 0 60 120 40 0 46 46 46
4737 0 30 120 0 0 4737 0 60 120 40 90 64 59 59
4737 0 30 120 0 0 4737 0 60 120 40 180 66 68 68
4737 0 30 120 0 0 4737 0 60 120 60 0 52 49 49
4737 0 30 120 0 0 4737 0 60 120 60 90 67 62 62
4737 0 30 120 0 0 4737 0 60 120 60 180 63 66 66
4737 0 30 120 0 0 4737 0 0 0 0 0 69 60 60
4737 0 30 120 0 0 4737 0 0 0 0 90 53 51 51
4737 0 30 120 0 0 4737 0 0 0 0 180 56 51 51
4737 0 30 120 0 0 4737 0 0 0 20 0 64 56 56
4737 0 30 120 0 0 4737 0 0 0 20 90 49 46 46
4737 0 30 120 0 0 4737 0 0 0 20 180 61 53 53
4737 0 30 120 0 0 4737 0 0 0 40 0 58 52 52
4737 0 30 120 0 0 4737 0 0 0 40 90 45 42 42
4737 0 30 120 0 0 4737 0 0 0 40 180 65 56 56
4737 0 30 120 0 0 4737 0 0 0 60 0 52 48 48
4737 0 30 120 0 0 4737 0 0 0 60 90 43 41 41
4737 0 30 120 0 0 4737 0 0 0 60 180 68 58 58
4737 0 30 120 0 0 4737 0 0 60 0 0 52 48 48
4737 0 30 120 0 0 4737 0 0 60 0 90 43 41 41
4737 0 30 120 0 0 4737 0 0 60 0 180 68 58 58
4737 0 30 120 0 0 4737 0 0 60 20 0 47 43 43
4737 0 30 120 0 0 4737 0 0 60 20 90 44 42 42
4737 0 30 120 0 0 4737 0 0 60 20 180 70 61 61
4737 0 30 120 0 0 4737 0 0 60 40 0 41 41 41
4737 0 30 120 0 0 4737 0 0 60 40 90 49 44 44
4737 0 30 120 0 0 4737 0 0 60 40 180 72 63 63
4737 0 30 120 0 0 4737 0 0 60 60 0 39 40 40
4737 0 30 120 0 0 4737 0 0 60 60 90 55 48 48
4737 0 30 120 0 0 4737 0 0 60 60 180 72 64 64
4737 0 30 120 0 0 4737 0 0 120 0 0 39 40 40
4737 0 30 120 0 0 4737 0 0 120 0 90 55 48 48
4737 0 30 120 0 0 4737 0 0 120 0 180 72 64 64
4737 0 30 120 0 0 4737 0 0 120 20 0 45 42 42
4737 0 30 120 0 0 4737 0 0 120 20 90 60 52 52
4737 0 30 120 0 0 4737 0 0 120 20 180 71 64 64
4737 0 30 120 0 0 4737 0 0 120 40 0 50 46 46
4737 0 30 120 0 0 4737 0 0 120 40 90 65 56 56
4737 0 30 120 0 0 4737 0 0 120 40 180 68 63 63
4737 0 30 120 0 0 4737 0 0 120 60 0 56 51 51
4737 0 30 120 0 0 4737 0 0 120 60 90 69 59 59
4737 0 30 120 0 0 4737 0 0 120 60 180 65 61 61
4737 0 30 120 0 0 4737 0 30 0 0 0 69 57 57
4737 0 30 120 0 0 4737 0 30 0 0 90 53 46 46
4737 0 30 120 0 0 4737 0 30 0 0 180 55 44 44
4737 0 30 120 0 0 4737 0 30 0 20 0 63 54 54
4737 0 30 120 0 0 4737 0 30 0 20 90 48 42 42
4737 0 30 120 0 0 4737 0 30 0 20 180 60 46 46
4737 0 30 120 0 0 4737 0 30 0 40 0 58 51 51
4737 0 30 120 0 0 4737 0 30 0 40 90 45 39 39
4737 0 30 120 0 0 4737 0 30 0 40 180 64 49 49
4737 0 30 120 0 0 4737 0 30 0 60 0 52 48 48
4737 0 30 120 0 0 4737 0 30 0 60 90 43 38 38
4737 0 30 120 0 0 4737 0 30 0 60 180 67 52 52
4737 0 30 120 0 0 4737 0 30 60 0 0 52 48 48
4737 0 30 120 0 0 4737 0 30 60 0 90 43 39 39
4737 0 30 120 0 0 4737 0 30 60 0 180 67 59 59
4737 0 30 120 0 0 4737 0 30 60 20 0 46 44 44
4737 0 30 120 0 0 4737 0 30 60 20 90 43 38 38
4737 0 30 120 0 0 4737 0 30 60 20 180 69 61 61
4737 0 30 120 0 0 4737 0 30 60 40 0 41 42 42
4737 0 30 120 0 0 4737 0 30 60 40 90 48 41 41
4737 0 30 120 0 0 4737 0 30 60 40 180 71 63 63
4737 0 30 120 0 0 4737 0 30 60 60 0 38 41 41
4737 0 30 120 0 0 4737 0 30 60 60 90 54 46 46
4737 0 30 120 0 0 4737 0 30 60 60 180 71 65 65
4737 0 30 120 0 0 4737 0 30 120 0 0 38 36 36
4737 0 30 120 0 0 4737 0 30 120 0 90 54 47 47
4737 0 30 120 0 0 4737 0 30 120 0 180 72 65 65
4737 0 30 120 0 0 4737 0 30 120 20 0 44 40 40
4737 0 30 120 0 0 4737 0 30 120 20 90 59 51 51
4737 0 30 120 0 0 4737 0 30 120 20 180 70 65 65
4737 0 30 120 0 0 4737 0 30 120 40 0 49 45 45
4737 0 30 120 0 0 4737 0 30 120 40 90 64 55 55
4737 0 30 120 0 0 4737 0 30 120 40 180 68 64 64
4737 0 30 120 0 0 4737 0 30 120 60 0 55 49 49
4737 0 30 120 0 0 4737 0 30 120 60 90 68 59 59
4737 0 30 120 0 0 4737 0 30 120 60 180 65 62 62
4737 0 30 120 0 0 4737 0 60 0 0 0 66 59 59
4737 0 30 120 0 0 4737 0 60 0 0 90 52 48 48
4737 0 30 120 0 0 4737 0 60 0 0 180 54 45 45
4737 0 30 120 0 0 4737 0 60 0 20 0 61 57 57
4737 0 30 120 0 0 4737 0 60 0 20 90 47 46 46
4737 0 30 120 0 0 4737 0 60 0 20 180 57 46 46
4737 0 30 120 0 0 4737 0 60 0 40 0 56 54 54
4737 0 30 120 0 0 4737 0 60 0 40 90 43 44 44
4737 0 30 120 0 0 4737 0 60 0 40 180 60 48 48
4737 0 30 120 0 0 4737 0 60 0 60 0 50 52 52
4737 0 30 120 0 0 4737 0 60 0 60 90 43 43 43
4737 0 30 120 0 0 4737 0 60 0 60 180 62 51 51
4737 0 30 120 0 0 4737 0 60 60 0 0 50 54 54
4737 0 30 120 0 0 4737 0 60 60 0 90 42 45 45
4737 0 30 120 0 0 4737 0 60 60 0 180 63 64 64
4737 0 30 120 0 0 4737 0 60 60 20 0 45 52 52
4737 0 30 120 0 0 4737 0 60 60 20 90 43 46 46
4737 0 30 120 0 0 4737 0 60 60 20 180 66 67 67
4737 0 30 120 0 0 4737 0 60 60 40 0 41 51 51
4737 0 30 120 0 0 4737 0 60 60 40 90 46 48 48
4737 0 30 120 0 0 4737 0 60 60 40 180 67 69 69
4737 0 30 120 0 0 4737 0 60 60 60 0 39 51 51
4737 0 30 120 0 0 4737 0 60 60 60 90 49 51 51
4737 0 30 120 0 0 4737 0 60 60 60 180 66 71 71
4737 0 30 120 0 0 4737 0 60 120 0 0 38 44 44
4737 0 30 120 0 0 4737 0 60 120 0 90 51 53 53
4737 0 30 120 0 0 4737 0 60 120 0 180 68 73 73
4737 0 30 120 0 0 4737 0 60 120 20 0 41 47 47
4737 0 30 120 0 0 4737 0 60 120 20 90 55 56 56
4737 0 30 120 0 0 4737 0 60 120 20 180 67 73 73
4737 0 30 120 0 0 4737 0 60 120 40 0 46 50 50
4737 0 30 120 0 0 4737 0 60 120 40 90 60 60 60
4737 0 30 120 0 0 4737 0 60 120 40 180 64 73 73
4737 0 30 120 0 0 4737 0 60 120 60 0 52 54 54
4737 0 30 120 0 0 4737 0 60 120 60 90 64 64 64
4737 0 30 120 0 0 4737 0 60 120 60 180 61 72 72
4737 0 30 120 0 0 4737 0 0 0 0 0 69 58 58
4737 0 30 120 0 0 4737 0 0 0 0 90 58 53 53
4737 0 30 120 0 0 4737 0 0 0 0 180 57 52 52
4737 0 30 120 0 0 4737 0 0 0 20 0 63 55 55
4737 0 30 120 0 0 4737 0 0 0 20 90 52 49 49
4737 0 30 120 0 0 4737 0 0 0 20 180 60 53 53
4737 0 30 120 0 0 4737 0 0 0 40 0 58 50 50
4737 0 30 120 0 0 4737 0 0 0 40 90 48 44 44
4737 0 30 120 0 0 4737 0 0 0 40 180 63 54 54
4737 0 30 120 0 0 4737 0 0 0 60 0 52 46 46
4737 0 30 120 0 0 4737 0 0 0 60 90 45 41 41
4737 0 30 120 0 0 4737 0 0 0 60 180 66 56 56
4737 0 30 120 0 0 4737 0 0 60 0 0 52 46 46
4737 0 30 120 0 0 4737 0 0 60 0 90 45 41 41
4737 0 30 120 0 0 4737 0 0 60 0 180 66 56 56
4737 0 30 120 0 0 4737 0 0 60 20 0 47 42 42
4737 0 30 120 0 0 4737 0 0 60 20 90 44 40 40
4737 0 30 120 0 0 4737 0 0 60 20 180 69 59 59
4737 0 30 120 0 0 4737 0 0 60 40 0 42 40 40
4737 0 30 120 0 0 4737 0 0 60 40 90 45 41 41
4737 0 30 120 0 0 4737 0 0 60 40 180 70 61 61
4737 0 30 120 0 0 4737 0 0 60 60 0 41 40 40
4737 0 30 120 0 0 4737 0 0 60 60 90 51 43 43
4737 0 30 120 0 0 4737 0 0 60 60 180 70 61 61
4737 0 30 120 0 0 4737 0 0 120 0 0 41 40 40
4737 0 30 120 0 0 4737 0 0 120 0 90 51 43 43
4737 0 30 120 0 0 4737 0 0 120 0 180 70 61 61
4737 0 30 120 0 0 4737 0 0 120 20 0 45 42 42
4737 0 30 120 0 0 4737 0 0 120 20 90 56 47 47
4737 0 30 120 0 0 4737 0 0 120 20 180 69 62 62
4737 0 30 120 0 0 4737 0 0 120 40 0 50 46 46
4737 0 30 120 0 0 4737 0 0 120 40 90 61 52 52
4737 0 30 120 0 0 4737 0 0 120 40 180 66 61 61
4737 0 30 120 0 0 4737 0 0 120 60 0 56 50 50
4737 0 30 120 0 0 4737 0 0 120 60 90 65 55 55
4737 0 30 120 0 0 4737 0 0 120 60 180 64 59 59
4737 0 30 120 0 0 4737 0 30 0 0 0 68 57 57
4737 0 30 120 0 0 4737 0 30 0 0 90 58 50 50
4737 0 30 120 0 0 4737 0 30 0 0 180 56 45 45
4737 0 30 120 0 0 4737 0 30 0 20 0 63 54 54
4737 0 30 120 0 0 4737 0 30 0 20 90 52 46 46
4737 0 30 120 0 0 4737 0 30 0 20 180 59 46 46
4737 0 30 120 0 0 4737 0 30 0 40 0 58 51 51
4737 0 30 120 0 0 4737 0 30 0 40 90 48 43 43
4737 0 30 120 0 0 4737 0 30 0 40 180 62 48 48
4737 0 30 120 0 0 4737 0 30 0 60 0 52 48 48
4737 0 30 120 0 0 4737 0 30 0 60 90 45 40 40
4737 0 30 120 0 0 4737 0 30 0 60 180 65 51 51
4737 0 30 120 0 0 4737 0 30 60 0 0 52 49 49
4737 0 30 120 0 0 4737 0 30 60 0 90 45 42 42
4737 0 30 120 0 0 4737 0 30 60 0 180 65 60 60
4737 0 30 120 0 0 4737 0 30 60 20 0 46 46 46
4737 0 30 120 0 0 4737 0 30 60 20 90 43 40 40
4737 0 30 120 0 0 4737 0 30 60 20 180 68 62 62
4737 0 30 120 0 0 4737 0 30 60 40 0 42 43 43
4737 0 30 120 0 0 4737 0 30 60 40 90 44 41 41
4737 0 30 120 0 0 4737 0 30 60 40 180 69 64 64
4737 0 30 120 0 0 4737 0 30 60 60 0 40 42 42
4737 0 30 120 0 0 4737 0 30 60 60 90 49 44 44
4737 0 30 120 0 0 4737 0 30 60 60 180 69 65 65
4737 0 30 120 0 0 4737 0 30 120 0 0 40 40 40
4737 0 30 120 0 0 4737 0 30 120 0 90 49 46 46
4737 0 30 120 0 0 4737 0 30 120 0 180 69 66 66
4737 0 30 120 0 0 4737 0 30 120 20 0 44 43 43
4737 0 30 120 0 0 4737 0 30 120 20 90 55 50 50
4737 0 30 120 0 0 4737 0 30 120 20 180 68 66 66
4737 0 30 120 0 0 4737 0 30 120 40 0 49 47 47
4737 0 30 120 0 0 4737 0 30 120 40 90 60 54 54
4737 0 30 120 0 0 4737 0 30 120 40 180 66 65 65
4737 0 30 120 0 0 4737 0 30 120 60 0 55 52 52
4737 0 30 120 0 0 4737 0 30 120 60 90 64 59 59
4737 0 30 120 0 0 4737 0 30 120 60 180 63 64 64
4737 0 30 120 0 0 4737 0 60 0 0 0 64 60 60
4737 0 30 120 0 0 4737 0 60 0 0 90 56 52 52
4737 0 30 120 0 0 4737 0 60 0 0 180 55 46 46
4737 0 30 120 0 0 4737 0 60 0 20 0 60 57 57
4737 0 30 120 0 0 4737 0 60 0 20 90 50 49 49
4737 0 30 120 0 0 4737 0 60 0 20 180 57 46 46
4737 0 30 120 0 0 4737 0 60 0 40 0 55 54 54
4737 0 30 120 0 0 4737 0 60 0 40 90 47 47 47
4737 0 30 120 0 0 4737 0 60 0 40 180 59 47 47
4737 0 30 120 0 0 4737 0 60 0 60 0 50 52 52
4737 0 30 120 0 0 4737 0 60 0 60 90 45 44 44
4737 0 30 120 0 0 4737 0 60 0 60 180 61 50 50
4737 0 30 120 0 0 4737 0 60 60 0 0 50 57 57
4737 0 30 120 0 0 4737 0 60 60 0 90 43 50 50
4737 0 30 120 0 0 4737 0 60 60 0 180 61 68 68
4737 0 30 120 0 0 4737 0 60 60 20 0 45 56 56
4737 0 30 120 0 0 4737 0 60 60 20 90 42 50 50
4737 0 30 120 0 0 4737 0 60 60 20 180 63 70 70
4737 0 30 120 0 0 4737 0 60 60 40 0 41 55 55
4737 0 30 120 0 0 4737 0 60 60 40 90 42 52 52
4737 0 30 120 0 0 4737 0 60 60 40 180 65 72 72
4737 0 30 120 0 0 4737 0 60 60 60 0 40 55 55
4737 0 30 120 0 0 4737 0 60 60 60 90 45 54 54
4737 0 30 120 0 0 4737 0 60 60 60 180 64 73 73
4737 0 30 120 0 0 4737 0 60 120 0 0 38 50 50
4737 0 30 120 0 0 4737 0 60 120 0 90 46 54 54
4737 0 30 120 0 0 4737 0 60 120 0 180 65 75 75
4737 0 30 120 0 0 4737 0 60 120 20 0 41 52 52
4737 0 30 120 0 0 4737 0 60 120 20 90 51 58 58
4737 0 30 120 0 0 4737 0 60 120 20 180 64 77 77
4737 0 30 120 0 0 4737 0 60 120 40 0 46 55 55
4737 0 30 120 0 0 4737 0 60 120 40 90 56 62 62
4737 0 30 120 0 0 4737 0 60 120 40 180 62 78 78
4737 0 30 120 0 0 4737 0 60 120 60 0 51 59 59
4737 0 30 120 0 0 4737 0 60 120 60 90 60 65 65
4737 0 30 120 0 0 4737 0 60 120 60 180 59 77 77
4737 0 30 120 20 0 4737 0 0 0 0 0 71 65 65
4737 0 30 120 20 0 4737 0 0 0 0 90 50 47 47
4737 0 30 120 20 0 4737 0 0 0 0 180 50 47 47
4737 0 30 120 20 0 4737 0 0 0 20 0 68 62 62
4737 0 30 120 20 0 4737 0 0 0 20 90 45 44 44
4737 0 30 120 20 0 4737 0 0 0 20 180 56 50 50
4737 0 30 120 20 0 4737 0 0 0 40 0 63 58 58
4737 0 30 120 20 0 4737 0 0 0 40 90 43 43 43
4737 0 30 120 20 0 4737 0 0 0 40 180 61 54 54
4737 0 30 120 20 0 4737 0 0 0 60 0 58 54 54
4737 0 30 120 20 0 4737 0 0 0 60 90 44 44 44
4737 0 30 120 20 0 4737 0 0 0 60 180 66 58 58
4737 0 30 120 20 0 4737 0 0 60 0 0 58 54 54
4737 0 30 120 20 0 4737 0 0 60 0 90 44 44 44
4737 0 30 120 20 0 4737 0 0 60 0 180 66 58 58
4737 0 30 120 20 0 4737 0 0 60 20 0 52 49 49
4737 0 30 120 20 0 4737 0 0 60 20 90 47 46 46
4737 0 30 120 20 0 4737 0 0 60 20 180 70 61 61
4737 0 30 120 20 0 4737 0 0 60 40 0 47 45 45
4737 0 30 120 20 0 4737 0 0 60 40 90 53 48 48
4737 0 30 120 20 0 4737 0 0 60 40 180 73 64 64
4737 0 30 120 20 0 4737 0 0 60 60 0 44 44 44
4737 0 30 120 20 0 4737 0 0 60 60 90 58 53 53
4737 0 30 120 20 0 4737 0 0 60 60 180 75 66 66
4737 0 30 120 20 0 4737 0 0 120 0 0 44 44 44
4737 0 30 120 20 0 4737 0 0 120 0 90 58 53 53
4737 0 30 120 20 0 4737 0 0 120 0 180 75 66 66
4737 0 30 120 20 0 4737 0 0 120 20 0 43 44 44
4737 0 30 120 20 0 4737 0 0 120 20 90 64 56 56
4737 0 30 120 20 0 4737 0 0 120 20 180 75 67 67
4737 0 30 120 20 0 4737 0 0 120 40 0 45 45 45
4737 0 30 120 20 0 4737 0 0 120 40 90 69 60 60
4737 0 30 120 20 0 4737 0 0 120 40 180 74 67 67
4737 0 30 120 20 0 4737 0 0 120 60 0 50 47 47
4737 0 30 120 20 0 4737 0 0 120 60 90 72 63 63
4737 0 30 120 20 0 4737 0 0 120 60 180 71 65 65
4737 0 30 120 20 0 4737 0 30 0 0 0 71 58 58
4737 0 30 120 20 0 4737 0 30 0 0 90 49 41 41
4737 0 30 120 20 0 4737 0 30 0 0 180 49 42 42
4737 0 30 120 20 0 4737 0 30 0 20 0 68 56 56
4737 0 30 120 20 0 4737 0 30 0 20 90 45 38 38
4737 0 30 120 20 0 4737 0 30 0 20 180 55 45 45
4737 0 30 120 20 0 4737 0 30 0 40 0 63 53 53
4737 0 30 120 20 0 4737 0 30 0 40 90 43 37 37
4737 0 30 120 20 0 4737 0 30 0 40 180 60 48 48
4737 0 30 120 20 0 4737 0 30 0 60 0 58 51 51
4737 0 30 120 20 0 4737 0 30 0 60 90 43 38 38
4737 0 30 120 20 0 4737 0 30 0 60 180 65 51 51
4737 0 30 120 20 0 4737 0 30 60 0 0 58 48 48
4737 0 30 120 20 0 4737 0 30 60 0 90 44 37 37
4737 0 30 120 20 0 4737 0 30 60 0 180 66 54 54
4737 0 30 120 20 0 4737 0 30 60 20 0 52 44 44
4737 0 30 120 20 0 4737 0 30 60 20 90 46 38 38
4737 0 30 120 20 0 4737 0 30 60 20 180 69 56 56
4737 0 30 120 20 0 4737 0 30 60 40 0 47 41 41
4737 0 30 120 20 0 4737 0 30 60 40 90 52 42 42
4737 0 30 120 20 0 4737 0 30 60 40 180 72 59 59
4737 0 30 120 20 0 4737 0 30 60 60 0 44 40 40
4737 0 30 120 20 0 4737 0 30 60 60 90 58 46 46
4737 0 30 120 20 0 4737 0 30 60 60 180 73 60 60
4737 0 30 120 20 0 4737 0 30 120 0 0 44 38 38
4737 0 30 120 20 0 4737 0 30 120 0 90 58 48 48
4737 0 30 120 20 0 4737 0 30 120 0 180 74 62 62
4737 0 30 120 20 0 4737 0 30 120 20 0 43 36 36
4737 0 30 120 20 0 4737 0 30 120 20 90 63 51 51
4737 0 30 120 20 0 4737 0 30 120 20 180 74 62 62
4737 0 30 120 20 0 4737 0 30 120 40 0 44 37 37
4737 0 30 120 20 0 4737 0 30 120 40 90 68 54 54
4737 0 30 120 20 0 4737 0 30 120 40 180 73 61 61
4737 0 30 120 20 0 4737 0 30 120 60 0 49 40 40
4737 0 30 120 20 0 4737 0 30 120 60 90 71 56 56
4737 0 30 120 20 0 4737 0 30 120 60 180 71 60 60
4737 0 30 120 20 0 4737 0 60 0 0 0 68 59 59
4737 0 30 120 20 0 4737 0 60 0 0 90 48 43 43
4737 0 30 120 20 0 4737 0 60 0 0 180 48 45 45
4737 0 30 120 20 0 4737 0 60 0 20 0 65 57 57
4737 0 30 120 20 0 4737 0 60 0 20 90 44 42 42
4737 0 30 120 20 0 4737 0 60 0 20 180 52 47 47
4737 0 30 120 20 0 4737 0 60 0 40 0 61 56 56
4737 0 30 120 20 0 4737 0 60 0 40 90 42 42 42
4737 0 30 120 20 0 4737 0 60 0 40 180 57 49 49
4737 0 30 120 20 0 4737 0 60 0 60 0 56 54 54
4737 0 30 120 20 0 4737 0 60 0 60 90 42 42 42
4737 0 30 120 20 0 4737 0 60 0 60 180 61 52 52
4737 0 30 120 20 0 4737 0 60 60 0 0 56 48 48
4737 0 30 120 20 0 4737 0 60 60 0 90 43 41 41
4737 0 30 120 20 0 4737 0 60 60 0 180 63 56 56
4737 0 30 120 20 0 4737 0 60 60 20 0 51 46 46
4737 0 30 120 20 0 4737 0 60 60 20 90 46 41 41
4737 0 30 120 20 0 4737 0 60 60 20 180 66 58 58
4737 0 30 120 20 0 4737 0 60 60 40 0 46 45 45
4737 0 30 120 20 0 4737 0 60 60 40 90 50 43 43
4737 0 30 120 20 0 4737 0 60 60 40 180 68 61 61
4737 0 30 120 20 0 4737 0 60 60 60 0 44 44 44
4737 0 30 120 20 0 4737 0 60 60 60 90 55 46 46
4737 0 30 120 20 0 4737 0 60 60 60 180 68 63 63
4737 0 30 120 20 0 4737 0 60 120 0 0 41 41 41
4737 0 30 120 20 0 4737 0 60 120 0 90 55 51 51
4737 0 30 120 20 0 4737 0 60 120 0 180 69 65 65
4737 0 30 120 20 0 4737 0 60 120 20 0 42 40 40
4737 0 30 120 20 0 4737 0 60 120 20 90 60 53 53
4737 0 30 120 20 0 4737 0 60 120 20 180 69 65 65
4737 0 30 120 20 0 4737 0 60 120 40 0 44 41 41
4737 0 30 120 20 0 4737 0 60 120 40 90 64 55 55
4737 0 30 120 20 0 4737 0 60 120 40 180 69 65 65
4737 0 30 120 20 0 4737 0 60 120 60 0 47 42 42
4737 0 30 120 20 0 4737 0 60 120 60 90 67 57 57
4737 0 30 120 20 0 4737 0 60 120 60 180 67 64 64
4737 0 30 120 20 0 4737 0 0 0 0 0 73 65 65
4737 0 30 120 20 0 4737 0 0 0 0 90 54 51 51
4737 0 30 120 20 0 4737 0 0 0 0 180 50 48 48
4737 0 30 120 20 0 4737 0 0 0 20 0 69 61 61
4737 0 30 120 20 0 4737 0 0 0 20 90 49 47 47
4737 0 30 120 20 0 4737 0 0 0 20 180 56 50 50
4737 0 30 120 20 0 4737 0 0 0 40 0 64 57 57
4737 0 30 120 20 0 4737 0 0 0 40 90 45 44 44
4737 0 30 120 20 0 4737 0 0 0 40 180 61 54 54
4737 0 30 120 20 0 4737 0 0 0 60 0 58 53 53
4737 0 30 120 20 0 4737 0 0 0 60 90 43 42 42
4737 0 30 120 20 0 4737 0 0 0 60 180 66 57 57
4737 0 30 120 20 0 4737 0 0 60 0 0 58 53 53
4737 0 30 120 20 0 4737 0 0 60 0 90 43 42 42
4737 0 30 120 20 0 4737 0 0 60 0 180 66 57 57
4737 0 30 120 20 0 4737 0 0 60 20 0 52 49 49
4737 0 30 120 20 0 4737 0 0 60 20 90 44 43 43
4737 0 30 120 20 0 4737 0 0 60 20 180 69 60 60
4737 0 30 120 20 0 4737 0 0 60 40 0 47 44 44
4737 0 30 120 20 0 4737 0 0 60 40 90 48 45 45
4737 0 30 120 20 0 4737 0 0 60 40 180 72 63 63
4737 0 30 120 20 0 4737 0 0 60 60 0 42 42 42
4737 0 30 120 20 0 4737 0 0 60 60 90 54 48 48
4737 0 30 120 20 0 4737 0 0 60 60 180 74 65 65
4737 0 30 120 20 0 4737 0 0 120 0 0 42 42 42
4737 0 30 120 20 0 4737 0 0 120 0 90 54 48 48
4737 0 30 120 20 0 4737 0 0 120 0 180 74 65 65
4737 0 30 120 20 0 4737 0 0 120 20 0 40 42 42
4737 0 30 120 20 0 4737 0 0 120 20 90 59 52 52
4737 0 30 120 20 0 4737 0 0 120 20 180 74 66 66
4737 0 30 120 20 0 4737 0 0 120 40 0 45 43 43
4737 0 30 120 20 0 4737 0 0 120 40 90 64 56 56
4737 0 30 120 20 0 4737 0 0 120 40 180 72 66 66
4737 0 30 120 20 0 4737 0 0 120 60 0 50 46 46
4737 0 30 120 20 0 4737 0 0 120 60 90 68 59 59
4737 0 30 120 20 0 4737 0 0 120 60 180 70 64 64
4737 0 30 120 20 0 4737 0 30 0 0 0 73 59 59
4737 0 30 120 20 0 4737 0 30 0 0 90 54 46 46
4737 0 30 120 20 0 4737 0 30 0 0 180 50 42 42
4737 0 30 120 20 0 4737 0 30 0 20 0 69 57 57
4737 0 30 120 20 0 4737 0 30 0 20 90 49 42 42
4737 0 30 120 20 0 4737 0 30 0 20 180 55 44 44
4737 0 30 120 20 0 4737 0 30 0 40 0 63 54 54
4737 0 30 120 20 0 4737 0 30 0 40 90 45 39 39
4737 0 30 120 20 0 4737 0 30 0 40 180 60 47 47
4737 0 30 120 20 0 4737 0 30 0 60 0 58 51 51
4737 0 30 120 20 0 4737 0 30 0 60 90 43 38 38
4737 0 30 120 20 0 4737 0 30 0 60 180 65 50 50
4737 0 30 120 20 0 4737 0 30 60 0 0 58 50 50
4737 0 30 120 20 0 4737 0 30 60 0 90 43 39 39
4737 0 30 120 20 0 4737 0 30 60 0 180 65 55 55
4737 0 30 120 20 0 4737 0 30 60 20 0 52 46 46
4737 0 30 120 20 0 4737 0 30 60 20 90 43 37 37
4737 0 30 120 20 0 4737 0 30 60 20 180 68 58 58
4737 0 30 120 20 0 4737 0 30 60 40 0 46 43 43
4737 0 30 120 20 0 4737 0 30 60 40 90 47 40 40
4737 0 30 120 20 0 4737 0 30 60 40 180 71 60 60
4737 0 30 120 20 0 4737 0 30 60 60 0 42 41 41
4737 0 30 120 20 0 4737 0 30 60 60 90 53 44 44
4737 0 30 120 20 0 4737 0 30 60 60 180 73 62 62
4737 0 30 120 20 0 4737 0 30 120 0 0 41 37 37
4737 0 30 120 20 0 4737 0 30 120 0 90 53 46 46
4737 0 30 120 20 0 4737 0 30 120 0 180 73 64 64
4737 0 30 120 20 0 4737 0 30 120 20 0 40 35 35
4737 0 30 120 20 0 4737 0 30 120 20 90 58 49 49
4737 0 30 120 20 0 4737 0 30 120 20 180 73 65 65
4737 0 30 120 20 0 4737 0 30 120 40 0 44 38 38
4737 0 30 120 20 0 4737 0 30 120 40 90 63 53 53
4737 0 30 120 20 0 4737 0 30 120 40 180 72 64 64
4737 0 30 120 20 0 4737 0 30 120 60 0 49 42 42
4737 0 30 120 20 0 4737 0 30 120 60 90 67 56 56
4737 0 30 120 20 0 4737 0 30 120 60 180 69 62 62
4737 0 30 120 20 0 4737 0 60 0 0 0 69 61 61
4737 0 30 120 20 0 4737 0 60 0 0 90 53 47 47
4737 0 30 120 20 0 4737 0 60 0 0 180 49 45 45
4737 0 30 120 20 0 4737 0 60 0 20 0 66 58 58
4737 0 30 120 20 0 4737 0 60 0 20 90 47 45 45
4737 0 30 120 20 0 4737 0 60 0 20 180 53 46 46
4737 0 30 120 20 0 4737 0 60 0 40 0 61 56 56
4737 0 30 120 20 0 4737 0 60 0 40 90 43 43 43
4737 0 30 120 20 0 4737 0 60 0 40 180 57 48 48
4737 0 30 120 20 0 4737 0 60 0 60 0 56 54 54
4737 0 30 120 20 0 4737 0 60 0 60 90 42 42 42
4737 0 30 120 20 0 4737 0 60 0 60 180 60 50 50
4737 0 30 120 20 0 4737 0 60 60 0 0 56 52 52
4737 0 30 120 20 0 4737 0 60 60 0 90 42 43 43
4737 0 30 120 20 0 4737 0 60 60 0 180 61 60 60
4737 0 30 120 20 0 4737 0 60 60 20 0 50 50 50
4737 0 30 120 20 0 4737 0 60 60 20 90 43 43 43
4737 0 30 120 20 0 4737 0 60 60 20 180 65 62 62
4737 0 30 120 20 0 4737 0 60 60 40 0 45 49 49
4737 0 30 120 20 0 4737 0 60 60 40 90 46 44 44
4737 0 30 120 20 0 4737 0 60 60 40 180 67 64 64
4737 0 30 120 20 0 4737 0 60 60 60 0 42 48 48
4737 0 30 120 20 0 4737 0 60 60 60 90 50 47 47
4737 0 30 120 20 0 4737 0 60 60 60 180 68 66 66
4737 0 30 120 20 0 4737 0 60 120 0 0 40 42 42
4737 0 30 120 20 0 4737 0 60 120 0 90 50 51 51
4737 0 30 120 20 0 4737 0 60 120 0 180 68 70 70
4737 0 30 120 20 0 4737 0 60 120 20 0 39 42 42
4737 0 30 120 20 0 4737 0 60 120 20 90 55 53 53
4737 0 30 120 20 0 4737 0 60 120 20 180 68 70 70
4737 0 30 120 20 0 4737 0 60 120 40 0 42 43 43
4737 0 30 120 20 0 4737 0 60 120 40 90 59 56 56
4737 0 30 120 20 0 4737 0 60 120 40 180 68 69 69
4737 0 30 120 20 0 4737 0 60 120 60 0 46 46 46
4737 0 30 120 20 0 4737 0 60 120 60 90 64 59 59
4737 0 30 120 20 0 4737 0 60 120 60 180 66 68 68
4737 0 30 120 20 0 4737 0 0 0 0 0 74 64 64
4737 0 30 120 20 0 4737 0 0 0 0 90 59 55 55
4737 0 30 120 20 0 4737 0 0 0 0 180 52 50 50
4737 0 30 120 20 0 4737 0 0 0 20 0 69 60 60
4737 0 30 120 20 0 4737 0 0 0 20 90 53 51 51
4737 0 30 120 20 0 4737 0 0 0 20 180 56 51 51
4737 0 30 120 20 0 4737 0 0 0 40 0 63 56 56
4737 0 30 120 20 0 4737 0 0 0 40 90 49 46 46
4737 0 30 120 20 0 4737 0 0 0 40 180 61 53 53
4737 0 30 120 20 0 4737 0 0 0 60 0 58 52 52
4737 0 30 120 20 0 4737 0 0 0 60 90 45 42 42
4737 0 30 120 20 0 4737 0 0 0 60 180 65 56 56
4737 0 30 120 20 0 4737 0 0 60 0 0 58 52 52
4737 0 30 120 20 0 4737 0 0 60 0 90 45 42 42
4737 0 30 120 20 0 4737 0 0 60 0 180 65 56 56
4737 0 30 120 20 0 4737 0 0 60 20 0 52 48 48
4737 0 30 120 20 0 4737 0 0 60 20 90 43 41 41
4737 0 30 120 20 0 4737 0 0 60 20 180 68 59 59
4737 0 30 120 20 0 4737 0 0 60 40 0 47 43 43
4737 0 30 120 20 0 4737 0 0 60 40 90 44 42 42
4737 0 30 120 20 0 4737 0 0 60 40 180 70 61 61
4737 0 30 120 20 0 4737 0 0 60 60 0 41 41 41
4737 0 30 120 20 0 4737 0 0 60 60 90 49 44 44
4737 0 30 120 20 0 4737 0 0 60 60 180 72 63 63
4737 0 30 120 20 0 4737 0 0 120 0 0 41 41 41
4737 0 30 120 20 0 4737 0 0 120 0 90 49 44 44
4737 0 30 120 20 0 4737 0 0 120 0 180 72 63 63
4737 0 30 120 20 0 4737 0 0 120 20 0 39 40 40
4737 0 30 120 20 0 4737 0 0 120 20 90 55 48 48
4737 0 30 120 20 0 4737 0 0 120 20 180 72 65 65
4737 0 30 120 20 0 4737 0 0 120 40 0 45 42 42
4737 0 30 120 20 0 4737 0 0 120 40 90 60 52 52
4737 0 30 120 20 0 4737 0 0 120 40 180 71 65 65
4737 0 30 120 20 0 4737 0 0 120 60 0 50 46 46
4737 0 30 120 20 0 4737 0 0 120 60 90 64 56 56
4737 0 30 120 20 0 4737 0 0 120 60 180 68 63 63
4737 0 30 120 20 0 4737 0 30 0 0 0 73 60 60
4737 0 30 120 20 0 4737 0 30 0 0 90 59 50 50
4737 0 30 120 20 0 4737 0 30 0 0 180 52 44 44
4737 0 30 120 20 0 4737 0 30 0 20 0 69 57 57
4737 0 30 120 20 0 4737 0 30 0 20 90 53 46 46
4737 0 30 120 20 0 4737 0 30 0 20 180 55 44 44
4737 0 30 120 20 0 4737 0 30 0 40 0 63 54 54
4737 0 30 120 20 0 4737 0 30 0 40 90 48 42 42
4737 0 30 120 20 0 4737 0 30 0 40 180 60 46 46
4737 0 30 120 20 0 4737 0 30 0 60 0 58 51 51
4737 0 30 120 20 0 4737 0 30 0 60 90 45 40 40
4737 0 30 120 20 0 4737 0 30 0 60 180 64 49 49
4737 0 30 120 20 0 4737 0 30 60 0 0 58 52 52
4737 0 30 120 20 0 4737 0 30 60 0 90 45 42 42
4737 0 30 120 20 0 4737 0 30 60 0 180 63 56 56
4737 0 30 120 20 0 4737 0 30 60 20 0 52 48 48
4737 0 30 120 20 0 4737 0 30 60 20 90 43 39 39
4737 0 30 120 20 0 4737 0 30 60 20 180 67 59 59
4737 0 30 120 20 0 4737 0 30 60 40 0 46 44 44
4737 0 30 120 20 0 4737 0 30 60 40 90 43 38 38
4737 0 30 120 20 0 4737 0 30 60 40 180 69 61 61
4737 0 30 120 20 0 4737 0 30 60 60 0 41 42 42
4737 0 30 120 20 0 4737 0 30 60 60 90 48 42 42
4737 0 30 120 20 0 4737 0 30 60 60 180 71 64 64
4737 0 30 120 20 0 4737 0 30 120 0 0 41 38 38
4737 0 30 120 20 0 4737 0 30 120 0 90 48 44 44
4737 0 30 120 20 0 4737 0 30 120 0 180 71 65 65
4737 0 30 120 20 0 4737 0 30 120 20 0 38 36 36
4737 0 30 120 20 0 4737 0 30 120 20 90 54 48 48
4737 0 30 120 20 0 4737 0 30 120 20 180 71 66 66
4737 0 30 120 20 0 4737 0 30 120 40 0 44 40 40
4737 0 30 120 20 0 4737 0 30 120 40 90 59 52 52
4737 0 30 120 20 0 4737 0 30 120 40 180 70 65 65
4737 0 30 120 20 0 4737 0 30 120 60 0 49 45 45
4737 0 30 120 20 0 4737 0 30 120 60 90 63 55 55
4737 0 30 120 20 0 4737 0 30 120 60 180 67 64 64
4737 0 30 120 20 0 4737 0 60 0 0 0 68 62 62
4737 0 30 120 20 0 4737 0 60 0 0 90 57 52 52
4737 0 30 120 20 0 4737 0 60 0 0 180 51 45 45
4737 0 30 120 20 0 4737 0 60 0 20 0 65 59 59
4737 0 30 120 20 0 4737 0 60 0 20 90 51 48 48
4737 0 30 120 20 0 4737 0 60 0 20 180 54 46 46
4737 0 30 120 20 0 4737 0 60 0 40 0 61 57 57
4737 0 30 120 20 0 4737 0 60 0 40 90 46 46 46
4737 0 30 120 20 0 4737 0 60 0 40 180 56 47 47
4737 0 30 120 20 0 4737 0 60 0 60 0 55 54 54
4737 0 30 120 20 0 4737 0 60 0 60 90 43 44 44
4737 0 30 120 20 0 4737 0 60 0 60 180 59 49 49
4737 0 30 120 20 0 4737 0 60 60 0 0 56 56 56
4737 0 30 120 20 0 4737 0 60 60 0 90 43 47 47
4737 0 30 120 20 0 4737 0 60 60 0 180 60 63 63
4737 0 30 120 20 0 4737 0 60 60 20 0 50 54 54
4737 0 30 120 20 0 4737 0 60 60 20 90 42 46 46
4737 0 30 120 20 0 4737 0 60 60 20 180 63 65 65
4737 0 30 120 20 0 4737 0 60 60 40 0 45 53 53
4737 0 30 120 20 0 4737 0 60 60 40 90 43 46 46
4737 0 30 120 20 0 4737 0 60 60 40 180 65 67 67
4737 0 30 120 20 0 4737 0 60 60 60 0 40 52 52
4737 0 30 120 20 0 4737 0 60 60 60 90 45 49 49
4737 0 30 120 20 0 4737 0 60 60 60 180 67 70 70
4737 0 30 120 20 0 4737 0 60 120 0 0 39 45 45
4737 0 30 120 20 0 4737 0 60 120 0 90 45 52 52
4737 0 30 120 20 0 4737 0 60 120 0 180 66 73 73
4737 0 30 120 20 0 4737 0 60 120 20 0 38 45 45
4737 0 30 120 20 0 4737 0 60 120 20 90 51 54 54
4737 0 30 120 20 0 4737 0 60 120 20 180 67 74 74
4737 0 30 120 20 0 4737 0 60 120 40 0 41 47 47
4737 0 30 120 20 0 4737 0 60 120 40 90 55 57 57
4737 0 30 120 20 0 4737 0 60 120 40 180 67 74 74
4737 0 30 120 20 0 4737 0 60 120 60 0 46 51 51
4737 0 30 120 20 0 4737 0 60 120 60 90 60 61 61
4737 0 30 120 20 0 4737 0 60 120 60 180 64 73 73
4737 0 30 120 20 0 4737 0 0 0 0 0 73 62 62
4737 0 30 120 20 0 4737 0 0 0 0 90 63 57 57
4737 0 30 120 20 0 4737 0 0 0 0 180 54 51 51
4737 0 30 120 20 0 4737 0 0 0 20 0 69 58 58
4737 0 30 120 20 0 4737 0 0 0 20 90 58 53 53
4737 0 30 120 20 0 4737 0 0 0 20 180 57 52 52
4737 0 30 120 20 0 4737 0 0 0 40 0 63 55 55
4737 0 30 120 20 0 4737 0 0 0 40 90 52 49 49
4737 0 30 120 20 0 4737 0 0 0 40 180 60 53 53
4737 0 30 120 20 0 4737 0 0 0 60 0 58 51 51
4737 0 30 120 20 0 4737 0 0 0 60 90 48 44 44
4737 0 30 120 20 0 4737 0 0 0 60 180 63 54 54
4737 0 30 120 20 0 4737 0 0 60 0 0 58 51 51
4737 0 30 120 20 0 4737 0 0 60 0 90 48 44 44
4737 0 30 120 20 0 4737 0 0 60 0 180 63 54 54
4737 0 30 120 20 0 4737 0 0 60 20 0 52 46 46
4737 0 30 120 20 0 4737 0 0 60 20 90 45 41 41
4737 0 30 120 20 0 4737 0 0 60 20 180 66 57 57
4737 0 30 120 20 0 4737 0 0 60 40 0 46 42 42
4737 0 30 120 20 0 4737 0 0 60 40 90 44 40 40
4737 0 30 120 20 0 4737 0 0 60 40 180 69 59 59
4737 0 30 120 20 0 4737 0 0 60 60 0 42 40 40
4737 0 30 120 20 0 4737 0 0 60 60 90 45 41 41
4737 0 30 120 20 0 4737 0 0 60 60 180 70 61 61
4737 0 30 120 20 0 4737 0 0 120 0 0 42 40 40
4737 0 30 120 20 0 4737 0 0 120 0 90 45 41 41
4737 0 30 120 20 0 4737 0 0 120 0 180 70 61 61
4737 0 30 120 20 0 4737 0 0 120 20 0 41 39 39
4737 0 30 120 20 0 4737 0 0 120 20 90 50 43 43
4737 0 30 120 20 0 4737 0 0 120 20 180 70 62 62
4737 0 30 120 20 0 4737 0 0 120 40 0 45 42 42
4737 0 30 120 20 0 4737 0 0 120 40 90 56 48 48
4737 0 30 120 20 0 4737 0 0 120 40 180 69 62 62
4737 0 30 120 20 0 4737 0 0 120 60 0 50 46 46
4737 0 30 120 20 0 4737 0 0 120 60 90 61 52 52
4737 0 30 120 20 0 4737 0 0 120 60 180 66 61 61
4737 0 30 120 20 0 4737 0 30 0 0 0 72 60 60
4737 0 30 120 20 0 4737 0 30 0 0 90 63 55 55
4737 0 30 120 20 0 4737 0 30 0 0 180 54 47 47
4737 0 30 120 20 0 4737 0 30 0 20 0 68 57 57
4737 0 30 120 20 0 4737 0 30 0 20 90 58 50 50
4737 0 30 120 20 0 4737 0 30 0 20 180 56 45 45
4737 0 30 120 20 0 4737 0 30 0 40 0 63 54 54
4737 0 30 120 20 0 4737 0 30 0 40 90 52 46 46
4737 0 30 120 20 0 4737 0 30 0 40 180 59 46 46
4737 0 30 120 20 0 4737 0 30 0 60 0 58 51 51
4737 0 30 120 20 0 4737 0 30 0 60 90 47 43 43
4737 0 30 120 20 0 4737 0 30 0 60 180 62 49 49
4737 0 30 120 20 0 4737 0 30 60 0 0 58 53 53
4737 0 30 120 20 0 4737 0 30 60 0 90 48 46 46
4737 0 30 120 20 0 4737 0 30 60 0 180 62 58 58
4737 0 30 120 20 0 4737 0 30 60 20 0 52 49 49
4737 0 30 120 20 0 4737 0 30 60 20 90 45 43 43
4737 0 30 120 20 0 4737 0 30 60 20 180 65 60 60
4737 0 30 120 20 0 4737 0 30 60 40 0 46 46 46
4737 0 30 120 20 0 4737 0 30 60 40 90 43 40 40
4737 0 30 120 20 0 4737 0 30 60 40 180 67 63 63
4737 0 30 120 20 0 4737 0 30 60 60 0 42 43 43
4737 0 30 120 20 0 4737 0 30 60 60 90 44 41 41
4737 0 30 120 20 0 4737 0 30 60 60 180 69 65 65
4737 0 30 120 20 0 4737 0 30 120 0 0 41 39 39
4737 0 30 120 20 0 4737 0 30 120 0 90 44 42 42
4737 0 30 120 20 0 4737 0 30 120 0 180 69 65 65
4737 0 30 120 20 0 4737 0 30 120 20 0 40 40 40
4737 0 30 120 20 0 4737 0 30 120 20 90 49 46 46
4737 0 30 120 20 0 4737 0 30 120 20 180 69 66 66
4737 0 30 120 20 0 4737 0 30 120 40 0 44 43 43
4737 0 30 120 20 0 4737 0 30 120 40 90 55 50 50
4737 0 30 120 20 0 4737 0 30 120 40 180 68 66 66
4737 0 30 120 20 0 4737 0 30 120 60 0 49 48 48
4737 0 30 120 20 0 4737 0 30 120 60 90 59 55 55
4737 0 30 120 20 0 4737 0 30 120 60 180 66 66 66
4737 0 30 120 20 0 4737 0 60 0 0 0 67 62 62
4737 0 30 120 20 0 4737 0 60 0 0 90 60 56 56
4737 0 30 120 20 0 4737 0 60 0 0 180 54 47 47
4737 0 30 120 20 0 4737 0 60 0 20 0 64 60 60
4737 0 30 120 20 0 4737 0 60 0 20 90 55 52 52
4737 0 30 120 20 0 4737 0 60 0 20 180 55 46 46
4737 0 30 120 20 0 4737 0 60 0 40 0 60 57 57
4737 0 30 120 20 0 4737 0 60 0 40 90 50 49 49
4737 0 30 120 20 0 4737 0 60 0 40 180 56 46 46
4737 0 30 120 20 0 4737 0 60 0 60 0 55 54 54
4737 0 30 120 20 0 4737 0 60 0 60 90 46 47 47
4737 0 30 120 20 0 4737 0 60 0 60 180 58 48 48
4737 0 30 120 20 0 4737 0 60 60 0 0 56 60 60
4737 0 30 120 20 0 4737 0 60 60 0 90 47 53 53
4737 0 30 120 20 0 4737 0 60 60 0 180 57 67 67
4737 0 30 120 20 0 4737 0 60 60 20 0 50 58 58
4737 0 30 120 20 0 4737 0 60 60 20 90 43 51 51
4737 0 30 120 20 0 4737 0 60 60 20 180 60 69 69
4737 0 30 120 20 0 4737 0 60 60 40 0 45 57 57
4737 0 30 120 20 0 4737 0 60 60 40 90 42 51 51
4737 0 30 120 20 0 4737 0 60 60 40 180 63 71 71
4737 0 30 120 20 0 4737 0 60 60 60 0 41 56 56
4737 0 30 120 20 0 4737 0 60 60 60 90 42 52 52
4737 0 30 120 20 0 4737 0 60 60 60 180 64 73 73
4737 0 30 120 20 0 4737 0 60 120 0 0 39 50 50
4737 0 30 120 20 0 4737 0 60 120 0 90 41 53 53
4737 0 30 120 20 0 4737 0 60 120 0 180 64 75 75
4737 0 30 120 20 0 4737 0 60 120 20 0 38 51 51
4737 0 30 120 20 0 4737 0 60 120 20 90 46 55 55
4737 0 30 120 20 0 4737 0 60 120 20 180 65 77 77
4737 0 30 120 20 0 4737 0 60 120 40 0 41 52 52
4737 0 30 120 20 0 4737 0 60 120 40 90 51 59 59
4737 0 30 120 20 0 4737 0 60 120 40 180 64 78 78
4737 0 30 120 20 0 4737 0 60 120 60 0 46 56 56
4737 0 30 120 20 0 4737 0 60 120 60 90 56 62 62
4737 0 30 120 20 0 4737 0 60 120 60 180 62 78 78
4737 0 30 120 40 0 4737 0 0 0 0 0 74 67 67
4737 0 30 120 40 0 4737 0 0 0 0 90 55 52 52
4737 0 30 120 40 0 4737 0 0 0 0 180 45 45 45
4737 0 30 120 40 0 4737 0 0 0 20 0 71 65 65
4737 0 30 120 40 0 4737 0 0 0 20 90 49 47 47
4737 0 30 120 40 0 4737 0 0 0 20 180 50 47 47
4737 0 30 120 40 0 4737 0 0 0 40 0 68 62 62
4737 0 30 120 40 0 4737 0 0 0 40 90 45 44 44
4737 0 30 120 40 0 4737 0 0 0 40 180 56 50 50
4737 0 30 120 40 0 4737 0 0 0 60 0 63 58 58
4737 0 30 120 40 0 4737 0 0 0 60 90 43 43 43
4737 0 30 120 40 0 4737 0 0 0 60 180 61 55 55
4737 0 30 120 40 0 4737 0 0 60 0 0 63 58 58
4737 0 30 120 40 0 4737 0 0 60 0 90 43 43 43
4737 0 30 120 40 0 4737 0 0 60 0 180 61 55 55
4737 0 30 120 40 0 4737 0 0 60 20 0 58 54 54
4737 0 30 120 40 0 4737 0 0 60 20 90 44 44 44
4737 0 30 120 40 0 4737 0 0 60 20 180 66 58 58
4737 0 30 120 40 0 4737 0 0 60 40 0 52 49 49
4737 0 30 120 40 0 4737 0 0 60 40 90 47 46 46
4737 0 30 120 40 0 4737 0 0 60 40 180 70 61 61
4737 0 30 120 40 0 4737 0 0 60 60 0 47 45 45
4737 0 30 120 40 0 4737 0 0 60 60 90 53 48 48
4737 0 30 120 40 0 4737 0 0 60 60 180 73 64 64
4737 0 30 120 40 0 4737 0 0 120 0 0 47 45 45
4737 0 30 120 40 0 4737 0 0 120 0 90 53 48 48
4737 0 30 120 40 0 4737 0 0 120 0 180 73 64 64
4737 0 30 120 40 0 4737 0 0 120 20 0 44 44 44
4737 0 30 120 40 0 4737 0 0 120 20 90 58 53 53
4737 0 30 120 40 0 4737 0 0 120 20 180 75 66 66
4737 0 30 120 40 0 4737 0 0 120 40 0 43 43 43
4737 0 30 120 40 0 4737 0 0 120 40 90 64 56 56
4737 0 30 120 40 0 4737 0 0 120 40 180 75 67 67
4737 0 30 120 40 0 4737 0 0 120 60 0 45 45 45
4737 0 30 120 40 0 4737 0 0 120 60 90 68 60 60
4737 0 30 120 40 0 4737 0 0 120 60 180 74 67 67
4737 0 30 120 40 0 4737 0 30 0 0 0 73 60 60
4737 0 30 120 40 0 4737 0 30 0 0 90 55 46 46
4737 0 30 120 40 0 4737 0 30 0 0 180 45 40 40
4737 0 30 120 40 0 4737 0 30 0 20 0 71 58 58
4737 0 30 120 40 0 4737 0 30 0 20 90 49 41 41
4737 0 30 120 40 0 4737 0 30 0 20 180 49 42 42
4737 0 30 120 40 0 4737 0 30 0 40 0 68 56 56
4737 0 30 120 40 0 4737 0 30 0 40 90 45 38 38
4737 0 30 120 40 0 4737 0 30 0 40 180 55 45 45
4737 0 30 120 40 0 4737 0 30 0 60 0 63 53 53
4737 0 30 120 40 0 4737 0 30 0 60 90 43 37 37
4737 0 30 120 40 0 4737 0 30 0 60 180 60 48 48
4737 0 30 120 40 0 4737 0 30 60 0 0 63 51 51
4737 0 30 120 40 0 4737 0 30 60 0 90 43 39 39
4737 0 30 120 40 0 4737 0 30 60 0 180 60 52 52
4737 0 30 120 40 0 4737 0 30 60 20 0 58 48 48
4737 0 30 120 40 0 4737 0 30 60 20 90 43 37 37
4737 0 30 120 40 0 4737 0 30 60 20 180 66 54 54
4737 0 30 120 40 0 4737 0 30 60 40 0 52 44 44
4737 0 30 120 40 0 4737 0 30 60 40 90 46 38 38
4737 0 30 120 40 0 4737 0 30 60 40 180 69 56 56
4737 0 30 120 40 0 4737 0 30 60 60 0 47 41 41
4737 0 30 120 40 0 4737 0 30 60 60 90 52 42 42
4737 0 30 120 40 0 4737 0 30 60 60 180 72 59 59
4737 0 30 120 40 0 4737 0 30 120 0 0 47 41 41
4737 0 30 120 40 0 4737 0 30 120 0 90 52 46 46
4737 0 30 120 40 0 4737 0 30 120 0 180 72 61 61
4737 0 30 120 40 0 4737 0 30 120 20 0 43 38 38
4737 0 30 120 40 0 4737 0 30 120 20 90 58 48 48
4737 0 30 120 40 0 4737 0 30 120 20 180 74 62 62
4737 0 30 120 40 0 4737 0 30 120 40 0 43 36 36
4737 0 30 120 40 0 4737 0 30 120 40 90 63 51 51
4737 0 30 120 40 0 4737 0 30 120 40 180 74 62 62
4737 0 30 120 40 0 4737 0 30 120 60 0 44 37 37
4737 0 30 120 40 0 4737 0 30 120 60 90 67 54 54
4737 0 30 120 40 0 4737 0 30 120 60 180 73 62 62
4737 0 30 120 40 0 4737 0 60 0 0 0 69 61 61
4737 0 30 120 40 0 4737 0 60 0 0 90 53 47 47
4737 0 30 120 40 0 4737 0 60 0 0 180 44 44 44
4737 0 30 120 40 0 4737 0 60 0 20 0 68 59 59
4737 0 30 120 40 0 4737 0 60 0 20 90 48 43 43
4737 0 30 120 40 0 4737 0 60 0 20 180 47 45 45
4737 0 30 120 40 0 4737 0 60 0 40 0 65 58 58
4737 0 30 120 40 0 4737 0 60 0 40 90 44 42 42
4737 0 30 120 40 0 4737 0 60 0 40 180 52 47 47
4737 0 30 120 40 0 4737 0 60 0 60 0 60 56 56
4737 0 30 120 40 0 4737 0 60 0 60 90 42 42 42
4737 0 30 120 40 0 4737 0 60 0 60 180 57 49 49
4737 0 30 120 40 0 4737 0 60 60 0 0 62 52 52
4737 0 30 120 40 0 4737 0 60 60 0 90 41 41 41
4737 0 30 120 40 0 4737 0 60 60 0 180 58 55 55
4737 0 30 120 40 0 4737 0 60 60 20 0 56 49 49
4737 0 30 120 40 0 4737 0 60 60 20 90 43 41 41
4737 0 30 120 40 0 4737 0 60 60 20 180 62 57 57
4737 0 30 120 40 0 4737 0 60 60 40 0 50 47 47
4737 0 30 120 40 0 4737 0 60 60 40 90 46 42 42
4737 0 30 120 40 0 4737 0 60 60 40 180 66 59 59
4737 0 30 120 40 0 4737 0 60 60 60 0 46 45 45
4737 0 30 120 40 0 4737 0 60 60 60 90 50 44 44
4737 0 30 120 40 0 4737 0 60 60 60 180 67 61 61
4737 0 30 120 40 0 4737 0 60 120 0 0 45 43 43
4737 0 30 120 40 0 4737 0 60 120 0 90 50 49 49
4737 0 30 120 40 0 4737 0 60 120 0 180 67 64 64
4737 0 30 120 40 0 4737 0 60 120 20 0 41 41 41
4737 0 30 120 40 0 4737 0 60 120 20 90 55 51 51
4737 0 30 120 40 0 4737 0 60 120 20 180 69 65 65
4737 0 30 120 40 0 4737 0 60 120 40 0 42 41 41
4737 0 30 120 40 0 4737 0 60 120 40 90 60 53 53
4737 0 30 120 40 0 4737 0 60 120 40 180 69 65 65
4737 0 30 120 40 0 4737 0 60 120 60 0 44 41 41
4737 0 30 120 40 0 4737 0 60 120 60 90 63 55 55
4737 0 30 120 40 0 4737 0 60 120 60 180 68 65 65
4737 0 30 120 40 0 4737 0 0 0 0 0 75 66 66
4737 0 30 120 40 0 4737 0 0 0 0 90 60 56 56
4737 0 30 120 40 0 4737 0 0 0 0 180 47 46 46
4737 0 30 120 40 0 4737 0 0 0 20 0 73 65 65
4737 0 30 120 40 0 4737 0 0 0 20 90 54 51 51
4737 0 30 120 40 0 4737 0 0 0 20 180 50 48 48
4737 0 30 120 40 0 4737 0 0 0 40 0 69 61 61
4737 0 30 120 40 0 4737 0 0 0 40 90 49 47 47
4737 0 30 120 40 0 4737 0 0 0 40 180 56 50 50
4737 0 30 120 40 0 4737 0 0 0 60 0 63 57 57
4737 0 30 120 40 0 4737 0 0 0 60 90 45 44 44
4737 0 30 120 40 0 4737 0 0 0 60 180 61 54 54
4737 0 30 120 40 0 4737 0 0 60 0 0 63 57 57
4737 0 30 120 40 0 4737 0 0 60 0 90 45 44 44
4737 0 30 120 40 0 4737 0 0 60 0 180 61 54 54
4737 0 30 120 40 0 4737 0 0 60 20 0 58 53 53
4737 0 30 120 40 0 4737 0 0 60 20 90 43 42 42
4737 0 30 120 40 0 4737 0 0 60 20 180 66 57 57
4737 0 30 120 40 0 4737 0 0 60 40 0 52 49 49
4737 0 30 120 40 0 4737 0 0 60 40 90 44 43 43
4737 0 30 120 40 0 4737 0 0 60 40 180 69 60 60
4737 0 30 120 40 0 4737 0 0 60 60 0 47 44 44
4737 0 30 120 40 0 4737 0 0 60 60 90 48 45 45
4737 0 30 120 40 0 4737 0 0 60 60 180 72 63 63
4737 0 30 120 40 0 4737 0 0 120 0 0 47 44 44
4737 0 30 120 40 0 4737 0 0 120 0 90 48 45 45
4737 0 30 120 40 0 4737 0 0 120 0 180 72 63 63
4737 0 30 120 40 0 4737 0 0 120 20 0 42 42 42
4737 0 30 120 40 0 4737 0 0 120 20 90 54 48 48
4737 0 30 120 40 0 4737 0 0 120 20 180 74 65 65
4737 0 30 120 40 0 4737 0 0 120 40 0 40 42 42
4737 0 30 120 40 0 4737 0 0 120 40 90 59 52 52
4737 0 30 120 40 0 4737 0 0 120 40 180 74 67 67
4737 0 30 120 40 0 4737 0 0 120 60 0 45 43 43
4737 0 30 120 40 0 4737 0 0 120 60 90 64 56 56
4737 0 30 120 40 0 4737 0 0 120 60 180 72 66 66
4737 0 30 120 40 0 4737 0 30 0 0 0 74 61 61
4737 0 30 120 40 0 4737 0 30 0 0 90 60 50 50
4737 0 30 120 40 0 4737 0 30 0 0 180 47 43 43
4737 0 30 120 40 0 4737 0 30 0 20 0 73 59 59
4737 0 30 120 40 0 4737 0 30 0 20 90 54 46 46
4737 0 30 120 40 0 4737 0 30 0 20 180 50 42 42
4737 0 30 120 40 0 4737 0 30 0 40 0 69 56 56
4737 0 30 120 40 0 4737 0 30 0 40 90 48 42 42
4737 0 30 120 40 0 4737 0 30 0 40 180 55 44 44
4737 0 30 120 40 0 4737 0 30 0 60 0 63 54 54
4737 0 30 120 40 0 4737 0 30 0 60 90 45 39 39
4737 0 30 120 40 0 4737 0 30 0 60 180 60 47 47
4737 0 30 120 40 0 4737 0 30 60 0 0 63 54 54
4737 0 30 120 40 0 4737 0 30 60 0 90 45 42 42
4737 0 30 120 40 0 4737 0 30 60 0 180 60 53 53
4737 0 30 120 40 0 4737 0 30 60 20 0 58 50 50
4737 0 30 120 40 0 4737 0 30 60 20 90 43 39 39
4737 0 30 120 40 0 4737 0 30 60 20 180 65 55 55
4737 0 30 120 40 0 4737 0 30 60 40 0 52 46 46
4737 0 30 120 40 0 4737 0 30 60 40 90 43 37 37
4737 0 30 120 40 0 4737 0 30 60 40 180 68 58 58
4737 0 30 120 40 0 4737 0 30 60 60 0 46 43 43
4737 0 30 120 40 0 4737 0 30 60 60 90 47 40 40
4737 0 30 120 40 0 4737 0 30 60 60 180 71 60 60
4737 0 30 120 40 0 4737 0 30 120 0 0 46 41 41
4737 0 30 120 40 0 4737 0 30 120 0 90 47 44 44
4737 0 30 120 40 0 4737 0 30 120 0 180 71 63 63
4737 0 30 120 40 0 4737 0 30 120 20 0 41 37 37
4737 0 30 120 40 0 4737 0 30 120 20 90 53 46 46
4737 0 30 120 40 0 4737 0 30 120 20 180 72 64 64
4737 0 30 120 40 0 4737 0 30 120 40 0 40 36 36
4737 0 30 120 40 0 4737 0 30 120 40 90 58 49 49
4737 0 30 120 40 0 4737 0 30 120 40 180 73 65 65
4737 0 30 120 40 0 4737 0 30 120 60 0 44 38 38
4737 0 30 120 40 0 4737 0 30 120 60 90 63 53 53
4737 0 30 120 40 0 4737 0 30 120 60 180 71 64 64
4737 0 30 120 40 0 4737 0 60 0 0 0 70 63 63
4737 0 30 120 40 0 4737 0 60 0 0 90 58 51 51
4737 0 30 120 40 0 4737 0 60 0 0 180 46 45 45
4737 0 30 120 40 0 4737 0 60 0 20 0 69 61 61
4737 0 30 120 40 0 4737 0 60 0 20 90 52 47 47
4737 0 30 120 40 0 4737 0 60 0 20 180 49 45 45
4737 0 30 120 40 0 4737 0 60 0 40 0 65 59 59
4737 0 30 120 40 0 4737 0 60 0 40 90 47 45 45
4737 0 30 120 40 0 4737 0 60 0 40 180 53 46 46
4737 0 30 120 40 0 4737 0 60 0 60 0 61 56 56
4737 0 30 120 40 0 4737 0 60 0 60 90 43 43 43
4737 0 30 120 40 0 4737 0 60 0 60 180 57 48 48
4737 0 30 120 40 0 4737 0 60 60 0 0 61 56 56
4737 0 30 120 40 0 4737 0 60 60 0 90 44 45 45
4737 0 30 120 40 0 4737 0 60 60 0 180 57 58 58
4737 0 30 120 40 0 4737 0 60 60 20 0 56 53 53
4737 0 30 120 40 0 4737 0 60 60 20 90 42 43 43
4737 0 30 120 40 0 4737 0 60 60 20 180 61 60 60
4737 0 30 120 40 0 4737 0 60 60 40 0 50 51 51
4737 0 30 120 40 0 4737 0 60 60 40 90 43 43 43
4737 0 30 120 40 0 4737 0 60 60 40 180 64 62 62
4737 0 30 120 40 0 4737 0 60 60 60 0 45 49 49
4737 0 30 120 40 0 4737 0 60 60 60 90 46 45 45
4737 0 30 120 40 0 4737 0 60 60 60 180 67 64 64
4737 0 30 120 40 0 4737 0 60 120 0 0 45 45 45
4737 0 30 120 40 0 4737 0 60 120 0 90 45 50 50
4737 0 30 120 40 0 4737 0 60 120 0 180 66 69 69
4737 0 30 120 40 0 4737 0 60 120 20 0 40 43 43
4737 0 30 120 40 0 4737 0 60 120 20 90 50 52 52
4737 0 30 120 40 0 4737 0 60 120 20 180 67 70 70
4737 0 30 120 40 0 4737 0 60 120 40 0 39 43 43
4737 0 30 120 40 0 4737 0 60 120 40 90 55 54 54
4737 0 30 120 40 0 4737 0 60 120 40 180 68 71 71
4737 0 30 120 40 0 4737 0 60 120 60 0 42 44 44
4737 0 30 120 40 0 4737 0 60 120 60 90 59 56 56
4737 0 30 120 40 0 4737 0 60 120 60 180 68 70 70
4737 0 30 120 40 0 4737 0 0 0 0 0 75 66 66
4737 0 30 120 40 0 4737 0 0 0 0 90 64 60 60
4737 0 30 120 40 0 4737 0 0 0 0 180 50 49 49
4737 0 30 120 40 0 4737 0 0 0 20 0 74 64 64
4737 0 30 120 40 0 4737 0 0 0 20 90 59 55 55
4737 0 30 120 40 0 4737 0 0 0 20 180 52 49 49
4737 0 30 120 40 0 4737 0 0 0 40 0 69 60 60
4737 0 30 120 40 0 4737 0 0 0 40 90 53 51 51
4737 0 30 120 40 0 4737 0 0 0 40 180 56 51 51
4737 0 30 120 40 0 4737 0 0 0 60 0 63 56 56
4737 0 30 120 40 0 4737 0 0 0 60 90 48 46 46
4737 0 30 120 40 0 4737 0 0 0 60 180 61 53 53
4737 0 30 120 40 0 4737 0 0 60 0 0 63 56 56
4737 0 30 120 40 0 4737 0 0 60 0 90 48 46 46
4737 0 30 120 40 0 4737 0 0 60 0 180 61 53 53
4737 0 30 120 40 0 4737 0 0 60 20 0 58 52 52
4737 0 30 120 40 0 4737 0 0 60 20 90 45 42 42
4737 0 30 120 40 0 4737 0 0 60 20 180 65 56 56
4737 0 30 120 40 0 4737 0 0 60 40 0 52 48 48
4737 0 30 120 40 0 4737 0 0 60 40 90 43 41 41
4737 0 30 120 40 0 4737 0 0 60 40 180 68 59 59
4737 0 30 120 40 0 4737 0 0 60 60 0 47 43 43
4737 0 30 120 40 0 4737 0 0 60 60 90 44 42 42
4737 0 30 120 40 0 4737 0 0 60 60 180 70 61 61
4737 0 30 120 40 0 4737 0 0 120 0 0 47 43 43
4737 0 30 120 40 0 4737 0 0 120 0 90 44 42 42
4737 0 30 120 40 0 4737 0 0 120 0 180 70 61 61
4737 0 30 120 40 0 4737 0 0 120 20 0 41 41 41
4737 0 30 120 40 0 4737 0 0 120 20 90 49 44 44
4737 0 30 120 40 0 4737 0 0 120 20 180 72 64 64
4737 0 30 120 40 0 4737 0 0 120 40 0 39 40 40
4737 0 30 120 40 0 4737 0 0 120 40 90 55 48 48
4737 0 30 120 40 0 4737 0 0 120 40 180 72 65 65
4737 0 30 120 40 0 4737 0 0 120 60 0 45 42 42
4737 0 30 120 40 0 4737 0 0 120 60 90 60 52 52
4737 0 30 120 40 0 4737 0 0 120 60 180 71 65 65
4737 0 30 120 40 0 4737 0 30 0 0 0 74 62 62
4737 0 30 120 40 0 4737 0 30 0 0 90 64 54 54
4737 0 30 120 40 0 4737 0 30 0 0 180 50 46 46
4737 0 30 120 40 0 4737 0 30 0 20 0 73 60 60
4737 0 30 120 40 0 4737 0 30 0 20 90 59 50 50
4737 0 30 120 40 0 4737 0 30 0 20 180 52 44 44
4737 0 30 120 40 0 4737 0 30 0 40 0 69 57 57
4737 0 30 120 40 0 4737 0 30 0 40 90 53 46 46
4737 0 30 120 40 0 4737 0 30 0 40 180 55 44 44
4737 0 30 120 40 0 4737 0 30 0 60 0 63 54 54
4737 0 30 120 40 0 4737 0 30 0 60 90 48 42 42
4737 0 30 120 40 0 4737 0 30 0 60 180 60 46 46
4737 0 30 120 40 0 4737 0 30 60 0 0 63 56 56
4737 0 30 120 40 0 4737 0 30 60 0 90 48 46 46
4737 0 30 120 40 0 4737 0 30 60 0 180 60 54 54
4737 0 30 120 40 0 4737 0 30 60 20 0 57 52 52
4737 0 30 120 40 0 4737 0 30 60 20 90 45 42 42
4737 0 30 120 40 0 4737 0 30 60 20 180 63 57 57
4737 0 30 120 40 0 4737 0 30 60 40 0 52 48 48
4737 0 30 120 40 0 4737 0 30 60 40 90 43 39 39
4737 0 30 120 40 0 4737 0 30 60 40 180 66 59 59
4737 0 30 120 40 0 4737 0 30 60 60 0 46 44 44
4737 0 30 120 40 0 4737 0 30 60 60 90 43 38 38
4737 0 30 120 40 0 4737 0 30 60 60 180 69 62 62
4737 0 30 120 40 0 4737 0 30 120 0 0 46 42 42
4737 0 30 120 40 0 4737 0 30 120 0 90 43 42 42
4737 0 30 120 40 0 4737 0 30 120 0 180 69 64 64
4737 0 30 120 40 0 4737 0 30 120 20 0 41 38 38
4737 0 30 120 40 0 4737 0 30 120 20 90 48 44 44
4737 0 30 120 40 0 4737 0 30 120 20 180 71 66 66
4737 0 30 120 40 0 4737 0 30 120 40 0 38 36 36
4737 0 30 120 40 0 4737 0 30 120 40 90 54 48 48
4737 0 30 120 40 0 4737 0 30 120 40 180 71 66 66
4737 0 30 120 40 0 4737 0 30 120 60 0 44 41 41
4737 0 30 120 40 0 4737 0 30 120 60 90 59 52 52
4737 0 30 120 40 0 4737 0 30 120 60 180 70 66 66
4737 0 30 120 40 0 4737 0 60 0 0 0 69 64 64
4737 0 30 120 40 0 4737 0 60 0 0 90 62 55 55
4737 0 30 120 40 0 4737 0 60 0 0 180 50 46 46
4737 0 30 120 40 0 4737 0 60 0 20 0 68 62 62
4737 0 30 120 40 0 4737 0 60 0 20 90 57 52 52
4737 0 30 120 40 0 4737 0 60 0 20 180 51 45 45
4737 0 30 120 40 0 4737 0 60 0 40 0 65 59 59
4737 0 30 120 40 0 4737 0 60 0 40 90 51 48 48
4737 0 30 120 40 0 4737 0 60 0 40 180 54 46 46
4737 0 30 120 40 0 4737 0 60 0 60 0 60 57 57
4737 0 30 120 40 0 4737 0 60 0 60 90 46 46 46
4737 0 30 120 40 0 4737 0 60 0 60 180 56 47 47
4737 0 30 120 40 0 4737 0 60 60 0 0 61 60 60
4737 0 30 120 40 0 4737 0 60 60 0 90 47 51 51
4737 0 30 120 40 0 4737 0 60 60 0 180 56 62 62
4737 0 30 120 40 0 4737 0 60 60 20 0 56 57 57
4737 0 30 120 40 0 4737 0 60 60 20 90 43 48 48
4737 0 30 120 40 0 4737 0 60 60 20 180 59 64 64
4737 0 30 120 40 0 4737 0 60 60 40 0 50 55 55
4737 0 30 120 40 0 4737 0 60 60 40 90 42 47 47
4737 0 30 120 40 0 4737 0 60 60 40 180 62 66 66
4737 0 30 120 40 0 4737 0 60 60 60 0 44 53 53
4737 0 30 120 40 0 4737 0 60 60 60 90 43 47 47
4737 0 30 120 40 0 4737 0 60 60 60 180 65 68 68
4737 0 30 120 40 0 4737 0 60 120 0 0 44 47 47
4737 0 30 120 40 0 4737 0 60 120 0 90 41 51 51
4737 0 30 120 40 0 4737 0 60 120 0 180 64 72 72
4737 0 30 120 40 0 4737 0 60 120 20 0 39 46 46
4737 0 30 120 40 0 4737 0 60 120 20 90 45 52 52
4737 0 30 120 40 0 4737 0 60 120 20 180 66 74 74
4737 0 30 120 40 0 4737 0 60 120 40 0 38 45 45
4737 0 30 120 40 0 4737 0 60 120 40 90 50 55 55
4737 0 30 120 40 0 4737 0 60 120 40 180 67 74 74
4737 0 30 120 40 0 4737 0 60 120 60 0 41 48 48
4737 0 30 120 40 0 4737 0 60 120 60 90 55 58 58
4737 0 30 120 40 0 4737 0 60 120 60 180 66 75 75
4737 0 30 120 40 0 4737 0 0 0 0 0 75 64 64
4737 0 30 120 40 0 4737 0 0 0 0 90 69 61 61
4737 0 30 120 40 0 4737 0 0 0 0 180 53 51 51
4737 0 30 120 40 0 4737 0 0 0 20 0 73 62 62
4737 0 30 120 40 0 4737 0 0 0 20 90 63 57 57
4737 0 30 120 40 0 4737 0 0 0 20 180 54 51 51
4737 0 30 120 40 0 4737 0 0 0 40 0 68 59 59
4737 0 30 120 40 0 4737 0 0 0 40 90 58 53 53
4737 0 30 120 40 0 4737 0 0 0 40 180 57 52 52
4737 0 30 120 40 0 4737 0 0 0 60 0 63 55 55
4737 0 30 120 40 0 4737 0 0 0 60 90 52 49 49
4737 0 30 120 40 0 4737 0 0 0 60 180 60 53 53
4737 0 30 120 40 0 4737 0 0 60 0 0 63 55 55
4737 0 30 120 40 0 4737 0 0 60 0 90 52 49 49
4737 0 30 120 40 0 4737 0 0 60 0 180 60 53 53
4737 0 30 120 40 0 4737 0 0 60 20 0 58 51 51
4737 0 30 120 40 0 4737 0 0 60 20 90 48 44 44
4737 0 30 120 40 0 4737 0 0 60 20 180 63 54 54
4737 0 30 120 40 0 4737 0 0 60 40 0 52 46 46
4737 0 30 120 40 0 4737 0 0 60 40 90 45 41 41
4737 0 30 120 40 0 4737 0 0 60 40 180 66 57 57
4737 0 30 120 40 0 4737 0 0 60 60 0 46 42 42
4737 0 30 120 40 0 4737 0 0 60 60 90 44 40 40
4737 0 30 120 40 0 4737 0 0 60 60 180 69 59 59
4737 0 30 120 40 0 4737 0 0 120 0 0 46 42 42
4737 0 30 120 40 0 4737 0 0 120 0 90 44 40 40
4737 0 30 120 40 0 4737 0 0 120 0 180 69 59 59
4737 0 30 120 40 0 4737 0 0 120 20 0 42 40 40
4737 0 30 120 40 0 4737 0 0 120 20 90 45 41 41
4737 0 30 120 40 0 4737 0 0 120 20 180 69 61 61
4737 0 30 120 40 0 4737 0 0 120 40 0 41 39 39
4737 0 30 120 40 0 4737 0 0 120 40 90 50 43 43
4737 0 30 120 40 0 4737 0 0 120 40 180 70 62 62
4737 0 30 120 40 0 4737 0 0 120 60 0 45 42 42
4737 0 30 120 40 0 4737 0 0 120 60 90 56 48 48
4737 0 30 120 40 0 4737 0 0 120 60 180 69 62 62
4737 0 30 120 40 0 4737 0 30 0 0 0 74 62 62
4737 0 30 120 40 0 4737 0 30 0 0 90 68 59 59
4737 0 30 120 40 0 4737 0 30 0 0 180 53 48 48
4737 0 30 120 40 0 4737 0 30 0 20 0 72 60 60
4737 0 30 120 40 0 4737 0 30 0 20 90 63 55 55
4737 0 30 120 40 0 4737 0 30 0 20 180 54 47 47
4737 0 30 120 40 0 4737 0 30 0 40 0 68 57 57
4737 0 30 120 40 0 4737 0 30 0 40 90 57 50 50
4737 0 30 120 40 0 4737 0 30 0 40 180 56 45 45
4737 0 30 120 40 0 4737 0 30 0 60 0 63 54 54
4737 0 30 120 40 0 4737 0 30 0 60 90 52 46 46
4737 0 30 120 40 0 4737 0 30 0 60 180 59 46 46
4737 0 30 120 40 0 4737 0 30 60 0 0 63 57 57
4737 0 30 120 40 0 4737 0 30 60 0 90 52 51 51
4737 0 30 120 40 0 4737 0 30 60 0 180 58 56 56
4737 0 30 120 40 0 4737 0 30 60 20 0 57 53 53
4737 0 30 120 40 0 4737 0 30 60 20 90 48 47 47
4737 0 30 120 40 0 4737 0 30 60 20 180 62 58 58
4737 0 30 120 40 0 4737 0 30 60 40 0 52 50 50
4737 0 30 120 40 0 4737 0 30 60 40 90 44 43 43
4737 0 30 120 40 0 4737 0 30 60 40 180 65 60 60
4737 0 30 120 40 0 4737 0 30 60 60 0 46 46 46
4737 0 30 120 40 0 4737 0 30 60 60 90 43 40 40
4737 0 30 120 40 0 4737 0 30 60 60 180 67 63 63
4737 0 30 120 40 0 4737 0 30 120 0 0 46 44 44
4737 0 30 120 40 0 4737 0 30 120 0 90 42 42 42
4737 0 30 120 40 0 4737 0 30 120 0 180 67 65 65
4737 0 30 120 40 0 4737 0 30 120 20 0 41 40 40
4737 0 30 120 40 0 4737 0 30 120 20 90 44 43 43
4737 0 30 120 40 0 4737 0 30 120 20 180 69 66 66
4737 0 30 120 40 0 4737 0 30 120 40 0 40 40 40
4737 0 30 120 40 0 4737 0 30 120 40 90 49 46 46
4737 0 30 120 40 0 4737 0 30 120 40 180 69 66 66
4737 0 30 120 40 0 4737 0 30 120 60 0 43 43 43
4737 0 30 120 40 0 4737 0 30 120 60 90 54 51 51
4737 0 30 120 40 0 4737 0 30 120 60 180 68 66 66
4737 0 30 120 40 0 4737 0 60 0 0 0 68 64 64
4737 0 30 120 40 0 4737 0 60 0 0 90 64 60 60
4737 0 30 120 40 0 4737 0 60 0 0 180 53 48 48
4737 0 30 120 40 0 4737 0 60 0 20 0 66 62 62
4737 0 30 120 40 0 4737 0 60 0 20 90 60 56 56
4737 0 30 120 40 0 4737 0 60 0 20 180 54 47 47
4737 0 30 120 40 0 4737 0 60 0 40 0 63 60 60
4737 0 30 120 40 0 4737 0 60 0 40 90 55 52 52
4737 0 30 120 40 0 4737 0 60 0 40 180 55 46 46
4737 0 30 120 40 0 4737 0 60 0 60 0 59 57 57
4737 0 30 120 40 0 4737 0 60 0 60 90 50 49 49
4737 0 30 120 40 0 4737 0 60 0 60 180 56 46 46
4737 0 30 120 40 0 4737 0 60 60 0 0 61 64 64
4737 0 30 120 40 0 4737 0 60 60 0 90 51 57 57
4737 0 30 120 40 0 4737 0 60 60 0 180 54 66 66
4737 0 30 120 40 0 4737 0 60 60 20 0 55 61 61
4737 0 30 120 40 0 4737 0 60 60 20 90 47 54 54
4737 0 30 120 40 0 4737 0 60 60 20 180 57 68 68
4737 0 30 120 40 0 4737 0 60 60 40 0 50 59 59
4737 0 30 120 40 0 4737 0 60 60 40 90 43 52 52
4737 0 30 120 40 0 4737 0 60 60 40 180 60 70 70
4737 0 30 120 40 0 4737 0 60 60 60 0 45 57 57
4737 0 30 120 40 0 4737 0 60 60 60 90 42 52 52
4737 0 30 120 40 0 4737 0 60 60 60 180 63 72 72
4737 0 30 120 40 0 4737 0 60 120 0 0 43 51 51
4737 0 30 120 40 0 4737 0 60 120 0 90 40 53 53
4737 0 30 120 40 0 4737 0 60 120 0 180 62 75 75
4737 0 30 120 40 0 4737 0 60 120 20 0 39 51 51
4737 0 30 120 40 0 4737 0 60 120 20 90 41 54 54
4737 0 30 120 40 0 4737 0 60 120 20 180 64 76 76
4737 0 30 120 40 0 4737 0 60 120 40 0 38 52 52
4737 0 30 120 40 0 4737 0 60 120 40 90 46 56 56
4737 0 30 120 40 0 4737 0 60 120 40 180 65 77 77
4737 0 30 120 40 0 4737 0 60 120 60 0 41 53 53
4737 0 30 120 40 0 4737 0 60 120 60 90 51 59 59
4737 0 30 120 40 0 4737 0 60 120 60 180 64 78 78
4737 0 30 120 60 0 4737 0 0 0 0 0 75 67 67
4737 0 30 120 60 0 4737 0 0 0 0 90 61 56 56
4737 0 30 120 60 0 4737 0 0 0 0 180 43 43 43
4737 0 30 120 60 0 4737 0 0 0 20 0 73 67 67
4737 0 30 120 60 0 4737 0 0 0 20 90 55 52 52
4737 0 30 120 60 0 4737 0 0 0 20 180 45 45 45
4737 0 30 120 60 0 4737 0 0 0 40 0 71 65 65
4737 0 30 120 60 0 4737 0 0 0 40 90 49 47 47
4737 0 30 120 60 0 4737 0 0 0 40 180 50 47 47
4737 0 30 120 60 0 4737 0 0 0 60 0 68 62 62
4737 0 30 120 60 0 4737 0 0 0 60 90 45 44 44
4737 0 30 120 60 0 4737 0 0 0 60 180 56 51 51
4737 0 30 120 60 0 4737 0 0 60 0 0 68 62 62
4737 0 30 120 60 0 4737 0 0 60 0 90 45 44 44
4737 0 30 120 60 0 4737 0 0 60 0 180 56 51 51
4737 0 30 120 60 0 4737 0 0 60 20 0 63 58 58
4737 0 30 120 60 0 4737 0 0 60 20 90 43 43 43
4737 0 30 120 60 0 4737 0 0 60 20 180 61 55 55
4737 0 30 120 60 0 4737 0 0 60 40 0 58 54 54
4737 0 30 120 60 0 4737 0 0 60 40 90 44 44 44
4737 0 30 120 60 0 4737 0 0 60 40 180 66 58 58
4737 0 30 120 60 0 4737 0 0 60 60 0 52 49 49
4737 0 30 120 60 0 4737 0 0 60 60 90 47 46 46
4737 0 30 120 60 0 4737 0 0 60 60 180 70 62 62
4737 0 30 120 60 0 4737 0 0 120 0 0 52 49 49
4737 0 30 120 60 0 4737 0 0 120 0 90 47 46 46
4737 0 30 120 60 0 4737 0 0 120 0 180 70 62 62
4737 0 30 120 60 0 4737 0 0 120 20 0 47 45 45
4737 0 30 120 60 0 4737 0 0 120 20 90 53 48 48
4737 0 30 120 60 0 4737 0 0 120 20 180 73 64 64
4737 0 30 120 60 0 4737 0 0 120 40 0 44 44 44
4737 0 30 120 60 0 4737 0 0 120 40 90 58 53 53
4737 0 30 120 60 0 4737 0 0 120 40 180 75 66 66
4737 0 30 120 60 0 4737 0 0 120 60 0 43 43 43
4737 0 30 120 60 0 4737 0 0 120 60 90 64 57 57
4737 0 30 120 60 0 4737 0 0 120 60 180 75 67 67
4737 0 30 120 60 0 4737 0 30 0 0 0 74 62 62
4737 0 30 120 60 0 4737 0 30 0 0 90 60 50 50
4737 0 30 120 60 0 4737 0 30 0 0 180 43 42 42
4737 0 30 120 60 0 4737 0 30 0 20 0 73 60 60
4737 0 30 120 60 0 4737 0 30 0 20 90 55 45 45
4737 0 30 120 60 0 4737 0 30 0 20 180 44 40 40
4737 0 30 120 60 0 4737 0 30 0 40 0 71 58 58
4737 0 30 120 60 0 4737 0 30 0 40 90 49 41 41
4737 0 30 120 60 0 4737 0 30 0 40 180 49 42 42
4737 0 30 120 60 0 4737 0 30 0 60 0 68 56 56
4737 0 30 120 60 0 4737 0 30 0 60 90 45 38 38
4737 0 30 120 60 0 4737 0 30 0 60 180 55 45 45
4737 0 30 120 60 0 4737 0 30 60 0 0 68 55 55
4737 0 30 120 60 0 4737 0 30 60 0 90 45 42 42
4737 0 30 120 60 0 4737 0 30 60 0 180 55 50 50
4737 0 30 120 60 0 4737 0 30 60 20 0 63 51 51
4737 0 30 120 60 0 4737 0 30 60 20 90 43 39 39
4737 0 30 120 60 0 4737 0 30 60 20 180 60 52 52
4737 0 30 120 60 0 4737 0 30 60 40 0 58 48 48
4737 0 30 120 60 0 4737 0 30 60 40 90 43 37 37
4737 0 30 120 60 0 4737 0 30 60 40 180 65 54 54
4737 0 30 120 60 0 4737 0 30 60 60 0 52 44 44
4737 0 30 120 60 0 4737 0 30 60 60 90 46 38 38
4737 0 30 120 60 0 4737 0 30 60 60 180 69 57 57
4737 0 30 120 60 0 4737 0 30 120 0 0 52 44 44
4737 0 30 120 60 0 4737 0 30 120 0 90 46 45 45
4737 0 30 120 60 0 4737 0 30 120 0 180 69 60 60
4737 0 30 120 60 0 4737 0 30 120 20 0 46 41 41
4737 0 30 120 60 0 4737 0 30 120 20 90 52 46 46
4737 0 30 120 60 0 4737 0 30 120 20 180 72 61 61
4737 0 30 120 60 0 4737 0 30 120 40 0 43 38 38
4737 0 30 120 60 0 4737 0 30 120 40 90 57 48 48
4737 0 30 120 60 0 4737 0 30 120 40 180 73 62 62
4737 0 30 120 60 0 4737 0 30 120 60 0 43 36 36
4737 0 30 120 60 0 4737 0 30 120 60 90 63 51 51
4737 0 30 120 60 0 4737 0 30 120 60 180 73 62 62
4737 0 30 120 60 0 4737 0 60 0 0 0 69 63 63
4737 0 30 120 60 0 4737 0 60 0 0 90 59 50 50
4737 0 30 120 60 0 4737 0 60 0 0 180 42 44 44
4737 0 30 120 60 0 4737 0 60 0 20 0 69 61 61
4737 0 30 120 60 0 4737 0 60 0 20 90 53 47 47
4737 0 30 120 60 0 4737 0 60 0 20 180 44 44 44
4737 0 30 120 60 0 4737 0 60 0 40 0 68 60 60
4737 0 30 120 60 0 4737 0 60 0 40 90 47 44 44
4737 0 30 120 60 0 4737 0 60 0 40 180 47 46 46
4737 0 30 120 60 0 4737 0 60 0 60 0 64 58 58
4737 0 30 120 60 0 4737 0 60 0 60 90 43 42 42
4737 0 30 120 60 0 4737 0 60 0 60 180 52 47 47
4737 0 30 120 60 0 4737 0 60 60 0 0 65 55 55
4737 0 30 120 60 0 4737 0 60 60 0 90 43 43 43
4737 0 30 120 60 0 4737 0 60 60 0 180 52 54 54
4737 0 30 120 60 0 4737 0 60 60 20 0 61 52 52
4737 0 30 120 60 0 4737 0 60 60 20 90 41 42 42
4737 0 30 120 60 0 4737 0 60 60 20 180 58 55 55
4737 0 30 120 60 0 4737 0 60 60 40 0 56 49 49
4737 0 30 120 60 0 4737 0 60 60 40 90 43 41 41
4737 0 30 120 60 0 4737 0 60 60 40 180 62 57 57
4737 0 30 120 60 0 4737 0 60 60 60 0 50 47 47
4737 0 30 120 60 0 4737 0 60 60 60 90 46 42 42
4737 0 30 120 60 0 4737 0 60 60 60 180 65 59 59
4737 0 30 120 60 0 4737 0 60 120 0 0 50 46 46
4737 0 30 120 60 0 4737 0 60 120 0 90 45 49 49
4737 0 30 120 60 0 4737 0 60 120 0 180 65 63 63
4737 0 30 120 60 0 4737 0 60 120 20 0 45 43 43
4737 0 30 120 60 0 4737 0 60 120 20 90 50 50 50
4737 0 30 120 60 0 4737 0 60 120 20 180 67 64 64
4737 0 30 120 60 0 4737 0 60 120 40 0 41 41 41
4737 0 30 120 60 0 4737 0 60 120 40 90 55 51 51
4737 0 30 120 60 0 4737 0 60 120 40 180 68 65 65
4737 0 30 120 60 0 4737 0 60 120 60 0 42 41 41
4737 0 30 120 60 0 4737 0 60 120 60 90 59 53 53
4737 0 30 120 60 0 4737 0 60 120 60 180 69 65 65
4737 0 30 120 60 0 4737 0 0 0 0 0 75 66 66
4737 0 30 120 60 0 4737 0 0 0 0 90 65 60 60
4737 0 30 120 60 0 4737 0 0 0 0 180 46 46 46
4737 0 30 120 60 0 4737 0 0 0 20 0 75 66 66
4737 0 30 120 60 0 4737 0 0 0 20 90 60 56 56
4737 0 30 120 60 0 4737 0 0 0 20 180 47 46 46
4737 0 30 120 60 0 4737 0 0 0 40 0 73 65 65
4737 0 30 120 60 0 4737 0 0 0 40 90 54 51 51
4737 0 30 120 60 0 4737 0 0 0 40 180 50 48 48
4737 0 30 120 60 0 4737 0 0 0 60 0 69 61 61
4737 0 30 120 60 0 4737 0 0 0 60 90 49 47 47
4737 0 30 120 60 0 4737 0 0 0 60 180 56 50 50
4737 0 30 120 60 0 4737 0 0 60 0 0 69 61 61
4737 0 30 120 60 0 4737 0 0 60 0 90 49 47 47
4737 0 30 120 60 0 4737 0 0 60 0 180 56 50 50
4737 0 30 120 60 0 4737 0 0 60 20 0 63 57 57
4737 0 30 120 60 0 4737 0 0 60 20 90 45 44 44
4737 0 30 120 60 0 4737 0 0 60 20 180 61 54 54
4737 0 30 120 60 0 4737 0 0 60 40 0 58 53 53
4737 0 30 120 60 0 4737 0 0 60 40 90 43 42 42
4737 0 30 120 60 0 4737 0 0 60 40 180 66 57 57
4737 0 30 120 60 0 4737 0 0 60 60 0 52 49 49
4737 0 30 120 60 0 4737 0 0 60 60 90 44 43 43
4737 0 30 120 60 0 4737 0 0 60 60 180 69 60 60
4737 0 30 120 60 0 4737 0 0 120 0 0 52 49 49
4737 0 30 120 60 0 4737 0 0 120 0 90 44 43 43
4737 0 30 120 60 0 4737 0 0 120 0 180 69 60 60
4737 0 30 120 60 0 4737 0 0 120 20 0 46 44 44
4737 0 30 120 60 0 4737 0 0 120 20 90 48 45 45
4737 0 30 120 60 0 4737 0 0 120 20 180 72 63 63
4737 0 30 120 60 0 4737 0 0 120 40 0 42 41 41
4737 0 30 120 60 0 4737 0 0 120 40 90 54 48 48
4737 0 30 120 60 0 4737 0 0 120 40 180 74 65 65
4737 0 30 120 60 0 4737 0 0 120 60 0 40 42 42
4737 0 30 120 60 0 4737 0 0 120 60 90 59 52 52
4737 0 30 120 60 0 4737 0 0 120 60 180 74 67 67
4737 0 30 120 60 0 4737 0 30 0 0 0 74 62 62
4737 0 30 120 60 0 4737 0 30 0 0 90 65 54 54
4737 0 30 120 60 0 4737 0 30 0 0 180 46 44 44
4737 0 30 120 60 0 4737 0 30 0 20 0 74 61 61
4737 0 30 120 60 0 4737 0 30 0 20 90 60 50 50
4737 0 30 120 60 0 4737 0 30 0 20 180 47 43 43
4737 0 30 120 60 0 4737 0 30 0 40 0 73 59 59
4737 0 30 120 60 0 4737 0 30 0 40 90 54 46 46
4737 0 30 120 60 0 4737 0 30 0 40 180 50 42 42
4737 0 30 120 60 0 4737 0 30 0 60 0 68 57 57
4737 0 30 120 60 0 4737 0 30 0 60 90 48 42 42
4737 0 30 120 60 0 4737 0 30 0 60 180 55 44 44
4737 0 30 120 60 0 4737 0 30 60 0 0 69 57 57
4737 0 30 120 60 0 4737 0 30 60 0 90 48 46 46
4737 0 30 120 60 0 4737 0 30 60 0 180 55 52 52
4737 0 30 120 60 0 4737 0 30 60 20 0 63 54 54
4737 0 30 120 60 0 4737 0 30 60 20 90 45 42 42
4737 0 30 120 60 0 4737 0 30 60 20 180 60 53 53
4737 0 30 120 60 0 4737 0 30 60 40 0 57 50 50
4737 0 30 120 60 0 4737 0 30 60 40 90 43 39 39
4737 0 30 120 60 0 4737 0 30 60 40 180 65 56 56
4737 0 30 120 60 0 4737 0 30 60 60 0 52 46 46
4737 0 30 120 60 0 4737 0 30 60 60 90 43 37 37
4737 0 30 120 60 0 4737 0 30 60 60 180 68 58 58
4737 0 30 120 60 0 4737 0 30 120 0 0 52 45 45
4737 0 30 120 60 0 4737 0 30 120 0 90 42 43 43
4737 0 30 120 60 0 4737 0 30 120 0 180 68 61 61
4737 0 30 120 60 0 4737 0 30 120 20 0 46 41 41
4737 0 30 120 60 0 4737 0 30 120 20 90 47 44 44
4737 0 30 120 60 0 4737 0 30 120 20 180 70 63 63
4737 0 30 120 60 0 4737 0 30 120 40 0 41 37 37
4737 0 30 120 60 0 4737 0 30 120 40 90 53 46 46
4737 0 30 120 60 0 4737 0 30 120 40 180 72 64 64
4737 0 30 120 60 0 4737 0 30 120 60 0 40 36 36
4737 0 30 120 60 0 4737 0 30 120 60 90 58 50 50
4737 0 30 120 60 0 4737 0 30 120 60 180 73 65 65
4737 0 30 120 60 0 4737 0 60 0 0 0 69 64 64
4737 0 30 120 60 0 4737 0 60 0 0 90 63 54 54
4737 0 30 120 60 0 4737 0 60 0 0 180 45 46 46
4737 0 30 120 60 0 4737 0 60 0 20 0 69 63 63
4737 0 30 120 60 0 4737 0 60 0 20 90 58 51 51
4737 0 30 120 60 0 4737 0 60 0 20 180 46 45 45
4737 0 30 120 60 0 4737 0 60 0 40 0 68 61 61
4737 0 30 120 60 0 4737 0 60 0 40 90 52 48 48
4737 0 30 120 60 0 4737 0 60 0 40 180 49 45 45
4737 0 30 120 60 0 4737 0 60 0 60 0 65 59 59
4737 0 30 120 60 0 4737 0 60 0 60 90 47 45 45
4737 0 30 120 60 0 4737 0 60 0 60 180 53 47 47
4737 0 30 120 60 0 4737 0 60 60 0 0 65 59 59
4737 0 30 120 60 0 4737 0 60 60 0 90 47 49 49
4737 0 30 120 60 0 4737 0 60 60 0 180 52 57 57
4737 0 30 120 60 0 4737 0 60 60 20 0 61 56 56
4737 0 30 120 60 0 4737 0 60 60 20 90 43 45 45
4737 0 30 120 60 0 4737 0 60 60 20 180 57 59 59
4737 0 30 120 60 0 4737 0 60 60 40 0 55 53 53
4737 0 30 120 60 0 4737 0 60 60 40 90 42 44 44
4737 0 30 120 60 0 4737 0 60 60 40 180 61 61 61
4737 0 30 120 60 0 4737 0 60 60 60 0 50 51 51
4737 0 30 120 60 0 4737 0 60 60 60 90 43 44 44
4737 0 30 120 60 0 4737 0 60 60 60 180 64 63 63
4737 0 30 120 60 0 4737 0 60 120 0 0 50 48 48
4737 0 30 120 60 0 4737 0 60 120 0 90 41 49 49
4737 0 30 120 60 0 4737 0 60 120 0 180 64 67 67
4737 0 30 120 60 0 4737 0 60 120 20 0 44 45 45
4737 0 30 120 60 0 4737 0 60 120 20 90 45 50 50
4737 0 30 120 60 0 4737 0 60 120 20 180 66 69 69
4737 0 30 120 60 0 4737 0 60 120 40 0 40 43 43
4737 0 30 120 60 0 4737 0 60 120 40 90 50 52 52
4737 0 30 120 60 0 4737 0 60 120 40 180 67 71 71
4737 0 30 120 60 0 4737 0 60 120 60 0 39 43 43
4737 0 30 120 60 0 4737 0 60 120 60 90 55 54 54
4737 0 30 120 60 0 4737 0 60 120 60 180 68 71 71
4737 0 30 120 60 0 4737 0 0 0 0 0 75 66 66
4737 0 30 120 60 0 4737 0 0 0 0 90 70 64 64
4737 0 30 120 60 0 4737 0 0 0 0 180 50 48 48
4737 0 30 120 60 0 4737 0 0 0 20 0 75 66 66
4737 0 30 120 60 0 4737 0 0 0 20 90 64 60 60
4737 0 30 120 60 0 4737 0 0 0 20 180 50 48 48
4737 0 30 120 60 0 4737 0 0 0 40 0 74 64 64
4737 0 30 120 60 0 4737 0 0 0 40 90 59 55 55
4737 0 30 120 60 0 4737 0 0 0 40 180 52 49 49
4737 0 30 120 60 0 4737 0 0 0 60 0 69 60 60
4737 0 30 120 60 0 4737 0 0 0 60 90 53 51 51
4737 0 30 120 60 0 4737 0 0 0 60 180 56 51 51
4737 0 30 120 60 0 4737 0 0 60 0 0 69 60 60
4737 0 30 120 60 0 4737 0 0 60 0 90 53 51 51
4737 0 30 120 60 0 4737 0 0 60 0 180 56 51 51
4737 0 30 120 60 0 4737 0 0 60 20 0 63 57 57
4737 0 30 120 60 0 4737 0 0 60 20 90 48 46 46
4737 0 30 120 60 0 4737 0 0 60 20 180 61 53 53
4737 0 30 120 60 0 4737 0 0 60 40 0 58 52 52
4737 0 30 120 60 0 4737 0 0 60 40 90 45 42 42
4737 0 30 120 60 0 4737 0 0 60 40 180 64 56 56
4737 0 30 120 60 0 4737 0 0 60 60 0 52 48 48
4737 0 30 120 60 0 4737 0 0 60 60 90 43 41 41
4737 0 30 120 60 0 4737 0 0 60 60 180 68 59 59
4737 0 30 120 60 0 4737 0 0 120 0 0 52 48 48
4737 0 30 120 60 0 4737 0 0 120 0 90 43 41 41
4737 0 30 120 60 0 4737 0 0 120 0 180 68 59 59
4737 0 30 120 60 0 4737 0 0 120 20 0 46 43 43
4737 0 30 120 60 0 4737 0 0 120 20 90 44 42 42
4737 0 30 120 60 0 4737 0 0 120 20 180 70 62 62
4737 0 30 120 60 0 4737 0 0 120 40 0 41 41 41
4737 0 30 120 60 0 4737 0 0 120 40 90 49 44 44
4737 0 30 120 60 0 4737 0 0 120 40 180 72 64 64
4737 0 30 120 60 0 4737 0 0 120 60 0 39 40 40
4737 0 30 120 60 0 4737 0 0 120 60 90 55 48 48
4737 0 30 120 60 0 4737 0 0 120 60 180 72 65 65
4737 0 30 120 60 0 4737 0 30 0 0 0 74 62 62
4737 0 30 120 60 0 4737 0 30 0 0 90 69 58 58
4737 0 30 120 60 0 4737 0 30 0 0 180 49 47 47
4737 0 30 120 60 0 4737 0 30 0 20 0 74 62 62
4737 0 30 120 60 0 4737 0 30 0 20 90 64 54 54
4737 0 30 120 60 0 4737 0 30 0 20 180 50 45 45
4737 0 30 120 60 0 4737 0 30 0 40 0 73 60 60
4737 0 30 120 60 0 4737 0 30 0 40 90 59 50 50
4737 0 30 120 60 0 4737 0 30 0 40 180 52 44 44
4737 0 30 120 60 0 4737 0 30 0 60 0 69 57 57
4737 0 30 120 60 0 4737 0 30 0 60 90 53 46 46
4737 0 30 120 60 0 4737 0 30 0 60 180 55 44 44
4737 0 30 120 60 0 4737 0 30 60 0 0 68 60 60
4737 0 30 120 60 0 4737 0 30 60 0 90 53 50 50
4737 0 30 120 60 0 4737 0 30 60 0 180 55 54 54
4737 0 30 120 60 0 4737 0 30 60 20 0 63 56 56
4737 0 30 120 60 0 4737 0 30 60 20 90 48 46 46
4737 0 30 120 60 0 4737 0 30 60 20 180 60 55 55
4737 0 30 120 60 0 4737 0 30 60 40 0 57 52 52
4737 0 30 120 60 0 4737 0 30 60 40 90 45 43 43
4737 0 30 120 60 0 4737 0 30 60 40 180 63 57 57
4737 0 30 120 60 0 4737 0 30 60 60 0 52 48 48
4737 0 30 120 60 0 4737 0 30 60 60 90 43 39 39
4737 0 30 120 60 0 4737 0 30 60 60 180 66 59 59
4737 0 30 120 60 0 4737 0 30 120 0 0 52 47 47
4737 0 30 120 60 0 4737 0 30 120 0 90 42 43 43
4737 0 30 120 60 0 4737 0 30 120 0 180 66 62 62
4737 0 30 120 60 0 4737 0 30 120 20 0 46 42 42
4737 0 30 120 60 0 4737 0 30 120 20 90 43 42 42
4737 0 30 120 60 0 4737 0 30 120 20 180 69 64 64
4737 0 30 120 60 0 4737 0 30 120 40 0 40 38 38
4737 0 30 120 60 0 4737 0 30 120 40 90 48 44 44
4737 0 30 120 60 0 4737 0 30 120 40 180 71 66 66
4737 0 30 120 60 0 4737 0 30 120 60 0 38 36 36
4737 0 30 120 60 0 4737 0 30 120 60 90 53 48 48
4737 0 30 120 60 0 4737 0 30 120 60 180 71 66 66
4737 0 30 120 60 0 4737 0 60 0 0 0 69 64 64
4737 0 30 120 60 0 4737 0 60 0 0 90 65 59 59
4737 0 30 120 60 0 4737 0 60 0 0 180 49 48 48
4737 0 30 120 60 0 4737 0 60 0 20 0 69 64 64
4737 0 30 120 60 0 4737 0 60 0 20 90 61 55 55
4737 0 30 120 60 0 4737 0 60 0 20 180 50 46 46
4737 0 30 120 60 0 4737 0 60 0 40 0 67 62 62
4737 0 30 120 60 0 4737 0 60 0 40 90 56 52 52
4737 0 30 120 60 0 4737 0 60 0 40 180 51 46 46
4737 0 30 120 60 0 4737 0 60 0 60 0 64 60 60
4737 0 30 120 60 0 4737 0 60 0 60 90 51 49 49
4737 0 30 120 60 0 4737 0 60 0 60 180 54 46 46
4737 0 30 120 60 0 4737 0 60 60 0 0 65 64 64
4737 0 30 120 60 0 4737 0 60 60 0 90 52 55 55
4737 0 30 120 60 0 4737 0 60 60 0 180 52 61 61
4737 0 30 120 60 0 4737 0 60 60 20 0 61 60 60
4737 0 30 120 60 0 4737 0 60 60 20 90 47 51 51
4737 0 30 120 60 0 4737 0 60 60 20 180 56 63 63
4737 0 30 120 60 0 4737 0 60 60 40 0 55 57 57
4737 0 30 120 60 0 4737 0 60 60 40 90 43 48 48
4737 0 30 120 60 0 4737 0 60 60 40 180 59 65 65
4737 0 30 120 60 0 4737 0 60 60 60 0 50 55 55
4737 0 30 120 60 0 4737 0 60 60 60 90 42 47 47
4737 0 30 120 60 0 4737 0 60 60 60 180 62 67 67
4737 0 30 120 60 0 4737 0 60 120 0 0 49 51 51
4737 0 30 120 60 0 4737 0 60 120 0 90 40 51 51
4737 0 30 120 60 0 4737 0 60 120 0 180 62 71 71
4737 0 30 120 60 0 4737 0 60 120 20 0 44 48 48
4737 0 30 120 60 0 4737 0 60 120 20 90 41 51 51
4737 0 30 120 60 0 4737 0 60 120 20 180 64 73 73
4737 0 30 120 60 0 4737 0 60 120 40 0 39 46 46
4737 0 30 120 60 0 4737 0 60 120 40 90 45 53 53
4737 0 30 120 60 0 4737 0 60 120 40 180 65 74 74
4737 0 30 120 60 0 4737 0 60 120 60 0 38 46 46
4737 0 30 120 60 0 4737 0 60 120 60 90 50 56 56
4737 0 30 120 60 0 4737 0 60 120 60 180 66 75 75
4737 0 30 120 60 0 4737 0 0 0 0 0 75 65 65
4737 0 30 120 60 0 4737 0 0 0 0 90 72 64 64
4737 0 30 120 60 0 4737 0 0 0 0 180 53 51 51
4737 0 30 120 60 0 4737 0 0 0 20 0 75 64 64
4737 0 30 120 60 0 4737 0 0 0 20 90 69 61 61
4737 0 30 120 60 0 4737 0 0 0 20 180 53 51 51
4737 0 30 120 60 0 4737 0 0 0 40 0 73 62 62
4737 0 30 120 60 0 4737 0 0 0 40 90 63 58 58
4737 0 30 120 60 0 4737 0 0 0 40 180 54 51 51
4737 0 30 120 60 0 4737 0 0 0 60 0 68 59 59
4737 0 30 120 60 0 4737 0 0 0 60 90 57 53 53
4737 0 30 120 60 0 4737 0 0 0 60 180 57 52 52
4737 0 30 120 60 0 4737 0 0 60 0 0 68 59 59
4737 0 30 120 60 0 4737 0 0 60 0 90 57 53 53
4737 0 30 120 60 0 4737 0 0 60 0 180 57 52 52
4737 0 30 120 60 0 4737 0 0 60 20 0 63 55 55
4737 0 30 120 60 0 4737 0 0 60 20 90 52 49 49
4737 0 30 120 60 0 4737 0 0 60 20 180 60 53 53
4737 0 30 120 60 0 4737 0 0 60 40 0 57 51 51
4737 0 30 120 60 0 4737 0 0 60 40 90 48 45 45
4737 0 30 120 60 0 4737 0 0 60 40 180 63 55 55
4737 0 30 120 60 0 4737 0 0 60 60 0 52 46 46
4737 0 30 120 60 0 4737 0 0 60 60 90 45 41 41
4737 0 30 120 60 0 4737 0 0 60 60 180 66 57 57
4737 0 30 120 60 0 4737 0 0 120 0 0 52 46 46
4737 0 30 120 60 0 4737 0 0 120 0 90 45 41 41
4737 0 30 120 60 0 4737 0 0 120 0 180 66 57 57
4737 0 30 120 60 0 4737 0 0 120 20 0 46 42 42
4737 0 30 120 60 0 4737 0 0 120 20 90 44 40 40
4737 0 30 120 60 0 4737 0 0 120 20 180 68 60 60
4737 0 30 120 60 0 4737 0 0 120 40 0 42 40 40
4737 0 30 120 60 0 4737 0 0 120 40 90 45 41 41
4737 0 30 120 60 0 4737 0 0 120 40 180 69 61 61
4737 0 30 120 60 0 4737 0 0 120 60 0 41 39 39
4737 0 30 120 60 0 4737 0 0 120 60 90 50 43 43
4737 0 30 120 60 0 4737 0 0 120 60 180 69 62 62
4737 0 30 120 60 0 4737 0 30 0 0 0 74 62 62
4737 0 30 120 60 0 4737 0 30 0 0 90 71 62 62
4737 0 30 120 60 0 4737 0 30 0 0 180 53 50 50
4737 0 30 120 60 0 4737 0 30 0 20 0 74 62 62
4737 0 30 120 60 0 4737 0 30 0 20 90 68 59 59
4737 0 30 120 60 0 4737 0 30 0 20 180 53 48 48
4737 0 30 120 60 0 4737 0 30 0 40 0 71 60 60
4737 0 30 120 60 0 4737 0 30 0 40 90 63 55 55
4737 0 30 120 60 0 4737 0 30 0 40 180 54 47 47
4737 0 30 120 60 0 4737 0 30 0 60 0 68 58 58
4737 0 30 120 60 0 4737 0 30 0 60 90 57 51 51
4737 0 30 120 60 0 4737 0 30 0 60 180 56 46 46
4737 0 30 120 60 0 4737 0 30 60 0 0 68 61 61
4737 0 30 120 60 0 4737 0 30 60 0 90 57 55 55
4737 0 30 120 60 0 4737 0 30 60 0 180 55 56 56
4737 0 30 120 60 0 4737 0 30 60 20 0 63 58 58
4737 0 30 120 60 0 4737 0 30 60 20 90 52 51 51
4737 0 30 120 60 0 4737 0 30 60 20 180 58 56 56
4737 0 30 120 60 0 4737 0 30 60 40 0 57 54 54
4737 0 30 120 60 0 4737 0 30 60 40 90 47 47 47
4737 0 30 120 60 0 4737 0 30 60 40 180 62 58 58
4737 0 30 120 60 0 4737 0 30 60 60 0 52 50 50
4737 0 30 120 60 0 4737 0 30 60 60 90 44 43 43
4737 0 30 120 60 0 4737 0 30 60 60 180 65 61 61
4737 0 30 120 60 0 4737 0 30 120 0 0 51 48 48
4737 0 30 120 60 0 4737 0 30 120 0 90 44 45 45
4737 0 30 120 60 0 4737 0 30 120 0 180 65 64 64
4737 0 30 120 60 0 4737 0 30 120 20 0 46 44 44
4737 0 30 120 60 0 4737 0 30 120 20 90 42 43 43
4737 0 30 120 60 0 4737 0 30 120 20 180 67 65 65
4737 0 30 120 60 0 4737 0 30 120 40 0 40 40 40
4737 0 30 120 60 0 4737 0 30 120 40 90 44 43 43
4737 0 30 120 60 0 4737 0 30 120 40 180 68 66 66
4737 0 30 120 60 0 4737 0 30 120 60 0 40 40 40
4737 0 30 120 60 0 4737 0 30 120 60 90 49 47 47
4737 0 30 120 60 0 4737 0 30 120 60 180 69 66 66
4737 0 30 120 60 0 4737 0 60 0 0 0 69 63 63
4737 0 30 120 60 0 4737 0 60 0 0 90 67 63 63
4737 0 30 120 60 0 4737 0 60 0 0 180 52 50 50
4737 0 30 120 60 0 4737 0 60 0 20 0 68 64 64
4737 0 30 120 60 0 4737 0 60 0 20 90 63 60 60
4737 0 30 120 60 0 4737 0 60 0 20 180 53 49 49
4737 0 30 120 60 0 4737 0 60 0 40 0 66 62 62
4737 0 30 120 60 0 4737 0 60 0 40 90 59 56 56
4737 0 30 120 60 0 4737 0 60 0 40 180 54 47 47
4737 0 30 120 60 0 4737 0 60 0 60 0 63 60 60
4737 0 30 120 60 0 4737 0 60 0 60 90 55 53 53
4737 0 30 120 60 0 4737 0 60 0 60 180 55 47 47
4737 0 30 120 60 0 4737 0 60 60 0 0 64 68 68
4737 0 30 120 60 0 4737 0 60 60 0 90 56 61 61
4737 0 30 120 60 0 4737 0 60 60 0 180 51 66 66
4737 0 30 120 60 0 4737 0 60 60 20 0 60 65 65
4737 0 30 120 60 0 4737 0 60 60 20 90 51 57 57
4737 0 30 120 60 0 4737 0 60 60 20 180 54 67 67
4737 0 30 120 60 0 4737 0 60 60 40 0 55 62 62
4737 0 30 120 60 0 4737 0 60 60 40 90 47 55 55
4737 0 30 120 60 0 4737 0 60 60 40 180 57 69 69
4737 0 30 120 60 0 4737 0 60 60 60 0 50 60 60
4737 0 30 120 60 0 4737 0 60 60 60 90 43 53 53
4737 0 30 120 60 0 4737 0 60 60 60 180 60 71 71
4737 0 30 120 60 0 4737 0 60 120 0 0 48 54 54
4737 0 30 120 60 0 4737 0 60 120 0 90 41 54 54
4737 0 30 120 60 0 4737 0 60 120 0 180 60 74 74
4737 0 30 120 60 0 4737 0 60 120 20 0 43 52 52
4737 0 30 120 60 0 4737 0 60 120 20 90 39 54 54
4737 0 30 120 60 0 4737 0 60 120 20 180 62 76 76
4737 0 30 120 60 0 4737 0 60 120 40 0 39 52 52
4737 0 30 120 60 0 4737 0 60 120 40 90 41 55 55
4737 0 30 120 60 0 4737 0 60 120 40 180 63 77 77
4737 0 30 120 60 0 4737 0 60 120 60 0 38 52 52
4737 0 30 120 60 0 4737 0 60 120 60 90 46 57 57
4737 0 30 120 60 0 4737 0 60 120 60 180 65 78 78
