4937 0 50 0 0 4737 0 0 0 0 0 60 54 54
4937 0 50 0 0 4737 0 0 0 0 30 61 53 53
4937 0 50 0 0 4737 0 0 0 0 60 61 53 53
4937 0 50 0 0 4737 0 0 0 0 90 60 52 52
4937 0 50 0 0 4737 0 0 0 0 120 60 52 52
4937 0 50 0 0 4737 0 0 0 0 150 60 52 52
4937 0 50 0 0 4737 0 0 0 0 180 60 52 52
4937 0 50 0 0 4737 0 10 0 0 0 60 53 53
4937 0 50 0 0 4737 0 10 0 0 30 61 53 53
4937 0 50 0 0 4737 0 10 0 0 60 61 53 53
4937 0 50 0 0 4737 0 10 0 0 90 60 52 52
4937 0 50 0 0 4737 0 10 0 0 120 60 52 52
4937 0 50 0 0 4737 0 10 0 0 150 60 52 52
4937 0 50 0 0 4737 0 10 0 0 180 60 52 52
4937 0 50 0 0 4737 0 20 0 0 0 60 52 52
4937 0 50 0 0 4737 0 20 0 0 30 60 52 52
4937 0 50 0 0 4737 0 20 0 0 60 60 51 51
4937 0 50 0 0 4737 0 20 0 0 90 60 51 51
4937 0 50 0 0 4737 0 20 0 0 120 60 51 51
4937 0 50 0 0 4737 0 20 0 0 150 59 51 51
4937 0 50 0 0 4737 0 20 0 0 180 59 51 51
4937 0 50 0 0 4737 0 30 0 0 0 60 49 49
4937 0 50 0 0 4737 0 30 0 0 30 60 49 49
4937 0 50 0 0 4737 0 30 0 0 60 60 49 49
4937 0 50 0 0 4737 0 30 0 0 90 60 49 49
4937 0 50 0 0 4737 0 30 0 0 120 59 49 49
4937 0 50 0 0 4737 0 30 0 0 150 59 49 49
4937 0 50 0 0 4737 0 30 0 0 180 59 49 49
4937 0 50 0 0 4737 0 40 0 0 0 59 49 49
4937 0 50 0 0 4737 0 40 0 0 30 60 49 49
4937 0 50 0 0 4737 0 40 0 0 60 59 49 49
4937 0 50 0 0 4737 0 40 0 0 90 59 49 49
4937 0 50 0 0 4737 0 40 0 0 120 59 49 49
4937 0 50 0 0 4737 0 40 0 0 150 59 49 49
4937 0 50 0 0 4737 0 40 0 0 180 58 49 49
4937 0 50 0 0 4737 0 50 0 0 0 58 50 50
4937 0 50 0 0 4737 0 50 0 0 30 59 50 50
4937 0 50 0 0 4737 0 50 0 0 60 59 49 49
4937 0 50 0 0 4737 0 50 0 0 90 58 49 49
4937 0 50 0 0 4737 0 50 0 0 120 58 49 49
4937 0 50 0 0 4737 0 50 0 0 150 58 49 49
4937 0 50 0 0 4737 0 50 0 0 180 58 49 49
4937 0 50 0 0 4737 0 60 0 0 0 57 51 51
4937 0 50 0 0 4737 0 60 0 0 30 57 51 51
4937 0 50 0 0 4737 0 60 0 0 60 57 51 51
4937 0 50 0 0 4737 0 60 0 0 90 57 51 51
4937 0 50 0 0 4737 0 60 0 0 120 56 50 50
4937 0 50 0 0 4737 0 60 0 0 150 56 50 50
4937 0 50 0 0 4737 0 60 0 0 180 56 50 50
4937 0 50 0 0 4737 0 0 0 0 0 59 53 53
4937 0 50 0 0 4737 0 0 0 0 30 60 52 52
4937 0 50 0 0 4737 0 0 0 0 60 60 52 52
4937 0 50 0 0 4737 0 0 0 0 90 59 52 52
4937 0 50 0 0 4737 0 0 0 0 120 59 51 51
4937 0 50 0 0 4737 0 0 0 0 150 59 51 51
4937 0 50 0 0 4737 0 0 0 0 180 59 51 51
4937 0 50 0 0 4737 0 10 0 0 0 59 52 52
4937 0 50 0 0 4737 0 10 0 0 30 59 52 52
4937 0 50 0 0 4737 0 10 0 0 60 59 52 52
4937 0 50 0 0 4737 0 10 0 0 90 59 51 51
4937 0 50 0 0 4737 0 10 0 0 120 59 51 51
4937 0 50 0 0 4737 0 10 0 0 150 59 51 51
4937 0 50 0 0 4737 0 10 0 0 180 58 51 51
4937 0 50 0 0 4737 0 20 0 0 0 59 51 51
4937 0 50 0 0 4737 0 20 0 0 30 59 51 51
4937 0 50 0 0 4737 0 20 0 0 60 59 50 50
4937 0 50 0 0 4737 0 20 0 0 90 59 50 50
4937 0 50 0 0 4737 0 20 0 0 120 59 50 50
4937 0 50 0 0 4737 0 20 0 0 150 58 49 49
4937 0 50 0 0 4737 0 20 0 0 180 58 49 49
4937 0 50 0 0 4737 0 30 0 0 0 59 48 48
4937 0 50 0 0 4737 0 30 0 0 30 59 48 48
4937 0 50 0 0 4737 0 30 0 0 60 59 48 48
4937 0 50 0 0 4737 0 30 0 0 90 59 47 47
4937 0 50 0 0 4737 0 30 0 0 120 58 47 47
4937 0 50 0 0 4737 0 30 0 0 150 58 47 47
4937 0 50 0 0 4737 0 30 0 0 180 58 47 47
4937 0 50 0 0 4737 0 40 0 0 0 58 48 48
4937 0 50 0 0 4737 0 40 0 0 30 58 48 48
4937 0 50 0 0 4737 0 40 0 0 60 58 48 48
4937 0 50 0 0 4737 0 40 0 0 90 58 47 47
4937 0 50 0 0 4737 0 40 0 0 120 58 47 47
4937 0 50 0 0 4737 0 40 0 0 150 57 47 47
4937 0 50 0 0 4737 0 40 0 0 180 57 47 47
4937 0 50 0 0 4737 0 50 0 0 0 57 49 49
4937 0 50 0 0 4737 0 50 0 0 30 57 49 49
4937 0 50 0 0 4737 0 50 0 0 60 57 49 49
4937 0 50 0 0 4737 0 50 0 0 90 57 48 48
4937 0 50 0 0 4737 0 50 0 0 120 57 48 48
4937 0 50 0 0 4737 0 50 0 0 150 56 48 48
4937 0 50 0 0 4737 0 50 0 0 180 56 48 48
4937 0 50 0 0 4737 0 60 0 0 0 56 50 50
4937 0 50 0 0 4737 0 60 0 0 30 56 51 51
4937 0 50 0 0 4737 0 60 0 0 60 56 50 50
4937 0 50 0 0 4737 0 60 0 0 90 56 50 50
4937 0 50 0 0 4737 0 60 0 0 120 55 49 49
4937 0 50 0 0 4737 0 60 0 0 150 55 49 49
4937 0 50 0 0 4737 0 60 0 0 180 55 49 49
4937 0 50 0 0 4737 0 0 0 0 0 58 52 52
4937 0 50 0 0 4737 0 0 0 0 30 58 51 51
4937 0 50 0 0 4737 0 0 0 0 60 58 51 51
4937 0 50 0 0 4737 0 0 0 0 90 58 51 51
4937 0 50 0 0 4737 0 0 0 0 120 58 50 50
4937 0 50 0 0 4737 0 0 0 0 150 58 50 50
4937 0 50 0 0 4737 0 0 0 0 180 57 50 50
4937 0 50 0 0 4737 0 10 0 0 0 58 51 51
4937 0 50 0 0 4737 0 10 0 0 30 58 51 51
4937 0 50 0 0 4737 0 10 0 0 60 58 50 50
4937 0 50 0 0 4737 0 10 0 0 90 58 50 50
4937 0 50 0 0 4737 0 10 0 0 120 58 50 50
4937 0 50 0 0 4737 0 10 0 0 150 58 49 49
4937 0 50 0 0 4737 0 10 0 0 180 57 50 50
4937 0 50 0 0 4737 0 20 0 0 0 58 50 50
4937 0 50 0 0 4737 0 20 0 0 30 58 49 49
4937 0 50 0 0 4737 0 20 0 0 60 58 49 49
4937 0 50 0 0 4737 0 20 0 0 90 58 49 49
4937 0 50 0 0 4737 0 20 0 0 120 58 48 48
4937 0 50 0 0 4737 0 20 0 0 150 57 48 48
4937 0 50 0 0 4737 0 20 0 0 180 57 48 48
4937 0 50 0 0 4737 0 30 0 0 0 58 47 47
4937 0 50 0 0 4737 0 30 0 0 30 58 47 47
4937 0 50 0 0 4737 0 30 0 0 60 58 47 47
4937 0 50 0 0 4737 0 30 0 0 90 58 46 46
4937 0 50 0 0 4737 0 30 0 0 120 57 46 46
4937 0 50 0 0 4737 0 30 0 0 150 57 46 46
4937 0 50 0 0 4737 0 30 0 0 180 57 46 46
4937 0 50 0 0 4737 0 40 0 0 0 57 47 47
4937 0 50 0 0 4737 0 40 0 0 30 57 47 47
4937 0 50 0 0 4737 0 40 0 0 60 57 47 47
4937 0 50 0 0 4737 0 40 0 0 90 57 47 47
4937 0 50 0 0 4737 0 40 0 0 120 57 46 46
4937 0 50 0 0 4737 0 40 0 0 150 56 46 46
4937 0 50 0 0 4737 0 40 0 0 180 56 46 46
4937 0 50 0 0 4737 0 50 0 0 0 56 48 48
4937 0 50 0 0 4737 0 50 0 0 30 56 48 48
4937 0 50 0 0 4737 0 50 0 0 60 56 48 48
4937 0 50 0 0 4737 0 50 0 0 90 56 48 48
4937 0 50 0 0 4737 0 50 0 0 120 56 47 47
4937 0 50 0 0 4737 0 50 0 0 150 55 47 47
4937 0 50 0 0 4737 0 50 0 0 180 55 47 47
4937 0 50 0 0 4737 0 60 0 0 0 54 49 49
4937 0 50 0 0 4737 0 60 0 0 30 55 50 50
4937 0 50 0 0 4737 0 60 0 0 60 55 49 49
4937 0 50 0 0 4737 0 60 0 0 90 55 49 49
4937 0 50 0 0 4737 0 60 0 0 120 54 49 49
4937 0 50 0 0 4737 0 60 0 0 150 54 48 48
4937 0 50 0 0 4737 0 60 0 0 180 53 48 48
4937 0 50 0 0 4737 0 0 0 0 0 57 50 50
4937 0 50 0 0 4737 0 0 0 0 30 57 50 50
4937 0 50 0 0 4737 0 0 0 0 60 57 50 50
4937 0 50 0 0 4737 0 0 0 0 90 57 49 49
4937 0 50 0 0 4737 0 0 0 0 120 57 49 49
4937 0 50 0 0 4737 0 0 0 0 150 57 49 49
4937 0 50 0 0 4737 0 0 0 0 180 56 49 49
4937 0 50 0 0 4737 0 10 0 0 0 57 50 50
4937 0 50 0 0 4737 0 10 0 0 30 57 50 50
4937 0 50 0 0 4737 0 10 0 0 60 57 49 49
4937 0 50 0 0 4737 0 10 0 0 90 57 49 49
4937 0 50 0 0 4737 0 10 0 0 120 57 48 48
4937 0 50 0 0 4737 0 10 0 0 150 56 48 48
4937 0 50 0 0 4737 0 10 0 0 180 56 48 48
4937 0 50 0 0 4737 0 20 0 0 0 57 48 48
4937 0 50 0 0 4737 0 20 0 0 30 57 48 48
4937 0 50 0 0 4737 0 20 0 0 60 57 48 48
4937 0 50 0 0 4737 0 20 0 0 90 57 47 47
4937 0 50 0 0 4737 0 20 0 0 120 57 47 47
4937 0 50 0 0 4737 0 20 0 0 150 56 47 47
4937 0 50 0 0 4737 0 20 0 0 180 56 47 47
4937 0 50 0 0 4737 0 30 0 0 0 56 46 46
4937 0 50 0 0 4737 0 30 0 0 30 57 46 46
4937 0 50 0 0 4737 0 30 0 0 60 57 46 46
4937 0 50 0 0 4737 0 30 0 0 90 57 46 46
4937 0 50 0 0 4737 0 30 0 0 120 56 45 45
4937 0 50 0 0 4737 0 30 0 0 150 56 45 45
4937 0 50 0 0 4737 0 30 0 0 180 56 45 45
4937 0 50 0 0 4737 0 40 0 0 0 56 47 47
4937 0 50 0 0 4737 0 40 0 0 30 56 47 47
4937 0 50 0 0 4737 0 40 0 0 60 56 46 46
4937 0 50 0 0 4737 0 40 0 0 90 56 46 46
4937 0 50 0 0 4737 0 40 0 0 120 56 46 46
4937 0 50 0 0 4737 0 40 0 0 150 55 45 45
4937 0 50 0 0 4737 0 40 0 0 180 55 45 45
4937 0 50 0 0 4737 0 50 0 0 0 55 48 48
4937 0 50 0 0 4737 0 50 0 0 30 55 48 48
4937 0 50 0 0 4737 0 50 0 0 60 55 47 47
4937 0 50 0 0 4737 0 50 0 0 90 55 47 47
4937 0 50 0 0 4737 0 50 0 0 120 55 46 46
4937 0 50 0 0 4737 0 50 0 0 150 54 46 46
4937 0 50 0 0 4737 0 50 0 0 180 54 46 46
4937 0 50 0 0 4737 0 60 0 0 0 53 48 48
4937 0 50 0 0 4737 0 60 0 0 30 53 48 48
4937 0 50 0 0 4737 0 60 0 0 60 53 49 49
4937 0 50 0 0 4737 0 60 0 0 90 53 48 48
4937 0 50 0 0 4737 0 60 0 0 120 53 48 48
4937 0 50 0 0 4737 0 60 0 0 150 52 47 47
4937 0 50 0 0 4737 0 60 0 0 180 52 47 47
4937 0 50 0 0 4737 0 0 0 0 0 56 49 49
4937 0 50 0 0 4737 0 0 0 0 30 56 49 49
4937 0 50 0 0 4737 0 0 0 0 60 56 49 49
4937 0 50 0 0 4737 0 0 0 0 90 56 48 48
4937 0 50 0 0 4737 0 0 0 0 120 56 48 48
4937 0 50 0 0 4737 0 0 0 0 150 55 47 47
4937 0 50 0 0 4737 0 0 0 0 180 55 48 48
4937 0 50 0 0 4737 0 10 0 0 0 56 48 48
4937 0 50 0 0 4737 0 10 0 0 30 56 48 48
4937 0 50 0 0 4737 0 10 0 0 60 56 48 48
4937 0 50 0 0 4737 0 10 0 0 90 56 48 48
4937 0 50 0 0 4737 0 10 0 0 120 56 47 47
4937 0 50 0 0 4737 0 10 0 0 150 55 47 47
4937 0 50 0 0 4737 0 10 0 0 180 55 47 47
4937 0 50 0 0 4737 0 20 0 0 0 56 46 46
4937 0 50 0 0 4737 0 20 0 0 30 56 46 46
4937 0 50 0 0 4737 0 20 0 0 60 56 46 46
4937 0 50 0 0 4737 0 20 0 0 90 56 46 46
4937 0 50 0 0 4737 0 20 0 0 120 56 45 45
4937 0 50 0 0 4737 0 20 0 0 150 55 45 45
4937 0 50 0 0 4737 0 20 0 0 180 55 45 45
4937 0 50 0 0 4737 0 30 0 0 0 55 46 46
4937 0 50 0 0 4737 0 30 0 0 30 55 46 46
4937 0 50 0 0 4737 0 30 0 0 60 56 45 45
4937 0 50 0 0 4737 0 30 0 0 90 55 45 45
4937 0 50 0 0 4737 0 30 0 0 120 55 45 45
4937 0 50 0 0 4737 0 30 0 0 150 55 44 44
4937 0 50 0 0 4737 0 30 0 0 180 54 44 44
4937 0 50 0 0 4737 0 40 0 0 0 55 46 46
4937 0 50 0 0 4737 0 40 0 0 30 55 46 46
4937 0 50 0 0 4737 0 40 0 0 60 55 46 46
4937 0 50 0 0 4737 0 40 0 0 90 55 46 46
4937 0 50 0 0 4737 0 40 0 0 120 55 45 45
4937 0 50 0 0 4737 0 40 0 0 150 54 44 44
4937 0 50 0 0 4737 0 40 0 0 180 54 44 44
4937 0 50 0 0 4737 0 50 0 0 0 54 47 47
4937 0 50 0 0 4737 0 50 0 0 30 54 47 47
4937 0 50 0 0 4737 0 50 0 0 60 54 47 47
4937 0 50 0 0 4737 0 50 0 0 90 54 47 47
4937 0 50 0 0 4737 0 50 0 0 120 54 46 46
4937 0 50 0 0 4737 0 50 0 0 150 53 45 45
4937 0 50 0 0 4737 0 50 0 0 180 52 45 45
4937 0 50 0 0 4737 0 60 0 0 0 51 47 47
4937 0 50 0 0 4737 0 60 0 0 30 52 48 48
4937 0 50 0 0 4737 0 60 0 0 60 52 48 48
4937 0 50 0 0 4737 0 60 0 0 90 52 48 48
4937 0 50 0 0 4737 0 60 0 0 120 52 47 47
4937 0 50 0 0 4737 0 60 0 0 150 51 46 46
4937 0 50 0 0 4737 0 60 0 0 180 50 46 46
4937 0 50 0 0 4737 0 0 0 0 0 55 47 47
4937 0 50 0 0 4737 0 0 0 0 30 55 47 47
4937 0 50 0 0 4737 0 0 0 0 60 55 47 47
4937 0 50 0 0 4737 0 0 0 0 90 55 47 47
4937 0 50 0 0 4737 0 0 0 0 120 55 46 46
4937 0 50 0 0 4737 0 0 0 0 150 54 46 46
4937 0 50 0 0 4737 0 0 0 0 180 54 46 46
4937 0 50 0 0 4737 0 10 0 0 0 55 46 46
4937 0 50 0 0 4737 0 10 0 0 30 55 46 46
4937 0 50 0 0 4737 0 10 0 0 60 55 46 46
4937 0 50 0 0 4737 0 10 0 0 90 55 46 46
4937 0 50 0 0 4737 0 10 0 0 120 55 45 45
4937 0 50 0 0 4737 0 10 0 0 150 54 45 45
4937 0 50 0 0 4737 0 10 0 0 180 54 45 45
4937 0 50 0 0 4737 0 20 0 0 0 55 46 46
4937 0 50 0 0 4737 0 20 0 0 30 55 45 45
4937 0 50 0 0 4737 0 20 0 0 60 55 45 45
4937 0 50 0 0 4737 0 20 0 0 90 55 45 45
4937 0 50 0 0 4737 0 20 0 0 120 55 44 44
4937 0 50 0 0 4737 0 20 0 0 150 54 44 44
4937 0 50 0 0 4737 0 20 0 0 180 54 44 44
4937 0 50 0 0 4737 0 30 0 0 0 54 46 46
4937 0 50 0 0 4737 0 30 0 0 30 54 45 45
4937 0 50 0 0 4737 0 30 0 0 60 54 45 45
4937 0 50 0 0 4737 0 30 0 0 90 54 45 45
4937 0 50 0 0 4737 0 30 0 0 120 54 44 44
4937 0 50 0 0 4737 0 30 0 0 150 54 44 44
4937 0 50 0 0 4737 0 30 0 0 180 53 44 44
4937 0 50 0 0 4737 0 40 0 0 0 53 46 46
4937 0 50 0 0 4737 0 40 0 0 30 54 46 46
4937 0 50 0 0 4737 0 40 0 0 60 54 46 46
4937 0 50 0 0 4737 0 40 0 0 90 54 45 45
4937 0 50 0 0 4737 0 40 0 0 120 54 45 45
4937 0 50 0 0 4737 0 40 0 0 150 53 44 44
4937 0 50 0 0 4737 0 40 0 0 180 52 44 44
4937 0 50 0 0 4737 0 50 0 0 0 52 46 46
4937 0 50 0 0 4737 0 50 0 0 30 52 46 46
4937 0 50 0 0 4737 0 50 0 0 60 53 46 46
4937 0 50 0 0 4737 0 50 0 0 90 53 46 46
4937 0 50 0 0 4737 0 50 0 0 120 53 46 46
4937 0 50 0 0 4737 0 50 0 0 150 52 45 45
4937 0 50 0 0 4737 0 50 0 0 180 51 44 44
4937 0 50 0 0 4737 0 60 0 0 0 50 47 47
4937 0 50 0 0 4737 0 60 0 0 30 50 47 47
4937 0 50 0 0 4737 0 60 0 0 60 51 47 47
4937 0 50 0 0 4737 0 60 0 0 90 51 47 47
4937 0 50 0 0 4737 0 60 0 0 120 51 47 47
4937 0 50 0 0 4737 0 60 0 0 150 50 46 46
4937 0 50 0 0 4737 0 60 0 0 180 49 45 45
4937 0 50 0 0 4937 0 0 0 0 0 49 45 45
4937 0 50 0 0 4937 0 0 0 0 30 51 48 48
4937 0 50 0 0 4937 0 0 0 0 60 55 54 54
4937 0 50 0 0 4937 0 0 0 0 90 62 60 60
4937 0 50 0 0 4937 0 0 0 0 120 67 63 63
4937 0 50 0 0 4937 0 0 0 0 150 70 63 63
4937 0 50 0 0 4937 0 0 0 0 180 72 60 60
4937 0 50 0 0 4937 0 10 0 0 0 49 44 44
4937 0 50 0 0 4937 0 10 0 0 30 51 47 47
4937 0 50 0 0 4937 0 10 0 0 60 55 53 53
4937 0 50 0 0 4937 0 10 0 0 90 61 59 59
4937 0 50 0 0 4937 0 10 0 0 120 67 62 62
4937 0 50 0 0 4937 0 10 0 0 150 70 63 63
4937 0 50 0 0 4937 0 10 0 0 180 72 61 61
4937 0 50 0 0 4937 0 20 0 0 0 49 43 43
4937 0 50 0 0 4937 0 20 0 0 30 51 45 45
4937 0 50 0 0 4937 0 20 0 0 60 55 51 51
4937 0 50 0 0 4937 0 20 0 0 90 61 56 56
4937 0 50 0 0 4937 0 20 0 0 120 66 60 60
4937 0 50 0 0 4937 0 20 0 0 150 70 62 62
4937 0 50 0 0 4937 0 20 0 0 180 71 61 61
4937 0 50 0 0 4937 0 30 0 0 0 49 40 40
4937 0 50 0 0 4937 0 30 0 0 30 51 42 42
4937 0 50 0 0 4937 0 30 0 0 60 55 47 47
4937 0 50 0 0 4937 0 30 0 0 90 61 52 52
4937 0 50 0 0 4937 0 30 0 0 120 66 56 56
4937 0 50 0 0 4937 0 30 0 0 150 70 58 58
4937 0 50 0 0 4937 0 30 0 0 180 71 59 59
4937 0 50 0 0 4937 0 40 0 0 0 48 40 40
4937 0 50 0 0 4937 0 40 0 0 30 50 42 42
4937 0 50 0 0 4937 0 40 0 0 60 54 46 46
4937 0 50 0 0 4937 0 40 0 0 90 61 51 51
4937 0 50 0 0 4937 0 40 0 0 120 65 55 55
4937 0 50 0 0 4937 0 40 0 0 150 69 58 58
4937 0 50 0 0 4937 0 40 0 0 180 70 59 59
4937 0 50 0 0 4937 0 50 0 0 0 48 40 40
4937 0 50 0 0 4937 0 50 0 0 30 49 42 42
4937 0 50 0 0 4937 0 50 0 0 60 53 46 46
4937 0 50 0 0 4937 0 50 0 0 90 60 51 51
4937 0 50 0 0 4937 0 50 0 0 120 65 55 55
4937 0 50 0 0 4937 0 50 0 0 150 68 58 58
4937 0 50 0 0 4937 0 50 0 0 180 69 60 60
4937 0 50 0 0 4937 0 60 0 0 0 47 41 41
4937 0 50 0 0 4937 0 60 0 0 30 48 43 43
4937 0 50 0 0 4937 0 60 0 0 60 52 47 47
4937 0 50 0 0 4937 0 60 0 0 90 59 52 52
4937 0 50 0 0 4937 0 60 0 0 120 63 56 56
4937 0 50 0 0 4937 0 60 0 0 150 66 59 59
4937 0 50 0 0 4937 0 60 0 0 180 68 61 61
4937 0 50 0 0 4937 0 0 0 0 0 47 43 43
4937 0 50 0 0 4937 0 0 0 0 30 49 47 47
4937 0 50 0 0 4937 0 0 0 0 60 53 51 51
4937 0 50 0 0 4937 0 0 0 0 90 59 57 57
4937 0 50 0 0 4937 0 0 0 0 120 64 61 61
4937 0 50 0 0 4937 0 0 0 0 150 69 62 62
4937 0 50 0 0 4937 0 0 0 0 180 70 59 59
4937 0 50 0 0 4937 0 10 0 0 0 47 42 42
4937 0 50 0 0 4937 0 10 0 0 30 49 45 45
4937 0 50 0 0 4937 0 10 0 0 60 53 50 50
4937 0 50 0 0 4937 0 10 0 0 90 59 56 56
4937 0 50 0 0 4937 0 10 0 0 120 64 60 60
4937 0 50 0 0 4937 0 10 0 0 150 69 62 62
4937 0 50 0 0 4937 0 10 0 0 180 70 60 60
4937 0 50 0 0 4937 0 20 0 0 0 47 41 41
4937 0 50 0 0 4937 0 20 0 0 30 49 43 43
4937 0 50 0 0 4937 0 20 0 0 60 53 48 48
4937 0 50 0 0 4937 0 20 0 0 90 59 54 54
4937 0 50 0 0 4937 0 20 0 0 120 64 58 58
4937 0 50 0 0 4937 0 20 0 0 150 68 61 61
4937 0 50 0 0 4937 0 20 0 0 180 70 60 60
4937 0 50 0 0 4937 0 30 0 0 0 47 38 38
4937 0 50 0 0 4937 0 30 0 0 30 48 40 40
4937 0 50 0 0 4937 0 30 0 0 60 52 44 44
4937 0 50 0 0 4937 0 30 0 0 90 58 50 50
4937 0 50 0 0 4937 0 30 0 0 120 64 54 54
4937 0 50 0 0 4937 0 30 0 0 150 68 57 57
4937 0 50 0 0 4937 0 30 0 0 180 69 58 58
4937 0 50 0 0 4937 0 40 0 0 0 46 38 38
4937 0 50 0 0 4937 0 40 0 0 30 48 39 39
4937 0 50 0 0 4937 0 40 0 0 60 52 44 44
4937 0 50 0 0 4937 0 40 0 0 90 58 49 49
4937 0 50 0 0 4937 0 40 0 0 120 63 53 53
4937 0 50 0 0 4937 0 40 0 0 150 67 56 56
4937 0 50 0 0 4937 0 40 0 0 180 69 58 58
4937 0 50 0 0 4937 0 50 0 0 0 45 38 38
4937 0 50 0 0 4937 0 50 0 0 30 47 40 40
4937 0 50 0 0 4937 0 50 0 0 60 51 44 44
4937 0 50 0 0 4937 0 50 0 0 90 57 49 49
4937 0 50 0 0 4937 0 50 0 0 120 62 53 53
4937 0 50 0 0 4937 0 50 0 0 150 66 57 57
4937 0 50 0 0 4937 0 50 0 0 180 68 59 59
4937 0 50 0 0 4937 0 60 0 0 0 44 39 39
4937 0 50 0 0 4937 0 60 0 0 30 46 41 41
4937 0 50 0 0 4937 0 60 0 0 60 50 44 44
4937 0 50 0 0 4937 0 60 0 0 90 56 49 49
4937 0 50 0 0 4937 0 60 0 0 120 60 53 53
4937 0 50 0 0 4937 0 60 0 0 150 64 57 57
4937 0 50 0 0 4937 0 60 0 0 180 66 61 61
4937 0 50 0 0 4937 0 0 0 0 0 45 42 42
4937 0 50 0 0 4937 0 0 0 0 30 47 45 45
4937 0 50 0 0 4937 0 0 0 0 60 51 49 49
4937 0 50 0 0 4937 0 0 0 0 90 56 54 54
4937 0 50 0 0 4937 0 0 0 0 120 62 59 59
4937 0 50 0 0 4937 0 0 0 0 150 67 61 61
4937 0 50 0 0 4937 0 0 0 0 180 68 58 58
4937 0 50 0 0 4937 0 10 0 0 0 45 41 41
4937 0 50 0 0 4937 0 10 0 0 30 47 43 43
4937 0 50 0 0 4937 0 10 0 0 60 51 48 48
4937 0 50 0 0 4937 0 10 0 0 90 56 53 53
4937 0 50 0 0 4937 0 10 0 0 120 62 57 57
4937 0 50 0 0 4937 0 10 0 0 150 67 60 60
4937 0 50 0 0 4937 0 10 0 0 180 68 59 59
4937 0 50 0 0 4937 0 20 0 0 0 45 39 39
4937 0 50 0 0 4937 0 20 0 0 30 47 41 41
4937 0 50 0 0 4937 0 20 0 0 60 50 45 45
4937 0 50 0 0 4937 0 20 0 0 90 56 51 51
4937 0 50 0 0 4937 0 20 0 0 120 61 55 55
4937 0 50 0 0 4937 0 20 0 0 150 67 59 59
4937 0 50 0 0 4937 0 20 0 0 180 68 59 59
4937 0 50 0 0 4937 0 30 0 0 0 45 36 36
4937 0 50 0 0 4937 0 30 0 0 30 46 37 37
4937 0 50 0 0 4937 0 30 0 0 60 50 42 42
4937 0 50 0 0 4937 0 30 0 0 90 56 47 47
4937 0 50 0 0 4937 0 30 0 0 120 61 51 51
4937 0 50 0 0 4937 0 30 0 0 150 66 56 56
4937 0 50 0 0 4937 0 30 0 0 180 68 57 57
4937 0 50 0 0 4937 0 40 0 0 0 44 36 36
4937 0 50 0 0 4937 0 40 0 0 30 45 37 37
4937 0 50 0 0 4937 0 40 0 0 60 49 41 41
4937 0 50 0 0 4937 0 40 0 0 90 55 46 46
4937 0 50 0 0 4937 0 40 0 0 120 60 50 50
4937 0 50 0 0 4937 0 40 0 0 150 65 55 55
4937 0 50 0 0 4937 0 40 0 0 180 67 57 57
4937 0 50 0 0 4937 0 50 0 0 0 43 36 36
4937 0 50 0 0 4937 0 50 0 0 30 44 38 38
4937 0 50 0 0 4937 0 50 0 0 60 49 41 41
4937 0 50 0 0 4937 0 50 0 0 90 54 46 46
4937 0 50 0 0 4937 0 50 0 0 120 60 50 50
4937 0 50 0 0 4937 0 50 0 0 150 64 55 55
4937 0 50 0 0 4937 0 50 0 0 180 66 58 58
4937 0 50 0 0 4937 0 60 0 0 0 42 37 37
4937 0 50 0 0 4937 0 60 0 0 30 43 38 38
4937 0 50 0 0 4937 0 60 0 0 60 47 42 42
4937 0 50 0 0 4937 0 60 0 0 90 53 46 46
4937 0 50 0 0 4937 0 60 0 0 120 58 51 51
4937 0 50 0 0 4937 0 60 0 0 150 63 56 56
4937 0 50 0 0 4937 0 60 0 0 180 64 59 59
4937 0 50 0 0 4937 0 0 0 0 0 43 40 40
4937 0 50 0 0 4937 0 0 0 0 30 45 43 43
4937 0 50 0 0 4937 0 0 0 0 60 49 46 46
4937 0 50 0 0 4937 0 0 0 0 90 54 51 51
4937 0 50 0 0 4937 0 0 0 0 120 59 56 56
4937 0 50 0 0 4937 0 0 0 0 150 65 59 59
4937 0 50 0 0 4937 0 0 0 0 180 67 57 57
4937 0 50 0 0 4937 0 10 0 0 0 43 39 39
4937 0 50 0 0 4937 0 10 0 0 30 45 42 42
4937 0 50 0 0 4937 0 10 0 0 60 48 45 45
4937 0 50 0 0 4937 0 10 0 0 90 53 50 50
4937 0 50 0 0 4937 0 10 0 0 120 59 55 55
4937 0 50 0 0 4937 0 10 0 0 150 65 58 58
4937 0 50 0 0 4937 0 10 0 0 180 67 57 57
4937 0 50 0 0 4937 0 20 0 0 0 43 37 37
4937 0 50 0 0 4937 0 20 0 0 30 45 39 39
4937 0 50 0 0 4937 0 20 0 0 60 48 43 43
4937 0 50 0 0 4937 0 20 0 0 90 53 47 47
4937 0 50 0 0 4937 0 20 0 0 120 59 52 52
4937 0 50 0 0 4937 0 20 0 0 150 64 57 57
4937 0 50 0 0 4937 0 20 0 0 180 66 57 57
4937 0 50 0 0 4937 0 30 0 0 0 42 34 34
4937 0 50 0 0 4937 0 30 0 0 30 44 36 36
4937 0 50 0 0 4937 0 30 0 0 60 48 40 40
4937 0 50 0 0 4937 0 30 0 0 90 53 44 44
4937 0 50 0 0 4937 0 30 0 0 120 58 49 49
4937 0 50 0 0 4937 0 30 0 0 150 64 54 54
4937 0 50 0 0 4937 0 30 0 0 180 66 56 56
4937 0 50 0 0 4937 0 40 0 0 0 42 34 34
4937 0 50 0 0 4937 0 40 0 0 30 43 35 35
4937 0 50 0 0 4937 0 40 0 0 60 47 39 39
4937 0 50 0 0 4937 0 40 0 0 90 52 43 43
4937 0 50 0 0 4937 0 40 0 0 120 58 48 48
4937 0 50 0 0 4937 0 40 0 0 150 63 53 53
4937 0 50 0 0 4937 0 40 0 0 180 65 56 56
4937 0 50 0 0 4937 0 50 0 0 0 41 34 34
4937 0 50 0 0 4937 0 50 0 0 30 42 36 36
4937 0 50 0 0 4937 0 50 0 0 60 46 39 39
4937 0 50 0 0 4937 0 50 0 0 90 52 43 43
4937 0 50 0 0 4937 0 50 0 0 120 57 48 48
4937 0 50 0 0 4937 0 50 0 0 150 62 53 53
4937 0 50 0 0 4937 0 50 0 0 180 64 57 57
4937 0 50 0 0 4937 0 60 0 0 0 40 35 35
4937 0 50 0 0 4937 0 60 0 0 30 41 36 36
4937 0 50 0 0 4937 0 60 0 0 60 45 39 39
4937 0 50 0 0 4937 0 60 0 0 90 50 43 43
4937 0 50 0 0 4937 0 60 0 0 120 55 48 48
4937 0 50 0 0 4937 0 60 0 0 150 60 54 54
4937 0 50 0 0 4937 0 60 0 0 180 62 58 58
4937 0 50 0 0 4937 0 0 0 0 0 42 40 40
4937 0 50 0 0 4937 0 0 0 0 30 43 41 41
4937 0 50 0 0 4937 0 0 0 0 60 47 44 44
4937 0 50 0 0 4937 0 0 0 0 90 51 48 48
4937 0 50 0 0 4937 0 0 0 0 120 56 53 53
4937 0 50 0 0 4937 0 0 0 0 150 63 57 57
4937 0 50 0 0 4937 0 0 0 0 180 65 55 55
4937 0 50 0 0 4937 0 10 0 0 0 41 38 38
4937 0 50 0 0 4937 0 10 0 0 30 43 40 40
4937 0 50 0 0 4937 0 10 0 0 60 46 43 43
4937 0 50 0 0 4937 0 10 0 0 90 51 47 47
4937 0 50 0 0 4937 0 10 0 0 120 56 52 52
4937 0 50 0 0 4937 0 10 0 0 150 62 56 56
4937 0 50 0 0 4937 0 10 0 0 180 65 56 56
4937 0 50 0 0 4937 0 20 0 0 0 41 35 35
4937 0 50 0 0 4937 0 20 0 0 30 43 37 37
4937 0 50 0 0 4937 0 20 0 0 60 46 40 40
4937 0 50 0 0 4937 0 20 0 0 90 51 44 44
4937 0 50 0 0 4937 0 20 0 0 120 56 49 49
4937 0 50 0 0 4937 0 20 0 0 150 62 54 54
4937 0 50 0 0 4937 0 20 0 0 180 64 54 54
4937 0 50 0 0 4937 0 30 0 0 0 40 32 32
4937 0 50 0 0 4937 0 30 0 0 30 42 35 35
4937 0 50 0 0 4937 0 30 0 0 60 46 38 38
4937 0 50 0 0 4937 0 30 0 0 90 50 42 42
4937 0 50 0 0 4937 0 30 0 0 120 55 47 47
4937 0 50 0 0 4937 0 30 0 0 150 62 53 53
4937 0 50 0 0 4937 0 30 0 0 180 64 54 54
4937 0 50 0 0 4937 0 40 0 0 0 40 32 32
4937 0 50 0 0 4937 0 40 0 0 30 41 34 34
4937 0 50 0 0 4937 0 40 0 0 60 45 37 37
4937 0 50 0 0 4937 0 40 0 0 90 50 41 41
4937 0 50 0 0 4937 0 40 0 0 120 55 46 46
4937 0 50 0 0 4937 0 40 0 0 150 61 52 52
4937 0 50 0 0 4937 0 40 0 0 180 63 55 55
4937 0 50 0 0 4937 0 50 0 0 0 39 33 33
4937 0 50 0 0 4937 0 50 0 0 30 41 34 34
4937 0 50 0 0 4937 0 50 0 0 60 44 37 37
4937 0 50 0 0 4937 0 50 0 0 90 49 40 40
4937 0 50 0 0 4937 0 50 0 0 120 54 45 45
4937 0 50 0 0 4937 0 50 0 0 150 60 51 51
4937 0 50 0 0 4937 0 50 0 0 180 62 56 56
4937 0 50 0 0 4937 0 60 0 0 0 38 33 33
4937 0 50 0 0 4937 0 60 0 0 30 39 34 34
4937 0 50 0 0 4937 0 60 0 0 60 43 37 37
4937 0 50 0 0 4937 0 60 0 0 90 47 40 40
4937 0 50 0 0 4937 0 60 0 0 120 52 45 45
4937 0 50 0 0 4937 0 60 0 0 150 58 51 51
4937 0 50 0 0 4937 0 60 0 0 180 59 57 57
4937 0 50 0 0 4937 0 0 0 0 0 40 40 40
4937 0 50 0 0 4937 0 0 0 0 30 42 41 41
4937 0 50 0 0 4937 0 0 0 0 60 45 42 42
4937 0 50 0 0 4937 0 0 0 0 90 49 45 45
4937 0 50 0 0 4937 0 0 0 0 120 53 49 49
4937 0 50 0 0 4937 0 0 0 0 150 60 54 54
4937 0 50 0 0 4937 0 0 0 0 180 63 53 53
4937 0 50 0 0 4937 0 10 0 0 0 40 37 37
4937 0 50 0 0 4937 0 10 0 0 30 42 38 38
4937 0 50 0 0 4937 0 10 0 0 60 45 40 40
4937 0 50 0 0 4937 0 10 0 0 90 48 43 43
4937 0 50 0 0 4937 0 10 0 0 120 53 48 48
4937 0 50 0 0 4937 0 10 0 0 150 60 53 53
4937 0 50 0 0 4937 0 10 0 0 180 63 53 53
4937 0 50 0 0 4937 0 20 0 0 0 40 35 35
4937 0 50 0 0 4937 0 20 0 0 30 41 36 36
4937 0 50 0 0 4937 0 20 0 0 60 44 38 38
4937 0 50 0 0 4937 0 20 0 0 90 48 41 41
4937 0 50 0 0 4937 0 20 0 0 120 53 46 46
4937 0 50 0 0 4937 0 20 0 0 150 60 52 52
4937 0 50 0 0 4937 0 20 0 0 180 62 53 53
4937 0 50 0 0 4937 0 30 0 0 0 39 33 33
4937 0 50 0 0 4937 0 30 0 0 30 41 34 34
4937 0 50 0 0 4937 0 30 0 0 60 44 36 36
4937 0 50 0 0 4937 0 30 0 0 90 48 39 39
4937 0 50 0 0 4937 0 30 0 0 120 52 44 44
4937 0 50 0 0 4937 0 30 0 0 150 59 51 51
4937 0 50 0 0 4937 0 30 0 0 180 62 53 53
4937 0 50 0 0 4937 0 40 0 0 0 38 31 31
4937 0 50 0 0 4937 0 40 0 0 30 40 33 33
4937 0 50 0 0 4937 0 40 0 0 60 43 35 35
4937 0 50 0 0 4937 0 40 0 0 90 47 38 38
4937 0 50 0 0 4937 0 40 0 0 120 52 43 43
4937 0 50 0 0 4937 0 40 0 0 150 58 50 50
4937 0 50 0 0 4937 0 40 0 0 180 61 54 54
4937 0 50 0 0 4937 0 50 0 0 0 37 31 31
4937 0 50 0 0 4937 0 50 0 0 30 40 33 33
4937 0 50 0 0 4937 0 50 0 0 60 43 35 35
4937 0 50 0 0 4937 0 50 0 0 90 46 38 38
4937 0 50 0 0 4937 0 50 0 0 120 51 42 42
4937 0 50 0 0 4937 0 50 0 0 150 57 49 49
4937 0 50 0 0 4937 0 50 0 0 180 60 54 54
4937 0 50 0 0 4937 0 60 0 0 0 37 32 32
4937 0 50 0 0 4937 0 60 0 0 30 39 33 33
4937 0 50 0 0 4937 0 60 0 0 60 41 35 35
4937 0 50 0 0 4937 0 60 0 0 90 45 37 37
4937 0 50 0 0 4937 0 60 0 0 120 49 42 42
4937 0 50 0 0 4937 0 60 0 0 150 55 49 49
4937 0 50 0 0 4937 0 60 0 0 180 57 55 55
