4937 0.4 60 0 0 4737 0.0 0 0 0 0 58.9 53.8 53.8
4937 0.4 60 0 0 4737 0.0 0 0 0 30 59.2 53.4 53.4
4937 0.4 60 0 0 4737 0.0 0 0 0 60 59.4 53.0 53.0
4937 0.4 60 0 0 4737 0.0 0 0 0 90 59.2 52.6 52.6
4937 0.4 60 0 0 4737 0.0 0 0 0 120 59.0 52.4 52.4
4937 0.4 60 0 0 4737 0.0 0 0 0 150 58.6 52.5 52.5
4937 0.4 60 0 0 4737 0.0 0 0 0 180 58.4 53.2 53.2
4937 0.4 60 0 0 4737 0.0 10 0 0 0 58.8 53.4 53.4
4937 0.4 60 0 0 4737 0.0 10 0 0 30 59.1 53.1 53.1
4937 0.4 60 0 0 4737 0.0 10 0 0 60 59.3 52.8 52.8
4937 0.4 60 0 0 4737 0.0 10 0 0 90 59.2 52.4 52.4
4937 0.4 60 0 0 4737 0.0 10 0 0 120 58.9 52.1 52.1
4937 0.4 60 0 0 4737 0.0 10 0 0 150 58.5 52.1 52.1
4937 0.4 60 0 0 4737 0.0 10 0 0 180 58.3 52.7 52.7
4937 0.4 60 0 0 4737 0.0 20 0 0 0 58.6 52.1 52.1
4937 0.4 60 0 0 4737 0.0 20 0 0 30 58.9 51.9 51.9
4937 0.4 60 0 0 4737 0.0 20 0 0 60 59.1 51.6 51.6
4937 0.4 60 0 0 4737 0.0 20 0 0 90 59.0 51.3 51.3
4937 0.4 60 0 0 4737 0.0 20 0 0 120 58.7 51.1 51.1
4937 0.4 60 0 0 4737 0.0 20 0 0 150 58.3 51.1 51.1
4937 0.4 60 0 0 4737 0.0 20 0 0 180 58.1 51.4 51.4
4937 0.4 60 0 0 4737 0.0 30 0 0 0 58.2 49.2 49.2
4937 0.4 60 0 0 4737 0.0 30 0 0 30 58.5 49.1 49.1
4937 0.4 60 0 0 4737 0.0 30 0 0 60 58.7 49.0 49.0
4937 0.4 60 0 0 4737 0.0 30 0 0 90 58.6 49.1 49.1
4937 0.4 60 0 0 4737 0.0 30 0 0 120 58.3 49.2 49.2
4937 0.4 60 0 0 4737 0.0 30 0 0 150 57.9 49.3 49.3
4937 0.4 60 0 0 4737 0.0 30 0 0 180 57.7 49.5 49.5
4937 0.4 60 0 0 4737 0.0 40 0 0 0 57.5 49.2 49.2
4937 0.4 60 0 0 4737 0.0 40 0 0 30 57.9 49.2 49.2
4937 0.4 60 0 0 4737 0.0 40 0 0 60 58.1 49.0 49.0
4937 0.4 60 0 0 4737 0.0 40 0 0 90 58.0 49.0 49.0
4937 0.4 60 0 0 4737 0.0 40 0 0 120 57.7 49.1 49.1
4937 0.4 60 0 0 4737 0.0 40 0 0 150 57.3 49.2 49.2
4937 0.4 60 0 0 4737 0.0 40 0 0 180 57.1 49.3 49.3
4937 0.4 60 0 0 4737 0.0 50 0 0 0 56.6 50.1 50.1
4937 0.4 60 0 0 4737 0.0 50 0 0 30 57.0 50.0 50.0
4937 0.4 60 0 0 4737 0.0 50 0 0 60 57.1 49.8 49.8
4937 0.4 60 0 0 4737 0.0 50 0 0 90 57.0 49.6 49.6
4937 0.4 60 0 0 4737 0.0 50 0 0 120 56.7 49.6 49.6
4937 0.4 60 0 0 4737 0.0 50 0 0 150 56.3 49.6 49.6
4937 0.4 60 0 0 4737 0.0 50 0 0 180 56.1 49.8 49.8
4937 0.4 60 0 0 4737 0.0 60 0 0 0 54.9 51.8 51.8
4937 0.4 60 0 0 4737 0.0 60 0 0 30 55.3 51.6 51.6
4937 0.4 60 0 0 4737 0.0 60 0 0 60 55.4 51.3 51.3
4937 0.4 60 0 0 4737 0.0 60 0 0 90 55.4 51.0 51.0
4937 0.4 60 0 0 4737 0.0 60 0 0 120 55.1 50.8 50.8
4937 0.4 60 0 0 4737 0.0 60 0 0 150 54.7 50.7 50.7
4937 0.4 60 0 0 4737 0.0 60 0 0 180 54.5 50.5 50.5
4937 0.4 60 0 0 4737 0.1 0 0 0 0 57.9 52.9 52.9
4937 0.4 60 0 0 4737 0.1 0 0 0 30 58.2 52.6 52.6
4937 0.4 60 0 0 4737 0.1 0 0 0 60 58.4 52.3 52.3
4937 0.4 60 0 0 4737 0.1 0 0 0 90 58.4 51.9 51.9
4937 0.4 60 0 0 4737 0.1 0 0 0 120 58.1 51.6 51.6
4937 0.4 60 0 0 4737 0.1 0 0 0 150 57.7 51.6 51.6
4937 0.4 60 0 0 4737 0.1 0 0 0 180 57.5 52.3 52.3
4937 0.4 60 0 0 4737 0.1 10 0 0 0 57.9 52.5 52.5
4937 0.4 60 0 0 4737 0.1 10 0 0 30 58.1 52.3 52.3
4937 0.4 60 0 0 4737 0.1 10 0 0 60 58.3 51.9 51.9
4937 0.4 60 0 0 4737 0.1 10 0 0 90 58.3 51.5 51.5
4937 0.4 60 0 0 4737 0.1 10 0 0 120 58.0 51.3 51.3
4937 0.4 60 0 0 4737 0.1 10 0 0 150 57.6 51.2 51.2
4937 0.4 60 0 0 4737 0.1 10 0 0 180 57.4 51.9 51.9
4937 0.4 60 0 0 4737 0.1 20 0 0 0 57.6 51.1 51.1
4937 0.4 60 0 0 4737 0.1 20 0 0 30 57.9 50.9 50.9
4937 0.4 60 0 0 4737 0.1 20 0 0 60 58.1 50.7 50.7
4937 0.4 60 0 0 4737 0.1 20 0 0 90 58.1 50.3 50.3
4937 0.4 60 0 0 4737 0.1 20 0 0 120 57.8 50.1 50.1
4937 0.4 60 0 0 4737 0.1 20 0 0 150 57.4 50.1 50.1
4937 0.4 60 0 0 4737 0.1 20 0 0 180 57.2 50.4 50.4
4937 0.4 60 0 0 4737 0.1 30 0 0 0 57.2 48.3 48.3
4937 0.4 60 0 0 4737 0.1 30 0 0 30 57.5 48.2 48.2
4937 0.4 60 0 0 4737 0.1 30 0 0 60 57.7 48.1 48.1
4937 0.4 60 0 0 4737 0.1 30 0 0 90 57.7 47.9 47.9
4937 0.4 60 0 0 4737 0.1 30 0 0 120 57.4 48.0 48.0
4937 0.4 60 0 0 4737 0.1 30 0 0 150 57.0 48.2 48.2
4937 0.4 60 0 0 4737 0.1 30 0 0 180 56.8 48.4 48.4
4937 0.4 60 0 0 4737 0.1 40 0 0 0 56.5 48.4 48.4
4937 0.4 60 0 0 4737 0.1 40 0 0 30 56.9 48.4 48.4
4937 0.4 60 0 0 4737 0.1 40 0 0 60 57.0 48.2 48.2
4937 0.4 60 0 0 4737 0.1 40 0 0 90 57.0 48.0 48.0
4937 0.4 60 0 0 4737 0.1 40 0 0 120 56.8 48.0 48.0
4937 0.4 60 0 0 4737 0.1 40 0 0 150 56.4 48.2 48.2
4937 0.4 60 0 0 4737 0.1 40 0 0 180 56.1 48.3 48.3
4937 0.4 60 0 0 4737 0.1 50 0 0 0 55.5 49.4 49.4
4937 0.4 60 0 0 4737 0.1 50 0 0 30 55.9 49.4 49.4
4937 0.4 60 0 0 4737 0.1 50 0 0 60 56.0 49.2 49.2
4937 0.4 60 0 0 4737 0.1 50 0 0 90 56.0 48.9 48.9
4937 0.4 60 0 0 4737 0.1 50 0 0 120 55.8 48.7 48.7
4937 0.4 60 0 0 4737 0.1 50 0 0 150 55.4 48.6 48.6
4937 0.4 60 0 0 4737 0.1 50 0 0 180 55.1 48.7 48.7
4937 0.4 60 0 0 4737 0.1 60 0 0 0 53.9 51.1 51.1
4937 0.4 60 0 0 4737 0.1 60 0 0 30 54.2 51.0 51.0
4937 0.4 60 0 0 4737 0.1 60 0 0 60 54.3 50.8 50.8
4937 0.4 60 0 0 4737 0.1 60 0 0 90 54.3 50.4 50.4
4937 0.4 60 0 0 4737 0.1 60 0 0 120 54.1 50.1 50.1
4937 0.4 60 0 0 4737 0.1 60 0 0 150 53.7 49.8 49.8
4937 0.4 60 0 0 4737 0.1 60 0 0 180 53.4 49.5 49.5
4937 0.4 60 0 0 4737 0.2 0 0 0 0 57.0 52.0 52.0
4937 0.4 60 0 0 4737 0.2 0 0 0 30 57.2 51.8 51.8
4937 0.4 60 0 0 4737 0.2 0 0 0 60 57.4 51.5 51.5
4937 0.4 60 0 0 4737 0.2 0 0 0 90 57.4 51.1 51.1
4937 0.4 60 0 0 4737 0.2 0 0 0 120 57.3 50.7 50.7
4937 0.4 60 0 0 4737 0.2 0 0 0 150 56.9 50.7 50.7
4937 0.4 60 0 0 4737 0.2 0 0 0 180 56.6 51.4 51.4
4937 0.4 60 0 0 4737 0.2 10 0 0 0 56.9 51.5 51.5
4937 0.4 60 0 0 4737 0.2 10 0 0 30 57.1 51.3 51.3
4937 0.4 60 0 0 4737 0.2 10 0 0 60 57.3 51.1 51.1
4937 0.4 60 0 0 4737 0.2 10 0 0 90 57.4 50.7 50.7
4937 0.4 60 0 0 4737 0.2 10 0 0 120 57.2 50.3 50.3
4937 0.4 60 0 0 4737 0.2 10 0 0 150 56.8 50.3 50.3
4937 0.4 60 0 0 4737 0.2 10 0 0 180 56.5 50.9 50.9
4937 0.4 60 0 0 4737 0.2 20 0 0 0 56.6 50.1 50.1
4937 0.4 60 0 0 4737 0.2 20 0 0 30 56.9 49.9 49.9
4937 0.4 60 0 0 4737 0.2 20 0 0 60 57.1 49.7 49.7
4937 0.4 60 0 0 4737 0.2 20 0 0 90 57.1 49.3 49.3
4937 0.4 60 0 0 4737 0.2 20 0 0 120 56.9 48.9 48.9
4937 0.4 60 0 0 4737 0.2 20 0 0 150 56.6 48.9 48.9
4937 0.4 60 0 0 4737 0.2 20 0 0 180 56.3 49.4 49.4
4937 0.4 60 0 0 4737 0.2 30 0 0 0 56.2 47.6 47.6
4937 0.4 60 0 0 4737 0.2 30 0 0 30 56.4 47.5 47.5
4937 0.4 60 0 0 4737 0.2 30 0 0 60 56.7 47.3 47.3
4937 0.4 60 0 0 4737 0.2 30 0 0 90 56.7 47.0 47.0
4937 0.4 60 0 0 4737 0.2 30 0 0 120 56.5 46.9 46.9
4937 0.4 60 0 0 4737 0.2 30 0 0 150 56.1 47.1 47.1
4937 0.4 60 0 0 4737 0.2 30 0 0 180 55.8 47.4 47.4
4937 0.4 60 0 0 4737 0.2 40 0 0 0 55.5 47.9 47.9
4937 0.4 60 0 0 4737 0.2 40 0 0 30 55.8 47.8 47.8
4937 0.4 60 0 0 4737 0.2 40 0 0 60 56.0 47.6 47.6
4937 0.4 60 0 0 4737 0.2 40 0 0 90 56.0 47.3 47.3
4937 0.4 60 0 0 4737 0.2 40 0 0 120 55.8 47.0 47.0
4937 0.4 60 0 0 4737 0.2 40 0 0 150 55.5 47.2 47.2
4937 0.4 60 0 0 4737 0.2 40 0 0 180 55.2 47.4 47.4
4937 0.4 60 0 0 4737 0.2 50 0 0 0 54.5 48.8 48.8
4937 0.4 60 0 0 4737 0.2 50 0 0 30 54.8 48.7 48.7
4937 0.4 60 0 0 4737 0.2 50 0 0 60 55.0 48.5 48.5
4937 0.4 60 0 0 4737 0.2 50 0 0 90 55.0 48.2 48.2
4937 0.4 60 0 0 4737 0.2 50 0 0 120 54.8 47.9 47.9
4937 0.4 60 0 0 4737 0.2 50 0 0 150 54.4 47.7 47.7
4937 0.4 60 0 0 4737 0.2 50 0 0 180 54.1 47.7 47.7
4937 0.4 60 0 0 4737 0.2 60 0 0 0 52.8 50.3 50.3
4937 0.4 60 0 0 4737 0.2 60 0 0 30 53.1 50.3 50.3
4937 0.4 60 0 0 4737 0.2 60 0 0 60 53.2 50.1 50.1
4937 0.4 60 0 0 4737 0.2 60 0 0 90 53.2 49.8 49.8
4937 0.4 60 0 0 4737 0.2 60 0 0 120 53.1 49.4 49.4
4937 0.4 60 0 0 4737 0.2 60 0 0 150 52.7 49.0 49.0
4937 0.4 60 0 0 4737 0.2 60 0 0 180 52.3 48.6 48.6
4937 0.4 60 0 0 4737 0.3 0 0 0 0 56.0 51.0 51.0
4937 0.4 60 0 0 4737 0.3 0 0 0 30 56.2 50.8 50.8
4937 0.4 60 0 0 4737 0.3 0 0 0 60 56.4 50.6 50.6
4937 0.4 60 0 0 4737 0.3 0 0 0 90 56.5 50.2 50.2
4937 0.4 60 0 0 4737 0.3 0 0 0 120 56.4 49.8 49.8
4937 0.4 60 0 0 4737 0.3 0 0 0 150 56.0 49.7 49.7
4937 0.4 60 0 0 4737 0.3 0 0 0 180 55.7 50.4 50.4
4937 0.4 60 0 0 4737 0.3 10 0 0 0 56.0 50.5 50.5
4937 0.4 60 0 0 4737 0.3 10 0 0 30 56.1 50.3 50.3
4937 0.4 60 0 0 4737 0.3 10 0 0 60 56.3 50.1 50.1
4937 0.4 60 0 0 4737 0.3 10 0 0 90 56.4 49.7 49.7
4937 0.4 60 0 0 4737 0.3 10 0 0 120 56.3 49.3 49.3
4937 0.4 60 0 0 4737 0.3 10 0 0 150 55.9 49.2 49.2
4937 0.4 60 0 0 4737 0.3 10 0 0 180 55.6 49.9 49.9
4937 0.4 60 0 0 4737 0.3 20 0 0 0 55.7 48.8 48.8
4937 0.4 60 0 0 4737 0.3 20 0 0 30 55.9 48.7 48.7
4937 0.4 60 0 0 4737 0.3 20 0 0 60 56.1 48.4 48.4
4937 0.4 60 0 0 4737 0.3 20 0 0 90 56.1 48.1 48.1
4937 0.4 60 0 0 4737 0.3 20 0 0 120 56.0 47.6 47.6
4937 0.4 60 0 0 4737 0.3 20 0 0 150 55.7 47.4 47.4
4937 0.4 60 0 0 4737 0.3 20 0 0 180 55.4 48.1 48.1
4937 0.4 60 0 0 4737 0.3 30 0 0 0 55.2 47.0 47.0
4937 0.4 60 0 0 4737 0.3 30 0 0 30 55.4 46.9 46.9
4937 0.4 60 0 0 4737 0.3 30 0 0 60 55.6 46.7 46.7
4937 0.4 60 0 0 4737 0.3 30 0 0 90 55.7 46.4 46.4
4937 0.4 60 0 0 4737 0.3 30 0 0 120 55.6 46.0 46.0
4937 0.4 60 0 0 4737 0.3 30 0 0 150 55.2 46.2 46.2
4937 0.4 60 0 0 4737 0.3 30 0 0 180 54.9 46.6 46.6
4937 0.4 60 0 0 4737 0.3 40 0 0 0 54.6 47.4 47.4
4937 0.4 60 0 0 4737 0.3 40 0 0 30 54.7 47.3 47.3
4937 0.4 60 0 0 4737 0.3 40 0 0 60 54.9 47.1 47.1
4937 0.4 60 0 0 4737 0.3 40 0 0 90 55.0 46.9 46.9
4937 0.4 60 0 0 4737 0.3 40 0 0 120 54.9 46.4 46.4
4937 0.4 60 0 0 4737 0.3 40 0 0 150 54.5 46.3 46.3
4937 0.4 60 0 0 4737 0.3 40 0 0 180 54.2 46.6 46.6
4937 0.4 60 0 0 4737 0.3 50 0 0 0 53.5 48.4 48.4
4937 0.4 60 0 0 4737 0.3 50 0 0 30 53.8 48.3 48.3
4937 0.4 60 0 0 4737 0.3 50 0 0 60 53.9 48.1 48.1
4937 0.4 60 0 0 4737 0.3 50 0 0 90 53.9 47.8 47.8
4937 0.4 60 0 0 4737 0.3 50 0 0 120 53.8 47.4 47.4
4937 0.4 60 0 0 4737 0.3 50 0 0 150 53.4 46.9 46.9
4937 0.4 60 0 0 4737 0.3 50 0 0 180 53.0 46.8 46.8
4937 0.4 60 0 0 4737 0.3 60 0 0 0 51.8 49.5 49.5
4937 0.4 60 0 0 4737 0.3 60 0 0 30 52.0 49.7 49.7
4937 0.4 60 0 0 4737 0.3 60 0 0 60 52.1 49.5 49.5
4937 0.4 60 0 0 4737 0.3 60 0 0 90 52.0 49.2 49.2
4937 0.4 60 0 0 4737 0.3 60 0 0 120 51.9 48.7 48.7
4937 0.4 60 0 0 4737 0.3 60 0 0 150 51.6 48.2 48.2
4937 0.4 60 0 0 4737 0.3 60 0 0 180 51.0 47.7 47.7
4937 0.4 60 0 0 4737 0.4 0 0 0 0 55.1 49.9 49.9
4937 0.4 60 0 0 4737 0.4 0 0 0 30 55.2 49.8 49.8
4937 0.4 60 0 0 4737 0.4 0 0 0 60 55.4 49.5 49.5
4937 0.4 60 0 0 4737 0.4 0 0 0 90 55.5 49.2 49.2
4937 0.4 60 0 0 4737 0.4 0 0 0 120 55.4 48.8 48.8
4937 0.4 60 0 0 4737 0.4 0 0 0 150 55.1 48.5 48.5
4937 0.4 60 0 0 4737 0.4 0 0 0 180 54.7 49.3 49.3
4937 0.4 60 0 0 4737 0.4 10 0 0 0 55.0 49.3 49.3
4937 0.4 60 0 0 4737 0.4 10 0 0 30 55.1 49.2 49.2
4937 0.4 60 0 0 4737 0.4 10 0 0 60 55.3 49.0 49.0
4937 0.4 60 0 0 4737 0.4 10 0 0 90 55.4 48.7 48.7
4937 0.4 60 0 0 4737 0.4 10 0 0 120 55.3 48.2 48.2
4937 0.4 60 0 0 4737 0.4 10 0 0 150 55.0 47.9 47.9
4937 0.4 60 0 0 4737 0.4 10 0 0 180 54.7 48.7 48.7
4937 0.4 60 0 0 4737 0.4 20 0 0 0 54.7 47.3 47.3
4937 0.4 60 0 0 4737 0.4 20 0 0 30 54.9 47.2 47.2
4937 0.4 60 0 0 4737 0.4 20 0 0 60 55.0 47.0 47.0
4937 0.4 60 0 0 4737 0.4 20 0 0 90 55.1 46.7 46.7
4937 0.4 60 0 0 4737 0.4 20 0 0 120 55.1 46.1 46.1
4937 0.4 60 0 0 4737 0.4 20 0 0 150 54.7 45.7 45.7
4937 0.4 60 0 0 4737 0.4 20 0 0 180 54.4 46.5 46.5
4937 0.4 60 0 0 4737 0.4 30 0 0 0 54.3 46.8 46.8
4937 0.4 60 0 0 4737 0.4 30 0 0 30 54.4 46.6 46.6
4937 0.4 60 0 0 4737 0.4 30 0 0 60 54.5 46.5 46.5
4937 0.4 60 0 0 4737 0.4 30 0 0 90 54.6 46.1 46.1
4937 0.4 60 0 0 4737 0.4 30 0 0 120 54.6 45.6 45.6
4937 0.4 60 0 0 4737 0.4 30 0 0 150 54.3 45.3 45.3
4937 0.4 60 0 0 4737 0.4 30 0 0 180 53.9 45.9 45.9
4937 0.4 60 0 0 4737 0.4 40 0 0 0 53.6 47.2 47.2
4937 0.4 60 0 0 4737 0.4 40 0 0 30 53.8 47.1 47.1
4937 0.4 60 0 0 4737 0.4 40 0 0 60 53.8 46.9 46.9
4937 0.4 60 0 0 4737 0.4 40 0 0 90 53.9 46.7 46.7
4937 0.4 60 0 0 4737 0.4 40 0 0 120 53.9 46.1 46.1
4937 0.4 60 0 0 4737 0.4 40 0 0 150 53.5 45.6 45.6
4937 0.4 60 0 0 4737 0.4 40 0 0 180 53.2 45.8 45.8
4937 0.4 60 0 0 4737 0.4 50 0 0 0 52.6 48.0 48.0
4937 0.4 60 0 0 4737 0.4 50 0 0 30 52.7 47.9 47.9
4937 0.4 60 0 0 4737 0.4 50 0 0 60 52.8 47.8 47.8
4937 0.4 60 0 0 4737 0.4 50 0 0 90 52.9 47.5 47.5
4937 0.4 60 0 0 4737 0.4 50 0 0 120 52.8 47.0 47.0
4937 0.4 60 0 0 4737 0.4 50 0 0 150 52.4 46.5 46.5
4937 0.4 60 0 0 4737 0.4 50 0 0 180 51.9 46.0 46.0
4937 0.4 60 0 0 4737 0.4 60 0 0 0 50.5 48.8 48.8
4937 0.4 60 0 0 4737 0.4 60 0 0 30 50.6 48.9 48.9
4937 0.4 60 0 0 4737 0.4 60 0 0 60 50.8 49.0 49.0
4937 0.4 60 0 0 4737 0.4 60 0 0 90 50.8 48.8 48.8
4937 0.4 60 0 0 4737 0.4 60 0 0 120 50.6 48.3 48.3
4937 0.4 60 0 0 4737 0.4 60 0 0 150 50.3 47.6 47.6
4937 0.4 60 0 0 4737 0.4 60 0 0 180 49.5 46.8 46.8
4937 0.4 60 0 0 4737 0.5 0 0 0 0 54.1 48.3 48.3
4937 0.4 60 0 0 4737 0.5 0 0 0 30 54.2 48.3 48.3
4937 0.4 60 0 0 4737 0.5 0 0 0 60 54.3 48.1 48.1
4937 0.4 60 0 0 4737 0.5 0 0 0 90 54.4 47.9 47.9
4937 0.4 60 0 0 4737 0.5 0 0 0 120 54.4 47.4 47.4
4937 0.4 60 0 0 4737 0.5 0 0 0 150 54.1 47.0 47.0
4937 0.4 60 0 0 4737 0.5 0 0 0 180 53.8 47.7 47.7
4937 0.4 60 0 0 4737 0.5 10 0 0 0 54.0 47.7 47.7
4937 0.4 60 0 0 4737 0.5 10 0 0 30 54.1 47.5 47.5
4937 0.4 60 0 0 4737 0.5 10 0 0 60 54.2 47.4 47.4
4937 0.4 60 0 0 4737 0.5 10 0 0 90 54.3 47.1 47.1
4937 0.4 60 0 0 4737 0.5 10 0 0 120 54.3 46.6 46.6
4937 0.4 60 0 0 4737 0.5 10 0 0 150 54.0 46.0 46.0
4937 0.4 60 0 0 4737 0.5 10 0 0 180 53.7 46.8 46.8
4937 0.4 60 0 0 4737 0.5 20 0 0 0 53.8 46.8 46.8
4937 0.4 60 0 0 4737 0.5 20 0 0 30 53.9 46.7 46.7
4937 0.4 60 0 0 4737 0.5 20 0 0 60 53.9 46.6 46.6
4937 0.4 60 0 0 4737 0.5 20 0 0 90 54.0 46.3 46.3
4937 0.4 60 0 0 4737 0.5 20 0 0 120 54.0 45.7 45.7
4937 0.4 60 0 0 4737 0.5 20 0 0 150 53.8 44.9 44.9
4937 0.4 60 0 0 4737 0.5 20 0 0 180 53.4 45.7 45.7
4937 0.4 60 0 0 4737 0.5 30 0 0 0 53.3 46.7 46.7
4937 0.4 60 0 0 4737 0.5 30 0 0 30 53.4 46.6 46.6
4937 0.4 60 0 0 4737 0.5 30 0 0 60 53.5 46.5 46.5
4937 0.4 60 0 0 4737 0.5 30 0 0 90 53.5 46.2 46.2
4937 0.4 60 0 0 4737 0.5 30 0 0 120 53.5 45.7 45.7
4937 0.4 60 0 0 4737 0.5 30 0 0 150 53.3 44.9 44.9
4937 0.4 60 0 0 4737 0.5 30 0 0 180 52.8 45.4 45.4
4937 0.4 60 0 0 4737 0.5 40 0 0 0 52.6 47.1 47.1
4937 0.4 60 0 0 4737 0.5 40 0 0 30 52.8 47.0 47.0
4937 0.4 60 0 0 4737 0.5 40 0 0 60 52.8 46.9 46.9
4937 0.4 60 0 0 4737 0.5 40 0 0 90 52.8 46.6 46.6
4937 0.4 60 0 0 4737 0.5 40 0 0 120 52.8 46.1 46.1
4937 0.4 60 0 0 4737 0.5 40 0 0 150 52.5 45.4 45.4
4937 0.4 60 0 0 4737 0.5 40 0 0 180 52.0 45.2 45.2
4937 0.4 60 0 0 4737 0.5 50 0 0 0 51.5 47.7 47.7
4937 0.4 60 0 0 4737 0.5 50 0 0 30 51.7 47.7 47.7
4937 0.4 60 0 0 4737 0.5 50 0 0 60 51.7 47.6 47.6
4937 0.4 60 0 0 4737 0.5 50 0 0 90 51.8 47.3 47.3
4937 0.4 60 0 0 4737 0.5 50 0 0 120 51.6 46.8 46.8
4937 0.4 60 0 0 4737 0.5 50 0 0 150 51.4 46.1 46.1
4937 0.4 60 0 0 4737 0.5 50 0 0 180 50.6 45.3 45.3
4937 0.4 60 0 0 4737 0.5 60 0 0 0 49.5 48.2 48.2
4937 0.4 60 0 0 4737 0.5 60 0 0 30 49.7 48.3 48.3
4937 0.4 60 0 0 4737 0.5 60 0 0 60 49.8 48.3 48.3
4937 0.4 60 0 0 4737 0.5 60 0 0 90 49.9 48.3 48.3
4937 0.4 60 0 0 4737 0.5 60 0 0 120 49.6 47.9 47.9
4937 0.4 60 0 0 4737 0.5 60 0 0 150 49.4 47.1 47.1
4937 0.4 60 0 0 4737 0.5 60 0 0 180 48.3 46.0 46.0
4937 0.4 60 0 0 4937 0.0 0 0 0 0 46.9 44.7 44.7
4937 0.4 60 0 0 4937 0.0 0 0 0 30 49.0 48.6 48.6
4937 0.4 60 0 0 4937 0.0 0 0 0 60 54.0 53.8 53.8
4937 0.4 60 0 0 4937 0.0 0 0 0 90 60.4 59.4 59.4
4937 0.4 60 0 0 4937 0.0 0 0 0 120 65.5 63.5 63.5
4937 0.4 60 0 0 4937 0.0 0 0 0 150 68.9 62.8 62.8
4937 0.4 60 0 0 4937 0.0 0 0 0 180 70.4 60.5 60.5
4937 0.4 60 0 0 4937 0.0 10 0 0 0 46.9 43.5 43.5
4937 0.4 60 0 0 4937 0.0 10 0 0 30 49.0 47.3 47.3
4937 0.4 60 0 0 4937 0.0 10 0 0 60 53.9 52.8 52.8
4937 0.4 60 0 0 4937 0.0 10 0 0 90 60.3 58.6 58.6
4937 0.4 60 0 0 4937 0.0 10 0 0 120 65.5 63.2 63.2
4937 0.4 60 0 0 4937 0.0 10 0 0 150 68.9 63.2 63.2
4937 0.4 60 0 0 4937 0.0 10 0 0 180 70.3 61.2 61.2
4937 0.4 60 0 0 4937 0.0 20 0 0 0 46.7 41.6 41.6
4937 0.4 60 0 0 4937 0.0 20 0 0 30 48.7 45.1 45.1
4937 0.4 60 0 0 4937 0.0 20 0 0 60 53.6 50.8 50.8
4937 0.4 60 0 0 4937 0.0 20 0 0 90 60.1 57.0 57.0
4937 0.4 60 0 0 4937 0.0 20 0 0 120 65.3 61.3 61.3
4937 0.4 60 0 0 4937 0.0 20 0 0 150 68.7 62.7 62.7
4937 0.4 60 0 0 4937 0.0 20 0 0 180 70.2 61.2 61.2
4937 0.4 60 0 0 4937 0.0 30 0 0 0 46.3 38.3 38.3
4937 0.4 60 0 0 4937 0.0 30 0 0 30 48.2 41.2 41.2
4937 0.4 60 0 0 4937 0.0 30 0 0 60 53.2 47.2 47.2
4937 0.4 60 0 0 4937 0.0 30 0 0 90 59.8 53.5 53.5
4937 0.4 60 0 0 4937 0.0 30 0 0 120 64.9 57.6 57.6
4937 0.4 60 0 0 4937 0.0 30 0 0 150 68.2 59.7 59.7
4937 0.4 60 0 0 4937 0.0 30 0 0 180 69.8 59.7 59.7
4937 0.4 60 0 0 4937 0.0 40 0 0 0 45.8 38.2 38.2
4937 0.4 60 0 0 4937 0.0 40 0 0 30 47.5 40.4 40.4
4937 0.4 60 0 0 4937 0.0 40 0 0 60 52.6 46.5 46.5
4937 0.4 60 0 0 4937 0.0 40 0 0 90 59.3 53.0 53.0
4937 0.4 60 0 0 4937 0.0 40 0 0 120 64.3 57.0 57.0
4937 0.4 60 0 0 4937 0.0 40 0 0 150 67.6 59.4 59.4
4937 0.4 60 0 0 4937 0.0 40 0 0 180 69.3 59.8 59.8
4937 0.4 60 0 0 4937 0.0 50 0 0 0 45.0 38.5 38.5
4937 0.4 60 0 0 4937 0.0 50 0 0 30 46.6 40.8 40.8
4937 0.4 60 0 0 4937 0.0 50 0 0 60 51.8 46.8 46.8
4937 0.4 60 0 0 4937 0.0 50 0 0 90 58.5 53.2 53.2
4937 0.4 60 0 0 4937 0.0 50 0 0 120 63.3 57.2 57.2
4937 0.4 60 0 0 4937 0.0 50 0 0 150 66.5 59.9 59.9
4937 0.4 60 0 0 4937 0.0 50 0 0 180 68.3 60.7 60.7
4937 0.4 60 0 0 4937 0.0 60 0 0 0 43.9 39.3 39.3
4937 0.4 60 0 0 4937 0.0 60 0 0 30 45.1 41.6 41.6
4937 0.4 60 0 0 4937 0.0 60 0 0 60 50.4 47.5 47.5
4937 0.4 60 0 0 4937 0.0 60 0 0 90 57.2 54.0 54.0
4937 0.4 60 0 0 4937 0.0 60 0 0 120 61.6 58.3 58.3
4937 0.4 60 0 0 4937 0.0 60 0 0 150 64.6 61.3 61.3
4937 0.4 60 0 0 4937 0.0 60 0 0 180 66.5 62.5 62.5
4937 0.4 60 0 0 4937 0.1 0 0 0 0 45.1 43.6 43.6
4937 0.4 60 0 0 4937 0.1 0 0 0 30 47.1 46.7 46.7
4937 0.4 60 0 0 4937 0.1 0 0 0 60 51.7 51.3 51.3
4937 0.4 60 0 0 4937 0.1 0 0 0 90 57.7 56.8 56.8
4937 0.4 60 0 0 4937 0.1 0 0 0 120 63.2 62.1 62.1
4937 0.4 60 0 0 4937 0.1 0 0 0 150 67.4 62.4 62.4
4937 0.4 60 0 0 4937 0.1 0 0 0 180 69.1 59.5 59.5
4937 0.4 60 0 0 4937 0.1 10 0 0 0 45.0 42.1 42.1
4937 0.4 60 0 0 4937 0.1 10 0 0 30 47.0 45.4 45.4
4937 0.4 60 0 0 4937 0.1 10 0 0 60 51.6 50.2 50.2
4937 0.4 60 0 0 4937 0.1 10 0 0 90 57.6 55.9 55.9
4937 0.4 60 0 0 4937 0.1 10 0 0 120 63.1 61.4 61.4
4937 0.4 60 0 0 4937 0.1 10 0 0 150 67.4 62.7 62.7
4937 0.4 60 0 0 4937 0.1 10 0 0 180 69.1 60.2 60.2
4937 0.4 60 0 0 4937 0.1 20 0 0 0 44.8 40.0 40.0
4937 0.4 60 0 0 4937 0.1 20 0 0 30 46.7 43.2 43.2
4937 0.4 60 0 0 4937 0.1 20 0 0 60 51.3 48.2 48.2
4937 0.4 60 0 0 4937 0.1 20 0 0 90 57.4 54.2 54.2
4937 0.4 60 0 0 4937 0.1 20 0 0 120 63.0 59.4 59.4
4937 0.4 60 0 0 4937 0.1 20 0 0 150 67.1 61.9 61.9
4937 0.4 60 0 0 4937 0.1 20 0 0 180 68.9 60.2 60.2
4937 0.4 60 0 0 4937 0.1 30 0 0 0 44.3 36.3 36.3
4937 0.4 60 0 0 4937 0.1 30 0 0 30 46.2 39.3 39.3
4937 0.4 60 0 0 4937 0.1 30 0 0 60 50.9 44.6 44.6
4937 0.4 60 0 0 4937 0.1 30 0 0 90 57.1 50.7 50.7
4937 0.4 60 0 0 4937 0.1 30 0 0 120 62.6 55.5 55.5
4937 0.4 60 0 0 4937 0.1 30 0 0 150 66.7 58.6 58.6
4937 0.4 60 0 0 4937 0.1 30 0 0 180 68.5 58.8 58.8
4937 0.4 60 0 0 4937 0.1 40 0 0 0 43.7 36.2 36.2
4937 0.4 60 0 0 4937 0.1 40 0 0 30 45.4 38.4 38.4
4937 0.4 60 0 0 4937 0.1 40 0 0 60 50.3 43.9 43.9
4937 0.4 60 0 0 4937 0.1 40 0 0 90 56.6 50.0 50.0
4937 0.4 60 0 0 4937 0.1 40 0 0 120 62.0 54.7 54.7
4937 0.4 60 0 0 4937 0.1 40 0 0 150 66.0 58.1 58.1
4937 0.4 60 0 0 4937 0.1 40 0 0 180 68.0 59.4 59.4
4937 0.4 60 0 0 4937 0.1 50 0 0 0 42.8 36.6 36.6
4937 0.4 60 0 0 4937 0.1 50 0 0 30 44.3 38.6 38.6
4937 0.4 60 0 0 4937 0.1 50 0 0 60 49.4 43.9 43.9
4937 0.4 60 0 0 4937 0.1 50 0 0 90 55.9 50.0 50.0
4937 0.4 60 0 0 4937 0.1 50 0 0 120 61.0 54.9 54.9
4937 0.4 60 0 0 4937 0.1 50 0 0 150 64.9 58.6 58.6
4937 0.4 60 0 0 4937 0.1 50 0 0 180 67.0 60.6 60.6
4937 0.4 60 0 0 4937 0.1 60 0 0 0 41.4 37.4 37.4
4937 0.4 60 0 0 4937 0.1 60 0 0 30 42.8 39.4 39.4
4937 0.4 60 0 0 4937 0.1 60 0 0 60 48.1 44.5 44.5
4937 0.4 60 0 0 4937 0.1 60 0 0 90 54.5 50.6 50.6
4937 0.4 60 0 0 4937 0.1 60 0 0 120 59.3 55.7 55.7
4937 0.4 60 0 0 4937 0.1 60 0 0 150 63.1 59.7 59.7
4937 0.4 60 0 0 4937 0.1 60 0 0 180 65.2 62.2 62.2
4937 0.4 60 0 0 4937 0.2 0 0 0 0 43.3 42.9 42.9
4937 0.4 60 0 0 4937 0.2 0 0 0 30 45.2 45.0 45.0
4937 0.4 60 0 0 4937 0.2 0 0 0 60 49.5 48.9 48.9
4937 0.4 60 0 0 4937 0.2 0 0 0 90 55.1 54.0 54.0
4937 0.4 60 0 0 4937 0.2 0 0 0 120 60.7 60.1 60.1
4937 0.4 60 0 0 4937 0.2 0 0 0 150 65.7 61.6 61.6
4937 0.4 60 0 0 4937 0.2 0 0 0 180 67.7 58.3 58.3
4937 0.4 60 0 0 4937 0.2 10 0 0 0 43.2 41.1 41.1
4937 0.4 60 0 0 4937 0.2 10 0 0 30 45.1 43.6 43.6
4937 0.4 60 0 0 4937 0.2 10 0 0 60 49.4 47.8 47.8
4937 0.4 60 0 0 4937 0.2 10 0 0 90 55.0 53.1 53.1
4937 0.4 60 0 0 4937 0.2 10 0 0 120 60.6 59.2 59.2
4937 0.4 60 0 0 4937 0.2 10 0 0 150 65.6 61.5 61.5
4937 0.4 60 0 0 4937 0.2 10 0 0 180 67.6 59.0 59.0
4937 0.4 60 0 0 4937 0.2 20 0 0 0 42.9 38.6 38.6
4937 0.4 60 0 0 4937 0.2 20 0 0 30 44.8 41.3 41.3
4937 0.4 60 0 0 4937 0.2 20 0 0 60 49.1 45.7 45.7
4937 0.4 60 0 0 4937 0.2 20 0 0 90 54.8 51.2 51.2
4937 0.4 60 0 0 4937 0.2 20 0 0 120 60.4 57.0 57.0
4937 0.4 60 0 0 4937 0.2 20 0 0 150 65.4 60.4 60.4
4937 0.4 60 0 0 4937 0.2 20 0 0 180 67.4 58.9 58.9
4937 0.4 60 0 0 4937 0.2 30 0 0 0 42.4 34.8 34.8
4937 0.4 60 0 0 4937 0.2 30 0 0 30 44.2 37.5 37.5
4937 0.4 60 0 0 4937 0.2 30 0 0 60 48.7 42.1 42.1
4937 0.4 60 0 0 4937 0.2 30 0 0 90 54.5 47.8 47.8
4937 0.4 60 0 0 4937 0.2 30 0 0 120 60.1 53.3 53.3
4937 0.4 60 0 0 4937 0.2 30 0 0 150 64.9 57.4 57.4
4937 0.4 60 0 0 4937 0.2 30 0 0 180 67.0 58.0 58.0
4937 0.4 60 0 0 4937 0.2 40 0 0 0 41.6 34.2 34.2
4937 0.4 60 0 0 4937 0.2 40 0 0 30 43.4 36.7 36.7
4937 0.4 60 0 0 4937 0.2 40 0 0 60 48.1 41.4 41.4
4937 0.4 60 0 0 4937 0.2 40 0 0 90 54.0 47.0 47.0
4937 0.4 60 0 0 4937 0.2 40 0 0 120 59.5 52.4 52.4
4937 0.4 60 0 0 4937 0.2 40 0 0 150 64.2 56.8 56.8
4937 0.4 60 0 0 4937 0.2 40 0 0 180 66.4 58.9 58.9
4937 0.4 60 0 0 4937 0.2 50 0 0 0 40.5 34.7 34.7
4937 0.4 60 0 0 4937 0.2 50 0 0 30 42.3 36.6 36.6
4937 0.4 60 0 0 4937 0.2 50 0 0 60 47.2 41.4 41.4
4937 0.4 60 0 0 4937 0.2 50 0 0 90 53.2 47.0 47.0
4937 0.4 60 0 0 4937 0.2 50 0 0 120 58.5 52.4 52.4
4937 0.4 60 0 0 4937 0.2 50 0 0 150 63.1 57.0 57.0
4937 0.4 60 0 0 4937 0.2 50 0 0 180 65.3 60.0 60.0
4937 0.4 60 0 0 4937 0.2 60 0 0 0 39.0 35.4 35.4
4937 0.4 60 0 0 4937 0.2 60 0 0 30 40.6 37.3 37.3
4937 0.4 60 0 0 4937 0.2 60 0 0 60 45.9 41.7 41.7
4937 0.4 60 0 0 4937 0.2 60 0 0 90 51.9 47.4 47.4
4937 0.4 60 0 0 4937 0.2 60 0 0 120 56.8 53.0 53.0
4937 0.4 60 0 0 4937 0.2 60 0 0 150 61.2 57.9 57.9
4937 0.4 60 0 0 4937 0.2 60 0 0 180 63.5 61.5 61.5
4937 0.4 60 0 0 4937 0.3 0 0 0 0 41.9 42.6 42.6
4937 0.4 60 0 0 4937 0.3 0 0 0 30 43.6 43.9 43.9
4937 0.4 60 0 0 4937 0.3 0 0 0 60 47.4 46.4 46.4
4937 0.4 60 0 0 4937 0.3 0 0 0 90 52.6 51.1 51.1
4937 0.4 60 0 0 4937 0.3 0 0 0 120 58.0 57.5 57.5
4937 0.4 60 0 0 4937 0.3 0 0 0 150 63.7 60.2 60.2
4937 0.4 60 0 0 4937 0.3 0 0 0 180 66.1 57.1 57.1
4937 0.4 60 0 0 4937 0.3 10 0 0 0 41.8 40.5 40.5
4937 0.4 60 0 0 4937 0.3 10 0 0 30 43.5 42.3 42.3
4937 0.4 60 0 0 4937 0.3 10 0 0 60 47.3 45.3 45.3
4937 0.4 60 0 0 4937 0.3 10 0 0 90 52.5 50.1 50.1
4937 0.4 60 0 0 4937 0.3 10 0 0 120 58.0 56.5 56.5
4937 0.4 60 0 0 4937 0.3 10 0 0 150 63.7 59.9 59.9
4937 0.4 60 0 0 4937 0.3 10 0 0 180 66.0 57.8 57.8
4937 0.4 60 0 0 4937 0.3 20 0 0 0 41.4 37.6 37.6
4937 0.4 60 0 0 4937 0.3 20 0 0 30 43.1 39.7 39.7
4937 0.4 60 0 0 4937 0.3 20 0 0 60 47.0 43.1 43.1
4937 0.4 60 0 0 4937 0.3 20 0 0 90 52.2 48.1 48.1
4937 0.4 60 0 0 4937 0.3 20 0 0 120 57.8 54.1 54.1
4937 0.4 60 0 0 4937 0.3 20 0 0 150 63.4 58.6 58.6
4937 0.4 60 0 0 4937 0.3 20 0 0 180 65.8 57.5 57.5
4937 0.4 60 0 0 4937 0.3 30 0 0 0 40.7 34.0 34.0
4937 0.4 60 0 0 4937 0.3 30 0 0 30 42.5 36.3 36.3
4937 0.4 60 0 0 4937 0.3 30 0 0 60 46.6 40.1 40.1
4937 0.4 60 0 0 4937 0.3 30 0 0 90 51.9 45.1 45.1
4937 0.4 60 0 0 4937 0.3 30 0 0 120 57.4 50.9 50.9
4937 0.4 60 0 0 4937 0.3 30 0 0 150 63.0 56.0 56.0
4937 0.4 60 0 0 4937 0.3 30 0 0 180 65.3 57.0 57.0
4937 0.4 60 0 0 4937 0.3 40 0 0 0 39.7 32.7 32.7
4937 0.4 60 0 0 4937 0.3 40 0 0 30 41.7 35.2 35.2
4937 0.4 60 0 0 4937 0.3 40 0 0 60 46.0 39.3 39.3
4937 0.4 60 0 0 4937 0.3 40 0 0 90 51.4 44.3 44.3
4937 0.4 60 0 0 4937 0.3 40 0 0 120 56.8 50.0 50.0
4937 0.4 60 0 0 4937 0.3 40 0 0 150 62.2 55.3 55.3
4937 0.4 60 0 0 4937 0.3 40 0 0 180 64.6 57.9 57.9
4937 0.4 60 0 0 4937 0.3 50 0 0 0 38.4 32.8 32.8
4937 0.4 60 0 0 4937 0.3 50 0 0 30 40.6 35.0 35.0
4937 0.4 60 0 0 4937 0.3 50 0 0 60 45.2 39.0 39.0
4937 0.4 60 0 0 4937 0.3 50 0 0 90 50.6 44.0 44.0
4937 0.4 60 0 0 4937 0.3 50 0 0 120 55.8 49.7 49.7
4937 0.4 60 0 0 4937 0.3 50 0 0 150 61.1 55.3 55.3
4937 0.4 60 0 0 4937 0.3 50 0 0 180 63.5 59.0 59.0
4937 0.4 60 0 0 4937 0.3 60 0 0 0 36.6 33.5 33.5
4937 0.4 60 0 0 4937 0.3 60 0 0 30 39.2 35.4 35.4
4937 0.4 60 0 0 4937 0.3 60 0 0 60 43.8 39.2 39.2
4937 0.4 60 0 0 4937 0.3 60 0 0 90 49.2 44.2 44.2
4937 0.4 60 0 0 4937 0.3 60 0 0 120 54.0 50.1 50.1
4937 0.4 60 0 0 4937 0.3 60 0 0 150 59.1 55.9 55.9
4937 0.4 60 0 0 4937 0.3 60 0 0 180 61.5 60.4 60.4
4937 0.4 60 0 0 4937 0.4 0 0 0 0 40.9 42.4 42.4
4937 0.4 60 0 0 4937 0.4 0 0 0 30 42.4 43.4 43.4
4937 0.4 60 0 0 4937 0.4 0 0 0 60 45.6 44.9 44.9
4937 0.4 60 0 0 4937 0.4 0 0 0 90 50.1 48.1 48.1
4937 0.4 60 0 0 4937 0.4 0 0 0 120 55.3 54.4 54.4
4937 0.4 60 0 0 4937 0.4 0 0 0 150 61.6 58.3 58.3
4937 0.4 60 0 0 4937 0.4 0 0 0 180 64.3 55.8 55.8
4937 0.4 60 0 0 4937 0.4 10 0 0 0 40.8 40.2 40.2
4937 0.4 60 0 0 4937 0.4 10 0 0 30 42.3 41.4 41.4
4937 0.4 60 0 0 4937 0.4 10 0 0 60 45.4 43.4 43.4
4937 0.4 60 0 0 4937 0.4 10 0 0 90 50.0 47.1 47.1
4937 0.4 60 0 0 4937 0.4 10 0 0 120 55.2 53.4 53.4
4937 0.4 60 0 0 4937 0.4 10 0 0 150 61.5 57.9 57.9
4937 0.4 60 0 0 4937 0.4 10 0 0 180 64.3 56.4 56.4
4937 0.4 60 0 0 4937 0.4 20 0 0 0 40.3 36.6 36.6
4937 0.4 60 0 0 4937 0.4 20 0 0 30 41.9 38.1 38.1
4937 0.4 60 0 0 4937 0.4 20 0 0 60 45.2 40.4 40.4
4937 0.4 60 0 0 4937 0.4 20 0 0 90 49.8 44.5 44.5
4937 0.4 60 0 0 4937 0.4 20 0 0 120 55.0 50.4 50.4
4937 0.4 60 0 0 4937 0.4 20 0 0 150 61.2 55.9 55.9
4937 0.4 60 0 0 4937 0.4 20 0 0 180 64.0 55.5 55.5
4937 0.4 60 0 0 4937 0.4 30 0 0 0 39.6 33.9 33.9
4937 0.4 60 0 0 4937 0.4 30 0 0 30 41.4 35.7 35.7
4937 0.4 60 0 0 4937 0.4 30 0 0 60 44.7 38.4 38.4
4937 0.4 60 0 0 4937 0.4 30 0 0 90 49.4 42.6 42.6
4937 0.4 60 0 0 4937 0.4 30 0 0 120 54.6 48.4 48.4
4937 0.4 60 0 0 4937 0.4 30 0 0 150 60.8 54.5 54.5
4937 0.4 60 0 0 4937 0.4 30 0 0 180 63.5 55.9 55.9
4937 0.4 60 0 0 4937 0.4 40 0 0 0 38.5 32.6 32.6
4937 0.4 60 0 0 4937 0.4 40 0 0 30 40.6 34.5 34.5
4937 0.4 60 0 0 4937 0.4 40 0 0 60 44.1 37.4 37.4
4937 0.4 60 0 0 4937 0.4 40 0 0 90 48.8 41.7 41.7
4937 0.4 60 0 0 4937 0.4 40 0 0 120 54.0 47.5 47.5
4937 0.4 60 0 0 4937 0.4 40 0 0 150 60.0 53.8 53.8
4937 0.4 60 0 0 4937 0.4 40 0 0 180 62.7 56.8 56.8
4937 0.4 60 0 0 4937 0.4 50 0 0 0 37.0 31.7 31.7
4937 0.4 60 0 0 4937 0.4 50 0 0 30 39.6 33.8 33.8
4937 0.4 60 0 0 4937 0.4 50 0 0 60 43.3 37.0 37.0
4937 0.4 60 0 0 4937 0.4 50 0 0 90 48.0 41.2 41.2
4937 0.4 60 0 0 4937 0.4 50 0 0 120 52.9 47.0 47.0
4937 0.4 60 0 0 4937 0.4 50 0 0 150 58.8 53.5 53.5
4937 0.4 60 0 0 4937 0.4 50 0 0 180 61.5 57.8 57.8
4937 0.4 60 0 0 4937 0.4 60 0 0 0 34.8 31.6 31.6
4937 0.4 60 0 0 4937 0.4 60 0 0 30 37.9 33.8 33.8
4937 0.4 60 0 0 4937 0.4 60 0 0 60 41.6 36.9 36.9
4937 0.4 60 0 0 4937 0.4 60 0 0 90 46.3 41.2 41.2
4937 0.4 60 0 0 4937 0.4 60 0 0 120 50.8 47.0 47.0
4937 0.4 60 0 0 4937 0.4 60 0 0 150 56.5 53.8 53.8
4937 0.4 60 0 0 4937 0.4 60 0 0 180 59.1 59.0 59.0
4937 0.4 60 0 0 4937 0.5 0 0 0 0 40.7 42.2 42.2
4937 0.4 60 0 0 4937 0.5 0 0 0 30 41.9 43.0 43.0
4937 0.4 60 0 0 4937 0.5 0 0 0 60 44.1 44.2 44.2
4937 0.4 60 0 0 4937 0.5 0 0 0 90 47.8 46.0 46.0
4937 0.4 60 0 0 4937 0.5 0 0 0 120 52.4 50.8 50.8
4937 0.4 60 0 0 4937 0.5 0 0 0 150 59.1 55.9 55.9
4937 0.4 60 0 0 4937 0.5 0 0 0 180 62.5 54.1 54.1
4937 0.4 60 0 0 4937 0.5 10 0 0 0 40.5 39.7 39.7
4937 0.4 60 0 0 4937 0.5 10 0 0 30 41.8 40.8 40.8
4937 0.4 60 0 0 4937 0.5 10 0 0 60 44.0 42.2 42.2
4937 0.4 60 0 0 4937 0.5 10 0 0 90 47.7 44.5 44.5
4937 0.4 60 0 0 4937 0.5 10 0 0 120 52.3 49.4 49.4
4937 0.4 60 0 0 4937 0.5 10 0 0 150 59.0 55.1 55.1
4937 0.4 60 0 0 4937 0.5 10 0 0 180 62.4 54.3 54.3
4937 0.4 60 0 0 4937 0.5 20 0 0 0 40.2 36.9 36.9
4937 0.4 60 0 0 4937 0.5 20 0 0 30 41.4 38.1 38.1
4937 0.4 60 0 0 4937 0.5 20 0 0 60 43.7 39.6 39.6
4937 0.4 60 0 0 4937 0.5 20 0 0 90 47.4 42.2 42.2
4937 0.4 60 0 0 4937 0.5 20 0 0 120 52.1 47.3 47.3
4937 0.4 60 0 0 4937 0.5 20 0 0 150 58.7 53.8 53.8
4937 0.4 60 0 0 4937 0.5 20 0 0 180 62.1 53.9 53.9
4937 0.4 60 0 0 4937 0.5 30 0 0 0 39.6 34.8 34.8
4937 0.4 60 0 0 4937 0.5 30 0 0 30 40.9 36.0 36.0
4937 0.4 60 0 0 4937 0.5 30 0 0 60 43.2 37.6 37.6
4937 0.4 60 0 0 4937 0.5 30 0 0 90 47.0 40.4 40.4
4937 0.4 60 0 0 4937 0.5 30 0 0 120 51.7 45.7 45.7
4937 0.4 60 0 0 4937 0.5 30 0 0 150 58.2 52.8 52.8
4937 0.4 60 0 0 4937 0.5 30 0 0 180 61.5 54.7 54.7
4937 0.4 60 0 0 4937 0.5 40 0 0 0 38.8 33.5 33.5
4937 0.4 60 0 0 4937 0.5 40 0 0 30 40.1 34.6 34.6
4937 0.4 60 0 0 4937 0.5 40 0 0 60 42.4 36.4 36.4
4937 0.4 60 0 0 4937 0.5 40 0 0 90 46.3 39.4 39.4
4937 0.4 60 0 0 4937 0.5 40 0 0 120 51.0 44.7 44.7
4937 0.4 60 0 0 4937 0.5 40 0 0 150 57.4 52.0 52.0
4937 0.4 60 0 0 4937 0.5 40 0 0 180 60.7 55.7 55.7
4937 0.4 60 0 0 4937 0.5 50 0 0 0 37.9 32.7 32.7
4937 0.4 60 0 0 4937 0.5 50 0 0 30 39.0 33.6 33.6
4937 0.4 60 0 0 4937 0.5 50 0 0 60 41.5 35.4 35.4
4937 0.4 60 0 0 4937 0.5 50 0 0 90 45.4 38.7 38.7
4937 0.4 60 0 0 4937 0.5 50 0 0 120 49.9 44.2 44.2
4937 0.4 60 0 0 4937 0.5 50 0 0 150 56.1 51.6 51.6
4937 0.4 60 0 0 4937 0.5 50 0 0 180 59.3 56.5 56.5
4937 0.4 60 0 0 4937 0.5 60 0 0 0 36.7 32.4 32.4
4937 0.4 60 0 0 4937 0.5 60 0 0 30 37.5 32.9 32.9
4937 0.4 60 0 0 4937 0.5 60 0 0 60 39.9 34.8 34.8
4937 0.4 60 0 0 4937 0.5 60 0 0 90 43.7 38.3 38.3
4937 0.4 60 0 0 4937 0.5 60 0 0 120 47.8 43.8 43.8
4937 0.4 60 0 0 4937 0.5 60 0 0 150 53.9 51.5 51.5
4937 0.4 60 0 0 4937 0.5 60 0 0 180 56.9 57.5 57.5
