5137 0.0 60 0 0 4737 0.0 0 0 0 0 59.1 54.2 54.2
5137 0.0 60 0 0 4737 0.0 0 0 0 30 59.3 54.2 54.2
5137 0.0 60 0 0 4737 0.0 0 0 0 60 59.5 54.2 54.2
5137 0.0 60 0 0 4737 0.0 0 0 0 90 59.4 54.3 54.3
5137 0.0 60 0 0 4737 0.0 0 0 0 120 59.4 54.0 54.0
5137 0.0 60 0 0 4737 0.0 0 0 0 150 59.4 54.0 54.0
5137 0.0 60 0 0 4737 0.0 0 0 0 180 59.3 54.2 54.2
5137 0.0 60 0 0 4737 0.0 10 0 0 0 59.1 53.6 53.6
5137 0.0 60 0 0 4737 0.0 10 0 0 30 59.2 53.7 53.7
5137 0.0 60 0 0 4737 0.0 10 0 0 60 59.4 53.7 53.7
5137 0.0 60 0 0 4737 0.0 10 0 0 90 59.4 53.7 53.7
5137 0.0 60 0 0 4737 0.0 10 0 0 120 59.4 53.6 53.6
5137 0.0 60 0 0 4737 0.0 10 0 0 150 59.3 53.6 53.6
5137 0.0 60 0 0 4737 0.0 10 0 0 180 59.2 53.7 53.7
5137 0.0 60 0 0 4737 0.0 20 0 0 0 58.8 52.1 52.1
5137 0.0 60 0 0 4737 0.0 20 0 0 30 59.0 52.3 52.3
5137 0.0 60 0 0 4737 0.0 20 0 0 60 59.2 52.2 52.2
5137 0.0 60 0 0 4737 0.0 20 0 0 90 59.2 52.2 52.2
5137 0.0 60 0 0 4737 0.0 20 0 0 120 59.2 52.3 52.3
5137 0.0 60 0 0 4737 0.0 20 0 0 150 59.1 52.3 52.3
5137 0.0 60 0 0 4737 0.0 20 0 0 180 59.0 52.3 52.3
5137 0.0 60 0 0 4737 0.0 30 0 0 0 58.5 49.1 49.1
5137 0.0 60 0 0 4737 0.0 30 0 0 30 58.7 49.3 49.3
5137 0.0 60 0 0 4737 0.0 30 0 0 60 58.8 49.3 49.3
5137 0.0 60 0 0 4737 0.0 30 0 0 90 58.8 49.5 49.5
5137 0.0 60 0 0 4737 0.0 30 0 0 120 58.8 49.8 49.8
5137 0.0 60 0 0 4737 0.0 30 0 0 150 58.7 49.9 49.9
5137 0.0 60 0 0 4737 0.0 30 0 0 180 58.7 50.0 50.0
5137 0.0 60 0 0 4737 0.0 40 0 0 0 57.9 49.1 49.1
5137 0.0 60 0 0 4737 0.0 40 0 0 30 58.1 49.2 49.2
5137 0.0 60 0 0 4737 0.0 40 0 0 60 58.2 49.4 49.4
5137 0.0 60 0 0 4737 0.0 40 0 0 90 58.2 49.5 49.5
5137 0.0 60 0 0 4737 0.0 40 0 0 120 58.2 49.6 49.6
5137 0.0 60 0 0 4737 0.0 40 0 0 150 58.1 49.9 49.9
5137 0.0 60 0 0 4737 0.0 40 0 0 180 58.2 49.8 49.8
5137 0.0 60 0 0 4737 0.0 50 0 0 0 57.0 49.8 49.8
5137 0.0 60 0 0 4737 0.0 50 0 0 30 57.3 49.8 49.8
5137 0.0 60 0 0 4737 0.0 50 0 0 60 57.3 49.9 49.9
5137 0.0 60 0 0 4737 0.0 50 0 0 90 57.4 49.9 49.9
5137 0.0 60 0 0 4737 0.0 50 0 0 120 57.3 50.1 50.1
5137 0.0 60 0 0 4737 0.0 50 0 0 150 57.2 50.4 50.4
5137 0.0 60 0 0 4737 0.0 50 0 0 180 57.3 50.5 50.5
5137 0.0 60 0 0 4737 0.0 60 0 0 0 55.5 51.0 51.0
5137 0.0 60 0 0 4737 0.0 60 0 0 30 55.8 51.1 51.1
5137 0.0 60 0 0 4737 0.0 60 0 0 60 55.8 51.1 51.1
5137 0.0 60 0 0 4737 0.0 60 0 0 90 55.8 51.2 51.2
5137 0.0 60 0 0 4737 0.0 60 0 0 120 55.7 51.4 51.4
5137 0.0 60 0 0 4737 0.0 60 0 0 150 55.7 51.5 51.5
5137 0.0 60 0 0 4737 0.0 60 0 0 180 55.7 51.6 51.6
5137 0.0 60 0 0 4737 0.1 0 0 0 0 59.1 53.9 53.9
5137 0.0 60 0 0 4737 0.1 0 0 0 30 59.3 53.9 53.9
5137 0.0 60 0 0 4737 0.1 0 0 0 60 59.4 54.0 54.0
5137 0.0 60 0 0 4737 0.1 0 0 0 90 59.5 54.0 54.0
5137 0.0 60 0 0 4737 0.1 0 0 0 120 59.5 53.9 53.9
5137 0.0 60 0 0 4737 0.1 0 0 0 150 59.4 53.9 53.9
5137 0.0 60 0 0 4737 0.1 0 0 0 180 59.3 54.0 54.0
5137 0.0 60 0 0 4737 0.1 10 0 0 0 59.1 53.4 53.4
5137 0.0 60 0 0 4737 0.1 10 0 0 30 59.2 53.4 53.4
5137 0.0 60 0 0 4737 0.1 10 0 0 60 59.4 53.5 53.5
5137 0.0 60 0 0 4737 0.1 10 0 0 90 59.4 53.5 53.5
5137 0.0 60 0 0 4737 0.1 10 0 0 120 59.4 53.3 53.3
5137 0.0 60 0 0 4737 0.1 10 0 0 150 59.3 53.4 53.4
5137 0.0 60 0 0 4737 0.1 10 0 0 180 59.3 53.6 53.6
5137 0.0 60 0 0 4737 0.1 20 0 0 0 58.9 51.8 51.8
5137 0.0 60 0 0 4737 0.1 20 0 0 30 59.0 52.0 52.0
5137 0.0 60 0 0 4737 0.1 20 0 0 60 59.2 51.9 51.9
5137 0.0 60 0 0 4737 0.1 20 0 0 90 59.2 52.0 52.0
5137 0.0 60 0 0 4737 0.1 20 0 0 120 59.2 52.0 52.0
5137 0.0 60 0 0 4737 0.1 20 0 0 150 59.1 52.1 52.1
5137 0.0 60 0 0 4737 0.1 20 0 0 180 59.1 52.1 52.1
5137 0.0 60 0 0 4737 0.1 30 0 0 0 58.6 48.8 48.8
5137 0.0 60 0 0 4737 0.1 30 0 0 30 58.6 49.1 49.1
5137 0.0 60 0 0 4737 0.1 30 0 0 60 58.8 49.1 49.1
5137 0.0 60 0 0 4737 0.1 30 0 0 90 58.8 49.3 49.3
5137 0.0 60 0 0 4737 0.1 30 0 0 120 58.8 49.5 49.5
5137 0.0 60 0 0 4737 0.1 30 0 0 150 58.7 49.7 49.7
5137 0.0 60 0 0 4737 0.1 30 0 0 180 58.7 49.7 49.7
5137 0.0 60 0 0 4737 0.1 40 0 0 0 58.0 48.7 48.7
5137 0.0 60 0 0 4737 0.1 40 0 0 30 58.1 49.0 49.0
5137 0.0 60 0 0 4737 0.1 40 0 0 60 58.3 49.1 49.1
5137 0.0 60 0 0 4737 0.1 40 0 0 90 58.2 49.3 49.3
5137 0.0 60 0 0 4737 0.1 40 0 0 120 58.2 49.5 49.5
5137 0.0 60 0 0 4737 0.1 40 0 0 150 58.2 49.7 49.7
5137 0.0 60 0 0 4737 0.1 40 0 0 180 58.2 49.7 49.7
5137 0.0 60 0 0 4737 0.1 50 0 0 0 57.1 49.6 49.6
5137 0.0 60 0 0 4737 0.1 50 0 0 30 57.2 49.8 49.8
5137 0.0 60 0 0 4737 0.1 50 0 0 60 57.4 49.7 49.7
5137 0.0 60 0 0 4737 0.1 50 0 0 90 57.3 49.8 49.8
5137 0.0 60 0 0 4737 0.1 50 0 0 120 57.3 50.0 50.0
5137 0.0 60 0 0 4737 0.1 50 0 0 150 57.3 50.1 50.1
5137 0.0 60 0 0 4737 0.1 50 0 0 180 57.3 50.2 50.2
5137 0.0 60 0 0 4737 0.1 60 0 0 0 55.6 50.9 50.9
5137 0.0 60 0 0 4737 0.1 60 0 0 30 55.8 51.0 51.0
5137 0.0 60 0 0 4737 0.1 60 0 0 60 55.8 51.0 51.0
5137 0.0 60 0 0 4737 0.1 60 0 0 90 55.8 51.1 51.1
5137 0.0 60 0 0 4737 0.1 60 0 0 120 55.7 51.2 51.2
5137 0.0 60 0 0 4737 0.1 60 0 0 150 55.7 51.3 51.3
5137 0.0 60 0 0 4737 0.1 60 0 0 180 55.6 51.3 51.3
5137 0.0 60 0 0 4737 0.2 0 0 0 0 59.2 53.6 53.6
5137 0.0 60 0 0 4737 0.2 0 0 0 30 59.3 53.6 53.6
5137 0.0 60 0 0 4737 0.2 0 0 0 60 59.4 53.7 53.7
5137 0.0 60 0 0 4737 0.2 0 0 0 90 59.5 53.7 53.7
5137 0.0 60 0 0 4737 0.2 0 0 0 120 59.4 53.7 53.7
5137 0.0 60 0 0 4737 0.2 0 0 0 150 59.4 53.7 53.7
5137 0.0 60 0 0 4737 0.2 0 0 0 180 59.3 53.7 53.7
5137 0.0 60 0 0 4737 0.2 10 0 0 0 59.1 53.1 53.1
5137 0.0 60 0 0 4737 0.2 10 0 0 30 59.2 53.1 53.1
5137 0.0 60 0 0 4737 0.2 10 0 0 60 59.4 53.2 53.2
5137 0.0 60 0 0 4737 0.2 10 0 0 90 59.4 53.1 53.1
5137 0.0 60 0 0 4737 0.2 10 0 0 120 59.4 53.1 53.1
5137 0.0 60 0 0 4737 0.2 10 0 0 150 59.3 53.3 53.3
5137 0.0 60 0 0 4737 0.2 10 0 0 180 59.3 53.3 53.3
5137 0.0 60 0 0 4737 0.2 20 0 0 0 58.9 51.4 51.4
5137 0.0 60 0 0 4737 0.2 20 0 0 30 59.0 51.5 51.5
5137 0.0 60 0 0 4737 0.2 20 0 0 60 59.2 51.5 51.5
5137 0.0 60 0 0 4737 0.2 20 0 0 90 59.2 51.5 51.5
5137 0.0 60 0 0 4737 0.2 20 0 0 120 59.2 51.7 51.7
5137 0.0 60 0 0 4737 0.2 20 0 0 150 59.1 51.9 51.9
5137 0.0 60 0 0 4737 0.2 20 0 0 180 59.1 51.9 51.9
5137 0.0 60 0 0 4737 0.2 30 0 0 0 58.6 48.7 48.7
5137 0.0 60 0 0 4737 0.2 30 0 0 30 58.7 48.8 48.8
5137 0.0 60 0 0 4737 0.2 30 0 0 60 58.8 48.9 48.9
5137 0.0 60 0 0 4737 0.2 30 0 0 90 58.9 49.1 49.1
5137 0.0 60 0 0 4737 0.2 30 0 0 120 58.8 49.3 49.3
5137 0.0 60 0 0 4737 0.2 30 0 0 150 58.7 49.6 49.6
5137 0.0 60 0 0 4737 0.2 30 0 0 180 58.7 49.7 49.7
5137 0.0 60 0 0 4737 0.2 40 0 0 0 58.0 48.6 48.6
5137 0.0 60 0 0 4737 0.2 40 0 0 30 58.1 48.9 48.9
5137 0.0 60 0 0 4737 0.2 40 0 0 60 58.2 48.9 48.9
5137 0.0 60 0 0 4737 0.2 40 0 0 90 58.3 49.1 49.1
5137 0.0 60 0 0 4737 0.2 40 0 0 120 58.2 49.2 49.2
5137 0.0 60 0 0 4737 0.2 40 0 0 150 58.1 49.6 49.6
5137 0.0 60 0 0 4737 0.2 40 0 0 180 58.1 49.7 49.7
5137 0.0 60 0 0 4737 0.2 50 0 0 0 57.1 49.3 49.3
5137 0.0 60 0 0 4737 0.2 50 0 0 30 57.2 49.5 49.5
5137 0.0 60 0 0 4737 0.2 50 0 0 60 57.3 49.6 49.6
5137 0.0 60 0 0 4737 0.2 50 0 0 90 57.4 49.7 49.7
5137 0.0 60 0 0 4737 0.2 50 0 0 120 57.3 49.8 49.8
5137 0.0 60 0 0 4737 0.2 50 0 0 150 57.2 49.9 49.9
5137 0.0 60 0 0 4737 0.2 50 0 0 180 57.2 50.0 50.0
5137 0.0 60 0 0 4737 0.2 60 0 0 0 55.6 50.8 50.8
5137 0.0 60 0 0 4737 0.2 60 0 0 30 55.7 50.8 50.8
5137 0.0 60 0 0 4737 0.2 60 0 0 60 55.8 50.8 50.8
5137 0.0 60 0 0 4737 0.2 60 0 0 90 55.8 50.8 50.8
5137 0.0 60 0 0 4737 0.2 60 0 0 120 55.7 50.9 50.9
5137 0.0 60 0 0 4737 0.2 60 0 0 150 55.6 51.1 51.1
5137 0.0 60 0 0 4737 0.2 60 0 0 180 55.6 51.1 51.1
5137 0.0 60 0 0 4737 0.3 0 0 0 0 59.2 53.2 53.2
5137 0.0 60 0 0 4737 0.3 0 0 0 30 59.3 53.3 53.3
5137 0.0 60 0 0 4737 0.3 0 0 0 60 59.4 53.3 53.3
5137 0.0 60 0 0 4737 0.3 0 0 0 90 59.4 53.3 53.3
5137 0.0 60 0 0 4737 0.3 0 0 0 120 59.5 53.4 53.4
5137 0.0 60 0 0 4737 0.3 0 0 0 150 59.4 53.4 53.4
5137 0.0 60 0 0 4737 0.3 0 0 0 180 59.3 53.4 53.4
5137 0.0 60 0 0 4737 0.3 10 0 0 0 59.1 52.6 52.6
5137 0.0 60 0 0 4737 0.3 10 0 0 30 59.2 52.7 52.7
5137 0.0 60 0 0 4737 0.3 10 0 0 60 59.4 52.7 52.7
5137 0.0 60 0 0 4737 0.3 10 0 0 90 59.4 52.8 52.8
5137 0.0 60 0 0 4737 0.3 10 0 0 120 59.4 52.7 52.7
5137 0.0 60 0 0 4737 0.3 10 0 0 150 59.3 52.9 52.9
5137 0.0 60 0 0 4737 0.3 10 0 0 180 59.2 53.0 53.0
5137 0.0 60 0 0 4737 0.3 20 0 0 0 58.9 50.8 50.8
5137 0.0 60 0 0 4737 0.3 20 0 0 30 59.0 50.8 50.8
5137 0.0 60 0 0 4737 0.3 20 0 0 60 59.2 50.9 50.9
5137 0.0 60 0 0 4737 0.3 20 0 0 90 59.2 50.9 50.9
5137 0.0 60 0 0 4737 0.3 20 0 0 120 59.2 51.0 51.0
5137 0.0 60 0 0 4737 0.3 20 0 0 150 59.1 51.3 51.3
5137 0.0 60 0 0 4737 0.3 20 0 0 180 59.0 51.3 51.3
5137 0.0 60 0 0 4737 0.3 30 0 0 0 58.6 48.7 48.7
5137 0.0 60 0 0 4737 0.3 30 0 0 30 58.6 48.7 48.7
5137 0.0 60 0 0 4737 0.3 30 0 0 60 58.8 48.8 48.8
5137 0.0 60 0 0 4737 0.3 30 0 0 90 58.8 48.9 48.9
5137 0.0 60 0 0 4737 0.3 30 0 0 120 58.9 49.2 49.2
5137 0.0 60 0 0 4737 0.3 30 0 0 150 58.8 49.6 49.6
5137 0.0 60 0 0 4737 0.3 30 0 0 180 58.7 49.9 49.9
5137 0.0 60 0 0 4737 0.3 40 0 0 0 58.0 48.7 48.7
5137 0.0 60 0 0 4737 0.3 40 0 0 30 58.1 48.7 48.7
5137 0.0 60 0 0 4737 0.3 40 0 0 60 58.2 48.8 48.8
5137 0.0 60 0 0 4737 0.3 40 0 0 90 58.2 48.9 48.9
5137 0.0 60 0 0 4737 0.3 40 0 0 120 58.3 49.2 49.2
5137 0.0 60 0 0 4737 0.3 40 0 0 150 58.2 49.6 49.6
5137 0.0 60 0 0 4737 0.3 40 0 0 180 58.1 49.9 49.9
5137 0.0 60 0 0 4737 0.3 50 0 0 0 57.2 49.5 49.5
5137 0.0 60 0 0 4737 0.3 50 0 0 30 57.2 49.4 49.4
5137 0.0 60 0 0 4737 0.3 50 0 0 60 57.4 49.6 49.6
5137 0.0 60 0 0 4737 0.3 50 0 0 90 57.4 49.6 49.6
5137 0.0 60 0 0 4737 0.3 50 0 0 120 57.3 49.9 49.9
5137 0.0 60 0 0 4737 0.3 50 0 0 150 57.2 50.1 50.1
5137 0.0 60 0 0 4737 0.3 50 0 0 180 57.2 50.0 50.0
5137 0.0 60 0 0 4737 0.3 60 0 0 0 55.6 50.6 50.6
5137 0.0 60 0 0 4737 0.3 60 0 0 30 55.7 50.6 50.6
5137 0.0 60 0 0 4737 0.3 60 0 0 60 55.8 50.8 50.8
5137 0.0 60 0 0 4737 0.3 60 0 0 90 55.7 50.7 50.7
5137 0.0 60 0 0 4737 0.3 60 0 0 120 55.6 50.8 50.8
5137 0.0 60 0 0 4737 0.3 60 0 0 150 55.5 51.0 51.0
5137 0.0 60 0 0 4737 0.3 60 0 0 180 55.5 51.0 51.0
5137 0.0 60 0 0 4737 0.4 0 0 0 0 59.2 52.8 52.8
5137 0.0 60 0 0 4737 0.4 0 0 0 30 59.3 52.9 52.9
5137 0.0 60 0 0 4737 0.4 0 0 0 60 59.4 52.9 52.9
5137 0.0 60 0 0 4737 0.4 0 0 0 90 59.5 52.9 52.9
5137 0.0 60 0 0 4737 0.4 0 0 0 120 59.5 52.9 52.9
5137 0.0 60 0 0 4737 0.4 0 0 0 150 59.3 53.1 53.1
5137 0.0 60 0 0 4737 0.4 0 0 0 180 59.3 53.1 53.1
5137 0.0 60 0 0 4737 0.4 10 0 0 0 59.1 52.1 52.1
5137 0.0 60 0 0 4737 0.4 10 0 0 30 59.2 52.1 52.1
5137 0.0 60 0 0 4737 0.4 10 0 0 60 59.3 52.3 52.3
5137 0.0 60 0 0 4737 0.4 10 0 0 90 59.4 52.2 52.2
5137 0.0 60 0 0 4737 0.4 10 0 0 120 59.4 52.3 52.3
5137 0.0 60 0 0 4737 0.4 10 0 0 150 59.3 52.6 52.6
5137 0.0 60 0 0 4737 0.4 10 0 0 180 59.2 52.6 52.6
5137 0.0 60 0 0 4737 0.4 20 0 0 0 59.0 49.9 49.9
5137 0.0 60 0 0 4737 0.4 20 0 0 30 59.0 49.9 49.9
5137 0.0 60 0 0 4737 0.4 20 0 0 60 59.1 50.0 50.0
5137 0.0 60 0 0 4737 0.4 20 0 0 90 59.2 50.0 50.0
5137 0.0 60 0 0 4737 0.4 20 0 0 120 59.2 50.3 50.3
5137 0.0 60 0 0 4737 0.4 20 0 0 150 59.1 50.6 50.6
5137 0.0 60 0 0 4737 0.4 20 0 0 180 59.0 50.6 50.6
5137 0.0 60 0 0 4737 0.4 30 0 0 0 58.6 49.0 49.0
5137 0.0 60 0 0 4737 0.4 30 0 0 30 58.6 49.0 49.0
5137 0.0 60 0 0 4737 0.4 30 0 0 60 58.7 49.0 49.0
5137 0.0 60 0 0 4737 0.4 30 0 0 90 58.9 49.0 49.0
5137 0.0 60 0 0 4737 0.4 30 0 0 120 58.8 49.2 49.2
5137 0.0 60 0 0 4737 0.4 30 0 0 150 58.7 49.5 49.5
5137 0.0 60 0 0 4737 0.4 30 0 0 180 58.6 50.0 50.0
5137 0.0 60 0 0 4737 0.4 40 0 0 0 58.1 49.1 49.1
5137 0.0 60 0 0 4737 0.4 40 0 0 30 58.1 49.0 49.0
5137 0.0 60 0 0 4737 0.4 40 0 0 60 58.1 49.0 49.0
5137 0.0 60 0 0 4737 0.4 40 0 0 90 58.3 49.1 49.1
5137 0.0 60 0 0 4737 0.4 40 0 0 120 58.2 49.1 49.1
5137 0.0 60 0 0 4737 0.4 40 0 0 150 58.1 49.5 49.5
5137 0.0 60 0 0 4737 0.4 40 0 0 180 58.1 49.9 49.9
5137 0.0 60 0 0 4737 0.4 50 0 0 0 57.2 49.5 49.5
5137 0.0 60 0 0 4737 0.4 50 0 0 30 57.2 49.6 49.6
5137 0.0 60 0 0 4737 0.4 50 0 0 60 57.3 49.5 49.5
5137 0.0 60 0 0 4737 0.4 50 0 0 90 57.3 49.7 49.7
5137 0.0 60 0 0 4737 0.4 50 0 0 120 57.3 49.7 49.7
5137 0.0 60 0 0 4737 0.4 50 0 0 150 57.2 50.0 50.0
5137 0.0 60 0 0 4737 0.4 50 0 0 180 57.2 50.3 50.3
5137 0.0 60 0 0 4737 0.4 60 0 0 0 55.5 50.4 50.4
5137 0.0 60 0 0 4737 0.4 60 0 0 30 55.6 50.5 50.5
5137 0.0 60 0 0 4737 0.4 60 0 0 60 55.5 50.5 50.5
5137 0.0 60 0 0 4737 0.4 60 0 0 90 55.5 50.7 50.7
5137 0.0 60 0 0 4737 0.4 60 0 0 120 55.2 50.7 50.7
5137 0.0 60 0 0 4737 0.4 60 0 0 150 55.1 50.9 50.9
5137 0.0 60 0 0 4737 0.4 60 0 0 180 55.2 50.9 50.9
5137 0.0 60 0 0 4737 0.5 0 0 0 0 59.3 52.0 52.0
5137 0.0 60 0 0 4737 0.5 0 0 0 30 59.3 52.0 52.0
5137 0.0 60 0 0 4737 0.5 0 0 0 60 59.3 52.0 52.0
5137 0.0 60 0 0 4737 0.5 0 0 0 90 59.4 52.0 52.0
5137 0.0 60 0 0 4737 0.5 0 0 0 120 59.4 52.1 52.1
5137 0.0 60 0 0 4737 0.5 0 0 0 150 59.4 52.4 52.4
5137 0.0 60 0 0 4737 0.5 0 0 0 180 59.2 52.4 52.4
5137 0.0 60 0 0 4737 0.5 10 0 0 0 59.2 51.1 51.1
5137 0.0 60 0 0 4737 0.5 10 0 0 30 59.2 51.1 51.1
5137 0.0 60 0 0 4737 0.5 10 0 0 60 59.2 51.1 51.1
5137 0.0 60 0 0 4737 0.5 10 0 0 90 59.4 51.2 51.2
5137 0.0 60 0 0 4737 0.5 10 0 0 120 59.4 51.2 51.2
5137 0.0 60 0 0 4737 0.5 10 0 0 150 59.3 51.6 51.6
5137 0.0 60 0 0 4737 0.5 10 0 0 180 59.2 51.8 51.8
5137 0.0 60 0 0 4737 0.5 20 0 0 0 59.0 49.9 49.9
5137 0.0 60 0 0 4737 0.5 20 0 0 30 59.0 49.9 49.9
5137 0.0 60 0 0 4737 0.5 20 0 0 60 59.0 50.0 50.0
5137 0.0 60 0 0 4737 0.5 20 0 0 90 59.1 50.0 50.0
5137 0.0 60 0 0 4737 0.5 20 0 0 120 59.1 50.1 50.1
5137 0.0 60 0 0 4737 0.5 20 0 0 150 59.1 50.5 50.5
5137 0.0 60 0 0 4737 0.5 20 0 0 180 59.0 50.6 50.6
5137 0.0 60 0 0 4737 0.5 30 0 0 0 58.6 49.4 49.4
5137 0.0 60 0 0 4737 0.5 30 0 0 30 58.7 49.4 49.4
5137 0.0 60 0 0 4737 0.5 30 0 0 60 58.7 49.5 49.5
5137 0.0 60 0 0 4737 0.5 30 0 0 90 58.7 49.5 49.5
5137 0.0 60 0 0 4737 0.5 30 0 0 120 58.8 49.6 49.6
5137 0.0 60 0 0 4737 0.5 30 0 0 150 58.7 49.9 49.9
5137 0.0 60 0 0 4737 0.5 30 0 0 180 58.6 50.1 50.1
5137 0.0 60 0 0 4737 0.5 40 0 0 0 58.0 49.5 49.5
5137 0.0 60 0 0 4737 0.5 40 0 0 30 58.1 49.4 49.4
5137 0.0 60 0 0 4737 0.5 40 0 0 60 58.1 49.5 49.5
5137 0.0 60 0 0 4737 0.5 40 0 0 90 58.1 49.6 49.6
5137 0.0 60 0 0 4737 0.5 40 0 0 120 58.2 49.5 49.5
5137 0.0 60 0 0 4737 0.5 40 0 0 150 58.0 49.8 49.8
5137 0.0 60 0 0 4737 0.5 40 0 0 180 58.0 50.0 50.0
5137 0.0 60 0 0 4737 0.5 50 0 0 0 57.1 49.8 49.8
5137 0.0 60 0 0 4737 0.5 50 0 0 30 57.1 49.8 49.8
5137 0.0 60 0 0 4737 0.5 50 0 0 60 57.2 49.8 49.8
5137 0.0 60 0 0 4737 0.5 50 0 0 90 57.1 49.7 49.7
5137 0.0 60 0 0 4737 0.5 50 0 0 120 57.1 49.8 49.8
5137 0.0 60 0 0 4737 0.5 50 0 0 150 57.0 50.1 50.1
5137 0.0 60 0 0 4737 0.5 50 0 0 180 56.9 50.2 50.2
5137 0.0 60 0 0 4737 0.5 60 0 0 0 55.6 50.3 50.3
5137 0.0 60 0 0 4737 0.5 60 0 0 30 55.7 50.4 50.4
5137 0.0 60 0 0 4737 0.5 60 0 0 60 55.7 50.5 50.5
5137 0.0 60 0 0 4737 0.5 60 0 0 90 55.6 50.5 50.5
5137 0.0 60 0 0 4737 0.5 60 0 0 120 55.6 50.6 50.6
5137 0.0 60 0 0 4737 0.5 60 0 0 150 55.2 50.9 50.9
5137 0.0 60 0 0 4737 0.5 60 0 0 180 55.0 50.8 50.8
5137 0.0 60 0 0 4937 0.0 0 0 0 0 59.5 54.8 54.8
5137 0.0 60 0 0 4937 0.0 0 0 0 30 59.7 54.8 54.8
5137 0.0 60 0 0 4937 0.0 0 0 0 60 59.8 55.1 55.1
5137 0.0 60 0 0 4937 0.0 0 0 0 90 59.9 55.3 55.3
5137 0.0 60 0 0 4937 0.0 0 0 0 120 59.9 55.3 55.3
5137 0.0 60 0 0 4937 0.0 0 0 0 150 59.8 55.1 55.1
5137 0.0 60 0 0 4937 0.0 0 0 0 180 59.8 54.6 54.6
5137 0.0 60 0 0 4937 0.0 10 0 0 0 59.4 54.0 54.0
5137 0.0 60 0 0 4937 0.0 10 0 0 30 59.6 54.3 54.3
5137 0.0 60 0 0 4937 0.0 10 0 0 60 59.8 54.6 54.6
5137 0.0 60 0 0 4937 0.0 10 0 0 90 59.8 54.9 54.9
5137 0.0 60 0 0 4937 0.0 10 0 0 120 59.9 55.0 55.0
5137 0.0 60 0 0 4937 0.0 10 0 0 150 59.8 54.8 54.8
5137 0.0 60 0 0 4937 0.0 10 0 0 180 59.7 54.4 54.4
5137 0.0 60 0 0 4937 0.0 20 0 0 0 59.2 52.5 52.5
5137 0.0 60 0 0 4937 0.0 20 0 0 30 59.4 52.9 52.9
5137 0.0 60 0 0 4937 0.0 20 0 0 60 59.6 53.3 53.3
5137 0.0 60 0 0 4937 0.0 20 0 0 90 59.6 53.7 53.7
5137 0.0 60 0 0 4937 0.0 20 0 0 120 59.7 53.8 53.8
5137 0.0 60 0 0 4937 0.0 20 0 0 150 59.6 53.7 53.7
5137 0.0 60 0 0 4937 0.0 20 0 0 180 59.5 53.3 53.3
5137 0.0 60 0 0 4937 0.0 30 0 0 0 58.9 49.5 49.5
5137 0.0 60 0 0 4937 0.0 30 0 0 30 59.1 49.8 49.8
5137 0.0 60 0 0 4937 0.0 30 0 0 60 59.2 50.3 50.3
5137 0.0 60 0 0 4937 0.0 30 0 0 90 59.3 50.6 50.6
5137 0.0 60 0 0 4937 0.0 30 0 0 120 59.3 50.8 50.8
5137 0.0 60 0 0 4937 0.0 30 0 0 150 59.2 50.7 50.7
5137 0.0 60 0 0 4937 0.0 30 0 0 180 59.2 50.5 50.5
5137 0.0 60 0 0 4937 0.0 40 0 0 0 58.4 49.4 49.4
5137 0.0 60 0 0 4937 0.0 40 0 0 30 58.6 49.8 49.8
5137 0.0 60 0 0 4937 0.0 40 0 0 60 58.7 50.3 50.3
5137 0.0 60 0 0 4937 0.0 40 0 0 90 58.7 50.6 50.6
5137 0.0 60 0 0 4937 0.0 40 0 0 120 58.7 50.8 50.8
5137 0.0 60 0 0 4937 0.0 40 0 0 150 58.7 50.7 50.7
5137 0.0 60 0 0 4937 0.0 40 0 0 180 58.6 50.5 50.5
5137 0.0 60 0 0 4937 0.0 50 0 0 0 57.5 50.1 50.1
5137 0.0 60 0 0 4937 0.0 50 0 0 30 57.7 50.7 50.7
5137 0.0 60 0 0 4937 0.0 50 0 0 60 57.8 51.2 51.2
5137 0.0 60 0 0 4937 0.0 50 0 0 90 57.8 51.5 51.5
5137 0.0 60 0 0 4937 0.0 50 0 0 120 57.8 51.7 51.7
5137 0.0 60 0 0 4937 0.0 50 0 0 150 57.8 51.6 51.6
5137 0.0 60 0 0 4937 0.0 50 0 0 180 57.7 51.3 51.3
5137 0.0 60 0 0 4937 0.0 60 0 0 0 56.1 51.0 51.0
5137 0.0 60 0 0 4937 0.0 60 0 0 30 56.4 51.9 51.9
5137 0.0 60 0 0 4937 0.0 60 0 0 60 56.4 52.8 52.8
5137 0.0 60 0 0 4937 0.0 60 0 0 90 56.4 53.3 53.3
5137 0.0 60 0 0 4937 0.0 60 0 0 120 56.3 53.5 53.5
5137 0.0 60 0 0 4937 0.0 60 0 0 150 56.4 53.4 53.4
5137 0.0 60 0 0 4937 0.0 60 0 0 180 56.4 53.0 53.0
5137 0.0 60 0 0 4937 0.1 0 0 0 0 59.6 54.4 54.4
5137 0.0 60 0 0 4937 0.1 0 0 0 30 59.8 54.5 54.5
5137 0.0 60 0 0 4937 0.1 0 0 0 60 59.8 54.9 54.9
5137 0.0 60 0 0 4937 0.1 0 0 0 90 59.9 55.2 55.2
5137 0.0 60 0 0 4937 0.1 0 0 0 120 59.9 55.3 55.3
5137 0.0 60 0 0 4937 0.1 0 0 0 150 59.8 55.1 55.1
5137 0.0 60 0 0 4937 0.1 0 0 0 180 59.7 54.5 54.5
5137 0.0 60 0 0 4937 0.1 10 0 0 0 59.5 53.8 53.8
5137 0.0 60 0 0 4937 0.1 10 0 0 30 59.7 54.0 54.0
5137 0.0 60 0 0 4937 0.1 10 0 0 60 59.8 54.4 54.4
5137 0.0 60 0 0 4937 0.1 10 0 0 90 59.8 54.7 54.7
5137 0.0 60 0 0 4937 0.1 10 0 0 120 59.9 54.9 54.9
5137 0.0 60 0 0 4937 0.1 10 0 0 150 59.8 54.7 54.7
5137 0.0 60 0 0 4937 0.1 10 0 0 180 59.7 54.1 54.1
5137 0.0 60 0 0 4937 0.1 20 0 0 0 59.3 52.5 52.5
5137 0.0 60 0 0 4937 0.1 20 0 0 30 59.5 52.8 52.8
5137 0.0 60 0 0 4937 0.1 20 0 0 60 59.6 53.2 53.2
5137 0.0 60 0 0 4937 0.1 20 0 0 90 59.6 53.5 53.5
5137 0.0 60 0 0 4937 0.1 20 0 0 120 59.6 53.6 53.6
5137 0.0 60 0 0 4937 0.1 20 0 0 150 59.5 53.5 53.5
5137 0.0 60 0 0 4937 0.1 20 0 0 180 59.5 53.0 53.0
5137 0.0 60 0 0 4937 0.1 30 0 0 0 59.0 49.6 49.6
5137 0.0 60 0 0 4937 0.1 30 0 0 30 59.2 49.8 49.8
5137 0.0 60 0 0 4937 0.1 30 0 0 60 59.2 50.2 50.2
5137 0.0 60 0 0 4937 0.1 30 0 0 90 59.2 50.5 50.5
5137 0.0 60 0 0 4937 0.1 30 0 0 120 59.3 50.6 50.6
5137 0.0 60 0 0 4937 0.1 30 0 0 150 59.2 50.5 50.5
5137 0.0 60 0 0 4937 0.1 30 0 0 180 59.1 50.1 50.1
5137 0.0 60 0 0 4937 0.1 40 0 0 0 58.5 49.4 49.4
5137 0.0 60 0 0 4937 0.1 40 0 0 30 58.7 49.8 49.8
5137 0.0 60 0 0 4937 0.1 40 0 0 60 58.7 50.1 50.1
5137 0.0 60 0 0 4937 0.1 40 0 0 90 58.7 50.5 50.5
5137 0.0 60 0 0 4937 0.1 40 0 0 120 58.7 50.6 50.6
5137 0.0 60 0 0 4937 0.1 40 0 0 150 58.6 50.5 50.5
5137 0.0 60 0 0 4937 0.1 40 0 0 180 58.6 50.1 50.1
5137 0.0 60 0 0 4937 0.1 50 0 0 0 57.7 49.8 49.8
5137 0.0 60 0 0 4937 0.1 50 0 0 30 57.9 50.4 50.4
5137 0.0 60 0 0 4937 0.1 50 0 0 60 57.9 50.9 50.9
5137 0.0 60 0 0 4937 0.1 50 0 0 90 57.9 51.3 51.3
5137 0.0 60 0 0 4937 0.1 50 0 0 120 57.8 51.6 51.6
5137 0.0 60 0 0 4937 0.1 50 0 0 150 57.7 51.5 51.5
5137 0.0 60 0 0 4937 0.1 50 0 0 180 57.7 51.1 51.1
5137 0.0 60 0 0 4937 0.1 60 0 0 0 56.3 50.6 50.6
5137 0.0 60 0 0 4937 0.1 60 0 0 30 56.4 51.3 51.3
5137 0.0 60 0 0 4937 0.1 60 0 0 60 56.5 52.2 52.2
5137 0.0 60 0 0 4937 0.1 60 0 0 90 56.4 52.9 52.9
5137 0.0 60 0 0 4937 0.1 60 0 0 120 56.4 53.3 53.3
5137 0.0 60 0 0 4937 0.1 60 0 0 150 56.4 53.2 53.2
5137 0.0 60 0 0 4937 0.1 60 0 0 180 56.4 52.8 52.8
5137 0.0 60 0 0 4937 0.2 0 0 0 0 59.7 54.1 54.1
5137 0.0 60 0 0 4937 0.2 0 0 0 30 59.8 54.3 54.3
5137 0.0 60 0 0 4937 0.2 0 0 0 60 59.9 54.6 54.6
5137 0.0 60 0 0 4937 0.2 0 0 0 90 59.9 55.0 55.0
5137 0.0 60 0 0 4937 0.2 0 0 0 120 59.9 55.2 55.2
5137 0.0 60 0 0 4937 0.2 0 0 0 150 59.8 55.0 55.0
5137 0.0 60 0 0 4937 0.2 0 0 0 180 59.7 54.3 54.3
5137 0.0 60 0 0 4937 0.2 10 0 0 0 59.6 53.6 53.6
5137 0.0 60 0 0 4937 0.2 10 0 0 30 59.7 53.9 53.9
5137 0.0 60 0 0 4937 0.2 10 0 0 60 59.8 54.2 54.2
5137 0.0 60 0 0 4937 0.2 10 0 0 90 59.8 54.5 54.5
5137 0.0 60 0 0 4937 0.2 10 0 0 120 59.8 54.7 54.7
5137 0.0 60 0 0 4937 0.2 10 0 0 150 59.7 54.5 54.5
5137 0.0 60 0 0 4937 0.2 10 0 0 180 59.6 53.8 53.8
5137 0.0 60 0 0 4937 0.2 20 0 0 0 59.5 52.5 52.5
5137 0.0 60 0 0 4937 0.2 20 0 0 30 59.6 52.7 52.7
5137 0.0 60 0 0 4937 0.2 20 0 0 60 59.6 53.0 53.0
5137 0.0 60 0 0 4937 0.2 20 0 0 90 59.6 53.3 53.3
5137 0.0 60 0 0 4937 0.2 20 0 0 120 59.6 53.4 53.4
5137 0.0 60 0 0 4937 0.2 20 0 0 150 59.5 53.2 53.2
5137 0.0 60 0 0 4937 0.2 20 0 0 180 59.4 52.5 52.5
5137 0.0 60 0 0 4937 0.2 30 0 0 0 59.2 49.8 49.8
5137 0.0 60 0 0 4937 0.2 30 0 0 30 59.3 49.9 49.9
5137 0.0 60 0 0 4937 0.2 30 0 0 60 59.3 50.2 50.2
5137 0.0 60 0 0 4937 0.2 30 0 0 90 59.3 50.5 50.5
5137 0.0 60 0 0 4937 0.2 30 0 0 120 59.2 50.7 50.7
5137 0.0 60 0 0 4937 0.2 30 0 0 150 59.1 50.5 50.5
5137 0.0 60 0 0 4937 0.2 30 0 0 180 59.0 49.9 49.9
5137 0.0 60 0 0 4937 0.2 40 0 0 0 58.7 49.5 49.5
5137 0.0 60 0 0 4937 0.2 40 0 0 30 58.8 49.9 49.9
5137 0.0 60 0 0 4937 0.2 40 0 0 60 58.8 50.2 50.2
5137 0.0 60 0 0 4937 0.2 40 0 0 90 58.8 50.5 50.5
5137 0.0 60 0 0 4937 0.2 40 0 0 120 58.7 50.7 50.7
5137 0.0 60 0 0 4937 0.2 40 0 0 150 58.5 50.6 50.6
5137 0.0 60 0 0 4937 0.2 40 0 0 180 58.4 50.0 50.0
5137 0.0 60 0 0 4937 0.2 50 0 0 0 57.8 49.6 49.6
5137 0.0 60 0 0 4937 0.2 50 0 0 30 58.0 50.2 50.2
5137 0.0 60 0 0 4937 0.2 50 0 0 60 58.0 50.9 50.9
5137 0.0 60 0 0 4937 0.2 50 0 0 90 58.0 51.3 51.3
5137 0.0 60 0 0 4937 0.2 50 0 0 120 57.9 51.6 51.6
5137 0.0 60 0 0 4937 0.2 50 0 0 150 57.7 51.5 51.5
5137 0.0 60 0 0 4937 0.2 50 0 0 180 57.6 50.9 50.9
5137 0.0 60 0 0 4937 0.2 60 0 0 0 56.4 50.2 50.2
5137 0.0 60 0 0 4937 0.2 60 0 0 30 56.5 50.8 50.8
5137 0.0 60 0 0 4937 0.2 60 0 0 60 56.5 51.6 51.6
5137 0.0 60 0 0 4937 0.2 60 0 0 90 56.5 52.4 52.4
5137 0.0 60 0 0 4937 0.2 60 0 0 120 56.4 53.1 53.1
5137 0.0 60 0 0 4937 0.2 60 0 0 150 56.3 53.0 53.0
5137 0.0 60 0 0 4937 0.2 60 0 0 180 56.3 52.5 52.5
5137 0.0 60 0 0 4937 0.3 0 0 0 0 59.8 53.9 53.9
5137 0.0 60 0 0 4937 0.3 0 0 0 30 59.9 54.2 54.2
5137 0.0 60 0 0 4937 0.3 0 0 0 60 59.9 54.5 54.5
5137 0.0 60 0 0 4937 0.3 0 0 0 90 59.9 54.8 54.8
5137 0.0 60 0 0 4937 0.3 0 0 0 120 59.9 55.1 55.1
5137 0.0 60 0 0 4937 0.3 0 0 0 150 59.7 54.9 54.9
5137 0.0 60 0 0 4937 0.3 0 0 0 180 59.6 53.9 53.9
5137 0.0 60 0 0 4937 0.3 10 0 0 0 59.7 53.5 53.5
5137 0.0 60 0 0 4937 0.3 10 0 0 30 59.9 53.8 53.8
5137 0.0 60 0 0 4937 0.3 10 0 0 60 59.9 54.1 54.1
5137 0.0 60 0 0 4937 0.3 10 0 0 90 59.8 54.4 54.4
5137 0.0 60 0 0 4937 0.3 10 0 0 120 59.8 54.6 54.6
5137 0.0 60 0 0 4937 0.3 10 0 0 150 59.6 54.4 54.4
5137 0.0 60 0 0 4937 0.3 10 0 0 180 59.5 53.4 53.4
5137 0.0 60 0 0 4937 0.3 20 0 0 0 59.6 52.3 52.3
5137 0.0 60 0 0 4937 0.3 20 0 0 30 59.7 52.5 52.5
5137 0.0 60 0 0 4937 0.3 20 0 0 60 59.7 52.7 52.7
5137 0.0 60 0 0 4937 0.3 20 0 0 90 59.7 53.0 53.0
5137 0.0 60 0 0 4937 0.3 20 0 0 120 59.6 53.1 53.1
5137 0.0 60 0 0 4937 0.3 20 0 0 150 59.4 52.9 52.9
5137 0.0 60 0 0 4937 0.3 20 0 0 180 59.3 51.9 51.9
5137 0.0 60 0 0 4937 0.3 30 0 0 0 59.3 50.2 50.2
5137 0.0 60 0 0 4937 0.3 30 0 0 30 59.4 50.4 50.4
5137 0.0 60 0 0 4937 0.3 30 0 0 60 59.4 50.6 50.6
5137 0.0 60 0 0 4937 0.3 30 0 0 90 59.4 50.7 50.7
5137 0.0 60 0 0 4937 0.3 30 0 0 120 59.3 50.9 50.9
5137 0.0 60 0 0 4937 0.3 30 0 0 150 59.1 50.7 50.7
5137 0.0 60 0 0 4937 0.3 30 0 0 180 58.9 49.7 49.7
5137 0.0 60 0 0 4937 0.3 40 0 0 0 58.8 49.7 49.7
5137 0.0 60 0 0 4937 0.3 40 0 0 30 58.9 50.1 50.1
5137 0.0 60 0 0 4937 0.3 40 0 0 60 58.9 50.5 50.5
5137 0.0 60 0 0 4937 0.3 40 0 0 90 58.9 50.7 50.7
5137 0.0 60 0 0 4937 0.3 40 0 0 120 58.8 50.9 50.9
5137 0.0 60 0 0 4937 0.3 40 0 0 150 58.5 50.7 50.7
5137 0.0 60 0 0 4937 0.3 40 0 0 180 58.3 49.9 49.9
5137 0.0 60 0 0 4937 0.3 50 0 0 0 58.0 49.6 49.6
5137 0.0 60 0 0 4937 0.3 50 0 0 30 58.1 50.1 50.1
5137 0.0 60 0 0 4937 0.3 50 0 0 60 58.1 50.6 50.6
5137 0.0 60 0 0 4937 0.3 50 0 0 90 58.1 51.2 51.2
5137 0.0 60 0 0 4937 0.3 50 0 0 120 58.0 51.6 51.6
5137 0.0 60 0 0 4937 0.3 50 0 0 150 57.7 51.6 51.6
5137 0.0 60 0 0 4937 0.3 50 0 0 180 57.5 50.8 50.8
5137 0.0 60 0 0 4937 0.3 60 0 0 0 56.4 50.0 50.0
5137 0.0 60 0 0 4937 0.3 60 0 0 30 56.6 50.5 50.5
5137 0.0 60 0 0 4937 0.3 60 0 0 60 56.6 51.1 51.1
5137 0.0 60 0 0 4937 0.3 60 0 0 90 56.6 51.8 51.8
5137 0.0 60 0 0 4937 0.3 60 0 0 120 56.4 52.7 52.7
5137 0.0 60 0 0 4937 0.3 60 0 0 150 56.3 53.0 53.0
5137 0.0 60 0 0 4937 0.3 60 0 0 180 56.3 52.2 52.2
5137 0.0 60 0 0 4937 0.4 0 0 0 0 59.9 53.8 53.8
5137 0.0 60 0 0 4937 0.4 0 0 0 30 60.0 54.1 54.1
5137 0.0 60 0 0 4937 0.4 0 0 0 60 60.0 54.3 54.3
5137 0.0 60 0 0 4937 0.4 0 0 0 90 60.0 54.7 54.7
5137 0.0 60 0 0 4937 0.4 0 0 0 120 59.9 55.0 55.0
5137 0.0 60 0 0 4937 0.4 0 0 0 150 59.7 54.7 54.7
5137 0.0 60 0 0 4937 0.4 0 0 0 180 59.5 53.3 53.3
5137 0.0 60 0 0 4937 0.4 10 0 0 0 59.9 53.5 53.5
5137 0.0 60 0 0 4937 0.4 10 0 0 30 60.0 53.7 53.7
5137 0.0 60 0 0 4937 0.4 10 0 0 60 60.0 53.9 53.9
5137 0.0 60 0 0 4937 0.4 10 0 0 90 60.0 54.2 54.2
5137 0.0 60 0 0 4937 0.4 10 0 0 120 59.9 54.4 54.4
5137 0.0 60 0 0 4937 0.4 10 0 0 150 59.6 54.2 54.2
5137 0.0 60 0 0 4937 0.4 10 0 0 180 59.4 52.8 52.8
5137 0.0 60 0 0 4937 0.4 20 0 0 0 59.7 51.8 51.8
5137 0.0 60 0 0 4937 0.4 20 0 0 30 59.8 52.0 52.0
5137 0.0 60 0 0 4937 0.4 20 0 0 60 59.8 52.1 52.1
5137 0.0 60 0 0 4937 0.4 20 0 0 90 59.8 52.3 52.3
5137 0.0 60 0 0 4937 0.4 20 0 0 120 59.7 52.5 52.5
5137 0.0 60 0 0 4937 0.4 20 0 0 150 59.4 52.2 52.2
5137 0.0 60 0 0 4937 0.4 20 0 0 180 59.2 50.8 50.8
5137 0.0 60 0 0 4937 0.4 30 0 0 0 59.4 50.5 50.5
5137 0.0 60 0 0 4937 0.4 30 0 0 30 59.5 50.8 50.8
5137 0.0 60 0 0 4937 0.4 30 0 0 60 59.6 51.1 51.1
5137 0.0 60 0 0 4937 0.4 30 0 0 90 59.5 51.3 51.3
5137 0.0 60 0 0 4937 0.4 30 0 0 120 59.4 51.4 51.4
5137 0.0 60 0 0 4937 0.4 30 0 0 150 59.1 51.1 51.1
5137 0.0 60 0 0 4937 0.4 30 0 0 180 58.8 49.8 49.8
5137 0.0 60 0 0 4937 0.4 40 0 0 0 58.9 50.0 50.0
5137 0.0 60 0 0 4937 0.4 40 0 0 30 59.0 50.3 50.3
5137 0.0 60 0 0 4937 0.4 40 0 0 60 59.1 50.8 50.8
5137 0.0 60 0 0 4937 0.4 40 0 0 90 59.1 51.2 51.2
5137 0.0 60 0 0 4937 0.4 40 0 0 120 58.9 51.4 51.4
5137 0.0 60 0 0 4937 0.4 40 0 0 150 58.5 51.2 51.2
5137 0.0 60 0 0 4937 0.4 40 0 0 180 58.2 50.1 50.1
5137 0.0 60 0 0 4937 0.4 50 0 0 0 58.1 49.7 49.7
5137 0.0 60 0 0 4937 0.4 50 0 0 30 58.2 50.1 50.1
5137 0.0 60 0 0 4937 0.4 50 0 0 60 58.3 50.6 50.6
5137 0.0 60 0 0 4937 0.4 50 0 0 90 58.2 51.2 51.2
5137 0.0 60 0 0 4937 0.4 50 0 0 120 58.1 51.8 51.8
5137 0.0 60 0 0 4937 0.4 50 0 0 150 57.8 51.8 51.8
5137 0.0 60 0 0 4937 0.4 50 0 0 180 57.4 50.7 50.7
5137 0.0 60 0 0 4937 0.4 60 0 0 0 56.2 50.0 50.0
5137 0.0 60 0 0 4937 0.4 60 0 0 30 56.3 50.2 50.2
5137 0.0 60 0 0 4937 0.4 60 0 0 60 56.4 50.7 50.7
5137 0.0 60 0 0 4937 0.4 60 0 0 90 56.3 51.4 51.4
5137 0.0 60 0 0 4937 0.4 60 0 0 120 56.2 52.3 52.3
5137 0.0 60 0 0 4937 0.4 60 0 0 150 56.1 52.9 52.9
5137 0.0 60 0 0 4937 0.4 60 0 0 180 56.2 51.9 51.9
5137 0.0 60 0 0 4937 0.5 0 0 0 0 60.1 53.7 53.7
5137 0.0 60 0 0 4937 0.5 0 0 0 30 60.2 53.9 53.9
5137 0.0 60 0 0 4937 0.5 0 0 0 60 60.2 54.1 54.1
5137 0.0 60 0 0 4937 0.5 0 0 0 90 60.2 54.4 54.4
5137 0.0 60 0 0 4937 0.5 0 0 0 120 60.1 54.7 54.7
5137 0.0 60 0 0 4937 0.5 0 0 0 150 59.6 54.5 54.5
5137 0.0 60 0 0 4937 0.5 0 0 0 180 59.2 52.3 52.3
5137 0.0 60 0 0 4937 0.5 10 0 0 0 60.1 53.2 53.2
5137 0.0 60 0 0 4937 0.5 10 0 0 30 60.1 53.4 53.4
5137 0.0 60 0 0 4937 0.5 10 0 0 60 60.2 53.6 53.6
5137 0.0 60 0 0 4937 0.5 10 0 0 90 60.2 53.8 53.8
5137 0.0 60 0 0 4937 0.5 10 0 0 120 60.0 54.1 54.1
5137 0.0 60 0 0 4937 0.5 10 0 0 150 59.6 53.7 53.7
5137 0.0 60 0 0 4937 0.5 10 0 0 180 59.1 51.6 51.6
5137 0.0 60 0 0 4937 0.5 20 0 0 0 59.9 51.8 51.8
5137 0.0 60 0 0 4937 0.5 20 0 0 30 60.0 52.1 52.1
5137 0.0 60 0 0 4937 0.5 20 0 0 60 60.0 52.3 52.3
5137 0.0 60 0 0 4937 0.5 20 0 0 90 60.0 52.5 52.5
5137 0.0 60 0 0 4937 0.5 20 0 0 120 59.9 52.7 52.7
5137 0.0 60 0 0 4937 0.5 20 0 0 150 59.4 52.4 52.4
5137 0.0 60 0 0 4937 0.5 20 0 0 180 58.9 50.4 50.4
5137 0.0 60 0 0 4937 0.5 30 0 0 0 59.5 50.8 50.8
5137 0.0 60 0 0 4937 0.5 30 0 0 30 59.7 51.1 51.1
5137 0.0 60 0 0 4937 0.5 30 0 0 60 59.7 51.5 51.5
5137 0.0 60 0 0 4937 0.5 30 0 0 90 59.7 51.9 51.9
5137 0.0 60 0 0 4937 0.5 30 0 0 120 59.6 52.1 52.1
5137 0.0 60 0 0 4937 0.5 30 0 0 150 59.1 51.9 51.9
5137 0.0 60 0 0 4937 0.5 30 0 0 180 58.6 50.1 50.1
5137 0.0 60 0 0 4937 0.5 40 0 0 0 59.0 50.3 50.3
5137 0.0 60 0 0 4937 0.5 40 0 0 30 59.1 50.7 50.7
5137 0.0 60 0 0 4937 0.5 40 0 0 60 59.2 51.0 51.0
5137 0.0 60 0 0 4937 0.5 40 0 0 90 59.2 51.5 51.5
5137 0.0 60 0 0 4937 0.5 40 0 0 120 59.1 52.0 52.0
5137 0.0 60 0 0 4937 0.5 40 0 0 150 58.6 51.8 51.8
5137 0.0 60 0 0 4937 0.5 40 0 0 180 58.0 50.3 50.3
5137 0.0 60 0 0 4937 0.5 50 0 0 0 58.1 49.9 49.9
5137 0.0 60 0 0 4937 0.5 50 0 0 30 58.2 50.2 50.2
5137 0.0 60 0 0 4937 0.5 50 0 0 60 58.3 50.7 50.7
5137 0.0 60 0 0 4937 0.5 50 0 0 90 58.3 51.2 51.2
5137 0.0 60 0 0 4937 0.5 50 0 0 120 58.2 52.0 52.0
5137 0.0 60 0 0 4937 0.5 50 0 0 150 57.8 52.3 52.3
5137 0.0 60 0 0 4937 0.5 50 0 0 180 57.4 50.8 50.8
5137 0.0 60 0 0 4937 0.5 60 0 0 0 56.2 50.1 50.1
5137 0.0 60 0 0 4937 0.5 60 0 0 30 56.3 50.3 50.3
5137 0.0 60 0 0 4937 0.5 60 0 0 60 56.5 50.6 50.6
5137 0.0 60 0 0 4937 0.5 60 0 0 90 56.4 51.1 51.1
5137 0.0 60 0 0 4937 0.5 60 0 0 120 56.3 51.9 51.9
5137 0.0 60 0 0 4937 0.5 60 0 0 150 56.1 52.8 52.8
5137 0.0 60 0 0 4937 0.5 60 0 0 180 55.9 51.7 51.7
5137 0.0 60 0 0 5137 0.0 0 0 0 0 41.2 45.6 45.6
5137 0.0 60 0 0 5137 0.0 0 0 0 30 47.1 47.4 47.4
5137 0.0 60 0 0 5137 0.0 0 0 0 60 55.4 51.1 51.1
5137 0.0 60 0 0 5137 0.0 0 0 0 90 63.7 56.0 56.0
5137 0.0 60 0 0 5137 0.0 0 0 0 120 70.5 60.6 60.6
5137 0.0 60 0 0 5137 0.0 0 0 0 150 73.2 63.6 63.6
5137 0.0 60 0 0 5137 0.0 0 0 0 180 73.2 64.2 64.2
5137 0.0 60 0 0 5137 0.0 10 0 0 0 41.0 43.4 43.4
5137 0.0 60 0 0 5137 0.0 10 0 0 30 47.0 45.9 45.9
5137 0.0 60 0 0 5137 0.0 10 0 0 60 55.3 50.3 50.3
5137 0.0 60 0 0 5137 0.0 10 0 0 90 63.6 55.7 55.7
5137 0.0 60 0 0 5137 0.0 10 0 0 120 70.4 60.8 60.8
5137 0.0 60 0 0 5137 0.0 10 0 0 150 73.1 64.1 64.1
5137 0.0 60 0 0 5137 0.0 10 0 0 180 73.1 64.9 64.9
5137 0.0 60 0 0 5137 0.0 20 0 0 0 40.6 40.4 40.4
5137 0.0 60 0 0 5137 0.0 20 0 0 30 46.7 43.7 43.7
5137 0.0 60 0 0 5137 0.0 20 0 0 60 55.0 48.7 48.7
5137 0.0 60 0 0 5137 0.0 20 0 0 90 63.3 54.5 54.5
5137 0.0 60 0 0 5137 0.0 20 0 0 120 70.2 60.1 60.1
5137 0.0 60 0 0 5137 0.0 20 0 0 150 72.8 63.7 63.7
5137 0.0 60 0 0 5137 0.0 20 0 0 180 72.8 64.4 64.4
5137 0.0 60 0 0 5137 0.0 30 0 0 0 39.9 35.7 35.7
5137 0.0 60 0 0 5137 0.0 30 0 0 30 46.3 39.5 39.5
5137 0.0 60 0 0 5137 0.0 30 0 0 60 54.7 45.2 45.2
5137 0.0 60 0 0 5137 0.0 30 0 0 90 63.0 51.5 51.5
5137 0.0 60 0 0 5137 0.0 30 0 0 120 69.8 57.5 57.5
5137 0.0 60 0 0 5137 0.0 30 0 0 150 72.4 61.2 61.2
5137 0.0 60 0 0 5137 0.0 30 0 0 180 72.4 61.4 61.4
5137 0.0 60 0 0 5137 0.0 40 0 0 0 38.8 33.8 33.8
5137 0.0 60 0 0 5137 0.0 40 0 0 30 45.8 38.4 38.4
5137 0.0 60 0 0 5137 0.0 40 0 0 60 54.1 44.9 44.9
5137 0.0 60 0 0 5137 0.0 40 0 0 90 62.4 51.6 51.6
5137 0.0 60 0 0 5137 0.0 40 0 0 120 69.2 57.8 57.8
5137 0.0 60 0 0 5137 0.0 40 0 0 150 71.6 61.1 61.1
5137 0.0 60 0 0 5137 0.0 40 0 0 180 71.6 61.2 61.2
5137 0.0 60 0 0 5137 0.0 50 0 0 0 37.4 33.0 33.0
5137 0.0 60 0 0 5137 0.0 50 0 0 30 45.1 38.4 38.4
5137 0.0 60 0 0 5137 0.0 50 0 0 60 53.4 45.5 45.5
5137 0.0 60 0 0 5137 0.0 50 0 0 90 61.6 52.4 52.4
5137 0.0 60 0 0 5137 0.0 50 0 0 120 68.2 58.8 58.8
5137 0.0 60 0 0 5137 0.0 50 0 0 150 70.5 62.0 62.0
5137 0.0 60 0 0 5137 0.0 50 0 0 180 70.5 62.1 62.1
5137 0.0 60 0 0 5137 0.0 60 0 0 0 35.6 33.0 33.0
5137 0.0 60 0 0 5137 0.0 60 0 0 30 44.0 39.3 39.3
5137 0.0 60 0 0 5137 0.0 60 0 0 60 52.3 46.6 46.6
5137 0.0 60 0 0 5137 0.0 60 0 0 90 60.1 53.9 53.9
5137 0.0 60 0 0 5137 0.0 60 0 0 120 66.4 60.5 60.5
5137 0.0 60 0 0 5137 0.0 60 0 0 150 68.6 63.9 63.9
5137 0.0 60 0 0 5137 0.0 60 0 0 180 68.6 63.9 63.9
5137 0.0 60 0 0 5137 0.1 0 0 0 0 41.5 45.5 45.5
5137 0.0 60 0 0 5137 0.1 0 0 0 30 46.1 46.9 46.9
5137 0.0 60 0 0 5137 0.1 0 0 0 60 52.7 49.7 49.7
5137 0.0 60 0 0 5137 0.1 0 0 0 90 60.5 54.0 54.0
5137 0.0 60 0 0 5137 0.1 0 0 0 120 68.5 59.5 59.5
5137 0.0 60 0 0 5137 0.1 0 0 0 150 72.6 63.7 63.7
5137 0.0 60 0 0 5137 0.1 0 0 0 180 73.2 63.8 63.8
5137 0.0 60 0 0 5137 0.1 10 0 0 0 41.4 43.3 43.3
5137 0.0 60 0 0 5137 0.1 10 0 0 30 45.9 45.2 45.2
5137 0.0 60 0 0 5137 0.1 10 0 0 60 52.6 48.7 48.7
5137 0.0 60 0 0 5137 0.1 10 0 0 90 60.4 53.4 53.4
5137 0.0 60 0 0 5137 0.1 10 0 0 120 68.3 59.4 59.4
5137 0.0 60 0 0 5137 0.1 10 0 0 150 72.5 64.2 64.2
5137 0.0 60 0 0 5137 0.1 10 0 0 180 73.1 64.4 64.4
5137 0.0 60 0 0 5137 0.1 20 0 0 0 41.0 40.4 40.4
5137 0.0 60 0 0 5137 0.1 20 0 0 30 45.6 42.8 42.8
5137 0.0 60 0 0 5137 0.1 20 0 0 60 52.4 46.8 46.8
5137 0.0 60 0 0 5137 0.1 20 0 0 90 60.2 52.1 52.1
5137 0.0 60 0 0 5137 0.1 20 0 0 120 68.1 58.4 58.4
5137 0.0 60 0 0 5137 0.1 20 0 0 150 72.3 63.8 63.8
5137 0.0 60 0 0 5137 0.1 20 0 0 180 72.9 64.0 64.0
5137 0.0 60 0 0 5137 0.1 30 0 0 0 40.5 35.7 35.7
5137 0.0 60 0 0 5137 0.1 30 0 0 30 45.1 38.5 38.5
5137 0.0 60 0 0 5137 0.1 30 0 0 60 52.0 43.1 43.1
5137 0.0 60 0 0 5137 0.1 30 0 0 90 59.8 49.0 49.0
5137 0.0 60 0 0 5137 0.1 30 0 0 120 67.8 55.7 55.7
5137 0.0 60 0 0 5137 0.1 30 0 0 150 71.9 61.1 61.1
5137 0.0 60 0 0 5137 0.1 30 0 0 180 72.4 61.2 61.2
5137 0.0 60 0 0 5137 0.1 40 0 0 0 39.6 34.0 34.0
5137 0.0 60 0 0 5137 0.1 40 0 0 30 44.4 37.2 37.2
5137 0.0 60 0 0 5137 0.1 40 0 0 60 51.5 42.6 42.6
5137 0.0 60 0 0 5137 0.1 40 0 0 90 59.3 48.9 48.9
5137 0.0 60 0 0 5137 0.1 40 0 0 120 67.2 55.7 55.7
5137 0.0 60 0 0 5137 0.1 40 0 0 150 71.3 60.9 60.9
5137 0.0 60 0 0 5137 0.1 40 0 0 180 71.6 61.0 61.0
5137 0.0 60 0 0 5137 0.1 50 0 0 0 38.6 33.3 33.3
5137 0.0 60 0 0 5137 0.1 50 0 0 30 43.6 36.9 36.9
5137 0.0 60 0 0 5137 0.1 50 0 0 60 50.8 42.9 42.9
5137 0.0 60 0 0 5137 0.1 50 0 0 90 58.6 49.4 49.4
5137 0.0 60 0 0 5137 0.1 50 0 0 120 66.3 56.3 56.3
5137 0.0 60 0 0 5137 0.1 50 0 0 150 70.2 61.7 61.7
5137 0.0 60 0 0 5137 0.1 50 0 0 180 70.5 61.9 61.9
5137 0.0 60 0 0 5137 0.1 60 0 0 0 37.5 33.6 33.6
5137 0.0 60 0 0 5137 0.1 60 0 0 30 42.5 37.3 37.3
5137 0.0 60 0 0 5137 0.1 60 0 0 60 49.7 43.6 43.6
5137 0.0 60 0 0 5137 0.1 60 0 0 90 57.3 50.5 50.5
5137 0.0 60 0 0 5137 0.1 60 0 0 120 64.5 57.7 57.7
5137 0.0 60 0 0 5137 0.1 60 0 0 150 68.4 63.3 63.3
5137 0.0 60 0 0 5137 0.1 60 0 0 180 68.7 63.6 63.6
5137 0.0 60 0 0 5137 0.2 0 0 0 0 42.7 45.5 45.5
5137 0.0 60 0 0 5137 0.2 0 0 0 30 45.6 46.8 46.8
5137 0.0 60 0 0 5137 0.2 0 0 0 60 50.4 48.8 48.8
5137 0.0 60 0 0 5137 0.2 0 0 0 90 57.4 52.1 52.1
5137 0.0 60 0 0 5137 0.2 0 0 0 120 65.9 57.7 57.7
5137 0.0 60 0 0 5137 0.2 0 0 0 150 71.3 63.8 63.8
5137 0.0 60 0 0 5137 0.2 0 0 0 180 73.2 63.0 63.0
5137 0.0 60 0 0 5137 0.2 10 0 0 0 42.6 43.4 43.4
5137 0.0 60 0 0 5137 0.2 10 0 0 30 45.4 44.9 44.9
5137 0.0 60 0 0 5137 0.2 10 0 0 60 50.3 47.5 47.5
5137 0.0 60 0 0 5137 0.2 10 0 0 90 57.3 51.3 51.3
5137 0.0 60 0 0 5137 0.2 10 0 0 120 65.7 57.3 57.3
5137 0.0 60 0 0 5137 0.2 10 0 0 150 71.3 64.2 64.2
5137 0.0 60 0 0 5137 0.2 10 0 0 180 73.1 63.5 63.5
5137 0.0 60 0 0 5137 0.2 20 0 0 0 42.3 40.6 40.6
5137 0.0 60 0 0 5137 0.2 20 0 0 30 45.1 42.4 42.4
5137 0.0 60 0 0 5137 0.2 20 0 0 60 50.0 45.4 45.4
5137 0.0 60 0 0 5137 0.2 20 0 0 90 57.1 49.7 49.7
5137 0.0 60 0 0 5137 0.2 20 0 0 120 65.5 56.2 56.2
5137 0.0 60 0 0 5137 0.2 20 0 0 150 71.1 63.5 63.5
5137 0.0 60 0 0 5137 0.2 20 0 0 180 72.9 63.3 63.3
5137 0.0 60 0 0 5137 0.2 30 0 0 0 41.9 36.3 36.3
5137 0.0 60 0 0 5137 0.2 30 0 0 30 44.5 38.2 38.2
5137 0.0 60 0 0 5137 0.2 30 0 0 60 49.6 41.7 41.7
5137 0.0 60 0 0 5137 0.2 30 0 0 90 56.7 46.7 46.7
5137 0.0 60 0 0 5137 0.2 30 0 0 120 65.1 53.4 53.4
5137 0.0 60 0 0 5137 0.2 30 0 0 150 70.7 60.4 60.4
5137 0.0 60 0 0 5137 0.2 30 0 0 180 72.4 61.0 61.0
5137 0.0 60 0 0 5137 0.2 40 0 0 0 41.3 34.9 34.9
5137 0.0 60 0 0 5137 0.2 40 0 0 30 43.8 36.9 36.9
5137 0.0 60 0 0 5137 0.2 40 0 0 60 49.1 40.7 40.7
5137 0.0 60 0 0 5137 0.2 40 0 0 90 56.2 46.1 46.1
5137 0.0 60 0 0 5137 0.2 40 0 0 120 64.6 53.1 53.1
5137 0.0 60 0 0 5137 0.2 40 0 0 150 70.0 60.0 60.0
5137 0.0 60 0 0 5137 0.2 40 0 0 180 71.7 60.9 60.9
5137 0.0 60 0 0 5137 0.2 50 0 0 0 40.7 34.5 34.5
5137 0.0 60 0 0 5137 0.2 50 0 0 30 42.8 36.2 36.2
5137 0.0 60 0 0 5137 0.2 50 0 0 60 48.3 40.5 40.5
5137 0.0 60 0 0 5137 0.2 50 0 0 90 55.4 46.4 46.4
5137 0.0 60 0 0 5137 0.2 50 0 0 120 63.8 53.6 53.6
5137 0.0 60 0 0 5137 0.2 50 0 0 150 68.9 60.6 60.6
5137 0.0 60 0 0 5137 0.2 50 0 0 180 70.5 61.8 61.8
5137 0.0 60 0 0 5137 0.2 60 0 0 0 39.8 34.9 34.9
5137 0.0 60 0 0 5137 0.2 60 0 0 30 41.5 35.7 35.7
5137 0.0 60 0 0 5137 0.2 60 0 0 60 47.3 40.8 40.8
5137 0.0 60 0 0 5137 0.2 60 0 0 90 54.4 47.1 47.1
5137 0.0 60 0 0 5137 0.2 60 0 0 120 62.2 54.6 54.6
5137 0.0 60 0 0 5137 0.2 60 0 0 150 67.1 61.9 61.9
5137 0.0 60 0 0 5137 0.2 60 0 0 180 68.7 63.4 63.4
5137 0.0 60 0 0 5137 0.3 0 0 0 0 44.3 45.6 45.6
5137 0.0 60 0 0 5137 0.3 0 0 0 30 45.9 46.7 46.7
5137 0.0 60 0 0 5137 0.3 0 0 0 60 49.0 48.3 48.3
5137 0.0 60 0 0 5137 0.3 0 0 0 90 54.4 50.8 50.8
5137 0.0 60 0 0 5137 0.3 0 0 0 120 62.9 55.2 55.2
5137 0.0 60 0 0 5137 0.3 0 0 0 150 69.7 63.3 63.3
5137 0.0 60 0 0 5137 0.3 0 0 0 180 73.2 61.9 61.9
5137 0.0 60 0 0 5137 0.3 10 0 0 0 44.2 43.7 43.7
5137 0.0 60 0 0 5137 0.3 10 0 0 30 45.7 44.9 44.9
5137 0.0 60 0 0 5137 0.3 10 0 0 60 48.8 46.8 46.8
5137 0.0 60 0 0 5137 0.3 10 0 0 90 54.2 49.7 49.7
5137 0.0 60 0 0 5137 0.3 10 0 0 120 62.8 54.8 54.8
5137 0.0 60 0 0 5137 0.3 10 0 0 150 69.7 63.3 63.3
5137 0.0 60 0 0 5137 0.3 10 0 0 180 73.1 62.5 62.5
5137 0.0 60 0 0 5137 0.3 20 0 0 0 44.0 41.1 41.1
5137 0.0 60 0 0 5137 0.3 20 0 0 30 45.5 42.2 42.2
5137 0.0 60 0 0 5137 0.3 20 0 0 60 48.5 44.4 44.4
5137 0.0 60 0 0 5137 0.3 20 0 0 90 54.0 47.7 47.7
5137 0.0 60 0 0 5137 0.3 20 0 0 120 62.5 53.4 53.4
5137 0.0 60 0 0 5137 0.3 20 0 0 150 69.4 62.2 62.2
5137 0.0 60 0 0 5137 0.3 20 0 0 180 72.8 62.2 62.2
5137 0.0 60 0 0 5137 0.3 30 0 0 0 43.7 37.5 37.5
5137 0.0 60 0 0 5137 0.3 30 0 0 30 45.1 38.5 38.5
5137 0.0 60 0 0 5137 0.3 30 0 0 60 48.0 41.0 41.0
5137 0.0 60 0 0 5137 0.3 30 0 0 90 53.6 44.8 44.8
5137 0.0 60 0 0 5137 0.3 30 0 0 120 62.2 51.0 51.0
5137 0.0 60 0 0 5137 0.3 30 0 0 150 69.0 59.2 59.2
5137 0.0 60 0 0 5137 0.3 30 0 0 180 72.4 60.9 60.9
5137 0.0 60 0 0 5137 0.3 40 0 0 0 43.3 36.4 36.4
5137 0.0 60 0 0 5137 0.3 40 0 0 30 44.5 37.1 37.1
5137 0.0 60 0 0 5137 0.3 40 0 0 60 47.3 39.7 39.7
5137 0.0 60 0 0 5137 0.3 40 0 0 90 53.1 43.9 43.9
5137 0.0 60 0 0 5137 0.3 40 0 0 120 61.6 50.5 50.5
5137 0.0 60 0 0 5137 0.3 40 0 0 150 68.3 58.7 58.7
5137 0.0 60 0 0 5137 0.3 40 0 0 180 71.7 61.0 61.0
5137 0.0 60 0 0 5137 0.3 50 0 0 0 42.9 36.1 36.1
5137 0.0 60 0 0 5137 0.3 50 0 0 30 43.8 36.5 36.5
5137 0.0 60 0 0 5137 0.3 50 0 0 60 46.3 38.9 38.9
5137 0.0 60 0 0 5137 0.3 50 0 0 90 52.4 43.5 43.5
5137 0.0 60 0 0 5137 0.3 50 0 0 120 60.9 50.5 50.5
5137 0.0 60 0 0 5137 0.3 50 0 0 150 67.2 58.9 58.9
5137 0.0 60 0 0 5137 0.3 50 0 0 180 70.5 61.8 61.8
5137 0.0 60 0 0 5137 0.3 60 0 0 0 42.3 36.4 36.4
5137 0.0 60 0 0 5137 0.3 60 0 0 30 43.1 36.6 36.6
5137 0.0 60 0 0 5137 0.3 60 0 0 60 45.1 38.5 38.5
5137 0.0 60 0 0 5137 0.3 60 0 0 90 51.3 43.8 43.8
5137 0.0 60 0 0 5137 0.3 60 0 0 120 59.3 51.2 51.2
5137 0.0 60 0 0 5137 0.3 60 0 0 150 65.3 59.8 59.8
5137 0.0 60 0 0 5137 0.3 60 0 0 180 68.6 63.1 63.1
5137 0.0 60 0 0 5137 0.4 0 0 0 0 46.1 45.9 45.9
5137 0.0 60 0 0 5137 0.4 0 0 0 30 46.9 46.8 46.8
5137 0.0 60 0 0 5137 0.4 0 0 0 60 48.5 48.0 48.0
5137 0.0 60 0 0 5137 0.4 0 0 0 90 52.0 50.0 50.0
5137 0.0 60 0 0 5137 0.4 0 0 0 120 59.5 53.4 53.4
5137 0.0 60 0 0 5137 0.4 0 0 0 150 67.7 61.7 61.7
5137 0.0 60 0 0 5137 0.4 0 0 0 180 72.5 60.7 60.7
5137 0.0 60 0 0 5137 0.4 10 0 0 0 46.0 44.3 44.3
5137 0.0 60 0 0 5137 0.4 10 0 0 30 46.9 44.9 44.9
5137 0.0 60 0 0 5137 0.4 10 0 0 60 48.4 46.4 46.4
5137 0.0 60 0 0 5137 0.4 10 0 0 90 51.8 48.6 48.6
5137 0.0 60 0 0 5137 0.4 10 0 0 120 59.4 52.6 52.6
5137 0.0 60 0 0 5137 0.4 10 0 0 150 67.6 61.4 61.4
5137 0.0 60 0 0 5137 0.4 10 0 0 180 72.4 61.3 61.3
5137 0.0 60 0 0 5137 0.4 20 0 0 0 45.9 41.6 41.6
5137 0.0 60 0 0 5137 0.4 20 0 0 30 46.7 42.0 42.0
5137 0.0 60 0 0 5137 0.4 20 0 0 60 48.1 43.6 43.6
5137 0.0 60 0 0 5137 0.4 20 0 0 90 51.5 46.1 46.1
5137 0.0 60 0 0 5137 0.4 20 0 0 120 59.1 50.7 50.7
5137 0.0 60 0 0 5137 0.4 20 0 0 150 67.4 59.6 59.6
5137 0.0 60 0 0 5137 0.4 20 0 0 180 72.2 60.6 60.6
5137 0.0 60 0 0 5137 0.4 30 0 0 0 45.7 39.1 39.1
5137 0.0 60 0 0 5137 0.4 30 0 0 30 46.4 39.5 39.5
5137 0.0 60 0 0 5137 0.4 30 0 0 60 47.8 40.9 40.9
5137 0.0 60 0 0 5137 0.4 30 0 0 90 51.0 43.7 43.7
5137 0.0 60 0 0 5137 0.4 30 0 0 120 58.7 48.6 48.6
5137 0.0 60 0 0 5137 0.4 30 0 0 150 66.9 57.5 57.5
5137 0.0 60 0 0 5137 0.4 30 0 0 180 71.8 60.4 60.4
5137 0.0 60 0 0 5137 0.4 40 0 0 0 45.5 38.2 38.2
5137 0.0 60 0 0 5137 0.4 40 0 0 30 46.1 38.4 38.4
5137 0.0 60 0 0 5137 0.4 40 0 0 60 47.3 39.5 39.5
5137 0.0 60 0 0 5137 0.4 40 0 0 90 50.4 42.3 42.3
5137 0.0 60 0 0 5137 0.4 40 0 0 120 58.2 47.8 47.8
5137 0.0 60 0 0 5137 0.4 40 0 0 150 66.2 56.9 56.9
5137 0.0 60 0 0 5137 0.4 40 0 0 180 71.1 61.1 61.1
5137 0.0 60 0 0 5137 0.4 50 0 0 0 45.2 37.9 37.9
5137 0.0 60 0 0 5137 0.4 50 0 0 30 45.7 38.0 38.0
5137 0.0 60 0 0 5137 0.4 50 0 0 60 46.7 38.7 38.7
5137 0.0 60 0 0 5137 0.4 50 0 0 90 49.5 41.6 41.6
5137 0.0 60 0 0 5137 0.4 50 0 0 120 57.5 47.5 47.5
5137 0.0 60 0 0 5137 0.4 50 0 0 150 65.0 56.9 56.9
5137 0.0 60 0 0 5137 0.4 50 0 0 180 70.1 61.8 61.8
5137 0.0 60 0 0 5137 0.4 60 0 0 0 44.7 38.1 38.1
5137 0.0 60 0 0 5137 0.4 60 0 0 30 45.2 38.1 38.1
5137 0.0 60 0 0 5137 0.4 60 0 0 60 46.1 38.6 38.6
5137 0.0 60 0 0 5137 0.4 60 0 0 90 48.4 41.0 41.0
5137 0.0 60 0 0 5137 0.4 60 0 0 120 56.0 47.7 47.7
5137 0.0 60 0 0 5137 0.4 60 0 0 150 63.0 57.4 57.4
5137 0.0 60 0 0 5137 0.4 60 0 0 180 68.0 62.9 62.9
5137 0.0 60 0 0 5137 0.5 0 0 0 0 48.0 46.5 46.5
5137 0.0 60 0 0 5137 0.5 0 0 0 30 48.5 46.9 46.9
5137 0.0 60 0 0 5137 0.5 0 0 0 60 49.3 47.8 47.8
5137 0.0 60 0 0 5137 0.5 0 0 0 90 50.9 49.4 49.4
5137 0.0 60 0 0 5137 0.5 0 0 0 120 56.0 52.2 52.2
5137 0.0 60 0 0 5137 0.5 0 0 0 150 65.2 59.2 59.2
5137 0.0 60 0 0 5137 0.5 0 0 0 180 71.3 59.2 59.2
5137 0.0 60 0 0 5137 0.5 10 0 0 0 48.0 45.1 45.1
5137 0.0 60 0 0 5137 0.5 10 0 0 30 48.5 45.3 45.3
5137 0.0 60 0 0 5137 0.5 10 0 0 60 49.2 46.1 46.1
5137 0.0 60 0 0 5137 0.5 10 0 0 90 50.8 47.9 47.9
5137 0.0 60 0 0 5137 0.5 10 0 0 120 55.8 51.0 51.0
5137 0.0 60 0 0 5137 0.5 10 0 0 150 65.2 58.8 58.8
5137 0.0 60 0 0 5137 0.5 10 0 0 180 71.3 59.6 59.6
5137 0.0 60 0 0 5137 0.5 20 0 0 0 47.9 42.7 42.7
5137 0.0 60 0 0 5137 0.5 20 0 0 30 48.4 42.9 42.9
5137 0.0 60 0 0 5137 0.5 20 0 0 60 49.1 43.5 43.5
5137 0.0 60 0 0 5137 0.5 20 0 0 90 50.6 45.4 45.4
5137 0.0 60 0 0 5137 0.5 20 0 0 120 55.6 48.9 48.9
5137 0.0 60 0 0 5137 0.5 20 0 0 150 64.9 56.9 56.9
5137 0.0 60 0 0 5137 0.5 20 0 0 180 71.0 59.1 59.1
5137 0.0 60 0 0 5137 0.5 30 0 0 0 47.8 41.1 41.1
5137 0.0 60 0 0 5137 0.5 30 0 0 30 48.2 41.2 41.2
5137 0.0 60 0 0 5137 0.5 30 0 0 60 48.8 41.6 41.6
5137 0.0 60 0 0 5137 0.5 30 0 0 90 50.3 43.2 43.2
5137 0.0 60 0 0 5137 0.5 30 0 0 120 55.1 46.9 46.9
5137 0.0 60 0 0 5137 0.5 30 0 0 150 64.4 55.5 55.5
5137 0.0 60 0 0 5137 0.5 30 0 0 180 70.6 59.8 59.8
5137 0.0 60 0 0 5137 0.5 40 0 0 0 47.7 40.2 40.2
5137 0.0 60 0 0 5137 0.5 40 0 0 30 48.0 40.2 40.2
5137 0.0 60 0 0 5137 0.5 40 0 0 60 48.6 40.6 40.6
5137 0.0 60 0 0 5137 0.5 40 0 0 90 49.9 41.9 41.9
5137 0.0 60 0 0 5137 0.5 40 0 0 120 54.6 45.7 45.7
5137 0.0 60 0 0 5137 0.5 40 0 0 150 63.6 54.7 54.7
5137 0.0 60 0 0 5137 0.5 40 0 0 180 69.8 60.7 60.7
5137 0.0 60 0 0 5137 0.5 50 0 0 0 47.5 39.8 39.8
5137 0.0 60 0 0 5137 0.5 50 0 0 30 47.8 39.8 39.8
5137 0.0 60 0 0 5137 0.5 50 0 0 60 48.3 40.0 40.0
5137 0.0 60 0 0 5137 0.5 50 0 0 90 49.4 40.9 40.9
5137 0.0 60 0 0 5137 0.5 50 0 0 120 53.8 44.9 44.9
5137 0.0 60 0 0 5137 0.5 50 0 0 150 62.4 54.6 54.6
5137 0.0 60 0 0 5137 0.5 50 0 0 180 68.7 61.7 61.7
5137 0.0 60 0 0 5137 0.5 60 0 0 0 47.2 39.9 39.9
5137 0.0 60 0 0 5137 0.5 60 0 0 30 47.5 39.8 39.8
5137 0.0 60 0 0 5137 0.5 60 0 0 60 47.9 39.9 39.9
5137 0.0 60 0 0 5137 0.5 60 0 0 90 48.9 40.6 40.6
5137 0.0 60 0 0 5137 0.5 60 0 0 120 52.5 44.3 44.3
5137 0.0 60 0 0 5137 0.5 60 0 0 150 60.2 54.7 54.7
5137 0.0 60 0 0 5137 0.5 60 0 0 180 66.4 62.7 62.7
