4737 0 60 60 0 0 4737 0 0 0 0 0 48 61 61
4737 0 60 60 0 0 4737 0 0 0 0 90 48 58 58
4737 0 60 60 0 0 4737 0 0 0 0 180 64 72 72
4737 0 60 60 0 0 4737 0 0 0 20 0 46 59 59
4737 0 60 60 0 0 4737 0 0 0 20 90 52 59 59
4737 0 60 60 0 0 4737 0 0 0 20 180 66 75 75
4737 0 60 60 0 0 4737 0 0 0 40 0 44 58 58
4737 0 60 60 0 0 4737 0 0 0 40 90 57 63 63
4737 0 60 60 0 0 4737 0 0 0 40 180 67 76 76
4737 0 60 60 0 0 4737 0 0 0 60 0 45 58 58
4737 0 60 60 0 0 4737 0 0 0 60 90 60 67 67
4737 0 60 60 0 0 4737 0 0 0 60 180 68 75 75
4737 0 60 60 0 0 4737 0 0 60 0 0 45 58 58
4737 0 60 60 0 0 4737 0 0 60 0 90 60 67 67
4737 0 60 60 0 0 4737 0 0 60 0 180 68 75 75
4737 0 60 60 0 0 4737 0 0 60 20 0 47 58 58
4737 0 60 60 0 0 4737 0 0 60 20 90 63 71 71
4737 0 60 60 0 0 4737 0 0 60 20 180 68 72 72
4737 0 60 60 0 0 4737 0 0 60 40 0 50 58 58
4737 0 60 60 0 0 4737 0 0 60 40 90 65 74 74
4737 0 60 60 0 0 4737 0 0 60 40 180 65 70 70
4737 0 60 60 0 0 4737 0 0 60 60 0 54 61 61
4737 0 60 60 0 0 4737 0 0 60 60 90 67 76 76
4737 0 60 60 0 0 4737 0 0 60 60 180 62 67 67
4737 0 60 60 0 0 4737 0 0 120 0 0 54 61 61
4737 0 60 60 0 0 4737 0 0 120 0 90 67 76 76
4737 0 60 60 0 0 4737 0 0 120 0 180 62 67 67
4737 0 60 60 0 0 4737 0 0 120 20 0 59 65 65
4737 0 60 60 0 0 4737 0 0 120 20 90 68 76 76
4737 0 60 60 0 0 4737 0 0 120 20 180 58 65 65
4737 0 60 60 0 0 4737 0 0 120 40 0 61 69 69
4737 0 60 60 0 0 4737 0 0 120 40 90 68 74 74
4737 0 60 60 0 0 4737 0 0 120 40 180 53 63 63
4737 0 60 60 0 0 4737 0 0 120 60 0 64 72 72
4737 0 60 60 0 0 4737 0 0 120 60 90 67 71 71
4737 0 60 60 0 0 4737 0 0 120 60 180 48 61 61
4737 0 60 60 0 0 4737 0 30 0 0 0 48 55 55
4737 0 60 60 0 0 4737 0 30 0 0 90 47 50 50
4737 0 60 60 0 0 4737 0 30 0 0 180 63 69 69
4737 0 60 60 0 0 4737 0 30 0 20 0 45 55 55
4737 0 60 60 0 0 4737 0 30 0 20 90 51 53 53
4737 0 60 60 0 0 4737 0 30 0 20 180 65 72 72
4737 0 60 60 0 0 4737 0 30 0 40 0 43 55 55
4737 0 60 60 0 0 4737 0 30 0 40 90 56 56 56
4737 0 60 60 0 0 4737 0 30 0 40 180 66 73 73
4737 0 60 60 0 0 4737 0 30 0 60 0 44 56 56
4737 0 60 60 0 0 4737 0 30 0 60 90 59 60 60
4737 0 60 60 0 0 4737 0 30 0 60 180 67 73 73
4737 0 60 60 0 0 4737 0 30 60 0 0 44 50 50
4737 0 60 60 0 0 4737 0 30 60 0 90 59 62 62
4737 0 60 60 0 0 4737 0 30 60 0 180 67 75 75
4737 0 60 60 0 0 4737 0 30 60 20 0 46 51 51
4737 0 60 60 0 0 4737 0 30 60 20 90 62 65 65
4737 0 60 60 0 0 4737 0 30 60 20 180 67 74 74
4737 0 60 60 0 0 4737 0 30 60 40 0 49 53 53
4737 0 60 60 0 0 4737 0 30 60 40 90 64 68 68
4737 0 60 60 0 0 4737 0 30 60 40 180 65 73 73
4737 0 60 60 0 0 4737 0 30 60 60 0 53 56 56
4737 0 60 60 0 0 4737 0 30 60 60 90 65 70 70
4737 0 60 60 0 0 4737 0 30 60 60 180 61 71 71
4737 0 60 60 0 0 4737 0 30 120 0 0 53 55 55
4737 0 60 60 0 0 4737 0 30 120 0 90 66 74 74
4737 0 60 60 0 0 4737 0 30 120 0 180 62 66 66
4737 0 60 60 0 0 4737 0 30 120 20 0 58 59 59
4737 0 60 60 0 0 4737 0 30 120 20 90 67 76 76
4737 0 60 60 0 0 4737 0 30 120 20 180 57 65 65
4737 0 60 60 0 0 4737 0 30 120 40 0 61 62 62
4737 0 60 60 0 0 4737 0 30 120 40 90 67 76 76
4737 0 60 60 0 0 4737 0 30 120 40 180 53 64 64
4737 0 60 60 0 0 4737 0 30 120 60 0 63 65 65
4737 0 60 60 0 0 4737 0 30 120 60 90 66 74 74
4737 0 60 60 0 0 4737 0 30 120 60 180 48 63 63
4737 0 60 60 0 0 4737 0 60 0 0 0 46 55 55
4737 0 60 60 0 0 4737 0 60 0 0 90 43 52 52
4737 0 60 60 0 0 4737 0 60 0 0 180 60 70 70
4737 0 60 60 0 0 4737 0 60 0 20 0 43 55 55
4737 0 60 60 0 0 4737 0 60 0 20 90 47 54 54
4737 0 60 60 0 0 4737 0 60 0 20 180 61 72 72
4737 0 60 60 0 0 4737 0 60 0 40 0 41 56 56
4737 0 60 60 0 0 4737 0 60 0 40 90 51 57 57
4737 0 60 60 0 0 4737 0 60 0 40 180 61 74 74
4737 0 60 60 0 0 4737 0 60 0 60 0 43 57 57
4737 0 60 60 0 0 4737 0 60 0 60 90 55 59 59
4737 0 60 60 0 0 4737 0 60 0 60 180 62 74 74
4737 0 60 60 0 0 4737 0 60 60 0 0 41 49 49
4737 0 60 60 0 0 4737 0 60 60 0 90 56 63 63
4737 0 60 60 0 0 4737 0 60 60 0 180 63 79 79
4737 0 60 60 0 0 4737 0 60 60 20 0 42 52 52
4737 0 60 60 0 0 4737 0 60 60 20 90 58 66 66
4737 0 60 60 0 0 4737 0 60 60 20 180 63 78 78
4737 0 60 60 0 0 4737 0 60 60 40 0 46 54 54
4737 0 60 60 0 0 4737 0 60 60 40 90 59 68 68
4737 0 60 60 0 0 4737 0 60 60 40 180 61 77 77
4737 0 60 60 0 0 4737 0 60 60 60 0 49 56 56
4737 0 60 60 0 0 4737 0 60 60 60 90 60 69 69
4737 0 60 60 0 0 4737 0 60 60 60 180 58 75 75
4737 0 60 60 0 0 4737 0 60 120 0 0 50 56 56
4737 0 60 60 0 0 4737 0 60 120 0 90 63 75 75
4737 0 60 60 0 0 4737 0 60 120 0 180 59 69 69
4737 0 60 60 0 0 4737 0 60 120 20 0 54 59 59
4737 0 60 60 0 0 4737 0 60 120 20 90 63 77 77
4737 0 60 60 0 0 4737 0 60 120 20 180 56 68 68
4737 0 60 60 0 0 4737 0 60 120 40 0 56 62 62
4737 0 60 60 0 0 4737 0 60 120 40 90 62 78 78
4737 0 60 60 0 0 4737 0 60 120 40 180 51 68 68
4737 0 60 60 0 0 4737 0 60 120 60 0 58 63 63
4737 0 60 60 0 0 4737 0 60 120 60 90 61 77 77
4737 0 60 60 0 0 4737 0 60 120 60 180 47 67 67
4737 0 60 60 0 0 4737 0 0 0 0 0 48 59 59
4737 0 60 60 0 0 4737 0 0 0 0 90 44 58 58
4737 0 60 60 0 0 4737 0 0 0 0 180 62 72 72
4737 0 60 60 0 0 4737 0 0 0 20 0 44 58 58
4737 0 60 60 0 0 4737 0 0 0 20 90 47 58 58
4737 0 60 60 0 0 4737 0 0 0 20 180 65 74 74
4737 0 60 60 0 0 4737 0 0 0 40 0 42 57 57
4737 0 60 60 0 0 4737 0 0 0 40 90 52 59 59
4737 0 60 60 0 0 4737 0 0 0 40 180 66 75 75
4737 0 60 60 0 0 4737 0 0 0 60 0 42 56 56
4737 0 60 60 0 0 4737 0 0 0 60 90 57 62 62
4737 0 60 60 0 0 4737 0 0 0 60 180 68 74 74
4737 0 60 60 0 0 4737 0 0 60 0 0 42 56 56
4737 0 60 60 0 0 4737 0 0 60 0 90 57 62 62
4737 0 60 60 0 0 4737 0 0 60 0 180 68 74 74
4737 0 60 60 0 0 4737 0 0 60 20 0 45 56 56
4737 0 60 60 0 0 4737 0 0 60 20 90 60 67 67
4737 0 60 60 0 0 4737 0 0 60 20 180 67 72 72
4737 0 60 60 0 0 4737 0 0 60 40 0 49 57 57
4737 0 60 60 0 0 4737 0 0 60 40 90 63 70 70
4737 0 60 60 0 0 4737 0 0 60 40 180 64 70 70
4737 0 60 60 0 0 4737 0 0 60 60 0 54 60 60
4737 0 60 60 0 0 4737 0 0 60 60 90 65 73 73
4737 0 60 60 0 0 4737 0 0 60 60 180 61 67 67
4737 0 60 60 0 0 4737 0 0 120 0 0 54 60 60
4737 0 60 60 0 0 4737 0 0 120 0 90 65 73 73
4737 0 60 60 0 0 4737 0 0 120 0 180 61 67 67
4737 0 60 60 0 0 4737 0 0 120 20 0 59 65 65
4737 0 60 60 0 0 4737 0 0 120 20 90 67 76 76
4737 0 60 60 0 0 4737 0 0 120 20 180 57 66 66
4737 0 60 60 0 0 4737 0 0 120 40 0 63 69 69
4737 0 60 60 0 0 4737 0 0 120 40 90 68 77 77
4737 0 60 60 0 0 4737 0 0 120 40 180 53 64 64
4737 0 60 60 0 0 4737 0 0 120 60 0 65 72 72
4737 0 60 60 0 0 4737 0 0 120 60 90 68 75 75
4737 0 60 60 0 0 4737 0 0 120 60 180 50 62 62
4737 0 60 60 0 0 4737 0 30 0 0 0 48 54 54
4737 0 60 60 0 0 4737 0 30 0 0 90 43 49 49
4737 0 60 60 0 0 4737 0 30 0 0 180 62 68 68
4737 0 60 60 0 0 4737 0 30 0 20 0 43 54 54
4737 0 60 60 0 0 4737 0 30 0 20 90 46 50 50
4737 0 60 60 0 0 4737 0 30 0 20 180 64 71 71
4737 0 60 60 0 0 4737 0 30 0 40 0 41 53 53
4737 0 60 60 0 0 4737 0 30 0 40 90 51 52 52
4737 0 60 60 0 0 4737 0 30 0 40 180 65 72 72
4737 0 60 60 0 0 4737 0 30 0 60 0 42 54 54
4737 0 60 60 0 0 4737 0 30 0 60 90 56 56 56
4737 0 60 60 0 0 4737 0 30 0 60 180 66 73 73
4737 0 60 60 0 0 4737 0 30 60 0 0 41 50 50
4737 0 60 60 0 0 4737 0 30 60 0 90 56 60 60
4737 0 60 60 0 0 4737 0 30 60 0 180 67 75 75
4737 0 60 60 0 0 4737 0 30 60 20 0 44 50 50
4737 0 60 60 0 0 4737 0 30 60 20 90 59 63 63
4737 0 60 60 0 0 4737 0 30 60 20 180 66 75 75
4737 0 60 60 0 0 4737 0 30 60 40 0 48 53 53
4737 0 60 60 0 0 4737 0 30 60 40 90 62 66 66
4737 0 60 60 0 0 4737 0 30 60 40 180 63 74 74
4737 0 60 60 0 0 4737 0 30 60 60 0 53 57 57
4737 0 60 60 0 0 4737 0 30 60 60 90 64 69 69
4737 0 60 60 0 0 4737 0 30 60 60 180 60 73 73
4737 0 60 60 0 0 4737 0 30 120 0 0 53 57 57
4737 0 60 60 0 0 4737 0 30 120 0 90 65 73 73
4737 0 60 60 0 0 4737 0 30 120 0 180 60 68 68
4737 0 60 60 0 0 4737 0 30 120 20 0 58 61 61
4737 0 60 60 0 0 4737 0 30 120 20 90 66 76 76
4737 0 60 60 0 0 4737 0 30 120 20 180 57 67 67
4737 0 60 60 0 0 4737 0 30 120 40 0 62 64 64
4737 0 60 60 0 0 4737 0 30 120 40 90 67 77 77
4737 0 60 60 0 0 4737 0 30 120 40 180 53 66 66
4737 0 60 60 0 0 4737 0 30 120 60 0 64 67 67
4737 0 60 60 0 0 4737 0 30 120 60 90 67 78 78
4737 0 60 60 0 0 4737 0 30 120 60 180 49 65 65
4737 0 60 60 0 0 4737 0 60 0 0 0 46 55 55
4737 0 60 60 0 0 4737 0 60 0 0 90 40 49 49
4737 0 60 60 0 0 4737 0 60 0 0 180 58 69 69
4737 0 60 60 0 0 4737 0 60 0 20 0 42 55 55
4737 0 60 60 0 0 4737 0 60 0 20 90 43 51 51
4737 0 60 60 0 0 4737 0 60 0 20 180 59 71 71
4737 0 60 60 0 0 4737 0 60 0 40 0 39 55 55
4737 0 60 60 0 0 4737 0 60 0 40 90 47 53 53
4737 0 60 60 0 0 4737 0 60 0 40 180 60 72 72
4737 0 60 60 0 0 4737 0 60 0 60 0 40 55 55
4737 0 60 60 0 0 4737 0 60 0 60 90 51 56 56
4737 0 60 60 0 0 4737 0 60 0 60 180 61 73 73
4737 0 60 60 0 0 4737 0 60 60 0 0 38 49 49
4737 0 60 60 0 0 4737 0 60 60 0 90 52 62 62
4737 0 60 60 0 0 4737 0 60 60 0 180 63 81 81
4737 0 60 60 0 0 4737 0 60 60 20 0 40 52 52
4737 0 60 60 0 0 4737 0 60 60 20 90 55 65 65
4737 0 60 60 0 0 4737 0 60 60 20 180 61 81 81
4737 0 60 60 0 0 4737 0 60 60 40 0 45 55 55
4737 0 60 60 0 0 4737 0 60 60 40 90 57 67 67
4737 0 60 60 0 0 4737 0 60 60 40 180 59 81 81
4737 0 60 60 0 0 4737 0 60 60 60 0 49 58 58
4737 0 60 60 0 0 4737 0 60 60 60 90 59 68 68
4737 0 60 60 0 0 4737 0 60 60 60 180 56 79 79
4737 0 60 60 0 0 4737 0 60 120 0 0 50 60 60
4737 0 60 60 0 0 4737 0 60 120 0 90 62 77 77
4737 0 60 60 0 0 4737 0 60 120 0 180 58 72 72
4737 0 60 60 0 0 4737 0 60 120 20 0 54 63 63
4737 0 60 60 0 0 4737 0 60 120 20 90 62 79 79
4737 0 60 60 0 0 4737 0 60 120 20 180 55 72 72
4737 0 60 60 0 0 4737 0 60 120 40 0 57 65 65
4737 0 60 60 0 0 4737 0 60 120 40 90 62 80 80
4737 0 60 60 0 0 4737 0 60 120 40 180 51 71 71
4737 0 60 60 0 0 4737 0 60 120 60 0 59 67 67
4737 0 60 60 0 0 4737 0 60 120 60 90 61 80 80
4737 0 60 60 0 0 4737 0 60 120 60 180 46 71 71
4737 0 60 60 0 0 4737 0 0 0 0 0 48 58 58
4737 0 60 60 0 0 4737 0 0 0 0 90 42 57 57
4737 0 60 60 0 0 4737 0 0 0 0 180 61 70 70
4737 0 60 60 0 0 4737 0 0 0 20 0 43 56 56
4737 0 60 60 0 0 4737 0 0 0 20 90 43 57 57
4737 0 60 60 0 0 4737 0 0 0 20 180 63 72 72
4737 0 60 60 0 0 4737 0 0 0 40 0 40 55 55
4737 0 60 60 0 0 4737 0 0 0 40 90 47 58 58
4737 0 60 60 0 0 4737 0 0 0 40 180 65 72 72
4737 0 60 60 0 0 4737 0 0 0 60 0 41 54 54
4737 0 60 60 0 0 4737 0 0 0 60 90 52 59 59
4737 0 60 60 0 0 4737 0 0 0 60 180 66 72 72
4737 0 60 60 0 0 4737 0 0 60 0 0 41 54 54
4737 0 60 60 0 0 4737 0 0 60 0 90 52 59 59
4737 0 60 60 0 0 4737 0 0 60 0 180 66 72 72
4737 0 60 60 0 0 4737 0 0 60 20 0 44 55 55
4737 0 60 60 0 0 4737 0 0 60 20 90 57 62 62
4737 0 60 60 0 0 4737 0 0 60 20 180 65 71 71
4737 0 60 60 0 0 4737 0 0 60 40 0 49 57 57
4737 0 60 60 0 0 4737 0 0 60 40 90 61 66 66
4737 0 60 60 0 0 4737 0 0 60 40 180 63 70 70
4737 0 60 60 0 0 4737 0 0 60 60 0 54 60 60
4737 0 60 60 0 0 4737 0 0 60 60 90 64 70 70
4737 0 60 60 0 0 4737 0 0 60 60 180 60 68 68
4737 0 60 60 0 0 4737 0 0 120 0 0 54 60 60
4737 0 60 60 0 0 4737 0 0 120 0 90 64 70 70
4737 0 60 60 0 0 4737 0 0 120 0 180 60 68 68
4737 0 60 60 0 0 4737 0 0 120 20 0 59 64 64
4737 0 60 60 0 0 4737 0 0 120 20 90 67 73 73
4737 0 60 60 0 0 4737 0 0 120 20 180 56 67 67
4737 0 60 60 0 0 4737 0 0 120 40 0 64 68 68
4737 0 60 60 0 0 4737 0 0 120 40 90 68 76 76
4737 0 60 60 0 0 4737 0 0 120 40 180 54 65 65
4737 0 60 60 0 0 4737 0 0 120 60 0 66 72 72
4737 0 60 60 0 0 4737 0 0 120 60 90 68 77 77
4737 0 60 60 0 0 4737 0 0 120 60 180 51 64 64
4737 0 60 60 0 0 4737 0 30 0 0 0 48 53 53
4737 0 60 60 0 0 4737 0 30 0 0 90 41 49 49
4737 0 60 60 0 0 4737 0 30 0 0 180 60 68 68
4737 0 60 60 0 0 4737 0 30 0 20 0 43 53 53
4737 0 60 60 0 0 4737 0 30 0 20 90 42 49 49
4737 0 60 60 0 0 4737 0 30 0 20 180 62 70 70
4737 0 60 60 0 0 4737 0 30 0 40 0 40 52 52
4737 0 60 60 0 0 4737 0 30 0 40 90 46 50 50
4737 0 60 60 0 0 4737 0 30 0 40 180 64 71 71
4737 0 60 60 0 0 4737 0 30 0 60 0 40 52 52
4737 0 60 60 0 0 4737 0 30 0 60 90 51 52 52
4737 0 60 60 0 0 4737 0 30 0 60 180 65 72 72
4737 0 60 60 0 0 4737 0 30 60 0 0 39 49 49
4737 0 60 60 0 0 4737 0 30 60 0 90 51 58 58
4737 0 60 60 0 0 4737 0 30 60 0 180 65 75 75
4737 0 60 60 0 0 4737 0 30 60 20 0 43 50 50
4737 0 60 60 0 0 4737 0 30 60 20 90 56 60 60
4737 0 60 60 0 0 4737 0 30 60 20 180 64 76 76
4737 0 60 60 0 0 4737 0 30 60 40 0 47 54 54
4737 0 60 60 0 0 4737 0 30 60 40 90 60 64 64
4737 0 60 60 0 0 4737 0 30 60 40 180 62 76 76
4737 0 60 60 0 0 4737 0 30 60 60 0 53 58 58
4737 0 60 60 0 0 4737 0 30 60 60 90 63 68 68
4737 0 60 60 0 0 4737 0 30 60 60 180 59 74 74
4737 0 60 60 0 0 4737 0 30 120 0 0 53 59 59
4737 0 60 60 0 0 4737 0 30 120 0 90 63 71 71
4737 0 60 60 0 0 4737 0 30 120 0 180 59 70 70
4737 0 60 60 0 0 4737 0 30 120 20 0 58 63 63
4737 0 60 60 0 0 4737 0 30 120 20 90 66 74 74
4737 0 60 60 0 0 4737 0 30 120 20 180 56 69 69
4737 0 60 60 0 0 4737 0 30 120 40 0 62 67 67
4737 0 60 60 0 0 4737 0 30 120 40 90 67 77 77
4737 0 60 60 0 0 4737 0 30 120 40 180 52 68 68
4737 0 60 60 0 0 4737 0 30 120 60 0 65 70 70
4737 0 60 60 0 0 4737 0 30 120 60 90 67 78 78
4737 0 60 60 0 0 4737 0 30 120 60 180 50 67 67
4737 0 60 60 0 0 4737 0 60 0 0 0 46 56 56
4737 0 60 60 0 0 4737 0 60 0 0 90 38 49 49
4737 0 60 60 0 0 4737 0 60 0 0 180 56 67 67
4737 0 60 60 0 0 4737 0 60 0 20 0 41 55 55
4737 0 60 60 0 0 4737 0 60 0 20 90 38 49 49
4737 0 60 60 0 0 4737 0 60 0 20 180 58 69 69
4737 0 60 60 0 0 4737 0 60 0 40 0 39 55 55
4737 0 60 60 0 0 4737 0 60 0 40 90 43 50 50
4737 0 60 60 0 0 4737 0 60 0 40 180 59 71 71
4737 0 60 60 0 0 4737 0 60 0 60 0 39 54 54
4737 0 60 60 0 0 4737 0 60 0 60 90 48 52 52
4737 0 60 60 0 0 4737 0 60 0 60 180 58 72 72
4737 0 60 60 0 0 4737 0 60 60 0 0 35 49 49
4737 0 60 60 0 0 4737 0 60 60 0 90 47 60 60
4737 0 60 60 0 0 4737 0 60 60 0 180 61 82 82
4737 0 60 60 0 0 4737 0 60 60 20 0 39 53 53
4737 0 60 60 0 0 4737 0 60 60 20 90 51 63 63
4737 0 60 60 0 0 4737 0 60 60 20 180 60 83 83
4737 0 60 60 0 0 4737 0 60 60 40 0 44 57 57
4737 0 60 60 0 0 4737 0 60 60 40 90 54 66 66
4737 0 60 60 0 0 4737 0 60 60 40 180 57 83 83
4737 0 60 60 0 0 4737 0 60 60 60 0 49 60 60
4737 0 60 60 0 0 4737 0 60 60 60 90 57 68 68
4737 0 60 60 0 0 4737 0 60 60 60 180 54 82 82
4737 0 60 60 0 0 4737 0 60 120 0 0 50 63 63
4737 0 60 60 0 0 4737 0 60 120 0 90 60 77 77
4737 0 60 60 0 0 4737 0 60 120 0 180 56 76 76
4737 0 60 60 0 0 4737 0 60 120 20 0 54 66 66
4737 0 60 60 0 0 4737 0 60 120 20 90 61 79 79
4737 0 60 60 0 0 4737 0 60 120 20 180 53 76 76
4737 0 60 60 0 0 4737 0 60 120 40 0 57 68 68
4737 0 60 60 0 0 4737 0 60 120 40 90 61 80 80
4737 0 60 60 0 0 4737 0 60 120 40 180 50 76 76
4737 0 60 60 0 0 4737 0 60 120 60 0 59 70 70
4737 0 60 60 0 0 4737 0 60 120 60 90 61 81 81
4737 0 60 60 0 0 4737 0 60 120 60 180 46 75 75
4737 0 60 60 0 0 4737 0 0 0 0 0 48 56 56
4737 0 60 60 0 0 4737 0 0 0 0 90 42 56 56
4737 0 60 60 0 0 4737 0 0 0 0 180 59 68 68
4737 0 60 60 0 0 4737 0 0 0 20 0 43 54 54
4737 0 60 60 0 0 4737 0 0 0 20 90 41 56 56
4737 0 60 60 0 0 4737 0 0 0 20 180 62 69 69
4737 0 60 60 0 0 4737 0 0 0 40 0 40 53 53
4737 0 60 60 0 0 4737 0 0 0 40 90 43 56 56
4737 0 60 60 0 0 4737 0 0 0 40 180 64 69 69
4737 0 60 60 0 0 4737 0 0 0 60 0 40 53 53
4737 0 60 60 0 0 4737 0 0 0 60 90 48 57 57
4737 0 60 60 0 0 4737 0 0 0 60 180 63 69 69
4737 0 60 60 0 0 4737 0 0 60 0 0 40 53 53
4737 0 60 60 0 0 4737 0 0 60 0 90 48 57 57
4737 0 60 60 0 0 4737 0 0 60 0 180 63 69 69
4737 0 60 60 0 0 4737 0 0 60 20 0 44 54 54
4737 0 60 60 0 0 4737 0 0 60 20 90 53 59 59
4737 0 60 60 0 0 4737 0 0 60 20 180 63 69 69
4737 0 60 60 0 0 4737 0 0 60 40 0 49 56 56
4737 0 60 60 0 0 4737 0 0 60 40 90 57 62 62
4737 0 60 60 0 0 4737 0 0 60 40 180 61 69 69
4737 0 60 60 0 0 4737 0 0 60 60 0 54 59 59
4737 0 60 60 0 0 4737 0 0 60 60 90 62 65 65
4737 0 60 60 0 0 4737 0 0 60 60 180 58 69 69
4737 0 60 60 0 0 4737 0 0 120 0 0 54 59 59
4737 0 60 60 0 0 4737 0 0 120 0 90 62 65 65
4737 0 60 60 0 0 4737 0 0 120 0 180 58 69 69
4737 0 60 60 0 0 4737 0 0 120 20 0 59 63 63
4737 0 60 60 0 0 4737 0 0 120 20 90 66 69 69
4737 0 60 60 0 0 4737 0 0 120 20 180 56 68 68
4737 0 60 60 0 0 4737 0 0 120 40 0 64 67 67
4737 0 60 60 0 0 4737 0 0 120 40 90 68 72 72
4737 0 60 60 0 0 4737 0 0 120 40 180 54 67 67
4737 0 60 60 0 0 4737 0 0 120 60 0 67 71 71
4737 0 60 60 0 0 4737 0 0 120 60 90 68 75 75
4737 0 60 60 0 0 4737 0 0 120 60 180 53 65 65
4737 0 60 60 0 0 4737 0 30 0 0 0 48 53 53
4737 0 60 60 0 0 4737 0 30 0 0 90 42 50 50
4737 0 60 60 0 0 4737 0 30 0 0 180 58 67 67
4737 0 60 60 0 0 4737 0 30 0 20 0 43 52 52
4737 0 60 60 0 0 4737 0 30 0 20 90 40 49 49
4737 0 60 60 0 0 4737 0 30 0 20 180 61 68 68
4737 0 60 60 0 0 4737 0 30 0 40 0 39 52 52
4737 0 60 60 0 0 4737 0 30 0 40 90 42 49 49
4737 0 60 60 0 0 4737 0 30 0 40 180 62 69 69
4737 0 60 60 0 0 4737 0 30 0 60 0 40 51 51
4737 0 60 60 0 0 4737 0 30 0 60 90 47 51 51
4737 0 60 60 0 0 4737 0 30 0 60 180 62 71 71
4737 0 60 60 0 0 4737 0 30 60 0 0 38 50 50
4737 0 60 60 0 0 4737 0 30 60 0 90 46 56 56
4737 0 60 60 0 0 4737 0 30 60 0 180 63 75 75
4737 0 60 60 0 0 4737 0 30 60 20 0 42 52 52
4737 0 60 60 0 0 4737 0 30 60 20 90 51 59 59
4737 0 60 60 0 0 4737 0 30 60 20 180 62 75 75
4737 0 60 60 0 0 4737 0 30 60 40 0 47 55 55
4737 0 60 60 0 0 4737 0 30 60 40 90 56 62 62
4737 0 60 60 0 0 4737 0 30 60 40 180 60 76 76
4737 0 60 60 0 0 4737 0 30 60 60 0 52 59 59
4737 0 60 60 0 0 4737 0 30 60 60 90 60 66 66
4737 0 60 60 0 0 4737 0 30 60 60 180 57 76 76
4737 0 60 60 0 0 4737 0 30 120 0 0 53 61 61
4737 0 60 60 0 0 4737 0 30 120 0 90 61 69 69
4737 0 60 60 0 0 4737 0 30 120 0 180 57 71 71
4737 0 60 60 0 0 4737 0 30 120 20 0 58 65 65
4737 0 60 60 0 0 4737 0 30 120 20 90 65 73 73
4737 0 60 60 0 0 4737 0 30 120 20 180 55 71 71
4737 0 60 60 0 0 4737 0 30 120 40 0 63 69 69
4737 0 60 60 0 0 4737 0 30 120 40 90 66 76 76
4737 0 60 60 0 0 4737 0 30 120 40 180 53 70 70
4737 0 60 60 0 0 4737 0 30 120 60 0 65 72 72
4737 0 60 60 0 0 4737 0 30 120 60 90 66 78 78
4737 0 60 60 0 0 4737 0 30 120 60 180 52 69 69
4737 0 60 60 0 0 4737 0 60 0 0 0 46 56 56
4737 0 60 60 0 0 4737 0 60 0 0 90 40 49 49
4737 0 60 60 0 0 4737 0 60 0 0 180 54 66 66
4737 0 60 60 0 0 4737 0 60 0 20 0 41 55 55
4737 0 60 60 0 0 4737 0 60 0 20 90 38 49 49
4737 0 60 60 0 0 4737 0 60 0 20 180 56 68 68
4737 0 60 60 0 0 4737 0 60 0 40 0 39 54 54
4737 0 60 60 0 0 4737 0 60 0 40 90 40 50 50
4737 0 60 60 0 0 4737 0 60 0 40 180 56 70 70
4737 0 60 60 0 0 4737 0 60 0 60 0 40 54 54
4737 0 60 60 0 0 4737 0 60 0 60 90 44 51 51
4737 0 60 60 0 0 4737 0 60 0 60 180 56 71 71
4737 0 60 60 0 0 4737 0 60 60 0 0 32 50 50
4737 0 60 60 0 0 4737 0 60 60 0 90 42 59 59
4737 0 60 60 0 0 4737 0 60 60 0 180 59 84 84
4737 0 60 60 0 0 4737 0 60 60 20 0 37 54 54
4737 0 60 60 0 0 4737 0 60 60 20 90 46 62 62
4737 0 60 60 0 0 4737 0 60 60 20 180 57 84 84
4737 0 60 60 0 0 4737 0 60 60 40 0 42 59 59
4737 0 60 60 0 0 4737 0 60 60 40 90 50 65 65
4737 0 60 60 0 0 4737 0 60 60 40 180 55 84 84
4737 0 60 60 0 0 4737 0 60 60 60 0 47 63 63
4737 0 60 60 0 0 4737 0 60 60 60 90 54 68 68
4737 0 60 60 0 0 4737 0 60 60 60 180 52 84 84
4737 0 60 60 0 0 4737 0 60 120 0 0 49 67 67
4737 0 60 60 0 0 4737 0 60 120 0 90 57 77 77
4737 0 60 60 0 0 4737 0 60 120 0 180 54 79 79
4737 0 60 60 0 0 4737 0 60 120 20 0 54 70 70
4737 0 60 60 0 0 4737 0 60 120 20 90 60 79 79
4737 0 60 60 0 0 4737 0 60 120 20 180 51 80 80
4737 0 60 60 0 0 4737 0 60 120 40 0 57 72 72
4737 0 60 60 0 0 4737 0 60 120 40 90 60 80 80
4737 0 60 60 0 0 4737 0 60 120 40 180 48 80 80
4737 0 60 60 0 0 4737 0 60 120 60 0 59 73 73
4737 0 60 60 0 0 4737 0 60 120 60 90 60 81 81
4737 0 60 60 0 0 4737 0 60 120 60 180 47 79 79
4737 0 60 60 20 0 4737 0 0 0 0 0 53 62 62
4737 0 60 60 20 0 4737 0 0 0 0 90 45 57 57
4737 0 60 60 20 0 4737 0 0 0 0 180 61 69 69
4737 0 60 60 20 0 4737 0 0 0 20 0 48 61 61
4737 0 60 60 20 0 4737 0 0 0 20 90 48 58 58
4737 0 60 60 20 0 4737 0 0 0 20 180 64 72 72
4737 0 60 60 20 0 4737 0 0 0 40 0 46 59 59
4737 0 60 60 20 0 4737 0 0 0 40 90 52 59 59
4737 0 60 60 20 0 4737 0 0 0 40 180 66 75 75
4737 0 60 60 20 0 4737 0 0 0 60 0 44 58 58
4737 0 60 60 20 0 4737 0 0 0 60 90 57 63 63
4737 0 60 60 20 0 4737 0 0 0 60 180 67 76 76
4737 0 60 60 20 0 4737 0 0 60 0 0 44 58 58
4737 0 60 60 20 0 4737 0 0 60 0 90 57 63 63
4737 0 60 60 20 0 4737 0 0 60 0 180 67 76 76
4737 0 60 60 20 0 4737 0 0 60 20 0 45 57 57
4737 0 60 60 20 0 4737 0 0 60 20 90 60 67 67
4737 0 60 60 20 0 4737 0 0 60 20 180 68 75 75
4737 0 60 60 20 0 4737 0 0 60 40 0 47 57 57
4737 0 60 60 20 0 4737 0 0 60 40 90 63 71 71
4737 0 60 60 20 0 4737 0 0 60 40 180 68 73 73
4737 0 60 60 20 0 4737 0 0 60 60 0 50 58 58
4737 0 60 60 20 0 4737 0 0 60 60 90 65 74 74
4737 0 60 60 20 0 4737 0 0 60 60 180 65 70 70
4737 0 60 60 20 0 4737 0 0 120 0 0 50 58 58
4737 0 60 60 20 0 4737 0 0 120 0 90 65 74 74
4737 0 60 60 20 0 4737 0 0 120 0 180 65 70 70
4737 0 60 60 20 0 4737 0 0 120 20 0 54 61 61
4737 0 60 60 20 0 4737 0 0 120 20 90 67 76 76
4737 0 60 60 20 0 4737 0 0 120 20 180 62 67 67
4737 0 60 60 20 0 4737 0 0 120 40 0 59 65 65
4737 0 60 60 20 0 4737 0 0 120 40 90 68 76 76
4737 0 60 60 20 0 4737 0 0 120 40 180 58 65 65
4737 0 60 60 20 0 4737 0 0 120 60 0 61 69 69
4737 0 60 60 20 0 4737 0 0 120 60 90 68 74 74
4737 0 60 60 20 0 4737 0 0 120 60 180 53 62 62
4737 0 60 60 20 0 4737 0 30 0 0 0 53 56 56
4737 0 60 60 20 0 4737 0 30 0 0 90 45 50 50
4737 0 60 60 20 0 4737 0 30 0 0 180 61 66 66
4737 0 60 60 20 0 4737 0 30 0 20 0 48 55 55
4737 0 60 60 20 0 4737 0 30 0 20 90 47 50 50
4737 0 60 60 20 0 4737 0 30 0 20 180 63 69 69
4737 0 60 60 20 0 4737 0 30 0 40 0 45 55 55
4737 0 60 60 20 0 4737 0 30 0 40 90 51 53 53
4737 0 60 60 20 0 4737 0 30 0 40 180 65 72 72
4737 0 60 60 20 0 4737 0 30 0 60 0 43 55 55
4737 0 60 60 20 0 4737 0 30 0 60 90 56 56 56
4737 0 60 60 20 0 4737 0 30 0 60 180 66 73 73
4737 0 60 60 20 0 4737 0 30 60 0 0 43 50 50
4737 0 60 60 20 0 4737 0 30 60 0 90 56 59 59
4737 0 60 60 20 0 4737 0 30 60 0 180 67 75 75
4737 0 60 60 20 0 4737 0 30 60 20 0 44 50 50
4737 0 60 60 20 0 4737 0 30 60 20 90 59 62 62
4737 0 60 60 20 0 4737 0 30 60 20 180 67 75 75
4737 0 60 60 20 0 4737 0 30 60 40 0 46 51 51
4737 0 60 60 20 0 4737 0 30 60 40 90 62 65 65
4737 0 60 60 20 0 4737 0 30 60 40 180 67 74 74
4737 0 60 60 20 0 4737 0 30 60 60 0 49 53 53
4737 0 60 60 20 0 4737 0 30 60 60 90 64 68 68
4737 0 60 60 20 0 4737 0 30 60 60 180 65 73 73
4737 0 60 60 20 0 4737 0 30 120 0 0 49 53 53
4737 0 60 60 20 0 4737 0 30 120 0 90 64 72 72
4737 0 60 60 20 0 4737 0 30 120 0 180 65 67 67
4737 0 60 60 20 0 4737 0 30 120 20 0 53 55 55
4737 0 60 60 20 0 4737 0 30 120 20 90 66 74 74
4737 0 60 60 20 0 4737 0 30 120 20 180 62 66 66
4737 0 60 60 20 0 4737 0 30 120 40 0 58 59 59
4737 0 60 60 20 0 4737 0 30 120 40 90 67 75 75
4737 0 60 60 20 0 4737 0 30 120 40 180 58 65 65
4737 0 60 60 20 0 4737 0 30 120 60 0 61 62 62
4737 0 60 60 20 0 4737 0 30 120 60 90 67 76 76
4737 0 60 60 20 0 4737 0 30 120 60 180 53 64 64
4737 0 60 60 20 0 4737 0 60 0 0 0 51 56 56
4737 0 60 60 20 0 4737 0 60 0 0 90 42 50 50
4737 0 60 60 20 0 4737 0 60 0 0 180 58 68 68
4737 0 60 60 20 0 4737 0 60 0 20 0 46 55 55
4737 0 60 60 20 0 4737 0 60 0 20 90 43 52 52
4737 0 60 60 20 0 4737 0 60 0 20 180 60 70 70
4737 0 60 60 20 0 4737 0 60 0 40 0 43 55 55
4737 0 60 60 20 0 4737 0 60 0 40 90 47 54 54
4737 0 60 60 20 0 4737 0 60 0 40 180 60 73 73
4737 0 60 60 20 0 4737 0 60 0 60 0 41 56 56
4737 0 60 60 20 0 4737 0 60 0 60 90 51 57 57
4737 0 60 60 20 0 4737 0 60 0 60 180 61 74 74
4737 0 60 60 20 0 4737 0 60 60 0 0 41 49 49
4737 0 60 60 20 0 4737 0 60 60 0 90 53 61 61
4737 0 60 60 20 0 4737 0 60 60 0 180 63 78 78
4737 0 60 60 20 0 4737 0 60 60 20 0 41 50 50
4737 0 60 60 20 0 4737 0 60 60 20 90 56 63 63
4737 0 60 60 20 0 4737 0 60 60 20 180 63 79 79
4737 0 60 60 20 0 4737 0 60 60 40 0 42 52 52
4737 0 60 60 20 0 4737 0 60 60 40 90 58 66 66
4737 0 60 60 20 0 4737 0 60 60 40 180 62 79 79
4737 0 60 60 20 0 4737 0 60 60 60 0 45 54 54
4737 0 60 60 20 0 4737 0 60 60 60 90 59 68 68
4737 0 60 60 20 0 4737 0 60 60 60 180 60 78 78
4737 0 60 60 20 0 4737 0 60 120 0 0 46 54 54
4737 0 60 60 20 0 4737 0 60 120 0 90 62 74 74
4737 0 60 60 20 0 4737 0 60 120 0 180 62 70 70
4737 0 60 60 20 0 4737 0 60 120 20 0 50 56 56
4737 0 60 60 20 0 4737 0 60 120 20 90 62 76 76
4737 0 60 60 20 0 4737 0 60 120 20 180 59 69 69
4737 0 60 60 20 0 4737 0 60 120 40 0 54 59 59
4737 0 60 60 20 0 4737 0 60 120 40 90 62 77 77
4737 0 60 60 20 0 4737 0 60 120 40 180 56 68 68
4737 0 60 60 20 0 4737 0 60 120 60 0 56 62 62
4737 0 60 60 20 0 4737 0 60 120 60 90 62 78 78
4737 0 60 60 20 0 4737 0 60 120 60 180 51 68 68
4737 0 60 60 20 0 4737 0 0 0 0 0 53 61 61
4737 0 60 60 20 0 4737 0 0 0 0 90 43 58 58
4737 0 60 60 20 0 4737 0 0 0 0 180 60 69 69
4737 0 60 60 20 0 4737 0 0 0 20 0 48 59 59
4737 0 60 60 20 0 4737 0 0 0 20 90 44 57 57
4737 0 60 60 20 0 4737 0 0 0 20 180 62 71 71
4737 0 60 60 20 0 4737 0 0 0 40 0 44 57 57
4737 0 60 60 20 0 4737 0 0 0 40 90 47 58 58
4737 0 60 60 20 0 4737 0 0 0 40 180 65 74 74
4737 0 60 60 20 0 4737 0 0 0 60 0 42 56 56
4737 0 60 60 20 0 4737 0 0 0 60 90 52 59 59
4737 0 60 60 20 0 4737 0 0 0 60 180 66 75 75
4737 0 60 60 20 0 4737 0 0 60 0 0 42 56 56
4737 0 60 60 20 0 4737 0 0 60 0 90 52 59 59
4737 0 60 60 20 0 4737 0 0 60 0 180 66 75 75
4737 0 60 60 20 0 4737 0 0 60 20 0 42 56 56
4737 0 60 60 20 0 4737 0 0 60 20 90 57 62 62
4737 0 60 60 20 0 4737 0 0 60 20 180 68 74 74
4737 0 60 60 20 0 4737 0 0 60 40 0 45 56 56
4737 0 60 60 20 0 4737 0 0 60 40 90 60 67 67
4737 0 60 60 20 0 4737 0 0 60 40 180 67 72 72
4737 0 60 60 20 0 4737 0 0 60 60 0 49 57 57
4737 0 60 60 20 0 4737 0 0 60 60 90 63 70 70
4737 0 60 60 20 0 4737 0 0 60 60 180 64 70 70
4737 0 60 60 20 0 4737 0 0 120 0 0 49 57 57
4737 0 60 60 20 0 4737 0 0 120 0 90 63 70 70
4737 0 60 60 20 0 4737 0 0 120 0 180 64 70 70
4737 0 60 60 20 0 4737 0 0 120 20 0 54 60 60
4737 0 60 60 20 0 4737 0 0 120 20 90 65 73 73
4737 0 60 60 20 0 4737 0 0 120 20 180 61 68 68
4737 0 60 60 20 0 4737 0 0 120 40 0 59 65 65
4737 0 60 60 20 0 4737 0 0 120 40 90 67 76 76
4737 0 60 60 20 0 4737 0 0 120 40 180 57 66 66
4737 0 60 60 20 0 4737 0 0 120 60 0 63 69 69
4737 0 60 60 20 0 4737 0 0 120 60 90 68 77 77
4737 0 60 60 20 0 4737 0 0 120 60 180 53 64 64
4737 0 60 60 20 0 4737 0 30 0 0 0 53 55 55
4737 0 60 60 20 0 4737 0 30 0 0 90 42 50 50
4737 0 60 60 20 0 4737 0 30 0 0 180 59 66 66
4737 0 60 60 20 0 4737 0 30 0 20 0 48 54 54
4737 0 60 60 20 0 4737 0 30 0 20 90 43 49 49
4737 0 60 60 20 0 4737 0 30 0 20 180 62 68 68
4737 0 60 60 20 0 4737 0 30 0 40 0 43 53 53
4737 0 60 60 20 0 4737 0 30 0 40 90 46 49 49
4737 0 60 60 20 0 4737 0 30 0 40 180 64 70 70
4737 0 60 60 20 0 4737 0 30 0 60 0 41 53 53
4737 0 60 60 20 0 4737 0 30 0 60 90 51 52 52
4737 0 60 60 20 0 4737 0 30 0 60 180 65 72 72
4737 0 60 60 20 0 4737 0 30 60 0 0 41 49 49
4737 0 60 60 20 0 4737 0 30 60 0 90 51 57 57
4737 0 60 60 20 0 4737 0 30 60 0 180 66 75 75
4737 0 60 60 20 0 4737 0 30 60 20 0 41 49 49
4737 0 60 60 20 0 4737 0 30 60 20 90 56 60 60
4737 0 60 60 20 0 4737 0 30 60 20 180 67 75 75
4737 0 60 60 20 0 4737 0 30 60 40 0 44 50 50
4737 0 60 60 20 0 4737 0 30 60 40 90 59 63 63
4737 0 60 60 20 0 4737 0 30 60 40 180 66 75 75
4737 0 60 60 20 0 4737 0 30 60 60 0 48 53 53
4737 0 60 60 20 0 4737 0 30 60 60 90 62 66 66
4737 0 60 60 20 0 4737 0 30 60 60 180 63 75 75
4737 0 60 60 20 0 4737 0 30 120 0 0 48 54 54
4737 0 60 60 20 0 4737 0 30 120 0 90 62 70 70
4737 0 60 60 20 0 4737 0 30 120 0 180 64 69 69
4737 0 60 60 20 0 4737 0 30 120 20 0 53 57 57
4737 0 60 60 20 0 4737 0 30 120 20 90 65 73 73
4737 0 60 60 20 0 4737 0 30 120 20 180 60 68 68
4737 0 60 60 20 0 4737 0 30 120 40 0 58 61 61
4737 0 60 60 20 0 4737 0 30 120 40 90 66 76 76
4737 0 60 60 20 0 4737 0 30 120 40 180 57 67 67
4737 0 60 60 20 0 4737 0 30 120 60 0 62 65 65
4737 0 60 60 20 0 4737 0 30 120 60 90 67 78 78
4737 0 60 60 20 0 4737 0 30 120 60 180 53 66 66
4737 0 60 60 20 0 4737 0 60 0 0 0 51 56 56
4737 0 60 60 20 0 4737 0 60 0 0 90 40 49 49
4737 0 60 60 20 0 4737 0 60 0 0 180 56 67 67
4737 0 60 60 20 0 4737 0 60 0 20 0 46 56 56
4737 0 60 60 20 0 4737 0 60 0 20 90 40 49 49
4737 0 60 60 20 0 4737 0 60 0 20 180 58 69 69
4737 0 60 60 20 0 4737 0 60 0 40 0 42 55 55
4737 0 60 60 20 0 4737 0 60 0 40 90 43 51 51
4737 0 60 60 20 0 4737 0 60 0 40 180 59 71 71
4737 0 60 60 20 0 4737 0 60 0 60 0 39 55 55
4737 0 60 60 20 0 4737 0 60 0 60 90 47 53 53
4737 0 60 60 20 0 4737 0 60 0 60 180 60 72 72
4737 0 60 60 20 0 4737 0 60 60 0 0 38 49 49
4737 0 60 60 20 0 4737 0 60 60 0 90 48 60 60
4737 0 60 60 20 0 4737 0 60 60 0 180 63 80 80
4737 0 60 60 20 0 4737 0 60 60 20 0 37 50 50
4737 0 60 60 20 0 4737 0 60 60 20 90 52 62 62
4737 0 60 60 20 0 4737 0 60 60 20 180 62 81 81
4737 0 60 60 20 0 4737 0 60 60 40 0 40 52 52
4737 0 60 60 20 0 4737 0 60 60 40 90 55 65 65
4737 0 60 60 20 0 4737 0 60 60 40 180 61 82 82
4737 0 60 60 20 0 4737 0 60 60 60 0 45 55 55
4737 0 60 60 20 0 4737 0 60 60 60 90 57 67 67
4737 0 60 60 20 0 4737 0 60 60 60 180 59 81 81
4737 0 60 60 20 0 4737 0 60 120 0 0 45 58 58
4737 0 60 60 20 0 4737 0 60 120 0 90 60 75 75
4737 0 60 60 20 0 4737 0 60 120 0 180 61 73 73
4737 0 60 60 20 0 4737 0 60 120 20 0 50 60 60
4737 0 60 60 20 0 4737 0 60 120 20 90 61 77 77
4737 0 60 60 20 0 4737 0 60 120 20 180 58 73 73
4737 0 60 60 20 0 4737 0 60 120 40 0 54 63 63
4737 0 60 60 20 0 4737 0 60 120 40 90 62 80 80
4737 0 60 60 20 0 4737 0 60 120 40 180 54 72 72
4737 0 60 60 20 0 4737 0 60 120 60 0 57 65 65
4737 0 60 60 20 0 4737 0 60 120 60 90 62 80 80
4737 0 60 60 20 0 4737 0 60 120 60 180 51 71 71
4737 0 60 60 20 0 4737 0 0 0 0 0 53 60 60
4737 0 60 60 20 0 4737 0 0 0 0 90 43 57 57
4737 0 60 60 20 0 4737 0 0 0 0 180 59 68 68
4737 0 60 60 20 0 4737 0 0 0 20 0 48 58 58
4737 0 60 60 20 0 4737 0 0 0 20 90 42 57 57
4737 0 60 60 20 0 4737 0 0 0 20 180 61 70 70
4737 0 60 60 20 0 4737 0 0 0 40 0 43 56 56
4737 0 60 60 20 0 4737 0 0 0 40 90 43 57 57
4737 0 60 60 20 0 4737 0 0 0 40 180 63 72 72
4737 0 60 60 20 0 4737 0 0 0 60 0 40 55 55
4737 0 60 60 20 0 4737 0 0 0 60 90 47 57 57
4737 0 60 60 20 0 4737 0 0 0 60 180 65 72 72
4737 0 60 60 20 0 4737 0 0 60 0 0 40 55 55
4737 0 60 60 20 0 4737 0 0 60 0 90 47 57 57
4737 0 60 60 20 0 4737 0 0 60 0 180 65 72 72
4737 0 60 60 20 0 4737 0 0 60 20 0 41 54 54
4737 0 60 60 20 0 4737 0 0 60 20 90 52 59 59
4737 0 60 60 20 0 4737 0 0 60 20 180 66 72 72
4737 0 60 60 20 0 4737 0 0 60 40 0 44 54 54
4737 0 60 60 20 0 4737 0 0 60 40 90 57 62 62
4737 0 60 60 20 0 4737 0 0 60 40 180 65 71 71
4737 0 60 60 20 0 4737 0 0 60 60 0 49 57 57
4737 0 60 60 20 0 4737 0 0 60 60 90 61 66 66
4737 0 60 60 20 0 4737 0 0 60 60 180 63 70 70
4737 0 60 60 20 0 4737 0 0 120 0 0 49 57 57
4737 0 60 60 20 0 4737 0 0 120 0 90 61 66 66
4737 0 60 60 20 0 4737 0 0 120 0 180 63 70 70
4737 0 60 60 20 0 4737 0 0 120 20 0 54 60 60
4737 0 60 60 20 0 4737 0 0 120 20 90 64 70 70
4737 0 60 60 20 0 4737 0 0 120 20 180 59 68 68
4737 0 60 60 20 0 4737 0 0 120 40 0 59 64 64
4737 0 60 60 20 0 4737 0 0 120 40 90 67 73 73
4737 0 60 60 20 0 4737 0 0 120 40 180 56 67 67
4737 0 60 60 20 0 4737 0 0 120 60 0 64 68 68
4737 0 60 60 20 0 4737 0 0 120 60 90 68 76 76
4737 0 60 60 20 0 4737 0 0 120 60 180 54 65 65
4737 0 60 60 20 0 4737 0 30 0 0 0 53 55 55
4737 0 60 60 20 0 4737 0 30 0 0 90 42 50 50
4737 0 60 60 20 0 4737 0 30 0 0 180 58 65 65
4737 0 60 60 20 0 4737 0 30 0 20 0 48 54 54
4737 0 60 60 20 0 4737 0 30 0 20 90 41 49 49
4737 0 60 60 20 0 4737 0 30 0 20 180 60 67 67
4737 0 60 60 20 0 4737 0 30 0 40 0 43 53 53
4737 0 60 60 20 0 4737 0 30 0 40 90 42 49 49
4737 0 60 60 20 0 4737 0 30 0 40 180 62 69 69
4737 0 60 60 20 0 4737 0 30 0 60 0 40 52 52
4737 0 60 60 20 0 4737 0 30 0 60 90 46 50 50
4737 0 60 60 20 0 4737 0 30 0 60 180 64 71 71
4737 0 60 60 20 0 4737 0 30 60 0 0 39 49 49
4737 0 60 60 20 0 4737 0 30 60 0 90 46 55 55
4737 0 60 60 20 0 4737 0 30 60 0 180 64 75 75
4737 0 60 60 20 0 4737 0 30 60 20 0 39 49 49
4737 0 60 60 20 0 4737 0 30 60 20 90 51 58 58
4737 0 60 60 20 0 4737 0 30 60 20 180 65 75 75
4737 0 60 60 20 0 4737 0 30 60 40 0 42 50 50
4737 0 60 60 20 0 4737 0 30 60 40 90 56 60 60
4737 0 60 60 20 0 4737 0 30 60 40 180 64 76 76
4737 0 60 60 20 0 4737 0 30 60 60 0 47 54 54
4737 0 60 60 20 0 4737 0 30 60 60 90 60 64 64
4737 0 60 60 20 0 4737 0 30 60 60 180 61 76 76
4737 0 60 60 20 0 4737 0 30 120 0 0 48 56 56
4737 0 60 60 20 0 4737 0 30 120 0 90 60 68 68
4737 0 60 60 20 0 4737 0 30 120 0 180 62 71 71
4737 0 60 60 20 0 4737 0 30 120 20 0 53 59 59
4737 0 60 60 20 0 4737 0 30 120 20 90 63 71 71
4737 0 60 60 20 0 4737 0 30 120 20 180 59 70 70
4737 0 60 60 20 0 4737 0 30 120 40 0 58 63 63
4737 0 60 60 20 0 4737 0 30 120 40 90 66 74 74
4737 0 60 60 20 0 4737 0 30 120 40 180 56 69 69
4737 0 60 60 20 0 4737 0 30 120 60 0 62 67 67
4737 0 60 60 20 0 4737 0 30 120 60 90 67 77 77
4737 0 60 60 20 0 4737 0 30 120 60 180 52 68 68
4737 0 60 60 20 0 4737 0 60 0 0 0 51 57 57
4737 0 60 60 20 0 4737 0 60 0 0 90 40 49 49
4737 0 60 60 20 0 4737 0 60 0 0 180 54 66 66
4737 0 60 60 20 0 4737 0 60 0 20 0 46 56 56
4737 0 60 60 20 0 4737 0 60 0 20 90 38 49 49
4737 0 60 60 20 0 4737 0 60 0 20 180 56 67 67
4737 0 60 60 20 0 4737 0 60 0 40 0 41 55 55
4737 0 60 60 20 0 4737 0 60 0 40 90 38 49 49
4737 0 60 60 20 0 4737 0 60 0 40 180 57 69 69
4737 0 60 60 20 0 4737 0 60 0 60 0 39 55 55
4737 0 60 60 20 0 4737 0 60 0 60 90 43 50 50
4737 0 60 60 20 0 4737 0 60 0 60 180 58 71 71
4737 0 60 60 20 0 4737 0 60 60 0 0 36 49 49
4737 0 60 60 20 0 4737 0 60 60 0 90 43 59 59
4737 0 60 60 20 0 4737 0 60 60 0 180 61 82 82
4737 0 60 60 20 0 4737 0 60 60 20 0 34 50 50
4737 0 60 60 20 0 4737 0 60 60 20 90 47 61 61
4737 0 60 60 20 0 4737 0 60 60 20 180 61 83 83
4737 0 60 60 20 0 4737 0 60 60 40 0 38 53 53
4737 0 60 60 20 0 4737 0 60 60 40 90 51 63 63
4737 0 60 60 20 0 4737 0 60 60 40 180 59 84 84
4737 0 60 60 20 0 4737 0 60 60 60 0 44 57 57
4737 0 60 60 20 0 4737 0 60 60 60 90 54 66 66
4737 0 60 60 20 0 4737 0 60 60 60 180 57 84 84
4737 0 60 60 20 0 4737 0 60 120 0 0 44 61 61
4737 0 60 60 20 0 4737 0 60 120 0 90 57 75 75
4737 0 60 60 20 0 4737 0 60 120 0 180 59 77 77
4737 0 60 60 20 0 4737 0 60 120 20 0 49 64 64
4737 0 60 60 20 0 4737 0 60 120 20 90 60 78 78
4737 0 60 60 20 0 4737 0 60 120 20 180 56 76 76
4737 0 60 60 20 0 4737 0 60 120 40 0 54 66 66
4737 0 60 60 20 0 4737 0 60 120 40 90 61 80 80
4737 0 60 60 20 0 4737 0 60 120 40 180 53 76 76
4737 0 60 60 20 0 4737 0 60 120 60 0 57 68 68
4737 0 60 60 20 0 4737 0 60 120 60 90 61 81 81
4737 0 60 60 20 0 4737 0 60 120 60 180 50 76 76
4737 0 60 60 20 0 4737 0 0 0 0 0 53 59 59
4737 0 60 60 20 0 4737 0 0 0 0 90 46 57 57
4737 0 60 60 20 0 4737 0 0 0 0 180 57 67 67
4737 0 60 60 20 0 4737 0 0 0 20 0 48 56 56
4737 0 60 60 20 0 4737 0 0 0 20 90 42 56 56
4737 0 60 60 20 0 4737 0 0 0 20 180 60 68 68
4737 0 60 60 20 0 4737 0 0 0 40 0 43 54 54
4737 0 60 60 20 0 4737 0 0 0 40 90 41 55 55
4737 0 60 60 20 0 4737 0 0 0 40 180 62 69 69
4737 0 60 60 20 0 4737 0 0 0 60 0 40 53 53
4737 0 60 60 20 0 4737 0 0 0 60 90 43 56 56
4737 0 60 60 20 0 4737 0 0 0 60 180 64 69 69
4737 0 60 60 20 0 4737 0 0 60 0 0 40 53 53
4737 0 60 60 20 0 4737 0 0 60 0 90 43 56 56
4737 0 60 60 20 0 4737 0 0 60 0 180 64 69 69
4737 0 60 60 20 0 4737 0 0 60 20 0 40 53 53
4737 0 60 60 20 0 4737 0 0 60 20 90 48 57 57
4737 0 60 60 20 0 4737 0 0 60 20 180 63 69 69
4737 0 60 60 20 0 4737 0 0 60 40 0 44 54 54
4737 0 60 60 20 0 4737 0 0 60 40 90 53 59 59
4737 0 60 60 20 0 4737 0 0 60 40 180 63 70 70
4737 0 60 60 20 0 4737 0 0 60 60 0 49 56 56
4737 0 60 60 20 0 4737 0 0 60 60 90 57 62 62
4737 0 60 60 20 0 4737 0 0 60 60 180 61 70 70
4737 0 60 60 20 0 4737 0 0 120 0 0 49 56 56
4737 0 60 60 20 0 4737 0 0 120 0 90 57 62 62
4737 0 60 60 20 0 4737 0 0 120 0 180 61 70 70
4737 0 60 60 20 0 4737 0 0 120 20 0 54 59 59
4737 0 60 60 20 0 4737 0 0 120 20 90 62 65 65
4737 0 60 60 20 0 4737 0 0 120 20 180 58 69 69
4737 0 60 60 20 0 4737 0 0 120 40 0 59 63 63
4737 0 60 60 20 0 4737 0 0 120 40 90 66 69 69
4737 0 60 60 20 0 4737 0 0 120 40 180 56 68 68
4737 0 60 60 20 0 4737 0 0 120 60 0 64 67 67
4737 0 60 60 20 0 4737 0 0 120 60 90 68 73 73
4737 0 60 60 20 0 4737 0 0 120 60 180 54 67 67
4737 0 60 60 20 0 4737 0 30 0 0 0 53 55 55
4737 0 60 60 20 0 4737 0 30 0 0 90 45 50 50
4737 0 60 60 20 0 4737 0 30 0 0 180 56 65 65
4737 0 60 60 20 0 4737 0 30 0 20 0 48 53 53
4737 0 60 60 20 0 4737 0 30 0 20 90 41 49 49
4737 0 60 60 20 0 4737 0 30 0 20 180 59 67 67
4737 0 60 60 20 0 4737 0 30 0 40 0 43 52 52
4737 0 60 60 20 0 4737 0 30 0 40 90 40 49 49
4737 0 60 60 20 0 4737 0 30 0 40 180 61 68 68
4737 0 60 60 20 0 4737 0 30 0 60 0 39 52 52
4737 0 60 60 20 0 4737 0 30 0 60 90 42 49 49
4737 0 60 60 20 0 4737 0 30 0 60 180 62 69 69
4737 0 60 60 20 0 4737 0 30 60 0 0 38 50 50
4737 0 60 60 20 0 4737 0 30 60 0 90 42 55 55
4737 0 60 60 20 0 4737 0 30 60 0 180 62 74 74
4737 0 60 60 20 0 4737 0 30 60 20 0 38 50 50
4737 0 60 60 20 0 4737 0 30 60 20 90 46 56 56
4737 0 60 60 20 0 4737 0 30 60 20 180 63 75 75
4737 0 60 60 20 0 4737 0 30 60 40 0 42 52 52
4737 0 60 60 20 0 4737 0 30 60 40 90 51 59 59
4737 0 60 60 20 0 4737 0 30 60 40 180 62 75 75
4737 0 60 60 20 0 4737 0 30 60 60 0 47 55 55
4737 0 60 60 20 0 4737 0 30 60 60 90 56 62 62
4737 0 60 60 20 0 4737 0 30 60 60 180 60 76 76
4737 0 60 60 20 0 4737 0 30 120 0 0 47 58 58
4737 0 60 60 20 0 4737 0 30 120 0 90 56 66 66
4737 0 60 60 20 0 4737 0 30 120 0 180 60 72 72
4737 0 60 60 20 0 4737 0 30 120 20 0 53 61 61
4737 0 60 60 20 0 4737 0 30 120 20 90 61 69 69
4737 0 60 60 20 0 4737 0 30 120 20 180 57 71 71
4737 0 60 60 20 0 4737 0 30 120 40 0 58 65 65
4737 0 60 60 20 0 4737 0 30 120 40 90 65 73 73
4737 0 60 60 20 0 4737 0 30 120 40 180 54 71 71
4737 0 60 60 20 0 4737 0 30 120 60 0 62 69 69
4737 0 60 60 20 0 4737 0 30 120 60 90 66 76 76
4737 0 60 60 20 0 4737 0 30 120 60 180 53 70 70
4737 0 60 60 20 0 4737 0 60 0 0 0 50 58 58
4737 0 60 60 20 0 4737 0 60 0 0 90 43 50 50
4737 0 60 60 20 0 4737 0 60 0 0 180 52 65 65
4737 0 60 60 20 0 4737 0 60 0 20 0 46 56 56
4737 0 60 60 20 0 4737 0 60 0 20 90 39 49 49
4737 0 60 60 20 0 4737 0 60 0 20 180 54 66 66
4737 0 60 60 20 0 4737 0 60 0 40 0 41 55 55
4737 0 60 60 20 0 4737 0 60 0 40 90 38 49 49
4737 0 60 60 20 0 4737 0 60 0 40 180 55 68 68
4737 0 60 60 20 0 4737 0 60 0 60 0 39 54 54
4737 0 60 60 20 0 4737 0 60 0 60 90 40 50 50
4737 0 60 60 20 0 4737 0 60 0 60 180 56 70 70
4737 0 60 60 20 0 4737 0 60 60 0 0 35 52 52
4737 0 60 60 20 0 4737 0 60 60 0 90 37 58 58
4737 0 60 60 20 0 4737 0 60 60 0 180 58 84 84
4737 0 60 60 20 0 4737 0 60 60 20 0 32 50 50
4737 0 60 60 20 0 4737 0 60 60 20 90 41 59 59
4737 0 60 60 20 0 4737 0 60 60 20 180 58 84 84
4737 0 60 60 20 0 4737 0 60 60 40 0 37 55 55
4737 0 60 60 20 0 4737 0 60 60 40 90 46 62 62
4737 0 60 60 20 0 4737 0 60 60 40 180 57 85 85
4737 0 60 60 20 0 4737 0 60 60 60 0 42 59 59
4737 0 60 60 20 0 4737 0 60 60 60 90 50 66 66
4737 0 60 60 20 0 4737 0 60 60 60 180 55 85 85
4737 0 60 60 20 0 4737 0 60 120 0 0 44 65 65
4737 0 60 60 20 0 4737 0 60 120 0 90 53 75 75
4737 0 60 60 20 0 4737 0 60 120 0 180 57 80 80
4737 0 60 60 20 0 4737 0 60 120 20 0 49 68 68
4737 0 60 60 20 0 4737 0 60 120 20 90 57 78 78
4737 0 60 60 20 0 4737 0 60 120 20 180 54 80 80
4737 0 60 60 20 0 4737 0 60 120 40 0 53 70 70
4737 0 60 60 20 0 4737 0 60 120 40 90 59 79 79
4737 0 60 60 20 0 4737 0 60 120 40 180 51 80 80
4737 0 60 60 20 0 4737 0 60 120 60 0 56 72 72
4737 0 60 60 20 0 4737 0 60 120 60 90 60 80 80
4737 0 60 60 20 0 4737 0 60 120 60 180 48 80 80
4737 0 60 60 40 0 4737 0 0 0 0 0 58 65 65
4737 0 60 60 40 0 4737 0 0 0 0 90 44 58 58
4737 0 60 60 40 0 4737 0 0 0 0 180 59 65 65
4737 0 60 60 40 0 4737 0 0 0 20 0 53 62 62
4737 0 60 60 40 0 4737 0 0 0 20 90 45 57 57
4737 0 60 60 40 0 4737 0 0 0 20 180 61 69 69
4737 0 60 60 40 0 4737 0 0 0 40 0 48 60 60
4737 0 60 60 40 0 4737 0 0 0 40 90 48 58 58
4737 0 60 60 40 0 4737 0 0 0 40 180 64 72 72
4737 0 60 60 40 0 4737 0 0 0 60 0 45 59 59
4737 0 60 60 40 0 4737 0 0 0 60 90 52 59 59
4737 0 60 60 40 0 4737 0 0 0 60 180 66 75 75
4737 0 60 60 40 0 4737 0 0 60 0 0 45 59 59
4737 0 60 60 40 0 4737 0 0 60 0 90 52 59 59
4737 0 60 60 40 0 4737 0 0 60 0 180 66 75 75
4737 0 60 60 40 0 4737 0 0 60 20 0 44 58 58
4737 0 60 60 40 0 4737 0 0 60 20 90 57 63 63
4737 0 60 60 40 0 4737 0 0 60 20 180 67 77 77
4737 0 60 60 40 0 4737 0 0 60 40 0 45 57 57
4737 0 60 60 40 0 4737 0 0 60 40 90 60 67 67
4737 0 60 60 40 0 4737 0 0 60 40 180 68 75 75
4737 0 60 60 40 0 4737 0 0 60 60 0 47 57 57
4737 0 60 60 40 0 4737 0 0 60 60 90 63 71 71
4737 0 60 60 40 0 4737 0 0 60 60 180 68 73 73
4737 0 60 60 40 0 4737 0 0 120 0 0 47 57 57
4737 0 60 60 40 0 4737 0 0 120 0 90 63 71 71
4737 0 60 60 40 0 4737 0 0 120 0 180 68 73 73
4737 0 60 60 40 0 4737 0 0 120 20 0 50 58 58
4737 0 60 60 40 0 4737 0 0 120 20 90 65 74 74
4737 0 60 60 40 0 4737 0 0 120 20 180 65 70 70
4737 0 60 60 40 0 4737 0 0 120 40 0 54 61 61
4737 0 60 60 40 0 4737 0 0 120 40 90 67 76 76
4737 0 60 60 40 0 4737 0 0 120 40 180 62 67 67
4737 0 60 60 40 0 4737 0 0 120 60 0 59 65 65
4737 0 60 60 40 0 4737 0 0 120 60 90 68 76 76
4737 0 60 60 40 0 4737 0 0 120 60 180 58 65 65
4737 0 60 60 40 0 4737 0 30 0 0 0 57 57 57
4737 0 60 60 40 0 4737 0 30 0 0 90 43 50 50
4737 0 60 60 40 0 4737 0 30 0 0 180 58 64 64
4737 0 60 60 40 0 4737 0 30 0 20 0 53 56 56
4737 0 60 60 40 0 4737 0 30 0 20 90 45 49 49
4737 0 60 60 40 0 4737 0 30 0 20 180 61 66 66
4737 0 60 60 40 0 4737 0 30 0 40 0 48 55 55
4737 0 60 60 40 0 4737 0 30 0 40 90 47 50 50
4737 0 60 60 40 0 4737 0 30 0 40 180 63 69 69
4737 0 60 60 40 0 4737 0 30 0 60 0 45 55 55
4737 0 60 60 40 0 4737 0 30 0 60 90 51 53 53
4737 0 60 60 40 0 4737 0 30 0 60 180 65 72 72
4737 0 60 60 40 0 4737 0 30 60 0 0 45 50 50
4737 0 60 60 40 0 4737 0 30 60 0 90 51 57 57
4737 0 60 60 40 0 4737 0 30 60 0 180 65 74 74
4737 0 60 60 40 0 4737 0 30 60 20 0 43 50 50
4737 0 60 60 40 0 4737 0 30 60 20 90 56 59 59
4737 0 60 60 40 0 4737 0 30 60 20 180 67 75 75
4737 0 60 60 40 0 4737 0 30 60 40 0 44 50 50
4737 0 60 60 40 0 4737 0 30 60 40 90 59 62 62
4737 0 60 60 40 0 4737 0 30 60 40 180 67 75 75
4737 0 60 60 40 0 4737 0 30 60 60 0 46 51 51
4737 0 60 60 40 0 4737 0 30 60 60 90 62 65 65
4737 0 60 60 40 0 4737 0 30 60 60 180 67 74 74
4737 0 60 60 40 0 4737 0 30 120 0 0 46 52 52
4737 0 60 60 40 0 4737 0 30 120 0 90 62 70 70
4737 0 60 60 40 0 4737 0 30 120 0 180 67 69 69
4737 0 60 60 40 0 4737 0 30 120 20 0 49 53 53
4737 0 60 60 40 0 4737 0 30 120 20 90 64 72 72
4737 0 60 60 40 0 4737 0 30 120 20 180 65 67 67
4737 0 60 60 40 0 4737 0 30 120 40 0 53 55 55
4737 0 60 60 40 0 4737 0 30 120 40 90 66 74 74
4737 0 60 60 40 0 4737 0 30 120 40 180 61 66 66
4737 0 60 60 40 0 4737 0 30 120 60 0 58 59 59
4737 0 60 60 40 0 4737 0 30 120 60 90 67 75 75
4737 0 60 60 40 0 4737 0 30 120 60 180 57 65 65
4737 0 60 60 40 0 4737 0 60 0 0 0 55 58 58
4737 0 60 60 40 0 4737 0 60 0 0 90 41 51 51
4737 0 60 60 40 0 4737 0 60 0 0 180 55 66 66
4737 0 60 60 40 0 4737 0 60 0 20 0 50 56 56
4737 0 60 60 40 0 4737 0 60 0 20 90 42 51 51
4737 0 60 60 40 0 4737 0 60 0 20 180 58 68 68
4737 0 60 60 40 0 4737 0 60 0 40 0 46 55 55
4737 0 60 60 40 0 4737 0 60 0 40 90 43 52 52
4737 0 60 60 40 0 4737 0 60 0 40 180 59 70 70
4737 0 60 60 40 0 4737 0 60 0 60 0 43 55 55
4737 0 60 60 40 0 4737 0 60 0 60 90 47 54 54
4737 0 60 60 40 0 4737 0 60 0 60 180 60 73 73
4737 0 60 60 40 0 4737 0 60 60 0 0 43 50 50
4737 0 60 60 40 0 4737 0 60 60 0 90 50 60 60
4737 0 60 60 40 0 4737 0 60 60 0 180 62 77 77
4737 0 60 60 40 0 4737 0 60 60 20 0 41 49 49
4737 0 60 60 40 0 4737 0 60 60 20 90 52 62 62
4737 0 60 60 40 0 4737 0 60 60 20 180 63 78 78
4737 0 60 60 40 0 4737 0 60 60 40 0 40 50 50
4737 0 60 60 40 0 4737 0 60 60 40 90 56 64 64
4737 0 60 60 40 0 4737 0 60 60 40 180 63 79 79
4737 0 60 60 40 0 4737 0 60 60 60 0 42 52 52
4737 0 60 60 40 0 4737 0 60 60 60 90 57 66 66
4737 0 60 60 40 0 4737 0 60 60 60 180 62 79 79
4737 0 60 60 40 0 4737 0 60 120 0 0 44 54 54
4737 0 60 60 40 0 4737 0 60 120 0 90 59 72 72
4737 0 60 60 40 0 4737 0 60 120 0 180 63 72 72
4737 0 60 60 40 0 4737 0 60 120 20 0 46 54 54
4737 0 60 60 40 0 4737 0 60 120 20 90 61 74 74
4737 0 60 60 40 0 4737 0 60 120 20 180 61 71 71
4737 0 60 60 40 0 4737 0 60 120 40 0 50 57 57
4737 0 60 60 40 0 4737 0 60 120 40 90 62 76 76
4737 0 60 60 40 0 4737 0 60 120 40 180 59 69 69
4737 0 60 60 40 0 4737 0 60 120 60 0 53 60 60
4737 0 60 60 40 0 4737 0 60 120 60 90 62 78 78
4737 0 60 60 40 0 4737 0 60 120 60 180 55 68 68
4737 0 60 60 40 0 4737 0 0 0 0 0 58 64 64
4737 0 60 60 40 0 4737 0 0 0 0 90 44 58 58
4737 0 60 60 40 0 4737 0 0 0 0 180 57 65 65
4737 0 60 60 40 0 4737 0 0 0 20 0 53 61 61
4737 0 60 60 40 0 4737 0 0 0 20 90 43 57 57
4737 0 60 60 40 0 4737 0 0 0 20 180 60 69 69
4737 0 60 60 40 0 4737 0 0 0 40 0 48 59 59
4737 0 60 60 40 0 4737 0 0 0 40 90 44 57 57
4737 0 60 60 40 0 4737 0 0 0 40 180 62 72 72
4737 0 60 60 40 0 4737 0 0 0 60 0 44 57 57
4737 0 60 60 40 0 4737 0 0 0 60 90 47 58 58
4737 0 60 60 40 0 4737 0 0 0 60 180 65 74 74
4737 0 60 60 40 0 4737 0 0 60 0 0 44 57 57
4737 0 60 60 40 0 4737 0 0 60 0 90 47 58 58
4737 0 60 60 40 0 4737 0 0 60 0 180 65 74 74
4737 0 60 60 40 0 4737 0 0 60 20 0 42 56 56
4737 0 60 60 40 0 4737 0 0 60 20 90 52 59 59
4737 0 60 60 40 0 4737 0 0 60 20 180 66 75 75
4737 0 60 60 40 0 4737 0 0 60 40 0 42 56 56
4737 0 60 60 40 0 4737 0 0 60 40 90 57 62 62
4737 0 60 60 40 0 4737 0 0 60 40 180 68 74 74
4737 0 60 60 40 0 4737 0 0 60 60 0 45 56 56
4737 0 60 60 40 0 4737 0 0 60 60 90 60 67 67
4737 0 60 60 40 0 4737 0 0 60 60 180 67 72 72
4737 0 60 60 40 0 4737 0 0 120 0 0 45 56 56
4737 0 60 60 40 0 4737 0 0 120 0 90 60 67 67
4737 0 60 60 40 0 4737 0 0 120 0 180 67 72 72
4737 0 60 60 40 0 4737 0 0 120 20 0 49 57 57
4737 0 60 60 40 0 4737 0 0 120 20 90 63 70 70
4737 0 60 60 40 0 4737 0 0 120 20 180 64 70 70
4737 0 60 60 40 0 4737 0 0 120 40 0 54 60 60
4737 0 60 60 40 0 4737 0 0 120 40 90 65 74 74
4737 0 60 60 40 0 4737 0 0 120 40 180 61 68 68
4737 0 60 60 40 0 4737 0 0 120 60 0 59 65 65
4737 0 60 60 40 0 4737 0 0 120 60 90 67 76 76
4737 0 60 60 40 0 4737 0 0 120 60 180 57 66 66
4737 0 60 60 40 0 4737 0 30 0 0 0 58 57 57
4737 0 60 60 40 0 4737 0 30 0 0 90 43 51 51
4737 0 60 60 40 0 4737 0 30 0 0 180 57 64 64
4737 0 60 60 40 0 4737 0 30 0 20 0 53 55 55
4737 0 60 60 40 0 4737 0 30 0 20 90 42 50 50
4737 0 60 60 40 0 4737 0 30 0 20 180 59 66 66
4737 0 60 60 40 0 4737 0 30 0 40 0 48 54 54
4737 0 60 60 40 0 4737 0 30 0 40 90 43 49 49
4737 0 60 60 40 0 4737 0 30 0 40 180 62 68 68
4737 0 60 60 40 0 4737 0 30 0 60 0 43 53 53
4737 0 60 60 40 0 4737 0 30 0 60 90 46 49 49
4737 0 60 60 40 0 4737 0 30 0 60 180 64 71 71
4737 0 60 60 40 0 4737 0 30 60 0 0 43 50 50
4737 0 60 60 40 0 4737 0 30 60 0 90 47 55 55
4737 0 60 60 40 0 4737 0 30 60 0 180 64 74 74
4737 0 60 60 40 0 4737 0 30 60 20 0 41 49 49
4737 0 60 60 40 0 4737 0 30 60 20 90 51 57 57
4737 0 60 60 40 0 4737 0 30 60 20 180 66 75 75
4737 0 60 60 40 0 4737 0 30 60 40 0 41 49 49
4737 0 60 60 40 0 4737 0 30 60 40 90 56 60 60
4737 0 60 60 40 0 4737 0 30 60 40 180 67 76 76
4737 0 60 60 40 0 4737 0 30 60 60 0 44 50 50
4737 0 60 60 40 0 4737 0 30 60 60 90 59 63 63
4737 0 60 60 40 0 4737 0 30 60 60 180 66 76 76
4737 0 60 60 40 0 4737 0 30 120 0 0 44 52 52
4737 0 60 60 40 0 4737 0 30 120 0 90 59 67 67
4737 0 60 60 40 0 4737 0 30 120 0 180 66 70 70
4737 0 60 60 40 0 4737 0 30 120 20 0 48 54 54
4737 0 60 60 40 0 4737 0 30 120 20 90 62 70 70
4737 0 60 60 40 0 4737 0 30 120 20 180 63 69 69
4737 0 60 60 40 0 4737 0 30 120 40 0 53 57 57
4737 0 60 60 40 0 4737 0 30 120 40 90 65 73 73
4737 0 60 60 40 0 4737 0 30 120 40 180 60 68 68
4737 0 60 60 40 0 4737 0 30 120 60 0 58 61 61
4737 0 60 60 40 0 4737 0 30 120 60 90 66 76 76
4737 0 60 60 40 0 4737 0 30 120 60 180 57 67 67
4737 0 60 60 40 0 4737 0 60 0 0 0 55 59 59
4737 0 60 60 40 0 4737 0 60 0 0 90 41 51 51
4737 0 60 60 40 0 4737 0 60 0 0 180 54 66 66
4737 0 60 60 40 0 4737 0 60 0 20 0 51 57 57
4737 0 60 60 40 0 4737 0 60 0 20 90 40 49 49
4737 0 60 60 40 0 4737 0 60 0 20 180 56 67 67
4737 0 60 60 40 0 4737 0 60 0 40 0 46 56 56
4737 0 60 60 40 0 4737 0 60 0 40 90 39 49 49
4737 0 60 60 40 0 4737 0 60 0 40 180 58 69 69
4737 0 60 60 40 0 4737 0 60 0 60 0 42 55 55
4737 0 60 60 40 0 4737 0 60 0 60 90 43 51 51
4737 0 60 60 40 0 4737 0 60 0 60 180 59 71 71
4737 0 60 60 40 0 4737 0 60 60 0 0 41 51 51
4737 0 60 60 40 0 4737 0 60 60 0 90 45 59 59
4737 0 60 60 40 0 4737 0 60 60 0 180 61 80 80
4737 0 60 60 40 0 4737 0 60 60 20 0 38 49 49
4737 0 60 60 40 0 4737 0 60 60 20 90 48 60 60
4737 0 60 60 40 0 4737 0 60 60 20 180 62 81 81
4737 0 60 60 40 0 4737 0 60 60 40 0 37 50 50
4737 0 60 60 40 0 4737 0 60 60 40 90 52 62 62
4737 0 60 60 40 0 4737 0 60 60 40 180 62 82 82
4737 0 60 60 40 0 4737 0 60 60 60 0 40 52 52
4737 0 60 60 40 0 4737 0 60 60 60 90 55 65 65
4737 0 60 60 40 0 4737 0 60 60 60 180 61 82 82
4737 0 60 60 40 0 4737 0 60 120 0 0 42 57 57
4737 0 60 60 40 0 4737 0 60 120 0 90 56 73 73
4737 0 60 60 40 0 4737 0 60 120 0 180 62 75 75
4737 0 60 60 40 0 4737 0 60 120 20 0 45 58 58
4737 0 60 60 40 0 4737 0 60 120 20 90 59 75 75
4737 0 60 60 40 0 4737 0 60 120 20 180 60 74 74
4737 0 60 60 40 0 4737 0 60 120 40 0 49 60 60
4737 0 60 60 40 0 4737 0 60 120 40 90 61 77 77
4737 0 60 60 40 0 4737 0 60 120 40 180 58 73 73
4737 0 60 60 40 0 4737 0 60 120 60 0 54 63 63
4737 0 60 60 40 0 4737 0 60 120 60 90 61 80 80
4737 0 60 60 40 0 4737 0 60 120 60 180 54 72 72
4737 0 60 60 40 0 4737 0 0 0 0 0 58 63 63
4737 0 60 60 40 0 4737 0 0 0 0 90 46 58 58
4737 0 60 60 40 0 4737 0 0 0 0 180 56 65 65
4737 0 60 60 40 0 4737 0 0 0 20 0 53 60 60
4737 0 60 60 40 0 4737 0 0 0 20 90 43 57 57
4737 0 60 60 40 0 4737 0 0 0 20 180 59 68 68
4737 0 60 60 40 0 4737 0 0 0 40 0 48 58 58
4737 0 60 60 40 0 4737 0 0 0 40 90 42 57 57
4737 0 60 60 40 0 4737 0 0 0 40 180 61 70 70
4737 0 60 60 40 0 4737 0 0 0 60 0 43 56 56
4737 0 60 60 40 0 4737 0 0 0 60 90 43 57 57
4737 0 60 60 40 0 4737 0 0 0 60 180 63 72 72
4737 0 60 60 40 0 4737 0 0 60 0 0 43 56 56
4737 0 60 60 40 0 4737 0 0 60 0 90 43 57 57
4737 0 60 60 40 0 4737 0 0 60 0 180 63 72 72
4737 0 60 60 40 0 4737 0 0 60 20 0 40 55 55
4737 0 60 60 40 0 4737 0 0 60 20 90 47 57 57
4737 0 60 60 40 0 4737 0 0 60 20 180 65 72 72
4737 0 60 60 40 0 4737 0 0 60 40 0 41 54 54
4737 0 60 60 40 0 4737 0 0 60 40 90 52 59 59
4737 0 60 60 40 0 4737 0 0 60 40 180 66 72 72
4737 0 60 60 40 0 4737 0 0 60 60 0 44 54 54
4737 0 60 60 40 0 4737 0 0 60 60 90 57 62 62
4737 0 60 60 40 0 4737 0 0 60 60 180 65 71 71
4737 0 60 60 40 0 4737 0 0 120 0 0 44 54 54
4737 0 60 60 40 0 4737 0 0 120 0 90 57 62 62
4737 0 60 60 40 0 4737 0 0 120 0 180 65 71 71
4737 0 60 60 40 0 4737 0 0 120 20 0 49 57 57
4737 0 60 60 40 0 4737 0 0 120 20 90 61 66 66
4737 0 60 60 40 0 4737 0 0 120 20 180 62 70 70
4737 0 60 60 40 0 4737 0 0 120 40 0 54 60 60
4737 0 60 60 40 0 4737 0 0 120 40 90 64 70 70
4737 0 60 60 40 0 4737 0 0 120 40 180 59 68 68
4737 0 60 60 40 0 4737 0 0 120 60 0 59 64 64
4737 0 60 60 40 0 4737 0 0 120 60 90 66 73 73
4737 0 60 60 40 0 4737 0 0 120 60 180 56 67 67
4737 0 60 60 40 0 4737 0 30 0 0 0 58 58 58
4737 0 60 60 40 0 4737 0 30 0 0 90 46 52 52
4737 0 60 60 40 0 4737 0 30 0 0 180 55 64 64
4737 0 60 60 40 0 4737 0 30 0 20 0 53 55 55
4737 0 60 60 40 0 4737 0 30 0 20 90 42 50 50
4737 0 60 60 40 0 4737 0 30 0 20 180 58 65 65
4737 0 60 60 40 0 4737 0 30 0 40 0 48 54 54
4737 0 60 60 40 0 4737 0 30 0 40 90 41 49 49
4737 0 60 60 40 0 4737 0 30 0 40 180 60 67 67
4737 0 60 60 40 0 4737 0 30 0 60 0 43 53 53
4737 0 60 60 40 0 4737 0 30 0 60 90 42 49 49
4737 0 60 60 40 0 4737 0 30 0 60 180 62 70 70
4737 0 60 60 40 0 4737 0 30 60 0 0 43 51 51
4737 0 60 60 40 0 4737 0 30 60 0 90 42 54 54
4737 0 60 60 40 0 4737 0 30 60 0 180 62 74 74
4737 0 60 60 40 0 4737 0 30 60 20 0 39 49 49
4737 0 60 60 40 0 4737 0 30 60 20 90 46 55 55
4737 0 60 60 40 0 4737 0 30 60 20 180 64 75 75
4737 0 60 60 40 0 4737 0 30 60 40 0 39 49 49
4737 0 60 60 40 0 4737 0 30 60 40 90 51 58 58
4737 0 60 60 40 0 4737 0 30 60 40 180 65 75 75
4737 0 60 60 40 0 4737 0 30 60 60 0 42 50 50
4737 0 60 60 40 0 4737 0 30 60 60 90 55 61 61
4737 0 60 60 40 0 4737 0 30 60 60 180 64 76 76
4737 0 60 60 40 0 4737 0 30 120 0 0 43 54 54
4737 0 60 60 40 0 4737 0 30 120 0 90 56 65 65
4737 0 60 60 40 0 4737 0 30 120 0 180 64 72 72
4737 0 60 60 40 0 4737 0 30 120 20 0 48 56 56
4737 0 60 60 40 0 4737 0 30 120 20 90 60 68 68
4737 0 60 60 40 0 4737 0 30 120 20 180 62 71 71
4737 0 60 60 40 0 4737 0 30 120 40 0 53 59 59
4737 0 60 60 40 0 4737 0 30 120 40 90 63 71 71
4737 0 60 60 40 0 4737 0 30 120 40 180 59 70 70
4737 0 60 60 40 0 4737 0 30 120 60 0 58 63 63
4737 0 60 60 40 0 4737 0 30 120 60 90 65 74 74
4737 0 60 60 40 0 4737 0 30 120 60 180 56 69 69
4737 0 60 60 40 0 4737 0 60 0 0 0 55 59 59
4737 0 60 60 40 0 4737 0 60 0 0 90 43 51 51
4737 0 60 60 40 0 4737 0 60 0 0 180 53 65 65
4737 0 60 60 40 0 4737 0 60 0 20 0 51 57 57
4737 0 60 60 40 0 4737 0 60 0 20 90 40 49 49
4737 0 60 60 40 0 4737 0 60 0 20 180 54 66 66
4737 0 60 60 40 0 4737 0 60 0 40 0 46 56 56
4737 0 60 60 40 0 4737 0 60 0 40 90 38 49 49
4737 0 60 60 40 0 4737 0 60 0 40 180 55 67 67
4737 0 60 60 40 0 4737 0 60 0 60 0 41 55 55
4737 0 60 60 40 0 4737 0 60 0 60 90 38 49 49
4737 0 60 60 40 0 4737 0 60 0 60 180 57 69 69
4737 0 60 60 40 0 4737 0 60 60 0 0 40 52 52
4737 0 60 60 40 0 4737 0 60 60 0 90 41 58 58
4737 0 60 60 40 0 4737 0 60 60 0 180 59 82 82
4737 0 60 60 40 0 4737 0 60 60 20 0 35 50 50
4737 0 60 60 40 0 4737 0 60 60 20 90 42 59 59
4737 0 60 60 40 0 4737 0 60 60 20 180 61 83 83
4737 0 60 60 40 0 4737 0 60 60 40 0 34 50 50
4737 0 60 60 40 0 4737 0 60 60 40 90 46 61 61
4737 0 60 60 40 0 4737 0 60 60 40 180 61 84 84
4737 0 60 60 40 0 4737 0 60 60 60 0 38 53 53
4737 0 60 60 40 0 4737 0 60 60 60 90 51 64 64
4737 0 60 60 40 0 4737 0 60 60 60 180 59 85 85
4737 0 60 60 40 0 4737 0 60 120 0 0 41 60 60
4737 0 60 60 40 0 4737 0 60 120 0 90 53 73 73
4737 0 60 60 40 0 4737 0 60 120 0 180 61 78 78
4737 0 60 60 40 0 4737 0 60 120 20 0 44 62 62
4737 0 60 60 40 0 4737 0 60 120 20 90 56 75 75
4737 0 60 60 40 0 4737 0 60 120 20 180 59 77 77
4737 0 60 60 40 0 4737 0 60 120 40 0 49 64 64
4737 0 60 60 40 0 4737 0 60 120 40 90 60 78 78
4737 0 60 60 40 0 4737 0 60 120 40 180 56 77 77
4737 0 60 60 40 0 4737 0 60 120 60 0 54 66 66
4737 0 60 60 40 0 4737 0 60 120 60 90 60 80 80
4737 0 60 60 40 0 4737 0 60 120 60 180 53 77 77
4737 0 60 60 40 0 4737 0 0 0 0 0 58 62 62
4737 0 60 60 40 0 4737 0 0 0 0 90 50 58 58
4737 0 60 60 40 0 4737 0 0 0 0 180 55 66 66
4737 0 60 60 40 0 4737 0 0 0 20 0 53 59 59
4737 0 60 60 40 0 4737 0 0 0 20 90 45 57 57
4737 0 60 60 40 0 4737 0 0 0 20 180 57 67 67
4737 0 60 60 40 0 4737 0 0 0 40 0 48 56 56
4737 0 60 60 40 0 4737 0 0 0 40 90 42 56 56
4737 0 60 60 40 0 4737 0 0 0 40 180 60 68 68
4737 0 60 60 40 0 4737 0 0 0 60 0 43 54 54
4737 0 60 60 40 0 4737 0 0 0 60 90 41 55 55
4737 0 60 60 40 0 4737 0 0 0 60 180 62 69 69
4737 0 60 60 40 0 4737 0 0 60 0 0 43 54 54
4737 0 60 60 40 0 4737 0 0 60 0 90 41 55 55
4737 0 60 60 40 0 4737 0 0 60 0 180 62 69 69
4737 0 60 60 40 0 4737 0 0 60 20 0 40 53 53
4737 0 60 60 40 0 4737 0 0 60 20 90 43 56 56
4737 0 60 60 40 0 4737 0 0 60 20 180 64 69 69
4737 0 60 60 40 0 4737 0 0 60 40 0 40 53 53
4737 0 60 60 40 0 4737 0 0 60 40 90 48 57 57
4737 0 60 60 40 0 4737 0 0 60 40 180 63 69 69
4737 0 60 60 40 0 4737 0 0 60 60 0 44 54 54
4737 0 60 60 40 0 4737 0 0 60 60 90 53 59 59
4737 0 60 60 40 0 4737 0 0 60 60 180 62 70 70
4737 0 60 60 40 0 4737 0 0 120 0 0 44 54 54
4737 0 60 60 40 0 4737 0 0 120 0 90 53 59 59
4737 0 60 60 40 0 4737 0 0 120 0 180 62 70 70
4737 0 60 60 40 0 4737 0 0 120 20 0 48 56 56
4737 0 60 60 40 0 4737 0 0 120 20 90 57 62 62
4737 0 60 60 40 0 4737 0 0 120 20 180 61 70 70
4737 0 60 60 40 0 4737 0 0 120 40 0 54 59 59
4737 0 60 60 40 0 4737 0 0 120 40 90 62 65 65
4737 0 60 60 40 0 4737 0 0 120 40 180 58 69 69
4737 0 60 60 40 0 4737 0 0 120 60 0 59 63 63
4737 0 60 60 40 0 4737 0 0 120 60 90 65 69 69
4737 0 60 60 40 0 4737 0 0 120 60 180 56 68 68
4737 0 60 60 40 0 4737 0 30 0 0 0 58 58 58
4737 0 60 60 40 0 4737 0 30 0 0 90 49 53 53
4737 0 60 60 40 0 4737 0 30 0 0 180 54 64 64
4737 0 60 60 40 0 4737 0 30 0 20 0 53 55 55
4737 0 60 60 40 0 4737 0 30 0 20 90 45 50 50
4737 0 60 60 40 0 4737 0 30 0 20 180 56 65 65
4737 0 60 60 40 0 4737 0 30 0 40 0 48 54 54
4737 0 60 60 40 0 4737 0 30 0 40 90 41 49 49
4737 0 60 60 40 0 4737 0 30 0 40 180 59 67 67
4737 0 60 60 40 0 4737 0 30 0 60 0 42 52 52
4737 0 60 60 40 0 4737 0 30 0 60 90 40 49 49
4737 0 60 60 40 0 4737 0 30 0 60 180 61 68 68
4737 0 60 60 40 0 4737 0 30 60 0 0 42 52 52
4737 0 60 60 40 0 4737 0 30 60 0 90 40 54 54
4737 0 60 60 40 0 4737 0 30 60 0 180 61 74 74
4737 0 60 60 40 0 4737 0 30 60 20 0 38 50 50
4737 0 60 60 40 0 4737 0 30 60 20 90 42 55 55
4737 0 60 60 40 0 4737 0 30 60 20 180 62 74 74
4737 0 60 60 40 0 4737 0 30 60 40 0 38 50 50
4737 0 60 60 40 0 4737 0 30 60 40 90 46 56 56
4737 0 60 60 40 0 4737 0 30 60 40 180 62 75 75
4737 0 60 60 40 0 4737 0 30 60 60 0 42 52 52
4737 0 60 60 40 0 4737 0 30 60 60 90 51 59 59
4737 0 60 60 40 0 4737 0 30 60 60 180 62 76 76
4737 0 60 60 40 0 4737 0 30 120 0 0 42 56 56
4737 0 60 60 40 0 4737 0 30 120 0 90 52 64 64
4737 0 60 60 40 0 4737 0 30 120 0 180 62 72 72
4737 0 60 60 40 0 4737 0 30 120 20 0 47 58 58
4737 0 60 60 40 0 4737 0 30 120 20 90 56 67 67
4737 0 60 60 40 0 4737 0 30 120 20 180 60 72 72
4737 0 60 60 40 0 4737 0 30 120 40 0 52 61 61
4737 0 60 60 40 0 4737 0 30 120 40 90 60 70 70
4737 0 60 60 40 0 4737 0 30 120 40 180 57 72 72
4737 0 60 60 40 0 4737 0 30 120 60 0 57 65 65
4737 0 60 60 40 0 4737 0 30 120 60 90 64 73 73
4737 0 60 60 40 0 4737 0 30 120 60 180 54 71 71
4737 0 60 60 40 0 4737 0 60 0 0 0 54 60 60
4737 0 60 60 40 0 4737 0 60 0 0 90 46 53 53
4737 0 60 60 40 0 4737 0 60 0 0 180 53 64 64
4737 0 60 60 40 0 4737 0 60 0 20 0 50 58 58
4737 0 60 60 40 0 4737 0 60 0 20 90 42 50 50
4737 0 60 60 40 0 4737 0 60 0 20 180 52 65 65
4737 0 60 60 40 0 4737 0 60 0 40 0 45 56 56
4737 0 60 60 40 0 4737 0 60 0 40 90 39 50 50
4737 0 60 60 40 0 4737 0 60 0 40 180 54 66 66
4737 0 60 60 40 0 4737 0 60 0 60 0 41 55 55
4737 0 60 60 40 0 4737 0 60 0 60 90 38 49 49
4737 0 60 60 40 0 4737 0 60 0 60 180 55 68 68
4737 0 60 60 40 0 4737 0 60 60 0 0 40 56 56
4737 0 60 60 40 0 4737 0 60 60 0 90 37 58 58
4737 0 60 60 40 0 4737 0 60 60 0 180 57 84 84
4737 0 60 60 40 0 4737 0 60 60 20 0 35 52 52
4737 0 60 60 40 0 4737 0 60 60 20 90 37 58 58
4737 0 60 60 40 0 4737 0 60 60 20 180 58 84 84
4737 0 60 60 40 0 4737 0 60 60 40 0 32 51 51
4737 0 60 60 40 0 4737 0 60 60 40 90 41 60 60
4737 0 60 60 40 0 4737 0 60 60 40 180 58 85 85
4737 0 60 60 40 0 4737 0 60 60 60 0 37 55 55
4737 0 60 60 40 0 4737 0 60 60 60 90 46 63 63
4737 0 60 60 40 0 4737 0 60 60 60 180 57 86 86
4737 0 60 60 40 0 4737 0 60 120 0 0 40 64 64
4737 0 60 60 40 0 4737 0 60 120 0 90 48 73 73
4737 0 60 60 40 0 4737 0 60 120 0 180 59 80 80
4737 0 60 60 40 0 4737 0 60 120 20 0 44 66 66
4737 0 60 60 40 0 4737 0 60 120 20 90 52 76 76
4737 0 60 60 40 0 4737 0 60 120 20 180 56 81 81
4737 0 60 60 40 0 4737 0 60 120 40 0 48 68 68
4737 0 60 60 40 0 4737 0 60 120 40 90 57 79 79
4737 0 60 60 40 0 4737 0 60 120 40 180 53 81 81
4737 0 60 60 40 0 4737 0 60 120 60 0 53 70 70
4737 0 60 60 40 0 4737 0 60 120 60 90 59 80 80
4737 0 60 60 40 0 4737 0 60 120 60 180 50 81 81
4737 0 60 60 60 0 4737 0 0 0 0 0 62 67 67
4737 0 60 60 60 0 4737 0 0 0 0 90 44 58 58
4737 0 60 60 60 0 4737 0 0 0 0 180 54 61 61
4737 0 60 60 60 0 4737 0 0 0 20 0 58 64 64
4737 0 60 60 60 0 4737 0 0 0 20 90 44 57 57
4737 0 60 60 60 0 4737 0 0 0 20 180 59 65 65
4737 0 60 60 60 0 4737 0 0 0 40 0 53 62 62
4737 0 60 60 60 0 4737 0 0 0 40 90 45 57 57
4737 0 60 60 60 0 4737 0 0 0 40 180 61 69 69
4737 0 60 60 60 0 4737 0 0 0 60 0 48 60 60
4737 0 60 60 60 0 4737 0 0 0 60 90 48 57 57
4737 0 60 60 60 0 4737 0 0 0 60 180 64 72 72
4737 0 60 60 60 0 4737 0 0 60 0 0 48 60 60
4737 0 60 60 60 0 4737 0 0 60 0 90 48 57 57
4737 0 60 60 60 0 4737 0 0 60 0 180 64 72 72
4737 0 60 60 60 0 4737 0 0 60 20 0 45 59 59
4737 0 60 60 60 0 4737 0 0 60 20 90 52 59 59
4737 0 60 60 60 0 4737 0 0 60 20 180 66 75 75
4737 0 60 60 60 0 4737 0 0 60 40 0 43 58 58
4737 0 60 60 60 0 4737 0 0 60 40 90 57 63 63
4737 0 60 60 60 0 4737 0 0 60 40 180 67 77 77
4737 0 60 60 60 0 4737 0 0 60 60 0 44 57 57
4737 0 60 60 60 0 4737 0 0 60 60 90 60 67 67
4737 0 60 60 60 0 4737 0 0 60 60 180 68 75 75
4737 0 60 60 60 0 4737 0 0 120 0 0 44 57 57
4737 0 60 60 60 0 4737 0 0 120 0 90 60 67 67
4737 0 60 60 60 0 4737 0 0 120 0 180 68 75 75
4737 0 60 60 60 0 4737 0 0 120 20 0 47 57 57
4737 0 60 60 60 0 4737 0 0 120 20 90 63 71 71
4737 0 60 60 60 0 4737 0 0 120 20 180 68 73 73
4737 0 60 60 60 0 4737 0 0 120 40 0 50 58 58
4737 0 60 60 60 0 4737 0 0 120 40 90 65 74 74
4737 0 60 60 60 0 4737 0 0 120 40 180 65 70 70
4737 0 60 60 60 0 4737 0 0 120 60 0 54 61 61
4737 0 60 60 60 0 4737 0 0 120 60 90 67 76 76
4737 0 60 60 60 0 4737 0 0 120 60 180 62 67 67
4737 0 60 60 60 0 4737 0 30 0 0 0 61 60 60
4737 0 60 60 60 0 4737 0 30 0 0 90 44 52 52
4737 0 60 60 60 0 4737 0 30 0 0 180 53 61 61
4737 0 60 60 60 0 4737 0 30 0 20 0 57 57 57
4737 0 60 60 60 0 4737 0 30 0 20 90 43 50 50
4737 0 60 60 60 0 4737 0 30 0 20 180 58 63 63
4737 0 60 60 60 0 4737 0 30 0 40 0 53 56 56
4737 0 60 60 60 0 4737 0 30 0 40 90 44 49 49
4737 0 60 60 60 0 4737 0 30 0 40 180 61 66 66
4737 0 60 60 60 0 4737 0 30 0 60 0 48 55 55
4737 0 60 60 60 0 4737 0 30 0 60 90 47 50 50
4737 0 60 60 60 0 4737 0 30 0 60 180 63 69 69
4737 0 60 60 60 0 4737 0 30 60 0 0 48 52 52
4737 0 60 60 60 0 4737 0 30 60 0 90 48 55 55
4737 0 60 60 60 0 4737 0 30 60 0 180 63 72 72
4737 0 60 60 60 0 4737 0 30 60 20 0 45 50 50
4737 0 60 60 60 0 4737 0 30 60 20 90 51 57 57
4737 0 60 60 60 0 4737 0 30 60 20 180 65 74 74
4737 0 60 60 60 0 4737 0 30 60 40 0 43 49 49
4737 0 60 60 60 0 4737 0 30 60 40 90 56 59 59
4737 0 60 60 60 0 4737 0 30 60 40 180 67 75 75
4737 0 60 60 60 0 4737 0 30 60 60 0 44 50 50
4737 0 60 60 60 0 4737 0 30 60 60 90 59 62 62
4737 0 60 60 60 0 4737 0 30 60 60 180 67 75 75
4737 0 60 60 60 0 4737 0 30 120 0 0 44 53 53
4737 0 60 60 60 0 4737 0 30 120 0 90 59 67 67
4737 0 60 60 60 0 4737 0 30 120 0 180 67 71 71
4737 0 60 60 60 0 4737 0 30 120 20 0 46 52 52
4737 0 60 60 60 0 4737 0 30 120 20 90 62 69 69
4737 0 60 60 60 0 4737 0 30 120 20 180 67 69 69
4737 0 60 60 60 0 4737 0 30 120 40 0 49 53 53
4737 0 60 60 60 0 4737 0 30 120 40 90 64 72 72
4737 0 60 60 60 0 4737 0 30 120 40 180 65 67 67
4737 0 60 60 60 0 4737 0 30 120 60 0 53 55 55
4737 0 60 60 60 0 4737 0 30 120 60 90 66 74 74
4737 0 60 60 60 0 4737 0 30 120 60 180 61 66 66
4737 0 60 60 60 0 4737 0 60 0 0 0 58 60 60
4737 0 60 60 60 0 4737 0 60 0 0 90 42 52 52
4737 0 60 60 60 0 4737 0 60 0 0 180 52 65 65
4737 0 60 60 60 0 4737 0 60 0 20 0 55 58 58
4737 0 60 60 60 0 4737 0 60 0 20 90 41 51 51
4737 0 60 60 60 0 4737 0 60 0 20 180 55 66 66
4737 0 60 60 60 0 4737 0 60 0 40 0 50 56 56
4737 0 60 60 60 0 4737 0 60 0 40 90 41 51 51
4737 0 60 60 60 0 4737 0 60 0 40 180 58 68 68
4737 0 60 60 60 0 4737 0 60 0 60 0 46 55 55
4737 0 60 60 60 0 4737 0 60 0 60 90 43 52 52
4737 0 60 60 60 0 4737 0 60 0 60 180 59 71 71
4737 0 60 60 60 0 4737 0 60 60 0 0 46 52 52
4737 0 60 60 60 0 4737 0 60 60 0 90 47 59 59
4737 0 60 60 60 0 4737 0 60 60 0 180 60 75 75
4737 0 60 60 60 0 4737 0 60 60 20 0 43 50 50
4737 0 60 60 60 0 4737 0 60 60 20 90 49 60 60
4737 0 60 60 60 0 4737 0 60 60 20 180 62 77 77
4737 0 60 60 60 0 4737 0 60 60 40 0 41 49 49
4737 0 60 60 60 0 4737 0 60 60 40 90 52 62 62
4737 0 60 60 60 0 4737 0 60 60 40 180 63 78 78
4737 0 60 60 60 0 4737 0 60 60 60 0 40 50 50
4737 0 60 60 60 0 4737 0 60 60 60 90 56 64 64
4737 0 60 60 60 0 4737 0 60 60 60 180 62 79 79
4737 0 60 60 60 0 4737 0 60 120 0 0 43 54 54
4737 0 60 60 60 0 4737 0 60 120 0 90 56 70 70
4737 0 60 60 60 0 4737 0 60 120 0 180 63 73 73
4737 0 60 60 60 0 4737 0 60 120 20 0 44 54 54
4737 0 60 60 60 0 4737 0 60 120 20 90 59 72 72
4737 0 60 60 60 0 4737 0 60 120 20 180 63 72 72
4737 0 60 60 60 0 4737 0 60 120 40 0 46 55 55
4737 0 60 60 60 0 4737 0 60 120 40 90 61 74 74
4737 0 60 60 60 0 4737 0 60 120 40 180 61 71 71
4737 0 60 60 60 0 4737 0 60 120 60 0 50 57 57
4737 0 60 60 60 0 4737 0 60 120 60 90 62 76 76
4737 0 60 60 60 0 4737 0 60 120 60 180 59 69 69
4737 0 60 60 60 0 4737 0 0 0 0 0 63 67 67
4737 0 60 60 60 0 4737 0 0 0 0 90 46 59 59
4737 0 60 60 60 0 4737 0 0 0 0 180 54 62 62
4737 0 60 60 60 0 4737 0 0 0 20 0 58 64 64
4737 0 60 60 60 0 4737 0 0 0 20 90 44 58 58
4737 0 60 60 60 0 4737 0 0 0 20 180 57 65 65
4737 0 60 60 60 0 4737 0 0 0 40 0 53 61 61
4737 0 60 60 60 0 4737 0 0 0 40 90 43 57 57
4737 0 60 60 60 0 4737 0 0 0 40 180 60 69 69
4737 0 60 60 60 0 4737 0 0 0 60 0 48 59 59
4737 0 60 60 60 0 4737 0 0 0 60 90 44 57 57
4737 0 60 60 60 0 4737 0 0 0 60 180 62 72 72
4737 0 60 60 60 0 4737 0 0 60 0 0 48 59 59
4737 0 60 60 60 0 4737 0 0 60 0 90 44 57 57
4737 0 60 60 60 0 4737 0 0 60 0 180 62 72 72
4737 0 60 60 60 0 4737 0 0 60 20 0 44 57 57
4737 0 60 60 60 0 4737 0 0 60 20 90 47 58 58
4737 0 60 60 60 0 4737 0 0 60 20 180 65 74 74
4737 0 60 60 60 0 4737 0 0 60 40 0 42 56 56
4737 0 60 60 60 0 4737 0 0 60 40 90 52 59 59
4737 0 60 60 60 0 4737 0 0 60 40 180 66 75 75
4737 0 60 60 60 0 4737 0 0 60 60 0 42 56 56
4737 0 60 60 60 0 4737 0 0 60 60 90 57 62 62
4737 0 60 60 60 0 4737 0 0 60 60 180 68 74 74
4737 0 60 60 60 0 4737 0 0 120 0 0 42 56 56
4737 0 60 60 60 0 4737 0 0 120 0 90 57 62 62
4737 0 60 60 60 0 4737 0 0 120 0 180 68 74 74
4737 0 60 60 60 0 4737 0 0 120 20 0 45 56 56
4737 0 60 60 60 0 4737 0 0 120 20 90 60 67 67
4737 0 60 60 60 0 4737 0 0 120 20 180 67 72 72
4737 0 60 60 60 0 4737 0 0 120 40 0 49 57 57
4737 0 60 60 60 0 4737 0 0 120 40 90 63 71 71
4737 0 60 60 60 0 4737 0 0 120 40 180 64 70 70
4737 0 60 60 60 0 4737 0 0 120 60 0 54 60 60
4737 0 60 60 60 0 4737 0 0 120 60 90 65 74 74
4737 0 60 60 60 0 4737 0 0 120 60 180 61 68 68
4737 0 60 60 60 0 4737 0 30 0 0 0 62 60 60
4737 0 60 60 60 0 4737 0 30 0 0 90 46 53 53
4737 0 60 60 60 0 4737 0 30 0 0 180 54 62 62
4737 0 60 60 60 0 4737 0 30 0 20 0 58 57 57
4737 0 60 60 60 0 4737 0 30 0 20 90 43 51 51
4737 0 60 60 60 0 4737 0 30 0 20 180 57 63 63
4737 0 60 60 60 0 4737 0 30 0 40 0 53 55 55
4737 0 60 60 60 0 4737 0 30 0 40 90 42 50 50
4737 0 60 60 60 0 4737 0 30 0 40 180 59 66 66
4737 0 60 60 60 0 4737 0 30 0 60 0 48 54 54
4737 0 60 60 60 0 4737 0 30 0 60 90 43 49 49
4737 0 60 60 60 0 4737 0 30 0 60 180 62 68 68
4737 0 60 60 60 0 4737 0 30 60 0 0 48 52 52
4737 0 60 60 60 0 4737 0 30 60 0 90 44 55 55
4737 0 60 60 60 0 4737 0 30 60 0 180 62 73 73
4737 0 60 60 60 0 4737 0 30 60 20 0 43 50 50
4737 0 60 60 60 0 4737 0 30 60 20 90 47 55 55
4737 0 60 60 60 0 4737 0 30 60 20 180 64 74 74
4737 0 60 60 60 0 4737 0 30 60 40 0 40 49 49
4737 0 60 60 60 0 4737 0 30 60 40 90 51 57 57
4737 0 60 60 60 0 4737 0 30 60 40 180 65 75 75
4737 0 60 60 60 0 4737 0 30 60 60 0 41 49 49
4737 0 60 60 60 0 4737 0 30 60 60 90 56 60 60
4737 0 60 60 60 0 4737 0 30 60 60 180 67 76 76
4737 0 60 60 60 0 4737 0 30 120 0 0 41 52 52
4737 0 60 60 60 0 4737 0 30 120 0 90 56 65 65
4737 0 60 60 60 0 4737 0 30 120 0 180 67 72 72
4737 0 60 60 60 0 4737 0 30 120 20 0 44 52 52
4737 0 60 60 60 0 4737 0 30 120 20 90 59 67 67
4737 0 60 60 60 0 4737 0 30 120 20 180 66 70 70
4737 0 60 60 60 0 4737 0 30 120 40 0 48 55 55
4737 0 60 60 60 0 4737 0 30 120 40 90 62 70 70
4737 0 60 60 60 0 4737 0 30 120 40 180 63 69 69
4737 0 60 60 60 0 4737 0 30 120 60 0 53 57 57
4737 0 60 60 60 0 4737 0 30 120 60 90 65 73 73
4737 0 60 60 60 0 4737 0 30 120 60 180 60 68 68
4737 0 60 60 60 0 4737 0 60 0 0 0 59 61 61
4737 0 60 60 60 0 4737 0 60 0 0 90 44 53 53
4737 0 60 60 60 0 4737 0 60 0 0 180 52 64 64
4737 0 60 60 60 0 4737 0 60 0 20 0 55 59 59
4737 0 60 60 60 0 4737 0 60 0 20 90 41 51 51
4737 0 60 60 60 0 4737 0 60 0 20 180 54 66 66
4737 0 60 60 60 0 4737 0 60 0 40 0 50 57 57
4737 0 60 60 60 0 4737 0 60 0 40 90 40 49 49
4737 0 60 60 60 0 4737 0 60 0 40 180 56 67 67
4737 0 60 60 60 0 4737 0 60 0 60 0 46 56 56
4737 0 60 60 60 0 4737 0 60 0 60 90 39 49 49
4737 0 60 60 60 0 4737 0 60 0 60 180 57 69 69
4737 0 60 60 60 0 4737 0 60 60 0 0 46 53 53
4737 0 60 60 60 0 4737 0 60 60 0 90 43 58 58
4737 0 60 60 60 0 4737 0 60 60 0 180 59 79 79
4737 0 60 60 60 0 4737 0 60 60 20 0 41 51 51
4737 0 60 60 60 0 4737 0 60 60 20 90 45 59 59
4737 0 60 60 60 0 4737 0 60 60 20 180 61 80 80
4737 0 60 60 60 0 4737 0 60 60 40 0 38 49 49
4737 0 60 60 60 0 4737 0 60 60 40 90 47 61 61
4737 0 60 60 60 0 4737 0 60 60 40 180 62 81 81
4737 0 60 60 60 0 4737 0 60 60 60 0 37 50 50
4737 0 60 60 60 0 4737 0 60 60 60 90 51 63 63
4737 0 60 60 60 0 4737 0 60 60 60 180 62 82 82
4737 0 60 60 60 0 4737 0 60 120 0 0 41 56 56
4737 0 60 60 60 0 4737 0 60 120 0 90 53 71 71
4737 0 60 60 60 0 4737 0 60 120 0 180 62 76 76
4737 0 60 60 60 0 4737 0 60 120 20 0 42 57 57
4737 0 60 60 60 0 4737 0 60 120 20 90 56 73 73
4737 0 60 60 60 0 4737 0 60 120 20 180 62 75 75
4737 0 60 60 60 0 4737 0 60 120 40 0 45 58 58
4737 0 60 60 60 0 4737 0 60 120 40 90 59 75 75
4737 0 60 60 60 0 4737 0 60 120 40 180 60 74 74
4737 0 60 60 60 0 4737 0 60 120 60 0 49 61 61
4737 0 60 60 60 0 4737 0 60 120 60 90 61 78 78
4737 0 60 60 60 0 4737 0 60 120 60 180 57 73 73
4737 0 60 60 60 0 4737 0 0 0 0 0 63 66 66
4737 0 60 60 60 0 4737 0 0 0 0 90 50 60 60
4737 0 60 60 60 0 4737 0 0 0 0 180 54 63 63
4737 0 60 60 60 0 4737 0 0 0 20 0 58 63 63
4737 0 60 60 60 0 4737 0 0 0 20 90 46 58 58
4737 0 60 60 60 0 4737 0 0 0 20 180 56 65 65
4737 0 60 60 60 0 4737 0 0 0 40 0 53 60 60
4737 0 60 60 60 0 4737 0 0 0 40 90 43 57 57
4737 0 60 60 60 0 4737 0 0 0 40 180 59 68 68
4737 0 60 60 60 0 4737 0 0 0 60 0 48 57 57
4737 0 60 60 60 0 4737 0 0 0 60 90 42 57 57
4737 0 60 60 60 0 4737 0 0 0 60 180 61 71 71
4737 0 60 60 60 0 4737 0 0 60 0 0 48 57 57
4737 0 60 60 60 0 4737 0 0 60 0 90 42 57 57
4737 0 60 60 60 0 4737 0 0 60 0 180 61 71 71
4737 0 60 60 60 0 4737 0 0 60 20 0 43 56 56
4737 0 60 60 60 0 4737 0 0 60 20 90 43 57 57
4737 0 60 60 60 0 4737 0 0 60 20 180 63 72 72
4737 0 60 60 60 0 4737 0 0 60 40 0 40 54 54
4737 0 60 60 60 0 4737 0 0 60 40 90 47 57 57
4737 0 60 60 60 0 4737 0 0 60 40 180 65 72 72
4737 0 60 60 60 0 4737 0 0 60 60 0 40 54 54
4737 0 60 60 60 0 4737 0 0 60 60 90 52 59 59
4737 0 60 60 60 0 4737 0 0 60 60 180 66 72 72
4737 0 60 60 60 0 4737 0 0 120 0 0 40 54 54
4737 0 60 60 60 0 4737 0 0 120 0 90 52 59 59
4737 0 60 60 60 0 4737 0 0 120 0 180 66 72 72
4737 0 60 60 60 0 4737 0 0 120 20 0 44 54 54
4737 0 60 60 60 0 4737 0 0 120 20 90 57 62 62
4737 0 60 60 60 0 4737 0 0 120 20 180 65 71 71
4737 0 60 60 60 0 4737 0 0 120 40 0 49 57 57
4737 0 60 60 60 0 4737 0 0 120 40 90 61 66 66
4737 0 60 60 60 0 4737 0 0 120 40 180 62 70 70
4737 0 60 60 60 0 4737 0 0 120 60 0 54 60 60
4737 0 60 60 60 0 4737 0 0 120 60 90 64 70 70
4737 0 60 60 60 0 4737 0 0 120 60 180 59 68 68
4737 0 60 60 60 0 4737 0 30 0 0 0 63 61 61
4737 0 60 60 60 0 4737 0 30 0 0 90 50 54 54
4737 0 60 60 60 0 4737 0 30 0 0 180 54 62 62
4737 0 60 60 60 0 4737 0 30 0 20 0 58 57 57
4737 0 60 60 60 0 4737 0 30 0 20 90 45 51 51
4737 0 60 60 60 0 4737 0 30 0 20 180 55 63 63
4737 0 60 60 60 0 4737 0 30 0 40 0 53 55 55
4737 0 60 60 60 0 4737 0 30 0 40 90 42 50 50
4737 0 60 60 60 0 4737 0 30 0 40 180 58 65 65
4737 0 60 60 60 0 4737 0 30 0 60 0 48 53 53
4737 0 60 60 60 0 4737 0 30 0 60 90 41 49 49
4737 0 60 60 60 0 4737 0 30 0 60 180 60 67 67
4737 0 60 60 60 0 4737 0 30 60 0 0 48 53 53
4737 0 60 60 60 0 4737 0 30 60 0 90 41 55 55
4737 0 60 60 60 0 4737 0 30 60 0 180 60 73 73
4737 0 60 60 60 0 4737 0 30 60 20 0 42 51 51
4737 0 60 60 60 0 4737 0 30 60 20 90 42 54 54
4737 0 60 60 60 0 4737 0 30 60 20 180 62 74 74
4737 0 60 60 60 0 4737 0 30 60 40 0 39 49 49
4737 0 60 60 60 0 4737 0 30 60 40 90 46 55 55
4737 0 60 60 60 0 4737 0 30 60 40 180 64 75 75
4737 0 60 60 60 0 4737 0 30 60 60 0 39 49 49
4737 0 60 60 60 0 4737 0 30 60 60 90 51 58 58
4737 0 60 60 60 0 4737 0 30 60 60 180 65 75 75
4737 0 60 60 60 0 4737 0 30 120 0 0 40 53 53
4737 0 60 60 60 0 4737 0 30 120 0 90 51 63 63
4737 0 60 60 60 0 4737 0 30 120 0 180 65 73 73
4737 0 60 60 60 0 4737 0 30 120 20 0 43 54 54
4737 0 60 60 60 0 4737 0 30 120 20 90 56 66 66
4737 0 60 60 60 0 4737 0 30 120 20 180 64 72 72
4737 0 60 60 60 0 4737 0 30 120 40 0 47 56 56
4737 0 60 60 60 0 4737 0 30 120 40 90 60 68 68
4737 0 60 60 60 0 4737 0 30 120 40 180 62 71 71
4737 0 60 60 60 0 4737 0 30 120 60 0 53 59 59
4737 0 60 60 60 0 4737 0 30 120 60 90 63 71 71
4737 0 60 60 60 0 4737 0 30 120 60 180 59 70 70
4737 0 60 60 60 0 4737 0 60 0 0 0 58 62 62
4737 0 60 60 60 0 4737 0 60 0 0 90 48 54 54
4737 0 60 60 60 0 4737 0 60 0 0 180 53 64 64
4737 0 60 60 60 0 4737 0 60 0 20 0 55 59 59
4737 0 60 60 60 0 4737 0 60 0 20 90 42 51 51
4737 0 60 60 60 0 4737 0 60 0 20 180 53 65 65
4737 0 60 60 60 0 4737 0 60 0 40 0 50 57 57
4737 0 60 60 60 0 4737 0 60 0 40 90 40 49 49
4737 0 60 60 60 0 4737 0 60 0 40 180 54 66 66
4737 0 60 60 60 0 4737 0 60 0 60 0 45 56 56
4737 0 60 60 60 0 4737 0 60 0 60 90 38 49 49
4737 0 60 60 60 0 4737 0 60 0 60 180 55 68 68
4737 0 60 60 60 0 4737 0 60 60 0 0 46 57 57
4737 0 60 60 60 0 4737 0 60 60 0 90 40 59 59
4737 0 60 60 60 0 4737 0 60 60 0 180 57 81 81
4737 0 60 60 60 0 4737 0 60 60 20 0 40 53 53
4737 0 60 60 60 0 4737 0 60 60 20 90 41 58 58
4737 0 60 60 60 0 4737 0 60 60 20 180 59 82 82
4737 0 60 60 60 0 4737 0 60 60 40 0 35 50 50
4737 0 60 60 60 0 4737 0 60 60 40 90 42 60 60
4737 0 60 60 60 0 4737 0 60 60 40 180 60 83 83
4737 0 60 60 60 0 4737 0 60 60 60 0 34 50 50
4737 0 60 60 60 0 4737 0 60 60 60 90 46 62 62
4737 0 60 60 60 0 4737 0 60 60 60 180 60 84 84
4737 0 60 60 60 0 4737 0 60 120 0 0 39 59 59
4737 0 60 60 60 0 4737 0 60 120 0 90 48 71 71
4737 0 60 60 60 0 4737 0 60 120 0 180 61 78 78
4737 0 60 60 60 0 4737 0 60 120 20 0 40 60 60
4737 0 60 60 60 0 4737 0 60 120 20 90 52 73 73
4737 0 60 60 60 0 4737 0 60 120 20 180 61 78 78
4737 0 60 60 60 0 4737 0 60 120 40 0 44 62 62
4737 0 60 60 60 0 4737 0 60 120 40 90 56 76 76
4737 0 60 60 60 0 4737 0 60 120 40 180 59 78 78
4737 0 60 60 60 0 4737 0 60 120 60 0 49 65 65
4737 0 60 60 60 0 4737 0 60 120 60 90 60 79 79
4737 0 60 60 60 0 4737 0 60 120 60 180 55 77 77
4737 0 60 60 60 0 4737 0 0 0 0 0 63 66 66
4737 0 60 60 60 0 4737 0 0 0 0 90 54 61 61
4737 0 60 60 60 0 4737 0 0 0 0 180 54 65 65
4737 0 60 60 60 0 4737 0 0 0 20 0 59 62 62
4737 0 60 60 60 0 4737 0 0 0 20 90 50 58 58
4737 0 60 60 60 0 4737 0 0 0 20 180 55 66 66
4737 0 60 60 60 0 4737 0 0 0 40 0 53 59 59
4737 0 60 60 60 0 4737 0 0 0 40 90 45 57 57
4737 0 60 60 60 0 4737 0 0 0 40 180 57 67 67
4737 0 60 60 60 0 4737 0 0 0 60 0 48 56 56
4737 0 60 60 60 0 4737 0 0 0 60 90 42 56 56
4737 0 60 60 60 0 4737 0 0 0 60 180 60 68 68
4737 0 60 60 60 0 4737 0 0 60 0 0 48 56 56
4737 0 60 60 60 0 4737 0 0 60 0 90 42 56 56
4737 0 60 60 60 0 4737 0 0 60 0 180 60 68 68
4737 0 60 60 60 0 4737 0 0 60 20 0 43 54 54
4737 0 60 60 60 0 4737 0 0 60 20 90 41 55 55
4737 0 60 60 60 0 4737 0 0 60 20 180 62 69 69
4737 0 60 60 60 0 4737 0 0 60 40 0 40 53 53
4737 0 60 60 60 0 4737 0 0 60 40 90 43 56 56
4737 0 60 60 60 0 4737 0 0 60 40 180 63 69 69
4737 0 60 60 60 0 4737 0 0 60 60 0 40 52 52
4737 0 60 60 60 0 4737 0 0 60 60 90 48 57 57
4737 0 60 60 60 0 4737 0 0 60 60 180 63 69 69
4737 0 60 60 60 0 4737 0 0 120 0 0 40 52 52
4737 0 60 60 60 0 4737 0 0 120 0 90 48 57 57
4737 0 60 60 60 0 4737 0 0 120 0 180 63 69 69
4737 0 60 60 60 0 4737 0 0 120 20 0 44 54 54
4737 0 60 60 60 0 4737 0 0 120 20 90 53 59 59
4737 0 60 60 60 0 4737 0 0 120 20 180 62 70 70
4737 0 60 60 60 0 4737 0 0 120 40 0 48 56 56
4737 0 60 60 60 0 4737 0 0 120 40 90 57 62 62
4737 0 60 60 60 0 4737 0 0 120 40 180 61 70 70
4737 0 60 60 60 0 4737 0 0 120 60 0 53 59 59
4737 0 60 60 60 0 4737 0 0 120 60 90 61 65 65
4737 0 60 60 60 0 4737 0 0 120 60 180 58 69 69
4737 0 60 60 60 0 4737 0 30 0 0 0 62 62 62
4737 0 60 60 60 0 4737 0 30 0 0 90 54 56 56
4737 0 60 60 60 0 4737 0 30 0 0 180 54 63 63
4737 0 60 60 60 0 4737 0 30 0 20 0 58 58 58
4737 0 60 60 60 0 4737 0 30 0 20 90 49 53 53
4737 0 60 60 60 0 4737 0 30 0 20 180 54 64 64
4737 0 60 60 60 0 4737 0 30 0 40 0 53 55 55
4737 0 60 60 60 0 4737 0 30 0 40 90 45 50 50
4737 0 60 60 60 0 4737 0 30 0 40 180 56 65 65
4737 0 60 60 60 0 4737 0 30 0 60 0 48 54 54
4737 0 60 60 60 0 4737 0 30 0 60 90 41 49 49
4737 0 60 60 60 0 4737 0 30 0 60 180 58 67 67
4737 0 60 60 60 0 4737 0 30 60 0 0 48 55 55
4737 0 60 60 60 0 4737 0 30 60 0 90 41 55 55
4737 0 60 60 60 0 4737 0 30 60 0 180 58 73 73
4737 0 60 60 60 0 4737 0 30 60 20 0 42 52 52
4737 0 60 60 60 0 4737 0 30 60 20 90 39 54 54
4737 0 60 60 60 0 4737 0 30 60 20 180 61 74 74
4737 0 60 60 60 0 4737 0 30 60 40 0 38 50 50
4737 0 60 60 60 0 4737 0 30 60 40 90 42 55 55
4737 0 60 60 60 0 4737 0 30 60 40 180 62 74 74
4737 0 60 60 60 0 4737 0 30 60 60 0 38 50 50
4737 0 60 60 60 0 4737 0 30 60 60 90 46 57 57
4737 0 60 60 60 0 4737 0 30 60 60 180 62 75 75
4737 0 60 60 60 0 4737 0 30 120 0 0 39 54 54
4737 0 60 60 60 0 4737 0 30 120 0 90 47 62 62
4737 0 60 60 60 0 4737 0 30 120 0 180 63 72 72
4737 0 60 60 60 0 4737 0 30 120 20 0 42 56 56
4737 0 60 60 60 0 4737 0 30 120 20 90 52 64 64
4737 0 60 60 60 0 4737 0 30 120 20 180 62 72 72
4737 0 60 60 60 0 4737 0 30 120 40 0 47 58 58
4737 0 60 60 60 0 4737 0 30 120 40 90 56 67 67
4737 0 60 60 60 0 4737 0 30 120 40 180 60 72 72
4737 0 60 60 60 0 4737 0 30 120 60 0 52 61 61
4737 0 60 60 60 0 4737 0 30 120 60 90 60 70 70
4737 0 60 60 60 0 4737 0 30 120 60 180 57 72 72
4737 0 60 60 60 0 4737 0 60 0 0 0 57 63 63
4737 0 60 60 60 0 4737 0 60 0 0 90 51 57 57
4737 0 60 60 60 0 4737 0 60 0 0 180 53 64 64
4737 0 60 60 60 0 4737 0 60 0 20 0 54 60 60
4737 0 60 60 60 0 4737 0 60 0 20 90 46 53 53
4737 0 60 60 60 0 4737 0 60 0 20 180 53 64 64
4737 0 60 60 60 0 4737 0 60 0 40 0 50 58 58
4737 0 60 60 60 0 4737 0 60 0 40 90 42 50 50
4737 0 60 60 60 0 4737 0 60 0 40 180 52 65 65
4737 0 60 60 60 0 4737 0 60 0 60 0 45 56 56
4737 0 60 60 60 0 4737 0 60 0 60 90 39 50 50
4737 0 60 60 60 0 4737 0 60 0 60 180 53 66 66
4737 0 60 60 60 0 4737 0 60 60 0 0 45 60 60
4737 0 60 60 60 0 4737 0 60 60 0 90 40 60 60
4737 0 60 60 60 0 4737 0 60 60 0 180 54 83 83
4737 0 60 60 60 0 4737 0 60 60 20 0 40 57 57
4737 0 60 60 60 0 4737 0 60 60 20 90 37 58 58
4737 0 60 60 60 0 4737 0 60 60 20 180 56 84 84
4737 0 60 60 60 0 4737 0 60 60 40 0 34 53 53
4737 0 60 60 60 0 4737 0 60 60 40 90 37 59 59
4737 0 60 60 60 0 4737 0 60 60 40 180 58 85 85
4737 0 60 60 60 0 4737 0 60 60 60 0 31 51 51
4737 0 60 60 60 0 4737 0 60 60 60 90 41 61 61
4737 0 60 60 60 0 4737 0 60 60 60 180 58 86 86
4737 0 60 60 60 0 4737 0 60 120 0 0 38 62 62
4737 0 60 60 60 0 4737 0 60 120 0 90 44 71 71
4737 0 60 60 60 0 4737 0 60 120 0 180 59 80 80
4737 0 60 60 60 0 4737 0 60 120 20 0 40 65 65
4737 0 60 60 60 0 4737 0 60 120 20 90 48 74 74
4737 0 60 60 60 0 4737 0 60 120 20 180 59 81 81
4737 0 60 60 60 0 4737 0 60 120 40 0 43 67 67
4737 0 60 60 60 0 4737 0 60 120 40 90 52 77 77
4737 0 60 60 60 0 4737 0 60 120 40 180 56 81 81
4737 0 60 60 60 0 4737 0 60 120 60 0 48 69 69
4737 0 60 60 60 0 4737 0 60 120 60 90 56 79 79
4737 0 60 60 60 0 4737 0 60 120 60 180 53 81 81
