4737 0.0 0 0 0 4737 0.0 0 0 0 0 39.9 34.1 34.1
4737 0.0 0 0 0 4737 0.0 0 0 0 30 48.2 42.4 42.4
4737 0.0 0 0 0 4737 0.0 0 0 0 60 56.5 50.7 50.7
4737 0.0 0 0 0 4737 0.0 0 0 0 90 64.9 59.1 59.1
4737 0.0 0 0 0 4737 0.0 0 0 0 120 73.2 64.9 64.9
4737 0.0 0 0 0 4737 0.0 0 0 0 150 76.0 65.0 65.0
4737 0.0 0 0 0 4737 0.0 0 0 0 180 76.0 65.0 65.0
4737 0.0 0 0 0 4737 0.0 10 0 0 0 39.8 34.6 34.6
4737 0.0 0 0 0 4737 0.0 10 0 0 30 48.1 42.2 42.2
4737 0.0 0 0 0 4737 0.0 10 0 0 60 56.4 50.5 50.5
4737 0.0 0 0 0 4737 0.0 10 0 0 90 64.7 58.8 58.8
4737 0.0 0 0 0 4737 0.0 10 0 0 120 73.0 64.4 64.4
4737 0.0 0 0 0 4737 0.0 10 0 0 150 75.9 64.6 64.6
4737 0.0 0 0 0 4737 0.0 10 0 0 180 75.9 64.7 64.7
4737 0.0 0 0 0 4737 0.0 20 0 0 0 39.5 36.2 36.2
4737 0.0 0 0 0 4737 0.0 20 0 0 30 47.8 41.3 41.3
4737 0.0 0 0 0 4737 0.0 20 0 0 60 56.2 49.6 49.6
4737 0.0 0 0 0 4737 0.0 20 0 0 90 64.5 57.4 57.4
4737 0.0 0 0 0 4737 0.0 20 0 0 120 72.8 62.3 62.3
4737 0.0 0 0 0 4737 0.0 20 0 0 150 75.6 63.2 63.2
4737 0.0 0 0 0 4737 0.0 20 0 0 180 75.6 63.2 63.2
4737 0.0 0 0 0 4737 0.0 30 0 0 0 39.2 37.8 37.8
4737 0.0 0 0 0 4737 0.0 30 0 0 30 47.4 41.2 41.2
4737 0.0 0 0 0 4737 0.0 30 0 0 60 55.7 47.6 47.6
4737 0.0 0 0 0 4737 0.0 30 0 0 90 64.1 53.8 53.8
4737 0.0 0 0 0 4737 0.0 30 0 0 120 72.4 58.5 58.5
4737 0.0 0 0 0 4737 0.0 30 0 0 150 75.1 60.2 60.2
4737 0.0 0 0 0 4737 0.0 30 0 0 180 75.1 60.3 60.3
4737 0.0 0 0 0 4737 0.0 40 0 0 0 39.2 39.5 39.5
4737 0.0 0 0 0 4737 0.0 40 0 0 30 46.9 42.0 42.0
4737 0.0 0 0 0 4737 0.0 40 0 0 60 55.2 47.4 47.4
4737 0.0 0 0 0 4737 0.0 40 0 0 90 63.5 53.0 53.0
4737 0.0 0 0 0 4737 0.0 40 0 0 120 71.7 57.6 57.6
4737 0.0 0 0 0 4737 0.0 40 0 0 150 74.3 60.1 60.1
4737 0.0 0 0 0 4737 0.0 40 0 0 180 74.3 60.3 60.3
4737 0.0 0 0 0 4737 0.0 50 0 0 0 39.4 41.3 41.3
4737 0.0 0 0 0 4737 0.0 50 0 0 30 46.0 43.3 43.3
4737 0.0 0 0 0 4737 0.0 50 0 0 60 54.3 47.7 47.7
4737 0.0 0 0 0 4737 0.0 50 0 0 90 62.7 53.1 53.1
4737 0.0 0 0 0 4737 0.0 50 0 0 120 70.5 57.7 57.7
4737 0.0 0 0 0 4737 0.0 50 0 0 150 73.0 60.4 60.4
4737 0.0 0 0 0 4737 0.0 50 0 0 180 73.0 61.4 61.4
4737 0.0 0 0 0 4737 0.0 60 0 0 0 39.9 43.5 43.5
4737 0.0 0 0 0 4737 0.0 60 0 0 30 45.1 45.3 45.3
4737 0.0 0 0 0 4737 0.0 60 0 0 60 53.1 48.9 48.9
4737 0.0 0 0 0 4737 0.0 60 0 0 90 61.4 53.6 53.6
4737 0.0 0 0 0 4737 0.0 60 0 0 120 68.2 58.2 58.2
4737 0.0 0 0 0 4737 0.0 60 0 0 150 70.9 61.0 61.0
4737 0.0 0 0 0 4737 0.0 60 0 0 180 70.9 62.2 62.2
4737 0.0 0 0 0 4737 0.1 0 0 0 0 40.5 34.6 34.6
4737 0.0 0 0 0 4737 0.1 0 0 0 30 46.8 40.8 40.8
4737 0.0 0 0 0 4737 0.1 0 0 0 60 53.9 48.0 48.0
4737 0.0 0 0 0 4737 0.1 0 0 0 90 61.7 55.8 55.8
4737 0.0 0 0 0 4737 0.1 0 0 0 120 70.3 63.6 63.6
4737 0.0 0 0 0 4737 0.1 0 0 0 150 76.0 64.7 64.7
4737 0.0 0 0 0 4737 0.1 0 0 0 180 76.0 64.8 64.8
4737 0.0 0 0 0 4737 0.1 10 0 0 0 40.5 34.9 34.9
4737 0.0 0 0 0 4737 0.1 10 0 0 30 46.6 40.6 40.6
4737 0.0 0 0 0 4737 0.1 10 0 0 60 53.8 47.7 47.7
4737 0.0 0 0 0 4737 0.1 10 0 0 90 61.6 55.5 55.5
4737 0.0 0 0 0 4737 0.1 10 0 0 120 70.2 62.2 62.2
4737 0.0 0 0 0 4737 0.1 10 0 0 150 75.9 64.4 64.4
4737 0.0 0 0 0 4737 0.1 10 0 0 180 75.9 64.5 64.5
4737 0.0 0 0 0 4737 0.1 20 0 0 0 40.4 36.1 36.1
4737 0.0 0 0 0 4737 0.1 20 0 0 30 46.4 39.8 39.8
4737 0.0 0 0 0 4737 0.1 20 0 0 60 53.5 46.9 46.9
4737 0.0 0 0 0 4737 0.1 20 0 0 90 61.3 54.2 54.2
4737 0.0 0 0 0 4737 0.1 20 0 0 120 69.9 59.8 59.8
4737 0.0 0 0 0 4737 0.1 20 0 0 150 75.6 62.9 62.9
4737 0.0 0 0 0 4737 0.1 20 0 0 180 75.6 63.0 63.0
4737 0.0 0 0 0 4737 0.1 30 0 0 0 40.3 37.7 37.7
4737 0.0 0 0 0 4737 0.1 30 0 0 30 46.0 39.9 39.9
4737 0.0 0 0 0 4737 0.1 30 0 0 60 53.1 44.9 44.9
4737 0.0 0 0 0 4737 0.1 30 0 0 90 60.9 50.7 50.7
4737 0.0 0 0 0 4737 0.1 30 0 0 120 69.5 56.0 56.0
4737 0.0 0 0 0 4737 0.1 30 0 0 150 75.1 59.6 59.6
4737 0.0 0 0 0 4737 0.1 30 0 0 180 75.1 60.1 60.1
4737 0.0 0 0 0 4737 0.1 40 0 0 0 40.2 39.4 39.4
4737 0.0 0 0 0 4737 0.1 40 0 0 30 45.4 41.1 41.1
4737 0.0 0 0 0 4737 0.1 40 0 0 60 52.5 44.7 44.7
4737 0.0 0 0 0 4737 0.1 40 0 0 90 60.3 50.0 50.0
4737 0.0 0 0 0 4737 0.1 40 0 0 120 68.9 55.1 55.1
4737 0.0 0 0 0 4737 0.1 40 0 0 150 74.3 58.9 58.9
4737 0.0 0 0 0 4737 0.1 40 0 0 180 74.3 60.2 60.2
4737 0.0 0 0 0 4737 0.1 50 0 0 0 40.1 41.2 41.2
4737 0.0 0 0 0 4737 0.1 50 0 0 30 44.8 42.6 42.6
4737 0.0 0 0 0 4737 0.1 50 0 0 60 51.7 45.5 45.5
4737 0.0 0 0 0 4737 0.1 50 0 0 90 59.5 50.0 50.0
4737 0.0 0 0 0 4737 0.1 50 0 0 120 68.1 55.0 55.0
4737 0.0 0 0 0 4737 0.1 50 0 0 150 73.0 58.9 58.9
4737 0.0 0 0 0 4737 0.1 50 0 0 180 73.0 61.0 61.0
4737 0.0 0 0 0 4737 0.1 60 0 0 0 40.4 43.3 43.3
4737 0.0 0 0 0 4737 0.1 60 0 0 30 44.3 44.6 44.6
4737 0.0 0 0 0 4737 0.1 60 0 0 60 50.5 47.1 47.1
4737 0.0 0 0 0 4737 0.1 60 0 0 90 58.3 50.7 50.7
4737 0.0 0 0 0 4737 0.1 60 0 0 120 66.4 55.4 55.4
4737 0.0 0 0 0 4737 0.1 60 0 0 150 70.7 59.4 59.4
4737 0.0 0 0 0 4737 0.1 60 0 0 180 70.9 61.8 61.8
4737 0.0 0 0 0 4737 0.2 0 0 0 0 42.5 36.4 36.4
4737 0.0 0 0 0 4737 0.2 0 0 0 30 45.5 39.4 39.4
4737 0.0 0 0 0 4737 0.2 0 0 0 60 51.5 45.4 45.4
4737 0.0 0 0 0 4737 0.2 0 0 0 90 58.6 52.5 52.5
4737 0.0 0 0 0 4737 0.2 0 0 0 120 67.3 60.6 60.6
4737 0.0 0 0 0 4737 0.2 0 0 0 150 74.8 64.5 64.5
4737 0.0 0 0 0 4737 0.2 0 0 0 180 76.0 64.5 64.5
4737 0.0 0 0 0 4737 0.2 10 0 0 0 42.4 36.3 36.3
4737 0.0 0 0 0 4737 0.2 10 0 0 30 45.3 39.4 39.4
4737 0.0 0 0 0 4737 0.2 10 0 0 60 51.4 45.2 45.2
4737 0.0 0 0 0 4737 0.2 10 0 0 90 58.4 52.3 52.3
4737 0.0 0 0 0 4737 0.2 10 0 0 120 67.2 59.3 59.3
4737 0.0 0 0 0 4737 0.2 10 0 0 150 74.7 63.9 63.9
4737 0.0 0 0 0 4737 0.2 10 0 0 180 75.9 64.2 64.2
4737 0.0 0 0 0 4737 0.2 20 0 0 0 42.4 36.3 36.3
4737 0.0 0 0 0 4737 0.2 20 0 0 30 45.1 39.3 39.3
4737 0.0 0 0 0 4737 0.2 20 0 0 60 51.1 44.3 44.3
4737 0.0 0 0 0 4737 0.2 20 0 0 90 58.2 50.8 50.8
4737 0.0 0 0 0 4737 0.2 20 0 0 120 66.9 56.9 56.9
4737 0.0 0 0 0 4737 0.2 20 0 0 150 74.5 61.7 61.7
4737 0.0 0 0 0 4737 0.2 20 0 0 180 75.7 62.7 62.7
4737 0.0 0 0 0 4737 0.2 30 0 0 0 42.2 37.7 37.7
4737 0.0 0 0 0 4737 0.2 30 0 0 30 44.9 39.4 39.4
4737 0.0 0 0 0 4737 0.2 30 0 0 60 50.7 42.6 42.6
4737 0.0 0 0 0 4737 0.2 30 0 0 90 57.8 47.7 47.7
4737 0.0 0 0 0 4737 0.2 30 0 0 120 66.5 53.3 53.3
4737 0.0 0 0 0 4737 0.2 30 0 0 150 74.0 58.1 58.1
4737 0.0 0 0 0 4737 0.2 30 0 0 180 75.1 60.0 60.0
4737 0.0 0 0 0 4737 0.2 40 0 0 0 42.1 39.3 39.3
4737 0.0 0 0 0 4737 0.2 40 0 0 30 44.7 40.6 40.6
4737 0.0 0 0 0 4737 0.2 40 0 0 60 50.1 43.0 43.0
4737 0.0 0 0 0 4737 0.2 40 0 0 90 57.2 47.0 47.0
4737 0.0 0 0 0 4737 0.2 40 0 0 120 65.9 52.4 52.4
4737 0.0 0 0 0 4737 0.2 40 0 0 150 73.2 57.3 57.3
4737 0.0 0 0 0 4737 0.2 40 0 0 180 74.3 60.1 60.1
4737 0.0 0 0 0 4737 0.2 50 0 0 0 42.0 40.9 40.9
4737 0.0 0 0 0 4737 0.2 50 0 0 30 44.4 42.0 42.0
4737 0.0 0 0 0 4737 0.2 50 0 0 60 49.3 44.1 44.1
4737 0.0 0 0 0 4737 0.2 50 0 0 90 56.4 47.3 47.3
4737 0.0 0 0 0 4737 0.2 50 0 0 120 65.1 52.3 52.3
4737 0.0 0 0 0 4737 0.2 50 0 0 150 71.9 57.2 57.2
4737 0.0 0 0 0 4737 0.2 50 0 0 180 73.0 60.6 60.6
4737 0.0 0 0 0 4737 0.2 60 0 0 0 42.0 42.9 42.9
4737 0.0 0 0 0 4737 0.2 60 0 0 30 44.2 43.9 43.9
4737 0.0 0 0 0 4737 0.2 60 0 0 60 48.8 45.8 45.8
4737 0.0 0 0 0 4737 0.2 60 0 0 90 55.1 48.5 48.5
4737 0.0 0 0 0 4737 0.2 60 0 0 120 63.6 52.5 52.5
4737 0.0 0 0 0 4737 0.2 60 0 0 150 69.7 57.5 57.5
4737 0.0 0 0 0 4737 0.2 60 0 0 180 70.9 61.1 61.1
4737 0.0 0 0 0 4737 0.3 0 0 0 0 44.5 38.3 38.3
4737 0.0 0 0 0 4737 0.3 0 0 0 30 45.7 39.5 39.5
4737 0.0 0 0 0 4737 0.3 0 0 0 60 49.3 43.1 43.1
4737 0.0 0 0 0 4737 0.3 0 0 0 90 55.5 49.3 49.3
4737 0.0 0 0 0 4737 0.3 0 0 0 120 64.1 57.2 57.2
4737 0.0 0 0 0 4737 0.3 0 0 0 150 72.7 63.3 63.3
4737 0.0 0 0 0 4737 0.3 0 0 0 180 76.0 64.2 64.2
4737 0.0 0 0 0 4737 0.3 10 0 0 0 44.5 38.2 38.2
4737 0.0 0 0 0 4737 0.3 10 0 0 30 45.7 39.4 39.4
4737 0.0 0 0 0 4737 0.3 10 0 0 60 49.2 42.9 42.9
4737 0.0 0 0 0 4737 0.3 10 0 0 90 55.4 49.1 49.1
4737 0.0 0 0 0 4737 0.3 10 0 0 120 63.9 56.0 56.0
4737 0.0 0 0 0 4737 0.3 10 0 0 150 72.6 62.1 62.1
4737 0.0 0 0 0 4737 0.3 10 0 0 180 75.9 63.9 63.9
4737 0.0 0 0 0 4737 0.3 20 0 0 0 44.5 37.9 37.9
4737 0.0 0 0 0 4737 0.3 20 0 0 30 45.6 39.1 39.1
4737 0.0 0 0 0 4737 0.3 20 0 0 60 48.9 42.5 42.5
4737 0.0 0 0 0 4737 0.3 20 0 0 90 55.1 47.3 47.3
4737 0.0 0 0 0 4737 0.3 20 0 0 120 63.7 53.4 53.4
4737 0.0 0 0 0 4737 0.3 20 0 0 150 72.4 59.5 59.5
4737 0.0 0 0 0 4737 0.3 20 0 0 180 75.7 62.2 62.2
4737 0.0 0 0 0 4737 0.3 30 0 0 0 44.4 38.2 38.2
4737 0.0 0 0 0 4737 0.3 30 0 0 30 45.5 39.3 39.3
4737 0.0 0 0 0 4737 0.3 30 0 0 60 48.6 41.5 41.5
4737 0.0 0 0 0 4737 0.3 30 0 0 90 54.7 44.9 44.9
4737 0.0 0 0 0 4737 0.3 30 0 0 120 63.2 50.5 50.5
4737 0.0 0 0 0 4737 0.3 30 0 0 150 71.9 56.6 56.6
4737 0.0 0 0 0 4737 0.3 30 0 0 180 75.1 60.2 60.2
4737 0.0 0 0 0 4737 0.3 40 0 0 0 44.2 39.3 39.3
4737 0.0 0 0 0 4737 0.3 40 0 0 30 45.4 40.3 40.3
4737 0.0 0 0 0 4737 0.3 40 0 0 60 48.3 42.1 42.1
4737 0.0 0 0 0 4737 0.3 40 0 0 90 54.1 44.8 44.8
4737 0.0 0 0 0 4737 0.3 40 0 0 120 62.6 49.7 49.7
4737 0.0 0 0 0 4737 0.3 40 0 0 150 71.2 55.7 55.7
4737 0.0 0 0 0 4737 0.3 40 0 0 180 74.3 60.0 60.0
4737 0.0 0 0 0 4737 0.3 50 0 0 0 44.1 40.8 40.8
4737 0.0 0 0 0 4737 0.3 50 0 0 30 45.3 41.7 41.7
4737 0.0 0 0 0 4737 0.3 50 0 0 60 48.1 43.2 43.2
4737 0.0 0 0 0 4737 0.3 50 0 0 90 53.3 45.5 45.5
4737 0.0 0 0 0 4737 0.3 50 0 0 120 61.8 49.4 49.4
4737 0.0 0 0 0 4737 0.3 50 0 0 150 70.1 55.4 55.4
4737 0.0 0 0 0 4737 0.3 50 0 0 180 72.9 60.0 60.0
4737 0.0 0 0 0 4737 0.3 60 0 0 0 44.1 42.6 42.6
4737 0.0 0 0 0 4737 0.3 60 0 0 30 45.3 43.4 43.4
4737 0.0 0 0 0 4737 0.3 60 0 0 60 47.8 44.7 44.7
4737 0.0 0 0 0 4737 0.3 60 0 0 90 52.7 46.8 46.8
4737 0.0 0 0 0 4737 0.3 60 0 0 120 60.3 50.2 50.2
4737 0.0 0 0 0 4737 0.3 60 0 0 150 67.9 55.5 55.5
4737 0.0 0 0 0 4737 0.3 60 0 0 180 70.5 60.3 60.3
4737 0.0 0 0 0 4737 0.4 0 0 0 0 46.6 40.3 40.3
4737 0.0 0 0 0 4737 0.4 0 0 0 30 47.2 40.9 40.9
4737 0.0 0 0 0 4737 0.4 0 0 0 60 48.7 42.4 42.4
4737 0.0 0 0 0 4737 0.4 0 0 0 90 52.6 46.2 46.2
4737 0.0 0 0 0 4737 0.4 0 0 0 120 60.6 53.6 53.6
4737 0.0 0 0 0 4737 0.4 0 0 0 150 70.2 61.0 61.0
4737 0.0 0 0 0 4737 0.4 0 0 0 180 75.6 63.8 63.8
4737 0.0 0 0 0 4737 0.4 10 0 0 0 46.6 40.2 40.2
4737 0.0 0 0 0 4737 0.4 10 0 0 30 47.2 40.7 40.7
4737 0.0 0 0 0 4737 0.4 10 0 0 60 48.6 42.1 42.1
4737 0.0 0 0 0 4737 0.4 10 0 0 90 52.5 46.0 46.0
4737 0.0 0 0 0 4737 0.4 10 0 0 120 60.5 52.4 52.4
4737 0.0 0 0 0 4737 0.4 10 0 0 150 70.1 59.7 59.7
4737 0.0 0 0 0 4737 0.4 10 0 0 180 75.5 63.4 63.4
4737 0.0 0 0 0 4737 0.4 20 0 0 0 46.6 39.9 39.9
4737 0.0 0 0 0 4737 0.4 20 0 0 30 47.2 40.0 40.0
4737 0.0 0 0 0 4737 0.4 20 0 0 60 48.6 41.1 41.1
4737 0.0 0 0 0 4737 0.4 20 0 0 90 52.2 44.1 44.1
4737 0.0 0 0 0 4737 0.4 20 0 0 120 60.2 49.5 49.5
4737 0.0 0 0 0 4737 0.4 20 0 0 150 69.9 56.6 56.6
4737 0.0 0 0 0 4737 0.4 20 0 0 180 75.2 61.4 61.4
4737 0.0 0 0 0 4737 0.4 30 0 0 0 46.5 39.9 39.9
4737 0.0 0 0 0 4737 0.4 30 0 0 30 47.1 39.8 39.8
4737 0.0 0 0 0 4737 0.4 30 0 0 60 48.5 41.0 41.0
4737 0.0 0 0 0 4737 0.4 30 0 0 90 51.9 43.4 43.4
4737 0.0 0 0 0 4737 0.4 30 0 0 120 59.8 47.7 47.7
4737 0.0 0 0 0 4737 0.4 30 0 0 150 69.4 54.8 54.8
4737 0.0 0 0 0 4737 0.4 30 0 0 180 74.6 60.2 60.2
4737 0.0 0 0 0 4737 0.4 40 0 0 0 46.5 40.4 40.4
4737 0.0 0 0 0 4737 0.4 40 0 0 30 47.1 40.4 40.4
4737 0.0 0 0 0 4737 0.4 40 0 0 60 48.4 41.6 41.6
4737 0.0 0 0 0 4737 0.4 40 0 0 90 51.7 43.6 43.6
4737 0.0 0 0 0 4737 0.4 40 0 0 120 59.2 47.2 47.2
4737 0.0 0 0 0 4737 0.4 40 0 0 150 68.7 53.8 53.8
4737 0.0 0 0 0 4737 0.4 40 0 0 180 73.7 59.7 59.7
4737 0.0 0 0 0 4737 0.4 50 0 0 0 46.4 41.3 41.3
4737 0.0 0 0 0 4737 0.4 50 0 0 30 47.0 41.4 41.4
4737 0.0 0 0 0 4737 0.4 50 0 0 60 48.4 42.5 42.5
4737 0.0 0 0 0 4737 0.4 50 0 0 90 51.4 44.3 44.3
4737 0.0 0 0 0 4737 0.4 50 0 0 120 58.3 47.4 47.4
4737 0.0 0 0 0 4737 0.4 50 0 0 150 67.6 53.4 53.4
4737 0.0 0 0 0 4737 0.4 50 0 0 180 72.3 59.6 59.6
4737 0.0 0 0 0 4737 0.4 60 0 0 0 46.4 42.8 42.8
4737 0.0 0 0 0 4737 0.4 60 0 0 30 47.0 42.9 42.9
4737 0.0 0 0 0 4737 0.4 60 0 0 60 48.3 43.9 43.9
4737 0.0 0 0 0 4737 0.4 60 0 0 90 51.1 45.5 45.5
4737 0.0 0 0 0 4737 0.4 60 0 0 120 57.3 48.3 48.3
4737 0.0 0 0 0 4737 0.4 60 0 0 150 65.2 53.3 53.3
4737 0.0 0 0 0 4737 0.4 60 0 0 180 69.4 59.5 59.5
4737 0.0 0 0 0 4737 0.5 0 0 0 0 48.8 42.3 42.3
4737 0.0 0 0 0 4737 0.5 0 0 0 30 49.1 42.6 42.6
4737 0.0 0 0 0 4737 0.5 0 0 0 60 49.8 43.3 43.3
4737 0.0 0 0 0 4737 0.5 0 0 0 90 51.5 45.0 45.0
4737 0.0 0 0 0 4737 0.5 0 0 0 120 57.1 49.4 49.4
4737 0.0 0 0 0 4737 0.5 0 0 0 150 67.3 57.7 57.7
4737 0.0 0 0 0 4737 0.5 0 0 0 180 74.5 62.8 62.8
4737 0.0 0 0 0 4737 0.5 10 0 0 0 48.8 42.2 42.2
4737 0.0 0 0 0 4737 0.5 10 0 0 30 49.1 42.5 42.5
4737 0.0 0 0 0 4737 0.5 10 0 0 60 49.8 43.0 43.0
4737 0.0 0 0 0 4737 0.5 10 0 0 90 51.5 44.2 44.2
4737 0.0 0 0 0 4737 0.5 10 0 0 120 57.0 48.0 48.0
4737 0.0 0 0 0 4737 0.5 10 0 0 150 67.2 56.1 56.1
4737 0.0 0 0 0 4737 0.5 10 0 0 180 74.4 62.3 62.3
4737 0.0 0 0 0 4737 0.5 20 0 0 0 48.8 41.9 41.9
4737 0.0 0 0 0 4737 0.5 20 0 0 30 49.1 41.9 41.9
4737 0.0 0 0 0 4737 0.5 20 0 0 60 49.8 42.2 42.2
4737 0.0 0 0 0 4737 0.5 20 0 0 90 51.4 43.1 43.1
4737 0.0 0 0 0 4737 0.5 20 0 0 120 56.7 46.6 46.6
4737 0.0 0 0 0 4737 0.5 20 0 0 150 66.9 54.3 54.3
4737 0.0 0 0 0 4737 0.5 20 0 0 180 74.0 61.2 61.2
4737 0.0 0 0 0 4737 0.5 30 0 0 0 48.8 41.8 41.8
4737 0.0 0 0 0 4737 0.5 30 0 0 30 49.1 41.7 41.7
4737 0.0 0 0 0 4737 0.5 30 0 0 60 49.7 41.8 41.8
4737 0.0 0 0 0 4737 0.5 30 0 0 90 51.3 42.7 42.7
4737 0.0 0 0 0 4737 0.5 30 0 0 120 56.3 45.8 45.8
4737 0.0 0 0 0 4737 0.5 30 0 0 150 66.4 52.9 52.9
4737 0.0 0 0 0 4737 0.5 30 0 0 180 73.4 60.2 60.2
4737 0.0 0 0 0 4737 0.5 40 0 0 0 48.8 42.1 42.1
4737 0.0 0 0 0 4737 0.5 40 0 0 30 49.1 41.8 41.8
4737 0.0 0 0 0 4737 0.5 40 0 0 60 49.7 41.8 41.8
4737 0.0 0 0 0 4737 0.5 40 0 0 90 51.3 42.9 42.9
4737 0.0 0 0 0 4737 0.5 40 0 0 120 55.9 45.7 45.7
4737 0.0 0 0 0 4737 0.5 40 0 0 150 65.6 51.9 51.9
4737 0.0 0 0 0 4737 0.5 40 0 0 180 72.4 59.6 59.6
4737 0.0 0 0 0 4737 0.5 50 0 0 0 48.7 42.6 42.6
4737 0.0 0 0 0 4737 0.5 50 0 0 30 49.0 42.3 42.3
4737 0.0 0 0 0 4737 0.5 50 0 0 60 49.7 42.4 42.4
4737 0.0 0 0 0 4737 0.5 50 0 0 90 51.2 43.4 43.4
4737 0.0 0 0 0 4737 0.5 50 0 0 120 55.6 46.0 46.0
4737 0.0 0 0 0 4737 0.5 50 0 0 150 64.5 51.3 51.3
4737 0.0 0 0 0 4737 0.5 50 0 0 180 70.8 59.1 59.1
4737 0.0 0 0 0 4737 0.5 60 0 0 0 48.7 43.5 43.5
4737 0.0 0 0 0 4737 0.5 60 0 0 30 49.0 43.3 43.3
4737 0.0 0 0 0 4737 0.5 60 0 0 60 49.7 43.4 43.4
4737 0.0 0 0 0 4737 0.5 60 0 0 90 51.2 44.4 44.4
4737 0.0 0 0 0 4737 0.5 60 0 0 120 54.9 46.7 46.7
4737 0.0 0 0 0 4737 0.5 60 0 0 150 62.5 51.3 51.3
4737 0.0 0 0 0 4737 0.5 60 0 0 180 68.0 58.8 58.8
