5537 0.2 30 0 0 4737 0.0 0 0 0 0 62.7 53.3 53.3
5537 0.2 30 0 0 4737 0.0 0 0 0 30 62.7 53.2 53.2
5537 0.2 30 0 0 4737 0.0 0 0 0 60 62.7 53.4 53.4
5537 0.2 30 0 0 4737 0.0 0 0 0 90 62.5 53.4 53.4
5537 0.2 30 0 0 4737 0.0 0 0 0 120 62.4 53.3 53.3
5537 0.2 30 0 0 4737 0.0 0 0 0 150 62.2 53.3 53.3
5537 0.2 30 0 0 4737 0.0 0 0 0 180 62.2 53.2 53.2
5537 0.2 30 0 0 4737 0.0 10 0 0 0 62.6 52.8 52.8
5537 0.2 30 0 0 4737 0.0 10 0 0 30 62.6 52.8 52.8
5537 0.2 30 0 0 4737 0.0 10 0 0 60 62.6 52.9 52.9
5537 0.2 30 0 0 4737 0.0 10 0 0 90 62.5 53.0 53.0
5537 0.2 30 0 0 4737 0.0 10 0 0 120 62.3 52.8 52.8
5537 0.2 30 0 0 4737 0.0 10 0 0 150 62.1 52.8 52.8
5537 0.2 30 0 0 4737 0.0 10 0 0 180 62.1 52.7 52.7
5537 0.2 30 0 0 4737 0.0 20 0 0 0 62.4 51.4 51.4
5537 0.2 30 0 0 4737 0.0 20 0 0 30 62.5 51.4 51.4
5537 0.2 30 0 0 4737 0.0 20 0 0 60 62.4 51.5 51.5
5537 0.2 30 0 0 4737 0.0 20 0 0 90 62.3 51.6 51.6
5537 0.2 30 0 0 4737 0.0 20 0 0 120 62.1 51.4 51.4
5537 0.2 30 0 0 4737 0.0 20 0 0 150 62.0 51.3 51.3
5537 0.2 30 0 0 4737 0.0 20 0 0 180 62.0 51.3 51.3
5537 0.2 30 0 0 4737 0.0 30 0 0 0 62.1 48.7 48.7
5537 0.2 30 0 0 4737 0.0 30 0 0 30 62.2 48.9 48.9
5537 0.2 30 0 0 4737 0.0 30 0 0 60 62.1 48.7 48.7
5537 0.2 30 0 0 4737 0.0 30 0 0 90 62.0 48.8 48.8
5537 0.2 30 0 0 4737 0.0 30 0 0 120 61.8 48.9 48.9
5537 0.2 30 0 0 4737 0.0 30 0 0 150 61.6 48.6 48.6
5537 0.2 30 0 0 4737 0.0 30 0 0 180 61.6 48.6 48.6
5537 0.2 30 0 0 4737 0.0 40 0 0 0 61.5 48.7 48.7
5537 0.2 30 0 0 4737 0.0 40 0 0 30 61.6 48.8 48.8
5537 0.2 30 0 0 4737 0.0 40 0 0 60 61.6 48.8 48.8
5537 0.2 30 0 0 4737 0.0 40 0 0 90 61.5 48.8 48.8
5537 0.2 30 0 0 4737 0.0 40 0 0 120 61.3 48.7 48.7
5537 0.2 30 0 0 4737 0.0 40 0 0 150 61.1 48.5 48.5
5537 0.2 30 0 0 4737 0.0 40 0 0 180 61.1 48.4 48.4
5537 0.2 30 0 0 4737 0.0 50 0 0 0 60.7 49.2 49.2
5537 0.2 30 0 0 4737 0.0 50 0 0 30 60.9 49.3 49.3
5537 0.2 30 0 0 4737 0.0 50 0 0 60 60.8 49.4 49.4
5537 0.2 30 0 0 4737 0.0 50 0 0 90 60.7 49.5 49.5
5537 0.2 30 0 0 4737 0.0 50 0 0 120 60.5 49.3 49.3
5537 0.2 30 0 0 4737 0.0 50 0 0 150 60.3 49.2 49.2
5537 0.2 30 0 0 4737 0.0 50 0 0 180 60.3 49.3 49.3
5537 0.2 30 0 0 4737 0.0 60 0 0 0 59.4 50.7 50.7
5537 0.2 30 0 0 4737 0.0 60 0 0 30 59.6 50.7 50.7
5537 0.2 30 0 0 4737 0.0 60 0 0 60 59.4 50.6 50.6
5537 0.2 30 0 0 4737 0.0 60 0 0 90 59.3 50.7 50.7
5537 0.2 30 0 0 4737 0.0 60 0 0 120 59.2 50.4 50.4
5537 0.2 30 0 0 4737 0.0 60 0 0 150 58.9 50.4 50.4
5537 0.2 30 0 0 4737 0.0 60 0 0 180 59.1 50.5 50.5
5537 0.2 30 0 0 4737 0.1 0 0 0 0 62.2 52.8 52.8
5537 0.2 30 0 0 4737 0.1 0 0 0 30 62.3 52.7 52.7
5537 0.2 30 0 0 4737 0.1 0 0 0 60 62.2 52.6 52.6
5537 0.2 30 0 0 4737 0.1 0 0 0 90 62.1 52.8 52.8
5537 0.2 30 0 0 4737 0.1 0 0 0 120 62.0 52.8 52.8
5537 0.2 30 0 0 4737 0.1 0 0 0 150 61.8 52.6 52.6
5537 0.2 30 0 0 4737 0.1 0 0 0 180 61.8 52.6 52.6
5537 0.2 30 0 0 4737 0.1 10 0 0 0 62.1 52.2 52.2
5537 0.2 30 0 0 4737 0.1 10 0 0 30 62.2 52.3 52.3
5537 0.2 30 0 0 4737 0.1 10 0 0 60 62.2 52.1 52.1
5537 0.2 30 0 0 4737 0.1 10 0 0 90 62.1 52.3 52.3
5537 0.2 30 0 0 4737 0.1 10 0 0 120 62.0 52.4 52.4
5537 0.2 30 0 0 4737 0.1 10 0 0 150 61.7 52.1 52.1
5537 0.2 30 0 0 4737 0.1 10 0 0 180 61.8 52.1 52.1
5537 0.2 30 0 0 4737 0.1 20 0 0 0 62.0 50.7 50.7
5537 0.2 30 0 0 4737 0.1 20 0 0 30 62.0 50.8 50.8
5537 0.2 30 0 0 4737 0.1 20 0 0 60 62.0 50.8 50.8
5537 0.2 30 0 0 4737 0.1 20 0 0 90 61.9 50.9 50.9
5537 0.2 30 0 0 4737 0.1 20 0 0 120 61.8 50.9 50.9
5537 0.2 30 0 0 4737 0.1 20 0 0 150 61.5 50.7 50.7
5537 0.2 30 0 0 4737 0.1 20 0 0 180 61.6 50.6 50.6
5537 0.2 30 0 0 4737 0.1 30 0 0 0 61.6 48.1 48.1
5537 0.2 30 0 0 4737 0.1 30 0 0 30 61.7 48.0 48.0
5537 0.2 30 0 0 4737 0.1 30 0 0 60 61.6 48.1 48.1
5537 0.2 30 0 0 4737 0.1 30 0 0 90 61.6 48.1 48.1
5537 0.2 30 0 0 4737 0.1 30 0 0 120 61.5 48.2 48.2
5537 0.2 30 0 0 4737 0.1 30 0 0 150 61.2 48.1 48.1
5537 0.2 30 0 0 4737 0.1 30 0 0 180 61.2 48.0 48.0
5537 0.2 30 0 0 4737 0.1 40 0 0 0 61.1 48.0 48.0
5537 0.2 30 0 0 4737 0.1 40 0 0 30 61.2 48.1 48.1
5537 0.2 30 0 0 4737 0.1 40 0 0 60 61.1 48.2 48.2
5537 0.2 30 0 0 4737 0.1 40 0 0 90 61.0 48.2 48.2
5537 0.2 30 0 0 4737 0.1 40 0 0 120 60.9 48.1 48.1
5537 0.2 30 0 0 4737 0.1 40 0 0 150 60.7 48.1 48.1
5537 0.2 30 0 0 4737 0.1 40 0 0 180 60.7 47.9 47.9
5537 0.2 30 0 0 4737 0.1 50 0 0 0 60.3 48.7 48.7
5537 0.2 30 0 0 4737 0.1 50 0 0 30 60.4 48.8 48.8
5537 0.2 30 0 0 4737 0.1 50 0 0 60 60.3 48.8 48.8
5537 0.2 30 0 0 4737 0.1 50 0 0 90 60.2 48.9 48.9
5537 0.2 30 0 0 4737 0.1 50 0 0 120 60.1 48.8 48.8
5537 0.2 30 0 0 4737 0.1 50 0 0 150 59.9 48.6 48.6
5537 0.2 30 0 0 4737 0.1 50 0 0 180 59.9 48.7 48.7
5537 0.2 30 0 0 4737 0.1 60 0 0 0 59.0 50.0 50.0
5537 0.2 30 0 0 4737 0.1 60 0 0 30 59.1 50.2 50.2
5537 0.2 30 0 0 4737 0.1 60 0 0 60 58.9 50.2 50.2
5537 0.2 30 0 0 4737 0.1 60 0 0 90 58.8 50.2 50.2
5537 0.2 30 0 0 4737 0.1 60 0 0 120 58.8 50.0 50.0
5537 0.2 30 0 0 4737 0.1 60 0 0 150 58.5 49.8 49.8
5537 0.2 30 0 0 4737 0.1 60 0 0 180 58.6 49.9 49.9
5537 0.2 30 0 0 4737 0.2 0 0 0 0 61.8 52.1 52.1
5537 0.2 30 0 0 4737 0.2 0 0 0 30 61.9 52.2 52.2
5537 0.2 30 0 0 4737 0.2 0 0 0 60 61.8 52.0 52.0
5537 0.2 30 0 0 4737 0.2 0 0 0 90 61.8 52.1 52.1
5537 0.2 30 0 0 4737 0.2 0 0 0 120 61.7 52.3 52.3
5537 0.2 30 0 0 4737 0.2 0 0 0 150 61.4 51.9 51.9
5537 0.2 30 0 0 4737 0.2 0 0 0 180 61.4 51.9 51.9
5537 0.2 30 0 0 4737 0.2 10 0 0 0 61.7 51.6 51.6
5537 0.2 30 0 0 4737 0.2 10 0 0 30 61.9 51.7 51.7
5537 0.2 30 0 0 4737 0.2 10 0 0 60 61.8 51.5 51.5
5537 0.2 30 0 0 4737 0.2 10 0 0 90 61.7 51.6 51.6
5537 0.2 30 0 0 4737 0.2 10 0 0 120 61.6 51.8 51.8
5537 0.2 30 0 0 4737 0.2 10 0 0 150 61.3 51.4 51.4
5537 0.2 30 0 0 4737 0.2 10 0 0 180 61.4 51.4 51.4
5537 0.2 30 0 0 4737 0.2 20 0 0 0 61.5 50.0 50.0
5537 0.2 30 0 0 4737 0.2 20 0 0 30 61.7 50.0 50.0
5537 0.2 30 0 0 4737 0.2 20 0 0 60 61.6 50.1 50.1
5537 0.2 30 0 0 4737 0.2 20 0 0 90 61.6 50.1 50.1
5537 0.2 30 0 0 4737 0.2 20 0 0 120 61.4 50.1 50.1
5537 0.2 30 0 0 4737 0.2 20 0 0 150 61.1 49.9 49.9
5537 0.2 30 0 0 4737 0.2 20 0 0 180 61.2 49.9 49.9
5537 0.2 30 0 0 4737 0.2 30 0 0 0 61.2 47.6 47.6
5537 0.2 30 0 0 4737 0.2 30 0 0 30 61.3 47.5 47.5
5537 0.2 30 0 0 4737 0.2 30 0 0 60 61.2 47.5 47.5
5537 0.2 30 0 0 4737 0.2 30 0 0 90 61.2 47.6 47.6
5537 0.2 30 0 0 4737 0.2 30 0 0 120 61.0 47.6 47.6
5537 0.2 30 0 0 4737 0.2 30 0 0 150 60.8 47.5 47.5
5537 0.2 30 0 0 4737 0.2 30 0 0 180 60.8 47.5 47.5
5537 0.2 30 0 0 4737 0.2 40 0 0 0 60.6 47.6 47.6
5537 0.2 30 0 0 4737 0.2 40 0 0 30 60.8 47.6 47.6
5537 0.2 30 0 0 4737 0.2 40 0 0 60 60.7 47.6 47.6
5537 0.2 30 0 0 4737 0.2 40 0 0 90 60.7 47.7 47.7
5537 0.2 30 0 0 4737 0.2 40 0 0 120 60.5 47.7 47.7
5537 0.2 30 0 0 4737 0.2 40 0 0 150 60.2 47.7 47.7
5537 0.2 30 0 0 4737 0.2 40 0 0 180 60.3 47.5 47.5
5537 0.2 30 0 0 4737 0.2 50 0 0 0 59.8 48.1 48.1
5537 0.2 30 0 0 4737 0.2 50 0 0 30 60.0 48.3 48.3
5537 0.2 30 0 0 4737 0.2 50 0 0 60 59.9 48.2 48.2
5537 0.2 30 0 0 4737 0.2 50 0 0 90 59.8 48.2 48.2
5537 0.2 30 0 0 4737 0.2 50 0 0 120 59.7 48.2 48.2
5537 0.2 30 0 0 4737 0.2 50 0 0 150 59.4 48.1 48.1
5537 0.2 30 0 0 4737 0.2 50 0 0 180 59.5 48.2 48.2
5537 0.2 30 0 0 4737 0.2 60 0 0 0 58.4 49.4 49.4
5537 0.2 30 0 0 4737 0.2 60 0 0 30 58.6 49.6 49.6
5537 0.2 30 0 0 4737 0.2 60 0 0 60 58.6 49.6 49.6
5537 0.2 30 0 0 4737 0.2 60 0 0 90 58.3 49.6 49.6
5537 0.2 30 0 0 4737 0.2 60 0 0 120 58.3 49.5 49.5
5537 0.2 30 0 0 4737 0.2 60 0 0 150 58.1 49.2 49.2
5537 0.2 30 0 0 4737 0.2 60 0 0 180 58.0 49.3 49.3
5537 0.2 30 0 0 4737 0.3 0 0 0 0 61.3 51.3 51.3
5537 0.2 30 0 0 4737 0.3 0 0 0 30 61.5 51.5 51.5
5537 0.2 30 0 0 4737 0.3 0 0 0 60 61.5 51.4 51.4
5537 0.2 30 0 0 4737 0.3 0 0 0 90 61.4 51.3 51.3
5537 0.2 30 0 0 4737 0.3 0 0 0 120 61.2 51.4 51.4
5537 0.2 30 0 0 4737 0.3 0 0 0 150 61.1 51.4 51.4
5537 0.2 30 0 0 4737 0.3 0 0 0 180 61.0 51.1 51.1
5537 0.2 30 0 0 4737 0.3 10 0 0 0 61.3 50.8 50.8
5537 0.2 30 0 0 4737 0.3 10 0 0 30 61.4 51.0 51.0
5537 0.2 30 0 0 4737 0.3 10 0 0 60 61.4 50.8 50.8
5537 0.2 30 0 0 4737 0.3 10 0 0 90 61.4 50.8 50.8
5537 0.2 30 0 0 4737 0.3 10 0 0 120 61.2 51.0 51.0
5537 0.2 30 0 0 4737 0.3 10 0 0 150 61.0 50.8 50.8
5537 0.2 30 0 0 4737 0.3 10 0 0 180 60.9 50.6 50.6
5537 0.2 30 0 0 4737 0.3 20 0 0 0 61.1 49.0 49.0
5537 0.2 30 0 0 4737 0.3 20 0 0 30 61.2 49.0 49.0
5537 0.2 30 0 0 4737 0.3 20 0 0 60 61.2 49.0 49.0
5537 0.2 30 0 0 4737 0.3 20 0 0 90 61.2 49.1 49.1
5537 0.2 30 0 0 4737 0.3 20 0 0 120 61.0 49.2 49.2
5537 0.2 30 0 0 4737 0.3 20 0 0 150 60.8 49.0 49.0
5537 0.2 30 0 0 4737 0.3 20 0 0 180 60.7 48.8 48.8
5537 0.2 30 0 0 4737 0.3 30 0 0 0 60.7 47.2 47.2
5537 0.2 30 0 0 4737 0.3 30 0 0 30 60.8 47.1 47.1
5537 0.2 30 0 0 4737 0.3 30 0 0 60 60.8 47.1 47.1
5537 0.2 30 0 0 4737 0.3 30 0 0 90 60.8 47.1 47.1
5537 0.2 30 0 0 4737 0.3 30 0 0 120 60.6 47.3 47.3
5537 0.2 30 0 0 4737 0.3 30 0 0 150 60.4 47.0 47.0
5537 0.2 30 0 0 4737 0.3 30 0 0 180 60.4 47.1 47.1
5537 0.2 30 0 0 4737 0.3 40 0 0 0 60.2 47.2 47.2
5537 0.2 30 0 0 4737 0.3 40 0 0 30 60.3 47.2 47.2
5537 0.2 30 0 0 4737 0.3 40 0 0 60 60.3 47.1 47.1
5537 0.2 30 0 0 4737 0.3 40 0 0 90 60.3 47.2 47.2
5537 0.2 30 0 0 4737 0.3 40 0 0 120 60.1 47.3 47.3
5537 0.2 30 0 0 4737 0.3 40 0 0 150 59.9 47.2 47.2
5537 0.2 30 0 0 4737 0.3 40 0 0 180 59.8 47.3 47.3
5537 0.2 30 0 0 4737 0.3 50 0 0 0 59.4 47.9 47.9
5537 0.2 30 0 0 4737 0.3 50 0 0 30 59.5 47.9 47.9
5537 0.2 30 0 0 4737 0.3 50 0 0 60 59.5 47.9 47.9
5537 0.2 30 0 0 4737 0.3 50 0 0 90 59.4 47.8 47.8
5537 0.2 30 0 0 4737 0.3 50 0 0 120 59.2 47.8 47.8
5537 0.2 30 0 0 4737 0.3 50 0 0 150 59.1 47.7 47.7
5537 0.2 30 0 0 4737 0.3 50 0 0 180 59.0 47.6 47.6
5537 0.2 30 0 0 4737 0.3 60 0 0 0 57.9 48.8 48.8
5537 0.2 30 0 0 4737 0.3 60 0 0 30 58.0 48.9 48.9
5537 0.2 30 0 0 4737 0.3 60 0 0 60 58.1 49.0 49.0
5537 0.2 30 0 0 4737 0.3 60 0 0 90 57.8 48.9 48.9
5537 0.2 30 0 0 4737 0.3 60 0 0 120 57.6 48.8 48.8
5537 0.2 30 0 0 4737 0.3 60 0 0 150 57.7 48.8 48.8
5537 0.2 30 0 0 4737 0.3 60 0 0 180 57.4 48.7 48.7
5537 0.2 30 0 0 4737 0.4 0 0 0 0 60.8 50.4 50.4
5537 0.2 30 0 0 4737 0.4 0 0 0 30 60.9 50.5 50.5
5537 0.2 30 0 0 4737 0.4 0 0 0 60 61.1 50.6 50.6
5537 0.2 30 0 0 4737 0.4 0 0 0 90 61.0 50.7 50.7
5537 0.2 30 0 0 4737 0.4 0 0 0 120 60.9 50.5 50.5
5537 0.2 30 0 0 4737 0.4 0 0 0 150 60.7 50.7 50.7
5537 0.2 30 0 0 4737 0.4 0 0 0 180 60.5 50.2 50.2
5537 0.2 30 0 0 4737 0.4 10 0 0 0 60.8 49.9 49.9
5537 0.2 30 0 0 4737 0.4 10 0 0 30 60.9 49.9 49.9
5537 0.2 30 0 0 4737 0.4 10 0 0 60 61.0 50.0 50.0
5537 0.2 30 0 0 4737 0.4 10 0 0 90 60.9 50.0 50.0
5537 0.2 30 0 0 4737 0.4 10 0 0 120 60.8 50.0 50.0
5537 0.2 30 0 0 4737 0.4 10 0 0 150 60.6 50.1 50.1
5537 0.2 30 0 0 4737 0.4 10 0 0 180 60.4 49.6 49.6
5537 0.2 30 0 0 4737 0.4 20 0 0 0 60.6 47.7 47.7
5537 0.2 30 0 0 4737 0.4 20 0 0 30 60.7 47.8 47.8
5537 0.2 30 0 0 4737 0.4 20 0 0 60 60.8 47.8 47.8
5537 0.2 30 0 0 4737 0.4 20 0 0 90 60.7 47.8 47.8
5537 0.2 30 0 0 4737 0.4 20 0 0 120 60.6 47.9 47.9
5537 0.2 30 0 0 4737 0.4 20 0 0 150 60.4 47.8 47.8
5537 0.2 30 0 0 4737 0.4 20 0 0 180 60.2 47.6 47.6
5537 0.2 30 0 0 4737 0.4 30 0 0 0 60.2 47.1 47.1
5537 0.2 30 0 0 4737 0.4 30 0 0 30 60.3 47.1 47.1
5537 0.2 30 0 0 4737 0.4 30 0 0 60 60.4 47.0 47.0
5537 0.2 30 0 0 4737 0.4 30 0 0 90 60.4 47.0 47.0
5537 0.2 30 0 0 4737 0.4 30 0 0 120 60.3 47.0 47.0
5537 0.2 30 0 0 4737 0.4 30 0 0 150 60.0 46.8 46.8
5537 0.2 30 0 0 4737 0.4 30 0 0 180 59.9 46.8 46.8
5537 0.2 30 0 0 4737 0.4 40 0 0 0 59.7 47.2 47.2
5537 0.2 30 0 0 4737 0.4 40 0 0 30 59.8 47.2 47.2
5537 0.2 30 0 0 4737 0.4 40 0 0 60 59.9 47.1 47.1
5537 0.2 30 0 0 4737 0.4 40 0 0 90 59.8 47.0 47.0
5537 0.2 30 0 0 4737 0.4 40 0 0 120 59.7 47.0 47.0
5537 0.2 30 0 0 4737 0.4 40 0 0 150 59.5 47.0 47.0
5537 0.2 30 0 0 4737 0.4 40 0 0 180 59.4 47.0 47.0
5537 0.2 30 0 0 4737 0.4 50 0 0 0 58.8 47.6 47.6
5537 0.2 30 0 0 4737 0.4 50 0 0 30 59.0 47.7 47.7
5537 0.2 30 0 0 4737 0.4 50 0 0 60 59.0 47.6 47.6
5537 0.2 30 0 0 4737 0.4 50 0 0 90 59.0 47.6 47.6
5537 0.2 30 0 0 4737 0.4 50 0 0 120 58.7 47.5 47.5
5537 0.2 30 0 0 4737 0.4 50 0 0 150 58.7 47.5 47.5
5537 0.2 30 0 0 4737 0.4 50 0 0 180 58.5 47.3 47.3
5537 0.2 30 0 0 4737 0.4 60 0 0 0 57.2 48.3 48.3
5537 0.2 30 0 0 4737 0.4 60 0 0 30 57.3 48.4 48.4
5537 0.2 30 0 0 4737 0.4 60 0 0 60 57.3 48.4 48.4
5537 0.2 30 0 0 4737 0.4 60 0 0 90 57.2 48.4 48.4
5537 0.2 30 0 0 4737 0.4 60 0 0 120 57.0 48.4 48.4
5537 0.2 30 0 0 4737 0.4 60 0 0 150 56.9 48.4 48.4
5537 0.2 30 0 0 4737 0.4 60 0 0 180 56.8 48.1 48.1
5537 0.2 30 0 0 4737 0.5 0 0 0 0 60.4 49.2 49.2
5537 0.2 30 0 0 4737 0.5 0 0 0 30 60.4 49.2 49.2
5537 0.2 30 0 0 4737 0.5 0 0 0 60 60.5 49.3 49.3
5537 0.2 30 0 0 4737 0.5 0 0 0 90 60.6 49.4 49.4
5537 0.2 30 0 0 4737 0.5 0 0 0 120 60.5 49.4 49.4
5537 0.2 30 0 0 4737 0.5 0 0 0 150 60.1 49.4 49.4
5537 0.2 30 0 0 4737 0.5 0 0 0 180 60.0 49.0 49.0
5537 0.2 30 0 0 4737 0.5 10 0 0 0 60.3 48.4 48.4
5537 0.2 30 0 0 4737 0.5 10 0 0 30 60.4 48.4 48.4
5537 0.2 30 0 0 4737 0.5 10 0 0 60 60.5 48.5 48.5
5537 0.2 30 0 0 4737 0.5 10 0 0 90 60.5 48.6 48.6
5537 0.2 30 0 0 4737 0.5 10 0 0 120 60.4 48.6 48.6
5537 0.2 30 0 0 4737 0.5 10 0 0 150 60.1 48.5 48.5
5537 0.2 30 0 0 4737 0.5 10 0 0 180 60.0 48.1 48.1
5537 0.2 30 0 0 4737 0.5 20 0 0 0 60.1 47.3 47.3
5537 0.2 30 0 0 4737 0.5 20 0 0 30 60.2 47.4 47.4
5537 0.2 30 0 0 4737 0.5 20 0 0 60 60.3 47.5 47.5
5537 0.2 30 0 0 4737 0.5 20 0 0 90 60.3 47.6 47.6
5537 0.2 30 0 0 4737 0.5 20 0 0 120 60.2 47.5 47.5
5537 0.2 30 0 0 4737 0.5 20 0 0 150 59.8 47.5 47.5
5537 0.2 30 0 0 4737 0.5 20 0 0 180 59.8 47.1 47.1
5537 0.2 30 0 0 4737 0.5 30 0 0 0 59.8 47.0 47.0
5537 0.2 30 0 0 4737 0.5 30 0 0 30 59.8 47.1 47.1
5537 0.2 30 0 0 4737 0.5 30 0 0 60 60.0 47.1 47.1
5537 0.2 30 0 0 4737 0.5 30 0 0 90 59.9 47.1 47.1
5537 0.2 30 0 0 4737 0.5 30 0 0 120 59.8 47.0 47.0
5537 0.2 30 0 0 4737 0.5 30 0 0 150 59.5 47.0 47.0
5537 0.2 30 0 0 4737 0.5 30 0 0 180 59.4 46.7 46.7
5537 0.2 30 0 0 4737 0.5 40 0 0 0 59.2 47.0 47.0
5537 0.2 30 0 0 4737 0.5 40 0 0 30 59.3 47.1 47.1
5537 0.2 30 0 0 4737 0.5 40 0 0 60 59.4 47.1 47.1
5537 0.2 30 0 0 4737 0.5 40 0 0 90 59.4 47.1 47.1
5537 0.2 30 0 0 4737 0.5 40 0 0 120 59.1 47.0 47.0
5537 0.2 30 0 0 4737 0.5 40 0 0 150 58.9 47.2 47.2
5537 0.2 30 0 0 4737 0.5 40 0 0 180 58.9 46.8 46.8
5537 0.2 30 0 0 4737 0.5 50 0 0 0 58.2 47.5 47.5
5537 0.2 30 0 0 4737 0.5 50 0 0 30 58.3 47.5 47.5
5537 0.2 30 0 0 4737 0.5 50 0 0 60 58.4 47.5 47.5
5537 0.2 30 0 0 4737 0.5 50 0 0 90 58.4 47.4 47.4
5537 0.2 30 0 0 4737 0.5 50 0 0 120 58.2 47.3 47.3
5537 0.2 30 0 0 4737 0.5 50 0 0 150 58.0 47.4 47.4
5537 0.2 30 0 0 4737 0.5 50 0 0 180 57.9 47.0 47.0
5537 0.2 30 0 0 4737 0.5 60 0 0 0 56.7 47.9 47.9
5537 0.2 30 0 0 4737 0.5 60 0 0 30 56.7 47.9 47.9
5537 0.2 30 0 0 4737 0.5 60 0 0 60 56.8 48.0 48.0
5537 0.2 30 0 0 4737 0.5 60 0 0 90 56.7 48.0 48.0
5537 0.2 30 0 0 4737 0.5 60 0 0 120 56.6 48.0 48.0
5537 0.2 30 0 0 4737 0.5 60 0 0 150 56.4 48.0 48.0
5537 0.2 30 0 0 4737 0.5 60 0 0 180 56.4 47.6 47.6
5537 0.2 30 0 0 4937 0.0 0 0 0 0 63.0 53.6 53.6
5537 0.2 30 0 0 4937 0.0 0 0 0 30 62.8 53.6 53.6
5537 0.2 30 0 0 4937 0.0 0 0 0 60 62.8 53.6 53.6
5537 0.2 30 0 0 4937 0.0 0 0 0 90 62.7 53.7 53.7
5537 0.2 30 0 0 4937 0.0 0 0 0 120 62.6 53.8 53.8
5537 0.2 30 0 0 4937 0.0 0 0 0 150 62.5 53.9 53.9
5537 0.2 30 0 0 4937 0.0 0 0 0 180 62.4 53.8 53.8
5537 0.2 30 0 0 4937 0.0 10 0 0 0 62.9 53.2 53.2
5537 0.2 30 0 0 4937 0.0 10 0 0 30 62.8 53.2 53.2
5537 0.2 30 0 0 4937 0.0 10 0 0 60 62.8 53.2 53.2
5537 0.2 30 0 0 4937 0.0 10 0 0 90 62.6 53.3 53.3
5537 0.2 30 0 0 4937 0.0 10 0 0 120 62.6 53.4 53.4
5537 0.2 30 0 0 4937 0.0 10 0 0 150 62.5 53.5 53.5
5537 0.2 30 0 0 4937 0.0 10 0 0 180 62.4 53.4 53.4
5537 0.2 30 0 0 4937 0.0 20 0 0 0 62.8 52.0 52.0
5537 0.2 30 0 0 4937 0.0 20 0 0 30 62.6 51.9 51.9
5537 0.2 30 0 0 4937 0.0 20 0 0 60 62.6 51.9 51.9
5537 0.2 30 0 0 4937 0.0 20 0 0 90 62.4 52.1 52.1
5537 0.2 30 0 0 4937 0.0 20 0 0 120 62.4 52.1 52.1
5537 0.2 30 0 0 4937 0.0 20 0 0 150 62.3 52.2 52.2
5537 0.2 30 0 0 4937 0.0 20 0 0 180 62.2 52.1 52.1
5537 0.2 30 0 0 4937 0.0 30 0 0 0 62.5 49.2 49.2
5537 0.2 30 0 0 4937 0.0 30 0 0 30 62.3 49.1 49.1
5537 0.2 30 0 0 4937 0.0 30 0 0 60 62.3 49.2 49.2
5537 0.2 30 0 0 4937 0.0 30 0 0 90 62.1 49.1 49.1
5537 0.2 30 0 0 4937 0.0 30 0 0 120 62.1 49.1 49.1
5537 0.2 30 0 0 4937 0.0 30 0 0 150 62.0 49.2 49.2
5537 0.2 30 0 0 4937 0.0 30 0 0 180 61.9 49.2 49.2
5537 0.2 30 0 0 4937 0.0 40 0 0 0 62.0 49.0 49.0
5537 0.2 30 0 0 4937 0.0 40 0 0 30 61.8 48.9 48.9
5537 0.2 30 0 0 4937 0.0 40 0 0 60 61.8 49.0 49.0
5537 0.2 30 0 0 4937 0.0 40 0 0 90 61.6 48.9 48.9
5537 0.2 30 0 0 4937 0.0 40 0 0 120 61.6 49.0 49.0
5537 0.2 30 0 0 4937 0.0 40 0 0 150 61.5 49.0 49.0
5537 0.2 30 0 0 4937 0.0 40 0 0 180 61.4 49.1 49.1
5537 0.2 30 0 0 4937 0.0 50 0 0 0 61.2 49.8 49.8
5537 0.2 30 0 0 4937 0.0 50 0 0 30 61.0 49.7 49.7
5537 0.2 30 0 0 4937 0.0 50 0 0 60 61.1 49.7 49.7
5537 0.2 30 0 0 4937 0.0 50 0 0 90 60.9 49.6 49.6
5537 0.2 30 0 0 4937 0.0 50 0 0 120 60.8 49.7 49.7
5537 0.2 30 0 0 4937 0.0 50 0 0 150 60.8 49.6 49.6
5537 0.2 30 0 0 4937 0.0 50 0 0 180 60.7 49.6 49.6
5537 0.2 30 0 0 4937 0.0 60 0 0 0 59.9 51.0 51.0
5537 0.2 30 0 0 4937 0.0 60 0 0 30 59.9 51.0 51.0
5537 0.2 30 0 0 4937 0.0 60 0 0 60 59.8 51.1 51.1
5537 0.2 30 0 0 4937 0.0 60 0 0 90 59.6 51.1 51.1
5537 0.2 30 0 0 4937 0.0 60 0 0 120 59.6 51.2 51.2
5537 0.2 30 0 0 4937 0.0 60 0 0 150 59.6 51.1 51.1
5537 0.2 30 0 0 4937 0.0 60 0 0 180 59.6 51.1 51.1
5537 0.2 30 0 0 4937 0.1 0 0 0 0 62.5 53.0 53.0
5537 0.2 30 0 0 4937 0.1 0 0 0 30 62.5 53.0 53.0
5537 0.2 30 0 0 4937 0.1 0 0 0 60 62.4 53.1 53.1
5537 0.2 30 0 0 4937 0.1 0 0 0 90 62.3 53.1 53.1
5537 0.2 30 0 0 4937 0.1 0 0 0 120 62.2 53.2 53.2
5537 0.2 30 0 0 4937 0.1 0 0 0 150 62.1 53.3 53.3
5537 0.2 30 0 0 4937 0.1 0 0 0 180 62.1 53.2 53.2
5537 0.2 30 0 0 4937 0.1 10 0 0 0 62.5 52.6 52.6
5537 0.2 30 0 0 4937 0.1 10 0 0 30 62.4 52.5 52.5
5537 0.2 30 0 0 4937 0.1 10 0 0 60 62.4 52.6 52.6
5537 0.2 30 0 0 4937 0.1 10 0 0 90 62.2 52.7 52.7
5537 0.2 30 0 0 4937 0.1 10 0 0 120 62.2 52.7 52.7
5537 0.2 30 0 0 4937 0.1 10 0 0 150 62.0 52.9 52.9
5537 0.2 30 0 0 4937 0.1 10 0 0 180 62.1 52.7 52.7
5537 0.2 30 0 0 4937 0.1 20 0 0 0 62.3 51.3 51.3
5537 0.2 30 0 0 4937 0.1 20 0 0 30 62.3 51.3 51.3
5537 0.2 30 0 0 4937 0.1 20 0 0 60 62.2 51.2 51.2
5537 0.2 30 0 0 4937 0.1 20 0 0 90 62.0 51.5 51.5
5537 0.2 30 0 0 4937 0.1 20 0 0 120 62.0 51.4 51.4
5537 0.2 30 0 0 4937 0.1 20 0 0 150 61.8 51.6 51.6
5537 0.2 30 0 0 4937 0.1 20 0 0 180 61.9 51.4 51.4
5537 0.2 30 0 0 4937 0.1 30 0 0 0 62.0 48.6 48.6
5537 0.2 30 0 0 4937 0.1 30 0 0 30 61.9 48.6 48.6
5537 0.2 30 0 0 4937 0.1 30 0 0 60 61.9 48.6 48.6
5537 0.2 30 0 0 4937 0.1 30 0 0 90 61.7 48.5 48.5
5537 0.2 30 0 0 4937 0.1 30 0 0 120 61.7 48.5 48.5
5537 0.2 30 0 0 4937 0.1 30 0 0 150 61.5 48.5 48.5
5537 0.2 30 0 0 4937 0.1 30 0 0 180 61.6 48.4 48.4
5537 0.2 30 0 0 4937 0.1 40 0 0 0 61.5 48.5 48.5
5537 0.2 30 0 0 4937 0.1 40 0 0 30 61.4 48.4 48.4
5537 0.2 30 0 0 4937 0.1 40 0 0 60 61.4 48.5 48.5
5537 0.2 30 0 0 4937 0.1 40 0 0 90 61.2 48.3 48.3
5537 0.2 30 0 0 4937 0.1 40 0 0 120 61.2 48.3 48.3
5537 0.2 30 0 0 4937 0.1 40 0 0 150 61.0 48.3 48.3
5537 0.2 30 0 0 4937 0.1 40 0 0 180 61.1 48.4 48.4
5537 0.2 30 0 0 4937 0.1 50 0 0 0 60.7 49.2 49.2
5537 0.2 30 0 0 4937 0.1 50 0 0 30 60.7 49.0 49.0
5537 0.2 30 0 0 4937 0.1 50 0 0 60 60.7 49.2 49.2
5537 0.2 30 0 0 4937 0.1 50 0 0 90 60.4 49.1 49.1
5537 0.2 30 0 0 4937 0.1 50 0 0 120 60.4 49.1 49.1
5537 0.2 30 0 0 4937 0.1 50 0 0 150 60.3 49.1 49.1
5537 0.2 30 0 0 4937 0.1 50 0 0 180 60.3 49.1 49.1
5537 0.2 30 0 0 4937 0.1 60 0 0 0 59.3 50.3 50.3
5537 0.2 30 0 0 4937 0.1 60 0 0 30 59.4 50.3 50.3
5537 0.2 30 0 0 4937 0.1 60 0 0 60 59.4 50.5 50.5
5537 0.2 30 0 0 4937 0.1 60 0 0 90 59.1 50.4 50.4
5537 0.2 30 0 0 4937 0.1 60 0 0 120 59.2 50.5 50.5
5537 0.2 30 0 0 4937 0.1 60 0 0 150 59.0 50.6 50.6
5537 0.2 30 0 0 4937 0.1 60 0 0 180 59.2 50.6 50.6
5537 0.2 30 0 0 4937 0.2 0 0 0 0 62.0 52.3 52.3
5537 0.2 30 0 0 4937 0.2 0 0 0 30 62.1 52.4 52.4
5537 0.2 30 0 0 4937 0.2 0 0 0 60 62.1 52.4 52.4
5537 0.2 30 0 0 4937 0.2 0 0 0 90 61.9 52.4 52.4
5537 0.2 30 0 0 4937 0.2 0 0 0 120 61.8 52.5 52.5
5537 0.2 30 0 0 4937 0.2 0 0 0 150 61.6 52.7 52.7
5537 0.2 30 0 0 4937 0.2 0 0 0 180 61.8 52.5 52.5
5537 0.2 30 0 0 4937 0.2 10 0 0 0 62.0 51.9 51.9
5537 0.2 30 0 0 4937 0.2 10 0 0 30 62.0 51.9 51.9
5537 0.2 30 0 0 4937 0.2 10 0 0 60 62.0 52.0 52.0
5537 0.2 30 0 0 4937 0.2 10 0 0 90 61.8 52.0 52.0
5537 0.2 30 0 0 4937 0.2 10 0 0 120 61.8 52.1 52.1
5537 0.2 30 0 0 4937 0.2 10 0 0 150 61.6 52.2 52.2
5537 0.2 30 0 0 4937 0.2 10 0 0 180 61.7 52.0 52.0
5537 0.2 30 0 0 4937 0.2 20 0 0 0 61.8 50.6 50.6
5537 0.2 30 0 0 4937 0.2 20 0 0 30 61.8 50.5 50.5
5537 0.2 30 0 0 4937 0.2 20 0 0 60 61.8 50.6 50.6
5537 0.2 30 0 0 4937 0.2 20 0 0 90 61.6 50.7 50.7
5537 0.2 30 0 0 4937 0.2 20 0 0 120 61.6 50.7 50.7
5537 0.2 30 0 0 4937 0.2 20 0 0 150 61.4 50.9 50.9
5537 0.2 30 0 0 4937 0.2 20 0 0 180 61.5 50.6 50.6
5537 0.2 30 0 0 4937 0.2 30 0 0 0 61.5 48.1 48.1
5537 0.2 30 0 0 4937 0.2 30 0 0 30 61.5 48.1 48.1
5537 0.2 30 0 0 4937 0.2 30 0 0 60 61.5 48.1 48.1
5537 0.2 30 0 0 4937 0.2 30 0 0 90 61.3 48.0 48.0
5537 0.2 30 0 0 4937 0.2 30 0 0 120 61.3 48.0 48.0
5537 0.2 30 0 0 4937 0.2 30 0 0 150 61.1 48.0 48.0
5537 0.2 30 0 0 4937 0.2 30 0 0 180 61.2 47.9 47.9
5537 0.2 30 0 0 4937 0.2 40 0 0 0 61.0 48.0 48.0
5537 0.2 30 0 0 4937 0.2 40 0 0 30 61.0 48.0 48.0
5537 0.2 30 0 0 4937 0.2 40 0 0 60 61.0 48.0 48.0
5537 0.2 30 0 0 4937 0.2 40 0 0 90 60.8 47.9 47.9
5537 0.2 30 0 0 4937 0.2 40 0 0 120 60.8 47.8 47.8
5537 0.2 30 0 0 4937 0.2 40 0 0 150 60.5 47.9 47.9
5537 0.2 30 0 0 4937 0.2 40 0 0 180 60.7 47.9 47.9
5537 0.2 30 0 0 4937 0.2 50 0 0 0 60.1 48.7 48.7
5537 0.2 30 0 0 4937 0.2 50 0 0 30 60.2 48.6 48.6
5537 0.2 30 0 0 4937 0.2 50 0 0 60 60.3 48.8 48.8
5537 0.2 30 0 0 4937 0.2 50 0 0 90 59.9 48.8 48.8
5537 0.2 30 0 0 4937 0.2 50 0 0 120 60.1 48.6 48.6
5537 0.2 30 0 0 4937 0.2 50 0 0 150 59.7 48.7 48.7
5537 0.2 30 0 0 4937 0.2 50 0 0 180 60.0 48.5 48.5
5537 0.2 30 0 0 4937 0.2 60 0 0 0 58.8 49.7 49.7
5537 0.2 30 0 0 4937 0.2 60 0 0 30 58.9 49.6 49.6
5537 0.2 30 0 0 4937 0.2 60 0 0 60 59.0 49.9 49.9
5537 0.2 30 0 0 4937 0.2 60 0 0 90 58.6 49.8 49.8
5537 0.2 30 0 0 4937 0.2 60 0 0 120 58.7 49.8 49.8
5537 0.2 30 0 0 4937 0.2 60 0 0 150 58.5 50.0 50.0
5537 0.2 30 0 0 4937 0.2 60 0 0 180 58.8 50.0 50.0
5537 0.2 30 0 0 4937 0.3 0 0 0 0 61.7 51.6 51.6
5537 0.2 30 0 0 4937 0.3 0 0 0 30 61.6 51.6 51.6
5537 0.2 30 0 0 4937 0.3 0 0 0 60 61.7 51.7 51.7
5537 0.2 30 0 0 4937 0.3 0 0 0 90 61.5 51.8 51.8
5537 0.2 30 0 0 4937 0.3 0 0 0 120 61.4 51.8 51.8
5537 0.2 30 0 0 4937 0.3 0 0 0 150 61.3 52.0 52.0
5537 0.2 30 0 0 4937 0.3 0 0 0 180 61.3 51.8 51.8
5537 0.2 30 0 0 4937 0.3 10 0 0 0 61.6 51.1 51.1
5537 0.2 30 0 0 4937 0.3 10 0 0 30 61.6 51.1 51.1
5537 0.2 30 0 0 4937 0.3 10 0 0 60 61.6 51.3 51.3
5537 0.2 30 0 0 4937 0.3 10 0 0 90 61.5 51.4 51.4
5537 0.2 30 0 0 4937 0.3 10 0 0 120 61.3 51.3 51.3
5537 0.2 30 0 0 4937 0.3 10 0 0 150 61.2 51.5 51.5
5537 0.2 30 0 0 4937 0.3 10 0 0 180 61.3 51.4 51.4
5537 0.2 30 0 0 4937 0.3 20 0 0 0 61.4 49.6 49.6
5537 0.2 30 0 0 4937 0.3 20 0 0 30 61.4 49.6 49.6
5537 0.2 30 0 0 4937 0.3 20 0 0 60 61.4 49.8 49.8
5537 0.2 30 0 0 4937 0.3 20 0 0 90 61.3 49.9 49.9
5537 0.2 30 0 0 4937 0.3 20 0 0 120 61.2 49.8 49.8
5537 0.2 30 0 0 4937 0.3 20 0 0 150 61.0 50.1 50.1
5537 0.2 30 0 0 4937 0.3 20 0 0 180 61.1 49.8 49.8
5537 0.2 30 0 0 4937 0.3 30 0 0 0 61.0 47.8 47.8
5537 0.2 30 0 0 4937 0.3 30 0 0 30 61.1 47.9 47.9
5537 0.2 30 0 0 4937 0.3 30 0 0 60 61.1 47.8 47.8
5537 0.2 30 0 0 4937 0.3 30 0 0 90 60.9 47.8 47.8
5537 0.2 30 0 0 4937 0.3 30 0 0 120 60.8 47.7 47.7
5537 0.2 30 0 0 4937 0.3 30 0 0 150 60.7 47.7 47.7
5537 0.2 30 0 0 4937 0.3 30 0 0 180 60.7 47.4 47.4
5537 0.2 30 0 0 4937 0.3 40 0 0 0 60.5 47.9 47.9
5537 0.2 30 0 0 4937 0.3 40 0 0 30 60.5 47.8 47.8
5537 0.2 30 0 0 4937 0.3 40 0 0 60 60.6 47.8 47.8
5537 0.2 30 0 0 4937 0.3 40 0 0 90 60.4 47.8 47.8
5537 0.2 30 0 0 4937 0.3 40 0 0 120 60.3 47.6 47.6
5537 0.2 30 0 0 4937 0.3 40 0 0 150 60.1 47.6 47.6
5537 0.2 30 0 0 4937 0.3 40 0 0 180 60.2 47.4 47.4
5537 0.2 30 0 0 4937 0.3 50 0 0 0 59.7 48.3 48.3
5537 0.2 30 0 0 4937 0.3 50 0 0 30 59.7 48.3 48.3
5537 0.2 30 0 0 4937 0.3 50 0 0 60 59.8 48.3 48.3
5537 0.2 30 0 0 4937 0.3 50 0 0 90 59.6 48.5 48.5
5537 0.2 30 0 0 4937 0.3 50 0 0 120 59.5 48.3 48.3
5537 0.2 30 0 0 4937 0.3 50 0 0 150 59.4 48.3 48.3
5537 0.2 30 0 0 4937 0.3 50 0 0 180 59.5 48.2 48.2
5537 0.2 30 0 0 4937 0.3 60 0 0 0 58.4 49.1 49.1
5537 0.2 30 0 0 4937 0.3 60 0 0 30 58.3 49.0 49.0
5537 0.2 30 0 0 4937 0.3 60 0 0 60 58.3 49.2 49.2
5537 0.2 30 0 0 4937 0.3 60 0 0 90 58.3 49.3 49.3
5537 0.2 30 0 0 4937 0.3 60 0 0 120 58.2 49.1 49.1
5537 0.2 30 0 0 4937 0.3 60 0 0 150 58.1 49.4 49.4
5537 0.2 30 0 0 4937 0.3 60 0 0 180 58.2 49.3 49.3
5537 0.2 30 0 0 4937 0.4 0 0 0 0 61.2 50.9 50.9
5537 0.2 30 0 0 4937 0.4 0 0 0 30 61.2 50.8 50.8
5537 0.2 30 0 0 4937 0.4 0 0 0 60 61.2 50.9 50.9
5537 0.2 30 0 0 4937 0.4 0 0 0 90 61.2 51.1 51.1
5537 0.2 30 0 0 4937 0.4 0 0 0 120 61.0 51.0 51.0
5537 0.2 30 0 0 4937 0.4 0 0 0 150 60.9 51.3 51.3
5537 0.2 30 0 0 4937 0.4 0 0 0 180 60.8 51.0 51.0
5537 0.2 30 0 0 4937 0.4 10 0 0 0 61.1 50.3 50.3
5537 0.2 30 0 0 4937 0.4 10 0 0 30 61.1 50.3 50.3
5537 0.2 30 0 0 4937 0.4 10 0 0 60 61.1 50.4 50.4
5537 0.2 30 0 0 4937 0.4 10 0 0 90 61.1 50.6 50.6
5537 0.2 30 0 0 4937 0.4 10 0 0 120 60.9 50.4 50.4
5537 0.2 30 0 0 4937 0.4 10 0 0 150 60.9 50.8 50.8
5537 0.2 30 0 0 4937 0.4 10 0 0 180 60.8 50.5 50.5
5537 0.2 30 0 0 4937 0.4 20 0 0 0 61.0 48.3 48.3
5537 0.2 30 0 0 4937 0.4 20 0 0 30 60.9 48.3 48.3
5537 0.2 30 0 0 4937 0.4 20 0 0 60 60.9 48.4 48.4
5537 0.2 30 0 0 4937 0.4 20 0 0 90 60.9 48.6 48.6
5537 0.2 30 0 0 4937 0.4 20 0 0 120 60.7 48.4 48.4
5537 0.2 30 0 0 4937 0.4 20 0 0 150 60.7 48.8 48.8
5537 0.2 30 0 0 4937 0.4 20 0 0 180 60.6 48.5 48.5
5537 0.2 30 0 0 4937 0.4 30 0 0 0 60.6 47.6 47.6
5537 0.2 30 0 0 4937 0.4 30 0 0 30 60.6 47.6 47.6
5537 0.2 30 0 0 4937 0.4 30 0 0 60 60.6 47.6 47.6
5537 0.2 30 0 0 4937 0.4 30 0 0 90 60.6 47.7 47.7
5537 0.2 30 0 0 4937 0.4 30 0 0 120 60.4 47.5 47.5
5537 0.2 30 0 0 4937 0.4 30 0 0 150 60.3 47.6 47.6
5537 0.2 30 0 0 4937 0.4 30 0 0 180 60.2 47.3 47.3
5537 0.2 30 0 0 4937 0.4 40 0 0 0 60.1 47.6 47.6
5537 0.2 30 0 0 4937 0.4 40 0 0 30 60.1 47.6 47.6
5537 0.2 30 0 0 4937 0.4 40 0 0 60 60.1 47.7 47.7
5537 0.2 30 0 0 4937 0.4 40 0 0 90 60.0 47.7 47.7
5537 0.2 30 0 0 4937 0.4 40 0 0 120 59.9 47.6 47.6
5537 0.2 30 0 0 4937 0.4 40 0 0 150 59.8 47.5 47.5
5537 0.2 30 0 0 4937 0.4 40 0 0 180 59.7 47.3 47.3
5537 0.2 30 0 0 4937 0.4 50 0 0 0 59.3 47.9 47.9
5537 0.2 30 0 0 4937 0.4 50 0 0 30 59.3 47.9 47.9
5537 0.2 30 0 0 4937 0.4 50 0 0 60 59.2 48.0 48.0
5537 0.2 30 0 0 4937 0.4 50 0 0 90 59.2 48.1 48.1
5537 0.2 30 0 0 4937 0.4 50 0 0 120 59.1 48.0 48.0
5537 0.2 30 0 0 4937 0.4 50 0 0 150 59.0 48.0 48.0
5537 0.2 30 0 0 4937 0.4 50 0 0 180 58.9 47.8 47.8
5537 0.2 30 0 0 4937 0.4 60 0 0 0 57.7 48.5 48.5
5537 0.2 30 0 0 4937 0.4 60 0 0 30 57.7 48.5 48.5
5537 0.2 30 0 0 4937 0.4 60 0 0 60 57.5 48.6 48.6
5537 0.2 30 0 0 4937 0.4 60 0 0 90 57.4 48.7 48.7
5537 0.2 30 0 0 4937 0.4 60 0 0 120 57.6 48.6 48.6
5537 0.2 30 0 0 4937 0.4 60 0 0 150 57.5 48.8 48.8
5537 0.2 30 0 0 4937 0.4 60 0 0 180 57.4 48.8 48.8
5537 0.2 30 0 0 4937 0.5 0 0 0 0 60.8 49.8 49.8
5537 0.2 30 0 0 4937 0.5 0 0 0 30 60.7 49.8 49.8
5537 0.2 30 0 0 4937 0.5 0 0 0 60 60.7 49.9 49.9
5537 0.2 30 0 0 4937 0.5 0 0 0 90 60.7 50.0 50.0
5537 0.2 30 0 0 4937 0.5 0 0 0 120 60.7 50.0 50.0
5537 0.2 30 0 0 4937 0.5 0 0 0 150 60.5 50.2 50.2
5537 0.2 30 0 0 4937 0.5 0 0 0 180 60.4 50.0 50.0
5537 0.2 30 0 0 4937 0.5 10 0 0 0 60.7 49.0 49.0
5537 0.2 30 0 0 4937 0.5 10 0 0 30 60.7 49.1 49.1
5537 0.2 30 0 0 4937 0.5 10 0 0 60 60.6 49.1 49.1
5537 0.2 30 0 0 4937 0.5 10 0 0 90 60.6 49.2 49.2
5537 0.2 30 0 0 4937 0.5 10 0 0 120 60.6 49.3 49.3
5537 0.2 30 0 0 4937 0.5 10 0 0 150 60.4 49.5 49.5
5537 0.2 30 0 0 4937 0.5 10 0 0 180 60.3 49.3 49.3
5537 0.2 30 0 0 4937 0.5 20 0 0 0 60.5 47.8 47.8
5537 0.2 30 0 0 4937 0.5 20 0 0 30 60.5 47.8 47.8
5537 0.2 30 0 0 4937 0.5 20 0 0 60 60.4 47.8 47.8
5537 0.2 30 0 0 4937 0.5 20 0 0 90 60.4 47.9 47.9
5537 0.2 30 0 0 4937 0.5 20 0 0 120 60.4 48.0 48.0
5537 0.2 30 0 0 4937 0.5 20 0 0 150 60.2 48.1 48.1
5537 0.2 30 0 0 4937 0.5 20 0 0 180 60.1 47.9 47.9
5537 0.2 30 0 0 4937 0.5 30 0 0 0 60.2 47.5 47.5
5537 0.2 30 0 0 4937 0.5 30 0 0 30 60.1 47.5 47.5
5537 0.2 30 0 0 4937 0.5 30 0 0 60 60.1 47.5 47.5
5537 0.2 30 0 0 4937 0.5 30 0 0 90 60.1 47.7 47.7
5537 0.2 30 0 0 4937 0.5 30 0 0 120 60.1 47.7 47.7
5537 0.2 30 0 0 4937 0.5 30 0 0 150 59.8 47.5 47.5
5537 0.2 30 0 0 4937 0.5 30 0 0 180 59.7 47.3 47.3
5537 0.2 30 0 0 4937 0.5 40 0 0 0 59.7 47.5 47.5
5537 0.2 30 0 0 4937 0.5 40 0 0 30 59.6 47.5 47.5
5537 0.2 30 0 0 4937 0.5 40 0 0 60 59.5 47.5 47.5
5537 0.2 30 0 0 4937 0.5 40 0 0 90 59.5 47.6 47.6
5537 0.2 30 0 0 4937 0.5 40 0 0 120 59.6 47.6 47.6
5537 0.2 30 0 0 4937 0.5 40 0 0 150 59.2 47.5 47.5
5537 0.2 30 0 0 4937 0.5 40 0 0 180 59.2 47.2 47.2
5537 0.2 30 0 0 4937 0.5 50 0 0 0 58.8 47.5 47.5
5537 0.2 30 0 0 4937 0.5 50 0 0 30 58.8 47.6 47.6
5537 0.2 30 0 0 4937 0.5 50 0 0 60 58.7 47.7 47.7
5537 0.2 30 0 0 4937 0.5 50 0 0 90 58.5 47.8 47.8
5537 0.2 30 0 0 4937 0.5 50 0 0 120 58.7 47.9 47.9
5537 0.2 30 0 0 4937 0.5 50 0 0 150 58.3 48.0 48.0
5537 0.2 30 0 0 4937 0.5 50 0 0 180 58.4 47.7 47.7
5537 0.2 30 0 0 4937 0.5 60 0 0 0 57.1 48.1 48.1
5537 0.2 30 0 0 4937 0.5 60 0 0 30 57.1 48.1 48.1
5537 0.2 30 0 0 4937 0.5 60 0 0 60 56.9 48.2 48.2
5537 0.2 30 0 0 4937 0.5 60 0 0 90 56.7 48.3 48.3
5537 0.2 30 0 0 4937 0.5 60 0 0 120 56.9 48.3 48.3
5537 0.2 30 0 0 4937 0.5 60 0 0 150 56.6 48.3 48.3
5537 0.2 30 0 0 4937 0.5 60 0 0 180 57.0 48.4 48.4
5537 0.2 30 0 0 5137 0.0 0 0 0 0 63.1 54.6 54.6
5537 0.2 30 0 0 5137 0.0 0 0 0 30 63.5 55.1 55.1
5537 0.2 30 0 0 5137 0.0 0 0 0 60 63.6 55.2 55.2
5537 0.2 30 0 0 5137 0.0 0 0 0 90 63.7 55.1 55.1
5537 0.2 30 0 0 5137 0.0 0 0 0 120 63.5 54.7 54.7
5537 0.2 30 0 0 5137 0.0 0 0 0 150 63.1 54.1 54.1
5537 0.2 30 0 0 5137 0.0 0 0 0 180 62.8 53.8 53.8
5537 0.2 30 0 0 5137 0.0 10 0 0 0 63.0 54.2 54.2
5537 0.2 30 0 0 5137 0.0 10 0 0 30 63.4 54.6 54.6
5537 0.2 30 0 0 5137 0.0 10 0 0 60 63.6 54.8 54.8
5537 0.2 30 0 0 5137 0.0 10 0 0 90 63.6 54.7 54.7
5537 0.2 30 0 0 5137 0.0 10 0 0 120 63.5 54.3 54.3
5537 0.2 30 0 0 5137 0.0 10 0 0 150 63.0 53.8 53.8
5537 0.2 30 0 0 5137 0.0 10 0 0 180 62.7 53.4 53.4
5537 0.2 30 0 0 5137 0.0 20 0 0 0 62.9 52.9 52.9
5537 0.2 30 0 0 5137 0.0 20 0 0 30 63.2 53.4 53.4
5537 0.2 30 0 0 5137 0.0 20 0 0 60 63.4 53.6 53.6
5537 0.2 30 0 0 5137 0.0 20 0 0 90 63.4 53.4 53.4
5537 0.2 30 0 0 5137 0.0 20 0 0 120 63.3 53.2 53.2
5537 0.2 30 0 0 5137 0.0 20 0 0 150 62.9 52.7 52.7
5537 0.2 30 0 0 5137 0.0 20 0 0 180 62.5 52.3 52.3
5537 0.2 30 0 0 5137 0.0 30 0 0 0 62.6 50.2 50.2
5537 0.2 30 0 0 5137 0.0 30 0 0 30 62.9 50.3 50.3
5537 0.2 30 0 0 5137 0.0 30 0 0 60 63.1 50.4 50.4
5537 0.2 30 0 0 5137 0.0 30 0 0 90 63.1 50.2 50.2
5537 0.2 30 0 0 5137 0.0 30 0 0 120 63.0 50.0 50.0
5537 0.2 30 0 0 5137 0.0 30 0 0 150 62.6 49.7 49.7
5537 0.2 30 0 0 5137 0.0 30 0 0 180 62.2 49.4 49.4
5537 0.2 30 0 0 5137 0.0 40 0 0 0 62.1 49.8 49.8
5537 0.2 30 0 0 5137 0.0 40 0 0 30 62.5 50.0 50.0
5537 0.2 30 0 0 5137 0.0 40 0 0 60 62.7 50.0 50.0
5537 0.2 30 0 0 5137 0.0 40 0 0 90 62.7 49.9 49.9
5537 0.2 30 0 0 5137 0.0 40 0 0 120 62.5 49.8 49.8
5537 0.2 30 0 0 5137 0.0 40 0 0 150 62.1 49.4 49.4
5537 0.2 30 0 0 5137 0.0 40 0 0 180 61.7 49.1 49.1
5537 0.2 30 0 0 5137 0.0 50 0 0 0 61.4 50.6 50.6
5537 0.2 30 0 0 5137 0.0 50 0 0 30 61.8 50.8 50.8
5537 0.2 30 0 0 5137 0.0 50 0 0 60 62.0 50.7 50.7
5537 0.2 30 0 0 5137 0.0 50 0 0 90 61.9 50.7 50.7
5537 0.2 30 0 0 5137 0.0 50 0 0 120 61.8 50.5 50.5
5537 0.2 30 0 0 5137 0.0 50 0 0 150 61.4 50.1 50.1
5537 0.2 30 0 0 5137 0.0 50 0 0 180 61.0 49.8 49.8
5537 0.2 30 0 0 5137 0.0 60 0 0 0 60.3 51.6 51.6
5537 0.2 30 0 0 5137 0.0 60 0 0 30 60.7 52.0 52.0
5537 0.2 30 0 0 5137 0.0 60 0 0 60 60.8 52.1 52.1
5537 0.2 30 0 0 5137 0.0 60 0 0 90 60.8 52.3 52.3
5537 0.2 30 0 0 5137 0.0 60 0 0 120 60.6 52.2 52.2
5537 0.2 30 0 0 5137 0.0 60 0 0 150 60.1 51.8 51.8
5537 0.2 30 0 0 5137 0.0 60 0 0 180 59.8 51.4 51.4
5537 0.2 30 0 0 5137 0.1 0 0 0 0 62.7 54.0 54.0
5537 0.2 30 0 0 5137 0.1 0 0 0 30 63.0 54.5 54.5
5537 0.2 30 0 0 5137 0.1 0 0 0 60 63.2 54.6 54.6
5537 0.2 30 0 0 5137 0.1 0 0 0 90 63.3 54.6 54.6
5537 0.2 30 0 0 5137 0.1 0 0 0 120 63.1 54.3 54.3
5537 0.2 30 0 0 5137 0.1 0 0 0 150 62.7 53.7 53.7
5537 0.2 30 0 0 5137 0.1 0 0 0 180 62.3 53.2 53.2
5537 0.2 30 0 0 5137 0.1 10 0 0 0 62.7 53.5 53.5
5537 0.2 30 0 0 5137 0.1 10 0 0 30 63.0 54.0 54.0
5537 0.2 30 0 0 5137 0.1 10 0 0 60 63.2 54.1 54.1
5537 0.2 30 0 0 5137 0.1 10 0 0 90 63.2 54.2 54.2
5537 0.2 30 0 0 5137 0.1 10 0 0 120 63.1 53.8 53.8
5537 0.2 30 0 0 5137 0.1 10 0 0 150 62.7 53.3 53.3
5537 0.2 30 0 0 5137 0.1 10 0 0 180 62.3 52.8 52.8
5537 0.2 30 0 0 5137 0.1 20 0 0 0 62.5 52.3 52.3
5537 0.2 30 0 0 5137 0.1 20 0 0 30 62.8 52.7 52.7
5537 0.2 30 0 0 5137 0.1 20 0 0 60 63.0 52.9 52.9
5537 0.2 30 0 0 5137 0.1 20 0 0 90 63.0 52.9 52.9
5537 0.2 30 0 0 5137 0.1 20 0 0 120 62.9 52.6 52.6
5537 0.2 30 0 0 5137 0.1 20 0 0 150 62.5 52.2 52.2
5537 0.2 30 0 0 5137 0.1 20 0 0 180 62.1 51.6 51.6
5537 0.2 30 0 0 5137 0.1 30 0 0 0 62.2 49.6 49.6
5537 0.2 30 0 0 5137 0.1 30 0 0 30 62.5 49.8 49.8
5537 0.2 30 0 0 5137 0.1 30 0 0 60 62.7 49.8 49.8
5537 0.2 30 0 0 5137 0.1 30 0 0 90 62.7 49.7 49.7
5537 0.2 30 0 0 5137 0.1 30 0 0 120 62.6 49.5 49.5
5537 0.2 30 0 0 5137 0.1 30 0 0 150 62.2 49.2 49.2
5537 0.2 30 0 0 5137 0.1 30 0 0 180 61.8 48.7 48.7
5537 0.2 30 0 0 5137 0.1 40 0 0 0 61.7 49.4 49.4
5537 0.2 30 0 0 5137 0.1 40 0 0 30 62.0 49.5 49.5
5537 0.2 30 0 0 5137 0.1 40 0 0 60 62.2 49.6 49.6
5537 0.2 30 0 0 5137 0.1 40 0 0 90 62.2 49.4 49.4
5537 0.2 30 0 0 5137 0.1 40 0 0 120 62.1 49.4 49.4
5537 0.2 30 0 0 5137 0.1 40 0 0 150 61.7 49.0 49.0
5537 0.2 30 0 0 5137 0.1 40 0 0 180 61.3 48.5 48.5
5537 0.2 30 0 0 5137 0.1 50 0 0 0 61.0 49.9 49.9
5537 0.2 30 0 0 5137 0.1 50 0 0 30 61.3 50.2 50.2
5537 0.2 30 0 0 5137 0.1 50 0 0 60 61.5 50.3 50.3
5537 0.2 30 0 0 5137 0.1 50 0 0 90 61.5 50.2 50.2
5537 0.2 30 0 0 5137 0.1 50 0 0 120 61.4 50.1 50.1
5537 0.2 30 0 0 5137 0.1 50 0 0 150 61.0 49.7 49.7
5537 0.2 30 0 0 5137 0.1 50 0 0 180 60.6 49.2 49.2
5537 0.2 30 0 0 5137 0.1 60 0 0 0 60.0 50.9 50.9
5537 0.2 30 0 0 5137 0.1 60 0 0 30 60.1 51.3 51.3
5537 0.2 30 0 0 5137 0.1 60 0 0 60 60.3 51.4 51.4
5537 0.2 30 0 0 5137 0.1 60 0 0 90 60.3 51.6 51.6
5537 0.2 30 0 0 5137 0.1 60 0 0 120 60.0 51.6 51.6
5537 0.2 30 0 0 5137 0.1 60 0 0 150 59.7 51.3 51.3
5537 0.2 30 0 0 5137 0.1 60 0 0 180 59.4 50.7 50.7
5537 0.2 30 0 0 5137 0.2 0 0 0 0 62.4 53.4 53.4
5537 0.2 30 0 0 5137 0.2 0 0 0 30 62.6 53.8 53.8
5537 0.2 30 0 0 5137 0.2 0 0 0 60 62.8 53.9 53.9
5537 0.2 30 0 0 5137 0.2 0 0 0 90 62.8 54.0 54.0
5537 0.2 30 0 0 5137 0.2 0 0 0 120 62.8 53.8 53.8
5537 0.2 30 0 0 5137 0.2 0 0 0 150 62.4 53.2 53.2
5537 0.2 30 0 0 5137 0.2 0 0 0 180 61.9 52.5 52.5
5537 0.2 30 0 0 5137 0.2 10 0 0 0 62.3 52.9 52.9
5537 0.2 30 0 0 5137 0.2 10 0 0 30 62.5 53.3 53.3
5537 0.2 30 0 0 5137 0.2 10 0 0 60 62.7 53.5 53.5
5537 0.2 30 0 0 5137 0.2 10 0 0 90 62.8 53.5 53.5
5537 0.2 30 0 0 5137 0.2 10 0 0 120 62.7 53.3 53.3
5537 0.2 30 0 0 5137 0.2 10 0 0 150 62.3 52.9 52.9
5537 0.2 30 0 0 5137 0.2 10 0 0 180 61.8 52.1 52.1
5537 0.2 30 0 0 5137 0.2 20 0 0 0 62.1 51.6 51.6
5537 0.2 30 0 0 5137 0.2 20 0 0 30 62.4 52.0 52.0
5537 0.2 30 0 0 5137 0.2 20 0 0 60 62.5 52.2 52.2
5537 0.2 30 0 0 5137 0.2 20 0 0 90 62.6 52.2 52.2
5537 0.2 30 0 0 5137 0.2 20 0 0 120 62.5 52.0 52.0
5537 0.2 30 0 0 5137 0.2 20 0 0 150 62.2 51.6 51.6
5537 0.2 30 0 0 5137 0.2 20 0 0 180 61.7 51.0 51.0
5537 0.2 30 0 0 5137 0.2 30 0 0 0 61.8 49.2 49.2
5537 0.2 30 0 0 5137 0.2 30 0 0 30 62.1 49.3 49.3
5537 0.2 30 0 0 5137 0.2 30 0 0 60 62.2 49.4 49.4
5537 0.2 30 0 0 5137 0.2 30 0 0 90 62.3 49.3 49.3
5537 0.2 30 0 0 5137 0.2 30 0 0 120 62.2 49.1 49.1
5537 0.2 30 0 0 5137 0.2 30 0 0 150 61.8 48.6 48.6
5537 0.2 30 0 0 5137 0.2 30 0 0 180 61.3 48.0 48.0
5537 0.2 30 0 0 5137 0.2 40 0 0 0 61.3 49.0 49.0
5537 0.2 30 0 0 5137 0.2 40 0 0 30 61.6 49.1 49.1
5537 0.2 30 0 0 5137 0.2 40 0 0 60 61.8 49.1 49.1
5537 0.2 30 0 0 5137 0.2 40 0 0 90 61.8 49.0 49.0
5537 0.2 30 0 0 5137 0.2 40 0 0 120 61.7 49.0 49.0
5537 0.2 30 0 0 5137 0.2 40 0 0 150 61.3 48.6 48.6
5537 0.2 30 0 0 5137 0.2 40 0 0 180 60.9 47.9 47.9
5537 0.2 30 0 0 5137 0.2 50 0 0 0 60.6 49.3 49.3
5537 0.2 30 0 0 5137 0.2 50 0 0 30 60.8 49.6 49.6
5537 0.2 30 0 0 5137 0.2 50 0 0 60 61.0 49.8 49.8
5537 0.2 30 0 0 5137 0.2 50 0 0 90 61.0 49.9 49.9
5537 0.2 30 0 0 5137 0.2 50 0 0 120 60.9 49.8 49.8
5537 0.2 30 0 0 5137 0.2 50 0 0 150 60.5 49.4 49.4
5537 0.2 30 0 0 5137 0.2 50 0 0 180 60.1 48.7 48.7
5537 0.2 30 0 0 5137 0.2 60 0 0 0 59.5 50.3 50.3
5537 0.2 30 0 0 5137 0.2 60 0 0 30 59.7 50.6 50.6
5537 0.2 30 0 0 5137 0.2 60 0 0 60 59.8 50.7 50.7
5537 0.2 30 0 0 5137 0.2 60 0 0 90 59.8 50.9 50.9
5537 0.2 30 0 0 5137 0.2 60 0 0 120 59.6 51.0 51.0
5537 0.2 30 0 0 5137 0.2 60 0 0 150 59.2 50.8 50.8
5537 0.2 30 0 0 5137 0.2 60 0 0 180 58.8 50.2 50.2
5537 0.2 30 0 0 5137 0.3 0 0 0 0 62.0 52.8 52.8
5537 0.2 30 0 0 5137 0.3 0 0 0 30 62.2 53.0 53.0
5537 0.2 30 0 0 5137 0.3 0 0 0 60 62.3 53.3 53.3
5537 0.2 30 0 0 5137 0.3 0 0 0 90 62.4 53.4 53.4
5537 0.2 30 0 0 5137 0.3 0 0 0 120 62.4 53.2 53.2
5537 0.2 30 0 0 5137 0.3 0 0 0 150 62.1 52.7 52.7
5537 0.2 30 0 0 5137 0.3 0 0 0 180 61.5 51.8 51.8
5537 0.2 30 0 0 5137 0.3 10 0 0 0 61.9 52.2 52.2
5537 0.2 30 0 0 5137 0.3 10 0 0 30 62.2 52.5 52.5
5537 0.2 30 0 0 5137 0.3 10 0 0 60 62.2 52.7 52.7
5537 0.2 30 0 0 5137 0.3 10 0 0 90 62.4 52.9 52.9
5537 0.2 30 0 0 5137 0.3 10 0 0 120 62.3 52.7 52.7
5537 0.2 30 0 0 5137 0.3 10 0 0 150 62.0 52.2 52.2
5537 0.2 30 0 0 5137 0.3 10 0 0 180 61.4 51.5 51.5
5537 0.2 30 0 0 5137 0.3 20 0 0 0 61.7 50.8 50.8
5537 0.2 30 0 0 5137 0.3 20 0 0 30 62.0 51.2 51.2
5537 0.2 30 0 0 5137 0.3 20 0 0 60 62.0 51.4 51.4
5537 0.2 30 0 0 5137 0.3 20 0 0 90 62.2 51.5 51.5
5537 0.2 30 0 0 5137 0.3 20 0 0 120 62.1 51.4 51.4
5537 0.2 30 0 0 5137 0.3 20 0 0 150 61.8 50.9 50.9
5537 0.2 30 0 0 5137 0.3 20 0 0 180 61.2 50.1 50.1
5537 0.2 30 0 0 5137 0.3 30 0 0 0 61.4 48.7 48.7
5537 0.2 30 0 0 5137 0.3 30 0 0 30 61.6 48.9 48.9
5537 0.2 30 0 0 5137 0.3 30 0 0 60 61.7 49.0 49.0
5537 0.2 30 0 0 5137 0.3 30 0 0 90 61.9 49.0 49.0
5537 0.2 30 0 0 5137 0.3 30 0 0 120 61.8 48.9 48.9
5537 0.2 30 0 0 5137 0.3 30 0 0 150 61.4 48.5 48.5
5537 0.2 30 0 0 5137 0.3 30 0 0 180 60.9 47.7 47.7
5537 0.2 30 0 0 5137 0.3 40 0 0 0 60.9 48.6 48.6
5537 0.2 30 0 0 5137 0.3 40 0 0 30 61.2 48.9 48.9
5537 0.2 30 0 0 5137 0.3 40 0 0 60 61.3 48.9 48.9
5537 0.2 30 0 0 5137 0.3 40 0 0 90 61.4 48.9 48.9
5537 0.2 30 0 0 5137 0.3 40 0 0 120 61.3 48.9 48.9
5537 0.2 30 0 0 5137 0.3 40 0 0 150 60.9 48.5 48.5
5537 0.2 30 0 0 5137 0.3 40 0 0 180 60.4 47.6 47.6
5537 0.2 30 0 0 5137 0.3 50 0 0 0 60.2 48.9 48.9
5537 0.2 30 0 0 5137 0.3 50 0 0 30 60.4 49.1 49.1
5537 0.2 30 0 0 5137 0.3 50 0 0 60 60.5 49.3 49.3
5537 0.2 30 0 0 5137 0.3 50 0 0 90 60.6 49.5 49.5
5537 0.2 30 0 0 5137 0.3 50 0 0 120 60.4 49.5 49.5
5537 0.2 30 0 0 5137 0.3 50 0 0 150 60.0 49.1 49.1
5537 0.2 30 0 0 5137 0.3 50 0 0 180 59.6 48.4 48.4
5537 0.2 30 0 0 5137 0.3 60 0 0 0 59.0 49.7 49.7
5537 0.2 30 0 0 5137 0.3 60 0 0 30 59.2 49.9 49.9
5537 0.2 30 0 0 5137 0.3 60 0 0 60 59.2 50.0 50.0
5537 0.2 30 0 0 5137 0.3 60 0 0 90 59.2 50.2 50.2
5537 0.2 30 0 0 5137 0.3 60 0 0 120 59.0 50.4 50.4
5537 0.2 30 0 0 5137 0.3 60 0 0 150 58.6 50.3 50.3
5537 0.2 30 0 0 5137 0.3 60 0 0 180 58.2 49.7 49.7
5537 0.2 30 0 0 5137 0.4 0 0 0 0 61.6 52.1 52.1
5537 0.2 30 0 0 5137 0.4 0 0 0 30 61.8 52.2 52.2
5537 0.2 30 0 0 5137 0.4 0 0 0 60 61.9 52.5 52.5
5537 0.2 30 0 0 5137 0.4 0 0 0 90 62.0 52.6 52.6
5537 0.2 30 0 0 5137 0.4 0 0 0 120 61.9 52.5 52.5
5537 0.2 30 0 0 5137 0.4 0 0 0 150 61.6 52.1 52.1
5537 0.2 30 0 0 5137 0.4 0 0 0 180 61.0 51.0 51.0
5537 0.2 30 0 0 5137 0.4 10 0 0 0 61.5 51.6 51.6
5537 0.2 30 0 0 5137 0.4 10 0 0 30 61.8 51.7 51.7
5537 0.2 30 0 0 5137 0.4 10 0 0 60 61.8 51.9 51.9
5537 0.2 30 0 0 5137 0.4 10 0 0 90 61.9 52.1 52.1
5537 0.2 30 0 0 5137 0.4 10 0 0 120 61.9 52.1 52.1
5537 0.2 30 0 0 5137 0.4 10 0 0 150 61.5 51.6 51.6
5537 0.2 30 0 0 5137 0.4 10 0 0 180 60.9 50.6 50.6
5537 0.2 30 0 0 5137 0.4 20 0 0 0 61.4 49.7 49.7
5537 0.2 30 0 0 5137 0.4 20 0 0 30 61.6 49.9 49.9
5537 0.2 30 0 0 5137 0.4 20 0 0 60 61.6 50.1 50.1
5537 0.2 30 0 0 5137 0.4 20 0 0 90 61.7 50.3 50.3
5537 0.2 30 0 0 5137 0.4 20 0 0 120 61.7 50.3 50.3
5537 0.2 30 0 0 5137 0.4 20 0 0 150 61.3 49.8 49.8
5537 0.2 30 0 0 5137 0.4 20 0 0 180 60.8 48.8 48.8
5537 0.2 30 0 0 5137 0.4 30 0 0 0 61.0 48.4 48.4
5537 0.2 30 0 0 5137 0.4 30 0 0 30 61.3 48.7 48.7
5537 0.2 30 0 0 5137 0.4 30 0 0 60 61.3 48.8 48.8
5537 0.2 30 0 0 5137 0.4 30 0 0 90 61.4 48.8 48.8
5537 0.2 30 0 0 5137 0.4 30 0 0 120 61.4 48.7 48.7
5537 0.2 30 0 0 5137 0.4 30 0 0 150 61.0 48.3 48.3
5537 0.2 30 0 0 5137 0.4 30 0 0 180 60.4 47.4 47.4
5537 0.2 30 0 0 5137 0.4 40 0 0 0 60.5 48.3 48.3
5537 0.2 30 0 0 5137 0.4 40 0 0 30 60.8 48.5 48.5
5537 0.2 30 0 0 5137 0.4 40 0 0 60 60.8 48.7 48.7
5537 0.2 30 0 0 5137 0.4 40 0 0 90 60.8 48.8 48.8
5537 0.2 30 0 0 5137 0.4 40 0 0 120 60.8 48.8 48.8
5537 0.2 30 0 0 5137 0.4 40 0 0 150 60.4 48.4 48.4
5537 0.2 30 0 0 5137 0.4 40 0 0 180 59.8 47.4 47.4
5537 0.2 30 0 0 5137 0.4 50 0 0 0 59.8 48.5 48.5
5537 0.2 30 0 0 5137 0.4 50 0 0 30 60.0 48.7 48.7
5537 0.2 30 0 0 5137 0.4 50 0 0 60 60.0 48.9 48.9
5537 0.2 30 0 0 5137 0.4 50 0 0 90 60.0 49.2 49.2
5537 0.2 30 0 0 5137 0.4 50 0 0 120 59.9 49.3 49.3
5537 0.2 30 0 0 5137 0.4 50 0 0 150 59.5 49.0 49.0
5537 0.2 30 0 0 5137 0.4 50 0 0 180 59.0 48.0 48.0
5537 0.2 30 0 0 5137 0.4 60 0 0 0 58.6 49.2 49.2
5537 0.2 30 0 0 5137 0.4 60 0 0 30 58.7 49.3 49.3
5537 0.2 30 0 0 5137 0.4 60 0 0 60 58.6 49.4 49.4
5537 0.2 30 0 0 5137 0.4 60 0 0 90 58.5 49.7 49.7
5537 0.2 30 0 0 5137 0.4 60 0 0 120 58.3 49.8 49.8
5537 0.2 30 0 0 5137 0.4 60 0 0 150 57.9 49.7 49.7
5537 0.2 30 0 0 5137 0.4 60 0 0 180 57.6 49.3 49.3
5537 0.2 30 0 0 5137 0.5 0 0 0 0 61.2 51.2 51.2
5537 0.2 30 0 0 5137 0.5 0 0 0 30 61.4 51.4 51.4
5537 0.2 30 0 0 5137 0.5 0 0 0 60 61.5 51.4 51.4
5537 0.2 30 0 0 5137 0.5 0 0 0 90 61.5 51.6 51.6
5537 0.2 30 0 0 5137 0.5 0 0 0 120 61.6 51.6 51.6
5537 0.2 30 0 0 5137 0.5 0 0 0 150 61.3 51.2 51.2
5537 0.2 30 0 0 5137 0.5 0 0 0 180 60.5 50.0 50.0
5537 0.2 30 0 0 5137 0.5 10 0 0 0 61.1 50.5 50.5
5537 0.2 30 0 0 5137 0.5 10 0 0 30 61.3 50.7 50.7
5537 0.2 30 0 0 5137 0.5 10 0 0 60 61.4 50.8 50.8
5537 0.2 30 0 0 5137 0.5 10 0 0 90 61.4 51.0 51.0
5537 0.2 30 0 0 5137 0.5 10 0 0 120 61.5 51.0 51.0
5537 0.2 30 0 0 5137 0.5 10 0 0 150 61.2 50.7 50.7
5537 0.2 30 0 0 5137 0.5 10 0 0 180 60.5 49.5 49.5
5537 0.2 30 0 0 5137 0.5 20 0 0 0 60.9 48.9 48.9
5537 0.2 30 0 0 5137 0.5 20 0 0 30 61.1 49.0 49.0
5537 0.2 30 0 0 5137 0.5 20 0 0 60 61.2 49.2 49.2
5537 0.2 30 0 0 5137 0.5 20 0 0 90 61.2 49.5 49.5
5537 0.2 30 0 0 5137 0.5 20 0 0 120 61.3 49.5 49.5
5537 0.2 30 0 0 5137 0.5 20 0 0 150 61.0 49.1 49.1
5537 0.2 30 0 0 5137 0.5 20 0 0 180 60.3 48.0 48.0
5537 0.2 30 0 0 5137 0.5 30 0 0 0 60.6 48.4 48.4
5537 0.2 30 0 0 5137 0.5 30 0 0 30 60.8 48.5 48.5
5537 0.2 30 0 0 5137 0.5 30 0 0 60 60.9 48.7 48.7
5537 0.2 30 0 0 5137 0.5 30 0 0 90 60.9 48.9 48.9
5537 0.2 30 0 0 5137 0.5 30 0 0 120 60.9 48.7 48.7
5537 0.2 30 0 0 5137 0.5 30 0 0 150 60.6 48.4 48.4
5537 0.2 30 0 0 5137 0.5 30 0 0 180 59.9 47.3 47.3
5537 0.2 30 0 0 5137 0.5 40 0 0 0 60.1 48.2 48.2
5537 0.2 30 0 0 5137 0.5 40 0 0 30 60.3 48.4 48.4
5537 0.2 30 0 0 5137 0.5 40 0 0 60 60.3 48.5 48.5
5537 0.2 30 0 0 5137 0.5 40 0 0 90 60.3 48.8 48.8
5537 0.2 30 0 0 5137 0.5 40 0 0 120 60.4 48.8 48.8
5537 0.2 30 0 0 5137 0.5 40 0 0 150 59.9 48.4 48.4
5537 0.2 30 0 0 5137 0.5 40 0 0 180 59.4 47.4 47.4
5537 0.2 30 0 0 5137 0.5 50 0 0 0 59.4 48.2 48.2
5537 0.2 30 0 0 5137 0.5 50 0 0 30 59.5 48.3 48.3
5537 0.2 30 0 0 5137 0.5 50 0 0 60 59.5 48.5 48.5
5537 0.2 30 0 0 5137 0.5 50 0 0 90 59.5 48.7 48.7
5537 0.2 30 0 0 5137 0.5 50 0 0 120 59.4 49.1 49.1
5537 0.2 30 0 0 5137 0.5 50 0 0 150 58.9 49.1 49.1
5537 0.2 30 0 0 5137 0.5 50 0 0 180 58.5 47.9 47.9
5537 0.2 30 0 0 5137 0.5 60 0 0 0 58.1 48.7 48.7
5537 0.2 30 0 0 5137 0.5 60 0 0 30 58.1 48.8 48.8
5537 0.2 30 0 0 5137 0.5 60 0 0 60 58.0 48.9 48.9
5537 0.2 30 0 0 5137 0.5 60 0 0 90 57.9 49.1 49.1
5537 0.2 30 0 0 5137 0.5 60 0 0 120 57.5 49.3 49.3
5537 0.2 30 0 0 5137 0.5 60 0 0 150 57.0 49.3 49.3
5537 0.2 30 0 0 5137 0.5 60 0 0 180 56.9 48.8 48.8
5537 0.2 30 0 0 5337 0.0 0 0 0 0 63.7 55.7 55.7
5537 0.2 30 0 0 5337 0.0 0 0 0 30 64.4 56.2 56.2
5537 0.2 30 0 0 5337 0.0 0 0 0 60 64.7 56.2 56.2
5537 0.2 30 0 0 5337 0.0 0 0 0 90 64.5 55.7 55.7
5537 0.2 30 0 0 5337 0.0 0 0 0 120 64.1 54.8 54.8
5537 0.2 30 0 0 5337 0.0 0 0 0 150 63.3 53.9 53.9
5537 0.2 30 0 0 5337 0.0 0 0 0 180 62.6 53.5 53.5
5537 0.2 30 0 0 5337 0.0 10 0 0 0 63.7 55.3 55.3
5537 0.2 30 0 0 5337 0.0 10 0 0 30 64.3 55.7 55.7
5537 0.2 30 0 0 5337 0.0 10 0 0 60 64.6 55.7 55.7
5537 0.2 30 0 0 5337 0.0 10 0 0 90 64.5 55.3 55.3
5537 0.2 30 0 0 5337 0.0 10 0 0 120 64.1 54.5 54.5
5537 0.2 30 0 0 5337 0.0 10 0 0 150 63.2 53.6 53.6
5537 0.2 30 0 0 5337 0.0 10 0 0 180 62.6 53.1 53.1
5537 0.2 30 0 0 5337 0.0 20 0 0 0 63.5 54.1 54.1
5537 0.2 30 0 0 5337 0.0 20 0 0 30 64.2 54.6 54.6
5537 0.2 30 0 0 5337 0.0 20 0 0 60 64.5 54.6 54.6
5537 0.2 30 0 0 5337 0.0 20 0 0 90 64.4 54.2 54.2
5537 0.2 30 0 0 5337 0.0 20 0 0 120 63.9 53.4 53.4
5537 0.2 30 0 0 5337 0.0 20 0 0 150 63.0 52.7 52.7
5537 0.2 30 0 0 5337 0.0 20 0 0 180 62.4 52.2 52.2
5537 0.2 30 0 0 5337 0.0 30 0 0 0 63.3 51.0 51.0
5537 0.2 30 0 0 5337 0.0 30 0 0 30 63.9 51.4 51.4
5537 0.2 30 0 0 5337 0.0 30 0 0 60 64.2 51.3 51.3
5537 0.2 30 0 0 5337 0.0 30 0 0 90 64.1 51.0 51.0
5537 0.2 30 0 0 5337 0.0 30 0 0 120 63.6 50.6 50.6
5537 0.2 30 0 0 5337 0.0 30 0 0 150 62.7 50.2 50.2
5537 0.2 30 0 0 5337 0.0 30 0 0 180 62.1 49.8 49.8
5537 0.2 30 0 0 5337 0.0 40 0 0 0 62.8 50.6 50.6
5537 0.2 30 0 0 5337 0.0 40 0 0 30 63.5 50.9 50.9
5537 0.2 30 0 0 5337 0.0 40 0 0 60 63.8 50.8 50.8
5537 0.2 30 0 0 5337 0.0 40 0 0 90 63.7 50.6 50.6
5537 0.2 30 0 0 5337 0.0 40 0 0 120 63.2 50.3 50.3
5537 0.2 30 0 0 5337 0.0 40 0 0 150 62.3 49.9 49.9
5537 0.2 30 0 0 5337 0.0 40 0 0 180 61.6 49.4 49.4
5537 0.2 30 0 0 5337 0.0 50 0 0 0 62.1 51.3 51.3
5537 0.2 30 0 0 5337 0.0 50 0 0 30 62.8 51.6 51.6
5537 0.2 30 0 0 5337 0.0 50 0 0 60 63.1 51.5 51.5
5537 0.2 30 0 0 5337 0.0 50 0 0 90 63.0 51.3 51.3
5537 0.2 30 0 0 5337 0.0 50 0 0 120 62.5 50.9 50.9
5537 0.2 30 0 0 5337 0.0 50 0 0 150 61.6 50.2 50.2
5537 0.2 30 0 0 5337 0.0 50 0 0 180 60.9 49.8 49.8
5537 0.2 30 0 0 5337 0.0 60 0 0 0 61.0 53.0 53.0
5537 0.2 30 0 0 5337 0.0 60 0 0 30 61.8 53.3 53.3
5537 0.2 30 0 0 5337 0.0 60 0 0 60 62.1 53.3 53.3
5537 0.2 30 0 0 5337 0.0 60 0 0 90 62.0 53.1 53.1
5537 0.2 30 0 0 5337 0.0 60 0 0 120 61.3 52.5 52.5
5537 0.2 30 0 0 5337 0.0 60 0 0 150 60.5 51.8 51.8
5537 0.2 30 0 0 5337 0.0 60 0 0 180 59.8 51.1 51.1
5537 0.2 30 0 0 5337 0.1 0 0 0 0 63.4 55.1 55.1
5537 0.2 30 0 0 5337 0.1 0 0 0 30 63.9 55.5 55.5
5537 0.2 30 0 0 5337 0.1 0 0 0 60 64.2 55.7 55.7
5537 0.2 30 0 0 5337 0.1 0 0 0 90 64.2 55.4 55.4
5537 0.2 30 0 0 5337 0.1 0 0 0 120 63.9 54.7 54.7
5537 0.2 30 0 0 5337 0.1 0 0 0 150 62.9 53.6 53.6
5537 0.2 30 0 0 5337 0.1 0 0 0 180 62.1 52.9 52.9
5537 0.2 30 0 0 5337 0.1 10 0 0 0 63.3 54.5 54.5
5537 0.2 30 0 0 5337 0.1 10 0 0 30 63.9 55.0 55.0
5537 0.2 30 0 0 5337 0.1 10 0 0 60 64.2 55.1 55.1
5537 0.2 30 0 0 5337 0.1 10 0 0 90 64.2 54.9 54.9
5537 0.2 30 0 0 5337 0.1 10 0 0 120 63.8 54.3 54.3
5537 0.2 30 0 0 5337 0.1 10 0 0 150 62.9 53.3 53.3
5537 0.2 30 0 0 5337 0.1 10 0 0 180 62.1 52.7 52.7
5537 0.2 30 0 0 5337 0.1 20 0 0 0 63.2 53.3 53.3
5537 0.2 30 0 0 5337 0.1 20 0 0 30 63.8 53.8 53.8
5537 0.2 30 0 0 5337 0.1 20 0 0 60 64.0 53.8 53.8
5537 0.2 30 0 0 5337 0.1 20 0 0 90 64.0 53.6 53.6
5537 0.2 30 0 0 5337 0.1 20 0 0 120 63.7 53.1 53.1
5537 0.2 30 0 0 5337 0.1 20 0 0 150 62.7 52.3 52.3
5537 0.2 30 0 0 5337 0.1 20 0 0 180 61.9 51.6 51.6
5537 0.2 30 0 0 5337 0.1 30 0 0 0 62.9 50.2 50.2
5537 0.2 30 0 0 5337 0.1 30 0 0 30 63.5 50.6 50.6
5537 0.2 30 0 0 5337 0.1 30 0 0 60 63.8 50.7 50.7
5537 0.2 30 0 0 5337 0.1 30 0 0 90 63.7 50.5 50.5
5537 0.2 30 0 0 5337 0.1 30 0 0 120 63.4 50.1 50.1
5537 0.2 30 0 0 5337 0.1 30 0 0 150 62.4 49.6 49.6
5537 0.2 30 0 0 5337 0.1 30 0 0 180 61.6 49.1 49.1
5537 0.2 30 0 0 5337 0.1 40 0 0 0 62.5 50.0 50.0
5537 0.2 30 0 0 5337 0.1 40 0 0 30 63.0 50.3 50.3
5537 0.2 30 0 0 5337 0.1 40 0 0 60 63.3 50.4 50.4
5537 0.2 30 0 0 5337 0.1 40 0 0 90 63.3 50.1 50.1
5537 0.2 30 0 0 5337 0.1 40 0 0 120 62.9 49.8 49.8
5537 0.2 30 0 0 5337 0.1 40 0 0 150 61.9 49.2 49.2
5537 0.2 30 0 0 5337 0.1 40 0 0 180 61.1 48.7 48.7
5537 0.2 30 0 0 5337 0.1 50 0 0 0 61.8 50.8 50.8
5537 0.2 30 0 0 5337 0.1 50 0 0 30 62.3 51.1 51.1
5537 0.2 30 0 0 5337 0.1 50 0 0 60 62.6 51.0 51.0
5537 0.2 30 0 0 5337 0.1 50 0 0 90 62.6 50.9 50.9
5537 0.2 30 0 0 5337 0.1 50 0 0 120 62.1 50.5 50.5
5537 0.2 30 0 0 5337 0.1 50 0 0 150 61.1 49.8 49.8
5537 0.2 30 0 0 5337 0.1 50 0 0 180 60.4 49.1 49.1
5537 0.2 30 0 0 5337 0.1 60 0 0 0 60.7 52.4 52.4
5537 0.2 30 0 0 5337 0.1 60 0 0 30 61.2 52.8 52.8
5537 0.2 30 0 0 5337 0.1 60 0 0 60 61.5 52.8 52.8
5537 0.2 30 0 0 5337 0.1 60 0 0 90 61.4 52.6 52.6
5537 0.2 30 0 0 5337 0.1 60 0 0 120 60.8 52.1 52.1
5537 0.2 30 0 0 5337 0.1 60 0 0 150 59.9 51.4 51.4
5537 0.2 30 0 0 5337 0.1 60 0 0 180 59.2 50.5 50.5
5537 0.2 30 0 0 5337 0.2 0 0 0 0 63.1 54.4 54.4
5537 0.2 30 0 0 5337 0.2 0 0 0 30 63.6 54.8 54.8
5537 0.2 30 0 0 5337 0.2 0 0 0 60 63.8 55.1 55.1
5537 0.2 30 0 0 5337 0.2 0 0 0 90 63.9 54.9 54.9
5537 0.2 30 0 0 5337 0.2 0 0 0 120 63.6 54.4 54.4
5537 0.2 30 0 0 5337 0.2 0 0 0 150 62.6 53.2 53.2
5537 0.2 30 0 0 5337 0.2 0 0 0 180 61.6 52.3 52.3
5537 0.2 30 0 0 5337 0.2 10 0 0 0 63.1 53.8 53.8
5537 0.2 30 0 0 5337 0.2 10 0 0 30 63.5 54.2 54.2
5537 0.2 30 0 0 5337 0.2 10 0 0 60 63.7 54.4 54.4
5537 0.2 30 0 0 5337 0.2 10 0 0 90 63.8 54.3 54.3
5537 0.2 30 0 0 5337 0.2 10 0 0 120 63.5 53.8 53.8
5537 0.2 30 0 0 5337 0.2 10 0 0 150 62.5 52.9 52.9
5537 0.2 30 0 0 5337 0.2 10 0 0 180 61.6 52.1 52.1
5537 0.2 30 0 0 5337 0.2 20 0 0 0 62.9 52.5 52.5
5537 0.2 30 0 0 5337 0.2 20 0 0 30 63.3 52.9 52.9
5537 0.2 30 0 0 5337 0.2 20 0 0 60 63.6 53.1 53.1
5537 0.2 30 0 0 5337 0.2 20 0 0 90 63.6 52.9 52.9
5537 0.2 30 0 0 5337 0.2 20 0 0 120 63.4 52.5 52.5
5537 0.2 30 0 0 5337 0.2 20 0 0 150 62.3 51.8 51.8
5537 0.2 30 0 0 5337 0.2 20 0 0 180 61.4 51.0 51.0
5537 0.2 30 0 0 5337 0.2 30 0 0 0 62.6 49.6 49.6
5537 0.2 30 0 0 5337 0.2 30 0 0 30 63.0 50.0 50.0
5537 0.2 30 0 0 5337 0.2 30 0 0 60 63.3 50.1 50.1
5537 0.2 30 0 0 5337 0.2 30 0 0 90 63.3 49.9 49.9
5537 0.2 30 0 0 5337 0.2 30 0 0 120 63.0 49.6 49.6
5537 0.2 30 0 0 5337 0.2 30 0 0 150 62.0 48.9 48.9
5537 0.2 30 0 0 5337 0.2 30 0 0 180 61.1 48.4 48.4
5537 0.2 30 0 0 5337 0.2 40 0 0 0 62.2 49.5 49.5
5537 0.2 30 0 0 5337 0.2 40 0 0 30 62.6 49.8 49.8
5537 0.2 30 0 0 5337 0.2 40 0 0 60 62.8 49.8 49.8
5537 0.2 30 0 0 5337 0.2 40 0 0 90 62.8 49.7 49.7
5537 0.2 30 0 0 5337 0.2 40 0 0 120 62.5 49.4 49.4
5537 0.2 30 0 0 5337 0.2 40 0 0 150 61.4 48.7 48.7
5537 0.2 30 0 0 5337 0.2 40 0 0 180 60.6 48.1 48.1
5537 0.2 30 0 0 5337 0.2 50 0 0 0 61.5 50.4 50.4
5537 0.2 30 0 0 5337 0.2 50 0 0 30 61.9 50.7 50.7
5537 0.2 30 0 0 5337 0.2 50 0 0 60 62.1 50.7 50.7
5537 0.2 30 0 0 5337 0.2 50 0 0 90 62.0 50.6 50.6
5537 0.2 30 0 0 5337 0.2 50 0 0 120 61.7 50.3 50.3
5537 0.2 30 0 0 5337 0.2 50 0 0 150 60.6 49.5 49.5
5537 0.2 30 0 0 5337 0.2 50 0 0 180 59.8 48.5 48.5
5537 0.2 30 0 0 5337 0.2 60 0 0 0 60.4 51.7 51.7
5537 0.2 30 0 0 5337 0.2 60 0 0 30 60.8 52.2 52.2
5537 0.2 30 0 0 5337 0.2 60 0 0 60 60.9 52.3 52.3
5537 0.2 30 0 0 5337 0.2 60 0 0 90 60.8 52.3 52.3
5537 0.2 30 0 0 5337 0.2 60 0 0 120 60.3 51.9 51.9
5537 0.2 30 0 0 5337 0.2 60 0 0 150 59.4 51.1 51.1
5537 0.2 30 0 0 5337 0.2 60 0 0 180 58.6 49.9 49.9
5537 0.2 30 0 0 5337 0.3 0 0 0 0 62.8 53.8 53.8
5537 0.2 30 0 0 5337 0.3 0 0 0 30 63.2 54.1 54.1
5537 0.2 30 0 0 5337 0.3 0 0 0 60 63.4 54.3 54.3
5537 0.2 30 0 0 5337 0.3 0 0 0 90 63.5 54.3 54.3
5537 0.2 30 0 0 5337 0.3 0 0 0 120 63.3 53.9 53.9
5537 0.2 30 0 0 5337 0.3 0 0 0 150 62.3 52.8 52.8
5537 0.2 30 0 0 5337 0.3 0 0 0 180 61.1 51.7 51.7
5537 0.2 30 0 0 5337 0.3 10 0 0 0 62.7 53.1 53.1
5537 0.2 30 0 0 5337 0.3 10 0 0 30 63.1 53.4 53.4
5537 0.2 30 0 0 5337 0.3 10 0 0 60 63.3 53.6 53.6
5537 0.2 30 0 0 5337 0.3 10 0 0 90 63.4 53.6 53.6
5537 0.2 30 0 0 5337 0.3 10 0 0 120 63.2 53.2 53.2
5537 0.2 30 0 0 5337 0.3 10 0 0 150 62.2 52.4 52.4
5537 0.2 30 0 0 5337 0.3 10 0 0 180 61.0 51.5 51.5
5537 0.2 30 0 0 5337 0.3 20 0 0 0 62.6 51.8 51.8
5537 0.2 30 0 0 5337 0.3 20 0 0 30 62.9 52.0 52.0
5537 0.2 30 0 0 5337 0.3 20 0 0 60 63.1 52.2 52.2
5537 0.2 30 0 0 5337 0.3 20 0 0 90 63.2 52.2 52.2
5537 0.2 30 0 0 5337 0.3 20 0 0 120 63.0 51.8 51.8
5537 0.2 30 0 0 5337 0.3 20 0 0 150 62.0 51.2 51.2
5537 0.2 30 0 0 5337 0.3 20 0 0 180 60.9 50.2 50.2
5537 0.2 30 0 0 5337 0.3 30 0 0 0 62.3 49.2 49.2
5537 0.2 30 0 0 5337 0.3 30 0 0 30 62.6 49.5 49.5
5537 0.2 30 0 0 5337 0.3 30 0 0 60 62.8 49.7 49.7
5537 0.2 30 0 0 5337 0.3 30 0 0 90 62.9 49.6 49.6
5537 0.2 30 0 0 5337 0.3 30 0 0 120 62.6 49.3 49.3
5537 0.2 30 0 0 5337 0.3 30 0 0 150 61.6 48.7 48.7
5537 0.2 30 0 0 5337 0.3 30 0 0 180 60.5 47.8 47.8
5537 0.2 30 0 0 5337 0.3 40 0 0 0 61.8 49.3 49.3
5537 0.2 30 0 0 5337 0.3 40 0 0 30 62.1 49.5 49.5
5537 0.2 30 0 0 5337 0.3 40 0 0 60 62.3 49.7 49.7
5537 0.2 30 0 0 5337 0.3 40 0 0 90 62.3 49.6 49.6
5537 0.2 30 0 0 5337 0.3 40 0 0 120 62.1 49.3 49.3
5537 0.2 30 0 0 5337 0.3 40 0 0 150 61.0 48.6 48.6
5537 0.2 30 0 0 5337 0.3 40 0 0 180 60.0 47.5 47.5
5537 0.2 30 0 0 5337 0.3 50 0 0 0 61.1 50.1 50.1
5537 0.2 30 0 0 5337 0.3 50 0 0 30 61.4 50.3 50.3
5537 0.2 30 0 0 5337 0.3 50 0 0 60 61.5 50.4 50.4
5537 0.2 30 0 0 5337 0.3 50 0 0 90 61.5 50.4 50.4
5537 0.2 30 0 0 5337 0.3 50 0 0 120 61.2 50.1 50.1
5537 0.2 30 0 0 5337 0.3 50 0 0 150 60.1 49.3 49.3
5537 0.2 30 0 0 5337 0.3 50 0 0 180 59.3 48.0 48.0
5537 0.2 30 0 0 5337 0.3 60 0 0 0 60.1 51.1 51.1
5537 0.2 30 0 0 5337 0.3 60 0 0 30 60.3 51.5 51.5
5537 0.2 30 0 0 5337 0.3 60 0 0 60 60.4 51.8 51.8
5537 0.2 30 0 0 5337 0.3 60 0 0 90 60.3 51.9 51.9
5537 0.2 30 0 0 5337 0.3 60 0 0 120 59.8 51.6 51.6
5537 0.2 30 0 0 5337 0.3 60 0 0 150 58.8 50.8 50.8
5537 0.2 30 0 0 5337 0.3 60 0 0 180 58.0 49.2 49.2
5537 0.2 30 0 0 5337 0.4 0 0 0 0 62.5 53.0 53.0
5537 0.2 30 0 0 5337 0.4 0 0 0 30 62.8 53.3 53.3
5537 0.2 30 0 0 5337 0.4 0 0 0 60 62.9 53.5 53.5
5537 0.2 30 0 0 5337 0.4 0 0 0 90 63.1 53.6 53.6
5537 0.2 30 0 0 5337 0.4 0 0 0 120 62.9 53.3 53.3
5537 0.2 30 0 0 5337 0.4 0 0 0 150 61.9 52.3 52.3
5537 0.2 30 0 0 5337 0.4 0 0 0 180 60.5 50.9 50.9
5537 0.2 30 0 0 5337 0.4 10 0 0 0 62.4 52.4 52.4
5537 0.2 30 0 0 5337 0.4 10 0 0 30 62.7 52.6 52.6
5537 0.2 30 0 0 5337 0.4 10 0 0 60 62.9 52.7 52.7
5537 0.2 30 0 0 5337 0.4 10 0 0 90 63.0 52.8 52.8
5537 0.2 30 0 0 5337 0.4 10 0 0 120 62.9 52.5 52.5
5537 0.2 30 0 0 5337 0.4 10 0 0 150 61.9 51.8 51.8
5537 0.2 30 0 0 5337 0.4 10 0 0 180 60.5 50.6 50.6
5537 0.2 30 0 0 5337 0.4 20 0 0 0 62.3 50.9 50.9
5537 0.2 30 0 0 5337 0.4 20 0 0 30 62.5 51.0 51.0
5537 0.2 30 0 0 5337 0.4 20 0 0 60 62.7 51.2 51.2
5537 0.2 30 0 0 5337 0.4 20 0 0 90 62.8 51.3 51.3
5537 0.2 30 0 0 5337 0.4 20 0 0 120 62.6 51.0 51.0
5537 0.2 30 0 0 5337 0.4 20 0 0 150 61.6 50.3 50.3
5537 0.2 30 0 0 5337 0.4 20 0 0 180 60.3 49.1 49.1
5537 0.2 30 0 0 5337 0.4 30 0 0 0 61.9 49.0 49.0
5537 0.2 30 0 0 5337 0.4 30 0 0 30 62.1 49.2 49.2
5537 0.2 30 0 0 5337 0.4 30 0 0 60 62.3 49.4 49.4
5537 0.2 30 0 0 5337 0.4 30 0 0 90 62.4 49.5 49.5
5537 0.2 30 0 0 5337 0.4 30 0 0 120 62.3 49.3 49.3
5537 0.2 30 0 0 5337 0.4 30 0 0 150 61.2 48.5 48.5
5537 0.2 30 0 0 5337 0.4 30 0 0 180 60.0 47.3 47.3
5537 0.2 30 0 0 5337 0.4 40 0 0 0 61.4 49.0 49.0
5537 0.2 30 0 0 5337 0.4 40 0 0 30 61.6 49.3 49.3
5537 0.2 30 0 0 5337 0.4 40 0 0 60 61.7 49.5 49.5
5537 0.2 30 0 0 5337 0.4 40 0 0 90 61.8 49.6 49.6
5537 0.2 30 0 0 5337 0.4 40 0 0 120 61.7 49.4 49.4
5537 0.2 30 0 0 5337 0.4 40 0 0 150 60.6 48.7 48.7
5537 0.2 30 0 0 5337 0.4 40 0 0 180 59.5 47.1 47.1
5537 0.2 30 0 0 5337 0.4 50 0 0 0 60.7 49.9 49.9
5537 0.2 30 0 0 5337 0.4 50 0 0 30 60.9 50.1 50.1
5537 0.2 30 0 0 5337 0.4 50 0 0 60 61.0 50.3 50.3
5537 0.2 30 0 0 5337 0.4 50 0 0 90 61.0 50.3 50.3
5537 0.2 30 0 0 5337 0.4 50 0 0 120 60.8 50.0 50.0
5537 0.2 30 0 0 5337 0.4 50 0 0 150 59.6 49.2 49.2
5537 0.2 30 0 0 5337 0.4 50 0 0 180 58.8 47.5 47.5
5537 0.2 30 0 0 5337 0.4 60 0 0 0 59.7 50.6 50.6
5537 0.2 30 0 0 5337 0.4 60 0 0 30 59.8 51.0 51.0
5537 0.2 30 0 0 5337 0.4 60 0 0 60 59.9 51.2 51.2
5537 0.2 30 0 0 5337 0.4 60 0 0 90 59.8 51.5 51.5
5537 0.2 30 0 0 5337 0.4 60 0 0 120 59.3 51.3 51.3
5537 0.2 30 0 0 5337 0.4 60 0 0 150 58.2 50.5 50.5
5537 0.2 30 0 0 5337 0.4 60 0 0 180 57.4 48.6 48.6
5537 0.2 30 0 0 5337 0.5 0 0 0 0 62.1 52.1 52.1
5537 0.2 30 0 0 5337 0.5 0 0 0 30 62.3 52.3 52.3
5537 0.2 30 0 0 5337 0.5 0 0 0 60 62.4 52.4 52.4
5537 0.2 30 0 0 5337 0.5 0 0 0 90 62.6 52.6 52.6
5537 0.2 30 0 0 5337 0.5 0 0 0 120 62.5 52.5 52.5
5537 0.2 30 0 0 5337 0.5 0 0 0 150 61.6 51.7 51.7
5537 0.2 30 0 0 5337 0.5 0 0 0 180 60.1 50.0 50.0
5537 0.2 30 0 0 5337 0.5 10 0 0 0 62.0 51.5 51.5
5537 0.2 30 0 0 5337 0.5 10 0 0 30 62.2 51.6 51.6
5537 0.2 30 0 0 5337 0.5 10 0 0 60 62.3 51.8 51.8
5537 0.2 30 0 0 5337 0.5 10 0 0 90 62.5 51.9 51.9
5537 0.2 30 0 0 5337 0.5 10 0 0 120 62.4 51.7 51.7
5537 0.2 30 0 0 5337 0.5 10 0 0 150 61.5 51.0 51.0
5537 0.2 30 0 0 5337 0.5 10 0 0 180 60.0 49.6 49.6
5537 0.2 30 0 0 5337 0.5 20 0 0 0 61.8 49.8 49.8
5537 0.2 30 0 0 5337 0.5 20 0 0 30 62.0 49.9 49.9
5537 0.2 30 0 0 5337 0.5 20 0 0 60 62.1 50.0 50.0
5537 0.2 30 0 0 5337 0.5 20 0 0 90 62.2 50.1 50.1
5537 0.2 30 0 0 5337 0.5 20 0 0 120 62.2 50.1 50.1
5537 0.2 30 0 0 5337 0.5 20 0 0 150 61.2 49.4 49.4
5537 0.2 30 0 0 5337 0.5 20 0 0 180 59.8 47.7 47.7
5537 0.2 30 0 0 5337 0.5 30 0 0 0 61.5 49.0 49.0
5537 0.2 30 0 0 5337 0.5 30 0 0 30 61.6 49.2 49.2
5537 0.2 30 0 0 5337 0.5 30 0 0 60 61.7 49.3 49.3
5537 0.2 30 0 0 5337 0.5 30 0 0 90 61.8 49.4 49.4
5537 0.2 30 0 0 5337 0.5 30 0 0 120 61.8 49.3 49.3
5537 0.2 30 0 0 5337 0.5 30 0 0 150 60.8 48.7 48.7
5537 0.2 30 0 0 5337 0.5 30 0 0 180 59.5 46.8 46.8
5537 0.2 30 0 0 5337 0.5 40 0 0 0 60.9 49.1 49.1
5537 0.2 30 0 0 5337 0.5 40 0 0 30 61.1 49.2 49.2
5537 0.2 30 0 0 5337 0.5 40 0 0 60 61.1 49.3 49.3
5537 0.2 30 0 0 5337 0.5 40 0 0 90 61.2 49.5 49.5
5537 0.2 30 0 0 5337 0.5 40 0 0 120 61.1 49.5 49.5
5537 0.2 30 0 0 5337 0.5 40 0 0 150 60.1 48.9 48.9
5537 0.2 30 0 0 5337 0.5 40 0 0 180 59.0 46.8 46.8
5537 0.2 30 0 0 5337 0.5 50 0 0 0 60.2 49.7 49.7
5537 0.2 30 0 0 5337 0.5 50 0 0 30 60.3 50.0 50.0
5537 0.2 30 0 0 5337 0.5 50 0 0 60 60.4 50.2 50.2
5537 0.2 30 0 0 5337 0.5 50 0 0 90 60.3 50.3 50.3
5537 0.2 30 0 0 5337 0.5 50 0 0 120 60.1 50.3 50.3
5537 0.2 30 0 0 5337 0.5 50 0 0 150 59.1 49.5 49.5
5537 0.2 30 0 0 5337 0.5 50 0 0 180 58.2 47.1 47.1
5537 0.2 30 0 0 5337 0.5 60 0 0 0 59.2 50.1 50.1
5537 0.2 30 0 0 5337 0.5 60 0 0 30 59.3 50.4 50.4
5537 0.2 30 0 0 5337 0.5 60 0 0 60 59.3 50.7 50.7
5537 0.2 30 0 0 5337 0.5 60 0 0 90 59.2 51.1 51.1
5537 0.2 30 0 0 5337 0.5 60 0 0 120 58.7 51.2 51.2
5537 0.2 30 0 0 5337 0.5 60 0 0 150 57.4 50.4 50.4
5537 0.2 30 0 0 5337 0.5 60 0 0 180 56.7 48.1 48.1
5537 0.2 30 0 0 5537 0.0 0 0 0 0 44.2 40.8 40.8
5537 0.2 30 0 0 5537 0.0 0 0 0 30 49.9 45.8 45.8
5537 0.2 30 0 0 5537 0.0 0 0 0 60 58.1 52.1 52.1
5537 0.2 30 0 0 5537 0.0 0 0 0 90 66.4 59.0 59.0
5537 0.2 30 0 0 5537 0.0 0 0 0 120 73.9 65.0 65.0
5537 0.2 30 0 0 5537 0.0 0 0 0 150 78.0 66.0 66.0
5537 0.2 30 0 0 5537 0.0 0 0 0 180 78.8 65.7 65.7
5537 0.2 30 0 0 5537 0.0 10 0 0 0 44.2 39.7 39.7
5537 0.2 30 0 0 5537 0.0 10 0 0 30 49.7 44.8 44.8
5537 0.2 30 0 0 5537 0.0 10 0 0 60 58.0 51.4 51.4
5537 0.2 30 0 0 5537 0.0 10 0 0 90 66.3 58.4 58.4
5537 0.2 30 0 0 5537 0.0 10 0 0 120 73.9 64.5 64.5
5537 0.2 30 0 0 5537 0.0 10 0 0 150 78.0 65.8 65.8
5537 0.2 30 0 0 5537 0.0 10 0 0 180 78.7 65.7 65.7
5537 0.2 30 0 0 5537 0.0 20 0 0 0 44.1 38.4 38.4
5537 0.2 30 0 0 5537 0.0 20 0 0 30 49.5 43.2 43.2
5537 0.2 30 0 0 5537 0.0 20 0 0 60 57.8 50.2 50.2
5537 0.2 30 0 0 5537 0.0 20 0 0 90 66.1 57.1 57.1
5537 0.2 30 0 0 5537 0.0 20 0 0 120 73.7 62.8 62.8
5537 0.2 30 0 0 5537 0.0 20 0 0 150 77.8 64.8 64.8
5537 0.2 30 0 0 5537 0.0 20 0 0 180 78.5 64.7 64.7
5537 0.2 30 0 0 5537 0.0 30 0 0 0 43.8 36.1 36.1
5537 0.2 30 0 0 5537 0.0 30 0 0 30 49.2 39.8 39.8
5537 0.2 30 0 0 5537 0.0 30 0 0 60 57.5 46.8 46.8
5537 0.2 30 0 0 5537 0.0 30 0 0 90 65.7 53.5 53.5
5537 0.2 30 0 0 5537 0.0 30 0 0 120 73.5 59.0 59.0
5537 0.2 30 0 0 5537 0.0 30 0 0 150 77.4 61.6 61.6
5537 0.2 30 0 0 5537 0.0 30 0 0 180 78.0 61.6 61.6
5537 0.2 30 0 0 5537 0.0 40 0 0 0 43.5 35.8 35.8
5537 0.2 30 0 0 5537 0.0 40 0 0 30 48.7 39.6 39.6
5537 0.2 30 0 0 5537 0.0 40 0 0 60 57.0 45.9 45.9
5537 0.2 30 0 0 5537 0.0 40 0 0 90 65.3 52.3 52.3
5537 0.2 30 0 0 5537 0.0 40 0 0 120 73.2 57.7 57.7
5537 0.2 30 0 0 5537 0.0 40 0 0 150 76.7 60.8 60.8
5537 0.2 30 0 0 5537 0.0 40 0 0 180 77.4 61.2 61.2
5537 0.2 30 0 0 5537 0.0 50 0 0 0 43.1 36.2 36.2
5537 0.2 30 0 0 5537 0.0 50 0 0 30 48.1 40.1 40.1
5537 0.2 30 0 0 5537 0.0 50 0 0 60 56.3 46.1 46.1
5537 0.2 30 0 0 5537 0.0 50 0 0 90 64.6 52.2 52.2
5537 0.2 30 0 0 5537 0.0 50 0 0 120 72.5 57.6 57.6
5537 0.2 30 0 0 5537 0.0 50 0 0 150 75.6 61.1 61.1
5537 0.2 30 0 0 5537 0.0 50 0 0 180 76.3 62.0 62.0
5537 0.2 30 0 0 5537 0.0 60 0 0 0 42.8 38.2 38.2
5537 0.2 30 0 0 5537 0.0 60 0 0 30 47.1 41.6 41.6
5537 0.2 30 0 0 5537 0.0 60 0 0 60 55.4 47.0 47.0
5537 0.2 30 0 0 5537 0.0 60 0 0 90 63.6 52.9 52.9
5537 0.2 30 0 0 5537 0.0 60 0 0 120 70.9 58.3 58.3
5537 0.2 30 0 0 5537 0.0 60 0 0 150 73.9 62.1 62.1
5537 0.2 30 0 0 5537 0.0 60 0 0 180 74.7 64.0 64.0
5537 0.2 30 0 0 5537 0.1 0 0 0 0 42.4 40.4 40.4
5537 0.2 30 0 0 5537 0.1 0 0 0 30 48.4 43.9 43.9
5537 0.2 30 0 0 5537 0.1 0 0 0 60 55.5 49.5 49.5
5537 0.2 30 0 0 5537 0.1 0 0 0 90 63.3 56.1 56.1
5537 0.2 30 0 0 5537 0.1 0 0 0 120 71.3 63.0 63.0
5537 0.2 30 0 0 5537 0.1 0 0 0 150 76.5 65.9 65.9
5537 0.2 30 0 0 5537 0.1 0 0 0 180 78.8 64.9 64.9
5537 0.2 30 0 0 5537 0.1 10 0 0 0 42.3 38.4 38.4
5537 0.2 30 0 0 5537 0.1 10 0 0 30 48.3 42.9 42.9
5537 0.2 30 0 0 5537 0.1 10 0 0 60 55.4 48.8 48.8
5537 0.2 30 0 0 5537 0.1 10 0 0 90 63.1 55.5 55.5
5537 0.2 30 0 0 5537 0.1 10 0 0 120 71.2 62.2 62.2
5537 0.2 30 0 0 5537 0.1 10 0 0 150 76.5 65.6 65.6
5537 0.2 30 0 0 5537 0.1 10 0 0 180 78.7 65.3 65.3
5537 0.2 30 0 0 5537 0.1 20 0 0 0 42.1 36.5 36.5
5537 0.2 30 0 0 5537 0.1 20 0 0 30 48.1 41.3 41.3
5537 0.2 30 0 0 5537 0.1 20 0 0 60 55.2 47.5 47.5
5537 0.2 30 0 0 5537 0.1 20 0 0 90 62.9 54.1 54.1
5537 0.2 30 0 0 5537 0.1 20 0 0 120 71.1 60.4 60.4
5537 0.2 30 0 0 5537 0.1 20 0 0 150 76.3 64.2 64.2
5537 0.2 30 0 0 5537 0.1 20 0 0 180 78.5 64.5 64.5
5537 0.2 30 0 0 5537 0.1 30 0 0 0 41.8 33.9 33.9
5537 0.2 30 0 0 5537 0.1 30 0 0 30 47.7 38.0 38.0
5537 0.2 30 0 0 5537 0.1 30 0 0 60 54.8 44.1 44.1
5537 0.2 30 0 0 5537 0.1 30 0 0 90 62.6 50.4 50.4
5537 0.2 30 0 0 5537 0.1 30 0 0 120 70.9 56.4 56.4
5537 0.2 30 0 0 5537 0.1 30 0 0 150 75.9 60.5 60.5
5537 0.2 30 0 0 5537 0.1 30 0 0 180 78.0 61.4 61.4
5537 0.2 30 0 0 5537 0.1 40 0 0 0 41.5 33.7 33.7
5537 0.2 30 0 0 5537 0.1 40 0 0 30 47.3 37.6 37.6
5537 0.2 30 0 0 5537 0.1 40 0 0 60 54.4 43.1 43.1
5537 0.2 30 0 0 5537 0.1 40 0 0 90 62.1 49.1 49.1
5537 0.2 30 0 0 5537 0.1 40 0 0 120 70.5 54.9 54.9
5537 0.2 30 0 0 5537 0.1 40 0 0 150 75.3 59.4 59.4
5537 0.2 30 0 0 5537 0.1 40 0 0 180 77.4 61.0 61.0
5537 0.2 30 0 0 5537 0.1 50 0 0 0 41.2 34.7 34.7
5537 0.2 30 0 0 5537 0.1 50 0 0 30 46.6 38.1 38.1
5537 0.2 30 0 0 5537 0.1 50 0 0 60 53.7 43.3 43.3
5537 0.2 30 0 0 5537 0.1 50 0 0 90 61.5 49.1 49.1
5537 0.2 30 0 0 5537 0.1 50 0 0 120 70.0 54.9 54.9
5537 0.2 30 0 0 5537 0.1 50 0 0 150 74.3 59.5 59.5
5537 0.2 30 0 0 5537 0.1 50 0 0 180 76.3 61.9 61.9
5537 0.2 30 0 0 5537 0.1 60 0 0 0 41.4 37.0 37.0
5537 0.2 30 0 0 5537 0.1 60 0 0 30 45.6 39.8 39.8
5537 0.2 30 0 0 5537 0.1 60 0 0 60 52.8 44.2 44.2
5537 0.2 30 0 0 5537 0.1 60 0 0 90 60.5 49.6 49.6
5537 0.2 30 0 0 5537 0.1 60 0 0 120 68.6 55.4 55.4
5537 0.2 30 0 0 5537 0.1 60 0 0 150 72.6 60.2 60.2
5537 0.2 30 0 0 5537 0.1 60 0 0 180 74.5 63.4 63.4
5537 0.2 30 0 0 5537 0.2 0 0 0 0 41.6 40.2 40.2
5537 0.2 30 0 0 5537 0.2 0 0 0 30 47.1 42.2 42.2
5537 0.2 30 0 0 5537 0.2 0 0 0 60 53.1 46.9 46.9
5537 0.2 30 0 0 5537 0.2 0 0 0 90 60.1 53.1 53.1
5537 0.2 30 0 0 5537 0.2 0 0 0 120 68.4 60.3 60.3
5537 0.2 30 0 0 5537 0.2 0 0 0 150 74.7 65.3 65.3
5537 0.2 30 0 0 5537 0.2 0 0 0 180 78.0 63.9 63.9
5537 0.2 30 0 0 5537 0.2 10 0 0 0 41.5 38.1 38.1
5537 0.2 30 0 0 5537 0.2 10 0 0 30 47.0 41.2 41.2
5537 0.2 30 0 0 5537 0.2 10 0 0 60 53.0 46.2 46.2
5537 0.2 30 0 0 5537 0.2 10 0 0 90 60.0 52.4 52.4
5537 0.2 30 0 0 5537 0.2 10 0 0 120 68.4 59.4 59.4
5537 0.2 30 0 0 5537 0.2 10 0 0 150 74.6 64.4 64.4
5537 0.2 30 0 0 5537 0.2 10 0 0 180 77.9 64.5 64.5
5537 0.2 30 0 0 5537 0.2 20 0 0 0 41.2 35.5 35.5
5537 0.2 30 0 0 5537 0.2 20 0 0 30 46.8 39.6 39.6
5537 0.2 30 0 0 5537 0.2 20 0 0 60 52.8 44.9 44.9
5537 0.2 30 0 0 5537 0.2 20 0 0 90 59.8 51.0 51.0
5537 0.2 30 0 0 5537 0.2 20 0 0 120 68.2 57.5 57.5
5537 0.2 30 0 0 5537 0.2 20 0 0 150 74.5 62.7 62.7
5537 0.2 30 0 0 5537 0.2 20 0 0 180 77.7 64.1 64.1
5537 0.2 30 0 0 5537 0.2 30 0 0 0 40.9 31.8 31.8
5537 0.2 30 0 0 5537 0.2 30 0 0 30 46.4 36.4 36.4
5537 0.2 30 0 0 5537 0.2 30 0 0 60 52.4 41.5 41.5
5537 0.2 30 0 0 5537 0.2 30 0 0 90 59.5 47.3 47.3
5537 0.2 30 0 0 5537 0.2 30 0 0 120 68.0 53.6 53.6
5537 0.2 30 0 0 5537 0.2 30 0 0 150 74.1 59.0 59.0
5537 0.2 30 0 0 5537 0.2 30 0 0 180 77.3 61.3 61.3
5537 0.2 30 0 0 5537 0.2 40 0 0 0 40.5 32.3 32.3
5537 0.2 30 0 0 5537 0.2 40 0 0 30 46.0 35.8 35.8
5537 0.2 30 0 0 5537 0.2 40 0 0 60 52.0 40.6 40.6
5537 0.2 30 0 0 5537 0.2 40 0 0 90 59.0 46.2 46.2
5537 0.2 30 0 0 5537 0.2 40 0 0 120 67.6 52.3 52.3
5537 0.2 30 0 0 5537 0.2 40 0 0 150 73.5 57.8 57.8
5537 0.2 30 0 0 5537 0.2 40 0 0 180 76.6 61.0 61.0
5537 0.2 30 0 0 5537 0.2 50 0 0 0 40.5 34.1 34.1
5537 0.2 30 0 0 5537 0.2 50 0 0 30 45.3 36.5 36.5
5537 0.2 30 0 0 5537 0.2 50 0 0 60 51.3 40.7 40.7
5537 0.2 30 0 0 5537 0.2 50 0 0 90 58.4 46.0 46.0
5537 0.2 30 0 0 5537 0.2 50 0 0 120 66.9 51.9 51.9
5537 0.2 30 0 0 5537 0.2 50 0 0 150 72.5 57.5 57.5
5537 0.2 30 0 0 5537 0.2 50 0 0 180 75.5 61.4 61.4
5537 0.2 30 0 0 5537 0.2 60 0 0 0 41.0 36.4 36.4
5537 0.2 30 0 0 5537 0.2 60 0 0 30 44.6 38.4 38.4
5537 0.2 30 0 0 5537 0.2 60 0 0 60 50.3 41.9 41.9
5537 0.2 30 0 0 5537 0.2 60 0 0 90 57.4 46.5 46.5
5537 0.2 30 0 0 5537 0.2 60 0 0 120 65.8 52.3 52.3
5537 0.2 30 0 0 5537 0.2 60 0 0 150 71.0 58.1 58.1
5537 0.2 30 0 0 5537 0.2 60 0 0 180 73.6 62.4 62.4
5537 0.2 30 0 0 5537 0.3 0 0 0 0 42.4 40.1 40.1
5537 0.2 30 0 0 5537 0.3 0 0 0 30 46.0 41.7 41.7
5537 0.2 30 0 0 5537 0.3 0 0 0 60 50.9 44.6 44.6
5537 0.2 30 0 0 5537 0.3 0 0 0 90 57.1 50.0 50.0
5537 0.2 30 0 0 5537 0.3 0 0 0 120 65.3 57.3 57.3
5537 0.2 30 0 0 5537 0.3 0 0 0 150 72.6 63.7 63.7
5537 0.2 30 0 0 5537 0.3 0 0 0 180 76.6 62.8 62.8
5537 0.2 30 0 0 5537 0.3 10 0 0 0 42.3 38.1 38.1
5537 0.2 30 0 0 5537 0.3 10 0 0 30 45.9 40.1 40.1
5537 0.2 30 0 0 5537 0.3 10 0 0 60 50.8 43.8 43.8
5537 0.2 30 0 0 5537 0.3 10 0 0 90 57.0 49.3 49.3
5537 0.2 30 0 0 5537 0.3 10 0 0 120 65.3 56.3 56.3
5537 0.2 30 0 0 5537 0.3 10 0 0 150 72.5 62.6 62.6
5537 0.2 30 0 0 5537 0.3 10 0 0 180 76.5 63.4 63.4
5537 0.2 30 0 0 5537 0.3 20 0 0 0 42.1 35.6 35.6
5537 0.2 30 0 0 5537 0.3 20 0 0 30 45.6 38.0 38.0
5537 0.2 30 0 0 5537 0.3 20 0 0 60 50.6 42.4 42.4
5537 0.2 30 0 0 5537 0.3 20 0 0 90 56.8 47.8 47.8
5537 0.2 30 0 0 5537 0.3 20 0 0 120 65.1 54.3 54.3
5537 0.2 30 0 0 5537 0.3 20 0 0 150 72.4 60.7 60.7
5537 0.2 30 0 0 5537 0.3 20 0 0 180 76.3 63.2 63.2
5537 0.2 30 0 0 5537 0.3 30 0 0 0 41.9 32.2 32.2
5537 0.2 30 0 0 5537 0.3 30 0 0 30 45.3 35.0 35.0
5537 0.2 30 0 0 5537 0.3 30 0 0 60 50.2 39.2 39.2
5537 0.2 30 0 0 5537 0.3 30 0 0 90 56.4 44.3 44.3
5537 0.2 30 0 0 5537 0.3 30 0 0 120 64.8 50.6 50.6
5537 0.2 30 0 0 5537 0.3 30 0 0 150 72.0 57.1 57.1
5537 0.2 30 0 0 5537 0.3 30 0 0 180 75.8 61.0 61.0
5537 0.2 30 0 0 5537 0.3 40 0 0 0 41.8 32.4 32.4
5537 0.2 30 0 0 5537 0.3 40 0 0 30 44.8 34.4 34.4
5537 0.2 30 0 0 5537 0.3 40 0 0 60 49.8 38.3 38.3
5537 0.2 30 0 0 5537 0.3 40 0 0 90 56.0 43.3 43.3
5537 0.2 30 0 0 5537 0.3 40 0 0 120 64.4 49.4 49.4
5537 0.2 30 0 0 5537 0.3 40 0 0 150 71.4 56.0 56.0
5537 0.2 30 0 0 5537 0.3 40 0 0 180 75.1 60.7 60.7
5537 0.2 30 0 0 5537 0.3 50 0 0 0 41.8 33.8 33.8
5537 0.2 30 0 0 5537 0.3 50 0 0 30 44.5 35.4 35.4
5537 0.2 30 0 0 5537 0.3 50 0 0 60 49.1 38.4 38.4
5537 0.2 30 0 0 5537 0.3 50 0 0 90 55.3 43.0 43.0
5537 0.2 30 0 0 5537 0.3 50 0 0 120 63.7 49.0 49.0
5537 0.2 30 0 0 5537 0.3 50 0 0 150 70.5 55.6 55.6
5537 0.2 30 0 0 5537 0.3 50 0 0 180 74.0 60.8 60.8
5537 0.2 30 0 0 5537 0.3 60 0 0 0 42.0 35.9 35.9
5537 0.2 30 0 0 5537 0.3 60 0 0 30 44.3 37.3 37.3
5537 0.2 30 0 0 5537 0.3 60 0 0 60 48.4 39.9 39.9
5537 0.2 30 0 0 5537 0.3 60 0 0 90 54.4 43.8 43.8
5537 0.2 30 0 0 5537 0.3 60 0 0 120 62.5 49.2 49.2
5537 0.2 30 0 0 5537 0.3 60 0 0 150 68.9 55.9 55.9
5537 0.2 30 0 0 5537 0.3 60 0 0 180 72.1 61.5 61.5
5537 0.2 30 0 0 5537 0.4 0 0 0 0 44.1 40.3 40.3
5537 0.2 30 0 0 5537 0.4 0 0 0 30 45.4 41.6 41.6
5537 0.2 30 0 0 5537 0.4 0 0 0 60 48.9 43.5 43.5
5537 0.2 30 0 0 5537 0.4 0 0 0 90 54.2 47.0 47.0
5537 0.2 30 0 0 5537 0.4 0 0 0 120 62.0 53.9 53.9
5537 0.2 30 0 0 5537 0.4 0 0 0 150 70.2 61.5 61.5
5537 0.2 30 0 0 5537 0.4 0 0 0 180 74.9 61.6 61.6
5537 0.2 30 0 0 5537 0.4 10 0 0 0 44.1 38.5 38.5
5537 0.2 30 0 0 5537 0.4 10 0 0 30 45.3 39.9 39.9
5537 0.2 30 0 0 5537 0.4 10 0 0 60 48.8 42.1 42.1
5537 0.2 30 0 0 5537 0.4 10 0 0 90 54.1 46.2 46.2
5537 0.2 30 0 0 5537 0.4 10 0 0 120 62.0 52.8 52.8
5537 0.2 30 0 0 5537 0.4 10 0 0 150 70.2 60.3 60.3
5537 0.2 30 0 0 5537 0.4 10 0 0 180 74.9 62.2 62.2
5537 0.2 30 0 0 5537 0.4 20 0 0 0 44.0 36.4 36.4
5537 0.2 30 0 0 5537 0.4 20 0 0 30 45.2 37.6 37.6
5537 0.2 30 0 0 5537 0.4 20 0 0 60 48.6 40.0 40.0
5537 0.2 30 0 0 5537 0.4 20 0 0 90 53.8 44.5 44.5
5537 0.2 30 0 0 5537 0.4 20 0 0 120 61.8 50.8 50.8
5537 0.2 30 0 0 5537 0.4 20 0 0 150 70.0 58.3 58.3
5537 0.2 30 0 0 5537 0.4 20 0 0 180 74.6 61.8 61.8
5537 0.2 30 0 0 5537 0.4 30 0 0 0 44.0 34.0 34.0
5537 0.2 30 0 0 5537 0.4 30 0 0 30 45.0 34.6 34.6
5537 0.2 30 0 0 5537 0.4 30 0 0 60 48.2 37.2 37.2
5537 0.2 30 0 0 5537 0.4 30 0 0 90 53.5 41.6 41.6
5537 0.2 30 0 0 5537 0.4 30 0 0 120 61.5 47.7 47.7
5537 0.2 30 0 0 5537 0.4 30 0 0 150 69.6 55.2 55.2
5537 0.2 30 0 0 5537 0.4 30 0 0 180 74.1 60.1 60.1
5537 0.2 30 0 0 5537 0.4 40 0 0 0 43.9 33.8 33.8
5537 0.2 30 0 0 5537 0.4 40 0 0 30 45.0 34.2 34.2
5537 0.2 30 0 0 5537 0.4 40 0 0 60 47.8 36.4 36.4
5537 0.2 30 0 0 5537 0.4 40 0 0 90 53.0 40.5 40.5
5537 0.2 30 0 0 5537 0.4 40 0 0 120 61.0 46.5 46.5
5537 0.2 30 0 0 5537 0.4 40 0 0 150 69.0 53.9 53.9
5537 0.2 30 0 0 5537 0.4 40 0 0 180 73.3 59.9 59.9
5537 0.2 30 0 0 5537 0.4 50 0 0 0 43.9 34.6 34.6
5537 0.2 30 0 0 5537 0.4 50 0 0 30 45.0 35.0 35.0
5537 0.2 30 0 0 5537 0.4 50 0 0 60 47.5 36.9 36.9
5537 0.2 30 0 0 5537 0.4 50 0 0 90 52.4 40.3 40.3
5537 0.2 30 0 0 5537 0.4 50 0 0 120 60.3 46.0 46.0
5537 0.2 30 0 0 5537 0.4 50 0 0 150 68.1 53.5 53.5
5537 0.2 30 0 0 5537 0.4 50 0 0 180 72.2 60.2 60.2
5537 0.2 30 0 0 5537 0.4 60 0 0 0 44.0 36.2 36.2
5537 0.2 30 0 0 5537 0.4 60 0 0 30 45.1 36.6 36.6
5537 0.2 30 0 0 5537 0.4 60 0 0 60 47.3 38.3 38.3
5537 0.2 30 0 0 5537 0.4 60 0 0 90 51.7 41.3 41.3
5537 0.2 30 0 0 5537 0.4 60 0 0 120 59.1 46.3 46.3
5537 0.2 30 0 0 5537 0.4 60 0 0 150 66.5 53.5 53.5
5537 0.2 30 0 0 5537 0.4 60 0 0 180 70.2 60.5 60.5
5537 0.2 30 0 0 5537 0.5 0 0 0 0 46.1 40.7 40.7
5537 0.2 30 0 0 5537 0.5 0 0 0 30 46.7 41.6 41.6
5537 0.2 30 0 0 5537 0.5 0 0 0 60 47.9 43.0 43.0
5537 0.2 30 0 0 5537 0.5 0 0 0 90 51.4 45.4 45.4
5537 0.2 30 0 0 5537 0.5 0 0 0 120 58.6 50.1 50.1
5537 0.2 30 0 0 5537 0.5 0 0 0 150 67.5 58.7 58.7
5537 0.2 30 0 0 5537 0.5 0 0 0 180 73.1 60.2 60.2
5537 0.2 30 0 0 5537 0.5 10 0 0 0 46.1 39.4 39.4
5537 0.2 30 0 0 5537 0.5 10 0 0 30 46.7 40.0 40.0
5537 0.2 30 0 0 5537 0.5 10 0 0 60 47.8 41.5 41.5
5537 0.2 30 0 0 5537 0.5 10 0 0 90 51.3 43.9 43.9
5537 0.2 30 0 0 5537 0.5 10 0 0 120 58.5 49.0 49.0
5537 0.2 30 0 0 5537 0.5 10 0 0 150 67.4 57.5 57.5
5537 0.2 30 0 0 5537 0.5 10 0 0 180 73.0 60.7 60.7
5537 0.2 30 0 0 5537 0.5 20 0 0 0 46.1 37.4 37.4
5537 0.2 30 0 0 5537 0.5 20 0 0 30 46.6 37.7 37.7
5537 0.2 30 0 0 5537 0.5 20 0 0 60 47.8 38.8 38.8
5537 0.2 30 0 0 5537 0.5 20 0 0 90 51.1 41.2 41.2
5537 0.2 30 0 0 5537 0.5 20 0 0 120 58.3 46.6 46.6
5537 0.2 30 0 0 5537 0.5 20 0 0 150 67.2 55.0 55.0
5537 0.2 30 0 0 5537 0.5 20 0 0 180 72.7 59.6 59.6
5537 0.2 30 0 0 5537 0.5 30 0 0 0 46.1 36.1 36.1
5537 0.2 30 0 0 5537 0.5 30 0 0 30 46.6 36.2 36.2
5537 0.2 30 0 0 5537 0.5 30 0 0 60 47.7 36.9 36.9
5537 0.2 30 0 0 5537 0.5 30 0 0 90 50.7 39.2 39.2
5537 0.2 30 0 0 5537 0.5 30 0 0 120 57.9 44.7 44.7
5537 0.2 30 0 0 5537 0.5 30 0 0 150 66.8 53.1 53.1
5537 0.2 30 0 0 5537 0.5 30 0 0 180 72.2 59.0 59.0
5537 0.2 30 0 0 5537 0.5 40 0 0 0 46.2 35.8 35.8
5537 0.2 30 0 0 5537 0.5 40 0 0 30 46.6 35.8 35.8
5537 0.2 30 0 0 5537 0.5 40 0 0 60 47.6 36.2 36.2
5537 0.2 30 0 0 5537 0.5 40 0 0 90 50.4 38.2 38.2
5537 0.2 30 0 0 5537 0.5 40 0 0 120 57.4 43.6 43.6
5537 0.2 30 0 0 5537 0.5 40 0 0 150 66.2 52.0 52.0
5537 0.2 30 0 0 5537 0.5 40 0 0 180 71.4 59.0 59.0
5537 0.2 30 0 0 5537 0.5 50 0 0 0 46.2 36.0 36.0
5537 0.2 30 0 0 5537 0.5 50 0 0 30 46.7 35.9 35.9
5537 0.2 30 0 0 5537 0.5 50 0 0 60 47.7 36.4 36.4
5537 0.2 30 0 0 5537 0.5 50 0 0 90 50.2 38.4 38.4
5537 0.2 30 0 0 5537 0.5 50 0 0 120 56.7 43.0 43.0
5537 0.2 30 0 0 5537 0.5 50 0 0 150 65.2 51.3 51.3
5537 0.2 30 0 0 5537 0.5 50 0 0 180 70.2 59.1 59.1
5537 0.2 30 0 0 5537 0.5 60 0 0 0 46.3 37.0 37.0
5537 0.2 30 0 0 5537 0.5 60 0 0 30 46.8 37.0 37.0
5537 0.2 30 0 0 5537 0.5 60 0 0 60 47.8 37.5 37.5
5537 0.2 30 0 0 5537 0.5 60 0 0 90 50.2 39.3 39.3
5537 0.2 30 0 0 5537 0.5 60 0 0 120 55.7 43.5 43.5
5537 0.2 30 0 0 5537 0.5 60 0 0 150 63.5 51.0 51.0
5537 0.2 30 0 0 5537 0.5 60 0 0 180 67.9 59.3 59.3
