4737 0 0 0 0 4737 0 0 0 0 0 49 43 43
4737 0 0 0 0 4737 0 0 0 0 30 51 45 45
4737 0 0 0 0 4737 0 0 0 0 60 56 49 49
4737 0 0 0 0 4737 0 0 0 0 90 64 55 55
4737 0 0 0 0 4737 0 0 0 0 120 69 59 59
4737 0 0 0 0 4737 0 0 0 0 150 73 62 62
4737 0 0 0 0 4737 0 0 0 0 180 74 63 63
4737 0 0 0 0 4737 0 10 0 0 0 49 43 43
4737 0 0 0 0 4737 0 10 0 0 30 51 45 45
4737 0 0 0 0 4737 0 10 0 0 60 56 49 49
4737 0 0 0 0 4737 0 10 0 0 90 64 54 54
4737 0 0 0 0 4737 0 10 0 0 120 69 58 58
4737 0 0 0 0 4737 0 10 0 0 150 73 61 61
4737 0 0 0 0 4737 0 10 0 0 180 74 63 63
4737 0 0 0 0 4737 0 20 0 0 0 49 43 43
4737 0 0 0 0 4737 0 20 0 0 30 50 45 45
4737 0 0 0 0 4737 0 20 0 0 60 56 48 48
4737 0 0 0 0 4737 0 20 0 0 90 63 52 52
4737 0 0 0 0 4737 0 20 0 0 120 69 56 56
4737 0 0 0 0 4737 0 20 0 0 150 73 59 59
4737 0 0 0 0 4737 0 20 0 0 180 74 61 61
4737 0 0 0 0 4737 0 30 0 0 0 48 43 43
4737 0 0 0 0 4737 0 30 0 0 30 50 45 45
4737 0 0 0 0 4737 0 30 0 0 60 56 47 47
4737 0 0 0 0 4737 0 30 0 0 90 63 49 49
4737 0 0 0 0 4737 0 30 0 0 120 68 52 52
4737 0 0 0 0 4737 0 30 0 0 150 72 55 55
4737 0 0 0 0 4737 0 30 0 0 180 74 58 58
4737 0 0 0 0 4737 0 40 0 0 0 48 43 43
4737 0 0 0 0 4737 0 40 0 0 30 50 45 45
4737 0 0 0 0 4737 0 40 0 0 60 55 47 47
4737 0 0 0 0 4737 0 40 0 0 90 63 49 49
4737 0 0 0 0 4737 0 40 0 0 120 68 52 52
4737 0 0 0 0 4737 0 40 0 0 150 72 54 54
4737 0 0 0 0 4737 0 40 0 0 180 73 57 57
4737 0 0 0 0 4737 0 50 0 0 0 47 44 44
4737 0 0 0 0 4737 0 50 0 0 30 49 45 45
4737 0 0 0 0 4737 0 50 0 0 60 54 47 47
4737 0 0 0 0 4737 0 50 0 0 90 62 49 49
4737 0 0 0 0 4737 0 50 0 0 120 67 52 52
4737 0 0 0 0 4737 0 50 0 0 150 70 54 54
4737 0 0 0 0 4737 0 50 0 0 180 72 57 57
4737 0 0 0 0 4737 0 60 0 0 0 47 45 45
4737 0 0 0 0 4737 0 60 0 0 30 48 46 46
4737 0 0 0 0 4737 0 60 0 0 60 53 48 48
4737 0 0 0 0 4737 0 60 0 0 90 61 50 50
4737 0 0 0 0 4737 0 60 0 0 120 65 52 52
4737 0 0 0 0 4737 0 60 0 0 150 68 55 55
4737 0 0 0 0 4737 0 60 0 0 180 69 58 58
4737 0 0 0 0 4737 0 0 0 0 0 47 41 41
4737 0 0 0 0 4737 0 0 0 0 30 48 42 42
4737 0 0 0 0 4737 0 0 0 0 60 54 46 46
4737 0 0 0 0 4737 0 0 0 0 90 61 52 52
4737 0 0 0 0 4737 0 0 0 0 120 67 57 57
4737 0 0 0 0 4737 0 0 0 0 150 71 61 61
4737 0 0 0 0 4737 0 0 0 0 180 73 63 63
4737 0 0 0 0 4737 0 10 0 0 0 47 41 41
4737 0 0 0 0 4737 0 10 0 0 30 48 42 42
4737 0 0 0 0 4737 0 10 0 0 60 54 46 46
4737 0 0 0 0 4737 0 10 0 0 90 61 51 51
4737 0 0 0 0 4737 0 10 0 0 120 66 56 56
4737 0 0 0 0 4737 0 10 0 0 150 71 60 60
4737 0 0 0 0 4737 0 10 0 0 180 73 62 62
4737 0 0 0 0 4737 0 20 0 0 0 46 41 41
4737 0 0 0 0 4737 0 20 0 0 30 48 42 42
4737 0 0 0 0 4737 0 20 0 0 60 53 45 45
4737 0 0 0 0 4737 0 20 0 0 90 60 49 49
4737 0 0 0 0 4737 0 20 0 0 120 66 54 54
4737 0 0 0 0 4737 0 20 0 0 150 71 57 57
4737 0 0 0 0 4737 0 20 0 0 180 73 60 60
4737 0 0 0 0 4737 0 30 0 0 0 46 41 41
4737 0 0 0 0 4737 0 30 0 0 30 48 42 42
4737 0 0 0 0 4737 0 30 0 0 60 53 44 44
4737 0 0 0 0 4737 0 30 0 0 90 60 46 46
4737 0 0 0 0 4737 0 30 0 0 120 66 50 50
4737 0 0 0 0 4737 0 30 0 0 150 71 54 54
4737 0 0 0 0 4737 0 30 0 0 180 72 57 57
4737 0 0 0 0 4737 0 40 0 0 0 46 41 41
4737 0 0 0 0 4737 0 40 0 0 30 47 43 43
4737 0 0 0 0 4737 0 40 0 0 60 52 45 45
4737 0 0 0 0 4737 0 40 0 0 90 60 46 46
4737 0 0 0 0 4737 0 40 0 0 120 65 49 49
4737 0 0 0 0 4737 0 40 0 0 150 70 53 53
4737 0 0 0 0 4737 0 40 0 0 180 71 56 56
4737 0 0 0 0 4737 0 50 0 0 0 45 42 42
4737 0 0 0 0 4737 0 50 0 0 30 47 43 43
4737 0 0 0 0 4737 0 50 0 0 60 51 45 45
4737 0 0 0 0 4737 0 50 0 0 90 59 47 47
4737 0 0 0 0 4737 0 50 0 0 120 64 49 49
4737 0 0 0 0 4737 0 50 0 0 150 69 53 53
4737 0 0 0 0 4737 0 50 0 0 180 70 56 56
4737 0 0 0 0 4737 0 60 0 0 0 44 44 44
4737 0 0 0 0 4737 0 60 0 0 30 46 45 45
4737 0 0 0 0 4737 0 60 0 0 60 50 46 46
4737 0 0 0 0 4737 0 60 0 0 90 58 47 47
4737 0 0 0 0 4737 0 60 0 0 120 63 50 50
4737 0 0 0 0 4737 0 60 0 0 150 67 53 53
4737 0 0 0 0 4737 0 60 0 0 180 68 56 56
4737 0 0 0 0 4737 0 0 0 0 0 45 39 39
4737 0 0 0 0 4737 0 0 0 0 30 46 40 40
4737 0 0 0 0 4737 0 0 0 0 60 51 44 44
4737 0 0 0 0 4737 0 0 0 0 90 58 49 49
4737 0 0 0 0 4737 0 0 0 0 120 64 54 54
4737 0 0 0 0 4737 0 0 0 0 150 70 59 59
4737 0 0 0 0 4737 0 0 0 0 180 71 61 61
4737 0 0 0 0 4737 0 10 0 0 0 45 39 39
4737 0 0 0 0 4737 0 10 0 0 30 46 40 40
4737 0 0 0 0 4737 0 10 0 0 60 51 43 43
4737 0 0 0 0 4737 0 10 0 0 90 58 48 48
4737 0 0 0 0 4737 0 10 0 0 120 64 53 53
4737 0 0 0 0 4737 0 10 0 0 150 69 58 58
4737 0 0 0 0 4737 0 10 0 0 180 71 61 61
4737 0 0 0 0 4737 0 20 0 0 0 44 39 39
4737 0 0 0 0 4737 0 20 0 0 30 46 40 40
4737 0 0 0 0 4737 0 20 0 0 60 51 43 43
4737 0 0 0 0 4737 0 20 0 0 90 58 46 46
4737 0 0 0 0 4737 0 20 0 0 120 64 51 51
4737 0 0 0 0 4737 0 20 0 0 150 69 55 55
4737 0 0 0 0 4737 0 20 0 0 180 71 59 59
4737 0 0 0 0 4737 0 30 0 0 0 44 39 39
4737 0 0 0 0 4737 0 30 0 0 30 46 40 40
4737 0 0 0 0 4737 0 30 0 0 60 50 42 42
4737 0 0 0 0 4737 0 30 0 0 90 57 44 44
4737 0 0 0 0 4737 0 30 0 0 120 63 48 48
4737 0 0 0 0 4737 0 30 0 0 150 69 52 52
4737 0 0 0 0 4737 0 30 0 0 180 70 56 56
4737 0 0 0 0 4737 0 40 0 0 0 44 40 40
4737 0 0 0 0 4737 0 40 0 0 30 45 41 41
4737 0 0 0 0 4737 0 40 0 0 60 50 42 42
4737 0 0 0 0 4737 0 40 0 0 90 57 44 44
4737 0 0 0 0 4737 0 40 0 0 120 63 47 47
4737 0 0 0 0 4737 0 40 0 0 150 68 51 51
4737 0 0 0 0 4737 0 40 0 0 180 70 55 55
4737 0 0 0 0 4737 0 50 0 0 0 43 41 41
4737 0 0 0 0 4737 0 50 0 0 30 44 41 41
4737 0 0 0 0 4737 0 50 0 0 60 49 43 43
4737 0 0 0 0 4737 0 50 0 0 90 56 44 44
4737 0 0 0 0 4737 0 50 0 0 120 62 47 47
4737 0 0 0 0 4737 0 50 0 0 150 67 51 51
4737 0 0 0 0 4737 0 50 0 0 180 68 55 55
4737 0 0 0 0 4737 0 60 0 0 0 42 43 43
4737 0 0 0 0 4737 0 60 0 0 30 43 43 43
4737 0 0 0 0 4737 0 60 0 0 60 48 44 44
4737 0 0 0 0 4737 0 60 0 0 90 55 45 45
4737 0 0 0 0 4737 0 60 0 0 120 60 47 47
4737 0 0 0 0 4737 0 60 0 0 150 65 51 51
4737 0 0 0 0 4737 0 60 0 0 180 66 55 55
4737 0 0 0 0 4737 0 0 0 0 0 43 36 36
4737 0 0 0 0 4737 0 0 0 0 30 44 38 38
4737 0 0 0 0 4737 0 0 0 0 60 49 42 42
4737 0 0 0 0 4737 0 0 0 0 90 55 46 46
4737 0 0 0 0 4737 0 0 0 0 120 61 51 51
4737 0 0 0 0 4737 0 0 0 0 150 67 57 57
4737 0 0 0 0 4737 0 0 0 0 180 69 60 60
4737 0 0 0 0 4737 0 10 0 0 0 43 36 36
4737 0 0 0 0 4737 0 10 0 0 30 44 38 38
4737 0 0 0 0 4737 0 10 0 0 60 49 41 41
4737 0 0 0 0 4737 0 10 0 0 90 55 45 45
4737 0 0 0 0 4737 0 10 0 0 120 61 50 50
4737 0 0 0 0 4737 0 10 0 0 150 67 56 56
4737 0 0 0 0 4737 0 10 0 0 180 69 59 59
4737 0 0 0 0 4737 0 20 0 0 0 42 37 37
4737 0 0 0 0 4737 0 20 0 0 30 44 38 38
4737 0 0 0 0 4737 0 20 0 0 60 49 40 40
4737 0 0 0 0 4737 0 20 0 0 90 55 43 43
4737 0 0 0 0 4737 0 20 0 0 120 61 48 48
4737 0 0 0 0 4737 0 20 0 0 150 67 53 53
4737 0 0 0 0 4737 0 20 0 0 180 69 58 58
4737 0 0 0 0 4737 0 30 0 0 0 42 37 37
4737 0 0 0 0 4737 0 30 0 0 30 44 38 38
4737 0 0 0 0 4737 0 30 0 0 60 48 39 39
4737 0 0 0 0 4737 0 30 0 0 90 54 41 41
4737 0 0 0 0 4737 0 30 0 0 120 60 45 45
4737 0 0 0 0 4737 0 30 0 0 150 67 50 50
4737 0 0 0 0 4737 0 30 0 0 180 69 55 55
4737 0 0 0 0 4737 0 40 0 0 0 41 39 39
4737 0 0 0 0 4737 0 40 0 0 30 43 39 39
4737 0 0 0 0 4737 0 40 0 0 60 48 40 40
4737 0 0 0 0 4737 0 40 0 0 90 54 41 41
4737 0 0 0 0 4737 0 40 0 0 120 60 45 45
4737 0 0 0 0 4737 0 40 0 0 150 66 49 49
4737 0 0 0 0 4737 0 40 0 0 180 68 54 54
4737 0 0 0 0 4737 0 50 0 0 0 41 40 40
4737 0 0 0 0 4737 0 50 0 0 30 42 40 40
4737 0 0 0 0 4737 0 50 0 0 60 47 41 41
4737 0 0 0 0 4737 0 50 0 0 90 53 42 42
4737 0 0 0 0 4737 0 50 0 0 120 59 45 45
4737 0 0 0 0 4737 0 50 0 0 150 65 49 49
4737 0 0 0 0 4737 0 50 0 0 180 66 54 54
4737 0 0 0 0 4737 0 60 0 0 0 41 42 42
4737 0 0 0 0 4737 0 60 0 0 30 42 42 42
4737 0 0 0 0 4737 0 60 0 0 60 46 42 42
4737 0 0 0 0 4737 0 60 0 0 90 52 43 43
4737 0 0 0 0 4737 0 60 0 0 120 57 45 45
4737 0 0 0 0 4737 0 60 0 0 150 63 49 49
4737 0 0 0 0 4737 0 60 0 0 180 64 54 54
4737 0 0 0 0 4737 0 0 0 0 0 41 34 34
4737 0 0 0 0 4737 0 0 0 0 30 43 36 36
4737 0 0 0 0 4737 0 0 0 0 60 47 39 39
4737 0 0 0 0 4737 0 0 0 0 90 52 43 43
4737 0 0 0 0 4737 0 0 0 0 120 58 48 48
4737 0 0 0 0 4737 0 0 0 0 150 65 54 54
4737 0 0 0 0 4737 0 0 0 0 180 68 58 58
4737 0 0 0 0 4737 0 10 0 0 0 41 34 34
4737 0 0 0 0 4737 0 10 0 0 30 43 36 36
4737 0 0 0 0 4737 0 10 0 0 60 47 39 39
4737 0 0 0 0 4737 0 10 0 0 90 52 42 42
4737 0 0 0 0 4737 0 10 0 0 120 58 47 47
4737 0 0 0 0 4737 0 10 0 0 150 65 53 53
4737 0 0 0 0 4737 0 10 0 0 180 67 57 57
4737 0 0 0 0 4737 0 20 0 0 0 40 35 35
4737 0 0 0 0 4737 0 20 0 0 30 43 36 36
4737 0 0 0 0 4737 0 20 0 0 60 47 37 37
4737 0 0 0 0 4737 0 20 0 0 90 52 40 40
4737 0 0 0 0 4737 0 20 0 0 120 58 44 44
4737 0 0 0 0 4737 0 20 0 0 150 65 50 50
4737 0 0 0 0 4737 0 20 0 0 180 67 55 55
4737 0 0 0 0 4737 0 30 0 0 0 40 37 37
4737 0 0 0 0 4737 0 30 0 0 30 42 36 36
4737 0 0 0 0 4737 0 30 0 0 60 46 37 37
4737 0 0 0 0 4737 0 30 0 0 90 51 39 39
4737 0 0 0 0 4737 0 30 0 0 120 57 43 43
4737 0 0 0 0 4737 0 30 0 0 150 64 48 48
4737 0 0 0 0 4737 0 30 0 0 180 67 54 54
4737 0 0 0 0 4737 0 40 0 0 0 40 38 38
4737 0 0 0 0 4737 0 40 0 0 30 42 37 37
4737 0 0 0 0 4737 0 40 0 0 60 46 38 38
4737 0 0 0 0 4737 0 40 0 0 90 51 39 39
4737 0 0 0 0 4737 0 40 0 0 120 57 42 42
4737 0 0 0 0 4737 0 40 0 0 150 63 48 48
4737 0 0 0 0 4737 0 40 0 0 180 66 54 54
4737 0 0 0 0 4737 0 50 0 0 0 40 39 39
4737 0 0 0 0 4737 0 50 0 0 30 41 39 39
4737 0 0 0 0 4737 0 50 0 0 60 45 39 39
4737 0 0 0 0 4737 0 50 0 0 90 50 40 40
4737 0 0 0 0 4737 0 50 0 0 120 56 42 42
4737 0 0 0 0 4737 0 50 0 0 150 62 47 47
4737 0 0 0 0 4737 0 50 0 0 180 64 53 53
4737 0 0 0 0 4737 0 60 0 0 0 40 41 41
4737 0 0 0 0 4737 0 60 0 0 30 41 40 40
4737 0 0 0 0 4737 0 60 0 0 60 44 41 41
4737 0 0 0 0 4737 0 60 0 0 90 49 41 41
4737 0 0 0 0 4737 0 60 0 0 120 54 43 43
4737 0 0 0 0 4737 0 60 0 0 150 60 47 47
4737 0 0 0 0 4737 0 60 0 0 180 62 53 53
4737 0 0 0 0 4737 0 0 0 0 0 40 32 32
4737 0 0 0 0 4737 0 0 0 0 30 42 34 34
4737 0 0 0 0 4737 0 0 0 0 60 45 37 37
4737 0 0 0 0 4737 0 0 0 0 90 49 40 40
4737 0 0 0 0 4737 0 0 0 0 120 55 44 44
4737 0 0 0 0 4737 0 0 0 0 150 62 51 51
4737 0 0 0 0 4737 0 0 0 0 180 66 55 55
4737 0 0 0 0 4737 0 10 0 0 0 40 33 33
4737 0 0 0 0 4737 0 10 0 0 30 42 34 34
4737 0 0 0 0 4737 0 10 0 0 60 45 36 36
4737 0 0 0 0 4737 0 10 0 0 90 49 39 39
4737 0 0 0 0 4737 0 10 0 0 120 55 43 43
4737 0 0 0 0 4737 0 10 0 0 150 62 50 50
4737 0 0 0 0 4737 0 10 0 0 180 65 54 54
4737 0 0 0 0 4737 0 20 0 0 0 39 34 34
4737 0 0 0 0 4737 0 20 0 0 30 42 34 34
4737 0 0 0 0 4737 0 20 0 0 60 45 35 35
4737 0 0 0 0 4737 0 20 0 0 90 49 38 38
4737 0 0 0 0 4737 0 20 0 0 120 54 42 42
4737 0 0 0 0 4737 0 20 0 0 150 62 48 48
4737 0 0 0 0 4737 0 20 0 0 180 65 54 54
4737 0 0 0 0 4737 0 30 0 0 0 39 36 36
4737 0 0 0 0 4737 0 30 0 0 30 41 35 35
4737 0 0 0 0 4737 0 30 0 0 60 44 35 35
4737 0 0 0 0 4737 0 30 0 0 90 49 37 37
4737 0 0 0 0 4737 0 30 0 0 120 54 41 41
4737 0 0 0 0 4737 0 30 0 0 150 61 47 47
4737 0 0 0 0 4737 0 30 0 0 180 64 53 53
4737 0 0 0 0 4737 0 40 0 0 0 39 37 37
4737 0 0 0 0 4737 0 40 0 0 30 41 37 37
4737 0 0 0 0 4737 0 40 0 0 60 44 37 37
4737 0 0 0 0 4737 0 40 0 0 90 48 37 37
4737 0 0 0 0 4737 0 40 0 0 120 53 40 40
4737 0 0 0 0 4737 0 40 0 0 150 61 46 46
4737 0 0 0 0 4737 0 40 0 0 180 64 53 53
4737 0 0 0 0 4737 0 50 0 0 0 39 39 39
4737 0 0 0 0 4737 0 50 0 0 30 41 38 38
4737 0 0 0 0 4737 0 50 0 0 60 43 38 38
4737 0 0 0 0 4737 0 50 0 0 90 47 38 38
4737 0 0 0 0 4737 0 50 0 0 120 52 40 40
4737 0 0 0 0 4737 0 50 0 0 150 59 45 45
4737 0 0 0 0 4737 0 50 0 0 180 62 52 52
4737 0 0 0 0 4737 0 60 0 0 0 40 40 40
4737 0 0 0 0 4737 0 60 0 0 30 41 39 39
4737 0 0 0 0 4737 0 60 0 0 60 43 39 39
4737 0 0 0 0 4737 0 60 0 0 90 47 39 39
4737 0 0 0 0 4737 0 60 0 0 120 51 41 41
4737 0 0 0 0 4737 0 60 0 0 150 57 45 45
4737 0 0 0 0 4737 0 60 0 0 180 59 52 52
