4737 0 60 60 0 0 4737 0 0 0 0 0 50 53
4737 0 60 60 0 0 4737 0 0 0 0 90 46 50
4737 0 60 60 0 0 4737 0 0 0 0 180 67 65
4737 0 60 60 0 0 4737 0 0 0 20 0 44 51
4737 0 60 60 0 0 4737 0 0 0 20 90 51 53
4737 0 60 60 0 0 4737 0 0 0 20 180 69 68
4737 0 60 60 0 0 4737 0 0 0 40 0 41 50
4737 0 60 60 0 0 4737 0 0 0 40 90 57 56
4737 0 60 60 0 0 4737 0 0 0 40 180 70 69
4737 0 60 60 0 0 4737 0 0 0 60 0 41 49
4737 0 60 60 0 0 4737 0 0 0 60 90 62 60
4737 0 60 60 0 0 4737 0 0 0 60 180 70 68
4737 0 60 60 0 0 4737 0 0 60 0 0 41 49
4737 0 60 60 0 0 4737 0 0 60 0 90 62 60
4737 0 60 60 0 0 4737 0 0 60 0 180 70 68
4737 0 60 60 0 0 4737 0 0 60 20 0 44 49
4737 0 60 60 0 0 4737 0 0 60 20 90 66 64
4737 0 60 60 0 0 4737 0 0 60 20 180 70 66
4737 0 60 60 0 0 4737 0 0 60 40 0 49 51
4737 0 60 60 0 0 4737 0 0 60 40 90 68 67
4737 0 60 60 0 0 4737 0 0 60 40 180 69 64
4737 0 60 60 0 0 4737 0 0 60 60 0 54 54
4737 0 60 60 0 0 4737 0 0 60 60 90 70 69
4737 0 60 60 0 0 4737 0 0 60 60 180 65 61
4737 0 60 60 0 0 4737 0 0 120 0 0 54 54
4737 0 60 60 0 0 4737 0 0 120 0 90 70 69
4737 0 60 60 0 0 4737 0 0 120 0 180 65 61
4737 0 60 60 0 0 4737 0 0 120 20 0 60 58
4737 0 60 60 0 0 4737 0 0 120 20 90 70 69
4737 0 60 60 0 0 4737 0 0 120 20 180 61 58
4737 0 60 60 0 0 4737 0 0 120 40 0 64 62
4737 0 60 60 0 0 4737 0 0 120 40 90 70 67
4737 0 60 60 0 0 4737 0 0 120 40 180 55 55
4737 0 60 60 0 0 4737 0 0 120 60 0 67 65
4737 0 60 60 0 0 4737 0 0 120 60 90 70 65
4737 0 60 60 0 0 4737 0 0 120 60 180 50 53
4737 0 60 60 0 0 4737 0 30 0 0 0 49 48
4737 0 60 60 0 0 4737 0 30 0 0 90 45 42
4737 0 60 60 0 0 4737 0 30 0 0 180 67 62
4737 0 60 60 0 0 4737 0 30 0 20 0 44 47
4737 0 60 60 0 0 4737 0 30 0 20 90 50 45
4737 0 60 60 0 0 4737 0 30 0 20 180 68 64
4737 0 60 60 0 0 4737 0 30 0 40 0 41 46
4737 0 60 60 0 0 4737 0 30 0 40 90 56 49
4737 0 60 60 0 0 4737 0 30 0 40 180 69 66
4737 0 60 60 0 0 4737 0 30 0 60 0 41 46
4737 0 60 60 0 0 4737 0 30 0 60 90 61 53
4737 0 60 60 0 0 4737 0 30 0 60 180 69 65
4737 0 60 60 0 0 4737 0 30 60 0 0 40 40
4737 0 60 60 0 0 4737 0 30 60 0 90 61 55
4737 0 60 60 0 0 4737 0 30 60 0 180 69 66
4737 0 60 60 0 0 4737 0 30 60 20 0 43 41
4737 0 60 60 0 0 4737 0 30 60 20 90 65 58
4737 0 60 60 0 0 4737 0 30 60 20 180 69 66
4737 0 60 60 0 0 4737 0 30 60 40 0 48 44
4737 0 60 60 0 0 4737 0 30 60 40 90 67 61
4737 0 60 60 0 0 4737 0 30 60 40 180 68 65
4737 0 60 60 0 0 4737 0 30 60 60 0 53 47
4737 0 60 60 0 0 4737 0 30 60 60 90 68 63
4737 0 60 60 0 0 4737 0 30 60 60 180 65 63
4737 0 60 60 0 0 4737 0 30 120 0 0 53 48
4737 0 60 60 0 0 4737 0 30 120 0 90 69 66
4737 0 60 60 0 0 4737 0 30 120 0 180 65 59
4737 0 60 60 0 0 4737 0 30 120 20 0 59 52
4737 0 60 60 0 0 4737 0 30 120 20 90 69 66
4737 0 60 60 0 0 4737 0 30 120 20 180 60 58
4737 0 60 60 0 0 4737 0 30 120 40 0 63 55
4737 0 60 60 0 0 4737 0 30 120 40 90 69 66
4737 0 60 60 0 0 4737 0 30 120 40 180 55 56
4737 0 60 60 0 0 4737 0 30 120 60 0 66 58
4737 0 60 60 0 0 4737 0 30 120 60 90 69 65
4737 0 60 60 0 0 4737 0 30 120 60 180 49 55
4737 0 60 60 0 0 4737 0 60 0 0 0 48 49
4737 0 60 60 0 0 4737 0 60 0 0 90 42 43
4737 0 60 60 0 0 4737 0 60 0 0 180 63 64
4737 0 60 60 0 0 4737 0 60 0 20 0 43 49
4737 0 60 60 0 0 4737 0 60 0 20 90 48 46
4737 0 60 60 0 0 4737 0 60 0 20 180 64 66
4737 0 60 60 0 0 4737 0 60 0 40 0 40 48
4737 0 60 60 0 0 4737 0 60 0 40 90 52 49
4737 0 60 60 0 0 4737 0 60 0 40 180 64 67
4737 0 60 60 0 0 4737 0 60 0 60 0 40 48
4737 0 60 60 0 0 4737 0 60 0 60 90 56 52
4737 0 60 60 0 0 4737 0 60 0 60 180 64 67
4737 0 60 60 0 0 4737 0 60 60 0 0 37 39
4737 0 60 60 0 0 4737 0 60 60 0 90 58 57
4737 0 60 60 0 0 4737 0 60 60 0 180 65 69
4737 0 60 60 0 0 4737 0 60 60 20 0 40 41
4737 0 60 60 0 0 4737 0 60 60 20 90 61 59
4737 0 60 60 0 0 4737 0 60 60 20 180 65 69
4737 0 60 60 0 0 4737 0 60 60 40 0 45 45
4737 0 60 60 0 0 4737 0 60 60 40 90 62 61
4737 0 60 60 0 0 4737 0 60 60 40 180 64 69
4737 0 60 60 0 0 4737 0 60 60 60 0 50 48
4737 0 60 60 0 0 4737 0 60 60 60 90 63 62
4737 0 60 60 0 0 4737 0 60 60 60 180 61 68
4737 0 60 60 0 0 4737 0 60 120 0 0 51 50
4737 0 60 60 0 0 4737 0 60 120 0 90 65 68
4737 0 60 60 0 0 4737 0 60 120 0 180 63 63
4737 0 60 60 0 0 4737 0 60 120 20 0 55 52
4737 0 60 60 0 0 4737 0 60 120 20 90 65 69
4737 0 60 60 0 0 4737 0 60 120 20 180 59 62
4737 0 60 60 0 0 4737 0 60 120 40 0 58 55
4737 0 60 60 0 0 4737 0 60 120 40 90 64 69
4737 0 60 60 0 0 4737 0 60 120 40 180 53 61
4737 0 60 60 0 0 4737 0 60 120 60 0 61 57
4737 0 60 60 0 0 4737 0 60 120 60 90 63 68
4737 0 60 60 0 0 4737 0 60 120 60 180 48 60
4737 0 60 60 0 0 4737 0 0 0 0 0 50 52
4737 0 60 60 0 0 4737 0 0 0 0 90 41 49
4737 0 60 60 0 0 4737 0 0 0 0 180 65 66
4737 0 60 60 0 0 4737 0 0 0 20 0 44 49
4737 0 60 60 0 0 4737 0 0 0 20 90 45 50
4737 0 60 60 0 0 4737 0 0 0 20 180 67 68
4737 0 60 60 0 0 4737 0 0 0 40 0 41 48
4737 0 60 60 0 0 4737 0 0 0 40 90 51 52
4737 0 60 60 0 0 4737 0 0 0 40 180 69 69
4737 0 60 60 0 0 4737 0 0 0 60 0 40 47
4737 0 60 60 0 0 4737 0 0 0 60 90 56 55
4737 0 60 60 0 0 4737 0 0 0 60 180 70 67
4737 0 60 60 0 0 4737 0 0 60 0 0 40 47
4737 0 60 60 0 0 4737 0 0 60 0 90 56 55
4737 0 60 60 0 0 4737 0 0 60 0 180 70 67
4737 0 60 60 0 0 4737 0 0 60 20 0 44 49
4737 0 60 60 0 0 4737 0 0 60 20 90 61 58
4737 0 60 60 0 0 4737 0 0 60 20 180 70 65
4737 0 60 60 0 0 4737 0 0 60 40 0 49 51
4737 0 60 60 0 0 4737 0 0 60 40 90 66 61
4737 0 60 60 0 0 4737 0 0 60 40 180 68 63
4737 0 60 60 0 0 4737 0 0 60 60 0 54 54
4737 0 60 60 0 0 4737 0 0 60 60 90 68 64
4737 0 60 60 0 0 4737 0 0 60 60 180 64 60
4737 0 60 60 0 0 4737 0 0 120 0 0 54 54
4737 0 60 60 0 0 4737 0 0 120 0 90 68 64
4737 0 60 60 0 0 4737 0 0 120 0 180 64 60
4737 0 60 60 0 0 4737 0 0 120 20 0 60 57
4737 0 60 60 0 0 4737 0 0 120 20 90 70 67
4737 0 60 60 0 0 4737 0 0 120 20 180 60 58
4737 0 60 60 0 0 4737 0 0 120 40 0 65 61
4737 0 60 60 0 0 4737 0 0 120 40 90 70 69
4737 0 60 60 0 0 4737 0 0 120 40 180 55 56
4737 0 60 60 0 0 4737 0 0 120 60 0 68 64
4737 0 60 60 0 0 4737 0 0 120 60 90 70 69
4737 0 60 60 0 0 4737 0 0 120 60 180 50 54
4737 0 60 60 0 0 4737 0 30 0 0 0 49 47
4737 0 60 60 0 0 4737 0 30 0 0 90 40 40
4737 0 60 60 0 0 4737 0 30 0 0 180 65 61
4737 0 60 60 0 0 4737 0 30 0 20 0 44 46
4737 0 60 60 0 0 4737 0 30 0 20 90 44 41
4737 0 60 60 0 0 4737 0 30 0 20 180 67 63
4737 0 60 60 0 0 4737 0 30 0 40 0 40 45
4737 0 60 60 0 0 4737 0 30 0 40 90 50 43
4737 0 60 60 0 0 4737 0 30 0 40 180 68 65
4737 0 60 60 0 0 4737 0 30 0 60 0 40 44
4737 0 60 60 0 0 4737 0 30 0 60 90 55 47
4737 0 60 60 0 0 4737 0 30 0 60 180 69 65
4737 0 60 60 0 0 4737 0 30 60 0 0 39 40
4737 0 60 60 0 0 4737 0 30 60 0 90 55 52
4737 0 60 60 0 0 4737 0 30 60 0 180 69 70
4737 0 60 60 0 0 4737 0 30 60 20 0 42 42
4737 0 60 60 0 0 4737 0 30 60 20 90 60 55
4737 0 60 60 0 0 4737 0 30 60 20 180 69 69
4737 0 60 60 0 0 4737 0 30 60 40 0 48 45
4737 0 60 60 0 0 4737 0 30 60 40 90 64 58
4737 0 60 60 0 0 4737 0 30 60 40 180 67 68
4737 0 60 60 0 0 4737 0 30 60 60 0 53 49
4737 0 60 60 0 0 4737 0 30 60 60 90 67 61
4737 0 60 60 0 0 4737 0 30 60 60 180 63 66
4737 0 60 60 0 0 4737 0 30 120 0 0 53 51
4737 0 60 60 0 0 4737 0 30 120 0 90 68 65
4737 0 60 60 0 0 4737 0 30 120 0 180 64 62
4737 0 60 60 0 0 4737 0 30 120 20 0 59 54
4737 0 60 60 0 0 4737 0 30 120 20 90 69 67
4737 0 60 60 0 0 4737 0 30 120 20 180 60 60
4737 0 60 60 0 0 4737 0 30 120 40 0 64 58
4737 0 60 60 0 0 4737 0 30 120 40 90 69 69
4737 0 60 60 0 0 4737 0 30 120 40 180 55 59
4737 0 60 60 0 0 4737 0 30 120 60 0 67 61
4737 0 60 60 0 0 4737 0 30 120 60 90 69 69
4737 0 60 60 0 0 4737 0 30 120 60 180 49 58
4737 0 60 60 0 0 4737 0 60 0 0 0 48 50
4737 0 60 60 0 0 4737 0 60 0 0 90 37 38
4737 0 60 60 0 0 4737 0 60 0 0 180 61 62
4737 0 60 60 0 0 4737 0 60 0 20 0 43 49
4737 0 60 60 0 0 4737 0 60 0 20 90 41 40
4737 0 60 60 0 0 4737 0 60 0 20 180 62 64
4737 0 60 60 0 0 4737 0 60 0 40 0 40 48
4737 0 60 60 0 0 4737 0 60 0 40 90 47 43
4737 0 60 60 0 0 4737 0 60 0 40 180 63 65
4737 0 60 60 0 0 4737 0 60 0 60 0 40 48
4737 0 60 60 0 0 4737 0 60 0 60 90 52 47
4737 0 60 60 0 0 4737 0 60 0 60 180 63 66
4737 0 60 60 0 0 4737 0 60 60 0 0 34 39
4737 0 60 60 0 0 4737 0 60 60 0 90 52 55
4737 0 60 60 0 0 4737 0 60 60 0 180 64 76
4737 0 60 60 0 0 4737 0 60 60 20 0 39 43
4737 0 60 60 0 0 4737 0 60 60 20 90 56 58
4737 0 60 60 0 0 4737 0 60 60 20 180 64 76
4737 0 60 60 0 0 4737 0 60 60 40 0 44 48
4737 0 60 60 0 0 4737 0 60 60 40 90 59 60
4737 0 60 60 0 0 4737 0 60 60 40 180 62 75
4737 0 60 60 0 0 4737 0 60 60 60 0 50 52
4737 0 60 60 0 0 4737 0 60 60 60 90 61 62
4737 0 60 60 0 0 4737 0 60 60 60 180 60 74
4737 0 60 60 0 0 4737 0 60 120 0 0 50 55
4737 0 60 60 0 0 4737 0 60 120 0 90 64 70
4737 0 60 60 0 0 4737 0 60 120 0 180 61 67
4737 0 60 60 0 0 4737 0 60 120 20 0 55 57
4737 0 60 60 0 0 4737 0 60 120 20 90 64 73
4737 0 60 60 0 0 4737 0 60 120 20 180 58 67
4737 0 60 60 0 0 4737 0 60 120 40 0 58 60
4737 0 60 60 0 0 4737 0 60 120 40 90 64 74
4737 0 60 60 0 0 4737 0 60 120 40 180 53 66
4737 0 60 60 0 0 4737 0 60 120 60 0 61 62
4737 0 60 60 0 0 4737 0 60 120 60 90 63 75
4737 0 60 60 0 0 4737 0 60 120 60 180 47 66
4737 0 60 60 0 0 4737 0 0 0 0 0 49 51
4737 0 60 60 0 0 4737 0 0 0 0 90 42 48
4737 0 60 60 0 0 4737 0 0 0 0 180 63 65
4737 0 60 60 0 0 4737 0 0 0 20 0 44 49
4737 0 60 60 0 0 4737 0 0 0 20 90 43 48
4737 0 60 60 0 0 4737 0 0 0 20 180 66 66
4737 0 60 60 0 0 4737 0 0 0 40 0 41 47
4737 0 60 60 0 0 4737 0 0 0 40 90 46 49
4737 0 60 60 0 0 4737 0 0 0 40 180 68 66
4737 0 60 60 0 0 4737 0 0 0 60 0 42 47
4737 0 60 60 0 0 4737 0 0 0 60 90 51 51
4737 0 60 60 0 0 4737 0 0 0 60 180 69 65
4737 0 60 60 0 0 4737 0 0 60 0 0 42 47
4737 0 60 60 0 0 4737 0 0 60 0 90 51 51
4737 0 60 60 0 0 4737 0 0 60 0 180 69 65
4737 0 60 60 0 0 4737 0 0 60 20 0 45 48
4737 0 60 60 0 0 4737 0 0 60 20 90 55 53
4737 0 60 60 0 0 4737 0 0 60 20 180 68 64
4737 0 60 60 0 0 4737 0 0 60 40 0 49 50
4737 0 60 60 0 0 4737 0 0 60 40 90 60 56
4737 0 60 60 0 0 4737 0 0 60 40 180 66 62
4737 0 60 60 0 0 4737 0 0 60 60 0 54 52
4737 0 60 60 0 0 4737 0 0 60 60 90 64 59
4737 0 60 60 0 0 4737 0 0 60 60 180 62 61
4737 0 60 60 0 0 4737 0 0 120 0 0 54 52
4737 0 60 60 0 0 4737 0 0 120 0 90 64 59
4737 0 60 60 0 0 4737 0 0 120 0 180 62 61
4737 0 60 60 0 0 4737 0 0 120 20 0 60 55
4737 0 60 60 0 0 4737 0 0 120 20 90 68 62
4737 0 60 60 0 0 4737 0 0 120 20 180 59 59
4737 0 60 60 0 0 4737 0 0 120 40 0 65 59
4737 0 60 60 0 0 4737 0 0 120 40 90 70 65
4737 0 60 60 0 0 4737 0 0 120 40 180 55 58
4737 0 60 60 0 0 4737 0 0 120 60 0 68 63
4737 0 60 60 0 0 4737 0 0 120 60 90 70 67
4737 0 60 60 0 0 4737 0 0 120 60 180 51 56
4737 0 60 60 0 0 4737 0 30 0 0 0 49 47
4737 0 60 60 0 0 4737 0 30 0 0 90 42 41
4737 0 60 60 0 0 4737 0 30 0 0 180 63 61
4737 0 60 60 0 0 4737 0 30 0 20 0 44 45
4737 0 60 60 0 0 4737 0 30 0 20 90 42 40
4737 0 60 60 0 0 4737 0 30 0 20 180 65 62
4737 0 60 60 0 0 4737 0 30 0 40 0 41 44
4737 0 60 60 0 0 4737 0 30 0 40 90 45 42
4737 0 60 60 0 0 4737 0 30 0 40 180 67 64
4737 0 60 60 0 0 4737 0 30 0 60 0 42 43
4737 0 60 60 0 0 4737 0 30 0 60 90 50 44
4737 0 60 60 0 0 4737 0 30 0 60 180 68 65
4737 0 60 60 0 0 4737 0 30 60 0 0 41 44
4737 0 60 60 0 0 4737 0 30 60 0 90 49 50
4737 0 60 60 0 0 4737 0 30 60 0 180 68 71
4737 0 60 60 0 0 4737 0 30 60 20 0 43 45
4737 0 60 60 0 0 4737 0 30 60 20 90 54 52
4737 0 60 60 0 0 4737 0 30 60 20 180 67 70
4737 0 60 60 0 0 4737 0 30 60 40 0 47 48
4737 0 60 60 0 0 4737 0 30 60 40 90 58 55
4737 0 60 60 0 0 4737 0 30 60 40 180 64 69
4737 0 60 60 0 0 4737 0 30 60 60 0 53 51
4737 0 60 60 0 0 4737 0 30 60 60 90 63 59
4737 0 60 60 0 0 4737 0 30 60 60 180 61 68
4737 0 60 60 0 0 4737 0 30 120 0 0 53 53
4737 0 60 60 0 0 4737 0 30 120 0 90 63 62
4737 0 60 60 0 0 4737 0 30 120 0 180 62 64
4737 0 60 60 0 0 4737 0 30 120 20 0 58 57
4737 0 60 60 0 0 4737 0 30 120 20 90 67 65
4737 0 60 60 0 0 4737 0 30 120 20 180 58 63
4737 0 60 60 0 0 4737 0 30 120 40 0 63 61
4737 0 60 60 0 0 4737 0 30 120 40 90 68 68
4737 0 60 60 0 0 4737 0 30 120 40 180 54 62
4737 0 60 60 0 0 4737 0 30 120 60 0 66 64
4737 0 60 60 0 0 4737 0 30 120 60 90 68 70
4737 0 60 60 0 0 4737 0 30 120 60 180 49 61
4737 0 60 60 0 0 4737 0 60 0 0 0 47 50
4737 0 60 60 0 0 4737 0 60 0 0 90 40 41
4737 0 60 60 0 0 4737 0 60 0 0 180 58 60
4737 0 60 60 0 0 4737 0 60 0 20 0 43 49
4737 0 60 60 0 0 4737 0 60 0 20 90 41 40
4737 0 60 60 0 0 4737 0 60 0 20 180 60 62
4737 0 60 60 0 0 4737 0 60 0 40 0 41 48
4737 0 60 60 0 0 4737 0 60 0 40 90 44 41
4737 0 60 60 0 0 4737 0 60 0 40 180 61 63
4737 0 60 60 0 0 4737 0 60 0 60 0 42 47
4737 0 60 60 0 0 4737 0 60 0 60 90 47 43
4737 0 60 60 0 0 4737 0 60 0 60 180 61 64
4737 0 60 60 0 0 4737 0 60 60 0 0 36 46
4737 0 60 60 0 0 4737 0 60 60 0 90 45 53
4737 0 60 60 0 0 4737 0 60 60 0 180 63 80
4737 0 60 60 0 0 4737 0 60 60 20 0 38 49
4737 0 60 60 0 0 4737 0 60 60 20 90 49 56
4737 0 60 60 0 0 4737 0 60 60 20 180 62 80
4737 0 60 60 0 0 4737 0 60 60 40 0 43 52
4737 0 60 60 0 0 4737 0 60 60 40 90 53 59
4737 0 60 60 0 0 4737 0 60 60 40 180 59 80
4737 0 60 60 0 0 4737 0 60 60 60 0 48 56
4737 0 60 60 0 0 4737 0 60 60 60 90 57 62
4737 0 60 60 0 0 4737 0 60 60 60 180 57 79
4737 0 60 60 0 0 4737 0 60 120 0 0 50 60
4737 0 60 60 0 0 4737 0 60 120 0 90 60 71
4737 0 60 60 0 0 4737 0 60 120 0 180 58 72
4737 0 60 60 0 0 4737 0 60 120 20 0 54 63
4737 0 60 60 0 0 4737 0 60 120 20 90 61 73
4737 0 60 60 0 0 4737 0 60 120 20 180 55 72
4737 0 60 60 0 0 4737 0 60 120 40 0 57 65
4737 0 60 60 0 0 4737 0 60 120 40 90 62 75
4737 0 60 60 0 0 4737 0 60 120 40 180 51 72
4737 0 60 60 0 0 4737 0 60 120 60 0 59 67
4737 0 60 60 0 0 4737 0 60 120 60 90 62 76
4737 0 60 60 0 0 4737 0 60 120 60 180 47 72
4737 0 60 60 20 0 4737 0 0 0 0 0 55 55
4737 0 60 60 20 0 4737 0 0 0 0 90 42 49
4737 0 60 60 20 0 4737 0 0 0 0 180 64 62
4737 0 60 60 20 0 4737 0 0 0 20 0 50 53
4737 0 60 60 20 0 4737 0 0 0 20 90 46 50
4737 0 60 60 20 0 4737 0 0 0 20 180 67 65
4737 0 60 60 20 0 4737 0 0 0 40 0 44 51
4737 0 60 60 20 0 4737 0 0 0 40 90 51 53
4737 0 60 60 20 0 4737 0 0 0 40 180 69 68
4737 0 60 60 20 0 4737 0 0 0 60 0 41 50
4737 0 60 60 20 0 4737 0 0 0 60 90 57 56
4737 0 60 60 20 0 4737 0 0 0 60 180 70 69
4737 0 60 60 20 0 4737 0 0 60 0 0 41 50
4737 0 60 60 20 0 4737 0 0 60 0 90 57 56
4737 0 60 60 20 0 4737 0 0 60 0 180 70 69
4737 0 60 60 20 0 4737 0 0 60 20 0 41 49
4737 0 60 60 20 0 4737 0 0 60 20 90 62 60
4737 0 60 60 20 0 4737 0 0 60 20 180 70 68
4737 0 60 60 20 0 4737 0 0 60 40 0 44 49
4737 0 60 60 20 0 4737 0 0 60 40 90 66 64
4737 0 60 60 20 0 4737 0 0 60 40 180 70 67
4737 0 60 60 20 0 4737 0 0 60 60 0 48 51
4737 0 60 60 20 0 4737 0 0 60 60 90 68 67
4737 0 60 60 20 0 4737 0 0 60 60 180 69 64
4737 0 60 60 20 0 4737 0 0 120 0 0 48 51
4737 0 60 60 20 0 4737 0 0 120 0 90 68 67
4737 0 60 60 20 0 4737 0 0 120 0 180 69 64
4737 0 60 60 20 0 4737 0 0 120 20 0 54 54
4737 0 60 60 20 0 4737 0 0 120 20 90 69 69
4737 0 60 60 20 0 4737 0 0 120 20 180 65 61
4737 0 60 60 20 0 4737 0 0 120 40 0 60 58
4737 0 60 60 20 0 4737 0 0 120 40 90 70 69
4737 0 60 60 20 0 4737 0 0 120 40 180 61 58
4737 0 60 60 20 0 4737 0 0 120 60 0 64 62
4737 0 60 60 20 0 4737 0 0 120 60 90 70 68
4737 0 60 60 20 0 4737 0 0 120 60 180 55 55
4737 0 60 60 20 0 4737 0 30 0 0 0 55 49
4737 0 60 60 20 0 4737 0 30 0 0 90 41 40
4737 0 60 60 20 0 4737 0 30 0 0 180 64 59
4737 0 60 60 20 0 4737 0 30 0 20 0 49 48
4737 0 60 60 20 0 4737 0 30 0 20 90 45 42
4737 0 60 60 20 0 4737 0 30 0 20 180 67 62
4737 0 60 60 20 0 4737 0 30 0 40 0 44 47
4737 0 60 60 20 0 4737 0 30 0 40 90 50 45
4737 0 60 60 20 0 4737 0 30 0 40 180 68 64
4737 0 60 60 20 0 4737 0 30 0 60 0 41 46
4737 0 60 60 20 0 4737 0 30 0 60 90 56 49
4737 0 60 60 20 0 4737 0 30 0 60 180 69 66
4737 0 60 60 20 0 4737 0 30 60 0 0 40 40
4737 0 60 60 20 0 4737 0 30 60 0 90 56 53
4737 0 60 60 20 0 4737 0 30 60 0 180 69 66
4737 0 60 60 20 0 4737 0 30 60 20 0 40 40
4737 0 60 60 20 0 4737 0 30 60 20 90 61 55
4737 0 60 60 20 0 4737 0 30 60 20 180 69 66
4737 0 60 60 20 0 4737 0 30 60 40 0 43 41
4737 0 60 60 20 0 4737 0 30 60 40 90 65 58
4737 0 60 60 20 0 4737 0 30 60 40 180 69 66
4737 0 60 60 20 0 4737 0 30 60 60 0 48 44
4737 0 60 60 20 0 4737 0 30 60 60 90 67 61
4737 0 60 60 20 0 4737 0 30 60 60 180 68 65
4737 0 60 60 20 0 4737 0 30 120 0 0 48 46
4737 0 60 60 20 0 4737 0 30 120 0 90 68 65
4737 0 60 60 20 0 4737 0 30 120 0 180 68 61
4737 0 60 60 20 0 4737 0 30 120 20 0 53 48
4737 0 60 60 20 0 4737 0 30 120 20 90 69 66
4737 0 60 60 20 0 4737 0 30 120 20 180 65 59
4737 0 60 60 20 0 4737 0 30 120 40 0 59 52
4737 0 60 60 20 0 4737 0 30 120 40 90 69 66
4737 0 60 60 20 0 4737 0 30 120 40 180 60 58
4737 0 60 60 20 0 4737 0 30 120 60 0 63 55
4737 0 60 60 20 0 4737 0 30 120 60 90 69 66
4737 0 60 60 20 0 4737 0 30 120 60 180 55 56
4737 0 60 60 20 0 4737 0 60 0 0 0 53 51
4737 0 60 60 20 0 4737 0 60 0 0 90 38 41
4737 0 60 60 20 0 4737 0 60 0 0 180 61 62
4737 0 60 60 20 0 4737 0 60 0 20 0 48 50
4737 0 60 60 20 0 4737 0 60 0 20 90 42 43
4737 0 60 60 20 0 4737 0 60 0 20 180 63 64
4737 0 60 60 20 0 4737 0 60 0 40 0 43 49
4737 0 60 60 20 0 4737 0 60 0 40 90 47 46
4737 0 60 60 20 0 4737 0 60 0 40 180 63 66
4737 0 60 60 20 0 4737 0 60 0 60 0 40 48
4737 0 60 60 20 0 4737 0 60 0 60 90 52 49
4737 0 60 60 20 0 4737 0 60 0 60 180 64 67
4737 0 60 60 20 0 4737 0 60 60 0 0 38 39
4737 0 60 60 20 0 4737 0 60 60 0 90 53 55
4737 0 60 60 20 0 4737 0 60 60 0 180 65 69
4737 0 60 60 20 0 4737 0 60 60 20 0 36 39
4737 0 60 60 20 0 4737 0 60 60 20 90 58 57
4737 0 60 60 20 0 4737 0 60 60 20 180 65 69
4737 0 60 60 20 0 4737 0 60 60 40 0 39 42
4737 0 60 60 20 0 4737 0 60 60 40 90 60 60
4737 0 60 60 20 0 4737 0 60 60 40 180 64 69
4737 0 60 60 20 0 4737 0 60 60 60 0 45 45
4737 0 60 60 20 0 4737 0 60 60 60 90 62 61
4737 0 60 60 20 0 4737 0 60 60 60 180 64 69
4737 0 60 60 20 0 4737 0 60 120 0 0 45 48
4737 0 60 60 20 0 4737 0 60 120 0 90 65 67
4737 0 60 60 20 0 4737 0 60 120 0 180 64 64
4737 0 60 60 20 0 4737 0 60 120 20 0 50 50
4737 0 60 60 20 0 4737 0 60 120 20 90 65 69
4737 0 60 60 20 0 4737 0 60 120 20 180 62 63
4737 0 60 60 20 0 4737 0 60 120 40 0 55 53
4737 0 60 60 20 0 4737 0 60 120 40 90 64 70
4737 0 60 60 20 0 4737 0 60 120 40 180 59 62
4737 0 60 60 20 0 4737 0 60 120 60 0 58 55
4737 0 60 60 20 0 4737 0 60 120 60 90 64 70
4737 0 60 60 20 0 4737 0 60 120 60 180 53 61
4737 0 60 60 20 0 4737 0 0 0 0 0 55 54
4737 0 60 60 20 0 4737 0 0 0 0 90 41 49
4737 0 60 60 20 0 4737 0 0 0 0 180 63 62
4737 0 60 60 20 0 4737 0 0 0 20 0 50 52
4737 0 60 60 20 0 4737 0 0 0 20 90 41 49
4737 0 60 60 20 0 4737 0 0 0 20 180 65 66
4737 0 60 60 20 0 4737 0 0 0 40 0 44 49
4737 0 60 60 20 0 4737 0 0 0 40 90 45 50
4737 0 60 60 20 0 4737 0 0 0 40 180 67 68
4737 0 60 60 20 0 4737 0 0 0 60 0 41 48
4737 0 60 60 20 0 4737 0 0 0 60 90 51 52
4737 0 60 60 20 0 4737 0 0 0 60 180 69 69
4737 0 60 60 20 0 4737 0 0 60 0 0 41 48
4737 0 60 60 20 0 4737 0 0 60 0 90 51 52
4737 0 60 60 20 0 4737 0 0 60 0 180 69 69
4737 0 60 60 20 0 4737 0 0 60 20 0 40 47
4737 0 60 60 20 0 4737 0 0 60 20 90 56 55
4737 0 60 60 20 0 4737 0 0 60 20 180 70 68
4737 0 60 60 20 0 4737 0 0 60 40 0 43 48
4737 0 60 60 20 0 4737 0 0 60 40 90 61 58
4737 0 60 60 20 0 4737 0 0 60 40 180 69 66
4737 0 60 60 20 0 4737 0 0 60 60 0 49 51
4737 0 60 60 20 0 4737 0 0 60 60 90 66 61
4737 0 60 60 20 0 4737 0 0 60 60 180 67 63
4737 0 60 60 20 0 4737 0 0 120 0 0 49 51
4737 0 60 60 20 0 4737 0 0 120 0 90 66 61
4737 0 60 60 20 0 4737 0 0 120 0 180 67 63
4737 0 60 60 20 0 4737 0 0 120 20 0 54 54
4737 0 60 60 20 0 4737 0 0 120 20 90 68 64
4737 0 60 60 20 0 4737 0 0 120 20 180 64 61
4737 0 60 60 20 0 4737 0 0 120 40 0 60 57
4737 0 60 60 20 0 4737 0 0 120 40 90 70 67
4737 0 60 60 20 0 4737 0 0 120 40 180 60 58
4737 0 60 60 20 0 4737 0 0 120 60 0 65 61
4737 0 60 60 20 0 4737 0 0 120 60 90 70 69
4737 0 60 60 20 0 4737 0 0 120 60 180 55 56
4737 0 60 60 20 0 4737 0 30 0 0 0 55 49
4737 0 60 60 20 0 4737 0 30 0 0 90 40 41
4737 0 60 60 20 0 4737 0 30 0 0 180 62 59
4737 0 60 60 20 0 4737 0 30 0 20 0 49 47
4737 0 60 60 20 0 4737 0 30 0 20 90 40 40
4737 0 60 60 20 0 4737 0 30 0 20 180 65 61
4737 0 60 60 20 0 4737 0 30 0 40 0 44 46
4737 0 60 60 20 0 4737 0 30 0 40 90 44 41
4737 0 60 60 20 0 4737 0 30 0 40 180 66 63
4737 0 60 60 20 0 4737 0 30 0 60 0 40 45
4737 0 60 60 20 0 4737 0 30 0 60 90 50 44
4737 0 60 60 20 0 4737 0 30 0 60 180 68 65
4737 0 60 60 20 0 4737 0 30 60 0 0 39 41
4737 0 60 60 20 0 4737 0 30 60 0 90 50 50
4737 0 60 60 20 0 4737 0 30 60 0 180 68 70
4737 0 60 60 20 0 4737 0 30 60 20 0 38 40
4737 0 60 60 20 0 4737 0 30 60 20 90 55 52
4737 0 60 60 20 0 4737 0 30 60 20 180 69 70
4737 0 60 60 20 0 4737 0 30 60 40 0 42 42
4737 0 60 60 20 0 4737 0 30 60 40 90 60 55
4737 0 60 60 20 0 4737 0 30 60 40 180 68 69
4737 0 60 60 20 0 4737 0 30 60 60 0 47 45
4737 0 60 60 20 0 4737 0 30 60 60 90 64 58
4737 0 60 60 20 0 4737 0 30 60 60 180 67 68
4737 0 60 60 20 0 4737 0 30 120 0 0 48 49
4737 0 60 60 20 0 4737 0 30 120 0 90 65 62
4737 0 60 60 20 0 4737 0 30 120 0 180 67 63
4737 0 60 60 20 0 4737 0 30 120 20 0 53 51
4737 0 60 60 20 0 4737 0 30 120 20 90 68 65
4737 0 60 60 20 0 4737 0 30 120 20 180 64 62
4737 0 60 60 20 0 4737 0 30 120 40 0 59 54
4737 0 60 60 20 0 4737 0 30 120 40 90 69 67
4737 0 60 60 20 0 4737 0 30 120 40 180 60 60
4737 0 60 60 20 0 4737 0 30 120 60 0 63 58
4737 0 60 60 20 0 4737 0 30 120 60 90 69 70
4737 0 60 60 20 0 4737 0 30 120 60 180 55 59
4737 0 60 60 20 0 4737 0 60 0 0 0 53 51
4737 0 60 60 20 0 4737 0 60 0 0 90 37 39
4737 0 60 60 20 0 4737 0 60 0 0 180 59 61
4737 0 60 60 20 0 4737 0 60 0 20 0 48 50
4737 0 60 60 20 0 4737 0 60 0 20 90 37 38
4737 0 60 60 20 0 4737 0 60 0 20 180 61 62
4737 0 60 60 20 0 4737 0 60 0 40 0 42 49
4737 0 60 60 20 0 4737 0 60 0 40 90 41 40
4737 0 60 60 20 0 4737 0 60 0 40 180 62 64
4737 0 60 60 20 0 4737 0 60 0 60 0 40 48
4737 0 60 60 20 0 4737 0 60 0 60 90 47 43
4737 0 60 60 20 0 4737 0 60 0 60 180 62 65
4737 0 60 60 20 0 4737 0 60 60 0 0 36 41
4737 0 60 60 20 0 4737 0 60 60 0 90 47 54
4737 0 60 60 20 0 4737 0 60 60 0 180 64 76
4737 0 60 60 20 0 4737 0 60 60 20 0 33 40
4737 0 60 60 20 0 4737 0 60 60 20 90 52 55
4737 0 60 60 20 0 4737 0 60 60 20 180 64 77
4737 0 60 60 20 0 4737 0 60 60 40 0 39 44
4737 0 60 60 20 0 4737 0 60 60 40 90 56 58
4737 0 60 60 20 0 4737 0 60 60 40 180 64 76
4737 0 60 60 20 0 4737 0 60 60 60 0 44 48
4737 0 60 60 20 0 4737 0 60 60 60 90 58 60
4737 0 60 60 20 0 4737 0 60 60 60 180 62 76
4737 0 60 60 20 0 4737 0 60 120 0 0 45 53
4737 0 60 60 20 0 4737 0 60 120 0 90 62 68
4737 0 60 60 20 0 4737 0 60 120 0 180 63 69
4737 0 60 60 20 0 4737 0 60 120 20 0 50 55
4737 0 60 60 20 0 4737 0 60 120 20 90 64 71
4737 0 60 60 20 0 4737 0 60 120 20 180 61 68
4737 0 60 60 20 0 4737 0 60 120 40 0 55 58
4737 0 60 60 20 0 4737 0 60 120 40 90 64 74
4737 0 60 60 20 0 4737 0 60 120 40 180 57 67
4737 0 60 60 20 0 4737 0 60 120 60 0 58 60
4737 0 60 60 20 0 4737 0 60 120 60 90 63 75
4737 0 60 60 20 0 4737 0 60 120 60 180 52 66
4737 0 60 60 20 0 4737 0 0 0 0 0 55 54
4737 0 60 60 20 0 4737 0 0 0 0 90 45 49
4737 0 60 60 20 0 4737 0 0 0 0 180 61 62
4737 0 60 60 20 0 4737 0 0 0 20 0 50 51
4737 0 60 60 20 0 4737 0 0 0 20 90 42 48
4737 0 60 60 20 0 4737 0 0 0 20 180 64 65
4737 0 60 60 20 0 4737 0 0 0 40 0 44 49
4737 0 60 60 20 0 4737 0 0 0 40 90 43 48
4737 0 60 60 20 0 4737 0 0 0 40 180 66 66
4737 0 60 60 20 0 4737 0 0 0 60 0 41 47
4737 0 60 60 20 0 4737 0 0 0 60 90 46 49
4737 0 60 60 20 0 4737 0 0 0 60 180 68 66
4737 0 60 60 20 0 4737 0 0 60 0 0 41 47
4737 0 60 60 20 0 4737 0 0 60 0 90 46 49
4737 0 60 60 20 0 4737 0 0 60 0 180 68 66
4737 0 60 60 20 0 4737 0 0 60 20 0 42 47
4737 0 60 60 20 0 4737 0 0 60 20 90 51 51
4737 0 60 60 20 0 4737 0 0 60 20 180 69 65
4737 0 60 60 20 0 4737 0 0 60 40 0 45 48
4737 0 60 60 20 0 4737 0 0 60 40 90 55 53
4737 0 60 60 20 0 4737 0 0 60 40 180 68 64
4737 0 60 60 20 0 4737 0 0 60 60 0 49 50
4737 0 60 60 20 0 4737 0 0 60 60 90 60 56
4737 0 60 60 20 0 4737 0 0 60 60 180 65 62
4737 0 60 60 20 0 4737 0 0 120 0 0 49 50
4737 0 60 60 20 0 4737 0 0 120 0 90 60 56
4737 0 60 60 20 0 4737 0 0 120 0 180 65 62
4737 0 60 60 20 0 4737 0 0 120 20 0 54 52
4737 0 60 60 20 0 4737 0 0 120 20 90 64 59
4737 0 60 60 20 0 4737 0 0 120 20 180 62 61
4737 0 60 60 20 0 4737 0 0 120 40 0 60 56
4737 0 60 60 20 0 4737 0 0 120 40 90 68 62
4737 0 60 60 20 0 4737 0 0 120 40 180 59 59
4737 0 60 60 20 0 4737 0 0 120 60 0 64 59
4737 0 60 60 20 0 4737 0 0 120 60 90 70 65
4737 0 60 60 20 0 4737 0 0 120 60 180 55 58
4737 0 60 60 20 0 4737 0 30 0 0 0 55 50
4737 0 60 60 20 0 4737 0 30 0 0 90 45 43
4737 0 60 60 20 0 4737 0 30 0 0 180 60 59
4737 0 60 60 20 0 4737 0 30 0 20 0 49 47
4737 0 60 60 20 0 4737 0 30 0 20 90 42 41
4737 0 60 60 20 0 4737 0 30 0 20 180 63 61
4737 0 60 60 20 0 4737 0 30 0 40 0 44 46
4737 0 60 60 20 0 4737 0 30 0 40 90 42 40
4737 0 60 60 20 0 4737 0 30 0 40 180 65 62
4737 0 60 60 20 0 4737 0 30 0 60 0 41 44
4737 0 60 60 20 0 4737 0 30 0 60 90 45 42
4737 0 60 60 20 0 4737 0 30 0 60 180 66 64
4737 0 60 60 20 0 4737 0 30 60 0 0 40 45
4737 0 60 60 20 0 4737 0 30 60 0 90 44 49
4737 0 60 60 20 0 4737 0 30 60 0 180 67 71
4737 0 60 60 20 0 4737 0 30 60 20 0 41 44
4737 0 60 60 20 0 4737 0 30 60 20 90 49 50
4737 0 60 60 20 0 4737 0 30 60 20 180 68 71
4737 0 60 60 20 0 4737 0 30 60 40 0 43 45
4737 0 60 60 20 0 4737 0 30 60 40 90 54 52
4737 0 60 60 20 0 4737 0 30 60 40 180 67 71
4737 0 60 60 20 0 4737 0 30 60 60 0 47 48
4737 0 60 60 20 0 4737 0 30 60 60 90 58 56
4737 0 60 60 20 0 4737 0 30 60 60 180 64 70
4737 0 60 60 20 0 4737 0 30 120 0 0 48 51
4737 0 60 60 20 0 4737 0 30 120 0 90 59 60
4737 0 60 60 20 0 4737 0 30 120 0 180 65 65
4737 0 60 60 20 0 4737 0 30 120 20 0 53 53
4737 0 60 60 20 0 4737 0 30 120 20 90 63 62
4737 0 60 60 20 0 4737 0 30 120 20 180 62 64
4737 0 60 60 20 0 4737 0 30 120 40 0 58 57
4737 0 60 60 20 0 4737 0 30 120 40 90 67 65
4737 0 60 60 20 0 4737 0 30 120 40 180 58 63
4737 0 60 60 20 0 4737 0 30 120 60 0 63 61
4737 0 60 60 20 0 4737 0 30 120 60 90 68 69
4737 0 60 60 20 0 4737 0 30 120 60 180 54 62
4737 0 60 60 20 0 4737 0 60 0 0 0 52 52
4737 0 60 60 20 0 4737 0 60 0 0 90 42 43
4737 0 60 60 20 0 4737 0 60 0 0 180 56 59
4737 0 60 60 20 0 4737 0 60 0 20 0 47 50
4737 0 60 60 20 0 4737 0 60 0 20 90 40 41
4737 0 60 60 20 0 4737 0 60 0 20 180 58 60
4737 0 60 60 20 0 4737 0 60 0 40 0 43 49
4737 0 60 60 20 0 4737 0 60 0 40 90 41 40
4737 0 60 60 20 0 4737 0 60 0 40 180 59 62
4737 0 60 60 20 0 4737 0 60 0 60 0 41 48
4737 0 60 60 20 0 4737 0 60 0 60 90 44 41
4737 0 60 60 20 0 4737 0 60 0 60 180 61 63
4737 0 60 60 20 0 4737 0 60 60 0 0 37 48
4737 0 60 60 20 0 4737 0 60 60 0 90 40 52
4737 0 60 60 20 0 4737 0 60 60 0 180 63 80
4737 0 60 60 20 0 4737 0 60 60 20 0 36 47
4737 0 60 60 20 0 4737 0 60 60 20 90 44 54
4737 0 60 60 20 0 4737 0 60 60 20 180 63 81
4737 0 60 60 20 0 4737 0 60 60 40 0 38 49
4737 0 60 60 20 0 4737 0 60 60 40 90 49 57
4737 0 60 60 20 0 4737 0 60 60 40 180 61 81
4737 0 60 60 20 0 4737 0 60 60 60 0 43 53
4737 0 60 60 20 0 4737 0 60 60 60 90 53 60
4737 0 60 60 20 0 4737 0 60 60 60 180 59 81
4737 0 60 60 20 0 4737 0 60 120 0 0 45 58
4737 0 60 60 20 0 4737 0 60 120 0 90 56 69
4737 0 60 60 20 0 4737 0 60 120 0 180 61 74
4737 0 60 60 20 0 4737 0 60 120 20 0 50 60
4737 0 60 60 20 0 4737 0 60 120 20 90 59 72
4737 0 60 60 20 0 4737 0 60 120 20 180 58 73
4737 0 60 60 20 0 4737 0 60 120 40 0 54 63
4737 0 60 60 20 0 4737 0 60 120 40 90 61 74
4737 0 60 60 20 0 4737 0 60 120 40 180 55 73
4737 0 60 60 20 0 4737 0 60 120 60 0 57 65
4737 0 60 60 20 0 4737 0 60 120 60 90 61 75
4737 0 60 60 20 0 4737 0 60 120 60 180 51 73
4737 0 60 60 40 0 4737 0 0 0 0 0 60 58
4737 0 60 60 40 0 4737 0 0 0 0 90 41 49
4737 0 60 60 40 0 4737 0 0 0 0 180 59 58
4737 0 60 60 40 0 4737 0 0 0 20 0 55 55
4737 0 60 60 40 0 4737 0 0 0 20 90 42 49
4737 0 60 60 40 0 4737 0 0 0 20 180 64 62
4737 0 60 60 40 0 4737 0 0 0 40 0 50 53
4737 0 60 60 40 0 4737 0 0 0 40 90 46 50
4737 0 60 60 40 0 4737 0 0 0 40 180 67 65
4737 0 60 60 40 0 4737 0 0 0 60 0 44 51
4737 0 60 60 40 0 4737 0 0 0 60 90 51 53
4737 0 60 60 40 0 4737 0 0 0 60 180 69 68
4737 0 60 60 40 0 4737 0 0 60 0 0 44 51
4737 0 60 60 40 0 4737 0 0 60 0 90 51 53
4737 0 60 60 40 0 4737 0 0 60 0 180 69 68
4737 0 60 60 40 0 4737 0 0 60 20 0 41 49
4737 0 60 60 40 0 4737 0 0 60 20 90 57 56
4737 0 60 60 40 0 4737 0 0 60 20 180 70 69
4737 0 60 60 40 0 4737 0 0 60 40 0 41 49
4737 0 60 60 40 0 4737 0 0 60 40 90 62 60
4737 0 60 60 40 0 4737 0 0 60 40 180 70 68
4737 0 60 60 40 0 4737 0 0 60 60 0 44 49
4737 0 60 60 40 0 4737 0 0 60 60 90 66 64
4737 0 60 60 40 0 4737 0 0 60 60 180 70 67
4737 0 60 60 40 0 4737 0 0 120 0 0 44 49
4737 0 60 60 40 0 4737 0 0 120 0 90 66 64
4737 0 60 60 40 0 4737 0 0 120 0 180 70 67
4737 0 60 60 40 0 4737 0 0 120 20 0 48 51
4737 0 60 60 40 0 4737 0 0 120 20 90 68 67
4737 0 60 60 40 0 4737 0 0 120 20 180 69 64
4737 0 60 60 40 0 4737 0 0 120 40 0 54 54
4737 0 60 60 40 0 4737 0 0 120 40 90 69 69
4737 0 60 60 40 0 4737 0 0 120 40 180 65 61
4737 0 60 60 40 0 4737 0 0 120 60 0 59 58
4737 0 60 60 40 0 4737 0 0 120 60 90 70 69
4737 0 60 60 40 0 4737 0 0 120 60 180 60 58
4737 0 60 60 40 0 4737 0 30 0 0 0 60 52
4737 0 60 60 40 0 4737 0 30 0 0 90 40 41
4737 0 60 60 40 0 4737 0 30 0 0 180 59 57
4737 0 60 60 40 0 4737 0 30 0 20 0 55 49
4737 0 60 60 40 0 4737 0 30 0 20 90 41 40
4737 0 60 60 40 0 4737 0 30 0 20 180 64 59
4737 0 60 60 40 0 4737 0 30 0 40 0 49 48
4737 0 60 60 40 0 4737 0 30 0 40 90 45 42
4737 0 60 60 40 0 4737 0 30 0 40 180 66 61
4737 0 60 60 40 0 4737 0 30 0 60 0 44 46
4737 0 60 60 40 0 4737 0 30 0 60 90 50 45
4737 0 60 60 40 0 4737 0 30 0 60 180 68 64
4737 0 60 60 40 0 4737 0 30 60 0 0 44 41
4737 0 60 60 40 0 4737 0 30 60 0 90 50 51
4737 0 60 60 40 0 4737 0 30 60 0 180 68 66
4737 0 60 60 40 0 4737 0 30 60 20 0 40 40
4737 0 60 60 40 0 4737 0 30 60 20 90 56 53
4737 0 60 60 40 0 4737 0 30 60 20 180 69 66
4737 0 60 60 40 0 4737 0 30 60 40 0 40 40
4737 0 60 60 40 0 4737 0 30 60 40 90 61 55
4737 0 60 60 40 0 4737 0 30 60 40 180 69 66
4737 0 60 60 40 0 4737 0 30 60 60 0 43 41
4737 0 60 60 40 0 4737 0 30 60 60 90 65 58
4737 0 60 60 40 0 4737 0 30 60 60 180 69 66
4737 0 60 60 40 0 4737 0 30 120 0 0 43 45
4737 0 60 60 40 0 4737 0 30 120 0 90 66 63
4737 0 60 60 40 0 4737 0 30 120 0 180 69 63
4737 0 60 60 40 0 4737 0 30 120 20 0 48 46
4737 0 60 60 40 0 4737 0 30 120 20 90 68 65
4737 0 60 60 40 0 4737 0 30 120 20 180 68 61
4737 0 60 60 40 0 4737 0 30 120 40 0 53 48
4737 0 60 60 40 0 4737 0 30 120 40 90 69 66
4737 0 60 60 40 0 4737 0 30 120 40 180 65 59
4737 0 60 60 40 0 4737 0 30 120 60 0 59 52
4737 0 60 60 40 0 4737 0 30 120 60 90 69 66
4737 0 60 60 40 0 4737 0 30 120 60 180 60 58
4737 0 60 60 40 0 4737 0 60 0 0 0 57 53
4737 0 60 60 40 0 4737 0 60 0 0 90 38 42
4737 0 60 60 40 0 4737 0 60 0 0 180 56 60
4737 0 60 60 40 0 4737 0 60 0 20 0 53 51
4737 0 60 60 40 0 4737 0 60 0 20 90 38 41
4737 0 60 60 40 0 4737 0 60 0 20 180 61 62
4737 0 60 60 40 0 4737 0 60 0 40 0 47 50
4737 0 60 60 40 0 4737 0 60 0 40 90 42 43
4737 0 60 60 40 0 4737 0 60 0 40 180 62 64
4737 0 60 60 40 0 4737 0 60 0 60 0 42 49
4737 0 60 60 40 0 4737 0 60 0 60 90 47 46
4737 0 60 60 40 0 4737 0 60 0 60 180 63 66
4737 0 60 60 40 0 4737 0 60 60 0 0 42 40
4737 0 60 60 40 0 4737 0 60 60 0 90 48 54
4737 0 60 60 40 0 4737 0 60 60 0 180 65 69
4737 0 60 60 40 0 4737 0 60 60 20 0 37 39
4737 0 60 60 40 0 4737 0 60 60 20 90 53 55
4737 0 60 60 40 0 4737 0 60 60 20 180 64 69
4737 0 60 60 40 0 4737 0 60 60 40 0 36 39
4737 0 60 60 40 0 4737 0 60 60 40 90 57 57
4737 0 60 60 40 0 4737 0 60 60 40 180 64 69
4737 0 60 60 40 0 4737 0 60 60 60 0 39 42
4737 0 60 60 40 0 4737 0 60 60 60 90 60 60
4737 0 60 60 40 0 4737 0 60 60 60 180 64 70
4737 0 60 60 40 0 4737 0 60 120 0 0 41 47
4737 0 60 60 40 0 4737 0 60 120 0 90 63 66
4737 0 60 60 40 0 4737 0 60 120 0 180 65 66
4737 0 60 60 40 0 4737 0 60 120 20 0 45 48
4737 0 60 60 40 0 4737 0 60 120 20 90 64 67
4737 0 60 60 40 0 4737 0 60 120 20 180 64 65
4737 0 60 60 40 0 4737 0 60 120 40 0 50 50
4737 0 60 60 40 0 4737 0 60 120 40 90 64 69
4737 0 60 60 40 0 4737 0 60 120 40 180 62 63
4737 0 60 60 40 0 4737 0 60 120 60 0 54 53
4737 0 60 60 40 0 4737 0 60 120 60 90 64 70
4737 0 60 60 40 0 4737 0 60 120 60 180 58 62
4737 0 60 60 40 0 4737 0 0 0 0 0 61 58
4737 0 60 60 40 0 4737 0 0 0 0 90 43 50
4737 0 60 60 40 0 4737 0 0 0 0 180 59 59
4737 0 60 60 40 0 4737 0 0 0 20 0 55 54
4737 0 60 60 40 0 4737 0 0 0 20 90 41 49
4737 0 60 60 40 0 4737 0 0 0 20 180 63 62
4737 0 60 60 40 0 4737 0 0 0 40 0 50 52
4737 0 60 60 40 0 4737 0 0 0 40 90 41 49
4737 0 60 60 40 0 4737 0 0 0 40 180 65 66
4737 0 60 60 40 0 4737 0 0 0 60 0 44 49
4737 0 60 60 40 0 4737 0 0 0 60 90 45 50
4737 0 60 60 40 0 4737 0 0 0 60 180 67 68
4737 0 60 60 40 0 4737 0 0 60 0 0 44 49
4737 0 60 60 40 0 4737 0 0 60 0 90 45 50
4737 0 60 60 40 0 4737 0 0 60 0 180 67 68
4737 0 60 60 40 0 4737 0 0 60 20 0 40 48
4737 0 60 60 40 0 4737 0 0 60 20 90 51 52
4737 0 60 60 40 0 4737 0 0 60 20 180 69 69
4737 0 60 60 40 0 4737 0 0 60 40 0 40 47
4737 0 60 60 40 0 4737 0 0 60 40 90 56 55
4737 0 60 60 40 0 4737 0 0 60 40 180 70 68
4737 0 60 60 40 0 4737 0 0 60 60 0 43 48
4737 0 60 60 40 0 4737 0 0 60 60 90 61 58
4737 0 60 60 40 0 4737 0 0 60 60 180 69 66
4737 0 60 60 40 0 4737 0 0 120 0 0 43 48
4737 0 60 60 40 0 4737 0 0 120 0 90 61 58
4737 0 60 60 40 0 4737 0 0 120 0 180 69 66
4737 0 60 60 40 0 4737 0 0 120 20 0 48 51
4737 0 60 60 40 0 4737 0 0 120 20 90 66 61
4737 0 60 60 40 0 4737 0 0 120 20 180 67 63
4737 0 60 60 40 0 4737 0 0 120 40 0 54 54
4737 0 60 60 40 0 4737 0 0 120 40 90 68 65
4737 0 60 60 40 0 4737 0 0 120 40 180 64 61
4737 0 60 60 40 0 4737 0 0 120 60 0 59 57
4737 0 60 60 40 0 4737 0 0 120 60 90 70 67
4737 0 60 60 40 0 4737 0 0 120 60 180 60 58
4737 0 60 60 40 0 4737 0 30 0 0 0 60 52
4737 0 60 60 40 0 4737 0 30 0 0 90 43 42
4737 0 60 60 40 0 4737 0 30 0 0 180 58 57
4737 0 60 60 40 0 4737 0 30 0 20 0 55 49
4737 0 60 60 40 0 4737 0 30 0 20 90 40 41
4737 0 60 60 40 0 4737 0 30 0 20 180 62 59
4737 0 60 60 40 0 4737 0 30 0 40 0 49 47
4737 0 60 60 40 0 4737 0 30 0 40 90 40 40
4737 0 60 60 40 0 4737 0 30 0 40 180 65 61
4737 0 60 60 40 0 4737 0 30 0 60 0 44 46
4737 0 60 60 40 0 4737 0 30 0 60 90 44 41
4737 0 60 60 40 0 4737 0 30 0 60 180 66 63
4737 0 60 60 40 0 4737 0 30 60 0 0 44 43
4737 0 60 60 40 0 4737 0 30 60 0 90 44 49
4737 0 60 60 40 0 4737 0 30 60 0 180 67 69
4737 0 60 60 40 0 4737 0 30 60 20 0 39 41
4737 0 60 60 40 0 4737 0 30 60 20 90 49 50
4737 0 60 60 40 0 4737 0 30 60 20 180 68 70
4737 0 60 60 40 0 4737 0 30 60 40 0 38 40
4737 0 60 60 40 0 4737 0 30 60 40 90 55 52
4737 0 60 60 40 0 4737 0 30 60 40 180 69 70
4737 0 60 60 40 0 4737 0 30 60 60 0 42 42
4737 0 60 60 40 0 4737 0 30 60 60 90 60 55
4737 0 60 60 40 0 4737 0 30 60 60 180 68 69
4737 0 60 60 40 0 4737 0 30 120 0 0 42 47
4737 0 60 60 40 0 4737 0 30 120 0 90 60 60
4737 0 60 60 40 0 4737 0 30 120 0 180 69 65
4737 0 60 60 40 0 4737 0 30 120 20 0 47 49
4737 0 60 60 40 0 4737 0 30 120 20 90 65 62
4737 0 60 60 40 0 4737 0 30 120 20 180 67 63
4737 0 60 60 40 0 4737 0 30 120 40 0 53 51
4737 0 60 60 40 0 4737 0 30 120 40 90 67 65
4737 0 60 60 40 0 4737 0 30 120 40 180 64 62
4737 0 60 60 40 0 4737 0 30 120 60 0 59 55
4737 0 60 60 40 0 4737 0 30 120 60 90 68 67
4737 0 60 60 40 0 4737 0 30 120 60 180 60 60
4737 0 60 60 40 0 4737 0 60 0 0 0 57 54
4737 0 60 60 40 0 4737 0 60 0 0 90 41 42
4737 0 60 60 40 0 4737 0 60 0 0 180 56 59
4737 0 60 60 40 0 4737 0 60 0 20 0 53 51
4737 0 60 60 40 0 4737 0 60 0 20 90 37 39
4737 0 60 60 40 0 4737 0 60 0 20 180 59 61
4737 0 60 60 40 0 4737 0 60 0 40 0 47 50
4737 0 60 60 40 0 4737 0 60 0 40 90 37 38
4737 0 60 60 40 0 4737 0 60 0 40 180 60 62
4737 0 60 60 40 0 4737 0 60 0 60 0 42 49
4737 0 60 60 40 0 4737 0 60 0 60 90 41 40
4737 0 60 60 40 0 4737 0 60 0 60 180 61 64
4737 0 60 60 40 0 4737 0 60 60 0 0 42 45
4737 0 60 60 40 0 4737 0 60 60 0 90 42 53
4737 0 60 60 40 0 4737 0 60 60 0 180 64 75
4737 0 60 60 40 0 4737 0 60 60 20 0 36 41
4737 0 60 60 40 0 4737 0 60 60 20 90 46 54
4737 0 60 60 40 0 4737 0 60 60 20 180 64 76
4737 0 60 60 40 0 4737 0 60 60 40 0 33 40
4737 0 60 60 40 0 4737 0 60 60 40 90 51 56
4737 0 60 60 40 0 4737 0 60 60 40 180 64 77
4737 0 60 60 40 0 4737 0 60 60 60 0 39 44
4737 0 60 60 40 0 4737 0 60 60 60 90 55 58
4737 0 60 60 40 0 4737 0 60 60 60 180 63 77
4737 0 60 60 40 0 4737 0 60 120 0 0 40 52
4737 0 60 60 40 0 4737 0 60 120 0 90 58 67
4737 0 60 60 40 0 4737 0 60 120 0 180 64 71
4737 0 60 60 40 0 4737 0 60 120 20 0 45 53
4737 0 60 60 40 0 4737 0 60 120 20 90 61 69
4737 0 60 60 40 0 4737 0 60 120 20 180 63 69
4737 0 60 60 40 0 4737 0 60 120 40 0 50 55
4737 0 60 60 40 0 4737 0 60 120 40 90 63 71
4737 0 60 60 40 0 4737 0 60 120 40 180 61 68
4737 0 60 60 40 0 4737 0 60 120 60 0 54 58
4737 0 60 60 40 0 4737 0 60 120 60 90 63 74
4737 0 60 60 40 0 4737 0 60 120 60 180 57 67
4737 0 60 60 40 0 4737 0 0 0 0 0 60 57
4737 0 60 60 40 0 4737 0 0 0 0 90 49 51
4737 0 60 60 40 0 4737 0 0 0 0 180 57 59
4737 0 60 60 40 0 4737 0 0 0 20 0 55 54
4737 0 60 60 40 0 4737 0 0 0 20 90 45 49
4737 0 60 60 40 0 4737 0 0 0 20 180 61 62
4737 0 60 60 40 0 4737 0 0 0 40 0 49 51
4737 0 60 60 40 0 4737 0 0 0 40 90 42 48
4737 0 60 60 40 0 4737 0 0 0 40 180 64 65
4737 0 60 60 40 0 4737 0 0 0 60 0 44 49
4737 0 60 60 40 0 4737 0 0 0 60 90 43 48
4737 0 60 60 40 0 4737 0 0 0 60 180 66 66
4737 0 60 60 40 0 4737 0 0 60 0 0 44 49
4737 0 60 60 40 0 4737 0 0 60 0 90 43 48
4737 0 60 60 40 0 4737 0 0 60 0 180 66 66
4737 0 60 60 40 0 4737 0 0 60 20 0 41 47
4737 0 60 60 40 0 4737 0 0 60 20 90 46 49
4737 0 60 60 40 0 4737 0 0 60 20 180 68 66
4737 0 60 60 40 0 4737 0 0 60 40 0 42 47
4737 0 60 60 40 0 4737 0 0 60 40 90 51 51
4737 0 60 60 40 0 4737 0 0 60 40 180 69 66
4737 0 60 60 40 0 4737 0 0 60 60 0 45 48
4737 0 60 60 40 0 4737 0 0 60 60 90 55 53
4737 0 60 60 40 0 4737 0 0 60 60 180 68 64
4737 0 60 60 40 0 4737 0 0 120 0 0 45 48
4737 0 60 60 40 0 4737 0 0 120 0 90 55 53
4737 0 60 60 40 0 4737 0 0 120 0 180 68 64
4737 0 60 60 40 0 4737 0 0 120 20 0 49 50
4737 0 60 60 40 0 4737 0 0 120 20 90 60 56
4737 0 60 60 40 0 4737 0 0 120 20 180 65 63
4737 0 60 60 40 0 4737 0 0 120 40 0 54 52
4737 0 60 60 40 0 4737 0 0 120 40 90 64 59
4737 0 60 60 40 0 4737 0 0 120 40 180 62 61
4737 0 60 60 40 0 4737 0 0 120 60 0 59 56
4737 0 60 60 40 0 4737 0 0 120 60 90 68 62
4737 0 60 60 40 0 4737 0 0 120 60 180 59 59
4737 0 60 60 40 0 4737 0 30 0 0 0 60 53
4737 0 60 60 40 0 4737 0 30 0 0 90 49 46
4737 0 60 60 40 0 4737 0 30 0 0 180 57 58
4737 0 60 60 40 0 4737 0 30 0 20 0 55 50
4737 0 60 60 40 0 4737 0 30 0 20 90 45 43
4737 0 60 60 40 0 4737 0 30 0 20 180 60 59
4737 0 60 60 40 0 4737 0 30 0 40 0 49 47
4737 0 60 60 40 0 4737 0 30 0 40 90 42 41
4737 0 60 60 40 0 4737 0 30 0 40 180 63 60
4737 0 60 60 40 0 4737 0 30 0 60 0 44 46
4737 0 60 60 40 0 4737 0 30 0 60 90 42 40
4737 0 60 60 40 0 4737 0 30 0 60 180 65 62
4737 0 60 60 40 0 4737 0 30 60 0 0 44 46
4737 0 60 60 40 0 4737 0 30 60 0 90 41 48
4737 0 60 60 40 0 4737 0 30 60 0 180 65 70
4737 0 60 60 40 0 4737 0 30 60 20 0 40 45
4737 0 60 60 40 0 4737 0 30 60 20 90 44 49
4737 0 60 60 40 0 4737 0 30 60 20 180 66 71
4737 0 60 60 40 0 4737 0 30 60 40 0 40 44
4737 0 60 60 40 0 4737 0 30 60 40 90 49 50
4737 0 60 60 40 0 4737 0 30 60 40 180 68 71
4737 0 60 60 40 0 4737 0 30 60 60 0 43 45
4737 0 60 60 40 0 4737 0 30 60 60 90 54 53
4737 0 60 60 40 0 4737 0 30 60 60 180 67 71
4737 0 60 60 40 0 4737 0 30 120 0 0 44 49
4737 0 60 60 40 0 4737 0 30 120 0 90 54 58
4737 0 60 60 40 0 4737 0 30 120 0 180 67 67
4737 0 60 60 40 0 4737 0 30 120 20 0 48 51
4737 0 60 60 40 0 4737 0 30 120 20 90 59 60
4737 0 60 60 40 0 4737 0 30 120 20 180 64 65
4737 0 60 60 40 0 4737 0 30 120 40 0 53 54
4737 0 60 60 40 0 4737 0 30 120 40 90 63 63
4737 0 60 60 40 0 4737 0 30 120 40 180 61 64
4737 0 60 60 40 0 4737 0 30 120 60 0 58 57
4737 0 60 60 40 0 4737 0 30 120 60 90 67 66
4737 0 60 60 40 0 4737 0 30 120 60 180 58 63
4737 0 60 60 40 0 4737 0 60 0 0 0 56 55
4737 0 60 60 40 0 4737 0 60 0 0 90 46 47
4737 0 60 60 40 0 4737 0 60 0 0 180 54 58
4737 0 60 60 40 0 4737 0 60 0 20 0 52 52
4737 0 60 60 40 0 4737 0 60 0 20 90 42 43
4737 0 60 60 40 0 4737 0 60 0 20 180 56 59
4737 0 60 60 40 0 4737 0 60 0 40 0 47 50
4737 0 60 60 40 0 4737 0 60 0 40 90 40 41
4737 0 60 60 40 0 4737 0 60 0 40 180 58 60
4737 0 60 60 40 0 4737 0 60 0 60 0 42 49
4737 0 60 60 40 0 4737 0 60 0 60 90 41 40
4737 0 60 60 40 0 4737 0 60 0 60 180 59 62
4737 0 60 60 40 0 4737 0 60 60 0 0 42 51
4737 0 60 60 40 0 4737 0 60 60 0 90 38 52
4737 0 60 60 40 0 4737 0 60 60 0 180 61 80
4737 0 60 60 40 0 4737 0 60 60 20 0 37 48
4737 0 60 60 40 0 4737 0 60 60 20 90 39 53
4737 0 60 60 40 0 4737 0 60 60 20 180 62 81
4737 0 60 60 40 0 4737 0 60 60 40 0 36 48
4737 0 60 60 40 0 4737 0 60 60 40 90 44 55
4737 0 60 60 40 0 4737 0 60 60 40 180 62 82
4737 0 60 60 40 0 4737 0 60 60 60 0 38 50
4737 0 60 60 40 0 4737 0 60 60 60 90 48 57
4737 0 60 60 40 0 4737 0 60 60 60 180 61 82
4737 0 60 60 40 0 4737 0 60 120 0 0 41 56
4737 0 60 60 40 0 4737 0 60 120 0 90 51 67
4737 0 60 60 40 0 4737 0 60 120 0 180 63 75
4737 0 60 60 40 0 4737 0 60 120 20 0 44 58
4737 0 60 60 40 0 4737 0 60 120 20 90 55 69
4737 0 60 60 40 0 4737 0 60 120 20 180 61 74
4737 0 60 60 40 0 4737 0 60 120 40 0 49 61
4737 0 60 60 40 0 4737 0 60 120 40 90 59 72
4737 0 60 60 40 0 4737 0 60 120 40 180 58 74
4737 0 60 60 40 0 4737 0 60 120 60 0 54 63
4737 0 60 60 40 0 4737 0 60 120 60 90 60 75
4737 0 60 60 40 0 4737 0 60 120 60 180 54 73
4737 0 60 60 60 0 4737 0 0 0 0 0 65 61
4737 0 60 60 60 0 4737 0 0 0 0 90 42 50
4737 0 60 60 60 0 4737 0 0 0 0 180 54 54
4737 0 60 60 60 0 4737 0 0 0 20 0 60 58
4737 0 60 60 60 0 4737 0 0 0 20 90 41 49
4737 0 60 60 60 0 4737 0 0 0 20 180 59 58
4737 0 60 60 60 0 4737 0 0 0 40 0 55 55
4737 0 60 60 60 0 4737 0 0 0 40 90 42 49
4737 0 60 60 60 0 4737 0 0 0 40 180 64 62
4737 0 60 60 60 0 4737 0 0 0 60 0 49 52
4737 0 60 60 60 0 4737 0 0 0 60 90 46 50
4737 0 60 60 60 0 4737 0 0 0 60 180 67 65
4737 0 60 60 60 0 4737 0 0 60 0 0 49 52
4737 0 60 60 60 0 4737 0 0 60 0 90 46 50
4737 0 60 60 60 0 4737 0 0 60 0 180 67 65
4737 0 60 60 60 0 4737 0 0 60 20 0 44 50
4737 0 60 60 60 0 4737 0 0 60 20 90 51 53
4737 0 60 60 60 0 4737 0 0 60 20 180 69 68
4737 0 60 60 60 0 4737 0 0 60 40 0 41 49
4737 0 60 60 60 0 4737 0 0 60 40 90 57 56
4737 0 60 60 60 0 4737 0 0 60 40 180 70 69
4737 0 60 60 60 0 4737 0 0 60 60 0 41 49
4737 0 60 60 60 0 4737 0 0 60 60 90 62 60
4737 0 60 60 60 0 4737 0 0 60 60 180 70 69
4737 0 60 60 60 0 4737 0 0 120 0 0 41 49
4737 0 60 60 60 0 4737 0 0 120 0 90 62 60
4737 0 60 60 60 0 4737 0 0 120 0 180 70 69
4737 0 60 60 60 0 4737 0 0 120 20 0 44 49
4737 0 60 60 60 0 4737 0 0 120 20 90 66 64
4737 0 60 60 60 0 4737 0 0 120 20 180 70 67
4737 0 60 60 60 0 4737 0 0 120 40 0 48 51
4737 0 60 60 60 0 4737 0 0 120 40 90 68 67
4737 0 60 60 60 0 4737 0 0 120 40 180 69 64
4737 0 60 60 60 0 4737 0 0 120 60 0 54 54
4737 0 60 60 60 0 4737 0 0 120 60 90 69 69
4737 0 60 60 60 0 4737 0 0 120 60 180 65 61
4737 0 60 60 60 0 4737 0 30 0 0 0 65 55
4737 0 60 60 60 0 4737 0 30 0 0 90 42 42
4737 0 60 60 60 0 4737 0 30 0 0 180 53 55
4737 0 60 60 60 0 4737 0 30 0 20 0 60 52
4737 0 60 60 60 0 4737 0 30 0 20 90 40 41
4737 0 60 60 60 0 4737 0 30 0 20 180 59 57
4737 0 60 60 60 0 4737 0 30 0 40 0 55 49
4737 0 60 60 60 0 4737 0 30 0 40 90 41 40
4737 0 60 60 60 0 4737 0 30 0 40 180 64 59
4737 0 60 60 60 0 4737 0 30 0 60 0 49 48
4737 0 60 60 60 0 4737 0 30 0 60 90 45 42
4737 0 60 60 60 0 4737 0 30 0 60 180 66 62
4737 0 60 60 60 0 4737 0 30 60 0 0 49 44
4737 0 60 60 60 0 4737 0 30 60 0 90 45 49
4737 0 60 60 60 0 4737 0 30 60 0 180 67 65
4737 0 60 60 60 0 4737 0 30 60 20 0 44 41
4737 0 60 60 60 0 4737 0 30 60 20 90 50 51
4737 0 60 60 60 0 4737 0 30 60 20 180 68 66
4737 0 60 60 60 0 4737 0 30 60 40 0 40 40
4737 0 60 60 60 0 4737 0 30 60 40 90 56 53
4737 0 60 60 60 0 4737 0 30 60 40 180 69 66
4737 0 60 60 60 0 4737 0 30 60 60 0 40 40
4737 0 60 60 60 0 4737 0 30 60 60 90 61 55
4737 0 60 60 60 0 4737 0 30 60 60 180 69 66
4737 0 60 60 60 0 4737 0 30 120 0 0 41 44
4737 0 60 60 60 0 4737 0 30 120 0 90 61 61
4737 0 60 60 60 0 4737 0 30 120 0 180 69 65
4737 0 60 60 60 0 4737 0 30 120 20 0 43 45
4737 0 60 60 60 0 4737 0 30 120 20 90 66 63
4737 0 60 60 60 0 4737 0 30 120 20 180 69 63
4737 0 60 60 60 0 4737 0 30 120 40 0 48 47
4737 0 60 60 60 0 4737 0 30 120 40 90 67 65
4737 0 60 60 60 0 4737 0 30 120 40 180 68 61
4737 0 60 60 60 0 4737 0 30 120 60 0 53 49
4737 0 60 60 60 0 4737 0 30 120 60 90 69 66
4737 0 60 60 60 0 4737 0 30 120 60 180 65 59
4737 0 60 60 60 0 4737 0 60 0 0 0 61 55
4737 0 60 60 60 0 4737 0 60 0 0 90 41 43
4737 0 60 60 60 0 4737 0 60 0 0 180 51 59
4737 0 60 60 60 0 4737 0 60 0 20 0 57 53
4737 0 60 60 60 0 4737 0 60 0 20 90 38 42
4737 0 60 60 60 0 4737 0 60 0 20 180 56 60
4737 0 60 60 60 0 4737 0 60 0 40 0 53 51
4737 0 60 60 60 0 4737 0 60 0 40 90 38 42
4737 0 60 60 60 0 4737 0 60 0 40 180 61 62
4737 0 60 60 60 0 4737 0 60 0 60 0 47 50
4737 0 60 60 60 0 4737 0 60 0 60 90 42 43
4737 0 60 60 60 0 4737 0 60 0 60 180 62 64
4737 0 60 60 60 0 4737 0 60 60 0 0 48 44
4737 0 60 60 60 0 4737 0 60 60 0 90 44 53
4737 0 60 60 60 0 4737 0 60 60 0 180 63 68
4737 0 60 60 60 0 4737 0 60 60 20 0 42 41
4737 0 60 60 60 0 4737 0 60 60 20 90 48 54
4737 0 60 60 60 0 4737 0 60 60 20 180 64 69
4737 0 60 60 60 0 4737 0 60 60 40 0 37 39
4737 0 60 60 60 0 4737 0 60 60 40 90 53 56
4737 0 60 60 60 0 4737 0 60 60 40 180 64 70
4737 0 60 60 60 0 4737 0 60 60 60 0 36 39
4737 0 60 60 60 0 4737 0 60 60 60 90 57 58
4737 0 60 60 60 0 4737 0 60 60 60 180 64 70
4737 0 60 60 60 0 4737 0 60 120 0 0 40 47
4737 0 60 60 60 0 4737 0 60 120 0 90 59 64
4737 0 60 60 60 0 4737 0 60 120 0 180 65 68
4737 0 60 60 60 0 4737 0 60 120 20 0 41 47
4737 0 60 60 60 0 4737 0 60 120 20 90 63 66
4737 0 60 60 60 0 4737 0 60 120 20 180 65 66
4737 0 60 60 60 0 4737 0 60 120 40 0 45 49
4737 0 60 60 60 0 4737 0 60 120 40 90 64 68
4737 0 60 60 60 0 4737 0 60 120 40 180 64 65
4737 0 60 60 60 0 4737 0 60 120 60 0 50 50
4737 0 60 60 60 0 4737 0 60 120 60 90 64 69
4737 0 60 60 60 0 4737 0 60 120 60 180 62 63
4737 0 60 60 60 0 4737 0 0 0 0 0 65 61
4737 0 60 60 60 0 4737 0 0 0 0 90 48 51
4737 0 60 60 60 0 4737 0 0 0 0 180 54 55
4737 0 60 60 60 0 4737 0 0 0 20 0 61 58
4737 0 60 60 60 0 4737 0 0 0 20 90 43 50
4737 0 60 60 60 0 4737 0 0 0 20 180 59 59
4737 0 60 60 60 0 4737 0 0 0 40 0 55 54
4737 0 60 60 60 0 4737 0 0 0 40 90 41 49
4737 0 60 60 60 0 4737 0 0 0 40 180 63 62
4737 0 60 60 60 0 4737 0 0 0 60 0 49 52
4737 0 60 60 60 0 4737 0 0 0 60 90 41 49
4737 0 60 60 60 0 4737 0 0 0 60 180 65 66
4737 0 60 60 60 0 4737 0 0 60 0 0 49 52
4737 0 60 60 60 0 4737 0 0 60 0 90 41 49
4737 0 60 60 60 0 4737 0 0 60 0 180 65 66
4737 0 60 60 60 0 4737 0 0 60 20 0 44 49
4737 0 60 60 60 0 4737 0 0 60 20 90 45 50
4737 0 60 60 60 0 4737 0 0 60 20 180 67 68
4737 0 60 60 60 0 4737 0 0 60 40 0 40 48
4737 0 60 60 60 0 4737 0 0 60 40 90 50 52
4737 0 60 60 60 0 4737 0 0 60 40 180 69 69
4737 0 60 60 60 0 4737 0 0 60 60 0 40 47
4737 0 60 60 60 0 4737 0 0 60 60 90 56 55
4737 0 60 60 60 0 4737 0 0 60 60 180 70 68
4737 0 60 60 60 0 4737 0 0 120 0 0 40 47
4737 0 60 60 60 0 4737 0 0 120 0 90 56 55
4737 0 60 60 60 0 4737 0 0 120 0 180 70 68
4737 0 60 60 60 0 4737 0 0 120 20 0 43 48
4737 0 60 60 60 0 4737 0 0 120 20 90 61 58
4737 0 60 60 60 0 4737 0 0 120 20 180 69 66
4737 0 60 60 60 0 4737 0 0 120 40 0 48 51
4737 0 60 60 60 0 4737 0 0 120 40 90 65 61
4737 0 60 60 60 0 4737 0 0 120 40 180 67 63
4737 0 60 60 60 0 4737 0 0 120 60 0 54 54
4737 0 60 60 60 0 4737 0 0 120 60 90 68 65
4737 0 60 60 60 0 4737 0 0 120 60 180 64 61
4737 0 60 60 60 0 4737 0 30 0 0 0 65 56
4737 0 60 60 60 0 4737 0 30 0 0 90 47 44
4737 0 60 60 60 0 4737 0 30 0 0 180 53 56
4737 0 60 60 60 0 4737 0 30 0 20 0 60 52
4737 0 60 60 60 0 4737 0 30 0 20 90 43 42
4737 0 60 60 60 0 4737 0 30 0 20 180 58 57
4737 0 60 60 60 0 4737 0 30 0 40 0 55 49
4737 0 60 60 60 0 4737 0 30 0 40 90 40 41
4737 0 60 60 60 0 4737 0 30 0 40 180 62 59
4737 0 60 60 60 0 4737 0 30 0 60 0 49 47
4737 0 60 60 60 0 4737 0 30 0 60 90 40 40
4737 0 60 60 60 0 4737 0 30 0 60 180 65 61
4737 0 60 60 60 0 4737 0 30 60 0 0 49 46
4737 0 60 60 60 0 4737 0 30 60 0 90 41 48
4737 0 60 60 60 0 4737 0 30 60 0 180 65 67
4737 0 60 60 60 0 4737 0 30 60 20 0 44 43
4737 0 60 60 60 0 4737 0 30 60 20 90 44 49
4737 0 60 60 60 0 4737 0 30 60 20 180 67 69
4737 0 60 60 60 0 4737 0 30 60 40 0 39 41
4737 0 60 60 60 0 4737 0 30 60 40 90 49 50
4737 0 60 60 60 0 4737 0 30 60 40 180 68 70
4737 0 60 60 60 0 4737 0 30 60 60 0 38 40
4737 0 60 60 60 0 4737 0 30 60 60 90 55 52
4737 0 60 60 60 0 4737 0 30 60 60 180 69 70
4737 0 60 60 60 0 4737 0 30 120 0 0 39 46
4737 0 60 60 60 0 4737 0 30 120 0 90 55 58
4737 0 60 60 60 0 4737 0 30 120 0 180 69 67
4737 0 60 60 60 0 4737 0 30 120 20 0 42 47
4737 0 60 60 60 0 4737 0 30 120 20 90 60 60
4737 0 60 60 60 0 4737 0 30 120 20 180 68 65
4737 0 60 60 60 0 4737 0 30 120 40 0 47 49
4737 0 60 60 60 0 4737 0 30 120 40 90 64 63
4737 0 60 60 60 0 4737 0 30 120 40 180 67 63
4737 0 60 60 60 0 4737 0 30 120 60 0 53 51
4737 0 60 60 60 0 4737 0 30 120 60 90 67 65
4737 0 60 60 60 0 4737 0 30 120 60 180 63 62
4737 0 60 60 60 0 4737 0 60 0 0 0 60 56
4737 0 60 60 60 0 4737 0 60 0 0 90 46 45
4737 0 60 60 60 0 4737 0 60 0 0 180 52 58
4737 0 60 60 60 0 4737 0 60 0 20 0 57 54
4737 0 60 60 60 0 4737 0 60 0 20 90 40 42
4737 0 60 60 60 0 4737 0 60 0 20 180 56 60
4737 0 60 60 60 0 4737 0 60 0 40 0 52 52
4737 0 60 60 60 0 4737 0 60 0 40 90 37 40
4737 0 60 60 60 0 4737 0 60 0 40 180 58 61
4737 0 60 60 60 0 4737 0 60 0 60 0 47 50
4737 0 60 60 60 0 4737 0 60 0 60 90 37 39
4737 0 60 60 60 0 4737 0 60 0 60 180 60 63
4737 0 60 60 60 0 4737 0 60 60 0 0 48 49
4737 0 60 60 60 0 4737 0 60 60 0 90 40 52
4737 0 60 60 60 0 4737 0 60 60 0 180 62 73
4737 0 60 60 60 0 4737 0 60 60 20 0 42 46
4737 0 60 60 60 0 4737 0 60 60 20 90 42 53
4737 0 60 60 60 0 4737 0 60 60 20 180 63 75
4737 0 60 60 60 0 4737 0 60 60 40 0 36 42
4737 0 60 60 60 0 4737 0 60 60 40 90 46 55
4737 0 60 60 60 0 4737 0 60 60 40 180 64 77
4737 0 60 60 60 0 4737 0 60 60 60 0 33 40
4737 0 60 60 60 0 4737 0 60 60 60 90 51 56
4737 0 60 60 60 0 4737 0 60 60 60 180 63 78
4737 0 60 60 60 0 4737 0 60 120 0 0 39 51
4737 0 60 60 60 0 4737 0 60 120 0 90 52 65
4737 0 60 60 60 0 4737 0 60 120 0 180 64 72
4737 0 60 60 60 0 4737 0 60 120 20 0 40 52
4737 0 60 60 60 0 4737 0 60 120 20 90 57 67
4737 0 60 60 60 0 4737 0 60 120 20 180 64 71
4737 0 60 60 60 0 4737 0 60 120 40 0 44 54
4737 0 60 60 60 0 4737 0 60 120 40 90 61 69
4737 0 60 60 60 0 4737 0 60 120 40 180 63 70
4737 0 60 60 60 0 4737 0 60 120 60 0 50 56
4737 0 60 60 60 0 4737 0 60 120 60 90 63 72
4737 0 60 60 60 0 4737 0 60 120 60 180 60 69
4737 0 60 60 60 0 4737 0 0 0 0 0 65 60
4737 0 60 60 60 0 4737 0 0 0 0 90 54 55
4737 0 60 60 60 0 4737 0 0 0 0 180 54 56
4737 0 60 60 60 0 4737 0 0 0 20 0 60 57
4737 0 60 60 60 0 4737 0 0 0 20 90 49 51
4737 0 60 60 60 0 4737 0 0 0 20 180 58 59
4737 0 60 60 60 0 4737 0 0 0 40 0 55 54
4737 0 60 60 60 0 4737 0 0 0 40 90 45 49
4737 0 60 60 60 0 4737 0 0 0 40 180 61 62
4737 0 60 60 60 0 4737 0 0 0 60 0 49 51
4737 0 60 60 60 0 4737 0 0 0 60 90 42 48
4737 0 60 60 60 0 4737 0 0 0 60 180 64 65
4737 0 60 60 60 0 4737 0 0 60 0 0 49 51
4737 0 60 60 60 0 4737 0 0 60 0 90 42 48
4737 0 60 60 60 0 4737 0 0 60 0 180 64 65
4737 0 60 60 60 0 4737 0 0 60 20 0 44 49
4737 0 60 60 60 0 4737 0 0 60 20 90 43 48
4737 0 60 60 60 0 4737 0 0 60 20 180 66 66
4737 0 60 60 60 0 4737 0 0 60 40 0 41 47
4737 0 60 60 60 0 4737 0 0 60 40 90 46 49
4737 0 60 60 60 0 4737 0 0 60 40 180 68 66
4737 0 60 60 60 0 4737 0 0 60 60 0 42 47
4737 0 60 60 60 0 4737 0 0 60 60 90 50 51
4737 0 60 60 60 0 4737 0 0 60 60 180 69 66
4737 0 60 60 60 0 4737 0 0 120 0 0 42 47
4737 0 60 60 60 0 4737 0 0 120 0 90 50 51
4737 0 60 60 60 0 4737 0 0 120 0 180 69 66
4737 0 60 60 60 0 4737 0 0 120 20 0 45 48
4737 0 60 60 60 0 4737 0 0 120 20 90 55 53
4737 0 60 60 60 0 4737 0 0 120 20 180 68 64
4737 0 60 60 60 0 4737 0 0 120 40 0 49 50
4737 0 60 60 60 0 4737 0 0 120 40 90 60 56
4737 0 60 60 60 0 4737 0 0 120 40 180 65 63
4737 0 60 60 60 0 4737 0 0 120 60 0 54 53
4737 0 60 60 60 0 4737 0 0 120 60 90 64 59
4737 0 60 60 60 0 4737 0 0 120 60 180 62 61
4737 0 60 60 60 0 4737 0 30 0 0 0 64 57
4737 0 60 60 60 0 4737 0 30 0 0 90 53 50
4737 0 60 60 60 0 4737 0 30 0 0 180 53 56
4737 0 60 60 60 0 4737 0 30 0 20 0 60 53
4737 0 60 60 60 0 4737 0 30 0 20 90 49 46
4737 0 60 60 60 0 4737 0 30 0 20 180 57 58
4737 0 60 60 60 0 4737 0 30 0 40 0 55 50
4737 0 60 60 60 0 4737 0 30 0 40 90 45 43
4737 0 60 60 60 0 4737 0 30 0 40 180 60 59
4737 0 60 60 60 0 4737 0 30 0 60 0 49 47
4737 0 60 60 60 0 4737 0 30 0 60 90 42 41
4737 0 60 60 60 0 4737 0 30 0 60 180 63 61
4737 0 60 60 60 0 4737 0 30 60 0 0 49 50
4737 0 60 60 60 0 4737 0 30 60 0 90 42 48
4737 0 60 60 60 0 4737 0 30 60 0 180 62 69
4737 0 60 60 60 0 4737 0 30 60 20 0 43 47
4737 0 60 60 60 0 4737 0 30 60 20 90 41 48
4737 0 60 60 60 0 4737 0 30 60 20 180 65 71
4737 0 60 60 60 0 4737 0 30 60 40 0 40 45
4737 0 60 60 60 0 4737 0 30 60 40 90 44 49
4737 0 60 60 60 0 4737 0 30 60 40 180 66 71
4737 0 60 60 60 0 4737 0 30 60 60 0 40 45
4737 0 60 60 60 0 4737 0 30 60 60 90 49 51
4737 0 60 60 60 0 4737 0 30 60 60 180 68 71
4737 0 60 60 60 0 4737 0 30 120 0 0 41 48
4737 0 60 60 60 0 4737 0 30 120 0 90 49 56
4737 0 60 60 60 0 4737 0 30 120 0 180 68 69
4737 0 60 60 60 0 4737 0 30 120 20 0 44 49
4737 0 60 60 60 0 4737 0 30 120 20 90 54 58
4737 0 60 60 60 0 4737 0 30 120 20 180 67 67
4737 0 60 60 60 0 4737 0 30 120 40 0 48 51
4737 0 60 60 60 0 4737 0 30 120 40 90 59 60
4737 0 60 60 60 0 4737 0 30 120 40 180 64 66
4737 0 60 60 60 0 4737 0 30 120 60 0 53 54
4737 0 60 60 60 0 4737 0 30 120 60 90 63 63
4737 0 60 60 60 0 4737 0 30 120 60 180 61 64
4737 0 60 60 60 0 4737 0 60 0 0 0 59 57
4737 0 60 60 60 0 4737 0 60 0 0 90 50 50
4737 0 60 60 60 0 4737 0 60 0 0 180 52 58
4737 0 60 60 60 0 4737 0 60 0 20 0 55 55
4737 0 60 60 60 0 4737 0 60 0 20 90 45 47
4737 0 60 60 60 0 4737 0 60 0 20 180 54 58
4737 0 60 60 60 0 4737 0 60 0 40 0 51 52
4737 0 60 60 60 0 4737 0 60 0 40 90 42 43
4737 0 60 60 60 0 4737 0 60 0 40 180 56 60
4737 0 60 60 60 0 4737 0 60 0 60 0 47 51
4737 0 60 60 60 0 4737 0 60 0 60 90 40 41
4737 0 60 60 60 0 4737 0 60 0 60 180 57 61
4737 0 60 60 60 0 4737 0 60 60 0 0 47 55
4737 0 60 60 60 0 4737 0 60 60 0 90 41 53
4737 0 60 60 60 0 4737 0 60 60 0 180 59 78
4737 0 60 60 60 0 4737 0 60 60 20 0 42 52
4737 0 60 60 60 0 4737 0 60 60 20 90 38 53
4737 0 60 60 60 0 4737 0 60 60 20 180 61 81
4737 0 60 60 60 0 4737 0 60 60 40 0 37 49
4737 0 60 60 60 0 4737 0 60 60 40 90 39 54
4737 0 60 60 60 0 4737 0 60 60 40 180 62 82
4737 0 60 60 60 0 4737 0 60 60 60 0 35 48
4737 0 60 60 60 0 4737 0 60 60 60 90 44 55
4737 0 60 60 60 0 4737 0 60 60 60 180 62 83
4737 0 60 60 60 0 4737 0 60 120 0 0 39 56
4737 0 60 60 60 0 4737 0 60 120 0 90 47 65
4737 0 60 60 60 0 4737 0 60 120 0 180 62 76
4737 0 60 60 60 0 4737 0 60 120 20 0 41 57
4737 0 60 60 60 0 4737 0 60 120 20 90 51 68
4737 0 60 60 60 0 4737 0 60 120 20 180 62 76
4737 0 60 60 60 0 4737 0 60 120 40 0 44 60
4737 0 60 60 60 0 4737 0 60 120 40 90 55 70
4737 0 60 60 60 0 4737 0 60 120 40 180 60 75
4737 0 60 60 60 0 4737 0 60 120 60 0 49 62
4737 0 60 60 60 0 4737 0 60 120 60 90 59 73
4737 0 60 60 60 0 4737 0 60 120 60 180 58 74
