4937 0 0 0 0 4737 0 0 0 0 0 63 55 55
4937 0 0 0 0 4737 0 0 0 0 30 63 55 55
4937 0 0 0 0 4737 0 0 0 0 60 63 55 55
4937 0 0 0 0 4737 0 0 0 0 90 62 55 55
4937 0 0 0 0 4737 0 0 0 0 120 62 55 55
4937 0 0 0 0 4737 0 0 0 0 150 62 55 55
4937 0 0 0 0 4737 0 0 0 0 180 62 55 55
4937 0 0 0 0 4737 0 10 0 0 0 63 55 55
4937 0 0 0 0 4737 0 10 0 0 30 63 55 55
4937 0 0 0 0 4737 0 10 0 0 60 63 55 55
4937 0 0 0 0 4737 0 10 0 0 90 62 55 55
4937 0 0 0 0 4737 0 10 0 0 120 62 55 55
4937 0 0 0 0 4737 0 10 0 0 150 62 54 54
4937 0 0 0 0 4737 0 10 0 0 180 61 54 54
4937 0 0 0 0 4737 0 20 0 0 0 62 54 54
4937 0 0 0 0 4737 0 20 0 0 30 63 54 54
4937 0 0 0 0 4737 0 20 0 0 60 62 54 54
4937 0 0 0 0 4737 0 20 0 0 90 62 54 54
4937 0 0 0 0 4737 0 20 0 0 120 62 54 54
4937 0 0 0 0 4737 0 20 0 0 150 61 53 53
4937 0 0 0 0 4737 0 20 0 0 180 61 53 53
4937 0 0 0 0 4737 0 30 0 0 0 62 52 52
4937 0 0 0 0 4737 0 30 0 0 30 62 53 53
4937 0 0 0 0 4737 0 30 0 0 60 62 52 52
4937 0 0 0 0 4737 0 30 0 0 90 62 52 52
4937 0 0 0 0 4737 0 30 0 0 120 61 51 51
4937 0 0 0 0 4737 0 30 0 0 150 61 51 51
4937 0 0 0 0 4737 0 30 0 0 180 61 51 51
4937 0 0 0 0 4737 0 40 0 0 0 62 52 52
4937 0 0 0 0 4737 0 40 0 0 30 62 53 53
4937 0 0 0 0 4737 0 40 0 0 60 62 52 52
4937 0 0 0 0 4737 0 40 0 0 90 61 52 52
4937 0 0 0 0 4737 0 40 0 0 120 61 51 51
4937 0 0 0 0 4737 0 40 0 0 150 61 51 51
4937 0 0 0 0 4737 0 40 0 0 180 60 51 51
4937 0 0 0 0 4737 0 50 0 0 0 61 53 53
4937 0 0 0 0 4737 0 50 0 0 30 61 53 53
4937 0 0 0 0 4737 0 50 0 0 60 61 53 53
4937 0 0 0 0 4737 0 50 0 0 90 60 52 52
4937 0 0 0 0 4737 0 50 0 0 120 60 52 52
4937 0 0 0 0 4737 0 50 0 0 150 60 52 52
4937 0 0 0 0 4737 0 50 0 0 180 60 52 52
4937 0 0 0 0 4737 0 60 0 0 0 59 54 54
4937 0 0 0 0 4737 0 60 0 0 30 60 54 54
4937 0 0 0 0 4737 0 60 0 0 60 59 54 54
4937 0 0 0 0 4737 0 60 0 0 90 59 54 54
4937 0 0 0 0 4737 0 60 0 0 120 59 53 53
4937 0 0 0 0 4737 0 60 0 0 150 59 53 53
4937 0 0 0 0 4737 0 60 0 0 180 59 53 53
4937 0 0 0 0 4737 0 0 0 0 0 63 55 55
4937 0 0 0 0 4737 0 0 0 0 30 63 55 55
4937 0 0 0 0 4737 0 0 0 0 60 63 55 55
4937 0 0 0 0 4737 0 0 0 0 90 62 55 55
4937 0 0 0 0 4737 0 0 0 0 120 62 55 55
4937 0 0 0 0 4737 0 0 0 0 150 62 54 54
4937 0 0 0 0 4737 0 0 0 0 180 62 54 54
4937 0 0 0 0 4737 0 10 0 0 0 63 55 55
4937 0 0 0 0 4737 0 10 0 0 30 63 55 55
4937 0 0 0 0 4737 0 10 0 0 60 63 55 55
4937 0 0 0 0 4737 0 10 0 0 90 62 55 55
4937 0 0 0 0 4737 0 10 0 0 120 62 55 55
4937 0 0 0 0 4737 0 10 0 0 150 62 54 54
4937 0 0 0 0 4737 0 10 0 0 180 61 54 54
4937 0 0 0 0 4737 0 20 0 0 0 62 54 54
4937 0 0 0 0 4737 0 20 0 0 30 63 54 54
4937 0 0 0 0 4737 0 20 0 0 60 62 54 54
4937 0 0 0 0 4737 0 20 0 0 90 62 54 54
4937 0 0 0 0 4737 0 20 0 0 120 62 54 54
4937 0 0 0 0 4737 0 20 0 0 150 61 53 53
4937 0 0 0 0 4737 0 20 0 0 180 61 53 53
4937 0 0 0 0 4737 0 30 0 0 0 62 52 52
4937 0 0 0 0 4737 0 30 0 0 30 62 52 52
4937 0 0 0 0 4737 0 30 0 0 60 62 52 52
4937 0 0 0 0 4737 0 30 0 0 90 62 52 52
4937 0 0 0 0 4737 0 30 0 0 120 61 51 51
4937 0 0 0 0 4737 0 30 0 0 150 61 51 51
4937 0 0 0 0 4737 0 30 0 0 180 61 51 51
4937 0 0 0 0 4737 0 40 0 0 0 62 52 52
4937 0 0 0 0 4737 0 40 0 0 30 62 53 53
4937 0 0 0 0 4737 0 40 0 0 60 62 53 53
4937 0 0 0 0 4737 0 40 0 0 90 61 52 52
4937 0 0 0 0 4737 0 40 0 0 120 61 52 52
4937 0 0 0 0 4737 0 40 0 0 150 61 51 51
4937 0 0 0 0 4737 0 40 0 0 180 60 51 51
4937 0 0 0 0 4737 0 50 0 0 0 61 53 53
4937 0 0 0 0 4737 0 50 0 0 30 61 53 53
4937 0 0 0 0 4737 0 50 0 0 60 61 53 53
4937 0 0 0 0 4737 0 50 0 0 90 61 53 53
4937 0 0 0 0 4737 0 50 0 0 120 60 52 52
4937 0 0 0 0 4737 0 50 0 0 150 60 52 52
4937 0 0 0 0 4737 0 50 0 0 180 60 51 51
4937 0 0 0 0 4737 0 60 0 0 0 60 54 54
4937 0 0 0 0 4737 0 60 0 0 30 60 54 54
4937 0 0 0 0 4737 0 60 0 0 60 60 54 54
4937 0 0 0 0 4737 0 60 0 0 90 59 54 54
4937 0 0 0 0 4737 0 60 0 0 120 59 54 54
4937 0 0 0 0 4737 0 60 0 0 150 59 53 53
4937 0 0 0 0 4737 0 60 0 0 180 58 53 53
4937 0 0 0 0 4737 0 0 0 0 0 63 55 55
4937 0 0 0 0 4737 0 0 0 0 30 63 55 55
4937 0 0 0 0 4737 0 0 0 0 60 63 55 55
4937 0 0 0 0 4737 0 0 0 0 90 62 55 55
4937 0 0 0 0 4737 0 0 0 0 120 62 55 55
4937 0 0 0 0 4737 0 0 0 0 150 62 54 54
4937 0 0 0 0 4737 0 0 0 0 180 62 54 54
4937 0 0 0 0 4737 0 10 0 0 0 63 55 55
4937 0 0 0 0 4737 0 10 0 0 30 63 55 55
4937 0 0 0 0 4737 0 10 0 0 60 63 55 55
4937 0 0 0 0 4737 0 10 0 0 90 62 55 55
4937 0 0 0 0 4737 0 10 0 0 120 62 55 55
4937 0 0 0 0 4737 0 10 0 0 150 62 54 54
4937 0 0 0 0 4737 0 10 0 0 180 61 54 54
4937 0 0 0 0 4737 0 20 0 0 0 63 54 54
4937 0 0 0 0 4737 0 20 0 0 30 63 54 54
4937 0 0 0 0 4737 0 20 0 0 60 63 54 54
4937 0 0 0 0 4737 0 20 0 0 90 62 54 54
4937 0 0 0 0 4737 0 20 0 0 120 62 54 54
4937 0 0 0 0 4737 0 20 0 0 150 61 53 53
4937 0 0 0 0 4737 0 20 0 0 180 61 53 53
4937 0 0 0 0 4737 0 30 0 0 0 62 52 52
4937 0 0 0 0 4737 0 30 0 0 30 62 52 52
4937 0 0 0 0 4737 0 30 0 0 60 62 52 52
4937 0 0 0 0 4737 0 30 0 0 90 62 52 52
4937 0 0 0 0 4737 0 30 0 0 120 62 52 52
4937 0 0 0 0 4737 0 30 0 0 150 61 51 51
4937 0 0 0 0 4737 0 30 0 0 180 61 51 51
4937 0 0 0 0 4737 0 40 0 0 0 62 52 52
4937 0 0 0 0 4737 0 40 0 0 30 62 52 52
4937 0 0 0 0 4737 0 40 0 0 60 62 53 53
4937 0 0 0 0 4737 0 40 0 0 90 61 52 52
4937 0 0 0 0 4737 0 40 0 0 120 61 52 52
4937 0 0 0 0 4737 0 40 0 0 150 61 51 51
4937 0 0 0 0 4737 0 40 0 0 180 60 51 51
4937 0 0 0 0 4737 0 50 0 0 0 61 53 53
4937 0 0 0 0 4737 0 50 0 0 30 61 53 53
4937 0 0 0 0 4737 0 50 0 0 60 61 53 53
4937 0 0 0 0 4737 0 50 0 0 90 61 53 53
4937 0 0 0 0 4737 0 50 0 0 120 60 53 53
4937 0 0 0 0 4737 0 50 0 0 150 60 52 52
4937 0 0 0 0 4737 0 50 0 0 180 60 51 51
4937 0 0 0 0 4737 0 60 0 0 0 60 54 54
4937 0 0 0 0 4737 0 60 0 0 30 60 54 54
4937 0 0 0 0 4737 0 60 0 0 60 60 54 54
4937 0 0 0 0 4737 0 60 0 0 90 60 54 54
4937 0 0 0 0 4737 0 60 0 0 120 59 54 54
4937 0 0 0 0 4737 0 60 0 0 150 59 53 53
4937 0 0 0 0 4737 0 60 0 0 180 58 53 53
4937 0 0 0 0 4737 0 0 0 0 0 63 55 55
4937 0 0 0 0 4737 0 0 0 0 30 63 55 55
4937 0 0 0 0 4737 0 0 0 0 60 63 55 55
4937 0 0 0 0 4737 0 0 0 0 90 63 55 55
4937 0 0 0 0 4737 0 0 0 0 120 62 55 55
4937 0 0 0 0 4737 0 0 0 0 150 62 54 54
4937 0 0 0 0 4737 0 0 0 0 180 62 54 54
4937 0 0 0 0 4737 0 10 0 0 0 63 55 55
4937 0 0 0 0 4737 0 10 0 0 30 63 55 55
4937 0 0 0 0 4737 0 10 0 0 60 63 55 55
4937 0 0 0 0 4737 0 10 0 0 90 63 55 55
4937 0 0 0 0 4737 0 10 0 0 120 62 54 54
4937 0 0 0 0 4737 0 10 0 0 150 62 54 54
4937 0 0 0 0 4737 0 10 0 0 180 62 54 54
4937 0 0 0 0 4737 0 20 0 0 0 63 54 54
4937 0 0 0 0 4737 0 20 0 0 30 63 54 54
4937 0 0 0 0 4737 0 20 0 0 60 63 54 54
4937 0 0 0 0 4737 0 20 0 0 90 62 54 54
4937 0 0 0 0 4737 0 20 0 0 120 62 54 54
4937 0 0 0 0 4737 0 20 0 0 150 61 53 53
4937 0 0 0 0 4737 0 20 0 0 180 61 52 52
4937 0 0 0 0 4737 0 30 0 0 0 62 52 52
4937 0 0 0 0 4737 0 30 0 0 30 62 52 52
4937 0 0 0 0 4737 0 30 0 0 60 62 52 52
4937 0 0 0 0 4737 0 30 0 0 90 62 52 52
4937 0 0 0 0 4737 0 30 0 0 120 62 52 52
4937 0 0 0 0 4737 0 30 0 0 150 61 51 51
4937 0 0 0 0 4737 0 30 0 0 180 61 51 51
4937 0 0 0 0 4737 0 40 0 0 0 62 52 52
4937 0 0 0 0 4737 0 40 0 0 30 62 53 53
4937 0 0 0 0 4737 0 40 0 0 60 62 53 53
4937 0 0 0 0 4737 0 40 0 0 90 62 52 52
4937 0 0 0 0 4737 0 40 0 0 120 61 52 52
4937 0 0 0 0 4737 0 40 0 0 150 61 52 52
4937 0 0 0 0 4737 0 40 0 0 180 60 51 51
4937 0 0 0 0 4737 0 50 0 0 0 61 53 53
4937 0 0 0 0 4737 0 50 0 0 30 61 53 53
4937 0 0 0 0 4737 0 50 0 0 60 61 53 53
4937 0 0 0 0 4737 0 50 0 0 90 61 53 53
4937 0 0 0 0 4737 0 50 0 0 120 61 53 53
4937 0 0 0 0 4737 0 50 0 0 150 60 52 52
4937 0 0 0 0 4737 0 50 0 0 180 60 52 52
4937 0 0 0 0 4737 0 60 0 0 0 60 53 53
4937 0 0 0 0 4737 0 60 0 0 30 60 54 54
4937 0 0 0 0 4737 0 60 0 0 60 60 54 54
4937 0 0 0 0 4737 0 60 0 0 90 60 54 54
4937 0 0 0 0 4737 0 60 0 0 120 60 54 54
4937 0 0 0 0 4737 0 60 0 0 150 59 53 53
4937 0 0 0 0 4737 0 60 0 0 180 58 53 53
4937 0 0 0 0 4737 0 0 0 0 0 63 55 55
4937 0 0 0 0 4737 0 0 0 0 30 63 55 55
4937 0 0 0 0 4737 0 0 0 0 60 63 55 55
4937 0 0 0 0 4737 0 0 0 0 90 63 55 55
4937 0 0 0 0 4737 0 0 0 0 120 62 54 54
4937 0 0 0 0 4737 0 0 0 0 150 62 54 54
4937 0 0 0 0 4737 0 0 0 0 180 62 54 54
4937 0 0 0 0 4737 0 10 0 0 0 63 54 54
4937 0 0 0 0 4737 0 10 0 0 30 63 54 54
4937 0 0 0 0 4737 0 10 0 0 60 63 54 54
4937 0 0 0 0 4737 0 10 0 0 90 63 54 54
4937 0 0 0 0 4737 0 10 0 0 120 62 54 54
4937 0 0 0 0 4737 0 10 0 0 150 62 54 54
4937 0 0 0 0 4737 0 10 0 0 180 61 53 53
4937 0 0 0 0 4737 0 20 0 0 0 63 53 53
4937 0 0 0 0 4737 0 20 0 0 30 63 54 54
4937 0 0 0 0 4737 0 20 0 0 60 63 54 54
4937 0 0 0 0 4737 0 20 0 0 90 63 54 54
4937 0 0 0 0 4737 0 20 0 0 120 62 53 53
4937 0 0 0 0 4737 0 20 0 0 150 62 53 53
4937 0 0 0 0 4737 0 20 0 0 180 61 52 52
4937 0 0 0 0 4737 0 30 0 0 0 62 53 53
4937 0 0 0 0 4737 0 30 0 0 30 62 53 53
4937 0 0 0 0 4737 0 30 0 0 60 62 53 53
4937 0 0 0 0 4737 0 30 0 0 90 62 53 53
4937 0 0 0 0 4737 0 30 0 0 120 62 52 52
4937 0 0 0 0 4737 0 30 0 0 150 61 52 52
4937 0 0 0 0 4737 0 30 0 0 180 61 51 51
4937 0 0 0 0 4737 0 40 0 0 0 62 53 53
4937 0 0 0 0 4737 0 40 0 0 30 62 53 53
4937 0 0 0 0 4737 0 40 0 0 60 62 53 53
4937 0 0 0 0 4737 0 40 0 0 90 62 53 53
4937 0 0 0 0 4737 0 40 0 0 120 62 52 52
4937 0 0 0 0 4737 0 40 0 0 150 61 52 52
4937 0 0 0 0 4737 0 40 0 0 180 60 51 51
4937 0 0 0 0 4737 0 50 0 0 0 61 53 53
4937 0 0 0 0 4737 0 50 0 0 30 61 53 53
4937 0 0 0 0 4737 0 50 0 0 60 61 53 53
4937 0 0 0 0 4737 0 50 0 0 90 61 53 53
4937 0 0 0 0 4737 0 50 0 0 120 61 53 53
4937 0 0 0 0 4737 0 50 0 0 150 60 53 53
4937 0 0 0 0 4737 0 50 0 0 180 59 52 52
4937 0 0 0 0 4737 0 60 0 0 0 59 53 53
4937 0 0 0 0 4737 0 60 0 0 30 60 53 53
4937 0 0 0 0 4737 0 60 0 0 60 60 53 53
4937 0 0 0 0 4737 0 60 0 0 90 60 54 54
4937 0 0 0 0 4737 0 60 0 0 120 60 54 54
4937 0 0 0 0 4737 0 60 0 0 150 59 53 53
4937 0 0 0 0 4737 0 60 0 0 180 58 53 53
4937 0 0 0 0 4737 0 0 0 0 0 63 54 54
4937 0 0 0 0 4737 0 0 0 0 30 63 54 54
4937 0 0 0 0 4737 0 0 0 0 60 63 54 54
4937 0 0 0 0 4737 0 0 0 0 90 63 54 54
4937 0 0 0 0 4737 0 0 0 0 120 63 54 54
4937 0 0 0 0 4737 0 0 0 0 150 62 54 54
4937 0 0 0 0 4737 0 0 0 0 180 61 53 53
4937 0 0 0 0 4737 0 10 0 0 0 63 54 54
4937 0 0 0 0 4737 0 10 0 0 30 63 54 54
4937 0 0 0 0 4737 0 10 0 0 60 63 54 54
4937 0 0 0 0 4737 0 10 0 0 90 63 54 54
4937 0 0 0 0 4737 0 10 0 0 120 62 54 54
4937 0 0 0 0 4737 0 10 0 0 150 62 53 53
4937 0 0 0 0 4737 0 10 0 0 180 61 52 52
4937 0 0 0 0 4737 0 20 0 0 0 63 54 54
4937 0 0 0 0 4737 0 20 0 0 30 63 54 54
4937 0 0 0 0 4737 0 20 0 0 60 63 54 54
4937 0 0 0 0 4737 0 20 0 0 90 63 54 54
4937 0 0 0 0 4737 0 20 0 0 120 62 53 53
4937 0 0 0 0 4737 0 20 0 0 150 62 53 53
4937 0 0 0 0 4737 0 20 0 0 180 61 51 51
4937 0 0 0 0 4737 0 30 0 0 0 62 53 53
4937 0 0 0 0 4737 0 30 0 0 30 63 53 53
4937 0 0 0 0 4737 0 30 0 0 60 63 53 53
4937 0 0 0 0 4737 0 30 0 0 90 62 53 53
4937 0 0 0 0 4737 0 30 0 0 120 62 53 53
4937 0 0 0 0 4737 0 30 0 0 150 61 52 52
4937 0 0 0 0 4737 0 30 0 0 180 61 51 51
4937 0 0 0 0 4737 0 40 0 0 0 62 53 53
4937 0 0 0 0 4737 0 40 0 0 30 62 53 53
4937 0 0 0 0 4737 0 40 0 0 60 62 53 53
4937 0 0 0 0 4737 0 40 0 0 90 62 53 53
4937 0 0 0 0 4737 0 40 0 0 120 62 53 53
4937 0 0 0 0 4737 0 40 0 0 150 61 52 52
4937 0 0 0 0 4737 0 40 0 0 180 60 51 51
4937 0 0 0 0 4737 0 50 0 0 0 61 53 53
4937 0 0 0 0 4737 0 50 0 0 30 61 53 53
4937 0 0 0 0 4737 0 50 0 0 60 61 53 53
4937 0 0 0 0 4737 0 50 0 0 90 62 53 53
4937 0 0 0 0 4737 0 50 0 0 120 61 53 53
4937 0 0 0 0 4737 0 50 0 0 150 61 53 53
4937 0 0 0 0 4737 0 50 0 0 180 59 52 52
4937 0 0 0 0 4737 0 60 0 0 0 60 53 53
4937 0 0 0 0 4737 0 60 0 0 30 60 53 53
4937 0 0 0 0 4737 0 60 0 0 60 60 53 53
4937 0 0 0 0 4737 0 60 0 0 90 60 53 53
4937 0 0 0 0 4737 0 60 0 0 120 60 53 53
4937 0 0 0 0 4737 0 60 0 0 150 60 53 53
4937 0 0 0 0 4737 0 60 0 0 180 58 53 53
4937 0 0 0 0 4937 0 0 0 0 0 41 35 35
4937 0 0 0 0 4937 0 0 0 0 30 49 43 43
4937 0 0 0 0 4937 0 0 0 0 60 57 52 52
4937 0 0 0 0 4937 0 0 0 0 90 65 60 60
4937 0 0 0 0 4937 0 0 0 0 120 74 67 67
4937 0 0 0 0 4937 0 0 0 0 150 77 67 67
4937 0 0 0 0 4937 0 0 0 0 180 77 67 67
4937 0 0 0 0 4937 0 10 0 0 0 40 35 35
4937 0 0 0 0 4937 0 10 0 0 30 49 43 43
4937 0 0 0 0 4937 0 10 0 0 60 57 51 51
4937 0 0 0 0 4937 0 10 0 0 90 65 60 60
4937 0 0 0 0 4937 0 10 0 0 120 74 66 66
4937 0 0 0 0 4937 0 10 0 0 150 77 66 66
4937 0 0 0 0 4937 0 10 0 0 180 77 66 66
4937 0 0 0 0 4937 0 20 0 0 0 40 37 37
4937 0 0 0 0 4937 0 20 0 0 30 49 42 42
4937 0 0 0 0 4937 0 20 0 0 60 57 51 51
4937 0 0 0 0 4937 0 20 0 0 90 65 59 59
4937 0 0 0 0 4937 0 20 0 0 120 73 64 64
4937 0 0 0 0 4937 0 20 0 0 150 77 65 65
4937 0 0 0 0 4937 0 20 0 0 180 77 65 65
4937 0 0 0 0 4937 0 30 0 0 0 40 38 38
4937 0 0 0 0 4937 0 30 0 0 30 48 42 42
4937 0 0 0 0 4937 0 30 0 0 60 56 49 49
4937 0 0 0 0 4937 0 30 0 0 90 65 55 55
4937 0 0 0 0 4937 0 30 0 0 120 73 60 60
4937 0 0 0 0 4937 0 30 0 0 150 76 62 62
4937 0 0 0 0 4937 0 30 0 0 180 76 62 62
4937 0 0 0 0 4937 0 40 0 0 0 40 40 40
4937 0 0 0 0 4937 0 40 0 0 30 48 43 43
4937 0 0 0 0 4937 0 40 0 0 60 56 48 48
4937 0 0 0 0 4937 0 40 0 0 90 64 54 54
4937 0 0 0 0 4937 0 40 0 0 120 72 59 59
4937 0 0 0 0 4937 0 40 0 0 150 75 62 62
4937 0 0 0 0 4937 0 40 0 0 180 75 62 62
4937 0 0 0 0 4937 0 50 0 0 0 40 42 42
4937 0 0 0 0 4937 0 50 0 0 30 47 44 44
4937 0 0 0 0 4937 0 50 0 0 60 55 49 49
4937 0 0 0 0 4937 0 50 0 0 90 63 54 54
4937 0 0 0 0 4937 0 50 0 0 120 71 59 59
4937 0 0 0 0 4937 0 50 0 0 150 74 62 62
4937 0 0 0 0 4937 0 50 0 0 180 74 63 63
4937 0 0 0 0 4937 0 60 0 0 0 41 44 44
4937 0 0 0 0 4937 0 60 0 0 30 46 46 46
4937 0 0 0 0 4937 0 60 0 0 60 54 50 50
4937 0 0 0 0 4937 0 60 0 0 90 62 55 55
4937 0 0 0 0 4937 0 60 0 0 120 69 59 59
4937 0 0 0 0 4937 0 60 0 0 150 72 62 62
4937 0 0 0 0 4937 0 60 0 0 180 72 63 63
4937 0 0 0 0 4937 0 0 0 0 0 41 35 35
4937 0 0 0 0 4937 0 0 0 0 30 47 42 42
4937 0 0 0 0 4937 0 0 0 0 60 55 49 49
4937 0 0 0 0 4937 0 0 0 0 90 62 57 57
4937 0 0 0 0 4937 0 0 0 0 120 71 65 65
4937 0 0 0 0 4937 0 0 0 0 150 77 66 66
4937 0 0 0 0 4937 0 0 0 0 180 77 66 66
4937 0 0 0 0 4937 0 10 0 0 0 41 36 36
4937 0 0 0 0 4937 0 10 0 0 30 47 41 41
4937 0 0 0 0 4937 0 10 0 0 60 54 49 49
4937 0 0 0 0 4937 0 10 0 0 90 62 56 56
4937 0 0 0 0 4937 0 10 0 0 120 71 64 64
4937 0 0 0 0 4937 0 10 0 0 150 77 66 66
4937 0 0 0 0 4937 0 10 0 0 180 77 66 66
4937 0 0 0 0 4937 0 20 0 0 0 41 37 37
4937 0 0 0 0 4937 0 20 0 0 30 47 41 41
4937 0 0 0 0 4937 0 20 0 0 60 54 48 48
4937 0 0 0 0 4937 0 20 0 0 90 62 55 55
4937 0 0 0 0 4937 0 20 0 0 120 71 61 61
4937 0 0 0 0 4937 0 20 0 0 150 77 65 65
4937 0 0 0 0 4937 0 20 0 0 180 77 65 65
4937 0 0 0 0 4937 0 30 0 0 0 41 38 38
4937 0 0 0 0 4937 0 30 0 0 30 47 41 41
4937 0 0 0 0 4937 0 30 0 0 60 54 46 46
4937 0 0 0 0 4937 0 30 0 0 90 62 52 52
4937 0 0 0 0 4937 0 30 0 0 120 70 57 57
4937 0 0 0 0 4937 0 30 0 0 150 76 61 61
4937 0 0 0 0 4937 0 30 0 0 180 76 62 62
4937 0 0 0 0 4937 0 40 0 0 0 41 40 40
4937 0 0 0 0 4937 0 40 0 0 30 46 42 42
4937 0 0 0 0 4937 0 40 0 0 60 53 46 46
4937 0 0 0 0 4937 0 40 0 0 90 61 51 51
4937 0 0 0 0 4937 0 40 0 0 120 70 56 56
4937 0 0 0 0 4937 0 40 0 0 150 75 60 60
4937 0 0 0 0 4937 0 40 0 0 180 75 62 62
4937 0 0 0 0 4937 0 50 0 0 0 41 42 42
4937 0 0 0 0 4937 0 50 0 0 30 46 43 43
4937 0 0 0 0 4937 0 50 0 0 60 52 46 46
4937 0 0 0 0 4937 0 50 0 0 90 60 51 51
4937 0 0 0 0 4937 0 50 0 0 120 69 56 56
4937 0 0 0 0 4937 0 50 0 0 150 74 60 60
4937 0 0 0 0 4937 0 50 0 0 180 74 63 63
4937 0 0 0 0 4937 0 60 0 0 0 41 44 44
4937 0 0 0 0 4937 0 60 0 0 30 45 45 45
4937 0 0 0 0 4937 0 60 0 0 60 51 48 48
4937 0 0 0 0 4937 0 60 0 0 90 59 52 52
4937 0 0 0 0 4937 0 60 0 0 120 67 57 57
4937 0 0 0 0 4937 0 60 0 0 150 72 61 61
4937 0 0 0 0 4937 0 60 0 0 180 72 63 63
4937 0 0 0 0 4937 0 0 0 0 0 43 37 37
4937 0 0 0 0 4937 0 0 0 0 30 46 40 40
4937 0 0 0 0 4937 0 0 0 0 60 52 46 46
4937 0 0 0 0 4937 0 0 0 0 90 59 53 53
4937 0 0 0 0 4937 0 0 0 0 120 68 62 62
4937 0 0 0 0 4937 0 0 0 0 150 76 66 66
4937 0 0 0 0 4937 0 0 0 0 180 77 66 66
4937 0 0 0 0 4937 0 10 0 0 0 43 37 37
4937 0 0 0 0 4937 0 10 0 0 30 46 40 40
4937 0 0 0 0 4937 0 10 0 0 60 52 46 46
4937 0 0 0 0 4937 0 10 0 0 90 59 53 53
4937 0 0 0 0 4937 0 10 0 0 120 68 61 61
4937 0 0 0 0 4937 0 10 0 0 150 76 65 65
4937 0 0 0 0 4937 0 10 0 0 180 77 66 66
4937 0 0 0 0 4937 0 20 0 0 0 43 37 37
4937 0 0 0 0 4937 0 20 0 0 30 46 40 40
4937 0 0 0 0 4937 0 20 0 0 60 52 45 45
4937 0 0 0 0 4937 0 20 0 0 90 59 52 52
4937 0 0 0 0 4937 0 20 0 0 120 67 58 58
4937 0 0 0 0 4937 0 20 0 0 150 75 63 63
4937 0 0 0 0 4937 0 20 0 0 180 77 65 65
4937 0 0 0 0 4937 0 30 0 0 0 43 38 38
4937 0 0 0 0 4937 0 30 0 0 30 46 40 40
4937 0 0 0 0 4937 0 30 0 0 60 51 43 43
4937 0 0 0 0 4937 0 30 0 0 90 58 49 49
4937 0 0 0 0 4937 0 30 0 0 120 67 55 55
4937 0 0 0 0 4937 0 30 0 0 150 75 60 60
4937 0 0 0 0 4937 0 30 0 0 180 76 62 62
4937 0 0 0 0 4937 0 40 0 0 0 43 40 40
4937 0 0 0 0 4937 0 40 0 0 30 45 41 41
4937 0 0 0 0 4937 0 40 0 0 60 51 44 44
4937 0 0 0 0 4937 0 40 0 0 90 58 48 48
4937 0 0 0 0 4937 0 40 0 0 120 67 54 54
4937 0 0 0 0 4937 0 40 0 0 150 74 59 59
4937 0 0 0 0 4937 0 40 0 0 180 75 62 62
4937 0 0 0 0 4937 0 50 0 0 0 43 42 42
4937 0 0 0 0 4937 0 50 0 0 30 45 43 43
4937 0 0 0 0 4937 0 50 0 0 60 50 45 45
4937 0 0 0 0 4937 0 50 0 0 90 57 48 48
4937 0 0 0 0 4937 0 50 0 0 120 66 53 53
4937 0 0 0 0 4937 0 50 0 0 150 73 58 58
4937 0 0 0 0 4937 0 50 0 0 180 74 62 62
4937 0 0 0 0 4937 0 60 0 0 0 43 44 44
4937 0 0 0 0 4937 0 60 0 0 30 45 45 45
4937 0 0 0 0 4937 0 60 0 0 60 50 47 47
4937 0 0 0 0 4937 0 60 0 0 90 56 50 50
4937 0 0 0 0 4937 0 60 0 0 120 64 54 54
4937 0 0 0 0 4937 0 60 0 0 150 71 59 59
4937 0 0 0 0 4937 0 60 0 0 180 72 62 62
4937 0 0 0 0 4937 0 0 0 0 0 45 39 39
4937 0 0 0 0 4937 0 0 0 0 30 46 40 40
4937 0 0 0 0 4937 0 0 0 0 60 50 44 44
4937 0 0 0 0 4937 0 0 0 0 90 56 50 50
4937 0 0 0 0 4937 0 0 0 0 120 65 58 58
4937 0 0 0 0 4937 0 0 0 0 150 74 65 65
4937 0 0 0 0 4937 0 0 0 0 180 77 66 66
4937 0 0 0 0 4937 0 10 0 0 0 45 39 39
4937 0 0 0 0 4937 0 10 0 0 30 46 40 40
4937 0 0 0 0 4937 0 10 0 0 60 50 44 44
4937 0 0 0 0 4937 0 10 0 0 90 56 50 50
4937 0 0 0 0 4937 0 10 0 0 120 65 57 57
4937 0 0 0 0 4937 0 10 0 0 150 73 64 64
4937 0 0 0 0 4937 0 10 0 0 180 77 66 66
4937 0 0 0 0 4937 0 20 0 0 0 45 39 39
4937 0 0 0 0 4937 0 20 0 0 30 46 40 40
4937 0 0 0 0 4937 0 20 0 0 60 50 43 43
4937 0 0 0 0 4937 0 20 0 0 90 56 49 49
4937 0 0 0 0 4937 0 20 0 0 120 64 55 55
4937 0 0 0 0 4937 0 20 0 0 150 73 61 61
4937 0 0 0 0 4937 0 20 0 0 180 77 64 64
4937 0 0 0 0 4937 0 30 0 0 0 45 39 39
4937 0 0 0 0 4937 0 30 0 0 30 46 40 40
4937 0 0 0 0 4937 0 30 0 0 60 49 42 42
4937 0 0 0 0 4937 0 30 0 0 90 55 46 46
4937 0 0 0 0 4937 0 30 0 0 120 64 52 52
4937 0 0 0 0 4937 0 30 0 0 150 73 58 58
4937 0 0 0 0 4937 0 30 0 0 180 76 62 62
4937 0 0 0 0 4937 0 40 0 0 0 45 40 40
4937 0 0 0 0 4937 0 40 0 0 30 46 41 41
4937 0 0 0 0 4937 0 40 0 0 60 49 43 43
4937 0 0 0 0 4937 0 40 0 0 90 55 46 46
4937 0 0 0 0 4937 0 40 0 0 120 63 51 51
4937 0 0 0 0 4937 0 40 0 0 150 72 57 57
4937 0 0 0 0 4937 0 40 0 0 180 75 61 61
4937 0 0 0 0 4937 0 50 0 0 0 45 41 41
4937 0 0 0 0 4937 0 50 0 0 30 46 42 42
4937 0 0 0 0 4937 0 50 0 0 60 49 44 44
4937 0 0 0 0 4937 0 50 0 0 90 54 46 46
4937 0 0 0 0 4937 0 50 0 0 120 63 51 51
4937 0 0 0 0 4937 0 50 0 0 150 71 57 57
4937 0 0 0 0 4937 0 50 0 0 180 74 61 61
4937 0 0 0 0 4937 0 60 0 0 0 45 43 43
4937 0 0 0 0 4937 0 60 0 0 30 46 44 44
4937 0 0 0 0 4937 0 60 0 0 60 49 46 46
4937 0 0 0 0 4937 0 60 0 0 90 53 48 48
4937 0 0 0 0 4937 0 60 0 0 120 61 51 51
4937 0 0 0 0 4937 0 60 0 0 150 69 57 57
4937 0 0 0 0 4937 0 60 0 0 180 72 62 62
4937 0 0 0 0 4937 0 0 0 0 0 47 41 41
4937 0 0 0 0 4937 0 0 0 0 30 48 42 42
4937 0 0 0 0 4937 0 0 0 0 60 49 43 43
4937 0 0 0 0 4937 0 0 0 0 90 53 47 47
4937 0 0 0 0 4937 0 0 0 0 120 61 55 55
4937 0 0 0 0 4937 0 0 0 0 150 71 62 62
4937 0 0 0 0 4937 0 0 0 0 180 77 65 65
4937 0 0 0 0 4937 0 10 0 0 0 47 41 41
4937 0 0 0 0 4937 0 10 0 0 30 48 41 41
4937 0 0 0 0 4937 0 10 0 0 60 49 43 43
4937 0 0 0 0 4937 0 10 0 0 90 53 47 47
4937 0 0 0 0 4937 0 10 0 0 120 61 54 54
4937 0 0 0 0 4937 0 10 0 0 150 71 61 61
4937 0 0 0 0 4937 0 10 0 0 180 77 65 65
4937 0 0 0 0 4937 0 20 0 0 0 47 41 41
4937 0 0 0 0 4937 0 20 0 0 30 48 41 41
4937 0 0 0 0 4937 0 20 0 0 60 49 42 42
4937 0 0 0 0 4937 0 20 0 0 90 53 45 45
4937 0 0 0 0 4937 0 20 0 0 120 61 51 51
4937 0 0 0 0 4937 0 20 0 0 150 71 58 58
4937 0 0 0 0 4937 0 20 0 0 180 76 63 63
4937 0 0 0 0 4937 0 30 0 0 0 47 41 41
4937 0 0 0 0 4937 0 30 0 0 30 48 40 40
4937 0 0 0 0 4937 0 30 0 0 60 49 42 42
4937 0 0 0 0 4937 0 30 0 0 90 53 44 44
4937 0 0 0 0 4937 0 30 0 0 120 60 49 49
4937 0 0 0 0 4937 0 30 0 0 150 70 56 56
4937 0 0 0 0 4937 0 30 0 0 180 76 62 62
4937 0 0 0 0 4937 0 40 0 0 0 47 41 41
4937 0 0 0 0 4937 0 40 0 0 30 48 41 41
4937 0 0 0 0 4937 0 40 0 0 60 49 42 42
4937 0 0 0 0 4937 0 40 0 0 90 52 45 45
4937 0 0 0 0 4937 0 40 0 0 120 60 48 48
4937 0 0 0 0 4937 0 40 0 0 150 70 55 55
4937 0 0 0 0 4937 0 40 0 0 180 75 61 61
4937 0 0 0 0 4937 0 50 0 0 0 47 42 42
4937 0 0 0 0 4937 0 50 0 0 30 48 42 42
4937 0 0 0 0 4937 0 50 0 0 60 49 43 43
4937 0 0 0 0 4937 0 50 0 0 90 52 45 45
4937 0 0 0 0 4937 0 50 0 0 120 59 48 48
4937 0 0 0 0 4937 0 50 0 0 150 69 55 55
4937 0 0 0 0 4937 0 50 0 0 180 73 61 61
4937 0 0 0 0 4937 0 60 0 0 0 47 43 43
4937 0 0 0 0 4937 0 60 0 0 30 48 44 44
4937 0 0 0 0 4937 0 60 0 0 60 49 45 45
4937 0 0 0 0 4937 0 60 0 0 90 52 46 46
4937 0 0 0 0 4937 0 60 0 0 120 58 49 49
4937 0 0 0 0 4937 0 60 0 0 150 67 54 54
4937 0 0 0 0 4937 0 60 0 0 180 71 61 61
4937 0 0 0 0 4937 0 0 0 0 0 49 43 43
4937 0 0 0 0 4937 0 0 0 0 30 50 43 43
4937 0 0 0 0 4937 0 0 0 0 60 50 44 44
4937 0 0 0 0 4937 0 0 0 0 90 52 46 46
4937 0 0 0 0 4937 0 0 0 0 120 58 51 51
4937 0 0 0 0 4937 0 0 0 0 150 68 59 59
4937 0 0 0 0 4937 0 0 0 0 180 75 65 65
4937 0 0 0 0 4937 0 10 0 0 0 49 43 43
4937 0 0 0 0 4937 0 10 0 0 30 50 43 43
4937 0 0 0 0 4937 0 10 0 0 60 50 44 44
4937 0 0 0 0 4937 0 10 0 0 90 52 45 45
4937 0 0 0 0 4937 0 10 0 0 120 58 49 49
4937 0 0 0 0 4937 0 10 0 0 150 68 58 58
4937 0 0 0 0 4937 0 10 0 0 180 75 64 64
4937 0 0 0 0 4937 0 20 0 0 0 49 43 43
4937 0 0 0 0 4937 0 20 0 0 30 50 43 43
4937 0 0 0 0 4937 0 20 0 0 60 50 43 43
4937 0 0 0 0 4937 0 20 0 0 90 52 44 44
4937 0 0 0 0 4937 0 20 0 0 120 57 48 48
4937 0 0 0 0 4937 0 20 0 0 150 68 56 56
4937 0 0 0 0 4937 0 20 0 0 180 75 63 63
4937 0 0 0 0 4937 0 30 0 0 0 49 42 42
4937 0 0 0 0 4937 0 30 0 0 30 50 42 42
4937 0 0 0 0 4937 0 30 0 0 60 50 43 43
4937 0 0 0 0 4937 0 30 0 0 90 52 44 44
4937 0 0 0 0 4937 0 30 0 0 120 57 47 47
4937 0 0 0 0 4937 0 30 0 0 150 67 54 54
4937 0 0 0 0 4937 0 30 0 0 180 74 62 62
4937 0 0 0 0 4937 0 40 0 0 0 49 43 43
4937 0 0 0 0 4937 0 40 0 0 30 50 42 42
4937 0 0 0 0 4937 0 40 0 0 60 50 43 43
4937 0 0 0 0 4937 0 40 0 0 90 52 44 44
4937 0 0 0 0 4937 0 40 0 0 120 57 47 47
4937 0 0 0 0 4937 0 40 0 0 150 67 53 53
4937 0 0 0 0 4937 0 40 0 0 180 73 61 61
4937 0 0 0 0 4937 0 50 0 0 0 49 43 43
4937 0 0 0 0 4937 0 50 0 0 30 50 43 43
4937 0 0 0 0 4937 0 50 0 0 60 50 43 43
4937 0 0 0 0 4937 0 50 0 0 90 52 44 44
4937 0 0 0 0 4937 0 50 0 0 120 56 47 47
4937 0 0 0 0 4937 0 50 0 0 150 65 52 52
4937 0 0 0 0 4937 0 50 0 0 180 72 60 60
4937 0 0 0 0 4937 0 60 0 0 0 49 44 44
4937 0 0 0 0 4937 0 60 0 0 30 50 44 44
4937 0 0 0 0 4937 0 60 0 0 60 50 44 44
4937 0 0 0 0 4937 0 60 0 0 90 52 45 45
4937 0 0 0 0 4937 0 60 0 0 120 56 48 48
4937 0 0 0 0 4937 0 60 0 0 150 64 52 52
4937 0 0 0 0 4937 0 60 0 0 180 69 60 60
