4737 0 0 0 0 0 4737 0 0 0 0 0 48 42 42
4737 0 0 0 0 0 4737 0 0 0 0 90 64 56 56
4737 0 0 0 0 0 4737 0 0 0 0 180 75 64 64
4737 0 0 0 0 0 4737 0 0 0 20 0 49 43 43
4737 0 0 0 0 0 4737 0 0 0 20 90 68 59 59
4737 0 0 0 0 0 4737 0 0 0 20 180 73 63 63
4737 0 0 0 0 0 4737 0 0 0 40 0 51 45 45
4737 0 0 0 0 0 4737 0 0 0 40 90 71 62 62
4737 0 0 0 0 0 4737 0 0 0 40 180 71 62 62
4737 0 0 0 0 0 4737 0 0 0 60 0 56 50 50
4737 0 0 0 0 0 4737 0 0 0 60 90 74 63 63
4737 0 0 0 0 0 4737 0 0 0 60 180 68 59 59
4737 0 0 0 0 0 4737 0 0 60 0 0 56 50 50
4737 0 0 0 0 0 4737 0 0 60 0 90 74 63 63
4737 0 0 0 0 0 4737 0 0 60 0 180 68 59 59
4737 0 0 0 0 0 4737 0 0 60 20 0 62 54 54
4737 0 0 0 0 0 4737 0 0 60 20 90 75 64 64
4737 0 0 0 0 0 4737 0 0 60 20 180 64 56 56
4737 0 0 0 0 0 4737 0 0 60 40 0 66 58 58
4737 0 0 0 0 0 4737 0 0 60 40 90 74 64 64
4737 0 0 0 0 0 4737 0 0 60 40 180 59 52 52
4737 0 0 0 0 0 4737 0 0 60 60 0 70 61 61
4737 0 0 0 0 0 4737 0 0 60 60 90 72 63 63
4737 0 0 0 0 0 4737 0 0 60 60 180 53 47 47
4737 0 0 0 0 0 4737 0 0 120 0 0 70 61 61
4737 0 0 0 0 0 4737 0 0 120 0 90 72 63 63
4737 0 0 0 0 0 4737 0 0 120 0 180 53 47 47
4737 0 0 0 0 0 4737 0 0 120 20 0 72 63 63
4737 0 0 0 0 0 4737 0 0 120 20 90 69 60 60
4737 0 0 0 0 0 4737 0 0 120 20 180 50 44 44
4737 0 0 0 0 0 4737 0 0 120 40 0 75 64 64
4737 0 0 0 0 0 4737 0 0 120 40 90 66 57 57
4737 0 0 0 0 0 4737 0 0 120 40 180 48 42 42
4737 0 0 0 0 0 4737 0 0 120 60 0 75 64 64
4737 0 0 0 0 0 4737 0 0 120 60 90 61 54 54
4737 0 0 0 0 0 4737 0 0 120 60 180 48 42 42
4737 0 0 0 0 0 4737 0 30 0 0 0 47 42 42
4737 0 0 0 0 0 4737 0 30 0 0 90 64 50 50
4737 0 0 0 0 0 4737 0 30 0 0 180 74 59 59
4737 0 0 0 0 0 4737 0 30 0 20 0 48 44 44
4737 0 0 0 0 0 4737 0 30 0 20 90 67 53 53
4737 0 0 0 0 0 4737 0 30 0 20 180 73 59 59
4737 0 0 0 0 0 4737 0 30 0 40 0 51 47 47
4737 0 0 0 0 0 4737 0 30 0 40 90 70 56 56
4737 0 0 0 0 0 4737 0 30 0 40 180 70 59 59
4737 0 0 0 0 0 4737 0 30 0 60 0 56 50 50
4737 0 0 0 0 0 4737 0 30 0 60 90 73 58 58
4737 0 0 0 0 0 4737 0 30 0 60 180 67 58 58
4737 0 0 0 0 0 4737 0 30 60 0 0 56 48 48
4737 0 0 0 0 0 4737 0 30 60 0 90 73 56 56
4737 0 0 0 0 0 4737 0 30 60 0 180 67 57 57
4737 0 0 0 0 0 4737 0 30 60 20 0 61 51 51
4737 0 0 0 0 0 4737 0 30 60 20 90 74 58 58
4737 0 0 0 0 0 4737 0 30 60 20 180 63 55 55
4737 0 0 0 0 0 4737 0 30 60 40 0 65 54 54
4737 0 0 0 0 0 4737 0 30 60 40 90 74 59 59
4737 0 0 0 0 0 4737 0 30 60 40 180 58 51 51
4737 0 0 0 0 0 4737 0 30 60 60 0 69 56 56
4737 0 0 0 0 0 4737 0 30 60 60 90 71 59 59
4737 0 0 0 0 0 4737 0 30 60 60 180 53 48 48
4737 0 0 0 0 0 4737 0 30 120 0 0 69 54 54
4737 0 0 0 0 0 4737 0 30 120 0 90 71 59 59
4737 0 0 0 0 0 4737 0 30 120 0 180 53 46 46
4737 0 0 0 0 0 4737 0 30 120 20 0 72 56 56
4737 0 0 0 0 0 4737 0 30 120 20 90 68 59 59
4737 0 0 0 0 0 4737 0 30 120 20 180 49 44 44
4737 0 0 0 0 0 4737 0 30 120 40 0 74 58 58
4737 0 0 0 0 0 4737 0 30 120 40 90 65 57 57
4737 0 0 0 0 0 4737 0 30 120 40 180 47 44 44
4737 0 0 0 0 0 4737 0 30 120 60 0 74 59 59
4737 0 0 0 0 0 4737 0 30 120 60 90 61 54 54
4737 0 0 0 0 0 4737 0 30 120 60 180 47 44 44
4737 0 0 0 0 0 4737 0 60 0 0 0 46 45 45
4737 0 0 0 0 0 4737 0 60 0 0 90 61 51 51
4737 0 0 0 0 0 4737 0 60 0 0 180 70 59 59
4737 0 0 0 0 0 4737 0 60 0 20 0 47 46 46
4737 0 0 0 0 0 4737 0 60 0 20 90 64 54 54
4737 0 0 0 0 0 4737 0 60 0 20 180 69 60 60
4737 0 0 0 0 0 4737 0 60 0 40 0 50 49 49
4737 0 0 0 0 0 4737 0 60 0 40 90 66 56 56
4737 0 0 0 0 0 4737 0 60 0 40 180 66 60 60
4737 0 0 0 0 0 4737 0 60 0 60 0 52 53 53
4737 0 0 0 0 0 4737 0 60 0 60 90 68 58 58
4737 0 0 0 0 0 4737 0 60 0 60 180 62 59 59
4737 0 0 0 0 0 4737 0 60 60 0 0 53 49 49
4737 0 0 0 0 0 4737 0 60 60 0 90 69 56 56
4737 0 0 0 0 0 4737 0 60 60 0 180 64 59 59
4737 0 0 0 0 0 4737 0 60 60 20 0 58 52 52
4737 0 0 0 0 0 4737 0 60 60 20 90 70 58 58
4737 0 0 0 0 0 4737 0 60 60 20 180 60 57 57
4737 0 0 0 0 0 4737 0 60 60 40 0 61 54 54
4737 0 0 0 0 0 4737 0 60 60 40 90 70 59 59
4737 0 0 0 0 0 4737 0 60 60 40 180 55 53 53
4737 0 0 0 0 0 4737 0 60 60 60 0 64 57 57
4737 0 0 0 0 0 4737 0 60 60 60 90 67 59 59
4737 0 0 0 0 0 4737 0 60 60 60 180 51 51 51
4737 0 0 0 0 0 4737 0 60 120 0 0 66 53 53
4737 0 0 0 0 0 4737 0 60 120 0 90 68 61 61
4737 0 0 0 0 0 4737 0 60 120 0 180 52 50 50
4737 0 0 0 0 0 4737 0 60 120 20 0 67 56 56
4737 0 0 0 0 0 4737 0 60 120 20 90 65 61 61
4737 0 0 0 0 0 4737 0 60 120 20 180 47 49 49
4737 0 0 0 0 0 4737 0 60 120 40 0 69 58 58
4737 0 0 0 0 0 4737 0 60 120 40 90 61 59 59
4737 0 0 0 0 0 4737 0 60 120 40 180 45 48 48
4737 0 0 0 0 0 4737 0 60 120 60 0 69 59 59
4737 0 0 0 0 0 4737 0 60 120 60 90 57 56 56
4737 0 0 0 0 0 4737 0 60 120 60 180 45 48 48
4737 0 0 0 0 0 4737 0 0 0 0 0 45 39 39
4737 0 0 0 0 0 4737 0 0 0 0 90 60 52 52
4737 0 0 0 0 0 4737 0 0 0 0 180 73 63 63
4737 0 0 0 0 0 4737 0 0 0 20 0 46 40 40
4737 0 0 0 0 0 4737 0 0 0 20 90 64 55 55
4737 0 0 0 0 0 4737 0 0 0 20 180 72 62 62
4737 0 0 0 0 0 4737 0 0 0 40 0 51 44 44
4737 0 0 0 0 0 4737 0 0 0 40 90 68 59 59
4737 0 0 0 0 0 4737 0 0 0 40 180 69 60 60
4737 0 0 0 0 0 4737 0 0 0 60 0 56 50 50
4737 0 0 0 0 0 4737 0 0 0 60 90 71 61 61
4737 0 0 0 0 0 4737 0 0 0 60 180 66 58 58
4737 0 0 0 0 0 4737 0 0 60 0 0 56 50 50
4737 0 0 0 0 0 4737 0 0 60 0 90 71 61 61
4737 0 0 0 0 0 4737 0 0 60 0 180 66 58 58
4737 0 0 0 0 0 4737 0 0 60 20 0 62 55 55
4737 0 0 0 0 0 4737 0 0 60 20 90 74 63 63
4737 0 0 0 0 0 4737 0 0 60 20 180 63 55 55
4737 0 0 0 0 0 4737 0 0 60 40 0 67 59 59
4737 0 0 0 0 0 4737 0 0 60 40 90 76 64 64
4737 0 0 0 0 0 4737 0 0 60 40 180 59 51 51
4737 0 0 0 0 0 4737 0 0 60 60 0 71 62 62
4737 0 0 0 0 0 4737 0 0 60 60 90 75 64 64
4737 0 0 0 0 0 4737 0 0 60 60 180 54 48 48
4737 0 0 0 0 0 4737 0 0 120 0 0 71 62 62
4737 0 0 0 0 0 4737 0 0 120 0 90 75 64 64
4737 0 0 0 0 0 4737 0 0 120 0 180 54 48 48
4737 0 0 0 0 0 4737 0 0 120 20 0 74 64 64
4737 0 0 0 0 0 4737 0 0 120 20 90 73 63 63
4737 0 0 0 0 0 4737 0 0 120 20 180 52 46 46
4737 0 0 0 0 0 4737 0 0 120 40 0 76 64 64
4737 0 0 0 0 0 4737 0 0 120 40 90 70 61 61
4737 0 0 0 0 0 4737 0 0 120 40 180 51 45 45
4737 0 0 0 0 0 4737 0 0 120 60 0 76 64 64
4737 0 0 0 0 0 4737 0 0 120 60 90 66 58 58
4737 0 0 0 0 0 4737 0 0 120 60 180 51 45 45
4737 0 0 0 0 0 4737 0 30 0 0 0 44 39 39
4737 0 0 0 0 0 4737 0 30 0 0 90 59 46 46
4737 0 0 0 0 0 4737 0 30 0 0 180 72 57 57
4737 0 0 0 0 0 4737 0 30 0 20 0 46 42 42
4737 0 0 0 0 0 4737 0 30 0 20 90 63 50 50
4737 0 0 0 0 0 4737 0 30 0 20 180 71 58 58
4737 0 0 0 0 0 4737 0 30 0 40 0 50 45 45
4737 0 0 0 0 0 4737 0 30 0 40 90 67 53 53
4737 0 0 0 0 0 4737 0 30 0 40 180 68 59 59
4737 0 0 0 0 0 4737 0 30 0 60 0 56 49 49
4737 0 0 0 0 0 4737 0 30 0 60 90 70 55 55
4737 0 0 0 0 0 4737 0 30 0 60 180 65 58 58
4737 0 0 0 0 0 4737 0 30 60 0 0 56 48 48
4737 0 0 0 0 0 4737 0 30 60 0 90 70 57 57
4737 0 0 0 0 0 4737 0 30 60 0 180 66 58 58
4737 0 0 0 0 0 4737 0 30 60 20 0 61 52 52
4737 0 0 0 0 0 4737 0 30 60 20 90 73 59 59
4737 0 0 0 0 0 4737 0 30 60 20 180 62 56 56
4737 0 0 0 0 0 4737 0 30 60 40 0 66 56 56
4737 0 0 0 0 0 4737 0 30 60 40 90 74 61 61
4737 0 0 0 0 0 4737 0 30 60 40 180 58 54 54
4737 0 0 0 0 0 4737 0 30 60 60 0 70 59 59
4737 0 0 0 0 0 4737 0 30 60 60 90 73 62 62
4737 0 0 0 0 0 4737 0 30 60 60 180 54 51 51
4737 0 0 0 0 0 4737 0 30 120 0 0 70 57 57
4737 0 0 0 0 0 4737 0 30 120 0 90 73 63 63
4737 0 0 0 0 0 4737 0 30 120 0 180 54 49 49
4737 0 0 0 0 0 4737 0 30 120 20 0 73 60 60
4737 0 0 0 0 0 4737 0 30 120 20 90 72 63 63
4737 0 0 0 0 0 4737 0 30 120 20 180 51 48 48
4737 0 0 0 0 0 4737 0 30 120 40 0 74 62 62
4737 0 0 0 0 0 4737 0 30 120 40 90 69 62 62
4737 0 0 0 0 0 4737 0 30 120 40 180 50 48 48
4737 0 0 0 0 0 4737 0 30 120 60 0 75 63 63
4737 0 0 0 0 0 4737 0 30 120 60 90 65 59 59
4737 0 0 0 0 0 4737 0 30 120 60 180 50 48 48
4737 0 0 0 0 0 4737 0 60 0 0 0 42 43 43
4737 0 0 0 0 0 4737 0 60 0 0 90 57 47 47
4737 0 0 0 0 0 4737 0 60 0 0 180 68 57 57
4737 0 0 0 0 0 4737 0 60 0 20 0 45 45 45
4737 0 0 0 0 0 4737 0 60 0 20 90 60 50 50
4737 0 0 0 0 0 4737 0 60 0 20 180 67 59 59
4737 0 0 0 0 0 4737 0 60 0 40 0 48 47 47
4737 0 0 0 0 0 4737 0 60 0 40 90 63 53 53
4737 0 0 0 0 0 4737 0 60 0 40 180 64 59 59
4737 0 0 0 0 0 4737 0 60 0 60 0 52 51 51
4737 0 0 0 0 0 4737 0 60 0 60 90 66 56 56
4737 0 0 0 0 0 4737 0 60 0 60 180 61 59 59
4737 0 0 0 0 0 4737 0 60 60 0 0 53 51 51
4737 0 0 0 0 0 4737 0 60 60 0 90 66 58 58
4737 0 0 0 0 0 4737 0 60 60 0 180 62 63 63
4737 0 0 0 0 0 4737 0 60 60 20 0 58 54 54
4737 0 0 0 0 0 4737 0 60 60 20 90 68 61 61
4737 0 0 0 0 0 4737 0 60 60 20 180 59 60 60
4737 0 0 0 0 0 4737 0 60 60 40 0 62 58 58
4737 0 0 0 0 0 4737 0 60 60 40 90 69 63 63
4737 0 0 0 0 0 4737 0 60 60 40 180 55 57 57
4737 0 0 0 0 0 4737 0 60 60 60 0 65 61 61
4737 0 0 0 0 0 4737 0 60 60 60 90 69 64 64
4737 0 0 0 0 0 4737 0 60 60 60 180 52 55 55
4737 0 0 0 0 0 4737 0 60 120 0 0 67 59 59
4737 0 0 0 0 0 4737 0 60 120 0 90 69 66 66
4737 0 0 0 0 0 4737 0 60 120 0 180 52 54 54
4737 0 0 0 0 0 4737 0 60 120 20 0 68 62 62
4737 0 0 0 0 0 4737 0 60 120 20 90 67 66 66
4737 0 0 0 0 0 4737 0 60 120 20 180 48 54 54
4737 0 0 0 0 0 4737 0 60 120 40 0 69 63 63
4737 0 0 0 0 0 4737 0 60 120 40 90 65 65 65
4737 0 0 0 0 0 4737 0 60 120 40 180 47 53 53
4737 0 0 0 0 0 4737 0 60 120 60 0 69 64 64
4737 0 0 0 0 0 4737 0 60 120 60 90 61 62 62
4737 0 0 0 0 0 4737 0 60 120 60 180 48 53 53
4737 0 0 0 0 0 4737 0 0 0 0 0 42 35 35
4737 0 0 0 0 0 4737 0 0 0 0 90 55 47 47
4737 0 0 0 0 0 4737 0 0 0 0 180 70 61 61
4737 0 0 0 0 0 4737 0 0 0 20 0 45 39 39
4737 0 0 0 0 0 4737 0 0 0 20 90 60 51 51
4737 0 0 0 0 0 4737 0 0 0 20 180 70 60 60
4737 0 0 0 0 0 4737 0 0 0 40 0 51 44 44
4737 0 0 0 0 0 4737 0 0 0 40 90 64 55 55
4737 0 0 0 0 0 4737 0 0 0 40 180 68 58 58
4737 0 0 0 0 0 4737 0 0 0 60 0 57 50 50
4737 0 0 0 0 0 4737 0 0 0 60 90 68 59 59
4737 0 0 0 0 0 4737 0 0 0 60 180 65 56 56
4737 0 0 0 0 0 4737 0 0 60 0 0 57 50 50
4737 0 0 0 0 0 4737 0 0 60 0 90 68 59 59
4737 0 0 0 0 0 4737 0 0 60 0 180 65 56 56
4737 0 0 0 0 0 4737 0 0 60 20 0 62 55 55
4737 0 0 0 0 0 4737 0 0 60 20 90 72 62 62
4737 0 0 0 0 0 4737 0 0 60 20 180 62 53 53
4737 0 0 0 0 0 4737 0 0 60 40 0 67 59 59
4737 0 0 0 0 0 4737 0 0 60 40 90 75 64 64
4737 0 0 0 0 0 4737 0 0 60 40 180 58 51 51
4737 0 0 0 0 0 4737 0 0 60 60 0 72 63 63
4737 0 0 0 0 0 4737 0 0 60 60 90 76 64 64
4737 0 0 0 0 0 4737 0 0 60 60 180 56 50 50
4737 0 0 0 0 0 4737 0 0 120 0 0 72 63 63
4737 0 0 0 0 0 4737 0 0 120 0 90 76 64 64
4737 0 0 0 0 0 4737 0 0 120 0 180 56 50 50
4737 0 0 0 0 0 4737 0 0 120 20 0 75 64 64
4737 0 0 0 0 0 4737 0 0 120 20 90 75 64 64
4737 0 0 0 0 0 4737 0 0 120 20 180 55 49 49
4737 0 0 0 0 0 4737 0 0 120 40 0 76 64 64
4737 0 0 0 0 0 4737 0 0 120 40 90 73 64 64
4737 0 0 0 0 0 4737 0 0 120 40 180 54 49 49
4737 0 0 0 0 0 4737 0 0 120 60 0 76 64 64
4737 0 0 0 0 0 4737 0 0 120 60 90 70 62 62
4737 0 0 0 0 0 4737 0 0 120 60 180 54 49 49
4737 0 0 0 0 0 4737 0 30 0 0 0 41 37 37
4737 0 0 0 0 0 4737 0 30 0 0 90 55 42 42
4737 0 0 0 0 0 4737 0 30 0 0 180 70 56 56
4737 0 0 0 0 0 4737 0 30 0 20 0 45 40 40
4737 0 0 0 0 0 4737 0 30 0 20 90 59 46 46
4737 0 0 0 0 0 4737 0 30 0 20 180 69 57 57
4737 0 0 0 0 0 4737 0 30 0 40 0 50 44 44
4737 0 0 0 0 0 4737 0 30 0 40 90 64 50 50
4737 0 0 0 0 0 4737 0 30 0 40 180 67 58 58
4737 0 0 0 0 0 4737 0 30 0 60 0 56 48 48
4737 0 0 0 0 0 4737 0 30 0 60 90 67 53 53
4737 0 0 0 0 0 4737 0 30 0 60 180 64 57 57
4737 0 0 0 0 0 4737 0 30 60 0 0 55 49 49
4737 0 0 0 0 0 4737 0 30 60 0 90 67 57 57
4737 0 0 0 0 0 4737 0 30 60 0 180 64 59 59
4737 0 0 0 0 0 4737 0 30 60 20 0 61 54 54
4737 0 0 0 0 0 4737 0 30 60 20 90 71 60 60
4737 0 0 0 0 0 4737 0 30 60 20 180 61 57 57
4737 0 0 0 0 0 4737 0 30 60 40 0 66 58 58
4737 0 0 0 0 0 4737 0 30 60 40 90 73 63 63
4737 0 0 0 0 0 4737 0 30 60 40 180 58 56 56
4737 0 0 0 0 0 4737 0 30 60 60 0 71 61 61
4737 0 0 0 0 0 4737 0 30 60 60 90 74 65 65
4737 0 0 0 0 0 4737 0 30 60 60 180 56 54 54
4737 0 0 0 0 0 4737 0 30 120 0 0 71 61 61
4737 0 0 0 0 0 4737 0 30 120 0 90 75 65 65
4737 0 0 0 0 0 4737 0 30 120 0 180 55 52 52
4737 0 0 0 0 0 4737 0 30 120 20 0 74 64 64
4737 0 0 0 0 0 4737 0 30 120 20 90 74 66 66
4737 0 0 0 0 0 4737 0 30 120 20 180 54 52 52
4737 0 0 0 0 0 4737 0 30 120 40 0 74 66 66
4737 0 0 0 0 0 4737 0 30 120 40 90 72 66 66
4737 0 0 0 0 0 4737 0 30 120 40 180 53 52 52
4737 0 0 0 0 0 4737 0 30 120 60 0 74 66 66
4737 0 0 0 0 0 4737 0 30 120 60 90 69 64 64
4737 0 0 0 0 0 4737 0 30 120 60 180 53 52 52
4737 0 0 0 0 0 4737 0 60 0 0 0 40 42 42
4737 0 0 0 0 0 4737 0 60 0 0 90 52 44 44
4737 0 0 0 0 0 4737 0 60 0 0 180 65 55 55
4737 0 0 0 0 0 4737 0 60 0 20 0 43 43 43
4737 0 0 0 0 0 4737 0 60 0 20 90 56 47 47
4737 0 0 0 0 0 4737 0 60 0 20 180 64 57 57
4737 0 0 0 0 0 4737 0 60 0 40 0 47 46 46
4737 0 0 0 0 0 4737 0 60 0 40 90 59 50 50
4737 0 0 0 0 0 4737 0 60 0 40 180 62 58 58
4737 0 0 0 0 0 4737 0 60 0 60 0 52 49 49
4737 0 0 0 0 0 4737 0 60 0 60 90 62 53 53
4737 0 0 0 0 0 4737 0 60 0 60 180 59 59 59
4737 0 0 0 0 0 4737 0 60 60 0 0 52 53 53
4737 0 0 0 0 0 4737 0 60 60 0 90 63 59 59
4737 0 0 0 0 0 4737 0 60 60 0 180 61 66 66
4737 0 0 0 0 0 4737 0 60 60 20 0 57 57 57
4737 0 0 0 0 0 4737 0 60 60 20 90 66 63 63
4737 0 0 0 0 0 4737 0 60 60 20 180 58 63 63
4737 0 0 0 0 0 4737 0 60 60 40 0 62 61 61
4737 0 0 0 0 0 4737 0 60 60 40 90 67 66 66
4737 0 0 0 0 0 4737 0 60 60 40 180 54 62 62
4737 0 0 0 0 0 4737 0 60 60 60 0 65 65 65
4737 0 0 0 0 0 4737 0 60 60 60 90 68 68 68
4737 0 0 0 0 0 4737 0 60 60 60 180 53 60 60
4737 0 0 0 0 0 4737 0 60 120 0 0 67 64 64
4737 0 0 0 0 0 4737 0 60 120 0 90 69 70 70
4737 0 0 0 0 0 4737 0 60 120 0 180 53 60 60
4737 0 0 0 0 0 4737 0 60 120 20 0 69 68 68
4737 0 0 0 0 0 4737 0 60 120 20 90 68 71 71
4737 0 0 0 0 0 4737 0 60 120 20 180 50 59 59
4737 0 0 0 0 0 4737 0 60 120 40 0 69 69 69
4737 0 0 0 0 0 4737 0 60 120 40 90 67 70 70
4737 0 0 0 0 0 4737 0 60 120 40 180 50 59 59
4737 0 0 0 0 0 4737 0 60 120 60 0 69 69 69
4737 0 0 0 0 0 4737 0 60 120 60 90 64 68 68
4737 0 0 0 0 0 4737 0 60 120 60 180 50 59 59
4737 0 0 0 0 0 4737 0 0 0 0 0 40 33 33
4737 0 0 0 0 0 4737 0 0 0 0 90 51 43 43
4737 0 0 0 0 0 4737 0 0 0 0 180 68 58 58
4737 0 0 0 0 0 4737 0 0 0 20 0 45 38 38
4737 0 0 0 0 0 4737 0 0 0 20 90 56 47 47
4737 0 0 0 0 0 4737 0 0 0 20 180 67 57 57
4737 0 0 0 0 0 4737 0 0 0 40 0 51 44 44
4737 0 0 0 0 0 4737 0 0 0 40 90 61 51 51
4737 0 0 0 0 0 4737 0 0 0 40 180 66 56 56
4737 0 0 0 0 0 4737 0 0 0 60 0 57 49 49
4737 0 0 0 0 0 4737 0 0 0 60 90 65 55 55
4737 0 0 0 0 0 4737 0 0 0 60 180 64 54 54
4737 0 0 0 0 0 4737 0 0 60 0 0 57 49 49
4737 0 0 0 0 0 4737 0 0 60 0 90 65 55 55
4737 0 0 0 0 0 4737 0 0 60 0 180 64 54 54
4737 0 0 0 0 0 4737 0 0 60 20 0 62 54 54
4737 0 0 0 0 0 4737 0 0 60 20 90 69 59 59
4737 0 0 0 0 0 4737 0 0 60 20 180 61 51 51
4737 0 0 0 0 0 4737 0 0 60 40 0 68 58 58
4737 0 0 0 0 0 4737 0 0 60 40 90 73 62 62
4737 0 0 0 0 0 4737 0 0 60 40 180 59 51 51
4737 0 0 0 0 0 4737 0 0 60 60 0 72 62 62
4737 0 0 0 0 0 4737 0 0 60 60 90 76 63 63
4737 0 0 0 0 0 4737 0 0 60 60 180 59 52 52
4737 0 0 0 0 0 4737 0 0 120 0 0 72 62 62
4737 0 0 0 0 0 4737 0 0 120 0 90 76 63 63
4737 0 0 0 0 0 4737 0 0 120 0 180 59 52 52
4737 0 0 0 0 0 4737 0 0 120 20 0 76 64 64
4737 0 0 0 0 0 4737 0 0 120 20 90 76 64 64
4737 0 0 0 0 0 4737 0 0 120 20 180 58 52 52
4737 0 0 0 0 0 4737 0 0 120 40 0 76 64 64
4737 0 0 0 0 0 4737 0 0 120 40 90 75 64 64
4737 0 0 0 0 0 4737 0 0 120 40 180 57 52 52
4737 0 0 0 0 0 4737 0 0 120 60 0 76 64 64
4737 0 0 0 0 0 4737 0 0 120 60 90 74 64 64
4737 0 0 0 0 0 4737 0 0 120 60 180 57 52 52
4737 0 0 0 0 0 4737 0 30 0 0 0 39 36 36
4737 0 0 0 0 0 4737 0 30 0 0 90 50 39 39
4737 0 0 0 0 0 4737 0 30 0 0 180 67 55 55
4737 0 0 0 0 0 4737 0 30 0 20 0 45 38 38
4737 0 0 0 0 0 4737 0 30 0 20 90 55 43 43
4737 0 0 0 0 0 4737 0 30 0 20 180 66 56 56
4737 0 0 0 0 0 4737 0 30 0 40 0 50 42 42
4737 0 0 0 0 0 4737 0 30 0 40 90 60 47 47
4737 0 0 0 0 0 4737 0 30 0 40 180 65 56 56
4737 0 0 0 0 0 4737 0 30 0 60 0 56 47 47
4737 0 0 0 0 0 4737 0 30 0 60 90 64 51 51
4737 0 0 0 0 0 4737 0 30 0 60 180 62 56 56
4737 0 0 0 0 0 4737 0 30 60 0 0 55 50 50
4737 0 0 0 0 0 4737 0 30 60 0 90 64 56 56
4737 0 0 0 0 0 4737 0 30 60 0 180 63 60 60
4737 0 0 0 0 0 4737 0 30 60 20 0 61 55 55
4737 0 0 0 0 0 4737 0 30 60 20 90 68 60 60
4737 0 0 0 0 0 4737 0 30 60 20 180 60 59 59
4737 0 0 0 0 0 4737 0 30 60 40 0 66 59 59
4737 0 0 0 0 0 4737 0 30 60 40 90 71 64 64
4737 0 0 0 0 0 4737 0 30 60 40 180 58 59 59
4737 0 0 0 0 0 4737 0 30 60 60 0 71 64 64
4737 0 0 0 0 0 4737 0 30 60 60 90 74 67 67
4737 0 0 0 0 0 4737 0 30 60 60 180 58 58 58
4737 0 0 0 0 0 4737 0 30 120 0 0 71 64 64
4737 0 0 0 0 0 4737 0 30 120 0 90 74 68 68
4737 0 0 0 0 0 4737 0 30 120 0 180 58 56 56
4737 0 0 0 0 0 4737 0 30 120 20 0 74 68 68
4737 0 0 0 0 0 4737 0 30 120 20 90 74 70 70
4737 0 0 0 0 0 4737 0 30 120 20 180 56 56 56
4737 0 0 0 0 0 4737 0 30 120 40 0 74 70 70
4737 0 0 0 0 0 4737 0 30 120 40 90 74 70 70
4737 0 0 0 0 0 4737 0 30 120 40 180 56 56 56
4737 0 0 0 0 0 4737 0 30 120 60 0 74 70 70
4737 0 0 0 0 0 4737 0 30 120 60 90 73 69 69
4737 0 0 0 0 0 4737 0 30 120 60 180 56 56 56
4737 0 0 0 0 0 4737 0 60 0 0 0 40 41 41
4737 0 0 0 0 0 4737 0 60 0 0 90 48 41 41
4737 0 0 0 0 0 4737 0 60 0 0 180 61 54 54
4737 0 0 0 0 0 4737 0 60 0 20 0 43 42 42
4737 0 0 0 0 0 4737 0 60 0 20 90 52 44 44
4737 0 0 0 0 0 4737 0 60 0 20 180 61 56 56
4737 0 0 0 0 0 4737 0 60 0 40 0 47 44 44
4737 0 0 0 0 0 4737 0 60 0 40 90 56 47 47
4737 0 0 0 0 0 4737 0 60 0 40 180 59 57 57
4737 0 0 0 0 0 4737 0 60 0 60 0 52 47 47
4737 0 0 0 0 0 4737 0 60 0 60 90 59 50 50
4737 0 0 0 0 0 4737 0 60 0 60 180 57 57 57
4737 0 0 0 0 0 4737 0 60 60 0 0 51 56 56
4737 0 0 0 0 0 4737 0 60 60 0 90 59 61 61
4737 0 0 0 0 0 4737 0 60 60 0 180 58 68 68
4737 0 0 0 0 0 4737 0 60 60 20 0 56 60 60
4737 0 0 0 0 0 4737 0 60 60 20 90 62 64 64
4737 0 0 0 0 0 4737 0 60 60 20 180 56 66 66
4737 0 0 0 0 0 4737 0 60 60 40 0 61 64 64
4737 0 0 0 0 0 4737 0 60 60 40 90 65 68 68
4737 0 0 0 0 0 4737 0 60 60 40 180 54 66 66
4737 0 0 0 0 0 4737 0 60 60 60 0 64 68 68
4737 0 0 0 0 0 4737 0 60 60 60 90 67 71 71
4737 0 0 0 0 0 4737 0 60 60 60 180 54 65 65
4737 0 0 0 0 0 4737 0 60 120 0 0 67 70 70
4737 0 0 0 0 0 4737 0 60 120 0 90 69 74 74
4737 0 0 0 0 0 4737 0 60 120 0 180 54 65 65
4737 0 0 0 0 0 4737 0 60 120 20 0 68 73 73
4737 0 0 0 0 0 4737 0 60 120 20 90 68 76 76
4737 0 0 0 0 0 4737 0 60 120 20 180 53 65 65
4737 0 0 0 0 0 4737 0 60 120 40 0 68 74 74
4737 0 0 0 0 0 4737 0 60 120 40 90 67 75 75
4737 0 0 0 0 0 4737 0 60 120 40 180 52 65 65
4737 0 0 0 0 0 4737 0 60 120 60 0 67 74 74
4737 0 0 0 0 0 4737 0 60 120 60 90 66 74 74
4737 0 0 0 0 0 4737 0 60 120 60 180 52 65 65
4737 0 0 0 20 0 4737 0 0 0 0 0 48 42 42
4737 0 0 0 20 0 4737 0 0 0 0 90 59 52 52
4737 0 0 0 20 0 4737 0 0 0 0 180 75 64 64
4737 0 0 0 20 0 4737 0 0 0 20 0 48 42 42
4737 0 0 0 20 0 4737 0 0 0 20 90 64 56 56
4737 0 0 0 20 0 4737 0 0 0 20 180 75 64 64
4737 0 0 0 20 0 4737 0 0 0 40 0 49 43 43
4737 0 0 0 20 0 4737 0 0 0 40 90 68 59 59
4737 0 0 0 20 0 4737 0 0 0 40 180 74 63 63
4737 0 0 0 20 0 4737 0 0 0 60 0 52 45 45
4737 0 0 0 20 0 4737 0 0 0 60 90 71 62 62
4737 0 0 0 20 0 4737 0 0 0 60 180 71 61 61
4737 0 0 0 20 0 4737 0 0 60 0 0 52 45 45
4737 0 0 0 20 0 4737 0 0 60 0 90 71 62 62
4737 0 0 0 20 0 4737 0 0 60 0 180 71 61 61
4737 0 0 0 20 0 4737 0 0 60 20 0 56 50 50
4737 0 0 0 20 0 4737 0 0 60 20 90 74 63 63
4737 0 0 0 20 0 4737 0 0 60 20 180 68 59 59
4737 0 0 0 20 0 4737 0 0 60 40 0 62 54 54
4737 0 0 0 20 0 4737 0 0 60 40 90 75 64 64
4737 0 0 0 20 0 4737 0 0 60 40 180 64 56 56
4737 0 0 0 20 0 4737 0 0 60 60 0 66 58 58
4737 0 0 0 20 0 4737 0 0 60 60 90 75 64 64
4737 0 0 0 20 0 4737 0 0 60 60 180 59 52 52
4737 0 0 0 20 0 4737 0 0 120 0 0 66 58 58
4737 0 0 0 20 0 4737 0 0 120 0 90 75 64 64
4737 0 0 0 20 0 4737 0 0 120 0 180 59 52 52
4737 0 0 0 20 0 4737 0 0 120 20 0 70 61 61
4737 0 0 0 20 0 4737 0 0 120 20 90 72 62 62
4737 0 0 0 20 0 4737 0 0 120 20 180 53 47 47
4737 0 0 0 20 0 4737 0 0 120 40 0 73 63 63
4737 0 0 0 20 0 4737 0 0 120 40 90 69 60 60
4737 0 0 0 20 0 4737 0 0 120 40 180 50 44 44
4737 0 0 0 20 0 4737 0 0 120 60 0 75 64 64
4737 0 0 0 20 0 4737 0 0 120 60 90 66 57 57
4737 0 0 0 20 0 4737 0 0 120 60 180 48 42 42
4737 0 0 0 20 0 4737 0 30 0 0 0 48 40 40
4737 0 0 0 20 0 4737 0 30 0 0 90 58 47 47
4737 0 0 0 20 0 4737 0 30 0 0 180 74 57 57
4737 0 0 0 20 0 4737 0 30 0 20 0 47 42 42
4737 0 0 0 20 0 4737 0 30 0 20 90 64 50 50
4737 0 0 0 20 0 4737 0 30 0 20 180 74 58 58
4737 0 0 0 20 0 4737 0 30 0 40 0 48 44 44
4737 0 0 0 20 0 4737 0 30 0 40 90 67 53 53
4737 0 0 0 20 0 4737 0 30 0 40 180 73 59 59
4737 0 0 0 20 0 4737 0 30 0 60 0 51 47 47
4737 0 0 0 20 0 4737 0 30 0 60 90 70 56 56
4737 0 0 0 20 0 4737 0 30 0 60 180 70 59 59
4737 0 0 0 20 0 4737 0 30 60 0 0 51 45 45
4737 0 0 0 20 0 4737 0 30 60 0 90 71 54 54
4737 0 0 0 20 0 4737 0 30 60 0 180 70 58 58
4737 0 0 0 20 0 4737 0 30 60 20 0 56 48 48
4737 0 0 0 20 0 4737 0 30 60 20 90 73 56 56
4737 0 0 0 20 0 4737 0 30 60 20 180 67 56 56
4737 0 0 0 20 0 4737 0 30 60 40 0 61 51 51
4737 0 0 0 20 0 4737 0 30 60 40 90 74 58 58
4737 0 0 0 20 0 4737 0 30 60 40 180 63 55 55
4737 0 0 0 20 0 4737 0 30 60 60 0 65 53 53
4737 0 0 0 20 0 4737 0 30 60 60 90 74 59 59
4737 0 0 0 20 0 4737 0 30 60 60 180 58 51 51
4737 0 0 0 20 0 4737 0 30 120 0 0 66 51 51
4737 0 0 0 20 0 4737 0 30 120 0 90 74 59 59
4737 0 0 0 20 0 4737 0 30 120 0 180 59 48 48
4737 0 0 0 20 0 4737 0 30 120 20 0 69 53 53
4737 0 0 0 20 0 4737 0 30 120 20 90 71 59 59
4737 0 0 0 20 0 4737 0 30 120 20 180 53 46 46
4737 0 0 0 20 0 4737 0 30 120 40 0 72 56 56
4737 0 0 0 20 0 4737 0 30 120 40 90 69 58 58
4737 0 0 0 20 0 4737 0 30 120 40 180 49 44 44
4737 0 0 0 20 0 4737 0 30 120 60 0 74 58 58
4737 0 0 0 20 0 4737 0 30 120 60 90 65 57 57
4737 0 0 0 20 0 4737 0 30 120 60 180 47 44 44
4737 0 0 0 20 0 4737 0 60 0 0 0 47 45 45
4737 0 0 0 20 0 4737 0 60 0 0 90 56 48 48
4737 0 0 0 20 0 4737 0 60 0 0 180 70 57 57
4737 0 0 0 20 0 4737 0 60 0 20 0 46 45 45
4737 0 0 0 20 0 4737 0 60 0 20 90 61 51 51
4737 0 0 0 20 0 4737 0 60 0 20 180 70 59 59
4737 0 0 0 20 0 4737 0 60 0 40 0 47 47 47
4737 0 0 0 20 0 4737 0 60 0 40 90 64 54 54
4737 0 0 0 20 0 4737 0 60 0 40 180 68 60 60
4737 0 0 0 20 0 4737 0 60 0 60 0 50 49 49
4737 0 0 0 20 0 4737 0 60 0 60 90 66 56 56
4737 0 0 0 20 0 4737 0 60 0 60 180 66 60 60
4737 0 0 0 20 0 4737 0 60 60 0 0 48 46 46
4737 0 0 0 20 0 4737 0 60 60 0 90 67 54 54
4737 0 0 0 20 0 4737 0 60 60 0 180 67 61 61
4737 0 0 0 20 0 4737 0 60 60 20 0 53 49 49
4737 0 0 0 20 0 4737 0 60 60 20 90 69 56 56
4737 0 0 0 20 0 4737 0 60 60 20 180 64 59 59
4737 0 0 0 20 0 4737 0 60 60 40 0 58 52 52
4737 0 0 0 20 0 4737 0 60 60 40 90 69 58 58
4737 0 0 0 20 0 4737 0 60 60 40 180 60 56 56
4737 0 0 0 20 0 4737 0 60 60 60 0 61 55 55
4737 0 0 0 20 0 4737 0 60 60 60 90 70 59 59
4737 0 0 0 20 0 4737 0 60 60 60 180 55 53 53
4737 0 0 0 20 0 4737 0 60 120 0 0 63 51 51
4737 0 0 0 20 0 4737 0 60 120 0 90 69 60 60
4737 0 0 0 20 0 4737 0 60 120 0 180 57 51 51
4737 0 0 0 20 0 4737 0 60 120 20 0 65 53 53
4737 0 0 0 20 0 4737 0 60 120 20 90 67 61 61
4737 0 0 0 20 0 4737 0 60 120 20 180 52 50 50
4737 0 0 0 20 0 4737 0 60 120 40 0 67 56 56
4737 0 0 0 20 0 4737 0 60 120 40 90 65 60 60
4737 0 0 0 20 0 4737 0 60 120 40 180 47 49 49
4737 0 0 0 20 0 4737 0 60 120 60 0 68 58 58
4737 0 0 0 20 0 4737 0 60 120 60 90 61 59 59
4737 0 0 0 20 0 4737 0 60 120 60 180 45 48 48
4737 0 0 0 20 0 4737 0 0 0 0 0 45 39 39
4737 0 0 0 20 0 4737 0 0 0 0 90 55 47 47
4737 0 0 0 20 0 4737 0 0 0 0 180 73 63 63
4737 0 0 0 20 0 4737 0 0 0 20 0 45 39 39
4737 0 0 0 20 0 4737 0 0 0 20 90 60 52 52
4737 0 0 0 20 0 4737 0 0 0 20 180 73 63 63
4737 0 0 0 20 0 4737 0 0 0 40 0 47 40 40
4737 0 0 0 20 0 4737 0 0 0 40 90 64 55 55
4737 0 0 0 20 0 4737 0 0 0 40 180 72 62 62
4737 0 0 0 20 0 4737 0 0 0 60 0 51 44 44
4737 0 0 0 20 0 4737 0 0 0 60 90 68 59 59
4737 0 0 0 20 0 4737 0 0 0 60 180 70 60 60
4737 0 0 0 20 0 4737 0 0 60 0 0 51 44 44
4737 0 0 0 20 0 4737 0 0 60 0 90 68 59 59
4737 0 0 0 20 0 4737 0 0 60 0 180 70 60 60
4737 0 0 0 20 0 4737 0 0 60 20 0 57 50 50
4737 0 0 0 20 0 4737 0 0 60 20 90 71 61 61
4737 0 0 0 20 0 4737 0 0 60 20 180 67 58 58
4737 0 0 0 20 0 4737 0 0 60 40 0 62 55 55
4737 0 0 0 20 0 4737 0 0 60 40 90 74 63 63
4737 0 0 0 20 0 4737 0 0 60 40 180 63 55 55
4737 0 0 0 20 0 4737 0 0 60 60 0 67 59 59
4737 0 0 0 20 0 4737 0 0 60 60 90 76 64 64
4737 0 0 0 20 0 4737 0 0 60 60 180 59 51 51
4737 0 0 0 20 0 4737 0 0 120 0 0 67 59 59
4737 0 0 0 20 0 4737 0 0 120 0 90 76 64 64
4737 0 0 0 20 0 4737 0 0 120 0 180 59 51 51
4737 0 0 0 20 0 4737 0 0 120 20 0 71 62 62
4737 0 0 0 20 0 4737 0 0 120 20 90 75 64 64
4737 0 0 0 20 0 4737 0 0 120 20 180 54 49 49
4737 0 0 0 20 0 4737 0 0 120 40 0 74 64 64
4737 0 0 0 20 0 4737 0 0 120 40 90 73 63 63
4737 0 0 0 20 0 4737 0 0 120 40 180 52 46 46
4737 0 0 0 20 0 4737 0 0 120 60 0 76 64 64
4737 0 0 0 20 0 4737 0 0 120 60 90 70 61 61
4737 0 0 0 20 0 4737 0 0 120 60 180 51 45 45
4737 0 0 0 20 0 4737 0 30 0 0 0 45 39 39
4737 0 0 0 20 0 4737 0 30 0 0 90 54 43 43
4737 0 0 0 20 0 4737 0 30 0 0 180 72 56 56
4737 0 0 0 20 0 4737 0 30 0 20 0 44 39 39
4737 0 0 0 20 0 4737 0 30 0 20 90 59 46 46
4737 0 0 0 20 0 4737 0 30 0 20 180 72 57 57
4737 0 0 0 20 0 4737 0 30 0 40 0 46 42 42
4737 0 0 0 20 0 4737 0 30 0 40 90 64 50 50
4737 0 0 0 20 0 4737 0 30 0 40 180 71 58 58
4737 0 0 0 20 0 4737 0 30 0 60 0 50 45 45
4737 0 0 0 20 0 4737 0 30 0 60 90 67 53 53
4737 0 0 0 20 0 4737 0 30 0 60 180 69 59 59
4737 0 0 0 20 0 4737 0 30 60 0 0 50 44 44
4737 0 0 0 20 0 4737 0 30 60 0 90 67 54 54
4737 0 0 0 20 0 4737 0 30 60 0 180 69 59 59
4737 0 0 0 20 0 4737 0 30 60 20 0 56 48 48
4737 0 0 0 20 0 4737 0 30 60 20 90 70 57 57
4737 0 0 0 20 0 4737 0 30 60 20 180 66 58 58
4737 0 0 0 20 0 4737 0 30 60 40 0 61 52 52
4737 0 0 0 20 0 4737 0 30 60 40 90 73 59 59
4737 0 0 0 20 0 4737 0 30 60 40 180 62 56 56
4737 0 0 0 20 0 4737 0 30 60 60 0 66 56 56
4737 0 0 0 20 0 4737 0 30 60 60 90 74 61 61
4737 0 0 0 20 0 4737 0 30 60 60 180 58 53 53
4737 0 0 0 20 0 4737 0 30 120 0 0 66 54 54
4737 0 0 0 20 0 4737 0 30 120 0 90 75 62 62
4737 0 0 0 20 0 4737 0 30 120 0 180 58 51 51
4737 0 0 0 20 0 4737 0 30 120 20 0 70 57 57
4737 0 0 0 20 0 4737 0 30 120 20 90 74 63 63
4737 0 0 0 20 0 4737 0 30 120 20 180 54 49 49
4737 0 0 0 20 0 4737 0 30 120 40 0 73 60 60
4737 0 0 0 20 0 4737 0 30 120 40 90 72 63 63
4737 0 0 0 20 0 4737 0 30 120 40 180 51 48 48
4737 0 0 0 20 0 4737 0 30 120 60 0 74 62 62
4737 0 0 0 20 0 4737 0 30 120 60 90 69 62 62
4737 0 0 0 20 0 4737 0 30 120 60 180 50 48 48
4737 0 0 0 20 0 4737 0 60 0 0 0 44 44 44
4737 0 0 0 20 0 4737 0 60 0 0 90 51 45 45
4737 0 0 0 20 0 4737 0 60 0 0 180 68 55 55
4737 0 0 0 20 0 4737 0 60 0 20 0 43 44 44
4737 0 0 0 20 0 4737 0 60 0 20 90 56 47 47
4737 0 0 0 20 0 4737 0 60 0 20 180 68 57 57
4737 0 0 0 20 0 4737 0 60 0 40 0 45 45 45
4737 0 0 0 20 0 4737 0 60 0 40 90 60 50 50
4737 0 0 0 20 0 4737 0 60 0 40 180 67 59 59
4737 0 0 0 20 0 4737 0 60 0 60 0 48 47 47
4737 0 0 0 20 0 4737 0 60 0 60 90 63 53 53
4737 0 0 0 20 0 4737 0 60 0 60 180 64 59 59
4737 0 0 0 20 0 4737 0 60 60 0 0 47 48 48
4737 0 0 0 20 0 4737 0 60 60 0 90 64 55 55
4737 0 0 0 20 0 4737 0 60 60 0 180 65 64 64
4737 0 0 0 20 0 4737 0 60 60 20 0 53 51 51
4737 0 0 0 20 0 4737 0 60 60 20 90 66 58 58
4737 0 0 0 20 0 4737 0 60 60 20 180 62 63 63
4737 0 0 0 20 0 4737 0 60 60 40 0 58 55 55
4737 0 0 0 20 0 4737 0 60 60 40 90 68 61 61
4737 0 0 0 20 0 4737 0 60 60 40 180 59 60 60
4737 0 0 0 20 0 4737 0 60 60 60 0 62 58 58
4737 0 0 0 20 0 4737 0 60 60 60 90 69 63 63
4737 0 0 0 20 0 4737 0 60 60 60 180 55 57 57
4737 0 0 0 20 0 4737 0 60 120 0 0 63 56 56
4737 0 0 0 20 0 4737 0 60 120 0 90 70 64 64
4737 0 0 0 20 0 4737 0 60 120 0 180 57 56 56
4737 0 0 0 20 0 4737 0 60 120 20 0 66 59 59
4737 0 0 0 20 0 4737 0 60 120 20 90 69 66 66
4737 0 0 0 20 0 4737 0 60 120 20 180 52 55 55
4737 0 0 0 20 0 4737 0 60 120 40 0 68 62 62
4737 0 0 0 20 0 4737 0 60 120 40 90 67 66 66
4737 0 0 0 20 0 4737 0 60 120 40 180 48 54 54
4737 0 0 0 20 0 4737 0 60 120 60 0 69 64 64
4737 0 0 0 20 0 4737 0 60 120 60 90 65 65 65
4737 0 0 0 20 0 4737 0 60 120 60 180 47 53 53
4737 0 0 0 20 0 4737 0 0 0 0 0 43 36 36
4737 0 0 0 20 0 4737 0 0 0 0 90 50 43 43
4737 0 0 0 20 0 4737 0 0 0 0 180 70 61 61
4737 0 0 0 20 0 4737 0 0 0 20 0 42 35 35
4737 0 0 0 20 0 4737 0 0 0 20 90 55 47 47
4737 0 0 0 20 0 4737 0 0 0 20 180 71 61 61
4737 0 0 0 20 0 4737 0 0 0 40 0 46 39 39
4737 0 0 0 20 0 4737 0 0 0 40 90 60 51 51
4737 0 0 0 20 0 4737 0 0 0 40 180 70 60 60
4737 0 0 0 20 0 4737 0 0 0 60 0 51 44 44
4737 0 0 0 20 0 4737 0 0 0 60 90 65 55 55
4737 0 0 0 20 0 4737 0 0 0 60 180 68 58 58
4737 0 0 0 20 0 4737 0 0 60 0 0 51 44 44
4737 0 0 0 20 0 4737 0 0 60 0 90 65 55 55
4737 0 0 0 20 0 4737 0 0 60 0 180 68 58 58
4737 0 0 0 20 0 4737 0 0 60 20 0 57 50 50
4737 0 0 0 20 0 4737 0 0 60 20 90 69 59 59
4737 0 0 0 20 0 4737 0 0 60 20 180 65 56 56
4737 0 0 0 20 0 4737 0 0 60 40 0 62 55 55
4737 0 0 0 20 0 4737 0 0 60 40 90 72 62 62
4737 0 0 0 20 0 4737 0 0 60 40 180 62 53 53
4737 0 0 0 20 0 4737 0 0 60 60 0 68 59 59
4737 0 0 0 20 0 4737 0 0 60 60 90 75 64 64
4737 0 0 0 20 0 4737 0 0 60 60 180 59 51 51
4737 0 0 0 20 0 4737 0 0 120 0 0 68 59 59
4737 0 0 0 20 0 4737 0 0 120 0 90 75 64 64
4737 0 0 0 20 0 4737 0 0 120 0 180 59 51 51
4737 0 0 0 20 0 4737 0 0 120 20 0 72 63 63
4737 0 0 0 20 0 4737 0 0 120 20 90 76 64 64
4737 0 0 0 20 0 4737 0 0 120 20 180 56 50 50
4737 0 0 0 20 0 4737 0 0 120 40 0 75 64 64
4737 0 0 0 20 0 4737 0 0 120 40 90 75 64 64
4737 0 0 0 20 0 4737 0 0 120 40 180 55 49 49
4737 0 0 0 20 0 4737 0 0 120 60 0 76 64 64
4737 0 0 0 20 0 4737 0 0 120 60 90 73 64 64
4737 0 0 0 20 0 4737 0 0 120 60 180 54 49 49
4737 0 0 0 20 0 4737 0 30 0 0 0 43 38 38
4737 0 0 0 20 0 4737 0 30 0 0 90 49 38 38
4737 0 0 0 20 0 4737 0 30 0 0 180 70 54 54
4737 0 0 0 20 0 4737 0 30 0 20 0 41 37 37
4737 0 0 0 20 0 4737 0 30 0 20 90 55 42 42
4737 0 0 0 20 0 4737 0 30 0 20 180 70 56 56
4737 0 0 0 20 0 4737 0 30 0 40 0 45 40 40
4737 0 0 0 20 0 4737 0 30 0 40 90 59 46 46
4737 0 0 0 20 0 4737 0 30 0 40 180 69 57 57
4737 0 0 0 20 0 4737 0 30 0 60 0 50 44 44
4737 0 0 0 20 0 4737 0 30 0 60 90 64 50 50
4737 0 0 0 20 0 4737 0 30 0 60 180 67 58 58
4737 0 0 0 20 0 4737 0 30 60 0 0 50 45 45
4737 0 0 0 20 0 4737 0 30 60 0 90 63 53 53
4737 0 0 0 20 0 4737 0 30 60 0 180 67 60 60
4737 0 0 0 20 0 4737 0 30 60 20 0 55 49 49
4737 0 0 0 20 0 4737 0 30 60 20 90 67 57 57
4737 0 0 0 20 0 4737 0 30 60 20 180 64 59 59
4737 0 0 0 20 0 4737 0 30 60 40 0 61 54 54
4737 0 0 0 20 0 4737 0 30 60 40 90 71 60 60
4737 0 0 0 20 0 4737 0 30 60 40 180 61 57 57
4737 0 0 0 20 0 4737 0 30 60 60 0 66 58 58
4737 0 0 0 20 0 4737 0 30 60 60 90 73 63 63
4737 0 0 0 20 0 4737 0 30 60 60 180 58 56 56
4737 0 0 0 20 0 4737 0 30 120 0 0 67 57 57
4737 0 0 0 20 0 4737 0 30 120 0 90 74 64 64
4737 0 0 0 20 0 4737 0 30 120 0 180 58 53 53
4737 0 0 0 20 0 4737 0 30 120 20 0 71 61 61
4737 0 0 0 20 0 4737 0 30 120 20 90 75 66 66
4737 0 0 0 20 0 4737 0 30 120 20 180 55 52 52
4737 0 0 0 20 0 4737 0 30 120 40 0 74 64 64
4737 0 0 0 20 0 4737 0 30 120 40 90 74 66 66
4737 0 0 0 20 0 4737 0 30 120 40 180 54 52 52
4737 0 0 0 20 0 4737 0 30 120 60 0 74 66 66
4737 0 0 0 20 0 4737 0 30 120 60 90 72 66 66
4737 0 0 0 20 0 4737 0 30 120 60 180 53 52 52
4737 0 0 0 20 0 4737 0 60 0 0 0 42 42 42
4737 0 0 0 20 0 4737 0 60 0 0 90 47 42 42
4737 0 0 0 20 0 4737 0 60 0 0 180 65 53 53
4737 0 0 0 20 0 4737 0 60 0 20 0 41 42 42
4737 0 0 0 20 0 4737 0 60 0 20 90 52 44 44
4737 0 0 0 20 0 4737 0 60 0 20 180 65 55 55
4737 0 0 0 20 0 4737 0 60 0 40 0 43 43 43
4737 0 0 0 20 0 4737 0 60 0 40 90 56 47 47
4737 0 0 0 20 0 4737 0 60 0 40 180 64 57 57
4737 0 0 0 20 0 4737 0 60 0 60 0 47 46 46
4737 0 0 0 20 0 4737 0 60 0 60 90 59 50 50
4737 0 0 0 20 0 4737 0 60 0 60 180 62 59 59
4737 0 0 0 20 0 4737 0 60 60 0 0 47 51 51
4737 0 0 0 20 0 4737 0 60 60 0 90 60 56 56
4737 0 0 0 20 0 4737 0 60 60 0 180 63 66 66
4737 0 0 0 20 0 4737 0 60 60 20 0 52 54 54
4737 0 0 0 20 0 4737 0 60 60 20 90 63 60 60
4737 0 0 0 20 0 4737 0 60 60 20 180 60 66 66
4737 0 0 0 20 0 4737 0 60 60 40 0 57 57 57
4737 0 0 0 20 0 4737 0 60 60 40 90 65 63 63
4737 0 0 0 20 0 4737 0 60 60 40 180 57 63 63
4737 0 0 0 20 0 4737 0 60 60 60 0 62 62 62
4737 0 0 0 20 0 4737 0 60 60 60 90 67 66 66
4737 0 0 0 20 0 4737 0 60 60 60 180 54 62 62
4737 0 0 0 20 0 4737 0 60 120 0 0 63 61 61
4737 0 0 0 20 0 4737 0 60 120 0 90 70 68 68
4737 0 0 0 20 0 4737 0 60 120 0 180 56 61 61
4737 0 0 0 20 0 4737 0 60 120 20 0 67 65 65
4737 0 0 0 20 0 4737 0 60 120 20 90 69 70 70
4737 0 0 0 20 0 4737 0 60 120 20 180 53 60 60
4737 0 0 0 20 0 4737 0 60 120 40 0 68 68 68
4737 0 0 0 20 0 4737 0 60 120 40 90 68 71 71
4737 0 0 0 20 0 4737 0 60 120 40 180 50 60 60
4737 0 0 0 20 0 4737 0 60 120 60 0 69 69 69
4737 0 0 0 20 0 4737 0 60 120 60 90 67 70 70
4737 0 0 0 20 0 4737 0 60 120 60 180 50 59 59
4737 0 0 0 20 0 4737 0 0 0 0 0 42 35 35
4737 0 0 0 20 0 4737 0 0 0 0 90 46 38 38
4737 0 0 0 20 0 4737 0 0 0 0 180 68 58 58
4737 0 0 0 20 0 4737 0 0 0 20 0 40 33 33
4737 0 0 0 20 0 4737 0 0 0 20 90 51 43 43
4737 0 0 0 20 0 4737 0 0 0 20 180 68 58 58
4737 0 0 0 20 0 4737 0 0 0 40 0 46 38 38
4737 0 0 0 20 0 4737 0 0 0 40 90 56 47 47
4737 0 0 0 20 0 4737 0 0 0 40 180 67 57 57
4737 0 0 0 20 0 4737 0 0 0 60 0 51 44 44
4737 0 0 0 20 0 4737 0 0 0 60 90 61 51 51
4737 0 0 0 20 0 4737 0 0 0 60 180 66 56 56
4737 0 0 0 20 0 4737 0 0 60 0 0 51 44 44
4737 0 0 0 20 0 4737 0 0 60 0 90 61 51 51
4737 0 0 0 20 0 4737 0 0 60 0 180 66 56 56
4737 0 0 0 20 0 4737 0 0 60 20 0 57 49 49
4737 0 0 0 20 0 4737 0 0 60 20 90 65 55 55
4737 0 0 0 20 0 4737 0 0 60 20 180 64 54 54
4737 0 0 0 20 0 4737 0 0 60 40 0 62 54 54
4737 0 0 0 20 0 4737 0 0 60 40 90 69 59 59
4737 0 0 0 20 0 4737 0 0 60 40 180 61 51 51
4737 0 0 0 20 0 4737 0 0 60 60 0 68 58 58
4737 0 0 0 20 0 4737 0 0 60 60 90 73 62 62
4737 0 0 0 20 0 4737 0 0 60 60 180 59 51 51
4737 0 0 0 20 0 4737 0 0 120 0 0 68 58 58
4737 0 0 0 20 0 4737 0 0 120 0 90 73 62 62
4737 0 0 0 20 0 4737 0 0 120 0 180 59 51 51
4737 0 0 0 20 0 4737 0 0 120 20 0 72 62 62
4737 0 0 0 20 0 4737 0 0 120 20 90 76 64 64
4737 0 0 0 20 0 4737 0 0 120 20 180 59 52 52
4737 0 0 0 20 0 4737 0 0 120 40 0 76 64 64
4737 0 0 0 20 0 4737 0 0 120 40 90 76 64 64
4737 0 0 0 20 0 4737 0 0 120 40 180 58 52 52
4737 0 0 0 20 0 4737 0 0 120 60 0 76 64 64
4737 0 0 0 20 0 4737 0 0 120 60 90 75 64 64
4737 0 0 0 20 0 4737 0 0 120 60 180 57 52 52
4737 0 0 0 20 0 4737 0 30 0 0 0 42 37 37
4737 0 0 0 20 0 4737 0 30 0 0 90 45 35 35
4737 0 0 0 20 0 4737 0 30 0 0 180 67 54 54
4737 0 0 0 20 0 4737 0 30 0 20 0 39 36 36
4737 0 0 0 20 0 4737 0 30 0 20 90 50 39 39
4737 0 0 0 20 0 4737 0 30 0 20 180 67 55 55
4737 0 0 0 20 0 4737 0 30 0 40 0 45 38 38
4737 0 0 0 20 0 4737 0 30 0 40 90 55 43 43
4737 0 0 0 20 0 4737 0 30 0 40 180 66 56 56
4737 0 0 0 20 0 4737 0 30 0 60 0 50 42 42
4737 0 0 0 20 0 4737 0 30 0 60 90 60 47 47
4737 0 0 0 20 0 4737 0 30 0 60 180 65 56 56
4737 0 0 0 20 0 4737 0 30 60 0 0 50 46 46
4737 0 0 0 20 0 4737 0 30 60 0 90 60 52 52
4737 0 0 0 20 0 4737 0 30 60 0 180 65 61 61
4737 0 0 0 20 0 4737 0 30 60 20 0 55 51 51
4737 0 0 0 20 0 4737 0 30 60 20 90 64 56 56
4737 0 0 0 20 0 4737 0 30 60 20 180 63 60 60
4737 0 0 0 20 0 4737 0 30 60 40 0 61 55 55
4737 0 0 0 20 0 4737 0 30 60 40 90 68 60 60
4737 0 0 0 20 0 4737 0 30 60 40 180 60 59 59
4737 0 0 0 20 0 4737 0 30 60 60 0 66 60 60
4737 0 0 0 20 0 4737 0 30 60 60 90 71 64 64
4737 0 0 0 20 0 4737 0 30 60 60 180 58 59 59
4737 0 0 0 20 0 4737 0 30 120 0 0 67 60 60
4737 0 0 0 20 0 4737 0 30 120 0 90 72 65 65
4737 0 0 0 20 0 4737 0 30 120 0 180 58 56 56
4737 0 0 0 20 0 4737 0 30 120 20 0 71 64 64
4737 0 0 0 20 0 4737 0 30 120 20 90 74 68 68
4737 0 0 0 20 0 4737 0 30 120 20 180 58 56 56
4737 0 0 0 20 0 4737 0 30 120 40 0 74 68 68
4737 0 0 0 20 0 4737 0 30 120 40 90 74 70 70
4737 0 0 0 20 0 4737 0 30 120 40 180 56 56 56
4737 0 0 0 20 0 4737 0 30 120 60 0 74 70 70
4737 0 0 0 20 0 4737 0 30 120 60 90 74 70 70
4737 0 0 0 20 0 4737 0 30 120 60 180 56 56 56
4737 0 0 0 20 0 4737 0 60 0 0 0 41 41 41
4737 0 0 0 20 0 4737 0 60 0 0 90 44 40 40
4737 0 0 0 20 0 4737 0 60 0 0 180 62 52 52
4737 0 0 0 20 0 4737 0 60 0 20 0 40 41 41
4737 0 0 0 20 0 4737 0 60 0 20 90 48 41 41
4737 0 0 0 20 0 4737 0 60 0 20 180 61 54 54
4737 0 0 0 20 0 4737 0 60 0 40 0 43 42 42
4737 0 0 0 20 0 4737 0 60 0 40 90 52 44 44
4737 0 0 0 20 0 4737 0 60 0 40 180 61 56 56
4737 0 0 0 20 0 4737 0 60 0 60 0 47 44 44
4737 0 0 0 20 0 4737 0 60 0 60 90 56 47 47
4737 0 0 0 20 0 4737 0 60 0 60 180 59 57 57
4737 0 0 0 20 0 4737 0 60 60 0 0 46 54 54
4737 0 0 0 20 0 4737 0 60 60 0 90 55 58 58
4737 0 0 0 20 0 4737 0 60 60 0 180 61 68 68
4737 0 0 0 20 0 4737 0 60 60 20 0 51 57 57
4737 0 0 0 20 0 4737 0 60 60 20 90 59 61 61
4737 0 0 0 20 0 4737 0 60 60 20 180 58 68 68
4737 0 0 0 20 0 4737 0 60 60 40 0 56 61 61
4737 0 0 0 20 0 4737 0 60 60 40 90 62 65 65
4737 0 0 0 20 0 4737 0 60 60 40 180 56 66 66
4737 0 0 0 20 0 4737 0 60 60 60 0 61 65 65
4737 0 0 0 20 0 4737 0 60 60 60 90 65 69 69
4737 0 0 0 20 0 4737 0 60 60 60 180 54 66 66
4737 0 0 0 20 0 4737 0 60 120 0 0 63 66 66
4737 0 0 0 20 0 4737 0 60 120 0 90 68 72 72
4737 0 0 0 20 0 4737 0 60 120 0 180 55 66 66
4737 0 0 0 20 0 4737 0 60 120 20 0 67 70 70
4737 0 0 0 20 0 4737 0 60 120 20 90 68 75 75
4737 0 0 0 20 0 4737 0 60 120 20 180 54 66 66
4737 0 0 0 20 0 4737 0 60 120 40 0 68 73 73
4737 0 0 0 20 0 4737 0 60 120 40 90 68 76 76
4737 0 0 0 20 0 4737 0 60 120 40 180 52 66 66
4737 0 0 0 20 0 4737 0 60 120 60 0 68 74 74
4737 0 0 0 20 0 4737 0 60 120 60 90 67 75 75
4737 0 0 0 20 0 4737 0 60 120 60 180 52 65 65
4737 0 0 0 40 0 4737 0 0 0 0 0 50 44 44
4737 0 0 0 40 0 4737 0 0 0 0 90 54 47 47
4737 0 0 0 40 0 4737 0 0 0 0 180 73 63 63
4737 0 0 0 40 0 4737 0 0 0 20 0 48 42 42
4737 0 0 0 40 0 4737 0 0 0 20 90 59 52 52
4737 0 0 0 40 0 4737 0 0 0 20 180 75 64 64
4737 0 0 0 40 0 4737 0 0 0 40 0 48 42 42
4737 0 0 0 40 0 4737 0 0 0 40 90 64 56 56
4737 0 0 0 40 0 4737 0 0 0 40 180 75 64 64
4737 0 0 0 40 0 4737 0 0 0 60 0 49 43 43
4737 0 0 0 40 0 4737 0 0 0 60 90 68 59 59
4737 0 0 0 40 0 4737 0 0 0 60 180 74 63 63
4737 0 0 0 40 0 4737 0 0 60 0 0 49 43 43
4737 0 0 0 40 0 4737 0 0 60 0 90 68 59 59
4737 0 0 0 40 0 4737 0 0 60 0 180 74 63 63
4737 0 0 0 40 0 4737 0 0 60 20 0 51 45 45
4737 0 0 0 40 0 4737 0 0 60 20 90 71 62 62
4737 0 0 0 40 0 4737 0 0 60 20 180 71 61 61
4737 0 0 0 40 0 4737 0 0 60 40 0 56 50 50
4737 0 0 0 40 0 4737 0 0 60 40 90 74 63 63
4737 0 0 0 40 0 4737 0 0 60 40 180 68 59 59
4737 0 0 0 40 0 4737 0 0 60 60 0 62 54 54
4737 0 0 0 40 0 4737 0 0 60 60 90 75 64 64
4737 0 0 0 40 0 4737 0 0 60 60 180 64 56 56
4737 0 0 0 40 0 4737 0 0 120 0 0 62 54 54
4737 0 0 0 40 0 4737 0 0 120 0 90 75 64 64
4737 0 0 0 40 0 4737 0 0 120 0 180 64 56 56
4737 0 0 0 40 0 4737 0 0 120 20 0 66 58 58
4737 0 0 0 40 0 4737 0 0 120 20 90 75 64 64
4737 0 0 0 40 0 4737 0 0 120 20 180 59 52 52
4737 0 0 0 40 0 4737 0 0 120 40 0 70 60 60
4737 0 0 0 40 0 4737 0 0 120 40 90 72 62 62
4737 0 0 0 40 0 4737 0 0 120 40 180 53 47 47
4737 0 0 0 40 0 4737 0 0 120 60 0 73 63 63
4737 0 0 0 40 0 4737 0 0 120 60 90 69 60 60
4737 0 0 0 40 0 4737 0 0 120 60 180 50 44 44
4737 0 0 0 40 0 4737 0 30 0 0 0 50 42 42
4737 0 0 0 40 0 4737 0 30 0 0 90 53 44 44
4737 0 0 0 40 0 4737 0 30 0 0 180 72 55 55
4737 0 0 0 40 0 4737 0 30 0 20 0 48 40 40
4737 0 0 0 40 0 4737 0 30 0 20 90 58 47 47
4737 0 0 0 40 0 4737 0 30 0 20 180 74 57 57
4737 0 0 0 40 0 4737 0 30 0 40 0 47 42 42
4737 0 0 0 40 0 4737 0 30 0 40 90 64 50 50
4737 0 0 0 40 0 4737 0 30 0 40 180 74 58 58
4737 0 0 0 40 0 4737 0 30 0 60 0 48 44 44
4737 0 0 0 40 0 4737 0 30 0 60 90 67 53 53
4737 0 0 0 40 0 4737 0 30 0 60 180 73 59 59
4737 0 0 0 40 0 4737 0 30 60 0 0 48 41 41
4737 0 0 0 40 0 4737 0 30 60 0 90 67 52 52
4737 0 0 0 40 0 4737 0 30 60 0 180 73 59 59
4737 0 0 0 40 0 4737 0 30 60 20 0 50 45 45
4737 0 0 0 40 0 4737 0 30 60 20 90 71 54 54
4737 0 0 0 40 0 4737 0 30 60 20 180 70 58 58
4737 0 0 0 40 0 4737 0 30 60 40 0 56 48 48
4737 0 0 0 40 0 4737 0 30 60 40 90 73 56 56
4737 0 0 0 40 0 4737 0 30 60 40 180 67 56 56
4737 0 0 0 40 0 4737 0 30 60 60 0 61 51 51
4737 0 0 0 40 0 4737 0 30 60 60 90 74 58 58
4737 0 0 0 40 0 4737 0 30 60 60 180 63 55 55
4737 0 0 0 40 0 4737 0 30 120 0 0 61 47 47
4737 0 0 0 40 0 4737 0 30 120 0 90 75 58 58
4737 0 0 0 40 0 4737 0 30 120 0 180 64 51 51
4737 0 0 0 40 0 4737 0 30 120 20 0 66 51 51
4737 0 0 0 40 0 4737 0 30 120 20 90 74 59 59
4737 0 0 0 40 0 4737 0 30 120 20 180 59 48 48
4737 0 0 0 40 0 4737 0 30 120 40 0 69 53 53
4737 0 0 0 40 0 4737 0 30 120 40 90 71 59 59
4737 0 0 0 40 0 4737 0 30 120 40 180 53 46 46
4737 0 0 0 40 0 4737 0 30 120 60 0 72 56 56
4737 0 0 0 40 0 4737 0 30 120 60 90 69 58 58
4737 0 0 0 40 0 4737 0 30 120 60 180 49 44 44
4737 0 0 0 40 0 4737 0 60 0 0 0 50 46 46
4737 0 0 0 40 0 4737 0 60 0 0 90 50 46 46
4737 0 0 0 40 0 4737 0 60 0 0 180 69 55 55
4737 0 0 0 40 0 4737 0 60 0 20 0 47 45 45
4737 0 0 0 40 0 4737 0 60 0 20 90 56 48 48
4737 0 0 0 40 0 4737 0 60 0 20 180 70 57 57
4737 0 0 0 40 0 4737 0 60 0 40 0 46 45 45
4737 0 0 0 40 0 4737 0 60 0 40 90 61 51 51
4737 0 0 0 40 0 4737 0 60 0 40 180 69 59 59
4737 0 0 0 40 0 4737 0 60 0 60 0 47 47 47
4737 0 0 0 40 0 4737 0 60 0 60 90 64 54 54
4737 0 0 0 40 0 4737 0 60 0 60 180 68 60 60
4737 0 0 0 40 0 4737 0 60 60 0 0 46 44 44
4737 0 0 0 40 0 4737 0 60 60 0 90 64 51 51
4737 0 0 0 40 0 4737 0 60 60 0 180 68 61 61
4737 0 0 0 40 0 4737 0 60 60 20 0 48 46 46
4737 0 0 0 40 0 4737 0 60 60 20 90 67 54 54
4737 0 0 0 40 0 4737 0 60 60 20 180 66 61 61
4737 0 0 0 40 0 4737 0 60 60 40 0 53 49 49
4737 0 0 0 40 0 4737 0 60 60 40 90 68 56 56
4737 0 0 0 40 0 4737 0 60 60 40 180 64 59 59
4737 0 0 0 40 0 4737 0 60 60 60 0 57 52 52
4737 0 0 0 40 0 4737 0 60 60 60 90 69 58 58
4737 0 0 0 40 0 4737 0 60 60 60 180 60 56 56
4737 0 0 0 40 0 4737 0 60 120 0 0 58 48 48
4737 0 0 0 40 0 4737 0 60 120 0 90 70 59 59
4737 0 0 0 40 0 4737 0 60 120 0 180 62 53 53
4737 0 0 0 40 0 4737 0 60 120 20 0 63 51 51
4737 0 0 0 40 0 4737 0 60 120 20 90 69 60 60
4737 0 0 0 40 0 4737 0 60 120 20 180 57 51 51
4737 0 0 0 40 0 4737 0 60 120 40 0 65 54 54
4737 0 0 0 40 0 4737 0 60 120 40 90 67 61 61
4737 0 0 0 40 0 4737 0 60 120 40 180 52 50 50
4737 0 0 0 40 0 4737 0 60 120 60 0 67 56 56
4737 0 0 0 40 0 4737 0 60 120 60 90 65 60 60
4737 0 0 0 40 0 4737 0 60 120 60 180 47 49 49
4737 0 0 0 40 0 4737 0 0 0 0 0 48 42 42
4737 0 0 0 40 0 4737 0 0 0 0 90 49 43 43
4737 0 0 0 40 0 4737 0 0 0 0 180 71 61 61
4737 0 0 0 40 0 4737 0 0 0 20 0 45 39 39
4737 0 0 0 40 0 4737 0 0 0 20 90 54 47 47
4737 0 0 0 40 0 4737 0 0 0 20 180 73 63 63
4737 0 0 0 40 0 4737 0 0 0 40 0 45 39 39
4737 0 0 0 40 0 4737 0 0 0 40 90 60 52 52
4737 0 0 0 40 0 4737 0 0 0 40 180 73 63 63
4737 0 0 0 40 0 4737 0 0 0 60 0 47 40 40
4737 0 0 0 40 0 4737 0 0 0 60 90 64 55 55
4737 0 0 0 40 0 4737 0 0 0 60 180 72 62 62
4737 0 0 0 40 0 4737 0 0 60 0 0 47 40 40
4737 0 0 0 40 0 4737 0 0 60 0 90 64 55 55
4737 0 0 0 40 0 4737 0 0 60 0 180 72 62 62
4737 0 0 0 40 0 4737 0 0 60 20 0 51 44 44
4737 0 0 0 40 0 4737 0 0 60 20 90 68 59 59
4737 0 0 0 40 0 4737 0 0 60 20 180 70 60 60
4737 0 0 0 40 0 4737 0 0 60 40 0 56 50 50
4737 0 0 0 40 0 4737 0 0 60 40 90 71 61 61
4737 0 0 0 40 0 4737 0 0 60 40 180 67 58 58
4737 0 0 0 40 0 4737 0 0 60 60 0 62 55 55
4737 0 0 0 40 0 4737 0 0 60 60 90 74 63 63
4737 0 0 0 40 0 4737 0 0 60 60 180 63 55 55
4737 0 0 0 40 0 4737 0 0 120 0 0 62 55 55
4737 0 0 0 40 0 4737 0 0 120 0 90 74 63 63
4737 0 0 0 40 0 4737 0 0 120 0 180 63 55 55
4737 0 0 0 40 0 4737 0 0 120 20 0 67 59 59
4737 0 0 0 40 0 4737 0 0 120 20 90 76 64 64
4737 0 0 0 40 0 4737 0 0 120 20 180 59 51 51
4737 0 0 0 40 0 4737 0 0 120 40 0 71 62 62
4737 0 0 0 40 0 4737 0 0 120 40 90 75 64 64
4737 0 0 0 40 0 4737 0 0 120 40 180 54 49 49
4737 0 0 0 40 0 4737 0 0 120 60 0 74 64 64
4737 0 0 0 40 0 4737 0 0 120 60 90 73 63 63
4737 0 0 0 40 0 4737 0 0 120 60 180 52 46 46
4737 0 0 0 40 0 4737 0 30 0 0 0 48 41 41
4737 0 0 0 40 0 4737 0 30 0 0 90 48 40 40
4737 0 0 0 40 0 4737 0 30 0 0 180 70 54 54
4737 0 0 0 40 0 4737 0 30 0 20 0 45 39 39
4737 0 0 0 40 0 4737 0 30 0 20 90 54 43 43
4737 0 0 0 40 0 4737 0 30 0 20 180 72 55 55
4737 0 0 0 40 0 4737 0 30 0 40 0 44 39 39
4737 0 0 0 40 0 4737 0 30 0 40 90 59 46 46
4737 0 0 0 40 0 4737 0 30 0 40 180 72 57 57
4737 0 0 0 40 0 4737 0 30 0 60 0 46 42 42
4737 0 0 0 40 0 4737 0 30 0 60 90 63 50 50
4737 0 0 0 40 0 4737 0 30 0 60 180 71 58 58
4737 0 0 0 40 0 4737 0 30 60 0 0 45 41 41
4737 0 0 0 40 0 4737 0 30 60 0 90 63 50 50
4737 0 0 0 40 0 4737 0 30 60 0 180 71 60 60
4737 0 0 0 40 0 4737 0 30 60 20 0 50 44 44
4737 0 0 0 40 0 4737 0 30 60 20 90 67 54 54
4737 0 0 0 40 0 4737 0 30 60 20 180 69 59 59
4737 0 0 0 40 0 4737 0 30 60 40 0 55 48 48
4737 0 0 0 40 0 4737 0 30 60 40 90 70 57 57
4737 0 0 0 40 0 4737 0 30 60 40 180 66 58 58
4737 0 0 0 40 0 4737 0 30 60 60 0 61 52 52
4737 0 0 0 40 0 4737 0 30 60 60 90 73 59 59
4737 0 0 0 40 0 4737 0 30 60 60 180 62 56 56
4737 0 0 0 40 0 4737 0 30 120 0 0 61 50 50
4737 0 0 0 40 0 4737 0 30 120 0 90 73 60 60
4737 0 0 0 40 0 4737 0 30 120 0 180 63 52 52
4737 0 0 0 40 0 4737 0 30 120 20 0 66 54 54
4737 0 0 0 40 0 4737 0 30 120 20 90 75 62 62
4737 0 0 0 40 0 4737 0 30 120 20 180 58 51 51
4737 0 0 0 40 0 4737 0 30 120 40 0 70 57 57
4737 0 0 0 40 0 4737 0 30 120 40 90 73 63 63
4737 0 0 0 40 0 4737 0 30 120 40 180 54 49 49
4737 0 0 0 40 0 4737 0 30 120 60 0 73 60 60
4737 0 0 0 40 0 4737 0 30 120 60 90 72 62 62
4737 0 0 0 40 0 4737 0 30 120 60 180 51 48 48
4737 0 0 0 40 0 4737 0 60 0 0 0 48 45 45
4737 0 0 0 40 0 4737 0 60 0 0 90 47 43 43
4737 0 0 0 40 0 4737 0 60 0 0 180 67 53 53
4737 0 0 0 40 0 4737 0 60 0 20 0 44 44 44
4737 0 0 0 40 0 4737 0 60 0 20 90 51 45 45
4737 0 0 0 40 0 4737 0 60 0 20 180 68 55 55
4737 0 0 0 40 0 4737 0 60 0 40 0 43 44 44
4737 0 0 0 40 0 4737 0 60 0 40 90 56 47 47
4737 0 0 0 40 0 4737 0 60 0 40 180 67 57 57
4737 0 0 0 40 0 4737 0 60 0 60 0 44 45 45
4737 0 0 0 40 0 4737 0 60 0 60 90 60 51 51
4737 0 0 0 40 0 4737 0 60 0 60 180 66 59 59
4737 0 0 0 40 0 4737 0 60 60 0 0 43 46 46
4737 0 0 0 40 0 4737 0 60 60 0 90 60 52 52
4737 0 0 0 40 0 4737 0 60 60 0 180 67 64 64
4737 0 0 0 40 0 4737 0 60 60 20 0 47 49 49
4737 0 0 0 40 0 4737 0 60 60 20 90 64 55 55
4737 0 0 0 40 0 4737 0 60 60 20 180 65 64 64
4737 0 0 0 40 0 4737 0 60 60 40 0 52 51 51
4737 0 0 0 40 0 4737 0 60 60 40 90 66 58 58
4737 0 0 0 40 0 4737 0 60 60 40 180 62 63 63
4737 0 0 0 40 0 4737 0 60 60 60 0 58 55 55
4737 0 0 0 40 0 4737 0 60 60 60 90 68 61 61
4737 0 0 0 40 0 4737 0 60 60 60 180 59 60 60
4737 0 0 0 40 0 4737 0 60 120 0 0 58 53 53
4737 0 0 0 40 0 4737 0 60 120 0 90 70 62 62
4737 0 0 0 40 0 4737 0 60 120 0 180 60 57 57
4737 0 0 0 40 0 4737 0 60 120 20 0 63 56 56
4737 0 0 0 40 0 4737 0 60 120 20 90 70 64 64
4737 0 0 0 40 0 4737 0 60 120 20 180 57 56 56
4737 0 0 0 40 0 4737 0 60 120 40 0 66 59 59
4737 0 0 0 40 0 4737 0 60 120 40 90 68 66 66
4737 0 0 0 40 0 4737 0 60 120 40 180 52 55 55
4737 0 0 0 40 0 4737 0 60 120 60 0 68 62 62
4737 0 0 0 40 0 4737 0 60 120 60 90 67 66 66
4737 0 0 0 40 0 4737 0 60 120 60 180 48 54 54
4737 0 0 0 40 0 4737 0 0 0 0 0 48 41 41
4737 0 0 0 40 0 4737 0 0 0 0 90 46 39 39
4737 0 0 0 40 0 4737 0 0 0 0 180 69 59 59
4737 0 0 0 40 0 4737 0 0 0 20 0 43 36 36
4737 0 0 0 40 0 4737 0 0 0 20 90 50 43 43
4737 0 0 0 40 0 4737 0 0 0 20 180 71 61 61
4737 0 0 0 40 0 4737 0 0 0 40 0 42 35 35
4737 0 0 0 40 0 4737 0 0 0 40 90 55 47 47
4737 0 0 0 40 0 4737 0 0 0 40 180 71 61 61
4737 0 0 0 40 0 4737 0 0 0 60 0 45 39 39
4737 0 0 0 40 0 4737 0 0 0 60 90 60 51 51
4737 0 0 0 40 0 4737 0 0 0 60 180 70 60 60
4737 0 0 0 40 0 4737 0 0 60 0 0 45 39 39
4737 0 0 0 40 0 4737 0 0 60 0 90 60 51 51
4737 0 0 0 40 0 4737 0 0 60 0 180 70 60 60
4737 0 0 0 40 0 4737 0 0 60 20 0 51 44 44
4737 0 0 0 40 0 4737 0 0 60 20 90 65 55 55
4737 0 0 0 40 0 4737 0 0 60 20 180 68 58 58
4737 0 0 0 40 0 4737 0 0 60 40 0 57 50 50
4737 0 0 0 40 0 4737 0 0 60 40 90 69 59 59
4737 0 0 0 40 0 4737 0 0 60 40 180 65 56 56
4737 0 0 0 40 0 4737 0 0 60 60 0 62 55 55
4737 0 0 0 40 0 4737 0 0 60 60 90 72 62 62
4737 0 0 0 40 0 4737 0 0 60 60 180 62 53 53
4737 0 0 0 40 0 4737 0 0 120 0 0 62 55 55
4737 0 0 0 40 0 4737 0 0 120 0 90 72 62 62
4737 0 0 0 40 0 4737 0 0 120 0 180 62 53 53
4737 0 0 0 40 0 4737 0 0 120 20 0 67 59 59
4737 0 0 0 40 0 4737 0 0 120 20 90 75 64 64
4737 0 0 0 40 0 4737 0 0 120 20 180 59 51 51
4737 0 0 0 40 0 4737 0 0 120 40 0 72 63 63
4737 0 0 0 40 0 4737 0 0 120 40 90 76 64 64
4737 0 0 0 40 0 4737 0 0 120 40 180 56 50 50
4737 0 0 0 40 0 4737 0 0 120 60 0 75 64 64
4737 0 0 0 40 0 4737 0 0 120 60 90 75 64 64
4737 0 0 0 40 0 4737 0 0 120 60 180 55 49 49
4737 0 0 0 40 0 4737 0 30 0 0 0 48 40 40
4737 0 0 0 40 0 4737 0 30 0 0 90 45 37 37
4737 0 0 0 40 0 4737 0 30 0 0 180 69 52 52
4737 0 0 0 40 0 4737 0 30 0 20 0 43 38 38
4737 0 0 0 40 0 4737 0 30 0 20 90 49 38 38
4737 0 0 0 40 0 4737 0 30 0 20 180 70 54 54
4737 0 0 0 40 0 4737 0 30 0 40 0 41 37 37
4737 0 0 0 40 0 4737 0 30 0 40 90 55 42 42
4737 0 0 0 40 0 4737 0 30 0 40 180 70 56 56
4737 0 0 0 40 0 4737 0 30 0 60 0 45 40 40
4737 0 0 0 40 0 4737 0 30 0 60 90 59 46 46
4737 0 0 0 40 0 4737 0 30 0 60 180 69 57 57
4737 0 0 0 40 0 4737 0 30 60 0 0 44 41 41
4737 0 0 0 40 0 4737 0 30 60 0 90 59 49 49
4737 0 0 0 40 0 4737 0 30 60 0 180 69 61 61
4737 0 0 0 40 0 4737 0 30 60 20 0 50 45 45
4737 0 0 0 40 0 4737 0 30 60 20 90 63 53 53
4737 0 0 0 40 0 4737 0 30 60 20 180 67 61 61
4737 0 0 0 40 0 4737 0 30 60 40 0 55 49 49
4737 0 0 0 40 0 4737 0 30 60 40 90 67 57 57
4737 0 0 0 40 0 4737 0 30 60 40 180 64 59 59
4737 0 0 0 40 0 4737 0 30 60 60 0 61 54 54
4737 0 0 0 40 0 4737 0 30 60 60 90 71 60 60
4737 0 0 0 40 0 4737 0 30 60 60 180 61 57 57
4737 0 0 0 40 0 4737 0 30 120 0 0 61 53 53
4737 0 0 0 40 0 4737 0 30 120 0 90 71 61 61
4737 0 0 0 40 0 4737 0 30 120 0 180 61 54 54
4737 0 0 0 40 0 4737 0 30 120 20 0 66 57 57
4737 0 0 0 40 0 4737 0 30 120 20 90 74 64 64
4737 0 0 0 40 0 4737 0 30 120 20 180 58 53 53
4737 0 0 0 40 0 4737 0 30 120 40 0 71 61 61
4737 0 0 0 40 0 4737 0 30 120 40 90 74 66 66
4737 0 0 0 40 0 4737 0 30 120 40 180 55 52 52
4737 0 0 0 40 0 4737 0 30 120 60 0 74 64 64
4737 0 0 0 40 0 4737 0 30 120 60 90 73 66 66
4737 0 0 0 40 0 4737 0 30 120 60 180 54 52 52
4737 0 0 0 40 0 4737 0 60 0 0 0 47 44 44
4737 0 0 0 40 0 4737 0 60 0 0 90 44 41 41
4737 0 0 0 40 0 4737 0 60 0 0 180 65 51 51
4737 0 0 0 40 0 4737 0 60 0 20 0 42 43 43
4737 0 0 0 40 0 4737 0 60 0 20 90 47 42 42
4737 0 0 0 40 0 4737 0 60 0 20 180 65 53 53
4737 0 0 0 40 0 4737 0 60 0 40 0 41 42 42
4737 0 0 0 40 0 4737 0 60 0 40 90 52 44 44
4737 0 0 0 40 0 4737 0 60 0 40 180 64 56 56
4737 0 0 0 40 0 4737 0 60 0 60 0 43 43 43
4737 0 0 0 40 0 4737 0 60 0 60 90 56 47 47
4737 0 0 0 40 0 4737 0 60 0 60 180 63 58 58
4737 0 0 0 40 0 4737 0 60 60 0 0 42 49 49
4737 0 0 0 40 0 4737 0 60 60 0 90 55 54 54
4737 0 0 0 40 0 4737 0 60 60 0 180 65 66 66
4737 0 0 0 40 0 4737 0 60 60 20 0 46 51 51
4737 0 0 0 40 0 4737 0 60 60 20 90 59 57 57
4737 0 0 0 40 0 4737 0 60 60 20 180 63 67 67
4737 0 0 0 40 0 4737 0 60 60 40 0 52 54 54
4737 0 0 0 40 0 4737 0 60 60 40 90 63 60 60
4737 0 0 0 40 0 4737 0 60 60 40 180 60 66 66
4737 0 0 0 40 0 4737 0 60 60 60 0 57 58 58
4737 0 0 0 40 0 4737 0 60 60 60 90 65 64 64
4737 0 0 0 40 0 4737 0 60 60 60 180 57 63 63
4737 0 0 0 40 0 4737 0 60 120 0 0 58 57 57
4737 0 0 0 40 0 4737 0 60 120 0 90 68 65 65
4737 0 0 0 40 0 4737 0 60 120 0 180 59 62 62
4737 0 0 0 40 0 4737 0 60 120 20 0 63 61 61
4737 0 0 0 40 0 4737 0 60 120 20 90 69 68 68
4737 0 0 0 40 0 4737 0 60 120 20 180 56 61 61
4737 0 0 0 40 0 4737 0 60 120 40 0 67 65 65
4737 0 0 0 40 0 4737 0 60 120 40 90 69 71 71
4737 0 0 0 40 0 4737 0 60 120 40 180 52 61 61
4737 0 0 0 40 0 4737 0 60 120 60 0 68 68 68
4737 0 0 0 40 0 4737 0 60 120 60 90 68 71 71
4737 0 0 0 40 0 4737 0 60 120 60 180 50 60 60
4737 0 0 0 40 0 4737 0 0 0 0 0 48 40 40
4737 0 0 0 40 0 4737 0 0 0 0 90 44 37 37
4737 0 0 0 40 0 4737 0 0 0 0 180 67 57 57
4737 0 0 0 40 0 4737 0 0 0 20 0 42 35 35
4737 0 0 0 40 0 4737 0 0 0 20 90 46 38 38
4737 0 0 0 40 0 4737 0 0 0 20 180 68 58 58
4737 0 0 0 40 0 4737 0 0 0 40 0 40 33 33
4737 0 0 0 40 0 4737 0 0 0 40 90 51 43 43
4737 0 0 0 40 0 4737 0 0 0 40 180 68 58 58
4737 0 0 0 40 0 4737 0 0 0 60 0 46 38 38
4737 0 0 0 40 0 4737 0 0 0 60 90 56 47 47
4737 0 0 0 40 0 4737 0 0 0 60 180 68 58 58
4737 0 0 0 40 0 4737 0 0 60 0 0 46 38 38
4737 0 0 0 40 0 4737 0 0 60 0 90 56 47 47
4737 0 0 0 40 0 4737 0 0 60 0 180 68 58 58
4737 0 0 0 40 0 4737 0 0 60 20 0 51 44 44
4737 0 0 0 40 0 4737 0 0 60 20 90 61 51 51
4737 0 0 0 40 0 4737 0 0 60 20 180 66 56 56
4737 0 0 0 40 0 4737 0 0 60 40 0 57 49 49
4737 0 0 0 40 0 4737 0 0 60 40 90 65 55 55
4737 0 0 0 40 0 4737 0 0 60 40 180 64 54 54
4737 0 0 0 40 0 4737 0 0 60 60 0 62 54 54
4737 0 0 0 40 0 4737 0 0 60 60 90 69 59 59
4737 0 0 0 40 0 4737 0 0 60 60 180 61 51 51
4737 0 0 0 40 0 4737 0 0 120 0 0 62 54 54
4737 0 0 0 40 0 4737 0 0 120 0 90 69 59 59
4737 0 0 0 40 0 4737 0 0 120 0 180 61 51 51
4737 0 0 0 40 0 4737 0 0 120 20 0 68 58 58
4737 0 0 0 40 0 4737 0 0 120 20 90 73 62 62
4737 0 0 0 40 0 4737 0 0 120 20 180 59 52 52
4737 0 0 0 40 0 4737 0 0 120 40 0 72 62 62
4737 0 0 0 40 0 4737 0 0 120 40 90 76 64 64
4737 0 0 0 40 0 4737 0 0 120 40 180 59 52 52
4737 0 0 0 40 0 4737 0 0 120 60 0 76 64 64
4737 0 0 0 40 0 4737 0 0 120 60 90 76 64 64
4737 0 0 0 40 0 4737 0 0 120 60 180 58 52 52
4737 0 0 0 40 0 4737 0 30 0 0 0 48 40 40
4737 0 0 0 40 0 4737 0 30 0 0 90 44 36 36
4737 0 0 0 40 0 4737 0 30 0 0 180 66 51 51
4737 0 0 0 40 0 4737 0 30 0 20 0 42 37 37
4737 0 0 0 40 0 4737 0 30 0 20 90 45 36 36
4737 0 0 0 40 0 4737 0 30 0 20 180 67 54 54
4737 0 0 0 40 0 4737 0 30 0 40 0 39 36 36
4737 0 0 0 40 0 4737 0 30 0 40 90 50 39 39
4737 0 0 0 40 0 4737 0 30 0 40 180 67 55 55
4737 0 0 0 40 0 4737 0 30 0 60 0 45 38 38
4737 0 0 0 40 0 4737 0 30 0 60 90 55 43 43
4737 0 0 0 40 0 4737 0 30 0 60 180 66 56 56
4737 0 0 0 40 0 4737 0 30 60 0 0 44 42 42
4737 0 0 0 40 0 4737 0 30 60 0 90 55 48 48
4737 0 0 0 40 0 4737 0 30 60 0 180 67 61 61
4737 0 0 0 40 0 4737 0 30 60 20 0 50 46 46
4737 0 0 0 40 0 4737 0 30 60 20 90 59 52 52
4737 0 0 0 40 0 4737 0 30 60 20 180 65 61 61
4737 0 0 0 40 0 4737 0 30 60 40 0 55 51 51
4737 0 0 0 40 0 4737 0 30 60 40 90 64 56 56
4737 0 0 0 40 0 4737 0 30 60 40 180 63 60 60
4737 0 0 0 40 0 4737 0 30 60 60 0 61 55 55
4737 0 0 0 40 0 4737 0 30 60 60 90 68 60 60
4737 0 0 0 40 0 4737 0 30 60 60 180 60 59 59
4737 0 0 0 40 0 4737 0 30 120 0 0 61 56 56
4737 0 0 0 40 0 4737 0 30 120 0 90 68 62 62
4737 0 0 0 40 0 4737 0 30 120 0 180 60 56 56
4737 0 0 0 40 0 4737 0 30 120 20 0 66 60 60
4737 0 0 0 40 0 4737 0 30 120 20 90 72 65 65
4737 0 0 0 40 0 4737 0 30 120 20 180 58 56 56
4737 0 0 0 40 0 4737 0 30 120 40 0 71 64 64
4737 0 0 0 40 0 4737 0 30 120 40 90 74 68 68
4737 0 0 0 40 0 4737 0 30 120 40 180 57 56 56
4737 0 0 0 40 0 4737 0 30 120 60 0 74 68 68
4737 0 0 0 40 0 4737 0 30 120 60 90 74 70 70
4737 0 0 0 40 0 4737 0 30 120 60 180 56 56 56
4737 0 0 0 40 0 4737 0 60 0 0 0 46 43 43
4737 0 0 0 40 0 4737 0 60 0 0 90 44 40 40
4737 0 0 0 40 0 4737 0 60 0 0 180 61 50 50
4737 0 0 0 40 0 4737 0 60 0 20 0 42 41 41
4737 0 0 0 40 0 4737 0 60 0 20 90 44 40 40
4737 0 0 0 40 0 4737 0 60 0 20 180 61 52 52
4737 0 0 0 40 0 4737 0 60 0 40 0 40 41 41
4737 0 0 0 40 0 4737 0 60 0 40 90 48 41 41
4737 0 0 0 40 0 4737 0 60 0 40 180 61 54 54
4737 0 0 0 40 0 4737 0 60 0 60 0 43 42 42
4737 0 0 0 40 0 4737 0 60 0 60 90 52 44 44
4737 0 0 0 40 0 4737 0 60 0 60 180 60 56 56
4737 0 0 0 40 0 4737 0 60 60 0 0 41 52 52
4737 0 0 0 40 0 4737 0 60 60 0 90 50 56 56
4737 0 0 0 40 0 4737 0 60 60 0 180 63 68 68
4737 0 0 0 40 0 4737 0 60 60 20 0 46 55 55
4737 0 0 0 40 0 4737 0 60 60 20 90 54 59 59
4737 0 0 0 40 0 4737 0 60 60 20 180 61 69 69
4737 0 0 0 40 0 4737 0 60 60 40 0 51 58 58
4737 0 0 0 40 0 4737 0 60 60 40 90 59 62 62
4737 0 0 0 40 0 4737 0 60 60 40 180 58 68 68
4737 0 0 0 40 0 4737 0 60 60 60 0 56 62 62
4737 0 0 0 40 0 4737 0 60 60 60 90 62 66 66
4737 0 0 0 40 0 4737 0 60 60 60 180 55 67 67
4737 0 0 0 40 0 4737 0 60 120 0 0 58 62 62
4737 0 0 0 40 0 4737 0 60 120 0 90 65 68 68
4737 0 0 0 40 0 4737 0 60 120 0 180 57 67 67
4737 0 0 0 40 0 4737 0 60 120 20 0 62 67 67
4737 0 0 0 40 0 4737 0 60 120 20 90 68 72 72
4737 0 0 0 40 0 4737 0 60 120 20 180 55 67 67
4737 0 0 0 40 0 4737 0 60 120 40 0 66 71 71
4737 0 0 0 40 0 4737 0 60 120 40 90 68 75 75
4737 0 0 0 40 0 4737 0 60 120 40 180 53 67 67
4737 0 0 0 40 0 4737 0 60 120 60 0 68 73 73
4737 0 0 0 40 0 4737 0 60 120 60 90 68 76 76
4737 0 0 0 40 0 4737 0 60 120 60 180 52 66 66
4737 0 0 0 60 0 4737 0 0 0 0 0 53 47 47
4737 0 0 0 60 0 4737 0 0 0 0 90 50 44 44
4737 0 0 0 60 0 4737 0 0 0 0 180 70 60 60
4737 0 0 0 60 0 4737 0 0 0 20 0 50 44 44
4737 0 0 0 60 0 4737 0 0 0 20 90 54 47 47
4737 0 0 0 60 0 4737 0 0 0 20 180 73 62 62
4737 0 0 0 60 0 4737 0 0 0 40 0 48 42 42
4737 0 0 0 60 0 4737 0 0 0 40 90 59 52 52
4737 0 0 0 60 0 4737 0 0 0 40 180 75 64 64
4737 0 0 0 60 0 4737 0 0 0 60 0 48 42 42
4737 0 0 0 60 0 4737 0 0 0 60 90 64 56 56
4737 0 0 0 60 0 4737 0 0 0 60 180 75 64 64
4737 0 0 0 60 0 4737 0 0 60 0 0 48 42 42
4737 0 0 0 60 0 4737 0 0 60 0 90 64 56 56
4737 0 0 0 60 0 4737 0 0 60 0 180 75 64 64
4737 0 0 0 60 0 4737 0 0 60 20 0 49 43 43
4737 0 0 0 60 0 4737 0 0 60 20 90 68 59 59
4737 0 0 0 60 0 4737 0 0 60 20 180 74 63 63
4737 0 0 0 60 0 4737 0 0 60 40 0 51 45 45
4737 0 0 0 60 0 4737 0 0 60 40 90 71 62 62
4737 0 0 0 60 0 4737 0 0 60 40 180 71 61 61
4737 0 0 0 60 0 4737 0 0 60 60 0 56 50 50
4737 0 0 0 60 0 4737 0 0 60 60 90 74 63 63
4737 0 0 0 60 0 4737 0 0 60 60 180 68 59 59
4737 0 0 0 60 0 4737 0 0 120 0 0 56 50 50
4737 0 0 0 60 0 4737 0 0 120 0 90 74 63 63
4737 0 0 0 60 0 4737 0 0 120 0 180 68 59 59
4737 0 0 0 60 0 4737 0 0 120 20 0 62 54 54
4737 0 0 0 60 0 4737 0 0 120 20 90 75 64 64
4737 0 0 0 60 0 4737 0 0 120 20 180 64 56 56
4737 0 0 0 60 0 4737 0 0 120 40 0 66 58 58
4737 0 0 0 60 0 4737 0 0 120 40 90 75 64 64
4737 0 0 0 60 0 4737 0 0 120 40 180 59 52 52
4737 0 0 0 60 0 4737 0 0 120 60 0 70 60 60
4737 0 0 0 60 0 4737 0 0 120 60 90 72 62 62
4737 0 0 0 60 0 4737 0 0 120 60 180 53 47 47
4737 0 0 0 60 0 4737 0 30 0 0 0 53 44 44
4737 0 0 0 60 0 4737 0 30 0 0 90 49 41 41
4737 0 0 0 60 0 4737 0 30 0 0 180 69 53 53
4737 0 0 0 60 0 4737 0 30 0 20 0 50 42 42
4737 0 0 0 60 0 4737 0 30 0 20 90 53 44 44
4737 0 0 0 60 0 4737 0 30 0 20 180 72 55 55
4737 0 0 0 60 0 4737 0 30 0 40 0 48 41 41
4737 0 0 0 60 0 4737 0 30 0 40 90 58 47 47
4737 0 0 0 60 0 4737 0 30 0 40 180 74 57 57
4737 0 0 0 60 0 4737 0 30 0 60 0 47 42 42
4737 0 0 0 60 0 4737 0 30 0 60 90 64 50 50
4737 0 0 0 60 0 4737 0 30 0 60 180 74 58 58
4737 0 0 0 60 0 4737 0 30 60 0 0 47 39 39
4737 0 0 0 60 0 4737 0 30 60 0 90 63 48 48
4737 0 0 0 60 0 4737 0 30 60 0 180 74 59 59
4737 0 0 0 60 0 4737 0 30 60 20 0 48 41 41
4737 0 0 0 60 0 4737 0 30 60 20 90 67 51 51
4737 0 0 0 60 0 4737 0 30 60 20 180 73 59 59
4737 0 0 0 60 0 4737 0 30 60 40 0 50 44 44
4737 0 0 0 60 0 4737 0 30 60 40 90 71 54 54
4737 0 0 0 60 0 4737 0 30 60 40 180 70 58 58
4737 0 0 0 60 0 4737 0 30 60 60 0 55 48 48
4737 0 0 0 60 0 4737 0 30 60 60 90 73 56 56
4737 0 0 0 60 0 4737 0 30 60 60 180 67 56 56
4737 0 0 0 60 0 4737 0 30 120 0 0 56 44 44
4737 0 0 0 60 0 4737 0 30 120 0 90 73 57 57
4737 0 0 0 60 0 4737 0 30 120 0 180 67 53 53
4737 0 0 0 60 0 4737 0 30 120 20 0 61 47 47
4737 0 0 0 60 0 4737 0 30 120 20 90 75 58 58
4737 0 0 0 60 0 4737 0 30 120 20 180 64 51 51
4737 0 0 0 60 0 4737 0 30 120 40 0 66 50 50
4737 0 0 0 60 0 4737 0 30 120 40 90 73 59 59
4737 0 0 0 60 0 4737 0 30 120 40 180 59 48 48
4737 0 0 0 60 0 4737 0 30 120 60 0 69 53 53
4737 0 0 0 60 0 4737 0 30 120 60 90 71 59 59
4737 0 0 0 60 0 4737 0 30 120 60 180 53 46 46
4737 0 0 0 60 0 4737 0 60 0 0 0 53 47 47
4737 0 0 0 60 0 4737 0 60 0 0 90 47 44 44
4737 0 0 0 60 0 4737 0 60 0 0 180 66 53 53
4737 0 0 0 60 0 4737 0 60 0 20 0 50 46 46
4737 0 0 0 60 0 4737 0 60 0 20 90 50 46 46
4737 0 0 0 60 0 4737 0 60 0 20 180 69 55 55
4737 0 0 0 60 0 4737 0 60 0 40 0 47 45 45
4737 0 0 0 60 0 4737 0 60 0 40 90 55 48 48
4737 0 0 0 60 0 4737 0 60 0 40 180 69 57 57
4737 0 0 0 60 0 4737 0 60 0 60 0 45 46 46
4737 0 0 0 60 0 4737 0 60 0 60 90 60 51 51
4737 0 0 0 60 0 4737 0 60 0 60 180 69 59 59
4737 0 0 0 60 0 4737 0 60 60 0 0 46 44 44
4737 0 0 0 60 0 4737 0 60 60 0 90 60 49 49
4737 0 0 0 60 0 4737 0 60 60 0 180 70 60 60
4737 0 0 0 60 0 4737 0 60 60 20 0 46 45 45
4737 0 0 0 60 0 4737 0 60 60 20 90 64 51 51
4737 0 0 0 60 0 4737 0 60 60 20 180 68 61 61
4737 0 0 0 60 0 4737 0 60 60 40 0 47 47 47
4737 0 0 0 60 0 4737 0 60 60 40 90 67 54 54
4737 0 0 0 60 0 4737 0 60 60 40 180 66 61 61
4737 0 0 0 60 0 4737 0 60 60 60 0 53 49 49
4737 0 0 0 60 0 4737 0 60 60 60 90 68 57 57
4737 0 0 0 60 0 4737 0 60 60 60 180 63 59 59
4737 0 0 0 60 0 4737 0 60 120 0 0 53 46 46
4737 0 0 0 60 0 4737 0 60 120 0 90 70 57 57
4737 0 0 0 60 0 4737 0 60 120 0 180 65 55 55
4737 0 0 0 60 0 4737 0 60 120 20 0 58 48 48
4737 0 0 0 60 0 4737 0 60 120 20 90 70 59 59
4737 0 0 0 60 0 4737 0 60 120 20 180 62 53 53
4737 0 0 0 60 0 4737 0 60 120 40 0 63 51 51
4737 0 0 0 60 0 4737 0 60 120 40 90 69 60 60
4737 0 0 0 60 0 4737 0 60 120 40 180 57 52 52
4737 0 0 0 60 0 4737 0 60 120 60 0 65 54 54
4737 0 0 0 60 0 4737 0 60 120 60 90 67 61 61
4737 0 0 0 60 0 4737 0 60 120 60 180 51 50 50
4737 0 0 0 60 0 4737 0 0 0 0 0 53 47 47
4737 0 0 0 60 0 4737 0 0 0 0 90 47 41 41
4737 0 0 0 60 0 4737 0 0 0 0 180 68 59 59
4737 0 0 0 60 0 4737 0 0 0 20 0 48 42 42
4737 0 0 0 60 0 4737 0 0 0 20 90 49 43 43
4737 0 0 0 60 0 4737 0 0 0 20 180 71 61 61
4737 0 0 0 60 0 4737 0 0 0 40 0 45 39 39
4737 0 0 0 60 0 4737 0 0 0 40 90 54 47 47
4737 0 0 0 60 0 4737 0 0 0 40 180 73 62 62
4737 0 0 0 60 0 4737 0 0 0 60 0 45 39 39
4737 0 0 0 60 0 4737 0 0 0 60 90 60 52 52
4737 0 0 0 60 0 4737 0 0 0 60 180 73 63 63
4737 0 0 0 60 0 4737 0 0 60 0 0 45 39 39
4737 0 0 0 60 0 4737 0 0 60 0 90 60 52 52
4737 0 0 0 60 0 4737 0 0 60 0 180 73 63 63
4737 0 0 0 60 0 4737 0 0 60 20 0 46 40 40
4737 0 0 0 60 0 4737 0 0 60 20 90 64 55 55
4737 0 0 0 60 0 4737 0 0 60 20 180 72 62 62
4737 0 0 0 60 0 4737 0 0 60 40 0 51 44 44
4737 0 0 0 60 0 4737 0 0 60 40 90 68 59 59
4737 0 0 0 60 0 4737 0 0 60 40 180 70 60 60
4737 0 0 0 60 0 4737 0 0 60 60 0 56 50 50
4737 0 0 0 60 0 4737 0 0 60 60 90 71 61 61
4737 0 0 0 60 0 4737 0 0 60 60 180 67 58 58
4737 0 0 0 60 0 4737 0 0 120 0 0 56 50 50
4737 0 0 0 60 0 4737 0 0 120 0 90 71 61 61
4737 0 0 0 60 0 4737 0 0 120 0 180 67 58 58
4737 0 0 0 60 0 4737 0 0 120 20 0 62 55 55
4737 0 0 0 60 0 4737 0 0 120 20 90 74 63 63
4737 0 0 0 60 0 4737 0 0 120 20 180 63 55 55
4737 0 0 0 60 0 4737 0 0 120 40 0 67 59 59
4737 0 0 0 60 0 4737 0 0 120 40 90 76 64 64
4737 0 0 0 60 0 4737 0 0 120 40 180 59 51 51
4737 0 0 0 60 0 4737 0 0 120 60 0 71 62 62
4737 0 0 0 60 0 4737 0 0 120 60 90 75 64 64
4737 0 0 0 60 0 4737 0 0 120 60 180 54 49 49
4737 0 0 0 60 0 4737 0 30 0 0 0 53 43 43
4737 0 0 0 60 0 4737 0 30 0 0 90 47 39 39
4737 0 0 0 60 0 4737 0 30 0 0 180 68 51 51
4737 0 0 0 60 0 4737 0 30 0 20 0 48 41 41
4737 0 0 0 60 0 4737 0 30 0 20 90 48 40 40
4737 0 0 0 60 0 4737 0 30 0 20 180 70 53 53
4737 0 0 0 60 0 4737 0 30 0 40 0 45 39 39
4737 0 0 0 60 0 4737 0 30 0 40 90 54 43 43
4737 0 0 0 60 0 4737 0 30 0 40 180 72 55 55
4737 0 0 0 60 0 4737 0 30 0 60 0 44 39 39
4737 0 0 0 60 0 4737 0 30 0 60 90 59 46 46
4737 0 0 0 60 0 4737 0 30 0 60 180 72 57 57
4737 0 0 0 60 0 4737 0 30 60 0 0 44 39 39
4737 0 0 0 60 0 4737 0 30 60 0 90 59 47 47
4737 0 0 0 60 0 4737 0 30 60 0 180 73 60 60
4737 0 0 0 60 0 4737 0 30 60 20 0 45 41 41
4737 0 0 0 60 0 4737 0 30 60 20 90 63 50 50
4737 0 0 0 60 0 4737 0 30 60 20 180 71 61 61
4737 0 0 0 60 0 4737 0 30 60 40 0 50 44 44
4737 0 0 0 60 0 4737 0 30 60 40 90 67 54 54
4737 0 0 0 60 0 4737 0 30 60 40 180 69 59 59
4737 0 0 0 60 0 4737 0 30 60 60 0 55 48 48
4737 0 0 0 60 0 4737 0 30 60 60 90 70 57 57
4737 0 0 0 60 0 4737 0 30 60 60 180 66 58 58
4737 0 0 0 60 0 4737 0 30 120 0 0 56 46 46
4737 0 0 0 60 0 4737 0 30 120 0 90 71 57 57
4737 0 0 0 60 0 4737 0 30 120 0 180 66 55 55
4737 0 0 0 60 0 4737 0 30 120 20 0 61 50 50
4737 0 0 0 60 0 4737 0 30 120 20 90 73 60 60
4737 0 0 0 60 0 4737 0 30 120 20 180 63 52 52
4737 0 0 0 60 0 4737 0 30 120 40 0 66 54 54
4737 0 0 0 60 0 4737 0 30 120 40 90 75 62 62
4737 0 0 0 60 0 4737 0 30 120 40 180 58 51 51
4737 0 0 0 60 0 4737 0 30 120 60 0 70 57 57
4737 0 0 0 60 0 4737 0 30 120 60 90 73 63 63
4737 0 0 0 60 0 4737 0 30 120 60 180 54 49 49
4737 0 0 0 60 0 4737 0 60 0 0 0 52 46 46
4737 0 0 0 60 0 4737 0 60 0 0 90 45 43 43
4737 0 0 0 60 0 4737 0 60 0 0 180 64 51 51
4737 0 0 0 60 0 4737 0 60 0 20 0 48 45 45
4737 0 0 0 60 0 4737 0 60 0 20 90 47 43 43
4737 0 0 0 60 0 4737 0 60 0 20 180 67 53 53
4737 0 0 0 60 0 4737 0 60 0 40 0 44 44 44
4737 0 0 0 60 0 4737 0 60 0 40 90 51 45 45
4737 0 0 0 60 0 4737 0 60 0 40 180 67 55 55
4737 0 0 0 60 0 4737 0 60 0 60 0 42 44 44
4737 0 0 0 60 0 4737 0 60 0 60 90 56 48 48
4737 0 0 0 60 0 4737 0 60 0 60 180 67 57 57
4737 0 0 0 60 0 4737 0 60 60 0 0 43 46 46
4737 0 0 0 60 0 4737 0 60 60 0 90 55 50 50
4737 0 0 0 60 0 4737 0 60 60 0 180 69 64 64
4737 0 0 0 60 0 4737 0 60 60 20 0 43 47 47
4737 0 0 0 60 0 4737 0 60 60 20 90 60 53 53
4737 0 0 0 60 0 4737 0 60 60 20 180 67 64 64
4737 0 0 0 60 0 4737 0 60 60 40 0 47 49 49
4737 0 0 0 60 0 4737 0 60 60 40 90 64 56 56
4737 0 0 0 60 0 4737 0 60 60 40 180 64 64 64
4737 0 0 0 60 0 4737 0 60 60 60 0 52 52 52
4737 0 0 0 60 0 4737 0 60 60 60 90 66 59 59
4737 0 0 0 60 0 4737 0 60 60 60 180 62 63 63
4737 0 0 0 60 0 4737 0 60 120 0 0 53 50 50
4737 0 0 0 60 0 4737 0 60 120 0 90 68 60 60
4737 0 0 0 60 0 4737 0 60 120 0 180 64 59 59
4737 0 0 0 60 0 4737 0 60 120 20 0 58 53 53
4737 0 0 0 60 0 4737 0 60 120 20 90 70 62 62
4737 0 0 0 60 0 4737 0 60 120 20 180 60 58 58
4737 0 0 0 60 0 4737 0 60 120 40 0 63 56 56
4737 0 0 0 60 0 4737 0 60 120 40 90 69 65 65
4737 0 0 0 60 0 4737 0 60 120 40 180 56 56 56
4737 0 0 0 60 0 4737 0 60 120 60 0 66 60 60
4737 0 0 0 60 0 4737 0 60 120 60 90 68 66 66
4737 0 0 0 60 0 4737 0 60 120 60 180 52 55 55
4737 0 0 0 60 0 4737 0 0 0 0 0 53 46 46
4737 0 0 0 60 0 4737 0 0 0 0 90 46 40 40
4737 0 0 0 60 0 4737 0 0 0 0 180 67 57 57
4737 0 0 0 60 0 4737 0 0 0 20 0 48 41 41
4737 0 0 0 60 0 4737 0 0 0 20 90 46 39 39
4737 0 0 0 60 0 4737 0 0 0 20 180 69 59 59
4737 0 0 0 60 0 4737 0 0 0 40 0 43 36 36
4737 0 0 0 60 0 4737 0 0 0 40 90 50 43 43
4737 0 0 0 60 0 4737 0 0 0 40 180 71 61 61
4737 0 0 0 60 0 4737 0 0 0 60 0 42 35 35
4737 0 0 0 60 0 4737 0 0 0 60 90 55 47 47
4737 0 0 0 60 0 4737 0 0 0 60 180 71 61 61
4737 0 0 0 60 0 4737 0 0 60 0 0 42 35 35
4737 0 0 0 60 0 4737 0 0 60 0 90 55 47 47
4737 0 0 0 60 0 4737 0 0 60 0 180 71 61 61
4737 0 0 0 60 0 4737 0 0 60 20 0 45 39 39
4737 0 0 0 60 0 4737 0 0 60 20 90 60 51 51
4737 0 0 0 60 0 4737 0 0 60 20 180 70 60 60
4737 0 0 0 60 0 4737 0 0 60 40 0 51 44 44
4737 0 0 0 60 0 4737 0 0 60 40 90 64 55 55
4737 0 0 0 60 0 4737 0 0 60 40 180 68 58 58
4737 0 0 0 60 0 4737 0 0 60 60 0 57 50 50
4737 0 0 0 60 0 4737 0 0 60 60 90 68 59 59
4737 0 0 0 60 0 4737 0 0 60 60 180 65 56 56
4737 0 0 0 60 0 4737 0 0 120 0 0 57 50 50
4737 0 0 0 60 0 4737 0 0 120 0 90 68 59 59
4737 0 0 0 60 0 4737 0 0 120 0 180 65 56 56
4737 0 0 0 60 0 4737 0 0 120 20 0 62 55 55
4737 0 0 0 60 0 4737 0 0 120 20 90 72 62 62
4737 0 0 0 60 0 4737 0 0 120 20 180 62 53 53
4737 0 0 0 60 0 4737 0 0 120 40 0 67 59 59
4737 0 0 0 60 0 4737 0 0 120 40 90 75 64 64
4737 0 0 0 60 0 4737 0 0 120 40 180 59 51 51
4737 0 0 0 60 0 4737 0 0 120 60 0 72 63 63
4737 0 0 0 60 0 4737 0 0 120 60 90 76 64 64
4737 0 0 0 60 0 4737 0 0 120 60 180 56 51 51
4737 0 0 0 60 0 4737 0 30 0 0 0 53 43 43
4737 0 0 0 60 0 4737 0 30 0 0 90 46 38 38
4737 0 0 0 60 0 4737 0 30 0 0 180 66 50 50
4737 0 0 0 60 0 4737 0 30 0 20 0 48 40 40
4737 0 0 0 60 0 4737 0 30 0 20 90 45 37 37
4737 0 0 0 60 0 4737 0 30 0 20 180 69 52 52
4737 0 0 0 60 0 4737 0 30 0 40 0 43 38 38
4737 0 0 0 60 0 4737 0 30 0 40 90 49 39 39
4737 0 0 0 60 0 4737 0 30 0 40 180 70 54 54
4737 0 0 0 60 0 4737 0 30 0 60 0 41 37 37
4737 0 0 0 60 0 4737 0 30 0 60 90 55 42 42
4737 0 0 0 60 0 4737 0 30 0 60 180 70 56 56
4737 0 0 0 60 0 4737 0 30 60 0 0 41 39 39
4737 0 0 0 60 0 4737 0 30 60 0 90 54 45 45
4737 0 0 0 60 0 4737 0 30 60 0 180 70 61 61
4737 0 0 0 60 0 4737 0 30 60 20 0 44 41 41
4737 0 0 0 60 0 4737 0 30 60 20 90 59 49 49
4737 0 0 0 60 0 4737 0 30 60 20 180 69 61 61
4737 0 0 0 60 0 4737 0 30 60 40 0 50 45 45
4737 0 0 0 60 0 4737 0 30 60 40 90 63 53 53
4737 0 0 0 60 0 4737 0 30 60 40 180 67 61 61
4737 0 0 0 60 0 4737 0 30 60 60 0 55 50 50
4737 0 0 0 60 0 4737 0 30 60 60 90 67 57 57
4737 0 0 0 60 0 4737 0 30 60 60 180 64 59 59
4737 0 0 0 60 0 4737 0 30 120 0 0 56 49 49
4737 0 0 0 60 0 4737 0 30 120 0 90 68 58 58
4737 0 0 0 60 0 4737 0 30 120 0 180 65 56 56
4737 0 0 0 60 0 4737 0 30 120 20 0 61 53 53
4737 0 0 0 60 0 4737 0 30 120 20 90 71 61 61
4737 0 0 0 60 0 4737 0 30 120 20 180 61 54 54
4737 0 0 0 60 0 4737 0 30 120 40 0 66 57 57
4737 0 0 0 60 0 4737 0 30 120 40 90 74 64 64
4737 0 0 0 60 0 4737 0 30 120 40 180 58 53 53
4737 0 0 0 60 0 4737 0 30 120 60 0 71 61 61
4737 0 0 0 60 0 4737 0 30 120 60 90 74 66 66
4737 0 0 0 60 0 4737 0 30 120 60 180 55 52 52
4737 0 0 0 60 0 4737 0 60 0 0 0 52 46 46
4737 0 0 0 60 0 4737 0 60 0 0 90 45 42 42
4737 0 0 0 60 0 4737 0 60 0 0 180 63 50 50
4737 0 0 0 60 0 4737 0 60 0 20 0 47 44 44
4737 0 0 0 60 0 4737 0 60 0 20 90 44 41 41
4737 0 0 0 60 0 4737 0 60 0 20 180 64 51 51
4737 0 0 0 60 0 4737 0 60 0 40 0 42 43 43
4737 0 0 0 60 0 4737 0 60 0 40 90 47 42 42
4737 0 0 0 60 0 4737 0 60 0 40 180 64 54 54
4737 0 0 0 60 0 4737 0 60 0 60 0 41 42 42
4737 0 0 0 60 0 4737 0 60 0 60 90 51 44 44
4737 0 0 0 60 0 4737 0 60 0 60 180 64 56 56
4737 0 0 0 60 0 4737 0 60 60 0 0 41 48 48
4737 0 0 0 60 0 4737 0 60 60 0 90 51 52 52
4737 0 0 0 60 0 4737 0 60 60 0 180 67 66 66
4737 0 0 0 60 0 4737 0 60 60 20 0 42 50 50
4737 0 0 0 60 0 4737 0 60 60 20 90 55 54 54
4737 0 0 0 60 0 4737 0 60 60 20 180 65 67 67
4737 0 0 0 60 0 4737 0 60 60 40 0 46 52 52
4737 0 0 0 60 0 4737 0 60 60 40 90 59 57 57
4737 0 0 0 60 0 4737 0 60 60 40 180 62 67 67
4737 0 0 0 60 0 4737 0 60 60 60 0 52 55 55
4737 0 0 0 60 0 4737 0 60 60 60 90 63 61 61
4737 0 0 0 60 0 4737 0 60 60 60 180 60 66 66
4737 0 0 0 60 0 4737 0 60 120 0 0 53 54 54
4737 0 0 0 60 0 4737 0 60 120 0 90 64 62 62
4737 0 0 0 60 0 4737 0 60 120 0 180 62 63 63
4737 0 0 0 60 0 4737 0 60 120 20 0 58 58 58
4737 0 0 0 60 0 4737 0 60 120 20 90 68 66 66
4737 0 0 0 60 0 4737 0 60 120 20 180 59 63 63
4737 0 0 0 60 0 4737 0 60 120 40 0 63 62 62
4737 0 0 0 60 0 4737 0 60 120 40 90 69 69 69
4737 0 0 0 60 0 4737 0 60 120 40 180 56 62 62
4737 0 0 0 60 0 4737 0 60 120 60 0 66 66 66
4737 0 0 0 60 0 4737 0 60 120 60 90 68 71 71
4737 0 0 0 60 0 4737 0 60 120 60 180 52 61 61
4737 0 0 0 60 0 4737 0 0 0 0 0 53 46 46
4737 0 0 0 60 0 4737 0 0 0 0 90 46 40 40
4737 0 0 0 60 0 4737 0 0 0 0 180 65 55 55
4737 0 0 0 60 0 4737 0 0 0 20 0 48 40 40
4737 0 0 0 60 0 4737 0 0 0 20 90 44 37 37
4737 0 0 0 60 0 4737 0 0 0 20 180 67 57 57
4737 0 0 0 60 0 4737 0 0 0 40 0 42 35 35
4737 0 0 0 60 0 4737 0 0 0 40 90 46 38 38
4737 0 0 0 60 0 4737 0 0 0 40 180 68 58 58
4737 0 0 0 60 0 4737 0 0 0 60 0 40 33 33
4737 0 0 0 60 0 4737 0 0 0 60 90 51 43 43
4737 0 0 0 60 0 4737 0 0 0 60 180 68 58 58
4737 0 0 0 60 0 4737 0 0 60 0 0 40 33 33
4737 0 0 0 60 0 4737 0 0 60 0 90 51 43 43
4737 0 0 0 60 0 4737 0 0 60 0 180 68 58 58
4737 0 0 0 60 0 4737 0 0 60 20 0 46 39 39
4737 0 0 0 60 0 4737 0 0 60 20 90 56 47 47
4737 0 0 0 60 0 4737 0 0 60 20 180 68 58 58
4737 0 0 0 60 0 4737 0 0 60 40 0 51 44 44
4737 0 0 0 60 0 4737 0 0 60 40 90 61 51 51
4737 0 0 0 60 0 4737 0 0 60 40 180 66 56 56
4737 0 0 0 60 0 4737 0 0 60 60 0 57 49 49
4737 0 0 0 60 0 4737 0 0 60 60 90 65 55 55
4737 0 0 0 60 0 4737 0 0 60 60 180 64 54 54
4737 0 0 0 60 0 4737 0 0 120 0 0 57 49 49
4737 0 0 0 60 0 4737 0 0 120 0 90 65 55 55
4737 0 0 0 60 0 4737 0 0 120 0 180 64 54 54
4737 0 0 0 60 0 4737 0 0 120 20 0 62 54 54
4737 0 0 0 60 0 4737 0 0 120 20 90 69 59 59
4737 0 0 0 60 0 4737 0 0 120 20 180 61 52 52
4737 0 0 0 60 0 4737 0 0 120 40 0 67 59 59
4737 0 0 0 60 0 4737 0 0 120 40 90 73 62 62
4737 0 0 0 60 0 4737 0 0 120 40 180 59 52 52
4737 0 0 0 60 0 4737 0 0 120 60 0 72 62 62
4737 0 0 0 60 0 4737 0 0 120 60 90 75 64 64
4737 0 0 0 60 0 4737 0 0 120 60 180 59 52 52
4737 0 0 0 60 0 4737 0 30 0 0 0 53 44 44
4737 0 0 0 60 0 4737 0 30 0 0 90 46 38 38
4737 0 0 0 60 0 4737 0 30 0 0 180 64 49 49
4737 0 0 0 60 0 4737 0 30 0 20 0 48 40 40
4737 0 0 0 60 0 4737 0 30 0 20 90 44 36 36
4737 0 0 0 60 0 4737 0 30 0 20 180 66 51 51
4737 0 0 0 60 0 4737 0 30 0 40 0 42 37 37
4737 0 0 0 60 0 4737 0 30 0 40 90 45 36 36
4737 0 0 0 60 0 4737 0 30 0 40 180 67 54 54
4737 0 0 0 60 0 4737 0 30 0 60 0 39 37 37
4737 0 0 0 60 0 4737 0 30 0 60 90 50 39 39
4737 0 0 0 60 0 4737 0 30 0 60 180 67 55 55
4737 0 0 0 60 0 4737 0 30 60 0 0 39 40 40
4737 0 0 0 60 0 4737 0 30 60 0 90 50 44 44
4737 0 0 0 60 0 4737 0 30 60 0 180 67 61 61
4737 0 0 0 60 0 4737 0 30 60 20 0 44 42 42
4737 0 0 0 60 0 4737 0 30 60 20 90 55 48 48
4737 0 0 0 60 0 4737 0 30 60 20 180 67 61 61
4737 0 0 0 60 0 4737 0 30 60 40 0 50 46 46
4737 0 0 0 60 0 4737 0 30 60 40 90 59 52 52
4737 0 0 0 60 0 4737 0 30 60 40 180 65 61 61
4737 0 0 0 60 0 4737 0 30 60 60 0 55 51 51
4737 0 0 0 60 0 4737 0 30 60 60 90 64 57 57
4737 0 0 0 60 0 4737 0 30 60 60 180 63 60 60
4737 0 0 0 60 0 4737 0 30 120 0 0 56 51 51
4737 0 0 0 60 0 4737 0 30 120 0 90 64 58 58
4737 0 0 0 60 0 4737 0 30 120 0 180 63 58 58
4737 0 0 0 60 0 4737 0 30 120 20 0 61 56 56
4737 0 0 0 60 0 4737 0 30 120 20 90 68 62 62
4737 0 0 0 60 0 4737 0 30 120 20 180 60 57 57
4737 0 0 0 60 0 4737 0 30 120 40 0 66 60 60
4737 0 0 0 60 0 4737 0 30 120 40 90 72 65 65
4737 0 0 0 60 0 4737 0 30 120 40 180 58 56 56
4737 0 0 0 60 0 4737 0 30 120 60 0 71 64 64
4737 0 0 0 60 0 4737 0 30 120 60 90 74 68 68
4737 0 0 0 60 0 4737 0 30 120 60 180 57 56 56
4737 0 0 0 60 0 4737 0 60 0 0 0 51 46 46
4737 0 0 0 60 0 4737 0 60 0 0 90 45 42 42
4737 0 0 0 60 0 4737 0 60 0 0 180 61 49 49
4737 0 0 0 60 0 4737 0 60 0 20 0 46 44 44
4737 0 0 0 60 0 4737 0 60 0 20 90 44 40 40
4737 0 0 0 60 0 4737 0 60 0 20 180 61 50 50
4737 0 0 0 60 0 4737 0 60 0 40 0 42 41 41
4737 0 0 0 60 0 4737 0 60 0 40 90 44 40 40
4737 0 0 0 60 0 4737 0 60 0 40 180 61 52 52
4737 0 0 0 60 0 4737 0 60 0 60 0 40 41 41
4737 0 0 0 60 0 4737 0 60 0 60 90 48 42 42
4737 0 0 0 60 0 4737 0 60 0 60 180 61 54 54
4737 0 0 0 60 0 4737 0 60 60 0 0 39 52 52
4737 0 0 0 60 0 4737 0 60 60 0 90 46 54 54
4737 0 0 0 60 0 4737 0 60 60 0 180 64 68 68
4737 0 0 0 60 0 4737 0 60 60 20 0 41 53 53
4737 0 0 0 60 0 4737 0 60 60 20 90 49 57 57
4737 0 0 0 60 0 4737 0 60 60 20 180 63 69 69
4737 0 0 0 60 0 4737 0 60 60 40 0 45 56 56
4737 0 0 0 60 0 4737 0 60 60 40 90 54 60 60
4737 0 0 0 60 0 4737 0 60 60 40 180 60 69 69
4737 0 0 0 60 0 4737 0 60 60 60 0 50 59 59
4737 0 0 0 60 0 4737 0 60 60 60 90 58 63 63
4737 0 0 0 60 0 4737 0 60 60 60 180 58 68 68
4737 0 0 0 60 0 4737 0 60 120 0 0 52 58 58
4737 0 0 0 60 0 4737 0 60 120 0 90 61 64 64
4737 0 0 0 60 0 4737 0 60 120 0 180 59 68 68
4737 0 0 0 60 0 4737 0 60 120 20 0 57 63 63
4737 0 0 0 60 0 4737 0 60 120 20 90 65 69 69
4737 0 0 0 60 0 4737 0 60 120 20 180 57 68 68
4737 0 0 0 60 0 4737 0 60 120 40 0 62 67 67
4737 0 0 0 60 0 4737 0 60 120 40 90 67 72 72
4737 0 0 0 60 0 4737 0 60 120 40 180 55 68 68
4737 0 0 0 60 0 4737 0 60 120 60 0 66 71 71
4737 0 0 0 60 0 4737 0 60 120 60 90 68 75 75
4737 0 0 0 60 0 4737 0 60 120 60 180 53 67 67
