4937 0.2 10 0 0 4737 0.0 0 0 0 0 62.5 55.0 55.0
4937 0.2 10 0 0 4737 0.0 0 0 0 30 62.7 55.1 55.1
4937 0.2 10 0 0 4737 0.0 0 0 0 60 62.6 54.9 54.9
4937 0.2 10 0 0 4737 0.0 0 0 0 90 62.2 54.6 54.6
4937 0.2 10 0 0 4737 0.0 0 0 0 120 61.9 54.4 54.4
4937 0.2 10 0 0 4737 0.0 0 0 0 150 61.6 54.2 54.2
4937 0.2 10 0 0 4737 0.0 0 0 0 180 61.5 54.2 54.2
4937 0.2 10 0 0 4737 0.0 10 0 0 0 62.5 54.7 54.7
4937 0.2 10 0 0 4737 0.0 10 0 0 30 62.7 54.8 54.8
4937 0.2 10 0 0 4737 0.0 10 0 0 60 62.5 54.7 54.7
4937 0.2 10 0 0 4737 0.0 10 0 0 90 62.2 54.4 54.4
4937 0.2 10 0 0 4737 0.0 10 0 0 120 61.9 54.2 54.2
4937 0.2 10 0 0 4737 0.0 10 0 0 150 61.5 54.0 54.0
4937 0.2 10 0 0 4737 0.0 10 0 0 180 61.4 53.9 53.9
4937 0.2 10 0 0 4737 0.0 20 0 0 0 62.3 53.8 53.8
4937 0.2 10 0 0 4737 0.0 20 0 0 30 62.5 53.9 53.9
4937 0.2 10 0 0 4737 0.0 20 0 0 60 62.3 53.6 53.6
4937 0.2 10 0 0 4737 0.0 20 0 0 90 62.0 53.3 53.3
4937 0.2 10 0 0 4737 0.0 20 0 0 120 61.7 53.1 53.1
4937 0.2 10 0 0 4737 0.0 20 0 0 150 61.3 52.9 52.9
4937 0.2 10 0 0 4737 0.0 20 0 0 180 61.2 52.8 52.8
4937 0.2 10 0 0 4737 0.0 30 0 0 0 62.0 51.9 51.9
4937 0.2 10 0 0 4737 0.0 30 0 0 30 62.2 52.0 52.0
4937 0.2 10 0 0 4737 0.0 30 0 0 60 62.0 51.7 51.7
4937 0.2 10 0 0 4737 0.0 30 0 0 90 61.7 51.2 51.2
4937 0.2 10 0 0 4737 0.0 30 0 0 120 61.3 50.7 50.7
4937 0.2 10 0 0 4737 0.0 30 0 0 150 61.0 50.4 50.4
4937 0.2 10 0 0 4737 0.0 30 0 0 180 60.9 50.4 50.4
4937 0.2 10 0 0 4737 0.0 40 0 0 0 61.5 51.9 51.9
4937 0.2 10 0 0 4737 0.0 40 0 0 30 61.7 52.0 52.0
4937 0.2 10 0 0 4737 0.0 40 0 0 60 61.5 51.8 51.8
4937 0.2 10 0 0 4737 0.0 40 0 0 90 61.1 51.3 51.3
4937 0.2 10 0 0 4737 0.0 40 0 0 120 60.8 50.8 50.8
4937 0.2 10 0 0 4737 0.0 40 0 0 150 60.5 50.4 50.4
4937 0.2 10 0 0 4737 0.0 40 0 0 180 60.4 50.4 50.4
4937 0.2 10 0 0 4737 0.0 50 0 0 0 60.7 52.8 52.8
4937 0.2 10 0 0 4737 0.0 50 0 0 30 60.9 52.9 52.9
4937 0.2 10 0 0 4737 0.0 50 0 0 60 60.7 52.5 52.5
4937 0.2 10 0 0 4737 0.0 50 0 0 90 60.3 51.9 51.9
4937 0.2 10 0 0 4737 0.0 50 0 0 120 60.0 51.5 51.5
4937 0.2 10 0 0 4737 0.0 50 0 0 150 59.7 51.2 51.2
4937 0.2 10 0 0 4737 0.0 50 0 0 180 59.6 51.0 51.0
4937 0.2 10 0 0 4737 0.0 60 0 0 0 59.4 53.6 53.6
4937 0.2 10 0 0 4737 0.0 60 0 0 30 59.6 53.7 53.7
4937 0.2 10 0 0 4737 0.0 60 0 0 60 59.4 53.6 53.6
4937 0.2 10 0 0 4737 0.0 60 0 0 90 59.0 53.2 53.2
4937 0.2 10 0 0 4737 0.0 60 0 0 120 58.7 52.9 52.9
4937 0.2 10 0 0 4737 0.0 60 0 0 150 58.5 52.7 52.7
4937 0.2 10 0 0 4737 0.0 60 0 0 180 58.5 52.5 52.5
4937 0.2 10 0 0 4737 0.1 0 0 0 0 62.2 54.5 54.5
4937 0.2 10 0 0 4737 0.1 0 0 0 30 62.3 54.6 54.6
4937 0.2 10 0 0 4737 0.1 0 0 0 60 62.2 54.5 54.5
4937 0.2 10 0 0 4737 0.1 0 0 0 90 62.0 54.2 54.2
4937 0.2 10 0 0 4737 0.1 0 0 0 120 61.6 53.9 53.9
4937 0.2 10 0 0 4737 0.1 0 0 0 150 61.2 53.7 53.7
4937 0.2 10 0 0 4737 0.1 0 0 0 180 61.1 53.5 53.5
4937 0.2 10 0 0 4737 0.1 10 0 0 0 62.1 54.2 54.2
4937 0.2 10 0 0 4737 0.1 10 0 0 30 62.3 54.3 54.3
4937 0.2 10 0 0 4737 0.1 10 0 0 60 62.2 54.3 54.3
4937 0.2 10 0 0 4737 0.1 10 0 0 90 61.9 54.0 54.0
4937 0.2 10 0 0 4737 0.1 10 0 0 120 61.5 53.7 53.7
4937 0.2 10 0 0 4737 0.1 10 0 0 150 61.2 53.5 53.5
4937 0.2 10 0 0 4737 0.1 10 0 0 180 61.0 53.3 53.3
4937 0.2 10 0 0 4737 0.1 20 0 0 0 61.9 53.3 53.3
4937 0.2 10 0 0 4737 0.1 20 0 0 30 62.1 53.4 53.4
4937 0.2 10 0 0 4737 0.1 20 0 0 60 62.0 53.3 53.3
4937 0.2 10 0 0 4737 0.1 20 0 0 90 61.7 53.0 53.0
4937 0.2 10 0 0 4737 0.1 20 0 0 120 61.4 52.7 52.7
4937 0.2 10 0 0 4737 0.1 20 0 0 150 61.0 52.4 52.4
4937 0.2 10 0 0 4737 0.1 20 0 0 180 60.8 52.2 52.2
4937 0.2 10 0 0 4737 0.1 30 0 0 0 61.6 51.4 51.4
4937 0.2 10 0 0 4737 0.1 30 0 0 30 61.8 51.5 51.5
4937 0.2 10 0 0 4737 0.1 30 0 0 60 61.7 51.3 51.3
4937 0.2 10 0 0 4737 0.1 30 0 0 90 61.4 51.0 51.0
4937 0.2 10 0 0 4737 0.1 30 0 0 120 61.0 50.5 50.5
4937 0.2 10 0 0 4737 0.1 30 0 0 150 60.6 50.0 50.0
4937 0.2 10 0 0 4737 0.1 30 0 0 180 60.5 49.7 49.7
4937 0.2 10 0 0 4737 0.1 40 0 0 0 61.1 51.5 51.5
4937 0.2 10 0 0 4737 0.1 40 0 0 30 61.3 51.5 51.5
4937 0.2 10 0 0 4737 0.1 40 0 0 60 61.2 51.4 51.4
4937 0.2 10 0 0 4737 0.1 40 0 0 90 60.8 51.1 51.1
4937 0.2 10 0 0 4737 0.1 40 0 0 120 60.5 50.6 50.6
4937 0.2 10 0 0 4737 0.1 40 0 0 150 60.1 50.1 50.1
4937 0.2 10 0 0 4737 0.1 40 0 0 180 59.9 49.8 49.8
4937 0.2 10 0 0 4737 0.1 50 0 0 0 60.4 52.3 52.3
4937 0.2 10 0 0 4737 0.1 50 0 0 30 60.6 52.5 52.5
4937 0.2 10 0 0 4737 0.1 50 0 0 60 60.4 52.3 52.3
4937 0.2 10 0 0 4737 0.1 50 0 0 90 60.1 51.9 51.9
4937 0.2 10 0 0 4737 0.1 50 0 0 120 59.7 51.3 51.3
4937 0.2 10 0 0 4737 0.1 50 0 0 150 59.3 50.9 50.9
4937 0.2 10 0 0 4737 0.1 50 0 0 180 59.1 50.5 50.5
4937 0.2 10 0 0 4737 0.1 60 0 0 0 59.0 53.1 53.1
4937 0.2 10 0 0 4737 0.1 60 0 0 30 59.2 53.2 53.2
4937 0.2 10 0 0 4737 0.1 60 0 0 60 59.2 53.2 53.2
4937 0.2 10 0 0 4737 0.1 60 0 0 90 58.9 53.0 53.0
4937 0.2 10 0 0 4737 0.1 60 0 0 120 58.5 52.7 52.7
4937 0.2 10 0 0 4737 0.1 60 0 0 150 58.1 52.3 52.3
4937 0.2 10 0 0 4737 0.1 60 0 0 180 57.9 52.0 52.0
4937 0.2 10 0 0 4737 0.2 0 0 0 0 61.8 53.9 53.9
4937 0.2 10 0 0 4737 0.2 0 0 0 30 61.9 54.0 54.0
4937 0.2 10 0 0 4737 0.2 0 0 0 60 61.9 54.0 54.0
4937 0.2 10 0 0 4737 0.2 0 0 0 90 61.6 53.8 53.8
4937 0.2 10 0 0 4737 0.2 0 0 0 120 61.3 53.5 53.5
4937 0.2 10 0 0 4737 0.2 0 0 0 150 60.8 53.2 53.2
4937 0.2 10 0 0 4737 0.2 0 0 0 180 60.7 52.9 52.9
4937 0.2 10 0 0 4737 0.2 10 0 0 0 61.8 53.6 53.6
4937 0.2 10 0 0 4737 0.2 10 0 0 30 61.9 53.7 53.7
4937 0.2 10 0 0 4737 0.2 10 0 0 60 61.8 53.7 53.7
4937 0.2 10 0 0 4737 0.2 10 0 0 90 61.6 53.5 53.5
4937 0.2 10 0 0 4737 0.2 10 0 0 120 61.2 53.3 53.3
4937 0.2 10 0 0 4737 0.2 10 0 0 150 60.8 53.0 53.0
4937 0.2 10 0 0 4737 0.2 10 0 0 180 60.6 52.7 52.7
4937 0.2 10 0 0 4737 0.2 20 0 0 0 61.6 52.7 52.7
4937 0.2 10 0 0 4737 0.2 20 0 0 30 61.7 52.9 52.9
4937 0.2 10 0 0 4737 0.2 20 0 0 60 61.6 52.8 52.8
4937 0.2 10 0 0 4737 0.2 20 0 0 90 61.4 52.6 52.6
4937 0.2 10 0 0 4737 0.2 20 0 0 120 61.0 52.2 52.2
4937 0.2 10 0 0 4737 0.2 20 0 0 150 60.6 51.8 51.8
4937 0.2 10 0 0 4737 0.2 20 0 0 180 60.4 51.4 51.4
4937 0.2 10 0 0 4737 0.2 30 0 0 0 61.3 51.1 51.1
4937 0.2 10 0 0 4737 0.2 30 0 0 30 61.4 51.1 51.1
4937 0.2 10 0 0 4737 0.2 30 0 0 60 61.3 51.0 51.0
4937 0.2 10 0 0 4737 0.2 30 0 0 90 61.1 50.7 50.7
4937 0.2 10 0 0 4737 0.2 30 0 0 120 60.7 50.3 50.3
4937 0.2 10 0 0 4737 0.2 30 0 0 150 60.2 49.7 49.7
4937 0.2 10 0 0 4737 0.2 30 0 0 180 60.1 49.1 49.1
4937 0.2 10 0 0 4737 0.2 40 0 0 0 60.8 51.2 51.2
4937 0.2 10 0 0 4737 0.2 40 0 0 30 60.9 51.2 51.2
4937 0.2 10 0 0 4737 0.2 40 0 0 60 60.8 51.2 51.2
4937 0.2 10 0 0 4737 0.2 40 0 0 90 60.6 50.9 50.9
4937 0.2 10 0 0 4737 0.2 40 0 0 120 60.2 50.5 50.5
4937 0.2 10 0 0 4737 0.2 40 0 0 150 59.7 49.9 49.9
4937 0.2 10 0 0 4737 0.2 40 0 0 180 59.5 49.3 49.3
4937 0.2 10 0 0 4737 0.2 50 0 0 0 60.0 51.7 51.7
4937 0.2 10 0 0 4737 0.2 50 0 0 30 60.2 52.0 52.0
4937 0.2 10 0 0 4737 0.2 50 0 0 60 60.2 52.0 52.0
4937 0.2 10 0 0 4737 0.2 50 0 0 90 59.9 51.8 51.8
4937 0.2 10 0 0 4737 0.2 50 0 0 120 59.4 51.3 51.3
4937 0.2 10 0 0 4737 0.2 50 0 0 150 58.9 50.6 50.6
4937 0.2 10 0 0 4737 0.2 50 0 0 180 58.6 50.1 50.1
4937 0.2 10 0 0 4737 0.2 60 0 0 0 58.6 52.4 52.4
4937 0.2 10 0 0 4737 0.2 60 0 0 30 58.9 52.7 52.7
4937 0.2 10 0 0 4737 0.2 60 0 0 60 58.9 52.8 52.8
4937 0.2 10 0 0 4737 0.2 60 0 0 90 58.8 52.7 52.7
4937 0.2 10 0 0 4737 0.2 60 0 0 120 58.3 52.4 52.4
4937 0.2 10 0 0 4737 0.2 60 0 0 150 57.7 51.9 51.9
4937 0.2 10 0 0 4737 0.2 60 0 0 180 57.3 51.4 51.4
4937 0.2 10 0 0 4737 0.3 0 0 0 0 61.4 53.3 53.3
4937 0.2 10 0 0 4737 0.3 0 0 0 30 61.5 53.4 53.4
4937 0.2 10 0 0 4737 0.3 0 0 0 60 61.5 53.4 53.4
4937 0.2 10 0 0 4737 0.3 0 0 0 90 61.3 53.2 53.2
4937 0.2 10 0 0 4737 0.3 0 0 0 120 60.9 53.0 53.0
4937 0.2 10 0 0 4737 0.3 0 0 0 150 60.5 52.6 52.6
4937 0.2 10 0 0 4737 0.3 0 0 0 180 60.3 52.2 52.2
4937 0.2 10 0 0 4737 0.3 10 0 0 0 61.4 53.0 53.0
4937 0.2 10 0 0 4737 0.3 10 0 0 30 61.5 53.1 53.1
4937 0.2 10 0 0 4737 0.3 10 0 0 60 61.4 53.1 53.1
4937 0.2 10 0 0 4737 0.3 10 0 0 90 61.3 53.0 53.0
4937 0.2 10 0 0 4737 0.3 10 0 0 120 60.9 52.7 52.7
4937 0.2 10 0 0 4737 0.3 10 0 0 150 60.4 52.4 52.4
4937 0.2 10 0 0 4737 0.3 10 0 0 180 60.2 51.9 51.9
4937 0.2 10 0 0 4737 0.3 20 0 0 0 61.2 52.0 52.0
4937 0.2 10 0 0 4737 0.3 20 0 0 30 61.3 52.2 52.2
4937 0.2 10 0 0 4737 0.3 20 0 0 60 61.3 52.2 52.2
4937 0.2 10 0 0 4737 0.3 20 0 0 90 61.1 52.1 52.1
4937 0.2 10 0 0 4737 0.3 20 0 0 120 60.7 51.7 51.7
4937 0.2 10 0 0 4737 0.3 20 0 0 150 60.2 51.1 51.1
4937 0.2 10 0 0 4737 0.3 20 0 0 180 60.0 50.4 50.4
4937 0.2 10 0 0 4737 0.3 30 0 0 0 60.9 50.8 50.8
4937 0.2 10 0 0 4737 0.3 30 0 0 30 61.0 50.8 50.8
4937 0.2 10 0 0 4737 0.3 30 0 0 60 61.0 50.8 50.8
4937 0.2 10 0 0 4737 0.3 30 0 0 90 60.8 50.5 50.5
4937 0.2 10 0 0 4737 0.3 30 0 0 120 60.4 50.0 50.0
4937 0.2 10 0 0 4737 0.3 30 0 0 150 59.8 49.5 49.5
4937 0.2 10 0 0 4737 0.3 30 0 0 180 59.6 48.9 48.9
4937 0.2 10 0 0 4737 0.3 40 0 0 0 60.4 50.9 50.9
4937 0.2 10 0 0 4737 0.3 40 0 0 30 60.6 51.0 51.0
4937 0.2 10 0 0 4737 0.3 40 0 0 60 60.5 50.9 50.9
4937 0.2 10 0 0 4737 0.3 40 0 0 90 60.3 50.7 50.7
4937 0.2 10 0 0 4737 0.3 40 0 0 120 59.9 50.3 50.3
4937 0.2 10 0 0 4737 0.3 40 0 0 150 59.3 49.8 49.8
4937 0.2 10 0 0 4737 0.3 40 0 0 180 59.0 49.2 49.2
4937 0.2 10 0 0 4737 0.3 50 0 0 0 59.7 51.2 51.2
4937 0.2 10 0 0 4737 0.3 50 0 0 30 59.9 51.4 51.4
4937 0.2 10 0 0 4737 0.3 50 0 0 60 59.9 51.6 51.6
4937 0.2 10 0 0 4737 0.3 50 0 0 90 59.7 51.6 51.6
4937 0.2 10 0 0 4737 0.3 50 0 0 120 59.3 51.2 51.2
4937 0.2 10 0 0 4737 0.3 50 0 0 150 58.5 50.6 50.6
4937 0.2 10 0 0 4737 0.3 50 0 0 180 58.1 49.7 49.7
4937 0.2 10 0 0 4737 0.3 60 0 0 0 58.1 51.7 51.7
4937 0.2 10 0 0 4737 0.3 60 0 0 30 58.4 52.0 52.0
4937 0.2 10 0 0 4737 0.3 60 0 0 60 58.5 52.2 52.2
4937 0.2 10 0 0 4737 0.3 60 0 0 90 58.6 52.3 52.3
4937 0.2 10 0 0 4737 0.3 60 0 0 120 58.3 52.1 52.1
4937 0.2 10 0 0 4737 0.3 60 0 0 150 57.5 51.6 51.6
4937 0.2 10 0 0 4737 0.3 60 0 0 180 56.7 50.9 50.9
4937 0.2 10 0 0 4737 0.4 0 0 0 0 61.1 52.6 52.6
4937 0.2 10 0 0 4737 0.4 0 0 0 30 61.1 52.7 52.7
4937 0.2 10 0 0 4737 0.4 0 0 0 60 61.1 52.7 52.7
4937 0.2 10 0 0 4737 0.4 0 0 0 90 61.0 52.6 52.6
4937 0.2 10 0 0 4737 0.4 0 0 0 120 60.7 52.4 52.4
4937 0.2 10 0 0 4737 0.4 0 0 0 150 60.1 52.0 52.0
4937 0.2 10 0 0 4737 0.4 0 0 0 180 59.9 51.4 51.4
4937 0.2 10 0 0 4737 0.4 10 0 0 0 61.0 52.3 52.3
4937 0.2 10 0 0 4737 0.4 10 0 0 30 61.1 52.4 52.4
4937 0.2 10 0 0 4737 0.4 10 0 0 60 61.1 52.5 52.5
4937 0.2 10 0 0 4737 0.4 10 0 0 90 61.0 52.4 52.4
4937 0.2 10 0 0 4737 0.4 10 0 0 120 60.6 52.2 52.2
4937 0.2 10 0 0 4737 0.4 10 0 0 150 60.0 51.8 51.8
4937 0.2 10 0 0 4737 0.4 10 0 0 180 59.8 51.1 51.1
4937 0.2 10 0 0 4737 0.4 20 0 0 0 60.9 51.3 51.3
4937 0.2 10 0 0 4737 0.4 20 0 0 30 60.9 51.4 51.4
4937 0.2 10 0 0 4737 0.4 20 0 0 60 60.9 51.5 51.5
4937 0.2 10 0 0 4737 0.4 20 0 0 90 60.8 51.3 51.3
4937 0.2 10 0 0 4737 0.4 20 0 0 120 60.5 50.8 50.8
4937 0.2 10 0 0 4737 0.4 20 0 0 150 59.8 50.2 50.2
4937 0.2 10 0 0 4737 0.4 20 0 0 180 59.6 49.3 49.3
4937 0.2 10 0 0 4737 0.4 30 0 0 0 60.6 50.8 50.8
4937 0.2 10 0 0 4737 0.4 30 0 0 30 60.7 50.9 50.9
4937 0.2 10 0 0 4737 0.4 30 0 0 60 60.7 50.7 50.7
4937 0.2 10 0 0 4737 0.4 30 0 0 90 60.6 50.5 50.5
4937 0.2 10 0 0 4737 0.4 30 0 0 120 60.2 50.0 50.0
4937 0.2 10 0 0 4737 0.4 30 0 0 150 59.5 49.3 49.3
4937 0.2 10 0 0 4737 0.4 30 0 0 180 59.1 48.6 48.6
4937 0.2 10 0 0 4737 0.4 40 0 0 0 60.1 50.7 50.7
4937 0.2 10 0 0 4737 0.4 40 0 0 30 60.2 50.9 50.9
4937 0.2 10 0 0 4737 0.4 40 0 0 60 60.3 50.9 50.9
4937 0.2 10 0 0 4737 0.4 40 0 0 90 60.2 50.8 50.8
4937 0.2 10 0 0 4737 0.4 40 0 0 120 59.8 50.3 50.3
4937 0.2 10 0 0 4737 0.4 40 0 0 150 58.9 49.6 49.6
4937 0.2 10 0 0 4737 0.4 40 0 0 180 58.5 48.9 48.9
4937 0.2 10 0 0 4737 0.4 50 0 0 0 59.3 50.8 50.8
4937 0.2 10 0 0 4737 0.4 50 0 0 30 59.5 51.1 51.1
4937 0.2 10 0 0 4737 0.4 50 0 0 60 59.6 51.2 51.2
4937 0.2 10 0 0 4737 0.4 50 0 0 90 59.6 51.3 51.3
4937 0.2 10 0 0 4737 0.4 50 0 0 120 59.2 51.1 51.1
4937 0.2 10 0 0 4737 0.4 50 0 0 150 58.3 50.5 50.5
4937 0.2 10 0 0 4737 0.4 50 0 0 180 57.5 49.6 49.6
4937 0.2 10 0 0 4737 0.4 60 0 0 0 57.4 51.2 51.2
4937 0.2 10 0 0 4737 0.4 60 0 0 30 57.7 51.4 51.4
4937 0.2 10 0 0 4737 0.4 60 0 0 60 57.9 51.5 51.5
4937 0.2 10 0 0 4737 0.4 60 0 0 90 58.1 51.7 51.7
4937 0.2 10 0 0 4737 0.4 60 0 0 120 58.1 51.7 51.7
4937 0.2 10 0 0 4737 0.4 60 0 0 150 57.3 51.4 51.4
4937 0.2 10 0 0 4737 0.4 60 0 0 180 56.0 50.5 50.5
4937 0.2 10 0 0 4737 0.5 0 0 0 0 60.7 51.6 51.6
4937 0.2 10 0 0 4737 0.5 0 0 0 30 60.8 51.6 51.6
4937 0.2 10 0 0 4737 0.5 0 0 0 60 60.8 51.7 51.7
4937 0.2 10 0 0 4737 0.5 0 0 0 90 60.7 51.7 51.7
4937 0.2 10 0 0 4737 0.5 0 0 0 120 60.5 51.6 51.6
4937 0.2 10 0 0 4737 0.5 0 0 0 150 59.8 51.1 51.1
4937 0.2 10 0 0 4737 0.5 0 0 0 180 59.4 50.1 50.1
4937 0.2 10 0 0 4737 0.5 10 0 0 0 60.7 51.2 51.2
4937 0.2 10 0 0 4737 0.5 10 0 0 30 60.7 51.3 51.3
4937 0.2 10 0 0 4737 0.5 10 0 0 60 60.8 51.3 51.3
4937 0.2 10 0 0 4737 0.5 10 0 0 90 60.7 51.4 51.4
4937 0.2 10 0 0 4737 0.5 10 0 0 120 60.4 51.2 51.2
4937 0.2 10 0 0 4737 0.5 10 0 0 150 59.7 50.6 50.6
4937 0.2 10 0 0 4737 0.5 10 0 0 180 59.3 49.7 49.7
4937 0.2 10 0 0 4737 0.5 20 0 0 0 60.5 51.3 51.3
4937 0.2 10 0 0 4737 0.5 20 0 0 30 60.6 51.4 51.4
4937 0.2 10 0 0 4737 0.5 20 0 0 60 60.6 51.4 51.4
4937 0.2 10 0 0 4737 0.5 20 0 0 90 60.6 51.2 51.2
4937 0.2 10 0 0 4737 0.5 20 0 0 120 60.3 50.7 50.7
4937 0.2 10 0 0 4737 0.5 20 0 0 150 59.5 49.9 49.9
4937 0.2 10 0 0 4737 0.5 20 0 0 180 59.0 48.7 48.7
4937 0.2 10 0 0 4737 0.5 30 0 0 0 60.2 51.0 51.0
4937 0.2 10 0 0 4737 0.5 30 0 0 30 60.3 51.0 51.0
4937 0.2 10 0 0 4737 0.5 30 0 0 60 60.4 51.0 51.0
4937 0.2 10 0 0 4737 0.5 30 0 0 90 60.3 50.8 50.8
4937 0.2 10 0 0 4737 0.5 30 0 0 120 60.0 50.4 50.4
4937 0.2 10 0 0 4737 0.5 30 0 0 150 59.2 49.6 49.6
4937 0.2 10 0 0 4737 0.5 30 0 0 180 58.6 48.3 48.3
4937 0.2 10 0 0 4737 0.5 40 0 0 0 59.8 50.7 50.7
4937 0.2 10 0 0 4737 0.5 40 0 0 30 59.9 50.8 50.8
4937 0.2 10 0 0 4737 0.5 40 0 0 60 60.0 50.9 50.9
4937 0.2 10 0 0 4737 0.5 40 0 0 90 59.9 50.9 50.9
4937 0.2 10 0 0 4737 0.5 40 0 0 120 59.7 50.6 50.6
4937 0.2 10 0 0 4737 0.5 40 0 0 150 58.7 49.9 49.9
4937 0.2 10 0 0 4737 0.5 40 0 0 180 57.9 48.8 48.8
4937 0.2 10 0 0 4737 0.5 50 0 0 0 58.8 50.6 50.6
4937 0.2 10 0 0 4737 0.5 50 0 0 30 59.0 50.7 50.7
4937 0.2 10 0 0 4737 0.5 50 0 0 60 59.2 50.9 50.9
4937 0.2 10 0 0 4737 0.5 50 0 0 90 59.2 51.0 51.0
4937 0.2 10 0 0 4737 0.5 50 0 0 120 59.2 50.9 50.9
4937 0.2 10 0 0 4737 0.5 50 0 0 150 58.2 50.4 50.4
4937 0.2 10 0 0 4737 0.5 50 0 0 180 56.8 49.4 49.4
4937 0.2 10 0 0 4737 0.5 60 0 0 0 57.1 50.7 50.7
4937 0.2 10 0 0 4737 0.5 60 0 0 30 57.3 50.8 50.8
4937 0.2 10 0 0 4737 0.5 60 0 0 60 57.6 51.0 51.0
4937 0.2 10 0 0 4737 0.5 60 0 0 90 57.8 51.1 51.1
4937 0.2 10 0 0 4737 0.5 60 0 0 120 57.8 51.2 51.2
4937 0.2 10 0 0 4737 0.5 60 0 0 150 57.2 51.0 51.0
4937 0.2 10 0 0 4737 0.5 60 0 0 180 55.5 50.2 50.2
4937 0.2 10 0 0 4937 0.0 0 0 0 0 43.1 37.6 37.6
4937 0.2 10 0 0 4937 0.0 0 0 0 30 48.8 42.9 42.9
4937 0.2 10 0 0 4937 0.0 0 0 0 60 57.1 51.2 51.2
4937 0.2 10 0 0 4937 0.0 0 0 0 90 65.4 59.6 59.6
4937 0.2 10 0 0 4937 0.0 0 0 0 120 72.9 65.7 65.7
4937 0.2 10 0 0 4937 0.0 0 0 0 150 76.7 66.0 66.0
4937 0.2 10 0 0 4937 0.0 0 0 0 180 77.0 66.0 66.0
4937 0.2 10 0 0 4937 0.0 10 0 0 0 43.0 37.4 37.4
4937 0.2 10 0 0 4937 0.0 10 0 0 30 48.7 42.6 42.6
4937 0.2 10 0 0 4937 0.0 10 0 0 60 57.0 51.0 51.0
4937 0.2 10 0 0 4937 0.0 10 0 0 90 65.3 59.4 59.4
4937 0.2 10 0 0 4937 0.0 10 0 0 120 72.9 64.5 64.5
4937 0.2 10 0 0 4937 0.0 10 0 0 150 76.6 65.7 65.7
4937 0.2 10 0 0 4937 0.0 10 0 0 180 76.9 65.7 65.7
4937 0.2 10 0 0 4937 0.0 20 0 0 0 42.9 37.2 37.2
4937 0.2 10 0 0 4937 0.0 20 0 0 30 48.5 42.0 42.0
4937 0.2 10 0 0 4937 0.0 20 0 0 60 56.7 50.2 50.2
4937 0.2 10 0 0 4937 0.0 20 0 0 90 65.0 57.8 57.8
4937 0.2 10 0 0 4937 0.0 20 0 0 120 72.7 62.3 62.3
4937 0.2 10 0 0 4937 0.0 20 0 0 150 76.4 64.4 64.4
4937 0.2 10 0 0 4937 0.0 20 0 0 180 76.6 64.4 64.4
4937 0.2 10 0 0 4937 0.0 30 0 0 0 42.7 37.6 37.6
4937 0.2 10 0 0 4937 0.0 30 0 0 30 48.1 42.1 42.1
4937 0.2 10 0 0 4937 0.0 30 0 0 60 56.4 48.2 48.2
4937 0.2 10 0 0 4937 0.0 30 0 0 90 64.6 54.0 54.0
4937 0.2 10 0 0 4937 0.0 30 0 0 120 72.5 58.3 58.3
4937 0.2 10 0 0 4937 0.0 30 0 0 150 75.8 61.0 61.0
4937 0.2 10 0 0 4937 0.0 30 0 0 180 76.1 61.4 61.4
4937 0.2 10 0 0 4937 0.0 40 0 0 0 42.3 38.5 38.5
4937 0.2 10 0 0 4937 0.0 40 0 0 30 47.5 42.6 42.6
4937 0.2 10 0 0 4937 0.0 40 0 0 60 55.8 48.0 48.0
4937 0.2 10 0 0 4937 0.0 40 0 0 90 64.1 53.2 53.2
4937 0.2 10 0 0 4937 0.0 40 0 0 120 72.0 57.4 57.4
4937 0.2 10 0 0 4937 0.0 40 0 0 150 75.0 60.3 60.3
4937 0.2 10 0 0 4937 0.0 40 0 0 180 75.3 61.4 61.4
4937 0.2 10 0 0 4937 0.0 50 0 0 0 42.0 40.1 40.1
4937 0.2 10 0 0 4937 0.0 50 0 0 30 46.8 43.3 43.3
4937 0.2 10 0 0 4937 0.0 50 0 0 60 55.1 48.3 48.3
4937 0.2 10 0 0 4937 0.0 50 0 0 90 63.3 53.2 53.2
4937 0.2 10 0 0 4937 0.0 50 0 0 120 71.0 57.3 57.3
4937 0.2 10 0 0 4937 0.0 50 0 0 150 73.7 60.3 60.3
4937 0.2 10 0 0 4937 0.0 50 0 0 180 74.2 62.2 62.2
4937 0.2 10 0 0 4937 0.0 60 0 0 0 42.0 42.4 42.4
4937 0.2 10 0 0 4937 0.0 60 0 0 30 45.7 45.0 45.0
4937 0.2 10 0 0 4937 0.0 60 0 0 60 53.9 49.1 49.1
4937 0.2 10 0 0 4937 0.0 60 0 0 90 62.2 53.8 53.8
4937 0.2 10 0 0 4937 0.0 60 0 0 120 69.0 57.9 57.9
4937 0.2 10 0 0 4937 0.0 60 0 0 150 71.7 60.9 60.9
4937 0.2 10 0 0 4937 0.0 60 0 0 180 72.2 63.1 63.1
4937 0.2 10 0 0 4937 0.1 0 0 0 0 41.2 35.9 35.9
4937 0.2 10 0 0 4937 0.1 0 0 0 30 47.4 41.3 41.3
4937 0.2 10 0 0 4937 0.1 0 0 0 60 54.5 48.5 48.5
4937 0.2 10 0 0 4937 0.1 0 0 0 90 62.3 56.4 56.4
4937 0.2 10 0 0 4937 0.1 0 0 0 120 70.2 63.4 63.4
4937 0.2 10 0 0 4937 0.1 0 0 0 150 75.3 65.9 65.9
4937 0.2 10 0 0 4937 0.1 0 0 0 180 77.0 65.8 65.8
4937 0.2 10 0 0 4937 0.1 10 0 0 0 41.1 35.3 35.3
4937 0.2 10 0 0 4937 0.1 10 0 0 30 47.2 41.0 41.0
4937 0.2 10 0 0 4937 0.1 10 0 0 60 54.4 48.2 48.2
4937 0.2 10 0 0 4937 0.1 10 0 0 90 62.1 56.1 56.1
4937 0.2 10 0 0 4937 0.1 10 0 0 120 70.2 62.1 62.1
4937 0.2 10 0 0 4937 0.1 10 0 0 150 75.3 65.4 65.4
4937 0.2 10 0 0 4937 0.1 10 0 0 180 76.9 65.5 65.5
4937 0.2 10 0 0 4937 0.1 20 0 0 0 41.0 35.5 35.5
4937 0.2 10 0 0 4937 0.1 20 0 0 30 47.0 40.3 40.3
4937 0.2 10 0 0 4937 0.1 20 0 0 60 54.1 47.5 47.5
4937 0.2 10 0 0 4937 0.1 20 0 0 90 61.9 54.6 54.6
4937 0.2 10 0 0 4937 0.1 20 0 0 120 70.0 59.8 59.8
4937 0.2 10 0 0 4937 0.1 20 0 0 150 75.0 63.5 63.5
4937 0.2 10 0 0 4937 0.1 20 0 0 180 76.6 64.3 64.3
4937 0.2 10 0 0 4937 0.1 30 0 0 0 40.7 36.2 36.2
4937 0.2 10 0 0 4937 0.1 30 0 0 30 46.6 40.1 40.1
4937 0.2 10 0 0 4937 0.1 30 0 0 60 53.7 45.4 45.4
4937 0.2 10 0 0 4937 0.1 30 0 0 90 61.5 50.9 50.9
4937 0.2 10 0 0 4937 0.1 30 0 0 120 69.7 55.8 55.8
4937 0.2 10 0 0 4937 0.1 30 0 0 150 74.6 59.6 59.6
4937 0.2 10 0 0 4937 0.1 30 0 0 180 76.2 61.2 61.2
4937 0.2 10 0 0 4937 0.1 40 0 0 0 40.4 37.8 37.8
4937 0.2 10 0 0 4937 0.1 40 0 0 30 46.1 40.5 40.5
4937 0.2 10 0 0 4937 0.1 40 0 0 60 53.2 45.2 45.2
4937 0.2 10 0 0 4937 0.1 40 0 0 90 61.0 50.2 50.2
4937 0.2 10 0 0 4937 0.1 40 0 0 120 69.3 54.8 54.8
4937 0.2 10 0 0 4937 0.1 40 0 0 150 73.8 58.7 58.7
4937 0.2 10 0 0 4937 0.1 40 0 0 180 75.4 61.1 61.1
4937 0.2 10 0 0 4937 0.1 50 0 0 0 40.5 39.6 39.6
4937 0.2 10 0 0 4937 0.1 50 0 0 30 45.3 41.6 41.6
4937 0.2 10 0 0 4937 0.1 50 0 0 60 52.4 45.4 45.4
4937 0.2 10 0 0 4937 0.1 50 0 0 90 60.2 50.2 50.2
4937 0.2 10 0 0 4937 0.1 50 0 0 120 68.5 54.8 54.8
4937 0.2 10 0 0 4937 0.1 50 0 0 150 72.6 58.7 58.7
4937 0.2 10 0 0 4937 0.1 50 0 0 180 74.1 61.5 61.5
4937 0.2 10 0 0 4937 0.1 60 0 0 0 40.9 41.8 41.8
4937 0.2 10 0 0 4937 0.1 60 0 0 30 44.3 43.6 43.6
4937 0.2 10 0 0 4937 0.1 60 0 0 60 51.3 46.7 46.7
4937 0.2 10 0 0 4937 0.1 60 0 0 90 59.0 50.7 50.7
4937 0.2 10 0 0 4937 0.1 60 0 0 120 66.8 55.2 55.2
4937 0.2 10 0 0 4937 0.1 60 0 0 150 70.6 59.1 59.1
4937 0.2 10 0 0 4937 0.1 60 0 0 180 72.1 62.2 62.2
4937 0.2 10 0 0 4937 0.2 0 0 0 0 40.5 35.1 35.1
4937 0.2 10 0 0 4937 0.2 0 0 0 30 46.1 39.8 39.8
4937 0.2 10 0 0 4937 0.2 0 0 0 60 52.1 45.9 45.9
4937 0.2 10 0 0 4937 0.2 0 0 0 90 59.1 53.1 53.1
4937 0.2 10 0 0 4937 0.2 0 0 0 120 67.3 60.4 60.4
4937 0.2 10 0 0 4937 0.2 0 0 0 150 73.5 65.1 65.1
4937 0.2 10 0 0 4937 0.2 0 0 0 180 76.6 65.5 65.5
4937 0.2 10 0 0 4937 0.2 10 0 0 0 40.4 34.1 34.1
4937 0.2 10 0 0 4937 0.2 10 0 0 30 45.9 39.6 39.6
4937 0.2 10 0 0 4937 0.2 10 0 0 60 52.0 45.7 45.7
4937 0.2 10 0 0 4937 0.2 10 0 0 90 59.0 52.9 52.9
4937 0.2 10 0 0 4937 0.2 10 0 0 120 67.3 59.2 59.2
4937 0.2 10 0 0 4937 0.2 10 0 0 150 73.5 64.0 64.0
4937 0.2 10 0 0 4937 0.2 10 0 0 180 76.5 65.3 65.3
4937 0.2 10 0 0 4937 0.2 20 0 0 0 40.2 34.4 34.4
4937 0.2 10 0 0 4937 0.2 20 0 0 30 45.7 38.8 38.8
4937 0.2 10 0 0 4937 0.2 20 0 0 60 51.7 44.9 44.9
4937 0.2 10 0 0 4937 0.2 20 0 0 90 58.8 51.3 51.3
4937 0.2 10 0 0 4937 0.2 20 0 0 120 67.1 57.0 57.0
4937 0.2 10 0 0 4937 0.2 20 0 0 150 73.3 61.8 61.8
4937 0.2 10 0 0 4937 0.2 20 0 0 180 76.2 64.0 64.0
4937 0.2 10 0 0 4937 0.2 30 0 0 0 39.8 35.9 35.9
4937 0.2 10 0 0 4937 0.2 30 0 0 30 45.3 38.3 38.3
4937 0.2 10 0 0 4937 0.2 30 0 0 60 51.3 42.8 42.8
4937 0.2 10 0 0 4937 0.2 30 0 0 90 58.4 47.9 47.9
4937 0.2 10 0 0 4937 0.2 30 0 0 120 66.8 53.2 53.2
4937 0.2 10 0 0 4937 0.2 30 0 0 150 72.8 58.1 58.1
4937 0.2 10 0 0 4937 0.2 30 0 0 180 75.7 61.1 61.1
4937 0.2 10 0 0 4937 0.2 40 0 0 0 39.8 37.5 37.5
4937 0.2 10 0 0 4937 0.2 40 0 0 30 44.8 39.0 39.0
4937 0.2 10 0 0 4937 0.2 40 0 0 60 50.8 42.6 42.6
4937 0.2 10 0 0 4937 0.2 40 0 0 90 57.8 47.2 47.2
4937 0.2 10 0 0 4937 0.2 40 0 0 120 66.2 52.3 52.3
4937 0.2 10 0 0 4937 0.2 40 0 0 150 72.1 57.1 57.1
4937 0.2 10 0 0 4937 0.2 40 0 0 180 74.9 60.7 60.7
4937 0.2 10 0 0 4937 0.2 50 0 0 0 40.0 39.2 39.2
4937 0.2 10 0 0 4937 0.2 50 0 0 30 44.1 40.4 40.4
4937 0.2 10 0 0 4937 0.2 50 0 0 60 50.0 43.1 43.1
4937 0.2 10 0 0 4937 0.2 50 0 0 90 57.1 47.2 47.2
4937 0.2 10 0 0 4937 0.2 50 0 0 120 65.4 52.1 52.1
4937 0.2 10 0 0 4937 0.2 50 0 0 150 71.0 56.9 56.9
4937 0.2 10 0 0 4937 0.2 50 0 0 180 73.6 60.8 60.8
4937 0.2 10 0 0 4937 0.2 60 0 0 0 40.5 41.3 41.3
4937 0.2 10 0 0 4937 0.2 60 0 0 30 43.6 42.4 42.4
4937 0.2 10 0 0 4937 0.2 60 0 0 60 48.9 44.7 44.7
4937 0.2 10 0 0 4937 0.2 60 0 0 90 55.9 48.0 48.0
4937 0.2 10 0 0 4937 0.2 60 0 0 120 64.0 52.4 52.4
4937 0.2 10 0 0 4937 0.2 60 0 0 150 69.0 57.2 57.2
4937 0.2 10 0 0 4937 0.2 60 0 0 180 71.3 61.2 61.2
4937 0.2 10 0 0 4937 0.3 0 0 0 0 41.2 35.5 35.5
4937 0.2 10 0 0 4937 0.3 0 0 0 30 44.9 38.7 38.7
4937 0.2 10 0 0 4937 0.3 0 0 0 60 49.9 43.6 43.6
4937 0.2 10 0 0 4937 0.3 0 0 0 90 56.1 49.9 49.9
4937 0.2 10 0 0 4937 0.3 0 0 0 120 64.2 57.2 57.2
4937 0.2 10 0 0 4937 0.3 0 0 0 150 71.4 63.2 63.2
4937 0.2 10 0 0 4937 0.3 0 0 0 180 75.4 64.7 64.7
4937 0.2 10 0 0 4937 0.3 10 0 0 0 41.2 34.7 34.7
4937 0.2 10 0 0 4937 0.3 10 0 0 30 44.8 38.3 38.3
4937 0.2 10 0 0 4937 0.3 10 0 0 60 49.8 43.3 43.3
4937 0.2 10 0 0 4937 0.3 10 0 0 90 56.0 49.6 49.6
4937 0.2 10 0 0 4937 0.3 10 0 0 120 64.1 56.0 56.0
4937 0.2 10 0 0 4937 0.3 10 0 0 150 71.4 62.0 62.0
4937 0.2 10 0 0 4937 0.3 10 0 0 180 75.3 64.9 64.9
4937 0.2 10 0 0 4937 0.3 20 0 0 0 41.1 34.4 34.4
4937 0.2 10 0 0 4937 0.3 20 0 0 30 44.6 37.5 37.5
4937 0.2 10 0 0 4937 0.3 20 0 0 60 49.5 42.5 42.5
4937 0.2 10 0 0 4937 0.3 20 0 0 90 55.7 47.9 47.9
4937 0.2 10 0 0 4937 0.3 20 0 0 120 63.9 53.7 53.7
4937 0.2 10 0 0 4937 0.3 20 0 0 150 71.2 59.6 59.6
4937 0.2 10 0 0 4937 0.3 20 0 0 180 75.0 63.5 63.5
4937 0.2 10 0 0 4937 0.3 30 0 0 0 41.0 35.7 35.7
4937 0.2 10 0 0 4937 0.3 30 0 0 30 44.2 37.2 37.2
4937 0.2 10 0 0 4937 0.3 30 0 0 60 49.1 40.5 40.5
4937 0.2 10 0 0 4937 0.3 30 0 0 90 55.3 45.0 45.0
4937 0.2 10 0 0 4937 0.3 30 0 0 120 63.6 50.5 50.5
4937 0.2 10 0 0 4937 0.3 30 0 0 150 70.7 56.3 56.3
4937 0.2 10 0 0 4937 0.3 30 0 0 180 74.5 60.7 60.7
4937 0.2 10 0 0 4937 0.3 40 0 0 0 41.0 37.2 37.2
4937 0.2 10 0 0 4937 0.3 40 0 0 30 43.8 38.2 38.2
4937 0.2 10 0 0 4937 0.3 40 0 0 60 48.5 40.5 40.5
4937 0.2 10 0 0 4937 0.3 40 0 0 90 54.8 44.4 44.4
4937 0.2 10 0 0 4937 0.3 40 0 0 120 63.0 49.6 49.6
4937 0.2 10 0 0 4937 0.3 40 0 0 150 70.0 55.3 55.3
4937 0.2 10 0 0 4937 0.3 40 0 0 180 73.6 60.1 60.1
4937 0.2 10 0 0 4937 0.3 50 0 0 0 41.1 38.8 38.8
4937 0.2 10 0 0 4937 0.3 50 0 0 30 43.6 39.6 39.6
4937 0.2 10 0 0 4937 0.3 50 0 0 60 47.8 41.5 41.5
4937 0.2 10 0 0 4937 0.3 50 0 0 90 54.0 44.5 44.5
4937 0.2 10 0 0 4937 0.3 50 0 0 120 62.2 49.3 49.3
4937 0.2 10 0 0 4937 0.3 50 0 0 150 69.0 55.0 55.0
4937 0.2 10 0 0 4937 0.3 50 0 0 180 72.3 60.1 60.1
4937 0.2 10 0 0 4937 0.3 60 0 0 0 41.4 40.8 40.8
4937 0.2 10 0 0 4937 0.3 60 0 0 30 43.4 41.5 41.5
4937 0.2 10 0 0 4937 0.3 60 0 0 60 47.3 43.1 43.1
4937 0.2 10 0 0 4937 0.3 60 0 0 90 52.9 45.7 45.7
4937 0.2 10 0 0 4937 0.3 60 0 0 120 60.7 49.7 49.7
4937 0.2 10 0 0 4937 0.3 60 0 0 150 67.0 55.1 55.1
4937 0.2 10 0 0 4937 0.3 60 0 0 180 70.0 60.3 60.3
4937 0.2 10 0 0 4937 0.4 0 0 0 0 43.2 36.8 36.8
4937 0.2 10 0 0 4937 0.4 0 0 0 30 44.4 38.6 38.6
4937 0.2 10 0 0 4937 0.4 0 0 0 60 47.9 41.6 41.6
4937 0.2 10 0 0 4937 0.4 0 0 0 90 53.2 46.8 46.8
4937 0.2 10 0 0 4937 0.4 0 0 0 120 60.9 53.7 53.7
4937 0.2 10 0 0 4937 0.4 0 0 0 150 69.0 60.8 60.8
4937 0.2 10 0 0 4937 0.4 0 0 0 180 73.8 63.6 63.6
4937 0.2 10 0 0 4937 0.4 10 0 0 0 43.2 36.5 36.5
4937 0.2 10 0 0 4937 0.4 10 0 0 30 44.4 37.7 37.7
4937 0.2 10 0 0 4937 0.4 10 0 0 60 47.8 41.2 41.2
4937 0.2 10 0 0 4937 0.4 10 0 0 90 53.1 46.4 46.4
4937 0.2 10 0 0 4937 0.4 10 0 0 120 60.8 52.5 52.5
4937 0.2 10 0 0 4937 0.4 10 0 0 150 69.0 59.5 59.5
4937 0.2 10 0 0 4937 0.4 10 0 0 180 73.7 63.9 63.9
4937 0.2 10 0 0 4937 0.4 20 0 0 0 43.1 36.0 36.0
4937 0.2 10 0 0 4937 0.4 20 0 0 30 44.3 36.8 36.8
4937 0.2 10 0 0 4937 0.4 20 0 0 60 47.5 39.6 39.6
4937 0.2 10 0 0 4937 0.4 20 0 0 90 52.8 44.0 44.0
4937 0.2 10 0 0 4937 0.4 20 0 0 120 60.6 49.7 49.7
4937 0.2 10 0 0 4937 0.4 20 0 0 150 68.7 56.6 56.6
4937 0.2 10 0 0 4937 0.4 20 0 0 180 73.4 62.1 62.1
4937 0.2 10 0 0 4937 0.4 30 0 0 0 43.1 36.2 36.2
4937 0.2 10 0 0 4937 0.4 30 0 0 30 44.2 37.0 37.0
4937 0.2 10 0 0 4937 0.4 30 0 0 60 47.1 38.9 38.9
4937 0.2 10 0 0 4937 0.4 30 0 0 90 52.4 42.4 42.4
4937 0.2 10 0 0 4937 0.4 30 0 0 120 60.2 47.8 47.8
4937 0.2 10 0 0 4937 0.4 30 0 0 150 68.3 54.5 54.5
4937 0.2 10 0 0 4937 0.4 30 0 0 180 72.9 60.5 60.5
4937 0.2 10 0 0 4937 0.4 40 0 0 0 43.0 37.2 37.2
4937 0.2 10 0 0 4937 0.4 40 0 0 30 44.2 37.9 37.9
4937 0.2 10 0 0 4937 0.4 40 0 0 60 46.8 39.4 39.4
4937 0.2 10 0 0 4937 0.4 40 0 0 90 51.8 42.1 42.1
4937 0.2 10 0 0 4937 0.4 40 0 0 120 59.6 46.9 46.9
4937 0.2 10 0 0 4937 0.4 40 0 0 150 67.6 53.5 53.5
4937 0.2 10 0 0 4937 0.4 40 0 0 180 72.0 59.8 59.8
4937 0.2 10 0 0 4937 0.4 50 0 0 0 43.1 38.6 38.6
4937 0.2 10 0 0 4937 0.4 50 0 0 30 44.2 39.2 39.2
4937 0.2 10 0 0 4937 0.4 50 0 0 60 46.6 40.5 40.5
4937 0.2 10 0 0 4937 0.4 50 0 0 90 51.1 42.6 42.6
4937 0.2 10 0 0 4937 0.4 50 0 0 120 58.7 46.6 46.6
4937 0.2 10 0 0 4937 0.4 50 0 0 150 66.5 53.1 53.1
4937 0.2 10 0 0 4937 0.4 50 0 0 180 70.6 59.4 59.4
4937 0.2 10 0 0 4937 0.4 60 0 0 0 43.3 40.2 40.2
4937 0.2 10 0 0 4937 0.4 60 0 0 30 44.3 40.7 40.7
4937 0.2 10 0 0 4937 0.4 60 0 0 60 46.5 41.8 41.8
4937 0.2 10 0 0 4937 0.4 60 0 0 90 50.7 43.8 43.8
4937 0.2 10 0 0 4937 0.4 60 0 0 120 57.3 47.3 47.3
4937 0.2 10 0 0 4937 0.4 60 0 0 150 64.4 52.9 52.9
4937 0.2 10 0 0 4937 0.4 60 0 0 180 68.0 59.4 59.4
4937 0.2 10 0 0 4937 0.5 0 0 0 0 45.3 38.6 38.6
4937 0.2 10 0 0 4937 0.5 0 0 0 30 45.8 39.3 39.3
4937 0.2 10 0 0 4937 0.5 0 0 0 60 47.0 41.0 41.0
4937 0.2 10 0 0 4937 0.5 0 0 0 90 50.4 44.2 44.2
4937 0.2 10 0 0 4937 0.5 0 0 0 120 57.4 49.7 49.7
4937 0.2 10 0 0 4937 0.5 0 0 0 150 66.3 57.7 57.7
4937 0.2 10 0 0 4937 0.5 0 0 0 180 72.0 62.0 62.0
4937 0.2 10 0 0 4937 0.5 10 0 0 0 45.3 38.4 38.4
4937 0.2 10 0 0 4937 0.5 10 0 0 30 45.8 38.9 38.9
4937 0.2 10 0 0 4937 0.5 10 0 0 60 47.0 40.1 40.1
4937 0.2 10 0 0 4937 0.5 10 0 0 90 50.3 42.8 42.8
4937 0.2 10 0 0 4937 0.5 10 0 0 120 57.3 48.3 48.3
4937 0.2 10 0 0 4937 0.5 10 0 0 150 66.2 56.2 56.2
4937 0.2 10 0 0 4937 0.5 10 0 0 180 71.9 61.7 61.7
4937 0.2 10 0 0 4937 0.5 20 0 0 0 45.3 38.0 38.0
4937 0.2 10 0 0 4937 0.5 20 0 0 30 45.8 38.2 38.2
4937 0.2 10 0 0 4937 0.5 20 0 0 60 46.9 38.9 38.9
4937 0.2 10 0 0 4937 0.5 20 0 0 90 50.0 41.2 41.2
4937 0.2 10 0 0 4937 0.5 20 0 0 120 57.1 46.4 46.4
4937 0.2 10 0 0 4937 0.5 20 0 0 150 65.9 54.0 54.0
4937 0.2 10 0 0 4937 0.5 20 0 0 180 71.6 60.6 60.6
4937 0.2 10 0 0 4937 0.5 30 0 0 0 45.3 38.0 38.0
4937 0.2 10 0 0 4937 0.5 30 0 0 30 45.8 37.9 37.9
4937 0.2 10 0 0 4937 0.5 30 0 0 60 46.9 38.5 38.5
4937 0.2 10 0 0 4937 0.5 30 0 0 90 49.8 40.6 40.6
4937 0.2 10 0 0 4937 0.5 30 0 0 120 56.6 45.0 45.0
4937 0.2 10 0 0 4937 0.5 30 0 0 150 65.5 52.6 52.6
4937 0.2 10 0 0 4937 0.5 30 0 0 180 71.0 59.9 59.9
4937 0.2 10 0 0 4937 0.5 40 0 0 0 45.3 38.4 38.4
4937 0.2 10 0 0 4937 0.5 40 0 0 30 45.8 38.2 38.2
4937 0.2 10 0 0 4937 0.5 40 0 0 60 46.9 38.9 38.9
4937 0.2 10 0 0 4937 0.5 40 0 0 90 49.5 40.7 40.7
4937 0.2 10 0 0 4937 0.5 40 0 0 120 56.0 44.3 44.3
4937 0.2 10 0 0 4937 0.5 40 0 0 150 64.7 51.6 51.6
4937 0.2 10 0 0 4937 0.5 40 0 0 180 70.1 59.4 59.4
4937 0.2 10 0 0 4937 0.5 50 0 0 0 45.3 39.1 39.1
4937 0.2 10 0 0 4937 0.5 50 0 0 30 45.8 39.1 39.1
4937 0.2 10 0 0 4937 0.5 50 0 0 60 46.9 39.8 39.8
4937 0.2 10 0 0 4937 0.5 50 0 0 90 49.4 41.3 41.3
4937 0.2 10 0 0 4937 0.5 50 0 0 120 55.2 44.4 44.4
4937 0.2 10 0 0 4937 0.5 50 0 0 150 63.6 50.9 50.9
4937 0.2 10 0 0 4937 0.5 50 0 0 180 68.6 58.9 58.9
4937 0.2 10 0 0 4937 0.5 60 0 0 0 45.5 40.3 40.3
4937 0.2 10 0 0 4937 0.5 60 0 0 30 45.9 40.2 40.2
4937 0.2 10 0 0 4937 0.5 60 0 0 60 47.0 40.8 40.8
4937 0.2 10 0 0 4937 0.5 60 0 0 90 49.3 42.2 42.2
4937 0.2 10 0 0 4937 0.5 60 0 0 120 54.3 45.1 45.1
4937 0.2 10 0 0 4937 0.5 60 0 0 150 61.5 50.7 50.7
4937 0.2 10 0 0 4937 0.5 60 0 0 180 65.9 58.6 58.6
