5137 0.3 0 0 0 4737 0.0 0 0 0 0 62.0 55.1 55.1
5137 0.3 0 0 0 4737 0.0 0 0 0 30 62.1 55.1 55.1
5137 0.3 0 0 0 4737 0.0 0 0 0 60 62.3 55.3 55.3
5137 0.3 0 0 0 4737 0.0 0 0 0 90 62.3 55.5 55.5
5137 0.3 0 0 0 4737 0.0 0 0 0 120 62.4 55.6 55.6
5137 0.3 0 0 0 4737 0.0 0 0 0 150 62.3 55.6 55.6
5137 0.3 0 0 0 4737 0.0 0 0 0 180 62.3 55.8 55.8
5137 0.3 0 0 0 4737 0.0 10 0 0 0 61.9 54.8 54.8
5137 0.3 0 0 0 4737 0.0 10 0 0 30 62.0 54.9 54.9
5137 0.3 0 0 0 4737 0.0 10 0 0 60 62.3 55.0 55.0
5137 0.3 0 0 0 4737 0.0 10 0 0 90 62.3 55.2 55.2
5137 0.3 0 0 0 4737 0.0 10 0 0 120 62.3 55.4 55.4
5137 0.3 0 0 0 4737 0.0 10 0 0 150 62.3 55.5 55.5
5137 0.3 0 0 0 4737 0.0 10 0 0 180 62.2 55.6 55.6
5137 0.3 0 0 0 4737 0.0 20 0 0 0 61.7 53.9 53.9
5137 0.3 0 0 0 4737 0.0 20 0 0 30 61.9 54.0 54.0
5137 0.3 0 0 0 4737 0.0 20 0 0 60 62.1 54.2 54.2
5137 0.3 0 0 0 4737 0.0 20 0 0 90 62.1 54.2 54.2
5137 0.3 0 0 0 4737 0.0 20 0 0 120 62.1 54.6 54.6
5137 0.3 0 0 0 4737 0.0 20 0 0 150 62.1 54.6 54.6
5137 0.3 0 0 0 4737 0.0 20 0 0 180 62.0 54.6 54.6
5137 0.3 0 0 0 4737 0.0 30 0 0 0 61.4 51.8 51.8
5137 0.3 0 0 0 4737 0.0 30 0 0 30 61.6 51.9 51.9
5137 0.3 0 0 0 4737 0.0 30 0 0 60 61.8 52.0 52.0
5137 0.3 0 0 0 4737 0.0 30 0 0 90 61.8 52.1 52.1
5137 0.3 0 0 0 4737 0.0 30 0 0 120 61.8 52.5 52.5
5137 0.3 0 0 0 4737 0.0 30 0 0 150 61.7 52.7 52.7
5137 0.3 0 0 0 4737 0.0 30 0 0 180 61.7 52.8 52.8
5137 0.3 0 0 0 4737 0.0 40 0 0 0 60.9 51.9 51.9
5137 0.3 0 0 0 4737 0.0 40 0 0 30 61.1 51.9 51.9
5137 0.3 0 0 0 4737 0.0 40 0 0 60 61.2 52.0 52.0
5137 0.3 0 0 0 4737 0.0 40 0 0 90 61.3 52.1 52.1
5137 0.3 0 0 0 4737 0.0 40 0 0 120 61.3 52.4 52.4
5137 0.3 0 0 0 4737 0.0 40 0 0 150 61.2 52.6 52.6
5137 0.3 0 0 0 4737 0.0 40 0 0 180 61.2 52.8 52.8
5137 0.3 0 0 0 4737 0.0 50 0 0 0 60.1 52.5 52.5
5137 0.3 0 0 0 4737 0.0 50 0 0 30 60.3 52.6 52.6
5137 0.3 0 0 0 4737 0.0 50 0 0 60 60.5 52.7 52.7
5137 0.3 0 0 0 4737 0.0 50 0 0 90 60.5 52.8 52.8
5137 0.3 0 0 0 4737 0.0 50 0 0 120 60.5 53.1 53.1
5137 0.3 0 0 0 4737 0.0 50 0 0 150 60.5 53.2 53.2
5137 0.3 0 0 0 4737 0.0 50 0 0 180 60.4 53.4 53.4
5137 0.3 0 0 0 4737 0.0 60 0 0 0 58.9 53.6 53.6
5137 0.3 0 0 0 4737 0.0 60 0 0 30 59.1 53.9 53.9
5137 0.3 0 0 0 4737 0.0 60 0 0 60 59.2 54.0 54.0
5137 0.3 0 0 0 4737 0.0 60 0 0 90 59.2 54.3 54.3
5137 0.3 0 0 0 4737 0.0 60 0 0 120 59.1 54.4 54.4
5137 0.3 0 0 0 4737 0.0 60 0 0 150 59.1 54.5 54.5
5137 0.3 0 0 0 4737 0.0 60 0 0 180 59.1 54.5 54.5
5137 0.3 0 0 0 4737 0.1 0 0 0 0 61.4 54.3 54.3
5137 0.3 0 0 0 4737 0.1 0 0 0 30 61.5 54.2 54.2
5137 0.3 0 0 0 4737 0.1 0 0 0 60 61.7 54.5 54.5
5137 0.3 0 0 0 4737 0.1 0 0 0 90 61.7 54.6 54.6
5137 0.3 0 0 0 4737 0.1 0 0 0 120 61.7 54.8 54.8
5137 0.3 0 0 0 4737 0.1 0 0 0 150 61.8 55.0 55.0
5137 0.3 0 0 0 4737 0.1 0 0 0 180 61.7 55.0 55.0
5137 0.3 0 0 0 4737 0.1 10 0 0 0 61.3 54.0 54.0
5137 0.3 0 0 0 4737 0.1 10 0 0 30 61.4 54.1 54.1
5137 0.3 0 0 0 4737 0.1 10 0 0 60 61.7 54.2 54.2
5137 0.3 0 0 0 4737 0.1 10 0 0 90 61.6 54.4 54.4
5137 0.3 0 0 0 4737 0.1 10 0 0 120 61.7 54.6 54.6
5137 0.3 0 0 0 4737 0.1 10 0 0 150 61.7 54.8 54.8
5137 0.3 0 0 0 4737 0.1 10 0 0 180 61.6 54.9 54.9
5137 0.3 0 0 0 4737 0.1 20 0 0 0 61.2 53.1 53.1
5137 0.3 0 0 0 4737 0.1 20 0 0 30 61.2 53.2 53.2
5137 0.3 0 0 0 4737 0.1 20 0 0 60 61.5 53.3 53.3
5137 0.3 0 0 0 4737 0.1 20 0 0 90 61.5 53.5 53.5
5137 0.3 0 0 0 4737 0.1 20 0 0 120 61.5 53.7 53.7
5137 0.3 0 0 0 4737 0.1 20 0 0 150 61.5 53.8 53.8
5137 0.3 0 0 0 4737 0.1 20 0 0 180 61.4 53.9 53.9
5137 0.3 0 0 0 4737 0.1 30 0 0 0 60.8 51.3 51.3
5137 0.3 0 0 0 4737 0.1 30 0 0 30 60.9 51.3 51.3
5137 0.3 0 0 0 4737 0.1 30 0 0 60 61.2 51.3 51.3
5137 0.3 0 0 0 4737 0.1 30 0 0 90 61.1 51.4 51.4
5137 0.3 0 0 0 4737 0.1 30 0 0 120 61.1 51.6 51.6
5137 0.3 0 0 0 4737 0.1 30 0 0 150 61.2 51.7 51.7
5137 0.3 0 0 0 4737 0.1 30 0 0 180 61.1 51.9 51.9
5137 0.3 0 0 0 4737 0.1 40 0 0 0 60.3 51.4 51.4
5137 0.3 0 0 0 4737 0.1 40 0 0 30 60.4 51.4 51.4
5137 0.3 0 0 0 4737 0.1 40 0 0 60 60.7 51.3 51.3
5137 0.3 0 0 0 4737 0.1 40 0 0 90 60.6 51.4 51.4
5137 0.3 0 0 0 4737 0.1 40 0 0 120 60.6 51.6 51.6
5137 0.3 0 0 0 4737 0.1 40 0 0 150 60.6 51.8 51.8
5137 0.3 0 0 0 4737 0.1 40 0 0 180 60.6 52.0 52.0
5137 0.3 0 0 0 4737 0.1 50 0 0 0 59.5 52.0 52.0
5137 0.3 0 0 0 4737 0.1 50 0 0 30 59.6 52.2 52.2
5137 0.3 0 0 0 4737 0.1 50 0 0 60 59.8 52.1 52.1
5137 0.3 0 0 0 4737 0.1 50 0 0 90 59.8 52.3 52.3
5137 0.3 0 0 0 4737 0.1 50 0 0 120 59.9 52.3 52.3
5137 0.3 0 0 0 4737 0.1 50 0 0 150 59.8 52.4 52.4
5137 0.3 0 0 0 4737 0.1 50 0 0 180 59.7 52.6 52.6
5137 0.3 0 0 0 4737 0.1 60 0 0 0 58.2 52.8 52.8
5137 0.3 0 0 0 4737 0.1 60 0 0 30 58.4 53.0 53.0
5137 0.3 0 0 0 4737 0.1 60 0 0 60 58.5 53.2 53.2
5137 0.3 0 0 0 4737 0.1 60 0 0 90 58.4 53.5 53.5
5137 0.3 0 0 0 4737 0.1 60 0 0 120 58.4 53.7 53.7
5137 0.3 0 0 0 4737 0.1 60 0 0 150 58.3 53.9 53.9
5137 0.3 0 0 0 4737 0.1 60 0 0 180 58.4 53.9 53.9
5137 0.3 0 0 0 4737 0.2 0 0 0 0 60.8 53.4 53.4
5137 0.3 0 0 0 4737 0.2 0 0 0 30 60.9 53.5 53.5
5137 0.3 0 0 0 4737 0.2 0 0 0 60 61.1 53.6 53.6
5137 0.3 0 0 0 4737 0.2 0 0 0 90 61.1 53.7 53.7
5137 0.3 0 0 0 4737 0.2 0 0 0 120 61.2 53.9 53.9
5137 0.3 0 0 0 4737 0.2 0 0 0 150 61.1 54.2 54.2
5137 0.3 0 0 0 4737 0.2 0 0 0 180 61.1 54.2 54.2
5137 0.3 0 0 0 4737 0.2 10 0 0 0 60.8 53.2 53.2
5137 0.3 0 0 0 4737 0.2 10 0 0 30 60.8 53.3 53.3
5137 0.3 0 0 0 4737 0.2 10 0 0 60 61.0 53.3 53.3
5137 0.3 0 0 0 4737 0.2 10 0 0 90 61.0 53.5 53.5
5137 0.3 0 0 0 4737 0.2 10 0 0 120 61.1 53.7 53.7
5137 0.3 0 0 0 4737 0.2 10 0 0 150 61.1 54.0 54.0
5137 0.3 0 0 0 4737 0.2 10 0 0 180 61.0 54.1 54.1
5137 0.3 0 0 0 4737 0.2 20 0 0 0 60.6 52.2 52.2
5137 0.3 0 0 0 4737 0.2 20 0 0 30 60.7 52.3 52.3
5137 0.3 0 0 0 4737 0.2 20 0 0 60 60.8 52.5 52.5
5137 0.3 0 0 0 4737 0.2 20 0 0 90 60.8 52.5 52.5
5137 0.3 0 0 0 4737 0.2 20 0 0 120 61.0 52.7 52.7
5137 0.3 0 0 0 4737 0.2 20 0 0 150 60.9 53.1 53.1
5137 0.3 0 0 0 4737 0.2 20 0 0 180 60.8 53.1 53.1
5137 0.3 0 0 0 4737 0.2 30 0 0 0 60.2 50.8 50.8
5137 0.3 0 0 0 4737 0.2 30 0 0 30 60.3 50.8 50.8
5137 0.3 0 0 0 4737 0.2 30 0 0 60 60.5 50.8 50.8
5137 0.3 0 0 0 4737 0.2 30 0 0 90 60.5 50.8 50.8
5137 0.3 0 0 0 4737 0.2 30 0 0 120 60.6 50.8 50.8
5137 0.3 0 0 0 4737 0.2 30 0 0 150 60.5 51.1 51.1
5137 0.3 0 0 0 4737 0.2 30 0 0 180 60.5 51.1 51.1
5137 0.3 0 0 0 4737 0.2 40 0 0 0 59.7 50.9 50.9
5137 0.3 0 0 0 4737 0.2 40 0 0 30 59.8 51.0 51.0
5137 0.3 0 0 0 4737 0.2 40 0 0 60 59.9 50.9 50.9
5137 0.3 0 0 0 4737 0.2 40 0 0 90 60.0 50.9 50.9
5137 0.3 0 0 0 4737 0.2 40 0 0 120 60.0 50.9 50.9
5137 0.3 0 0 0 4737 0.2 40 0 0 150 59.9 51.0 51.0
5137 0.3 0 0 0 4737 0.2 40 0 0 180 59.9 51.2 51.2
5137 0.3 0 0 0 4737 0.2 50 0 0 0 58.9 51.5 51.5
5137 0.3 0 0 0 4737 0.2 50 0 0 30 59.0 51.6 51.6
5137 0.3 0 0 0 4737 0.2 50 0 0 60 59.1 51.6 51.6
5137 0.3 0 0 0 4737 0.2 50 0 0 90 59.2 51.7 51.7
5137 0.3 0 0 0 4737 0.2 50 0 0 120 59.2 51.6 51.6
5137 0.3 0 0 0 4737 0.2 50 0 0 150 59.0 51.8 51.8
5137 0.3 0 0 0 4737 0.2 50 0 0 180 59.0 51.9 51.9
5137 0.3 0 0 0 4737 0.2 60 0 0 0 57.6 52.1 52.1
5137 0.3 0 0 0 4737 0.2 60 0 0 30 57.8 52.3 52.3
5137 0.3 0 0 0 4737 0.2 60 0 0 60 57.8 52.3 52.3
5137 0.3 0 0 0 4737 0.2 60 0 0 90 57.8 52.7 52.7
5137 0.3 0 0 0 4737 0.2 60 0 0 120 57.7 52.7 52.7
5137 0.3 0 0 0 4737 0.2 60 0 0 150 57.5 53.1 53.1
5137 0.3 0 0 0 4737 0.2 60 0 0 180 57.5 53.3 53.3
5137 0.3 0 0 0 4737 0.3 0 0 0 0 60.2 52.5 52.5
5137 0.3 0 0 0 4737 0.3 0 0 0 30 60.3 52.7 52.7
5137 0.3 0 0 0 4737 0.3 0 0 0 60 60.5 52.7 52.7
5137 0.3 0 0 0 4737 0.3 0 0 0 90 60.5 52.8 52.8
5137 0.3 0 0 0 4737 0.3 0 0 0 120 60.6 53.0 53.0
5137 0.3 0 0 0 4737 0.3 0 0 0 150 60.5 53.4 53.4
5137 0.3 0 0 0 4737 0.3 0 0 0 180 60.4 53.3 53.3
5137 0.3 0 0 0 4737 0.3 10 0 0 0 60.1 52.3 52.3
5137 0.3 0 0 0 4737 0.3 10 0 0 30 60.2 52.4 52.4
5137 0.3 0 0 0 4737 0.3 10 0 0 60 60.4 52.5 52.5
5137 0.3 0 0 0 4737 0.3 10 0 0 90 60.4 52.6 52.6
5137 0.3 0 0 0 4737 0.3 10 0 0 120 60.5 52.8 52.8
5137 0.3 0 0 0 4737 0.3 10 0 0 150 60.4 53.2 53.2
5137 0.3 0 0 0 4737 0.3 10 0 0 180 60.4 53.2 53.2
5137 0.3 0 0 0 4737 0.3 20 0 0 0 59.9 51.1 51.1
5137 0.3 0 0 0 4737 0.3 20 0 0 30 60.1 51.3 51.3
5137 0.3 0 0 0 4737 0.3 20 0 0 60 60.2 51.4 51.4
5137 0.3 0 0 0 4737 0.3 20 0 0 90 60.2 51.5 51.5
5137 0.3 0 0 0 4737 0.3 20 0 0 120 60.3 51.7 51.7
5137 0.3 0 0 0 4737 0.3 20 0 0 150 60.2 52.0 52.0
5137 0.3 0 0 0 4737 0.3 20 0 0 180 60.2 52.1 52.1
5137 0.3 0 0 0 4737 0.3 30 0 0 0 59.5 50.3 50.3
5137 0.3 0 0 0 4737 0.3 30 0 0 30 59.7 50.3 50.3
5137 0.3 0 0 0 4737 0.3 30 0 0 60 59.8 50.3 50.3
5137 0.3 0 0 0 4737 0.3 30 0 0 90 59.8 50.4 50.4
5137 0.3 0 0 0 4737 0.3 30 0 0 120 59.9 50.4 50.4
5137 0.3 0 0 0 4737 0.3 30 0 0 150 59.8 50.6 50.6
5137 0.3 0 0 0 4737 0.3 30 0 0 180 59.8 50.6 50.6
5137 0.3 0 0 0 4737 0.3 40 0 0 0 59.0 50.4 50.4
5137 0.3 0 0 0 4737 0.3 40 0 0 30 59.1 50.4 50.4
5137 0.3 0 0 0 4737 0.3 40 0 0 60 59.3 50.5 50.5
5137 0.3 0 0 0 4737 0.3 40 0 0 90 59.3 50.5 50.5
5137 0.3 0 0 0 4737 0.3 40 0 0 120 59.4 50.6 50.6
5137 0.3 0 0 0 4737 0.3 40 0 0 150 59.3 50.7 50.7
5137 0.3 0 0 0 4737 0.3 40 0 0 180 59.2 50.7 50.7
5137 0.3 0 0 0 4737 0.3 50 0 0 0 58.2 50.9 50.9
5137 0.3 0 0 0 4737 0.3 50 0 0 30 58.3 51.0 51.0
5137 0.3 0 0 0 4737 0.3 50 0 0 60 58.5 51.1 51.1
5137 0.3 0 0 0 4737 0.3 50 0 0 90 58.5 51.3 51.3
5137 0.3 0 0 0 4737 0.3 50 0 0 120 58.5 51.2 51.2
5137 0.3 0 0 0 4737 0.3 50 0 0 150 58.4 51.3 51.3
5137 0.3 0 0 0 4737 0.3 50 0 0 180 58.3 51.3 51.3
5137 0.3 0 0 0 4737 0.3 60 0 0 0 57.0 51.5 51.5
5137 0.3 0 0 0 4737 0.3 60 0 0 30 57.0 51.5 51.5
5137 0.3 0 0 0 4737 0.3 60 0 0 60 57.1 51.5 51.5
5137 0.3 0 0 0 4737 0.3 60 0 0 90 57.1 51.8 51.8
5137 0.3 0 0 0 4737 0.3 60 0 0 120 56.9 51.9 51.9
5137 0.3 0 0 0 4737 0.3 60 0 0 150 56.7 52.4 52.4
5137 0.3 0 0 0 4737 0.3 60 0 0 180 56.6 52.5 52.5
5137 0.3 0 0 0 4737 0.4 0 0 0 0 59.6 51.6 51.6
5137 0.3 0 0 0 4737 0.4 0 0 0 30 59.7 51.7 51.7
5137 0.3 0 0 0 4737 0.4 0 0 0 60 59.8 51.7 51.7
5137 0.3 0 0 0 4737 0.4 0 0 0 90 59.8 51.8 51.8
5137 0.3 0 0 0 4737 0.4 0 0 0 120 59.9 52.1 52.1
5137 0.3 0 0 0 4737 0.4 0 0 0 150 59.9 52.4 52.4
5137 0.3 0 0 0 4737 0.4 0 0 0 180 59.8 52.4 52.4
5137 0.3 0 0 0 4737 0.4 10 0 0 0 59.5 51.4 51.4
5137 0.3 0 0 0 4737 0.4 10 0 0 30 59.7 51.4 51.4
5137 0.3 0 0 0 4737 0.4 10 0 0 60 59.7 51.5 51.5
5137 0.3 0 0 0 4737 0.4 10 0 0 90 59.8 51.6 51.6
5137 0.3 0 0 0 4737 0.4 10 0 0 120 59.9 51.8 51.8
5137 0.3 0 0 0 4737 0.4 10 0 0 150 59.8 52.2 52.2
5137 0.3 0 0 0 4737 0.4 10 0 0 180 59.7 52.2 52.2
5137 0.3 0 0 0 4737 0.4 20 0 0 0 59.3 49.9 49.9
5137 0.3 0 0 0 4737 0.4 20 0 0 30 59.4 50.0 50.0
5137 0.3 0 0 0 4737 0.4 20 0 0 60 59.5 50.1 50.1
5137 0.3 0 0 0 4737 0.4 20 0 0 90 59.5 50.2 50.2
5137 0.3 0 0 0 4737 0.4 20 0 0 120 59.7 50.5 50.5
5137 0.3 0 0 0 4737 0.4 20 0 0 150 59.6 51.0 51.0
5137 0.3 0 0 0 4737 0.4 20 0 0 180 59.5 50.9 50.9
5137 0.3 0 0 0 4737 0.4 30 0 0 0 58.9 49.9 49.9
5137 0.3 0 0 0 4737 0.4 30 0 0 30 59.1 50.0 50.0
5137 0.3 0 0 0 4737 0.4 30 0 0 60 59.1 50.0 50.0
5137 0.3 0 0 0 4737 0.4 30 0 0 90 59.2 49.9 49.9
5137 0.3 0 0 0 4737 0.4 30 0 0 120 59.3 50.0 50.0
5137 0.3 0 0 0 4737 0.4 30 0 0 150 59.2 50.1 50.1
5137 0.3 0 0 0 4737 0.4 30 0 0 180 59.1 50.1 50.1
5137 0.3 0 0 0 4737 0.4 40 0 0 0 58.4 50.0 50.0
5137 0.3 0 0 0 4737 0.4 40 0 0 30 58.5 50.1 50.1
5137 0.3 0 0 0 4737 0.4 40 0 0 60 58.6 50.1 50.1
5137 0.3 0 0 0 4737 0.4 40 0 0 90 58.7 50.1 50.1
5137 0.3 0 0 0 4737 0.4 40 0 0 120 58.7 50.1 50.1
5137 0.3 0 0 0 4737 0.4 40 0 0 150 58.6 50.3 50.3
5137 0.3 0 0 0 4737 0.4 40 0 0 180 58.5 50.3 50.3
5137 0.3 0 0 0 4737 0.4 50 0 0 0 57.6 50.3 50.3
5137 0.3 0 0 0 4737 0.4 50 0 0 30 57.7 50.4 50.4
5137 0.3 0 0 0 4737 0.4 50 0 0 60 57.8 50.5 50.5
5137 0.3 0 0 0 4737 0.4 50 0 0 90 57.8 50.6 50.6
5137 0.3 0 0 0 4737 0.4 50 0 0 120 57.7 50.8 50.8
5137 0.3 0 0 0 4737 0.4 50 0 0 150 57.6 51.0 51.0
5137 0.3 0 0 0 4737 0.4 50 0 0 180 57.5 50.9 50.9
5137 0.3 0 0 0 4737 0.4 60 0 0 0 56.3 50.8 50.8
5137 0.3 0 0 0 4737 0.4 60 0 0 30 56.3 50.9 50.9
5137 0.3 0 0 0 4737 0.4 60 0 0 60 56.3 50.9 50.9
5137 0.3 0 0 0 4737 0.4 60 0 0 90 56.2 51.0 51.0
5137 0.3 0 0 0 4737 0.4 60 0 0 120 56.0 51.2 51.2
5137 0.3 0 0 0 4737 0.4 60 0 0 150 55.6 51.7 51.7
5137 0.3 0 0 0 4737 0.4 60 0 0 180 55.5 51.8 51.8
5137 0.3 0 0 0 4737 0.5 0 0 0 0 59.0 50.3 50.3
5137 0.3 0 0 0 4737 0.5 0 0 0 30 59.1 50.3 50.3
5137 0.3 0 0 0 4737 0.5 0 0 0 60 59.1 50.4 50.4
5137 0.3 0 0 0 4737 0.5 0 0 0 90 59.2 50.5 50.5
5137 0.3 0 0 0 4737 0.5 0 0 0 120 59.3 50.6 50.6
5137 0.3 0 0 0 4737 0.5 0 0 0 150 59.3 51.0 51.0
5137 0.3 0 0 0 4737 0.5 0 0 0 180 59.1 51.0 51.0
5137 0.3 0 0 0 4737 0.5 10 0 0 0 59.0 49.9 49.9
5137 0.3 0 0 0 4737 0.5 10 0 0 30 59.0 50.0 50.0
5137 0.3 0 0 0 4737 0.5 10 0 0 60 59.1 50.0 50.0
5137 0.3 0 0 0 4737 0.5 10 0 0 90 59.1 50.0 50.0
5137 0.3 0 0 0 4737 0.5 10 0 0 120 59.2 50.3 50.3
5137 0.3 0 0 0 4737 0.5 10 0 0 150 59.2 50.7 50.7
5137 0.3 0 0 0 4737 0.5 10 0 0 180 59.0 50.6 50.6
5137 0.3 0 0 0 4737 0.5 20 0 0 0 58.8 49.5 49.5
5137 0.3 0 0 0 4737 0.5 20 0 0 30 58.8 49.5 49.5
5137 0.3 0 0 0 4737 0.5 20 0 0 60 58.8 49.6 49.6
5137 0.3 0 0 0 4737 0.5 20 0 0 90 58.9 49.7 49.7
5137 0.3 0 0 0 4737 0.5 20 0 0 120 59.0 50.0 50.0
5137 0.3 0 0 0 4737 0.5 20 0 0 150 59.0 50.4 50.4
5137 0.3 0 0 0 4737 0.5 20 0 0 180 58.8 50.1 50.1
5137 0.3 0 0 0 4737 0.5 30 0 0 0 58.4 49.7 49.7
5137 0.3 0 0 0 4737 0.5 30 0 0 30 58.5 49.8 49.8
5137 0.3 0 0 0 4737 0.5 30 0 0 60 58.5 49.8 49.8
5137 0.3 0 0 0 4737 0.5 30 0 0 90 58.5 49.9 49.9
5137 0.3 0 0 0 4737 0.5 30 0 0 120 58.6 49.9 49.9
5137 0.3 0 0 0 4737 0.5 30 0 0 150 58.5 50.0 50.0
5137 0.3 0 0 0 4737 0.5 30 0 0 180 58.4 49.7 49.7
5137 0.3 0 0 0 4737 0.5 40 0 0 0 57.8 49.7 49.7
5137 0.3 0 0 0 4737 0.5 40 0 0 30 57.9 49.8 49.8
5137 0.3 0 0 0 4737 0.5 40 0 0 60 57.9 49.9 49.9
5137 0.3 0 0 0 4737 0.5 40 0 0 90 57.9 49.9 49.9
5137 0.3 0 0 0 4737 0.5 40 0 0 120 58.0 50.1 50.1
5137 0.3 0 0 0 4737 0.5 40 0 0 150 57.9 50.2 50.2
5137 0.3 0 0 0 4737 0.5 40 0 0 180 57.8 50.0 50.0
5137 0.3 0 0 0 4737 0.5 50 0 0 0 57.0 49.7 49.7
5137 0.3 0 0 0 4737 0.5 50 0 0 30 57.0 49.9 49.9
5137 0.3 0 0 0 4737 0.5 50 0 0 60 57.1 50.0 50.0
5137 0.3 0 0 0 4737 0.5 50 0 0 90 57.0 50.1 50.1
5137 0.3 0 0 0 4737 0.5 50 0 0 120 57.0 50.3 50.3
5137 0.3 0 0 0 4737 0.5 50 0 0 150 56.8 50.6 50.6
5137 0.3 0 0 0 4737 0.5 50 0 0 180 56.7 50.6 50.6
5137 0.3 0 0 0 4737 0.5 60 0 0 0 55.8 50.1 50.1
5137 0.3 0 0 0 4737 0.5 60 0 0 30 55.9 50.1 50.1
5137 0.3 0 0 0 4737 0.5 60 0 0 60 55.9 50.2 50.2
5137 0.3 0 0 0 4737 0.5 60 0 0 90 55.7 50.3 50.3
5137 0.3 0 0 0 4737 0.5 60 0 0 120 55.6 50.4 50.4
5137 0.3 0 0 0 4737 0.5 60 0 0 150 55.1 51.0 51.0
5137 0.3 0 0 0 4737 0.5 60 0 0 180 54.7 51.2 51.2
5137 0.3 0 0 0 4937 0.0 0 0 0 0 62.2 55.4 55.4
5137 0.3 0 0 0 4937 0.0 0 0 0 30 62.8 55.9 55.9
5137 0.3 0 0 0 4937 0.0 0 0 0 60 63.2 56.5 56.5
5137 0.3 0 0 0 4937 0.0 0 0 0 90 63.4 56.9 56.9
5137 0.3 0 0 0 4937 0.0 0 0 0 120 63.4 57.0 57.0
5137 0.3 0 0 0 4937 0.0 0 0 0 150 63.1 56.8 56.8
5137 0.3 0 0 0 4937 0.0 0 0 0 180 62.8 56.4 56.4
5137 0.3 0 0 0 4937 0.0 10 0 0 0 62.2 55.1 55.1
5137 0.3 0 0 0 4937 0.0 10 0 0 30 62.7 55.7 55.7
5137 0.3 0 0 0 4937 0.0 10 0 0 60 63.1 56.2 56.2
5137 0.3 0 0 0 4937 0.0 10 0 0 90 63.3 56.7 56.7
5137 0.3 0 0 0 4937 0.0 10 0 0 120 63.4 56.8 56.8
5137 0.3 0 0 0 4937 0.0 10 0 0 150 63.1 56.8 56.8
5137 0.3 0 0 0 4937 0.0 10 0 0 180 62.7 56.3 56.3
5137 0.3 0 0 0 4937 0.0 20 0 0 0 62.0 54.2 54.2
5137 0.3 0 0 0 4937 0.0 20 0 0 30 62.6 54.8 54.8
5137 0.3 0 0 0 4937 0.0 20 0 0 60 63.0 55.5 55.5
5137 0.3 0 0 0 4937 0.0 20 0 0 90 63.1 55.9 55.9
5137 0.3 0 0 0 4937 0.0 20 0 0 120 63.2 56.1 56.1
5137 0.3 0 0 0 4937 0.0 20 0 0 150 62.9 56.0 56.0
5137 0.3 0 0 0 4937 0.0 20 0 0 180 62.5 55.5 55.5
5137 0.3 0 0 0 4937 0.0 30 0 0 0 61.7 52.3 52.3
5137 0.3 0 0 0 4937 0.0 30 0 0 30 62.3 53.1 53.1
5137 0.3 0 0 0 4937 0.0 30 0 0 60 62.7 54.0 54.0
5137 0.3 0 0 0 4937 0.0 30 0 0 90 62.8 54.7 54.7
5137 0.3 0 0 0 4937 0.0 30 0 0 120 62.9 54.8 54.8
5137 0.3 0 0 0 4937 0.0 30 0 0 150 62.6 54.4 54.4
5137 0.3 0 0 0 4937 0.0 30 0 0 180 62.2 53.6 53.6
5137 0.3 0 0 0 4937 0.0 40 0 0 0 61.2 52.1 52.1
5137 0.3 0 0 0 4937 0.0 40 0 0 30 61.9 52.9 52.9
5137 0.3 0 0 0 4937 0.0 40 0 0 60 62.2 53.9 53.9
5137 0.3 0 0 0 4937 0.0 40 0 0 90 62.4 54.5 54.5
5137 0.3 0 0 0 4937 0.0 40 0 0 120 62.4 54.7 54.7
5137 0.3 0 0 0 4937 0.0 40 0 0 150 62.1 54.4 54.4
5137 0.3 0 0 0 4937 0.0 40 0 0 180 61.7 53.6 53.6
5137 0.3 0 0 0 4937 0.0 50 0 0 0 60.6 52.6 52.6
5137 0.3 0 0 0 4937 0.0 50 0 0 30 61.2 53.4 53.4
5137 0.3 0 0 0 4937 0.0 50 0 0 60 61.5 54.3 54.3
5137 0.3 0 0 0 4937 0.0 50 0 0 90 61.7 55.0 55.0
5137 0.3 0 0 0 4937 0.0 50 0 0 120 61.7 55.2 55.2
5137 0.3 0 0 0 4937 0.0 50 0 0 150 61.4 55.0 55.0
5137 0.3 0 0 0 4937 0.0 50 0 0 180 61.0 54.2 54.2
5137 0.3 0 0 0 4937 0.0 60 0 0 0 59.4 53.8 53.8
5137 0.3 0 0 0 4937 0.0 60 0 0 30 59.9 54.4 54.4
5137 0.3 0 0 0 4937 0.0 60 0 0 60 60.3 54.9 54.9
5137 0.3 0 0 0 4937 0.0 60 0 0 90 60.4 55.4 55.4
5137 0.3 0 0 0 4937 0.0 60 0 0 120 60.4 55.6 55.6
5137 0.3 0 0 0 4937 0.0 60 0 0 150 60.2 55.7 55.7
5137 0.3 0 0 0 4937 0.0 60 0 0 180 59.8 55.4 55.4
5137 0.3 0 0 0 4937 0.1 0 0 0 0 61.7 54.5 54.5
5137 0.3 0 0 0 4937 0.1 0 0 0 30 62.2 55.0 55.0
5137 0.3 0 0 0 4937 0.1 0 0 0 60 62.5 55.6 55.6
5137 0.3 0 0 0 4937 0.1 0 0 0 90 62.7 56.1 56.1
5137 0.3 0 0 0 4937 0.1 0 0 0 120 62.8 56.4 56.4
5137 0.3 0 0 0 4937 0.1 0 0 0 150 62.5 56.3 56.3
5137 0.3 0 0 0 4937 0.1 0 0 0 180 62.1 55.7 55.7
5137 0.3 0 0 0 4937 0.1 10 0 0 0 61.6 54.2 54.2
5137 0.3 0 0 0 4937 0.1 10 0 0 30 62.1 54.7 54.7
5137 0.3 0 0 0 4937 0.1 10 0 0 60 62.4 55.3 55.3
5137 0.3 0 0 0 4937 0.1 10 0 0 90 62.7 55.8 55.8
5137 0.3 0 0 0 4937 0.1 10 0 0 120 62.7 56.2 56.2
5137 0.3 0 0 0 4937 0.1 10 0 0 150 62.5 56.2 56.2
5137 0.3 0 0 0 4937 0.1 10 0 0 180 62.1 55.6 55.6
5137 0.3 0 0 0 4937 0.1 20 0 0 0 61.5 53.2 53.2
5137 0.3 0 0 0 4937 0.1 20 0 0 30 62.0 53.8 53.8
5137 0.3 0 0 0 4937 0.1 20 0 0 60 62.3 54.5 54.5
5137 0.3 0 0 0 4937 0.1 20 0 0 90 62.5 55.0 55.0
5137 0.3 0 0 0 4937 0.1 20 0 0 120 62.6 55.5 55.5
5137 0.3 0 0 0 4937 0.1 20 0 0 150 62.3 55.5 55.5
5137 0.3 0 0 0 4937 0.1 20 0 0 180 61.9 55.0 55.0
5137 0.3 0 0 0 4937 0.1 30 0 0 0 61.2 51.3 51.3
5137 0.3 0 0 0 4937 0.1 30 0 0 30 61.7 52.0 52.0
5137 0.3 0 0 0 4937 0.1 30 0 0 60 62.0 52.9 52.9
5137 0.3 0 0 0 4937 0.1 30 0 0 90 62.2 53.7 53.7
5137 0.3 0 0 0 4937 0.1 30 0 0 120 62.3 54.2 54.2
5137 0.3 0 0 0 4937 0.1 30 0 0 150 62.0 53.9 53.9
5137 0.3 0 0 0 4937 0.1 30 0 0 180 61.6 53.1 53.1
5137 0.3 0 0 0 4937 0.1 40 0 0 0 60.7 51.2 51.2
5137 0.3 0 0 0 4937 0.1 40 0 0 30 61.2 51.9 51.9
5137 0.3 0 0 0 4937 0.1 40 0 0 60 61.5 52.7 52.7
5137 0.3 0 0 0 4937 0.1 40 0 0 90 61.8 53.5 53.5
5137 0.3 0 0 0 4937 0.1 40 0 0 120 61.8 54.0 54.0
5137 0.3 0 0 0 4937 0.1 40 0 0 150 61.5 53.9 53.9
5137 0.3 0 0 0 4937 0.1 40 0 0 180 61.0 53.2 53.2
5137 0.3 0 0 0 4937 0.1 50 0 0 0 59.9 51.5 51.5
5137 0.3 0 0 0 4937 0.1 50 0 0 30 60.5 52.2 52.2
5137 0.3 0 0 0 4937 0.1 50 0 0 60 60.8 53.1 53.1
5137 0.3 0 0 0 4937 0.1 50 0 0 90 61.1 53.9 53.9
5137 0.3 0 0 0 4937 0.1 50 0 0 120 61.1 54.5 54.5
5137 0.3 0 0 0 4937 0.1 50 0 0 150 60.8 54.6 54.6
5137 0.3 0 0 0 4937 0.1 50 0 0 180 60.3 53.9 53.9
5137 0.3 0 0 0 4937 0.1 60 0 0 0 58.7 52.9 52.9
5137 0.3 0 0 0 4937 0.1 60 0 0 30 59.2 53.4 53.4
5137 0.3 0 0 0 4937 0.1 60 0 0 60 59.6 54.0 54.0
5137 0.3 0 0 0 4937 0.1 60 0 0 90 59.8 54.5 54.5
5137 0.3 0 0 0 4937 0.1 60 0 0 120 59.8 54.9 54.9
5137 0.3 0 0 0 4937 0.1 60 0 0 150 59.6 55.0 55.0
5137 0.3 0 0 0 4937 0.1 60 0 0 180 59.1 54.8 54.8
5137 0.3 0 0 0 4937 0.2 0 0 0 0 61.1 53.6 53.6
5137 0.3 0 0 0 4937 0.2 0 0 0 30 61.6 54.1 54.1
5137 0.3 0 0 0 4937 0.2 0 0 0 60 61.9 54.6 54.6
5137 0.3 0 0 0 4937 0.2 0 0 0 90 62.1 55.2 55.2
5137 0.3 0 0 0 4937 0.2 0 0 0 120 62.2 55.6 55.6
5137 0.3 0 0 0 4937 0.2 0 0 0 150 61.9 55.7 55.7
5137 0.3 0 0 0 4937 0.2 0 0 0 180 61.5 55.0 55.0
5137 0.3 0 0 0 4937 0.2 10 0 0 0 61.1 53.3 53.3
5137 0.3 0 0 0 4937 0.2 10 0 0 30 61.5 53.8 53.8
5137 0.3 0 0 0 4937 0.2 10 0 0 60 61.8 54.3 54.3
5137 0.3 0 0 0 4937 0.2 10 0 0 90 62.1 54.9 54.9
5137 0.3 0 0 0 4937 0.2 10 0 0 120 62.2 55.4 55.4
5137 0.3 0 0 0 4937 0.2 10 0 0 150 61.9 55.5 55.5
5137 0.3 0 0 0 4937 0.2 10 0 0 180 61.4 55.0 55.0
5137 0.3 0 0 0 4937 0.2 20 0 0 0 60.9 52.2 52.2
5137 0.3 0 0 0 4937 0.2 20 0 0 30 61.3 52.7 52.7
5137 0.3 0 0 0 4937 0.2 20 0 0 60 61.7 53.3 53.3
5137 0.3 0 0 0 4937 0.2 20 0 0 90 61.9 54.0 54.0
5137 0.3 0 0 0 4937 0.2 20 0 0 120 62.0 54.6 54.6
5137 0.3 0 0 0 4937 0.2 20 0 0 150 61.7 54.9 54.9
5137 0.3 0 0 0 4937 0.2 20 0 0 180 61.2 54.3 54.3
5137 0.3 0 0 0 4937 0.2 30 0 0 0 60.6 50.3 50.3
5137 0.3 0 0 0 4937 0.2 30 0 0 30 61.0 51.0 51.0
5137 0.3 0 0 0 4937 0.2 30 0 0 60 61.4 51.8 51.8
5137 0.3 0 0 0 4937 0.2 30 0 0 90 61.6 52.6 52.6
5137 0.3 0 0 0 4937 0.2 30 0 0 120 61.7 53.4 53.4
5137 0.3 0 0 0 4937 0.2 30 0 0 150 61.4 53.5 53.5
5137 0.3 0 0 0 4937 0.2 30 0 0 180 60.9 52.7 52.7
5137 0.3 0 0 0 4937 0.2 40 0 0 0 60.1 50.3 50.3
5137 0.3 0 0 0 4937 0.2 40 0 0 30 60.6 50.9 50.9
5137 0.3 0 0 0 4937 0.2 40 0 0 60 60.9 51.7 51.7
5137 0.3 0 0 0 4937 0.2 40 0 0 90 61.1 52.5 52.5
5137 0.3 0 0 0 4937 0.2 40 0 0 120 61.2 53.2 53.2
5137 0.3 0 0 0 4937 0.2 40 0 0 150 60.9 53.5 53.5
5137 0.3 0 0 0 4937 0.2 40 0 0 180 60.3 52.8 52.8
5137 0.3 0 0 0 4937 0.2 50 0 0 0 59.4 50.7 50.7
5137 0.3 0 0 0 4937 0.2 50 0 0 30 59.8 51.2 51.2
5137 0.3 0 0 0 4937 0.2 50 0 0 60 60.2 51.9 51.9
5137 0.3 0 0 0 4937 0.2 50 0 0 90 60.4 52.8 52.8
5137 0.3 0 0 0 4937 0.2 50 0 0 120 60.5 53.6 53.6
5137 0.3 0 0 0 4937 0.2 50 0 0 150 60.2 54.1 54.1
5137 0.3 0 0 0 4937 0.2 50 0 0 180 59.6 53.6 53.6
5137 0.3 0 0 0 4937 0.2 60 0 0 0 58.0 52.1 52.1
5137 0.3 0 0 0 4937 0.2 60 0 0 30 58.5 52.5 52.5
5137 0.3 0 0 0 4937 0.2 60 0 0 60 58.8 52.9 52.9
5137 0.3 0 0 0 4937 0.2 60 0 0 90 59.1 53.6 53.6
5137 0.3 0 0 0 4937 0.2 60 0 0 120 59.1 54.2 54.2
5137 0.3 0 0 0 4937 0.2 60 0 0 150 59.0 54.4 54.4
5137 0.3 0 0 0 4937 0.2 60 0 0 180 58.5 54.1 54.1
5137 0.3 0 0 0 4937 0.3 0 0 0 0 60.7 52.8 52.8
5137 0.3 0 0 0 4937 0.3 0 0 0 30 61.0 53.2 53.2
5137 0.3 0 0 0 4937 0.3 0 0 0 60 61.3 53.7 53.7
5137 0.3 0 0 0 4937 0.3 0 0 0 90 61.5 54.2 54.2
5137 0.3 0 0 0 4937 0.3 0 0 0 120 61.6 54.8 54.8
5137 0.3 0 0 0 4937 0.3 0 0 0 150 61.4 55.0 55.0
5137 0.3 0 0 0 4937 0.3 0 0 0 180 60.7 54.2 54.2
5137 0.3 0 0 0 4937 0.3 10 0 0 0 60.6 52.4 52.4
5137 0.3 0 0 0 4937 0.3 10 0 0 30 60.9 52.8 52.8
5137 0.3 0 0 0 4937 0.3 10 0 0 60 61.2 53.3 53.3
5137 0.3 0 0 0 4937 0.3 10 0 0 90 61.5 53.9 53.9
5137 0.3 0 0 0 4937 0.3 10 0 0 120 61.6 54.5 54.5
5137 0.3 0 0 0 4937 0.3 10 0 0 150 61.3 54.8 54.8
5137 0.3 0 0 0 4937 0.3 10 0 0 180 60.7 54.2 54.2
5137 0.3 0 0 0 4937 0.3 20 0 0 0 60.4 51.1 51.1
5137 0.3 0 0 0 4937 0.3 20 0 0 30 60.8 51.5 51.5
5137 0.3 0 0 0 4937 0.3 20 0 0 60 61.0 52.0 52.0
5137 0.3 0 0 0 4937 0.3 20 0 0 90 61.3 52.8 52.8
5137 0.3 0 0 0 4937 0.3 20 0 0 120 61.4 53.6 53.6
5137 0.3 0 0 0 4937 0.3 20 0 0 150 61.2 54.2 54.2
5137 0.3 0 0 0 4937 0.3 20 0 0 180 60.5 53.6 53.6
5137 0.3 0 0 0 4937 0.3 30 0 0 0 60.1 49.5 49.5
5137 0.3 0 0 0 4937 0.3 30 0 0 30 60.5 50.1 50.1
5137 0.3 0 0 0 4937 0.3 30 0 0 60 60.7 50.8 50.8
5137 0.3 0 0 0 4937 0.3 30 0 0 90 61.0 51.6 51.6
5137 0.3 0 0 0 4937 0.3 30 0 0 120 61.1 52.6 52.6
5137 0.3 0 0 0 4937 0.3 30 0 0 150 60.9 53.1 53.1
5137 0.3 0 0 0 4937 0.3 30 0 0 180 60.1 52.1 52.1
5137 0.3 0 0 0 4937 0.3 40 0 0 0 59.6 49.5 49.5
5137 0.3 0 0 0 4937 0.3 40 0 0 30 60.0 50.0 50.0
5137 0.3 0 0 0 4937 0.3 40 0 0 60 60.3 50.7 50.7
5137 0.3 0 0 0 4937 0.3 40 0 0 90 60.5 51.5 51.5
5137 0.3 0 0 0 4937 0.3 40 0 0 120 60.7 52.4 52.4
5137 0.3 0 0 0 4937 0.3 40 0 0 150 60.4 53.0 53.0
5137 0.3 0 0 0 4937 0.3 40 0 0 180 59.6 52.3 52.3
5137 0.3 0 0 0 4937 0.3 50 0 0 0 58.8 50.0 50.0
5137 0.3 0 0 0 4937 0.3 50 0 0 30 59.2 50.4 50.4
5137 0.3 0 0 0 4937 0.3 50 0 0 60 59.5 50.9 50.9
5137 0.3 0 0 0 4937 0.3 50 0 0 90 59.8 51.6 51.6
5137 0.3 0 0 0 4937 0.3 50 0 0 120 59.9 52.6 52.6
5137 0.3 0 0 0 4937 0.3 50 0 0 150 59.7 53.3 53.3
5137 0.3 0 0 0 4937 0.3 50 0 0 180 58.9 53.1 53.1
5137 0.3 0 0 0 4937 0.3 60 0 0 0 57.3 51.3 51.3
5137 0.3 0 0 0 4937 0.3 60 0 0 30 57.7 51.6 51.6
5137 0.3 0 0 0 4937 0.3 60 0 0 60 58.0 52.0 52.0
5137 0.3 0 0 0 4937 0.3 60 0 0 90 58.3 52.5 52.5
5137 0.3 0 0 0 4937 0.3 60 0 0 120 58.4 53.2 53.2
5137 0.3 0 0 0 4937 0.3 60 0 0 150 58.4 53.8 53.8
5137 0.3 0 0 0 4937 0.3 60 0 0 180 57.8 53.5 53.5
5137 0.3 0 0 0 4937 0.4 0 0 0 0 60.2 51.9 51.9
5137 0.3 0 0 0 4937 0.4 0 0 0 30 60.5 52.2 52.2
5137 0.3 0 0 0 4937 0.4 0 0 0 60 60.7 52.6 52.6
5137 0.3 0 0 0 4937 0.4 0 0 0 90 61.0 53.2 53.2
5137 0.3 0 0 0 4937 0.4 0 0 0 120 61.1 53.8 53.8
5137 0.3 0 0 0 4937 0.4 0 0 0 150 60.9 54.2 54.2
5137 0.3 0 0 0 4937 0.4 0 0 0 180 60.0 53.3 53.3
5137 0.3 0 0 0 4937 0.4 10 0 0 0 60.2 51.4 51.4
5137 0.3 0 0 0 4937 0.4 10 0 0 30 60.4 51.7 51.7
5137 0.3 0 0 0 4937 0.4 10 0 0 60 60.7 52.1 52.1
5137 0.3 0 0 0 4937 0.4 10 0 0 90 60.9 52.7 52.7
5137 0.3 0 0 0 4937 0.4 10 0 0 120 61.0 53.4 53.4
5137 0.3 0 0 0 4937 0.4 10 0 0 150 60.8 54.0 54.0
5137 0.3 0 0 0 4937 0.4 10 0 0 180 60.0 53.4 53.4
5137 0.3 0 0 0 4937 0.4 20 0 0 0 60.0 49.4 49.4
5137 0.3 0 0 0 4937 0.4 20 0 0 30 60.2 49.8 49.8
5137 0.3 0 0 0 4937 0.4 20 0 0 60 60.5 50.3 50.3
5137 0.3 0 0 0 4937 0.4 20 0 0 90 60.7 51.0 51.0
5137 0.3 0 0 0 4937 0.4 20 0 0 120 60.9 52.1 52.1
5137 0.3 0 0 0 4937 0.4 20 0 0 150 60.7 53.2 53.2
5137 0.3 0 0 0 4937 0.4 20 0 0 180 59.8 52.7 52.7
5137 0.3 0 0 0 4937 0.4 30 0 0 0 59.6 49.0 49.0
5137 0.3 0 0 0 4937 0.4 30 0 0 30 59.9 49.4 49.4
5137 0.3 0 0 0 4937 0.4 30 0 0 60 60.2 50.0 50.0
5137 0.3 0 0 0 4937 0.4 30 0 0 90 60.4 50.7 50.7
5137 0.3 0 0 0 4937 0.4 30 0 0 120 60.6 51.8 51.8
5137 0.3 0 0 0 4937 0.4 30 0 0 150 60.4 52.7 52.7
5137 0.3 0 0 0 4937 0.4 30 0 0 180 59.4 51.8 51.8
5137 0.3 0 0 0 4937 0.4 40 0 0 0 59.0 49.0 49.0
5137 0.3 0 0 0 4937 0.4 40 0 0 30 59.3 49.3 49.3
5137 0.3 0 0 0 4937 0.4 40 0 0 60 59.6 49.9 49.9
5137 0.3 0 0 0 4937 0.4 40 0 0 90 59.9 50.6 50.6
5137 0.3 0 0 0 4937 0.4 40 0 0 120 60.2 51.6 51.6
5137 0.3 0 0 0 4937 0.4 40 0 0 150 59.9 52.5 52.5
5137 0.3 0 0 0 4937 0.4 40 0 0 180 58.9 52.1 52.1
5137 0.3 0 0 0 4937 0.4 50 0 0 0 58.1 49.6 49.6
5137 0.3 0 0 0 4937 0.4 50 0 0 30 58.5 49.9 49.9
5137 0.3 0 0 0 4937 0.4 50 0 0 60 58.8 50.2 50.2
5137 0.3 0 0 0 4937 0.4 50 0 0 90 59.1 50.7 50.7
5137 0.3 0 0 0 4937 0.4 50 0 0 120 59.4 51.6 51.6
5137 0.3 0 0 0 4937 0.4 50 0 0 150 59.2 52.5 52.5
5137 0.3 0 0 0 4937 0.4 50 0 0 180 58.2 52.5 52.5
5137 0.3 0 0 0 4937 0.4 60 0 0 0 56.3 50.6 50.6
5137 0.3 0 0 0 4937 0.4 60 0 0 30 56.6 50.8 50.8
5137 0.3 0 0 0 4937 0.4 60 0 0 60 56.9 51.2 51.2
5137 0.3 0 0 0 4937 0.4 60 0 0 90 57.3 51.6 51.6
5137 0.3 0 0 0 4937 0.4 60 0 0 120 57.5 52.3 52.3
5137 0.3 0 0 0 4937 0.4 60 0 0 150 57.5 52.9 52.9
5137 0.3 0 0 0 4937 0.4 60 0 0 180 57.1 52.9 52.9
5137 0.3 0 0 0 4937 0.5 0 0 0 0 59.7 50.8 50.8
5137 0.3 0 0 0 4937 0.5 0 0 0 30 60.0 51.1 51.1
5137 0.3 0 0 0 4937 0.5 0 0 0 60 60.2 51.4 51.4
5137 0.3 0 0 0 4937 0.5 0 0 0 90 60.4 51.9 51.9
5137 0.3 0 0 0 4937 0.5 0 0 0 120 60.6 52.6 52.6
5137 0.3 0 0 0 4937 0.5 0 0 0 150 60.4 53.2 53.2
5137 0.3 0 0 0 4937 0.5 0 0 0 180 59.2 52.1 52.1
5137 0.3 0 0 0 4937 0.5 10 0 0 0 59.6 50.0 50.0
5137 0.3 0 0 0 4937 0.5 10 0 0 30 59.9 50.3 50.3
5137 0.3 0 0 0 4937 0.5 10 0 0 60 60.1 50.6 50.6
5137 0.3 0 0 0 4937 0.5 10 0 0 90 60.3 51.1 51.1
5137 0.3 0 0 0 4937 0.5 10 0 0 120 60.6 51.9 51.9
5137 0.3 0 0 0 4937 0.5 10 0 0 150 60.4 52.8 52.8
5137 0.3 0 0 0 4937 0.5 10 0 0 180 59.2 52.2 52.2
5137 0.3 0 0 0 4937 0.5 20 0 0 0 59.4 48.7 48.7
5137 0.3 0 0 0 4937 0.5 20 0 0 30 59.7 49.0 49.0
5137 0.3 0 0 0 4937 0.5 20 0 0 60 59.9 49.5 49.5
5137 0.3 0 0 0 4937 0.5 20 0 0 90 60.1 50.2 50.2
5137 0.3 0 0 0 4937 0.5 20 0 0 120 60.4 51.2 51.2
5137 0.3 0 0 0 4937 0.5 20 0 0 150 60.2 52.6 52.6
5137 0.3 0 0 0 4937 0.5 20 0 0 180 59.0 51.7 51.7
5137 0.3 0 0 0 4937 0.5 30 0 0 0 59.0 48.6 48.6
5137 0.3 0 0 0 4937 0.5 30 0 0 30 59.3 49.0 49.0
5137 0.3 0 0 0 4937 0.5 30 0 0 60 59.5 49.5 49.5
5137 0.3 0 0 0 4937 0.5 30 0 0 90 59.8 50.1 50.1
5137 0.3 0 0 0 4937 0.5 30 0 0 120 60.1 51.1 51.1
5137 0.3 0 0 0 4937 0.5 30 0 0 150 60.0 52.3 52.3
5137 0.3 0 0 0 4937 0.5 30 0 0 180 58.6 51.5 51.5
5137 0.3 0 0 0 4937 0.5 40 0 0 0 58.4 48.8 48.8
5137 0.3 0 0 0 4937 0.5 40 0 0 30 58.6 49.0 49.0
5137 0.3 0 0 0 4937 0.5 40 0 0 60 58.9 49.3 49.3
5137 0.3 0 0 0 4937 0.5 40 0 0 90 59.2 49.9 49.9
5137 0.3 0 0 0 4937 0.5 40 0 0 120 59.6 50.8 50.8
5137 0.3 0 0 0 4937 0.5 40 0 0 150 59.5 52.1 52.1
5137 0.3 0 0 0 4937 0.5 40 0 0 180 58.2 51.7 51.7
5137 0.3 0 0 0 4937 0.5 50 0 0 0 57.4 49.3 49.3
5137 0.3 0 0 0 4937 0.5 50 0 0 30 57.6 49.5 49.5
5137 0.3 0 0 0 4937 0.5 50 0 0 60 58.0 49.7 49.7
5137 0.3 0 0 0 4937 0.5 50 0 0 90 58.3 50.1 50.1
5137 0.3 0 0 0 4937 0.5 50 0 0 120 58.7 50.8 50.8
5137 0.3 0 0 0 4937 0.5 50 0 0 150 58.6 51.9 51.9
5137 0.3 0 0 0 4937 0.5 50 0 0 180 57.5 51.9 51.9
5137 0.3 0 0 0 4937 0.5 60 0 0 0 55.5 50.0 50.0
5137 0.3 0 0 0 4937 0.5 60 0 0 30 55.7 50.2 50.2
5137 0.3 0 0 0 4937 0.5 60 0 0 60 56.1 50.4 50.4
5137 0.3 0 0 0 4937 0.5 60 0 0 90 56.4 50.7 50.7
5137 0.3 0 0 0 4937 0.5 60 0 0 120 56.8 51.4 51.4
5137 0.3 0 0 0 4937 0.5 60 0 0 150 56.8 52.1 52.1
5137 0.3 0 0 0 4937 0.5 60 0 0 180 56.3 52.1 52.1
5137 0.3 0 0 0 5137 0.0 0 0 0 0 45.3 40.4 40.4
5137 0.3 0 0 0 5137 0.0 0 0 0 30 49.1 43.9 43.9
5137 0.3 0 0 0 5137 0.0 0 0 0 60 57.4 52.2 52.2
5137 0.3 0 0 0 5137 0.0 0 0 0 90 65.7 60.2 60.2
5137 0.3 0 0 0 5137 0.0 0 0 0 120 72.6 65.3 65.3
5137 0.3 0 0 0 5137 0.0 0 0 0 150 76.7 67.6 67.6
5137 0.3 0 0 0 5137 0.0 0 0 0 180 77.9 67.7 67.7
5137 0.3 0 0 0 5137 0.0 10 0 0 0 45.3 40.4 40.4
5137 0.3 0 0 0 5137 0.0 10 0 0 30 49.0 44.1 44.1
5137 0.3 0 0 0 5137 0.0 10 0 0 60 57.3 51.9 51.9
5137 0.3 0 0 0 5137 0.0 10 0 0 90 65.6 59.5 59.5
5137 0.3 0 0 0 5137 0.0 10 0 0 120 72.6 64.2 64.2
5137 0.3 0 0 0 5137 0.0 10 0 0 150 76.6 66.9 66.9
5137 0.3 0 0 0 5137 0.0 10 0 0 180 77.8 67.4 67.4
5137 0.3 0 0 0 5137 0.0 20 0 0 0 45.1 40.5 40.5
5137 0.3 0 0 0 5137 0.0 20 0 0 30 48.7 44.5 44.5
5137 0.3 0 0 0 5137 0.0 20 0 0 60 57.0 51.2 51.2
5137 0.3 0 0 0 5137 0.0 20 0 0 90 65.4 58.0 58.0
5137 0.3 0 0 0 5137 0.0 20 0 0 120 72.4 62.2 62.2
5137 0.3 0 0 0 5137 0.0 20 0 0 150 76.4 65.0 65.0
5137 0.3 0 0 0 5137 0.0 20 0 0 180 77.5 66.2 66.2
5137 0.3 0 0 0 5137 0.0 30 0 0 0 44.9 41.0 41.0
5137 0.3 0 0 0 5137 0.0 30 0 0 30 48.4 45.0 45.0
5137 0.3 0 0 0 5137 0.0 30 0 0 60 56.7 50.2 50.2
5137 0.3 0 0 0 5137 0.0 30 0 0 90 65.0 54.5 54.5
5137 0.3 0 0 0 5137 0.0 30 0 0 120 72.2 58.2 58.2
5137 0.3 0 0 0 5137 0.0 30 0 0 150 75.9 61.1 61.1
5137 0.3 0 0 0 5137 0.0 30 0 0 180 77.0 63.0 63.0
5137 0.3 0 0 0 5137 0.0 40 0 0 0 44.6 41.8 41.8
5137 0.3 0 0 0 5137 0.0 40 0 0 30 47.9 45.5 45.5
5137 0.3 0 0 0 5137 0.0 40 0 0 60 56.1 50.1 50.1
5137 0.3 0 0 0 5137 0.0 40 0 0 90 64.5 53.8 53.8
5137 0.3 0 0 0 5137 0.0 40 0 0 120 71.7 57.2 57.2
5137 0.3 0 0 0 5137 0.0 40 0 0 150 75.2 60.1 60.1
5137 0.3 0 0 0 5137 0.0 40 0 0 180 76.3 62.3 62.3
5137 0.3 0 0 0 5137 0.0 50 0 0 0 44.1 43.5 43.5
5137 0.3 0 0 0 5137 0.0 50 0 0 30 47.4 46.3 46.3
5137 0.3 0 0 0 5137 0.0 50 0 0 60 55.4 50.4 50.4
5137 0.3 0 0 0 5137 0.0 50 0 0 90 63.7 53.9 53.9
5137 0.3 0 0 0 5137 0.0 50 0 0 120 70.9 57.1 57.1
5137 0.3 0 0 0 5137 0.0 50 0 0 150 74.0 60.0 60.0
5137 0.3 0 0 0 5137 0.0 50 0 0 180 75.1 62.5 62.5
5137 0.3 0 0 0 5137 0.0 60 0 0 0 43.8 45.7 45.7
5137 0.3 0 0 0 5137 0.0 60 0 0 30 46.7 48.0 48.0
5137 0.3 0 0 0 5137 0.0 60 0 0 60 54.3 51.3 51.3
5137 0.3 0 0 0 5137 0.0 60 0 0 90 62.7 54.6 54.6
5137 0.3 0 0 0 5137 0.0 60 0 0 120 69.2 57.7 57.7
5137 0.3 0 0 0 5137 0.0 60 0 0 150 72.1 60.5 60.5
5137 0.3 0 0 0 5137 0.0 60 0 0 180 73.1 63.1 63.1
5137 0.3 0 0 0 5137 0.1 0 0 0 0 43.3 38.3 38.3
5137 0.3 0 0 0 5137 0.1 0 0 0 30 47.6 42.3 42.3
5137 0.3 0 0 0 5137 0.1 0 0 0 60 54.7 49.4 49.4
5137 0.3 0 0 0 5137 0.1 0 0 0 90 62.5 57.0 57.0
5137 0.3 0 0 0 5137 0.1 0 0 0 120 69.9 62.8 62.8
5137 0.3 0 0 0 5137 0.1 0 0 0 150 75.1 66.6 66.6
5137 0.3 0 0 0 5137 0.1 0 0 0 180 77.3 67.5 67.5
5137 0.3 0 0 0 5137 0.1 10 0 0 0 43.3 38.4 38.4
5137 0.3 0 0 0 5137 0.1 10 0 0 30 47.5 42.2 42.2
5137 0.3 0 0 0 5137 0.1 10 0 0 60 54.6 49.2 49.2
5137 0.3 0 0 0 5137 0.1 10 0 0 90 62.4 56.4 56.4
5137 0.3 0 0 0 5137 0.1 10 0 0 120 69.9 61.7 61.7
5137 0.3 0 0 0 5137 0.1 10 0 0 150 75.0 65.5 65.5
5137 0.3 0 0 0 5137 0.1 10 0 0 180 77.2 67.2 67.2
5137 0.3 0 0 0 5137 0.1 20 0 0 0 43.1 38.8 38.8
5137 0.3 0 0 0 5137 0.1 20 0 0 30 47.2 42.5 42.5
5137 0.3 0 0 0 5137 0.1 20 0 0 60 54.4 48.5 48.5
5137 0.3 0 0 0 5137 0.1 20 0 0 90 62.2 55.0 55.0
5137 0.3 0 0 0 5137 0.1 20 0 0 120 69.8 59.7 59.7
5137 0.3 0 0 0 5137 0.1 20 0 0 150 74.8 63.5 63.5
5137 0.3 0 0 0 5137 0.1 20 0 0 180 76.9 65.9 65.9
5137 0.3 0 0 0 5137 0.1 30 0 0 0 42.8 39.5 39.5
5137 0.3 0 0 0 5137 0.1 30 0 0 30 46.8 42.9 42.9
5137 0.3 0 0 0 5137 0.1 30 0 0 60 54.0 47.3 47.3
5137 0.3 0 0 0 5137 0.1 30 0 0 90 61.8 51.6 51.6
5137 0.3 0 0 0 5137 0.1 30 0 0 120 69.5 55.7 55.7
5137 0.3 0 0 0 5137 0.1 30 0 0 150 74.4 59.5 59.5
5137 0.3 0 0 0 5137 0.1 30 0 0 180 76.5 62.3 62.3
5137 0.3 0 0 0 5137 0.1 40 0 0 0 42.4 41.1 41.1
5137 0.3 0 0 0 5137 0.1 40 0 0 30 46.3 43.5 43.5
5137 0.3 0 0 0 5137 0.1 40 0 0 60 53.5 47.3 47.3
5137 0.3 0 0 0 5137 0.1 40 0 0 90 61.3 50.9 50.9
5137 0.3 0 0 0 5137 0.1 40 0 0 120 69.0 54.7 54.7
5137 0.3 0 0 0 5137 0.1 40 0 0 150 73.7 58.4 58.4
5137 0.3 0 0 0 5137 0.1 40 0 0 180 75.7 61.5 61.5
5137 0.3 0 0 0 5137 0.1 50 0 0 0 42.1 42.9 42.9
5137 0.3 0 0 0 5137 0.1 50 0 0 30 45.6 44.6 44.6
5137 0.3 0 0 0 5137 0.1 50 0 0 60 52.8 47.6 47.6
5137 0.3 0 0 0 5137 0.1 50 0 0 90 60.6 51.0 51.0
5137 0.3 0 0 0 5137 0.1 50 0 0 120 68.4 54.7 54.7
5137 0.3 0 0 0 5137 0.1 50 0 0 150 72.6 58.2 58.2
5137 0.3 0 0 0 5137 0.1 50 0 0 180 74.4 61.5 61.5
5137 0.3 0 0 0 5137 0.1 60 0 0 0 42.2 45.2 45.2
5137 0.3 0 0 0 5137 0.1 60 0 0 30 44.8 46.6 46.6
5137 0.3 0 0 0 5137 0.1 60 0 0 60 51.7 49.0 49.0
5137 0.3 0 0 0 5137 0.1 60 0 0 90 59.5 51.7 51.7
5137 0.3 0 0 0 5137 0.1 60 0 0 120 67.0 55.1 55.1
5137 0.3 0 0 0 5137 0.1 60 0 0 150 70.7 58.7 58.7
5137 0.3 0 0 0 5137 0.1 60 0 0 180 72.4 62.0 62.0
5137 0.3 0 0 0 5137 0.2 0 0 0 0 41.4 36.2 36.2
5137 0.3 0 0 0 5137 0.2 0 0 0 30 46.3 40.8 40.8
5137 0.3 0 0 0 5137 0.2 0 0 0 60 52.3 46.9 46.9
5137 0.3 0 0 0 5137 0.2 0 0 0 90 59.4 53.9 53.9
5137 0.3 0 0 0 5137 0.2 0 0 0 120 67.1 59.9 59.9
5137 0.3 0 0 0 5137 0.2 0 0 0 150 73.2 64.9 64.9
5137 0.3 0 0 0 5137 0.2 0 0 0 180 76.1 67.1 67.1
5137 0.3 0 0 0 5137 0.2 10 0 0 0 41.3 36.6 36.6
5137 0.3 0 0 0 5137 0.2 10 0 0 30 46.2 40.6 40.6
5137 0.3 0 0 0 5137 0.2 10 0 0 60 52.2 46.7 46.7
5137 0.3 0 0 0 5137 0.2 10 0 0 90 59.3 53.3 53.3
5137 0.3 0 0 0 5137 0.2 10 0 0 120 67.0 58.9 58.9
5137 0.3 0 0 0 5137 0.2 10 0 0 150 73.2 63.7 63.7
5137 0.3 0 0 0 5137 0.2 10 0 0 180 76.0 66.9 66.9
5137 0.3 0 0 0 5137 0.2 20 0 0 0 41.2 37.5 37.5
5137 0.3 0 0 0 5137 0.2 20 0 0 30 45.9 40.6 40.6
5137 0.3 0 0 0 5137 0.2 20 0 0 60 52.0 45.9 45.9
5137 0.3 0 0 0 5137 0.2 20 0 0 90 59.1 51.9 51.9
5137 0.3 0 0 0 5137 0.2 20 0 0 120 66.9 56.9 56.9
5137 0.3 0 0 0 5137 0.2 20 0 0 150 73.0 61.6 61.6
5137 0.3 0 0 0 5137 0.2 20 0 0 180 75.7 65.2 65.2
5137 0.3 0 0 0 5137 0.2 30 0 0 0 40.9 39.0 39.0
5137 0.3 0 0 0 5137 0.2 30 0 0 30 45.5 41.0 41.0
5137 0.3 0 0 0 5137 0.2 30 0 0 60 51.6 44.6 44.6
5137 0.3 0 0 0 5137 0.2 30 0 0 90 58.7 48.7 48.7
5137 0.3 0 0 0 5137 0.2 30 0 0 120 66.6 53.2 53.2
5137 0.3 0 0 0 5137 0.2 30 0 0 150 72.6 57.7 57.7
5137 0.3 0 0 0 5137 0.2 30 0 0 180 75.2 61.5 61.5
5137 0.3 0 0 0 5137 0.2 40 0 0 0 40.7 40.7 40.7
5137 0.3 0 0 0 5137 0.2 40 0 0 30 45.0 41.8 41.8
5137 0.3 0 0 0 5137 0.2 40 0 0 60 51.1 44.6 44.6
5137 0.3 0 0 0 5137 0.2 40 0 0 90 58.2 48.1 48.1
5137 0.3 0 0 0 5137 0.2 40 0 0 120 66.1 52.2 52.2
5137 0.3 0 0 0 5137 0.2 40 0 0 150 71.9 56.6 56.6
5137 0.3 0 0 0 5137 0.2 40 0 0 180 74.4 60.6 60.6
5137 0.3 0 0 0 5137 0.2 50 0 0 0 40.8 42.4 42.4
5137 0.3 0 0 0 5137 0.2 50 0 0 30 44.3 43.3 43.3
5137 0.3 0 0 0 5137 0.2 50 0 0 60 50.3 45.3 45.3
5137 0.3 0 0 0 5137 0.2 50 0 0 90 57.4 48.3 48.3
5137 0.3 0 0 0 5137 0.2 50 0 0 120 65.4 52.2 52.2
5137 0.3 0 0 0 5137 0.2 50 0 0 150 70.9 56.4 56.4
5137 0.3 0 0 0 5137 0.2 50 0 0 180 73.2 60.6 60.6
5137 0.3 0 0 0 5137 0.2 60 0 0 0 41.1 44.6 44.6
5137 0.3 0 0 0 5137 0.2 60 0 0 30 43.6 45.4 45.4
5137 0.3 0 0 0 5137 0.2 60 0 0 60 49.3 47.0 47.0
5137 0.3 0 0 0 5137 0.2 60 0 0 90 56.4 49.3 49.3
5137 0.3 0 0 0 5137 0.2 60 0 0 120 64.2 52.6 52.6
5137 0.3 0 0 0 5137 0.2 60 0 0 150 69.0 56.7 56.7
5137 0.3 0 0 0 5137 0.2 60 0 0 180 71.0 60.9 60.9
5137 0.3 0 0 0 5137 0.3 0 0 0 0 40.7 35.2 35.2
5137 0.3 0 0 0 5137 0.3 0 0 0 30 45.1 39.6 39.6
5137 0.3 0 0 0 5137 0.3 0 0 0 60 50.1 44.5 44.5
5137 0.3 0 0 0 5137 0.3 0 0 0 90 56.4 50.7 50.7
5137 0.3 0 0 0 5137 0.3 0 0 0 120 64.0 56.9 56.9
5137 0.3 0 0 0 5137 0.3 0 0 0 150 71.1 62.8 62.8
5137 0.3 0 0 0 5137 0.3 0 0 0 180 74.5 66.1 66.1
5137 0.3 0 0 0 5137 0.3 10 0 0 0 40.6 35.7 35.7
5137 0.3 0 0 0 5137 0.3 10 0 0 30 45.0 39.4 39.4
5137 0.3 0 0 0 5137 0.3 10 0 0 60 50.0 44.3 44.3
5137 0.3 0 0 0 5137 0.3 10 0 0 90 56.2 50.2 50.2
5137 0.3 0 0 0 5137 0.3 10 0 0 120 64.0 55.9 55.9
5137 0.3 0 0 0 5137 0.3 10 0 0 150 71.1 61.6 61.6
5137 0.3 0 0 0 5137 0.3 10 0 0 180 74.4 65.9 65.9
5137 0.3 0 0 0 5137 0.3 20 0 0 0 40.4 37.2 37.2
5137 0.3 0 0 0 5137 0.3 20 0 0 30 44.8 38.8 38.8
5137 0.3 0 0 0 5137 0.3 20 0 0 60 49.7 43.6 43.6
5137 0.3 0 0 0 5137 0.3 20 0 0 90 56.0 48.7 48.7
5137 0.3 0 0 0 5137 0.3 20 0 0 120 63.8 53.9 53.9
5137 0.3 0 0 0 5137 0.3 20 0 0 150 70.9 59.4 59.4
5137 0.3 0 0 0 5137 0.3 20 0 0 180 74.1 64.2 64.2
5137 0.3 0 0 0 5137 0.3 30 0 0 0 40.1 38.7 38.7
5137 0.3 0 0 0 5137 0.3 30 0 0 30 44.4 39.5 39.5
5137 0.3 0 0 0 5137 0.3 30 0 0 60 49.4 42.0 42.0
5137 0.3 0 0 0 5137 0.3 30 0 0 90 55.6 45.9 45.9
5137 0.3 0 0 0 5137 0.3 30 0 0 120 63.5 50.6 50.6
5137 0.3 0 0 0 5137 0.3 30 0 0 150 70.4 56.0 56.0
5137 0.3 0 0 0 5137 0.3 30 0 0 180 73.6 61.0 61.0
5137 0.3 0 0 0 5137 0.3 40 0 0 0 40.1 40.3 40.3
5137 0.3 0 0 0 5137 0.3 40 0 0 30 43.9 40.8 40.8
5137 0.3 0 0 0 5137 0.3 40 0 0 60 48.8 42.4 42.4
5137 0.3 0 0 0 5137 0.3 40 0 0 90 55.1 45.5 45.5
5137 0.3 0 0 0 5137 0.3 40 0 0 120 63.0 49.8 49.8
5137 0.3 0 0 0 5137 0.3 40 0 0 150 69.8 54.9 54.9
5137 0.3 0 0 0 5137 0.3 40 0 0 180 72.8 60.0 60.0
5137 0.3 0 0 0 5137 0.3 50 0 0 0 40.4 42.0 42.0
5137 0.3 0 0 0 5137 0.3 50 0 0 30 43.5 42.4 42.4
5137 0.3 0 0 0 5137 0.3 50 0 0 60 48.1 43.6 43.6
5137 0.3 0 0 0 5137 0.3 50 0 0 90 54.4 45.8 45.8
5137 0.3 0 0 0 5137 0.3 50 0 0 120 62.2 49.6 49.6
5137 0.3 0 0 0 5137 0.3 50 0 0 150 68.8 54.6 54.6
5137 0.3 0 0 0 5137 0.3 50 0 0 180 71.5 59.7 59.7
5137 0.3 0 0 0 5137 0.3 60 0 0 0 40.9 43.9 43.9
5137 0.3 0 0 0 5137 0.3 60 0 0 30 43.2 44.3 44.3
5137 0.3 0 0 0 5137 0.3 60 0 0 60 47.4 45.3 45.3
5137 0.3 0 0 0 5137 0.3 60 0 0 90 53.3 47.1 47.1
5137 0.3 0 0 0 5137 0.3 60 0 0 120 60.9 50.0 50.0
5137 0.3 0 0 0 5137 0.3 60 0 0 150 67.0 54.7 54.7
5137 0.3 0 0 0 5137 0.3 60 0 0 180 69.3 59.9 59.9
5137 0.3 0 0 0 5137 0.4 0 0 0 0 41.5 35.8 35.8
5137 0.3 0 0 0 5137 0.4 0 0 0 30 44.2 38.4 38.4
5137 0.3 0 0 0 5137 0.4 0 0 0 60 48.1 42.3 42.3
5137 0.3 0 0 0 5137 0.4 0 0 0 90 53.4 47.6 47.6
5137 0.3 0 0 0 5137 0.4 0 0 0 120 60.8 53.6 53.6
5137 0.3 0 0 0 5137 0.4 0 0 0 150 68.7 60.4 60.4
5137 0.3 0 0 0 5137 0.4 0 0 0 180 72.7 64.5 64.5
5137 0.3 0 0 0 5137 0.4 10 0 0 0 41.5 35.9 35.9
5137 0.3 0 0 0 5137 0.4 10 0 0 30 44.0 38.2 38.2
5137 0.3 0 0 0 5137 0.4 10 0 0 60 48.0 42.1 42.1
5137 0.3 0 0 0 5137 0.4 10 0 0 90 53.3 47.0 47.0
5137 0.3 0 0 0 5137 0.4 10 0 0 120 60.7 52.6 52.6
5137 0.3 0 0 0 5137 0.4 10 0 0 150 68.7 59.2 59.2
5137 0.3 0 0 0 5137 0.4 10 0 0 180 72.6 64.3 64.3
5137 0.3 0 0 0 5137 0.4 20 0 0 0 41.4 37.0 37.0
5137 0.3 0 0 0 5137 0.4 20 0 0 30 43.8 38.0 38.0
5137 0.3 0 0 0 5137 0.4 20 0 0 60 47.7 41.0 41.0
5137 0.3 0 0 0 5137 0.4 20 0 0 90 53.1 45.1 45.1
5137 0.3 0 0 0 5137 0.4 20 0 0 120 60.5 50.2 50.2
5137 0.3 0 0 0 5137 0.4 20 0 0 150 68.4 56.6 56.6
5137 0.3 0 0 0 5137 0.4 20 0 0 180 72.3 62.4 62.4
5137 0.3 0 0 0 5137 0.4 30 0 0 0 41.4 38.4 38.4
5137 0.3 0 0 0 5137 0.4 30 0 0 30 43.6 38.9 38.9
5137 0.3 0 0 0 5137 0.4 30 0 0 60 47.4 40.3 40.3
5137 0.3 0 0 0 5137 0.4 30 0 0 90 52.7 43.3 43.3
5137 0.3 0 0 0 5137 0.4 30 0 0 120 60.2 48.0 48.0
5137 0.3 0 0 0 5137 0.4 30 0 0 150 68.0 54.1 54.1
5137 0.3 0 0 0 5137 0.4 30 0 0 180 71.7 60.4 60.4
5137 0.3 0 0 0 5137 0.4 40 0 0 0 41.4 39.9 39.9
5137 0.3 0 0 0 5137 0.4 40 0 0 30 43.4 40.2 40.2
5137 0.3 0 0 0 5137 0.4 40 0 0 60 46.8 41.2 41.2
5137 0.3 0 0 0 5137 0.4 40 0 0 90 52.1 43.2 43.2
5137 0.3 0 0 0 5137 0.4 40 0 0 120 59.6 47.2 47.2
5137 0.3 0 0 0 5137 0.4 40 0 0 150 67.3 53.1 53.1
5137 0.3 0 0 0 5137 0.4 40 0 0 180 70.9 59.5 59.5
5137 0.3 0 0 0 5137 0.4 50 0 0 0 41.6 41.6 41.6
5137 0.3 0 0 0 5137 0.4 50 0 0 30 43.3 41.7 41.7
5137 0.3 0 0 0 5137 0.4 50 0 0 60 46.5 42.4 42.4
5137 0.3 0 0 0 5137 0.4 50 0 0 90 51.4 44.0 44.0
5137 0.3 0 0 0 5137 0.4 50 0 0 120 58.8 47.0 47.0
5137 0.3 0 0 0 5137 0.4 50 0 0 150 66.3 52.6 52.6
5137 0.3 0 0 0 5137 0.4 50 0 0 180 69.6 59.0 59.0
5137 0.3 0 0 0 5137 0.4 60 0 0 0 42.0 43.2 43.2
5137 0.3 0 0 0 5137 0.4 60 0 0 30 43.3 43.3 43.3
5137 0.3 0 0 0 5137 0.4 60 0 0 60 46.2 44.0 44.0
5137 0.3 0 0 0 5137 0.4 60 0 0 90 50.7 45.3 45.3
5137 0.3 0 0 0 5137 0.4 60 0 0 120 57.4 47.8 47.8
5137 0.3 0 0 0 5137 0.4 60 0 0 150 64.4 52.6 52.6
5137 0.3 0 0 0 5137 0.4 60 0 0 180 67.3 58.9 58.9
5137 0.3 0 0 0 5137 0.5 0 0 0 0 43.5 37.6 37.6
5137 0.3 0 0 0 5137 0.5 0 0 0 30 44.3 38.3 38.3
5137 0.3 0 0 0 5137 0.5 0 0 0 60 46.3 40.4 40.4
5137 0.3 0 0 0 5137 0.5 0 0 0 90 50.6 44.5 44.5
5137 0.3 0 0 0 5137 0.5 0 0 0 120 57.3 49.9 49.9
5137 0.3 0 0 0 5137 0.5 0 0 0 150 66.0 57.4 57.4
5137 0.3 0 0 0 5137 0.5 0 0 0 180 70.7 62.4 62.4
5137 0.3 0 0 0 5137 0.5 10 0 0 0 43.5 37.5 37.5
5137 0.3 0 0 0 5137 0.5 10 0 0 30 44.2 38.1 38.1
5137 0.3 0 0 0 5137 0.5 10 0 0 60 46.2 40.2 40.2
5137 0.3 0 0 0 5137 0.5 10 0 0 90 50.5 43.8 43.8
5137 0.3 0 0 0 5137 0.5 10 0 0 120 57.3 48.9 48.9
5137 0.3 0 0 0 5137 0.5 10 0 0 150 65.9 56.2 56.2
5137 0.3 0 0 0 5137 0.5 10 0 0 180 70.6 62.0 62.0
5137 0.3 0 0 0 5137 0.5 20 0 0 0 43.5 37.6 37.6
5137 0.3 0 0 0 5137 0.5 20 0 0 30 44.2 38.1 38.1
5137 0.3 0 0 0 5137 0.5 20 0 0 60 46.1 39.5 39.5
5137 0.3 0 0 0 5137 0.5 20 0 0 90 50.3 42.0 42.0
5137 0.3 0 0 0 5137 0.5 20 0 0 120 57.0 46.8 46.8
5137 0.3 0 0 0 5137 0.5 20 0 0 150 65.7 53.8 53.8
5137 0.3 0 0 0 5137 0.5 20 0 0 180 70.3 60.5 60.5
5137 0.3 0 0 0 5137 0.5 30 0 0 0 43.5 38.4 38.4
5137 0.3 0 0 0 5137 0.5 30 0 0 30 44.2 38.8 38.8
5137 0.3 0 0 0 5137 0.5 30 0 0 60 46.0 39.7 39.7
5137 0.3 0 0 0 5137 0.5 30 0 0 90 49.9 41.5 41.5
5137 0.3 0 0 0 5137 0.5 30 0 0 120 56.7 45.4 45.4
5137 0.3 0 0 0 5137 0.5 30 0 0 150 65.2 52.2 52.2
5137 0.3 0 0 0 5137 0.5 30 0 0 180 69.7 59.6 59.6
5137 0.3 0 0 0 5137 0.5 40 0 0 0 43.5 39.6 39.6
5137 0.3 0 0 0 5137 0.5 40 0 0 30 44.3 39.8 39.8
5137 0.3 0 0 0 5137 0.5 40 0 0 60 45.9 40.5 40.5
5137 0.3 0 0 0 5137 0.5 40 0 0 90 49.4 41.8 41.8
5137 0.3 0 0 0 5137 0.5 40 0 0 120 56.1 44.8 44.8
5137 0.3 0 0 0 5137 0.5 40 0 0 150 64.5 51.2 51.2
5137 0.3 0 0 0 5137 0.5 40 0 0 180 68.8 58.9 58.9
5137 0.3 0 0 0 5137 0.5 50 0 0 0 43.6 41.0 41.0
5137 0.3 0 0 0 5137 0.5 50 0 0 30 44.4 41.1 41.1
5137 0.3 0 0 0 5137 0.5 50 0 0 60 45.9 41.6 41.6
5137 0.3 0 0 0 5137 0.5 50 0 0 90 49.2 42.7 42.7
5137 0.3 0 0 0 5137 0.5 50 0 0 120 55.2 45.1 45.1
5137 0.3 0 0 0 5137 0.5 50 0 0 150 63.4 50.6 50.6
5137 0.3 0 0 0 5137 0.5 50 0 0 180 67.5 58.5 58.5
5137 0.3 0 0 0 5137 0.5 60 0 0 0 43.9 42.4 42.4
5137 0.3 0 0 0 5137 0.5 60 0 0 30 44.5 42.5 42.5
5137 0.3 0 0 0 5137 0.5 60 0 0 60 46.0 42.9 42.9
5137 0.3 0 0 0 5137 0.5 60 0 0 90 48.9 43.8 43.8
5137 0.3 0 0 0 5137 0.5 60 0 0 120 54.3 45.8 45.8
5137 0.3 0 0 0 5137 0.5 60 0 0 150 61.4 50.4 50.4
5137 0.3 0 0 0 5137 0.5 60 0 0 180 64.9 58.2 58.2
