5537 0.1 20 0 0 4737 0.0 0 0 0 0 62.9 55.3 55.3
5537 0.1 20 0 0 4737 0.0 0 0 0 30 63.0 55.3 55.3
5537 0.1 20 0 0 4737 0.0 0 0 0 60 63.0 55.3 55.3
5537 0.1 20 0 0 4737 0.0 0 0 0 90 62.8 55.3 55.3
5537 0.1 20 0 0 4737 0.0 0 0 0 120 62.6 55.1 55.1
5537 0.1 20 0 0 4737 0.0 0 0 0 150 62.5 55.2 55.2
5537 0.1 20 0 0 4737 0.0 0 0 0 180 62.5 55.1 55.1
5537 0.1 20 0 0 4737 0.0 10 0 0 0 62.8 54.9 54.9
5537 0.1 20 0 0 4737 0.0 10 0 0 30 62.9 55.0 55.0
5537 0.1 20 0 0 4737 0.0 10 0 0 60 62.9 55.0 55.0
5537 0.1 20 0 0 4737 0.0 10 0 0 90 62.8 54.9 54.9
5537 0.1 20 0 0 4737 0.0 10 0 0 120 62.6 54.9 54.9
5537 0.1 20 0 0 4737 0.0 10 0 0 150 62.4 54.8 54.8
5537 0.1 20 0 0 4737 0.0 10 0 0 180 62.4 54.8 54.8
5537 0.1 20 0 0 4737 0.0 20 0 0 0 62.6 53.8 53.8
5537 0.1 20 0 0 4737 0.0 20 0 0 30 62.7 53.9 53.9
5537 0.1 20 0 0 4737 0.0 20 0 0 60 62.7 53.8 53.8
5537 0.1 20 0 0 4737 0.0 20 0 0 90 62.6 53.9 53.9
5537 0.1 20 0 0 4737 0.0 20 0 0 120 62.4 53.8 53.8
5537 0.1 20 0 0 4737 0.0 20 0 0 150 62.3 53.6 53.6
5537 0.1 20 0 0 4737 0.0 20 0 0 180 62.3 53.7 53.7
5537 0.1 20 0 0 4737 0.0 30 0 0 0 62.3 51.5 51.5
5537 0.1 20 0 0 4737 0.0 30 0 0 30 62.4 51.6 51.6
5537 0.1 20 0 0 4737 0.0 30 0 0 60 62.4 51.6 51.6
5537 0.1 20 0 0 4737 0.0 30 0 0 90 62.3 51.6 51.6
5537 0.1 20 0 0 4737 0.0 30 0 0 120 62.1 51.7 51.7
5537 0.1 20 0 0 4737 0.0 30 0 0 150 61.9 51.6 51.6
5537 0.1 20 0 0 4737 0.0 30 0 0 180 61.9 51.6 51.6
5537 0.1 20 0 0 4737 0.0 40 0 0 0 61.8 51.5 51.5
5537 0.1 20 0 0 4737 0.0 40 0 0 30 61.9 51.6 51.6
5537 0.1 20 0 0 4737 0.0 40 0 0 60 61.9 51.7 51.7
5537 0.1 20 0 0 4737 0.0 40 0 0 90 61.8 51.6 51.6
5537 0.1 20 0 0 4737 0.0 40 0 0 120 61.6 51.6 51.6
5537 0.1 20 0 0 4737 0.0 40 0 0 150 61.5 51.4 51.4
5537 0.1 20 0 0 4737 0.0 40 0 0 180 61.4 51.4 51.4
5537 0.1 20 0 0 4737 0.0 50 0 0 0 61.0 52.1 52.1
5537 0.1 20 0 0 4737 0.0 50 0 0 30 61.2 52.1 52.1
5537 0.1 20 0 0 4737 0.0 50 0 0 60 61.1 52.2 52.2
5537 0.1 20 0 0 4737 0.0 50 0 0 90 61.0 52.3 52.3
5537 0.1 20 0 0 4737 0.0 50 0 0 120 60.9 52.2 52.2
5537 0.1 20 0 0 4737 0.0 50 0 0 150 60.7 52.2 52.2
5537 0.1 20 0 0 4737 0.0 50 0 0 180 60.7 52.2 52.2
5537 0.1 20 0 0 4737 0.0 60 0 0 0 59.8 53.5 53.5
5537 0.1 20 0 0 4737 0.0 60 0 0 30 59.9 53.5 53.5
5537 0.1 20 0 0 4737 0.0 60 0 0 60 59.8 53.5 53.5
5537 0.1 20 0 0 4737 0.0 60 0 0 90 59.7 53.6 53.6
5537 0.1 20 0 0 4737 0.0 60 0 0 120 59.6 53.3 53.3
5537 0.1 20 0 0 4737 0.0 60 0 0 150 59.4 53.2 53.2
5537 0.1 20 0 0 4737 0.0 60 0 0 180 59.4 53.2 53.2
5537 0.1 20 0 0 4737 0.1 0 0 0 0 62.7 55.0 55.0
5537 0.1 20 0 0 4737 0.1 0 0 0 30 62.8 55.0 55.0
5537 0.1 20 0 0 4737 0.1 0 0 0 60 62.8 54.9 54.9
5537 0.1 20 0 0 4737 0.1 0 0 0 90 62.7 54.9 54.9
5537 0.1 20 0 0 4737 0.1 0 0 0 120 62.5 54.9 54.9
5537 0.1 20 0 0 4737 0.1 0 0 0 150 62.3 54.8 54.8
5537 0.1 20 0 0 4737 0.1 0 0 0 180 62.3 54.7 54.7
5537 0.1 20 0 0 4737 0.1 10 0 0 0 62.7 54.6 54.6
5537 0.1 20 0 0 4737 0.1 10 0 0 30 62.8 54.6 54.6
5537 0.1 20 0 0 4737 0.1 10 0 0 60 62.7 54.6 54.6
5537 0.1 20 0 0 4737 0.1 10 0 0 90 62.6 54.6 54.6
5537 0.1 20 0 0 4737 0.1 10 0 0 120 62.5 54.6 54.6
5537 0.1 20 0 0 4737 0.1 10 0 0 150 62.3 54.4 54.4
5537 0.1 20 0 0 4737 0.1 10 0 0 180 62.2 54.4 54.4
5537 0.1 20 0 0 4737 0.1 20 0 0 0 62.5 53.5 53.5
5537 0.1 20 0 0 4737 0.1 20 0 0 30 62.6 53.6 53.6
5537 0.1 20 0 0 4737 0.1 20 0 0 60 62.5 53.4 53.4
5537 0.1 20 0 0 4737 0.1 20 0 0 90 62.4 53.4 53.4
5537 0.1 20 0 0 4737 0.1 20 0 0 120 62.3 53.5 53.5
5537 0.1 20 0 0 4737 0.1 20 0 0 150 62.1 53.3 53.3
5537 0.1 20 0 0 4737 0.1 20 0 0 180 62.1 53.3 53.3
5537 0.1 20 0 0 4737 0.1 30 0 0 0 62.1 51.2 51.2
5537 0.1 20 0 0 4737 0.1 30 0 0 30 62.2 51.2 51.2
5537 0.1 20 0 0 4737 0.1 30 0 0 60 62.2 51.2 51.2
5537 0.1 20 0 0 4737 0.1 30 0 0 90 62.1 51.1 51.1
5537 0.1 20 0 0 4737 0.1 30 0 0 120 62.0 51.3 51.3
5537 0.1 20 0 0 4737 0.1 30 0 0 150 61.8 51.2 51.2
5537 0.1 20 0 0 4737 0.1 30 0 0 180 61.7 51.1 51.1
5537 0.1 20 0 0 4737 0.1 40 0 0 0 61.6 51.2 51.2
5537 0.1 20 0 0 4737 0.1 40 0 0 30 61.7 51.2 51.2
5537 0.1 20 0 0 4737 0.1 40 0 0 60 61.7 51.3 51.3
5537 0.1 20 0 0 4737 0.1 40 0 0 90 61.6 51.3 51.3
5537 0.1 20 0 0 4737 0.1 40 0 0 120 61.5 51.3 51.3
5537 0.1 20 0 0 4737 0.1 40 0 0 150 61.3 51.2 51.2
5537 0.1 20 0 0 4737 0.1 40 0 0 180 61.3 51.1 51.1
5537 0.1 20 0 0 4737 0.1 50 0 0 0 60.8 51.8 51.8
5537 0.1 20 0 0 4737 0.1 50 0 0 30 61.0 51.8 51.8
5537 0.1 20 0 0 4737 0.1 50 0 0 60 60.9 51.9 51.9
5537 0.1 20 0 0 4737 0.1 50 0 0 90 60.8 52.0 52.0
5537 0.1 20 0 0 4737 0.1 50 0 0 120 60.7 51.9 51.9
5537 0.1 20 0 0 4737 0.1 50 0 0 150 60.5 51.8 51.8
5537 0.1 20 0 0 4737 0.1 50 0 0 180 60.5 51.9 51.9
5537 0.1 20 0 0 4737 0.1 60 0 0 0 59.5 53.0 53.0
5537 0.1 20 0 0 4737 0.1 60 0 0 30 59.7 53.2 53.2
5537 0.1 20 0 0 4737 0.1 60 0 0 60 59.6 53.2 53.2
5537 0.1 20 0 0 4737 0.1 60 0 0 90 59.5 53.3 53.3
5537 0.1 20 0 0 4737 0.1 60 0 0 120 59.4 53.1 53.1
5537 0.1 20 0 0 4737 0.1 60 0 0 150 59.2 52.9 52.9
5537 0.1 20 0 0 4737 0.1 60 0 0 180 59.2 52.9 52.9
5537 0.1 20 0 0 4737 0.2 0 0 0 0 62.5 54.6 54.6
5537 0.1 20 0 0 4737 0.2 0 0 0 30 62.6 54.6 54.6
5537 0.1 20 0 0 4737 0.2 0 0 0 60 62.6 54.6 54.6
5537 0.1 20 0 0 4737 0.2 0 0 0 90 62.5 54.5 54.5
5537 0.1 20 0 0 4737 0.2 0 0 0 120 62.4 54.6 54.6
5537 0.1 20 0 0 4737 0.2 0 0 0 150 62.1 54.4 54.4
5537 0.1 20 0 0 4737 0.2 0 0 0 180 62.1 54.3 54.3
5537 0.1 20 0 0 4737 0.2 10 0 0 0 62.4 54.2 54.2
5537 0.1 20 0 0 4737 0.2 10 0 0 30 62.5 54.3 54.3
5537 0.1 20 0 0 4737 0.2 10 0 0 60 62.5 54.2 54.2
5537 0.1 20 0 0 4737 0.2 10 0 0 90 62.4 54.2 54.2
5537 0.1 20 0 0 4737 0.2 10 0 0 120 62.3 54.2 54.2
5537 0.1 20 0 0 4737 0.2 10 0 0 150 62.1 54.1 54.1
5537 0.1 20 0 0 4737 0.2 10 0 0 180 62.1 54.0 54.0
5537 0.1 20 0 0 4737 0.2 20 0 0 0 62.3 53.0 53.0
5537 0.1 20 0 0 4737 0.2 20 0 0 30 62.3 53.1 53.1
5537 0.1 20 0 0 4737 0.2 20 0 0 60 62.4 53.1 53.1
5537 0.1 20 0 0 4737 0.2 20 0 0 90 62.3 53.0 53.0
5537 0.1 20 0 0 4737 0.2 20 0 0 120 62.1 53.0 53.0
5537 0.1 20 0 0 4737 0.2 20 0 0 150 61.9 53.0 53.0
5537 0.1 20 0 0 4737 0.2 20 0 0 180 61.9 52.8 52.8
5537 0.1 20 0 0 4737 0.2 30 0 0 0 62.0 51.0 51.0
5537 0.1 20 0 0 4737 0.2 30 0 0 30 62.0 51.0 51.0
5537 0.1 20 0 0 4737 0.2 30 0 0 60 62.0 51.0 51.0
5537 0.1 20 0 0 4737 0.2 30 0 0 90 62.0 50.9 50.9
5537 0.1 20 0 0 4737 0.2 30 0 0 120 61.8 51.0 51.0
5537 0.1 20 0 0 4737 0.2 30 0 0 150 61.6 50.9 50.9
5537 0.1 20 0 0 4737 0.2 30 0 0 180 61.5 50.8 50.8
5537 0.1 20 0 0 4737 0.2 40 0 0 0 61.4 51.0 51.0
5537 0.1 20 0 0 4737 0.2 40 0 0 30 61.5 51.0 51.0
5537 0.1 20 0 0 4737 0.2 40 0 0 60 61.5 51.1 51.1
5537 0.1 20 0 0 4737 0.2 40 0 0 90 61.5 51.1 51.1
5537 0.1 20 0 0 4737 0.2 40 0 0 120 61.3 51.1 51.1
5537 0.1 20 0 0 4737 0.2 40 0 0 150 61.0 51.0 51.0
5537 0.1 20 0 0 4737 0.2 40 0 0 180 61.0 51.0 51.0
5537 0.1 20 0 0 4737 0.2 50 0 0 0 60.7 51.5 51.5
5537 0.1 20 0 0 4737 0.2 50 0 0 30 60.7 51.6 51.6
5537 0.1 20 0 0 4737 0.2 50 0 0 60 60.7 51.6 51.6
5537 0.1 20 0 0 4737 0.2 50 0 0 90 60.6 51.7 51.7
5537 0.1 20 0 0 4737 0.2 50 0 0 120 60.5 51.6 51.6
5537 0.1 20 0 0 4737 0.2 50 0 0 150 60.3 51.5 51.5
5537 0.1 20 0 0 4737 0.2 50 0 0 180 60.2 51.5 51.5
5537 0.1 20 0 0 4737 0.2 60 0 0 0 59.3 52.5 52.5
5537 0.1 20 0 0 4737 0.2 60 0 0 30 59.4 52.7 52.7
5537 0.1 20 0 0 4737 0.2 60 0 0 60 59.4 52.8 52.8
5537 0.1 20 0 0 4737 0.2 60 0 0 90 59.2 52.9 52.9
5537 0.1 20 0 0 4737 0.2 60 0 0 120 59.1 52.8 52.8
5537 0.1 20 0 0 4737 0.2 60 0 0 150 59.0 52.7 52.7
5537 0.1 20 0 0 4737 0.2 60 0 0 180 58.9 52.6 52.6
5537 0.1 20 0 0 4737 0.3 0 0 0 0 62.3 54.0 54.0
5537 0.1 20 0 0 4737 0.3 0 0 0 30 62.4 54.1 54.1
5537 0.1 20 0 0 4737 0.3 0 0 0 60 62.4 54.2 54.2
5537 0.1 20 0 0 4737 0.3 0 0 0 90 62.4 54.1 54.1
5537 0.1 20 0 0 4737 0.3 0 0 0 120 62.2 54.1 54.1
5537 0.1 20 0 0 4737 0.3 0 0 0 150 62.0 54.1 54.1
5537 0.1 20 0 0 4737 0.3 0 0 0 180 61.9 53.8 53.8
5537 0.1 20 0 0 4737 0.3 10 0 0 0 62.2 53.7 53.7
5537 0.1 20 0 0 4737 0.3 10 0 0 30 62.3 53.8 53.8
5537 0.1 20 0 0 4737 0.3 10 0 0 60 62.3 53.9 53.9
5537 0.1 20 0 0 4737 0.3 10 0 0 90 62.3 53.7 53.7
5537 0.1 20 0 0 4737 0.3 10 0 0 120 62.1 53.7 53.7
5537 0.1 20 0 0 4737 0.3 10 0 0 150 61.9 53.8 53.8
5537 0.1 20 0 0 4737 0.3 10 0 0 180 61.8 53.5 53.5
5537 0.1 20 0 0 4737 0.3 20 0 0 0 62.0 52.3 52.3
5537 0.1 20 0 0 4737 0.3 20 0 0 30 62.1 52.4 52.4
5537 0.1 20 0 0 4737 0.3 20 0 0 60 62.1 52.5 52.5
5537 0.1 20 0 0 4737 0.3 20 0 0 90 62.1 52.4 52.4
5537 0.1 20 0 0 4737 0.3 20 0 0 120 62.0 52.3 52.3
5537 0.1 20 0 0 4737 0.3 20 0 0 150 61.7 52.4 52.4
5537 0.1 20 0 0 4737 0.3 20 0 0 180 61.6 52.1 52.1
5537 0.1 20 0 0 4737 0.3 30 0 0 0 61.7 50.7 50.7
5537 0.1 20 0 0 4737 0.3 30 0 0 30 61.8 50.8 50.8
5537 0.1 20 0 0 4737 0.3 30 0 0 60 61.8 50.8 50.8
5537 0.1 20 0 0 4737 0.3 30 0 0 90 61.8 50.8 50.8
5537 0.1 20 0 0 4737 0.3 30 0 0 120 61.6 50.8 50.8
5537 0.1 20 0 0 4737 0.3 30 0 0 150 61.3 50.8 50.8
5537 0.1 20 0 0 4737 0.3 30 0 0 180 61.3 50.7 50.7
5537 0.1 20 0 0 4737 0.3 40 0 0 0 61.2 50.7 50.7
5537 0.1 20 0 0 4737 0.3 40 0 0 30 61.3 50.9 50.9
5537 0.1 20 0 0 4737 0.3 40 0 0 60 61.3 50.8 50.8
5537 0.1 20 0 0 4737 0.3 40 0 0 90 61.2 50.8 50.8
5537 0.1 20 0 0 4737 0.3 40 0 0 120 61.1 50.9 50.9
5537 0.1 20 0 0 4737 0.3 40 0 0 150 60.8 50.9 50.9
5537 0.1 20 0 0 4737 0.3 40 0 0 180 60.8 50.9 50.9
5537 0.1 20 0 0 4737 0.3 50 0 0 0 60.4 51.4 51.4
5537 0.1 20 0 0 4737 0.3 50 0 0 30 60.5 51.5 51.5
5537 0.1 20 0 0 4737 0.3 50 0 0 60 60.5 51.5 51.5
5537 0.1 20 0 0 4737 0.3 50 0 0 90 60.4 51.5 51.5
5537 0.1 20 0 0 4737 0.3 50 0 0 120 60.3 51.5 51.5
5537 0.1 20 0 0 4737 0.3 50 0 0 150 60.0 51.3 51.3
5537 0.1 20 0 0 4737 0.3 50 0 0 180 60.0 51.2 51.2
5537 0.1 20 0 0 4737 0.3 60 0 0 0 59.0 52.2 52.2
5537 0.1 20 0 0 4737 0.3 60 0 0 30 59.1 52.3 52.3
5537 0.1 20 0 0 4737 0.3 60 0 0 60 59.1 52.3 52.3
5537 0.1 20 0 0 4737 0.3 60 0 0 90 59.0 52.4 52.4
5537 0.1 20 0 0 4737 0.3 60 0 0 120 58.8 52.4 52.4
5537 0.1 20 0 0 4737 0.3 60 0 0 150 58.7 52.3 52.3
5537 0.1 20 0 0 4737 0.3 60 0 0 180 58.6 52.2 52.2
5537 0.1 20 0 0 4737 0.4 0 0 0 0 62.0 53.4 53.4
5537 0.1 20 0 0 4737 0.4 0 0 0 30 62.1 53.5 53.5
5537 0.1 20 0 0 4737 0.4 0 0 0 60 62.2 53.6 53.6
5537 0.1 20 0 0 4737 0.4 0 0 0 90 62.2 53.7 53.7
5537 0.1 20 0 0 4737 0.4 0 0 0 120 62.0 53.5 53.5
5537 0.1 20 0 0 4737 0.4 0 0 0 150 61.8 53.6 53.6
5537 0.1 20 0 0 4737 0.4 0 0 0 180 61.7 53.2 53.2
5537 0.1 20 0 0 4737 0.4 10 0 0 0 62.0 53.1 53.1
5537 0.1 20 0 0 4737 0.4 10 0 0 30 62.0 53.1 53.1
5537 0.1 20 0 0 4737 0.4 10 0 0 60 62.1 53.3 53.3
5537 0.1 20 0 0 4737 0.4 10 0 0 90 62.1 53.3 53.3
5537 0.1 20 0 0 4737 0.4 10 0 0 120 62.0 53.2 53.2
5537 0.1 20 0 0 4737 0.4 10 0 0 150 61.7 53.3 53.3
5537 0.1 20 0 0 4737 0.4 10 0 0 180 61.6 52.9 52.9
5537 0.1 20 0 0 4737 0.4 20 0 0 0 61.8 51.3 51.3
5537 0.1 20 0 0 4737 0.4 20 0 0 30 61.9 51.5 51.5
5537 0.1 20 0 0 4737 0.4 20 0 0 60 62.0 51.6 51.6
5537 0.1 20 0 0 4737 0.4 20 0 0 90 61.9 51.6 51.6
5537 0.1 20 0 0 4737 0.4 20 0 0 120 61.8 51.5 51.5
5537 0.1 20 0 0 4737 0.4 20 0 0 150 61.5 51.6 51.6
5537 0.1 20 0 0 4737 0.4 20 0 0 180 61.4 51.3 51.3
5537 0.1 20 0 0 4737 0.4 30 0 0 0 61.5 50.9 50.9
5537 0.1 20 0 0 4737 0.4 30 0 0 30 61.5 50.9 50.9
5537 0.1 20 0 0 4737 0.4 30 0 0 60 61.6 50.9 50.9
5537 0.1 20 0 0 4737 0.4 30 0 0 90 61.5 50.9 50.9
5537 0.1 20 0 0 4737 0.4 30 0 0 120 61.4 50.8 50.8
5537 0.1 20 0 0 4737 0.4 30 0 0 150 61.2 50.8 50.8
5537 0.1 20 0 0 4737 0.4 30 0 0 180 61.1 50.6 50.6
5537 0.1 20 0 0 4737 0.4 40 0 0 0 61.0 50.9 50.9
5537 0.1 20 0 0 4737 0.4 40 0 0 30 61.0 51.0 51.0
5537 0.1 20 0 0 4737 0.4 40 0 0 60 61.1 51.0 51.0
5537 0.1 20 0 0 4737 0.4 40 0 0 90 61.0 50.9 50.9
5537 0.1 20 0 0 4737 0.4 40 0 0 120 60.8 50.8 50.8
5537 0.1 20 0 0 4737 0.4 40 0 0 150 60.7 50.8 50.8
5537 0.1 20 0 0 4737 0.4 40 0 0 180 60.6 50.7 50.7
5537 0.1 20 0 0 4737 0.4 50 0 0 0 60.1 51.3 51.3
5537 0.1 20 0 0 4737 0.4 50 0 0 30 60.2 51.4 51.4
5537 0.1 20 0 0 4737 0.4 50 0 0 60 60.3 51.5 51.5
5537 0.1 20 0 0 4737 0.4 50 0 0 90 60.2 51.4 51.4
5537 0.1 20 0 0 4737 0.4 50 0 0 120 60.0 51.3 51.3
5537 0.1 20 0 0 4737 0.4 50 0 0 150 59.9 51.4 51.4
5537 0.1 20 0 0 4737 0.4 50 0 0 180 59.7 51.2 51.2
5537 0.1 20 0 0 4737 0.4 60 0 0 0 58.6 51.9 51.9
5537 0.1 20 0 0 4737 0.4 60 0 0 30 58.6 52.1 52.1
5537 0.1 20 0 0 4737 0.4 60 0 0 60 58.6 52.1 52.1
5537 0.1 20 0 0 4737 0.4 60 0 0 90 58.6 52.2 52.2
5537 0.1 20 0 0 4737 0.4 60 0 0 120 58.4 52.2 52.2
5537 0.1 20 0 0 4737 0.4 60 0 0 150 58.2 52.1 52.1
5537 0.1 20 0 0 4737 0.4 60 0 0 180 58.1 51.9 51.9
5537 0.1 20 0 0 4737 0.5 0 0 0 0 61.8 52.5 52.5
5537 0.1 20 0 0 4737 0.5 0 0 0 30 61.8 52.6 52.6
5537 0.1 20 0 0 4737 0.5 0 0 0 60 61.9 52.7 52.7
5537 0.1 20 0 0 4737 0.5 0 0 0 90 62.0 52.8 52.8
5537 0.1 20 0 0 4737 0.5 0 0 0 120 61.8 52.7 52.7
5537 0.1 20 0 0 4737 0.5 0 0 0 150 61.5 52.7 52.7
5537 0.1 20 0 0 4737 0.5 0 0 0 180 61.4 52.3 52.3
5537 0.1 20 0 0 4737 0.5 10 0 0 0 61.8 52.0 52.0
5537 0.1 20 0 0 4737 0.5 10 0 0 30 61.8 52.0 52.0
5537 0.1 20 0 0 4737 0.5 10 0 0 60 61.8 52.1 52.1
5537 0.1 20 0 0 4737 0.5 10 0 0 90 61.9 52.3 52.3
5537 0.1 20 0 0 4737 0.5 10 0 0 120 61.7 52.2 52.2
5537 0.1 20 0 0 4737 0.5 10 0 0 150 61.4 52.2 52.2
5537 0.1 20 0 0 4737 0.5 10 0 0 180 61.3 51.8 51.8
5537 0.1 20 0 0 4737 0.5 20 0 0 0 61.6 51.2 51.2
5537 0.1 20 0 0 4737 0.5 20 0 0 30 61.6 51.3 51.3
5537 0.1 20 0 0 4737 0.5 20 0 0 60 61.6 51.4 51.4
5537 0.1 20 0 0 4737 0.5 20 0 0 90 61.7 51.4 51.4
5537 0.1 20 0 0 4737 0.5 20 0 0 120 61.5 51.4 51.4
5537 0.1 20 0 0 4737 0.5 20 0 0 150 61.2 51.5 51.5
5537 0.1 20 0 0 4737 0.5 20 0 0 180 61.2 51.1 51.1
5537 0.1 20 0 0 4737 0.5 30 0 0 0 61.3 51.1 51.1
5537 0.1 20 0 0 4737 0.5 30 0 0 30 61.3 51.1 51.1
5537 0.1 20 0 0 4737 0.5 30 0 0 60 61.3 51.1 51.1
5537 0.1 20 0 0 4737 0.5 30 0 0 90 61.4 51.1 51.1
5537 0.1 20 0 0 4737 0.5 30 0 0 120 61.2 51.1 51.1
5537 0.1 20 0 0 4737 0.5 30 0 0 150 60.9 51.0 51.0
5537 0.1 20 0 0 4737 0.5 30 0 0 180 60.8 50.6 50.6
5537 0.1 20 0 0 4737 0.5 40 0 0 0 60.7 51.0 51.0
5537 0.1 20 0 0 4737 0.5 40 0 0 30 60.7 51.1 51.1
5537 0.1 20 0 0 4737 0.5 40 0 0 60 60.8 51.1 51.1
5537 0.1 20 0 0 4737 0.5 40 0 0 90 60.8 51.1 51.1
5537 0.1 20 0 0 4737 0.5 40 0 0 120 60.6 51.0 51.0
5537 0.1 20 0 0 4737 0.5 40 0 0 150 60.4 51.1 51.1
5537 0.1 20 0 0 4737 0.5 40 0 0 180 60.3 50.8 50.8
5537 0.1 20 0 0 4737 0.5 50 0 0 0 59.8 51.3 51.3
5537 0.1 20 0 0 4737 0.5 50 0 0 30 59.8 51.5 51.5
5537 0.1 20 0 0 4737 0.5 50 0 0 60 59.8 51.6 51.6
5537 0.1 20 0 0 4737 0.5 50 0 0 90 59.9 51.5 51.5
5537 0.1 20 0 0 4737 0.5 50 0 0 120 59.7 51.3 51.3
5537 0.1 20 0 0 4737 0.5 50 0 0 150 59.5 51.4 51.4
5537 0.1 20 0 0 4737 0.5 50 0 0 180 59.4 51.0 51.0
5537 0.1 20 0 0 4737 0.5 60 0 0 0 58.4 51.7 51.7
5537 0.1 20 0 0 4737 0.5 60 0 0 30 58.4 51.8 51.8
5537 0.1 20 0 0 4737 0.5 60 0 0 60 58.4 51.8 51.8
5537 0.1 20 0 0 4737 0.5 60 0 0 90 58.3 51.9 51.9
5537 0.1 20 0 0 4737 0.5 60 0 0 120 58.3 51.9 51.9
5537 0.1 20 0 0 4737 0.5 60 0 0 150 58.1 51.9 51.9
5537 0.1 20 0 0 4737 0.5 60 0 0 180 57.9 51.6 51.6
5537 0.1 20 0 0 4937 0.0 0 0 0 0 63.3 55.6 55.6
5537 0.1 20 0 0 4937 0.0 0 0 0 30 63.2 55.8 55.8
5537 0.1 20 0 0 4937 0.0 0 0 0 60 63.1 55.6 55.6
5537 0.1 20 0 0 4937 0.0 0 0 0 90 63.0 55.8 55.8
5537 0.1 20 0 0 4937 0.0 0 0 0 120 62.9 55.8 55.8
5537 0.1 20 0 0 4937 0.0 0 0 0 150 62.8 55.7 55.7
5537 0.1 20 0 0 4937 0.0 0 0 0 180 62.8 55.8 55.8
5537 0.1 20 0 0 4937 0.0 10 0 0 0 63.2 55.3 55.3
5537 0.1 20 0 0 4937 0.0 10 0 0 30 63.1 55.6 55.6
5537 0.1 20 0 0 4937 0.0 10 0 0 60 63.0 55.3 55.3
5537 0.1 20 0 0 4937 0.0 10 0 0 90 62.9 55.5 55.5
5537 0.1 20 0 0 4937 0.0 10 0 0 120 62.8 55.4 55.4
5537 0.1 20 0 0 4937 0.0 10 0 0 150 62.7 55.4 55.4
5537 0.1 20 0 0 4937 0.0 10 0 0 180 62.7 55.5 55.5
5537 0.1 20 0 0 4937 0.0 20 0 0 0 63.0 54.4 54.4
5537 0.1 20 0 0 4937 0.0 20 0 0 30 62.9 54.4 54.4
5537 0.1 20 0 0 4937 0.0 20 0 0 60 62.9 54.4 54.4
5537 0.1 20 0 0 4937 0.0 20 0 0 90 62.7 54.5 54.5
5537 0.1 20 0 0 4937 0.0 20 0 0 120 62.6 54.4 54.4
5537 0.1 20 0 0 4937 0.0 20 0 0 150 62.6 54.5 54.5
5537 0.1 20 0 0 4937 0.0 20 0 0 180 62.5 54.4 54.4
5537 0.1 20 0 0 4937 0.0 30 0 0 0 62.7 52.2 52.2
5537 0.1 20 0 0 4937 0.0 30 0 0 30 62.6 52.0 52.0
5537 0.1 20 0 0 4937 0.0 30 0 0 60 62.6 52.2 52.2
5537 0.1 20 0 0 4937 0.0 30 0 0 90 62.4 52.0 52.0
5537 0.1 20 0 0 4937 0.0 30 0 0 120 62.3 52.0 52.0
5537 0.1 20 0 0 4937 0.0 30 0 0 150 62.3 52.0 52.0
5537 0.1 20 0 0 4937 0.0 30 0 0 180 62.2 51.9 51.9
5537 0.1 20 0 0 4937 0.0 40 0 0 0 62.3 52.0 52.0
5537 0.1 20 0 0 4937 0.0 40 0 0 30 62.2 51.8 51.8
5537 0.1 20 0 0 4937 0.0 40 0 0 60 62.1 52.1 52.1
5537 0.1 20 0 0 4937 0.0 40 0 0 90 62.0 51.9 51.9
5537 0.1 20 0 0 4937 0.0 40 0 0 120 61.9 52.1 52.1
5537 0.1 20 0 0 4937 0.0 40 0 0 150 61.8 52.0 52.0
5537 0.1 20 0 0 4937 0.0 40 0 0 180 61.7 51.9 51.9
5537 0.1 20 0 0 4937 0.0 50 0 0 0 61.5 52.8 52.8
5537 0.1 20 0 0 4937 0.0 50 0 0 30 61.4 52.7 52.7
5537 0.1 20 0 0 4937 0.0 50 0 0 60 61.4 52.8 52.8
5537 0.1 20 0 0 4937 0.0 50 0 0 90 61.2 52.6 52.6
5537 0.1 20 0 0 4937 0.0 50 0 0 120 61.2 52.6 52.6
5537 0.1 20 0 0 4937 0.0 50 0 0 150 61.0 52.5 52.5
5537 0.1 20 0 0 4937 0.0 50 0 0 180 61.1 52.4 52.4
5537 0.1 20 0 0 4937 0.0 60 0 0 0 60.2 53.7 53.7
5537 0.1 20 0 0 4937 0.0 60 0 0 30 60.3 53.9 53.9
5537 0.1 20 0 0 4937 0.0 60 0 0 60 60.1 53.8 53.8
5537 0.1 20 0 0 4937 0.0 60 0 0 90 60.0 53.9 53.9
5537 0.1 20 0 0 4937 0.0 60 0 0 120 60.0 53.9 53.9
5537 0.1 20 0 0 4937 0.0 60 0 0 150 59.8 53.9 53.9
5537 0.1 20 0 0 4937 0.0 60 0 0 180 59.9 53.9 53.9
5537 0.1 20 0 0 4937 0.1 0 0 0 0 63.0 55.2 55.2
5537 0.1 20 0 0 4937 0.1 0 0 0 30 63.0 55.5 55.5
5537 0.1 20 0 0 4937 0.1 0 0 0 60 62.9 55.4 55.4
5537 0.1 20 0 0 4937 0.1 0 0 0 90 62.8 55.3 55.3
5537 0.1 20 0 0 4937 0.1 0 0 0 120 62.7 55.5 55.5
5537 0.1 20 0 0 4937 0.1 0 0 0 150 62.6 55.3 55.3
5537 0.1 20 0 0 4937 0.1 0 0 0 180 62.6 55.5 55.5
5537 0.1 20 0 0 4937 0.1 10 0 0 0 63.0 54.9 54.9
5537 0.1 20 0 0 4937 0.1 10 0 0 30 63.0 55.1 55.1
5537 0.1 20 0 0 4937 0.1 10 0 0 60 62.8 55.1 55.1
5537 0.1 20 0 0 4937 0.1 10 0 0 90 62.7 55.1 55.1
5537 0.1 20 0 0 4937 0.1 10 0 0 120 62.7 55.1 55.1
5537 0.1 20 0 0 4937 0.1 10 0 0 150 62.5 55.0 55.0
5537 0.1 20 0 0 4937 0.1 10 0 0 180 62.5 55.1 55.1
5537 0.1 20 0 0 4937 0.1 20 0 0 0 62.8 54.1 54.1
5537 0.1 20 0 0 4937 0.1 20 0 0 30 62.8 54.0 54.0
5537 0.1 20 0 0 4937 0.1 20 0 0 60 62.7 54.0 54.0
5537 0.1 20 0 0 4937 0.1 20 0 0 90 62.6 54.1 54.1
5537 0.1 20 0 0 4937 0.1 20 0 0 120 62.5 54.1 54.1
5537 0.1 20 0 0 4937 0.1 20 0 0 150 62.3 54.1 54.1
5537 0.1 20 0 0 4937 0.1 20 0 0 180 62.4 54.0 54.0
5537 0.1 20 0 0 4937 0.1 30 0 0 0 62.5 51.8 51.8
5537 0.1 20 0 0 4937 0.1 30 0 0 30 62.5 51.7 51.7
5537 0.1 20 0 0 4937 0.1 30 0 0 60 62.4 51.9 51.9
5537 0.1 20 0 0 4937 0.1 30 0 0 90 62.3 51.7 51.7
5537 0.1 20 0 0 4937 0.1 30 0 0 120 62.1 51.8 51.8
5537 0.1 20 0 0 4937 0.1 30 0 0 150 62.0 51.7 51.7
5537 0.1 20 0 0 4937 0.1 30 0 0 180 62.0 51.6 51.6
5537 0.1 20 0 0 4937 0.1 40 0 0 0 62.0 51.7 51.7
5537 0.1 20 0 0 4937 0.1 40 0 0 30 62.0 51.6 51.6
5537 0.1 20 0 0 4937 0.1 40 0 0 60 61.9 51.8 51.8
5537 0.1 20 0 0 4937 0.1 40 0 0 90 61.8 51.6 51.6
5537 0.1 20 0 0 4937 0.1 40 0 0 120 61.6 51.6 51.6
5537 0.1 20 0 0 4937 0.1 40 0 0 150 61.6 51.6 51.6
5537 0.1 20 0 0 4937 0.1 40 0 0 180 61.6 51.6 51.6
5537 0.1 20 0 0 4937 0.1 50 0 0 0 61.3 52.3 52.3
5537 0.1 20 0 0 4937 0.1 50 0 0 30 61.2 52.3 52.3
5537 0.1 20 0 0 4937 0.1 50 0 0 60 61.2 52.4 52.4
5537 0.1 20 0 0 4937 0.1 50 0 0 90 61.1 52.2 52.2
5537 0.1 20 0 0 4937 0.1 50 0 0 120 60.9 52.4 52.4
5537 0.1 20 0 0 4937 0.1 50 0 0 150 60.9 52.3 52.3
5537 0.1 20 0 0 4937 0.1 50 0 0 180 60.8 52.2 52.2
5537 0.1 20 0 0 4937 0.1 60 0 0 0 60.1 53.3 53.3
5537 0.1 20 0 0 4937 0.1 60 0 0 30 59.9 53.4 53.4
5537 0.1 20 0 0 4937 0.1 60 0 0 60 59.9 53.5 53.5
5537 0.1 20 0 0 4937 0.1 60 0 0 90 59.9 53.2 53.2
5537 0.1 20 0 0 4937 0.1 60 0 0 120 59.7 53.6 53.6
5537 0.1 20 0 0 4937 0.1 60 0 0 150 59.8 53.5 53.5
5537 0.1 20 0 0 4937 0.1 60 0 0 180 59.6 53.6 53.6
5537 0.1 20 0 0 4937 0.2 0 0 0 0 62.7 54.9 54.9
5537 0.1 20 0 0 4937 0.2 0 0 0 30 62.9 55.0 55.0
5537 0.1 20 0 0 4937 0.2 0 0 0 60 62.8 55.0 55.0
5537 0.1 20 0 0 4937 0.2 0 0 0 90 62.5 54.9 54.9
5537 0.1 20 0 0 4937 0.2 0 0 0 120 62.6 55.1 55.1
5537 0.1 20 0 0 4937 0.2 0 0 0 150 62.3 54.9 54.9
5537 0.1 20 0 0 4937 0.2 0 0 0 180 62.5 55.0 55.0
5537 0.1 20 0 0 4937 0.2 10 0 0 0 62.7 54.6 54.6
5537 0.1 20 0 0 4937 0.2 10 0 0 30 62.8 54.7 54.7
5537 0.1 20 0 0 4937 0.2 10 0 0 60 62.7 54.7 54.7
5537 0.1 20 0 0 4937 0.2 10 0 0 90 62.5 54.6 54.6
5537 0.1 20 0 0 4937 0.2 10 0 0 120 62.6 54.7 54.7
5537 0.1 20 0 0 4937 0.2 10 0 0 150 62.2 54.6 54.6
5537 0.1 20 0 0 4937 0.2 10 0 0 180 62.4 54.7 54.7
5537 0.1 20 0 0 4937 0.2 20 0 0 0 62.5 53.5 53.5
5537 0.1 20 0 0 4937 0.2 20 0 0 30 62.6 53.6 53.6
5537 0.1 20 0 0 4937 0.2 20 0 0 60 62.5 53.6 53.6
5537 0.1 20 0 0 4937 0.2 20 0 0 90 62.3 53.6 53.6
5537 0.1 20 0 0 4937 0.2 20 0 0 120 62.4 53.6 53.6
5537 0.1 20 0 0 4937 0.2 20 0 0 150 62.1 53.7 53.7
5537 0.1 20 0 0 4937 0.2 20 0 0 180 62.2 53.6 53.6
5537 0.1 20 0 0 4937 0.2 30 0 0 0 62.2 51.5 51.5
5537 0.1 20 0 0 4937 0.2 30 0 0 30 62.3 51.5 51.5
5537 0.1 20 0 0 4937 0.2 30 0 0 60 62.2 51.6 51.6
5537 0.1 20 0 0 4937 0.2 30 0 0 90 62.0 51.4 51.4
5537 0.1 20 0 0 4937 0.2 30 0 0 120 62.1 51.5 51.5
5537 0.1 20 0 0 4937 0.2 30 0 0 150 61.8 51.4 51.4
5537 0.1 20 0 0 4937 0.2 30 0 0 180 61.9 51.5 51.5
5537 0.1 20 0 0 4937 0.2 40 0 0 0 61.8 51.3 51.3
5537 0.1 20 0 0 4937 0.2 40 0 0 30 61.8 51.4 51.4
5537 0.1 20 0 0 4937 0.2 40 0 0 60 61.7 51.5 51.5
5537 0.1 20 0 0 4937 0.2 40 0 0 90 61.6 51.3 51.3
5537 0.1 20 0 0 4937 0.2 40 0 0 120 61.6 51.4 51.4
5537 0.1 20 0 0 4937 0.2 40 0 0 150 61.3 51.3 51.3
5537 0.1 20 0 0 4937 0.2 40 0 0 180 61.4 51.4 51.4
5537 0.1 20 0 0 4937 0.2 50 0 0 0 61.1 51.9 51.9
5537 0.1 20 0 0 4937 0.2 50 0 0 30 61.0 52.0 52.0
5537 0.1 20 0 0 4937 0.2 50 0 0 60 60.9 52.3 52.3
5537 0.1 20 0 0 4937 0.2 50 0 0 90 60.9 52.1 52.1
5537 0.1 20 0 0 4937 0.2 50 0 0 120 60.7 52.1 52.1
5537 0.1 20 0 0 4937 0.2 50 0 0 150 60.7 52.1 52.1
5537 0.1 20 0 0 4937 0.2 50 0 0 180 60.6 52.0 52.0
5537 0.1 20 0 0 4937 0.2 60 0 0 0 59.9 52.9 52.9
5537 0.1 20 0 0 4937 0.2 60 0 0 30 59.7 52.9 52.9
5537 0.1 20 0 0 4937 0.2 60 0 0 60 59.6 53.3 53.3
5537 0.1 20 0 0 4937 0.2 60 0 0 90 59.7 53.1 53.1
5537 0.1 20 0 0 4937 0.2 60 0 0 120 59.4 53.0 53.0
5537 0.1 20 0 0 4937 0.2 60 0 0 150 59.6 53.3 53.3
5537 0.1 20 0 0 4937 0.2 60 0 0 180 59.3 53.2 53.2
5537 0.1 20 0 0 4937 0.3 0 0 0 0 62.5 54.5 54.5
5537 0.1 20 0 0 4937 0.3 0 0 0 30 62.6 54.5 54.5
5537 0.1 20 0 0 4937 0.3 0 0 0 60 62.7 54.6 54.6
5537 0.1 20 0 0 4937 0.3 0 0 0 90 62.4 54.6 54.6
5537 0.1 20 0 0 4937 0.3 0 0 0 120 62.4 54.5 54.5
5537 0.1 20 0 0 4937 0.3 0 0 0 150 62.1 54.6 54.6
5537 0.1 20 0 0 4937 0.3 0 0 0 180 62.4 54.5 54.5
5537 0.1 20 0 0 4937 0.3 10 0 0 0 62.4 54.2 54.2
5537 0.1 20 0 0 4937 0.3 10 0 0 30 62.5 54.2 54.2
5537 0.1 20 0 0 4937 0.3 10 0 0 60 62.7 54.3 54.3
5537 0.1 20 0 0 4937 0.3 10 0 0 90 62.3 54.3 54.3
5537 0.1 20 0 0 4937 0.3 10 0 0 120 62.3 54.2 54.2
5537 0.1 20 0 0 4937 0.3 10 0 0 150 62.1 54.4 54.4
5537 0.1 20 0 0 4937 0.3 10 0 0 180 62.3 54.2 54.2
5537 0.1 20 0 0 4937 0.3 20 0 0 0 62.3 53.0 53.0
5537 0.1 20 0 0 4937 0.3 20 0 0 30 62.4 52.9 52.9
5537 0.1 20 0 0 4937 0.3 20 0 0 60 62.5 53.1 53.1
5537 0.1 20 0 0 4937 0.3 20 0 0 90 62.1 53.2 53.2
5537 0.1 20 0 0 4937 0.3 20 0 0 120 62.1 53.0 53.0
5537 0.1 20 0 0 4937 0.3 20 0 0 150 61.9 53.2 53.2
5537 0.1 20 0 0 4937 0.3 20 0 0 180 62.1 53.1 53.1
5537 0.1 20 0 0 4937 0.3 30 0 0 0 62.0 51.3 51.3
5537 0.1 20 0 0 4937 0.3 30 0 0 30 62.0 51.5 51.5
5537 0.1 20 0 0 4937 0.3 30 0 0 60 62.2 51.6 51.6
5537 0.1 20 0 0 4937 0.3 30 0 0 90 61.8 51.5 51.5
5537 0.1 20 0 0 4937 0.3 30 0 0 120 61.8 51.4 51.4
5537 0.1 20 0 0 4937 0.3 30 0 0 150 61.6 51.3 51.3
5537 0.1 20 0 0 4937 0.3 30 0 0 180 61.8 51.2 51.2
5537 0.1 20 0 0 4937 0.3 40 0 0 0 61.5 51.3 51.3
5537 0.1 20 0 0 4937 0.3 40 0 0 30 61.6 51.5 51.5
5537 0.1 20 0 0 4937 0.3 40 0 0 60 61.6 51.5 51.5
5537 0.1 20 0 0 4937 0.3 40 0 0 90 61.3 51.4 51.4
5537 0.1 20 0 0 4937 0.3 40 0 0 120 61.3 51.3 51.3
5537 0.1 20 0 0 4937 0.3 40 0 0 150 61.1 51.2 51.2
5537 0.1 20 0 0 4937 0.3 40 0 0 180 61.2 51.2 51.2
5537 0.1 20 0 0 4937 0.3 50 0 0 0 60.8 51.7 51.7
5537 0.1 20 0 0 4937 0.3 50 0 0 30 60.8 51.8 51.8
5537 0.1 20 0 0 4937 0.3 50 0 0 60 60.8 51.9 51.9
5537 0.1 20 0 0 4937 0.3 50 0 0 90 60.6 52.0 52.0
5537 0.1 20 0 0 4937 0.3 50 0 0 120 60.6 51.9 51.9
5537 0.1 20 0 0 4937 0.3 50 0 0 150 60.4 52.0 52.0
5537 0.1 20 0 0 4937 0.3 50 0 0 180 60.5 51.9 51.9
5537 0.1 20 0 0 4937 0.3 60 0 0 0 59.5 52.6 52.6
5537 0.1 20 0 0 4937 0.3 60 0 0 30 59.5 52.5 52.5
5537 0.1 20 0 0 4937 0.3 60 0 0 60 59.3 52.7 52.7
5537 0.1 20 0 0 4937 0.3 60 0 0 90 59.4 52.9 52.9
5537 0.1 20 0 0 4937 0.3 60 0 0 120 59.3 52.6 52.6
5537 0.1 20 0 0 4937 0.3 60 0 0 150 59.3 53.0 53.0
5537 0.1 20 0 0 4937 0.3 60 0 0 180 59.1 52.8 52.8
5537 0.1 20 0 0 4937 0.4 0 0 0 0 62.2 54.0 54.0
5537 0.1 20 0 0 4937 0.4 0 0 0 30 62.3 54.0 54.0
5537 0.1 20 0 0 4937 0.4 0 0 0 60 62.5 54.0 54.0
5537 0.1 20 0 0 4937 0.4 0 0 0 90 62.4 54.2 54.2
5537 0.1 20 0 0 4937 0.4 0 0 0 120 62.0 54.0 54.0
5537 0.1 20 0 0 4937 0.4 0 0 0 150 62.1 54.2 54.2
5537 0.1 20 0 0 4937 0.4 0 0 0 180 62.1 54.1 54.1
5537 0.1 20 0 0 4937 0.4 10 0 0 0 62.2 53.6 53.6
5537 0.1 20 0 0 4937 0.4 10 0 0 30 62.3 53.6 53.6
5537 0.1 20 0 0 4937 0.4 10 0 0 60 62.4 53.7 53.7
5537 0.1 20 0 0 4937 0.4 10 0 0 90 62.3 53.9 53.9
5537 0.1 20 0 0 4937 0.4 10 0 0 120 62.0 53.6 53.6
5537 0.1 20 0 0 4937 0.4 10 0 0 150 62.0 53.9 53.9
5537 0.1 20 0 0 4937 0.4 10 0 0 180 62.1 53.7 53.7
5537 0.1 20 0 0 4937 0.4 20 0 0 0 62.0 52.0 52.0
5537 0.1 20 0 0 4937 0.4 20 0 0 30 62.1 52.0 52.0
5537 0.1 20 0 0 4937 0.4 20 0 0 60 62.2 52.1 52.1
5537 0.1 20 0 0 4937 0.4 20 0 0 90 62.1 52.2 52.2
5537 0.1 20 0 0 4937 0.4 20 0 0 120 61.8 52.1 52.1
5537 0.1 20 0 0 4937 0.4 20 0 0 150 61.8 52.3 52.3
5537 0.1 20 0 0 4937 0.4 20 0 0 180 61.9 52.1 52.1
5537 0.1 20 0 0 4937 0.4 30 0 0 0 61.6 51.3 51.3
5537 0.1 20 0 0 4937 0.4 30 0 0 30 61.8 51.4 51.4
5537 0.1 20 0 0 4937 0.4 30 0 0 60 61.9 51.5 51.5
5537 0.1 20 0 0 4937 0.4 30 0 0 90 61.8 51.5 51.5
5537 0.1 20 0 0 4937 0.4 30 0 0 120 61.4 51.5 51.5
5537 0.1 20 0 0 4937 0.4 30 0 0 150 61.5 51.4 51.4
5537 0.1 20 0 0 4937 0.4 30 0 0 180 61.6 51.1 51.1
5537 0.1 20 0 0 4937 0.4 40 0 0 0 61.2 51.3 51.3
5537 0.1 20 0 0 4937 0.4 40 0 0 30 61.2 51.4 51.4
5537 0.1 20 0 0 4937 0.4 40 0 0 60 61.4 51.6 51.6
5537 0.1 20 0 0 4937 0.4 40 0 0 90 61.3 51.6 51.6
5537 0.1 20 0 0 4937 0.4 40 0 0 120 60.9 51.4 51.4
5537 0.1 20 0 0 4937 0.4 40 0 0 150 61.0 51.4 51.4
5537 0.1 20 0 0 4937 0.4 40 0 0 180 61.1 51.2 51.2
5537 0.1 20 0 0 4937 0.4 50 0 0 0 60.4 51.5 51.5
5537 0.1 20 0 0 4937 0.4 50 0 0 30 60.5 51.6 51.6
5537 0.1 20 0 0 4937 0.4 50 0 0 60 60.6 51.8 51.8
5537 0.1 20 0 0 4937 0.4 50 0 0 90 60.5 51.9 51.9
5537 0.1 20 0 0 4937 0.4 50 0 0 120 60.2 51.8 51.8
5537 0.1 20 0 0 4937 0.4 50 0 0 150 60.3 51.8 51.8
5537 0.1 20 0 0 4937 0.4 50 0 0 180 60.4 51.7 51.7
5537 0.1 20 0 0 4937 0.4 60 0 0 0 58.9 52.3 52.3
5537 0.1 20 0 0 4937 0.4 60 0 0 30 58.9 52.3 52.3
5537 0.1 20 0 0 4937 0.4 60 0 0 60 59.0 52.3 52.3
5537 0.1 20 0 0 4937 0.4 60 0 0 90 58.9 52.4 52.4
5537 0.1 20 0 0 4937 0.4 60 0 0 120 58.8 52.4 52.4
5537 0.1 20 0 0 4937 0.4 60 0 0 150 58.9 52.5 52.5
5537 0.1 20 0 0 4937 0.4 60 0 0 180 59.1 52.5 52.5
5537 0.1 20 0 0 4937 0.5 0 0 0 0 61.9 53.3 53.3
5537 0.1 20 0 0 4937 0.5 0 0 0 30 62.0 53.3 53.3
5537 0.1 20 0 0 4937 0.5 0 0 0 60 62.2 53.3 53.3
5537 0.1 20 0 0 4937 0.5 0 0 0 90 62.3 53.4 53.4
5537 0.1 20 0 0 4937 0.5 0 0 0 120 61.8 53.4 53.4
5537 0.1 20 0 0 4937 0.5 0 0 0 150 62.0 53.4 53.4
5537 0.1 20 0 0 4937 0.5 0 0 0 180 61.9 53.3 53.3
5537 0.1 20 0 0 4937 0.5 10 0 0 0 61.9 52.7 52.7
5537 0.1 20 0 0 4937 0.5 10 0 0 30 61.9 52.7 52.7
5537 0.1 20 0 0 4937 0.5 10 0 0 60 62.1 52.7 52.7
5537 0.1 20 0 0 4937 0.5 10 0 0 90 62.2 52.8 52.8
5537 0.1 20 0 0 4937 0.5 10 0 0 120 61.8 52.9 52.9
5537 0.1 20 0 0 4937 0.5 10 0 0 150 62.0 52.9 52.9
5537 0.1 20 0 0 4937 0.5 10 0 0 180 61.9 52.8 52.8
5537 0.1 20 0 0 4937 0.5 20 0 0 0 61.7 51.7 51.7
5537 0.1 20 0 0 4937 0.5 20 0 0 30 61.7 51.7 51.7
5537 0.1 20 0 0 4937 0.5 20 0 0 60 61.9 51.7 51.7
5537 0.1 20 0 0 4937 0.5 20 0 0 90 62.0 51.8 51.8
5537 0.1 20 0 0 4937 0.5 20 0 0 120 61.6 51.9 51.9
5537 0.1 20 0 0 4937 0.5 20 0 0 150 61.8 51.8 51.8
5537 0.1 20 0 0 4937 0.5 20 0 0 180 61.7 51.9 51.9
5537 0.1 20 0 0 4937 0.5 30 0 0 0 61.3 51.5 51.5
5537 0.1 20 0 0 4937 0.5 30 0 0 30 61.4 51.5 51.5
5537 0.1 20 0 0 4937 0.5 30 0 0 60 61.6 51.5 51.5
5537 0.1 20 0 0 4937 0.5 30 0 0 90 61.7 51.6 51.6
5537 0.1 20 0 0 4937 0.5 30 0 0 120 61.2 51.7 51.7
5537 0.1 20 0 0 4937 0.5 30 0 0 150 61.5 51.5 51.5
5537 0.1 20 0 0 4937 0.5 30 0 0 180 61.4 51.3 51.3
5537 0.1 20 0 0 4937 0.5 40 0 0 0 60.8 51.5 51.5
5537 0.1 20 0 0 4937 0.5 40 0 0 30 60.9 51.5 51.5
5537 0.1 20 0 0 4937 0.5 40 0 0 60 61.1 51.5 51.5
5537 0.1 20 0 0 4937 0.5 40 0 0 90 61.2 51.6 51.6
5537 0.1 20 0 0 4937 0.5 40 0 0 120 60.7 51.7 51.7
5537 0.1 20 0 0 4937 0.5 40 0 0 150 60.9 51.5 51.5
5537 0.1 20 0 0 4937 0.5 40 0 0 180 60.9 51.2 51.2
5537 0.1 20 0 0 4937 0.5 50 0 0 0 60.0 51.5 51.5
5537 0.1 20 0 0 4937 0.5 50 0 0 30 60.1 51.5 51.5
5537 0.1 20 0 0 4937 0.5 50 0 0 60 60.3 51.6 51.6
5537 0.1 20 0 0 4937 0.5 50 0 0 90 60.4 51.7 51.7
5537 0.1 20 0 0 4937 0.5 50 0 0 120 59.9 51.8 51.8
5537 0.1 20 0 0 4937 0.5 50 0 0 150 60.1 51.9 51.9
5537 0.1 20 0 0 4937 0.5 50 0 0 180 60.2 51.6 51.6
5537 0.1 20 0 0 4937 0.5 60 0 0 0 58.4 52.1 52.1
5537 0.1 20 0 0 4937 0.5 60 0 0 30 58.4 52.1 52.1
5537 0.1 20 0 0 4937 0.5 60 0 0 60 58.6 52.2 52.2
5537 0.1 20 0 0 4937 0.5 60 0 0 90 58.6 52.1 52.1
5537 0.1 20 0 0 4937 0.5 60 0 0 120 58.2 52.2 52.2
5537 0.1 20 0 0 4937 0.5 60 0 0 150 58.6 52.1 52.1
5537 0.1 20 0 0 4937 0.5 60 0 0 180 58.9 52.2 52.2
5537 0.1 20 0 0 5137 0.0 0 0 0 0 63.4 56.4 56.4
5537 0.1 20 0 0 5137 0.0 0 0 0 30 63.7 56.7 56.7
5537 0.1 20 0 0 5137 0.0 0 0 0 60 64.0 56.8 56.8
5537 0.1 20 0 0 5137 0.0 0 0 0 90 64.0 56.8 56.8
5537 0.1 20 0 0 5137 0.0 0 0 0 120 63.7 56.5 56.5
5537 0.1 20 0 0 5137 0.0 0 0 0 150 63.4 56.2 56.2
5537 0.1 20 0 0 5137 0.0 0 0 0 180 63.0 55.9 55.9
5537 0.1 20 0 0 5137 0.0 10 0 0 0 63.4 56.0 56.0
5537 0.1 20 0 0 5137 0.0 10 0 0 30 63.7 56.4 56.4
5537 0.1 20 0 0 5137 0.0 10 0 0 60 63.9 56.5 56.5
5537 0.1 20 0 0 5137 0.0 10 0 0 90 63.9 56.5 56.5
5537 0.1 20 0 0 5137 0.0 10 0 0 120 63.7 56.4 56.4
5537 0.1 20 0 0 5137 0.0 10 0 0 150 63.4 56.0 56.0
5537 0.1 20 0 0 5137 0.0 10 0 0 180 63.0 55.7 55.7
5537 0.1 20 0 0 5137 0.0 20 0 0 0 63.2 55.0 55.0
5537 0.1 20 0 0 5137 0.0 20 0 0 30 63.5 55.4 55.4
5537 0.1 20 0 0 5137 0.0 20 0 0 60 63.7 55.5 55.5
5537 0.1 20 0 0 5137 0.0 20 0 0 90 63.8 55.6 55.6
5537 0.1 20 0 0 5137 0.0 20 0 0 120 63.5 55.5 55.5
5537 0.1 20 0 0 5137 0.0 20 0 0 150 63.2 55.1 55.1
5537 0.1 20 0 0 5137 0.0 20 0 0 180 62.8 54.8 54.8
5537 0.1 20 0 0 5137 0.0 30 0 0 0 62.9 52.7 52.7
5537 0.1 20 0 0 5137 0.0 30 0 0 30 63.3 53.0 53.0
5537 0.1 20 0 0 5137 0.0 30 0 0 60 63.4 53.1 53.1
5537 0.1 20 0 0 5137 0.0 30 0 0 90 63.5 53.1 53.1
5537 0.1 20 0 0 5137 0.0 30 0 0 120 63.3 53.0 53.0
5537 0.1 20 0 0 5137 0.0 30 0 0 150 62.9 52.7 52.7
5537 0.1 20 0 0 5137 0.0 30 0 0 180 62.5 52.5 52.5
5537 0.1 20 0 0 5137 0.0 40 0 0 0 62.4 52.4 52.4
5537 0.1 20 0 0 5137 0.0 40 0 0 30 62.8 52.7 52.7
5537 0.1 20 0 0 5137 0.0 40 0 0 60 63.0 52.9 52.9
5537 0.1 20 0 0 5137 0.0 40 0 0 90 63.0 52.9 52.9
5537 0.1 20 0 0 5137 0.0 40 0 0 120 62.8 52.7 52.7
5537 0.1 20 0 0 5137 0.0 40 0 0 150 62.4 52.6 52.6
5537 0.1 20 0 0 5137 0.0 40 0 0 180 62.0 52.2 52.2
5537 0.1 20 0 0 5137 0.0 50 0 0 0 61.8 53.2 53.2
5537 0.1 20 0 0 5137 0.0 50 0 0 30 62.1 53.5 53.5
5537 0.1 20 0 0 5137 0.0 50 0 0 60 62.3 53.7 53.7
5537 0.1 20 0 0 5137 0.0 50 0 0 90 62.3 53.7 53.7
5537 0.1 20 0 0 5137 0.0 50 0 0 120 62.1 53.6 53.6
5537 0.1 20 0 0 5137 0.0 50 0 0 150 61.7 53.2 53.2
5537 0.1 20 0 0 5137 0.0 50 0 0 180 61.3 53.0 53.0
5537 0.1 20 0 0 5137 0.0 60 0 0 0 60.7 54.3 54.3
5537 0.1 20 0 0 5137 0.0 60 0 0 30 61.1 54.7 54.7
5537 0.1 20 0 0 5137 0.0 60 0 0 60 61.2 55.0 55.0
5537 0.1 20 0 0 5137 0.0 60 0 0 90 61.1 55.2 55.2
5537 0.1 20 0 0 5137 0.0 60 0 0 120 60.9 55.0 55.0
5537 0.1 20 0 0 5137 0.0 60 0 0 150 60.5 54.7 54.7
5537 0.1 20 0 0 5137 0.0 60 0 0 180 60.2 54.2 54.2
5537 0.1 20 0 0 5137 0.1 0 0 0 0 63.2 56.1 56.1
5537 0.1 20 0 0 5137 0.1 0 0 0 30 63.5 56.3 56.3
5537 0.1 20 0 0 5137 0.1 0 0 0 60 63.8 56.5 56.5
5537 0.1 20 0 0 5137 0.1 0 0 0 90 63.7 56.5 56.5
5537 0.1 20 0 0 5137 0.1 0 0 0 120 63.6 56.4 56.4
5537 0.1 20 0 0 5137 0.1 0 0 0 150 63.3 56.0 56.0
5537 0.1 20 0 0 5137 0.1 0 0 0 180 62.8 55.5 55.5
5537 0.1 20 0 0 5137 0.1 10 0 0 0 63.2 55.7 55.7
5537 0.1 20 0 0 5137 0.1 10 0 0 30 63.5 56.0 56.0
5537 0.1 20 0 0 5137 0.1 10 0 0 60 63.7 56.1 56.1
5537 0.1 20 0 0 5137 0.1 10 0 0 90 63.7 56.3 56.3
5537 0.1 20 0 0 5137 0.1 10 0 0 120 63.6 56.1 56.1
5537 0.1 20 0 0 5137 0.1 10 0 0 150 63.2 55.7 55.7
5537 0.1 20 0 0 5137 0.1 10 0 0 180 62.8 55.3 55.3
5537 0.1 20 0 0 5137 0.1 20 0 0 0 63.0 54.6 54.6
5537 0.1 20 0 0 5137 0.1 20 0 0 30 63.3 55.0 55.0
5537 0.1 20 0 0 5137 0.1 20 0 0 60 63.5 55.2 55.2
5537 0.1 20 0 0 5137 0.1 20 0 0 90 63.5 55.3 55.3
5537 0.1 20 0 0 5137 0.1 20 0 0 120 63.4 55.2 55.2
5537 0.1 20 0 0 5137 0.1 20 0 0 150 63.0 54.8 54.8
5537 0.1 20 0 0 5137 0.1 20 0 0 180 62.6 54.4 54.4
5537 0.1 20 0 0 5137 0.1 30 0 0 0 62.8 52.5 52.5
5537 0.1 20 0 0 5137 0.1 30 0 0 30 63.0 52.7 52.7
5537 0.1 20 0 0 5137 0.1 30 0 0 60 63.2 52.8 52.8
5537 0.1 20 0 0 5137 0.1 30 0 0 90 63.2 52.9 52.9
5537 0.1 20 0 0 5137 0.1 30 0 0 120 63.1 52.7 52.7
5537 0.1 20 0 0 5137 0.1 30 0 0 150 62.7 52.4 52.4
5537 0.1 20 0 0 5137 0.1 30 0 0 180 62.3 52.0 52.0
5537 0.1 20 0 0 5137 0.1 40 0 0 0 62.3 52.3 52.3
5537 0.1 20 0 0 5137 0.1 40 0 0 30 62.6 52.5 52.5
5537 0.1 20 0 0 5137 0.1 40 0 0 60 62.8 52.6 52.6
5537 0.1 20 0 0 5137 0.1 40 0 0 90 62.8 52.7 52.7
5537 0.1 20 0 0 5137 0.1 40 0 0 120 62.7 52.5 52.5
5537 0.1 20 0 0 5137 0.1 40 0 0 150 62.2 52.2 52.2
5537 0.1 20 0 0 5137 0.1 40 0 0 180 61.8 51.8 51.8
5537 0.1 20 0 0 5137 0.1 50 0 0 0 61.6 52.8 52.8
5537 0.1 20 0 0 5137 0.1 50 0 0 30 61.9 53.1 53.1
5537 0.1 20 0 0 5137 0.1 50 0 0 60 62.0 53.4 53.4
5537 0.1 20 0 0 5137 0.1 50 0 0 90 62.1 53.4 53.4
5537 0.1 20 0 0 5137 0.1 50 0 0 120 62.0 53.2 53.2
5537 0.1 20 0 0 5137 0.1 50 0 0 150 61.5 53.0 53.0
5537 0.1 20 0 0 5137 0.1 50 0 0 180 61.1 52.6 52.6
5537 0.1 20 0 0 5137 0.1 60 0 0 0 60.5 53.9 53.9
5537 0.1 20 0 0 5137 0.1 60 0 0 30 60.8 54.2 54.2
5537 0.1 20 0 0 5137 0.1 60 0 0 60 60.9 54.5 54.5
5537 0.1 20 0 0 5137 0.1 60 0 0 90 60.8 54.6 54.6
5537 0.1 20 0 0 5137 0.1 60 0 0 120 60.7 54.7 54.7
5537 0.1 20 0 0 5137 0.1 60 0 0 150 60.3 54.5 54.5
5537 0.1 20 0 0 5137 0.1 60 0 0 180 59.9 54.0 54.0
5537 0.1 20 0 0 5137 0.2 0 0 0 0 63.1 55.6 55.6
5537 0.1 20 0 0 5137 0.2 0 0 0 30 63.3 55.9 55.9
5537 0.1 20 0 0 5137 0.2 0 0 0 60 63.5 56.1 56.1
5537 0.1 20 0 0 5137 0.2 0 0 0 90 63.6 56.2 56.2
5537 0.1 20 0 0 5137 0.2 0 0 0 120 63.5 56.1 56.1
5537 0.1 20 0 0 5137 0.2 0 0 0 150 63.1 55.7 55.7
5537 0.1 20 0 0 5137 0.2 0 0 0 180 62.6 55.1 55.1
5537 0.1 20 0 0 5137 0.2 10 0 0 0 63.1 55.3 55.3
5537 0.1 20 0 0 5137 0.2 10 0 0 30 63.3 55.5 55.5
5537 0.1 20 0 0 5137 0.2 10 0 0 60 63.5 55.8 55.8
5537 0.1 20 0 0 5137 0.2 10 0 0 90 63.5 55.8 55.8
5537 0.1 20 0 0 5137 0.2 10 0 0 120 63.4 55.8 55.8
5537 0.1 20 0 0 5137 0.2 10 0 0 150 63.0 55.5 55.5
5537 0.1 20 0 0 5137 0.2 10 0 0 180 62.5 54.9 54.9
5537 0.1 20 0 0 5137 0.2 20 0 0 0 62.9 54.3 54.3
5537 0.1 20 0 0 5137 0.2 20 0 0 30 63.1 54.5 54.5
5537 0.1 20 0 0 5137 0.2 20 0 0 60 63.3 54.8 54.8
5537 0.1 20 0 0 5137 0.2 20 0 0 90 63.3 54.9 54.9
5537 0.1 20 0 0 5137 0.2 20 0 0 120 63.3 54.9 54.9
5537 0.1 20 0 0 5137 0.2 20 0 0 150 62.9 54.6 54.6
5537 0.1 20 0 0 5137 0.2 20 0 0 180 62.3 54.0 54.0
5537 0.1 20 0 0 5137 0.2 30 0 0 0 62.6 52.3 52.3
5537 0.1 20 0 0 5137 0.2 30 0 0 30 62.8 52.5 52.5
5537 0.1 20 0 0 5137 0.2 30 0 0 60 63.0 52.7 52.7
5537 0.1 20 0 0 5137 0.2 30 0 0 90 63.0 52.6 52.6
5537 0.1 20 0 0 5137 0.2 30 0 0 120 63.0 52.5 52.5
5537 0.1 20 0 0 5137 0.2 30 0 0 150 62.6 52.2 52.2
5537 0.1 20 0 0 5137 0.2 30 0 0 180 62.0 51.6 51.6
5537 0.1 20 0 0 5137 0.2 40 0 0 0 62.1 52.2 52.2
5537 0.1 20 0 0 5137 0.2 40 0 0 30 62.4 52.3 52.3
5537 0.1 20 0 0 5137 0.2 40 0 0 60 62.5 52.5 52.5
5537 0.1 20 0 0 5137 0.2 40 0 0 90 62.6 52.4 52.4
5537 0.1 20 0 0 5137 0.2 40 0 0 120 62.5 52.3 52.3
5537 0.1 20 0 0 5137 0.2 40 0 0 150 62.1 52.1 52.1
5537 0.1 20 0 0 5137 0.2 40 0 0 180 61.6 51.5 51.5
5537 0.1 20 0 0 5137 0.2 50 0 0 0 61.4 52.4 52.4
5537 0.1 20 0 0 5137 0.2 50 0 0 30 61.7 52.7 52.7
5537 0.1 20 0 0 5137 0.2 50 0 0 60 61.8 53.1 53.1
5537 0.1 20 0 0 5137 0.2 50 0 0 90 61.9 53.2 53.2
5537 0.1 20 0 0 5137 0.2 50 0 0 120 61.7 53.2 53.2
5537 0.1 20 0 0 5137 0.2 50 0 0 150 61.3 52.9 52.9
5537 0.1 20 0 0 5137 0.2 50 0 0 180 60.8 52.3 52.3
5537 0.1 20 0 0 5137 0.2 60 0 0 0 60.3 53.4 53.4
5537 0.1 20 0 0 5137 0.2 60 0 0 30 60.6 53.7 53.7
5537 0.1 20 0 0 5137 0.2 60 0 0 60 60.6 53.9 53.9
5537 0.1 20 0 0 5137 0.2 60 0 0 90 60.6 54.0 54.0
5537 0.1 20 0 0 5137 0.2 60 0 0 120 60.4 54.3 54.3
5537 0.1 20 0 0 5137 0.2 60 0 0 150 60.0 54.2 54.2
5537 0.1 20 0 0 5137 0.2 60 0 0 180 59.7 53.7 53.7
5537 0.1 20 0 0 5137 0.3 0 0 0 0 62.9 55.2 55.2
5537 0.1 20 0 0 5137 0.3 0 0 0 30 63.2 55.5 55.5
5537 0.1 20 0 0 5137 0.3 0 0 0 60 63.3 55.7 55.7
5537 0.1 20 0 0 5137 0.3 0 0 0 90 63.4 55.7 55.7
5537 0.1 20 0 0 5137 0.3 0 0 0 120 63.3 55.7 55.7
5537 0.1 20 0 0 5137 0.3 0 0 0 150 63.0 55.4 55.4
5537 0.1 20 0 0 5137 0.3 0 0 0 180 62.3 54.6 54.6
5537 0.1 20 0 0 5137 0.3 10 0 0 0 62.9 54.9 54.9
5537 0.1 20 0 0 5137 0.3 10 0 0 30 63.1 55.1 55.1
5537 0.1 20 0 0 5137 0.3 10 0 0 60 63.2 55.3 55.3
5537 0.1 20 0 0 5137 0.3 10 0 0 90 63.3 55.4 55.4
5537 0.1 20 0 0 5137 0.3 10 0 0 120 63.3 55.4 55.4
5537 0.1 20 0 0 5137 0.3 10 0 0 150 62.9 55.2 55.2
5537 0.1 20 0 0 5137 0.3 10 0 0 180 62.3 54.5 54.5
5537 0.1 20 0 0 5137 0.3 20 0 0 0 62.7 53.8 53.8
5537 0.1 20 0 0 5137 0.3 20 0 0 30 63.0 54.0 54.0
5537 0.1 20 0 0 5137 0.3 20 0 0 60 63.0 54.2 54.2
5537 0.1 20 0 0 5137 0.3 20 0 0 90 63.2 54.4 54.4
5537 0.1 20 0 0 5137 0.3 20 0 0 120 63.1 54.5 54.5
5537 0.1 20 0 0 5137 0.3 20 0 0 150 62.7 54.3 54.3
5537 0.1 20 0 0 5137 0.3 20 0 0 180 62.1 53.6 53.6
5537 0.1 20 0 0 5137 0.3 30 0 0 0 62.4 52.2 52.2
5537 0.1 20 0 0 5137 0.3 30 0 0 30 62.6 52.4 52.4
5537 0.1 20 0 0 5137 0.3 30 0 0 60 62.8 52.6 52.6
5537 0.1 20 0 0 5137 0.3 30 0 0 90 62.9 52.6 52.6
5537 0.1 20 0 0 5137 0.3 30 0 0 120 62.8 52.6 52.6
5537 0.1 20 0 0 5137 0.3 30 0 0 150 62.4 52.2 52.2
5537 0.1 20 0 0 5137 0.3 30 0 0 180 61.8 51.4 51.4
5537 0.1 20 0 0 5137 0.3 40 0 0 0 61.9 52.2 52.2
5537 0.1 20 0 0 5137 0.3 40 0 0 30 62.1 52.3 52.3
5537 0.1 20 0 0 5137 0.3 40 0 0 60 62.3 52.6 52.6
5537 0.1 20 0 0 5137 0.3 40 0 0 90 62.4 52.6 52.6
5537 0.1 20 0 0 5137 0.3 40 0 0 120 62.2 52.5 52.5
5537 0.1 20 0 0 5137 0.3 40 0 0 150 61.9 52.2 52.2
5537 0.1 20 0 0 5137 0.3 40 0 0 180 61.3 51.4 51.4
5537 0.1 20 0 0 5137 0.3 50 0 0 0 61.3 52.3 52.3
5537 0.1 20 0 0 5137 0.3 50 0 0 30 61.4 52.5 52.5
5537 0.1 20 0 0 5137 0.3 50 0 0 60 61.6 52.8 52.8
5537 0.1 20 0 0 5137 0.3 50 0 0 90 61.5 52.9 52.9
5537 0.1 20 0 0 5137 0.3 50 0 0 120 61.5 53.1 53.1
5537 0.1 20 0 0 5137 0.3 50 0 0 150 61.1 52.8 52.8
5537 0.1 20 0 0 5137 0.3 50 0 0 180 60.6 52.0 52.0
5537 0.1 20 0 0 5137 0.3 60 0 0 0 60.1 53.0 53.0
5537 0.1 20 0 0 5137 0.3 60 0 0 30 60.3 53.2 53.2
5537 0.1 20 0 0 5137 0.3 60 0 0 60 60.4 53.5 53.5
5537 0.1 20 0 0 5137 0.3 60 0 0 90 60.2 53.6 53.6
5537 0.1 20 0 0 5137 0.3 60 0 0 120 60.1 53.8 53.8
5537 0.1 20 0 0 5137 0.3 60 0 0 150 59.6 53.8 53.8
5537 0.1 20 0 0 5137 0.3 60 0 0 180 59.3 53.3 53.3
5537 0.1 20 0 0 5137 0.4 0 0 0 0 62.8 54.9 54.9
5537 0.1 20 0 0 5137 0.4 0 0 0 30 62.9 55.0 55.0
5537 0.1 20 0 0 5137 0.4 0 0 0 60 63.1 55.1 55.1
5537 0.1 20 0 0 5137 0.4 0 0 0 90 63.1 55.3 55.3
5537 0.1 20 0 0 5137 0.4 0 0 0 120 63.1 55.3 55.3
5537 0.1 20 0 0 5137 0.4 0 0 0 150 62.7 55.1 55.1
5537 0.1 20 0 0 5137 0.4 0 0 0 180 62.1 54.2 54.2
5537 0.1 20 0 0 5137 0.4 10 0 0 0 62.7 54.4 54.4
5537 0.1 20 0 0 5137 0.4 10 0 0 30 62.9 54.6 54.6
5537 0.1 20 0 0 5137 0.4 10 0 0 60 63.0 54.8 54.8
5537 0.1 20 0 0 5137 0.4 10 0 0 90 63.1 54.9 54.9
5537 0.1 20 0 0 5137 0.4 10 0 0 120 63.1 55.0 55.0
5537 0.1 20 0 0 5137 0.4 10 0 0 150 62.7 54.8 54.8
5537 0.1 20 0 0 5137 0.4 10 0 0 180 62.1 54.0 54.0
5537 0.1 20 0 0 5137 0.4 20 0 0 0 62.5 53.0 53.0
5537 0.1 20 0 0 5137 0.4 20 0 0 30 62.7 53.1 53.1
5537 0.1 20 0 0 5137 0.4 20 0 0 60 62.9 53.3 53.3
5537 0.1 20 0 0 5137 0.4 20 0 0 90 62.9 53.5 53.5
5537 0.1 20 0 0 5137 0.4 20 0 0 120 62.9 53.6 53.6
5537 0.1 20 0 0 5137 0.4 20 0 0 150 62.5 53.5 53.5
5537 0.1 20 0 0 5137 0.4 20 0 0 180 61.9 52.7 52.7
5537 0.1 20 0 0 5137 0.4 30 0 0 0 62.3 52.1 52.1
5537 0.1 20 0 0 5137 0.4 30 0 0 30 62.4 52.4 52.4
5537 0.1 20 0 0 5137 0.4 30 0 0 60 62.5 52.5 52.5
5537 0.1 20 0 0 5137 0.4 30 0 0 90 62.6 52.8 52.8
5537 0.1 20 0 0 5137 0.4 30 0 0 120 62.6 52.7 52.7
5537 0.1 20 0 0 5137 0.4 30 0 0 150 62.2 52.3 52.3
5537 0.1 20 0 0 5137 0.4 30 0 0 180 61.6 51.4 51.4
5537 0.1 20 0 0 5137 0.4 40 0 0 0 61.8 52.0 52.0
5537 0.1 20 0 0 5137 0.4 40 0 0 30 61.9 52.3 52.3
5537 0.1 20 0 0 5137 0.4 40 0 0 60 62.1 52.4 52.4
5537 0.1 20 0 0 5137 0.4 40 0 0 90 62.1 52.7 52.7
5537 0.1 20 0 0 5137 0.4 40 0 0 120 62.1 52.6 52.6
5537 0.1 20 0 0 5137 0.4 40 0 0 150 61.6 52.3 52.3
5537 0.1 20 0 0 5137 0.4 40 0 0 180 61.1 51.4 51.4
5537 0.1 20 0 0 5137 0.4 50 0 0 0 61.1 52.1 52.1
5537 0.1 20 0 0 5137 0.4 50 0 0 30 61.2 52.4 52.4
5537 0.1 20 0 0 5137 0.4 50 0 0 60 61.3 52.6 52.6
5537 0.1 20 0 0 5137 0.4 50 0 0 90 61.3 52.8 52.8
5537 0.1 20 0 0 5137 0.4 50 0 0 120 61.2 53.0 53.0
5537 0.1 20 0 0 5137 0.4 50 0 0 150 60.8 52.8 52.8
5537 0.1 20 0 0 5137 0.4 50 0 0 180 60.3 51.9 51.9
5537 0.1 20 0 0 5137 0.4 60 0 0 0 59.9 52.7 52.7
5537 0.1 20 0 0 5137 0.4 60 0 0 30 60.0 52.9 52.9
5537 0.1 20 0 0 5137 0.4 60 0 0 60 60.0 53.1 53.1
5537 0.1 20 0 0 5137 0.4 60 0 0 90 59.9 53.2 53.2
5537 0.1 20 0 0 5137 0.4 60 0 0 120 59.6 53.4 53.4
5537 0.1 20 0 0 5137 0.4 60 0 0 150 59.2 53.4 53.4
5537 0.1 20 0 0 5137 0.4 60 0 0 180 58.9 52.9 52.9
5537 0.1 20 0 0 5137 0.5 0 0 0 0 62.6 54.3 54.3
5537 0.1 20 0 0 5137 0.5 0 0 0 30 62.7 54.4 54.4
5537 0.1 20 0 0 5137 0.5 0 0 0 60 62.8 54.4 54.4
5537 0.1 20 0 0 5137 0.5 0 0 0 90 62.9 54.6 54.6
5537 0.1 20 0 0 5137 0.5 0 0 0 120 63.0 54.6 54.6
5537 0.1 20 0 0 5137 0.5 0 0 0 150 62.6 54.4 54.4
5537 0.1 20 0 0 5137 0.5 0 0 0 180 61.8 53.6 53.6
5537 0.1 20 0 0 5137 0.5 10 0 0 0 62.6 53.8 53.8
5537 0.1 20 0 0 5137 0.5 10 0 0 30 62.7 53.9 53.9
5537 0.1 20 0 0 5137 0.5 10 0 0 60 62.8 53.9 53.9
5537 0.1 20 0 0 5137 0.5 10 0 0 90 62.8 54.2 54.2
5537 0.1 20 0 0 5137 0.5 10 0 0 120 62.9 54.2 54.2
5537 0.1 20 0 0 5137 0.5 10 0 0 150 62.6 54.1 54.1
5537 0.1 20 0 0 5137 0.5 10 0 0 180 61.8 53.3 53.3
5537 0.1 20 0 0 5137 0.5 20 0 0 0 62.4 52.4 52.4
5537 0.1 20 0 0 5137 0.5 20 0 0 30 62.5 52.5 52.5
5537 0.1 20 0 0 5137 0.5 20 0 0 60 62.6 52.7 52.7
5537 0.1 20 0 0 5137 0.5 20 0 0 90 62.7 53.0 53.0
5537 0.1 20 0 0 5137 0.5 20 0 0 120 62.7 53.1 53.1
5537 0.1 20 0 0 5137 0.5 20 0 0 150 62.3 53.2 53.2
5537 0.1 20 0 0 5137 0.5 20 0 0 180 61.6 52.1 52.1
5537 0.1 20 0 0 5137 0.5 30 0 0 0 62.1 52.2 52.2
5537 0.1 20 0 0 5137 0.5 30 0 0 30 62.2 52.3 52.3
5537 0.1 20 0 0 5137 0.5 30 0 0 60 62.3 52.6 52.6
5537 0.1 20 0 0 5137 0.5 30 0 0 90 62.3 52.8 52.8
5537 0.1 20 0 0 5137 0.5 30 0 0 120 62.3 52.8 52.8
5537 0.1 20 0 0 5137 0.5 30 0 0 150 62.0 52.6 52.6
5537 0.1 20 0 0 5137 0.5 30 0 0 180 61.2 51.5 51.5
5537 0.1 20 0 0 5137 0.5 40 0 0 0 61.6 51.9 51.9
5537 0.1 20 0 0 5137 0.5 40 0 0 30 61.7 52.2 52.2
5537 0.1 20 0 0 5137 0.5 40 0 0 60 61.8 52.4 52.4
5537 0.1 20 0 0 5137 0.5 40 0 0 90 61.8 52.6 52.6
5537 0.1 20 0 0 5137 0.5 40 0 0 120 61.8 52.8 52.8
5537 0.1 20 0 0 5137 0.5 40 0 0 150 61.3 52.5 52.5
5537 0.1 20 0 0 5137 0.5 40 0 0 180 60.7 51.5 51.5
5537 0.1 20 0 0 5137 0.5 50 0 0 0 60.9 51.9 51.9
5537 0.1 20 0 0 5137 0.5 50 0 0 30 61.0 52.1 52.1
5537 0.1 20 0 0 5137 0.5 50 0 0 60 61.0 52.3 52.3
5537 0.1 20 0 0 5137 0.5 50 0 0 90 60.9 52.6 52.6
5537 0.1 20 0 0 5137 0.5 50 0 0 120 60.9 52.9 52.9
5537 0.1 20 0 0 5137 0.5 50 0 0 150 60.4 53.1 53.1
5537 0.1 20 0 0 5137 0.5 50 0 0 180 59.9 52.0 52.0
5537 0.1 20 0 0 5137 0.5 60 0 0 0 59.8 52.6 52.6
5537 0.1 20 0 0 5137 0.5 60 0 0 30 59.7 52.7 52.7
5537 0.1 20 0 0 5137 0.5 60 0 0 60 59.7 52.8 52.8
5537 0.1 20 0 0 5137 0.5 60 0 0 90 59.5 52.9 52.9
5537 0.1 20 0 0 5137 0.5 60 0 0 120 59.1 53.1 53.1
5537 0.1 20 0 0 5137 0.5 60 0 0 150 58.6 53.1 53.1
5537 0.1 20 0 0 5137 0.5 60 0 0 180 58.4 52.7 52.7
5537 0.1 20 0 0 5337 0.0 0 0 0 0 64.1 57.4 57.4
5537 0.1 20 0 0 5337 0.0 0 0 0 30 64.8 57.9 57.9
5537 0.1 20 0 0 5337 0.0 0 0 0 60 65.0 58.1 58.1
5537 0.1 20 0 0 5337 0.0 0 0 0 90 64.9 57.8 57.8
5537 0.1 20 0 0 5337 0.0 0 0 0 120 64.4 57.2 57.2
5537 0.1 20 0 0 5337 0.0 0 0 0 150 63.5 56.4 56.4
5537 0.1 20 0 0 5337 0.0 0 0 0 180 62.8 55.8 55.8
5537 0.1 20 0 0 5337 0.0 10 0 0 0 64.0 57.0 57.0
5537 0.1 20 0 0 5337 0.0 10 0 0 30 64.7 57.5 57.5
5537 0.1 20 0 0 5337 0.0 10 0 0 60 64.9 57.8 57.8
5537 0.1 20 0 0 5337 0.0 10 0 0 90 64.9 57.6 57.6
5537 0.1 20 0 0 5337 0.0 10 0 0 120 64.4 57.0 57.0
5537 0.1 20 0 0 5337 0.0 10 0 0 150 63.5 56.3 56.3
5537 0.1 20 0 0 5337 0.0 10 0 0 180 62.8 55.6 55.6
5537 0.1 20 0 0 5337 0.0 20 0 0 0 63.9 56.0 56.0
5537 0.1 20 0 0 5337 0.0 20 0 0 30 64.6 56.6 56.6
5537 0.1 20 0 0 5337 0.0 20 0 0 60 64.8 56.8 56.8
5537 0.1 20 0 0 5337 0.0 20 0 0 90 64.7 56.6 56.6
5537 0.1 20 0 0 5337 0.0 20 0 0 120 64.2 56.2 56.2
5537 0.1 20 0 0 5337 0.0 20 0 0 150 63.3 55.5 55.5
5537 0.1 20 0 0 5337 0.0 20 0 0 180 62.6 54.9 54.9
5537 0.1 20 0 0 5337 0.0 30 0 0 0 63.6 53.1 53.1
5537 0.1 20 0 0 5337 0.0 30 0 0 30 64.3 53.6 53.6
5537 0.1 20 0 0 5337 0.0 30 0 0 60 64.5 53.8 53.8
5537 0.1 20 0 0 5337 0.0 30 0 0 90 64.4 53.7 53.7
5537 0.1 20 0 0 5337 0.0 30 0 0 120 64.0 53.4 53.4
5537 0.1 20 0 0 5337 0.0 30 0 0 150 63.0 53.0 53.0
5537 0.1 20 0 0 5337 0.0 30 0 0 180 62.3 52.8 52.8
5537 0.1 20 0 0 5337 0.0 40 0 0 0 63.2 52.9 52.9
5537 0.1 20 0 0 5337 0.0 40 0 0 30 63.8 53.3 53.3
5537 0.1 20 0 0 5337 0.0 40 0 0 60 64.1 53.5 53.5
5537 0.1 20 0 0 5337 0.0 40 0 0 90 64.0 53.5 53.5
5537 0.1 20 0 0 5337 0.0 40 0 0 120 63.5 53.2 53.2
5537 0.1 20 0 0 5337 0.0 40 0 0 150 62.6 52.7 52.7
5537 0.1 20 0 0 5337 0.0 40 0 0 180 61.9 52.4 52.4
5537 0.1 20 0 0 5337 0.0 50 0 0 0 62.4 53.7 53.7
5537 0.1 20 0 0 5337 0.0 50 0 0 30 63.2 54.2 54.2
5537 0.1 20 0 0 5337 0.0 50 0 0 60 63.5 54.4 54.4
5537 0.1 20 0 0 5337 0.0 50 0 0 90 63.4 54.3 54.3
5537 0.1 20 0 0 5337 0.0 50 0 0 120 62.8 53.9 53.9
5537 0.1 20 0 0 5337 0.0 50 0 0 150 62.0 53.3 53.3
5537 0.1 20 0 0 5337 0.0 50 0 0 180 61.3 52.8 52.8
5537 0.1 20 0 0 5337 0.0 60 0 0 0 61.3 55.3 55.3
5537 0.1 20 0 0 5337 0.0 60 0 0 30 62.1 56.0 56.0
5537 0.1 20 0 0 5337 0.0 60 0 0 60 62.4 56.2 56.2
5537 0.1 20 0 0 5337 0.0 60 0 0 90 62.3 56.1 56.1
5537 0.1 20 0 0 5337 0.0 60 0 0 120 61.7 55.7 55.7
5537 0.1 20 0 0 5337 0.0 60 0 0 150 60.9 55.0 55.0
5537 0.1 20 0 0 5337 0.0 60 0 0 180 60.2 54.3 54.3
5537 0.1 20 0 0 5337 0.1 0 0 0 0 64.0 57.0 57.0
5537 0.1 20 0 0 5337 0.1 0 0 0 30 64.5 57.5 57.5
5537 0.1 20 0 0 5337 0.1 0 0 0 60 64.8 57.8 57.8
5537 0.1 20 0 0 5337 0.1 0 0 0 90 64.8 57.7 57.7
5537 0.1 20 0 0 5337 0.1 0 0 0 120 64.4 57.2 57.2
5537 0.1 20 0 0 5337 0.1 0 0 0 150 63.4 56.3 56.3
5537 0.1 20 0 0 5337 0.1 0 0 0 180 62.6 55.5 55.5
5537 0.1 20 0 0 5337 0.1 10 0 0 0 63.9 56.6 56.6
5537 0.1 20 0 0 5337 0.1 10 0 0 30 64.5 57.1 57.1
5537 0.1 20 0 0 5337 0.1 10 0 0 60 64.7 57.4 57.4
5537 0.1 20 0 0 5337 0.1 10 0 0 90 64.7 57.3 57.3
5537 0.1 20 0 0 5337 0.1 10 0 0 120 64.3 57.0 57.0
5537 0.1 20 0 0 5337 0.1 10 0 0 150 63.4 56.2 56.2
5537 0.1 20 0 0 5337 0.1 10 0 0 180 62.5 55.3 55.3
5537 0.1 20 0 0 5337 0.1 20 0 0 0 63.8 55.7 55.7
5537 0.1 20 0 0 5337 0.1 20 0 0 30 64.3 56.1 56.1
5537 0.1 20 0 0 5337 0.1 20 0 0 60 64.6 56.3 56.3
5537 0.1 20 0 0 5337 0.1 20 0 0 90 64.6 56.3 56.3
5537 0.1 20 0 0 5337 0.1 20 0 0 120 64.2 56.0 56.0
5537 0.1 20 0 0 5337 0.1 20 0 0 150 63.2 55.3 55.3
5537 0.1 20 0 0 5337 0.1 20 0 0 180 62.4 54.5 54.5
5537 0.1 20 0 0 5337 0.1 30 0 0 0 63.5 52.9 52.9
5537 0.1 20 0 0 5337 0.1 30 0 0 30 64.1 53.2 53.2
5537 0.1 20 0 0 5337 0.1 30 0 0 60 64.3 53.4 53.4
5537 0.1 20 0 0 5337 0.1 30 0 0 90 64.3 53.5 53.5
5537 0.1 20 0 0 5337 0.1 30 0 0 120 63.9 53.2 53.2
5537 0.1 20 0 0 5337 0.1 30 0 0 150 62.9 52.6 52.6
5537 0.1 20 0 0 5337 0.1 30 0 0 180 62.1 52.2 52.2
5537 0.1 20 0 0 5337 0.1 40 0 0 0 63.1 52.8 52.8
5537 0.1 20 0 0 5337 0.1 40 0 0 30 63.6 53.1 53.1
5537 0.1 20 0 0 5337 0.1 40 0 0 60 63.9 53.2 53.2
5537 0.1 20 0 0 5337 0.1 40 0 0 90 63.8 53.2 53.2
5537 0.1 20 0 0 5337 0.1 40 0 0 120 63.4 53.0 53.0
5537 0.1 20 0 0 5337 0.1 40 0 0 150 62.4 52.3 52.3
5537 0.1 20 0 0 5337 0.1 40 0 0 180 61.6 51.8 51.8
5537 0.1 20 0 0 5337 0.1 50 0 0 0 62.4 53.5 53.5
5537 0.1 20 0 0 5337 0.1 50 0 0 30 62.9 53.9 53.9
5537 0.1 20 0 0 5337 0.1 50 0 0 60 63.2 54.1 54.1
5537 0.1 20 0 0 5337 0.1 50 0 0 90 63.1 54.0 54.0
5537 0.1 20 0 0 5337 0.1 50 0 0 120 62.6 53.7 53.7
5537 0.1 20 0 0 5337 0.1 50 0 0 150 61.7 53.1 53.1
5537 0.1 20 0 0 5337 0.1 50 0 0 180 60.9 52.4 52.4
5537 0.1 20 0 0 5337 0.1 60 0 0 0 61.4 54.9 54.9
5537 0.1 20 0 0 5337 0.1 60 0 0 30 61.9 55.5 55.5
5537 0.1 20 0 0 5337 0.1 60 0 0 60 62.1 55.8 55.8
5537 0.1 20 0 0 5337 0.1 60 0 0 90 61.9 55.8 55.8
5537 0.1 20 0 0 5337 0.1 60 0 0 120 61.4 55.4 55.4
5537 0.1 20 0 0 5337 0.1 60 0 0 150 60.5 54.8 54.8
5537 0.1 20 0 0 5337 0.1 60 0 0 180 59.8 53.9 53.9
5537 0.1 20 0 0 5337 0.2 0 0 0 0 63.9 56.7 56.7
5537 0.1 20 0 0 5337 0.2 0 0 0 30 64.3 57.1 57.1
5537 0.1 20 0 0 5337 0.2 0 0 0 60 64.6 57.4 57.4
5537 0.1 20 0 0 5337 0.2 0 0 0 90 64.6 57.5 57.5
5537 0.1 20 0 0 5337 0.2 0 0 0 120 64.3 57.1 57.1
5537 0.1 20 0 0 5337 0.2 0 0 0 150 63.3 56.2 56.2
5537 0.1 20 0 0 5337 0.2 0 0 0 180 62.3 55.1 55.1
5537 0.1 20 0 0 5337 0.2 10 0 0 0 63.8 56.2 56.2
5537 0.1 20 0 0 5337 0.2 10 0 0 30 64.3 56.7 56.7
5537 0.1 20 0 0 5337 0.2 10 0 0 60 64.5 56.9 56.9
5537 0.1 20 0 0 5337 0.2 10 0 0 90 64.6 57.0 57.0
5537 0.1 20 0 0 5337 0.2 10 0 0 120 64.3 56.8 56.8
5537 0.1 20 0 0 5337 0.2 10 0 0 150 63.3 56.0 56.0
5537 0.1 20 0 0 5337 0.2 10 0 0 180 62.3 55.0 55.0
5537 0.1 20 0 0 5337 0.2 20 0 0 0 63.7 55.3 55.3
5537 0.1 20 0 0 5337 0.2 20 0 0 30 64.1 55.7 55.7
5537 0.1 20 0 0 5337 0.2 20 0 0 60 64.4 55.9 55.9
5537 0.1 20 0 0 5337 0.2 20 0 0 90 64.4 56.0 56.0
5537 0.1 20 0 0 5337 0.2 20 0 0 120 64.1 55.7 55.7
5537 0.1 20 0 0 5337 0.2 20 0 0 150 63.1 55.0 55.0
5537 0.1 20 0 0 5337 0.2 20 0 0 180 62.1 54.0 54.0
5537 0.1 20 0 0 5337 0.2 30 0 0 0 63.4 52.9 52.9
5537 0.1 20 0 0 5337 0.2 30 0 0 30 63.8 53.1 53.1
5537 0.1 20 0 0 5337 0.2 30 0 0 60 64.1 53.2 53.2
5537 0.1 20 0 0 5337 0.2 30 0 0 90 64.1 53.2 53.2
5537 0.1 20 0 0 5337 0.2 30 0 0 120 63.7 52.9 52.9
5537 0.1 20 0 0 5337 0.2 30 0 0 150 62.7 52.3 52.3
5537 0.1 20 0 0 5337 0.2 30 0 0 180 61.8 51.7 51.7
5537 0.1 20 0 0 5337 0.2 40 0 0 0 63.0 52.8 52.8
5537 0.1 20 0 0 5337 0.2 40 0 0 30 63.4 53.0 53.0
5537 0.1 20 0 0 5337 0.2 40 0 0 60 63.6 53.0 53.0
5537 0.1 20 0 0 5337 0.2 40 0 0 90 63.6 53.0 53.0
5537 0.1 20 0 0 5337 0.2 40 0 0 120 63.2 52.8 52.8
5537 0.1 20 0 0 5337 0.2 40 0 0 150 62.2 52.1 52.1
5537 0.1 20 0 0 5337 0.2 40 0 0 180 61.3 51.3 51.3
5537 0.1 20 0 0 5337 0.2 50 0 0 0 62.3 53.5 53.5
5537 0.1 20 0 0 5337 0.2 50 0 0 30 62.7 53.8 53.8
5537 0.1 20 0 0 5337 0.2 50 0 0 60 62.8 54.0 54.0
5537 0.1 20 0 0 5337 0.2 50 0 0 90 62.8 54.0 54.0
5537 0.1 20 0 0 5337 0.2 50 0 0 120 62.4 53.7 53.7
5537 0.1 20 0 0 5337 0.2 50 0 0 150 61.4 53.0 53.0
5537 0.1 20 0 0 5337 0.2 50 0 0 180 60.6 52.0 52.0
5537 0.1 20 0 0 5337 0.2 60 0 0 0 61.3 54.4 54.4
5537 0.1 20 0 0 5337 0.2 60 0 0 30 61.6 55.0 55.0
5537 0.1 20 0 0 5337 0.2 60 0 0 60 61.7 55.4 55.4
5537 0.1 20 0 0 5337 0.2 60 0 0 90 61.6 55.6 55.6
5537 0.1 20 0 0 5337 0.2 60 0 0 120 61.1 55.4 55.4
5537 0.1 20 0 0 5337 0.2 60 0 0 150 60.2 54.6 54.6
5537 0.1 20 0 0 5337 0.2 60 0 0 180 59.5 53.5 53.5
5537 0.1 20 0 0 5337 0.3 0 0 0 0 63.8 56.4 56.4
5537 0.1 20 0 0 5337 0.3 0 0 0 30 64.1 56.7 56.7
5537 0.1 20 0 0 5337 0.3 0 0 0 60 64.4 57.0 57.0
5537 0.1 20 0 0 5337 0.3 0 0 0 90 64.4 57.1 57.1
5537 0.1 20 0 0 5337 0.3 0 0 0 120 64.2 56.9 56.9
5537 0.1 20 0 0 5337 0.3 0 0 0 150 63.2 56.1 56.1
5537 0.1 20 0 0 5337 0.3 0 0 0 180 62.0 54.6 54.6
5537 0.1 20 0 0 5337 0.3 10 0 0 0 63.7 55.9 55.9
5537 0.1 20 0 0 5337 0.3 10 0 0 30 64.1 56.2 56.2
5537 0.1 20 0 0 5337 0.3 10 0 0 60 64.3 56.5 56.5
5537 0.1 20 0 0 5337 0.3 10 0 0 90 64.4 56.7 56.7
5537 0.1 20 0 0 5337 0.3 10 0 0 120 64.1 56.5 56.5
5537 0.1 20 0 0 5337 0.3 10 0 0 150 63.1 55.8 55.8
5537 0.1 20 0 0 5337 0.3 10 0 0 180 61.9 54.4 54.4
5537 0.1 20 0 0 5337 0.3 20 0 0 0 63.6 55.0 55.0
5537 0.1 20 0 0 5337 0.3 20 0 0 30 63.9 55.3 55.3
5537 0.1 20 0 0 5337 0.3 20 0 0 60 64.1 55.5 55.5
5537 0.1 20 0 0 5337 0.3 20 0 0 90 64.2 55.6 55.6
5537 0.1 20 0 0 5337 0.3 20 0 0 120 63.9 55.4 55.4
5537 0.1 20 0 0 5337 0.3 20 0 0 150 62.9 54.6 54.6
5537 0.1 20 0 0 5337 0.3 20 0 0 180 61.8 53.3 53.3
5537 0.1 20 0 0 5337 0.3 30 0 0 0 63.3 53.0 53.0
5537 0.1 20 0 0 5337 0.3 30 0 0 30 63.6 53.2 53.2
5537 0.1 20 0 0 5337 0.3 30 0 0 60 63.8 53.3 53.3
5537 0.1 20 0 0 5337 0.3 30 0 0 90 63.8 53.3 53.3
5537 0.1 20 0 0 5337 0.3 30 0 0 120 63.6 53.0 53.0
5537 0.1 20 0 0 5337 0.3 30 0 0 150 62.6 52.2 52.2
5537 0.1 20 0 0 5337 0.3 30 0 0 180 61.5 51.1 51.1
5537 0.1 20 0 0 5337 0.3 40 0 0 0 62.8 52.9 52.9
5537 0.1 20 0 0 5337 0.3 40 0 0 30 63.1 53.2 53.2
5537 0.1 20 0 0 5337 0.3 40 0 0 60 63.3 53.3 53.3
5537 0.1 20 0 0 5337 0.3 40 0 0 90 63.3 53.2 53.2
5537 0.1 20 0 0 5337 0.3 40 0 0 120 63.0 53.0 53.0
5537 0.1 20 0 0 5337 0.3 40 0 0 150 62.0 52.2 52.2
5537 0.1 20 0 0 5337 0.3 40 0 0 180 61.0 51.0 51.0
5537 0.1 20 0 0 5337 0.3 50 0 0 0 62.2 53.5 53.5
5537 0.1 20 0 0 5337 0.3 50 0 0 30 62.4 53.7 53.7
5537 0.1 20 0 0 5337 0.3 50 0 0 60 62.5 53.9 53.9
5537 0.1 20 0 0 5337 0.3 50 0 0 90 62.5 53.9 53.9
5537 0.1 20 0 0 5337 0.3 50 0 0 120 62.2 53.7 53.7
5537 0.1 20 0 0 5337 0.3 50 0 0 150 61.1 53.0 53.0
5537 0.1 20 0 0 5337 0.3 50 0 0 180 60.3 51.7 51.7
5537 0.1 20 0 0 5337 0.3 60 0 0 0 61.3 54.1 54.1
5537 0.1 20 0 0 5337 0.3 60 0 0 30 61.5 54.6 54.6
5537 0.1 20 0 0 5337 0.3 60 0 0 60 61.5 55.0 55.0
5537 0.1 20 0 0 5337 0.3 60 0 0 90 61.3 55.3 55.3
5537 0.1 20 0 0 5337 0.3 60 0 0 120 60.8 55.2 55.2
5537 0.1 20 0 0 5337 0.3 60 0 0 150 59.8 54.4 54.4
5537 0.1 20 0 0 5337 0.3 60 0 0 180 59.1 53.0 53.0
5537 0.1 20 0 0 5337 0.4 0 0 0 0 63.7 56.0 56.0
5537 0.1 20 0 0 5337 0.4 0 0 0 30 63.9 56.3 56.3
5537 0.1 20 0 0 5337 0.4 0 0 0 60 64.1 56.5 56.5
5537 0.1 20 0 0 5337 0.4 0 0 0 90 64.2 56.7 56.7
5537 0.1 20 0 0 5337 0.4 0 0 0 120 64.1 56.6 56.6
5537 0.1 20 0 0 5337 0.4 0 0 0 150 63.1 55.9 55.9
5537 0.1 20 0 0 5337 0.4 0 0 0 180 61.7 54.0 54.0
5537 0.1 20 0 0 5337 0.4 10 0 0 0 63.6 55.6 55.6
5537 0.1 20 0 0 5337 0.4 10 0 0 30 63.8 55.9 55.9
5537 0.1 20 0 0 5337 0.4 10 0 0 60 64.0 56.1 56.1
5537 0.1 20 0 0 5337 0.4 10 0 0 90 64.1 56.2 56.2
5537 0.1 20 0 0 5337 0.4 10 0 0 120 64.0 56.2 56.2
5537 0.1 20 0 0 5337 0.4 10 0 0 150 63.0 55.4 55.4
5537 0.1 20 0 0 5337 0.4 10 0 0 180 61.7 53.7 53.7
5537 0.1 20 0 0 5337 0.4 20 0 0 0 63.4 54.7 54.7
5537 0.1 20 0 0 5337 0.4 20 0 0 30 63.7 54.9 54.9
5537 0.1 20 0 0 5337 0.4 20 0 0 60 63.8 55.0 55.0
5537 0.1 20 0 0 5337 0.4 20 0 0 90 63.9 55.1 55.1
5537 0.1 20 0 0 5337 0.4 20 0 0 120 63.8 54.9 54.9
5537 0.1 20 0 0 5337 0.4 20 0 0 150 62.8 54.0 54.0
5537 0.1 20 0 0 5337 0.4 20 0 0 180 61.5 52.4 52.4
5537 0.1 20 0 0 5337 0.4 30 0 0 0 63.1 53.0 53.0
5537 0.1 20 0 0 5337 0.4 30 0 0 30 63.3 53.2 53.2
5537 0.1 20 0 0 5337 0.4 30 0 0 60 63.5 53.4 53.4
5537 0.1 20 0 0 5337 0.4 30 0 0 90 63.5 53.5 53.5
5537 0.1 20 0 0 5337 0.4 30 0 0 120 63.4 53.3 53.3
5537 0.1 20 0 0 5337 0.4 30 0 0 150 62.4 52.4 52.4
5537 0.1 20 0 0 5337 0.4 30 0 0 180 61.2 50.8 50.8
5537 0.1 20 0 0 5337 0.4 40 0 0 0 62.7 53.0 53.0
5537 0.1 20 0 0 5337 0.4 40 0 0 30 62.9 53.2 53.2
5537 0.1 20 0 0 5337 0.4 40 0 0 60 63.0 53.4 53.4
5537 0.1 20 0 0 5337 0.4 40 0 0 90 63.0 53.5 53.5
5537 0.1 20 0 0 5337 0.4 40 0 0 120 62.8 53.4 53.4
5537 0.1 20 0 0 5337 0.4 40 0 0 150 61.7 52.5 52.5
5537 0.1 20 0 0 5337 0.4 40 0 0 180 60.7 50.9 50.9
5537 0.1 20 0 0 5337 0.4 50 0 0 0 62.0 53.7 53.7
5537 0.1 20 0 0 5337 0.4 50 0 0 30 62.2 53.9 53.9
5537 0.1 20 0 0 5337 0.4 50 0 0 60 62.2 54.1 54.1
5537 0.1 20 0 0 5337 0.4 50 0 0 90 62.2 54.1 54.1
5537 0.1 20 0 0 5337 0.4 50 0 0 120 61.9 53.8 53.8
5537 0.1 20 0 0 5337 0.4 50 0 0 150 60.8 53.1 53.1
5537 0.1 20 0 0 5337 0.4 50 0 0 180 60.0 51.4 51.4
5537 0.1 20 0 0 5337 0.4 60 0 0 0 61.1 53.9 53.9
5537 0.1 20 0 0 5337 0.4 60 0 0 30 61.3 54.2 54.2
5537 0.1 20 0 0 5337 0.4 60 0 0 60 61.3 54.6 54.6
5537 0.1 20 0 0 5337 0.4 60 0 0 90 61.1 54.9 54.9
5537 0.1 20 0 0 5337 0.4 60 0 0 120 60.4 55.1 55.1
5537 0.1 20 0 0 5337 0.4 60 0 0 150 59.4 54.3 54.3
5537 0.1 20 0 0 5337 0.4 60 0 0 180 58.8 52.6 52.6
5537 0.1 20 0 0 5337 0.5 0 0 0 0 63.5 55.5 55.5
5537 0.1 20 0 0 5337 0.5 0 0 0 30 63.7 55.7 55.7
5537 0.1 20 0 0 5337 0.5 0 0 0 60 63.8 55.9 55.9
5537 0.1 20 0 0 5337 0.5 0 0 0 90 63.9 56.1 56.1
5537 0.1 20 0 0 5337 0.5 0 0 0 120 63.8 56.2 56.2
5537 0.1 20 0 0 5337 0.5 0 0 0 150 62.9 55.5 55.5
5537 0.1 20 0 0 5337 0.5 0 0 0 180 61.5 53.3 53.3
5537 0.1 20 0 0 5337 0.5 10 0 0 0 63.4 55.3 55.3
5537 0.1 20 0 0 5337 0.5 10 0 0 30 63.6 55.5 55.5
5537 0.1 20 0 0 5337 0.5 10 0 0 60 63.7 55.6 55.6
5537 0.1 20 0 0 5337 0.5 10 0 0 90 63.8 55.7 55.7
5537 0.1 20 0 0 5337 0.5 10 0 0 120 63.7 55.8 55.8
5537 0.1 20 0 0 5337 0.5 10 0 0 150 62.8 55.0 55.0
5537 0.1 20 0 0 5337 0.5 10 0 0 180 61.4 52.8 52.8
5537 0.1 20 0 0 5337 0.5 20 0 0 0 63.2 54.0 54.0
5537 0.1 20 0 0 5337 0.5 20 0 0 30 63.4 54.2 54.2
5537 0.1 20 0 0 5337 0.5 20 0 0 60 63.5 54.3 54.3
5537 0.1 20 0 0 5337 0.5 20 0 0 90 63.6 54.4 54.4
5537 0.1 20 0 0 5337 0.5 20 0 0 120 63.5 54.3 54.3
5537 0.1 20 0 0 5337 0.5 20 0 0 150 62.6 53.5 53.5
5537 0.1 20 0 0 5337 0.5 20 0 0 180 61.3 51.1 51.1
5537 0.1 20 0 0 5337 0.5 30 0 0 0 62.9 53.2 53.2
5537 0.1 20 0 0 5337 0.5 30 0 0 30 63.0 53.4 53.4
5537 0.1 20 0 0 5337 0.5 30 0 0 60 63.1 53.5 53.5
5537 0.1 20 0 0 5337 0.5 30 0 0 90 63.2 53.6 53.6
5537 0.1 20 0 0 5337 0.5 30 0 0 120 63.1 53.6 53.6
5537 0.1 20 0 0 5337 0.5 30 0 0 150 62.2 52.9 52.9
5537 0.1 20 0 0 5337 0.5 30 0 0 180 61.0 50.7 50.7
5537 0.1 20 0 0 5337 0.5 40 0 0 0 62.5 53.3 53.3
5537 0.1 20 0 0 5337 0.5 40 0 0 30 62.5 53.3 53.3
5537 0.1 20 0 0 5337 0.5 40 0 0 60 62.6 53.5 53.5
5537 0.1 20 0 0 5337 0.5 40 0 0 90 62.6 53.6 53.6
5537 0.1 20 0 0 5337 0.5 40 0 0 120 62.4 53.7 53.7
5537 0.1 20 0 0 5337 0.5 40 0 0 150 61.5 53.0 53.0
5537 0.1 20 0 0 5337 0.5 40 0 0 180 60.5 50.8 50.8
5537 0.1 20 0 0 5337 0.5 50 0 0 0 61.8 53.6 53.6
5537 0.1 20 0 0 5337 0.5 50 0 0 30 61.9 53.9 53.9
5537 0.1 20 0 0 5337 0.5 50 0 0 60 61.9 54.2 54.2
5537 0.1 20 0 0 5337 0.5 50 0 0 90 61.8 54.4 54.4
5537 0.1 20 0 0 5337 0.5 50 0 0 120 61.5 54.4 54.4
5537 0.1 20 0 0 5337 0.5 50 0 0 150 60.5 53.5 53.5
5537 0.1 20 0 0 5337 0.5 50 0 0 180 59.8 51.2 51.2
5537 0.1 20 0 0 5337 0.5 60 0 0 0 60.9 53.8 53.8
5537 0.1 20 0 0 5337 0.5 60 0 0 30 61.0 54.1 54.1
5537 0.1 20 0 0 5337 0.5 60 0 0 60 61.0 54.4 54.4
5537 0.1 20 0 0 5337 0.5 60 0 0 90 60.9 54.8 54.8
5537 0.1 20 0 0 5337 0.5 60 0 0 120 60.3 55.0 55.0
5537 0.1 20 0 0 5337 0.5 60 0 0 150 58.9 54.4 54.4
5537 0.1 20 0 0 5337 0.5 60 0 0 180 58.3 52.2 52.2
5537 0.1 20 0 0 5537 0.0 0 0 0 0 42.4 39.0 39.0
5537 0.1 20 0 0 5537 0.0 0 0 0 30 50.1 44.6 44.6
5537 0.1 20 0 0 5537 0.0 0 0 0 60 58.3 52.8 52.8
5537 0.1 20 0 0 5537 0.0 0 0 0 90 66.6 61.2 61.2
5537 0.1 20 0 0 5537 0.0 0 0 0 120 74.9 67.9 67.9
5537 0.1 20 0 0 5537 0.0 0 0 0 150 79.3 69.0 69.0
5537 0.1 20 0 0 5537 0.0 0 0 0 180 79.3 69.0 69.0
5537 0.1 20 0 0 5537 0.0 10 0 0 0 42.3 37.7 37.7
5537 0.1 20 0 0 5537 0.0 10 0 0 30 49.9 44.2 44.2
5537 0.1 20 0 0 5537 0.0 10 0 0 60 58.2 52.6 52.6
5537 0.1 20 0 0 5537 0.0 10 0 0 90 66.5 61.0 61.0
5537 0.1 20 0 0 5537 0.0 10 0 0 120 74.7 67.5 67.5
5537 0.1 20 0 0 5537 0.0 10 0 0 150 79.2 68.8 68.8
5537 0.1 20 0 0 5537 0.0 10 0 0 180 79.2 68.7 68.7
5537 0.1 20 0 0 5537 0.0 20 0 0 0 42.2 36.5 36.5
5537 0.1 20 0 0 5537 0.0 20 0 0 30 49.7 43.6 43.6
5537 0.1 20 0 0 5537 0.0 20 0 0 60 58.0 52.0 52.0
5537 0.1 20 0 0 5537 0.0 20 0 0 90 66.3 59.9 59.9
5537 0.1 20 0 0 5537 0.0 20 0 0 120 74.5 65.9 65.9
5537 0.1 20 0 0 5537 0.0 20 0 0 150 79.0 67.8 67.8
5537 0.1 20 0 0 5537 0.0 20 0 0 180 78.9 67.7 67.7
5537 0.1 20 0 0 5537 0.0 30 0 0 0 42.0 36.5 36.5
5537 0.1 20 0 0 5537 0.0 30 0 0 30 49.4 42.3 42.3
5537 0.1 20 0 0 5537 0.0 30 0 0 60 57.7 49.5 49.5
5537 0.1 20 0 0 5537 0.0 30 0 0 90 65.9 56.3 56.3
5537 0.1 20 0 0 5537 0.0 30 0 0 120 74.2 62.0 62.0
5537 0.1 20 0 0 5537 0.0 30 0 0 150 78.5 64.7 64.7
5537 0.1 20 0 0 5537 0.0 30 0 0 180 78.5 64.6 64.6
5537 0.1 20 0 0 5537 0.0 40 0 0 0 41.8 37.4 37.4
5537 0.1 20 0 0 5537 0.0 40 0 0 30 48.9 42.5 42.5
5537 0.1 20 0 0 5537 0.0 40 0 0 60 57.2 48.8 48.8
5537 0.1 20 0 0 5537 0.0 40 0 0 90 65.5 55.2 55.2
5537 0.1 20 0 0 5537 0.0 40 0 0 120 73.7 60.7 60.7
5537 0.1 20 0 0 5537 0.0 40 0 0 150 77.8 64.0 64.0
5537 0.1 20 0 0 5537 0.0 40 0 0 180 77.8 64.2 64.2
5537 0.1 20 0 0 5537 0.0 50 0 0 0 41.8 39.2 39.2
5537 0.1 20 0 0 5537 0.0 50 0 0 30 48.3 43.1 43.1
5537 0.1 20 0 0 5537 0.0 50 0 0 60 56.5 49.1 49.1
5537 0.1 20 0 0 5537 0.0 50 0 0 90 64.8 55.1 55.1
5537 0.1 20 0 0 5537 0.0 50 0 0 120 73.0 60.5 60.5
5537 0.1 20 0 0 5537 0.0 50 0 0 150 76.7 64.2 64.2
5537 0.1 20 0 0 5537 0.0 50 0 0 180 76.8 65.0 65.0
5537 0.1 20 0 0 5537 0.0 60 0 0 0 42.1 41.8 41.8
5537 0.1 20 0 0 5537 0.0 60 0 0 30 47.3 45.1 45.1
5537 0.1 20 0 0 5537 0.0 60 0 0 60 55.6 50.1 50.1
5537 0.1 20 0 0 5537 0.0 60 0 0 90 63.8 55.8 55.8
5537 0.1 20 0 0 5537 0.0 60 0 0 120 71.4 61.2 61.2
5537 0.1 20 0 0 5537 0.0 60 0 0 150 74.9 65.0 65.0
5537 0.1 20 0 0 5537 0.0 60 0 0 180 75.2 66.8 66.8
5537 0.1 20 0 0 5537 0.1 0 0 0 0 41.8 38.8 38.8
5537 0.1 20 0 0 5537 0.1 0 0 0 30 48.6 42.9 42.9
5537 0.1 20 0 0 5537 0.1 0 0 0 60 55.7 50.1 50.1
5537 0.1 20 0 0 5537 0.1 0 0 0 90 63.4 57.9 57.9
5537 0.1 20 0 0 5537 0.1 0 0 0 120 72.0 65.9 65.9
5537 0.1 20 0 0 5537 0.1 0 0 0 150 78.0 68.9 68.9
5537 0.1 20 0 0 5537 0.1 0 0 0 180 79.3 68.8 68.8
5537 0.1 20 0 0 5537 0.1 10 0 0 0 41.6 36.8 36.8
5537 0.1 20 0 0 5537 0.1 10 0 0 30 48.5 42.6 42.6
5537 0.1 20 0 0 5537 0.1 10 0 0 60 55.6 49.9 49.9
5537 0.1 20 0 0 5537 0.1 10 0 0 90 63.3 57.7 57.7
5537 0.1 20 0 0 5537 0.1 10 0 0 120 71.9 65.1 65.1
5537 0.1 20 0 0 5537 0.1 10 0 0 150 78.0 68.6 68.6
5537 0.1 20 0 0 5537 0.1 10 0 0 180 79.2 68.6 68.6
5537 0.1 20 0 0 5537 0.1 20 0 0 0 41.4 35.1 35.1
5537 0.1 20 0 0 5537 0.1 20 0 0 30 48.2 42.0 42.0
5537 0.1 20 0 0 5537 0.1 20 0 0 60 55.4 49.2 49.2
5537 0.1 20 0 0 5537 0.1 20 0 0 90 63.1 56.8 56.8
5537 0.1 20 0 0 5537 0.1 20 0 0 120 71.7 63.3 63.3
5537 0.1 20 0 0 5537 0.1 20 0 0 150 77.8 67.4 67.4
5537 0.1 20 0 0 5537 0.1 20 0 0 180 79.0 67.5 67.5
5537 0.1 20 0 0 5537 0.1 30 0 0 0 41.1 35.4 35.4
5537 0.1 20 0 0 5537 0.1 30 0 0 30 47.9 40.5 40.5
5537 0.1 20 0 0 5537 0.1 30 0 0 60 55.0 46.8 46.8
5537 0.1 20 0 0 5537 0.1 30 0 0 90 62.8 53.2 53.2
5537 0.1 20 0 0 5537 0.1 30 0 0 120 71.4 59.4 59.4
5537 0.1 20 0 0 5537 0.1 30 0 0 150 77.4 63.8 63.8
5537 0.1 20 0 0 5537 0.1 30 0 0 180 78.5 64.4 64.4
5537 0.1 20 0 0 5537 0.1 40 0 0 0 40.9 37.0 37.0
5537 0.1 20 0 0 5537 0.1 40 0 0 30 47.4 40.5 40.5
5537 0.1 20 0 0 5537 0.1 40 0 0 60 54.6 46.0 46.0
5537 0.1 20 0 0 5537 0.1 40 0 0 90 62.3 52.0 52.0
5537 0.1 20 0 0 5537 0.1 40 0 0 120 70.9 57.9 57.9
5537 0.1 20 0 0 5537 0.1 40 0 0 150 76.7 62.5 62.5
5537 0.1 20 0 0 5537 0.1 40 0 0 180 77.9 64.0 64.0
5537 0.1 20 0 0 5537 0.1 50 0 0 0 41.1 38.8 38.8
5537 0.1 20 0 0 5537 0.1 50 0 0 30 46.8 41.6 41.6
5537 0.1 20 0 0 5537 0.1 50 0 0 60 53.9 46.3 46.3
5537 0.1 20 0 0 5537 0.1 50 0 0 90 61.7 52.0 52.0
5537 0.1 20 0 0 5537 0.1 50 0 0 120 70.2 57.8 57.8
5537 0.1 20 0 0 5537 0.1 50 0 0 150 75.7 62.6 62.6
5537 0.1 20 0 0 5537 0.1 50 0 0 180 76.8 64.9 64.9
5537 0.1 20 0 0 5537 0.1 60 0 0 0 41.6 41.3 41.3
5537 0.1 20 0 0 5537 0.1 60 0 0 30 46.0 43.7 43.7
5537 0.1 20 0 0 5537 0.1 60 0 0 60 53.0 47.6 47.6
5537 0.1 20 0 0 5537 0.1 60 0 0 90 60.7 52.6 52.6
5537 0.1 20 0 0 5537 0.1 60 0 0 120 69.1 58.3 58.3
5537 0.1 20 0 0 5537 0.1 60 0 0 150 73.9 63.2 63.2
5537 0.1 20 0 0 5537 0.1 60 0 0 180 75.2 66.1 66.1
5537 0.1 20 0 0 5537 0.2 0 0 0 0 42.5 38.7 38.7
5537 0.1 20 0 0 5537 0.2 0 0 0 30 47.3 41.7 41.7
5537 0.1 20 0 0 5537 0.2 0 0 0 60 53.3 47.5 47.5
5537 0.1 20 0 0 5537 0.2 0 0 0 90 60.3 54.7 54.7
5537 0.1 20 0 0 5537 0.2 0 0 0 120 69.0 63.2 63.2
5537 0.1 20 0 0 5537 0.2 0 0 0 150 76.2 68.5 68.5
5537 0.1 20 0 0 5537 0.2 0 0 0 180 79.3 68.3 68.3
5537 0.1 20 0 0 5537 0.2 10 0 0 0 42.4 36.9 36.9
5537 0.1 20 0 0 5537 0.2 10 0 0 30 47.2 41.2 41.2
5537 0.1 20 0 0 5537 0.2 10 0 0 60 53.2 47.3 47.3
5537 0.1 20 0 0 5537 0.2 10 0 0 90 60.2 54.5 54.5
5537 0.1 20 0 0 5537 0.2 10 0 0 120 68.9 62.3 62.3
5537 0.1 20 0 0 5537 0.2 10 0 0 150 76.2 67.7 67.7
5537 0.1 20 0 0 5537 0.2 10 0 0 180 79.2 68.3 68.3
5537 0.1 20 0 0 5537 0.2 20 0 0 0 42.3 35.8 35.8
5537 0.1 20 0 0 5537 0.2 20 0 0 30 47.0 40.6 40.6
5537 0.1 20 0 0 5537 0.2 20 0 0 60 53.0 46.7 46.7
5537 0.1 20 0 0 5537 0.2 20 0 0 90 60.0 53.6 53.6
5537 0.1 20 0 0 5537 0.2 20 0 0 120 68.7 60.4 60.4
5537 0.1 20 0 0 5537 0.2 20 0 0 150 76.0 65.9 65.9
5537 0.1 20 0 0 5537 0.2 20 0 0 180 78.9 67.3 67.3
5537 0.1 20 0 0 5537 0.2 30 0 0 0 42.1 35.4 35.4
5537 0.1 20 0 0 5537 0.2 30 0 0 30 46.6 38.9 38.9
5537 0.1 20 0 0 5537 0.2 30 0 0 60 52.6 44.2 44.2
5537 0.1 20 0 0 5537 0.2 30 0 0 90 59.7 50.1 50.1
5537 0.1 20 0 0 5537 0.2 30 0 0 120 68.3 56.5 56.5
5537 0.1 20 0 0 5537 0.2 30 0 0 150 75.6 62.2 62.2
5537 0.1 20 0 0 5537 0.2 30 0 0 180 78.5 64.3 64.3
5537 0.1 20 0 0 5537 0.2 40 0 0 0 42.1 36.8 36.8
5537 0.1 20 0 0 5537 0.2 40 0 0 30 46.2 39.2 39.2
5537 0.1 20 0 0 5537 0.2 40 0 0 60 52.1 43.5 43.5
5537 0.1 20 0 0 5537 0.2 40 0 0 90 59.2 49.0 49.0
5537 0.1 20 0 0 5537 0.2 40 0 0 120 67.9 55.1 55.1
5537 0.1 20 0 0 5537 0.2 40 0 0 150 75.0 60.9 60.9
5537 0.1 20 0 0 5537 0.2 40 0 0 180 77.8 64.0 64.0
5537 0.1 20 0 0 5537 0.2 50 0 0 0 42.1 38.7 38.7
5537 0.1 20 0 0 5537 0.2 50 0 0 30 45.7 40.6 40.6
5537 0.1 20 0 0 5537 0.2 50 0 0 60 51.5 43.9 43.9
5537 0.1 20 0 0 5537 0.2 50 0 0 90 58.6 48.8 48.8
5537 0.1 20 0 0 5537 0.2 50 0 0 120 67.2 54.8 54.8
5537 0.1 20 0 0 5537 0.2 50 0 0 150 74.1 60.6 60.6
5537 0.1 20 0 0 5537 0.2 50 0 0 180 76.6 64.4 64.4
5537 0.1 20 0 0 5537 0.2 60 0 0 0 42.4 41.0 41.0
5537 0.1 20 0 0 5537 0.2 60 0 0 30 45.5 42.7 42.7
5537 0.1 20 0 0 5537 0.2 60 0 0 60 50.6 45.6 45.6
5537 0.1 20 0 0 5537 0.2 60 0 0 90 57.6 49.8 49.8
5537 0.1 20 0 0 5537 0.2 60 0 0 120 66.2 55.2 55.2
5537 0.1 20 0 0 5537 0.2 60 0 0 150 72.4 61.1 61.1
5537 0.1 20 0 0 5537 0.2 60 0 0 180 74.9 65.2 65.2
5537 0.1 20 0 0 5537 0.3 0 0 0 0 44.3 39.1 39.1
5537 0.1 20 0 0 5537 0.3 0 0 0 30 46.3 41.6 41.6
5537 0.1 20 0 0 5537 0.3 0 0 0 60 51.1 45.3 45.3
5537 0.1 20 0 0 5537 0.3 0 0 0 90 57.3 51.5 51.5
5537 0.1 20 0 0 5537 0.3 0 0 0 120 65.8 59.9 59.9
5537 0.1 20 0 0 5537 0.3 0 0 0 150 74.0 67.0 67.0
5537 0.1 20 0 0 5537 0.3 0 0 0 180 78.5 67.4 67.4
5537 0.1 20 0 0 5537 0.3 10 0 0 0 44.3 38.2 38.2
5537 0.1 20 0 0 5537 0.3 10 0 0 30 46.2 40.7 40.7
5537 0.1 20 0 0 5537 0.3 10 0 0 60 51.0 45.0 45.0
5537 0.1 20 0 0 5537 0.3 10 0 0 90 57.2 51.3 51.3
5537 0.1 20 0 0 5537 0.3 10 0 0 120 65.7 59.0 59.0
5537 0.1 20 0 0 5537 0.3 10 0 0 150 74.0 65.8 65.8
5537 0.1 20 0 0 5537 0.3 10 0 0 180 78.4 67.8 67.8
5537 0.1 20 0 0 5537 0.3 20 0 0 0 44.2 37.6 37.6
5537 0.1 20 0 0 5537 0.3 20 0 0 30 46.0 39.5 39.5
5537 0.1 20 0 0 5537 0.3 20 0 0 60 50.7 44.3 44.3
5537 0.1 20 0 0 5537 0.3 20 0 0 90 57.0 50.3 50.3
5537 0.1 20 0 0 5537 0.3 20 0 0 120 65.4 57.1 57.1
5537 0.1 20 0 0 5537 0.3 20 0 0 150 73.8 63.9 63.9
5537 0.1 20 0 0 5537 0.3 20 0 0 180 78.2 67.0 67.0
5537 0.1 20 0 0 5537 0.3 30 0 0 0 44.2 36.8 36.8
5537 0.1 20 0 0 5537 0.3 30 0 0 30 45.9 38.1 38.1
5537 0.1 20 0 0 5537 0.3 30 0 0 60 50.4 41.9 41.9
5537 0.1 20 0 0 5537 0.3 30 0 0 90 56.6 47.1 47.1
5537 0.1 20 0 0 5537 0.3 30 0 0 120 65.1 53.4 53.4
5537 0.1 20 0 0 5537 0.3 30 0 0 150 73.5 60.2 60.2
5537 0.1 20 0 0 5537 0.3 30 0 0 180 77.7 64.3 64.3
5537 0.1 20 0 0 5537 0.3 40 0 0 0 44.1 37.4 37.4
5537 0.1 20 0 0 5537 0.3 40 0 0 30 45.8 38.7 38.7
5537 0.1 20 0 0 5537 0.3 40 0 0 60 49.9 41.5 41.5
5537 0.1 20 0 0 5537 0.3 40 0 0 90 56.2 46.1 46.1
5537 0.1 20 0 0 5537 0.3 40 0 0 120 64.6 52.2 52.2
5537 0.1 20 0 0 5537 0.3 40 0 0 150 72.9 59.0 59.0
5537 0.1 20 0 0 5537 0.3 40 0 0 180 76.9 63.8 63.8
5537 0.1 20 0 0 5537 0.3 50 0 0 0 44.1 38.9 38.9
5537 0.1 20 0 0 5537 0.3 50 0 0 30 45.8 40.0 40.0
5537 0.1 20 0 0 5537 0.3 50 0 0 60 49.5 42.3 42.3
5537 0.1 20 0 0 5537 0.3 50 0 0 90 55.5 46.1 46.1
5537 0.1 20 0 0 5537 0.3 50 0 0 120 64.0 51.8 51.8
5537 0.1 20 0 0 5537 0.3 50 0 0 150 72.0 58.6 58.6
5537 0.1 20 0 0 5537 0.3 50 0 0 180 75.7 63.7 63.7
5537 0.1 20 0 0 5537 0.3 60 0 0 0 44.2 40.9 40.9
5537 0.1 20 0 0 5537 0.3 60 0 0 30 45.8 41.9 41.9
5537 0.1 20 0 0 5537 0.3 60 0 0 60 49.2 44.0 44.0
5537 0.1 20 0 0 5537 0.3 60 0 0 90 54.6 47.3 47.3
5537 0.1 20 0 0 5537 0.3 60 0 0 120 62.9 52.2 52.2
5537 0.1 20 0 0 5537 0.3 60 0 0 150 70.5 58.8 58.8
5537 0.1 20 0 0 5537 0.3 60 0 0 180 73.8 64.3 64.3
5537 0.1 20 0 0 5537 0.4 0 0 0 0 46.4 40.4 40.4
5537 0.1 20 0 0 5537 0.4 0 0 0 30 47.2 42.0 42.0
5537 0.1 20 0 0 5537 0.4 0 0 0 60 49.2 44.5 44.5
5537 0.1 20 0 0 5537 0.4 0 0 0 90 54.4 48.6 48.6
5537 0.1 20 0 0 5537 0.4 0 0 0 120 62.4 56.4 56.4
5537 0.1 20 0 0 5537 0.4 0 0 0 150 71.6 64.6 64.6
5537 0.1 20 0 0 5537 0.4 0 0 0 180 77.1 66.2 66.2
5537 0.1 20 0 0 5537 0.4 10 0 0 0 46.4 40.1 40.1
5537 0.1 20 0 0 5537 0.4 10 0 0 30 47.1 41.1 41.1
5537 0.1 20 0 0 5537 0.4 10 0 0 60 49.1 43.6 43.6
5537 0.1 20 0 0 5537 0.4 10 0 0 90 54.3 48.2 48.2
5537 0.1 20 0 0 5537 0.4 10 0 0 120 62.3 55.5 55.5
5537 0.1 20 0 0 5537 0.4 10 0 0 150 71.6 63.4 63.4
5537 0.1 20 0 0 5537 0.4 10 0 0 180 77.0 66.8 66.8
5537 0.1 20 0 0 5537 0.4 20 0 0 0 46.3 39.5 39.5
5537 0.1 20 0 0 5537 0.4 20 0 0 30 47.1 40.3 40.3
5537 0.1 20 0 0 5537 0.4 20 0 0 60 49.0 42.4 42.4
5537 0.1 20 0 0 5537 0.4 20 0 0 90 54.0 47.0 47.0
5537 0.1 20 0 0 5537 0.4 20 0 0 120 62.0 53.5 53.5
5537 0.1 20 0 0 5537 0.4 20 0 0 150 71.4 61.3 61.3
5537 0.1 20 0 0 5537 0.4 20 0 0 180 76.7 66.2 66.2
5537 0.1 20 0 0 5537 0.4 30 0 0 0 46.3 38.7 38.7
5537 0.1 20 0 0 5537 0.4 30 0 0 30 47.1 39.0 39.0
5537 0.1 20 0 0 5537 0.4 30 0 0 60 48.9 40.4 40.4
5537 0.1 20 0 0 5537 0.4 30 0 0 90 53.7 44.3 44.3
5537 0.1 20 0 0 5537 0.4 30 0 0 120 61.7 50.5 50.5
5537 0.1 20 0 0 5537 0.4 30 0 0 150 71.0 58.2 58.2
5537 0.1 20 0 0 5537 0.4 30 0 0 180 76.2 64.1 64.1
5537 0.1 20 0 0 5537 0.4 40 0 0 0 46.3 38.9 38.9
5537 0.1 20 0 0 5537 0.4 40 0 0 30 47.1 39.0 39.0
5537 0.1 20 0 0 5537 0.4 40 0 0 60 48.8 40.5 40.5
5537 0.1 20 0 0 5537 0.4 40 0 0 90 53.2 43.6 43.6
5537 0.1 20 0 0 5537 0.4 40 0 0 120 61.2 49.2 49.2
5537 0.1 20 0 0 5537 0.4 40 0 0 150 70.4 56.9 56.9
5537 0.1 20 0 0 5537 0.4 40 0 0 180 75.4 63.4 63.4
5537 0.1 20 0 0 5537 0.4 50 0 0 0 46.3 39.7 39.7
5537 0.1 20 0 0 5537 0.4 50 0 0 30 47.1 39.9 39.9
5537 0.1 20 0 0 5537 0.4 50 0 0 60 48.8 41.3 41.3
5537 0.1 20 0 0 5537 0.4 50 0 0 90 52.8 44.1 44.1
5537 0.1 20 0 0 5537 0.4 50 0 0 120 60.6 48.9 48.9
5537 0.1 20 0 0 5537 0.4 50 0 0 150 69.5 56.5 56.5
5537 0.1 20 0 0 5537 0.4 50 0 0 180 74.2 63.3 63.3
5537 0.1 20 0 0 5537 0.4 60 0 0 0 46.4 41.3 41.3
5537 0.1 20 0 0 5537 0.4 60 0 0 30 47.2 41.5 41.5
5537 0.1 20 0 0 5537 0.4 60 0 0 60 48.9 42.8 42.8
5537 0.1 20 0 0 5537 0.4 60 0 0 90 52.5 45.3 45.3
5537 0.1 20 0 0 5537 0.4 60 0 0 120 59.5 49.6 49.6
5537 0.1 20 0 0 5537 0.4 60 0 0 150 68.0 56.4 56.4
5537 0.1 20 0 0 5537 0.4 60 0 0 180 72.2 63.4 63.4
5537 0.1 20 0 0 5537 0.5 0 0 0 0 48.5 42.2 42.2
5537 0.1 20 0 0 5537 0.5 0 0 0 30 48.9 42.9 42.9
5537 0.1 20 0 0 5537 0.5 0 0 0 60 49.7 44.3 44.3
5537 0.1 20 0 0 5537 0.5 0 0 0 90 51.9 47.1 47.1
5537 0.1 20 0 0 5537 0.5 0 0 0 120 58.8 52.6 52.6
5537 0.1 20 0 0 5537 0.5 0 0 0 150 68.8 61.7 61.7
5537 0.1 20 0 0 5537 0.5 0 0 0 180 75.4 64.9 64.9
5537 0.1 20 0 0 5537 0.5 10 0 0 0 48.5 42.1 42.1
5537 0.1 20 0 0 5537 0.5 10 0 0 30 48.9 42.5 42.5
5537 0.1 20 0 0 5537 0.5 10 0 0 60 49.7 43.6 43.6
5537 0.1 20 0 0 5537 0.5 10 0 0 90 51.9 46.2 46.2
5537 0.1 20 0 0 5537 0.5 10 0 0 120 58.7 51.6 51.6
5537 0.1 20 0 0 5537 0.5 10 0 0 150 68.7 60.4 60.4
5537 0.1 20 0 0 5537 0.5 10 0 0 180 75.3 65.4 65.4
5537 0.1 20 0 0 5537 0.5 20 0 0 0 48.5 41.5 41.5
5537 0.1 20 0 0 5537 0.5 20 0 0 30 48.9 41.8 41.8
5537 0.1 20 0 0 5537 0.5 20 0 0 60 49.7 42.4 42.4
5537 0.1 20 0 0 5537 0.5 20 0 0 90 51.8 43.9 43.9
5537 0.1 20 0 0 5537 0.5 20 0 0 120 58.5 49.2 49.2
5537 0.1 20 0 0 5537 0.5 20 0 0 150 68.5 57.9 57.9
5537 0.1 20 0 0 5537 0.5 20 0 0 180 75.0 64.3 64.3
5537 0.1 20 0 0 5537 0.5 30 0 0 0 48.5 40.8 40.8
5537 0.1 20 0 0 5537 0.5 30 0 0 30 48.9 40.9 40.9
5537 0.1 20 0 0 5537 0.5 30 0 0 60 49.7 41.3 41.3
5537 0.1 20 0 0 5537 0.5 30 0 0 90 51.7 42.5 42.5
5537 0.1 20 0 0 5537 0.5 30 0 0 120 58.1 47.4 47.4
5537 0.1 20 0 0 5537 0.5 30 0 0 150 68.1 56.0 56.0
5537 0.1 20 0 0 5537 0.5 30 0 0 180 74.4 63.3 63.3
5537 0.1 20 0 0 5537 0.5 40 0 0 0 48.6 40.8 40.8
5537 0.1 20 0 0 5537 0.5 40 0 0 30 48.9 40.7 40.7
5537 0.1 20 0 0 5537 0.5 40 0 0 60 49.7 41.0 41.0
5537 0.1 20 0 0 5537 0.5 40 0 0 90 51.7 42.2 42.2
5537 0.1 20 0 0 5537 0.5 40 0 0 120 57.6 46.4 46.4
5537 0.1 20 0 0 5537 0.5 40 0 0 150 67.5 54.9 54.9
5537 0.1 20 0 0 5537 0.5 40 0 0 180 73.6 63.0 63.0
5537 0.1 20 0 0 5537 0.5 50 0 0 0 48.6 41.1 41.1
5537 0.1 20 0 0 5537 0.5 50 0 0 30 49.0 40.9 40.9
5537 0.1 20 0 0 5537 0.5 50 0 0 60 49.8 41.2 41.2
5537 0.1 20 0 0 5537 0.5 50 0 0 90 51.7 42.6 42.6
5537 0.1 20 0 0 5537 0.5 50 0 0 120 57.1 46.5 46.5
5537 0.1 20 0 0 5537 0.5 50 0 0 150 66.6 54.2 54.2
5537 0.1 20 0 0 5537 0.5 50 0 0 180 72.4 62.8 62.8
5537 0.1 20 0 0 5537 0.5 60 0 0 0 48.7 42.2 42.2
5537 0.1 20 0 0 5537 0.5 60 0 0 30 49.1 42.1 42.1
5537 0.1 20 0 0 5537 0.5 60 0 0 60 49.9 42.4 42.4
5537 0.1 20 0 0 5537 0.5 60 0 0 90 51.8 43.6 43.6
5537 0.1 20 0 0 5537 0.5 60 0 0 120 56.6 47.2 47.2
5537 0.1 20 0 0 5537 0.5 60 0 0 150 64.9 54.0 54.0
5537 0.1 20 0 0 5537 0.5 60 0 0 180 70.0 62.6 62.6
