4737 0 30 0 0 4737 0 0 0 0 0 47 41 41
4737 0 30 0 0 4737 0 0 0 0 30 49 45 45
4737 0 30 0 0 4737 0 0 0 0 60 56 51 51
4737 0 30 0 0 4737 0 0 0 0 90 64 57 57
4737 0 30 0 0 4737 0 0 0 0 120 69 61 61
4737 0 30 0 0 4737 0 0 0 0 150 73 61 61
4737 0 30 0 0 4737 0 0 0 0 180 75 60 60
4737 0 30 0 0 4737 0 10 0 0 0 46 41 41
4737 0 30 0 0 4737 0 10 0 0 30 49 44 44
4737 0 30 0 0 4737 0 10 0 0 60 56 50 50
4737 0 30 0 0 4737 0 10 0 0 90 64 56 56
4737 0 30 0 0 4737 0 10 0 0 120 69 59 59
4737 0 30 0 0 4737 0 10 0 0 150 73 61 61
4737 0 30 0 0 4737 0 10 0 0 180 75 61 61
4737 0 30 0 0 4737 0 20 0 0 0 46 39 39
4737 0 30 0 0 4737 0 20 0 0 30 49 42 42
4737 0 30 0 0 4737 0 20 0 0 60 56 48 48
4737 0 30 0 0 4737 0 20 0 0 90 63 53 53
4737 0 30 0 0 4737 0 20 0 0 120 69 57 57
4737 0 30 0 0 4737 0 20 0 0 150 73 59 59
4737 0 30 0 0 4737 0 20 0 0 180 74 60 60
4737 0 30 0 0 4737 0 30 0 0 0 46 38 38
4737 0 30 0 0 4737 0 30 0 0 30 48 40 40
4737 0 30 0 0 4737 0 30 0 0 60 55 44 44
4737 0 30 0 0 4737 0 30 0 0 90 63 50 50
4737 0 30 0 0 4737 0 30 0 0 120 69 53 53
4737 0 30 0 0 4737 0 30 0 0 150 72 56 56
4737 0 30 0 0 4737 0 30 0 0 180 74 57 57
4737 0 30 0 0 4737 0 40 0 0 0 46 37 37
4737 0 30 0 0 4737 0 40 0 0 30 48 40 40
4737 0 30 0 0 4737 0 40 0 0 60 55 44 44
4737 0 30 0 0 4737 0 40 0 0 90 63 49 49
4737 0 30 0 0 4737 0 40 0 0 120 68 53 53
4737 0 30 0 0 4737 0 40 0 0 150 71 55 55
4737 0 30 0 0 4737 0 40 0 0 180 73 57 57
4737 0 30 0 0 4737 0 50 0 0 0 45 38 38
4737 0 30 0 0 4737 0 50 0 0 30 47 40 40
4737 0 30 0 0 4737 0 50 0 0 60 54 44 44
4737 0 30 0 0 4737 0 50 0 0 90 62 49 49
4737 0 30 0 0 4737 0 50 0 0 120 67 53 53
4737 0 30 0 0 4737 0 50 0 0 150 70 56 56
4737 0 30 0 0 4737 0 50 0 0 180 72 58 58
4737 0 30 0 0 4737 0 60 0 0 0 44 39 39
4737 0 30 0 0 4737 0 60 0 0 30 46 41 41
4737 0 30 0 0 4737 0 60 0 0 60 53 45 45
4737 0 30 0 0 4737 0 60 0 0 90 60 49 49
4737 0 30 0 0 4737 0 60 0 0 120 65 53 53
4737 0 30 0 0 4737 0 60 0 0 150 68 56 56
4737 0 30 0 0 4737 0 60 0 0 180 70 59 59
4737 0 30 0 0 4737 0 0 0 0 0 44 39 39
4737 0 30 0 0 4737 0 0 0 0 30 47 43 43
4737 0 30 0 0 4737 0 0 0 0 60 54 48 48
4737 0 30 0 0 4737 0 0 0 0 90 61 54 54
4737 0 30 0 0 4737 0 0 0 0 120 67 59 59
4737 0 30 0 0 4737 0 0 0 0 150 71 61 61
4737 0 30 0 0 4737 0 0 0 0 180 74 59 59
4737 0 30 0 0 4737 0 10 0 0 0 44 39 39
4737 0 30 0 0 4737 0 10 0 0 30 47 42 42
4737 0 30 0 0 4737 0 10 0 0 60 53 47 47
4737 0 30 0 0 4737 0 10 0 0 90 61 53 53
4737 0 30 0 0 4737 0 10 0 0 120 67 57 57
4737 0 30 0 0 4737 0 10 0 0 150 71 60 60
4737 0 30 0 0 4737 0 10 0 0 180 73 60 60
4737 0 30 0 0 4737 0 20 0 0 0 44 37 37
4737 0 30 0 0 4737 0 20 0 0 30 47 40 40
4737 0 30 0 0 4737 0 20 0 0 60 53 45 45
4737 0 30 0 0 4737 0 20 0 0 90 61 51 51
4737 0 30 0 0 4737 0 20 0 0 120 66 55 55
4737 0 30 0 0 4737 0 20 0 0 150 71 58 58
4737 0 30 0 0 4737 0 20 0 0 180 73 59 59
4737 0 30 0 0 4737 0 30 0 0 0 44 35 35
4737 0 30 0 0 4737 0 30 0 0 30 46 37 37
4737 0 30 0 0 4737 0 30 0 0 60 53 42 42
4737 0 30 0 0 4737 0 30 0 0 90 60 47 47
4737 0 30 0 0 4737 0 30 0 0 120 66 51 51
4737 0 30 0 0 4737 0 30 0 0 150 71 55 55
4737 0 30 0 0 4737 0 30 0 0 180 73 56 56
4737 0 30 0 0 4737 0 40 0 0 0 43 35 35
4737 0 30 0 0 4737 0 40 0 0 30 46 37 37
4737 0 30 0 0 4737 0 40 0 0 60 52 41 41
4737 0 30 0 0 4737 0 40 0 0 90 60 46 46
4737 0 30 0 0 4737 0 40 0 0 120 66 50 50
4737 0 30 0 0 4737 0 40 0 0 150 70 54 54
4737 0 30 0 0 4737 0 40 0 0 180 72 56 56
4737 0 30 0 0 4737 0 50 0 0 0 43 36 36
4737 0 30 0 0 4737 0 50 0 0 30 45 38 38
4737 0 30 0 0 4737 0 50 0 0 60 51 42 42
4737 0 30 0 0 4737 0 50 0 0 90 59 46 46
4737 0 30 0 0 4737 0 50 0 0 120 65 50 50
4737 0 30 0 0 4737 0 50 0 0 150 69 54 54
4737 0 30 0 0 4737 0 50 0 0 180 71 57 57
4737 0 30 0 0 4737 0 60 0 0 0 42 37 37
4737 0 30 0 0 4737 0 60 0 0 30 44 39 39
4737 0 30 0 0 4737 0 60 0 0 60 50 42 42
4737 0 30 0 0 4737 0 60 0 0 90 58 46 46
4737 0 30 0 0 4737 0 60 0 0 120 63 51 51
4737 0 30 0 0 4737 0 60 0 0 150 67 55 55
4737 0 30 0 0 4737 0 60 0 0 180 68 58 58
4737 0 30 0 0 4737 0 0 0 0 0 42 38 38
4737 0 30 0 0 4737 0 0 0 0 30 45 41 41
4737 0 30 0 0 4737 0 0 0 0 60 51 45 45
4737 0 30 0 0 4737 0 0 0 0 90 58 51 51
4737 0 30 0 0 4737 0 0 0 0 120 64 56 56
4737 0 30 0 0 4737 0 0 0 0 150 70 60 60
4737 0 30 0 0 4737 0 0 0 0 180 72 58 58
4737 0 30 0 0 4737 0 10 0 0 0 42 37 37
4737 0 30 0 0 4737 0 10 0 0 30 45 40 40
4737 0 30 0 0 4737 0 10 0 0 60 51 44 44
4737 0 30 0 0 4737 0 10 0 0 90 58 50 50
4737 0 30 0 0 4737 0 10 0 0 120 64 55 55
4737 0 30 0 0 4737 0 10 0 0 150 70 59 59
4737 0 30 0 0 4737 0 10 0 0 180 72 59 59
4737 0 30 0 0 4737 0 20 0 0 0 42 35 35
4737 0 30 0 0 4737 0 20 0 0 30 45 38 38
4737 0 30 0 0 4737 0 20 0 0 60 51 42 42
4737 0 30 0 0 4737 0 20 0 0 90 58 47 47
4737 0 30 0 0 4737 0 20 0 0 120 64 52 52
4737 0 30 0 0 4737 0 20 0 0 150 69 57 57
4737 0 30 0 0 4737 0 20 0 0 180 72 58 58
4737 0 30 0 0 4737 0 30 0 0 0 42 33 33
4737 0 30 0 0 4737 0 30 0 0 30 44 35 35
4737 0 30 0 0 4737 0 30 0 0 60 50 39 39
4737 0 30 0 0 4737 0 30 0 0 90 57 44 44
4737 0 30 0 0 4737 0 30 0 0 120 63 49 49
4737 0 30 0 0 4737 0 30 0 0 150 69 53 53
4737 0 30 0 0 4737 0 30 0 0 180 71 56 56
4737 0 30 0 0 4737 0 40 0 0 0 41 34 34
4737 0 30 0 0 4737 0 40 0 0 30 44 35 35
4737 0 30 0 0 4737 0 40 0 0 60 50 39 39
4737 0 30 0 0 4737 0 40 0 0 90 57 43 43
4737 0 30 0 0 4737 0 40 0 0 120 63 48 48
4737 0 30 0 0 4737 0 40 0 0 150 68 52 52
4737 0 30 0 0 4737 0 40 0 0 180 70 56 56
4737 0 30 0 0 4737 0 50 0 0 0 41 34 34
4737 0 30 0 0 4737 0 50 0 0 30 43 36 36
4737 0 30 0 0 4737 0 50 0 0 60 49 39 39
4737 0 30 0 0 4737 0 50 0 0 90 56 43 43
4737 0 30 0 0 4737 0 50 0 0 120 62 48 48
4737 0 30 0 0 4737 0 50 0 0 150 67 52 52
4737 0 30 0 0 4737 0 50 0 0 180 69 56 56
4737 0 30 0 0 4737 0 60 0 0 0 40 36 36
4737 0 30 0 0 4737 0 60 0 0 30 42 37 37
4737 0 30 0 0 4737 0 60 0 0 60 48 40 40
4737 0 30 0 0 4737 0 60 0 0 90 55 43 43
4737 0 30 0 0 4737 0 60 0 0 120 60 48 48
4737 0 30 0 0 4737 0 60 0 0 150 65 53 53
4737 0 30 0 0 4737 0 60 0 0 180 67 57 57
4737 0 30 0 0 4737 0 0 0 0 0 41 37 37
4737 0 30 0 0 4737 0 0 0 0 30 44 39 39
4737 0 30 0 0 4737 0 0 0 0 60 49 43 43
4737 0 30 0 0 4737 0 0 0 0 90 55 48 48
4737 0 30 0 0 4737 0 0 0 0 120 61 53 53
4737 0 30 0 0 4737 0 0 0 0 150 68 58 58
4737 0 30 0 0 4737 0 0 0 0 180 70 57 57
4737 0 30 0 0 4737 0 10 0 0 0 40 35 35
4737 0 30 0 0 4737 0 10 0 0 30 44 38 38
4737 0 30 0 0 4737 0 10 0 0 60 49 42 42
4737 0 30 0 0 4737 0 10 0 0 90 55 47 47
4737 0 30 0 0 4737 0 10 0 0 120 61 52 52
4737 0 30 0 0 4737 0 10 0 0 150 67 57 57
4737 0 30 0 0 4737 0 10 0 0 180 70 58 58
4737 0 30 0 0 4737 0 20 0 0 0 40 33 33
4737 0 30 0 0 4737 0 20 0 0 30 44 36 36
4737 0 30 0 0 4737 0 20 0 0 60 48 39 39
4737 0 30 0 0 4737 0 20 0 0 90 55 44 44
4737 0 30 0 0 4737 0 20 0 0 120 61 49 49
4737 0 30 0 0 4737 0 20 0 0 150 67 54 54
4737 0 30 0 0 4737 0 20 0 0 180 70 57 57
4737 0 30 0 0 4737 0 30 0 0 0 40 31 31
4737 0 30 0 0 4737 0 30 0 0 30 43 33 33
4737 0 30 0 0 4737 0 30 0 0 60 48 37 37
4737 0 30 0 0 4737 0 30 0 0 90 54 41 41
4737 0 30 0 0 4737 0 30 0 0 120 61 46 46
4737 0 30 0 0 4737 0 30 0 0 150 67 52 52
4737 0 30 0 0 4737 0 30 0 0 180 69 55 55
4737 0 30 0 0 4737 0 40 0 0 0 39 32 32
4737 0 30 0 0 4737 0 40 0 0 30 43 33 33
4737 0 30 0 0 4737 0 40 0 0 60 47 36 36
4737 0 30 0 0 4737 0 40 0 0 90 54 40 40
4737 0 30 0 0 4737 0 40 0 0 120 60 45 45
4737 0 30 0 0 4737 0 40 0 0 150 66 51 51
4737 0 30 0 0 4737 0 40 0 0 180 69 55 55
4737 0 30 0 0 4737 0 50 0 0 0 39 33 33
4737 0 30 0 0 4737 0 50 0 0 30 42 34 34
4737 0 30 0 0 4737 0 50 0 0 60 47 37 37
4737 0 30 0 0 4737 0 50 0 0 90 53 40 40
4737 0 30 0 0 4737 0 50 0 0 120 59 45 45
4737 0 30 0 0 4737 0 50 0 0 150 65 50 50
4737 0 30 0 0 4737 0 50 0 0 180 67 55 55
4737 0 30 0 0 4737 0 60 0 0 0 39 34 34
4737 0 30 0 0 4737 0 60 0 0 30 41 35 35
4737 0 30 0 0 4737 0 60 0 0 60 45 37 37
4737 0 30 0 0 4737 0 60 0 0 90 52 41 41
4737 0 30 0 0 4737 0 60 0 0 120 57 45 45
4737 0 30 0 0 4737 0 60 0 0 150 63 51 51
4737 0 30 0 0 4737 0 60 0 0 180 65 56 56
4737 0 30 0 0 4737 0 0 0 0 0 40 37 37
4737 0 30 0 0 4737 0 0 0 0 30 43 38 38
4737 0 30 0 0 4737 0 0 0 0 60 47 40 40
4737 0 30 0 0 4737 0 0 0 0 90 52 45 45
4737 0 30 0 0 4737 0 0 0 0 120 58 50 50
4737 0 30 0 0 4737 0 0 0 0 150 65 56 56
4737 0 30 0 0 4737 0 0 0 0 180 69 56 56
4737 0 30 0 0 4737 0 10 0 0 0 40 35 35
4737 0 30 0 0 4737 0 10 0 0 30 43 36 36
4737 0 30 0 0 4737 0 10 0 0 60 47 39 39
4737 0 30 0 0 4737 0 10 0 0 90 52 43 43
4737 0 30 0 0 4737 0 10 0 0 120 58 48 48
4737 0 30 0 0 4737 0 10 0 0 150 65 55 55
4737 0 30 0 0 4737 0 10 0 0 180 68 56 56
4737 0 30 0 0 4737 0 20 0 0 0 39 31 31
4737 0 30 0 0 4737 0 20 0 0 30 43 33 33
4737 0 30 0 0 4737 0 20 0 0 60 46 36 36
4737 0 30 0 0 4737 0 20 0 0 90 52 40 40
4737 0 30 0 0 4737 0 20 0 0 120 58 45 45
4737 0 30 0 0 4737 0 20 0 0 150 65 52 52
4737 0 30 0 0 4737 0 20 0 0 180 68 55 55
4737 0 30 0 0 4737 0 30 0 0 0 39 30 30
4737 0 30 0 0 4737 0 30 0 0 30 42 32 32
4737 0 30 0 0 4737 0 30 0 0 60 46 35 35
4737 0 30 0 0 4737 0 30 0 0 90 51 39 39
4737 0 30 0 0 4737 0 30 0 0 120 58 44 44
4737 0 30 0 0 4737 0 30 0 0 150 64 50 50
4737 0 30 0 0 4737 0 30 0 0 180 68 54 54
4737 0 30 0 0 4737 0 40 0 0 0 38 30 30
4737 0 30 0 0 4737 0 40 0 0 30 42 32 32
4737 0 30 0 0 4737 0 40 0 0 60 45 34 34
4737 0 30 0 0 4737 0 40 0 0 90 51 38 38
4737 0 30 0 0 4737 0 40 0 0 120 57 43 43
4737 0 30 0 0 4737 0 40 0 0 150 64 49 49
4737 0 30 0 0 4737 0 40 0 0 180 67 54 54
4737 0 30 0 0 4737 0 50 0 0 0 38 32 32
4737 0 30 0 0 4737 0 50 0 0 30 41 32 32
4737 0 30 0 0 4737 0 50 0 0 60 45 34 34
4737 0 30 0 0 4737 0 50 0 0 90 50 38 38
4737 0 30 0 0 4737 0 50 0 0 120 56 42 42
4737 0 30 0 0 4737 0 50 0 0 150 62 49 49
4737 0 30 0 0 4737 0 50 0 0 180 65 54 54
4737 0 30 0 0 4737 0 60 0 0 0 39 33 33
4737 0 30 0 0 4737 0 60 0 0 30 40 34 34
4737 0 30 0 0 4737 0 60 0 0 60 44 35 35
4737 0 30 0 0 4737 0 60 0 0 90 49 38 38
4737 0 30 0 0 4737 0 60 0 0 120 54 42 42
4737 0 30 0 0 4737 0 60 0 0 150 60 48 48
4737 0 30 0 0 4737 0 60 0 0 180 63 55 55
4737 0 30 0 0 4737 0 0 0 0 0 40 37 37
4737 0 30 0 0 4737 0 0 0 0 30 42 38 38
4737 0 30 0 0 4737 0 0 0 0 60 45 39 39
4737 0 30 0 0 4737 0 0 0 0 90 49 41 41
4737 0 30 0 0 4737 0 0 0 0 120 55 46 46
4737 0 30 0 0 4737 0 0 0 0 150 63 53 53
4737 0 30 0 0 4737 0 0 0 0 180 67 54 54
4737 0 30 0 0 4737 0 10 0 0 0 40 34 34
4737 0 30 0 0 4737 0 10 0 0 30 42 35 35
4737 0 30 0 0 4737 0 10 0 0 60 45 37 37
4737 0 30 0 0 4737 0 10 0 0 90 49 39 39
4737 0 30 0 0 4737 0 10 0 0 120 55 44 44
4737 0 30 0 0 4737 0 10 0 0 150 63 51 51
4737 0 30 0 0 4737 0 10 0 0 180 66 54 54
4737 0 30 0 0 4737 0 20 0 0 0 40 32 32
4737 0 30 0 0 4737 0 20 0 0 30 42 33 33
4737 0 30 0 0 4737 0 20 0 0 60 45 35 35
4737 0 30 0 0 4737 0 20 0 0 90 49 38 38
4737 0 30 0 0 4737 0 20 0 0 120 55 42 42
4737 0 30 0 0 4737 0 20 0 0 150 62 49 49
4737 0 30 0 0 4737 0 20 0 0 180 66 53 53
4737 0 30 0 0 4737 0 30 0 0 0 40 30 30
4737 0 30 0 0 4737 0 30 0 0 30 41 31 31
4737 0 30 0 0 4737 0 30 0 0 60 44 33 33
4737 0 30 0 0 4737 0 30 0 0 90 49 36 36
4737 0 30 0 0 4737 0 30 0 0 120 54 41 41
4737 0 30 0 0 4737 0 30 0 0 150 62 48 48
4737 0 30 0 0 4737 0 30 0 0 180 65 53 53
4737 0 30 0 0 4737 0 40 0 0 0 40 30 30
4737 0 30 0 0 4737 0 40 0 0 30 41 31 31
4737 0 30 0 0 4737 0 40 0 0 60 44 33 33
4737 0 30 0 0 4737 0 40 0 0 90 48 36 36
4737 0 30 0 0 4737 0 40 0 0 120 54 40 40
4737 0 30 0 0 4737 0 40 0 0 150 61 47 47
4737 0 30 0 0 4737 0 40 0 0 180 65 53 53
4737 0 30 0 0 4737 0 50 0 0 0 40 31 31
4737 0 30 0 0 4737 0 50 0 0 30 41 32 32
4737 0 30 0 0 4737 0 50 0 0 60 43 33 33
4737 0 30 0 0 4737 0 50 0 0 90 47 35 35
4737 0 30 0 0 4737 0 50 0 0 120 53 40 40
4737 0 30 0 0 4737 0 50 0 0 150 60 46 46
4737 0 30 0 0 4737 0 50 0 0 180 63 53 53
4737 0 30 0 0 4737 0 60 0 0 0 40 33 33
4737 0 30 0 0 4737 0 60 0 0 30 41 33 33
4737 0 30 0 0 4737 0 60 0 0 60 43 34 34
4737 0 30 0 0 4737 0 60 0 0 90 46 36 36
4737 0 30 0 0 4737 0 60 0 0 120 51 40 40
4737 0 30 0 0 4737 0 60 0 0 150 57 46 46
4737 0 30 0 0 4737 0 60 0 0 180 60 53 53
