4737 0 60 120 0 0 4737 0 0 0 0 0 64 66 66
4737 0 60 120 0 0 4737 0 0 0 0 90 44 53 53
4737 0 60 120 0 0 4737 0 0 0 0 180 53 57 57
4737 0 60 120 0 0 4737 0 0 0 20 0 61 62 62
4737 0 60 120 0 0 4737 0 0 0 20 90 42 53 53
4737 0 60 120 0 0 4737 0 0 0 20 180 58 59 59
4737 0 60 120 0 0 4737 0 0 0 40 0 55 58 58
4737 0 60 120 0 0 4737 0 0 0 40 90 42 53 53
4737 0 60 120 0 0 4737 0 0 0 40 180 63 62 62
4737 0 60 120 0 0 4737 0 0 0 60 0 50 55 55
4737 0 60 120 0 0 4737 0 0 0 60 90 45 54 54
4737 0 60 120 0 0 4737 0 0 0 60 180 67 65 65
4737 0 60 120 0 0 4737 0 0 60 0 0 50 55 55
4737 0 60 120 0 0 4737 0 0 60 0 90 45 54 54
4737 0 60 120 0 0 4737 0 0 60 0 180 67 65 65
4737 0 60 120 0 0 4737 0 0 60 20 0 46 53 53
4737 0 60 120 0 0 4737 0 0 60 20 90 50 56 56
4737 0 60 120 0 0 4737 0 0 60 20 180 69 68 68
4737 0 60 120 0 0 4737 0 0 60 40 0 43 53 53
4737 0 60 120 0 0 4737 0 0 60 40 90 56 58 58
4737 0 60 120 0 0 4737 0 0 60 40 180 69 71 71
4737 0 60 120 0 0 4737 0 0 60 60 0 42 53 53
4737 0 60 120 0 0 4737 0 0 60 60 90 61 60 60
4737 0 60 120 0 0 4737 0 0 60 60 180 69 72 72
4737 0 60 120 0 0 4737 0 0 120 0 0 42 53 53
4737 0 60 120 0 0 4737 0 0 120 0 90 61 60 60
4737 0 60 120 0 0 4737 0 0 120 0 180 69 72 72
4737 0 60 120 0 0 4737 0 0 120 20 0 44 53 53
4737 0 60 120 0 0 4737 0 0 120 20 90 65 63 63
4737 0 60 120 0 0 4737 0 0 120 20 180 68 72 72
4737 0 60 120 0 0 4737 0 0 120 40 0 48 55 55
4737 0 60 120 0 0 4737 0 0 120 40 90 68 67 67
4737 0 60 120 0 0 4737 0 0 120 40 180 67 70 70
4737 0 60 120 0 0 4737 0 0 120 60 0 53 57 57
4737 0 60 120 0 0 4737 0 0 120 60 90 69 69 69
4737 0 60 120 0 0 4737 0 0 120 60 180 64 66 66
4737 0 60 120 0 0 4737 0 30 0 0 0 64 63 63
4737 0 60 120 0 0 4737 0 30 0 0 90 43 45 45
4737 0 60 120 0 0 4737 0 30 0 0 180 52 50 50
4737 0 60 120 0 0 4737 0 30 0 20 0 61 61 61
4737 0 60 120 0 0 4737 0 30 0 20 90 41 45 45
4737 0 60 120 0 0 4737 0 30 0 20 180 58 52 52
4737 0 60 120 0 0 4737 0 30 0 40 0 55 59 59
4737 0 60 120 0 0 4737 0 30 0 40 90 41 46 46
4737 0 60 120 0 0 4737 0 30 0 40 180 62 55 55
4737 0 60 120 0 0 4737 0 30 0 60 0 50 57 57
4737 0 60 120 0 0 4737 0 30 0 60 90 44 47 47
4737 0 60 120 0 0 4737 0 30 0 60 180 66 58 58
4737 0 60 120 0 0 4737 0 30 60 0 0 50 51 51
4737 0 60 120 0 0 4737 0 30 60 0 90 44 46 46
4737 0 60 120 0 0 4737 0 30 60 0 180 66 62 62
4737 0 60 120 0 0 4737 0 30 60 20 0 45 49 49
4737 0 60 120 0 0 4737 0 30 60 20 90 50 47 47
4737 0 60 120 0 0 4737 0 30 60 20 180 68 64 64
4737 0 60 120 0 0 4737 0 30 60 40 0 42 48 48
4737 0 60 120 0 0 4737 0 30 60 40 90 55 49 49
4737 0 60 120 0 0 4737 0 30 60 40 180 68 66 66
4737 0 60 120 0 0 4737 0 30 60 60 0 41 49 49
4737 0 60 120 0 0 4737 0 30 60 60 90 60 53 53
4737 0 60 120 0 0 4737 0 30 60 60 180 68 68 68
4737 0 60 120 0 0 4737 0 30 120 0 0 41 44 44
4737 0 60 120 0 0 4737 0 30 120 0 90 60 56 56
4737 0 60 120 0 0 4737 0 30 120 0 180 69 70 70
4737 0 60 120 0 0 4737 0 30 120 20 0 42 44 44
4737 0 60 120 0 0 4737 0 30 120 20 90 64 58 58
4737 0 60 120 0 0 4737 0 30 120 20 180 68 70 70
4737 0 60 120 0 0 4737 0 30 120 40 0 47 46 46
4737 0 60 120 0 0 4737 0 30 120 40 90 67 61 61
4737 0 60 120 0 0 4737 0 30 120 40 180 66 69 69
4737 0 60 120 0 0 4737 0 30 120 60 0 52 48 48
4737 0 60 120 0 0 4737 0 30 120 60 90 68 63 63
4737 0 60 120 0 0 4737 0 30 120 60 180 64 66 66
4737 0 60 120 0 0 4737 0 60 0 0 0 62 66 66
4737 0 60 120 0 0 4737 0 60 0 0 90 41 46 46
4737 0 60 120 0 0 4737 0 60 0 0 180 50 51 51
4737 0 60 120 0 0 4737 0 60 0 20 0 59 64 64
4737 0 60 120 0 0 4737 0 60 0 20 90 39 46 46
4737 0 60 120 0 0 4737 0 60 0 20 180 54 53 53
4737 0 60 120 0 0 4737 0 60 0 40 0 54 63 63
4737 0 60 120 0 0 4737 0 60 0 40 90 40 47 47
4737 0 60 120 0 0 4737 0 60 0 40 180 58 56 56
4737 0 60 120 0 0 4737 0 60 0 60 0 49 62 62
4737 0 60 120 0 0 4737 0 60 0 60 90 43 49 49
4737 0 60 120 0 0 4737 0 60 0 60 180 60 58 58
4737 0 60 120 0 0 4737 0 60 60 0 0 48 52 52
4737 0 60 120 0 0 4737 0 60 60 0 90 41 44 44
4737 0 60 120 0 0 4737 0 60 60 0 180 62 65 65
4737 0 60 120 0 0 4737 0 60 60 20 0 44 51 51
4737 0 60 120 0 0 4737 0 60 60 20 90 47 46 46
4737 0 60 120 0 0 4737 0 60 60 20 180 63 67 67
4737 0 60 120 0 0 4737 0 60 60 40 0 42 51 51
4737 0 60 120 0 0 4737 0 60 60 40 90 52 50 50
4737 0 60 120 0 0 4737 0 60 60 40 180 64 69 69
4737 0 60 120 0 0 4737 0 60 60 60 0 41 51 51
4737 0 60 120 0 0 4737 0 60 60 60 90 56 53 53
4737 0 60 120 0 0 4737 0 60 60 60 180 63 70 70
4737 0 60 120 0 0 4737 0 60 120 0 0 38 43 43
4737 0 60 120 0 0 4737 0 60 120 0 90 57 58 58
4737 0 60 120 0 0 4737 0 60 120 0 180 64 73 73
4737 0 60 120 0 0 4737 0 60 120 20 0 40 44 44
4737 0 60 120 0 0 4737 0 60 120 20 90 60 60 60
4737 0 60 120 0 0 4737 0 60 120 20 180 64 73 73
4737 0 60 120 0 0 4737 0 60 120 40 0 44 46 46
4737 0 60 120 0 0 4737 0 60 120 40 90 62 62 62
4737 0 60 120 0 0 4737 0 60 120 40 180 63 72 72
4737 0 60 120 0 0 4737 0 60 120 60 0 49 48 48
4737 0 60 120 0 0 4737 0 60 120 60 90 63 63 63
4737 0 60 120 0 0 4737 0 60 120 60 180 60 71 71
4737 0 60 120 0 0 4737 0 0 0 0 0 65 65 65
4737 0 60 120 0 0 4737 0 0 0 0 90 48 53 53
4737 0 60 120 0 0 4737 0 0 0 0 180 53 58 58
4737 0 60 120 0 0 4737 0 0 0 20 0 61 61 61
4737 0 60 120 0 0 4737 0 0 0 20 90 44 52 52
4737 0 60 120 0 0 4737 0 0 0 20 180 58 59 59
4737 0 60 120 0 0 4737 0 0 0 40 0 55 58 58
4737 0 60 120 0 0 4737 0 0 0 40 90 42 52 52
4737 0 60 120 0 0 4737 0 0 0 40 180 62 62 62
4737 0 60 120 0 0 4737 0 0 0 60 0 50 55 55
4737 0 60 120 0 0 4737 0 0 0 60 90 43 52 52
4737 0 60 120 0 0 4737 0 0 0 60 180 66 64 64
4737 0 60 120 0 0 4737 0 0 60 0 0 50 55 55
4737 0 60 120 0 0 4737 0 0 60 0 90 43 52 52
4737 0 60 120 0 0 4737 0 0 60 0 180 66 64 64
4737 0 60 120 0 0 4737 0 0 60 20 0 45 52 52
4737 0 60 120 0 0 4737 0 0 60 20 90 47 53 53
4737 0 60 120 0 0 4737 0 0 60 20 180 69 67 67
4737 0 60 120 0 0 4737 0 0 60 40 0 41 51 51
4737 0 60 120 0 0 4737 0 0 60 40 90 51 55 55
4737 0 60 120 0 0 4737 0 0 60 40 180 69 70 70
4737 0 60 120 0 0 4737 0 0 60 60 0 40 51 51
4737 0 60 120 0 0 4737 0 0 60 60 90 56 57 57
4737 0 60 120 0 0 4737 0 0 60 60 180 68 72 72
4737 0 60 120 0 0 4737 0 0 120 0 0 40 51 51
4737 0 60 120 0 0 4737 0 0 120 0 90 56 57 57
4737 0 60 120 0 0 4737 0 0 120 0 180 68 72 72
4737 0 60 120 0 0 4737 0 0 120 20 0 43 52 52
4737 0 60 120 0 0 4737 0 0 120 20 90 61 60 60
4737 0 60 120 0 0 4737 0 0 120 20 180 67 72 72
4737 0 60 120 0 0 4737 0 0 120 40 0 48 54 54
4737 0 60 120 0 0 4737 0 0 120 40 90 65 63 63
4737 0 60 120 0 0 4737 0 0 120 40 180 65 70 70
4737 0 60 120 0 0 4737 0 0 120 60 0 53 56 56
4737 0 60 120 0 0 4737 0 0 120 60 90 68 66 66
4737 0 60 120 0 0 4737 0 0 120 60 180 63 67 67
4737 0 60 120 0 0 4737 0 30 0 0 0 65 63 63
4737 0 60 120 0 0 4737 0 30 0 0 90 47 48 48
4737 0 60 120 0 0 4737 0 30 0 0 180 52 51 51
4737 0 60 120 0 0 4737 0 30 0 20 0 61 61 61
4737 0 60 120 0 0 4737 0 30 0 20 90 44 46 46
4737 0 60 120 0 0 4737 0 30 0 20 180 57 52 52
4737 0 60 120 0 0 4737 0 30 0 40 0 55 59 59
4737 0 60 120 0 0 4737 0 30 0 40 90 42 45 45
4737 0 60 120 0 0 4737 0 30 0 40 180 61 54 54
4737 0 60 120 0 0 4737 0 30 0 60 0 50 57 57
4737 0 60 120 0 0 4737 0 30 0 60 90 42 46 46
4737 0 60 120 0 0 4737 0 30 0 60 180 65 57 57
4737 0 60 120 0 0 4737 0 30 60 0 0 50 52 52
4737 0 60 120 0 0 4737 0 30 60 0 90 42 45 45
4737 0 60 120 0 0 4737 0 30 60 0 180 65 64 64
4737 0 60 120 0 0 4737 0 30 60 20 0 44 50 50
4737 0 60 120 0 0 4737 0 30 60 20 90 45 46 46
4737 0 60 120 0 0 4737 0 30 60 20 180 68 66 66
4737 0 60 120 0 0 4737 0 30 60 40 0 41 49 49
4737 0 60 120 0 0 4737 0 30 60 40 90 50 48 48
4737 0 60 120 0 0 4737 0 30 60 40 180 68 68 68
4737 0 60 120 0 0 4737 0 30 60 60 0 40 48 48
4737 0 60 120 0 0 4737 0 30 60 60 90 55 51 51
4737 0 60 120 0 0 4737 0 30 60 60 180 67 70 70
4737 0 60 120 0 0 4737 0 30 120 0 0 39 44 44
4737 0 60 120 0 0 4737 0 30 120 0 90 55 54 54
4737 0 60 120 0 0 4737 0 30 120 0 180 68 72 72
4737 0 60 120 0 0 4737 0 30 120 20 0 42 45 45
4737 0 60 120 0 0 4737 0 30 120 20 90 60 57 57
4737 0 60 120 0 0 4737 0 30 120 20 180 66 72 72
4737 0 60 120 0 0 4737 0 30 120 40 0 47 47 47
4737 0 60 120 0 0 4737 0 30 120 40 90 64 60 60
4737 0 60 120 0 0 4737 0 30 120 40 180 65 71 71
4737 0 60 120 0 0 4737 0 30 120 60 0 52 50 50
4737 0 60 120 0 0 4737 0 30 120 60 90 67 63 63
4737 0 60 120 0 0 4737 0 30 120 60 180 62 68 68
4737 0 60 120 0 0 4737 0 60 0 0 0 63 66 66
4737 0 60 120 0 0 4737 0 60 0 0 90 45 50 50
4737 0 60 120 0 0 4737 0 60 0 0 180 49 50 50
4737 0 60 120 0 0 4737 0 60 0 20 0 59 65 65
4737 0 60 120 0 0 4737 0 60 0 20 90 42 49 49
4737 0 60 120 0 0 4737 0 60 0 20 180 54 52 52
4737 0 60 120 0 0 4737 0 60 0 40 0 53 63 63
4737 0 60 120 0 0 4737 0 60 0 40 90 40 49 49
4737 0 60 120 0 0 4737 0 60 0 40 180 57 55 55
4737 0 60 120 0 0 4737 0 60 0 60 0 48 61 61
4737 0 60 120 0 0 4737 0 60 0 60 90 42 49 49
4737 0 60 120 0 0 4737 0 60 0 60 180 60 57 57
4737 0 60 120 0 0 4737 0 60 60 0 0 48 56 56
4737 0 60 120 0 0 4737 0 60 60 0 90 39 44 44
4737 0 60 120 0 0 4737 0 60 60 0 180 62 68 68
4737 0 60 120 0 0 4737 0 60 60 20 0 43 55 55
4737 0 60 120 0 0 4737 0 60 60 20 90 42 46 46
4737 0 60 120 0 0 4737 0 60 60 20 180 63 70 70
4737 0 60 120 0 0 4737 0 60 60 40 0 40 54 54
4737 0 60 120 0 0 4737 0 60 60 40 90 47 49 49
4737 0 60 120 0 0 4737 0 60 60 40 180 63 72 72
4737 0 60 120 0 0 4737 0 60 60 60 0 40 54 54
4737 0 60 120 0 0 4737 0 60 60 60 90 51 53 53
4737 0 60 120 0 0 4737 0 60 60 60 180 62 72 72
4737 0 60 120 0 0 4737 0 60 120 0 0 35 43 43
4737 0 60 120 0 0 4737 0 60 120 0 90 52 58 58
4737 0 60 120 0 0 4737 0 60 120 0 180 64 78 78
4737 0 60 120 0 0 4737 0 60 120 20 0 38 45 45
4737 0 60 120 0 0 4737 0 60 120 20 90 56 60 60
4737 0 60 120 0 0 4737 0 60 120 20 180 64 78 78
4737 0 60 120 0 0 4737 0 60 120 40 0 44 48 48
4737 0 60 120 0 0 4737 0 60 120 40 90 59 62 62
4737 0 60 120 0 0 4737 0 60 120 40 180 62 77 77
4737 0 60 120 0 0 4737 0 60 120 60 0 49 53 53
4737 0 60 120 0 0 4737 0 60 120 60 90 61 64 64
4737 0 60 120 0 0 4737 0 60 120 60 180 59 75 75
4737 0 60 120 0 0 4737 0 0 0 0 0 66 64 64
4737 0 60 120 0 0 4737 0 0 0 0 90 51 56 56
4737 0 60 120 0 0 4737 0 0 0 0 180 54 59 59
4737 0 60 120 0 0 4737 0 0 0 20 0 61 60 60
4737 0 60 120 0 0 4737 0 0 0 20 90 47 53 53
4737 0 60 120 0 0 4737 0 0 0 20 180 58 60 60
4737 0 60 120 0 0 4737 0 0 0 40 0 55 57 57
4737 0 60 120 0 0 4737 0 0 0 40 90 44 51 51
4737 0 60 120 0 0 4737 0 0 0 40 180 61 62 62
4737 0 60 120 0 0 4737 0 0 0 60 0 50 54 54
4737 0 60 120 0 0 4737 0 0 0 60 90 43 50 50
4737 0 60 120 0 0 4737 0 0 0 60 180 65 64 64
4737 0 60 120 0 0 4737 0 0 60 0 0 50 54 54
4737 0 60 120 0 0 4737 0 0 60 0 90 43 50 50
4737 0 60 120 0 0 4737 0 0 60 0 180 65 64 64
4737 0 60 120 0 0 4737 0 0 60 20 0 44 52 52
4737 0 60 120 0 0 4737 0 0 60 20 90 44 51 51
4737 0 60 120 0 0 4737 0 0 60 20 180 67 66 66
4737 0 60 120 0 0 4737 0 0 60 40 0 41 50 50
4737 0 60 120 0 0 4737 0 0 60 40 90 48 52 52
4737 0 60 120 0 0 4737 0 0 60 40 180 69 68 68
4737 0 60 120 0 0 4737 0 0 60 60 0 40 50 50
4737 0 60 120 0 0 4737 0 0 60 60 90 52 54 54
4737 0 60 120 0 0 4737 0 0 60 60 180 67 70 70
4737 0 60 120 0 0 4737 0 0 120 0 0 40 50 50
4737 0 60 120 0 0 4737 0 0 120 0 90 52 54 54
4737 0 60 120 0 0 4737 0 0 120 0 180 67 70 70
4737 0 60 120 0 0 4737 0 0 120 20 0 43 51 51
4737 0 60 120 0 0 4737 0 0 120 20 90 57 57 57
4737 0 60 120 0 0 4737 0 0 120 20 180 66 71 71
4737 0 60 120 0 0 4737 0 0 120 40 0 48 53 53
4737 0 60 120 0 0 4737 0 0 120 40 90 61 59 59
4737 0 60 120 0 0 4737 0 0 120 40 180 64 69 69
4737 0 60 120 0 0 4737 0 0 120 60 0 53 56 56
4737 0 60 120 0 0 4737 0 0 120 60 90 65 63 63
4737 0 60 120 0 0 4737 0 0 120 60 180 61 67 67
4737 0 60 120 0 0 4737 0 30 0 0 0 66 63 63
4737 0 60 120 0 0 4737 0 30 0 0 90 51 51 51
4737 0 60 120 0 0 4737 0 30 0 0 180 53 52 52
4737 0 60 120 0 0 4737 0 30 0 20 0 61 60 60
4737 0 60 120 0 0 4737 0 30 0 20 90 47 49 49
4737 0 60 120 0 0 4737 0 30 0 20 180 57 53 53
4737 0 60 120 0 0 4737 0 30 0 40 0 55 58 58
4737 0 60 120 0 0 4737 0 30 0 40 90 44 47 47
4737 0 60 120 0 0 4737 0 30 0 40 180 60 54 54
4737 0 60 120 0 0 4737 0 30 0 60 0 49 56 56
4737 0 60 120 0 0 4737 0 30 0 60 90 43 46 46
4737 0 60 120 0 0 4737 0 30 0 60 180 64 57 57
4737 0 60 120 0 0 4737 0 30 60 0 0 49 54 54
4737 0 60 120 0 0 4737 0 30 60 0 90 42 46 46
4737 0 60 120 0 0 4737 0 30 60 0 180 64 65 65
4737 0 60 120 0 0 4737 0 30 60 20 0 44 52 52
4737 0 60 120 0 0 4737 0 30 60 20 90 43 46 46
4737 0 60 120 0 0 4737 0 30 60 20 180 66 67 67
4737 0 60 120 0 0 4737 0 30 60 40 0 40 50 50
4737 0 60 120 0 0 4737 0 30 60 40 90 46 48 48
4737 0 60 120 0 0 4737 0 30 60 40 180 67 69 69
4737 0 60 120 0 0 4737 0 30 60 60 0 39 49 49
4737 0 60 120 0 0 4737 0 30 60 60 90 51 50 50
4737 0 60 120 0 0 4737 0 30 60 60 180 66 71 71
4737 0 60 120 0 0 4737 0 30 120 0 0 38 44 44
4737 0 60 120 0 0 4737 0 30 120 0 90 51 53 53
4737 0 60 120 0 0 4737 0 30 120 0 180 67 73 73
4737 0 60 120 0 0 4737 0 30 120 20 0 41 46 46
4737 0 60 120 0 0 4737 0 30 120 20 90 56 55 55
4737 0 60 120 0 0 4737 0 30 120 20 180 65 73 73
4737 0 60 120 0 0 4737 0 30 120 40 0 47 49 49
4737 0 60 120 0 0 4737 0 30 120 40 90 60 59 59
4737 0 60 120 0 0 4737 0 30 120 40 180 63 72 72
4737 0 60 120 0 0 4737 0 30 120 60 0 52 53 53
4737 0 60 120 0 0 4737 0 30 120 60 90 64 62 62
4737 0 60 120 0 0 4737 0 30 120 60 180 61 70 70
4737 0 60 120 0 0 4737 0 60 0 0 0 63 67 67
4737 0 60 120 0 0 4737 0 60 0 0 90 49 54 54
4737 0 60 120 0 0 4737 0 60 0 0 180 49 50 50
4737 0 60 120 0 0 4737 0 60 0 20 0 59 64 64
4737 0 60 120 0 0 4737 0 60 0 20 90 45 53 53
4737 0 60 120 0 0 4737 0 60 0 20 180 53 51 51
4737 0 60 120 0 0 4737 0 60 0 40 0 53 63 63
4737 0 60 120 0 0 4737 0 60 0 40 90 42 51 51
4737 0 60 120 0 0 4737 0 60 0 40 180 56 53 53
4737 0 60 120 0 0 4737 0 60 0 60 0 48 61 61
4737 0 60 120 0 0 4737 0 60 0 60 90 42 50 50
4737 0 60 120 0 0 4737 0 60 0 60 180 59 56 56
4737 0 60 120 0 0 4737 0 60 60 0 0 48 59 59
4737 0 60 120 0 0 4737 0 60 60 0 90 39 48 48
4737 0 60 120 0 0 4737 0 60 60 0 180 60 71 71
4737 0 60 120 0 0 4737 0 60 60 20 0 42 58 58
4737 0 60 120 0 0 4737 0 60 60 20 90 40 49 49
4737 0 60 120 0 0 4737 0 60 60 20 180 62 73 73
4737 0 60 120 0 0 4737 0 60 60 40 0 40 58 58
4737 0 60 120 0 0 4737 0 60 60 40 90 43 51 51
4737 0 60 120 0 0 4737 0 60 60 40 180 62 74 74
4737 0 60 120 0 0 4737 0 60 60 60 0 39 58 58
4737 0 60 120 0 0 4737 0 60 60 60 90 46 54 54
4737 0 60 120 0 0 4737 0 60 60 60 180 61 75 75
4737 0 60 120 0 0 4737 0 60 120 0 0 33 44 44
4737 0 60 120 0 0 4737 0 60 120 0 90 48 57 57
4737 0 60 120 0 0 4737 0 60 120 0 180 63 81 81
4737 0 60 120 0 0 4737 0 60 120 20 0 38 48 48
4737 0 60 120 0 0 4737 0 60 120 20 90 52 60 60
4737 0 60 120 0 0 4737 0 60 120 20 180 62 82 82
4737 0 60 120 0 0 4737 0 60 120 40 0 44 53 53
4737 0 60 120 0 0 4737 0 60 120 40 90 56 63 63
4737 0 60 120 0 0 4737 0 60 120 40 180 60 81 81
4737 0 60 120 0 0 4737 0 60 120 60 0 49 57 57
4737 0 60 120 0 0 4737 0 60 120 60 90 58 65 65
4737 0 60 120 0 0 4737 0 60 120 60 180 57 80 80
4737 0 60 120 0 0 4737 0 0 0 0 0 65 62 62
4737 0 60 120 0 0 4737 0 0 0 0 90 55 58 58
4737 0 60 120 0 0 4737 0 0 0 0 180 54 60 60
4737 0 60 120 0 0 4737 0 0 0 20 0 60 59 59
4737 0 60 120 0 0 4737 0 0 0 20 90 50 54 54
4737 0 60 120 0 0 4737 0 0 0 20 180 57 61 61
4737 0 60 120 0 0 4737 0 0 0 40 0 55 56 56
4737 0 60 120 0 0 4737 0 0 0 40 90 46 52 52
4737 0 60 120 0 0 4737 0 0 0 40 180 60 62 62
4737 0 60 120 0 0 4737 0 0 0 60 0 50 53 53
4737 0 60 120 0 0 4737 0 0 0 60 90 44 50 50
4737 0 60 120 0 0 4737 0 0 0 60 180 63 63 63
4737 0 60 120 0 0 4737 0 0 60 0 0 50 53 53
4737 0 60 120 0 0 4737 0 0 60 0 90 44 50 50
4737 0 60 120 0 0 4737 0 0 60 0 180 63 63 63
4737 0 60 120 0 0 4737 0 0 60 20 0 45 51 51
4737 0 60 120 0 0 4737 0 0 60 20 90 44 49 49
4737 0 60 120 0 0 4737 0 0 60 20 180 66 65 65
4737 0 60 120 0 0 4737 0 0 60 40 0 42 50 50
4737 0 60 120 0 0 4737 0 0 60 40 90 45 50 50
4737 0 60 120 0 0 4737 0 0 60 40 180 67 66 66
4737 0 60 120 0 0 4737 0 0 60 60 0 40 49 49
4737 0 60 120 0 0 4737 0 0 60 60 90 48 51 51
4737 0 60 120 0 0 4737 0 0 60 60 180 66 67 67
4737 0 60 120 0 0 4737 0 0 120 0 0 40 49 49
4737 0 60 120 0 0 4737 0 0 120 0 90 48 51 51
4737 0 60 120 0 0 4737 0 0 120 0 180 66 67 67
4737 0 60 120 0 0 4737 0 0 120 20 0 43 50 50
4737 0 60 120 0 0 4737 0 0 120 20 90 53 53 53
4737 0 60 120 0 0 4737 0 0 120 20 180 64 68 68
4737 0 60 120 0 0 4737 0 0 120 40 0 48 52 52
4737 0 60 120 0 0 4737 0 0 120 40 90 57 56 56
4737 0 60 120 0 0 4737 0 0 120 40 180 62 68 68
4737 0 60 120 0 0 4737 0 0 120 60 0 53 55 55
4737 0 60 120 0 0 4737 0 0 120 60 90 62 59 59
4737 0 60 120 0 0 4737 0 0 120 60 180 59 66 66
4737 0 60 120 0 0 4737 0 30 0 0 0 65 62 62
4737 0 60 120 0 0 4737 0 30 0 0 90 55 55 55
4737 0 60 120 0 0 4737 0 30 0 0 180 53 54 54
4737 0 60 120 0 0 4737 0 30 0 20 0 60 60 60
4737 0 60 120 0 0 4737 0 30 0 20 90 50 53 53
4737 0 60 120 0 0 4737 0 30 0 20 180 56 54 54
4737 0 60 120 0 0 4737 0 30 0 40 0 55 58 58
4737 0 60 120 0 0 4737 0 30 0 40 90 46 51 51
4737 0 60 120 0 0 4737 0 30 0 40 180 59 55 55
4737 0 60 120 0 0 4737 0 30 0 60 0 50 56 56
4737 0 60 120 0 0 4737 0 30 0 60 90 44 49 49
4737 0 60 120 0 0 4737 0 30 0 60 180 62 57 57
4737 0 60 120 0 0 4737 0 30 60 0 0 49 55 55
4737 0 60 120 0 0 4737 0 30 60 0 90 43 49 49
4737 0 60 120 0 0 4737 0 30 60 0 180 62 67 67
4737 0 60 120 0 0 4737 0 30 60 20 0 45 53 53
4737 0 60 120 0 0 4737 0 30 60 20 90 43 48 48
4737 0 60 120 0 0 4737 0 30 60 20 180 64 68 68
4737 0 60 120 0 0 4737 0 30 60 40 0 41 52 52
4737 0 60 120 0 0 4737 0 30 60 40 90 44 48 48
4737 0 60 120 0 0 4737 0 30 60 40 180 66 70 70
4737 0 60 120 0 0 4737 0 30 60 60 0 40 51 51
4737 0 60 120 0 0 4737 0 30 60 60 90 47 50 50
4737 0 60 120 0 0 4737 0 30 60 60 180 65 71 71
4737 0 60 120 0 0 4737 0 30 120 0 0 39 47 47
4737 0 60 120 0 0 4737 0 30 120 0 90 47 52 52
4737 0 60 120 0 0 4737 0 30 120 0 180 65 72 72
4737 0 60 120 0 0 4737 0 30 120 20 0 41 49 49
4737 0 60 120 0 0 4737 0 30 120 20 90 52 54 54
4737 0 60 120 0 0 4737 0 30 120 20 180 63 73 73
4737 0 60 120 0 0 4737 0 30 120 40 0 47 52 52
4737 0 60 120 0 0 4737 0 30 120 40 90 56 58 58
4737 0 60 120 0 0 4737 0 30 120 40 180 61 73 73
4737 0 60 120 0 0 4737 0 30 120 60 0 52 56 56
4737 0 60 120 0 0 4737 0 30 120 60 90 61 62 62
4737 0 60 120 0 0 4737 0 30 120 60 180 59 72 72
4737 0 60 120 0 0 4737 0 60 0 0 0 61 66 66
4737 0 60 120 0 0 4737 0 60 0 0 90 53 58 58
4737 0 60 120 0 0 4737 0 60 0 0 180 51 51 51
4737 0 60 120 0 0 4737 0 60 0 20 0 57 64 64
4737 0 60 120 0 0 4737 0 60 0 20 90 48 56 56
4737 0 60 120 0 0 4737 0 60 0 20 180 53 52 52
4737 0 60 120 0 0 4737 0 60 0 40 0 52 62 62
4737 0 60 120 0 0 4737 0 60 0 40 90 45 54 54
4737 0 60 120 0 0 4737 0 60 0 40 180 55 53 53
4737 0 60 120 0 0 4737 0 60 0 60 0 48 60 60
4737 0 60 120 0 0 4737 0 60 0 60 90 44 53 53
4737 0 60 120 0 0 4737 0 60 0 60 180 57 55 55
4737 0 60 120 0 0 4737 0 60 60 0 0 47 63 63
4737 0 60 120 0 0 4737 0 60 60 0 90 41 54 54
4737 0 60 120 0 0 4737 0 60 60 0 180 58 74 74
4737 0 60 120 0 0 4737 0 60 60 20 0 43 62 62
4737 0 60 120 0 0 4737 0 60 60 20 90 40 54 54
4737 0 60 120 0 0 4737 0 60 60 20 180 60 76 76
4737 0 60 120 0 0 4737 0 60 60 40 0 40 61 61
4737 0 60 120 0 0 4737 0 60 60 40 90 41 55 55
4737 0 60 120 0 0 4737 0 60 60 40 180 60 77 77
4737 0 60 120 0 0 4737 0 60 60 60 0 39 61 61
4737 0 60 120 0 0 4737 0 60 60 60 90 43 57 57
4737 0 60 120 0 0 4737 0 60 60 60 180 59 77 77
4737 0 60 120 0 0 4737 0 60 120 0 0 34 50 50
4737 0 60 120 0 0 4737 0 60 120 0 90 43 57 57
4737 0 60 120 0 0 4737 0 60 120 0 180 61 83 83
4737 0 60 120 0 0 4737 0 60 120 20 0 38 53 53
4737 0 60 120 0 0 4737 0 60 120 20 90 48 60 60
4737 0 60 120 0 0 4737 0 60 120 20 180 60 85 85
4737 0 60 120 0 0 4737 0 60 120 40 0 43 57 57
4737 0 60 120 0 0 4737 0 60 120 40 90 52 63 63
4737 0 60 120 0 0 4737 0 60 120 40 180 57 85 85
4737 0 60 120 0 0 4737 0 60 120 60 0 49 61 61
4737 0 60 120 0 0 4737 0 60 120 60 90 55 66 66
4737 0 60 120 0 0 4737 0 60 120 60 180 55 84 84
4737 0 60 120 20 0 4737 0 0 0 0 0 67 70 70
4737 0 60 120 20 0 4737 0 0 0 0 90 47 54 54
4737 0 60 120 20 0 4737 0 0 0 0 180 48 55 55
4737 0 60 120 20 0 4737 0 0 0 20 0 64 66 66
4737 0 60 120 20 0 4737 0 0 0 20 90 44 53 53
4737 0 60 120 20 0 4737 0 0 0 20 180 53 56 56
4737 0 60 120 20 0 4737 0 0 0 40 0 61 62 62
4737 0 60 120 20 0 4737 0 0 0 40 90 42 52 52
4737 0 60 120 20 0 4737 0 0 0 40 180 58 59 59
4737 0 60 120 20 0 4737 0 0 0 60 0 55 58 58
4737 0 60 120 20 0 4737 0 0 0 60 90 42 53 53
4737 0 60 120 20 0 4737 0 0 0 60 180 63 62 62
4737 0 60 120 20 0 4737 0 0 60 0 0 55 58 58
4737 0 60 120 20 0 4737 0 0 60 0 90 42 53 53
4737 0 60 120 20 0 4737 0 0 60 0 180 63 62 62
4737 0 60 120 20 0 4737 0 0 60 20 0 50 55 55
4737 0 60 120 20 0 4737 0 0 60 20 90 45 54 54
4737 0 60 120 20 0 4737 0 0 60 20 180 67 65 65
4737 0 60 120 20 0 4737 0 0 60 40 0 45 53 53
4737 0 60 120 20 0 4737 0 0 60 40 90 50 55 55
4737 0 60 120 20 0 4737 0 0 60 40 180 69 68 68
4737 0 60 120 20 0 4737 0 0 60 60 0 43 52 52
4737 0 60 120 20 0 4737 0 0 60 60 90 56 58 58
4737 0 60 120 20 0 4737 0 0 60 60 180 69 71 71
4737 0 60 120 20 0 4737 0 0 120 0 0 43 52 52
4737 0 60 120 20 0 4737 0 0 120 0 90 56 58 58
4737 0 60 120 20 0 4737 0 0 120 0 180 69 71 71
4737 0 60 120 20 0 4737 0 0 120 20 0 42 53 53
4737 0 60 120 20 0 4737 0 0 120 20 90 61 60 60
4737 0 60 120 20 0 4737 0 0 120 20 180 69 72 72
4737 0 60 120 20 0 4737 0 0 120 40 0 44 53 53
4737 0 60 120 20 0 4737 0 0 120 40 90 65 63 63
4737 0 60 120 20 0 4737 0 0 120 40 180 68 72 72
4737 0 60 120 20 0 4737 0 0 120 60 0 48 55 55
4737 0 60 120 20 0 4737 0 0 120 60 90 68 67 67
4737 0 60 120 20 0 4737 0 0 120 60 180 67 70 70
4737 0 60 120 20 0 4737 0 30 0 0 0 66 66 66
4737 0 60 120 20 0 4737 0 30 0 0 90 47 46 46
4737 0 60 120 20 0 4737 0 30 0 0 180 47 49 49
4737 0 60 120 20 0 4737 0 30 0 20 0 64 63 63
4737 0 60 120 20 0 4737 0 30 0 20 90 43 45 45
4737 0 60 120 20 0 4737 0 30 0 20 180 52 50 50
4737 0 60 120 20 0 4737 0 30 0 40 0 61 61 61
4737 0 60 120 20 0 4737 0 30 0 40 90 41 45 45
4737 0 60 120 20 0 4737 0 30 0 40 180 57 52 52
4737 0 60 120 20 0 4737 0 30 0 60 0 55 59 59
4737 0 60 120 20 0 4737 0 30 0 60 90 41 46 46
4737 0 60 120 20 0 4737 0 30 0 60 180 62 55 55
4737 0 60 120 20 0 4737 0 30 60 0 0 55 53 53
4737 0 60 120 20 0 4737 0 30 60 0 90 41 45 45
4737 0 60 120 20 0 4737 0 30 60 0 180 62 61 61
4737 0 60 120 20 0 4737 0 30 60 20 0 50 51 51
4737 0 60 120 20 0 4737 0 30 60 20 90 44 45 45
4737 0 60 120 20 0 4737 0 30 60 20 180 66 62 62
4737 0 60 120 20 0 4737 0 30 60 40 0 45 49 49
4737 0 60 120 20 0 4737 0 30 60 40 90 50 47 47
4737 0 60 120 20 0 4737 0 30 60 40 180 68 64 64
4737 0 60 120 20 0 4737 0 30 60 60 0 42 48 48
4737 0 60 120 20 0 4737 0 30 60 60 90 55 49 49
4737 0 60 120 20 0 4737 0 30 60 60 180 68 66 66
4737 0 60 120 20 0 4737 0 30 120 0 0 42 44 44
4737 0 60 120 20 0 4737 0 30 120 0 90 55 55 55
4737 0 60 120 20 0 4737 0 30 120 0 180 69 70 70
4737 0 60 120 20 0 4737 0 30 120 20 0 41 44 44
4737 0 60 120 20 0 4737 0 30 120 20 90 60 56 56
4737 0 60 120 20 0 4737 0 30 120 20 180 69 70 70
4737 0 60 120 20 0 4737 0 30 120 40 0 42 44 44
4737 0 60 120 20 0 4737 0 30 120 40 90 64 58 58
4737 0 60 120 20 0 4737 0 30 120 40 180 68 70 70
4737 0 60 120 20 0 4737 0 30 120 60 0 47 46 46
4737 0 60 120 20 0 4737 0 30 120 60 90 67 61 61
4737 0 60 120 20 0 4737 0 30 120 60 180 66 69 69
4737 0 60 120 20 0 4737 0 60 0 0 0 63 68 68
4737 0 60 120 20 0 4737 0 60 0 0 90 45 48 48
4737 0 60 120 20 0 4737 0 60 0 0 180 44 50 50
4737 0 60 120 20 0 4737 0 60 0 20 0 61 66 66
4737 0 60 120 20 0 4737 0 60 0 20 90 41 46 46
4737 0 60 120 20 0 4737 0 60 0 20 180 49 51 51
4737 0 60 120 20 0 4737 0 60 0 40 0 58 65 65
4737 0 60 120 20 0 4737 0 60 0 40 90 39 46 46
4737 0 60 120 20 0 4737 0 60 0 40 180 54 53 53
4737 0 60 120 20 0 4737 0 60 0 60 0 53 63 63
4737 0 60 120 20 0 4737 0 60 0 60 90 40 47 47
4737 0 60 120 20 0 4737 0 60 0 60 180 57 56 56
4737 0 60 120 20 0 4737 0 60 60 0 0 53 54 54
4737 0 60 120 20 0 4737 0 60 60 0 90 39 45 45
4737 0 60 120 20 0 4737 0 60 60 0 180 60 64 64
4737 0 60 120 20 0 4737 0 60 60 20 0 48 53 53
4737 0 60 120 20 0 4737 0 60 60 20 90 41 44 44
4737 0 60 120 20 0 4737 0 60 60 20 180 62 66 66
4737 0 60 120 20 0 4737 0 60 60 40 0 44 52 52
4737 0 60 120 20 0 4737 0 60 60 40 90 47 47 47
4737 0 60 120 20 0 4737 0 60 60 40 180 63 67 67
4737 0 60 120 20 0 4737 0 60 60 60 0 42 51 51
4737 0 60 120 20 0 4737 0 60 60 60 90 51 50 50
4737 0 60 120 20 0 4737 0 60 60 60 180 63 69 69
4737 0 60 120 20 0 4737 0 60 120 0 0 39 44 44
4737 0 60 120 20 0 4737 0 60 120 0 90 52 57 57
4737 0 60 120 20 0 4737 0 60 120 0 180 64 73 73
4737 0 60 120 20 0 4737 0 60 120 20 0 38 43 43
4737 0 60 120 20 0 4737 0 60 120 20 90 57 59 59
4737 0 60 120 20 0 4737 0 60 120 20 180 64 73 73
4737 0 60 120 20 0 4737 0 60 120 40 0 40 44 44
4737 0 60 120 20 0 4737 0 60 120 40 90 59 60 60
4737 0 60 120 20 0 4737 0 60 120 40 180 64 73 73
4737 0 60 120 20 0 4737 0 60 120 60 0 44 46 46
4737 0 60 120 20 0 4737 0 60 120 60 90 61 62 62
4737 0 60 120 20 0 4737 0 60 120 60 180 62 72 72
4737 0 60 120 20 0 4737 0 0 0 0 0 68 69 69
4737 0 60 120 20 0 4737 0 0 0 0 90 52 56 56
4737 0 60 120 20 0 4737 0 0 0 0 180 48 56 56
4737 0 60 120 20 0 4737 0 0 0 20 0 65 65 65
4737 0 60 120 20 0 4737 0 0 0 20 90 48 53 53
4737 0 60 120 20 0 4737 0 0 0 20 180 53 57 57
4737 0 60 120 20 0 4737 0 0 0 40 0 61 61 61
4737 0 60 120 20 0 4737 0 0 0 40 90 44 52 52
4737 0 60 120 20 0 4737 0 0 0 40 180 58 59 59
4737 0 60 120 20 0 4737 0 0 0 60 0 55 58 58
4737 0 60 120 20 0 4737 0 0 0 60 90 42 52 52
4737 0 60 120 20 0 4737 0 0 0 60 180 62 62 62
4737 0 60 120 20 0 4737 0 0 60 0 0 55 58 58
4737 0 60 120 20 0 4737 0 0 60 0 90 42 52 52
4737 0 60 120 20 0 4737 0 0 60 0 180 62 62 62
4737 0 60 120 20 0 4737 0 0 60 20 0 50 55 55
4737 0 60 120 20 0 4737 0 0 60 20 90 43 52 52
4737 0 60 120 20 0 4737 0 0 60 20 180 66 64 64
4737 0 60 120 20 0 4737 0 0 60 40 0 44 52 52
4737 0 60 120 20 0 4737 0 0 60 40 90 46 53 53
4737 0 60 120 20 0 4737 0 0 60 40 180 69 67 67
4737 0 60 120 20 0 4737 0 0 60 60 0 41 51 51
4737 0 60 120 20 0 4737 0 0 60 60 90 51 55 55
4737 0 60 120 20 0 4737 0 0 60 60 180 69 70 70
4737 0 60 120 20 0 4737 0 0 120 0 0 41 51 51
4737 0 60 120 20 0 4737 0 0 120 0 90 51 55 55
4737 0 60 120 20 0 4737 0 0 120 0 180 69 70 70
4737 0 60 120 20 0 4737 0 0 120 20 0 40 51 51
4737 0 60 120 20 0 4737 0 0 120 20 90 56 57 57
4737 0 60 120 20 0 4737 0 0 120 20 180 68 72 72
4737 0 60 120 20 0 4737 0 0 120 40 0 43 52 52
4737 0 60 120 20 0 4737 0 0 120 40 90 61 60 60
4737 0 60 120 20 0 4737 0 0 120 40 180 67 72 72
4737 0 60 120 20 0 4737 0 0 120 60 0 48 53 53
4737 0 60 120 20 0 4737 0 0 120 60 90 65 63 63
4737 0 60 120 20 0 4737 0 0 120 60 180 65 70 70
4737 0 60 120 20 0 4737 0 30 0 0 0 68 66 66
4737 0 60 120 20 0 4737 0 30 0 0 90 52 50 50
4737 0 60 120 20 0 4737 0 30 0 0 180 47 50 50
4737 0 60 120 20 0 4737 0 30 0 20 0 65 63 63
4737 0 60 120 20 0 4737 0 30 0 20 90 47 48 48
4737 0 60 120 20 0 4737 0 30 0 20 180 52 51 51
4737 0 60 120 20 0 4737 0 30 0 40 0 61 61 61
4737 0 60 120 20 0 4737 0 30 0 40 90 44 46 46
4737 0 60 120 20 0 4737 0 30 0 40 180 57 52 52
4737 0 60 120 20 0 4737 0 30 0 60 0 55 59 59
4737 0 60 120 20 0 4737 0 30 0 60 90 42 45 45
4737 0 60 120 20 0 4737 0 30 0 60 180 61 54 54
4737 0 60 120 20 0 4737 0 30 60 0 0 55 54 54
4737 0 60 120 20 0 4737 0 30 60 0 90 41 45 45
4737 0 60 120 20 0 4737 0 30 60 0 180 61 62 62
4737 0 60 120 20 0 4737 0 30 60 20 0 49 52 52
4737 0 60 120 20 0 4737 0 30 60 20 90 42 45 45
4737 0 60 120 20 0 4737 0 30 60 20 180 65 64 64
4737 0 60 120 20 0 4737 0 30 60 40 0 44 50 50
4737 0 60 120 20 0 4737 0 30 60 40 90 45 46 46
4737 0 60 120 20 0 4737 0 30 60 40 180 68 66 66
4737 0 60 120 20 0 4737 0 30 60 60 0 41 49 49
4737 0 60 120 20 0 4737 0 30 60 60 90 50 48 48
4737 0 60 120 20 0 4737 0 30 60 60 180 68 68 68
4737 0 60 120 20 0 4737 0 30 120 0 0 40 44 44
4737 0 60 120 20 0 4737 0 30 120 0 90 50 53 53
4737 0 60 120 20 0 4737 0 30 120 0 180 68 72 72
4737 0 60 120 20 0 4737 0 30 120 20 0 39 44 44
4737 0 60 120 20 0 4737 0 30 120 20 90 55 54 54
4737 0 60 120 20 0 4737 0 30 120 20 180 68 73 73
4737 0 60 120 20 0 4737 0 30 120 40 0 42 45 45
4737 0 60 120 20 0 4737 0 30 120 40 90 60 57 57
4737 0 60 120 20 0 4737 0 30 120 40 180 66 72 72
4737 0 60 120 20 0 4737 0 30 120 60 0 47 47 47
4737 0 60 120 20 0 4737 0 30 120 60 90 64 60 60
4737 0 60 120 20 0 4737 0 30 120 60 180 64 71 71
4737 0 60 120 20 0 4737 0 60 0 0 0 64 69 69
4737 0 60 120 20 0 4737 0 60 0 0 90 50 52 52
4737 0 60 120 20 0 4737 0 60 0 0 180 45 50 50
4737 0 60 120 20 0 4737 0 60 0 20 0 63 67 67
4737 0 60 120 20 0 4737 0 60 0 20 90 45 50 50
4737 0 60 120 20 0 4737 0 60 0 20 180 49 50 50
4737 0 60 120 20 0 4737 0 60 0 40 0 59 65 65
4737 0 60 120 20 0 4737 0 60 0 40 90 41 49 49
4737 0 60 120 20 0 4737 0 60 0 40 180 53 52 52
4737 0 60 120 20 0 4737 0 60 0 60 0 53 63 63
4737 0 60 120 20 0 4737 0 60 0 60 90 40 49 49
4737 0 60 120 20 0 4737 0 60 0 60 180 57 55 55
4737 0 60 120 20 0 4737 0 60 60 0 0 53 58 58
4737 0 60 120 20 0 4737 0 60 60 0 90 39 46 46
4737 0 60 120 20 0 4737 0 60 60 0 180 58 67 67
4737 0 60 120 20 0 4737 0 60 60 20 0 48 56 56
4737 0 60 120 20 0 4737 0 60 60 20 90 39 44 44
4737 0 60 120 20 0 4737 0 60 60 20 180 61 68 68
4737 0 60 120 20 0 4737 0 60 60 40 0 43 55 55
4737 0 60 120 20 0 4737 0 60 60 40 90 42 46 46
4737 0 60 120 20 0 4737 0 60 60 40 180 63 70 70
4737 0 60 120 20 0 4737 0 60 60 60 0 40 54 54
4737 0 60 120 20 0 4737 0 60 60 60 90 46 49 49
4737 0 60 120 20 0 4737 0 60 60 60 180 63 72 72
4737 0 60 120 20 0 4737 0 60 120 0 0 37 44 44
4737 0 60 120 20 0 4737 0 60 120 0 90 48 57 57
4737 0 60 120 20 0 4737 0 60 120 0 180 64 78 78
4737 0 60 120 20 0 4737 0 60 120 20 0 35 43 43
4737 0 60 120 20 0 4737 0 60 120 20 90 52 58 58
4737 0 60 120 20 0 4737 0 60 120 20 180 64 79 79
4737 0 60 120 20 0 4737 0 60 120 40 0 38 45 45
4737 0 60 120 20 0 4737 0 60 120 40 90 56 60 60
4737 0 60 120 20 0 4737 0 60 120 40 180 63 78 78
4737 0 60 120 20 0 4737 0 60 120 60 0 44 49 49
4737 0 60 120 20 0 4737 0 60 120 60 90 59 62 62
4737 0 60 120 20 0 4737 0 60 120 60 180 61 77 77
4737 0 60 120 20 0 4737 0 0 0 0 0 69 68 68
4737 0 60 120 20 0 4737 0 0 0 0 90 56 60 60
4737 0 60 120 20 0 4737 0 0 0 0 180 49 57 57
4737 0 60 120 20 0 4737 0 0 0 20 0 66 64 64
4737 0 60 120 20 0 4737 0 0 0 20 90 51 56 56
4737 0 60 120 20 0 4737 0 0 0 20 180 54 58 58
4737 0 60 120 20 0 4737 0 0 0 40 0 61 60 60
4737 0 60 120 20 0 4737 0 0 0 40 90 47 53 53
4737 0 60 120 20 0 4737 0 0 0 40 180 58 60 60
4737 0 60 120 20 0 4737 0 0 0 60 0 55 57 57
4737 0 60 120 20 0 4737 0 0 0 60 90 44 51 51
4737 0 60 120 20 0 4737 0 0 0 60 180 61 62 62
4737 0 60 120 20 0 4737 0 0 60 0 0 55 57 57
4737 0 60 120 20 0 4737 0 0 60 0 90 44 51 51
4737 0 60 120 20 0 4737 0 0 60 0 180 61 62 62
4737 0 60 120 20 0 4737 0 0 60 20 0 50 54 54
4737 0 60 120 20 0 4737 0 0 60 20 90 43 50 50
4737 0 60 120 20 0 4737 0 0 60 20 180 65 64 64
4737 0 60 120 20 0 4737 0 0 60 40 0 44 52 52
4737 0 60 120 20 0 4737 0 0 60 40 90 44 51 51
4737 0 60 120 20 0 4737 0 0 60 40 180 67 66 66
4737 0 60 120 20 0 4737 0 0 60 60 0 40 50 50
4737 0 60 120 20 0 4737 0 0 60 60 90 48 52 52
4737 0 60 120 20 0 4737 0 0 60 60 180 68 69 69
4737 0 60 120 20 0 4737 0 0 120 0 0 40 50 50
4737 0 60 120 20 0 4737 0 0 120 0 90 48 52 52
4737 0 60 120 20 0 4737 0 0 120 0 180 68 69 69
4737 0 60 120 20 0 4737 0 0 120 20 0 40 50 50
4737 0 60 120 20 0 4737 0 0 120 20 90 52 54 54
4737 0 60 120 20 0 4737 0 0 120 20 180 67 70 70
4737 0 60 120 20 0 4737 0 0 120 40 0 43 51 51
4737 0 60 120 20 0 4737 0 0 120 40 90 57 57 57
4737 0 60 120 20 0 4737 0 0 120 40 180 66 71 71
4737 0 60 120 20 0 4737 0 0 120 60 0 48 53 53
4737 0 60 120 20 0 4737 0 0 120 60 90 61 59 59
4737 0 60 120 20 0 4737 0 0 120 60 180 63 69 69
4737 0 60 120 20 0 4737 0 30 0 0 0 68 65 65
4737 0 60 120 20 0 4737 0 30 0 0 90 56 55 55
4737 0 60 120 20 0 4737 0 30 0 0 180 49 52 52
4737 0 60 120 20 0 4737 0 30 0 20 0 66 63 63
4737 0 60 120 20 0 4737 0 30 0 20 90 51 51 51
4737 0 60 120 20 0 4737 0 30 0 20 180 52 52 52
4737 0 60 120 20 0 4737 0 30 0 40 0 60 60 60
4737 0 60 120 20 0 4737 0 30 0 40 90 47 49 49
4737 0 60 120 20 0 4737 0 30 0 40 180 57 53 53
4737 0 60 120 20 0 4737 0 30 0 60 0 55 58 58
4737 0 60 120 20 0 4737 0 30 0 60 90 43 47 47
4737 0 60 120 20 0 4737 0 30 0 60 180 60 54 54
4737 0 60 120 20 0 4737 0 30 60 0 0 55 56 56
4737 0 60 120 20 0 4737 0 30 60 0 90 43 47 47
4737 0 60 120 20 0 4737 0 30 60 0 180 60 64 64
4737 0 60 120 20 0 4737 0 30 60 20 0 49 54 54
4737 0 60 120 20 0 4737 0 30 60 20 90 42 46 46
4737 0 60 120 20 0 4737 0 30 60 20 180 63 65 65
4737 0 60 120 20 0 4737 0 30 60 40 0 44 52 52
4737 0 60 120 20 0 4737 0 30 60 40 90 43 46 46
4737 0 60 120 20 0 4737 0 30 60 40 180 66 67 67
4737 0 60 120 20 0 4737 0 30 60 60 0 40 50 50
4737 0 60 120 20 0 4737 0 30 60 60 90 46 48 48
4737 0 60 120 20 0 4737 0 30 60 60 180 67 69 69
4737 0 60 120 20 0 4737 0 30 120 0 0 39 45 45
4737 0 60 120 20 0 4737 0 30 120 0 90 46 52 52
4737 0 60 120 20 0 4737 0 30 120 0 180 68 72 72
4737 0 60 120 20 0 4737 0 30 120 20 0 38 44 44
4737 0 60 120 20 0 4737 0 30 120 20 90 51 53 53
4737 0 60 120 20 0 4737 0 30 120 20 180 67 73 73
4737 0 60 120 20 0 4737 0 30 120 40 0 41 46 46
4737 0 60 120 20 0 4737 0 30 120 40 90 56 55 55
4737 0 60 120 20 0 4737 0 30 120 40 180 65 73 73
4737 0 60 120 20 0 4737 0 30 120 60 0 47 49 49
4737 0 60 120 20 0 4737 0 30 120 60 90 60 59 59
4737 0 60 120 20 0 4737 0 30 120 60 180 63 72 72
4737 0 60 120 20 0 4737 0 60 0 0 0 64 69 69
4737 0 60 120 20 0 4737 0 60 0 0 90 54 57 57
4737 0 60 120 20 0 4737 0 60 0 0 180 47 50 50
4737 0 60 120 20 0 4737 0 60 0 20 0 62 67 67
4737 0 60 120 20 0 4737 0 60 0 20 90 49 54 54
4737 0 60 120 20 0 4737 0 60 0 20 180 49 50 50
4737 0 60 120 20 0 4737 0 60 0 40 0 58 65 65
4737 0 60 120 20 0 4737 0 60 0 40 90 44 53 53
4737 0 60 120 20 0 4737 0 60 0 40 180 52 51 51
4737 0 60 120 20 0 4737 0 60 0 60 0 53 63 63
4737 0 60 120 20 0 4737 0 60 0 60 90 42 51 51
4737 0 60 120 20 0 4737 0 60 0 60 180 56 54 54
4737 0 60 120 20 0 4737 0 60 60 0 0 53 61 61
4737 0 60 120 20 0 4737 0 60 60 0 90 41 51 51
4737 0 60 120 20 0 4737 0 60 60 0 180 57 70 70
4737 0 60 120 20 0 4737 0 60 60 20 0 48 60 60
4737 0 60 120 20 0 4737 0 60 60 20 90 39 48 48
4737 0 60 120 20 0 4737 0 60 60 20 180 60 72 72
4737 0 60 120 20 0 4737 0 60 60 40 0 42 59 59
4737 0 60 120 20 0 4737 0 60 60 40 90 40 49 49
4737 0 60 120 20 0 4737 0 60 60 40 180 61 74 74
4737 0 60 120 20 0 4737 0 60 60 60 0 39 58 58
4737 0 60 120 20 0 4737 0 60 60 60 90 43 51 51
4737 0 60 120 20 0 4737 0 60 60 60 180 62 75 75
4737 0 60 120 20 0 4737 0 60 120 0 0 36 46 46
4737 0 60 120 20 0 4737 0 60 120 0 90 43 56 56
4737 0 60 120 20 0 4737 0 60 120 0 180 63 81 81
4737 0 60 120 20 0 4737 0 60 120 20 0 33 44 44
4737 0 60 120 20 0 4737 0 60 120 20 90 47 57 57
4737 0 60 120 20 0 4737 0 60 120 20 180 63 82 82
4737 0 60 120 20 0 4737 0 60 120 40 0 38 49 49
4737 0 60 120 20 0 4737 0 60 120 40 90 52 60 60
4737 0 60 120 20 0 4737 0 60 120 40 180 62 82 82
4737 0 60 120 20 0 4737 0 60 120 60 0 44 53 53
4737 0 60 120 20 0 4737 0 60 120 60 90 55 63 63
4737 0 60 120 20 0 4737 0 60 120 60 180 59 82 82
4737 0 60 120 20 0 4737 0 0 0 0 0 68 66 66
4737 0 60 120 20 0 4737 0 0 0 0 90 61 62 62
4737 0 60 120 20 0 4737 0 0 0 0 180 51 59 59
4737 0 60 120 20 0 4737 0 0 0 20 0 65 62 62
4737 0 60 120 20 0 4737 0 0 0 20 90 55 58 58
4737 0 60 120 20 0 4737 0 0 0 20 180 54 60 60
4737 0 60 120 20 0 4737 0 0 0 40 0 60 59 59
4737 0 60 120 20 0 4737 0 0 0 40 90 50 54 54
4737 0 60 120 20 0 4737 0 0 0 40 180 57 61 61
4737 0 60 120 20 0 4737 0 0 0 60 0 55 56 56
4737 0 60 120 20 0 4737 0 0 0 60 90 46 52 52
4737 0 60 120 20 0 4737 0 0 0 60 180 60 62 62
4737 0 60 120 20 0 4737 0 0 60 0 0 55 56 56
4737 0 60 120 20 0 4737 0 0 60 0 90 46 52 52
4737 0 60 120 20 0 4737 0 0 60 0 180 60 62 62
4737 0 60 120 20 0 4737 0 0 60 20 0 49 53 53
4737 0 60 120 20 0 4737 0 0 60 20 90 44 50 50
4737 0 60 120 20 0 4737 0 0 60 20 180 63 63 63
4737 0 60 120 20 0 4737 0 0 60 40 0 45 51 51
4737 0 60 120 20 0 4737 0 0 60 40 90 44 49 49
4737 0 60 120 20 0 4737 0 0 60 40 180 65 65 65
4737 0 60 120 20 0 4737 0 0 60 60 0 42 50 50
4737 0 60 120 20 0 4737 0 0 60 60 90 45 50 50
4737 0 60 120 20 0 4737 0 0 60 60 180 66 66 66
4737 0 60 120 20 0 4737 0 0 120 0 0 42 50 50
4737 0 60 120 20 0 4737 0 0 120 0 90 45 50 50
4737 0 60 120 20 0 4737 0 0 120 0 180 66 66 66
4737 0 60 120 20 0 4737 0 0 120 20 0 40 49 49
4737 0 60 120 20 0 4737 0 0 120 20 90 48 51 51
4737 0 60 120 20 0 4737 0 0 120 20 180 66 67 67
4737 0 60 120 20 0 4737 0 0 120 40 0 43 50 50
4737 0 60 120 20 0 4737 0 0 120 40 90 53 53 53
4737 0 60 120 20 0 4737 0 0 120 40 180 64 68 68
4737 0 60 120 20 0 4737 0 0 120 60 0 48 52 52
4737 0 60 120 20 0 4737 0 0 120 60 90 57 56 56
4737 0 60 120 20 0 4737 0 0 120 60 180 62 68 68
4737 0 60 120 20 0 4737 0 30 0 0 0 67 65 65
4737 0 60 120 20 0 4737 0 30 0 0 90 60 59 59
4737 0 60 120 20 0 4737 0 30 0 0 180 51 54 54
4737 0 60 120 20 0 4737 0 30 0 20 0 65 62 62
4737 0 60 120 20 0 4737 0 30 0 20 90 55 55 55
4737 0 60 120 20 0 4737 0 30 0 20 180 53 54 54
4737 0 60 120 20 0 4737 0 30 0 40 0 60 60 60
4737 0 60 120 20 0 4737 0 30 0 40 90 50 53 53
4737 0 60 120 20 0 4737 0 30 0 40 180 56 54 54
4737 0 60 120 20 0 4737 0 30 0 60 0 55 58 58
4737 0 60 120 20 0 4737 0 30 0 60 90 46 51 51
4737 0 60 120 20 0 4737 0 30 0 60 180 59 55 55
4737 0 60 120 20 0 4737 0 30 60 0 0 55 58 58
4737 0 60 120 20 0 4737 0 30 60 0 90 45 52 52
4737 0 60 120 20 0 4737 0 30 60 0 180 59 66 66
4737 0 60 120 20 0 4737 0 30 60 20 0 49 55 55
4737 0 60 120 20 0 4737 0 30 60 20 90 43 49 49
4737 0 60 120 20 0 4737 0 30 60 20 180 62 67 67
4737 0 60 120 20 0 4737 0 30 60 40 0 44 53 53
4737 0 60 120 20 0 4737 0 30 60 40 90 43 48 48
4737 0 60 120 20 0 4737 0 30 60 40 180 64 69 69
4737 0 60 120 20 0 4737 0 30 60 60 0 41 52 52
4737 0 60 120 20 0 4737 0 30 60 60 90 44 48 48
4737 0 60 120 20 0 4737 0 30 60 60 180 66 70 70
4737 0 60 120 20 0 4737 0 30 120 0 0 40 48 48
4737 0 60 120 20 0 4737 0 30 120 0 90 44 50 50
4737 0 60 120 20 0 4737 0 30 120 0 180 66 72 72
4737 0 60 120 20 0 4737 0 30 120 20 0 39 47 47
4737 0 60 120 20 0 4737 0 30 120 20 90 47 52 52
4737 0 60 120 20 0 4737 0 30 120 20 180 65 73 73
4737 0 60 120 20 0 4737 0 30 120 40 0 41 49 49
4737 0 60 120 20 0 4737 0 30 120 40 90 51 54 54
4737 0 60 120 20 0 4737 0 30 120 40 180 63 73 73
4737 0 60 120 20 0 4737 0 30 120 60 0 47 52 52
4737 0 60 120 20 0 4737 0 30 120 60 90 56 58 58
4737 0 60 120 20 0 4737 0 30 120 60 180 61 73 73
4737 0 60 120 20 0 4737 0 60 0 0 0 62 68 68
4737 0 60 120 20 0 4737 0 60 0 0 90 57 61 61
4737 0 60 120 20 0 4737 0 60 0 0 180 50 52 52
4737 0 60 120 20 0 4737 0 60 0 20 0 60 66 66
4737 0 60 120 20 0 4737 0 60 0 20 90 53 59 59
4737 0 60 120 20 0 4737 0 60 0 20 180 51 51 51
4737 0 60 120 20 0 4737 0 60 0 40 0 57 64 64
4737 0 60 120 20 0 4737 0 60 0 40 90 48 56 56
4737 0 60 120 20 0 4737 0 60 0 40 180 52 52 52
4737 0 60 120 20 0 4737 0 60 0 60 0 52 62 62
4737 0 60 120 20 0 4737 0 60 0 60 90 45 55 55
4737 0 60 120 20 0 4737 0 60 0 60 180 55 53 53
4737 0 60 120 20 0 4737 0 60 60 0 0 52 65 65
4737 0 60 120 20 0 4737 0 60 60 0 90 44 57 57
4737 0 60 120 20 0 4737 0 60 60 0 180 55 73 73
4737 0 60 120 20 0 4737 0 60 60 20 0 47 63 63
4737 0 60 120 20 0 4737 0 60 60 20 90 41 54 54
4737 0 60 120 20 0 4737 0 60 60 20 180 57 75 75
4737 0 60 120 20 0 4737 0 60 60 40 0 43 63 63
4737 0 60 120 20 0 4737 0 60 60 40 90 40 55 55
4737 0 60 120 20 0 4737 0 60 60 40 180 60 77 77
4737 0 60 120 20 0 4737 0 60 60 60 0 40 62 62
4737 0 60 120 20 0 4737 0 60 60 60 90 40 56 56
4737 0 60 120 20 0 4737 0 60 60 60 180 60 77 77
4737 0 60 120 20 0 4737 0 60 120 0 0 35 50 50
4737 0 60 120 20 0 4737 0 60 120 0 90 39 55 55
4737 0 60 120 20 0 4737 0 60 120 0 180 61 83 83
4737 0 60 120 20 0 4737 0 60 120 20 0 34 51 51
4737 0 60 120 20 0 4737 0 60 120 20 90 43 58 58
4737 0 60 120 20 0 4737 0 60 120 20 180 61 84 84
4737 0 60 120 20 0 4737 0 60 120 40 0 38 54 54
4737 0 60 120 20 0 4737 0 60 120 40 90 48 61 61
4737 0 60 120 20 0 4737 0 60 120 40 180 59 85 85
4737 0 60 120 20 0 4737 0 60 120 60 0 43 58 58
4737 0 60 120 20 0 4737 0 60 120 60 90 52 64 64
4737 0 60 120 20 0 4737 0 60 120 60 180 57 85 85
4737 0 60 120 40 0 4737 0 0 0 0 0 68 72 72
4737 0 60 120 40 0 4737 0 0 0 0 90 52 57 57
4737 0 60 120 40 0 4737 0 0 0 0 180 44 53 53
4737 0 60 120 40 0 4737 0 0 0 20 0 67 70 70
4737 0 60 120 40 0 4737 0 0 0 20 90 47 54 54
4737 0 60 120 40 0 4737 0 0 0 20 180 48 54 54
4737 0 60 120 40 0 4737 0 0 0 40 0 64 66 66
4737 0 60 120 40 0 4737 0 0 0 40 90 44 52 52
4737 0 60 120 40 0 4737 0 0 0 40 180 53 56 56
4737 0 60 120 40 0 4737 0 0 0 60 0 61 62 62
4737 0 60 120 40 0 4737 0 0 0 60 90 42 52 52
4737 0 60 120 40 0 4737 0 0 0 60 180 58 59 59
4737 0 60 120 40 0 4737 0 0 60 0 0 61 62 62
4737 0 60 120 40 0 4737 0 0 60 0 90 42 52 52
4737 0 60 120 40 0 4737 0 0 60 0 180 58 59 59
4737 0 60 120 40 0 4737 0 0 60 20 0 55 58 58
4737 0 60 120 40 0 4737 0 0 60 20 90 42 53 53
4737 0 60 120 40 0 4737 0 0 60 20 180 63 62 62
4737 0 60 120 40 0 4737 0 0 60 40 0 50 55 55
4737 0 60 120 40 0 4737 0 0 60 40 90 45 54 54
4737 0 60 120 40 0 4737 0 0 60 40 180 67 65 65
4737 0 60 120 40 0 4737 0 0 60 60 0 45 53 53
4737 0 60 120 40 0 4737 0 0 60 60 90 50 55 55
4737 0 60 120 40 0 4737 0 0 60 60 180 69 68 68
4737 0 60 120 40 0 4737 0 0 120 0 0 45 53 53
4737 0 60 120 40 0 4737 0 0 120 0 90 50 55 55
4737 0 60 120 40 0 4737 0 0 120 0 180 69 68 68
4737 0 60 120 40 0 4737 0 0 120 20 0 42 52 52
4737 0 60 120 40 0 4737 0 0 120 20 90 56 58 58
4737 0 60 120 40 0 4737 0 0 120 20 180 69 71 71
4737 0 60 120 40 0 4737 0 0 120 40 0 42 52 52
4737 0 60 120 40 0 4737 0 0 120 40 90 61 60 60
4737 0 60 120 40 0 4737 0 0 120 40 180 69 72 72
4737 0 60 120 40 0 4737 0 0 120 60 0 44 53 53
4737 0 60 120 40 0 4737 0 0 120 60 90 65 63 63
4737 0 60 120 40 0 4737 0 0 120 60 180 68 72 72
4737 0 60 120 40 0 4737 0 30 0 0 0 68 69 69
4737 0 60 120 40 0 4737 0 30 0 0 90 52 50 50
4737 0 60 120 40 0 4737 0 30 0 0 180 42 49 49
4737 0 60 120 40 0 4737 0 30 0 20 0 66 66 66
4737 0 60 120 40 0 4737 0 30 0 20 90 47 46 46
4737 0 60 120 40 0 4737 0 30 0 20 180 47 49 49
4737 0 60 120 40 0 4737 0 30 0 40 0 64 63 63
4737 0 60 120 40 0 4737 0 30 0 40 90 43 45 45
4737 0 60 120 40 0 4737 0 30 0 40 180 52 50 50
4737 0 60 120 40 0 4737 0 30 0 60 0 61 61 61
4737 0 60 120 40 0 4737 0 30 0 60 90 41 45 45
4737 0 60 120 40 0 4737 0 30 0 60 180 57 52 52
4737 0 60 120 40 0 4737 0 30 60 0 0 60 56 56
4737 0 60 120 40 0 4737 0 30 60 0 90 41 46 46
4737 0 60 120 40 0 4737 0 30 60 0 180 58 59 59
4737 0 60 120 40 0 4737 0 30 60 20 0 55 53 53
4737 0 60 120 40 0 4737 0 30 60 20 90 41 45 45
4737 0 60 120 40 0 4737 0 30 60 20 180 62 61 61
4737 0 60 120 40 0 4737 0 30 60 40 0 49 51 51
4737 0 60 120 40 0 4737 0 30 60 40 90 44 45 45
4737 0 60 120 40 0 4737 0 30 60 40 180 66 62 62
4737 0 60 120 40 0 4737 0 30 60 60 0 45 49 49
4737 0 60 120 40 0 4737 0 30 60 60 90 50 47 47
4737 0 60 120 40 0 4737 0 30 60 60 180 68 64 64
4737 0 60 120 40 0 4737 0 30 120 0 0 45 45 45
4737 0 60 120 40 0 4737 0 30 120 0 90 50 54 54
4737 0 60 120 40 0 4737 0 30 120 0 180 68 69 69
4737 0 60 120 40 0 4737 0 30 120 20 0 42 44 44
4737 0 60 120 40 0 4737 0 30 120 20 90 55 55 55
4737 0 60 120 40 0 4737 0 30 120 20 180 68 70 70
4737 0 60 120 40 0 4737 0 30 120 40 0 40 43 43
4737 0 60 120 40 0 4737 0 30 120 40 90 60 56 56
4737 0 60 120 40 0 4737 0 30 120 40 180 68 70 70
4737 0 60 120 40 0 4737 0 30 120 60 0 42 44 44
4737 0 60 120 40 0 4737 0 30 120 60 90 64 58 58
4737 0 60 120 40 0 4737 0 30 120 60 180 68 70 70
4737 0 60 120 40 0 4737 0 60 0 0 0 64 70 70
4737 0 60 120 40 0 4737 0 60 0 0 90 50 51 51
4737 0 60 120 40 0 4737 0 60 0 0 180 41 50 50
4737 0 60 120 40 0 4737 0 60 0 20 0 63 68 68
4737 0 60 120 40 0 4737 0 60 0 20 90 45 48 48
4737 0 60 120 40 0 4737 0 60 0 20 180 44 50 50
4737 0 60 120 40 0 4737 0 60 0 40 0 61 66 66
4737 0 60 120 40 0 4737 0 60 0 40 90 40 46 46
4737 0 60 120 40 0 4737 0 60 0 40 180 49 51 51
4737 0 60 120 40 0 4737 0 60 0 60 0 58 65 65
4737 0 60 120 40 0 4737 0 60 0 60 90 39 46 46
4737 0 60 120 40 0 4737 0 60 0 60 180 54 54 54
4737 0 60 120 40 0 4737 0 60 60 0 0 57 57 57
4737 0 60 120 40 0 4737 0 60 60 0 90 39 46 46
4737 0 60 120 40 0 4737 0 60 60 0 180 55 63 63
4737 0 60 120 40 0 4737 0 60 60 20 0 53 55 55
4737 0 60 120 40 0 4737 0 60 60 20 90 39 45 45
4737 0 60 120 40 0 4737 0 60 60 20 180 59 64 64
4737 0 60 120 40 0 4737 0 60 60 40 0 47 53 53
4737 0 60 120 40 0 4737 0 60 60 40 90 41 44 44
4737 0 60 120 40 0 4737 0 60 60 40 180 62 66 66
4737 0 60 120 40 0 4737 0 60 60 60 0 44 52 52
4737 0 60 120 40 0 4737 0 60 60 60 90 46 47 47
4737 0 60 120 40 0 4737 0 60 60 60 180 63 68 68
4737 0 60 120 40 0 4737 0 60 120 0 0 42 47 47
4737 0 60 120 40 0 4737 0 60 120 0 90 47 56 56
4737 0 60 120 40 0 4737 0 60 120 0 180 64 72 72
4737 0 60 120 40 0 4737 0 60 120 20 0 38 44 44
4737 0 60 120 40 0 4737 0 60 120 20 90 52 57 57
4737 0 60 120 40 0 4737 0 60 120 20 180 64 73 73
4737 0 60 120 40 0 4737 0 60 120 40 0 38 43 43
4737 0 60 120 40 0 4737 0 60 120 40 90 56 59 59
4737 0 60 120 40 0 4737 0 60 120 40 180 64 74 74
4737 0 60 120 40 0 4737 0 60 120 60 0 40 44 44
4737 0 60 120 40 0 4737 0 60 120 60 90 59 61 61
4737 0 60 120 40 0 4737 0 60 120 60 180 63 73 73
4737 0 60 120 40 0 4737 0 0 0 0 0 69 71 71
4737 0 60 120 40 0 4737 0 0 0 0 90 57 60 60
4737 0 60 120 40 0 4737 0 0 0 0 180 45 55 55
4737 0 60 120 40 0 4737 0 0 0 20 0 68 69 69
4737 0 60 120 40 0 4737 0 0 0 20 90 52 56 56
4737 0 60 120 40 0 4737 0 0 0 20 180 48 56 56
4737 0 60 120 40 0 4737 0 0 0 40 0 65 65 65
4737 0 60 120 40 0 4737 0 0 0 40 90 47 53 53
4737 0 60 120 40 0 4737 0 0 0 40 180 53 57 57
4737 0 60 120 40 0 4737 0 0 0 60 0 61 62 62
4737 0 60 120 40 0 4737 0 0 0 60 90 44 51 51
4737 0 60 120 40 0 4737 0 0 0 60 180 58 59 59
4737 0 60 120 40 0 4737 0 0 60 0 0 61 62 62
4737 0 60 120 40 0 4737 0 0 60 0 90 44 51 51
4737 0 60 120 40 0 4737 0 0 60 0 180 58 59 59
4737 0 60 120 40 0 4737 0 0 60 20 0 55 58 58
4737 0 60 120 40 0 4737 0 0 60 20 90 42 51 51
4737 0 60 120 40 0 4737 0 0 60 20 180 62 62 62
4737 0 60 120 40 0 4737 0 0 60 40 0 50 55 55
4737 0 60 120 40 0 4737 0 0 60 40 90 43 52 52
4737 0 60 120 40 0 4737 0 0 60 40 180 66 64 64
4737 0 60 120 40 0 4737 0 0 60 60 0 44 52 52
4737 0 60 120 40 0 4737 0 0 60 60 90 46 53 53
4737 0 60 120 40 0 4737 0 0 60 60 180 68 67 67
4737 0 60 120 40 0 4737 0 0 120 0 0 44 52 52
4737 0 60 120 40 0 4737 0 0 120 0 90 46 53 53
4737 0 60 120 40 0 4737 0 0 120 0 180 68 67 67
4737 0 60 120 40 0 4737 0 0 120 20 0 41 51 51
4737 0 60 120 40 0 4737 0 0 120 20 90 51 55 55
4737 0 60 120 40 0 4737 0 0 120 20 180 69 70 70
4737 0 60 120 40 0 4737 0 0 120 40 0 40 51 51
4737 0 60 120 40 0 4737 0 0 120 40 90 56 57 57
4737 0 60 120 40 0 4737 0 0 120 40 180 68 72 72
4737 0 60 120 40 0 4737 0 0 120 60 0 43 52 52
4737 0 60 120 40 0 4737 0 0 120 60 90 61 60 60
4737 0 60 120 40 0 4737 0 0 120 60 180 67 72 72
4737 0 60 120 40 0 4737 0 30 0 0 0 68 69 69
4737 0 60 120 40 0 4737 0 30 0 0 90 57 54 54
4737 0 60 120 40 0 4737 0 30 0 0 180 44 50 50
4737 0 60 120 40 0 4737 0 30 0 20 0 68 66 66
4737 0 60 120 40 0 4737 0 30 0 20 90 52 50 50
4737 0 60 120 40 0 4737 0 30 0 20 180 47 50 50
4737 0 60 120 40 0 4737 0 30 0 40 0 65 63 63
4737 0 60 120 40 0 4737 0 30 0 40 90 47 48 48
4737 0 60 120 40 0 4737 0 30 0 40 180 52 51 51
4737 0 60 120 40 0 4737 0 30 0 60 0 60 61 61
4737 0 60 120 40 0 4737 0 30 0 60 90 43 46 46
4737 0 60 120 40 0 4737 0 30 0 60 180 57 52 52
4737 0 60 120 40 0 4737 0 30 60 0 0 60 58 58
4737 0 60 120 40 0 4737 0 30 60 0 90 44 47 47
4737 0 60 120 40 0 4737 0 30 60 0 180 57 61 61
4737 0 60 120 40 0 4737 0 30 60 20 0 55 55 55
4737 0 60 120 40 0 4737 0 30 60 20 90 41 45 45
4737 0 60 120 40 0 4737 0 30 60 20 180 61 62 62
4737 0 60 120 40 0 4737 0 30 60 40 0 49 52 52
4737 0 60 120 40 0 4737 0 30 60 40 90 41 45 45
4737 0 60 120 40 0 4737 0 30 60 40 180 65 64 64
4737 0 60 120 40 0 4737 0 30 60 60 0 44 50 50
4737 0 60 120 40 0 4737 0 30 60 60 90 45 46 46
4737 0 60 120 40 0 4737 0 30 60 60 180 67 66 66
4737 0 60 120 40 0 4737 0 30 120 0 0 44 46 46
4737 0 60 120 40 0 4737 0 30 120 0 90 45 52 52
4737 0 60 120 40 0 4737 0 30 120 0 180 67 70 70
4737 0 60 120 40 0 4737 0 30 120 20 0 40 44 44
4737 0 60 120 40 0 4737 0 30 120 20 90 50 53 53
4737 0 60 120 40 0 4737 0 30 120 20 180 68 72 72
4737 0 60 120 40 0 4737 0 30 120 40 0 39 44 44
4737 0 60 120 40 0 4737 0 30 120 40 90 55 55 55
4737 0 60 120 40 0 4737 0 30 120 40 180 68 73 73
4737 0 60 120 40 0 4737 0 30 120 60 0 41 45 45
4737 0 60 120 40 0 4737 0 30 120 60 90 60 57 57
4737 0 60 120 40 0 4737 0 30 120 60 180 66 72 72
4737 0 60 120 40 0 4737 0 60 0 0 0 64 71 71
4737 0 60 120 40 0 4737 0 60 0 0 90 54 55 55
4737 0 60 120 40 0 4737 0 60 0 0 180 42 50 50
4737 0 60 120 40 0 4737 0 60 0 20 0 64 69 69
4737 0 60 120 40 0 4737 0 60 0 20 90 50 52 52
4737 0 60 120 40 0 4737 0 60 0 20 180 45 50 50
4737 0 60 120 40 0 4737 0 60 0 40 0 62 67 67
4737 0 60 120 40 0 4737 0 60 0 40 90 44 50 50
4737 0 60 120 40 0 4737 0 60 0 40 180 49 50 50
4737 0 60 120 40 0 4737 0 60 0 60 0 58 65 65
4737 0 60 120 40 0 4737 0 60 0 60 90 41 49 49
4737 0 60 120 40 0 4737 0 60 0 60 180 53 52 52
4737 0 60 120 40 0 4737 0 60 60 0 0 57 60 60
4737 0 60 120 40 0 4737 0 60 60 0 90 42 49 49
4737 0 60 120 40 0 4737 0 60 60 0 180 55 66 66
4737 0 60 120 40 0 4737 0 60 60 20 0 53 58 58
4737 0 60 120 40 0 4737 0 60 60 20 90 39 46 46
4737 0 60 120 40 0 4737 0 60 60 20 180 58 67 67
4737 0 60 120 40 0 4737 0 60 60 40 0 47 56 56
4737 0 60 120 40 0 4737 0 60 60 40 90 39 45 45
4737 0 60 120 40 0 4737 0 60 60 40 180 61 69 69
4737 0 60 120 40 0 4737 0 60 60 60 0 42 55 55
4737 0 60 120 40 0 4737 0 60 60 60 90 42 46 46
4737 0 60 120 40 0 4737 0 60 60 60 180 62 71 71
4737 0 60 120 40 0 4737 0 60 120 0 0 42 48 48
4737 0 60 120 40 0 4737 0 60 120 0 90 42 56 56
4737 0 60 120 40 0 4737 0 60 120 0 180 63 77 77
4737 0 60 120 40 0 4737 0 60 120 20 0 36 45 45
4737 0 60 120 40 0 4737 0 60 120 20 90 47 57 57
4737 0 60 120 40 0 4737 0 60 120 20 180 63 78 78
4737 0 60 120 40 0 4737 0 60 120 40 0 35 43 43
4737 0 60 120 40 0 4737 0 60 120 40 90 52 58 58
4737 0 60 120 40 0 4737 0 60 120 40 180 63 79 79
4737 0 60 120 40 0 4737 0 60 120 60 0 38 45 45
4737 0 60 120 40 0 4737 0 60 120 60 90 56 61 61
4737 0 60 120 40 0 4737 0 60 120 60 180 63 79 79
4737 0 60 120 40 0 4737 0 0 0 0 0 70 70 70
4737 0 60 120 40 0 4737 0 0 0 0 90 61 64 64
4737 0 60 120 40 0 4737 0 0 0 0 180 47 56 56
4737 0 60 120 40 0 4737 0 0 0 20 0 69 68 68
4737 0 60 120 40 0 4737 0 0 0 20 90 56 60 60
4737 0 60 120 40 0 4737 0 0 0 20 180 49 57 57
4737 0 60 120 40 0 4737 0 0 0 40 0 66 64 64
4737 0 60 120 40 0 4737 0 0 0 40 90 51 56 56
4737 0 60 120 40 0 4737 0 0 0 40 180 54 58 58
4737 0 60 120 40 0 4737 0 0 0 60 0 61 60 60
4737 0 60 120 40 0 4737 0 0 0 60 90 47 53 53
4737 0 60 120 40 0 4737 0 0 0 60 180 58 60 60
4737 0 60 120 40 0 4737 0 0 60 0 0 61 60 60
4737 0 60 120 40 0 4737 0 0 60 0 90 47 53 53
4737 0 60 120 40 0 4737 0 0 60 0 180 58 60 60
4737 0 60 120 40 0 4737 0 0 60 20 0 55 57 57
4737 0 60 120 40 0 4737 0 0 60 20 90 44 51 51
4737 0 60 120 40 0 4737 0 0 60 20 180 61 62 62
4737 0 60 120 40 0 4737 0 0 60 40 0 49 54 54
4737 0 60 120 40 0 4737 0 0 60 40 90 43 50 50
4737 0 60 120 40 0 4737 0 0 60 40 180 65 64 64
4737 0 60 120 40 0 4737 0 0 60 60 0 44 52 52
4737 0 60 120 40 0 4737 0 0 60 60 90 44 51 51
4737 0 60 120 40 0 4737 0 0 60 60 180 67 66 66
4737 0 60 120 40 0 4737 0 0 120 0 0 44 52 52
4737 0 60 120 40 0 4737 0 0 120 0 90 44 51 51
4737 0 60 120 40 0 4737 0 0 120 0 180 67 66 66
4737 0 60 120 40 0 4737 0 0 120 20 0 40 50 50
4737 0 60 120 40 0 4737 0 0 120 20 90 47 52 52
4737 0 60 120 40 0 4737 0 0 120 20 180 68 69 69
4737 0 60 120 40 0 4737 0 0 120 40 0 40 50 50
4737 0 60 120 40 0 4737 0 0 120 40 90 52 54 54
4737 0 60 120 40 0 4737 0 0 120 40 180 67 71 71
4737 0 60 120 40 0 4737 0 0 120 60 0 43 51 51
4737 0 60 120 40 0 4737 0 0 120 60 90 57 57 57
4737 0 60 120 40 0 4737 0 0 120 60 180 65 71 71
4737 0 60 120 40 0 4737 0 30 0 0 0 69 68 68
4737 0 60 120 40 0 4737 0 30 0 0 90 61 59 59
4737 0 60 120 40 0 4737 0 30 0 0 180 47 52 52
4737 0 60 120 40 0 4737 0 30 0 20 0 68 65 65
4737 0 60 120 40 0 4737 0 30 0 20 90 56 54 54
4737 0 60 120 40 0 4737 0 30 0 20 180 48 52 52
4737 0 60 120 40 0 4737 0 30 0 40 0 65 63 63
4737 0 60 120 40 0 4737 0 30 0 40 90 51 51 51
4737 0 60 120 40 0 4737 0 30 0 40 180 52 52 52
4737 0 60 120 40 0 4737 0 30 0 60 0 60 60 60
4737 0 60 120 40 0 4737 0 30 0 60 90 46 49 49
4737 0 60 120 40 0 4737 0 30 0 60 180 57 53 53
4737 0 60 120 40 0 4737 0 30 60 0 0 60 60 60
4737 0 60 120 40 0 4737 0 30 60 0 90 47 50 50
4737 0 60 120 40 0 4737 0 30 60 0 180 57 63 63
4737 0 60 120 40 0 4737 0 30 60 20 0 55 56 56
4737 0 60 120 40 0 4737 0 30 60 20 90 43 48 48
4737 0 60 120 40 0 4737 0 30 60 20 180 60 64 64
4737 0 60 120 40 0 4737 0 30 60 40 0 49 54 54
4737 0 60 120 40 0 4737 0 30 60 40 90 42 46 46
4737 0 60 120 40 0 4737 0 30 60 40 180 63 66 66
4737 0 60 120 40 0 4737 0 30 60 60 0 44 52 52
4737 0 60 120 40 0 4737 0 30 60 60 90 43 46 46
4737 0 60 120 40 0 4737 0 30 60 60 180 66 67 67
4737 0 60 120 40 0 4737 0 30 120 0 0 43 48 48
4737 0 60 120 40 0 4737 0 30 120 0 90 43 51 51
4737 0 60 120 40 0 4737 0 30 120 0 180 66 72 72
4737 0 60 120 40 0 4737 0 30 120 20 0 39 45 45
4737 0 60 120 40 0 4737 0 30 120 20 90 46 52 52
4737 0 60 120 40 0 4737 0 30 120 20 180 68 73 73
4737 0 60 120 40 0 4737 0 30 120 40 0 38 44 44
4737 0 60 120 40 0 4737 0 30 120 40 90 51 53 53
4737 0 60 120 40 0 4737 0 30 120 40 180 66 73 73
4737 0 60 120 40 0 4737 0 30 120 60 0 41 46 46
4737 0 60 120 40 0 4737 0 30 120 60 90 55 55 55
4737 0 60 120 40 0 4737 0 30 120 60 180 65 73 73
4737 0 60 120 40 0 4737 0 60 0 0 0 64 71 71
4737 0 60 120 40 0 4737 0 60 0 0 90 57 60 60
4737 0 60 120 40 0 4737 0 60 0 0 180 45 52 52
4737 0 60 120 40 0 4737 0 60 0 20 0 63 69 69
4737 0 60 120 40 0 4737 0 60 0 20 90 53 57 57
4737 0 60 120 40 0 4737 0 60 0 20 180 47 51 51
4737 0 60 120 40 0 4737 0 60 0 40 0 62 67 67
4737 0 60 120 40 0 4737 0 60 0 40 90 48 55 55
4737 0 60 120 40 0 4737 0 60 0 40 180 49 50 50
4737 0 60 120 40 0 4737 0 60 0 60 0 58 65 65
4737 0 60 120 40 0 4737 0 60 0 60 90 44 53 53
4737 0 60 120 40 0 4737 0 60 0 60 180 52 51 51
4737 0 60 120 40 0 4737 0 60 60 0 0 57 64 64
4737 0 60 120 40 0 4737 0 60 60 0 90 45 54 54
4737 0 60 120 40 0 4737 0 60 60 0 180 54 69 69
4737 0 60 120 40 0 4737 0 60 60 20 0 53 62 62
4737 0 60 120 40 0 4737 0 60 60 20 90 41 51 51
4737 0 60 120 40 0 4737 0 60 60 20 180 57 71 71
4737 0 60 120 40 0 4737 0 60 60 40 0 47 60 60
4737 0 60 120 40 0 4737 0 60 60 40 90 39 49 49
4737 0 60 120 40 0 4737 0 60 60 40 180 59 72 72
4737 0 60 120 40 0 4737 0 60 60 60 0 42 59 59
4737 0 60 120 40 0 4737 0 60 60 60 90 40 50 50
4737 0 60 120 40 0 4737 0 60 60 60 180 61 74 74
4737 0 60 120 40 0 4737 0 60 120 0 0 41 50 50
4737 0 60 120 40 0 4737 0 60 120 0 90 39 55 55
4737 0 60 120 40 0 4737 0 60 120 0 180 61 81 81
4737 0 60 120 40 0 4737 0 60 120 20 0 36 46 46
4737 0 60 120 40 0 4737 0 60 120 20 90 43 56 56
4737 0 60 120 40 0 4737 0 60 120 20 180 62 82 82
4737 0 60 120 40 0 4737 0 60 120 40 0 33 45 45
4737 0 60 120 40 0 4737 0 60 120 40 90 47 58 58
4737 0 60 120 40 0 4737 0 60 120 40 180 62 82 82
4737 0 60 120 40 0 4737 0 60 120 60 0 38 49 49
4737 0 60 120 40 0 4737 0 60 120 60 90 52 61 61
4737 0 60 120 40 0 4737 0 60 120 60 180 61 83 83
4737 0 60 120 40 0 4737 0 0 0 0 0 69 68 68
4737 0 60 120 40 0 4737 0 0 0 0 90 65 65 65
4737 0 60 120 40 0 4737 0 0 0 0 180 50 58 58
4737 0 60 120 40 0 4737 0 0 0 20 0 68 66 66
4737 0 60 120 40 0 4737 0 0 0 20 90 60 62 62
4737 0 60 120 40 0 4737 0 0 0 20 180 51 58 58
4737 0 60 120 40 0 4737 0 0 0 40 0 65 62 62
4737 0 60 120 40 0 4737 0 0 0 40 90 55 58 58
4737 0 60 120 40 0 4737 0 0 0 40 180 54 59 59
4737 0 60 120 40 0 4737 0 0 0 60 0 60 59 59
4737 0 60 120 40 0 4737 0 0 0 60 90 50 54 54
4737 0 60 120 40 0 4737 0 0 0 60 180 57 61 61
4737 0 60 120 40 0 4737 0 0 60 0 0 60 59 59
4737 0 60 120 40 0 4737 0 0 60 0 90 50 54 54
4737 0 60 120 40 0 4737 0 0 60 0 180 57 61 61
4737 0 60 120 40 0 4737 0 0 60 20 0 55 56 56
4737 0 60 120 40 0 4737 0 0 60 20 90 46 52 52
4737 0 60 120 40 0 4737 0 0 60 20 180 60 62 62
4737 0 60 120 40 0 4737 0 0 60 40 0 49 53 53
4737 0 60 120 40 0 4737 0 0 60 40 90 44 50 50
4737 0 60 120 40 0 4737 0 0 60 40 180 63 64 64
4737 0 60 120 40 0 4737 0 0 60 60 0 45 51 51
4737 0 60 120 40 0 4737 0 0 60 60 90 44 49 49
4737 0 60 120 40 0 4737 0 0 60 60 180 65 65 65
4737 0 60 120 40 0 4737 0 0 120 0 0 45 51 51
4737 0 60 120 40 0 4737 0 0 120 0 90 44 49 49
4737 0 60 120 40 0 4737 0 0 120 0 180 65 65 65
4737 0 60 120 40 0 4737 0 0 120 20 0 41 49 49
4737 0 60 120 40 0 4737 0 0 120 20 90 45 49 49
4737 0 60 120 40 0 4737 0 0 120 20 180 66 67 67
4737 0 60 120 40 0 4737 0 0 120 40 0 40 49 49
4737 0 60 120 40 0 4737 0 0 120 40 90 48 51 51
4737 0 60 120 40 0 4737 0 0 120 40 180 66 68 68
4737 0 60 120 40 0 4737 0 0 120 60 0 43 50 50
4737 0 60 120 40 0 4737 0 0 120 60 90 53 53 53
4737 0 60 120 40 0 4737 0 0 120 60 180 64 68 68
4737 0 60 120 40 0 4737 0 30 0 0 0 68 67 67
4737 0 60 120 40 0 4737 0 30 0 0 90 64 63 63
4737 0 60 120 40 0 4737 0 30 0 0 180 50 55 55
4737 0 60 120 40 0 4737 0 30 0 20 0 67 65 65
4737 0 60 120 40 0 4737 0 30 0 20 90 60 59 59
4737 0 60 120 40 0 4737 0 30 0 20 180 51 54 54
4737 0 60 120 40 0 4737 0 30 0 40 0 65 62 62
4737 0 60 120 40 0 4737 0 30 0 40 90 55 55 55
4737 0 60 120 40 0 4737 0 30 0 40 180 53 54 54
4737 0 60 120 40 0 4737 0 30 0 60 0 60 60 60
4737 0 60 120 40 0 4737 0 30 0 60 90 49 53 53
4737 0 60 120 40 0 4737 0 30 0 60 180 56 54 54
4737 0 60 120 40 0 4737 0 30 60 0 0 60 61 61
4737 0 60 120 40 0 4737 0 30 60 0 90 50 55 55
4737 0 60 120 40 0 4737 0 30 60 0 180 56 65 65
4737 0 60 120 40 0 4737 0 30 60 20 0 55 58 58
4737 0 60 120 40 0 4737 0 30 60 20 90 45 52 52
4737 0 60 120 40 0 4737 0 30 60 20 180 59 66 66
4737 0 60 120 40 0 4737 0 30 60 40 0 49 56 56
4737 0 60 120 40 0 4737 0 30 60 40 90 43 49 49
4737 0 60 120 40 0 4737 0 30 60 40 180 62 67 67
4737 0 60 120 40 0 4737 0 30 60 60 0 44 54 54
4737 0 60 120 40 0 4737 0 30 60 60 90 43 48 48
4737 0 60 120 40 0 4737 0 30 60 60 180 64 69 69
4737 0 60 120 40 0 4737 0 30 120 0 0 44 50 50
4737 0 60 120 40 0 4737 0 30 120 0 90 42 50 50
4737 0 60 120 40 0 4737 0 30 120 0 180 64 72 72
4737 0 60 120 40 0 4737 0 30 120 20 0 40 48 48
4737 0 60 120 40 0 4737 0 30 120 20 90 43 50 50
4737 0 60 120 40 0 4737 0 30 120 20 180 65 73 73
4737 0 60 120 40 0 4737 0 30 120 40 0 38 47 47
4737 0 60 120 40 0 4737 0 30 120 40 90 47 52 52
4737 0 60 120 40 0 4737 0 30 120 40 180 65 73 73
4737 0 60 120 40 0 4737 0 30 120 60 0 41 49 49
4737 0 60 120 40 0 4737 0 30 120 60 90 51 54 54
4737 0 60 120 40 0 4737 0 30 120 60 180 63 73 73
4737 0 60 120 40 0 4737 0 60 0 0 0 63 70 70
4737 0 60 120 40 0 4737 0 60 0 0 90 59 64 64
4737 0 60 120 40 0 4737 0 60 0 0 180 49 54 54
4737 0 60 120 40 0 4737 0 60 0 20 0 62 69 69
4737 0 60 120 40 0 4737 0 60 0 20 90 56 61 61
4737 0 60 120 40 0 4737 0 60 0 20 180 50 52 52
4737 0 60 120 40 0 4737 0 60 0 40 0 60 67 67
4737 0 60 120 40 0 4737 0 60 0 40 90 52 59 59
4737 0 60 120 40 0 4737 0 60 0 40 180 51 51 51
4737 0 60 120 40 0 4737 0 60 0 60 0 56 64 64
4737 0 60 120 40 0 4737 0 60 0 60 90 47 57 57
4737 0 60 120 40 0 4737 0 60 0 60 180 52 52 52
4737 0 60 120 40 0 4737 0 60 60 0 0 56 67 67
4737 0 60 120 40 0 4737 0 60 60 0 90 48 60 60
4737 0 60 120 40 0 4737 0 60 60 0 180 51 73 73
4737 0 60 120 40 0 4737 0 60 60 20 0 52 66 66
4737 0 60 120 40 0 4737 0 60 60 20 90 44 57 57
4737 0 60 120 40 0 4737 0 60 60 20 180 54 74 74
4737 0 60 120 40 0 4737 0 60 60 40 0 47 64 64
4737 0 60 120 40 0 4737 0 60 60 40 90 40 55 55
4737 0 60 120 40 0 4737 0 60 60 40 180 57 76 76
4737 0 60 120 40 0 4737 0 60 60 60 0 42 63 63
4737 0 60 120 40 0 4737 0 60 60 60 90 39 55 55
4737 0 60 120 40 0 4737 0 60 60 60 180 59 78 78
4737 0 60 120 40 0 4737 0 60 120 0 0 40 53 53
4737 0 60 120 40 0 4737 0 60 120 0 90 38 56 56
4737 0 60 120 40 0 4737 0 60 120 0 180 59 83 83
4737 0 60 120 40 0 4737 0 60 120 20 0 35 51 51
4737 0 60 120 40 0 4737 0 60 120 20 90 39 56 56
4737 0 60 120 40 0 4737 0 60 120 20 180 61 84 84
4737 0 60 120 40 0 4737 0 60 120 40 0 34 51 51
4737 0 60 120 40 0 4737 0 60 120 40 90 43 58 58
4737 0 60 120 40 0 4737 0 60 120 40 180 61 85 85
4737 0 60 120 40 0 4737 0 60 120 60 0 38 54 54
4737 0 60 120 40 0 4737 0 60 120 60 90 47 61 61
4737 0 60 120 40 0 4737 0 60 120 60 180 59 86 86
4737 0 60 120 60 0 4737 0 0 0 0 0 69 73 73
4737 0 60 120 60 0 4737 0 0 0 0 90 58 60 60
4737 0 60 120 60 0 4737 0 0 0 0 180 42 52 52
4737 0 60 120 60 0 4737 0 0 0 20 0 68 73 73
4737 0 60 120 60 0 4737 0 0 0 20 90 52 57 57
4737 0 60 120 60 0 4737 0 0 0 20 180 43 53 53
4737 0 60 120 60 0 4737 0 0 0 40 0 66 70 70
4737 0 60 120 60 0 4737 0 0 0 40 90 47 54 54
4737 0 60 120 60 0 4737 0 0 0 40 180 48 54 54
4737 0 60 120 60 0 4737 0 0 0 60 0 64 66 66
4737 0 60 120 60 0 4737 0 0 0 60 90 44 52 52
4737 0 60 120 60 0 4737 0 0 0 60 180 53 56 56
4737 0 60 120 60 0 4737 0 0 60 0 0 64 66 66
4737 0 60 120 60 0 4737 0 0 60 0 90 44 52 52
4737 0 60 120 60 0 4737 0 0 60 0 180 53 56 56
4737 0 60 120 60 0 4737 0 0 60 20 0 61 62 62
4737 0 60 120 60 0 4737 0 0 60 20 90 42 52 52
4737 0 60 120 60 0 4737 0 0 60 20 180 58 59 59
4737 0 60 120 60 0 4737 0 0 60 40 0 55 58 58
4737 0 60 120 60 0 4737 0 0 60 40 90 42 53 53
4737 0 60 120 60 0 4737 0 0 60 40 180 63 62 62
4737 0 60 120 60 0 4737 0 0 60 60 0 50 55 55
4737 0 60 120 60 0 4737 0 0 60 60 90 45 54 54
4737 0 60 120 60 0 4737 0 0 60 60 180 67 65 65
4737 0 60 120 60 0 4737 0 0 120 0 0 50 55 55
4737 0 60 120 60 0 4737 0 0 120 0 90 45 54 54
4737 0 60 120 60 0 4737 0 0 120 0 180 67 65 65
4737 0 60 120 60 0 4737 0 0 120 20 0 45 53 53
4737 0 60 120 60 0 4737 0 0 120 20 90 50 55 55
4737 0 60 120 60 0 4737 0 0 120 20 180 69 68 68
4737 0 60 120 60 0 4737 0 0 120 40 0 42 52 52
4737 0 60 120 60 0 4737 0 0 120 40 90 56 58 58
4737 0 60 120 60 0 4737 0 0 120 40 180 69 71 71
4737 0 60 120 60 0 4737 0 0 120 60 0 42 52 52
4737 0 60 120 60 0 4737 0 0 120 60 90 61 60 60
4737 0 60 120 60 0 4737 0 0 120 60 180 69 73 73
4737 0 60 120 60 0 4737 0 30 0 0 0 68 70 70
4737 0 60 120 60 0 4737 0 30 0 0 90 58 54 54
4737 0 60 120 60 0 4737 0 30 0 0 180 41 49 49
4737 0 60 120 60 0 4737 0 30 0 20 0 68 68 68
4737 0 60 120 60 0 4737 0 30 0 20 90 52 50 50
4737 0 60 120 60 0 4737 0 30 0 20 180 42 49 49
4737 0 60 120 60 0 4737 0 30 0 40 0 66 66 66
4737 0 60 120 60 0 4737 0 30 0 40 90 47 46 46
4737 0 60 120 60 0 4737 0 30 0 40 180 47 49 49
4737 0 60 120 60 0 4737 0 30 0 60 0 64 63 63
4737 0 60 120 60 0 4737 0 30 0 60 90 43 45 45
4737 0 60 120 60 0 4737 0 30 0 60 180 52 50 50
4737 0 60 120 60 0 4737 0 30 60 0 0 64 60 60
4737 0 60 120 60 0 4737 0 30 60 0 90 43 47 47
4737 0 60 120 60 0 4737 0 30 60 0 180 52 58 58
4737 0 60 120 60 0 4737 0 30 60 20 0 60 56 56
4737 0 60 120 60 0 4737 0 30 60 20 90 41 46 46
4737 0 60 120 60 0 4737 0 30 60 20 180 58 59 59
4737 0 60 120 60 0 4737 0 30 60 40 0 55 53 53
4737 0 60 120 60 0 4737 0 30 60 40 90 41 45 45
4737 0 60 120 60 0 4737 0 30 60 40 180 62 61 61
4737 0 60 120 60 0 4737 0 30 60 60 0 49 50 50
4737 0 60 120 60 0 4737 0 30 60 60 90 44 45 45
4737 0 60 120 60 0 4737 0 30 60 60 180 66 62 62
4737 0 60 120 60 0 4737 0 30 120 0 0 49 48 48
4737 0 60 120 60 0 4737 0 30 120 0 90 44 53 53
4737 0 60 120 60 0 4737 0 30 120 0 180 66 67 67
4737 0 60 120 60 0 4737 0 30 120 20 0 45 45 45
4737 0 60 120 60 0 4737 0 30 120 20 90 49 54 54
4737 0 60 120 60 0 4737 0 30 120 20 180 68 69 69
4737 0 60 120 60 0 4737 0 30 120 40 0 42 44 44
4737 0 60 120 60 0 4737 0 30 120 40 90 55 55 55
4737 0 60 120 60 0 4737 0 30 120 40 180 68 70 70
4737 0 60 120 60 0 4737 0 30 120 60 0 40 43 43
4737 0 60 120 60 0 4737 0 30 120 60 90 60 56 56
4737 0 60 120 60 0 4737 0 30 120 60 180 68 70 70
4737 0 60 120 60 0 4737 0 60 0 0 0 64 70 70
4737 0 60 120 60 0 4737 0 60 0 0 90 55 54 54
4737 0 60 120 60 0 4737 0 60 0 0 180 40 50 50
4737 0 60 120 60 0 4737 0 60 0 20 0 63 70 70
4737 0 60 120 60 0 4737 0 60 0 20 90 50 51 51
4737 0 60 120 60 0 4737 0 60 0 20 180 40 50 50
4737 0 60 120 60 0 4737 0 60 0 40 0 62 68 68
4737 0 60 120 60 0 4737 0 60 0 40 90 45 48 48
4737 0 60 120 60 0 4737 0 60 0 40 180 44 51 51
4737 0 60 120 60 0 4737 0 60 0 60 0 61 66 66
4737 0 60 120 60 0 4737 0 60 0 60 90 40 46 46
4737 0 60 120 60 0 4737 0 60 0 60 180 49 52 52
4737 0 60 120 60 0 4737 0 60 60 0 0 60 59 59
4737 0 60 120 60 0 4737 0 60 60 0 90 42 48 48
4737 0 60 120 60 0 4737 0 60 60 0 180 50 62 62
4737 0 60 120 60 0 4737 0 60 60 20 0 57 57 57
4737 0 60 120 60 0 4737 0 60 60 20 90 39 46 46
4737 0 60 120 60 0 4737 0 60 60 20 180 55 63 63
4737 0 60 120 60 0 4737 0 60 60 40 0 53 55 55
4737 0 60 120 60 0 4737 0 60 60 40 90 38 45 45
4737 0 60 120 60 0 4737 0 60 60 40 180 59 64 64
4737 0 60 120 60 0 4737 0 60 60 60 0 47 53 53
4737 0 60 120 60 0 4737 0 60 60 60 90 41 44 44
4737 0 60 120 60 0 4737 0 60 60 60 180 61 66 66
4737 0 60 120 60 0 4737 0 60 120 0 0 48 50 50
4737 0 60 120 60 0 4737 0 60 120 0 90 43 56 56
4737 0 60 120 60 0 4737 0 60 120 0 180 62 71 71
4737 0 60 120 60 0 4737 0 60 120 20 0 42 47 47
4737 0 60 120 60 0 4737 0 60 120 20 90 47 57 57
4737 0 60 120 60 0 4737 0 60 120 20 180 64 73 73
4737 0 60 120 60 0 4737 0 60 120 40 0 38 44 44
4737 0 60 120 60 0 4737 0 60 120 40 90 52 58 58
4737 0 60 120 60 0 4737 0 60 120 40 180 64 74 74
4737 0 60 120 60 0 4737 0 60 120 60 0 38 43 43
4737 0 60 120 60 0 4737 0 60 120 60 90 56 59 59
4737 0 60 120 60 0 4737 0 60 120 60 180 63 74 74
4737 0 60 120 60 0 4737 0 0 0 0 0 70 72 72
4737 0 60 120 60 0 4737 0 0 0 0 90 62 64 64
4737 0 60 120 60 0 4737 0 0 0 0 180 44 54 54
4737 0 60 120 60 0 4737 0 0 0 20 0 69 71 71
4737 0 60 120 60 0 4737 0 0 0 20 90 57 60 60
4737 0 60 120 60 0 4737 0 0 0 20 180 45 54 54
4737 0 60 120 60 0 4737 0 0 0 40 0 68 69 69
4737 0 60 120 60 0 4737 0 0 0 40 90 52 56 56
4737 0 60 120 60 0 4737 0 0 0 40 180 48 56 56
4737 0 60 120 60 0 4737 0 0 0 60 0 65 65 65
4737 0 60 120 60 0 4737 0 0 0 60 90 47 53 53
4737 0 60 120 60 0 4737 0 0 0 60 180 53 57 57
4737 0 60 120 60 0 4737 0 0 60 0 0 65 65 65
4737 0 60 120 60 0 4737 0 0 60 0 90 47 53 53
4737 0 60 120 60 0 4737 0 0 60 0 180 53 57 57
4737 0 60 120 60 0 4737 0 0 60 20 0 61 62 62
4737 0 60 120 60 0 4737 0 0 60 20 90 44 51 51
4737 0 60 120 60 0 4737 0 0 60 20 180 58 59 59
4737 0 60 120 60 0 4737 0 0 60 40 0 55 58 58
4737 0 60 120 60 0 4737 0 0 60 40 90 42 51 51
4737 0 60 120 60 0 4737 0 0 60 40 180 62 62 62
4737 0 60 120 60 0 4737 0 0 60 60 0 49 55 55
4737 0 60 120 60 0 4737 0 0 60 60 90 43 52 52
4737 0 60 120 60 0 4737 0 0 60 60 180 66 65 65
4737 0 60 120 60 0 4737 0 0 120 0 0 49 55 55
4737 0 60 120 60 0 4737 0 0 120 0 90 43 52 52
4737 0 60 120 60 0 4737 0 0 120 0 180 66 65 65
4737 0 60 120 60 0 4737 0 0 120 20 0 44 52 52
4737 0 60 120 60 0 4737 0 0 120 20 90 46 53 53
4737 0 60 120 60 0 4737 0 0 120 20 180 68 68 68
4737 0 60 120 60 0 4737 0 0 120 40 0 41 51 51
4737 0 60 120 60 0 4737 0 0 120 40 90 51 55 55
4737 0 60 120 60 0 4737 0 0 120 40 180 69 70 70
4737 0 60 120 60 0 4737 0 0 120 60 0 40 51 51
4737 0 60 120 60 0 4737 0 0 120 60 90 56 57 57
4737 0 60 120 60 0 4737 0 0 120 60 180 68 73 73
4737 0 60 120 60 0 4737 0 30 0 0 0 69 69 69
4737 0 60 120 60 0 4737 0 30 0 0 90 61 58 58
4737 0 60 120 60 0 4737 0 30 0 0 180 43 51 51
4737 0 60 120 60 0 4737 0 30 0 20 0 68 69 69
4737 0 60 120 60 0 4737 0 30 0 20 90 57 54 54
4737 0 60 120 60 0 4737 0 30 0 20 180 44 50 50
4737 0 60 120 60 0 4737 0 30 0 40 0 67 66 66
4737 0 60 120 60 0 4737 0 30 0 40 90 51 50 50
4737 0 60 120 60 0 4737 0 30 0 40 180 47 50 50
4737 0 60 120 60 0 4737 0 30 0 60 0 65 63 63
4737 0 60 120 60 0 4737 0 30 0 60 90 47 48 48
4737 0 60 120 60 0 4737 0 30 0 60 180 52 51 51
4737 0 60 120 60 0 4737 0 30 60 0 0 65 62 62
4737 0 60 120 60 0 4737 0 30 60 0 90 47 50 50
4737 0 60 120 60 0 4737 0 30 60 0 180 52 60 60
4737 0 60 120 60 0 4737 0 30 60 20 0 60 58 58
4737 0 60 120 60 0 4737 0 30 60 20 90 44 47 47
4737 0 60 120 60 0 4737 0 30 60 20 180 57 61 61
4737 0 60 120 60 0 4737 0 30 60 40 0 55 55 55
4737 0 60 120 60 0 4737 0 30 60 40 90 41 45 45
4737 0 60 120 60 0 4737 0 30 60 40 180 61 62 62
4737 0 60 120 60 0 4737 0 30 60 60 0 49 52 52
4737 0 60 120 60 0 4737 0 30 60 60 90 41 45 45
4737 0 60 120 60 0 4737 0 30 60 60 180 65 64 64
4737 0 60 120 60 0 4737 0 30 120 0 0 49 49 49
4737 0 60 120 60 0 4737 0 30 120 0 90 42 51 51
4737 0 60 120 60 0 4737 0 30 120 0 180 65 69 69
4737 0 60 120 60 0 4737 0 30 120 20 0 44 46 46
4737 0 60 120 60 0 4737 0 30 120 20 90 45 52 52
4737 0 60 120 60 0 4737 0 30 120 20 180 67 70 70
4737 0 60 120 60 0 4737 0 30 120 40 0 40 44 44
4737 0 60 120 60 0 4737 0 30 120 40 90 50 53 53
4737 0 60 120 60 0 4737 0 30 120 40 180 68 72 72
4737 0 60 120 60 0 4737 0 30 120 60 0 38 44 44
4737 0 60 120 60 0 4737 0 30 120 60 90 55 55 55
4737 0 60 120 60 0 4737 0 30 120 60 180 68 73 73
4737 0 60 120 60 0 4737 0 60 0 0 0 64 71 71
4737 0 60 120 60 0 4737 0 60 0 0 90 58 58 58
4737 0 60 120 60 0 4737 0 60 0 0 180 42 51 51
4737 0 60 120 60 0 4737 0 60 0 20 0 64 71 71
4737 0 60 120 60 0 4737 0 60 0 20 90 54 55 55
4737 0 60 120 60 0 4737 0 60 0 20 180 42 50 50
4737 0 60 120 60 0 4737 0 60 0 40 0 63 69 69
4737 0 60 120 60 0 4737 0 60 0 40 90 49 53 53
4737 0 60 120 60 0 4737 0 60 0 40 180 45 50 50
4737 0 60 120 60 0 4737 0 60 0 60 0 62 67 67
4737 0 60 120 60 0 4737 0 60 0 60 90 44 50 50
4737 0 60 120 60 0 4737 0 60 0 60 180 49 51 51
4737 0 60 120 60 0 4737 0 60 60 0 0 60 62 62
4737 0 60 120 60 0 4737 0 60 60 0 90 46 52 52
4737 0 60 120 60 0 4737 0 60 60 0 180 49 65 65
4737 0 60 120 60 0 4737 0 60 60 20 0 57 61 61
4737 0 60 120 60 0 4737 0 60 60 20 90 42 49 49
4737 0 60 120 60 0 4737 0 60 60 20 180 55 66 66
4737 0 60 120 60 0 4737 0 60 60 40 0 53 58 58
4737 0 60 120 60 0 4737 0 60 60 40 90 39 47 47
4737 0 60 120 60 0 4737 0 60 60 40 180 58 68 68
4737 0 60 120 60 0 4737 0 60 60 60 0 47 57 57
4737 0 60 120 60 0 4737 0 60 60 60 90 39 45 45
4737 0 60 120 60 0 4737 0 60 60 60 180 61 69 69
4737 0 60 120 60 0 4737 0 60 120 0 0 47 52 52
4737 0 60 120 60 0 4737 0 60 120 0 90 40 55 55
4737 0 60 120 60 0 4737 0 60 120 0 180 61 75 75
4737 0 60 120 60 0 4737 0 60 120 20 0 42 48 48
4737 0 60 120 60 0 4737 0 60 120 20 90 42 56 56
4737 0 60 120 60 0 4737 0 60 120 20 180 63 77 77
4737 0 60 120 60 0 4737 0 60 120 40 0 36 45 45
4737 0 60 120 60 0 4737 0 60 120 40 90 47 57 57
4737 0 60 120 60 0 4737 0 60 120 40 180 63 79 79
4737 0 60 120 60 0 4737 0 60 120 60 0 35 44 44
4737 0 60 120 60 0 4737 0 60 120 60 90 52 59 59
4737 0 60 120 60 0 4737 0 60 120 60 180 63 79 79
4737 0 60 120 60 0 4737 0 0 0 0 0 70 71 71
4737 0 60 120 60 0 4737 0 0 0 0 90 65 68 68
4737 0 60 120 60 0 4737 0 0 0 0 180 47 55 55
4737 0 60 120 60 0 4737 0 0 0 20 0 70 70 70
4737 0 60 120 60 0 4737 0 0 0 20 90 61 64 64
4737 0 60 120 60 0 4737 0 0 0 20 180 47 56 56
4737 0 60 120 60 0 4737 0 0 0 40 0 69 68 68
4737 0 60 120 60 0 4737 0 0 0 40 90 56 60 60
4737 0 60 120 60 0 4737 0 0 0 40 180 49 57 57
4737 0 60 120 60 0 4737 0 0 0 60 0 65 64 64
4737 0 60 120 60 0 4737 0 0 0 60 90 51 56 56
4737 0 60 120 60 0 4737 0 0 0 60 180 54 58 58
4737 0 60 120 60 0 4737 0 0 60 0 0 65 64 64
4737 0 60 120 60 0 4737 0 0 60 0 90 51 56 56
4737 0 60 120 60 0 4737 0 0 60 0 180 54 58 58
4737 0 60 120 60 0 4737 0 0 60 20 0 60 61 61
4737 0 60 120 60 0 4737 0 0 60 20 90 47 53 53
4737 0 60 120 60 0 4737 0 0 60 20 180 58 60 60
4737 0 60 120 60 0 4737 0 0 60 40 0 55 57 57
4737 0 60 120 60 0 4737 0 0 60 40 90 44 51 51
4737 0 60 120 60 0 4737 0 0 60 40 180 61 62 62
4737 0 60 120 60 0 4737 0 0 60 60 0 49 54 54
4737 0 60 120 60 0 4737 0 0 60 60 90 43 50 50
4737 0 60 120 60 0 4737 0 0 60 60 180 64 64 64
4737 0 60 120 60 0 4737 0 0 120 0 0 49 54 54
4737 0 60 120 60 0 4737 0 0 120 0 90 43 50 50
4737 0 60 120 60 0 4737 0 0 120 0 180 64 64 64
4737 0 60 120 60 0 4737 0 0 120 20 0 44 52 52
4737 0 60 120 60 0 4737 0 0 120 20 90 44 51 51
4737 0 60 120 60 0 4737 0 0 120 20 180 67 67 67
4737 0 60 120 60 0 4737 0 0 120 40 0 40 50 50
4737 0 60 120 60 0 4737 0 0 120 40 90 47 52 52
4737 0 60 120 60 0 4737 0 0 120 40 180 68 69 69
4737 0 60 120 60 0 4737 0 0 120 60 0 40 50 50
4737 0 60 120 60 0 4737 0 0 120 60 90 52 54 54
4737 0 60 120 60 0 4737 0 0 120 60 180 67 71 71
4737 0 60 120 60 0 4737 0 30 0 0 0 69 68 68
4737 0 60 120 60 0 4737 0 30 0 0 90 64 62 62
4737 0 60 120 60 0 4737 0 30 0 0 180 47 53 53
4737 0 60 120 60 0 4737 0 30 0 20 0 69 68 68
4737 0 60 120 60 0 4737 0 30 0 20 90 61 58 58
4737 0 60 120 60 0 4737 0 30 0 20 180 47 52 52
4737 0 60 120 60 0 4737 0 30 0 40 0 68 66 66
4737 0 60 120 60 0 4737 0 30 0 40 90 56 55 55
4737 0 60 120 60 0 4737 0 30 0 40 180 48 52 52
4737 0 60 120 60 0 4737 0 30 0 60 0 65 63 63
4737 0 60 120 60 0 4737 0 30 0 60 90 51 51 51
4737 0 60 120 60 0 4737 0 30 0 60 180 52 52 52
4737 0 60 120 60 0 4737 0 30 60 0 0 65 64 64
4737 0 60 120 60 0 4737 0 30 60 0 90 51 54 54
4737 0 60 120 60 0 4737 0 30 60 0 180 52 62 62
4737 0 60 120 60 0 4737 0 30 60 20 0 60 60 60
4737 0 60 120 60 0 4737 0 30 60 20 90 47 50 50
4737 0 60 120 60 0 4737 0 30 60 20 180 57 63 63
4737 0 60 120 60 0 4737 0 30 60 40 0 55 56 56
4737 0 60 120 60 0 4737 0 30 60 40 90 43 48 48
4737 0 60 120 60 0 4737 0 30 60 40 180 60 64 64
4737 0 60 120 60 0 4737 0 30 60 60 0 49 54 54
4737 0 60 120 60 0 4737 0 30 60 60 90 41 46 46
4737 0 60 120 60 0 4737 0 30 60 60 180 63 66 66
4737 0 60 120 60 0 4737 0 30 120 0 0 49 51 51
4737 0 60 120 60 0 4737 0 30 120 0 90 41 50 50
4737 0 60 120 60 0 4737 0 30 120 0 180 63 70 70
4737 0 60 120 60 0 4737 0 30 120 20 0 43 48 48
4737 0 60 120 60 0 4737 0 30 120 20 90 43 51 51
4737 0 60 120 60 0 4737 0 30 120 20 180 66 72 72
4737 0 60 120 60 0 4737 0 30 120 40 0 39 45 45
4737 0 60 120 60 0 4737 0 30 120 40 90 46 52 52
4737 0 60 120 60 0 4737 0 30 120 40 180 68 73 73
4737 0 60 120 60 0 4737 0 30 120 60 0 38 44 44
4737 0 60 120 60 0 4737 0 30 120 60 90 51 53 53
4737 0 60 120 60 0 4737 0 30 120 60 180 66 73 73
4737 0 60 120 60 0 4737 0 60 0 0 0 64 70 70
4737 0 60 120 60 0 4737 0 60 0 0 90 60 61 61
4737 0 60 120 60 0 4737 0 60 0 0 180 46 53 53
4737 0 60 120 60 0 4737 0 60 0 20 0 64 71 71
4737 0 60 120 60 0 4737 0 60 0 20 90 57 60 60
4737 0 60 120 60 0 4737 0 60 0 20 180 45 52 52
4737 0 60 120 60 0 4737 0 60 0 40 0 63 69 69
4737 0 60 120 60 0 4737 0 60 0 40 90 53 57 57
4737 0 60 120 60 0 4737 0 60 0 40 180 47 51 51
4737 0 60 120 60 0 4737 0 60 0 60 0 61 67 67
4737 0 60 120 60 0 4737 0 60 0 60 90 48 55 55
4737 0 60 120 60 0 4737 0 60 0 60 180 49 50 50
4737 0 60 120 60 0 4737 0 60 60 0 0 60 66 66
4737 0 60 120 60 0 4737 0 60 60 0 90 49 58 58
4737 0 60 120 60 0 4737 0 60 60 0 180 49 69 69
4737 0 60 120 60 0 4737 0 60 60 20 0 57 64 64
4737 0 60 120 60 0 4737 0 60 60 20 90 45 55 55
4737 0 60 120 60 0 4737 0 60 60 20 180 53 70 70
4737 0 60 120 60 0 4737 0 60 60 40 0 52 62 62
4737 0 60 120 60 0 4737 0 60 60 40 90 41 52 52
4737 0 60 120 60 0 4737 0 60 60 40 180 56 71 71
4737 0 60 120 60 0 4737 0 60 60 60 0 47 61 61
4737 0 60 120 60 0 4737 0 60 60 60 90 39 49 49
4737 0 60 120 60 0 4737 0 60 60 60 180 59 73 73
4737 0 60 120 60 0 4737 0 60 120 0 0 47 54 54
4737 0 60 120 60 0 4737 0 60 120 0 90 39 55 55
4737 0 60 120 60 0 4737 0 60 120 0 180 59 79 79
4737 0 60 120 60 0 4737 0 60 120 20 0 41 51 51
4737 0 60 120 60 0 4737 0 60 120 20 90 39 56 56
4737 0 60 120 60 0 4737 0 60 120 20 180 61 81 81
4737 0 60 120 60 0 4737 0 60 120 40 0 35 47 47
4737 0 60 120 60 0 4737 0 60 120 40 90 42 57 57
4737 0 60 120 60 0 4737 0 60 120 40 180 62 82 82
4737 0 60 120 60 0 4737 0 60 120 60 0 32 46 46
4737 0 60 120 60 0 4737 0 60 120 60 90 47 59 59
4737 0 60 120 60 0 4737 0 60 120 60 180 62 83 83
4737 0 60 120 60 0 4737 0 0 0 0 0 70 69 69
4737 0 60 120 60 0 4737 0 0 0 0 90 67 68 68
4737 0 60 120 60 0 4737 0 0 0 0 180 50 57 57
4737 0 60 120 60 0 4737 0 0 0 20 0 69 68 68
4737 0 60 120 60 0 4737 0 0 0 20 90 64 65 65
4737 0 60 120 60 0 4737 0 0 0 20 180 50 58 58
4737 0 60 120 60 0 4737 0 0 0 40 0 68 66 66
4737 0 60 120 60 0 4737 0 0 0 40 90 60 62 62
4737 0 60 120 60 0 4737 0 0 0 40 180 51 58 58
4737 0 60 120 60 0 4737 0 0 0 60 0 65 63 63
4737 0 60 120 60 0 4737 0 0 0 60 90 55 58 58
4737 0 60 120 60 0 4737 0 0 0 60 180 54 59 59
4737 0 60 120 60 0 4737 0 0 60 0 0 65 63 63
4737 0 60 120 60 0 4737 0 0 60 0 90 55 58 58
4737 0 60 120 60 0 4737 0 0 60 0 180 54 59 59
4737 0 60 120 60 0 4737 0 0 60 20 0 60 59 59
4737 0 60 120 60 0 4737 0 0 60 20 90 50 54 54
4737 0 60 120 60 0 4737 0 0 60 20 180 57 61 61
4737 0 60 120 60 0 4737 0 0 60 40 0 55 56 56
4737 0 60 120 60 0 4737 0 0 60 40 90 46 52 52
4737 0 60 120 60 0 4737 0 0 60 40 180 60 62 62
4737 0 60 120 60 0 4737 0 0 60 60 0 49 53 53
4737 0 60 120 60 0 4737 0 0 60 60 90 44 50 50
4737 0 60 120 60 0 4737 0 0 60 60 180 63 64 64
4737 0 60 120 60 0 4737 0 0 120 0 0 49 53 53
4737 0 60 120 60 0 4737 0 0 120 0 90 44 50 50
4737 0 60 120 60 0 4737 0 0 120 0 180 63 64 64
4737 0 60 120 60 0 4737 0 0 120 20 0 45 51 51
4737 0 60 120 60 0 4737 0 0 120 20 90 44 49 49
4737 0 60 120 60 0 4737 0 0 120 20 180 65 66 66
4737 0 60 120 60 0 4737 0 0 120 40 0 41 49 49
4737 0 60 120 60 0 4737 0 0 120 40 90 45 49 49
4737 0 60 120 60 0 4737 0 0 120 40 180 66 67 67
4737 0 60 120 60 0 4737 0 0 120 60 0 40 49 49
4737 0 60 120 60 0 4737 0 0 120 60 90 48 51 51
4737 0 60 120 60 0 4737 0 0 120 60 180 66 68 68
4737 0 60 120 60 0 4737 0 30 0 0 0 69 67 67
4737 0 60 120 60 0 4737 0 30 0 0 90 66 65 65
4737 0 60 120 60 0 4737 0 30 0 0 180 50 56 56
4737 0 60 120 60 0 4737 0 30 0 20 0 68 67 67
4737 0 60 120 60 0 4737 0 30 0 20 90 64 63 63
4737 0 60 120 60 0 4737 0 30 0 20 180 50 54 54
4737 0 60 120 60 0 4737 0 30 0 40 0 67 65 65
4737 0 60 120 60 0 4737 0 30 0 40 90 60 59 59
4737 0 60 120 60 0 4737 0 30 0 40 180 51 54 54
4737 0 60 120 60 0 4737 0 30 0 60 0 65 63 63
4737 0 60 120 60 0 4737 0 30 0 60 90 55 55 55
4737 0 60 120 60 0 4737 0 30 0 60 180 53 54 54
4737 0 60 120 60 0 4737 0 30 60 0 0 64 65 65
4737 0 60 120 60 0 4737 0 30 60 0 90 55 59 59
4737 0 60 120 60 0 4737 0 30 60 0 180 53 64 64
4737 0 60 120 60 0 4737 0 30 60 20 0 60 62 62
4737 0 60 120 60 0 4737 0 30 60 20 90 50 55 55
4737 0 60 120 60 0 4737 0 30 60 20 180 56 65 65
4737 0 60 120 60 0 4737 0 30 60 40 0 54 58 58
4737 0 60 120 60 0 4737 0 30 60 40 90 45 52 52
4737 0 60 120 60 0 4737 0 30 60 40 180 59 66 66
4737 0 60 120 60 0 4737 0 30 60 60 0 49 56 56
4737 0 60 120 60 0 4737 0 30 60 60 90 43 50 50
4737 0 60 120 60 0 4737 0 30 60 60 180 62 68 68
4737 0 60 120 60 0 4737 0 30 120 0 0 49 53 53
4737 0 60 120 60 0 4737 0 30 120 0 90 42 51 51
4737 0 60 120 60 0 4737 0 30 120 0 180 62 72 72
4737 0 60 120 60 0 4737 0 30 120 20 0 44 50 50
4737 0 60 120 60 0 4737 0 30 120 20 90 42 50 50
4737 0 60 120 60 0 4737 0 30 120 20 180 64 73 73
4737 0 60 120 60 0 4737 0 30 120 40 0 40 48 48
4737 0 60 120 60 0 4737 0 30 120 40 90 43 51 51
4737 0 60 120 60 0 4737 0 30 120 40 180 65 73 73
4737 0 60 120 60 0 4737 0 30 120 60 0 38 47 47
4737 0 60 120 60 0 4737 0 30 120 60 90 46 52 52
4737 0 60 120 60 0 4737 0 30 120 60 180 65 73 73
4737 0 60 120 60 0 4737 0 60 0 0 0 64 69 69
4737 0 60 120 60 0 4737 0 60 0 0 90 61 65 65
4737 0 60 120 60 0 4737 0 60 0 0 180 49 55 55
4737 0 60 120 60 0 4737 0 60 0 20 0 63 70 70
4737 0 60 120 60 0 4737 0 60 0 20 90 59 64 64
4737 0 60 120 60 0 4737 0 60 0 20 180 49 54 54
4737 0 60 120 60 0 4737 0 60 0 40 0 62 69 69
4737 0 60 120 60 0 4737 0 60 0 40 90 56 61 61
4737 0 60 120 60 0 4737 0 60 0 40 180 50 52 52
4737 0 60 120 60 0 4737 0 60 0 60 0 60 67 67
4737 0 60 120 60 0 4737 0 60 0 60 90 52 59 59
4737 0 60 120 60 0 4737 0 60 0 60 180 50 51 51
4737 0 60 120 60 0 4737 0 60 60 0 0 59 69 69
4737 0 60 120 60 0 4737 0 60 60 0 90 52 63 63
4737 0 60 120 60 0 4737 0 60 60 0 180 48 72 72
4737 0 60 120 60 0 4737 0 60 60 20 0 56 68 68
4737 0 60 120 60 0 4737 0 60 60 20 90 48 60 60
4737 0 60 120 60 0 4737 0 60 60 20 180 51 73 73
4737 0 60 120 60 0 4737 0 60 60 40 0 52 66 66
4737 0 60 120 60 0 4737 0 60 60 40 90 44 58 58
4737 0 60 120 60 0 4737 0 60 60 40 180 54 75 75
4737 0 60 120 60 0 4737 0 60 60 60 0 47 65 65
4737 0 60 120 60 0 4737 0 60 60 60 90 40 56 56
4737 0 60 120 60 0 4737 0 60 60 60 180 57 77 77
4737 0 60 120 60 0 4737 0 60 120 0 0 45 57 57
4737 0 60 120 60 0 4737 0 60 120 0 90 39 57 57
4737 0 60 120 60 0 4737 0 60 120 0 180 57 82 82
4737 0 60 120 60 0 4737 0 60 120 20 0 40 54 54
4737 0 60 120 60 0 4737 0 60 120 20 90 38 57 57
4737 0 60 120 60 0 4737 0 60 120 20 180 59 84 84
4737 0 60 120 60 0 4737 0 60 120 40 0 35 52 52
4737 0 60 120 60 0 4737 0 60 120 40 90 39 57 57
4737 0 60 120 60 0 4737 0 60 120 40 180 60 85 85
4737 0 60 120 60 0 4737 0 60 120 60 0 34 52 52
4737 0 60 120 60 0 4737 0 60 120 60 90 43 59 59
4737 0 60 120 60 0 4737 0 60 120 60 180 61 86 86
