4737 0 30 60 0 0 4737 0 0 0 0 0 52 46 46
4737 0 30 60 0 0 4737 0 0 0 0 90 48 43 43
4737 0 30 60 0 0 4737 0 0 0 0 180 72 61 61
4737 0 30 60 0 0 4737 0 0 0 20 0 47 43 43
4737 0 30 60 0 0 4737 0 0 0 20 90 53 48 48
4737 0 30 60 0 0 4737 0 0 0 20 180 74 63 63
4737 0 30 60 0 0 4737 0 0 0 40 0 42 41 41
4737 0 30 60 0 0 4737 0 0 0 40 90 59 52 52
4737 0 30 60 0 0 4737 0 0 0 40 180 75 63 63
4737 0 30 60 0 0 4737 0 0 0 60 0 41 40 40
4737 0 30 60 0 0 4737 0 0 0 60 90 64 56 56
4737 0 30 60 0 0 4737 0 0 0 60 180 75 63 63
4737 0 30 60 0 0 4737 0 0 60 0 0 41 40 40
4737 0 30 60 0 0 4737 0 0 60 0 90 64 56 56
4737 0 30 60 0 0 4737 0 0 60 0 180 75 63 63
4737 0 30 60 0 0 4737 0 0 60 20 0 45 42 42
4737 0 30 60 0 0 4737 0 0 60 20 90 70 60 60
4737 0 30 60 0 0 4737 0 0 60 20 180 75 63 63
4737 0 30 60 0 0 4737 0 0 60 40 0 51 46 46
4737 0 30 60 0 0 4737 0 0 60 40 90 74 63 63
4737 0 30 60 0 0 4737 0 0 60 40 180 73 61 61
4737 0 30 60 0 0 4737 0 0 60 60 0 56 50 50
4737 0 30 60 0 0 4737 0 0 60 60 90 75 63 63
4737 0 30 60 0 0 4737 0 0 60 60 180 69 58 58
4737 0 30 60 0 0 4737 0 0 120 0 0 56 50 50
4737 0 30 60 0 0 4737 0 0 120 0 90 75 63 63
4737 0 30 60 0 0 4737 0 0 120 0 180 69 58 58
4737 0 30 60 0 0 4737 0 0 120 20 0 62 54 54
4737 0 30 60 0 0 4737 0 0 120 20 90 75 63 63
4737 0 30 60 0 0 4737 0 0 120 20 180 63 55 55
4737 0 30 60 0 0 4737 0 0 120 40 0 67 58 58
4737 0 30 60 0 0 4737 0 0 120 40 90 75 63 63
4737 0 30 60 0 0 4737 0 0 120 40 180 58 51 51
4737 0 30 60 0 0 4737 0 0 120 60 0 72 61 61
4737 0 30 60 0 0 4737 0 0 120 60 90 75 62 62
4737 0 30 60 0 0 4737 0 0 120 60 180 52 46 46
4737 0 30 60 0 0 4737 0 30 0 0 0 52 42 42
4737 0 30 60 0 0 4737 0 30 0 0 90 47 37 37
4737 0 30 60 0 0 4737 0 30 0 0 180 71 56 56
4737 0 30 60 0 0 4737 0 30 0 20 0 47 40 40
4737 0 30 60 0 0 4737 0 30 0 20 90 53 41 41
4737 0 30 60 0 0 4737 0 30 0 20 180 74 58 58
4737 0 30 60 0 0 4737 0 30 0 40 0 41 39 39
4737 0 30 60 0 0 4737 0 30 0 40 90 58 45 45
4737 0 30 60 0 0 4737 0 30 0 40 180 74 59 59
4737 0 30 60 0 0 4737 0 30 0 60 0 41 39 39
4737 0 30 60 0 0 4737 0 30 0 60 90 64 49 49
4737 0 30 60 0 0 4737 0 30 0 60 180 74 59 59
4737 0 30 60 0 0 4737 0 30 60 0 0 40 33 33
4737 0 30 60 0 0 4737 0 30 60 0 90 64 50 50
4737 0 30 60 0 0 4737 0 30 60 0 180 74 59 59
4737 0 30 60 0 0 4737 0 30 60 20 0 44 36 36
4737 0 30 60 0 0 4737 0 30 60 20 90 69 53 53
4737 0 30 60 0 0 4737 0 30 60 20 180 74 59 59
4737 0 30 60 0 0 4737 0 30 60 40 0 50 40 40
4737 0 30 60 0 0 4737 0 30 60 40 90 73 56 56
4737 0 30 60 0 0 4737 0 30 60 40 180 73 58 58
4737 0 30 60 0 0 4737 0 30 60 60 0 55 44 44
4737 0 30 60 0 0 4737 0 30 60 60 90 74 58 58
4737 0 30 60 0 0 4737 0 30 60 60 180 69 57 57
4737 0 30 60 0 0 4737 0 30 120 0 0 55 44 44
4737 0 30 60 0 0 4737 0 30 120 0 90 74 59 59
4737 0 30 60 0 0 4737 0 30 120 0 180 69 54 54
4737 0 30 60 0 0 4737 0 30 120 20 0 61 48 48
4737 0 30 60 0 0 4737 0 30 120 20 90 74 59 59
4737 0 30 60 0 0 4737 0 30 120 20 180 63 52 52
4737 0 30 60 0 0 4737 0 30 120 40 0 66 51 51
4737 0 30 60 0 0 4737 0 30 120 40 90 74 58 58
4737 0 30 60 0 0 4737 0 30 120 40 180 58 50 50
4737 0 30 60 0 0 4737 0 30 120 60 0 71 54 54
4737 0 30 60 0 0 4737 0 30 120 60 90 73 58 58
4737 0 30 60 0 0 4737 0 30 120 60 180 52 48 48
4737 0 30 60 0 0 4737 0 60 0 0 0 51 45 45
4737 0 30 60 0 0 4737 0 60 0 0 90 45 39 39
4737 0 30 60 0 0 4737 0 60 0 0 180 68 56 56
4737 0 30 60 0 0 4737 0 60 0 20 0 46 44 44
4737 0 30 60 0 0 4737 0 60 0 20 90 50 42 42
4737 0 30 60 0 0 4737 0 60 0 20 180 69 59 59
4737 0 30 60 0 0 4737 0 60 0 40 0 41 43 43
4737 0 30 60 0 0 4737 0 60 0 40 90 55 46 46
4737 0 30 60 0 0 4737 0 60 0 40 180 69 60 60
4737 0 30 60 0 0 4737 0 60 0 60 0 41 43 43
4737 0 30 60 0 0 4737 0 60 0 60 90 60 49 49
4737 0 30 60 0 0 4737 0 60 0 60 180 69 61 61
4737 0 30 60 0 0 4737 0 60 60 0 0 39 36 36
4737 0 30 60 0 0 4737 0 60 60 0 90 61 51 51
4737 0 30 60 0 0 4737 0 60 60 0 180 70 61 61
4737 0 30 60 0 0 4737 0 60 60 20 0 42 38 38
4737 0 30 60 0 0 4737 0 60 60 20 90 65 53 53
4737 0 30 60 0 0 4737 0 60 60 20 180 69 62 62
4737 0 30 60 0 0 4737 0 60 60 40 0 47 41 41
4737 0 30 60 0 0 4737 0 60 60 40 90 68 56 56
4737 0 30 60 0 0 4737 0 60 60 40 180 68 62 62
4737 0 30 60 0 0 4737 0 60 60 60 0 52 45 45
4737 0 30 60 0 0 4737 0 60 60 60 90 69 58 58
4737 0 30 60 0 0 4737 0 60 60 60 180 65 60 60
4737 0 30 60 0 0 4737 0 60 120 0 0 53 44 44
4737 0 30 60 0 0 4737 0 60 120 0 90 70 61 61
4737 0 30 60 0 0 4737 0 60 120 0 180 66 57 57
4737 0 30 60 0 0 4737 0 60 120 20 0 58 48 48
4737 0 30 60 0 0 4737 0 60 120 20 90 70 62 62
4737 0 30 60 0 0 4737 0 60 120 20 180 62 55 55
4737 0 30 60 0 0 4737 0 60 120 40 0 63 51 51
4737 0 30 60 0 0 4737 0 60 120 40 90 69 62 62
4737 0 30 60 0 0 4737 0 60 120 40 180 56 54 54
4737 0 30 60 0 0 4737 0 60 120 60 0 66 54 54
4737 0 30 60 0 0 4737 0 60 120 60 90 68 61 61
4737 0 30 60 0 0 4737 0 60 120 60 180 50 52 52
4737 0 30 60 0 0 4737 0 0 0 0 0 52 46 46
4737 0 30 60 0 0 4737 0 0 0 0 90 43 41 41
4737 0 30 60 0 0 4737 0 0 0 0 180 71 61 61
4737 0 30 60 0 0 4737 0 0 0 20 0 47 42 42
4737 0 30 60 0 0 4737 0 0 0 20 90 49 43 43
4737 0 30 60 0 0 4737 0 0 0 20 180 73 63 63
4737 0 30 60 0 0 4737 0 0 0 40 0 41 40 40
4737 0 30 60 0 0 4737 0 0 0 40 90 54 47 47
4737 0 30 60 0 0 4737 0 0 0 40 180 75 63 63
4737 0 30 60 0 0 4737 0 0 0 60 0 40 39 39
4737 0 30 60 0 0 4737 0 0 0 60 90 60 51 51
4737 0 30 60 0 0 4737 0 0 0 60 180 75 63 63
4737 0 30 60 0 0 4737 0 0 60 0 0 40 39 39
4737 0 30 60 0 0 4737 0 0 60 0 90 60 51 51
4737 0 30 60 0 0 4737 0 0 60 0 180 75 63 63
4737 0 30 60 0 0 4737 0 0 60 20 0 45 41 41
4737 0 30 60 0 0 4737 0 0 60 20 90 65 55 55
4737 0 30 60 0 0 4737 0 0 60 20 180 74 62 62
4737 0 30 60 0 0 4737 0 0 60 40 0 51 45 45
4737 0 30 60 0 0 4737 0 0 60 40 90 70 59 59
4737 0 30 60 0 0 4737 0 0 60 40 180 72 60 60
4737 0 30 60 0 0 4737 0 0 60 60 0 56 49 49
4737 0 30 60 0 0 4737 0 0 60 60 90 74 61 61
4737 0 30 60 0 0 4737 0 0 60 60 180 68 58 58
4737 0 30 60 0 0 4737 0 0 120 0 0 56 49 49
4737 0 30 60 0 0 4737 0 0 120 0 90 74 61 61
4737 0 30 60 0 0 4737 0 0 120 0 180 68 58 58
4737 0 30 60 0 0 4737 0 0 120 20 0 62 54 54
4737 0 30 60 0 0 4737 0 0 120 20 90 75 63 63
4737 0 30 60 0 0 4737 0 0 120 20 180 63 54 54
4737 0 30 60 0 0 4737 0 0 120 40 0 67 57 57
4737 0 30 60 0 0 4737 0 0 120 40 90 75 63 63
4737 0 30 60 0 0 4737 0 0 120 40 180 58 51 51
4737 0 30 60 0 0 4737 0 0 120 60 0 73 61 61
4737 0 30 60 0 0 4737 0 0 120 60 90 75 63 63
4737 0 30 60 0 0 4737 0 0 120 60 180 52 47 47
4737 0 30 60 0 0 4737 0 30 0 0 0 52 42 42
4737 0 30 60 0 0 4737 0 30 0 0 90 42 33 33
4737 0 30 60 0 0 4737 0 30 0 0 180 70 55 55
4737 0 30 60 0 0 4737 0 30 0 20 0 47 40 40
4737 0 30 60 0 0 4737 0 30 0 20 90 48 37 37
4737 0 30 60 0 0 4737 0 30 0 20 180 72 56 56
4737 0 30 60 0 0 4737 0 30 0 40 0 41 38 38
4737 0 30 60 0 0 4737 0 30 0 40 90 53 41 41
4737 0 30 60 0 0 4737 0 30 0 40 180 74 58 58
4737 0 30 60 0 0 4737 0 30 0 60 0 39 37 37
4737 0 30 60 0 0 4737 0 30 0 60 90 59 44 44
4737 0 30 60 0 0 4737 0 30 0 60 180 74 58 58
4737 0 30 60 0 0 4737 0 30 60 0 0 39 32 32
4737 0 30 60 0 0 4737 0 30 60 0 90 59 48 48
4737 0 30 60 0 0 4737 0 30 60 0 180 74 62 62
4737 0 30 60 0 0 4737 0 30 60 20 0 44 36 36
4737 0 30 60 0 0 4737 0 30 60 20 90 64 51 51
4737 0 30 60 0 0 4737 0 30 60 20 180 73 62 62
4737 0 30 60 0 0 4737 0 30 60 40 0 50 41 41
4737 0 30 60 0 0 4737 0 30 60 40 90 69 54 54
4737 0 30 60 0 0 4737 0 30 60 40 180 71 60 60
4737 0 30 60 0 0 4737 0 30 60 60 0 55 45 45
4737 0 30 60 0 0 4737 0 30 60 60 90 73 57 57
4737 0 30 60 0 0 4737 0 30 60 60 180 68 59 59
4737 0 30 60 0 0 4737 0 30 120 0 0 55 46 46
4737 0 30 60 0 0 4737 0 30 120 0 90 73 59 59
4737 0 30 60 0 0 4737 0 30 120 0 180 68 56 56
4737 0 30 60 0 0 4737 0 30 120 20 0 61 50 50
4737 0 30 60 0 0 4737 0 30 120 20 90 74 61 61
4737 0 30 60 0 0 4737 0 30 120 20 180 63 53 53
4737 0 30 60 0 0 4737 0 30 120 40 0 66 53 53
4737 0 30 60 0 0 4737 0 30 120 40 90 74 62 62
4737 0 30 60 0 0 4737 0 30 120 40 180 58 52 52
4737 0 30 60 0 0 4737 0 30 120 60 0 72 57 57
4737 0 30 60 0 0 4737 0 30 120 60 90 74 62 62
4737 0 30 60 0 0 4737 0 30 120 60 180 52 50 50
4737 0 30 60 0 0 4737 0 60 0 0 0 51 45 45
4737 0 30 60 0 0 4737 0 60 0 0 90 42 36 36
4737 0 30 60 0 0 4737 0 60 0 0 180 67 55 55
4737 0 30 60 0 0 4737 0 60 0 20 0 45 43 43
4737 0 30 60 0 0 4737 0 60 0 20 90 46 38 38
4737 0 30 60 0 0 4737 0 60 0 20 180 68 57 57
4737 0 30 60 0 0 4737 0 60 0 40 0 41 42 42
4737 0 30 60 0 0 4737 0 60 0 40 90 50 41 41
4737 0 30 60 0 0 4737 0 60 0 40 180 69 58 58
4737 0 30 60 0 0 4737 0 60 0 60 0 40 42 42
4737 0 30 60 0 0 4737 0 60 0 60 90 56 45 45
4737 0 30 60 0 0 4737 0 60 0 60 180 69 60 60
4737 0 30 60 0 0 4737 0 60 60 0 0 38 38 38
4737 0 30 60 0 0 4737 0 60 60 0 90 56 50 50
4737 0 30 60 0 0 4737 0 60 60 0 180 69 67 67
4737 0 30 60 0 0 4737 0 60 60 20 0 41 40 40
4737 0 30 60 0 0 4737 0 60 60 20 90 61 53 53
4737 0 30 60 0 0 4737 0 60 60 20 180 68 67 67
4737 0 30 60 0 0 4737 0 60 60 40 0 47 44 44
4737 0 30 60 0 0 4737 0 60 60 40 90 65 56 56
4737 0 30 60 0 0 4737 0 60 60 40 180 66 67 67
4737 0 30 60 0 0 4737 0 60 60 60 0 52 47 47
4737 0 30 60 0 0 4737 0 60 60 60 90 67 59 59
4737 0 30 60 0 0 4737 0 60 60 60 180 64 65 65
4737 0 30 60 0 0 4737 0 60 120 0 0 53 48 48
4737 0 30 60 0 0 4737 0 60 120 0 90 69 63 63
4737 0 30 60 0 0 4737 0 60 120 0 180 65 60 60
4737 0 30 60 0 0 4737 0 60 120 20 0 58 52 52
4737 0 30 60 0 0 4737 0 60 120 20 90 69 66 66
4737 0 30 60 0 0 4737 0 60 120 20 180 61 59 59
4737 0 30 60 0 0 4737 0 60 120 40 0 63 56 56
4737 0 30 60 0 0 4737 0 60 120 40 90 69 67 67
4737 0 30 60 0 0 4737 0 60 120 40 180 56 58 58
4737 0 30 60 0 0 4737 0 60 120 60 0 66 59 59
4737 0 30 60 0 0 4737 0 60 120 60 90 68 67 67
4737 0 30 60 0 0 4737 0 60 120 60 180 50 57 57
4737 0 30 60 0 0 4737 0 0 0 0 0 52 46 46
4737 0 30 60 0 0 4737 0 0 0 0 90 43 40 40
4737 0 30 60 0 0 4737 0 0 0 0 180 69 60 60
4737 0 30 60 0 0 4737 0 0 0 20 0 47 42 42
4737 0 30 60 0 0 4737 0 0 0 20 90 44 41 41
4737 0 30 60 0 0 4737 0 0 0 20 180 72 61 61
4737 0 30 60 0 0 4737 0 0 0 40 0 42 39 39
4737 0 30 60 0 0 4737 0 0 0 40 90 50 43 43
4737 0 30 60 0 0 4737 0 0 0 40 180 74 62 62
4737 0 30 60 0 0 4737 0 0 0 60 0 42 39 39
4737 0 30 60 0 0 4737 0 0 0 60 90 55 47 47
4737 0 30 60 0 0 4737 0 0 0 60 180 75 62 62
4737 0 30 60 0 0 4737 0 0 60 0 0 42 39 39
4737 0 30 60 0 0 4737 0 0 60 0 90 55 47 47
4737 0 30 60 0 0 4737 0 0 60 0 180 75 62 62
4737 0 30 60 0 0 4737 0 0 60 20 0 45 40 40
4737 0 30 60 0 0 4737 0 0 60 20 90 61 51 51
4737 0 30 60 0 0 4737 0 0 60 20 180 73 61 61
4737 0 30 60 0 0 4737 0 0 60 40 0 51 44 44
4737 0 30 60 0 0 4737 0 0 60 40 90 66 54 54
4737 0 30 60 0 0 4737 0 0 60 40 180 70 59 59
4737 0 30 60 0 0 4737 0 0 60 60 0 56 48 48
4737 0 30 60 0 0 4737 0 0 60 60 90 70 58 58
4737 0 30 60 0 0 4737 0 0 60 60 180 67 56 56
4737 0 30 60 0 0 4737 0 0 120 0 0 56 48 48
4737 0 30 60 0 0 4737 0 0 120 0 90 70 58 58
4737 0 30 60 0 0 4737 0 0 120 0 180 67 56 56
4737 0 30 60 0 0 4737 0 0 120 20 0 62 53 53
4737 0 30 60 0 0 4737 0 0 120 20 90 73 60 60
4737 0 30 60 0 0 4737 0 0 120 20 180 63 54 54
4737 0 30 60 0 0 4737 0 0 120 40 0 67 56 56
4737 0 30 60 0 0 4737 0 0 120 40 90 75 63 63
4737 0 30 60 0 0 4737 0 0 120 40 180 58 51 51
4737 0 30 60 0 0 4737 0 0 120 60 0 72 60 60
4737 0 30 60 0 0 4737 0 0 120 60 90 75 64 64
4737 0 30 60 0 0 4737 0 0 120 60 180 52 48 48
4737 0 30 60 0 0 4737 0 30 0 0 0 52 43 43
4737 0 30 60 0 0 4737 0 30 0 0 90 42 33 33
4737 0 30 60 0 0 4737 0 30 0 0 180 68 54 54
4737 0 30 60 0 0 4737 0 30 0 20 0 47 39 39
4737 0 30 60 0 0 4737 0 30 0 20 90 44 33 33
4737 0 30 60 0 0 4737 0 30 0 20 180 71 55 55
4737 0 30 60 0 0 4737 0 30 0 40 0 42 37 37
4737 0 30 60 0 0 4737 0 30 0 40 90 49 36 36
4737 0 30 60 0 0 4737 0 30 0 40 180 73 57 57
4737 0 30 60 0 0 4737 0 30 0 60 0 41 36 36
4737 0 30 60 0 0 4737 0 30 0 60 90 54 40 40
4737 0 30 60 0 0 4737 0 30 0 60 180 73 58 58
4737 0 30 60 0 0 4737 0 30 60 0 0 40 35 35
4737 0 30 60 0 0 4737 0 30 60 0 90 54 45 45
4737 0 30 60 0 0 4737 0 30 60 0 180 74 64 64
4737 0 30 60 0 0 4737 0 30 60 20 0 44 38 38
4737 0 30 60 0 0 4737 0 30 60 20 90 60 49 49
4737 0 30 60 0 0 4737 0 30 60 20 180 72 63 63
4737 0 30 60 0 0 4737 0 30 60 40 0 50 42 42
4737 0 30 60 0 0 4737 0 30 60 40 90 65 53 53
4737 0 30 60 0 0 4737 0 30 60 40 180 69 62 62
4737 0 30 60 0 0 4737 0 30 60 60 0 55 46 46
4737 0 30 60 0 0 4737 0 30 60 60 90 69 56 56
4737 0 30 60 0 0 4737 0 30 60 60 180 66 60 60
4737 0 30 60 0 0 4737 0 30 120 0 0 55 48 48
4737 0 30 60 0 0 4737 0 30 120 0 90 69 59 59
4737 0 30 60 0 0 4737 0 30 120 0 180 67 57 57
4737 0 30 60 0 0 4737 0 30 120 20 0 61 52 52
4737 0 30 60 0 0 4737 0 30 120 20 90 72 61 61
4737 0 30 60 0 0 4737 0 30 120 20 180 63 55 55
4737 0 30 60 0 0 4737 0 30 120 40 0 66 56 56
4737 0 30 60 0 0 4737 0 30 120 40 90 73 64 64
4737 0 30 60 0 0 4737 0 30 120 40 180 57 53 53
4737 0 30 60 0 0 4737 0 30 120 60 0 71 59 59
4737 0 30 60 0 0 4737 0 30 120 60 90 73 66 66
4737 0 30 60 0 0 4737 0 30 120 60 180 52 52 52
4737 0 30 60 0 0 4737 0 60 0 0 0 51 45 45
4737 0 30 60 0 0 4737 0 60 0 0 90 42 36 36
4737 0 30 60 0 0 4737 0 60 0 0 180 65 53 53
4737 0 30 60 0 0 4737 0 60 0 20 0 45 43 43
4737 0 30 60 0 0 4737 0 60 0 20 90 44 36 36
4737 0 30 60 0 0 4737 0 60 0 20 180 66 55 55
4737 0 30 60 0 0 4737 0 60 0 40 0 42 42 42
4737 0 30 60 0 0 4737 0 60 0 40 90 47 38 38
4737 0 30 60 0 0 4737 0 60 0 40 180 67 57 57
4737 0 30 60 0 0 4737 0 60 0 60 0 42 41 41
4737 0 30 60 0 0 4737 0 60 0 60 90 52 41 41
4737 0 30 60 0 0 4737 0 60 0 60 180 67 58 58
4737 0 30 60 0 0 4737 0 60 60 0 0 39 43 43
4737 0 30 60 0 0 4737 0 60 60 0 90 51 50 50
4737 0 30 60 0 0 4737 0 60 60 0 180 68 71 71
4737 0 30 60 0 0 4737 0 60 60 20 0 41 44 44
4737 0 30 60 0 0 4737 0 60 60 20 90 56 53 53
4737 0 30 60 0 0 4737 0 60 60 20 180 67 72 72
4737 0 30 60 0 0 4737 0 60 60 40 0 46 47 47
4737 0 30 60 0 0 4737 0 60 60 40 90 60 56 56
4737 0 30 60 0 0 4737 0 60 60 40 180 65 71 71
4737 0 30 60 0 0 4737 0 60 60 60 0 51 51 51
4737 0 30 60 0 0 4737 0 60 60 60 90 64 60 60
4737 0 30 60 0 0 4737 0 60 60 60 180 62 69 69
4737 0 30 60 0 0 4737 0 60 120 0 0 52 52 52
4737 0 30 60 0 0 4737 0 60 120 0 90 66 64 64
4737 0 30 60 0 0 4737 0 60 120 0 180 64 64 64
4737 0 30 60 0 0 4737 0 60 120 20 0 58 56 56
4737 0 30 60 0 0 4737 0 60 120 20 90 67 68 68
4737 0 30 60 0 0 4737 0 60 120 20 180 60 63 63
4737 0 30 60 0 0 4737 0 60 120 40 0 62 60 60
4737 0 30 60 0 0 4737 0 60 120 40 90 68 70 70
4737 0 30 60 0 0 4737 0 60 120 40 180 55 62 62
4737 0 30 60 0 0 4737 0 60 120 60 0 65 63 63
4737 0 30 60 0 0 4737 0 60 120 60 90 68 72 72
4737 0 30 60 0 0 4737 0 60 120 60 180 49 62 62
4737 0 30 60 0 0 4737 0 0 0 0 0 52 46 46
4737 0 30 60 0 0 4737 0 0 0 0 90 46 41 41
4737 0 30 60 0 0 4737 0 0 0 0 180 68 58 58
4737 0 30 60 0 0 4737 0 0 0 20 0 47 42 42
4737 0 30 60 0 0 4737 0 0 0 20 90 45 40 40
4737 0 30 60 0 0 4737 0 0 0 20 180 70 60 60
4737 0 30 60 0 0 4737 0 0 0 40 0 44 39 39
4737 0 30 60 0 0 4737 0 0 0 40 90 47 41 41
4737 0 30 60 0 0 4737 0 0 0 40 180 72 60 60
4737 0 30 60 0 0 4737 0 0 0 60 0 45 39 39
4737 0 30 60 0 0 4737 0 0 0 60 90 51 43 43
4737 0 30 60 0 0 4737 0 0 0 60 180 73 60 60
4737 0 30 60 0 0 4737 0 0 60 0 0 45 39 39
4737 0 30 60 0 0 4737 0 0 60 0 90 51 43 43
4737 0 30 60 0 0 4737 0 0 60 0 180 73 60 60
4737 0 30 60 0 0 4737 0 0 60 20 0 46 40 40
4737 0 30 60 0 0 4737 0 0 60 20 90 57 46 46
4737 0 30 60 0 0 4737 0 0 60 20 180 71 59 59
4737 0 30 60 0 0 4737 0 0 60 40 0 51 42 42
4737 0 30 60 0 0 4737 0 0 60 40 90 62 50 50
4737 0 30 60 0 0 4737 0 0 60 40 180 69 57 57
4737 0 30 60 0 0 4737 0 0 60 60 0 56 47 47
4737 0 30 60 0 0 4737 0 0 60 60 90 66 53 53
4737 0 30 60 0 0 4737 0 0 60 60 180 66 55 55
4737 0 30 60 0 0 4737 0 0 120 0 0 56 47 47
4737 0 30 60 0 0 4737 0 0 120 0 90 66 53 53
4737 0 30 60 0 0 4737 0 0 120 0 180 66 55 55
4737 0 30 60 0 0 4737 0 0 120 20 0 62 51 51
4737 0 30 60 0 0 4737 0 0 120 20 90 70 56 56
4737 0 30 60 0 0 4737 0 0 120 20 180 62 53 53
4737 0 30 60 0 0 4737 0 0 120 40 0 67 54 54
4737 0 30 60 0 0 4737 0 0 120 40 90 73 59 59
4737 0 30 60 0 0 4737 0 0 120 40 180 58 51 51
4737 0 30 60 0 0 4737 0 0 120 60 0 71 58 58
4737 0 30 60 0 0 4737 0 0 120 60 90 74 61 61
4737 0 30 60 0 0 4737 0 0 120 60 180 53 50 50
4737 0 30 60 0 0 4737 0 30 0 0 0 52 43 43
4737 0 30 60 0 0 4737 0 30 0 0 90 46 37 37
4737 0 30 60 0 0 4737 0 30 0 0 180 67 53 53
4737 0 30 60 0 0 4737 0 30 0 20 0 47 40 40
4737 0 30 60 0 0 4737 0 30 0 20 90 45 35 35
4737 0 30 60 0 0 4737 0 30 0 20 180 69 55 55
4737 0 30 60 0 0 4737 0 30 0 40 0 44 37 37
4737 0 30 60 0 0 4737 0 30 0 40 90 47 35 35
4737 0 30 60 0 0 4737 0 30 0 40 180 71 56 56
4737 0 30 60 0 0 4737 0 30 0 60 0 44 36 36
4737 0 30 60 0 0 4737 0 30 0 60 90 50 37 37
4737 0 30 60 0 0 4737 0 30 0 60 180 71 58 58
4737 0 30 60 0 0 4737 0 30 60 0 0 43 39 39
4737 0 30 60 0 0 4737 0 30 60 0 90 50 43 43
4737 0 30 60 0 0 4737 0 30 60 0 180 72 65 65
4737 0 30 60 0 0 4737 0 30 60 20 0 45 40 40
4737 0 30 60 0 0 4737 0 30 60 20 90 55 47 47
4737 0 30 60 0 0 4737 0 30 60 20 180 70 65 65
4737 0 30 60 0 0 4737 0 30 60 40 0 49 44 44
4737 0 30 60 0 0 4737 0 30 60 40 90 60 51 51
4737 0 30 60 0 0 4737 0 30 60 40 180 68 63 63
4737 0 30 60 0 0 4737 0 30 60 60 0 55 48 48
4737 0 30 60 0 0 4737 0 30 60 60 90 64 55 55
4737 0 30 60 0 0 4737 0 30 60 60 180 65 62 62
4737 0 30 60 0 0 4737 0 30 120 0 0 55 50 50
4737 0 30 60 0 0 4737 0 30 120 0 90 65 57 57
4737 0 30 60 0 0 4737 0 30 120 0 180 65 58 58
4737 0 30 60 0 0 4737 0 30 120 20 0 61 54 54
4737 0 30 60 0 0 4737 0 30 120 20 90 69 61 61
4737 0 30 60 0 0 4737 0 30 120 20 180 61 56 56
4737 0 30 60 0 0 4737 0 30 120 40 0 66 58 58
4737 0 30 60 0 0 4737 0 30 120 40 90 71 64 64
4737 0 30 60 0 0 4737 0 30 120 40 180 57 55 55
4737 0 30 60 0 0 4737 0 30 120 60 0 69 62 62
4737 0 30 60 0 0 4737 0 30 120 60 90 73 67 67
4737 0 30 60 0 0 4737 0 30 120 60 180 52 55 55
4737 0 30 60 0 0 4737 0 60 0 0 0 50 46 46
4737 0 30 60 0 0 4737 0 60 0 0 90 45 38 38
4737 0 30 60 0 0 4737 0 60 0 0 180 62 52 52
4737 0 30 60 0 0 4737 0 60 0 20 0 46 43 43
4737 0 30 60 0 0 4737 0 60 0 20 90 45 37 37
4737 0 30 60 0 0 4737 0 60 0 20 180 64 53 53
4737 0 30 60 0 0 4737 0 60 0 40 0 44 41 41
4737 0 30 60 0 0 4737 0 60 0 40 90 46 36 36
4737 0 30 60 0 0 4737 0 60 0 40 180 65 55 55
4737 0 30 60 0 0 4737 0 60 0 60 0 45 40 40
4737 0 30 60 0 0 4737 0 60 0 60 90 49 38 38
4737 0 30 60 0 0 4737 0 60 0 60 180 65 57 57
4737 0 30 60 0 0 4737 0 60 60 0 0 41 48 48
4737 0 30 60 0 0 4737 0 60 60 0 90 46 52 52
4737 0 30 60 0 0 4737 0 60 60 0 180 67 74 74
4737 0 30 60 0 0 4737 0 60 60 20 0 42 50 50
4737 0 30 60 0 0 4737 0 60 60 20 90 50 54 54
4737 0 30 60 0 0 4737 0 60 60 20 180 65 74 74
4737 0 30 60 0 0 4737 0 60 60 40 0 45 52 52
4737 0 30 60 0 0 4737 0 60 60 40 90 55 57 57
4737 0 30 60 0 0 4737 0 60 60 40 180 62 74 74
4737 0 30 60 0 0 4737 0 60 60 60 0 50 55 55
4737 0 30 60 0 0 4737 0 60 60 60 90 59 61 61
4737 0 30 60 0 0 4737 0 60 60 60 180 60 73 73
4737 0 30 60 0 0 4737 0 60 120 0 0 52 56 56
4737 0 30 60 0 0 4737 0 60 120 0 90 61 65 65
4737 0 30 60 0 0 4737 0 60 120 0 180 61 68 68
4737 0 30 60 0 0 4737 0 60 120 20 0 57 61 61
4737 0 30 60 0 0 4737 0 60 120 20 90 64 69 69
4737 0 30 60 0 0 4737 0 60 120 20 180 58 68 68
4737 0 30 60 0 0 4737 0 60 120 40 0 61 65 65
4737 0 30 60 0 0 4737 0 60 120 40 90 65 72 72
4737 0 30 60 0 0 4737 0 60 120 40 180 53 68 68
4737 0 30 60 0 0 4737 0 60 120 60 0 63 68 68
4737 0 30 60 0 0 4737 0 60 120 60 90 66 74 74
4737 0 30 60 0 0 4737 0 60 120 60 180 49 67 67
4737 0 30 60 20 0 4737 0 0 0 0 0 58 51 51
4737 0 30 60 20 0 4737 0 0 0 0 90 42 41 41
4737 0 30 60 20 0 4737 0 0 0 0 180 67 58 58
4737 0 30 60 20 0 4737 0 0 0 20 0 52 46 46
4737 0 30 60 20 0 4737 0 0 0 20 90 48 44 44
4737 0 30 60 20 0 4737 0 0 0 20 180 72 61 61
4737 0 30 60 20 0 4737 0 0 0 40 0 47 43 43
4737 0 30 60 20 0 4737 0 0 0 40 90 53 48 48
4737 0 30 60 20 0 4737 0 0 0 40 180 74 63 63
4737 0 30 60 20 0 4737 0 0 0 60 0 41 41 41
4737 0 30 60 20 0 4737 0 0 0 60 90 59 52 52
4737 0 30 60 20 0 4737 0 0 0 60 180 75 63 63
4737 0 30 60 20 0 4737 0 0 60 0 0 41 41 41
4737 0 30 60 20 0 4737 0 0 60 0 90 59 52 52
4737 0 30 60 20 0 4737 0 0 60 0 180 75 63 63
4737 0 30 60 20 0 4737 0 0 60 20 0 41 40 40
4737 0 30 60 20 0 4737 0 0 60 20 90 64 56 56
4737 0 30 60 20 0 4737 0 0 60 20 180 75 63 63
4737 0 30 60 20 0 4737 0 0 60 40 0 45 42 42
4737 0 30 60 20 0 4737 0 0 60 40 90 70 60 60
4737 0 30 60 20 0 4737 0 0 60 40 180 75 63 63
4737 0 30 60 20 0 4737 0 0 60 60 0 51 46 46
4737 0 30 60 20 0 4737 0 0 60 60 90 73 63 63
4737 0 30 60 20 0 4737 0 0 60 60 180 73 61 61
4737 0 30 60 20 0 4737 0 0 120 0 0 51 46 46
4737 0 30 60 20 0 4737 0 0 120 0 90 73 63 63
4737 0 30 60 20 0 4737 0 0 120 0 180 73 61 61
4737 0 30 60 20 0 4737 0 0 120 20 0 56 50 50
4737 0 30 60 20 0 4737 0 0 120 20 90 75 63 63
4737 0 30 60 20 0 4737 0 0 120 20 180 69 58 58
4737 0 30 60 20 0 4737 0 0 120 40 0 62 54 54
4737 0 30 60 20 0 4737 0 0 120 40 90 75 63 63
4737 0 30 60 20 0 4737 0 0 120 40 180 63 55 55
4737 0 30 60 20 0 4737 0 0 120 60 0 67 58 58
4737 0 30 60 20 0 4737 0 0 120 60 90 75 63 63
4737 0 30 60 20 0 4737 0 0 120 60 180 58 51 51
4737 0 30 60 20 0 4737 0 30 0 0 0 58 45 45
4737 0 30 60 20 0 4737 0 30 0 0 90 42 34 34
4737 0 30 60 20 0 4737 0 30 0 0 180 66 53 53
4737 0 30 60 20 0 4737 0 30 0 20 0 52 42 42
4737 0 30 60 20 0 4737 0 30 0 20 90 47 37 37
4737 0 30 60 20 0 4737 0 30 0 20 180 71 56 56
4737 0 30 60 20 0 4737 0 30 0 40 0 47 40 40
4737 0 30 60 20 0 4737 0 30 0 40 90 52 41 41
4737 0 30 60 20 0 4737 0 30 0 40 180 74 58 58
4737 0 30 60 20 0 4737 0 30 0 60 0 41 39 39
4737 0 30 60 20 0 4737 0 30 0 60 90 58 45 45
4737 0 30 60 20 0 4737 0 30 0 60 180 74 59 59
4737 0 30 60 20 0 4737 0 30 60 0 0 41 32 32
4737 0 30 60 20 0 4737 0 30 60 0 90 58 47 47
4737 0 30 60 20 0 4737 0 30 60 0 180 74 59 59
4737 0 30 60 20 0 4737 0 30 60 20 0 40 33 33
4737 0 30 60 20 0 4737 0 30 60 20 90 64 50 50
4737 0 30 60 20 0 4737 0 30 60 20 180 74 59 59
4737 0 30 60 20 0 4737 0 30 60 40 0 44 36 36
4737 0 30 60 20 0 4737 0 30 60 40 90 69 53 53
4737 0 30 60 20 0 4737 0 30 60 40 180 74 58 58
4737 0 30 60 20 0 4737 0 30 60 60 0 50 40 40
4737 0 30 60 20 0 4737 0 30 60 60 90 73 56 56
4737 0 30 60 20 0 4737 0 30 60 60 180 72 58 58
4737 0 30 60 20 0 4737 0 30 120 0 0 50 41 41
4737 0 30 60 20 0 4737 0 30 120 0 90 73 58 58
4737 0 30 60 20 0 4737 0 30 120 0 180 73 57 57
4737 0 30 60 20 0 4737 0 30 120 20 0 55 44 44
4737 0 30 60 20 0 4737 0 30 120 20 90 74 59 59
4737 0 30 60 20 0 4737 0 30 120 20 180 69 54 54
4737 0 30 60 20 0 4737 0 30 120 40 0 61 48 48
4737 0 30 60 20 0 4737 0 30 120 40 90 74 59 59
4737 0 30 60 20 0 4737 0 30 120 40 180 63 52 52
4737 0 30 60 20 0 4737 0 30 120 60 0 66 51 51
4737 0 30 60 20 0 4737 0 30 120 60 90 74 59 59
4737 0 30 60 20 0 4737 0 30 120 60 180 58 50 50
4737 0 30 60 20 0 4737 0 60 0 0 0 56 47 47
4737 0 30 60 20 0 4737 0 60 0 0 90 40 37 37
4737 0 30 60 20 0 4737 0 60 0 0 180 64 54 54
4737 0 30 60 20 0 4737 0 60 0 20 0 51 45 45
4737 0 30 60 20 0 4737 0 60 0 20 90 44 39 39
4737 0 30 60 20 0 4737 0 60 0 20 180 67 57 57
4737 0 30 60 20 0 4737 0 60 0 40 0 46 44 44
4737 0 30 60 20 0 4737 0 60 0 40 90 50 42 42
4737 0 30 60 20 0 4737 0 60 0 40 180 69 59 59
4737 0 30 60 20 0 4737 0 60 0 60 0 41 43 43
4737 0 30 60 20 0 4737 0 60 0 60 90 55 46 46
4737 0 30 60 20 0 4737 0 60 0 60 180 69 61 61
4737 0 30 60 20 0 4737 0 60 60 0 0 41 36 36
4737 0 30 60 20 0 4737 0 60 60 0 90 55 49 49
4737 0 30 60 20 0 4737 0 60 60 0 180 70 61 61
4737 0 30 60 20 0 4737 0 60 60 20 0 39 37 37
4737 0 30 60 20 0 4737 0 60 60 20 90 61 51 51
4737 0 30 60 20 0 4737 0 60 60 20 180 69 62 62
4737 0 30 60 20 0 4737 0 60 60 40 0 42 38 38
4737 0 30 60 20 0 4737 0 60 60 40 90 65 54 54
4737 0 30 60 20 0 4737 0 60 60 40 180 69 62 62
4737 0 30 60 20 0 4737 0 60 60 60 0 47 41 41
4737 0 30 60 20 0 4737 0 60 60 60 90 67 57 57
4737 0 30 60 20 0 4737 0 60 60 60 180 67 62 62
4737 0 30 60 20 0 4737 0 60 120 0 0 47 43 43
4737 0 30 60 20 0 4737 0 60 120 0 90 69 59 59
4737 0 30 60 20 0 4737 0 60 120 0 180 69 58 58
4737 0 30 60 20 0 4737 0 60 120 20 0 52 45 45
4737 0 30 60 20 0 4737 0 60 120 20 90 69 61 61
4737 0 30 60 20 0 4737 0 60 120 20 180 66 57 57
4737 0 30 60 20 0 4737 0 60 120 40 0 58 48 48
4737 0 30 60 20 0 4737 0 60 120 40 90 69 62 62
4737 0 30 60 20 0 4737 0 60 120 40 180 61 55 55
4737 0 30 60 20 0 4737 0 60 120 60 0 63 51 51
4737 0 30 60 20 0 4737 0 60 120 60 90 69 62 62
4737 0 30 60 20 0 4737 0 60 120 60 180 56 54 54
4737 0 30 60 20 0 4737 0 0 0 0 0 58 51 51
4737 0 30 60 20 0 4737 0 0 0 0 90 41 40 40
4737 0 30 60 20 0 4737 0 0 0 0 180 67 58 58
4737 0 30 60 20 0 4737 0 0 0 20 0 52 46 46
4737 0 30 60 20 0 4737 0 0 0 20 90 43 41 41
4737 0 30 60 20 0 4737 0 0 0 20 180 71 61 61
4737 0 30 60 20 0 4737 0 0 0 40 0 47 42 42
4737 0 30 60 20 0 4737 0 0 0 40 90 49 43 43
4737 0 30 60 20 0 4737 0 0 0 40 180 73 63 63
4737 0 30 60 20 0 4737 0 0 0 60 0 41 39 39
4737 0 30 60 20 0 4737 0 0 0 60 90 54 47 47
4737 0 30 60 20 0 4737 0 0 0 60 180 75 63 63
4737 0 30 60 20 0 4737 0 0 60 0 0 41 39 39
4737 0 30 60 20 0 4737 0 0 60 0 90 54 47 47
4737 0 30 60 20 0 4737 0 0 60 0 180 75 63 63
4737 0 30 60 20 0 4737 0 0 60 20 0 40 39 39
4737 0 30 60 20 0 4737 0 0 60 20 90 60 52 52
4737 0 30 60 20 0 4737 0 0 60 20 180 75 63 63
4737 0 30 60 20 0 4737 0 0 60 40 0 45 41 41
4737 0 30 60 20 0 4737 0 0 60 40 90 65 55 55
4737 0 30 60 20 0 4737 0 0 60 40 180 74 62 62
4737 0 30 60 20 0 4737 0 0 60 60 0 51 45 45
4737 0 30 60 20 0 4737 0 0 60 60 90 70 59 59
4737 0 30 60 20 0 4737 0 0 60 60 180 72 60 60
4737 0 30 60 20 0 4737 0 0 120 0 0 51 45 45
4737 0 30 60 20 0 4737 0 0 120 0 90 70 59 59
4737 0 30 60 20 0 4737 0 0 120 0 180 72 60 60
4737 0 30 60 20 0 4737 0 0 120 20 0 56 49 49
4737 0 30 60 20 0 4737 0 0 120 20 90 74 62 62
4737 0 30 60 20 0 4737 0 0 120 20 180 68 58 58
4737 0 30 60 20 0 4737 0 0 120 40 0 62 54 54
4737 0 30 60 20 0 4737 0 0 120 40 90 75 63 63
4737 0 30 60 20 0 4737 0 0 120 40 180 63 54 54
4737 0 30 60 20 0 4737 0 0 120 60 0 67 58 58
4737 0 30 60 20 0 4737 0 0 120 60 90 75 64 64
4737 0 30 60 20 0 4737 0 0 120 60 180 58 51 51
4737 0 30 60 20 0 4737 0 30 0 0 0 58 46 46
4737 0 30 60 20 0 4737 0 30 0 0 90 41 33 33
4737 0 30 60 20 0 4737 0 30 0 0 180 66 52 52
4737 0 30 60 20 0 4737 0 30 0 20 0 52 42 42
4737 0 30 60 20 0 4737 0 30 0 20 90 42 33 33
4737 0 30 60 20 0 4737 0 30 0 20 180 70 54 54
4737 0 30 60 20 0 4737 0 30 0 40 0 47 40 40
4737 0 30 60 20 0 4737 0 30 0 40 90 48 37 37
4737 0 30 60 20 0 4737 0 30 0 40 180 72 56 56
4737 0 30 60 20 0 4737 0 30 0 60 0 41 38 38
4737 0 30 60 20 0 4737 0 30 0 60 90 53 41 41
4737 0 30 60 20 0 4737 0 30 0 60 180 74 58 58
4737 0 30 60 20 0 4737 0 30 60 0 0 41 34 34
4737 0 30 60 20 0 4737 0 30 60 0 90 53 45 45
4737 0 30 60 20 0 4737 0 30 60 0 180 74 62 62
4737 0 30 60 20 0 4737 0 30 60 20 0 39 32 32
4737 0 30 60 20 0 4737 0 30 60 20 90 59 48 48
4737 0 30 60 20 0 4737 0 30 60 20 180 74 62 62
4737 0 30 60 20 0 4737 0 30 60 40 0 44 36 36
4737 0 30 60 20 0 4737 0 30 60 40 90 64 51 51
4737 0 30 60 20 0 4737 0 30 60 40 180 73 62 62
4737 0 30 60 20 0 4737 0 30 60 60 0 50 41 41
4737 0 30 60 20 0 4737 0 30 60 60 90 69 55 55
4737 0 30 60 20 0 4737 0 30 60 60 180 71 61 61
4737 0 30 60 20 0 4737 0 30 120 0 0 50 42 42
4737 0 30 60 20 0 4737 0 30 120 0 90 69 57 57
4737 0 30 60 20 0 4737 0 30 120 0 180 71 58 58
4737 0 30 60 20 0 4737 0 30 120 20 0 55 46 46
4737 0 30 60 20 0 4737 0 30 120 20 90 73 60 60
4737 0 30 60 20 0 4737 0 30 120 20 180 68 56 56
4737 0 30 60 20 0 4737 0 30 120 40 0 61 50 50
4737 0 30 60 20 0 4737 0 30 120 40 90 74 62 62
4737 0 30 60 20 0 4737 0 30 120 40 180 63 54 54
4737 0 30 60 20 0 4737 0 30 120 60 0 66 54 54
4737 0 30 60 20 0 4737 0 30 120 60 90 74 62 62
4737 0 30 60 20 0 4737 0 30 120 60 180 57 52 52
4737 0 30 60 20 0 4737 0 60 0 0 0 56 47 47
4737 0 30 60 20 0 4737 0 60 0 0 90 40 36 36
4737 0 30 60 20 0 4737 0 60 0 0 180 63 53 53
4737 0 30 60 20 0 4737 0 60 0 20 0 51 45 45
4737 0 30 60 20 0 4737 0 60 0 20 90 42 36 36
4737 0 30 60 20 0 4737 0 60 0 20 180 66 55 55
4737 0 30 60 20 0 4737 0 60 0 40 0 45 44 44
4737 0 30 60 20 0 4737 0 60 0 40 90 45 38 38
4737 0 30 60 20 0 4737 0 60 0 40 180 68 57 57
4737 0 30 60 20 0 4737 0 60 0 60 0 41 43 43
4737 0 30 60 20 0 4737 0 60 0 60 90 50 41 41
4737 0 30 60 20 0 4737 0 60 0 60 180 68 59 59
4737 0 30 60 20 0 4737 0 60 60 0 0 40 39 39
4737 0 30 60 20 0 4737 0 60 60 0 90 50 49 49
4737 0 30 60 20 0 4737 0 60 60 0 180 69 67 67
4737 0 30 60 20 0 4737 0 60 60 20 0 38 39 39
4737 0 30 60 20 0 4737 0 60 60 20 90 56 50 50
4737 0 30 60 20 0 4737 0 60 60 20 180 69 67 67
4737 0 30 60 20 0 4737 0 60 60 40 0 41 41 41
4737 0 30 60 20 0 4737 0 60 60 40 90 61 53 53
4737 0 30 60 20 0 4737 0 60 60 40 180 68 68 68
4737 0 30 60 20 0 4737 0 60 60 60 0 46 44 44
4737 0 30 60 20 0 4737 0 60 60 60 90 64 57 57
4737 0 30 60 20 0 4737 0 60 60 60 180 66 67 67
4737 0 30 60 20 0 4737 0 60 120 0 0 47 46 46
4737 0 30 60 20 0 4737 0 60 120 0 90 66 61 61
4737 0 30 60 20 0 4737 0 60 120 0 180 68 62 62
4737 0 30 60 20 0 4737 0 60 120 20 0 52 49 49
4737 0 30 60 20 0 4737 0 60 120 20 90 68 64 64
4737 0 30 60 20 0 4737 0 60 120 20 180 65 60 60
4737 0 30 60 20 0 4737 0 60 120 40 0 58 52 52
4737 0 30 60 20 0 4737 0 60 120 40 90 69 66 66
4737 0 30 60 20 0 4737 0 60 120 40 180 61 59 59
4737 0 30 60 20 0 4737 0 60 120 60 0 62 56 56
4737 0 30 60 20 0 4737 0 60 120 60 90 68 68 68
4737 0 30 60 20 0 4737 0 60 120 60 180 55 58 58
4737 0 30 60 20 0 4737 0 0 0 0 0 58 50 50
4737 0 30 60 20 0 4737 0 0 0 0 90 44 41 41
4737 0 30 60 20 0 4737 0 0 0 0 180 66 58 58
4737 0 30 60 20 0 4737 0 0 0 20 0 52 46 46
4737 0 30 60 20 0 4737 0 0 0 20 90 43 40 40
4737 0 30 60 20 0 4737 0 0 0 20 180 69 60 60
4737 0 30 60 20 0 4737 0 0 0 40 0 47 42 42
4737 0 30 60 20 0 4737 0 0 0 40 90 44 41 41
4737 0 30 60 20 0 4737 0 0 0 40 180 72 61 61
4737 0 30 60 20 0 4737 0 0 0 60 0 41 39 39
4737 0 30 60 20 0 4737 0 0 0 60 90 50 43 43
4737 0 30 60 20 0 4737 0 0 0 60 180 74 63 63
4737 0 30 60 20 0 4737 0 0 60 0 0 41 39 39
4737 0 30 60 20 0 4737 0 0 60 0 90 50 43 43
4737 0 30 60 20 0 4737 0 0 60 0 180 74 63 63
4737 0 30 60 20 0 4737 0 0 60 20 0 41 39 39
4737 0 30 60 20 0 4737 0 0 60 20 90 55 47 47
4737 0 30 60 20 0 4737 0 0 60 20 180 75 62 62
4737 0 30 60 20 0 4737 0 0 60 40 0 45 40 40
4737 0 30 60 20 0 4737 0 0 60 40 90 61 51 51
4737 0 30 60 20 0 4737 0 0 60 40 180 73 61 61
4737 0 30 60 20 0 4737 0 0 60 60 0 51 44 44
4737 0 30 60 20 0 4737 0 0 60 60 90 66 54 54
4737 0 30 60 20 0 4737 0 0 60 60 180 70 59 59
4737 0 30 60 20 0 4737 0 0 120 0 0 51 44 44
4737 0 30 60 20 0 4737 0 0 120 0 90 66 54 54
4737 0 30 60 20 0 4737 0 0 120 0 180 70 59 59
4737 0 30 60 20 0 4737 0 0 120 20 0 56 48 48
4737 0 30 60 20 0 4737 0 0 120 20 90 70 58 58
4737 0 30 60 20 0 4737 0 0 120 20 180 67 57 57
4737 0 30 60 20 0 4737 0 0 120 40 0 62 53 53
4737 0 30 60 20 0 4737 0 0 120 40 90 73 61 61
4737 0 30 60 20 0 4737 0 0 120 40 180 63 54 54
4737 0 30 60 20 0 4737 0 0 120 60 0 67 56 56
4737 0 30 60 20 0 4737 0 0 120 60 90 75 63 63
4737 0 30 60 20 0 4737 0 0 120 60 180 58 51 51
4737 0 30 60 20 0 4737 0 30 0 0 0 58 46 46
4737 0 30 60 20 0 4737 0 30 0 0 90 44 36 36
4737 0 30 60 20 0 4737 0 30 0 0 180 65 52 52
4737 0 30 60 20 0 4737 0 30 0 20 0 52 43 43
4737 0 30 60 20 0 4737 0 30 0 20 90 42 33 33
4737 0 30 60 20 0 4737 0 30 0 20 180 68 53 53
4737 0 30 60 20 0 4737 0 30 0 40 0 47 40 40
4737 0 30 60 20 0 4737 0 30 0 40 90 44 33 33
4737 0 30 60 20 0 4737 0 30 0 40 180 71 55 55
4737 0 30 60 20 0 4737 0 30 0 60 0 41 37 37
4737 0 30 60 20 0 4737 0 30 0 60 90 49 37 37
4737 0 30 60 20 0 4737 0 30 0 60 180 73 57 57
4737 0 30 60 20 0 4737 0 30 60 0 0 41 37 37
4737 0 30 60 20 0 4737 0 30 60 0 90 48 42 42
4737 0 30 60 20 0 4737 0 30 60 0 180 73 64 64
4737 0 30 60 20 0 4737 0 30 60 20 0 40 35 35
4737 0 30 60 20 0 4737 0 30 60 20 90 54 46 46
4737 0 30 60 20 0 4737 0 30 60 20 180 73 64 64
4737 0 30 60 20 0 4737 0 30 60 40 0 44 38 38
4737 0 30 60 20 0 4737 0 30 60 40 90 59 49 49
4737 0 30 60 20 0 4737 0 30 60 40 180 72 64 64
4737 0 30 60 20 0 4737 0 30 60 60 0 49 42 42
4737 0 30 60 20 0 4737 0 30 60 60 90 64 53 53
4737 0 30 60 20 0 4737 0 30 60 60 180 69 62 62
4737 0 30 60 20 0 4737 0 30 120 0 0 50 44 44
4737 0 30 60 20 0 4737 0 30 120 0 90 65 56 56
4737 0 30 60 20 0 4737 0 30 120 0 180 70 59 59
4737 0 30 60 20 0 4737 0 30 120 20 0 55 48 48
4737 0 30 60 20 0 4737 0 30 120 20 90 69 59 59
4737 0 30 60 20 0 4737 0 30 120 20 180 66 57 57
4737 0 30 60 20 0 4737 0 30 120 40 0 61 52 52
4737 0 30 60 20 0 4737 0 30 120 40 90 72 62 62
4737 0 30 60 20 0 4737 0 30 120 40 180 63 55 55
4737 0 30 60 20 0 4737 0 30 120 60 0 66 56 56
4737 0 30 60 20 0 4737 0 30 120 60 90 73 64 64
4737 0 30 60 20 0 4737 0 30 120 60 180 57 53 53
4737 0 30 60 20 0 4737 0 60 0 0 0 56 48 48
4737 0 30 60 20 0 4737 0 60 0 0 90 43 38 38
4737 0 30 60 20 0 4737 0 60 0 0 180 62 52 52
4737 0 30 60 20 0 4737 0 60 0 20 0 50 45 45
4737 0 30 60 20 0 4737 0 60 0 20 90 42 36 36
4737 0 30 60 20 0 4737 0 60 0 20 180 64 53 53
4737 0 30 60 20 0 4737 0 60 0 40 0 45 43 43
4737 0 30 60 20 0 4737 0 60 0 40 90 44 36 36
4737 0 30 60 20 0 4737 0 60 0 40 180 66 55 55
4737 0 30 60 20 0 4737 0 60 0 60 0 42 42 42
4737 0 30 60 20 0 4737 0 60 0 60 90 47 38 38
4737 0 30 60 20 0 4737 0 60 0 60 180 67 57 57
4737 0 30 60 20 0 4737 0 60 60 0 0 41 43 43
4737 0 30 60 20 0 4737 0 60 60 0 90 45 49 49
4737 0 30 60 20 0 4737 0 60 60 0 180 69 71 71
4737 0 30 60 20 0 4737 0 60 60 20 0 39 43 43
4737 0 30 60 20 0 4737 0 60 60 20 90 50 51 51
4737 0 30 60 20 0 4737 0 60 60 20 180 68 72 72
4737 0 30 60 20 0 4737 0 60 60 40 0 41 45 45
4737 0 30 60 20 0 4737 0 60 60 40 90 55 53 53
4737 0 30 60 20 0 4737 0 60 60 40 180 66 72 72
4737 0 30 60 20 0 4737 0 60 60 60 0 46 48 48
4737 0 30 60 20 0 4737 0 60 60 60 90 60 57 57
4737 0 30 60 20 0 4737 0 60 60 60 180 64 72 72
4737 0 30 60 20 0 4737 0 60 120 0 0 47 50 50
4737 0 30 60 20 0 4737 0 60 120 0 90 62 62 62
4737 0 30 60 20 0 4737 0 60 120 0 180 67 66 66
4737 0 30 60 20 0 4737 0 60 120 20 0 52 53 53
4737 0 30 60 20 0 4737 0 60 120 20 90 65 65 65
4737 0 30 60 20 0 4737 0 60 120 20 180 63 64 64
4737 0 30 60 20 0 4737 0 60 120 40 0 58 57 57
4737 0 30 60 20 0 4737 0 60 120 40 90 67 68 68
4737 0 30 60 20 0 4737 0 60 120 40 180 59 64 64
4737 0 30 60 20 0 4737 0 60 120 60 0 62 61 61
4737 0 30 60 20 0 4737 0 60 120 60 90 67 71 71
4737 0 30 60 20 0 4737 0 60 120 60 180 55 63 63
4737 0 30 60 20 0 4737 0 0 0 0 0 58 50 50
4737 0 30 60 20 0 4737 0 0 0 0 90 48 44 44
4737 0 30 60 20 0 4737 0 0 0 0 180 64 56 56
4737 0 30 60 20 0 4737 0 0 0 20 0 52 46 46
4737 0 30 60 20 0 4737 0 0 0 20 90 46 41 41
4737 0 30 60 20 0 4737 0 0 0 20 180 68 58 58
4737 0 30 60 20 0 4737 0 0 0 40 0 47 42 42
4737 0 30 60 20 0 4737 0 0 0 40 90 45 39 39
4737 0 30 60 20 0 4737 0 0 0 40 180 70 60 60
4737 0 30 60 20 0 4737 0 0 0 60 0 44 39 39
4737 0 30 60 20 0 4737 0 0 0 60 90 47 41 41
4737 0 30 60 20 0 4737 0 0 0 60 180 72 60 60
4737 0 30 60 20 0 4737 0 0 60 0 0 44 39 39
4737 0 30 60 20 0 4737 0 0 60 0 90 47 41 41
4737 0 30 60 20 0 4737 0 0 60 0 180 72 60 60
4737 0 30 60 20 0 4737 0 0 60 20 0 44 39 39
4737 0 30 60 20 0 4737 0 0 60 20 90 51 43 43
4737 0 30 60 20 0 4737 0 0 60 20 180 73 60 60
4737 0 30 60 20 0 4737 0 0 60 40 0 46 40 40
4737 0 30 60 20 0 4737 0 0 60 40 90 56 46 46
4737 0 30 60 20 0 4737 0 0 60 40 180 71 59 59
4737 0 30 60 20 0 4737 0 0 60 60 0 51 42 42
4737 0 30 60 20 0 4737 0 0 60 60 90 62 50 50
4737 0 30 60 20 0 4737 0 0 60 60 180 69 57 57
4737 0 30 60 20 0 4737 0 0 120 0 0 51 42 42
4737 0 30 60 20 0 4737 0 0 120 0 90 62 50 50
4737 0 30 60 20 0 4737 0 0 120 0 180 69 57 57
4737 0 30 60 20 0 4737 0 0 120 20 0 56 47 47
4737 0 30 60 20 0 4737 0 0 120 20 90 66 53 53
4737 0 30 60 20 0 4737 0 0 120 20 180 65 55 55
4737 0 30 60 20 0 4737 0 0 120 40 0 62 51 51
4737 0 30 60 20 0 4737 0 0 120 40 90 70 57 57
4737 0 30 60 20 0 4737 0 0 120 40 180 62 53 53
4737 0 30 60 20 0 4737 0 0 120 60 0 67 55 55
4737 0 30 60 20 0 4737 0 0 120 60 90 73 59 59
4737 0 30 60 20 0 4737 0 0 120 60 180 58 51 51
4737 0 30 60 20 0 4737 0 30 0 0 0 58 47 47
4737 0 30 60 20 0 4737 0 30 0 0 90 48 40 40
4737 0 30 60 20 0 4737 0 30 0 0 180 64 51 51
4737 0 30 60 20 0 4737 0 30 0 20 0 52 43 43
4737 0 30 60 20 0 4737 0 30 0 20 90 46 37 37
4737 0 30 60 20 0 4737 0 30 0 20 180 67 53 53
4737 0 30 60 20 0 4737 0 30 0 40 0 47 40 40
4737 0 30 60 20 0 4737 0 30 0 40 90 45 35 35
4737 0 30 60 20 0 4737 0 30 0 40 180 69 55 55
4737 0 30 60 20 0 4737 0 30 0 60 0 44 38 38
4737 0 30 60 20 0 4737 0 30 0 60 90 46 35 35
4737 0 30 60 20 0 4737 0 30 0 60 180 71 56 56
4737 0 30 60 20 0 4737 0 30 60 0 0 44 40 40
4737 0 30 60 20 0 4737 0 30 60 0 90 45 41 41
4737 0 30 60 20 0 4737 0 30 60 0 180 71 65 65
4737 0 30 60 20 0 4737 0 30 60 20 0 43 39 39
4737 0 30 60 20 0 4737 0 30 60 20 90 49 43 43
4737 0 30 60 20 0 4737 0 30 60 20 180 72 65 65
4737 0 30 60 20 0 4737 0 30 60 40 0 45 41 41
4737 0 30 60 20 0 4737 0 30 60 40 90 55 47 47
4737 0 30 60 20 0 4737 0 30 60 40 180 70 65 65
4737 0 30 60 20 0 4737 0 30 60 60 0 49 44 44
4737 0 30 60 20 0 4737 0 30 60 60 90 60 51 51
4737 0 30 60 20 0 4737 0 30 60 60 180 67 64 64
4737 0 30 60 20 0 4737 0 30 120 0 0 50 46 46
4737 0 30 60 20 0 4737 0 30 120 0 90 60 54 54
4737 0 30 60 20 0 4737 0 30 120 0 180 68 61 61
4737 0 30 60 20 0 4737 0 30 120 20 0 55 50 50
4737 0 30 60 20 0 4737 0 30 120 20 90 65 58 58
4737 0 30 60 20 0 4737 0 30 120 20 180 65 58 58
4737 0 30 60 20 0 4737 0 30 120 40 0 61 54 54
4737 0 30 60 20 0 4737 0 30 120 40 90 68 61 61
4737 0 30 60 20 0 4737 0 30 120 40 180 61 57 57
4737 0 30 60 20 0 4737 0 30 120 60 0 66 58 58
4737 0 30 60 20 0 4737 0 30 120 60 90 71 64 64
4737 0 30 60 20 0 4737 0 30 120 60 180 57 55 55
4737 0 30 60 20 0 4737 0 60 0 0 0 55 49 49
4737 0 30 60 20 0 4737 0 60 0 0 90 47 42 42
4737 0 30 60 20 0 4737 0 60 0 0 180 60 51 51
4737 0 30 60 20 0 4737 0 60 0 20 0 50 46 46
4737 0 30 60 20 0 4737 0 60 0 20 90 45 39 39
4737 0 30 60 20 0 4737 0 60 0 20 180 62 52 52
4737 0 30 60 20 0 4737 0 60 0 40 0 46 43 43
4737 0 30 60 20 0 4737 0 60 0 40 90 45 37 37
4737 0 30 60 20 0 4737 0 60 0 40 180 64 54 54
4737 0 30 60 20 0 4737 0 60 0 60 0 44 42 42
4737 0 30 60 20 0 4737 0 60 0 60 90 46 37 37
4737 0 30 60 20 0 4737 0 60 0 60 180 65 56 56
4737 0 30 60 20 0 4737 0 60 60 0 0 43 48 48
4737 0 30 60 20 0 4737 0 60 60 0 90 42 51 51
4737 0 30 60 20 0 4737 0 60 60 0 180 67 74 74
4737 0 30 60 20 0 4737 0 60 60 20 0 41 49 49
4737 0 30 60 20 0 4737 0 60 60 20 90 45 52 52
4737 0 30 60 20 0 4737 0 60 60 20 180 66 75 75
4737 0 30 60 20 0 4737 0 60 60 40 0 42 51 51
4737 0 30 60 20 0 4737 0 60 60 40 90 50 55 55
4737 0 30 60 20 0 4737 0 60 60 40 180 64 75 75
4737 0 30 60 20 0 4737 0 60 60 60 0 45 53 53
4737 0 30 60 20 0 4737 0 60 60 60 90 54 58 58
4737 0 30 60 20 0 4737 0 60 60 60 180 62 75 75
4737 0 30 60 20 0 4737 0 60 120 0 0 47 54 54
4737 0 30 60 20 0 4737 0 60 120 0 90 57 63 63
4737 0 30 60 20 0 4737 0 60 120 0 180 64 69 69
4737 0 30 60 20 0 4737 0 60 120 20 0 52 58 58
4737 0 30 60 20 0 4737 0 60 120 20 90 61 66 66
4737 0 30 60 20 0 4737 0 60 120 20 180 61 69 69
4737 0 30 60 20 0 4737 0 60 120 40 0 57 61 61
4737 0 30 60 20 0 4737 0 60 120 40 90 63 70 70
4737 0 30 60 20 0 4737 0 60 120 40 180 57 69 69
4737 0 30 60 20 0 4737 0 60 120 60 0 61 65 65
4737 0 30 60 20 0 4737 0 60 120 60 90 65 72 72
4737 0 30 60 20 0 4737 0 60 120 60 180 53 68 68
4737 0 30 60 40 0 4737 0 0 0 0 0 63 55 55
4737 0 30 60 40 0 4737 0 0 0 0 90 41 40 40
4737 0 30 60 40 0 4737 0 0 0 0 180 62 54 54
4737 0 30 60 40 0 4737 0 0 0 20 0 58 51 51
4737 0 30 60 40 0 4737 0 0 0 20 90 42 40 40
4737 0 30 60 40 0 4737 0 0 0 20 180 67 58 58
4737 0 30 60 40 0 4737 0 0 0 40 0 52 46 46
4737 0 30 60 40 0 4737 0 0 0 40 90 48 43 43
4737 0 30 60 40 0 4737 0 0 0 40 180 72 61 61
4737 0 30 60 40 0 4737 0 0 0 60 0 47 43 43
4737 0 30 60 40 0 4737 0 0 0 60 90 53 48 48
4737 0 30 60 40 0 4737 0 0 0 60 180 74 63 63
4737 0 30 60 40 0 4737 0 0 60 0 0 47 43 43
4737 0 30 60 40 0 4737 0 0 60 0 90 53 48 48
4737 0 30 60 40 0 4737 0 0 60 0 180 74 63 63
4737 0 30 60 40 0 4737 0 0 60 20 0 41 41 41
4737 0 30 60 40 0 4737 0 0 60 20 90 59 52 52
4737 0 30 60 40 0 4737 0 0 60 20 180 75 63 63
4737 0 30 60 40 0 4737 0 0 60 40 0 41 40 40
4737 0 30 60 40 0 4737 0 0 60 40 90 64 56 56
4737 0 30 60 40 0 4737 0 0 60 40 180 75 63 63
4737 0 30 60 40 0 4737 0 0 60 60 0 45 41 41
4737 0 30 60 40 0 4737 0 0 60 60 90 70 60 60
4737 0 30 60 40 0 4737 0 0 60 60 180 75 63 63
4737 0 30 60 40 0 4737 0 0 120 0 0 45 41 41
4737 0 30 60 40 0 4737 0 0 120 0 90 70 60 60
4737 0 30 60 40 0 4737 0 0 120 0 180 75 63 63
4737 0 30 60 40 0 4737 0 0 120 20 0 50 46 46
4737 0 30 60 40 0 4737 0 0 120 20 90 73 63 63
4737 0 30 60 40 0 4737 0 0 120 20 180 73 61 61
4737 0 30 60 40 0 4737 0 0 120 40 0 56 50 50
4737 0 30 60 40 0 4737 0 0 120 40 90 75 63 63
4737 0 30 60 40 0 4737 0 0 120 40 180 69 58 58
4737 0 30 60 40 0 4737 0 0 120 60 0 62 54 54
4737 0 30 60 40 0 4737 0 0 120 60 90 75 63 63
4737 0 30 60 40 0 4737 0 0 120 60 180 63 55 55
4737 0 30 60 40 0 4737 0 30 0 0 0 63 49 49
4737 0 30 60 40 0 4737 0 30 0 0 90 40 33 33
4737 0 30 60 40 0 4737 0 30 0 0 180 61 50 50
4737 0 30 60 40 0 4737 0 30 0 20 0 58 45 45
4737 0 30 60 40 0 4737 0 30 0 20 90 42 34 34
4737 0 30 60 40 0 4737 0 30 0 20 180 66 53 53
4737 0 30 60 40 0 4737 0 30 0 40 0 52 42 42
4737 0 30 60 40 0 4737 0 30 0 40 90 47 37 37
4737 0 30 60 40 0 4737 0 30 0 40 180 71 56 56
4737 0 30 60 40 0 4737 0 30 0 60 0 47 40 40
4737 0 30 60 40 0 4737 0 30 0 60 90 52 41 41
4737 0 30 60 40 0 4737 0 30 0 60 180 73 58 58
4737 0 30 60 40 0 4737 0 30 60 0 0 47 36 36
4737 0 30 60 40 0 4737 0 30 60 0 90 52 44 44
4737 0 30 60 40 0 4737 0 30 60 0 180 74 59 59
4737 0 30 60 40 0 4737 0 30 60 20 0 41 32 32
4737 0 30 60 40 0 4737 0 30 60 20 90 58 47 47
4737 0 30 60 40 0 4737 0 30 60 20 180 74 59 59
4737 0 30 60 40 0 4737 0 30 60 40 0 40 33 33
4737 0 30 60 40 0 4737 0 30 60 40 90 63 50 50
4737 0 30 60 40 0 4737 0 30 60 40 180 74 58 58
4737 0 30 60 40 0 4737 0 30 60 60 0 44 36 36
4737 0 30 60 40 0 4737 0 30 60 60 90 69 53 53
4737 0 30 60 40 0 4737 0 30 60 60 180 74 58 58
4737 0 30 60 40 0 4737 0 30 120 0 0 44 38 38
4737 0 30 60 40 0 4737 0 30 120 0 90 69 56 56
4737 0 30 60 40 0 4737 0 30 120 0 180 74 58 58
4737 0 30 60 40 0 4737 0 30 120 20 0 50 40 40
4737 0 30 60 40 0 4737 0 30 120 20 90 73 58 58
4737 0 30 60 40 0 4737 0 30 120 20 180 73 56 56
4737 0 30 60 40 0 4737 0 30 120 40 0 55 44 44
4737 0 30 60 40 0 4737 0 30 120 40 90 74 59 59
4737 0 30 60 40 0 4737 0 30 120 40 180 69 54 54
4737 0 30 60 40 0 4737 0 30 120 60 0 61 48 48
4737 0 30 60 40 0 4737 0 30 120 60 90 74 58 58
4737 0 30 60 40 0 4737 0 30 120 60 180 63 52 52
4737 0 30 60 40 0 4737 0 60 0 0 0 62 49 49
4737 0 30 60 40 0 4737 0 60 0 0 90 40 37 37
4737 0 30 60 40 0 4737 0 60 0 0 180 58 53 53
4737 0 30 60 40 0 4737 0 60 0 20 0 56 47 47
4737 0 30 60 40 0 4737 0 60 0 20 90 40 38 38
4737 0 30 60 40 0 4737 0 60 0 20 180 63 55 55
4737 0 30 60 40 0 4737 0 60 0 40 0 50 45 45
4737 0 30 60 40 0 4737 0 60 0 40 90 44 40 40
4737 0 30 60 40 0 4737 0 60 0 40 180 67 57 57
4737 0 30 60 40 0 4737 0 60 0 60 0 45 44 44
4737 0 30 60 40 0 4737 0 60 0 60 90 49 43 43
4737 0 30 60 40 0 4737 0 60 0 60 180 68 59 59
4737 0 30 60 40 0 4737 0 60 60 0 0 45 38 38
4737 0 30 60 40 0 4737 0 60 60 0 90 50 47 47
4737 0 30 60 40 0 4737 0 60 60 0 180 69 61 61
4737 0 30 60 40 0 4737 0 60 60 20 0 41 37 37
4737 0 30 60 40 0 4737 0 60 60 20 90 55 49 49
4737 0 30 60 40 0 4737 0 60 60 20 180 69 62 62
4737 0 30 60 40 0 4737 0 60 60 40 0 39 37 37
4737 0 30 60 40 0 4737 0 60 60 40 90 61 51 51
4737 0 30 60 40 0 4737 0 60 60 40 180 69 62 62
4737 0 30 60 40 0 4737 0 60 60 60 0 42 39 39
4737 0 30 60 40 0 4737 0 60 60 60 90 65 54 54
4737 0 30 60 40 0 4737 0 60 60 60 180 69 62 62
4737 0 30 60 40 0 4737 0 60 120 0 0 43 41 41
4737 0 30 60 40 0 4737 0 60 120 0 90 66 58 58
4737 0 30 60 40 0 4737 0 60 120 0 180 70 60 60
4737 0 30 60 40 0 4737 0 60 120 20 0 47 43 43
4737 0 30 60 40 0 4737 0 60 120 20 90 69 60 60
4737 0 30 60 40 0 4737 0 60 120 20 180 69 59 59
4737 0 30 60 40 0 4737 0 60 120 40 0 52 45 45
4737 0 30 60 40 0 4737 0 60 120 40 90 69 61 61
4737 0 30 60 40 0 4737 0 60 120 40 180 66 57 57
4737 0 30 60 40 0 4737 0 60 120 60 0 58 48 48
4737 0 30 60 40 0 4737 0 60 120 60 90 69 62 62
4737 0 30 60 40 0 4737 0 60 120 60 180 61 55 55
4737 0 30 60 40 0 4737 0 0 0 0 0 63 55 55
4737 0 30 60 40 0 4737 0 0 0 0 90 44 41 41
4737 0 30 60 40 0 4737 0 0 0 0 180 62 55 55
4737 0 30 60 40 0 4737 0 0 0 20 0 58 51 51
4737 0 30 60 40 0 4737 0 0 0 20 90 41 40 40
4737 0 30 60 40 0 4737 0 0 0 20 180 67 58 58
4737 0 30 60 40 0 4737 0 0 0 40 0 52 46 46
4737 0 30 60 40 0 4737 0 0 0 40 90 43 41 41
4737 0 30 60 40 0 4737 0 0 0 40 180 71 61 61
4737 0 30 60 40 0 4737 0 0 0 60 0 47 42 42
4737 0 30 60 40 0 4737 0 0 0 60 90 49 43 43
4737 0 30 60 40 0 4737 0 0 0 60 180 73 63 63
4737 0 30 60 40 0 4737 0 0 60 0 0 47 42 42
4737 0 30 60 40 0 4737 0 0 60 0 90 49 43 43
4737 0 30 60 40 0 4737 0 0 60 0 180 73 63 63
4737 0 30 60 40 0 4737 0 0 60 20 0 41 39 39
4737 0 30 60 40 0 4737 0 0 60 20 90 54 47 47
4737 0 30 60 40 0 4737 0 0 60 20 180 75 63 63
4737 0 30 60 40 0 4737 0 0 60 40 0 40 39 39
4737 0 30 60 40 0 4737 0 0 60 40 90 60 52 52
4737 0 30 60 40 0 4737 0 0 60 40 180 75 63 63
4737 0 30 60 40 0 4737 0 0 60 60 0 45 41 41
4737 0 30 60 40 0 4737 0 0 60 60 90 65 55 55
4737 0 30 60 40 0 4737 0 0 60 60 180 74 62 62
4737 0 30 60 40 0 4737 0 0 120 0 0 45 41 41
4737 0 30 60 40 0 4737 0 0 120 0 90 65 55 55
4737 0 30 60 40 0 4737 0 0 120 0 180 74 62 62
4737 0 30 60 40 0 4737 0 0 120 20 0 51 45 45
4737 0 30 60 40 0 4737 0 0 120 20 90 70 59 59
4737 0 30 60 40 0 4737 0 0 120 20 180 72 60 60
4737 0 30 60 40 0 4737 0 0 120 40 0 56 49 49
4737 0 30 60 40 0 4737 0 0 120 40 90 73 62 62
4737 0 30 60 40 0 4737 0 0 120 40 180 68 58 58
4737 0 30 60 40 0 4737 0 0 120 60 0 62 54 54
4737 0 30 60 40 0 4737 0 0 120 60 90 75 63 63
4737 0 30 60 40 0 4737 0 0 120 60 180 63 54 54
4737 0 30 60 40 0 4737 0 30 0 0 0 63 49 49
4737 0 30 60 40 0 4737 0 30 0 0 90 43 36 36
4737 0 30 60 40 0 4737 0 30 0 0 180 61 50 50
4737 0 30 60 40 0 4737 0 30 0 20 0 58 46 46
4737 0 30 60 40 0 4737 0 30 0 20 90 41 33 33
4737 0 30 60 40 0 4737 0 30 0 20 180 66 52 52
4737 0 30 60 40 0 4737 0 30 0 40 0 52 42 42
4737 0 30 60 40 0 4737 0 30 0 40 90 42 33 33
4737 0 30 60 40 0 4737 0 30 0 40 180 70 54 54
4737 0 30 60 40 0 4737 0 30 0 60 0 47 39 39
4737 0 30 60 40 0 4737 0 30 0 60 90 48 37 37
4737 0 30 60 40 0 4737 0 30 0 60 180 72 56 56
4737 0 30 60 40 0 4737 0 30 60 0 0 47 38 38
4737 0 30 60 40 0 4737 0 30 60 0 90 48 42 42
4737 0 30 60 40 0 4737 0 30 60 0 180 72 61 61
4737 0 30 60 40 0 4737 0 30 60 20 0 41 34 34
4737 0 30 60 40 0 4737 0 30 60 20 90 53 45 45
4737 0 30 60 40 0 4737 0 30 60 20 180 74 62 62
4737 0 30 60 40 0 4737 0 30 60 40 0 38 32 32
4737 0 30 60 40 0 4737 0 30 60 40 90 59 48 48
4737 0 30 60 40 0 4737 0 30 60 40 180 74 62 62
4737 0 30 60 40 0 4737 0 30 60 60 0 44 37 37
4737 0 30 60 40 0 4737 0 30 60 60 90 64 51 51
4737 0 30 60 40 0 4737 0 30 60 60 180 73 62 62
4737 0 30 60 40 0 4737 0 30 120 0 0 44 39 39
4737 0 30 60 40 0 4737 0 30 120 0 90 64 54 54
4737 0 30 60 40 0 4737 0 30 120 0 180 74 60 60
4737 0 30 60 40 0 4737 0 30 120 20 0 50 42 42
4737 0 30 60 40 0 4737 0 30 120 20 90 69 57 57
4737 0 30 60 40 0 4737 0 30 120 20 180 71 58 58
4737 0 30 60 40 0 4737 0 30 120 40 0 55 46 46
4737 0 30 60 40 0 4737 0 30 120 40 90 73 60 60
4737 0 30 60 40 0 4737 0 30 120 40 180 68 56 56
4737 0 30 60 40 0 4737 0 30 120 60 0 61 50 50
4737 0 30 60 40 0 4737 0 30 120 60 90 73 62 62
4737 0 30 60 40 0 4737 0 30 120 60 180 63 53 53
4737 0 30 60 40 0 4737 0 60 0 0 0 62 50 50
4737 0 30 60 40 0 4737 0 60 0 0 90 42 38 38
4737 0 30 60 40 0 4737 0 60 0 0 180 58 52 52
4737 0 30 60 40 0 4737 0 60 0 20 0 56 47 47
4737 0 30 60 40 0 4737 0 60 0 20 90 40 37 37
4737 0 30 60 40 0 4737 0 60 0 20 180 63 53 53
4737 0 30 60 40 0 4737 0 60 0 40 0 50 45 45
4737 0 30 60 40 0 4737 0 60 0 40 90 42 37 37
4737 0 30 60 40 0 4737 0 60 0 40 180 66 55 55
4737 0 30 60 40 0 4737 0 60 0 60 0 45 44 44
4737 0 30 60 40 0 4737 0 60 0 60 90 45 39 39
4737 0 30 60 40 0 4737 0 60 0 60 180 67 57 57
4737 0 30 60 40 0 4737 0 60 60 0 0 45 42 42
4737 0 30 60 40 0 4737 0 60 60 0 90 45 47 47
4737 0 30 60 40 0 4737 0 60 60 0 180 69 66 66
4737 0 30 60 40 0 4737 0 60 60 20 0 40 40 40
4737 0 30 60 40 0 4737 0 60 60 20 90 50 49 49
4737 0 30 60 40 0 4737 0 60 60 20 180 69 67 67
4737 0 30 60 40 0 4737 0 60 60 40 0 38 39 39
4737 0 30 60 40 0 4737 0 60 60 40 90 56 51 51
4737 0 30 60 40 0 4737 0 60 60 40 180 69 68 68
4737 0 30 60 40 0 4737 0 60 60 60 0 41 41 41
4737 0 30 60 40 0 4737 0 60 60 60 90 60 54 54
4737 0 30 60 40 0 4737 0 60 60 60 180 67 68 68
4737 0 30 60 40 0 4737 0 60 120 0 0 42 45 45
4737 0 30 60 40 0 4737 0 60 120 0 90 61 59 59
4737 0 30 60 40 0 4737 0 60 120 0 180 69 64 64
4737 0 30 60 40 0 4737 0 60 120 20 0 47 47 47
4737 0 30 60 40 0 4737 0 60 120 20 90 66 61 61
4737 0 30 60 40 0 4737 0 60 120 20 180 68 62 62
4737 0 30 60 40 0 4737 0 60 120 40 0 52 49 49
4737 0 30 60 40 0 4737 0 60 120 40 90 68 64 64
4737 0 30 60 40 0 4737 0 60 120 40 180 65 61 61
4737 0 30 60 40 0 4737 0 60 120 60 0 58 53 53
4737 0 30 60 40 0 4737 0 60 120 60 90 68 66 66
4737 0 30 60 40 0 4737 0 60 120 60 180 61 59 59
4737 0 30 60 40 0 4737 0 0 0 0 0 63 55 55
4737 0 30 60 40 0 4737 0 0 0 0 90 48 44 44
4737 0 30 60 40 0 4737 0 0 0 0 180 62 55 55
4737 0 30 60 40 0 4737 0 0 0 20 0 58 50 50
4737 0 30 60 40 0 4737 0 0 0 20 90 44 41 41
4737 0 30 60 40 0 4737 0 0 0 20 180 66 58 58
4737 0 30 60 40 0 4737 0 0 0 40 0 52 46 46
4737 0 30 60 40 0 4737 0 0 0 40 90 43 40 40
4737 0 30 60 40 0 4737 0 0 0 40 180 69 60 60
4737 0 30 60 40 0 4737 0 0 0 60 0 47 42 42
4737 0 30 60 40 0 4737 0 0 0 60 90 44 41 41
4737 0 30 60 40 0 4737 0 0 0 60 180 72 61 61
4737 0 30 60 40 0 4737 0 0 60 0 0 47 42 42
4737 0 30 60 40 0 4737 0 0 60 0 90 44 41 41
4737 0 30 60 40 0 4737 0 0 60 0 180 72 61 61
4737 0 30 60 40 0 4737 0 0 60 20 0 41 39 39
4737 0 30 60 40 0 4737 0 0 60 20 90 50 43 43
4737 0 30 60 40 0 4737 0 0 60 20 180 74 63 63
4737 0 30 60 40 0 4737 0 0 60 40 0 41 38 38
4737 0 30 60 40 0 4737 0 0 60 40 90 55 47 47
4737 0 30 60 40 0 4737 0 0 60 40 180 75 62 62
4737 0 30 60 40 0 4737 0 0 60 60 0 45 40 40
4737 0 30 60 40 0 4737 0 0 60 60 90 61 51 51
4737 0 30 60 40 0 4737 0 0 60 60 180 73 61 61
4737 0 30 60 40 0 4737 0 0 120 0 0 45 40 40
4737 0 30 60 40 0 4737 0 0 120 0 90 61 51 51
4737 0 30 60 40 0 4737 0 0 120 0 180 73 61 61
4737 0 30 60 40 0 4737 0 0 120 20 0 51 44 44
4737 0 30 60 40 0 4737 0 0 120 20 90 66 54 54
4737 0 30 60 40 0 4737 0 0 120 20 180 70 59 59
4737 0 30 60 40 0 4737 0 0 120 40 0 56 49 49
4737 0 30 60 40 0 4737 0 0 120 40 90 70 58 58
4737 0 30 60 40 0 4737 0 0 120 40 180 67 57 57
4737 0 30 60 40 0 4737 0 0 120 60 0 62 53 53
4737 0 30 60 40 0 4737 0 0 120 60 90 73 61 61
4737 0 30 60 40 0 4737 0 0 120 60 180 63 54 54
4737 0 30 60 40 0 4737 0 30 0 0 0 63 50 50
4737 0 30 60 40 0 4737 0 30 0 0 90 48 40 40
4737 0 30 60 40 0 4737 0 30 0 0 180 61 50 50
4737 0 30 60 40 0 4737 0 30 0 20 0 58 46 46
4737 0 30 60 40 0 4737 0 30 0 20 90 44 36 36
4737 0 30 60 40 0 4737 0 30 0 20 180 65 51 51
4737 0 30 60 40 0 4737 0 30 0 40 0 52 43 43
4737 0 30 60 40 0 4737 0 30 0 40 90 42 33 33
4737 0 30 60 40 0 4737 0 30 0 40 180 68 53 53
4737 0 30 60 40 0 4737 0 30 0 60 0 47 40 40
4737 0 30 60 40 0 4737 0 30 0 60 90 44 33 33
4737 0 30 60 40 0 4737 0 30 0 60 180 71 55 55
4737 0 30 60 40 0 4737 0 30 60 0 0 47 41 41
4737 0 30 60 40 0 4737 0 30 60 0 90 43 41 41
4737 0 30 60 40 0 4737 0 30 60 0 180 71 62 62
4737 0 30 60 40 0 4737 0 30 60 20 0 41 37 37
4737 0 30 60 40 0 4737 0 30 60 20 90 48 42 42
4737 0 30 60 40 0 4737 0 30 60 20 180 73 64 64
4737 0 30 60 40 0 4737 0 30 60 40 0 40 35 35
4737 0 30 60 40 0 4737 0 30 60 40 90 54 46 46
4737 0 30 60 40 0 4737 0 30 60 40 180 73 65 65
4737 0 30 60 40 0 4737 0 30 60 60 0 44 38 38
4737 0 30 60 40 0 4737 0 30 60 60 90 59 49 49
4737 0 30 60 40 0 4737 0 30 60 60 180 71 64 64
4737 0 30 60 40 0 4737 0 30 120 0 0 44 41 41
4737 0 30 60 40 0 4737 0 30 120 0 90 60 52 52
4737 0 30 60 40 0 4737 0 30 120 0 180 72 61 61
4737 0 30 60 40 0 4737 0 30 120 20 0 50 44 44
4737 0 30 60 40 0 4737 0 30 120 20 90 65 56 56
4737 0 30 60 40 0 4737 0 30 120 20 180 70 59 59
4737 0 30 60 40 0 4737 0 30 120 40 0 55 48 48
4737 0 30 60 40 0 4737 0 30 120 40 90 69 59 59
4737 0 30 60 40 0 4737 0 30 120 40 180 66 57 57
4737 0 30 60 40 0 4737 0 30 120 60 0 61 52 52
4737 0 30 60 40 0 4737 0 30 120 60 90 72 62 62
4737 0 30 60 40 0 4737 0 30 120 60 180 63 55 55
4737 0 30 60 40 0 4737 0 60 0 0 0 61 51 51
4737 0 30 60 40 0 4737 0 60 0 0 90 46 41 41
4737 0 30 60 40 0 4737 0 60 0 0 180 58 51 51
4737 0 30 60 40 0 4737 0 60 0 20 0 56 48 48
4737 0 30 60 40 0 4737 0 60 0 20 90 43 38 38
4737 0 30 60 40 0 4737 0 60 0 20 180 61 52 52
4737 0 30 60 40 0 4737 0 60 0 40 0 50 46 46
4737 0 30 60 40 0 4737 0 60 0 40 90 42 36 36
4737 0 30 60 40 0 4737 0 60 0 40 180 64 53 53
4737 0 30 60 40 0 4737 0 60 0 60 0 45 44 44
4737 0 30 60 40 0 4737 0 60 0 60 90 44 36 36
4737 0 30 60 40 0 4737 0 60 0 60 180 65 55 55
4737 0 30 60 40 0 4737 0 60 60 0 0 45 45 45
4737 0 30 60 40 0 4737 0 60 60 0 90 41 48 48
4737 0 30 60 40 0 4737 0 60 60 0 180 67 69 69
4737 0 30 60 40 0 4737 0 60 60 20 0 40 43 43
4737 0 30 60 40 0 4737 0 60 60 20 90 45 50 50
4737 0 30 60 40 0 4737 0 60 60 20 180 68 71 71
4737 0 30 60 40 0 4737 0 60 60 40 0 39 44 44
4737 0 30 60 40 0 4737 0 60 60 40 90 50 51 51
4737 0 30 60 40 0 4737 0 60 60 40 180 68 73 73
4737 0 30 60 40 0 4737 0 60 60 60 0 41 46 46
4737 0 30 60 40 0 4737 0 60 60 60 90 55 54 54
4737 0 30 60 40 0 4737 0 60 60 60 180 66 73 73
4737 0 30 60 40 0 4737 0 60 120 0 0 42 49 49
4737 0 30 60 40 0 4737 0 60 120 0 90 57 60 60
4737 0 30 60 40 0 4737 0 60 120 0 180 68 67 67
4737 0 30 60 40 0 4737 0 60 120 20 0 47 51 51
4737 0 30 60 40 0 4737 0 60 120 20 90 61 63 63
4737 0 30 60 40 0 4737 0 60 120 20 180 67 66 66
4737 0 30 60 40 0 4737 0 60 120 40 0 52 54 54
4737 0 30 60 40 0 4737 0 60 120 40 90 65 66 66
4737 0 30 60 40 0 4737 0 60 120 40 180 63 65 65
4737 0 30 60 40 0 4737 0 60 120 60 0 57 57 57
4737 0 30 60 40 0 4737 0 60 120 60 90 66 69 69
4737 0 30 60 40 0 4737 0 60 120 60 180 59 64 64
4737 0 30 60 40 0 4737 0 0 0 0 0 63 53 53
4737 0 30 60 40 0 4737 0 0 0 0 90 52 48 48
4737 0 30 60 40 0 4737 0 0 0 0 180 61 54 54
4737 0 30 60 40 0 4737 0 0 0 20 0 58 50 50
4737 0 30 60 40 0 4737 0 0 0 20 90 48 44 44
4737 0 30 60 40 0 4737 0 0 0 20 180 64 56 56
4737 0 30 60 40 0 4737 0 0 0 40 0 52 46 46
4737 0 30 60 40 0 4737 0 0 0 40 90 46 41 41
4737 0 30 60 40 0 4737 0 0 0 40 180 68 58 58
4737 0 30 60 40 0 4737 0 0 0 60 0 47 42 42
4737 0 30 60 40 0 4737 0 0 0 60 90 45 39 39
4737 0 30 60 40 0 4737 0 0 0 60 180 70 60 60
4737 0 30 60 40 0 4737 0 0 60 0 0 47 42 42
4737 0 30 60 40 0 4737 0 0 60 0 90 45 39 39
4737 0 30 60 40 0 4737 0 0 60 0 180 70 60 60
4737 0 30 60 40 0 4737 0 0 60 20 0 44 39 39
4737 0 30 60 40 0 4737 0 0 60 20 90 47 41 41
4737 0 30 60 40 0 4737 0 0 60 20 180 72 61 61
4737 0 30 60 40 0 4737 0 0 60 40 0 44 39 39
4737 0 30 60 40 0 4737 0 0 60 40 90 51 43 43
4737 0 30 60 40 0 4737 0 0 60 40 180 73 60 60
4737 0 30 60 40 0 4737 0 0 60 60 0 46 40 40
4737 0 30 60 40 0 4737 0 0 60 60 90 56 46 46
4737 0 30 60 40 0 4737 0 0 60 60 180 71 59 59
4737 0 30 60 40 0 4737 0 0 120 0 0 46 40 40
4737 0 30 60 40 0 4737 0 0 120 0 90 56 46 46
4737 0 30 60 40 0 4737 0 0 120 0 180 71 59 59
4737 0 30 60 40 0 4737 0 0 120 20 0 51 43 43
4737 0 30 60 40 0 4737 0 0 120 20 90 61 50 50
4737 0 30 60 40 0 4737 0 0 120 20 180 68 57 57
4737 0 30 60 40 0 4737 0 0 120 40 0 56 47 47
4737 0 30 60 40 0 4737 0 0 120 40 90 66 53 53
4737 0 30 60 40 0 4737 0 0 120 40 180 65 55 55
4737 0 30 60 40 0 4737 0 0 120 60 0 62 51 51
4737 0 30 60 40 0 4737 0 0 120 60 90 69 57 57
4737 0 30 60 40 0 4737 0 0 120 60 180 62 53 53
4737 0 30 60 40 0 4737 0 30 0 0 0 63 51 51
4737 0 30 60 40 0 4737 0 30 0 0 90 52 44 44
4737 0 30 60 40 0 4737 0 30 0 0 180 60 50 50
4737 0 30 60 40 0 4737 0 30 0 20 0 58 47 47
4737 0 30 60 40 0 4737 0 30 0 20 90 48 40 40
4737 0 30 60 40 0 4737 0 30 0 20 180 64 51 51
4737 0 30 60 40 0 4737 0 30 0 40 0 52 43 43
4737 0 30 60 40 0 4737 0 30 0 40 90 45 37 37
4737 0 30 60 40 0 4737 0 30 0 40 180 67 53 53
4737 0 30 60 40 0 4737 0 30 0 60 0 47 40 40
4737 0 30 60 40 0 4737 0 30 0 60 90 45 35 35
4737 0 30 60 40 0 4737 0 30 0 60 180 69 55 55
4737 0 30 60 40 0 4737 0 30 60 0 0 47 44 44
4737 0 30 60 40 0 4737 0 30 60 0 90 44 43 43
4737 0 30 60 40 0 4737 0 30 60 0 180 69 64 64
4737 0 30 60 40 0 4737 0 30 60 20 0 44 41 41
4737 0 30 60 40 0 4737 0 30 60 20 90 45 41 41
4737 0 30 60 40 0 4737 0 30 60 20 180 71 65 65
4737 0 30 60 40 0 4737 0 30 60 40 0 43 39 39
4737 0 30 60 40 0 4737 0 30 60 40 90 49 44 44
4737 0 30 60 40 0 4737 0 30 60 40 180 71 65 65
4737 0 30 60 40 0 4737 0 30 60 60 0 45 41 41
4737 0 30 60 40 0 4737 0 30 60 60 90 55 48 48
4737 0 30 60 40 0 4737 0 30 60 60 180 70 65 65
4737 0 30 60 40 0 4737 0 30 120 0 0 45 43 43
4737 0 30 60 40 0 4737 0 30 120 0 90 55 51 51
4737 0 30 60 40 0 4737 0 30 120 0 180 70 63 63
4737 0 30 60 40 0 4737 0 30 120 20 0 50 46 46
4737 0 30 60 40 0 4737 0 30 120 20 90 60 54 54
4737 0 30 60 40 0 4737 0 30 120 20 180 68 61 61
4737 0 30 60 40 0 4737 0 30 120 40 0 55 50 50
4737 0 30 60 40 0 4737 0 30 120 40 90 65 58 58
4737 0 30 60 40 0 4737 0 30 120 40 180 65 59 59
4737 0 30 60 40 0 4737 0 30 120 60 0 61 54 54
4737 0 30 60 40 0 4737 0 30 120 60 90 68 61 61
4737 0 30 60 40 0 4737 0 30 120 60 180 61 57 57
4737 0 30 60 40 0 4737 0 60 0 0 0 59 53 53
4737 0 30 60 40 0 4737 0 60 0 0 90 50 45 45
4737 0 30 60 40 0 4737 0 60 0 0 180 57 51 51
4737 0 30 60 40 0 4737 0 60 0 20 0 54 49 49
4737 0 30 60 40 0 4737 0 60 0 20 90 47 42 42
4737 0 30 60 40 0 4737 0 60 0 20 180 60 51 51
4737 0 30 60 40 0 4737 0 60 0 40 0 50 46 46
4737 0 30 60 40 0 4737 0 60 0 40 90 45 39 39
4737 0 30 60 40 0 4737 0 60 0 40 180 62 52 52
4737 0 30 60 40 0 4737 0 60 0 60 0 46 44 44
4737 0 30 60 40 0 4737 0 60 0 60 90 45 37 37
4737 0 30 60 40 0 4737 0 60 0 60 180 64 54 54
4737 0 30 60 40 0 4737 0 60 60 0 0 46 50 50
4737 0 30 60 40 0 4737 0 60 60 0 90 42 51 51
4737 0 30 60 40 0 4737 0 60 60 0 180 65 73 73
4737 0 30 60 40 0 4737 0 60 60 20 0 42 49 49
4737 0 30 60 40 0 4737 0 60 60 20 90 42 52 52
4737 0 30 60 40 0 4737 0 60 60 20 180 67 75 75
4737 0 30 60 40 0 4737 0 60 60 40 0 40 50 50
4737 0 30 60 40 0 4737 0 60 60 40 90 45 54 54
4737 0 30 60 40 0 4737 0 60 60 40 180 66 76 76
4737 0 30 60 40 0 4737 0 60 60 60 0 42 52 52
4737 0 30 60 40 0 4737 0 60 60 60 90 50 56 56
4737 0 30 60 40 0 4737 0 60 60 60 180 64 76 76
4737 0 30 60 40 0 4737 0 60 120 0 0 44 52 52
4737 0 30 60 40 0 4737 0 60 120 0 90 52 60 60
4737 0 30 60 40 0 4737 0 60 120 0 180 67 71 71
4737 0 30 60 40 0 4737 0 60 120 20 0 47 55 55
4737 0 30 60 40 0 4737 0 60 120 20 90 57 64 64
4737 0 30 60 40 0 4737 0 60 120 20 180 64 70 70
4737 0 30 60 40 0 4737 0 60 120 40 0 52 58 58
4737 0 30 60 40 0 4737 0 60 120 40 90 61 67 67
4737 0 30 60 40 0 4737 0 60 120 40 180 61 70 70
4737 0 30 60 40 0 4737 0 60 120 60 0 57 62 62
4737 0 30 60 40 0 4737 0 60 120 60 90 63 70 70
4737 0 30 60 40 0 4737 0 60 120 60 180 57 69 69
4737 0 30 60 60 0 4737 0 0 0 0 0 69 58 58
4737 0 30 60 60 0 4737 0 0 0 0 90 44 41 41
4737 0 30 60 60 0 4737 0 0 0 0 180 56 50 50
4737 0 30 60 60 0 4737 0 0 0 20 0 63 55 55
4737 0 30 60 60 0 4737 0 0 0 20 90 40 40 40
4737 0 30 60 60 0 4737 0 0 0 20 180 61 54 54
4737 0 30 60 60 0 4737 0 0 0 40 0 58 51 51
4737 0 30 60 60 0 4737 0 0 0 40 90 42 40 40
4737 0 30 60 60 0 4737 0 0 0 40 180 67 58 58
4737 0 30 60 60 0 4737 0 0 0 60 0 52 46 46
4737 0 30 60 60 0 4737 0 0 0 60 90 48 44 44
4737 0 30 60 60 0 4737 0 0 0 60 180 72 61 61
4737 0 30 60 60 0 4737 0 0 60 0 0 52 46 46
4737 0 30 60 60 0 4737 0 0 60 0 90 48 44 44
4737 0 30 60 60 0 4737 0 0 60 0 180 72 61 61
4737 0 30 60 60 0 4737 0 0 60 20 0 47 43 43
4737 0 30 60 60 0 4737 0 0 60 20 90 53 48 48
4737 0 30 60 60 0 4737 0 0 60 20 180 74 63 63
4737 0 30 60 60 0 4737 0 0 60 40 0 41 40 40
4737 0 30 60 60 0 4737 0 0 60 40 90 59 52 52
4737 0 30 60 60 0 4737 0 0 60 40 180 75 63 63
4737 0 30 60 60 0 4737 0 0 60 60 0 41 40 40
4737 0 30 60 60 0 4737 0 0 60 60 90 64 56 56
4737 0 30 60 60 0 4737 0 0 60 60 180 75 63 63
4737 0 30 60 60 0 4737 0 0 120 0 0 41 40 40
4737 0 30 60 60 0 4737 0 0 120 0 90 64 56 56
4737 0 30 60 60 0 4737 0 0 120 0 180 75 63 63
4737 0 30 60 60 0 4737 0 0 120 20 0 45 42 42
4737 0 30 60 60 0 4737 0 0 120 20 90 70 60 60
4737 0 30 60 60 0 4737 0 0 120 20 180 75 63 63
4737 0 30 60 60 0 4737 0 0 120 40 0 50 46 46
4737 0 30 60 60 0 4737 0 0 120 40 90 73 63 63
4737 0 30 60 60 0 4737 0 0 120 40 180 73 61 61
4737 0 30 60 60 0 4737 0 0 120 60 0 56 50 50
4737 0 30 60 60 0 4737 0 0 120 60 90 75 63 63
4737 0 30 60 60 0 4737 0 0 120 60 180 69 58 58
4737 0 30 60 60 0 4737 0 30 0 0 0 69 52 52
4737 0 30 60 60 0 4737 0 30 0 0 90 44 36 36
4737 0 30 60 60 0 4737 0 30 0 0 180 55 48 48
4737 0 30 60 60 0 4737 0 30 0 20 0 63 49 49
4737 0 30 60 60 0 4737 0 30 0 20 90 40 33 33
4737 0 30 60 60 0 4737 0 30 0 20 180 61 50 50
4737 0 30 60 60 0 4737 0 30 0 40 0 58 45 45
4737 0 30 60 60 0 4737 0 30 0 40 90 41 34 34
4737 0 30 60 60 0 4737 0 30 0 40 180 66 53 53
4737 0 30 60 60 0 4737 0 30 0 60 0 52 42 42
4737 0 30 60 60 0 4737 0 30 0 60 90 47 37 37
4737 0 30 60 60 0 4737 0 30 0 60 180 71 56 56
4737 0 30 60 60 0 4737 0 30 60 0 0 52 40 40
4737 0 30 60 60 0 4737 0 30 60 0 90 47 42 42
4737 0 30 60 60 0 4737 0 30 60 0 180 71 58 58
4737 0 30 60 60 0 4737 0 30 60 20 0 47 36 36
4737 0 30 60 60 0 4737 0 30 60 20 90 52 44 44
4737 0 30 60 60 0 4737 0 30 60 20 180 74 59 59
4737 0 30 60 60 0 4737 0 30 60 40 0 41 32 32
4737 0 30 60 60 0 4737 0 30 60 40 90 58 47 47
4737 0 30 60 60 0 4737 0 30 60 40 180 74 59 59
4737 0 30 60 60 0 4737 0 30 60 60 0 40 33 33
4737 0 30 60 60 0 4737 0 30 60 60 90 63 50 50
4737 0 30 60 60 0 4737 0 30 60 60 180 74 59 59
4737 0 30 60 60 0 4737 0 30 120 0 0 41 36 36
4737 0 30 60 60 0 4737 0 30 120 0 90 63 54 54
4737 0 30 60 60 0 4737 0 30 120 0 180 74 59 59
4737 0 30 60 60 0 4737 0 30 120 20 0 44 38 38
4737 0 30 60 60 0 4737 0 30 120 20 90 69 56 56
4737 0 30 60 60 0 4737 0 30 120 20 180 74 58 58
4737 0 30 60 60 0 4737 0 30 120 40 0 50 41 41
4737 0 30 60 60 0 4737 0 30 120 40 90 73 58 58
4737 0 30 60 60 0 4737 0 30 120 40 180 73 56 56
4737 0 30 60 60 0 4737 0 30 120 60 0 55 44 44
4737 0 30 60 60 0 4737 0 30 120 60 90 74 59 59
4737 0 30 60 60 0 4737 0 30 120 60 180 69 54 54
4737 0 30 60 60 0 4737 0 60 0 0 0 66 52 52
4737 0 30 60 60 0 4737 0 60 0 0 90 43 38 38
4737 0 30 60 60 0 4737 0 60 0 0 180 53 51 51
4737 0 30 60 60 0 4737 0 60 0 20 0 62 49 49
4737 0 30 60 60 0 4737 0 60 0 20 90 40 38 38
4737 0 30 60 60 0 4737 0 60 0 20 180 58 53 53
4737 0 30 60 60 0 4737 0 60 0 40 0 56 47 47
4737 0 30 60 60 0 4737 0 60 0 40 90 40 38 38
4737 0 30 60 60 0 4737 0 60 0 40 180 63 55 55
4737 0 30 60 60 0 4737 0 60 0 60 0 50 45 45
4737 0 30 60 60 0 4737 0 60 0 60 90 44 40 40
4737 0 30 60 60 0 4737 0 60 0 60 180 66 57 57
4737 0 30 60 60 0 4737 0 60 60 0 0 51 41 41
4737 0 30 60 60 0 4737 0 60 60 0 90 45 46 46
4737 0 30 60 60 0 4737 0 60 60 0 180 67 61 61
4737 0 30 60 60 0 4737 0 60 60 20 0 45 39 39
4737 0 30 60 60 0 4737 0 60 60 20 90 50 47 47
4737 0 30 60 60 0 4737 0 60 60 20 180 69 62 62
4737 0 30 60 60 0 4737 0 60 60 40 0 41 37 37
4737 0 30 60 60 0 4737 0 60 60 40 90 55 49 49
4737 0 30 60 60 0 4737 0 60 60 40 180 69 62 62
4737 0 30 60 60 0 4737 0 60 60 60 0 39 37 37
4737 0 30 60 60 0 4737 0 60 60 60 90 60 51 51
4737 0 30 60 60 0 4737 0 60 60 60 180 69 62 62
4737 0 30 60 60 0 4737 0 60 120 0 0 40 40 40
4737 0 30 60 60 0 4737 0 60 120 0 90 61 56 56
4737 0 30 60 60 0 4737 0 60 120 0 180 70 61 61
4737 0 30 60 60 0 4737 0 60 120 20 0 43 42 42
4737 0 30 60 60 0 4737 0 60 120 20 90 65 58 58
4737 0 30 60 60 0 4737 0 60 120 20 180 69 61 61
4737 0 30 60 60 0 4737 0 60 120 40 0 47 43 43
4737 0 30 60 60 0 4737 0 60 120 40 90 68 60 60
4737 0 30 60 60 0 4737 0 60 120 40 180 68 59 59
4737 0 30 60 60 0 4737 0 60 120 60 0 52 45 45
4737 0 30 60 60 0 4737 0 60 120 60 90 69 62 62
4737 0 30 60 60 0 4737 0 60 120 60 180 65 57 57
4737 0 30 60 60 0 4737 0 0 0 0 0 69 59 59
4737 0 30 60 60 0 4737 0 0 0 0 90 49 44 44
4737 0 30 60 60 0 4737 0 0 0 0 180 56 50 50
4737 0 30 60 60 0 4737 0 0 0 20 0 63 55 55
4737 0 30 60 60 0 4737 0 0 0 20 90 44 41 41
4737 0 30 60 60 0 4737 0 0 0 20 180 62 55 55
4737 0 30 60 60 0 4737 0 0 0 40 0 58 51 51
4737 0 30 60 60 0 4737 0 0 0 40 90 41 40 40
4737 0 30 60 60 0 4737 0 0 0 40 180 67 58 58
4737 0 30 60 60 0 4737 0 0 0 60 0 52 46 46
4737 0 30 60 60 0 4737 0 0 0 60 90 43 41 41
4737 0 30 60 60 0 4737 0 0 0 60 180 71 61 61
4737 0 30 60 60 0 4737 0 0 60 0 0 52 46 46
4737 0 30 60 60 0 4737 0 0 60 0 90 43 41 41
4737 0 30 60 60 0 4737 0 0 60 0 180 71 61 61
4737 0 30 60 60 0 4737 0 0 60 20 0 47 42 42
4737 0 30 60 60 0 4737 0 0 60 20 90 49 43 43
4737 0 30 60 60 0 4737 0 0 60 20 180 73 63 63
4737 0 30 60 60 0 4737 0 0 60 40 0 41 39 39
4737 0 30 60 60 0 4737 0 0 60 40 90 54 48 48
4737 0 30 60 60 0 4737 0 0 60 40 180 75 63 63
4737 0 30 60 60 0 4737 0 0 60 60 0 39 39 39
4737 0 30 60 60 0 4737 0 0 60 60 90 60 52 52
4737 0 30 60 60 0 4737 0 0 60 60 180 75 63 63
4737 0 30 60 60 0 4737 0 0 120 0 0 39 39 39
4737 0 30 60 60 0 4737 0 0 120 0 90 60 52 52
4737 0 30 60 60 0 4737 0 0 120 0 180 75 63 63
4737 0 30 60 60 0 4737 0 0 120 20 0 45 41 41
4737 0 30 60 60 0 4737 0 0 120 20 90 65 56 56
4737 0 30 60 60 0 4737 0 0 120 20 180 74 62 62
4737 0 30 60 60 0 4737 0 0 120 40 0 50 45 45
4737 0 30 60 60 0 4737 0 0 120 40 90 70 59 59
4737 0 30 60 60 0 4737 0 0 120 40 180 72 60 60
4737 0 30 60 60 0 4737 0 0 120 60 0 56 50 50
4737 0 30 60 60 0 4737 0 0 120 60 90 73 62 62
4737 0 30 60 60 0 4737 0 0 120 60 180 68 58 58
4737 0 30 60 60 0 4737 0 30 0 0 0 69 53 53
4737 0 30 60 60 0 4737 0 30 0 0 90 49 39 39
4737 0 30 60 60 0 4737 0 30 0 0 180 55 48 48
4737 0 30 60 60 0 4737 0 30 0 20 0 63 49 49
4737 0 30 60 60 0 4737 0 30 0 20 90 43 36 36
4737 0 30 60 60 0 4737 0 30 0 20 180 61 50 50
4737 0 30 60 60 0 4737 0 30 0 40 0 58 46 46
4737 0 30 60 60 0 4737 0 30 0 40 90 41 33 33
4737 0 30 60 60 0 4737 0 30 0 40 180 66 52 52
4737 0 30 60 60 0 4737 0 30 0 60 0 52 42 42
4737 0 30 60 60 0 4737 0 30 0 60 90 42 33 33
4737 0 30 60 60 0 4737 0 30 0 60 180 70 54 54
4737 0 30 60 60 0 4737 0 30 60 0 0 52 43 43
4737 0 30 60 60 0 4737 0 30 60 0 90 42 41 41
4737 0 30 60 60 0 4737 0 30 60 0 180 70 59 59
4737 0 30 60 60 0 4737 0 30 60 20 0 47 38 38
4737 0 30 60 60 0 4737 0 30 60 20 90 48 42 42
4737 0 30 60 60 0 4737 0 30 60 20 180 72 61 61
4737 0 30 60 60 0 4737 0 30 60 40 0 41 34 34
4737 0 30 60 60 0 4737 0 30 60 40 90 53 45 45
4737 0 30 60 60 0 4737 0 30 60 40 180 74 62 62
4737 0 30 60 60 0 4737 0 30 60 60 0 38 32 32
4737 0 30 60 60 0 4737 0 30 60 60 90 59 48 48
4737 0 30 60 60 0 4737 0 30 60 60 180 74 62 62
4737 0 30 60 60 0 4737 0 30 120 0 0 39 38 38
4737 0 30 60 60 0 4737 0 30 120 0 90 59 52 52
4737 0 30 60 60 0 4737 0 30 120 0 180 74 61 61
4737 0 30 60 60 0 4737 0 30 120 20 0 44 39 39
4737 0 30 60 60 0 4737 0 30 120 20 90 64 54 54
4737 0 30 60 60 0 4737 0 30 120 20 180 74 60 60
4737 0 30 60 60 0 4737 0 30 120 40 0 49 42 42
4737 0 30 60 60 0 4737 0 30 120 40 90 69 57 57
4737 0 30 60 60 0 4737 0 30 120 40 180 71 58 58
4737 0 30 60 60 0 4737 0 30 120 60 0 55 46 46
4737 0 30 60 60 0 4737 0 30 120 60 90 72 60 60
4737 0 30 60 60 0 4737 0 30 120 60 180 68 56 56
4737 0 30 60 60 0 4737 0 60 0 0 0 66 53 53
4737 0 30 60 60 0 4737 0 60 0 0 90 47 41 41
4737 0 30 60 60 0 4737 0 60 0 0 180 53 51 51
4737 0 30 60 60 0 4737 0 60 0 20 0 61 51 51
4737 0 30 60 60 0 4737 0 60 0 20 90 42 38 38
4737 0 30 60 60 0 4737 0 60 0 20 180 58 52 52
4737 0 30 60 60 0 4737 0 60 0 40 0 56 48 48
4737 0 30 60 60 0 4737 0 60 0 40 90 40 37 37
4737 0 30 60 60 0 4737 0 60 0 40 180 62 54 54
4737 0 30 60 60 0 4737 0 60 0 60 0 50 46 46
4737 0 30 60 60 0 4737 0 60 0 60 90 42 37 37
4737 0 30 60 60 0 4737 0 60 0 60 180 65 55 55
4737 0 30 60 60 0 4737 0 60 60 0 0 50 45 45
4737 0 30 60 60 0 4737 0 60 60 0 90 42 46 46
4737 0 30 60 60 0 4737 0 60 60 0 180 66 64 64
4737 0 30 60 60 0 4737 0 60 60 20 0 45 42 42
4737 0 30 60 60 0 4737 0 60 60 20 90 45 48 48
4737 0 30 60 60 0 4737 0 60 60 20 180 68 66 66
4737 0 30 60 60 0 4737 0 60 60 40 0 40 40 40
4737 0 30 60 60 0 4737 0 60 60 40 90 50 49 49
4737 0 30 60 60 0 4737 0 60 60 40 180 69 68 68
4737 0 30 60 60 0 4737 0 60 60 60 0 38 39 39
4737 0 30 60 60 0 4737 0 60 60 60 90 55 51 51
4737 0 30 60 60 0 4737 0 60 60 60 180 68 68 68
4737 0 30 60 60 0 4737 0 60 120 0 0 39 44 44
4737 0 30 60 60 0 4737 0 60 120 0 90 56 57 57
4737 0 30 60 60 0 4737 0 60 120 0 180 69 66 66
4737 0 30 60 60 0 4737 0 60 120 20 0 42 45 45
4737 0 30 60 60 0 4737 0 60 120 20 90 61 59 59
4737 0 30 60 60 0 4737 0 60 120 20 180 69 64 64
4737 0 30 60 60 0 4737 0 60 120 40 0 47 47 47
4737 0 30 60 60 0 4737 0 60 120 40 90 65 62 62
4737 0 30 60 60 0 4737 0 60 120 40 180 68 62 62
4737 0 30 60 60 0 4737 0 60 120 60 0 52 50 50
4737 0 30 60 60 0 4737 0 60 120 60 90 67 64 64
4737 0 30 60 60 0 4737 0 60 120 60 180 65 61 61
4737 0 30 60 60 0 4737 0 0 0 0 0 69 58 58
4737 0 30 60 60 0 4737 0 0 0 0 90 53 49 49
4737 0 30 60 60 0 4737 0 0 0 0 180 56 51 51
4737 0 30 60 60 0 4737 0 0 0 20 0 63 55 55
4737 0 30 60 60 0 4737 0 0 0 20 90 48 44 44
4737 0 30 60 60 0 4737 0 0 0 20 180 62 55 55
4737 0 30 60 60 0 4737 0 0 0 40 0 58 51 51
4737 0 30 60 60 0 4737 0 0 0 40 90 44 41 41
4737 0 30 60 60 0 4737 0 0 0 40 180 66 58 58
4737 0 30 60 60 0 4737 0 0 0 60 0 52 46 46
4737 0 30 60 60 0 4737 0 0 0 60 90 42 40 40
4737 0 30 60 60 0 4737 0 0 0 60 180 69 60 60
4737 0 30 60 60 0 4737 0 0 60 0 0 52 46 46
4737 0 30 60 60 0 4737 0 0 60 0 90 42 40 40
4737 0 30 60 60 0 4737 0 0 60 0 180 69 60 60
4737 0 30 60 60 0 4737 0 0 60 20 0 47 42 42
4737 0 30 60 60 0 4737 0 0 60 20 90 44 41 41
4737 0 30 60 60 0 4737 0 0 60 20 180 72 62 62
4737 0 30 60 60 0 4737 0 0 60 40 0 41 39 39
4737 0 30 60 60 0 4737 0 0 60 40 90 50 43 43
4737 0 30 60 60 0 4737 0 0 60 40 180 74 63 63
4737 0 30 60 60 0 4737 0 0 60 60 0 41 38 38
4737 0 30 60 60 0 4737 0 0 60 60 90 55 47 47
4737 0 30 60 60 0 4737 0 0 60 60 180 74 63 63
4737 0 30 60 60 0 4737 0 0 120 0 0 41 38 38
4737 0 30 60 60 0 4737 0 0 120 0 90 55 47 47
4737 0 30 60 60 0 4737 0 0 120 0 180 74 63 63
4737 0 30 60 60 0 4737 0 0 120 20 0 45 40 40
4737 0 30 60 60 0 4737 0 0 120 20 90 61 51 51
4737 0 30 60 60 0 4737 0 0 120 20 180 73 61 61
4737 0 30 60 60 0 4737 0 0 120 40 0 50 44 44
4737 0 30 60 60 0 4737 0 0 120 40 90 66 55 55
4737 0 30 60 60 0 4737 0 0 120 40 180 70 59 59
4737 0 30 60 60 0 4737 0 0 120 60 0 56 49 49
4737 0 30 60 60 0 4737 0 0 120 60 90 70 58 58
4737 0 30 60 60 0 4737 0 0 120 60 180 67 57 57
4737 0 30 60 60 0 4737 0 30 0 0 0 68 54 54
4737 0 30 60 60 0 4737 0 30 0 0 90 53 44 44
4737 0 30 60 60 0 4737 0 30 0 0 180 55 49 49
4737 0 30 60 60 0 4737 0 30 0 20 0 63 50 50
4737 0 30 60 60 0 4737 0 30 0 20 90 48 40 40
4737 0 30 60 60 0 4737 0 30 0 20 180 61 50 50
4737 0 30 60 60 0 4737 0 30 0 40 0 58 46 46
4737 0 30 60 60 0 4737 0 30 0 40 90 44 36 36
4737 0 30 60 60 0 4737 0 30 0 40 180 65 52 52
4737 0 30 60 60 0 4737 0 30 0 60 0 52 43 43
4737 0 30 60 60 0 4737 0 30 0 60 90 42 33 33
4737 0 30 60 60 0 4737 0 30 0 60 180 68 54 54
4737 0 30 60 60 0 4737 0 30 60 0 0 52 45 45
4737 0 30 60 60 0 4737 0 30 60 0 90 42 41 41
4737 0 30 60 60 0 4737 0 30 60 0 180 68 61 61
4737 0 30 60 60 0 4737 0 30 60 20 0 46 41 41
4737 0 30 60 60 0 4737 0 30 60 20 90 43 41 41
4737 0 30 60 60 0 4737 0 30 60 20 180 71 63 63
4737 0 30 60 60 0 4737 0 30 60 40 0 41 37 37
4737 0 30 60 60 0 4737 0 30 60 40 90 48 42 42
4737 0 30 60 60 0 4737 0 30 60 40 180 73 64 64
4737 0 30 60 60 0 4737 0 30 60 60 0 40 35 35
4737 0 30 60 60 0 4737 0 30 60 60 90 54 46 46
4737 0 30 60 60 0 4737 0 30 60 60 180 73 65 65
4737 0 30 60 60 0 4737 0 30 120 0 0 41 39 39
4737 0 30 60 60 0 4737 0 30 120 0 90 54 50 50
4737 0 30 60 60 0 4737 0 30 120 0 180 73 63 63
4737 0 30 60 60 0 4737 0 30 120 20 0 44 41 41
4737 0 30 60 60 0 4737 0 30 120 20 90 59 53 53
4737 0 30 60 60 0 4737 0 30 120 20 180 72 62 62
4737 0 30 60 60 0 4737 0 30 120 40 0 49 44 44
4737 0 30 60 60 0 4737 0 30 120 40 90 65 56 56
4737 0 30 60 60 0 4737 0 30 120 40 180 69 60 60
4737 0 30 60 60 0 4737 0 30 120 60 0 55 48 48
4737 0 30 60 60 0 4737 0 30 120 60 90 69 59 59
4737 0 30 60 60 0 4737 0 30 120 60 180 66 57 57
4737 0 30 60 60 0 4737 0 60 0 0 0 65 55 55
4737 0 30 60 60 0 4737 0 60 0 0 90 52 45 45
4737 0 30 60 60 0 4737 0 60 0 0 180 54 50 50
4737 0 30 60 60 0 4737 0 60 0 20 0 60 52 52
4737 0 30 60 60 0 4737 0 60 0 20 90 46 42 42
4737 0 30 60 60 0 4737 0 60 0 20 180 57 51 51
4737 0 30 60 60 0 4737 0 60 0 40 0 55 48 48
4737 0 30 60 60 0 4737 0 60 0 40 90 43 38 38
4737 0 30 60 60 0 4737 0 60 0 40 180 61 53 53
4737 0 30 60 60 0 4737 0 60 0 60 0 50 46 46
4737 0 30 60 60 0 4737 0 60 0 60 90 42 37 37
4737 0 30 60 60 0 4737 0 60 0 60 180 64 54 54
4737 0 30 60 60 0 4737 0 60 60 0 0 50 49 49
4737 0 30 60 60 0 4737 0 60 60 0 90 41 48 48
4737 0 30 60 60 0 4737 0 60 60 0 180 64 68 68
4737 0 30 60 60 0 4737 0 60 60 20 0 45 46 46
4737 0 30 60 60 0 4737 0 60 60 20 90 41 49 49
4737 0 30 60 60 0 4737 0 60 60 20 180 67 70 70
4737 0 30 60 60 0 4737 0 60 60 40 0 40 44 44
4737 0 30 60 60 0 4737 0 60 60 40 90 45 50 50
4737 0 30 60 60 0 4737 0 60 60 40 180 68 72 72
4737 0 30 60 60 0 4737 0 60 60 60 0 39 45 45
4737 0 30 60 60 0 4737 0 60 60 60 90 50 52 52
4737 0 30 60 60 0 4737 0 60 60 60 180 67 74 74
4737 0 30 60 60 0 4737 0 60 120 0 0 40 48 48
4737 0 30 60 60 0 4737 0 60 120 0 90 51 58 58
4737 0 30 60 60 0 4737 0 60 120 0 180 68 70 70
4737 0 30 60 60 0 4737 0 60 120 20 0 42 49 49
4737 0 30 60 60 0 4737 0 60 120 20 90 56 60 60
4737 0 30 60 60 0 4737 0 60 120 20 180 68 68 68
4737 0 30 60 60 0 4737 0 60 120 40 0 46 52 52
4737 0 30 60 60 0 4737 0 60 120 40 90 61 63 63
4737 0 30 60 60 0 4737 0 60 120 40 180 66 66 66
4737 0 30 60 60 0 4737 0 60 120 60 0 52 55 55
4737 0 30 60 60 0 4737 0 60 120 60 90 64 66 66
4737 0 30 60 60 0 4737 0 60 120 60 180 63 66 66
4737 0 30 60 60 0 4737 0 0 0 0 0 68 57 57
4737 0 30 60 60 0 4737 0 0 0 0 90 58 52 52
4737 0 30 60 60 0 4737 0 0 0 0 180 56 52 52
4737 0 30 60 60 0 4737 0 0 0 20 0 63 53 53
4737 0 30 60 60 0 4737 0 0 0 20 90 52 48 48
4737 0 30 60 60 0 4737 0 0 0 20 180 61 54 54
4737 0 30 60 60 0 4737 0 0 0 40 0 58 50 50
4737 0 30 60 60 0 4737 0 0 0 40 90 48 44 44
4737 0 30 60 60 0 4737 0 0 0 40 180 65 56 56
4737 0 30 60 60 0 4737 0 0 0 60 0 52 46 46
4737 0 30 60 60 0 4737 0 0 0 60 90 46 41 41
4737 0 30 60 60 0 4737 0 0 0 60 180 68 58 58
4737 0 30 60 60 0 4737 0 0 60 0 0 52 46 46
4737 0 30 60 60 0 4737 0 0 60 0 90 46 41 41
4737 0 30 60 60 0 4737 0 0 60 0 180 68 58 58
4737 0 30 60 60 0 4737 0 0 60 20 0 47 42 42
4737 0 30 60 60 0 4737 0 0 60 20 90 45 40 40
4737 0 30 60 60 0 4737 0 0 60 20 180 70 60 60
4737 0 30 60 60 0 4737 0 0 60 40 0 44 40 40
4737 0 30 60 60 0 4737 0 0 60 40 90 47 41 41
4737 0 30 60 60 0 4737 0 0 60 40 180 72 61 61
4737 0 30 60 60 0 4737 0 0 60 60 0 44 39 39
4737 0 30 60 60 0 4737 0 0 60 60 90 51 43 43
4737 0 30 60 60 0 4737 0 0 60 60 180 72 61 61
4737 0 30 60 60 0 4737 0 0 120 0 0 44 39 39
4737 0 30 60 60 0 4737 0 0 120 0 90 51 43 43
4737 0 30 60 60 0 4737 0 0 120 0 180 72 61 61
4737 0 30 60 60 0 4737 0 0 120 20 0 46 40 40
4737 0 30 60 60 0 4737 0 0 120 20 90 56 46 46
4737 0 30 60 60 0 4737 0 0 120 20 180 71 59 59
4737 0 30 60 60 0 4737 0 0 120 40 0 51 43 43
4737 0 30 60 60 0 4737 0 0 120 40 90 61 50 50
4737 0 30 60 60 0 4737 0 0 120 40 180 68 57 57
4737 0 30 60 60 0 4737 0 0 120 60 0 56 47 47
4737 0 30 60 60 0 4737 0 0 120 60 90 66 54 54
4737 0 30 60 60 0 4737 0 0 120 60 180 65 55 55
4737 0 30 60 60 0 4737 0 30 0 0 0 67 54 54
4737 0 30 60 60 0 4737 0 30 0 0 90 58 49 49
4737 0 30 60 60 0 4737 0 30 0 0 180 56 49 49
4737 0 30 60 60 0 4737 0 30 0 20 0 63 51 51
4737 0 30 60 60 0 4737 0 30 0 20 90 52 44 44
4737 0 30 60 60 0 4737 0 30 0 20 180 60 50 50
4737 0 30 60 60 0 4737 0 30 0 40 0 58 47 47
4737 0 30 60 60 0 4737 0 30 0 40 90 48 40 40
4737 0 30 60 60 0 4737 0 30 0 40 180 64 51 51
4737 0 30 60 60 0 4737 0 30 0 60 0 52 43 43
4737 0 30 60 60 0 4737 0 30 0 60 90 45 37 37
4737 0 30 60 60 0 4737 0 30 0 60 180 67 53 53
4737 0 30 60 60 0 4737 0 30 60 0 0 52 47 47
4737 0 30 60 60 0 4737 0 30 60 0 90 45 45 45
4737 0 30 60 60 0 4737 0 30 60 0 180 66 62 62
4737 0 30 60 60 0 4737 0 30 60 20 0 47 44 44
4737 0 30 60 60 0 4737 0 30 60 20 90 44 43 43
4737 0 30 60 60 0 4737 0 30 60 20 180 69 64 64
4737 0 30 60 60 0 4737 0 30 60 40 0 43 41 41
4737 0 30 60 60 0 4737 0 30 60 40 90 45 42 42
4737 0 30 60 60 0 4737 0 30 60 40 180 71 65 65
4737 0 30 60 60 0 4737 0 30 60 60 0 43 39 39
4737 0 30 60 60 0 4737 0 30 60 60 90 49 44 44
4737 0 30 60 60 0 4737 0 30 60 60 180 71 66 66
4737 0 30 60 60 0 4737 0 30 120 0 0 43 42 42
4737 0 30 60 60 0 4737 0 30 120 0 90 50 48 48
4737 0 30 60 60 0 4737 0 30 120 0 180 72 65 65
4737 0 30 60 60 0 4737 0 30 120 20 0 45 43 43
4737 0 30 60 60 0 4737 0 30 120 20 90 55 51 51
4737 0 30 60 60 0 4737 0 30 120 20 180 70 63 63
4737 0 30 60 60 0 4737 0 30 120 40 0 49 46 46
4737 0 30 60 60 0 4737 0 30 120 40 90 60 54 54
4737 0 30 60 60 0 4737 0 30 120 40 180 68 61 61
4737 0 30 60 60 0 4737 0 30 120 60 0 55 50 50
4737 0 30 60 60 0 4737 0 30 120 60 90 64 58 58
4737 0 30 60 60 0 4737 0 30 120 60 180 64 59 59
4737 0 30 60 60 0 4737 0 60 0 0 0 63 56 56
4737 0 30 60 60 0 4737 0 60 0 0 90 54 49 49
4737 0 30 60 60 0 4737 0 60 0 0 180 55 50 50
4737 0 30 60 60 0 4737 0 60 0 20 0 59 53 53
4737 0 30 60 60 0 4737 0 60 0 20 90 50 45 45
4737 0 30 60 60 0 4737 0 60 0 20 180 57 51 51
4737 0 30 60 60 0 4737 0 60 0 40 0 54 49 49
4737 0 30 60 60 0 4737 0 60 0 40 90 47 42 42
4737 0 30 60 60 0 4737 0 60 0 40 180 60 52 52
4737 0 30 60 60 0 4737 0 60 0 60 0 49 46 46
4737 0 30 60 60 0 4737 0 60 0 60 90 45 39 39
4737 0 30 60 60 0 4737 0 60 0 60 180 62 53 53
4737 0 30 60 60 0 4737 0 60 60 0 0 51 54 54
4737 0 30 60 60 0 4737 0 60 60 0 90 44 52 52
4737 0 30 60 60 0 4737 0 60 60 0 180 62 72 72
4737 0 30 60 60 0 4737 0 60 60 20 0 46 51 51
4737 0 30 60 60 0 4737 0 60 60 20 90 42 52 52
4737 0 30 60 60 0 4737 0 60 60 20 180 65 74 74
4737 0 30 60 60 0 4737 0 60 60 40 0 42 50 50
4737 0 30 60 60 0 4737 0 60 60 40 90 42 53 53
4737 0 30 60 60 0 4737 0 60 60 40 180 67 76 76
4737 0 30 60 60 0 4737 0 60 60 60 0 40 51 51
4737 0 30 60 60 0 4737 0 60 60 60 90 45 54 54
4737 0 30 60 60 0 4737 0 60 60 60 180 65 77 77
4737 0 30 60 60 0 4737 0 60 120 0 0 41 53 53
4737 0 30 60 60 0 4737 0 60 120 0 90 47 59 59
4737 0 30 60 60 0 4737 0 60 120 0 180 67 73 73
4737 0 30 60 60 0 4737 0 60 120 20 0 43 54 54
4737 0 30 60 60 0 4737 0 60 120 20 90 52 62 62
4737 0 30 60 60 0 4737 0 60 120 20 180 67 72 72
4737 0 30 60 60 0 4737 0 60 120 40 0 47 56 56
4737 0 30 60 60 0 4737 0 60 120 40 90 57 65 65
4737 0 30 60 60 0 4737 0 60 120 40 180 64 71 71
4737 0 30 60 60 0 4737 0 60 120 60 0 52 59 59
4737 0 30 60 60 0 4737 0 60 120 60 90 60 68 68
4737 0 30 60 60 0 4737 0 60 120 60 180 60 70 70
