5537 0.0 30 0 0 4737 0.0 0 0 0 0 62.6 53.2 53.2
5537 0.0 30 0 0 4737 0.0 0 0 0 30 62.7 53.2 53.2
5537 0.0 30 0 0 4737 0.0 0 0 0 60 62.6 53.1 53.1
5537 0.0 30 0 0 4737 0.0 0 0 0 90 62.5 53.0 53.0
5537 0.0 30 0 0 4737 0.0 0 0 0 120 62.4 53.0 53.0
5537 0.0 30 0 0 4737 0.0 0 0 0 150 62.3 53.0 53.0
5537 0.0 30 0 0 4737 0.0 0 0 0 180 62.2 52.9 52.9
5537 0.0 30 0 0 4737 0.0 10 0 0 0 62.6 52.6 52.6
5537 0.0 30 0 0 4737 0.0 10 0 0 30 62.7 52.7 52.7
5537 0.0 30 0 0 4737 0.0 10 0 0 60 62.6 52.6 52.6
5537 0.0 30 0 0 4737 0.0 10 0 0 90 62.4 52.6 52.6
5537 0.0 30 0 0 4737 0.0 10 0 0 120 62.3 52.5 52.5
5537 0.0 30 0 0 4737 0.0 10 0 0 150 62.2 52.4 52.4
5537 0.0 30 0 0 4737 0.0 10 0 0 180 62.1 52.5 52.5
5537 0.0 30 0 0 4737 0.0 20 0 0 0 62.4 51.1 51.1
5537 0.0 30 0 0 4737 0.0 20 0 0 30 62.5 51.1 51.1
5537 0.0 30 0 0 4737 0.0 20 0 0 60 62.4 51.2 51.2
5537 0.0 30 0 0 4737 0.0 20 0 0 90 62.3 51.2 51.2
5537 0.0 30 0 0 4737 0.0 20 0 0 120 62.1 51.0 51.0
5537 0.0 30 0 0 4737 0.0 20 0 0 150 62.0 51.0 51.0
5537 0.0 30 0 0 4737 0.0 20 0 0 180 62.0 51.0 51.0
5537 0.0 30 0 0 4737 0.0 30 0 0 0 62.1 48.2 48.2
5537 0.0 30 0 0 4737 0.0 30 0 0 30 62.2 48.2 48.2
5537 0.0 30 0 0 4737 0.0 30 0 0 60 62.1 48.4 48.4
5537 0.0 30 0 0 4737 0.0 30 0 0 90 62.0 48.4 48.4
5537 0.0 30 0 0 4737 0.0 30 0 0 120 61.8 48.2 48.2
5537 0.0 30 0 0 4737 0.0 30 0 0 150 61.7 48.2 48.2
5537 0.0 30 0 0 4737 0.0 30 0 0 180 61.6 48.3 48.3
5537 0.0 30 0 0 4737 0.0 40 0 0 0 61.6 48.3 48.3
5537 0.0 30 0 0 4737 0.0 40 0 0 30 61.7 48.3 48.3
5537 0.0 30 0 0 4737 0.0 40 0 0 60 61.6 48.3 48.3
5537 0.0 30 0 0 4737 0.0 40 0 0 90 61.5 48.3 48.3
5537 0.0 30 0 0 4737 0.0 40 0 0 120 61.3 48.1 48.1
5537 0.0 30 0 0 4737 0.0 40 0 0 150 61.2 48.1 48.1
5537 0.0 30 0 0 4737 0.0 40 0 0 180 61.1 48.1 48.1
5537 0.0 30 0 0 4737 0.0 50 0 0 0 60.8 48.8 48.8
5537 0.0 30 0 0 4737 0.0 50 0 0 30 60.9 48.8 48.8
5537 0.0 30 0 0 4737 0.0 50 0 0 60 60.8 48.9 48.9
5537 0.0 30 0 0 4737 0.0 50 0 0 90 60.7 48.9 48.9
5537 0.0 30 0 0 4737 0.0 50 0 0 120 60.5 49.0 49.0
5537 0.0 30 0 0 4737 0.0 50 0 0 150 60.4 48.9 48.9
5537 0.0 30 0 0 4737 0.0 50 0 0 180 60.4 48.8 48.8
5537 0.0 30 0 0 4737 0.0 60 0 0 0 59.5 50.2 50.2
5537 0.0 30 0 0 4737 0.0 60 0 0 30 59.6 50.2 50.2
5537 0.0 30 0 0 4737 0.0 60 0 0 60 59.5 50.3 50.3
5537 0.0 30 0 0 4737 0.0 60 0 0 90 59.4 50.2 50.2
5537 0.0 30 0 0 4737 0.0 60 0 0 120 59.2 50.2 50.2
5537 0.0 30 0 0 4737 0.0 60 0 0 150 59.1 50.1 50.1
5537 0.0 30 0 0 4737 0.0 60 0 0 180 59.1 50.1 50.1
5537 0.0 30 0 0 4737 0.1 0 0 0 0 62.6 52.9 52.9
5537 0.0 30 0 0 4737 0.1 0 0 0 30 62.7 52.9 52.9
5537 0.0 30 0 0 4737 0.1 0 0 0 60 62.7 53.0 53.0
5537 0.0 30 0 0 4737 0.1 0 0 0 90 62.6 52.9 52.9
5537 0.0 30 0 0 4737 0.1 0 0 0 120 62.4 52.8 52.8
5537 0.0 30 0 0 4737 0.1 0 0 0 150 62.2 52.8 52.8
5537 0.0 30 0 0 4737 0.1 0 0 0 180 62.3 52.7 52.7
5537 0.0 30 0 0 4737 0.1 10 0 0 0 62.5 52.5 52.5
5537 0.0 30 0 0 4737 0.1 10 0 0 30 62.6 52.4 52.4
5537 0.0 30 0 0 4737 0.1 10 0 0 60 62.7 52.4 52.4
5537 0.0 30 0 0 4737 0.1 10 0 0 90 62.6 52.5 52.5
5537 0.0 30 0 0 4737 0.1 10 0 0 120 62.4 52.3 52.3
5537 0.0 30 0 0 4737 0.1 10 0 0 150 62.2 52.2 52.2
5537 0.0 30 0 0 4737 0.1 10 0 0 180 62.2 52.2 52.2
5537 0.0 30 0 0 4737 0.1 20 0 0 0 62.4 50.9 50.9
5537 0.0 30 0 0 4737 0.1 20 0 0 30 62.5 51.0 51.0
5537 0.0 30 0 0 4737 0.1 20 0 0 60 62.5 50.9 50.9
5537 0.0 30 0 0 4737 0.1 20 0 0 90 62.4 51.0 51.0
5537 0.0 30 0 0 4737 0.1 20 0 0 120 62.2 50.9 50.9
5537 0.0 30 0 0 4737 0.1 20 0 0 150 62.0 50.8 50.8
5537 0.0 30 0 0 4737 0.1 20 0 0 180 62.0 50.8 50.8
5537 0.0 30 0 0 4737 0.1 30 0 0 0 62.0 48.0 48.0
5537 0.0 30 0 0 4737 0.1 30 0 0 30 62.2 48.2 48.2
5537 0.0 30 0 0 4737 0.1 30 0 0 60 62.2 48.0 48.0
5537 0.0 30 0 0 4737 0.1 30 0 0 90 62.1 48.0 48.0
5537 0.0 30 0 0 4737 0.1 30 0 0 120 61.9 48.1 48.1
5537 0.0 30 0 0 4737 0.1 30 0 0 150 61.7 48.1 48.1
5537 0.0 30 0 0 4737 0.1 30 0 0 180 61.7 48.0 48.0
5537 0.0 30 0 0 4737 0.1 40 0 0 0 61.5 48.0 48.0
5537 0.0 30 0 0 4737 0.1 40 0 0 30 61.6 48.1 48.1
5537 0.0 30 0 0 4737 0.1 40 0 0 60 61.7 48.1 48.1
5537 0.0 30 0 0 4737 0.1 40 0 0 90 61.6 48.1 48.1
5537 0.0 30 0 0 4737 0.1 40 0 0 120 61.4 48.2 48.2
5537 0.0 30 0 0 4737 0.1 40 0 0 150 61.2 48.0 48.0
5537 0.0 30 0 0 4737 0.1 40 0 0 180 61.2 47.9 47.9
5537 0.0 30 0 0 4737 0.1 50 0 0 0 60.8 48.7 48.7
5537 0.0 30 0 0 4737 0.1 50 0 0 30 60.8 48.6 48.6
5537 0.0 30 0 0 4737 0.1 50 0 0 60 60.8 48.8 48.8
5537 0.0 30 0 0 4737 0.1 50 0 0 90 60.8 48.8 48.8
5537 0.0 30 0 0 4737 0.1 50 0 0 120 60.6 48.8 48.8
5537 0.0 30 0 0 4737 0.1 50 0 0 150 60.4 48.7 48.7
5537 0.0 30 0 0 4737 0.1 50 0 0 180 60.4 48.6 48.6
5537 0.0 30 0 0 4737 0.1 60 0 0 0 59.5 50.1 50.1
5537 0.0 30 0 0 4737 0.1 60 0 0 30 59.6 50.0 50.0
5537 0.0 30 0 0 4737 0.1 60 0 0 60 59.5 50.0 50.0
5537 0.0 30 0 0 4737 0.1 60 0 0 90 59.4 50.1 50.1
5537 0.0 30 0 0 4737 0.1 60 0 0 120 59.3 50.1 50.1
5537 0.0 30 0 0 4737 0.1 60 0 0 150 59.1 50.0 50.0
5537 0.0 30 0 0 4737 0.1 60 0 0 180 59.1 49.9 49.9
5537 0.0 30 0 0 4737 0.2 0 0 0 0 62.6 52.7 52.7
5537 0.0 30 0 0 4737 0.2 0 0 0 30 62.7 52.6 52.6
5537 0.0 30 0 0 4737 0.2 0 0 0 60 62.7 52.7 52.7
5537 0.0 30 0 0 4737 0.2 0 0 0 90 62.6 52.7 52.7
5537 0.0 30 0 0 4737 0.2 0 0 0 120 62.5 52.6 52.6
5537 0.0 30 0 0 4737 0.2 0 0 0 150 62.3 52.5 52.5
5537 0.0 30 0 0 4737 0.2 0 0 0 180 62.3 52.5 52.5
5537 0.0 30 0 0 4737 0.2 10 0 0 0 62.6 52.2 52.2
5537 0.0 30 0 0 4737 0.2 10 0 0 30 62.7 52.1 52.1
5537 0.0 30 0 0 4737 0.2 10 0 0 60 62.7 52.2 52.2
5537 0.0 30 0 0 4737 0.2 10 0 0 90 62.6 52.3 52.3
5537 0.0 30 0 0 4737 0.2 10 0 0 120 62.4 52.1 52.1
5537 0.0 30 0 0 4737 0.2 10 0 0 150 62.2 52.0 52.0
5537 0.0 30 0 0 4737 0.2 10 0 0 180 62.2 52.0 52.0
5537 0.0 30 0 0 4737 0.2 20 0 0 0 62.4 50.6 50.6
5537 0.0 30 0 0 4737 0.2 20 0 0 30 62.5 50.7 50.7
5537 0.0 30 0 0 4737 0.2 20 0 0 60 62.5 50.7 50.7
5537 0.0 30 0 0 4737 0.2 20 0 0 90 62.4 50.6 50.6
5537 0.0 30 0 0 4737 0.2 20 0 0 120 62.2 50.6 50.6
5537 0.0 30 0 0 4737 0.2 20 0 0 150 62.0 50.5 50.5
5537 0.0 30 0 0 4737 0.2 20 0 0 180 62.0 50.5 50.5
5537 0.0 30 0 0 4737 0.2 30 0 0 0 62.1 48.0 48.0
5537 0.0 30 0 0 4737 0.2 30 0 0 30 62.2 48.2 48.2
5537 0.0 30 0 0 4737 0.2 30 0 0 60 62.1 48.1 48.1
5537 0.0 30 0 0 4737 0.2 30 0 0 90 62.1 47.9 47.9
5537 0.0 30 0 0 4737 0.2 30 0 0 120 61.9 48.1 48.1
5537 0.0 30 0 0 4737 0.2 30 0 0 150 61.7 48.0 48.0
5537 0.0 30 0 0 4737 0.2 30 0 0 180 61.7 47.9 47.9
5537 0.0 30 0 0 4737 0.2 40 0 0 0 61.6 47.9 47.9
5537 0.0 30 0 0 4737 0.2 40 0 0 30 61.7 48.1 48.1
5537 0.0 30 0 0 4737 0.2 40 0 0 60 61.6 48.2 48.2
5537 0.0 30 0 0 4737 0.2 40 0 0 90 61.5 48.0 48.0
5537 0.0 30 0 0 4737 0.2 40 0 0 120 61.4 48.2 48.2
5537 0.0 30 0 0 4737 0.2 40 0 0 150 61.1 48.1 48.1
5537 0.0 30 0 0 4737 0.2 40 0 0 180 61.2 47.8 47.8
5537 0.0 30 0 0 4737 0.2 50 0 0 0 60.8 48.5 48.5
5537 0.0 30 0 0 4737 0.2 50 0 0 30 60.9 48.6 48.6
5537 0.0 30 0 0 4737 0.2 50 0 0 60 60.8 48.6 48.6
5537 0.0 30 0 0 4737 0.2 50 0 0 90 60.7 48.6 48.6
5537 0.0 30 0 0 4737 0.2 50 0 0 120 60.6 48.6 48.6
5537 0.0 30 0 0 4737 0.2 50 0 0 150 60.3 48.5 48.5
5537 0.0 30 0 0 4737 0.2 50 0 0 180 60.5 48.5 48.5
5537 0.0 30 0 0 4737 0.2 60 0 0 0 59.5 49.8 49.8
5537 0.0 30 0 0 4737 0.2 60 0 0 30 59.6 49.8 49.8
5537 0.0 30 0 0 4737 0.2 60 0 0 60 59.5 49.8 49.8
5537 0.0 30 0 0 4737 0.2 60 0 0 90 59.4 49.8 49.8
5537 0.0 30 0 0 4737 0.2 60 0 0 120 59.3 49.9 49.9
5537 0.0 30 0 0 4737 0.2 60 0 0 150 59.1 49.7 49.7
5537 0.0 30 0 0 4737 0.2 60 0 0 180 59.1 49.6 49.6
5537 0.0 30 0 0 4737 0.3 0 0 0 0 62.7 52.4 52.4
5537 0.0 30 0 0 4737 0.3 0 0 0 30 62.7 52.3 52.3
5537 0.0 30 0 0 4737 0.3 0 0 0 60 62.7 52.4 52.4
5537 0.0 30 0 0 4737 0.3 0 0 0 90 62.7 52.5 52.5
5537 0.0 30 0 0 4737 0.3 0 0 0 120 62.6 52.5 52.5
5537 0.0 30 0 0 4737 0.3 0 0 0 150 62.3 52.2 52.2
5537 0.0 30 0 0 4737 0.3 0 0 0 180 62.3 52.2 52.2
5537 0.0 30 0 0 4737 0.3 10 0 0 0 62.6 51.8 51.8
5537 0.0 30 0 0 4737 0.3 10 0 0 30 62.7 51.9 51.9
5537 0.0 30 0 0 4737 0.3 10 0 0 60 62.7 51.9 51.9
5537 0.0 30 0 0 4737 0.3 10 0 0 90 62.6 51.9 51.9
5537 0.0 30 0 0 4737 0.3 10 0 0 120 62.5 51.9 51.9
5537 0.0 30 0 0 4737 0.3 10 0 0 150 62.2 51.7 51.7
5537 0.0 30 0 0 4737 0.3 10 0 0 180 62.2 51.7 51.7
5537 0.0 30 0 0 4737 0.3 20 0 0 0 62.4 50.0 50.0
5537 0.0 30 0 0 4737 0.3 20 0 0 30 62.5 50.1 50.1
5537 0.0 30 0 0 4737 0.3 20 0 0 60 62.5 50.2 50.2
5537 0.0 30 0 0 4737 0.3 20 0 0 90 62.4 50.1 50.1
5537 0.0 30 0 0 4737 0.3 20 0 0 120 62.3 50.0 50.0
5537 0.0 30 0 0 4737 0.3 20 0 0 150 62.0 50.0 50.0
5537 0.0 30 0 0 4737 0.3 20 0 0 180 62.0 49.9 49.9
5537 0.0 30 0 0 4737 0.3 30 0 0 0 62.1 47.9 47.9
5537 0.0 30 0 0 4737 0.3 30 0 0 30 62.2 48.1 48.1
5537 0.0 30 0 0 4737 0.3 30 0 0 60 62.2 48.1 48.1
5537 0.0 30 0 0 4737 0.3 30 0 0 90 62.1 48.0 48.0
5537 0.0 30 0 0 4737 0.3 30 0 0 120 62.0 48.0 48.0
5537 0.0 30 0 0 4737 0.3 30 0 0 150 61.7 48.2 48.2
5537 0.0 30 0 0 4737 0.3 30 0 0 180 61.7 48.0 48.0
5537 0.0 30 0 0 4737 0.3 40 0 0 0 61.6 47.9 47.9
5537 0.0 30 0 0 4737 0.3 40 0 0 30 61.7 48.0 48.0
5537 0.0 30 0 0 4737 0.3 40 0 0 60 61.7 48.1 48.1
5537 0.0 30 0 0 4737 0.3 40 0 0 90 61.6 48.1 48.1
5537 0.0 30 0 0 4737 0.3 40 0 0 120 61.5 48.0 48.0
5537 0.0 30 0 0 4737 0.3 40 0 0 150 61.2 48.2 48.2
5537 0.0 30 0 0 4737 0.3 40 0 0 180 61.2 48.0 48.0
5537 0.0 30 0 0 4737 0.3 50 0 0 0 60.9 48.6 48.6
5537 0.0 30 0 0 4737 0.3 50 0 0 30 60.9 48.7 48.7
5537 0.0 30 0 0 4737 0.3 50 0 0 60 60.9 48.6 48.6
5537 0.0 30 0 0 4737 0.3 50 0 0 90 60.8 48.6 48.6
5537 0.0 30 0 0 4737 0.3 50 0 0 120 60.7 48.7 48.7
5537 0.0 30 0 0 4737 0.3 50 0 0 150 60.4 48.5 48.5
5537 0.0 30 0 0 4737 0.3 50 0 0 180 60.5 48.4 48.4
5537 0.0 30 0 0 4737 0.3 60 0 0 0 59.4 49.7 49.7
5537 0.0 30 0 0 4737 0.3 60 0 0 30 59.5 49.6 49.6
5537 0.0 30 0 0 4737 0.3 60 0 0 60 59.4 49.6 49.6
5537 0.0 30 0 0 4737 0.3 60 0 0 90 59.3 49.6 49.6
5537 0.0 30 0 0 4737 0.3 60 0 0 120 59.3 49.7 49.7
5537 0.0 30 0 0 4737 0.3 60 0 0 150 59.0 49.5 49.5
5537 0.0 30 0 0 4737 0.3 60 0 0 180 59.0 49.4 49.4
5537 0.0 30 0 0 4737 0.4 0 0 0 0 62.7 52.0 52.0
5537 0.0 30 0 0 4737 0.4 0 0 0 30 62.7 52.0 52.0
5537 0.0 30 0 0 4737 0.4 0 0 0 60 62.7 52.0 52.0
5537 0.0 30 0 0 4737 0.4 0 0 0 90 62.7 52.1 52.1
5537 0.0 30 0 0 4737 0.4 0 0 0 120 62.6 52.1 52.1
5537 0.0 30 0 0 4737 0.4 0 0 0 150 62.3 51.9 51.9
5537 0.0 30 0 0 4737 0.4 0 0 0 180 62.3 51.7 51.7
5537 0.0 30 0 0 4737 0.4 10 0 0 0 62.6 51.4 51.4
5537 0.0 30 0 0 4737 0.4 10 0 0 30 62.6 51.5 51.5
5537 0.0 30 0 0 4737 0.4 10 0 0 60 62.7 51.5 51.5
5537 0.0 30 0 0 4737 0.4 10 0 0 90 62.6 51.5 51.5
5537 0.0 30 0 0 4737 0.4 10 0 0 120 62.6 51.4 51.4
5537 0.0 30 0 0 4737 0.4 10 0 0 150 62.2 51.4 51.4
5537 0.0 30 0 0 4737 0.4 10 0 0 180 62.2 51.2 51.2
5537 0.0 30 0 0 4737 0.4 20 0 0 0 62.5 49.2 49.2
5537 0.0 30 0 0 4737 0.4 20 0 0 30 62.5 49.3 49.3
5537 0.0 30 0 0 4737 0.4 20 0 0 60 62.5 49.3 49.3
5537 0.0 30 0 0 4737 0.4 20 0 0 90 62.4 49.4 49.4
5537 0.0 30 0 0 4737 0.4 20 0 0 120 62.4 49.3 49.3
5537 0.0 30 0 0 4737 0.4 20 0 0 150 62.0 49.3 49.3
5537 0.0 30 0 0 4737 0.4 20 0 0 180 62.0 49.1 49.1
5537 0.0 30 0 0 4737 0.4 30 0 0 0 62.2 48.2 48.2
5537 0.0 30 0 0 4737 0.4 30 0 0 30 62.2 48.3 48.3
5537 0.0 30 0 0 4737 0.4 30 0 0 60 62.1 48.3 48.3
5537 0.0 30 0 0 4737 0.4 30 0 0 90 62.1 48.4 48.4
5537 0.0 30 0 0 4737 0.4 30 0 0 120 62.1 48.3 48.3
5537 0.0 30 0 0 4737 0.4 30 0 0 150 61.7 48.3 48.3
5537 0.0 30 0 0 4737 0.4 30 0 0 180 61.7 48.0 48.0
5537 0.0 30 0 0 4737 0.4 40 0 0 0 61.7 48.3 48.3
5537 0.0 30 0 0 4737 0.4 40 0 0 30 61.7 48.3 48.3
5537 0.0 30 0 0 4737 0.4 40 0 0 60 61.6 48.3 48.3
5537 0.0 30 0 0 4737 0.4 40 0 0 90 61.6 48.4 48.4
5537 0.0 30 0 0 4737 0.4 40 0 0 120 61.5 48.3 48.3
5537 0.0 30 0 0 4737 0.4 40 0 0 150 61.2 48.2 48.2
5537 0.0 30 0 0 4737 0.4 40 0 0 180 61.2 48.1 48.1
5537 0.0 30 0 0 4737 0.4 50 0 0 0 60.8 48.7 48.7
5537 0.0 30 0 0 4737 0.4 50 0 0 30 60.9 48.7 48.7
5537 0.0 30 0 0 4737 0.4 50 0 0 60 60.8 48.8 48.8
5537 0.0 30 0 0 4737 0.4 50 0 0 90 60.7 48.8 48.8
5537 0.0 30 0 0 4737 0.4 50 0 0 120 60.7 48.7 48.7
5537 0.0 30 0 0 4737 0.4 50 0 0 150 60.4 48.7 48.7
5537 0.0 30 0 0 4737 0.4 50 0 0 180 60.4 48.6 48.6
5537 0.0 30 0 0 4737 0.4 60 0 0 0 59.3 49.5 49.5
5537 0.0 30 0 0 4737 0.4 60 0 0 30 59.3 49.6 49.6
5537 0.0 30 0 0 4737 0.4 60 0 0 60 59.2 49.6 49.6
5537 0.0 30 0 0 4737 0.4 60 0 0 90 59.2 49.6 49.6
5537 0.0 30 0 0 4737 0.4 60 0 0 120 59.0 49.6 49.6
5537 0.0 30 0 0 4737 0.4 60 0 0 150 58.7 49.6 49.6
5537 0.0 30 0 0 4737 0.4 60 0 0 180 58.8 49.3 49.3
5537 0.0 30 0 0 4737 0.5 0 0 0 0 62.7 51.2 51.2
5537 0.0 30 0 0 4737 0.5 0 0 0 30 62.7 51.3 51.3
5537 0.0 30 0 0 4737 0.5 0 0 0 60 62.7 51.3 51.3
5537 0.0 30 0 0 4737 0.5 0 0 0 90 62.7 51.4 51.4
5537 0.0 30 0 0 4737 0.5 0 0 0 120 62.6 51.3 51.3
5537 0.0 30 0 0 4737 0.5 0 0 0 150 62.3 51.3 51.3
5537 0.0 30 0 0 4737 0.5 0 0 0 180 62.3 51.0 51.0
5537 0.0 30 0 0 4737 0.5 10 0 0 0 62.6 50.4 50.4
5537 0.0 30 0 0 4737 0.5 10 0 0 30 62.6 50.5 50.5
5537 0.0 30 0 0 4737 0.5 10 0 0 60 62.6 50.6 50.6
5537 0.0 30 0 0 4737 0.5 10 0 0 90 62.6 50.6 50.6
5537 0.0 30 0 0 4737 0.5 10 0 0 120 62.5 50.5 50.5
5537 0.0 30 0 0 4737 0.5 10 0 0 150 62.3 50.6 50.6
5537 0.0 30 0 0 4737 0.5 10 0 0 180 62.2 50.2 50.2
5537 0.0 30 0 0 4737 0.5 20 0 0 0 62.4 49.2 49.2
5537 0.0 30 0 0 4737 0.5 20 0 0 30 62.4 49.3 49.3
5537 0.0 30 0 0 4737 0.5 20 0 0 60 62.4 49.4 49.4
5537 0.0 30 0 0 4737 0.5 20 0 0 90 62.4 49.5 49.5
5537 0.0 30 0 0 4737 0.5 20 0 0 120 62.3 49.3 49.3
5537 0.0 30 0 0 4737 0.5 20 0 0 150 62.1 49.4 49.4
5537 0.0 30 0 0 4737 0.5 20 0 0 180 62.0 49.1 49.1
5537 0.0 30 0 0 4737 0.5 30 0 0 0 62.1 48.7 48.7
5537 0.0 30 0 0 4737 0.5 30 0 0 30 62.1 48.7 48.7
5537 0.0 30 0 0 4737 0.5 30 0 0 60 62.1 48.7 48.7
5537 0.0 30 0 0 4737 0.5 30 0 0 90 62.1 48.8 48.8
5537 0.0 30 0 0 4737 0.5 30 0 0 120 61.9 48.8 48.8
5537 0.0 30 0 0 4737 0.5 30 0 0 150 61.7 48.7 48.7
5537 0.0 30 0 0 4737 0.5 30 0 0 180 61.7 48.3 48.3
5537 0.0 30 0 0 4737 0.5 40 0 0 0 61.6 48.6 48.6
5537 0.0 30 0 0 4737 0.5 40 0 0 30 61.6 48.6 48.6
5537 0.0 30 0 0 4737 0.5 40 0 0 60 61.6 48.6 48.6
5537 0.0 30 0 0 4737 0.5 40 0 0 90 61.5 48.7 48.7
5537 0.0 30 0 0 4737 0.5 40 0 0 120 61.4 48.7 48.7
5537 0.0 30 0 0 4737 0.5 40 0 0 150 61.2 48.7 48.7
5537 0.0 30 0 0 4737 0.5 40 0 0 180 61.2 48.5 48.5
5537 0.0 30 0 0 4737 0.5 50 0 0 0 60.7 49.0 49.0
5537 0.0 30 0 0 4737 0.5 50 0 0 30 60.7 49.0 49.0
5537 0.0 30 0 0 4737 0.5 50 0 0 60 60.7 49.0 49.0
5537 0.0 30 0 0 4737 0.5 50 0 0 90 60.6 49.0 49.0
5537 0.0 30 0 0 4737 0.5 50 0 0 120 60.6 48.9 48.9
5537 0.0 30 0 0 4737 0.5 50 0 0 150 60.3 48.9 48.9
5537 0.0 30 0 0 4737 0.5 50 0 0 180 60.3 48.7 48.7
5537 0.0 30 0 0 4737 0.5 60 0 0 0 59.2 49.4 49.4
5537 0.0 30 0 0 4737 0.5 60 0 0 30 59.3 49.5 49.5
5537 0.0 30 0 0 4737 0.5 60 0 0 60 59.2 49.5 49.5
5537 0.0 30 0 0 4737 0.5 60 0 0 90 59.2 49.6 49.6
5537 0.0 30 0 0 4737 0.5 60 0 0 120 59.1 49.4 49.4
5537 0.0 30 0 0 4737 0.5 60 0 0 150 58.9 49.6 49.6
5537 0.0 30 0 0 4737 0.5 60 0 0 180 58.8 49.2 49.2
5537 0.0 30 0 0 4937 0.0 0 0 0 0 63.0 53.5 53.5
5537 0.0 30 0 0 4937 0.0 0 0 0 30 62.9 53.6 53.6
5537 0.0 30 0 0 4937 0.0 0 0 0 60 62.8 53.7 53.7
5537 0.0 30 0 0 4937 0.0 0 0 0 90 62.7 53.7 53.7
5537 0.0 30 0 0 4937 0.0 0 0 0 120 62.6 53.7 53.7
5537 0.0 30 0 0 4937 0.0 0 0 0 150 62.5 53.7 53.7
5537 0.0 30 0 0 4937 0.0 0 0 0 180 62.5 53.6 53.6
5537 0.0 30 0 0 4937 0.0 10 0 0 0 62.9 53.0 53.0
5537 0.0 30 0 0 4937 0.0 10 0 0 30 62.9 53.2 53.2
5537 0.0 30 0 0 4937 0.0 10 0 0 60 62.7 53.3 53.3
5537 0.0 30 0 0 4937 0.0 10 0 0 90 62.6 53.3 53.3
5537 0.0 30 0 0 4937 0.0 10 0 0 120 62.5 53.3 53.3
5537 0.0 30 0 0 4937 0.0 10 0 0 150 62.4 53.2 53.2
5537 0.0 30 0 0 4937 0.0 10 0 0 180 62.4 53.2 53.2
5537 0.0 30 0 0 4937 0.0 20 0 0 0 62.7 51.7 51.7
5537 0.0 30 0 0 4937 0.0 20 0 0 30 62.7 51.9 51.9
5537 0.0 30 0 0 4937 0.0 20 0 0 60 62.6 51.9 51.9
5537 0.0 30 0 0 4937 0.0 20 0 0 90 62.5 51.9 51.9
5537 0.0 30 0 0 4937 0.0 20 0 0 120 62.4 52.0 52.0
5537 0.0 30 0 0 4937 0.0 20 0 0 150 62.3 51.9 51.9
5537 0.0 30 0 0 4937 0.0 20 0 0 180 62.3 51.9 51.9
5537 0.0 30 0 0 4937 0.0 30 0 0 0 62.4 48.8 48.8
5537 0.0 30 0 0 4937 0.0 30 0 0 30 62.4 48.8 48.8
5537 0.0 30 0 0 4937 0.0 30 0 0 60 62.3 48.7 48.7
5537 0.0 30 0 0 4937 0.0 30 0 0 90 62.2 48.8 48.8
5537 0.0 30 0 0 4937 0.0 30 0 0 120 62.1 48.8 48.8
5537 0.0 30 0 0 4937 0.0 30 0 0 150 62.0 48.9 48.9
5537 0.0 30 0 0 4937 0.0 30 0 0 180 62.0 48.8 48.8
5537 0.0 30 0 0 4937 0.0 40 0 0 0 62.0 48.6 48.6
5537 0.0 30 0 0 4937 0.0 40 0 0 30 61.9 48.6 48.6
5537 0.0 30 0 0 4937 0.0 40 0 0 60 61.8 48.6 48.6
5537 0.0 30 0 0 4937 0.0 40 0 0 90 61.7 48.7 48.7
5537 0.0 30 0 0 4937 0.0 40 0 0 120 61.6 48.7 48.7
5537 0.0 30 0 0 4937 0.0 40 0 0 150 61.5 48.7 48.7
5537 0.0 30 0 0 4937 0.0 40 0 0 180 61.5 48.6 48.6
5537 0.0 30 0 0 4937 0.0 50 0 0 0 61.2 49.4 49.4
5537 0.0 30 0 0 4937 0.0 50 0 0 30 61.1 49.3 49.3
5537 0.0 30 0 0 4937 0.0 50 0 0 60 61.1 49.4 49.4
5537 0.0 30 0 0 4937 0.0 50 0 0 90 60.9 49.3 49.3
5537 0.0 30 0 0 4937 0.0 50 0 0 120 60.9 49.3 49.3
5537 0.0 30 0 0 4937 0.0 50 0 0 150 60.8 49.3 49.3
5537 0.0 30 0 0 4937 0.0 50 0 0 180 60.8 49.1 49.1
5537 0.0 30 0 0 4937 0.0 60 0 0 0 59.9 50.7 50.7
5537 0.0 30 0 0 4937 0.0 60 0 0 30 59.9 50.8 50.8
5537 0.0 30 0 0 4937 0.0 60 0 0 60 59.8 50.8 50.8
5537 0.0 30 0 0 4937 0.0 60 0 0 90 59.7 50.9 50.9
5537 0.0 30 0 0 4937 0.0 60 0 0 120 59.7 50.8 50.8
5537 0.0 30 0 0 4937 0.0 60 0 0 150 59.6 50.7 50.7
5537 0.0 30 0 0 4937 0.0 60 0 0 180 59.6 50.6 50.6
5537 0.0 30 0 0 4937 0.1 0 0 0 0 62.9 53.4 53.4
5537 0.0 30 0 0 4937 0.1 0 0 0 30 63.0 53.4 53.4
5537 0.0 30 0 0 4937 0.1 0 0 0 60 62.8 53.6 53.6
5537 0.0 30 0 0 4937 0.1 0 0 0 90 62.7 53.5 53.5
5537 0.0 30 0 0 4937 0.1 0 0 0 120 62.7 53.6 53.6
5537 0.0 30 0 0 4937 0.1 0 0 0 150 62.5 53.5 53.5
5537 0.0 30 0 0 4937 0.1 0 0 0 180 62.6 53.4 53.4
5537 0.0 30 0 0 4937 0.1 10 0 0 0 62.9 52.9 52.9
5537 0.0 30 0 0 4937 0.1 10 0 0 30 62.9 53.0 53.0
5537 0.0 30 0 0 4937 0.1 10 0 0 60 62.8 53.1 53.1
5537 0.0 30 0 0 4937 0.1 10 0 0 90 62.7 53.0 53.0
5537 0.0 30 0 0 4937 0.1 10 0 0 120 62.6 53.1 53.1
5537 0.0 30 0 0 4937 0.1 10 0 0 150 62.4 53.0 53.0
5537 0.0 30 0 0 4937 0.1 10 0 0 180 62.5 53.0 53.0
5537 0.0 30 0 0 4937 0.1 20 0 0 0 62.7 51.5 51.5
5537 0.0 30 0 0 4937 0.1 20 0 0 30 62.7 51.7 51.7
5537 0.0 30 0 0 4937 0.1 20 0 0 60 62.6 51.7 51.7
5537 0.0 30 0 0 4937 0.1 20 0 0 90 62.5 51.6 51.6
5537 0.0 30 0 0 4937 0.1 20 0 0 120 62.4 51.8 51.8
5537 0.0 30 0 0 4937 0.1 20 0 0 150 62.3 51.6 51.6
5537 0.0 30 0 0 4937 0.1 20 0 0 180 62.3 51.7 51.7
5537 0.0 30 0 0 4937 0.1 30 0 0 0 62.4 48.6 48.6
5537 0.0 30 0 0 4937 0.1 30 0 0 30 62.4 48.6 48.6
5537 0.0 30 0 0 4937 0.1 30 0 0 60 62.3 48.6 48.6
5537 0.0 30 0 0 4937 0.1 30 0 0 90 62.2 48.6 48.6
5537 0.0 30 0 0 4937 0.1 30 0 0 120 62.1 48.6 48.6
5537 0.0 30 0 0 4937 0.1 30 0 0 150 62.0 48.6 48.6
5537 0.0 30 0 0 4937 0.1 30 0 0 180 62.0 48.5 48.5
5537 0.0 30 0 0 4937 0.1 40 0 0 0 62.0 48.5 48.5
5537 0.0 30 0 0 4937 0.1 40 0 0 30 61.9 48.4 48.4
5537 0.0 30 0 0 4937 0.1 40 0 0 60 61.8 48.4 48.4
5537 0.0 30 0 0 4937 0.1 40 0 0 90 61.8 48.5 48.5
5537 0.0 30 0 0 4937 0.1 40 0 0 120 61.6 48.4 48.4
5537 0.0 30 0 0 4937 0.1 40 0 0 150 61.6 48.4 48.4
5537 0.0 30 0 0 4937 0.1 40 0 0 180 61.5 48.4 48.4
5537 0.0 30 0 0 4937 0.1 50 0 0 0 61.3 49.2 49.2
5537 0.0 30 0 0 4937 0.1 50 0 0 30 61.1 49.2 49.2
5537 0.0 30 0 0 4937 0.1 50 0 0 60 61.0 49.1 49.1
5537 0.0 30 0 0 4937 0.1 50 0 0 90 61.1 49.1 49.1
5537 0.0 30 0 0 4937 0.1 50 0 0 120 60.8 49.2 49.2
5537 0.0 30 0 0 4937 0.1 50 0 0 150 60.9 49.1 49.1
5537 0.0 30 0 0 4937 0.1 50 0 0 180 60.7 49.1 49.1
5537 0.0 30 0 0 4937 0.1 60 0 0 0 60.2 50.4 50.4
5537 0.0 30 0 0 4937 0.1 60 0 0 30 59.8 50.5 50.5
5537 0.0 30 0 0 4937 0.1 60 0 0 60 59.8 50.5 50.5
5537 0.0 30 0 0 4937 0.1 60 0 0 90 59.9 50.5 50.5
5537 0.0 30 0 0 4937 0.1 60 0 0 120 59.4 50.6 50.6
5537 0.0 30 0 0 4937 0.1 60 0 0 150 59.9 50.5 50.5
5537 0.0 30 0 0 4937 0.1 60 0 0 180 59.4 50.5 50.5
5537 0.0 30 0 0 4937 0.2 0 0 0 0 62.9 53.2 53.2
5537 0.0 30 0 0 4937 0.2 0 0 0 30 63.0 53.2 53.2
5537 0.0 30 0 0 4937 0.2 0 0 0 60 62.9 53.3 53.3
5537 0.0 30 0 0 4937 0.2 0 0 0 90 62.7 53.4 53.4
5537 0.0 30 0 0 4937 0.2 0 0 0 120 62.8 53.3 53.3
5537 0.0 30 0 0 4937 0.2 0 0 0 150 62.5 53.3 53.3
5537 0.0 30 0 0 4937 0.2 0 0 0 180 62.6 53.2 53.2
5537 0.0 30 0 0 4937 0.2 10 0 0 0 62.8 52.7 52.7
5537 0.0 30 0 0 4937 0.2 10 0 0 30 63.0 52.8 52.8
5537 0.0 30 0 0 4937 0.2 10 0 0 60 62.8 52.8 52.8
5537 0.0 30 0 0 4937 0.2 10 0 0 90 62.6 52.9 52.9
5537 0.0 30 0 0 4937 0.2 10 0 0 120 62.7 52.8 52.8
5537 0.0 30 0 0 4937 0.2 10 0 0 150 62.4 52.8 52.8
5537 0.0 30 0 0 4937 0.2 10 0 0 180 62.6 52.7 52.7
5537 0.0 30 0 0 4937 0.2 20 0 0 0 62.7 51.3 51.3
5537 0.0 30 0 0 4937 0.2 20 0 0 30 62.8 51.4 51.4
5537 0.0 30 0 0 4937 0.2 20 0 0 60 62.7 51.4 51.4
5537 0.0 30 0 0 4937 0.2 20 0 0 90 62.5 51.4 51.4
5537 0.0 30 0 0 4937 0.2 20 0 0 120 62.5 51.4 51.4
5537 0.0 30 0 0 4937 0.2 20 0 0 150 62.3 51.4 51.4
5537 0.0 30 0 0 4937 0.2 20 0 0 180 62.4 51.3 51.3
5537 0.0 30 0 0 4937 0.2 30 0 0 0 62.4 48.5 48.5
5537 0.0 30 0 0 4937 0.2 30 0 0 30 62.5 48.5 48.5
5537 0.0 30 0 0 4937 0.2 30 0 0 60 62.3 48.5 48.5
5537 0.0 30 0 0 4937 0.2 30 0 0 90 62.2 48.5 48.5
5537 0.0 30 0 0 4937 0.2 30 0 0 120 62.2 48.5 48.5
5537 0.0 30 0 0 4937 0.2 30 0 0 150 62.0 48.5 48.5
5537 0.0 30 0 0 4937 0.2 30 0 0 180 62.0 48.5 48.5
5537 0.0 30 0 0 4937 0.2 40 0 0 0 62.0 48.3 48.3
5537 0.0 30 0 0 4937 0.2 40 0 0 30 62.0 48.4 48.4
5537 0.0 30 0 0 4937 0.2 40 0 0 60 61.8 48.4 48.4
5537 0.0 30 0 0 4937 0.2 40 0 0 90 61.8 48.3 48.3
5537 0.0 30 0 0 4937 0.2 40 0 0 120 61.7 48.4 48.4
5537 0.0 30 0 0 4937 0.2 40 0 0 150 61.5 48.3 48.3
5537 0.0 30 0 0 4937 0.2 40 0 0 180 61.5 48.4 48.4
5537 0.0 30 0 0 4937 0.2 50 0 0 0 61.3 49.0 49.0
5537 0.0 30 0 0 4937 0.2 50 0 0 30 61.2 49.2 49.2
5537 0.0 30 0 0 4937 0.2 50 0 0 60 61.0 49.2 49.2
5537 0.0 30 0 0 4937 0.2 50 0 0 90 61.1 49.1 49.1
5537 0.0 30 0 0 4937 0.2 50 0 0 120 60.9 49.1 49.1
5537 0.0 30 0 0 4937 0.2 50 0 0 150 60.9 49.0 49.0
5537 0.0 30 0 0 4937 0.2 50 0 0 180 60.7 49.0 49.0
5537 0.0 30 0 0 4937 0.2 60 0 0 0 60.2 50.1 50.1
5537 0.0 30 0 0 4937 0.2 60 0 0 30 59.9 50.2 50.2
5537 0.0 30 0 0 4937 0.2 60 0 0 60 59.6 50.2 50.2
5537 0.0 30 0 0 4937 0.2 60 0 0 90 60.0 50.3 50.3
5537 0.0 30 0 0 4937 0.2 60 0 0 120 59.5 50.4 50.4
5537 0.0 30 0 0 4937 0.2 60 0 0 150 59.9 50.3 50.3
5537 0.0 30 0 0 4937 0.2 60 0 0 180 59.4 50.2 50.2
5537 0.0 30 0 0 4937 0.3 0 0 0 0 62.8 52.9 52.9
5537 0.0 30 0 0 4937 0.3 0 0 0 30 63.0 53.0 53.0
5537 0.0 30 0 0 4937 0.3 0 0 0 60 63.0 52.9 52.9
5537 0.0 30 0 0 4937 0.3 0 0 0 90 62.7 53.1 53.1
5537 0.0 30 0 0 4937 0.3 0 0 0 120 62.7 53.0 53.0
5537 0.0 30 0 0 4937 0.3 0 0 0 150 62.5 53.1 53.1
5537 0.0 30 0 0 4937 0.3 0 0 0 180 62.7 52.8 52.8
5537 0.0 30 0 0 4937 0.3 10 0 0 0 62.8 52.4 52.4
5537 0.0 30 0 0 4937 0.3 10 0 0 30 62.9 52.5 52.5
5537 0.0 30 0 0 4937 0.3 10 0 0 60 63.0 52.4 52.4
5537 0.0 30 0 0 4937 0.3 10 0 0 90 62.7 52.6 52.6
5537 0.0 30 0 0 4937 0.3 10 0 0 120 62.7 52.6 52.6
5537 0.0 30 0 0 4937 0.3 10 0 0 150 62.4 52.6 52.6
5537 0.0 30 0 0 4937 0.3 10 0 0 180 62.6 52.3 52.3
5537 0.0 30 0 0 4937 0.3 20 0 0 0 62.6 50.9 50.9
5537 0.0 30 0 0 4937 0.3 20 0 0 30 62.8 50.9 50.9
5537 0.0 30 0 0 4937 0.3 20 0 0 60 62.8 50.9 50.9
5537 0.0 30 0 0 4937 0.3 20 0 0 90 62.5 51.0 51.0
5537 0.0 30 0 0 4937 0.3 20 0 0 120 62.5 51.0 51.0
5537 0.0 30 0 0 4937 0.3 20 0 0 150 62.3 50.9 50.9
5537 0.0 30 0 0 4937 0.3 20 0 0 180 62.4 50.7 50.7
5537 0.0 30 0 0 4937 0.3 30 0 0 0 62.3 48.7 48.7
5537 0.0 30 0 0 4937 0.3 30 0 0 30 62.5 48.7 48.7
5537 0.0 30 0 0 4937 0.3 30 0 0 60 62.5 48.7 48.7
5537 0.0 30 0 0 4937 0.3 30 0 0 90 62.2 48.6 48.6
5537 0.0 30 0 0 4937 0.3 30 0 0 120 62.2 48.5 48.5
5537 0.0 30 0 0 4937 0.3 30 0 0 150 62.0 48.5 48.5
5537 0.0 30 0 0 4937 0.3 30 0 0 180 62.1 48.4 48.4
5537 0.0 30 0 0 4937 0.3 40 0 0 0 61.8 48.6 48.6
5537 0.0 30 0 0 4937 0.3 40 0 0 30 62.0 48.6 48.6
5537 0.0 30 0 0 4937 0.3 40 0 0 60 62.0 48.6 48.6
5537 0.0 30 0 0 4937 0.3 40 0 0 90 61.7 48.5 48.5
5537 0.0 30 0 0 4937 0.3 40 0 0 120 61.7 48.4 48.4
5537 0.0 30 0 0 4937 0.3 40 0 0 150 61.5 48.4 48.4
5537 0.0 30 0 0 4937 0.3 40 0 0 180 61.6 48.3 48.3
5537 0.0 30 0 0 4937 0.3 50 0 0 0 61.1 49.0 49.0
5537 0.0 30 0 0 4937 0.3 50 0 0 30 61.3 49.1 49.1
5537 0.0 30 0 0 4937 0.3 50 0 0 60 61.2 49.2 49.2
5537 0.0 30 0 0 4937 0.3 50 0 0 90 61.0 49.1 49.1
5537 0.0 30 0 0 4937 0.3 50 0 0 120 61.0 49.1 49.1
5537 0.0 30 0 0 4937 0.3 50 0 0 150 60.8 49.0 49.0
5537 0.0 30 0 0 4937 0.3 50 0 0 180 60.9 49.0 49.0
5537 0.0 30 0 0 4937 0.3 60 0 0 0 59.9 49.9 49.9
5537 0.0 30 0 0 4937 0.3 60 0 0 30 59.9 50.0 50.0
5537 0.0 30 0 0 4937 0.3 60 0 0 60 59.8 50.0 50.0
5537 0.0 30 0 0 4937 0.3 60 0 0 90 59.7 50.0 50.0
5537 0.0 30 0 0 4937 0.3 60 0 0 120 59.7 50.1 50.1
5537 0.0 30 0 0 4937 0.3 60 0 0 150 59.6 50.1 50.1
5537 0.0 30 0 0 4937 0.3 60 0 0 180 59.6 50.2 50.2
5537 0.0 30 0 0 4937 0.4 0 0 0 0 62.7 52.6 52.6
5537 0.0 30 0 0 4937 0.4 0 0 0 30 62.9 52.7 52.7
5537 0.0 30 0 0 4937 0.4 0 0 0 60 63.1 52.6 52.6
5537 0.0 30 0 0 4937 0.4 0 0 0 90 62.9 52.6 52.6
5537 0.0 30 0 0 4937 0.4 0 0 0 120 62.6 52.8 52.8
5537 0.0 30 0 0 4937 0.4 0 0 0 150 62.6 52.6 52.6
5537 0.0 30 0 0 4937 0.4 0 0 0 180 62.8 52.4 52.4
5537 0.0 30 0 0 4937 0.4 10 0 0 0 62.7 52.1 52.1
5537 0.0 30 0 0 4937 0.4 10 0 0 30 62.8 52.1 52.1
5537 0.0 30 0 0 4937 0.4 10 0 0 60 63.1 52.0 52.0
5537 0.0 30 0 0 4937 0.4 10 0 0 90 62.9 52.1 52.1
5537 0.0 30 0 0 4937 0.4 10 0 0 120 62.5 52.3 52.3
5537 0.0 30 0 0 4937 0.4 10 0 0 150 62.6 52.1 52.1
5537 0.0 30 0 0 4937 0.4 10 0 0 180 62.7 51.8 51.8
5537 0.0 30 0 0 4937 0.4 20 0 0 0 62.5 50.1 50.1
5537 0.0 30 0 0 4937 0.4 20 0 0 30 62.6 50.1 50.1
5537 0.0 30 0 0 4937 0.4 20 0 0 60 62.9 50.0 50.0
5537 0.0 30 0 0 4937 0.4 20 0 0 90 62.7 50.1 50.1
5537 0.0 30 0 0 4937 0.4 20 0 0 120 62.3 50.2 50.2
5537 0.0 30 0 0 4937 0.4 20 0 0 150 62.4 50.0 50.0
5537 0.0 30 0 0 4937 0.4 20 0 0 180 62.6 49.7 49.7
5537 0.0 30 0 0 4937 0.4 30 0 0 0 62.2 48.9 48.9
5537 0.0 30 0 0 4937 0.4 30 0 0 30 62.3 48.9 48.9
5537 0.0 30 0 0 4937 0.4 30 0 0 60 62.6 48.9 48.9
5537 0.0 30 0 0 4937 0.4 30 0 0 90 62.4 48.8 48.8
5537 0.0 30 0 0 4937 0.4 30 0 0 120 62.0 48.9 48.9
5537 0.0 30 0 0 4937 0.4 30 0 0 150 62.1 48.8 48.8
5537 0.0 30 0 0 4937 0.4 30 0 0 180 62.3 48.6 48.6
5537 0.0 30 0 0 4937 0.4 40 0 0 0 61.7 48.9 48.9
5537 0.0 30 0 0 4937 0.4 40 0 0 30 61.9 48.8 48.8
5537 0.0 30 0 0 4937 0.4 40 0 0 60 62.1 48.8 48.8
5537 0.0 30 0 0 4937 0.4 40 0 0 90 61.9 48.9 48.9
5537 0.0 30 0 0 4937 0.4 40 0 0 120 61.5 48.9 48.9
5537 0.0 30 0 0 4937 0.4 40 0 0 150 61.6 48.7 48.7
5537 0.0 30 0 0 4937 0.4 40 0 0 180 61.8 48.5 48.5
5537 0.0 30 0 0 4937 0.4 50 0 0 0 60.9 49.1 49.1
5537 0.0 30 0 0 4937 0.4 50 0 0 30 61.1 49.1 49.1
5537 0.0 30 0 0 4937 0.4 50 0 0 60 61.3 49.2 49.2
5537 0.0 30 0 0 4937 0.4 50 0 0 90 61.2 49.2 49.2
5537 0.0 30 0 0 4937 0.4 50 0 0 120 60.7 49.3 49.3
5537 0.0 30 0 0 4937 0.4 50 0 0 150 60.9 49.1 49.1
5537 0.0 30 0 0 4937 0.4 50 0 0 180 61.1 49.0 49.0
5537 0.0 30 0 0 4937 0.4 60 0 0 0 59.3 49.8 49.8
5537 0.0 30 0 0 4937 0.4 60 0 0 30 59.5 49.8 49.8
5537 0.0 30 0 0 4937 0.4 60 0 0 60 59.7 49.8 49.8
5537 0.0 30 0 0 4937 0.4 60 0 0 90 59.7 49.9 49.9
5537 0.0 30 0 0 4937 0.4 60 0 0 120 59.2 50.0 50.0
5537 0.0 30 0 0 4937 0.4 60 0 0 150 59.6 49.9 49.9
5537 0.0 30 0 0 4937 0.4 60 0 0 180 59.8 50.0 50.0
5537 0.0 30 0 0 4937 0.5 0 0 0 0 62.6 52.0 52.0
5537 0.0 30 0 0 4937 0.5 0 0 0 30 62.8 52.1 52.1
5537 0.0 30 0 0 4937 0.5 0 0 0 60 63.0 52.0 52.0
5537 0.0 30 0 0 4937 0.5 0 0 0 90 63.2 52.0 52.0
5537 0.0 30 0 0 4937 0.5 0 0 0 120 62.5 52.2 52.2
5537 0.0 30 0 0 4937 0.5 0 0 0 150 62.9 52.0 52.0
5537 0.0 30 0 0 4937 0.5 0 0 0 180 62.8 51.7 51.7
5537 0.0 30 0 0 4937 0.5 10 0 0 0 62.6 51.2 51.2
5537 0.0 30 0 0 4937 0.5 10 0 0 30 62.7 51.3 51.3
5537 0.0 30 0 0 4937 0.5 10 0 0 60 62.9 51.3 51.3
5537 0.0 30 0 0 4937 0.5 10 0 0 90 63.1 51.3 51.3
5537 0.0 30 0 0 4937 0.5 10 0 0 120 62.4 51.5 51.5
5537 0.0 30 0 0 4937 0.5 10 0 0 150 62.8 51.2 51.2
5537 0.0 30 0 0 4937 0.5 10 0 0 180 62.7 51.0 51.0
5537 0.0 30 0 0 4937 0.5 20 0 0 0 62.4 49.9 49.9
5537 0.0 30 0 0 4937 0.5 20 0 0 30 62.5 50.0 50.0
5537 0.0 30 0 0 4937 0.5 20 0 0 60 62.8 49.9 49.9
5537 0.0 30 0 0 4937 0.5 20 0 0 90 63.0 49.9 49.9
5537 0.0 30 0 0 4937 0.5 20 0 0 120 62.2 50.1 50.1
5537 0.0 30 0 0 4937 0.5 20 0 0 150 62.7 49.7 49.7
5537 0.0 30 0 0 4937 0.5 20 0 0 180 62.6 49.6 49.6
5537 0.0 30 0 0 4937 0.5 30 0 0 0 62.1 49.3 49.3
5537 0.0 30 0 0 4937 0.5 30 0 0 30 62.2 49.3 49.3
5537 0.0 30 0 0 4937 0.5 30 0 0 60 62.4 49.3 49.3
5537 0.0 30 0 0 4937 0.5 30 0 0 90 62.7 49.2 49.2
5537 0.0 30 0 0 4937 0.5 30 0 0 120 61.9 49.3 49.3
5537 0.0 30 0 0 4937 0.5 30 0 0 150 62.4 49.1 49.1
5537 0.0 30 0 0 4937 0.5 30 0 0 180 62.3 48.9 48.9
5537 0.0 30 0 0 4937 0.5 40 0 0 0 61.5 49.2 49.2
5537 0.0 30 0 0 4937 0.5 40 0 0 30 61.7 49.2 49.2
5537 0.0 30 0 0 4937 0.5 40 0 0 60 62.0 49.2 49.2
5537 0.0 30 0 0 4937 0.5 40 0 0 90 62.2 49.1 49.1
5537 0.0 30 0 0 4937 0.5 40 0 0 120 61.4 49.2 49.2
5537 0.0 30 0 0 4937 0.5 40 0 0 150 61.9 48.9 48.9
5537 0.0 30 0 0 4937 0.5 40 0 0 180 61.9 48.8 48.8
5537 0.0 30 0 0 4937 0.5 50 0 0 0 60.6 49.3 49.3
5537 0.0 30 0 0 4937 0.5 50 0 0 30 60.8 49.2 49.2
5537 0.0 30 0 0 4937 0.5 50 0 0 60 61.2 49.2 49.2
5537 0.0 30 0 0 4937 0.5 50 0 0 90 61.4 49.2 49.2
5537 0.0 30 0 0 4937 0.5 50 0 0 120 60.5 49.7 49.7
5537 0.0 30 0 0 4937 0.5 50 0 0 150 61.2 49.4 49.4
5537 0.0 30 0 0 4937 0.5 50 0 0 180 61.2 49.1 49.1
5537 0.0 30 0 0 4937 0.5 60 0 0 0 59.0 49.8 49.8
5537 0.0 30 0 0 4937 0.5 60 0 0 30 59.2 49.8 49.8
5537 0.0 30 0 0 4937 0.5 60 0 0 60 59.5 49.8 49.8
5537 0.0 30 0 0 4937 0.5 60 0 0 90 59.7 49.7 49.7
5537 0.0 30 0 0 4937 0.5 60 0 0 120 59.0 50.0 50.0
5537 0.0 30 0 0 4937 0.5 60 0 0 150 59.6 49.8 49.8
5537 0.0 30 0 0 4937 0.5 60 0 0 180 59.9 49.8 49.8
5537 0.0 30 0 0 5137 0.0 0 0 0 0 63.2 54.5 54.5
5537 0.0 30 0 0 5137 0.0 0 0 0 30 63.5 54.7 54.7
5537 0.0 30 0 0 5137 0.0 0 0 0 60 63.7 54.7 54.7
5537 0.0 30 0 0 5137 0.0 0 0 0 90 63.7 54.6 54.6
5537 0.0 30 0 0 5137 0.0 0 0 0 120 63.4 54.3 54.3
5537 0.0 30 0 0 5137 0.0 0 0 0 150 63.1 54.0 54.0
5537 0.0 30 0 0 5137 0.0 0 0 0 180 62.8 53.6 53.6
5537 0.0 30 0 0 5137 0.0 10 0 0 0 63.1 53.9 53.9
5537 0.0 30 0 0 5137 0.0 10 0 0 30 63.4 54.2 54.2
5537 0.0 30 0 0 5137 0.0 10 0 0 60 63.6 54.2 54.2
5537 0.0 30 0 0 5137 0.0 10 0 0 90 63.6 54.2 54.2
5537 0.0 30 0 0 5137 0.0 10 0 0 120 63.4 53.9 53.9
5537 0.0 30 0 0 5137 0.0 10 0 0 150 63.0 53.6 53.6
5537 0.0 30 0 0 5137 0.0 10 0 0 180 62.7 53.3 53.3
5537 0.0 30 0 0 5137 0.0 20 0 0 0 62.9 52.6 52.6
5537 0.0 30 0 0 5137 0.0 20 0 0 30 63.3 52.8 52.8
5537 0.0 30 0 0 5137 0.0 20 0 0 60 63.5 53.0 53.0
5537 0.0 30 0 0 5137 0.0 20 0 0 90 63.4 53.0 53.0
5537 0.0 30 0 0 5137 0.0 20 0 0 120 63.3 52.7 52.7
5537 0.0 30 0 0 5137 0.0 20 0 0 150 62.9 52.4 52.4
5537 0.0 30 0 0 5137 0.0 20 0 0 180 62.5 52.2 52.2
5537 0.0 30 0 0 5137 0.0 30 0 0 0 62.6 49.5 49.5
5537 0.0 30 0 0 5137 0.0 30 0 0 30 63.0 49.6 49.6
5537 0.0 30 0 0 5137 0.0 30 0 0 60 63.2 49.7 49.7
5537 0.0 30 0 0 5137 0.0 30 0 0 90 63.1 49.8 49.8
5537 0.0 30 0 0 5137 0.0 30 0 0 120 63.0 49.6 49.6
5537 0.0 30 0 0 5137 0.0 30 0 0 150 62.5 49.3 49.3
5537 0.0 30 0 0 5137 0.0 30 0 0 180 62.2 49.1 49.1
5537 0.0 30 0 0 5137 0.0 40 0 0 0 62.2 49.1 49.1
5537 0.0 30 0 0 5137 0.0 40 0 0 30 62.6 49.3 49.3
5537 0.0 30 0 0 5137 0.0 40 0 0 60 62.7 49.4 49.4
5537 0.0 30 0 0 5137 0.0 40 0 0 90 62.7 49.5 49.5
5537 0.0 30 0 0 5137 0.0 40 0 0 120 62.6 49.3 49.3
5537 0.0 30 0 0 5137 0.0 40 0 0 150 62.1 49.1 49.1
5537 0.0 30 0 0 5137 0.0 40 0 0 180 61.7 48.9 48.9
5537 0.0 30 0 0 5137 0.0 50 0 0 0 61.5 49.9 49.9
5537 0.0 30 0 0 5137 0.0 50 0 0 30 61.9 50.1 50.1
5537 0.0 30 0 0 5137 0.0 50 0 0 60 62.0 50.3 50.3
5537 0.0 30 0 0 5137 0.0 50 0 0 90 62.0 50.3 50.3
5537 0.0 30 0 0 5137 0.0 50 0 0 120 61.8 50.1 50.1
5537 0.0 30 0 0 5137 0.0 50 0 0 150 61.4 49.9 49.9
5537 0.0 30 0 0 5137 0.0 50 0 0 180 61.0 49.6 49.6
5537 0.0 30 0 0 5137 0.0 60 0 0 0 60.4 51.1 51.1
5537 0.0 30 0 0 5137 0.0 60 0 0 30 60.8 51.5 51.5
5537 0.0 30 0 0 5137 0.0 60 0 0 60 60.9 51.8 51.8
5537 0.0 30 0 0 5137 0.0 60 0 0 90 60.8 52.0 52.0
5537 0.0 30 0 0 5137 0.0 60 0 0 120 60.5 51.8 51.8
5537 0.0 30 0 0 5137 0.0 60 0 0 150 60.2 51.5 51.5
5537 0.0 30 0 0 5137 0.0 60 0 0 180 59.9 51.3 51.3
5537 0.0 30 0 0 5137 0.1 0 0 0 0 63.2 54.3 54.3
5537 0.0 30 0 0 5137 0.1 0 0 0 30 63.5 54.5 54.5
5537 0.0 30 0 0 5137 0.1 0 0 0 60 63.7 54.5 54.5
5537 0.0 30 0 0 5137 0.1 0 0 0 90 63.6 54.5 54.5
5537 0.0 30 0 0 5137 0.1 0 0 0 120 63.5 54.2 54.2
5537 0.0 30 0 0 5137 0.1 0 0 0 150 63.2 53.8 53.8
5537 0.0 30 0 0 5137 0.1 0 0 0 180 62.7 53.4 53.4
5537 0.0 30 0 0 5137 0.1 10 0 0 0 63.2 53.7 53.7
5537 0.0 30 0 0 5137 0.1 10 0 0 30 63.4 54.0 54.0
5537 0.0 30 0 0 5137 0.1 10 0 0 60 63.6 54.1 54.1
5537 0.0 30 0 0 5137 0.1 10 0 0 90 63.6 54.0 54.0
5537 0.0 30 0 0 5137 0.1 10 0 0 120 63.5 53.9 53.9
5537 0.0 30 0 0 5137 0.1 10 0 0 150 63.2 53.6 53.6
5537 0.0 30 0 0 5137 0.1 10 0 0 180 62.7 53.1 53.1
5537 0.0 30 0 0 5137 0.1 20 0 0 0 63.0 52.4 52.4
5537 0.0 30 0 0 5137 0.1 20 0 0 30 63.2 52.7 52.7
5537 0.0 30 0 0 5137 0.1 20 0 0 60 63.5 52.8 52.8
5537 0.0 30 0 0 5137 0.1 20 0 0 90 63.4 52.8 52.8
5537 0.0 30 0 0 5137 0.1 20 0 0 120 63.3 52.7 52.7
5537 0.0 30 0 0 5137 0.1 20 0 0 150 63.0 52.3 52.3
5537 0.0 30 0 0 5137 0.1 20 0 0 180 62.5 51.9 51.9
5537 0.0 30 0 0 5137 0.1 30 0 0 0 62.7 49.3 49.3
5537 0.0 30 0 0 5137 0.1 30 0 0 30 63.0 49.5 49.5
5537 0.0 30 0 0 5137 0.1 30 0 0 60 63.2 49.6 49.6
5537 0.0 30 0 0 5137 0.1 30 0 0 90 63.2 49.6 49.6
5537 0.0 30 0 0 5137 0.1 30 0 0 120 63.0 49.5 49.5
5537 0.0 30 0 0 5137 0.1 30 0 0 150 62.6 49.2 49.2
5537 0.0 30 0 0 5137 0.1 30 0 0 180 62.2 48.9 48.9
5537 0.0 30 0 0 5137 0.1 40 0 0 0 62.2 49.1 49.1
5537 0.0 30 0 0 5137 0.1 40 0 0 30 62.6 49.2 49.2
5537 0.0 30 0 0 5137 0.1 40 0 0 60 62.7 49.4 49.4
5537 0.0 30 0 0 5137 0.1 40 0 0 90 62.7 49.5 49.5
5537 0.0 30 0 0 5137 0.1 40 0 0 120 62.6 49.2 49.2
5537 0.0 30 0 0 5137 0.1 40 0 0 150 62.1 49.0 49.0
5537 0.0 30 0 0 5137 0.1 40 0 0 180 61.7 48.7 48.7
5537 0.0 30 0 0 5137 0.1 50 0 0 0 61.5 49.8 49.8
5537 0.0 30 0 0 5137 0.1 50 0 0 30 61.9 50.0 50.0
5537 0.0 30 0 0 5137 0.1 50 0 0 60 61.9 50.1 50.1
5537 0.0 30 0 0 5137 0.1 50 0 0 90 62.0 50.2 50.2
5537 0.0 30 0 0 5137 0.1 50 0 0 120 61.9 49.9 49.9
5537 0.0 30 0 0 5137 0.1 50 0 0 150 61.4 49.7 49.7
5537 0.0 30 0 0 5137 0.1 50 0 0 180 61.0 49.4 49.4
5537 0.0 30 0 0 5137 0.1 60 0 0 0 60.4 51.0 51.0
5537 0.0 30 0 0 5137 0.1 60 0 0 30 60.8 51.1 51.1
5537 0.0 30 0 0 5137 0.1 60 0 0 60 60.8 51.5 51.5
5537 0.0 30 0 0 5137 0.1 60 0 0 90 60.8 51.6 51.6
5537 0.0 30 0 0 5137 0.1 60 0 0 120 60.7 51.5 51.5
5537 0.0 30 0 0 5137 0.1 60 0 0 150 60.2 51.3 51.3
5537 0.0 30 0 0 5137 0.1 60 0 0 180 59.8 51.0 51.0
5537 0.0 30 0 0 5137 0.2 0 0 0 0 63.2 54.1 54.1
5537 0.0 30 0 0 5137 0.2 0 0 0 30 63.5 54.2 54.2
5537 0.0 30 0 0 5137 0.2 0 0 0 60 63.6 54.3 54.3
5537 0.0 30 0 0 5137 0.2 0 0 0 90 63.7 54.3 54.3
5537 0.0 30 0 0 5137 0.2 0 0 0 120 63.7 54.2 54.2
5537 0.0 30 0 0 5137 0.2 0 0 0 150 63.3 53.8 53.8
5537 0.0 30 0 0 5137 0.2 0 0 0 180 62.7 53.2 53.2
5537 0.0 30 0 0 5137 0.2 10 0 0 0 63.2 53.6 53.6
5537 0.0 30 0 0 5137 0.2 10 0 0 30 63.4 53.7 53.7
5537 0.0 30 0 0 5137 0.2 10 0 0 60 63.6 53.9 53.9
5537 0.0 30 0 0 5137 0.2 10 0 0 90 63.6 53.8 53.8
5537 0.0 30 0 0 5137 0.2 10 0 0 120 63.6 53.7 53.7
5537 0.0 30 0 0 5137 0.2 10 0 0 150 63.2 53.4 53.4
5537 0.0 30 0 0 5137 0.2 10 0 0 180 62.7 52.9 52.9
5537 0.0 30 0 0 5137 0.2 20 0 0 0 63.0 52.2 52.2
5537 0.0 30 0 0 5137 0.2 20 0 0 30 63.3 52.4 52.4
5537 0.0 30 0 0 5137 0.2 20 0 0 60 63.4 52.6 52.6
5537 0.0 30 0 0 5137 0.2 20 0 0 90 63.5 52.6 52.6
5537 0.0 30 0 0 5137 0.2 20 0 0 120 63.5 52.5 52.5
5537 0.0 30 0 0 5137 0.2 20 0 0 150 63.0 52.1 52.1
5537 0.0 30 0 0 5137 0.2 20 0 0 180 62.5 51.6 51.6
5537 0.0 30 0 0 5137 0.2 30 0 0 0 62.7 49.3 49.3
5537 0.0 30 0 0 5137 0.2 30 0 0 30 63.0 49.5 49.5
5537 0.0 30 0 0 5137 0.2 30 0 0 60 63.1 49.6 49.6
5537 0.0 30 0 0 5137 0.2 30 0 0 90 63.2 49.6 49.6
5537 0.0 30 0 0 5137 0.2 30 0 0 120 63.2 49.5 49.5
5537 0.0 30 0 0 5137 0.2 30 0 0 150 62.7 49.2 49.2
5537 0.0 30 0 0 5137 0.2 30 0 0 180 62.2 48.7 48.7
5537 0.0 30 0 0 5137 0.2 40 0 0 0 62.3 49.2 49.2
5537 0.0 30 0 0 5137 0.2 40 0 0 30 62.6 49.2 49.2
5537 0.0 30 0 0 5137 0.2 40 0 0 60 62.6 49.5 49.5
5537 0.0 30 0 0 5137 0.2 40 0 0 90 62.7 49.3 49.3
5537 0.0 30 0 0 5137 0.2 40 0 0 120 62.7 49.2 49.2
5537 0.0 30 0 0 5137 0.2 40 0 0 150 62.2 49.0 49.0
5537 0.0 30 0 0 5137 0.2 40 0 0 180 61.7 48.5 48.5
5537 0.0 30 0 0 5137 0.2 50 0 0 0 61.6 49.6 49.6
5537 0.0 30 0 0 5137 0.2 50 0 0 30 61.9 49.8 49.8
5537 0.0 30 0 0 5137 0.2 50 0 0 60 61.9 50.2 50.2
5537 0.0 30 0 0 5137 0.2 50 0 0 90 62.0 50.1 50.1
5537 0.0 30 0 0 5137 0.2 50 0 0 120 61.9 50.0 50.0
5537 0.0 30 0 0 5137 0.2 50 0 0 150 61.4 49.9 49.9
5537 0.0 30 0 0 5137 0.2 50 0 0 180 61.0 49.3 49.3
5537 0.0 30 0 0 5137 0.2 60 0 0 0 60.5 50.7 50.7
5537 0.0 30 0 0 5137 0.2 60 0 0 30 60.8 50.8 50.8
5537 0.0 30 0 0 5137 0.2 60 0 0 60 60.8 51.3 51.3
5537 0.0 30 0 0 5137 0.2 60 0 0 90 60.8 51.2 51.2
5537 0.0 30 0 0 5137 0.2 60 0 0 120 60.6 51.4 51.4
5537 0.0 30 0 0 5137 0.2 60 0 0 150 60.1 51.3 51.3
5537 0.0 30 0 0 5137 0.2 60 0 0 180 59.8 50.8 50.8
5537 0.0 30 0 0 5137 0.3 0 0 0 0 63.3 53.8 53.8
5537 0.0 30 0 0 5137 0.3 0 0 0 30 63.5 53.9 53.9
5537 0.0 30 0 0 5137 0.3 0 0 0 60 63.6 54.1 54.1
5537 0.0 30 0 0 5137 0.3 0 0 0 90 63.7 54.1 54.1
5537 0.0 30 0 0 5137 0.3 0 0 0 120 63.7 54.0 54.0
5537 0.0 30 0 0 5137 0.3 0 0 0 150 63.3 53.7 53.7
5537 0.0 30 0 0 5137 0.3 0 0 0 180 62.7 53.0 53.0
5537 0.0 30 0 0 5137 0.3 10 0 0 0 63.2 53.3 53.3
5537 0.0 30 0 0 5137 0.3 10 0 0 30 63.5 53.3 53.3
5537 0.0 30 0 0 5137 0.3 10 0 0 60 63.5 53.6 53.6
5537 0.0 30 0 0 5137 0.3 10 0 0 90 63.7 53.6 53.6
5537 0.0 30 0 0 5137 0.3 10 0 0 120 63.6 53.6 53.6
5537 0.0 30 0 0 5137 0.3 10 0 0 150 63.2 53.3 53.3
5537 0.0 30 0 0 5137 0.3 10 0 0 180 62.6 52.5 52.5
5537 0.0 30 0 0 5137 0.3 20 0 0 0 63.1 51.9 51.9
5537 0.0 30 0 0 5137 0.3 20 0 0 30 63.3 52.0 52.0
5537 0.0 30 0 0 5137 0.3 20 0 0 60 63.4 52.2 52.2
5537 0.0 30 0 0 5137 0.3 20 0 0 90 63.5 52.2 52.2
5537 0.0 30 0 0 5137 0.3 20 0 0 120 63.5 52.3 52.3
5537 0.0 30 0 0 5137 0.3 20 0 0 150 63.0 52.0 52.0
5537 0.0 30 0 0 5137 0.3 20 0 0 180 62.5 51.3 51.3
5537 0.0 30 0 0 5137 0.3 30 0 0 0 62.8 49.6 49.6
5537 0.0 30 0 0 5137 0.3 30 0 0 30 63.0 49.6 49.6
5537 0.0 30 0 0 5137 0.3 30 0 0 60 63.1 49.8 49.8
5537 0.0 30 0 0 5137 0.3 30 0 0 90 63.2 49.7 49.7
5537 0.0 30 0 0 5137 0.3 30 0 0 120 63.1 49.7 49.7
5537 0.0 30 0 0 5137 0.3 30 0 0 150 62.7 49.4 49.4
5537 0.0 30 0 0 5137 0.3 30 0 0 180 62.2 48.7 48.7
5537 0.0 30 0 0 5137 0.3 40 0 0 0 62.4 49.4 49.4
5537 0.0 30 0 0 5137 0.3 40 0 0 30 62.5 49.5 49.5
5537 0.0 30 0 0 5137 0.3 40 0 0 60 62.7 49.6 49.6
5537 0.0 30 0 0 5137 0.3 40 0 0 90 62.7 49.7 49.7
5537 0.0 30 0 0 5137 0.3 40 0 0 120 62.7 49.6 49.6
5537 0.0 30 0 0 5137 0.3 40 0 0 150 62.2 49.3 49.3
5537 0.0 30 0 0 5137 0.3 40 0 0 180 61.7 48.6 48.6
5537 0.0 30 0 0 5137 0.3 50 0 0 0 61.7 49.6 49.6
5537 0.0 30 0 0 5137 0.3 50 0 0 30 61.8 49.9 49.9
5537 0.0 30 0 0 5137 0.3 50 0 0 60 62.0 50.0 50.0
5537 0.0 30 0 0 5137 0.3 50 0 0 90 61.9 50.1 50.1
5537 0.0 30 0 0 5137 0.3 50 0 0 120 61.9 50.2 50.2
5537 0.0 30 0 0 5137 0.3 50 0 0 150 61.4 49.9 49.9
5537 0.0 30 0 0 5137 0.3 50 0 0 180 61.0 49.2 49.2
5537 0.0 30 0 0 5137 0.3 60 0 0 0 60.6 50.4 50.4
5537 0.0 30 0 0 5137 0.3 60 0 0 30 60.7 50.6 50.6
5537 0.0 30 0 0 5137 0.3 60 0 0 60 60.7 50.9 50.9
5537 0.0 30 0 0 5137 0.3 60 0 0 90 60.7 51.0 51.0
5537 0.0 30 0 0 5137 0.3 60 0 0 120 60.5 51.1 51.1
5537 0.0 30 0 0 5137 0.3 60 0 0 150 60.0 51.2 51.2
5537 0.0 30 0 0 5137 0.3 60 0 0 180 59.8 50.5 50.5
5537 0.0 30 0 0 5137 0.4 0 0 0 0 63.3 53.5 53.5
5537 0.0 30 0 0 5137 0.4 0 0 0 30 63.5 53.6 53.6
5537 0.0 30 0 0 5137 0.4 0 0 0 60 63.7 53.7 53.7
5537 0.0 30 0 0 5137 0.4 0 0 0 90 63.7 53.9 53.9
5537 0.0 30 0 0 5137 0.4 0 0 0 120 63.7 53.8 53.8
5537 0.0 30 0 0 5137 0.4 0 0 0 150 63.4 53.5 53.5
5537 0.0 30 0 0 5137 0.4 0 0 0 180 62.6 52.6 52.6
5537 0.0 30 0 0 5137 0.4 10 0 0 0 63.3 53.0 53.0
5537 0.0 30 0 0 5137 0.4 10 0 0 30 63.4 53.1 53.1
5537 0.0 30 0 0 5137 0.4 10 0 0 60 63.6 53.3 53.3
5537 0.0 30 0 0 5137 0.4 10 0 0 90 63.6 53.3 53.3
5537 0.0 30 0 0 5137 0.4 10 0 0 120 63.7 53.3 53.3
5537 0.0 30 0 0 5137 0.4 10 0 0 150 63.3 53.0 53.0
5537 0.0 30 0 0 5137 0.4 10 0 0 180 62.6 52.2 52.2
5537 0.0 30 0 0 5137 0.4 20 0 0 0 63.1 51.3 51.3
5537 0.0 30 0 0 5137 0.4 20 0 0 30 63.2 51.3 51.3
5537 0.0 30 0 0 5137 0.4 20 0 0 60 63.4 51.5 51.5
5537 0.0 30 0 0 5137 0.4 20 0 0 90 63.4 51.6 51.6
5537 0.0 30 0 0 5137 0.4 20 0 0 120 63.5 51.5 51.5
5537 0.0 30 0 0 5137 0.4 20 0 0 150 63.2 51.2 51.2
5537 0.0 30 0 0 5137 0.4 20 0 0 180 62.4 50.5 50.5
5537 0.0 30 0 0 5137 0.4 30 0 0 0 62.9 49.7 49.7
5537 0.0 30 0 0 5137 0.4 30 0 0 30 62.9 49.8 49.8
5537 0.0 30 0 0 5137 0.4 30 0 0 60 63.1 49.9 49.9
5537 0.0 30 0 0 5137 0.4 30 0 0 90 63.1 50.0 50.0
5537 0.0 30 0 0 5137 0.4 30 0 0 120 63.2 50.0 50.0
5537 0.0 30 0 0 5137 0.4 30 0 0 150 62.8 49.7 49.7
5537 0.0 30 0 0 5137 0.4 30 0 0 180 62.1 48.9 48.9
5537 0.0 30 0 0 5137 0.4 40 0 0 0 62.4 49.5 49.5
5537 0.0 30 0 0 5137 0.4 40 0 0 30 62.5 49.6 49.6
5537 0.0 30 0 0 5137 0.4 40 0 0 60 62.6 49.8 49.8
5537 0.0 30 0 0 5137 0.4 40 0 0 90 62.7 49.9 49.9
5537 0.0 30 0 0 5137 0.4 40 0 0 120 62.7 49.9 49.9
5537 0.0 30 0 0 5137 0.4 40 0 0 150 62.3 49.6 49.6
5537 0.0 30 0 0 5137 0.4 40 0 0 180 61.7 48.8 48.8
5537 0.0 30 0 0 5137 0.4 50 0 0 0 61.7 49.6 49.6
5537 0.0 30 0 0 5137 0.4 50 0 0 30 61.8 49.9 49.9
5537 0.0 30 0 0 5137 0.4 50 0 0 60 61.9 50.1 50.1
5537 0.0 30 0 0 5137 0.4 50 0 0 90 61.9 50.3 50.3
5537 0.0 30 0 0 5137 0.4 50 0 0 120 61.9 50.4 50.4
5537 0.0 30 0 0 5137 0.4 50 0 0 150 61.4 50.0 50.0
5537 0.0 30 0 0 5137 0.4 50 0 0 180 60.9 49.2 49.2
5537 0.0 30 0 0 5137 0.4 60 0 0 0 60.6 50.2 50.2
5537 0.0 30 0 0 5137 0.4 60 0 0 30 60.6 50.5 50.5
5537 0.0 30 0 0 5137 0.4 60 0 0 60 60.7 50.7 50.7
5537 0.0 30 0 0 5137 0.4 60 0 0 90 60.5 50.8 50.8
5537 0.0 30 0 0 5137 0.4 60 0 0 120 60.3 51.0 51.0
5537 0.0 30 0 0 5137 0.4 60 0 0 150 59.9 51.0 51.0
5537 0.0 30 0 0 5137 0.4 60 0 0 180 59.5 50.3 50.3
5537 0.0 30 0 0 5137 0.5 0 0 0 0 63.4 53.0 53.0
5537 0.0 30 0 0 5137 0.5 0 0 0 30 63.4 53.1 53.1
5537 0.0 30 0 0 5137 0.5 0 0 0 60 63.6 53.3 53.3
5537 0.0 30 0 0 5137 0.5 0 0 0 90 63.7 53.4 53.4
5537 0.0 30 0 0 5137 0.5 0 0 0 120 63.6 53.3 53.3
5537 0.0 30 0 0 5137 0.5 0 0 0 150 63.3 52.9 52.9
5537 0.0 30 0 0 5137 0.5 0 0 0 180 62.6 52.1 52.1
5537 0.0 30 0 0 5137 0.5 10 0 0 0 63.4 52.5 52.5
5537 0.0 30 0 0 5137 0.5 10 0 0 30 63.4 52.6 52.6
5537 0.0 30 0 0 5137 0.5 10 0 0 60 63.5 52.7 52.7
5537 0.0 30 0 0 5137 0.5 10 0 0 90 63.7 52.8 52.8
5537 0.0 30 0 0 5137 0.5 10 0 0 120 63.6 52.7 52.7
5537 0.0 30 0 0 5137 0.5 10 0 0 150 63.3 52.4 52.4
5537 0.0 30 0 0 5137 0.5 10 0 0 180 62.5 51.6 51.6
5537 0.0 30 0 0 5137 0.5 20 0 0 0 63.2 50.9 50.9
5537 0.0 30 0 0 5137 0.5 20 0 0 30 63.2 51.0 51.0
5537 0.0 30 0 0 5137 0.5 20 0 0 60 63.4 51.0 51.0
5537 0.0 30 0 0 5137 0.5 20 0 0 90 63.5 51.2 51.2
5537 0.0 30 0 0 5137 0.5 20 0 0 120 63.4 51.1 51.1
5537 0.0 30 0 0 5137 0.5 20 0 0 150 63.1 50.9 50.9
5537 0.0 30 0 0 5137 0.5 20 0 0 180 62.4 49.9 49.9
5537 0.0 30 0 0 5137 0.5 30 0 0 0 62.9 50.1 50.1
5537 0.0 30 0 0 5137 0.5 30 0 0 30 62.9 50.2 50.2
5537 0.0 30 0 0 5137 0.5 30 0 0 60 63.1 50.2 50.2
5537 0.0 30 0 0 5137 0.5 30 0 0 90 63.2 50.2 50.2
5537 0.0 30 0 0 5137 0.5 30 0 0 120 63.1 50.3 50.3
5537 0.0 30 0 0 5137 0.5 30 0 0 150 62.7 50.1 50.1
5537 0.0 30 0 0 5137 0.5 30 0 0 180 62.1 49.2 49.2
5537 0.0 30 0 0 5137 0.5 40 0 0 0 62.4 49.8 49.8
5537 0.0 30 0 0 5137 0.5 40 0 0 30 62.5 50.0 50.0
5537 0.0 30 0 0 5137 0.5 40 0 0 60 62.6 50.1 50.1
5537 0.0 30 0 0 5137 0.5 40 0 0 90 62.6 50.3 50.3
5537 0.0 30 0 0 5137 0.5 40 0 0 120 62.6 50.3 50.3
5537 0.0 30 0 0 5137 0.5 40 0 0 150 62.2 50.0 50.0
5537 0.0 30 0 0 5137 0.5 40 0 0 180 61.6 49.1 49.1
5537 0.0 30 0 0 5137 0.5 50 0 0 0 61.7 49.7 49.7
5537 0.0 30 0 0 5137 0.5 50 0 0 30 61.7 49.8 49.8
5537 0.0 30 0 0 5137 0.5 50 0 0 60 61.9 50.0 50.0
5537 0.0 30 0 0 5137 0.5 50 0 0 90 61.8 50.4 50.4
5537 0.0 30 0 0 5137 0.5 50 0 0 120 61.7 50.6 50.6
5537 0.0 30 0 0 5137 0.5 50 0 0 150 61.2 50.6 50.6
5537 0.0 30 0 0 5137 0.5 50 0 0 180 60.8 49.6 49.6
5537 0.0 30 0 0 5137 0.5 60 0 0 0 60.6 50.3 50.3
5537 0.0 30 0 0 5137 0.5 60 0 0 30 60.5 50.4 50.4
5537 0.0 30 0 0 5137 0.5 60 0 0 60 60.5 50.6 50.6
5537 0.0 30 0 0 5137 0.5 60 0 0 90 60.4 50.7 50.7
5537 0.0 30 0 0 5137 0.5 60 0 0 120 59.9 50.9 50.9
5537 0.0 30 0 0 5137 0.5 60 0 0 150 59.4 50.9 50.9
5537 0.0 30 0 0 5137 0.5 60 0 0 180 59.3 50.2 50.2
5537 0.0 30 0 0 5337 0.0 0 0 0 0 63.8 55.5 55.5
5537 0.0 30 0 0 5337 0.0 0 0 0 30 64.5 55.8 55.8
5537 0.0 30 0 0 5337 0.0 0 0 0 60 64.7 55.7 55.7
5537 0.0 30 0 0 5337 0.0 0 0 0 90 64.6 55.1 55.1
5537 0.0 30 0 0 5337 0.0 0 0 0 120 64.1 54.5 54.5
5537 0.0 30 0 0 5337 0.0 0 0 0 150 63.2 53.9 53.9
5537 0.0 30 0 0 5337 0.0 0 0 0 180 62.6 53.7 53.7
5537 0.0 30 0 0 5337 0.0 10 0 0 0 63.8 55.0 55.0
5537 0.0 30 0 0 5337 0.0 10 0 0 30 64.4 55.3 55.3
5537 0.0 30 0 0 5337 0.0 10 0 0 60 64.7 55.2 55.2
5537 0.0 30 0 0 5337 0.0 10 0 0 90 64.5 54.7 54.7
5537 0.0 30 0 0 5337 0.0 10 0 0 120 64.1 54.1 54.1
5537 0.0 30 0 0 5337 0.0 10 0 0 150 63.2 53.6 53.6
5537 0.0 30 0 0 5337 0.0 10 0 0 180 62.5 53.4 53.4
5537 0.0 30 0 0 5337 0.0 20 0 0 0 63.6 53.7 53.7
5537 0.0 30 0 0 5337 0.0 20 0 0 30 64.3 54.0 54.0
5537 0.0 30 0 0 5337 0.0 20 0 0 60 64.5 53.8 53.8
5537 0.0 30 0 0 5337 0.0 20 0 0 90 64.4 53.5 53.5
5537 0.0 30 0 0 5337 0.0 20 0 0 120 63.9 53.1 53.1
5537 0.0 30 0 0 5337 0.0 20 0 0 150 63.0 52.5 52.5
5537 0.0 30 0 0 5337 0.0 20 0 0 180 62.4 52.3 52.3
5537 0.0 30 0 0 5337 0.0 30 0 0 0 63.4 50.4 50.4
5537 0.0 30 0 0 5337 0.0 30 0 0 30 64.0 50.6 50.6
5537 0.0 30 0 0 5337 0.0 30 0 0 60 64.3 50.6 50.6
5537 0.0 30 0 0 5337 0.0 30 0 0 90 64.1 50.4 50.4
5537 0.0 30 0 0 5337 0.0 30 0 0 120 63.6 50.1 50.1
5537 0.0 30 0 0 5337 0.0 30 0 0 150 62.7 49.7 49.7
5537 0.0 30 0 0 5337 0.0 30 0 0 180 62.1 49.5 49.5
5537 0.0 30 0 0 5337 0.0 40 0 0 0 62.9 49.8 49.8
5537 0.0 30 0 0 5337 0.0 40 0 0 30 63.6 50.1 50.1
5537 0.0 30 0 0 5337 0.0 40 0 0 60 63.9 50.2 50.2
5537 0.0 30 0 0 5337 0.0 40 0 0 90 63.7 50.1 50.1
5537 0.0 30 0 0 5337 0.0 40 0 0 120 63.2 49.8 49.8
5537 0.0 30 0 0 5337 0.0 40 0 0 150 62.3 49.4 49.4
5537 0.0 30 0 0 5337 0.0 40 0 0 180 61.6 49.1 49.1
5537 0.0 30 0 0 5337 0.0 50 0 0 0 62.2 50.4 50.4
5537 0.0 30 0 0 5337 0.0 50 0 0 30 62.9 50.9 50.9
5537 0.0 30 0 0 5337 0.0 50 0 0 60 63.2 51.0 51.0
5537 0.0 30 0 0 5337 0.0 50 0 0 90 63.1 50.9 50.9
5537 0.0 30 0 0 5337 0.0 50 0 0 120 62.5 50.5 50.5
5537 0.0 30 0 0 5337 0.0 50 0 0 150 61.6 49.9 49.9
5537 0.0 30 0 0 5337 0.0 50 0 0 180 61.0 49.5 49.5
5537 0.0 30 0 0 5337 0.0 60 0 0 0 61.1 52.1 52.1
5537 0.0 30 0 0 5337 0.0 60 0 0 30 61.9 52.6 52.6
5537 0.0 30 0 0 5337 0.0 60 0 0 60 62.1 52.8 52.8
5537 0.0 30 0 0 5337 0.0 60 0 0 90 62.0 52.6 52.6
5537 0.0 30 0 0 5337 0.0 60 0 0 120 61.4 52.3 52.3
5537 0.0 30 0 0 5337 0.0 60 0 0 150 60.5 51.6 51.6
5537 0.0 30 0 0 5337 0.0 60 0 0 180 59.9 51.1 51.1
5537 0.0 30 0 0 5337 0.1 0 0 0 0 63.9 55.3 55.3
5537 0.0 30 0 0 5337 0.1 0 0 0 30 64.4 55.6 55.6
5537 0.0 30 0 0 5337 0.1 0 0 0 60 64.7 55.5 55.5
5537 0.0 30 0 0 5337 0.1 0 0 0 90 64.7 55.3 55.3
5537 0.0 30 0 0 5337 0.1 0 0 0 120 64.3 54.7 54.7
5537 0.0 30 0 0 5337 0.1 0 0 0 150 63.3 54.0 54.0
5537 0.0 30 0 0 5337 0.1 0 0 0 180 62.5 53.5 53.5
5537 0.0 30 0 0 5337 0.1 10 0 0 0 63.9 54.6 54.6
5537 0.0 30 0 0 5337 0.1 10 0 0 30 64.4 54.9 54.9
5537 0.0 30 0 0 5337 0.1 10 0 0 60 64.7 54.9 54.9
5537 0.0 30 0 0 5337 0.1 10 0 0 90 64.6 54.6 54.6
5537 0.0 30 0 0 5337 0.1 10 0 0 120 64.2 54.3 54.3
5537 0.0 30 0 0 5337 0.1 10 0 0 150 63.3 53.7 53.7
5537 0.0 30 0 0 5337 0.1 10 0 0 180 62.5 53.4 53.4
5537 0.0 30 0 0 5337 0.1 20 0 0 0 63.7 53.4 53.4
5537 0.0 30 0 0 5337 0.1 20 0 0 30 64.3 53.6 53.6
5537 0.0 30 0 0 5337 0.1 20 0 0 60 64.5 53.6 53.6
5537 0.0 30 0 0 5337 0.1 20 0 0 90 64.5 53.5 53.5
5537 0.0 30 0 0 5337 0.1 20 0 0 120 64.1 53.1 53.1
5537 0.0 30 0 0 5337 0.1 20 0 0 150 63.1 52.5 52.5
5537 0.0 30 0 0 5337 0.1 20 0 0 180 62.3 52.2 52.2
5537 0.0 30 0 0 5337 0.1 30 0 0 0 63.5 50.0 50.0
5537 0.0 30 0 0 5337 0.1 30 0 0 30 64.0 50.3 50.3
5537 0.0 30 0 0 5337 0.1 30 0 0 60 64.2 50.4 50.4
5537 0.0 30 0 0 5337 0.1 30 0 0 90 64.2 50.4 50.4
5537 0.0 30 0 0 5337 0.1 30 0 0 120 63.8 50.1 50.1
5537 0.0 30 0 0 5337 0.1 30 0 0 150 62.8 49.6 49.6
5537 0.0 30 0 0 5337 0.1 30 0 0 180 62.0 49.3 49.3
5537 0.0 30 0 0 5337 0.1 40 0 0 0 63.1 49.7 49.7
5537 0.0 30 0 0 5337 0.1 40 0 0 30 63.6 50.0 50.0
5537 0.0 30 0 0 5337 0.1 40 0 0 60 63.8 50.1 50.1
5537 0.0 30 0 0 5337 0.1 40 0 0 90 63.7 50.1 50.1
5537 0.0 30 0 0 5337 0.1 40 0 0 120 63.3 49.8 49.8
5537 0.0 30 0 0 5337 0.1 40 0 0 150 62.3 49.2 49.2
5537 0.0 30 0 0 5337 0.1 40 0 0 180 61.6 48.8 48.8
5537 0.0 30 0 0 5337 0.1 50 0 0 0 62.4 50.3 50.3
5537 0.0 30 0 0 5337 0.1 50 0 0 30 62.9 50.7 50.7
5537 0.0 30 0 0 5337 0.1 50 0 0 60 63.1 50.9 50.9
5537 0.0 30 0 0 5337 0.1 50 0 0 90 63.0 50.8 50.8
5537 0.0 30 0 0 5337 0.1 50 0 0 120 62.5 50.5 50.5
5537 0.0 30 0 0 5337 0.1 50 0 0 150 61.6 49.9 49.9
5537 0.0 30 0 0 5337 0.1 50 0 0 180 60.9 49.2 49.2
5537 0.0 30 0 0 5337 0.1 60 0 0 0 61.4 52.0 52.0
5537 0.0 30 0 0 5337 0.1 60 0 0 30 61.9 52.4 52.4
5537 0.0 30 0 0 5337 0.1 60 0 0 60 62.0 52.6 52.6
5537 0.0 30 0 0 5337 0.1 60 0 0 90 61.9 52.5 52.5
5537 0.0 30 0 0 5337 0.1 60 0 0 120 61.3 52.1 52.1
5537 0.0 30 0 0 5337 0.1 60 0 0 150 60.5 51.5 51.5
5537 0.0 30 0 0 5337 0.1 60 0 0 180 59.8 50.8 50.8
5537 0.0 30 0 0 5337 0.2 0 0 0 0 64.0 55.0 55.0
5537 0.0 30 0 0 5337 0.2 0 0 0 30 64.5 55.3 55.3
5537 0.0 30 0 0 5337 0.2 0 0 0 60 64.7 55.3 55.3
5537 0.0 30 0 0 5337 0.2 0 0 0 90 64.8 55.2 55.2
5537 0.0 30 0 0 5337 0.2 0 0 0 120 64.4 54.7 54.7
5537 0.0 30 0 0 5337 0.2 0 0 0 150 63.4 54.1 54.1
5537 0.0 30 0 0 5337 0.2 0 0 0 180 62.5 53.4 53.4
5537 0.0 30 0 0 5337 0.2 10 0 0 0 64.0 54.3 54.3
5537 0.0 30 0 0 5337 0.2 10 0 0 30 64.4 54.5 54.5
5537 0.0 30 0 0 5337 0.2 10 0 0 60 64.7 54.6 54.6
5537 0.0 30 0 0 5337 0.2 10 0 0 90 64.7 54.5 54.5
5537 0.0 30 0 0 5337 0.2 10 0 0 120 64.4 54.3 54.3
5537 0.0 30 0 0 5337 0.2 10 0 0 150 63.4 53.8 53.8
5537 0.0 30 0 0 5337 0.2 10 0 0 180 62.4 53.2 53.2
5537 0.0 30 0 0 5337 0.2 20 0 0 0 63.8 53.0 53.0
5537 0.0 30 0 0 5337 0.2 20 0 0 30 64.3 53.2 53.2
5537 0.0 30 0 0 5337 0.2 20 0 0 60 64.5 53.2 53.2
5537 0.0 30 0 0 5337 0.2 20 0 0 90 64.5 53.2 53.2
5537 0.0 30 0 0 5337 0.2 20 0 0 120 64.2 53.1 53.1
5537 0.0 30 0 0 5337 0.2 20 0 0 150 63.2 52.5 52.5
5537 0.0 30 0 0 5337 0.2 20 0 0 180 62.2 52.1 52.1
5537 0.0 30 0 0 5337 0.2 30 0 0 0 63.6 50.0 50.0
5537 0.0 30 0 0 5337 0.2 30 0 0 30 64.0 50.2 50.2
5537 0.0 30 0 0 5337 0.2 30 0 0 60 64.2 50.4 50.4
5537 0.0 30 0 0 5337 0.2 30 0 0 90 64.2 50.3 50.3
5537 0.0 30 0 0 5337 0.2 30 0 0 120 63.9 50.1 50.1
5537 0.0 30 0 0 5337 0.2 30 0 0 150 62.9 49.5 49.5
5537 0.0 30 0 0 5337 0.2 30 0 0 180 62.0 49.0 49.0
5537 0.0 30 0 0 5337 0.2 40 0 0 0 63.2 49.8 49.8
5537 0.0 30 0 0 5337 0.2 40 0 0 30 63.5 50.0 50.0
5537 0.0 30 0 0 5337 0.2 40 0 0 60 63.7 50.0 50.0
5537 0.0 30 0 0 5337 0.2 40 0 0 90 63.7 50.1 50.1
5537 0.0 30 0 0 5337 0.2 40 0 0 120 63.4 49.9 49.9
5537 0.0 30 0 0 5337 0.2 40 0 0 150 62.3 49.2 49.2
5537 0.0 30 0 0 5337 0.2 40 0 0 180 61.5 48.5 48.5
5537 0.0 30 0 0 5337 0.2 50 0 0 0 62.5 50.4 50.4
5537 0.0 30 0 0 5337 0.2 50 0 0 30 62.9 50.7 50.7
5537 0.0 30 0 0 5337 0.2 50 0 0 60 63.0 50.9 50.9
5537 0.0 30 0 0 5337 0.2 50 0 0 90 63.0 50.9 50.9
5537 0.0 30 0 0 5337 0.2 50 0 0 120 62.6 50.7 50.7
5537 0.0 30 0 0 5337 0.2 50 0 0 150 61.6 50.0 50.0
5537 0.0 30 0 0 5337 0.2 50 0 0 180 60.8 49.1 49.1
5537 0.0 30 0 0 5337 0.2 60 0 0 0 61.6 51.8 51.8
5537 0.0 30 0 0 5337 0.2 60 0 0 30 61.9 52.2 52.2
5537 0.0 30 0 0 5337 0.2 60 0 0 60 62.0 52.4 52.4
5537 0.0 30 0 0 5337 0.2 60 0 0 90 61.7 52.5 52.5
5537 0.0 30 0 0 5337 0.2 60 0 0 120 61.2 52.3 52.3
5537 0.0 30 0 0 5337 0.2 60 0 0 150 60.3 51.6 51.6
5537 0.0 30 0 0 5337 0.2 60 0 0 180 59.7 50.5 50.5
5537 0.0 30 0 0 5337 0.3 0 0 0 0 64.2 54.8 54.8
5537 0.0 30 0 0 5337 0.3 0 0 0 30 64.5 54.9 54.9
5537 0.0 30 0 0 5337 0.3 0 0 0 60 64.7 55.0 55.0
5537 0.0 30 0 0 5337 0.3 0 0 0 90 64.8 54.9 54.9
5537 0.0 30 0 0 5337 0.3 0 0 0 120 64.6 54.6 54.6
5537 0.0 30 0 0 5337 0.3 0 0 0 150 63.5 54.0 54.0
5537 0.0 30 0 0 5337 0.3 0 0 0 180 62.4 53.2 53.2
5537 0.0 30 0 0 5337 0.3 10 0 0 0 64.1 54.0 54.0
5537 0.0 30 0 0 5337 0.3 10 0 0 30 64.4 54.2 54.2
5537 0.0 30 0 0 5337 0.3 10 0 0 60 64.6 54.3 54.3
5537 0.0 30 0 0 5337 0.3 10 0 0 90 64.7 54.2 54.2
5537 0.0 30 0 0 5337 0.3 10 0 0 120 64.5 54.1 54.1
5537 0.0 30 0 0 5337 0.3 10 0 0 150 63.5 53.6 53.6
5537 0.0 30 0 0 5337 0.3 10 0 0 180 62.3 53.0 53.0
5537 0.0 30 0 0 5337 0.3 20 0 0 0 64.0 52.6 52.6
5537 0.0 30 0 0 5337 0.3 20 0 0 30 64.3 52.7 52.7
5537 0.0 30 0 0 5337 0.3 20 0 0 60 64.5 52.9 52.9
5537 0.0 30 0 0 5337 0.3 20 0 0 90 64.5 53.0 53.0
5537 0.0 30 0 0 5337 0.3 20 0 0 120 64.3 52.8 52.8
5537 0.0 30 0 0 5337 0.3 20 0 0 150 63.3 52.3 52.3
5537 0.0 30 0 0 5337 0.3 20 0 0 180 62.2 51.7 51.7
5537 0.0 30 0 0 5337 0.3 30 0 0 0 63.7 50.1 50.1
5537 0.0 30 0 0 5337 0.3 30 0 0 30 64.0 50.3 50.3
5537 0.0 30 0 0 5337 0.3 30 0 0 60 64.1 50.5 50.5
5537 0.0 30 0 0 5337 0.3 30 0 0 90 64.2 50.5 50.5
5537 0.0 30 0 0 5337 0.3 30 0 0 120 64.0 50.3 50.3
5537 0.0 30 0 0 5337 0.3 30 0 0 150 62.9 49.7 49.7
5537 0.0 30 0 0 5337 0.3 30 0 0 180 61.9 48.8 48.8
5537 0.0 30 0 0 5337 0.3 40 0 0 0 63.3 50.0 50.0
5537 0.0 30 0 0 5337 0.3 40 0 0 30 63.5 50.3 50.3
5537 0.0 30 0 0 5337 0.3 40 0 0 60 63.7 50.4 50.4
5537 0.0 30 0 0 5337 0.3 40 0 0 90 63.7 50.5 50.5
5537 0.0 30 0 0 5337 0.3 40 0 0 120 63.4 50.2 50.2
5537 0.0 30 0 0 5337 0.3 40 0 0 150 62.3 49.4 49.4
5537 0.0 30 0 0 5337 0.3 40 0 0 180 61.4 48.4 48.4
5537 0.0 30 0 0 5337 0.3 50 0 0 0 62.6 50.5 50.5
5537 0.0 30 0 0 5337 0.3 50 0 0 30 62.9 50.8 50.8
5537 0.0 30 0 0 5337 0.3 50 0 0 60 63.0 50.9 50.9
5537 0.0 30 0 0 5337 0.3 50 0 0 90 62.9 51.0 51.0
5537 0.0 30 0 0 5337 0.3 50 0 0 120 62.5 50.8 50.8
5537 0.0 30 0 0 5337 0.3 50 0 0 150 61.5 50.1 50.1
5537 0.0 30 0 0 5337 0.3 50 0 0 180 60.7 49.0 49.0
5537 0.0 30 0 0 5337 0.3 60 0 0 0 61.7 51.6 51.6
5537 0.0 30 0 0 5337 0.3 60 0 0 30 61.9 52.0 52.0
5537 0.0 30 0 0 5337 0.3 60 0 0 60 62.0 52.3 52.3
5537 0.0 30 0 0 5337 0.3 60 0 0 90 61.7 52.4 52.4
5537 0.0 30 0 0 5337 0.3 60 0 0 120 61.1 52.2 52.2
5537 0.0 30 0 0 5337 0.3 60 0 0 150 60.2 51.5 51.5
5537 0.0 30 0 0 5337 0.3 60 0 0 180 59.6 50.2 50.2
5537 0.0 30 0 0 5337 0.4 0 0 0 0 64.2 54.4 54.4
5537 0.0 30 0 0 5337 0.4 0 0 0 30 64.5 54.5 54.5
5537 0.0 30 0 0 5337 0.4 0 0 0 60 64.7 54.6 54.6
5537 0.0 30 0 0 5337 0.4 0 0 0 90 64.8 54.6 54.6
5537 0.0 30 0 0 5337 0.4 0 0 0 120 64.6 54.5 54.5
5537 0.0 30 0 0 5337 0.4 0 0 0 150 63.6 53.9 53.9
5537 0.0 30 0 0 5337 0.4 0 0 0 180 62.2 52.9 52.9
5537 0.0 30 0 0 5337 0.4 10 0 0 0 64.2 53.7 53.7
5537 0.0 30 0 0 5337 0.4 10 0 0 30 64.5 53.8 53.8
5537 0.0 30 0 0 5337 0.4 10 0 0 60 64.6 53.9 53.9
5537 0.0 30 0 0 5337 0.4 10 0 0 90 64.7 54.0 54.0
5537 0.0 30 0 0 5337 0.4 10 0 0 120 64.6 53.9 53.9
5537 0.0 30 0 0 5337 0.4 10 0 0 150 63.5 53.4 53.4
5537 0.0 30 0 0 5337 0.4 10 0 0 180 62.2 52.6 52.6
5537 0.0 30 0 0 5337 0.4 20 0 0 0 64.0 52.1 52.1
5537 0.0 30 0 0 5337 0.4 20 0 0 30 64.3 52.3 52.3
5537 0.0 30 0 0 5337 0.4 20 0 0 60 64.4 52.4 52.4
5537 0.0 30 0 0 5337 0.4 20 0 0 90 64.5 52.6 52.6
5537 0.0 30 0 0 5337 0.4 20 0 0 120 64.3 52.5 52.5
5537 0.0 30 0 0 5337 0.4 20 0 0 150 63.3 51.9 51.9
5537 0.0 30 0 0 5337 0.4 20 0 0 180 62.1 51.1 51.1
5537 0.0 30 0 0 5337 0.4 30 0 0 0 63.7 50.2 50.2
5537 0.0 30 0 0 5337 0.4 30 0 0 30 64.0 50.5 50.5
5537 0.0 30 0 0 5337 0.4 30 0 0 60 64.1 50.7 50.7
5537 0.0 30 0 0 5337 0.4 30 0 0 90 64.1 50.8 50.8
5537 0.0 30 0 0 5337 0.4 30 0 0 120 64.0 50.8 50.8
5537 0.0 30 0 0 5337 0.4 30 0 0 150 62.9 50.0 50.0
5537 0.0 30 0 0 5337 0.4 30 0 0 180 61.8 48.7 48.7
5537 0.0 30 0 0 5337 0.4 40 0 0 0 63.3 50.1 50.1
5537 0.0 30 0 0 5337 0.4 40 0 0 30 63.5 50.4 50.4
5537 0.0 30 0 0 5337 0.4 40 0 0 60 63.6 50.7 50.7
5537 0.0 30 0 0 5337 0.4 40 0 0 90 63.6 50.8 50.8
5537 0.0 30 0 0 5337 0.4 40 0 0 120 63.4 50.7 50.7
5537 0.0 30 0 0 5337 0.4 40 0 0 150 62.3 50.0 50.0
5537 0.0 30 0 0 5337 0.4 40 0 0 180 61.4 48.5 48.5
5537 0.0 30 0 0 5337 0.4 50 0 0 0 62.8 50.9 50.9
5537 0.0 30 0 0 5337 0.4 50 0 0 30 62.9 51.1 51.1
5537 0.0 30 0 0 5337 0.4 50 0 0 60 62.9 51.3 51.3
5537 0.0 30 0 0 5337 0.4 50 0 0 90 62.8 51.3 51.3
5537 0.0 30 0 0 5337 0.4 50 0 0 120 62.5 51.1 51.1
5537 0.0 30 0 0 5337 0.4 50 0 0 150 61.4 50.4 50.4
5537 0.0 30 0 0 5337 0.4 50 0 0 180 60.7 48.9 48.9
5537 0.0 30 0 0 5337 0.4 60 0 0 0 61.9 51.7 51.7
5537 0.0 30 0 0 5337 0.4 60 0 0 30 62.0 51.9 51.9
5537 0.0 30 0 0 5337 0.4 60 0 0 60 62.0 52.2 52.2
5537 0.0 30 0 0 5337 0.4 60 0 0 90 61.9 52.4 52.4
5537 0.0 30 0 0 5337 0.4 60 0 0 120 61.0 52.3 52.3
5537 0.0 30 0 0 5337 0.4 60 0 0 150 60.1 51.6 51.6
5537 0.0 30 0 0 5337 0.4 60 0 0 180 59.4 50.0 50.0
5537 0.0 30 0 0 5337 0.5 0 0 0 0 64.3 53.8 53.8
5537 0.0 30 0 0 5337 0.5 0 0 0 30 64.4 54.0 54.0
5537 0.0 30 0 0 5337 0.5 0 0 0 60 64.6 54.0 54.0
5537 0.0 30 0 0 5337 0.5 0 0 0 90 64.6 54.0 54.0
5537 0.0 30 0 0 5337 0.5 0 0 0 120 64.6 54.1 54.1
5537 0.0 30 0 0 5337 0.5 0 0 0 150 63.6 53.7 53.7
5537 0.0 30 0 0 5337 0.5 0 0 0 180 62.2 52.4 52.4
5537 0.0 30 0 0 5337 0.5 10 0 0 0 64.3 53.2 53.2
5537 0.0 30 0 0 5337 0.5 10 0 0 30 64.4 53.2 53.2
5537 0.0 30 0 0 5337 0.5 10 0 0 60 64.5 53.4 53.4
5537 0.0 30 0 0 5337 0.5 10 0 0 90 64.6 53.5 53.5
5537 0.0 30 0 0 5337 0.5 10 0 0 120 64.5 53.6 53.6
5537 0.0 30 0 0 5337 0.5 10 0 0 150 63.5 53.1 53.1
5537 0.0 30 0 0 5337 0.5 10 0 0 180 62.2 52.0 52.0
5537 0.0 30 0 0 5337 0.5 20 0 0 0 64.1 51.5 51.5
5537 0.0 30 0 0 5337 0.5 20 0 0 30 64.2 51.7 51.7
5537 0.0 30 0 0 5337 0.5 20 0 0 60 64.3 51.8 51.8
5537 0.0 30 0 0 5337 0.5 20 0 0 90 64.4 52.0 52.0
5537 0.0 30 0 0 5337 0.5 20 0 0 120 64.2 52.0 52.0
5537 0.0 30 0 0 5337 0.5 20 0 0 150 63.3 51.5 51.5
5537 0.0 30 0 0 5337 0.5 20 0 0 180 62.0 50.1 50.1
5537 0.0 30 0 0 5337 0.5 30 0 0 0 63.8 50.5 50.5
5537 0.0 30 0 0 5337 0.5 30 0 0 30 63.9 50.7 50.7
5537 0.0 30 0 0 5337 0.5 30 0 0 60 64.0 50.9 50.9
5537 0.0 30 0 0 5337 0.5 30 0 0 90 64.0 51.1 51.1
5537 0.0 30 0 0 5337 0.5 30 0 0 120 63.8 51.2 51.2
5537 0.0 30 0 0 5337 0.5 30 0 0 150 62.9 50.7 50.7
5537 0.0 30 0 0 5337 0.5 30 0 0 180 61.8 48.9 48.9
5537 0.0 30 0 0 5337 0.5 40 0 0 0 63.4 50.5 50.5
5537 0.0 30 0 0 5337 0.5 40 0 0 30 63.5 50.6 50.6
5537 0.0 30 0 0 5337 0.5 40 0 0 60 63.5 50.8 50.8
5537 0.0 30 0 0 5337 0.5 40 0 0 90 63.4 51.0 51.0
5537 0.0 30 0 0 5337 0.5 40 0 0 120 63.2 51.2 51.2
5537 0.0 30 0 0 5337 0.5 40 0 0 150 62.2 50.6 50.6
5537 0.0 30 0 0 5337 0.5 40 0 0 180 61.3 48.8 48.8
5537 0.0 30 0 0 5337 0.5 50 0 0 0 62.8 51.1 51.1
5537 0.0 30 0 0 5337 0.5 50 0 0 30 62.9 51.3 51.3
5537 0.0 30 0 0 5337 0.5 50 0 0 60 62.8 51.5 51.5
5537 0.0 30 0 0 5337 0.5 50 0 0 90 62.8 51.7 51.7
5537 0.0 30 0 0 5337 0.5 50 0 0 120 62.3 51.8 51.8
5537 0.0 30 0 0 5337 0.5 50 0 0 150 61.3 51.1 51.1
5537 0.0 30 0 0 5337 0.5 50 0 0 180 60.7 48.9 48.9
5537 0.0 30 0 0 5337 0.5 60 0 0 0 61.9 51.7 51.7
5537 0.0 30 0 0 5337 0.5 60 0 0 30 62.0 52.0 52.0
5537 0.0 30 0 0 5337 0.5 60 0 0 60 62.0 52.3 52.3
5537 0.0 30 0 0 5337 0.5 60 0 0 90 61.8 52.5 52.5
5537 0.0 30 0 0 5337 0.5 60 0 0 120 61.2 52.6 52.6
5537 0.0 30 0 0 5337 0.5 60 0 0 150 59.7 51.9 51.9
5537 0.0 30 0 0 5337 0.5 60 0 0 180 59.2 49.8 49.8
5537 0.0 30 0 0 5537 0.0 0 0 0 0 41.6 40.6 40.6
5537 0.0 30 0 0 5537 0.0 0 0 0 30 49.9 44.2 44.2
5537 0.0 30 0 0 5537 0.0 0 0 0 60 58.1 51.0 51.0
5537 0.0 30 0 0 5537 0.0 0 0 0 90 66.4 57.6 57.6
5537 0.0 30 0 0 5537 0.0 0 0 0 120 74.7 62.9 62.9
5537 0.0 30 0 0 5537 0.0 0 0 0 150 78.8 65.8 65.8
5537 0.0 30 0 0 5537 0.0 0 0 0 180 78.8 65.8 65.8
5537 0.0 30 0 0 5537 0.0 10 0 0 0 41.5 38.4 38.4
5537 0.0 30 0 0 5537 0.0 10 0 0 30 49.8 43.4 43.4
5537 0.0 30 0 0 5537 0.0 10 0 0 60 58.0 50.5 50.5
5537 0.0 30 0 0 5537 0.0 10 0 0 90 66.3 57.3 57.3
5537 0.0 30 0 0 5537 0.0 10 0 0 120 74.6 63.0 63.0
5537 0.0 30 0 0 5537 0.0 10 0 0 150 78.7 65.6 65.6
5537 0.0 30 0 0 5537 0.0 10 0 0 180 78.7 65.6 65.6
5537 0.0 30 0 0 5537 0.0 20 0 0 0 41.2 35.8 35.8
5537 0.0 30 0 0 5537 0.0 20 0 0 30 49.5 42.1 42.1
5537 0.0 30 0 0 5537 0.0 20 0 0 60 57.8 49.4 49.4
5537 0.0 30 0 0 5537 0.0 20 0 0 90 66.1 56.2 56.2
5537 0.0 30 0 0 5537 0.0 20 0 0 120 74.3 62.1 62.1
5537 0.0 30 0 0 5537 0.0 20 0 0 150 78.5 64.6 64.6
5537 0.0 30 0 0 5537 0.0 20 0 0 180 78.5 64.6 64.6
5537 0.0 30 0 0 5537 0.0 30 0 0 0 40.9 31.9 31.9
5537 0.0 30 0 0 5537 0.0 30 0 0 30 49.2 38.9 38.9
5537 0.0 30 0 0 5537 0.0 30 0 0 60 57.5 46.1 46.1
5537 0.0 30 0 0 5537 0.0 30 0 0 90 65.7 52.9 52.9
5537 0.0 30 0 0 5537 0.0 30 0 0 120 74.0 58.9 58.9
5537 0.0 30 0 0 5537 0.0 30 0 0 150 78.1 61.5 61.5
5537 0.0 30 0 0 5537 0.0 30 0 0 180 78.1 61.5 61.5
5537 0.0 30 0 0 5537 0.0 40 0 0 0 40.4 32.4 32.4
5537 0.0 30 0 0 5537 0.0 40 0 0 30 48.7 38.4 38.4
5537 0.0 30 0 0 5537 0.0 40 0 0 60 57.0 45.3 45.3
5537 0.0 30 0 0 5537 0.0 40 0 0 90 65.3 52.0 52.0
5537 0.0 30 0 0 5537 0.0 40 0 0 120 73.5 58.0 58.0
5537 0.0 30 0 0 5537 0.0 40 0 0 150 77.4 61.1 61.1
5537 0.0 30 0 0 5537 0.0 40 0 0 180 77.4 61.0 61.0
5537 0.0 30 0 0 5537 0.0 50 0 0 0 40.4 34.2 34.2
5537 0.0 30 0 0 5537 0.0 50 0 0 30 48.1 38.8 38.8
5537 0.0 30 0 0 5537 0.0 50 0 0 60 56.4 45.5 45.5
5537 0.0 30 0 0 5537 0.0 50 0 0 90 64.6 52.1 52.1
5537 0.0 30 0 0 5537 0.0 50 0 0 120 72.7 58.2 58.2
5537 0.0 30 0 0 5537 0.0 50 0 0 150 76.4 61.9 61.9
5537 0.0 30 0 0 5537 0.0 50 0 0 180 76.4 61.8 61.8
5537 0.0 30 0 0 5537 0.0 60 0 0 0 40.9 36.8 36.8
5537 0.0 30 0 0 5537 0.0 60 0 0 30 47.1 40.7 40.7
5537 0.0 30 0 0 5537 0.0 60 0 0 60 55.4 46.5 46.5
5537 0.0 30 0 0 5537 0.0 60 0 0 90 63.7 52.9 52.9
5537 0.0 30 0 0 5537 0.0 60 0 0 120 71.2 59.2 59.2
5537 0.0 30 0 0 5537 0.0 60 0 0 150 74.7 63.6 63.6
5537 0.0 30 0 0 5537 0.0 60 0 0 180 74.7 63.8 63.8
5537 0.0 30 0 0 5537 0.1 0 0 0 0 42.4 40.5 40.5
5537 0.0 30 0 0 5537 0.1 0 0 0 30 48.4 42.9 42.9
5537 0.0 30 0 0 5537 0.1 0 0 0 60 55.5 48.5 48.5
5537 0.0 30 0 0 5537 0.1 0 0 0 90 63.3 55.1 55.1
5537 0.0 30 0 0 5537 0.1 0 0 0 120 71.9 61.5 61.5
5537 0.0 30 0 0 5537 0.1 0 0 0 150 78.4 65.7 65.7
5537 0.0 30 0 0 5537 0.1 0 0 0 180 78.8 65.6 65.6
5537 0.0 30 0 0 5537 0.1 10 0 0 0 42.3 38.4 38.4
5537 0.0 30 0 0 5537 0.1 10 0 0 30 48.3 41.8 41.8
5537 0.0 30 0 0 5537 0.1 10 0 0 60 55.4 48.0 48.0
5537 0.0 30 0 0 5537 0.1 10 0 0 90 63.2 54.6 54.6
5537 0.0 30 0 0 5537 0.1 10 0 0 120 71.7 61.2 61.2
5537 0.0 30 0 0 5537 0.1 10 0 0 150 78.4 65.5 65.5
5537 0.0 30 0 0 5537 0.1 10 0 0 180 78.8 65.4 65.4
5537 0.0 30 0 0 5537 0.1 20 0 0 0 42.1 35.9 35.9
5537 0.0 30 0 0 5537 0.1 20 0 0 30 48.1 40.4 40.4
5537 0.0 30 0 0 5537 0.1 20 0 0 60 55.2 46.8 46.8
5537 0.0 30 0 0 5537 0.1 20 0 0 90 62.9 53.4 53.4
5537 0.0 30 0 0 5537 0.1 20 0 0 120 71.5 60.0 60.0
5537 0.0 30 0 0 5537 0.1 20 0 0 150 78.2 64.4 64.4
5537 0.0 30 0 0 5537 0.1 20 0 0 180 78.5 64.4 64.4
5537 0.0 30 0 0 5537 0.1 30 0 0 0 41.9 32.2 32.2
5537 0.0 30 0 0 5537 0.1 30 0 0 30 47.7 37.3 37.3
5537 0.0 30 0 0 5537 0.1 30 0 0 60 54.9 43.5 43.5
5537 0.0 30 0 0 5537 0.1 30 0 0 90 62.6 50.0 50.0
5537 0.0 30 0 0 5537 0.1 30 0 0 120 71.2 56.5 56.5
5537 0.0 30 0 0 5537 0.1 30 0 0 150 77.8 61.3 61.3
5537 0.0 30 0 0 5537 0.1 30 0 0 180 78.1 61.3 61.3
5537 0.0 30 0 0 5537 0.1 40 0 0 0 41.7 32.5 32.5
5537 0.0 30 0 0 5537 0.1 40 0 0 30 47.3 36.6 36.6
5537 0.0 30 0 0 5537 0.1 40 0 0 60 54.4 42.5 42.5
5537 0.0 30 0 0 5537 0.1 40 0 0 90 62.1 48.9 48.9
5537 0.0 30 0 0 5537 0.1 40 0 0 120 70.7 55.3 55.3
5537 0.0 30 0 0 5537 0.1 40 0 0 150 77.1 60.5 60.5
5537 0.0 30 0 0 5537 0.1 40 0 0 180 77.4 60.8 60.8
5537 0.0 30 0 0 5537 0.1 50 0 0 0 41.6 34.1 34.1
5537 0.0 30 0 0 5537 0.1 50 0 0 30 46.6 37.4 37.4
5537 0.0 30 0 0 5537 0.1 50 0 0 60 53.7 42.7 42.7
5537 0.0 30 0 0 5537 0.1 50 0 0 90 61.5 48.9 48.9
5537 0.0 30 0 0 5537 0.1 50 0 0 120 70.1 55.4 55.4
5537 0.0 30 0 0 5537 0.1 50 0 0 150 76.0 61.0 61.0
5537 0.0 30 0 0 5537 0.1 50 0 0 180 76.4 61.7 61.7
5537 0.0 30 0 0 5537 0.1 60 0 0 0 41.7 36.6 36.6
5537 0.0 30 0 0 5537 0.1 60 0 0 30 46.0 39.3 39.3
5537 0.0 30 0 0 5537 0.1 60 0 0 60 52.8 44.0 44.0
5537 0.0 30 0 0 5537 0.1 60 0 0 90 60.5 49.7 49.7
5537 0.0 30 0 0 5537 0.1 60 0 0 120 69.0 56.1 56.1
5537 0.0 30 0 0 5537 0.1 60 0 0 150 74.2 62.0 62.0
5537 0.0 30 0 0 5537 0.1 60 0 0 180 74.8 63.6 63.6
5537 0.0 30 0 0 5537 0.2 0 0 0 0 44.2 40.6 40.6
5537 0.0 30 0 0 5537 0.2 0 0 0 30 47.2 42.7 42.7
5537 0.0 30 0 0 5537 0.2 0 0 0 60 53.1 46.2 46.2
5537 0.0 30 0 0 5537 0.2 0 0 0 90 60.2 52.3 52.3
5537 0.0 30 0 0 5537 0.2 0 0 0 120 68.8 59.4 59.4
5537 0.0 30 0 0 5537 0.2 0 0 0 150 76.8 65.5 65.5
5537 0.0 30 0 0 5537 0.2 0 0 0 180 78.9 65.2 65.2
5537 0.0 30 0 0 5537 0.2 10 0 0 0 44.1 38.8 38.8
5537 0.0 30 0 0 5537 0.2 10 0 0 30 47.0 41.2 41.2
5537 0.0 30 0 0 5537 0.2 10 0 0 60 53.0 45.6 45.6
5537 0.0 30 0 0 5537 0.2 10 0 0 90 60.0 51.8 51.8
5537 0.0 30 0 0 5537 0.2 10 0 0 120 68.7 58.8 58.8
5537 0.0 30 0 0 5537 0.2 10 0 0 150 76.7 65.0 65.0
5537 0.0 30 0 0 5537 0.2 10 0 0 180 78.8 65.2 65.2
5537 0.0 30 0 0 5537 0.2 20 0 0 0 44.0 36.9 36.9
5537 0.0 30 0 0 5537 0.2 20 0 0 30 46.8 39.3 39.3
5537 0.0 30 0 0 5537 0.2 20 0 0 60 52.8 44.3 44.3
5537 0.0 30 0 0 5537 0.2 20 0 0 90 59.8 50.5 50.5
5537 0.0 30 0 0 5537 0.2 20 0 0 120 68.5 57.4 57.4
5537 0.0 30 0 0 5537 0.2 20 0 0 150 76.6 63.5 63.5
5537 0.0 30 0 0 5537 0.2 20 0 0 180 78.5 64.2 64.2
5537 0.0 30 0 0 5537 0.2 30 0 0 0 43.9 33.7 33.7
5537 0.0 30 0 0 5537 0.2 30 0 0 30 46.4 35.7 35.7
5537 0.0 30 0 0 5537 0.2 30 0 0 60 52.4 41.0 41.0
5537 0.0 30 0 0 5537 0.2 30 0 0 90 59.5 47.0 47.0
5537 0.0 30 0 0 5537 0.2 30 0 0 120 68.2 53.7 53.7
5537 0.0 30 0 0 5537 0.2 30 0 0 150 76.2 60.0 60.0
5537 0.0 30 0 0 5537 0.2 30 0 0 180 78.1 61.2 61.2
5537 0.0 30 0 0 5537 0.2 40 0 0 0 43.7 33.6 33.6
5537 0.0 30 0 0 5537 0.2 40 0 0 30 46.1 35.4 35.4
5537 0.0 30 0 0 5537 0.2 40 0 0 60 52.0 40.1 40.1
5537 0.0 30 0 0 5537 0.2 40 0 0 90 59.0 45.9 45.9
5537 0.0 30 0 0 5537 0.2 40 0 0 120 67.7 52.6 52.6
5537 0.0 30 0 0 5537 0.2 40 0 0 150 75.6 59.1 59.1
5537 0.0 30 0 0 5537 0.2 40 0 0 180 77.4 60.8 60.8
5537 0.0 30 0 0 5537 0.2 50 0 0 0 43.6 34.9 34.9
5537 0.0 30 0 0 5537 0.2 50 0 0 30 45.9 36.6 36.6
5537 0.0 30 0 0 5537 0.2 50 0 0 60 51.3 40.3 40.3
5537 0.0 30 0 0 5537 0.2 50 0 0 90 58.4 45.7 45.7
5537 0.0 30 0 0 5537 0.2 50 0 0 120 67.0 52.4 52.4
5537 0.0 30 0 0 5537 0.2 50 0 0 150 74.6 59.1 59.1
5537 0.0 30 0 0 5537 0.2 50 0 0 180 76.4 61.5 61.5
5537 0.0 30 0 0 5537 0.2 60 0 0 0 43.5 37.0 37.0
5537 0.0 30 0 0 5537 0.2 60 0 0 30 45.8 38.5 38.5
5537 0.0 30 0 0 5537 0.2 60 0 0 60 50.5 41.9 41.9
5537 0.0 30 0 0 5537 0.2 60 0 0 90 57.4 46.7 46.7
5537 0.0 30 0 0 5537 0.2 60 0 0 120 66.1 52.9 52.9
5537 0.0 30 0 0 5537 0.2 60 0 0 150 72.9 59.8 59.8
5537 0.0 30 0 0 5537 0.2 60 0 0 180 74.8 63.3 63.3
5537 0.0 30 0 0 5537 0.3 0 0 0 0 46.2 41.0 41.0
5537 0.0 30 0 0 5537 0.3 0 0 0 30 47.4 42.7 42.7
5537 0.0 30 0 0 5537 0.3 0 0 0 60 50.9 45.2 45.2
5537 0.0 30 0 0 5537 0.3 0 0 0 90 57.1 49.4 49.4
5537 0.0 30 0 0 5537 0.3 0 0 0 120 65.6 56.6 56.6
5537 0.0 30 0 0 5537 0.3 0 0 0 150 74.7 64.3 64.3
5537 0.0 30 0 0 5537 0.3 0 0 0 180 78.9 64.3 64.3
5537 0.0 30 0 0 5537 0.3 10 0 0 0 46.1 39.8 39.8
5537 0.0 30 0 0 5537 0.3 10 0 0 30 47.3 41.2 41.2
5537 0.0 30 0 0 5537 0.3 10 0 0 60 50.8 44.0 44.0
5537 0.0 30 0 0 5537 0.3 10 0 0 90 57.0 48.8 48.8
5537 0.0 30 0 0 5537 0.3 10 0 0 120 65.5 55.9 55.9
5537 0.0 30 0 0 5537 0.3 10 0 0 150 74.6 63.4 63.4
5537 0.0 30 0 0 5537 0.3 10 0 0 180 78.8 64.7 64.7
5537 0.0 30 0 0 5537 0.3 20 0 0 0 46.1 38.3 38.3
5537 0.0 30 0 0 5537 0.3 20 0 0 30 47.2 39.3 39.3
5537 0.0 30 0 0 5537 0.3 20 0 0 60 50.6 42.2 42.2
5537 0.0 30 0 0 5537 0.3 20 0 0 90 56.8 47.4 47.4
5537 0.0 30 0 0 5537 0.3 20 0 0 120 65.3 54.3 54.3
5537 0.0 30 0 0 5537 0.3 20 0 0 150 74.4 61.7 61.7
5537 0.0 30 0 0 5537 0.3 20 0 0 180 78.5 63.9 63.9
5537 0.0 30 0 0 5537 0.3 30 0 0 0 46.0 35.7 35.7
5537 0.0 30 0 0 5537 0.3 30 0 0 30 47.1 36.3 36.3
5537 0.0 30 0 0 5537 0.3 30 0 0 60 50.2 38.8 38.8
5537 0.0 30 0 0 5537 0.3 30 0 0 90 56.5 44.1 44.1
5537 0.0 30 0 0 5537 0.3 30 0 0 120 64.9 50.8 50.8
5537 0.0 30 0 0 5537 0.3 30 0 0 150 74.1 58.2 58.2
5537 0.0 30 0 0 5537 0.3 30 0 0 180 78.1 61.1 61.1
5537 0.0 30 0 0 5537 0.3 40 0 0 0 45.9 35.3 35.3
5537 0.0 30 0 0 5537 0.3 40 0 0 30 47.0 35.7 35.7
5537 0.0 30 0 0 5537 0.3 40 0 0 60 49.8 38.1 38.1
5537 0.0 30 0 0 5537 0.3 40 0 0 90 56.0 43.0 43.0
5537 0.0 30 0 0 5537 0.3 40 0 0 120 64.5 49.6 49.6
5537 0.0 30 0 0 5537 0.3 40 0 0 150 73.5 57.2 57.2
5537 0.0 30 0 0 5537 0.3 40 0 0 180 77.4 60.9 60.9
5537 0.0 30 0 0 5537 0.3 50 0 0 0 45.8 36.0 36.0
5537 0.0 30 0 0 5537 0.3 50 0 0 30 46.9 36.5 36.5
5537 0.0 30 0 0 5537 0.3 50 0 0 60 49.5 38.8 38.8
5537 0.0 30 0 0 5537 0.3 50 0 0 90 55.3 42.9 42.9
5537 0.0 30 0 0 5537 0.3 50 0 0 120 63.8 49.3 49.3
5537 0.0 30 0 0 5537 0.3 50 0 0 150 72.6 57.1 57.1
5537 0.0 30 0 0 5537 0.3 50 0 0 180 76.3 61.4 61.4
5537 0.0 30 0 0 5537 0.3 60 0 0 0 45.7 37.7 37.7
5537 0.0 30 0 0 5537 0.3 60 0 0 30 46.9 38.1 38.1
5537 0.0 30 0 0 5537 0.3 60 0 0 60 49.4 40.4 40.4
5537 0.0 30 0 0 5537 0.3 60 0 0 90 54.5 44.1 44.1
5537 0.0 30 0 0 5537 0.3 60 0 0 120 62.8 49.8 49.8
5537 0.0 30 0 0 5537 0.3 60 0 0 150 71.0 57.5 57.5
5537 0.0 30 0 0 5537 0.3 60 0 0 180 74.5 62.8 62.8
5537 0.0 30 0 0 5537 0.4 0 0 0 0 48.2 42.0 42.0
5537 0.0 30 0 0 5537 0.4 0 0 0 30 48.8 42.9 42.9
5537 0.0 30 0 0 5537 0.4 0 0 0 60 50.3 44.8 44.8
5537 0.0 30 0 0 5537 0.4 0 0 0 90 54.2 47.8 47.8
5537 0.0 30 0 0 5537 0.4 0 0 0 120 62.2 53.4 53.4
5537 0.0 30 0 0 5537 0.4 0 0 0 150 72.2 62.3 62.3
5537 0.0 30 0 0 5537 0.4 0 0 0 180 78.1 63.2 63.2
5537 0.0 30 0 0 5537 0.4 10 0 0 0 48.2 41.2 41.2
5537 0.0 30 0 0 5537 0.4 10 0 0 30 48.8 41.7 41.7
5537 0.0 30 0 0 5537 0.4 10 0 0 60 50.2 43.4 43.4
5537 0.0 30 0 0 5537 0.4 10 0 0 90 54.1 46.5 46.5
5537 0.0 30 0 0 5537 0.4 10 0 0 120 62.1 52.6 52.6
5537 0.0 30 0 0 5537 0.4 10 0 0 150 72.2 61.2 61.2
5537 0.0 30 0 0 5537 0.4 10 0 0 180 78.0 63.7 63.7
5537 0.0 30 0 0 5537 0.4 20 0 0 0 48.2 39.9 39.9
5537 0.0 30 0 0 5537 0.4 20 0 0 30 48.8 40.2 40.2
5537 0.0 30 0 0 5537 0.4 20 0 0 60 50.1 41.3 41.3
5537 0.0 30 0 0 5537 0.4 20 0 0 90 53.9 44.5 44.5
5537 0.0 30 0 0 5537 0.4 20 0 0 120 61.9 50.8 50.8
5537 0.0 30 0 0 5537 0.4 20 0 0 150 72.0 59.3 59.3
5537 0.0 30 0 0 5537 0.4 20 0 0 180 77.8 63.1 63.1
5537 0.0 30 0 0 5537 0.4 30 0 0 0 48.2 37.7 37.7
5537 0.0 30 0 0 5537 0.4 30 0 0 30 48.7 37.9 37.9
5537 0.0 30 0 0 5537 0.4 30 0 0 60 50.0 38.7 38.7
5537 0.0 30 0 0 5537 0.4 30 0 0 90 53.5 41.4 41.4
5537 0.0 30 0 0 5537 0.4 30 0 0 120 61.5 47.8 47.8
5537 0.0 30 0 0 5537 0.4 30 0 0 150 71.6 56.3 56.3
5537 0.0 30 0 0 5537 0.4 30 0 0 180 77.3 61.2 61.2
5537 0.0 30 0 0 5537 0.4 40 0 0 0 48.2 37.3 37.3
5537 0.0 30 0 0 5537 0.4 40 0 0 30 48.7 37.4 37.4
5537 0.0 30 0 0 5537 0.4 40 0 0 60 49.9 38.0 38.0
5537 0.0 30 0 0 5537 0.4 40 0 0 90 53.1 40.5 40.5
5537 0.0 30 0 0 5537 0.4 40 0 0 120 61.0 46.7 46.7
5537 0.0 30 0 0 5537 0.4 40 0 0 150 71.0 55.1 55.1
5537 0.0 30 0 0 5537 0.4 40 0 0 180 76.6 61.0 61.0
5537 0.0 30 0 0 5537 0.4 50 0 0 0 48.1 37.5 37.5
5537 0.0 30 0 0 5537 0.4 50 0 0 30 48.7 37.6 37.6
5537 0.0 30 0 0 5537 0.4 50 0 0 60 49.9 38.3 38.3
5537 0.0 30 0 0 5537 0.4 50 0 0 90 52.9 40.9 40.9
5537 0.0 30 0 0 5537 0.4 50 0 0 120 60.4 46.2 46.2
5537 0.0 30 0 0 5537 0.4 50 0 0 150 70.1 54.9 54.9
5537 0.0 30 0 0 5537 0.4 50 0 0 180 75.4 61.5 61.5
5537 0.0 30 0 0 5537 0.4 60 0 0 0 48.1 38.7 38.7
5537 0.0 30 0 0 5537 0.4 60 0 0 30 48.7 38.7 38.7
5537 0.0 30 0 0 5537 0.4 60 0 0 60 49.9 39.5 39.5
5537 0.0 30 0 0 5537 0.4 60 0 0 90 52.7 42.0 42.0
5537 0.0 30 0 0 5537 0.4 60 0 0 120 59.4 47.0 47.0
5537 0.0 30 0 0 5537 0.4 60 0 0 150 68.6 55.0 55.0
5537 0.0 30 0 0 5537 0.4 60 0 0 180 73.3 62.1 62.1
5537 0.0 30 0 0 5537 0.5 0 0 0 0 50.4 43.5 43.5
5537 0.0 30 0 0 5537 0.5 0 0 0 30 50.7 43.8 43.8
5537 0.0 30 0 0 5537 0.5 0 0 0 60 51.4 44.6 44.6
5537 0.0 30 0 0 5537 0.5 0 0 0 90 53.0 46.8 46.8
5537 0.0 30 0 0 5537 0.5 0 0 0 120 58.6 50.8 50.8
5537 0.0 30 0 0 5537 0.5 0 0 0 150 69.3 59.5 59.5
5537 0.0 30 0 0 5537 0.5 0 0 0 180 76.7 61.9 61.9
5537 0.0 30 0 0 5537 0.5 10 0 0 0 50.4 42.8 42.8
5537 0.0 30 0 0 5537 0.5 10 0 0 30 50.7 43.0 43.0
5537 0.0 30 0 0 5537 0.5 10 0 0 60 51.3 43.6 43.6
5537 0.0 30 0 0 5537 0.5 10 0 0 90 52.9 45.4 45.4
5537 0.0 30 0 0 5537 0.5 10 0 0 120 58.5 49.5 49.5
5537 0.0 30 0 0 5537 0.5 10 0 0 150 69.3 58.3 58.3
5537 0.0 30 0 0 5537 0.5 10 0 0 180 76.6 62.3 62.3
5537 0.0 30 0 0 5537 0.5 20 0 0 0 50.4 41.3 41.3
5537 0.0 30 0 0 5537 0.5 20 0 0 30 50.7 41.3 41.3
5537 0.0 30 0 0 5537 0.5 20 0 0 60 51.3 41.7 41.7
5537 0.0 30 0 0 5537 0.5 20 0 0 90 52.9 42.9 42.9
5537 0.0 30 0 0 5537 0.5 20 0 0 120 58.3 46.8 46.8
5537 0.0 30 0 0 5537 0.5 20 0 0 150 69.1 55.9 55.9
5537 0.0 30 0 0 5537 0.5 20 0 0 180 76.3 61.5 61.5
5537 0.0 30 0 0 5537 0.5 30 0 0 0 50.4 39.9 39.9
5537 0.0 30 0 0 5537 0.5 30 0 0 30 50.7 39.9 39.9
5537 0.0 30 0 0 5537 0.5 30 0 0 60 51.3 40.2 40.2
5537 0.0 30 0 0 5537 0.5 30 0 0 90 52.8 41.1 41.1
5537 0.0 30 0 0 5537 0.5 30 0 0 120 57.9 44.8 44.8
5537 0.0 30 0 0 5537 0.5 30 0 0 150 68.7 54.1 54.1
5537 0.0 30 0 0 5537 0.5 30 0 0 180 75.8 61.0 61.0
5537 0.0 30 0 0 5537 0.5 40 0 0 0 50.4 39.4 39.4
5537 0.0 30 0 0 5537 0.5 40 0 0 30 50.7 39.4 39.4
5537 0.0 30 0 0 5537 0.5 40 0 0 60 51.3 39.6 39.6
5537 0.0 30 0 0 5537 0.5 40 0 0 90 52.8 40.3 40.3
5537 0.0 30 0 0 5537 0.5 40 0 0 120 57.5 43.7 43.7
5537 0.0 30 0 0 5537 0.5 40 0 0 150 68.0 53.1 53.1
5537 0.0 30 0 0 5537 0.5 40 0 0 180 75.0 61.2 61.2
5537 0.0 30 0 0 5537 0.5 50 0 0 0 50.5 39.3 39.3
5537 0.0 30 0 0 5537 0.5 50 0 0 30 50.8 39.3 39.3
5537 0.0 30 0 0 5537 0.5 50 0 0 60 51.4 39.5 39.5
5537 0.0 30 0 0 5537 0.5 50 0 0 90 52.8 40.2 40.2
5537 0.0 30 0 0 5537 0.5 50 0 0 120 57.1 43.7 43.7
5537 0.0 30 0 0 5537 0.5 50 0 0 150 67.1 52.4 52.4
5537 0.0 30 0 0 5537 0.5 50 0 0 180 73.7 61.3 61.3
5537 0.0 30 0 0 5537 0.5 60 0 0 0 50.5 40.1 40.1
5537 0.0 30 0 0 5537 0.5 60 0 0 30 50.8 40.0 40.0
5537 0.0 30 0 0 5537 0.5 60 0 0 60 51.4 40.2 40.2
5537 0.0 30 0 0 5537 0.5 60 0 0 90 52.8 41.0 41.0
5537 0.0 30 0 0 5537 0.5 60 0 0 120 56.8 44.4 44.4
5537 0.0 30 0 0 5537 0.5 60 0 0 150 65.5 52.3 52.3
5537 0.0 30 0 0 5537 0.5 60 0 0 180 71.4 61.5 61.5
