5337 0.4 50 0 0 4737 0.0 0 0 0 0 60.7 53.5 53.5
5337 0.4 50 0 0 4737 0.0 0 0 0 30 60.7 53.6 53.6
5337 0.4 50 0 0 4737 0.0 0 0 0 60 60.9 53.8 53.8
5337 0.4 50 0 0 4737 0.0 0 0 0 90 60.9 54.0 54.0
5337 0.4 50 0 0 4737 0.0 0 0 0 120 60.8 54.0 54.0
5337 0.4 50 0 0 4737 0.0 0 0 0 150 60.8 54.2 54.2
5337 0.4 50 0 0 4737 0.0 0 0 0 180 60.7 53.9 53.9
5337 0.4 50 0 0 4737 0.0 10 0 0 0 60.7 53.1 53.1
5337 0.4 50 0 0 4737 0.0 10 0 0 30 60.6 53.1 53.1
5337 0.4 50 0 0 4737 0.0 10 0 0 60 60.9 53.4 53.4
5337 0.4 50 0 0 4737 0.0 10 0 0 90 60.8 53.5 53.5
5337 0.4 50 0 0 4737 0.0 10 0 0 120 60.7 53.5 53.5
5337 0.4 50 0 0 4737 0.0 10 0 0 150 60.8 53.7 53.7
5337 0.4 50 0 0 4737 0.0 10 0 0 180 60.7 53.5 53.5
5337 0.4 50 0 0 4737 0.0 20 0 0 0 60.5 51.7 51.7
5337 0.4 50 0 0 4737 0.0 20 0 0 30 60.4 51.7 51.7
5337 0.4 50 0 0 4737 0.0 20 0 0 60 60.7 52.0 52.0
5337 0.4 50 0 0 4737 0.0 20 0 0 90 60.6 52.0 52.0
5337 0.4 50 0 0 4737 0.0 20 0 0 120 60.5 52.2 52.2
5337 0.4 50 0 0 4737 0.0 20 0 0 150 60.6 52.3 52.3
5337 0.4 50 0 0 4737 0.0 20 0 0 180 60.5 52.2 52.2
5337 0.4 50 0 0 4737 0.0 30 0 0 0 60.1 49.1 49.1
5337 0.4 50 0 0 4737 0.0 30 0 0 30 60.1 48.9 48.9
5337 0.4 50 0 0 4737 0.0 30 0 0 60 60.4 49.2 49.2
5337 0.4 50 0 0 4737 0.0 30 0 0 90 60.2 49.0 49.0
5337 0.4 50 0 0 4737 0.0 30 0 0 120 60.2 49.4 49.4
5337 0.4 50 0 0 4737 0.0 30 0 0 150 60.2 49.6 49.6
5337 0.4 50 0 0 4737 0.0 30 0 0 180 60.1 49.6 49.6
5337 0.4 50 0 0 4737 0.0 40 0 0 0 59.5 48.9 48.9
5337 0.4 50 0 0 4737 0.0 40 0 0 30 59.6 48.8 48.8
5337 0.4 50 0 0 4737 0.0 40 0 0 60 59.8 49.1 49.1
5337 0.4 50 0 0 4737 0.0 40 0 0 90 59.6 49.0 49.0
5337 0.4 50 0 0 4737 0.0 40 0 0 120 59.7 49.3 49.3
5337 0.4 50 0 0 4737 0.0 40 0 0 150 59.7 49.5 49.5
5337 0.4 50 0 0 4737 0.0 40 0 0 180 59.6 49.5 49.5
5337 0.4 50 0 0 4737 0.0 50 0 0 0 58.6 49.6 49.6
5337 0.4 50 0 0 4737 0.0 50 0 0 30 58.7 49.6 49.6
5337 0.4 50 0 0 4737 0.0 50 0 0 60 58.9 49.7 49.7
5337 0.4 50 0 0 4737 0.0 50 0 0 90 58.8 49.7 49.7
5337 0.4 50 0 0 4737 0.0 50 0 0 120 58.8 49.9 49.9
5337 0.4 50 0 0 4737 0.0 50 0 0 150 58.8 50.1 50.1
5337 0.4 50 0 0 4737 0.0 50 0 0 180 58.7 50.0 50.0
5337 0.4 50 0 0 4737 0.0 60 0 0 0 57.2 50.8 50.8
5337 0.4 50 0 0 4737 0.0 60 0 0 30 57.4 50.9 50.9
5337 0.4 50 0 0 4737 0.0 60 0 0 60 57.4 50.9 50.9
5337 0.4 50 0 0 4737 0.0 60 0 0 90 57.4 51.2 51.2
5337 0.4 50 0 0 4737 0.0 60 0 0 120 57.4 51.2 51.2
5337 0.4 50 0 0 4737 0.0 60 0 0 150 57.3 51.5 51.5
5337 0.4 50 0 0 4737 0.0 60 0 0 180 57.3 51.3 51.3
5337 0.4 50 0 0 4737 0.1 0 0 0 0 59.9 52.5 52.5
5337 0.4 50 0 0 4737 0.1 0 0 0 30 59.8 52.7 52.7
5337 0.4 50 0 0 4737 0.1 0 0 0 60 60.0 52.7 52.7
5337 0.4 50 0 0 4737 0.1 0 0 0 90 60.0 53.0 53.0
5337 0.4 50 0 0 4737 0.1 0 0 0 120 59.9 53.0 53.0
5337 0.4 50 0 0 4737 0.1 0 0 0 150 60.0 53.3 53.3
5337 0.4 50 0 0 4737 0.1 0 0 0 180 59.9 52.9 52.9
5337 0.4 50 0 0 4737 0.1 10 0 0 0 59.8 52.1 52.1
5337 0.4 50 0 0 4737 0.1 10 0 0 30 59.7 52.2 52.2
5337 0.4 50 0 0 4737 0.1 10 0 0 60 60.0 52.3 52.3
5337 0.4 50 0 0 4737 0.1 10 0 0 90 60.0 52.6 52.6
5337 0.4 50 0 0 4737 0.1 10 0 0 120 59.8 52.5 52.5
5337 0.4 50 0 0 4737 0.1 10 0 0 150 59.9 52.9 52.9
5337 0.4 50 0 0 4737 0.1 10 0 0 180 59.8 52.5 52.5
5337 0.4 50 0 0 4737 0.1 20 0 0 0 59.6 50.7 50.7
5337 0.4 50 0 0 4737 0.1 20 0 0 30 59.5 50.7 50.7
5337 0.4 50 0 0 4737 0.1 20 0 0 60 59.8 50.9 50.9
5337 0.4 50 0 0 4737 0.1 20 0 0 90 59.8 51.1 51.1
5337 0.4 50 0 0 4737 0.1 20 0 0 120 59.6 51.1 51.1
5337 0.4 50 0 0 4737 0.1 20 0 0 150 59.7 51.3 51.3
5337 0.4 50 0 0 4737 0.1 20 0 0 180 59.6 51.1 51.1
5337 0.4 50 0 0 4737 0.1 30 0 0 0 59.2 48.1 48.1
5337 0.4 50 0 0 4737 0.1 30 0 0 30 59.1 48.0 48.0
5337 0.4 50 0 0 4737 0.1 30 0 0 60 59.4 48.3 48.3
5337 0.4 50 0 0 4737 0.1 30 0 0 90 59.4 48.1 48.1
5337 0.4 50 0 0 4737 0.1 30 0 0 120 59.2 48.3 48.3
5337 0.4 50 0 0 4737 0.1 30 0 0 150 59.3 48.5 48.5
5337 0.4 50 0 0 4737 0.1 30 0 0 180 59.2 48.5 48.5
5337 0.4 50 0 0 4737 0.1 40 0 0 0 58.7 48.1 48.1
5337 0.4 50 0 0 4737 0.1 40 0 0 30 58.5 48.0 48.0
5337 0.4 50 0 0 4737 0.1 40 0 0 60 58.9 48.2 48.2
5337 0.4 50 0 0 4737 0.1 40 0 0 90 58.8 48.1 48.1
5337 0.4 50 0 0 4737 0.1 40 0 0 120 58.7 48.3 48.3
5337 0.4 50 0 0 4737 0.1 40 0 0 150 58.8 48.5 48.5
5337 0.4 50 0 0 4737 0.1 40 0 0 180 58.6 48.6 48.6
5337 0.4 50 0 0 4737 0.1 50 0 0 0 57.7 48.8 48.8
5337 0.4 50 0 0 4737 0.1 50 0 0 30 57.7 48.8 48.8
5337 0.4 50 0 0 4737 0.1 50 0 0 60 58.0 49.0 49.0
5337 0.4 50 0 0 4737 0.1 50 0 0 90 57.9 48.9 48.9
5337 0.4 50 0 0 4737 0.1 50 0 0 120 57.7 49.0 49.0
5337 0.4 50 0 0 4737 0.1 50 0 0 150 57.9 49.2 49.2
5337 0.4 50 0 0 4737 0.1 50 0 0 180 57.7 49.1 49.1
5337 0.4 50 0 0 4737 0.1 60 0 0 0 56.2 49.8 49.8
5337 0.4 50 0 0 4737 0.1 60 0 0 30 56.2 49.9 49.9
5337 0.4 50 0 0 4737 0.1 60 0 0 60 56.5 50.1 50.1
5337 0.4 50 0 0 4737 0.1 60 0 0 90 56.3 50.1 50.1
5337 0.4 50 0 0 4737 0.1 60 0 0 120 56.3 50.4 50.4
5337 0.4 50 0 0 4737 0.1 60 0 0 150 56.3 50.5 50.5
5337 0.4 50 0 0 4737 0.1 60 0 0 180 56.2 50.5 50.5
5337 0.4 50 0 0 4737 0.2 0 0 0 0 59.0 51.5 51.5
5337 0.4 50 0 0 4737 0.2 0 0 0 30 58.9 51.7 51.7
5337 0.4 50 0 0 4737 0.2 0 0 0 60 59.1 51.7 51.7
5337 0.4 50 0 0 4737 0.2 0 0 0 90 59.2 51.9 51.9
5337 0.4 50 0 0 4737 0.2 0 0 0 120 59.0 52.1 52.1
5337 0.4 50 0 0 4737 0.2 0 0 0 150 59.1 52.2 52.2
5337 0.4 50 0 0 4737 0.2 0 0 0 180 59.0 51.9 51.9
5337 0.4 50 0 0 4737 0.2 10 0 0 0 58.9 51.0 51.0
5337 0.4 50 0 0 4737 0.2 10 0 0 30 58.9 51.2 51.2
5337 0.4 50 0 0 4737 0.2 10 0 0 60 59.0 51.2 51.2
5337 0.4 50 0 0 4737 0.2 10 0 0 90 59.1 51.5 51.5
5337 0.4 50 0 0 4737 0.2 10 0 0 120 59.0 51.6 51.6
5337 0.4 50 0 0 4737 0.2 10 0 0 150 59.0 51.8 51.8
5337 0.4 50 0 0 4737 0.2 10 0 0 180 59.0 51.5 51.5
5337 0.4 50 0 0 4737 0.2 20 0 0 0 58.7 49.5 49.5
5337 0.4 50 0 0 4737 0.2 20 0 0 30 58.6 49.7 49.7
5337 0.4 50 0 0 4737 0.2 20 0 0 60 58.8 49.8 49.8
5337 0.4 50 0 0 4737 0.2 20 0 0 90 58.9 49.9 49.9
5337 0.4 50 0 0 4737 0.2 20 0 0 120 58.7 50.0 50.0
5337 0.4 50 0 0 4737 0.2 20 0 0 150 58.8 50.2 50.2
5337 0.4 50 0 0 4737 0.2 20 0 0 180 58.7 50.0 50.0
5337 0.4 50 0 0 4737 0.2 30 0 0 0 58.3 47.3 47.3
5337 0.4 50 0 0 4737 0.2 30 0 0 30 58.2 47.3 47.3
5337 0.4 50 0 0 4737 0.2 30 0 0 60 58.4 47.4 47.4
5337 0.4 50 0 0 4737 0.2 30 0 0 90 58.5 47.3 47.3
5337 0.4 50 0 0 4737 0.2 30 0 0 120 58.3 47.4 47.4
5337 0.4 50 0 0 4737 0.2 30 0 0 150 58.4 47.5 47.5
5337 0.4 50 0 0 4737 0.2 30 0 0 180 58.3 47.5 47.5
5337 0.4 50 0 0 4737 0.2 40 0 0 0 57.7 47.4 47.4
5337 0.4 50 0 0 4737 0.2 40 0 0 30 57.6 47.3 47.3
5337 0.4 50 0 0 4737 0.2 40 0 0 60 57.8 47.5 47.5
5337 0.4 50 0 0 4737 0.2 40 0 0 90 58.0 47.4 47.4
5337 0.4 50 0 0 4737 0.2 40 0 0 120 57.6 47.3 47.3
5337 0.4 50 0 0 4737 0.2 40 0 0 150 57.9 47.6 47.6
5337 0.4 50 0 0 4737 0.2 40 0 0 180 57.7 47.7 47.7
5337 0.4 50 0 0 4737 0.2 50 0 0 0 56.8 48.0 48.0
5337 0.4 50 0 0 4737 0.2 50 0 0 30 56.6 47.9 47.9
5337 0.4 50 0 0 4737 0.2 50 0 0 60 56.9 48.2 48.2
5337 0.4 50 0 0 4737 0.2 50 0 0 90 57.1 48.2 48.2
5337 0.4 50 0 0 4737 0.2 50 0 0 120 56.7 48.1 48.1
5337 0.4 50 0 0 4737 0.2 50 0 0 150 57.0 48.4 48.4
5337 0.4 50 0 0 4737 0.2 50 0 0 180 56.7 48.4 48.4
5337 0.4 50 0 0 4737 0.2 60 0 0 0 55.2 48.8 48.8
5337 0.4 50 0 0 4737 0.2 60 0 0 30 55.1 48.7 48.7
5337 0.4 50 0 0 4737 0.2 60 0 0 60 55.4 49.1 49.1
5337 0.4 50 0 0 4737 0.2 60 0 0 90 55.5 49.2 49.2
5337 0.4 50 0 0 4737 0.2 60 0 0 120 55.1 49.2 49.2
5337 0.4 50 0 0 4737 0.2 60 0 0 150 55.4 49.7 49.7
5337 0.4 50 0 0 4737 0.2 60 0 0 180 55.1 49.7 49.7
5337 0.4 50 0 0 4737 0.3 0 0 0 0 58.1 50.4 50.4
5337 0.4 50 0 0 4737 0.3 0 0 0 30 58.0 50.6 50.6
5337 0.4 50 0 0 4737 0.3 0 0 0 60 58.2 50.8 50.8
5337 0.4 50 0 0 4737 0.3 0 0 0 90 58.3 50.8 50.8
5337 0.4 50 0 0 4737 0.3 0 0 0 120 58.2 51.0 51.0
5337 0.4 50 0 0 4737 0.3 0 0 0 150 58.2 51.2 51.2
5337 0.4 50 0 0 4737 0.3 0 0 0 180 58.2 50.9 50.9
5337 0.4 50 0 0 4737 0.3 10 0 0 0 58.0 49.9 49.9
5337 0.4 50 0 0 4737 0.3 10 0 0 30 58.0 50.1 50.1
5337 0.4 50 0 0 4737 0.3 10 0 0 60 58.1 50.2 50.2
5337 0.4 50 0 0 4737 0.3 10 0 0 90 58.2 50.3 50.3
5337 0.4 50 0 0 4737 0.3 10 0 0 120 58.1 50.5 50.5
5337 0.4 50 0 0 4737 0.3 10 0 0 150 58.1 50.7 50.7
5337 0.4 50 0 0 4737 0.3 10 0 0 180 58.1 50.4 50.4
5337 0.4 50 0 0 4737 0.3 20 0 0 0 57.8 48.2 48.2
5337 0.4 50 0 0 4737 0.3 20 0 0 30 57.7 48.3 48.3
5337 0.4 50 0 0 4737 0.3 20 0 0 60 57.9 48.5 48.5
5337 0.4 50 0 0 4737 0.3 20 0 0 90 58.0 48.6 48.6
5337 0.4 50 0 0 4737 0.3 20 0 0 120 57.9 48.7 48.7
5337 0.4 50 0 0 4737 0.3 20 0 0 150 57.9 48.8 48.8
5337 0.4 50 0 0 4737 0.3 20 0 0 180 57.8 48.7 48.7
5337 0.4 50 0 0 4737 0.3 30 0 0 0 57.4 46.6 46.6
5337 0.4 50 0 0 4737 0.3 30 0 0 30 57.3 46.7 46.7
5337 0.4 50 0 0 4737 0.3 30 0 0 60 57.5 46.7 46.7
5337 0.4 50 0 0 4737 0.3 30 0 0 90 57.6 46.6 46.6
5337 0.4 50 0 0 4737 0.3 30 0 0 120 57.5 46.7 46.7
5337 0.4 50 0 0 4737 0.3 30 0 0 150 57.5 46.8 46.8
5337 0.4 50 0 0 4737 0.3 30 0 0 180 57.4 46.9 46.9
5337 0.4 50 0 0 4737 0.3 40 0 0 0 56.8 46.7 46.7
5337 0.4 50 0 0 4737 0.3 40 0 0 30 56.7 46.8 46.8
5337 0.4 50 0 0 4737 0.3 40 0 0 60 56.8 46.8 46.8
5337 0.4 50 0 0 4737 0.3 40 0 0 90 57.0 46.8 46.8
5337 0.4 50 0 0 4737 0.3 40 0 0 120 56.8 46.8 46.8
5337 0.4 50 0 0 4737 0.3 40 0 0 150 56.8 47.0 47.0
5337 0.4 50 0 0 4737 0.3 40 0 0 180 56.8 47.1 47.1
5337 0.4 50 0 0 4737 0.3 50 0 0 0 55.8 47.2 47.2
5337 0.4 50 0 0 4737 0.3 50 0 0 30 55.7 47.2 47.2
5337 0.4 50 0 0 4737 0.3 50 0 0 60 55.9 47.3 47.3
5337 0.4 50 0 0 4737 0.3 50 0 0 90 56.0 47.6 47.6
5337 0.4 50 0 0 4737 0.3 50 0 0 120 55.8 47.4 47.4
5337 0.4 50 0 0 4737 0.3 50 0 0 150 55.9 47.7 47.7
5337 0.4 50 0 0 4737 0.3 50 0 0 180 55.8 47.6 47.6
5337 0.4 50 0 0 4737 0.3 60 0 0 0 54.0 48.0 48.0
5337 0.4 50 0 0 4737 0.3 60 0 0 30 54.0 47.9 47.9
5337 0.4 50 0 0 4737 0.3 60 0 0 60 54.2 48.0 48.0
5337 0.4 50 0 0 4737 0.3 60 0 0 90 54.3 48.4 48.4
5337 0.4 50 0 0 4737 0.3 60 0 0 120 54.0 48.2 48.2
5337 0.4 50 0 0 4737 0.3 60 0 0 150 54.2 48.9 48.9
5337 0.4 50 0 0 4737 0.3 60 0 0 180 54.0 48.8 48.8
5337 0.4 50 0 0 4737 0.4 0 0 0 0 57.1 49.2 49.2
5337 0.4 50 0 0 4737 0.4 0 0 0 30 57.2 49.3 49.3
5337 0.4 50 0 0 4737 0.4 0 0 0 60 57.3 49.6 49.6
5337 0.4 50 0 0 4737 0.4 0 0 0 90 57.4 49.8 49.8
5337 0.4 50 0 0 4737 0.4 0 0 0 120 57.3 49.7 49.7
5337 0.4 50 0 0 4737 0.4 0 0 0 150 57.3 50.1 50.1
5337 0.4 50 0 0 4737 0.4 0 0 0 180 57.3 49.8 49.8
5337 0.4 50 0 0 4737 0.4 10 0 0 0 57.1 48.6 48.6
5337 0.4 50 0 0 4737 0.4 10 0 0 30 57.1 48.7 48.7
5337 0.4 50 0 0 4737 0.4 10 0 0 60 57.2 49.0 49.0
5337 0.4 50 0 0 4737 0.4 10 0 0 90 57.3 49.2 49.2
5337 0.4 50 0 0 4737 0.4 10 0 0 120 57.2 49.2 49.2
5337 0.4 50 0 0 4737 0.4 10 0 0 150 57.2 49.5 49.5
5337 0.4 50 0 0 4737 0.4 10 0 0 180 57.2 49.3 49.3
5337 0.4 50 0 0 4737 0.4 20 0 0 0 56.8 46.6 46.6
5337 0.4 50 0 0 4737 0.4 20 0 0 30 56.9 46.6 46.6
5337 0.4 50 0 0 4737 0.4 20 0 0 60 57.0 46.8 46.8
5337 0.4 50 0 0 4737 0.4 20 0 0 90 57.1 46.9 46.9
5337 0.4 50 0 0 4737 0.4 20 0 0 120 56.9 47.0 47.0
5337 0.4 50 0 0 4737 0.4 20 0 0 150 57.0 47.2 47.2
5337 0.4 50 0 0 4737 0.4 20 0 0 180 57.0 47.1 47.1
5337 0.4 50 0 0 4737 0.4 30 0 0 0 56.4 46.1 46.1
5337 0.4 50 0 0 4737 0.4 30 0 0 30 56.4 46.2 46.2
5337 0.4 50 0 0 4737 0.4 30 0 0 60 56.6 46.3 46.3
5337 0.4 50 0 0 4737 0.4 30 0 0 90 56.6 46.2 46.2
5337 0.4 50 0 0 4737 0.4 30 0 0 120 56.5 46.1 46.1
5337 0.4 50 0 0 4737 0.4 30 0 0 150 56.5 46.3 46.3
5337 0.4 50 0 0 4737 0.4 30 0 0 180 56.5 46.3 46.3
5337 0.4 50 0 0 4737 0.4 40 0 0 0 55.7 46.2 46.2
5337 0.4 50 0 0 4737 0.4 40 0 0 30 55.8 46.3 46.3
5337 0.4 50 0 0 4737 0.4 40 0 0 60 55.9 46.4 46.4
5337 0.4 50 0 0 4737 0.4 40 0 0 90 55.9 46.4 46.4
5337 0.4 50 0 0 4737 0.4 40 0 0 120 55.8 46.3 46.3
5337 0.4 50 0 0 4737 0.4 40 0 0 150 55.8 46.4 46.4
5337 0.4 50 0 0 4737 0.4 40 0 0 180 55.9 46.4 46.4
5337 0.4 50 0 0 4737 0.4 50 0 0 0 54.7 46.5 46.5
5337 0.4 50 0 0 4737 0.4 50 0 0 30 54.8 46.6 46.6
5337 0.4 50 0 0 4737 0.4 50 0 0 60 54.9 46.7 46.7
5337 0.4 50 0 0 4737 0.4 50 0 0 90 54.9 46.8 46.8
5337 0.4 50 0 0 4737 0.4 50 0 0 120 54.8 46.9 46.9
5337 0.4 50 0 0 4737 0.4 50 0 0 150 54.8 47.2 47.2
5337 0.4 50 0 0 4737 0.4 50 0 0 180 54.8 47.1 47.1
5337 0.4 50 0 0 4737 0.4 60 0 0 0 52.8 47.2 47.2
5337 0.4 50 0 0 4737 0.4 60 0 0 30 52.7 47.1 47.1
5337 0.4 50 0 0 4737 0.4 60 0 0 60 52.9 47.2 47.2
5337 0.4 50 0 0 4737 0.4 60 0 0 90 52.9 47.4 47.4
5337 0.4 50 0 0 4737 0.4 60 0 0 120 52.8 47.4 47.4
5337 0.4 50 0 0 4737 0.4 60 0 0 150 52.7 47.8 47.8
5337 0.4 50 0 0 4737 0.4 60 0 0 180 52.7 48.0 48.0
5337 0.4 50 0 0 4737 0.5 0 0 0 0 56.2 47.7 47.7
5337 0.4 50 0 0 4737 0.5 0 0 0 30 56.3 47.7 47.7
5337 0.4 50 0 0 4737 0.5 0 0 0 60 56.4 47.8 47.8
5337 0.4 50 0 0 4737 0.5 0 0 0 90 56.5 48.2 48.2
5337 0.4 50 0 0 4737 0.5 0 0 0 120 56.2 48.2 48.2
5337 0.4 50 0 0 4737 0.5 0 0 0 150 56.5 48.6 48.6
5337 0.4 50 0 0 4737 0.5 0 0 0 180 56.4 48.3 48.3
5337 0.4 50 0 0 4737 0.5 10 0 0 0 56.1 46.9 46.9
5337 0.4 50 0 0 4737 0.5 10 0 0 30 56.2 46.9 46.9
5337 0.4 50 0 0 4737 0.5 10 0 0 60 56.3 47.0 47.0
5337 0.4 50 0 0 4737 0.5 10 0 0 90 56.4 47.3 47.3
5337 0.4 50 0 0 4737 0.5 10 0 0 120 56.1 47.4 47.4
5337 0.4 50 0 0 4737 0.5 10 0 0 150 56.4 47.7 47.7
5337 0.4 50 0 0 4737 0.5 10 0 0 180 56.3 47.4 47.4
5337 0.4 50 0 0 4737 0.5 20 0 0 0 55.8 45.9 45.9
5337 0.4 50 0 0 4737 0.5 20 0 0 30 56.0 45.9 45.9
5337 0.4 50 0 0 4737 0.5 20 0 0 60 56.0 46.0 46.0
5337 0.4 50 0 0 4737 0.5 20 0 0 90 56.1 46.2 46.2
5337 0.4 50 0 0 4737 0.5 20 0 0 120 55.8 46.4 46.4
5337 0.4 50 0 0 4737 0.5 20 0 0 150 56.1 46.6 46.6
5337 0.4 50 0 0 4737 0.5 20 0 0 180 56.0 46.4 46.4
5337 0.4 50 0 0 4737 0.5 30 0 0 0 55.4 45.8 45.8
5337 0.4 50 0 0 4737 0.5 30 0 0 30 55.5 45.8 45.8
5337 0.4 50 0 0 4737 0.5 30 0 0 60 55.6 45.8 45.8
5337 0.4 50 0 0 4737 0.5 30 0 0 90 55.7 46.0 46.0
5337 0.4 50 0 0 4737 0.5 30 0 0 120 55.4 46.1 46.1
5337 0.4 50 0 0 4737 0.5 30 0 0 150 55.7 46.0 46.0
5337 0.4 50 0 0 4737 0.5 30 0 0 180 55.6 45.9 45.9
5337 0.4 50 0 0 4737 0.5 40 0 0 0 54.7 45.9 45.9
5337 0.4 50 0 0 4737 0.5 40 0 0 30 54.8 45.9 45.9
5337 0.4 50 0 0 4737 0.5 40 0 0 60 54.9 45.9 45.9
5337 0.4 50 0 0 4737 0.5 40 0 0 90 55.0 46.1 46.1
5337 0.4 50 0 0 4737 0.5 40 0 0 120 54.7 46.1 46.1
5337 0.4 50 0 0 4737 0.5 40 0 0 150 54.9 46.2 46.2
5337 0.4 50 0 0 4737 0.5 40 0 0 180 54.9 46.0 46.0
5337 0.4 50 0 0 4737 0.5 50 0 0 0 53.6 46.0 46.0
5337 0.4 50 0 0 4737 0.5 50 0 0 30 53.7 46.0 46.0
5337 0.4 50 0 0 4737 0.5 50 0 0 60 53.8 46.1 46.1
5337 0.4 50 0 0 4737 0.5 50 0 0 90 53.8 46.2 46.2
5337 0.4 50 0 0 4737 0.5 50 0 0 120 53.6 46.3 46.3
5337 0.4 50 0 0 4737 0.5 50 0 0 150 53.7 46.6 46.6
5337 0.4 50 0 0 4737 0.5 50 0 0 180 53.7 46.5 46.5
5337 0.4 50 0 0 4737 0.5 60 0 0 0 51.9 46.5 46.5
5337 0.4 50 0 0 4737 0.5 60 0 0 30 52.0 46.5 46.5
5337 0.4 50 0 0 4737 0.5 60 0 0 60 52.0 46.5 46.5
5337 0.4 50 0 0 4737 0.5 60 0 0 90 51.9 46.6 46.6
5337 0.4 50 0 0 4737 0.5 60 0 0 120 51.8 46.6 46.6
5337 0.4 50 0 0 4737 0.5 60 0 0 150 51.6 46.9 46.9
5337 0.4 50 0 0 4737 0.5 60 0 0 180 51.7 47.2 47.2
5337 0.4 50 0 0 4937 0.0 0 0 0 0 61.0 53.7 53.7
5337 0.4 50 0 0 4937 0.0 0 0 0 30 61.2 54.0 54.0
5337 0.4 50 0 0 4937 0.0 0 0 0 60 61.3 54.4 54.4
5337 0.4 50 0 0 4937 0.0 0 0 0 90 61.4 54.9 54.9
5337 0.4 50 0 0 4937 0.0 0 0 0 120 61.4 55.2 55.2
5337 0.4 50 0 0 4937 0.0 0 0 0 150 61.2 55.1 55.1
5337 0.4 50 0 0 4937 0.0 0 0 0 180 61.3 54.8 54.8
5337 0.4 50 0 0 4937 0.0 10 0 0 0 60.9 53.2 53.2
5337 0.4 50 0 0 4937 0.0 10 0 0 30 61.1 53.5 53.5
5337 0.4 50 0 0 4937 0.0 10 0 0 60 61.3 53.9 53.9
5337 0.4 50 0 0 4937 0.0 10 0 0 90 61.3 54.5 54.5
5337 0.4 50 0 0 4937 0.0 10 0 0 120 61.3 54.8 54.8
5337 0.4 50 0 0 4937 0.0 10 0 0 150 61.2 54.8 54.8
5337 0.4 50 0 0 4937 0.0 10 0 0 180 61.2 54.4 54.4
5337 0.4 50 0 0 4937 0.0 20 0 0 0 60.7 52.0 52.0
5337 0.4 50 0 0 4937 0.0 20 0 0 30 61.0 52.3 52.3
5337 0.4 50 0 0 4937 0.0 20 0 0 60 61.1 52.7 52.7
5337 0.4 50 0 0 4937 0.0 20 0 0 90 61.1 53.1 53.1
5337 0.4 50 0 0 4937 0.0 20 0 0 120 61.2 53.4 53.4
5337 0.4 50 0 0 4937 0.0 20 0 0 150 61.0 53.6 53.6
5337 0.4 50 0 0 4937 0.0 20 0 0 180 61.0 53.2 53.2
5337 0.4 50 0 0 4937 0.0 30 0 0 0 60.4 49.6 49.6
5337 0.4 50 0 0 4937 0.0 30 0 0 30 60.7 49.9 49.9
5337 0.4 50 0 0 4937 0.0 30 0 0 60 60.8 50.3 50.3
5337 0.4 50 0 0 4937 0.0 30 0 0 90 60.8 50.6 50.6
5337 0.4 50 0 0 4937 0.0 30 0 0 120 60.8 50.6 50.6
5337 0.4 50 0 0 4937 0.0 30 0 0 150 60.7 50.5 50.5
5337 0.4 50 0 0 4937 0.0 30 0 0 180 60.7 50.2 50.2
5337 0.4 50 0 0 4937 0.0 40 0 0 0 59.9 49.4 49.4
5337 0.4 50 0 0 4937 0.0 40 0 0 30 60.1 49.8 49.8
5337 0.4 50 0 0 4937 0.0 40 0 0 60 60.2 50.1 50.1
5337 0.4 50 0 0 4937 0.0 40 0 0 90 60.3 50.5 50.5
5337 0.4 50 0 0 4937 0.0 40 0 0 120 60.3 50.5 50.5
5337 0.4 50 0 0 4937 0.0 40 0 0 150 60.1 50.3 50.3
5337 0.4 50 0 0 4937 0.0 40 0 0 180 60.1 50.0 50.0
5337 0.4 50 0 0 4937 0.0 50 0 0 0 59.1 49.9 49.9
5337 0.4 50 0 0 4937 0.0 50 0 0 30 59.3 50.2 50.2
5337 0.4 50 0 0 4937 0.0 50 0 0 60 59.4 50.5 50.5
5337 0.4 50 0 0 4937 0.0 50 0 0 90 59.5 51.0 51.0
5337 0.4 50 0 0 4937 0.0 50 0 0 120 59.5 51.1 51.1
5337 0.4 50 0 0 4937 0.0 50 0 0 150 59.3 51.1 51.1
5337 0.4 50 0 0 4937 0.0 50 0 0 180 59.3 50.8 50.8
5337 0.4 50 0 0 4937 0.0 60 0 0 0 57.7 51.0 51.0
5337 0.4 50 0 0 4937 0.0 60 0 0 30 57.9 51.2 51.2
5337 0.4 50 0 0 4937 0.0 60 0 0 60 58.1 51.6 51.6
5337 0.4 50 0 0 4937 0.0 60 0 0 90 58.0 51.9 51.9
5337 0.4 50 0 0 4937 0.0 60 0 0 120 58.1 52.1 52.1
5337 0.4 50 0 0 4937 0.0 60 0 0 150 58.0 52.2 52.2
5337 0.4 50 0 0 4937 0.0 60 0 0 180 57.9 52.1 52.1
5337 0.4 50 0 0 4937 0.1 0 0 0 0 60.1 52.7 52.7
5337 0.4 50 0 0 4937 0.1 0 0 0 30 60.3 53.0 53.0
5337 0.4 50 0 0 4937 0.1 0 0 0 60 60.4 53.4 53.4
5337 0.4 50 0 0 4937 0.1 0 0 0 90 60.5 53.9 53.9
5337 0.4 50 0 0 4937 0.1 0 0 0 120 60.6 54.3 54.3
5337 0.4 50 0 0 4937 0.1 0 0 0 150 60.4 54.3 54.3
5337 0.4 50 0 0 4937 0.1 0 0 0 180 60.3 53.9 53.9
5337 0.4 50 0 0 4937 0.1 10 0 0 0 60.1 52.1 52.1
5337 0.4 50 0 0 4937 0.1 10 0 0 30 60.3 52.5 52.5
5337 0.4 50 0 0 4937 0.1 10 0 0 60 60.4 52.8 52.8
5337 0.4 50 0 0 4937 0.1 10 0 0 90 60.5 53.4 53.4
5337 0.4 50 0 0 4937 0.1 10 0 0 120 60.5 53.8 53.8
5337 0.4 50 0 0 4937 0.1 10 0 0 150 60.3 54.0 54.0
5337 0.4 50 0 0 4937 0.1 10 0 0 180 60.3 53.6 53.6
5337 0.4 50 0 0 4937 0.1 20 0 0 0 59.9 50.9 50.9
5337 0.4 50 0 0 4937 0.1 20 0 0 30 60.1 51.2 51.2
5337 0.4 50 0 0 4937 0.1 20 0 0 60 60.2 51.6 51.6
5337 0.4 50 0 0 4937 0.1 20 0 0 90 60.3 52.0 52.0
5337 0.4 50 0 0 4937 0.1 20 0 0 120 60.3 52.5 52.5
5337 0.4 50 0 0 4937 0.1 20 0 0 150 60.1 52.7 52.7
5337 0.4 50 0 0 4937 0.1 20 0 0 180 60.1 52.3 52.3
5337 0.4 50 0 0 4937 0.1 30 0 0 0 59.5 48.5 48.5
5337 0.4 50 0 0 4937 0.1 30 0 0 30 59.7 48.8 48.8
5337 0.4 50 0 0 4937 0.1 30 0 0 60 59.9 49.2 49.2
5337 0.4 50 0 0 4937 0.1 30 0 0 90 59.9 49.5 49.5
5337 0.4 50 0 0 4937 0.1 30 0 0 120 59.9 49.8 49.8
5337 0.4 50 0 0 4937 0.1 30 0 0 150 59.8 49.7 49.7
5337 0.4 50 0 0 4937 0.1 30 0 0 180 59.7 49.2 49.2
5337 0.4 50 0 0 4937 0.1 40 0 0 0 59.0 48.4 48.4
5337 0.4 50 0 0 4937 0.1 40 0 0 30 59.2 48.7 48.7
5337 0.4 50 0 0 4937 0.1 40 0 0 60 59.3 49.1 49.1
5337 0.4 50 0 0 4937 0.1 40 0 0 90 59.3 49.4 49.4
5337 0.4 50 0 0 4937 0.1 40 0 0 120 59.4 49.7 49.7
5337 0.4 50 0 0 4937 0.1 40 0 0 150 59.2 49.6 49.6
5337 0.4 50 0 0 4937 0.1 40 0 0 180 59.2 49.2 49.2
5337 0.4 50 0 0 4937 0.1 50 0 0 0 58.2 48.8 48.8
5337 0.4 50 0 0 4937 0.1 50 0 0 30 58.3 49.0 49.0
5337 0.4 50 0 0 4937 0.1 50 0 0 60 58.5 49.4 49.4
5337 0.4 50 0 0 4937 0.1 50 0 0 90 58.4 49.9 49.9
5337 0.4 50 0 0 4937 0.1 50 0 0 120 58.5 50.2 50.2
5337 0.4 50 0 0 4937 0.1 50 0 0 150 58.4 50.4 50.4
5337 0.4 50 0 0 4937 0.1 50 0 0 180 58.3 50.1 50.1
5337 0.4 50 0 0 4937 0.1 60 0 0 0 56.7 50.1 50.1
5337 0.4 50 0 0 4937 0.1 60 0 0 30 57.0 50.2 50.2
5337 0.4 50 0 0 4937 0.1 60 0 0 60 57.0 50.5 50.5
5337 0.4 50 0 0 4937 0.1 60 0 0 90 57.0 50.7 50.7
5337 0.4 50 0 0 4937 0.1 60 0 0 120 57.1 51.0 51.0
5337 0.4 50 0 0 4937 0.1 60 0 0 150 57.0 51.3 51.3
5337 0.4 50 0 0 4937 0.1 60 0 0 180 56.9 51.2 51.2
5337 0.4 50 0 0 4937 0.2 0 0 0 0 59.3 51.7 51.7
5337 0.4 50 0 0 4937 0.2 0 0 0 30 59.4 51.9 51.9
5337 0.4 50 0 0 4937 0.2 0 0 0 60 59.6 52.3 52.3
5337 0.4 50 0 0 4937 0.2 0 0 0 90 59.6 52.8 52.8
5337 0.4 50 0 0 4937 0.2 0 0 0 120 59.6 53.2 53.2
5337 0.4 50 0 0 4937 0.2 0 0 0 150 59.5 53.4 53.4
5337 0.4 50 0 0 4937 0.2 0 0 0 180 59.5 53.0 53.0
5337 0.4 50 0 0 4937 0.2 10 0 0 0 59.2 51.1 51.1
5337 0.4 50 0 0 4937 0.2 10 0 0 30 59.4 51.4 51.4
5337 0.4 50 0 0 4937 0.2 10 0 0 60 59.5 51.7 51.7
5337 0.4 50 0 0 4937 0.2 10 0 0 90 59.6 52.2 52.2
5337 0.4 50 0 0 4937 0.2 10 0 0 120 59.5 52.8 52.8
5337 0.4 50 0 0 4937 0.2 10 0 0 150 59.4 53.0 53.0
5337 0.4 50 0 0 4937 0.2 10 0 0 180 59.4 52.6 52.6
5337 0.4 50 0 0 4937 0.2 20 0 0 0 59.0 49.8 49.8
5337 0.4 50 0 0 4937 0.2 20 0 0 30 59.2 50.0 50.0
5337 0.4 50 0 0 4937 0.2 20 0 0 60 59.3 50.4 50.4
5337 0.4 50 0 0 4937 0.2 20 0 0 90 59.4 50.8 50.8
5337 0.4 50 0 0 4937 0.2 20 0 0 120 59.3 51.3 51.3
5337 0.4 50 0 0 4937 0.2 20 0 0 150 59.2 51.7 51.7
5337 0.4 50 0 0 4937 0.2 20 0 0 180 59.2 51.3 51.3
5337 0.4 50 0 0 4937 0.2 30 0 0 0 58.6 47.4 47.4
5337 0.4 50 0 0 4937 0.2 30 0 0 30 58.8 47.7 47.7
5337 0.4 50 0 0 4937 0.2 30 0 0 60 58.9 48.1 48.1
5337 0.4 50 0 0 4937 0.2 30 0 0 90 59.0 48.5 48.5
5337 0.4 50 0 0 4937 0.2 30 0 0 120 59.0 49.0 49.0
5337 0.4 50 0 0 4937 0.2 30 0 0 150 58.8 49.1 49.1
5337 0.4 50 0 0 4937 0.2 30 0 0 180 58.8 48.6 48.6
5337 0.4 50 0 0 4937 0.2 40 0 0 0 58.1 47.4 47.4
5337 0.4 50 0 0 4937 0.2 40 0 0 30 58.2 47.7 47.7
5337 0.4 50 0 0 4937 0.2 40 0 0 60 58.4 48.0 48.0
5337 0.4 50 0 0 4937 0.2 40 0 0 90 58.4 48.5 48.5
5337 0.4 50 0 0 4937 0.2 40 0 0 120 58.4 48.9 48.9
5337 0.4 50 0 0 4937 0.2 40 0 0 150 58.2 49.0 49.0
5337 0.4 50 0 0 4937 0.2 40 0 0 180 58.2 48.6 48.6
5337 0.4 50 0 0 4937 0.2 50 0 0 0 57.2 47.8 47.8
5337 0.4 50 0 0 4937 0.2 50 0 0 30 57.3 48.0 48.0
5337 0.4 50 0 0 4937 0.2 50 0 0 60 57.5 48.4 48.4
5337 0.4 50 0 0 4937 0.2 50 0 0 90 57.5 48.9 48.9
5337 0.4 50 0 0 4937 0.2 50 0 0 120 57.5 49.3 49.3
5337 0.4 50 0 0 4937 0.2 50 0 0 150 57.3 49.5 49.5
5337 0.4 50 0 0 4937 0.2 50 0 0 180 57.3 49.3 49.3
5337 0.4 50 0 0 4937 0.2 60 0 0 0 55.8 49.2 49.2
5337 0.4 50 0 0 4937 0.2 60 0 0 30 55.9 49.3 49.3
5337 0.4 50 0 0 4937 0.2 60 0 0 60 56.0 49.5 49.5
5337 0.4 50 0 0 4937 0.2 60 0 0 90 56.0 49.8 49.8
5337 0.4 50 0 0 4937 0.2 60 0 0 120 56.0 50.1 50.1
5337 0.4 50 0 0 4937 0.2 60 0 0 150 55.9 50.4 50.4
5337 0.4 50 0 0 4937 0.2 60 0 0 180 55.9 50.3 50.3
5337 0.4 50 0 0 4937 0.3 0 0 0 0 58.4 50.5 50.5
5337 0.4 50 0 0 4937 0.3 0 0 0 30 58.5 50.9 50.9
5337 0.4 50 0 0 4937 0.3 0 0 0 60 58.7 51.1 51.1
5337 0.4 50 0 0 4937 0.3 0 0 0 90 58.7 51.6 51.6
5337 0.4 50 0 0 4937 0.3 0 0 0 120 58.8 52.1 52.1
5337 0.4 50 0 0 4937 0.3 0 0 0 150 58.7 52.5 52.5
5337 0.4 50 0 0 4937 0.3 0 0 0 180 58.6 52.0 52.0
5337 0.4 50 0 0 4937 0.3 10 0 0 0 58.4 50.1 50.1
5337 0.4 50 0 0 4937 0.3 10 0 0 30 58.5 50.2 50.2
5337 0.4 50 0 0 4937 0.3 10 0 0 60 58.6 50.6 50.6
5337 0.4 50 0 0 4937 0.3 10 0 0 90 58.6 51.0 51.0
5337 0.4 50 0 0 4937 0.3 10 0 0 120 58.7 51.6 51.6
5337 0.4 50 0 0 4937 0.3 10 0 0 150 58.7 52.0 52.0
5337 0.4 50 0 0 4937 0.3 10 0 0 180 58.5 51.6 51.6
5337 0.4 50 0 0 4937 0.3 20 0 0 0 58.2 48.5 48.5
5337 0.4 50 0 0 4937 0.3 20 0 0 30 58.2 48.7 48.7
5337 0.4 50 0 0 4937 0.3 20 0 0 60 58.4 49.0 49.0
5337 0.4 50 0 0 4937 0.3 20 0 0 90 58.4 49.4 49.4
5337 0.4 50 0 0 4937 0.3 20 0 0 120 58.5 50.0 50.0
5337 0.4 50 0 0 4937 0.3 20 0 0 150 58.4 50.5 50.5
5337 0.4 50 0 0 4937 0.3 20 0 0 180 58.3 50.1 50.1
5337 0.4 50 0 0 4937 0.3 30 0 0 0 57.8 46.5 46.5
5337 0.4 50 0 0 4937 0.3 30 0 0 30 57.8 46.7 46.7
5337 0.4 50 0 0 4937 0.3 30 0 0 60 58.0 47.1 47.1
5337 0.4 50 0 0 4937 0.3 30 0 0 90 58.0 47.5 47.5
5337 0.4 50 0 0 4937 0.3 30 0 0 120 58.1 48.1 48.1
5337 0.4 50 0 0 4937 0.3 30 0 0 150 58.0 48.4 48.4
5337 0.4 50 0 0 4937 0.3 30 0 0 180 57.9 47.8 47.8
5337 0.4 50 0 0 4937 0.3 40 0 0 0 57.2 46.6 46.6
5337 0.4 50 0 0 4937 0.3 40 0 0 30 57.2 46.7 46.7
5337 0.4 50 0 0 4937 0.3 40 0 0 60 57.5 47.2 47.2
5337 0.4 50 0 0 4937 0.3 40 0 0 90 57.4 47.5 47.5
5337 0.4 50 0 0 4937 0.3 40 0 0 120 57.4 48.1 48.1
5337 0.4 50 0 0 4937 0.3 40 0 0 150 57.4 48.4 48.4
5337 0.4 50 0 0 4937 0.3 40 0 0 180 57.2 48.0 48.0
5337 0.4 50 0 0 4937 0.3 50 0 0 0 56.3 47.0 47.0
5337 0.4 50 0 0 4937 0.3 50 0 0 30 56.3 47.1 47.1
5337 0.4 50 0 0 4937 0.3 50 0 0 60 56.6 47.4 47.4
5337 0.4 50 0 0 4937 0.3 50 0 0 90 56.5 47.8 47.8
5337 0.4 50 0 0 4937 0.3 50 0 0 120 56.5 48.3 48.3
5337 0.4 50 0 0 4937 0.3 50 0 0 150 56.4 48.7 48.7
5337 0.4 50 0 0 4937 0.3 50 0 0 180 56.3 48.7 48.7
5337 0.4 50 0 0 4937 0.3 60 0 0 0 54.7 48.3 48.3
5337 0.4 50 0 0 4937 0.3 60 0 0 30 54.7 48.4 48.4
5337 0.4 50 0 0 4937 0.3 60 0 0 60 55.0 48.6 48.6
5337 0.4 50 0 0 4937 0.3 60 0 0 90 54.9 48.8 48.8
5337 0.4 50 0 0 4937 0.3 60 0 0 120 55.0 49.1 49.1
5337 0.4 50 0 0 4937 0.3 60 0 0 150 54.9 49.4 49.4
5337 0.4 50 0 0 4937 0.3 60 0 0 180 54.8 49.3 49.3
5337 0.4 50 0 0 4937 0.4 0 0 0 0 57.6 49.5 49.5
5337 0.4 50 0 0 4937 0.4 0 0 0 30 57.6 49.6 49.6
5337 0.4 50 0 0 4937 0.4 0 0 0 60 57.8 50.0 50.0
5337 0.4 50 0 0 4937 0.4 0 0 0 90 57.8 50.3 50.3
5337 0.4 50 0 0 4937 0.4 0 0 0 120 57.9 50.9 50.9
5337 0.4 50 0 0 4937 0.4 0 0 0 150 57.8 51.4 51.4
5337 0.4 50 0 0 4937 0.4 0 0 0 180 57.6 50.9 50.9
5337 0.4 50 0 0 4937 0.4 10 0 0 0 57.5 48.9 48.9
5337 0.4 50 0 0 4937 0.4 10 0 0 30 57.5 49.1 49.1
5337 0.4 50 0 0 4937 0.4 10 0 0 60 57.7 49.3 49.3
5337 0.4 50 0 0 4937 0.4 10 0 0 90 57.7 49.7 49.7
5337 0.4 50 0 0 4937 0.4 10 0 0 120 57.8 50.3 50.3
5337 0.4 50 0 0 4937 0.4 10 0 0 150 57.7 50.8 50.8
5337 0.4 50 0 0 4937 0.4 10 0 0 180 57.6 50.5 50.5
5337 0.4 50 0 0 4937 0.4 20 0 0 0 57.3 46.7 46.7
5337 0.4 50 0 0 4937 0.4 20 0 0 30 57.3 46.9 46.9
5337 0.4 50 0 0 4937 0.4 20 0 0 60 57.4 47.1 47.1
5337 0.4 50 0 0 4937 0.4 20 0 0 90 57.5 47.5 47.5
5337 0.4 50 0 0 4937 0.4 20 0 0 120 57.6 48.1 48.1
5337 0.4 50 0 0 4937 0.4 20 0 0 150 57.5 48.8 48.8
5337 0.4 50 0 0 4937 0.4 20 0 0 180 57.3 48.5 48.5
5337 0.4 50 0 0 4937 0.4 30 0 0 0 56.9 45.7 45.7
5337 0.4 50 0 0 4937 0.4 30 0 0 30 56.9 45.9 45.9
5337 0.4 50 0 0 4937 0.4 30 0 0 60 57.1 46.3 46.3
5337 0.4 50 0 0 4937 0.4 30 0 0 90 57.1 46.7 46.7
5337 0.4 50 0 0 4937 0.4 30 0 0 120 57.2 47.3 47.3
5337 0.4 50 0 0 4937 0.4 30 0 0 150 57.0 47.9 47.9
5337 0.4 50 0 0 4937 0.4 30 0 0 180 56.9 47.4 47.4
5337 0.4 50 0 0 4937 0.4 40 0 0 0 56.2 45.9 45.9
5337 0.4 50 0 0 4937 0.4 40 0 0 30 56.3 46.0 46.0
5337 0.4 50 0 0 4937 0.4 40 0 0 60 56.5 46.4 46.4
5337 0.4 50 0 0 4937 0.4 40 0 0 90 56.5 46.7 46.7
5337 0.4 50 0 0 4937 0.4 40 0 0 120 56.5 47.3 47.3
5337 0.4 50 0 0 4937 0.4 40 0 0 150 56.4 47.8 47.8
5337 0.4 50 0 0 4937 0.4 40 0 0 180 56.3 47.6 47.6
5337 0.4 50 0 0 4937 0.4 50 0 0 0 55.3 46.5 46.5
5337 0.4 50 0 0 4937 0.4 50 0 0 30 55.3 46.5 46.5
5337 0.4 50 0 0 4937 0.4 50 0 0 60 55.5 46.8 46.8
5337 0.4 50 0 0 4937 0.4 50 0 0 90 55.5 47.0 47.0
5337 0.4 50 0 0 4937 0.4 50 0 0 120 55.6 47.4 47.4
5337 0.4 50 0 0 4937 0.4 50 0 0 150 55.4 48.0 48.0
5337 0.4 50 0 0 4937 0.4 50 0 0 180 55.3 48.0 48.0
5337 0.4 50 0 0 4937 0.4 60 0 0 0 53.4 47.5 47.5
5337 0.4 50 0 0 4937 0.4 60 0 0 30 53.4 47.5 47.5
5337 0.4 50 0 0 4937 0.4 60 0 0 60 53.6 47.7 47.7
5337 0.4 50 0 0 4937 0.4 60 0 0 90 53.6 47.9 47.9
5337 0.4 50 0 0 4937 0.4 60 0 0 120 53.7 48.2 48.2
5337 0.4 50 0 0 4937 0.4 60 0 0 150 53.7 48.6 48.6
5337 0.4 50 0 0 4937 0.4 60 0 0 180 53.5 48.5 48.5
5337 0.4 50 0 0 4937 0.5 0 0 0 0 56.7 48.1 48.1
5337 0.4 50 0 0 4937 0.5 0 0 0 30 56.8 48.3 48.3
5337 0.4 50 0 0 4937 0.5 0 0 0 60 56.8 48.5 48.5
5337 0.4 50 0 0 4937 0.5 0 0 0 90 56.9 48.8 48.8
5337 0.4 50 0 0 4937 0.5 0 0 0 120 56.9 49.3 49.3
5337 0.4 50 0 0 4937 0.5 0 0 0 150 56.8 50.0 50.0
5337 0.4 50 0 0 4937 0.5 0 0 0 180 56.7 49.5 49.5
5337 0.4 50 0 0 4937 0.5 10 0 0 0 56.6 47.2 47.2
5337 0.4 50 0 0 4937 0.5 10 0 0 30 56.7 47.3 47.3
5337 0.4 50 0 0 4937 0.5 10 0 0 60 56.7 47.5 47.5
5337 0.4 50 0 0 4937 0.5 10 0 0 90 56.8 47.9 47.9
5337 0.4 50 0 0 4937 0.5 10 0 0 120 56.9 48.4 48.4
5337 0.4 50 0 0 4937 0.5 10 0 0 150 56.8 49.2 49.2
5337 0.4 50 0 0 4937 0.5 10 0 0 180 56.6 48.8 48.8
5337 0.4 50 0 0 4937 0.5 20 0 0 0 56.4 45.8 45.8
5337 0.4 50 0 0 4937 0.5 20 0 0 30 56.5 45.9 45.9
5337 0.4 50 0 0 4937 0.5 20 0 0 60 56.5 46.1 46.1
5337 0.4 50 0 0 4937 0.5 20 0 0 90 56.5 46.4 46.4
5337 0.4 50 0 0 4937 0.5 20 0 0 120 56.6 47.0 47.0
5337 0.4 50 0 0 4937 0.5 20 0 0 150 56.5 47.8 47.8
5337 0.4 50 0 0 4937 0.5 20 0 0 180 56.3 47.6 47.6
5337 0.4 50 0 0 4937 0.5 30 0 0 0 55.9 45.2 45.2
5337 0.4 50 0 0 4937 0.5 30 0 0 30 56.0 45.4 45.4
5337 0.4 50 0 0 4937 0.5 30 0 0 60 56.1 45.7 45.7
5337 0.4 50 0 0 4937 0.5 30 0 0 90 56.1 45.9 45.9
5337 0.4 50 0 0 4937 0.5 30 0 0 120 56.2 46.6 46.6
5337 0.4 50 0 0 4937 0.5 30 0 0 150 56.0 47.4 47.4
5337 0.4 50 0 0 4937 0.5 30 0 0 180 55.9 47.2 47.2
5337 0.4 50 0 0 4937 0.5 40 0 0 0 55.3 45.4 45.4
5337 0.4 50 0 0 4937 0.5 40 0 0 30 55.4 45.6 45.6
5337 0.4 50 0 0 4937 0.5 40 0 0 60 55.5 45.7 45.7
5337 0.4 50 0 0 4937 0.5 40 0 0 90 55.4 46.0 46.0
5337 0.4 50 0 0 4937 0.5 40 0 0 120 55.6 46.6 46.6
5337 0.4 50 0 0 4937 0.5 40 0 0 150 55.3 47.3 47.3
5337 0.4 50 0 0 4937 0.5 40 0 0 180 55.2 47.3 47.3
5337 0.4 50 0 0 4937 0.5 50 0 0 0 54.3 46.0 46.0
5337 0.4 50 0 0 4937 0.5 50 0 0 30 54.4 46.1 46.1
5337 0.4 50 0 0 4937 0.5 50 0 0 60 54.5 46.2 46.2
5337 0.4 50 0 0 4937 0.5 50 0 0 90 54.4 46.4 46.4
5337 0.4 50 0 0 4937 0.5 50 0 0 120 54.5 46.7 46.7
5337 0.4 50 0 0 4937 0.5 50 0 0 150 54.3 47.3 47.3
5337 0.4 50 0 0 4937 0.5 50 0 0 180 54.2 47.4 47.4
5337 0.4 50 0 0 4937 0.5 60 0 0 0 52.3 46.8 46.8
5337 0.4 50 0 0 4937 0.5 60 0 0 30 52.5 46.8 46.8
5337 0.4 50 0 0 4937 0.5 60 0 0 60 52.5 46.9 46.9
5337 0.4 50 0 0 4937 0.5 60 0 0 90 52.4 47.0 47.0
5337 0.4 50 0 0 4937 0.5 60 0 0 120 52.5 47.3 47.3
5337 0.4 50 0 0 4937 0.5 60 0 0 150 52.4 47.8 47.8
5337 0.4 50 0 0 4937 0.5 60 0 0 180 52.5 47.6 47.6
5337 0.4 50 0 0 5137 0.0 0 0 0 0 61.6 54.4 54.4
5337 0.4 50 0 0 5137 0.0 0 0 0 30 61.6 54.9 54.9
5337 0.4 50 0 0 5137 0.0 0 0 0 60 61.5 55.4 55.4
5337 0.4 50 0 0 5137 0.0 0 0 0 90 61.3 55.7 55.7
5337 0.4 50 0 0 5137 0.0 0 0 0 120 61.3 55.6 55.6
5337 0.4 50 0 0 5137 0.0 0 0 0 150 61.2 55.3 55.3
5337 0.4 50 0 0 5137 0.0 0 0 0 180 61.2 54.8 54.8
5337 0.4 50 0 0 5137 0.0 10 0 0 0 61.5 54.0 54.0
5337 0.4 50 0 0 5137 0.0 10 0 0 30 61.5 54.4 54.4
5337 0.4 50 0 0 5137 0.0 10 0 0 60 61.4 54.9 54.9
5337 0.4 50 0 0 5137 0.0 10 0 0 90 61.3 55.2 55.2
5337 0.4 50 0 0 5137 0.0 10 0 0 120 61.2 55.2 55.2
5337 0.4 50 0 0 5137 0.0 10 0 0 150 61.1 54.9 54.9
5337 0.4 50 0 0 5137 0.0 10 0 0 180 61.1 54.4 54.4
5337 0.4 50 0 0 5137 0.0 20 0 0 0 61.4 53.0 53.0
5337 0.4 50 0 0 5137 0.0 20 0 0 30 61.4 53.3 53.3
5337 0.4 50 0 0 5137 0.0 20 0 0 60 61.2 53.5 53.5
5337 0.4 50 0 0 5137 0.0 20 0 0 90 61.1 53.9 53.9
5337 0.4 50 0 0 5137 0.0 20 0 0 120 61.0 54.0 54.0
5337 0.4 50 0 0 5137 0.0 20 0 0 150 60.9 53.7 53.7
5337 0.4 50 0 0 5137 0.0 20 0 0 180 60.9 53.3 53.3
5337 0.4 50 0 0 5137 0.0 30 0 0 0 61.1 50.7 50.7
5337 0.4 50 0 0 5137 0.0 30 0 0 30 61.1 50.9 50.9
5337 0.4 50 0 0 5137 0.0 30 0 0 60 60.9 51.0 51.0
5337 0.4 50 0 0 5137 0.0 30 0 0 90 60.8 51.0 51.0
5337 0.4 50 0 0 5137 0.0 30 0 0 120 60.6 50.9 50.9
5337 0.4 50 0 0 5137 0.0 30 0 0 150 60.6 50.5 50.5
5337 0.4 50 0 0 5137 0.0 30 0 0 180 60.6 50.2 50.2
5337 0.4 50 0 0 5137 0.0 40 0 0 0 60.6 50.3 50.3
5337 0.4 50 0 0 5137 0.0 40 0 0 30 60.6 50.5 50.5
5337 0.4 50 0 0 5137 0.0 40 0 0 60 60.4 50.6 50.6
5337 0.4 50 0 0 5137 0.0 40 0 0 90 60.3 50.5 50.5
5337 0.4 50 0 0 5137 0.0 40 0 0 120 60.1 50.6 50.6
5337 0.4 50 0 0 5137 0.0 40 0 0 150 60.1 50.4 50.4
5337 0.4 50 0 0 5137 0.0 40 0 0 180 60.1 50.1 50.1
5337 0.4 50 0 0 5137 0.0 50 0 0 0 59.8 50.7 50.7
5337 0.4 50 0 0 5137 0.0 50 0 0 30 59.8 50.8 50.8
5337 0.4 50 0 0 5137 0.0 50 0 0 60 59.7 50.8 50.8
5337 0.4 50 0 0 5137 0.0 50 0 0 90 59.5 50.8 50.8
5337 0.4 50 0 0 5137 0.0 50 0 0 120 59.4 50.9 50.9
5337 0.4 50 0 0 5137 0.0 50 0 0 150 59.3 50.9 50.9
5337 0.4 50 0 0 5137 0.0 50 0 0 180 59.3 51.0 51.0
5337 0.4 50 0 0 5137 0.0 60 0 0 0 58.5 52.0 52.0
5337 0.4 50 0 0 5137 0.0 60 0 0 30 58.6 51.9 51.9
5337 0.4 50 0 0 5137 0.0 60 0 0 60 58.4 51.7 51.7
5337 0.4 50 0 0 5137 0.0 60 0 0 90 58.3 51.6 51.6
5337 0.4 50 0 0 5137 0.0 60 0 0 120 58.1 51.7 51.7
5337 0.4 50 0 0 5137 0.0 60 0 0 150 58.1 51.9 51.9
5337 0.4 50 0 0 5137 0.0 60 0 0 180 58.1 52.1 52.1
5337 0.4 50 0 0 5137 0.1 0 0 0 0 60.7 53.4 53.4
5337 0.4 50 0 0 5137 0.1 0 0 0 30 60.8 53.9 53.9
5337 0.4 50 0 0 5137 0.1 0 0 0 60 60.6 54.4 54.4
5337 0.4 50 0 0 5137 0.1 0 0 0 90 60.5 54.7 54.7
5337 0.4 50 0 0 5137 0.1 0 0 0 120 60.4 54.8 54.8
5337 0.4 50 0 0 5137 0.1 0 0 0 150 60.3 54.4 54.4
5337 0.4 50 0 0 5137 0.1 0 0 0 180 60.3 53.8 53.8
5337 0.4 50 0 0 5137 0.1 10 0 0 0 60.7 53.0 53.0
5337 0.4 50 0 0 5137 0.1 10 0 0 30 60.7 53.4 53.4
5337 0.4 50 0 0 5137 0.1 10 0 0 60 60.6 53.9 53.9
5337 0.4 50 0 0 5137 0.1 10 0 0 90 60.5 54.3 54.3
5337 0.4 50 0 0 5137 0.1 10 0 0 120 60.3 54.4 54.4
5337 0.4 50 0 0 5137 0.1 10 0 0 150 60.2 54.1 54.1
5337 0.4 50 0 0 5137 0.1 10 0 0 180 60.2 53.5 53.5
5337 0.4 50 0 0 5137 0.1 20 0 0 0 60.5 51.8 51.8
5337 0.4 50 0 0 5137 0.1 20 0 0 30 60.5 52.2 52.2
5337 0.4 50 0 0 5137 0.1 20 0 0 60 60.4 52.5 52.5
5337 0.4 50 0 0 5137 0.1 20 0 0 90 60.3 53.0 53.0
5337 0.4 50 0 0 5137 0.1 20 0 0 120 60.1 53.2 53.2
5337 0.4 50 0 0 5137 0.1 20 0 0 150 60.0 53.1 53.1
5337 0.4 50 0 0 5137 0.1 20 0 0 180 60.0 52.4 52.4
5337 0.4 50 0 0 5137 0.1 30 0 0 0 60.2 49.4 49.4
5337 0.4 50 0 0 5137 0.1 30 0 0 30 60.2 49.7 49.7
5337 0.4 50 0 0 5137 0.1 30 0 0 60 60.0 49.8 49.8
5337 0.4 50 0 0 5137 0.1 30 0 0 90 59.9 50.0 50.0
5337 0.4 50 0 0 5137 0.1 30 0 0 120 59.8 50.0 50.0
5337 0.4 50 0 0 5137 0.1 30 0 0 150 59.6 50.1 50.1
5337 0.4 50 0 0 5137 0.1 30 0 0 180 59.7 49.5 49.5
5337 0.4 50 0 0 5137 0.1 40 0 0 0 59.7 49.2 49.2
5337 0.4 50 0 0 5137 0.1 40 0 0 30 59.7 49.4 49.4
5337 0.4 50 0 0 5137 0.1 40 0 0 60 59.5 49.5 49.5
5337 0.4 50 0 0 5137 0.1 40 0 0 90 59.4 49.6 49.6
5337 0.4 50 0 0 5137 0.1 40 0 0 120 59.2 49.6 49.6
5337 0.4 50 0 0 5137 0.1 40 0 0 150 59.1 49.7 49.7
5337 0.4 50 0 0 5137 0.1 40 0 0 180 59.1 49.4 49.4
5337 0.4 50 0 0 5137 0.1 50 0 0 0 58.8 49.7 49.7
5337 0.4 50 0 0 5137 0.1 50 0 0 30 58.8 49.7 49.7
5337 0.4 50 0 0 5137 0.1 50 0 0 60 58.7 49.7 49.7
5337 0.4 50 0 0 5137 0.1 50 0 0 90 58.6 49.8 49.8
5337 0.4 50 0 0 5137 0.1 50 0 0 120 58.4 49.9 49.9
5337 0.4 50 0 0 5137 0.1 50 0 0 150 58.3 50.1 50.1
5337 0.4 50 0 0 5137 0.1 50 0 0 180 58.4 50.2 50.2
5337 0.4 50 0 0 5137 0.1 60 0 0 0 57.5 51.2 51.2
5337 0.4 50 0 0 5137 0.1 60 0 0 30 57.5 51.0 51.0
5337 0.4 50 0 0 5137 0.1 60 0 0 60 57.4 50.8 50.8
5337 0.4 50 0 0 5137 0.1 60 0 0 90 57.3 50.7 50.7
5337 0.4 50 0 0 5137 0.1 60 0 0 120 57.1 50.6 50.6
5337 0.4 50 0 0 5137 0.1 60 0 0 150 57.0 50.8 50.8
5337 0.4 50 0 0 5137 0.1 60 0 0 180 57.1 51.1 51.1
5337 0.4 50 0 0 5137 0.2 0 0 0 0 59.9 52.5 52.5
5337 0.4 50 0 0 5137 0.2 0 0 0 30 59.9 52.9 52.9
5337 0.4 50 0 0 5137 0.2 0 0 0 60 59.8 53.4 53.4
5337 0.4 50 0 0 5137 0.2 0 0 0 90 59.7 53.7 53.7
5337 0.4 50 0 0 5137 0.2 0 0 0 120 59.5 53.9 53.9
5337 0.4 50 0 0 5137 0.2 0 0 0 150 59.4 53.7 53.7
5337 0.4 50 0 0 5137 0.2 0 0 0 180 59.4 52.9 52.9
5337 0.4 50 0 0 5137 0.2 10 0 0 0 59.8 51.9 51.9
5337 0.4 50 0 0 5137 0.2 10 0 0 30 59.9 52.3 52.3
5337 0.4 50 0 0 5137 0.2 10 0 0 60 59.8 52.9 52.9
5337 0.4 50 0 0 5137 0.2 10 0 0 90 59.6 53.3 53.3
5337 0.4 50 0 0 5137 0.2 10 0 0 120 59.5 53.5 53.5
5337 0.4 50 0 0 5137 0.2 10 0 0 150 59.3 53.4 53.4
5337 0.4 50 0 0 5137 0.2 10 0 0 180 59.3 52.6 52.6
5337 0.4 50 0 0 5137 0.2 20 0 0 0 59.7 50.6 50.6
5337 0.4 50 0 0 5137 0.2 20 0 0 30 59.7 51.0 51.0
5337 0.4 50 0 0 5137 0.2 20 0 0 60 59.6 51.3 51.3
5337 0.4 50 0 0 5137 0.2 20 0 0 90 59.4 51.8 51.8
5337 0.4 50 0 0 5137 0.2 20 0 0 120 59.3 52.2 52.2
5337 0.4 50 0 0 5137 0.2 20 0 0 150 59.1 52.3 52.3
5337 0.4 50 0 0 5137 0.2 20 0 0 180 59.1 51.5 51.5
5337 0.4 50 0 0 5137 0.2 30 0 0 0 59.3 48.2 48.2
5337 0.4 50 0 0 5137 0.2 30 0 0 30 59.3 48.5 48.5
5337 0.4 50 0 0 5137 0.2 30 0 0 60 59.2 48.7 48.7
5337 0.4 50 0 0 5137 0.2 30 0 0 90 59.1 48.9 48.9
5337 0.4 50 0 0 5137 0.2 30 0 0 120 58.9 49.2 49.2
5337 0.4 50 0 0 5137 0.2 30 0 0 150 58.7 49.3 49.3
5337 0.4 50 0 0 5137 0.2 30 0 0 180 58.7 48.8 48.8
5337 0.4 50 0 0 5137 0.2 40 0 0 0 58.8 48.1 48.1
5337 0.4 50 0 0 5137 0.2 40 0 0 30 58.8 48.4 48.4
5337 0.4 50 0 0 5137 0.2 40 0 0 60 58.7 48.5 48.5
5337 0.4 50 0 0 5137 0.2 40 0 0 90 58.5 48.6 48.6
5337 0.4 50 0 0 5137 0.2 40 0 0 120 58.3 48.8 48.8
5337 0.4 50 0 0 5137 0.2 40 0 0 150 58.1 48.9 48.9
5337 0.4 50 0 0 5137 0.2 40 0 0 180 58.2 48.9 48.9
5337 0.4 50 0 0 5137 0.2 50 0 0 0 57.9 48.7 48.7
5337 0.4 50 0 0 5137 0.2 50 0 0 30 57.9 48.7 48.7
5337 0.4 50 0 0 5137 0.2 50 0 0 60 57.8 48.7 48.7
5337 0.4 50 0 0 5137 0.2 50 0 0 90 57.7 48.8 48.8
5337 0.4 50 0 0 5137 0.2 50 0 0 120 57.5 49.0 49.0
5337 0.4 50 0 0 5137 0.2 50 0 0 150 57.4 49.2 49.2
5337 0.4 50 0 0 5137 0.2 50 0 0 180 57.4 49.4 49.4
5337 0.4 50 0 0 5137 0.2 60 0 0 0 56.4 50.3 50.3
5337 0.4 50 0 0 5137 0.2 60 0 0 30 56.5 50.2 50.2
5337 0.4 50 0 0 5137 0.2 60 0 0 60 56.4 49.9 49.9
5337 0.4 50 0 0 5137 0.2 60 0 0 90 56.3 49.7 49.7
5337 0.4 50 0 0 5137 0.2 60 0 0 120 56.1 49.7 49.7
5337 0.4 50 0 0 5137 0.2 60 0 0 150 56.0 49.8 49.8
5337 0.4 50 0 0 5137 0.2 60 0 0 180 56.1 50.1 50.1
5337 0.4 50 0 0 5137 0.3 0 0 0 0 59.1 51.4 51.4
5337 0.4 50 0 0 5137 0.3 0 0 0 30 59.1 51.7 51.7
5337 0.4 50 0 0 5137 0.3 0 0 0 60 59.0 52.2 52.2
5337 0.4 50 0 0 5137 0.3 0 0 0 90 58.9 52.6 52.6
5337 0.4 50 0 0 5137 0.3 0 0 0 120 58.7 52.9 52.9
5337 0.4 50 0 0 5137 0.3 0 0 0 150 58.5 52.8 52.8
5337 0.4 50 0 0 5137 0.3 0 0 0 180 58.5 52.0 52.0
5337 0.4 50 0 0 5137 0.3 10 0 0 0 59.0 50.8 50.8
5337 0.4 50 0 0 5137 0.3 10 0 0 30 59.1 51.1 51.1
5337 0.4 50 0 0 5137 0.3 10 0 0 60 58.9 51.6 51.6
5337 0.4 50 0 0 5137 0.3 10 0 0 90 58.8 52.1 52.1
5337 0.4 50 0 0 5137 0.3 10 0 0 120 58.7 52.4 52.4
5337 0.4 50 0 0 5137 0.3 10 0 0 150 58.4 52.5 52.5
5337 0.4 50 0 0 5137 0.3 10 0 0 180 58.4 51.7 51.7
5337 0.4 50 0 0 5137 0.3 20 0 0 0 58.8 49.3 49.3
5337 0.4 50 0 0 5137 0.3 20 0 0 30 58.8 49.6 49.6
5337 0.4 50 0 0 5137 0.3 20 0 0 60 58.7 49.9 49.9
5337 0.4 50 0 0 5137 0.3 20 0 0 90 58.6 50.5 50.5
5337 0.4 50 0 0 5137 0.3 20 0 0 120 58.4 51.0 51.0
5337 0.4 50 0 0 5137 0.3 20 0 0 150 58.2 51.3 51.3
5337 0.4 50 0 0 5137 0.3 20 0 0 180 58.2 50.6 50.6
5337 0.4 50 0 0 5137 0.3 30 0 0 0 58.4 47.0 47.0
5337 0.4 50 0 0 5137 0.3 30 0 0 30 58.4 47.3 47.3
5337 0.4 50 0 0 5137 0.3 30 0 0 60 58.3 47.6 47.6
5337 0.4 50 0 0 5137 0.3 30 0 0 90 58.2 47.9 47.9
5337 0.4 50 0 0 5137 0.3 30 0 0 120 58.1 48.3 48.3
5337 0.4 50 0 0 5137 0.3 30 0 0 150 57.8 48.7 48.7
5337 0.4 50 0 0 5137 0.3 30 0 0 180 57.8 48.4 48.4
5337 0.4 50 0 0 5137 0.3 40 0 0 0 57.8 47.2 47.2
5337 0.4 50 0 0 5137 0.3 40 0 0 30 57.8 47.4 47.4
5337 0.4 50 0 0 5137 0.3 40 0 0 60 57.8 47.5 47.5
5337 0.4 50 0 0 5137 0.3 40 0 0 90 57.7 47.7 47.7
5337 0.4 50 0 0 5137 0.3 40 0 0 120 57.5 48.0 48.0
5337 0.4 50 0 0 5137 0.3 40 0 0 150 57.2 48.2 48.2
5337 0.4 50 0 0 5137 0.3 40 0 0 180 57.3 48.3 48.3
5337 0.4 50 0 0 5137 0.3 50 0 0 0 56.9 48.0 48.0
5337 0.4 50 0 0 5137 0.3 50 0 0 30 56.9 47.9 47.9
5337 0.4 50 0 0 5137 0.3 50 0 0 60 56.8 47.8 47.8
5337 0.4 50 0 0 5137 0.3 50 0 0 90 56.8 47.8 47.8
5337 0.4 50 0 0 5137 0.3 50 0 0 120 56.6 48.1 48.1
5337 0.4 50 0 0 5137 0.3 50 0 0 150 56.4 48.4 48.4
5337 0.4 50 0 0 5137 0.3 50 0 0 180 56.5 48.7 48.7
5337 0.4 50 0 0 5137 0.3 60 0 0 0 55.3 49.4 49.4
5337 0.4 50 0 0 5137 0.3 60 0 0 30 55.3 49.3 49.3
5337 0.4 50 0 0 5137 0.3 60 0 0 60 55.3 49.1 49.1
5337 0.4 50 0 0 5137 0.3 60 0 0 90 55.3 48.9 48.9
5337 0.4 50 0 0 5137 0.3 60 0 0 120 55.2 48.8 48.8
5337 0.4 50 0 0 5137 0.3 60 0 0 150 55.0 48.8 48.8
5337 0.4 50 0 0 5137 0.3 60 0 0 180 55.0 49.2 49.2
5337 0.4 50 0 0 5137 0.4 0 0 0 0 58.2 50.1 50.1
5337 0.4 50 0 0 5137 0.4 0 0 0 30 58.2 50.5 50.5
5337 0.4 50 0 0 5137 0.4 0 0 0 60 58.2 50.9 50.9
5337 0.4 50 0 0 5137 0.4 0 0 0 90 58.1 51.4 51.4
5337 0.4 50 0 0 5137 0.4 0 0 0 120 57.9 51.8 51.8
5337 0.4 50 0 0 5137 0.4 0 0 0 150 57.6 52.0 52.0
5337 0.4 50 0 0 5137 0.4 0 0 0 180 57.5 51.1 51.1
5337 0.4 50 0 0 5137 0.4 10 0 0 0 58.1 49.5 49.5
5337 0.4 50 0 0 5137 0.4 10 0 0 30 58.1 49.8 49.8
5337 0.4 50 0 0 5137 0.4 10 0 0 60 58.1 50.2 50.2
5337 0.4 50 0 0 5137 0.4 10 0 0 90 58.0 50.7 50.7
5337 0.4 50 0 0 5137 0.4 10 0 0 120 57.8 51.2 51.2
5337 0.4 50 0 0 5137 0.4 10 0 0 150 57.5 51.6 51.6
5337 0.4 50 0 0 5137 0.4 10 0 0 180 57.5 50.7 50.7
5337 0.4 50 0 0 5137 0.4 20 0 0 0 57.9 47.5 47.5
5337 0.4 50 0 0 5137 0.4 20 0 0 30 57.9 47.7 47.7
5337 0.4 50 0 0 5137 0.4 20 0 0 60 57.9 48.1 48.1
5337 0.4 50 0 0 5137 0.4 20 0 0 90 57.8 48.6 48.6
5337 0.4 50 0 0 5137 0.4 20 0 0 120 57.6 49.2 49.2
5337 0.4 50 0 0 5137 0.4 20 0 0 150 57.3 49.8 49.8
5337 0.4 50 0 0 5137 0.4 20 0 0 180 57.3 49.2 49.2
5337 0.4 50 0 0 5137 0.4 30 0 0 0 57.4 46.1 46.1
5337 0.4 50 0 0 5137 0.4 30 0 0 30 57.5 46.4 46.4
5337 0.4 50 0 0 5137 0.4 30 0 0 60 57.4 46.6 46.6
5337 0.4 50 0 0 5137 0.4 30 0 0 90 57.4 47.0 47.0
5337 0.4 50 0 0 5137 0.4 30 0 0 120 57.2 47.5 47.5
5337 0.4 50 0 0 5137 0.4 30 0 0 150 57.0 48.1 48.1
5337 0.4 50 0 0 5137 0.4 30 0 0 180 56.9 48.0 48.0
5337 0.4 50 0 0 5137 0.4 40 0 0 0 56.8 46.4 46.4
5337 0.4 50 0 0 5137 0.4 40 0 0 30 56.8 46.5 46.5
5337 0.4 50 0 0 5137 0.4 40 0 0 60 56.8 46.6 46.6
5337 0.4 50 0 0 5137 0.4 40 0 0 90 56.8 46.9 46.9
5337 0.4 50 0 0 5137 0.4 40 0 0 120 56.6 47.2 47.2
5337 0.4 50 0 0 5137 0.4 40 0 0 150 56.4 47.6 47.6
5337 0.4 50 0 0 5137 0.4 40 0 0 180 56.4 47.9 47.9
5337 0.4 50 0 0 5137 0.4 50 0 0 0 55.7 47.3 47.3
5337 0.4 50 0 0 5137 0.4 50 0 0 30 55.8 47.4 47.4
5337 0.4 50 0 0 5137 0.4 50 0 0 60 55.8 47.3 47.3
5337 0.4 50 0 0 5137 0.4 50 0 0 90 55.8 47.2 47.2
5337 0.4 50 0 0 5137 0.4 50 0 0 120 55.8 47.2 47.2
5337 0.4 50 0 0 5137 0.4 50 0 0 150 55.5 47.6 47.6
5337 0.4 50 0 0 5137 0.4 50 0 0 180 55.5 48.0 48.0
5337 0.4 50 0 0 5137 0.4 60 0 0 0 53.9 48.6 48.6
5337 0.4 50 0 0 5137 0.4 60 0 0 30 54.0 48.5 48.5
5337 0.4 50 0 0 5137 0.4 60 0 0 60 54.1 48.3 48.3
5337 0.4 50 0 0 5137 0.4 60 0 0 90 54.2 48.1 48.1
5337 0.4 50 0 0 5137 0.4 60 0 0 120 54.2 48.0 48.0
5337 0.4 50 0 0 5137 0.4 60 0 0 150 53.9 47.9 47.9
5337 0.4 50 0 0 5137 0.4 60 0 0 180 53.9 48.3 48.3
5337 0.4 50 0 0 5137 0.5 0 0 0 0 57.2 48.7 48.7
5337 0.4 50 0 0 5137 0.5 0 0 0 30 57.3 49.0 49.0
5337 0.4 50 0 0 5137 0.5 0 0 0 60 57.3 49.3 49.3
5337 0.4 50 0 0 5137 0.5 0 0 0 90 57.2 49.8 49.8
5337 0.4 50 0 0 5137 0.5 0 0 0 120 57.1 50.5 50.5
5337 0.4 50 0 0 5137 0.5 0 0 0 150 56.8 51.0 51.0
5337 0.4 50 0 0 5137 0.5 0 0 0 180 56.6 50.0 50.0
5337 0.4 50 0 0 5137 0.5 10 0 0 0 57.1 47.9 47.9
5337 0.4 50 0 0 5137 0.5 10 0 0 30 57.2 48.1 48.1
5337 0.4 50 0 0 5137 0.5 10 0 0 60 57.2 48.4 48.4
5337 0.4 50 0 0 5137 0.5 10 0 0 90 57.1 48.9 48.9
5337 0.4 50 0 0 5137 0.5 10 0 0 120 57.0 49.6 49.6
5337 0.4 50 0 0 5137 0.5 10 0 0 150 56.7 50.3 50.3
5337 0.4 50 0 0 5137 0.5 10 0 0 180 56.6 49.6 49.6
5337 0.4 50 0 0 5137 0.5 20 0 0 0 56.9 46.1 46.1
5337 0.4 50 0 0 5137 0.5 20 0 0 30 56.9 46.2 46.2
5337 0.4 50 0 0 5137 0.5 20 0 0 60 56.9 46.5 46.5
5337 0.4 50 0 0 5137 0.5 20 0 0 90 56.9 47.0 47.0
5337 0.4 50 0 0 5137 0.5 20 0 0 120 56.8 47.7 47.7
5337 0.4 50 0 0 5137 0.5 20 0 0 150 56.5 48.6 48.6
5337 0.4 50 0 0 5137 0.5 20 0 0 180 56.4 48.3 48.3
5337 0.4 50 0 0 5137 0.5 30 0 0 0 56.4 45.5 45.5
5337 0.4 50 0 0 5137 0.5 30 0 0 30 56.4 45.6 45.6
5337 0.4 50 0 0 5137 0.5 30 0 0 60 56.5 45.8 45.8
5337 0.4 50 0 0 5137 0.5 30 0 0 90 56.4 46.1 46.1
5337 0.4 50 0 0 5137 0.5 30 0 0 120 56.4 46.7 46.7
5337 0.4 50 0 0 5137 0.5 30 0 0 150 56.1 47.6 47.6
5337 0.4 50 0 0 5137 0.5 30 0 0 180 56.0 47.7 47.7
5337 0.4 50 0 0 5137 0.5 40 0 0 0 55.7 46.0 46.0
5337 0.4 50 0 0 5137 0.5 40 0 0 30 55.7 46.0 46.0
5337 0.4 50 0 0 5137 0.5 40 0 0 60 55.8 46.0 46.0
5337 0.4 50 0 0 5137 0.5 40 0 0 90 55.8 46.1 46.1
5337 0.4 50 0 0 5137 0.5 40 0 0 120 55.8 46.5 46.5
5337 0.4 50 0 0 5137 0.5 40 0 0 150 55.5 47.1 47.1
5337 0.4 50 0 0 5137 0.5 40 0 0 180 55.5 47.4 47.4
5337 0.4 50 0 0 5137 0.5 50 0 0 0 54.5 46.8 46.8
5337 0.4 50 0 0 5137 0.5 50 0 0 30 54.6 46.7 46.7
5337 0.4 50 0 0 5137 0.5 50 0 0 60 54.7 46.7 46.7
5337 0.4 50 0 0 5137 0.5 50 0 0 90 54.8 46.7 46.7
5337 0.4 50 0 0 5137 0.5 50 0 0 120 54.9 46.6 46.6
5337 0.4 50 0 0 5137 0.5 50 0 0 150 54.6 46.9 46.9
5337 0.4 50 0 0 5137 0.5 50 0 0 180 54.5 47.4 47.4
5337 0.4 50 0 0 5137 0.5 60 0 0 0 52.5 47.7 47.7
5337 0.4 50 0 0 5137 0.5 60 0 0 30 52.5 47.7 47.7
5337 0.4 50 0 0 5137 0.5 60 0 0 60 52.7 47.6 47.6
5337 0.4 50 0 0 5137 0.5 60 0 0 90 52.8 47.5 47.5
5337 0.4 50 0 0 5137 0.5 60 0 0 120 53.1 47.4 47.4
5337 0.4 50 0 0 5137 0.5 60 0 0 150 52.7 47.2 47.2
5337 0.4 50 0 0 5137 0.5 60 0 0 180 52.6 47.4 47.4
5337 0.4 50 0 0 5337 0.0 0 0 0 0 47.7 44.8 44.8
5337 0.4 50 0 0 5337 0.0 0 0 0 30 50.3 49.0 49.0
5337 0.4 50 0 0 5337 0.0 0 0 0 60 56.8 54.3 54.3
5337 0.4 50 0 0 5337 0.0 0 0 0 90 63.9 60.1 60.1
5337 0.4 50 0 0 5337 0.0 0 0 0 120 69.4 65.1 65.1
5337 0.4 50 0 0 5337 0.0 0 0 0 150 73.3 64.8 64.8
5337 0.4 50 0 0 5337 0.0 0 0 0 180 74.9 62.8 62.8
5337 0.4 50 0 0 5337 0.0 10 0 0 0 47.7 44.0 44.0
5337 0.4 50 0 0 5337 0.0 10 0 0 30 50.3 47.8 47.8
5337 0.4 50 0 0 5337 0.0 10 0 0 60 56.7 53.3 53.3
5337 0.4 50 0 0 5337 0.0 10 0 0 90 63.8 59.3 59.3
5337 0.4 50 0 0 5337 0.0 10 0 0 120 69.4 64.1 64.1
5337 0.4 50 0 0 5337 0.0 10 0 0 150 73.2 65.1 65.1
5337 0.4 50 0 0 5337 0.0 10 0 0 180 74.8 63.4 63.4
5337 0.4 50 0 0 5337 0.0 20 0 0 0 47.5 42.5 42.5
5337 0.4 50 0 0 5337 0.0 20 0 0 30 50.0 45.8 45.8
5337 0.4 50 0 0 5337 0.0 20 0 0 60 56.4 51.6 51.6
5337 0.4 50 0 0 5337 0.0 20 0 0 90 63.6 57.8 57.8
5337 0.4 50 0 0 5337 0.0 20 0 0 120 69.2 62.3 62.3
5337 0.4 50 0 0 5337 0.0 20 0 0 150 73.0 64.4 64.4
5337 0.4 50 0 0 5337 0.0 20 0 0 180 74.7 63.4 63.4
5337 0.4 50 0 0 5337 0.0 30 0 0 0 47.3 39.4 39.4
5337 0.4 50 0 0 5337 0.0 30 0 0 30 49.6 41.9 41.9
5337 0.4 50 0 0 5337 0.0 30 0 0 60 56.1 47.8 47.8
5337 0.4 50 0 0 5337 0.0 30 0 0 90 63.4 54.1 54.1
5337 0.4 50 0 0 5337 0.0 30 0 0 120 68.9 58.4 58.4
5337 0.4 50 0 0 5337 0.0 30 0 0 150 72.7 60.9 60.9
5337 0.4 50 0 0 5337 0.0 30 0 0 180 74.4 61.3 61.3
5337 0.4 50 0 0 5337 0.0 40 0 0 0 46.9 39.1 39.1
5337 0.4 50 0 0 5337 0.0 40 0 0 30 49.1 41.3 41.3
5337 0.4 50 0 0 5337 0.0 40 0 0 60 55.6 46.9 46.9
5337 0.4 50 0 0 5337 0.0 40 0 0 90 62.9 53.2 53.2
5337 0.4 50 0 0 5337 0.0 40 0 0 120 68.5 57.4 57.4
5337 0.4 50 0 0 5337 0.0 40 0 0 150 72.0 60.2 60.2
5337 0.4 50 0 0 5337 0.0 40 0 0 180 73.8 61.1 61.1
5337 0.4 50 0 0 5337 0.0 50 0 0 0 46.4 39.5 39.5
5337 0.4 50 0 0 5337 0.0 50 0 0 30 48.4 41.7 41.7
5337 0.4 50 0 0 5337 0.0 50 0 0 60 54.9 47.1 47.1
5337 0.4 50 0 0 5337 0.0 50 0 0 90 62.3 53.2 53.2
5337 0.4 50 0 0 5337 0.0 50 0 0 120 67.6 57.5 57.5
5337 0.4 50 0 0 5337 0.0 50 0 0 150 71.0 60.5 60.5
5337 0.4 50 0 0 5337 0.0 50 0 0 180 72.8 62.0 62.0
5337 0.4 50 0 0 5337 0.0 60 0 0 0 45.6 40.3 40.3
5337 0.4 50 0 0 5337 0.0 60 0 0 30 47.4 42.6 42.6
5337 0.4 50 0 0 5337 0.0 60 0 0 60 53.8 47.8 47.8
5337 0.4 50 0 0 5337 0.0 60 0 0 90 61.2 53.9 53.9
5337 0.4 50 0 0 5337 0.0 60 0 0 120 66.2 58.5 58.5
5337 0.4 50 0 0 5337 0.0 60 0 0 150 69.3 61.8 61.8
5337 0.4 50 0 0 5337 0.0 60 0 0 180 71.1 63.9 63.9
5337 0.4 50 0 0 5337 0.1 0 0 0 0 45.7 43.5 43.5
5337 0.4 50 0 0 5337 0.1 0 0 0 30 48.3 47.0 47.0
5337 0.4 50 0 0 5337 0.1 0 0 0 60 54.1 51.8 51.8
5337 0.4 50 0 0 5337 0.1 0 0 0 90 61.1 57.3 57.3
5337 0.4 50 0 0 5337 0.1 0 0 0 120 67.0 63.2 63.2
5337 0.4 50 0 0 5337 0.1 0 0 0 150 71.7 64.4 64.4
5337 0.4 50 0 0 5337 0.1 0 0 0 180 73.5 61.7 61.7
5337 0.4 50 0 0 5337 0.1 10 0 0 0 45.7 42.3 42.3
5337 0.4 50 0 0 5337 0.1 10 0 0 30 48.2 45.8 45.8
5337 0.4 50 0 0 5337 0.1 10 0 0 60 54.0 50.7 50.7
5337 0.4 50 0 0 5337 0.1 10 0 0 90 61.0 56.5 56.5
5337 0.4 50 0 0 5337 0.1 10 0 0 120 66.9 62.1 62.1
5337 0.4 50 0 0 5337 0.1 10 0 0 150 71.6 64.4 64.4
5337 0.4 50 0 0 5337 0.1 10 0 0 180 73.5 62.4 62.4
5337 0.4 50 0 0 5337 0.1 20 0 0 0 45.5 40.6 40.6
5337 0.4 50 0 0 5337 0.1 20 0 0 30 47.9 43.9 43.9
5337 0.4 50 0 0 5337 0.1 20 0 0 60 53.8 49.0 49.0
5337 0.4 50 0 0 5337 0.1 20 0 0 90 60.8 55.0 55.0
5337 0.4 50 0 0 5337 0.1 20 0 0 120 66.8 60.2 60.2
5337 0.4 50 0 0 5337 0.1 20 0 0 150 71.4 63.4 63.4
5337 0.4 50 0 0 5337 0.1 20 0 0 180 73.3 62.4 62.4
5337 0.4 50 0 0 5337 0.1 30 0 0 0 45.2 37.2 37.2
5337 0.4 50 0 0 5337 0.1 30 0 0 30 47.5 39.9 39.9
5337 0.4 50 0 0 5337 0.1 30 0 0 60 53.4 45.2 45.2
5337 0.4 50 0 0 5337 0.1 30 0 0 90 60.6 51.3 51.3
5337 0.4 50 0 0 5337 0.1 30 0 0 120 66.5 56.2 56.2
5337 0.4 50 0 0 5337 0.1 30 0 0 150 71.0 59.7 59.7
5337 0.4 50 0 0 5337 0.1 30 0 0 180 73.0 60.6 60.6
5337 0.4 50 0 0 5337 0.1 40 0 0 0 44.7 37.1 37.1
5337 0.4 50 0 0 5337 0.1 40 0 0 30 46.9 39.0 39.0
5337 0.4 50 0 0 5337 0.1 40 0 0 60 53.0 44.2 44.2
5337 0.4 50 0 0 5337 0.1 40 0 0 90 60.1 50.2 50.2
5337 0.4 50 0 0 5337 0.1 40 0 0 120 66.0 55.0 55.0
5337 0.4 50 0 0 5337 0.1 40 0 0 150 70.4 58.7 58.7
5337 0.4 50 0 0 5337 0.1 40 0 0 180 72.4 60.8 60.8
5337 0.4 50 0 0 5337 0.1 50 0 0 0 44.1 37.5 37.5
5337 0.4 50 0 0 5337 0.1 50 0 0 30 46.0 39.4 39.4
5337 0.4 50 0 0 5337 0.1 50 0 0 60 52.3 44.2 44.2
5337 0.4 50 0 0 5337 0.1 50 0 0 90 59.5 50.0 50.0
5337 0.4 50 0 0 5337 0.1 50 0 0 120 65.2 55.0 55.0
5337 0.4 50 0 0 5337 0.1 50 0 0 150 69.4 58.9 58.9
5337 0.4 50 0 0 5337 0.1 50 0 0 180 71.4 61.7 61.7
5337 0.4 50 0 0 5337 0.1 60 0 0 0 43.2 38.3 38.3
5337 0.4 50 0 0 5337 0.1 60 0 0 30 45.0 40.4 40.4
5337 0.4 50 0 0 5337 0.1 60 0 0 60 51.2 44.9 44.9
5337 0.4 50 0 0 5337 0.1 60 0 0 90 58.4 50.6 50.6
5337 0.4 50 0 0 5337 0.1 60 0 0 120 63.8 55.7 55.7
5337 0.4 50 0 0 5337 0.1 60 0 0 150 67.8 60.0 60.0
5337 0.4 50 0 0 5337 0.1 60 0 0 180 69.7 63.2 63.2
5337 0.4 50 0 0 5337 0.2 0 0 0 0 43.8 42.7 42.7
5337 0.4 50 0 0 5337 0.2 0 0 0 30 46.4 45.2 45.2
5337 0.4 50 0 0 5337 0.2 0 0 0 60 51.7 49.2 49.2
5337 0.4 50 0 0 5337 0.2 0 0 0 90 58.3 54.5 54.5
5337 0.4 50 0 0 5337 0.2 0 0 0 120 64.4 60.8 60.8
5337 0.4 50 0 0 5337 0.2 0 0 0 150 69.8 63.2 63.2
5337 0.4 50 0 0 5337 0.2 0 0 0 180 72.0 60.5 60.5
5337 0.4 50 0 0 5337 0.2 10 0 0 0 43.7 41.0 41.0
5337 0.4 50 0 0 5337 0.2 10 0 0 30 46.3 44.0 44.0
5337 0.4 50 0 0 5337 0.2 10 0 0 60 51.6 48.2 48.2
5337 0.4 50 0 0 5337 0.2 10 0 0 90 58.2 53.6 53.6
5337 0.4 50 0 0 5337 0.2 10 0 0 120 64.3 59.7 59.7
5337 0.4 50 0 0 5337 0.2 10 0 0 150 69.8 62.9 62.9
5337 0.4 50 0 0 5337 0.2 10 0 0 180 71.9 61.2 61.2
5337 0.4 50 0 0 5337 0.2 20 0 0 0 43.5 38.9 38.9
5337 0.4 50 0 0 5337 0.2 20 0 0 30 46.0 42.0 42.0
5337 0.4 50 0 0 5337 0.2 20 0 0 60 51.4 46.4 46.4
5337 0.4 50 0 0 5337 0.2 20 0 0 90 58.1 52.0 52.0
5337 0.4 50 0 0 5337 0.2 20 0 0 120 64.2 57.6 57.6
5337 0.4 50 0 0 5337 0.2 20 0 0 150 69.6 61.8 61.8
5337 0.4 50 0 0 5337 0.2 20 0 0 180 71.7 61.2 61.2
5337 0.4 50 0 0 5337 0.2 30 0 0 0 43.1 35.4 35.4
5337 0.4 50 0 0 5337 0.2 30 0 0 30 45.5 38.2 38.2
5337 0.4 50 0 0 5337 0.2 30 0 0 60 51.0 42.7 42.7
5337 0.4 50 0 0 5337 0.2 30 0 0 90 57.8 48.3 48.3
5337 0.4 50 0 0 5337 0.2 30 0 0 120 63.8 53.7 53.7
5337 0.4 50 0 0 5337 0.2 30 0 0 150 69.2 58.1 58.1
5337 0.4 50 0 0 5337 0.2 30 0 0 180 71.3 59.6 59.6
5337 0.4 50 0 0 5337 0.2 40 0 0 0 42.6 35.1 35.1
5337 0.4 50 0 0 5337 0.2 40 0 0 30 44.8 37.1 37.1
5337 0.4 50 0 0 5337 0.2 40 0 0 60 50.5 41.7 41.7
5337 0.4 50 0 0 5337 0.2 40 0 0 90 57.3 47.1 47.1
5337 0.4 50 0 0 5337 0.2 40 0 0 120 63.4 52.5 52.5
5337 0.4 50 0 0 5337 0.2 40 0 0 150 68.5 57.1 57.1
5337 0.4 50 0 0 5337 0.2 40 0 0 180 70.7 60.0 60.0
5337 0.4 50 0 0 5337 0.2 50 0 0 0 41.8 35.6 35.6
5337 0.4 50 0 0 5337 0.2 50 0 0 30 43.9 37.4 37.4
5337 0.4 50 0 0 5337 0.2 50 0 0 60 49.8 41.7 41.7
5337 0.4 50 0 0 5337 0.2 50 0 0 90 56.7 47.0 47.0
5337 0.4 50 0 0 5337 0.2 50 0 0 120 62.6 52.4 52.4
5337 0.4 50 0 0 5337 0.2 50 0 0 150 67.6 57.3 57.3
5337 0.4 50 0 0 5337 0.2 50 0 0 180 69.7 60.8 60.8
5337 0.4 50 0 0 5337 0.2 60 0 0 0 40.8 36.3 36.3
5337 0.4 50 0 0 5337 0.2 60 0 0 30 42.9 38.2 38.2
5337 0.4 50 0 0 5337 0.2 60 0 0 60 48.8 42.2 42.2
5337 0.4 50 0 0 5337 0.2 60 0 0 90 55.6 47.4 47.4
5337 0.4 50 0 0 5337 0.2 60 0 0 120 61.2 53.0 53.0
5337 0.4 50 0 0 5337 0.2 60 0 0 150 65.9 58.1 58.1
5337 0.4 50 0 0 5337 0.2 60 0 0 180 67.9 62.2 62.2
5337 0.4 50 0 0 5337 0.3 0 0 0 0 42.2 42.5 42.5
5337 0.4 50 0 0 5337 0.3 0 0 0 30 44.7 43.7 43.7
5337 0.4 50 0 0 5337 0.3 0 0 0 60 49.5 46.8 46.8
5337 0.4 50 0 0 5337 0.3 0 0 0 90 55.6 51.5 51.5
5337 0.4 50 0 0 5337 0.3 0 0 0 120 61.6 58.0 58.0
5337 0.4 50 0 0 5337 0.3 0 0 0 150 67.8 61.6 61.6
5337 0.4 50 0 0 5337 0.3 0 0 0 180 70.3 59.4 59.4
5337 0.4 50 0 0 5337 0.3 10 0 0 0 42.1 40.4 40.4
5337 0.4 50 0 0 5337 0.3 10 0 0 30 44.6 42.3 42.3
5337 0.4 50 0 0 5337 0.3 10 0 0 60 49.4 45.8 45.8
5337 0.4 50 0 0 5337 0.3 10 0 0 90 55.5 50.6 50.6
5337 0.4 50 0 0 5337 0.3 10 0 0 120 61.6 56.8 56.8
5337 0.4 50 0 0 5337 0.3 10 0 0 150 67.8 61.2 61.2
5337 0.4 50 0 0 5337 0.3 10 0 0 180 70.2 60.0 60.0
5337 0.4 50 0 0 5337 0.3 20 0 0 0 41.7 37.8 37.8
5337 0.4 50 0 0 5337 0.3 20 0 0 30 44.3 40.2 40.2
5337 0.4 50 0 0 5337 0.3 20 0 0 60 49.2 43.9 43.9
5337 0.4 50 0 0 5337 0.3 20 0 0 90 55.3 48.9 48.9
5337 0.4 50 0 0 5337 0.3 20 0 0 120 61.4 54.7 54.7
5337 0.4 50 0 0 5337 0.3 20 0 0 150 67.6 59.9 59.9
5337 0.4 50 0 0 5337 0.3 20 0 0 180 69.9 59.9 59.9
5337 0.4 50 0 0 5337 0.3 30 0 0 0 41.2 33.9 33.9
5337 0.4 50 0 0 5337 0.3 30 0 0 30 43.9 36.7 36.7
5337 0.4 50 0 0 5337 0.3 30 0 0 60 48.8 40.5 40.5
5337 0.4 50 0 0 5337 0.3 30 0 0 90 55.0 45.5 45.5
5337 0.4 50 0 0 5337 0.3 30 0 0 120 61.1 51.2 51.2
5337 0.4 50 0 0 5337 0.3 30 0 0 150 67.1 56.6 56.6
5337 0.4 50 0 0 5337 0.3 30 0 0 180 69.5 58.3 58.3
5337 0.4 50 0 0 5337 0.3 40 0 0 0 40.5 33.2 33.2
5337 0.4 50 0 0 5337 0.3 40 0 0 30 43.4 35.6 35.6
5337 0.4 50 0 0 5337 0.3 40 0 0 60 48.3 39.5 39.5
5337 0.4 50 0 0 5337 0.3 40 0 0 90 54.5 44.4 44.4
5337 0.4 50 0 0 5337 0.3 40 0 0 120 60.6 50.0 50.0
5337 0.4 50 0 0 5337 0.3 40 0 0 150 66.5 55.6 55.6
5337 0.4 50 0 0 5337 0.3 40 0 0 180 68.8 58.7 58.7
5337 0.4 50 0 0 5337 0.3 50 0 0 0 39.7 33.7 33.7
5337 0.4 50 0 0 5337 0.3 50 0 0 30 42.7 35.6 35.6
5337 0.4 50 0 0 5337 0.3 50 0 0 60 47.6 39.3 39.3
5337 0.4 50 0 0 5337 0.3 50 0 0 90 53.8 44.1 44.1
5337 0.4 50 0 0 5337 0.3 50 0 0 120 59.8 49.7 49.7
5337 0.4 50 0 0 5337 0.3 50 0 0 150 65.5 55.5 55.5
5337 0.4 50 0 0 5337 0.3 50 0 0 180 67.7 59.7 59.7
5337 0.4 50 0 0 5337 0.3 60 0 0 0 38.8 34.5 34.5
5337 0.4 50 0 0 5337 0.3 60 0 0 30 41.6 36.2 36.2
5337 0.4 50 0 0 5337 0.3 60 0 0 60 46.6 39.6 39.6
5337 0.4 50 0 0 5337 0.3 60 0 0 90 52.8 44.2 44.2
5337 0.4 50 0 0 5337 0.3 60 0 0 120 58.4 50.0 50.0
5337 0.4 50 0 0 5337 0.3 60 0 0 150 63.8 56.0 56.0
5337 0.4 50 0 0 5337 0.3 60 0 0 180 65.9 60.9 60.9
5337 0.4 50 0 0 5337 0.4 0 0 0 0 41.2 42.3 42.3
5337 0.4 50 0 0 5337 0.4 0 0 0 30 43.6 43.2 43.2
5337 0.4 50 0 0 5337 0.4 0 0 0 60 47.5 44.8 44.8
5337 0.4 50 0 0 5337 0.4 0 0 0 90 52.8 48.5 48.5
5337 0.4 50 0 0 5337 0.4 0 0 0 120 58.7 54.8 54.8
5337 0.4 50 0 0 5337 0.4 0 0 0 150 65.6 59.6 59.6
5337 0.4 50 0 0 5337 0.4 0 0 0 180 68.4 58.1 58.1
5337 0.4 50 0 0 5337 0.4 10 0 0 0 41.0 40.2 40.2
5337 0.4 50 0 0 5337 0.4 10 0 0 30 43.5 41.3 41.3
5337 0.4 50 0 0 5337 0.4 10 0 0 60 47.4 43.4 43.4
5337 0.4 50 0 0 5337 0.4 10 0 0 90 52.7 47.6 47.6
5337 0.4 50 0 0 5337 0.4 10 0 0 120 58.6 53.6 53.6
5337 0.4 50 0 0 5337 0.4 10 0 0 150 65.5 59.0 59.0
5337 0.4 50 0 0 5337 0.4 10 0 0 180 68.3 58.6 58.6
5337 0.4 50 0 0 5337 0.4 20 0 0 0 40.6 37.2 37.2
5337 0.4 50 0 0 5337 0.4 20 0 0 30 43.2 38.6 38.6
5337 0.4 50 0 0 5337 0.4 20 0 0 60 47.1 41.3 41.3
5337 0.4 50 0 0 5337 0.4 20 0 0 90 52.5 45.6 45.6
5337 0.4 50 0 0 5337 0.4 20 0 0 120 58.5 51.4 51.4
5337 0.4 50 0 0 5337 0.4 20 0 0 150 65.3 57.5 57.5
5337 0.4 50 0 0 5337 0.4 20 0 0 180 68.1 58.0 58.0
5337 0.4 50 0 0 5337 0.4 30 0 0 0 40.0 33.7 33.7
5337 0.4 50 0 0 5337 0.4 30 0 0 30 42.9 35.5 35.5
5337 0.4 50 0 0 5337 0.4 30 0 0 60 46.8 38.6 38.6
5337 0.4 50 0 0 5337 0.4 30 0 0 90 52.1 42.8 42.8
5337 0.4 50 0 0 5337 0.4 30 0 0 120 58.1 48.5 48.5
5337 0.4 50 0 0 5337 0.4 30 0 0 150 64.9 54.9 54.9
5337 0.4 50 0 0 5337 0.4 30 0 0 180 67.6 57.0 57.0
5337 0.4 50 0 0 5337 0.4 40 0 0 0 39.1 32.2 32.2
5337 0.4 50 0 0 5337 0.4 40 0 0 30 42.4 34.4 34.4
5337 0.4 50 0 0 5337 0.4 40 0 0 60 46.3 37.6 37.6
5337 0.4 50 0 0 5337 0.4 40 0 0 90 51.6 41.8 41.8
5337 0.4 50 0 0 5337 0.4 40 0 0 120 57.6 47.4 47.4
5337 0.4 50 0 0 5337 0.4 40 0 0 150 64.2 53.9 53.9
5337 0.4 50 0 0 5337 0.4 40 0 0 180 66.8 57.6 57.6
5337 0.4 50 0 0 5337 0.4 50 0 0 0 38.3 31.9 31.9
5337 0.4 50 0 0 5337 0.4 50 0 0 30 41.7 34.1 34.1
5337 0.4 50 0 0 5337 0.4 50 0 0 60 45.6 37.2 37.2
5337 0.4 50 0 0 5337 0.4 50 0 0 90 50.9 41.3 41.3
5337 0.4 50 0 0 5337 0.4 50 0 0 120 56.8 46.9 46.9
5337 0.4 50 0 0 5337 0.4 50 0 0 150 63.1 53.5 53.5
5337 0.4 50 0 0 5337 0.4 50 0 0 180 65.7 58.3 58.3
5337 0.4 50 0 0 5337 0.4 60 0 0 0 37.9 33.0 33.0
5337 0.4 50 0 0 5337 0.4 60 0 0 30 40.6 34.5 34.5
5337 0.4 50 0 0 5337 0.4 60 0 0 60 44.5 37.2 37.2
5337 0.4 50 0 0 5337 0.4 60 0 0 90 49.8 41.2 41.2
5337 0.4 50 0 0 5337 0.4 60 0 0 120 55.3 46.8 46.8
5337 0.4 50 0 0 5337 0.4 60 0 0 150 61.4 53.8 53.8
5337 0.4 50 0 0 5337 0.4 60 0 0 180 63.7 59.4 59.4
5337 0.4 50 0 0 5337 0.5 0 0 0 0 41.5 42.1 42.1
5337 0.4 50 0 0 5337 0.5 0 0 0 30 43.1 42.9 42.9
5337 0.4 50 0 0 5337 0.5 0 0 0 60 45.7 44.0 44.0
5337 0.4 50 0 0 5337 0.5 0 0 0 90 50.0 46.0 46.0
5337 0.4 50 0 0 5337 0.5 0 0 0 120 55.7 51.2 51.2
5337 0.4 50 0 0 5337 0.5 0 0 0 150 63.0 57.1 57.1
5337 0.4 50 0 0 5337 0.5 0 0 0 180 66.5 56.5 56.5
5337 0.4 50 0 0 5337 0.5 10 0 0 0 41.4 40.0 40.0
5337 0.4 50 0 0 5337 0.5 10 0 0 30 42.9 40.9 40.9
5337 0.4 50 0 0 5337 0.5 10 0 0 60 45.6 42.2 42.2
5337 0.4 50 0 0 5337 0.5 10 0 0 90 49.9 44.6 44.6
5337 0.4 50 0 0 5337 0.5 10 0 0 120 55.6 50.0 50.0
5337 0.4 50 0 0 5337 0.5 10 0 0 150 62.9 56.4 56.4
5337 0.4 50 0 0 5337 0.5 10 0 0 180 66.4 56.7 56.7
5337 0.4 50 0 0 5337 0.5 20 0 0 0 41.1 36.8 36.8
5337 0.4 50 0 0 5337 0.5 20 0 0 30 42.6 37.9 37.9
5337 0.4 50 0 0 5337 0.5 20 0 0 60 45.4 39.5 39.5
5337 0.4 50 0 0 5337 0.5 20 0 0 90 49.7 42.2 42.2
5337 0.4 50 0 0 5337 0.5 20 0 0 120 55.4 47.5 47.5
5337 0.4 50 0 0 5337 0.5 20 0 0 150 62.7 54.5 54.5
5337 0.4 50 0 0 5337 0.5 20 0 0 180 66.1 55.6 55.6
5337 0.4 50 0 0 5337 0.5 30 0 0 0 40.7 34.5 34.5
5337 0.4 50 0 0 5337 0.5 30 0 0 30 42.2 35.7 35.7
5337 0.4 50 0 0 5337 0.5 30 0 0 60 45.0 37.3 37.3
5337 0.4 50 0 0 5337 0.5 30 0 0 90 49.3 40.4 40.4
5337 0.4 50 0 0 5337 0.5 30 0 0 120 55.0 45.7 45.7
5337 0.4 50 0 0 5337 0.5 30 0 0 150 62.2 53.0 53.0
5337 0.4 50 0 0 5337 0.5 30 0 0 180 65.6 55.7 55.7
5337 0.4 50 0 0 5337 0.5 40 0 0 0 40.2 33.3 33.3
5337 0.4 50 0 0 5337 0.5 40 0 0 30 41.6 34.3 34.3
5337 0.4 50 0 0 5337 0.5 40 0 0 60 44.5 36.0 36.0
5337 0.4 50 0 0 5337 0.5 40 0 0 90 48.8 39.3 39.3
5337 0.4 50 0 0 5337 0.5 40 0 0 120 54.5 44.6 44.6
5337 0.4 50 0 0 5337 0.5 40 0 0 150 61.5 52.0 52.0
5337 0.4 50 0 0 5337 0.5 40 0 0 180 64.7 56.3 56.3
5337 0.4 50 0 0 5337 0.5 50 0 0 0 39.8 32.7 32.7
5337 0.4 50 0 0 5337 0.5 50 0 0 30 40.9 33.3 33.3
5337 0.4 50 0 0 5337 0.5 50 0 0 60 43.8 35.4 35.4
5337 0.4 50 0 0 5337 0.5 50 0 0 90 48.1 38.7 38.7
5337 0.4 50 0 0 5337 0.5 50 0 0 120 53.6 44.0 44.0
5337 0.4 50 0 0 5337 0.5 50 0 0 150 60.4 51.5 51.5
5337 0.4 50 0 0 5337 0.5 50 0 0 180 63.5 56.9 56.9
5337 0.4 50 0 0 5337 0.5 60 0 0 0 39.6 33.2 33.2
5337 0.4 50 0 0 5337 0.5 60 0 0 30 40.6 33.4 33.4
5337 0.4 50 0 0 5337 0.5 60 0 0 60 43.0 35.2 35.2
5337 0.4 50 0 0 5337 0.5 60 0 0 90 46.9 38.4 38.4
5337 0.4 50 0 0 5337 0.5 60 0 0 120 51.9 43.6 43.6
5337 0.4 50 0 0 5337 0.5 60 0 0 150 58.4 51.4 51.4
5337 0.4 50 0 0 5337 0.5 60 0 0 180 61.2 57.8 57.8
