5537 0.0 0 0 0 4737 0.0 0 0 0 0 63.1 56.1 56.1
5537 0.0 0 0 0 4737 0.0 0 0 0 30 63.2 56.3 56.3
5537 0.0 0 0 0 4737 0.0 0 0 0 60 63.2 56.3 56.3
5537 0.0 0 0 0 4737 0.0 0 0 0 90 63.0 56.2 56.2
5537 0.0 0 0 0 4737 0.0 0 0 0 120 62.9 56.2 56.2
5537 0.0 0 0 0 4737 0.0 0 0 0 150 62.7 56.2 56.2
5537 0.0 0 0 0 4737 0.0 0 0 0 180 62.7 56.1 56.1
5537 0.0 0 0 0 4737 0.0 10 0 0 0 63.0 55.9 55.9
5537 0.0 0 0 0 4737 0.0 10 0 0 30 63.1 56.0 56.0
5537 0.0 0 0 0 4737 0.0 10 0 0 60 63.1 56.1 56.1
5537 0.0 0 0 0 4737 0.0 10 0 0 90 63.0 56.0 56.0
5537 0.0 0 0 0 4737 0.0 10 0 0 120 62.8 56.0 56.0
5537 0.0 0 0 0 4737 0.0 10 0 0 150 62.7 56.0 56.0
5537 0.0 0 0 0 4737 0.0 10 0 0 180 62.6 55.9 55.9
5537 0.0 0 0 0 4737 0.0 20 0 0 0 62.9 54.9 54.9
5537 0.0 0 0 0 4737 0.0 20 0 0 30 63.0 55.1 55.1
5537 0.0 0 0 0 4737 0.0 20 0 0 60 63.0 55.2 55.2
5537 0.0 0 0 0 4737 0.0 20 0 0 90 62.8 55.0 55.0
5537 0.0 0 0 0 4737 0.0 20 0 0 120 62.6 55.1 55.1
5537 0.0 0 0 0 4737 0.0 20 0 0 150 62.5 55.1 55.1
5537 0.0 0 0 0 4737 0.0 20 0 0 180 62.4 54.9 54.9
5537 0.0 0 0 0 4737 0.0 30 0 0 0 62.6 52.8 52.8
5537 0.0 0 0 0 4737 0.0 30 0 0 30 62.7 53.1 53.1
5537 0.0 0 0 0 4737 0.0 30 0 0 60 62.6 53.3 53.3
5537 0.0 0 0 0 4737 0.0 30 0 0 90 62.5 53.2 53.2
5537 0.0 0 0 0 4737 0.0 30 0 0 120 62.3 53.3 53.3
5537 0.0 0 0 0 4737 0.0 30 0 0 150 62.2 53.3 53.3
5537 0.0 0 0 0 4737 0.0 30 0 0 180 62.1 53.1 53.1
5537 0.0 0 0 0 4737 0.0 40 0 0 0 62.1 53.0 53.0
5537 0.0 0 0 0 4737 0.0 40 0 0 30 62.2 53.2 53.2
5537 0.0 0 0 0 4737 0.0 40 0 0 60 62.1 53.3 53.3
5537 0.0 0 0 0 4737 0.0 40 0 0 90 62.0 53.2 53.2
5537 0.0 0 0 0 4737 0.0 40 0 0 120 61.8 53.3 53.3
5537 0.0 0 0 0 4737 0.0 40 0 0 150 61.7 53.3 53.3
5537 0.0 0 0 0 4737 0.0 40 0 0 180 61.6 53.0 53.0
5537 0.0 0 0 0 4737 0.0 50 0 0 0 61.3 53.7 53.7
5537 0.0 0 0 0 4737 0.0 50 0 0 30 61.4 53.6 53.6
5537 0.0 0 0 0 4737 0.0 50 0 0 60 61.4 53.8 53.8
5537 0.0 0 0 0 4737 0.0 50 0 0 90 61.2 53.9 53.9
5537 0.0 0 0 0 4737 0.0 50 0 0 120 61.1 53.9 53.9
5537 0.0 0 0 0 4737 0.0 50 0 0 150 60.9 53.9 53.9
5537 0.0 0 0 0 4737 0.0 50 0 0 180 60.9 53.8 53.8
5537 0.0 0 0 0 4737 0.0 60 0 0 0 60.0 55.0 55.0
5537 0.0 0 0 0 4737 0.0 60 0 0 30 60.1 55.0 55.0
5537 0.0 0 0 0 4737 0.0 60 0 0 60 60.1 55.0 55.0
5537 0.0 0 0 0 4737 0.0 60 0 0 90 59.9 55.0 55.0
5537 0.0 0 0 0 4737 0.0 60 0 0 120 59.8 55.0 55.0
5537 0.0 0 0 0 4737 0.0 60 0 0 150 59.7 54.9 54.9
5537 0.0 0 0 0 4737 0.0 60 0 0 180 59.6 54.7 54.7
5537 0.0 0 0 0 4737 0.1 0 0 0 0 63.1 56.0 56.0
5537 0.0 0 0 0 4737 0.1 0 0 0 30 63.2 56.1 56.1
5537 0.0 0 0 0 4737 0.1 0 0 0 60 63.2 56.2 56.2
5537 0.0 0 0 0 4737 0.1 0 0 0 90 63.1 56.1 56.1
5537 0.0 0 0 0 4737 0.1 0 0 0 120 62.9 56.0 56.0
5537 0.0 0 0 0 4737 0.1 0 0 0 150 62.8 56.1 56.1
5537 0.0 0 0 0 4737 0.1 0 0 0 180 62.7 55.9 55.9
5537 0.0 0 0 0 4737 0.1 10 0 0 0 63.0 55.7 55.7
5537 0.0 0 0 0 4737 0.1 10 0 0 30 63.1 55.9 55.9
5537 0.0 0 0 0 4737 0.1 10 0 0 60 63.2 56.0 56.0
5537 0.0 0 0 0 4737 0.1 10 0 0 90 63.0 55.9 55.9
5537 0.0 0 0 0 4737 0.1 10 0 0 120 62.9 55.9 55.9
5537 0.0 0 0 0 4737 0.1 10 0 0 150 62.7 55.9 55.9
5537 0.0 0 0 0 4737 0.1 10 0 0 180 62.7 55.7 55.7
5537 0.0 0 0 0 4737 0.1 20 0 0 0 62.9 54.8 54.8
5537 0.0 0 0 0 4737 0.1 20 0 0 30 63.0 55.0 55.0
5537 0.0 0 0 0 4737 0.1 20 0 0 60 63.0 55.1 55.1
5537 0.0 0 0 0 4737 0.1 20 0 0 90 62.9 54.9 54.9
5537 0.0 0 0 0 4737 0.1 20 0 0 120 62.7 55.0 55.0
5537 0.0 0 0 0 4737 0.1 20 0 0 150 62.5 55.0 55.0
5537 0.0 0 0 0 4737 0.1 20 0 0 180 62.5 54.8 54.8
5537 0.0 0 0 0 4737 0.1 30 0 0 0 62.5 52.8 52.8
5537 0.0 0 0 0 4737 0.1 30 0 0 30 62.7 52.9 52.9
5537 0.0 0 0 0 4737 0.1 30 0 0 60 62.7 53.1 53.1
5537 0.0 0 0 0 4737 0.1 30 0 0 90 62.6 53.0 53.0
5537 0.0 0 0 0 4737 0.1 30 0 0 120 62.4 53.0 53.0
5537 0.0 0 0 0 4737 0.1 30 0 0 150 62.2 53.2 53.2
5537 0.0 0 0 0 4737 0.1 30 0 0 180 62.2 53.0 53.0
5537 0.0 0 0 0 4737 0.1 40 0 0 0 62.0 52.9 52.9
5537 0.0 0 0 0 4737 0.1 40 0 0 30 62.1 53.0 53.0
5537 0.0 0 0 0 4737 0.1 40 0 0 60 62.2 53.1 53.1
5537 0.0 0 0 0 4737 0.1 40 0 0 90 62.1 53.1 53.1
5537 0.0 0 0 0 4737 0.1 40 0 0 120 61.9 53.1 53.1
5537 0.0 0 0 0 4737 0.1 40 0 0 150 61.7 53.2 53.2
5537 0.0 0 0 0 4737 0.1 40 0 0 180 61.7 53.0 53.0
5537 0.0 0 0 0 4737 0.1 50 0 0 0 61.3 53.7 53.7
5537 0.0 0 0 0 4737 0.1 50 0 0 30 61.4 53.6 53.6
5537 0.0 0 0 0 4737 0.1 50 0 0 60 61.4 53.6 53.6
5537 0.0 0 0 0 4737 0.1 50 0 0 90 61.3 53.7 53.7
5537 0.0 0 0 0 4737 0.1 50 0 0 120 61.1 53.8 53.8
5537 0.0 0 0 0 4737 0.1 50 0 0 150 61.0 53.7 53.7
5537 0.0 0 0 0 4737 0.1 50 0 0 180 60.9 53.7 53.7
5537 0.0 0 0 0 4737 0.1 60 0 0 0 60.1 54.7 54.7
5537 0.0 0 0 0 4737 0.1 60 0 0 30 60.1 54.8 54.8
5537 0.0 0 0 0 4737 0.1 60 0 0 60 60.1 54.9 54.9
5537 0.0 0 0 0 4737 0.1 60 0 0 90 60.0 55.0 55.0
5537 0.0 0 0 0 4737 0.1 60 0 0 120 59.8 55.0 55.0
5537 0.0 0 0 0 4737 0.1 60 0 0 150 59.7 54.8 54.8
5537 0.0 0 0 0 4737 0.1 60 0 0 180 59.6 54.6 54.6
5537 0.0 0 0 0 4737 0.2 0 0 0 0 63.1 55.8 55.8
5537 0.0 0 0 0 4737 0.2 0 0 0 30 63.2 55.9 55.9
5537 0.0 0 0 0 4737 0.2 0 0 0 60 63.2 56.0 56.0
5537 0.0 0 0 0 4737 0.2 0 0 0 90 63.1 56.0 56.0
5537 0.0 0 0 0 4737 0.2 0 0 0 120 63.0 55.9 55.9
5537 0.0 0 0 0 4737 0.2 0 0 0 150 62.8 56.0 56.0
5537 0.0 0 0 0 4737 0.2 0 0 0 180 62.7 55.7 55.7
5537 0.0 0 0 0 4737 0.2 10 0 0 0 63.1 55.6 55.6
5537 0.0 0 0 0 4737 0.2 10 0 0 30 63.2 55.7 55.7
5537 0.0 0 0 0 4737 0.2 10 0 0 60 63.2 55.8 55.8
5537 0.0 0 0 0 4737 0.2 10 0 0 90 63.0 55.8 55.8
5537 0.0 0 0 0 4737 0.2 10 0 0 120 62.9 55.7 55.7
5537 0.0 0 0 0 4737 0.2 10 0 0 150 62.7 55.8 55.8
5537 0.0 0 0 0 4737 0.2 10 0 0 180 62.7 55.5 55.5
5537 0.0 0 0 0 4737 0.2 20 0 0 0 62.9 54.6 54.6
5537 0.0 0 0 0 4737 0.2 20 0 0 30 63.0 54.7 54.7
5537 0.0 0 0 0 4737 0.2 20 0 0 60 63.0 54.9 54.9
5537 0.0 0 0 0 4737 0.2 20 0 0 90 62.9 54.8 54.8
5537 0.0 0 0 0 4737 0.2 20 0 0 120 62.7 54.7 54.7
5537 0.0 0 0 0 4737 0.2 20 0 0 150 62.5 54.9 54.9
5537 0.0 0 0 0 4737 0.2 20 0 0 180 62.5 54.5 54.5
5537 0.0 0 0 0 4737 0.2 30 0 0 0 62.6 53.0 53.0
5537 0.0 0 0 0 4737 0.2 30 0 0 30 62.7 53.0 53.0
5537 0.0 0 0 0 4737 0.2 30 0 0 60 62.7 53.1 53.1
5537 0.0 0 0 0 4737 0.2 30 0 0 90 62.5 53.0 53.0
5537 0.0 0 0 0 4737 0.2 30 0 0 120 62.4 52.9 52.9
5537 0.0 0 0 0 4737 0.2 30 0 0 150 62.2 53.0 53.0
5537 0.0 0 0 0 4737 0.2 30 0 0 180 62.2 52.8 52.8
5537 0.0 0 0 0 4737 0.2 40 0 0 0 62.1 52.9 52.9
5537 0.0 0 0 0 4737 0.2 40 0 0 30 62.2 53.0 53.0
5537 0.0 0 0 0 4737 0.2 40 0 0 60 62.2 53.1 53.1
5537 0.0 0 0 0 4737 0.2 40 0 0 90 62.0 53.2 53.2
5537 0.0 0 0 0 4737 0.2 40 0 0 120 61.9 53.1 53.1
5537 0.0 0 0 0 4737 0.2 40 0 0 150 61.7 53.1 53.1
5537 0.0 0 0 0 4737 0.2 40 0 0 180 61.7 53.1 53.1
5537 0.0 0 0 0 4737 0.2 50 0 0 0 61.3 53.5 53.5
5537 0.0 0 0 0 4737 0.2 50 0 0 30 61.4 53.6 53.6
5537 0.0 0 0 0 4737 0.2 50 0 0 60 61.4 53.6 53.6
5537 0.0 0 0 0 4737 0.2 50 0 0 90 61.3 53.6 53.6
5537 0.0 0 0 0 4737 0.2 50 0 0 120 61.2 53.7 53.7
5537 0.0 0 0 0 4737 0.2 50 0 0 150 60.9 53.6 53.6
5537 0.0 0 0 0 4737 0.2 50 0 0 180 61.0 53.5 53.5
5537 0.0 0 0 0 4737 0.2 60 0 0 0 60.1 54.5 54.5
5537 0.0 0 0 0 4737 0.2 60 0 0 30 60.1 54.5 54.5
5537 0.0 0 0 0 4737 0.2 60 0 0 60 60.1 54.6 54.6
5537 0.0 0 0 0 4737 0.2 60 0 0 90 60.0 54.8 54.8
5537 0.0 0 0 0 4737 0.2 60 0 0 120 59.8 54.8 54.8
5537 0.0 0 0 0 4737 0.2 60 0 0 150 59.7 54.7 54.7
5537 0.0 0 0 0 4737 0.2 60 0 0 180 59.7 54.5 54.5
5537 0.0 0 0 0 4737 0.3 0 0 0 0 63.1 55.6 55.6
5537 0.0 0 0 0 4737 0.3 0 0 0 30 63.2 55.7 55.7
5537 0.0 0 0 0 4737 0.3 0 0 0 60 63.2 55.8 55.8
5537 0.0 0 0 0 4737 0.3 0 0 0 90 63.2 55.8 55.8
5537 0.0 0 0 0 4737 0.3 0 0 0 120 63.0 55.7 55.7
5537 0.0 0 0 0 4737 0.3 0 0 0 150 62.8 55.8 55.8
5537 0.0 0 0 0 4737 0.3 0 0 0 180 62.7 55.5 55.5
5537 0.0 0 0 0 4737 0.3 10 0 0 0 63.1 55.3 55.3
5537 0.0 0 0 0 4737 0.3 10 0 0 30 63.1 55.4 55.4
5537 0.0 0 0 0 4737 0.3 10 0 0 60 63.2 55.6 55.6
5537 0.0 0 0 0 4737 0.3 10 0 0 90 63.1 55.7 55.7
5537 0.0 0 0 0 4737 0.3 10 0 0 120 63.0 55.5 55.5
5537 0.0 0 0 0 4737 0.3 10 0 0 150 62.8 55.6 55.6
5537 0.0 0 0 0 4737 0.3 10 0 0 180 62.6 55.2 55.2
5537 0.0 0 0 0 4737 0.3 20 0 0 0 62.9 54.2 54.2
5537 0.0 0 0 0 4737 0.3 20 0 0 30 63.0 54.3 54.3
5537 0.0 0 0 0 4737 0.3 20 0 0 60 63.0 54.5 54.5
5537 0.0 0 0 0 4737 0.3 20 0 0 90 63.0 54.5 54.5
5537 0.0 0 0 0 4737 0.3 20 0 0 120 62.8 54.4 54.4
5537 0.0 0 0 0 4737 0.3 20 0 0 150 62.6 54.5 54.5
5537 0.0 0 0 0 4737 0.3 20 0 0 180 62.5 54.2 54.2
5537 0.0 0 0 0 4737 0.3 30 0 0 0 62.6 53.0 53.0
5537 0.0 0 0 0 4737 0.3 30 0 0 30 62.6 53.0 53.0
5537 0.0 0 0 0 4737 0.3 30 0 0 60 62.7 53.1 53.1
5537 0.0 0 0 0 4737 0.3 30 0 0 90 62.6 53.1 53.1
5537 0.0 0 0 0 4737 0.3 30 0 0 120 62.5 53.2 53.2
5537 0.0 0 0 0 4737 0.3 30 0 0 150 62.3 53.1 53.1
5537 0.0 0 0 0 4737 0.3 30 0 0 180 62.2 53.0 53.0
5537 0.0 0 0 0 4737 0.3 40 0 0 0 62.1 52.9 52.9
5537 0.0 0 0 0 4737 0.3 40 0 0 30 62.2 53.0 53.0
5537 0.0 0 0 0 4737 0.3 40 0 0 60 62.2 53.0 53.0
5537 0.0 0 0 0 4737 0.3 40 0 0 90 62.1 53.1 53.1
5537 0.0 0 0 0 4737 0.3 40 0 0 120 62.0 53.1 53.1
5537 0.0 0 0 0 4737 0.3 40 0 0 150 61.8 53.1 53.1
5537 0.0 0 0 0 4737 0.3 40 0 0 180 61.7 53.2 53.2
5537 0.0 0 0 0 4737 0.3 50 0 0 0 61.3 53.6 53.6
5537 0.0 0 0 0 4737 0.3 50 0 0 30 61.4 53.6 53.6
5537 0.0 0 0 0 4737 0.3 50 0 0 60 61.4 53.7 53.7
5537 0.0 0 0 0 4737 0.3 50 0 0 90 61.3 53.8 53.8
5537 0.0 0 0 0 4737 0.3 50 0 0 120 61.2 53.7 53.7
5537 0.0 0 0 0 4737 0.3 50 0 0 150 61.0 53.6 53.6
5537 0.0 0 0 0 4737 0.3 50 0 0 180 61.0 53.4 53.4
5537 0.0 0 0 0 4737 0.3 60 0 0 0 60.0 54.3 54.3
5537 0.0 0 0 0 4737 0.3 60 0 0 30 60.0 54.3 54.3
5537 0.0 0 0 0 4737 0.3 60 0 0 60 60.0 54.4 54.4
5537 0.0 0 0 0 4737 0.3 60 0 0 90 59.9 54.5 54.5
5537 0.0 0 0 0 4737 0.3 60 0 0 120 59.9 54.6 54.6
5537 0.0 0 0 0 4737 0.3 60 0 0 150 59.6 54.6 54.6
5537 0.0 0 0 0 4737 0.3 60 0 0 180 59.6 54.4 54.4
5537 0.0 0 0 0 4737 0.4 0 0 0 0 63.2 55.3 55.3
5537 0.0 0 0 0 4737 0.4 0 0 0 30 63.2 55.3 55.3
5537 0.0 0 0 0 4737 0.4 0 0 0 60 63.2 55.4 55.4
5537 0.0 0 0 0 4737 0.4 0 0 0 90 63.2 55.6 55.6
5537 0.0 0 0 0 4737 0.4 0 0 0 120 63.1 55.5 55.5
5537 0.0 0 0 0 4737 0.4 0 0 0 150 62.8 55.5 55.5
5537 0.0 0 0 0 4737 0.4 0 0 0 180 62.7 55.1 55.1
5537 0.0 0 0 0 4737 0.4 10 0 0 0 63.1 55.0 55.0
5537 0.0 0 0 0 4737 0.4 10 0 0 30 63.1 55.1 55.1
5537 0.0 0 0 0 4737 0.4 10 0 0 60 63.2 55.2 55.2
5537 0.0 0 0 0 4737 0.4 10 0 0 90 63.1 55.4 55.4
5537 0.0 0 0 0 4737 0.4 10 0 0 120 63.0 55.3 55.3
5537 0.0 0 0 0 4737 0.4 10 0 0 150 62.7 55.3 55.3
5537 0.0 0 0 0 4737 0.4 10 0 0 180 62.6 54.9 54.9
5537 0.0 0 0 0 4737 0.4 20 0 0 0 62.9 53.8 53.8
5537 0.0 0 0 0 4737 0.4 20 0 0 30 63.0 53.8 53.8
5537 0.0 0 0 0 4737 0.4 20 0 0 60 63.0 53.8 53.8
5537 0.0 0 0 0 4737 0.4 20 0 0 90 62.9 53.9 53.9
5537 0.0 0 0 0 4737 0.4 20 0 0 120 62.8 53.9 53.9
5537 0.0 0 0 0 4737 0.4 20 0 0 150 62.6 54.0 54.0
5537 0.0 0 0 0 4737 0.4 20 0 0 180 62.5 53.7 53.7
5537 0.0 0 0 0 4737 0.4 30 0 0 0 62.6 53.3 53.3
5537 0.0 0 0 0 4737 0.4 30 0 0 30 62.6 53.4 53.4
5537 0.0 0 0 0 4737 0.4 30 0 0 60 62.7 53.3 53.3
5537 0.0 0 0 0 4737 0.4 30 0 0 90 62.6 53.3 53.3
5537 0.0 0 0 0 4737 0.4 30 0 0 120 62.5 53.2 53.2
5537 0.0 0 0 0 4737 0.4 30 0 0 150 62.2 53.3 53.3
5537 0.0 0 0 0 4737 0.4 30 0 0 180 62.2 53.0 53.0
5537 0.0 0 0 0 4737 0.4 40 0 0 0 62.1 53.3 53.3
5537 0.0 0 0 0 4737 0.4 40 0 0 30 62.2 53.4 53.4
5537 0.0 0 0 0 4737 0.4 40 0 0 60 62.2 53.4 53.4
5537 0.0 0 0 0 4737 0.4 40 0 0 90 62.1 53.4 53.4
5537 0.0 0 0 0 4737 0.4 40 0 0 120 62.0 53.2 53.2
5537 0.0 0 0 0 4737 0.4 40 0 0 150 61.7 53.3 53.3
5537 0.0 0 0 0 4737 0.4 40 0 0 180 61.7 53.2 53.2
5537 0.0 0 0 0 4737 0.4 50 0 0 0 61.3 53.6 53.6
5537 0.0 0 0 0 4737 0.4 50 0 0 30 61.4 53.7 53.7
5537 0.0 0 0 0 4737 0.4 50 0 0 60 61.4 53.8 53.8
5537 0.0 0 0 0 4737 0.4 50 0 0 90 61.3 53.9 53.9
5537 0.0 0 0 0 4737 0.4 50 0 0 120 61.2 53.8 53.8
5537 0.0 0 0 0 4737 0.4 50 0 0 150 61.0 53.8 53.8
5537 0.0 0 0 0 4737 0.4 50 0 0 180 60.9 53.6 53.6
5537 0.0 0 0 0 4737 0.4 60 0 0 0 59.9 54.2 54.2
5537 0.0 0 0 0 4737 0.4 60 0 0 30 59.9 54.2 54.2
5537 0.0 0 0 0 4737 0.4 60 0 0 60 59.8 54.3 54.3
5537 0.0 0 0 0 4737 0.4 60 0 0 90 59.7 54.4 54.4
5537 0.0 0 0 0 4737 0.4 60 0 0 120 59.6 54.5 54.5
5537 0.0 0 0 0 4737 0.4 60 0 0 150 59.3 54.5 54.5
5537 0.0 0 0 0 4737 0.4 60 0 0 180 59.3 54.2 54.2
5537 0.0 0 0 0 4737 0.5 0 0 0 0 63.1 54.7 54.7
5537 0.0 0 0 0 4737 0.5 0 0 0 30 63.2 54.7 54.7
5537 0.0 0 0 0 4737 0.5 0 0 0 60 63.2 54.7 54.7
5537 0.0 0 0 0 4737 0.5 0 0 0 90 63.2 54.9 54.9
5537 0.0 0 0 0 4737 0.5 0 0 0 120 63.0 55.0 55.0
5537 0.0 0 0 0 4737 0.5 0 0 0 150 62.8 54.8 54.8
5537 0.0 0 0 0 4737 0.5 0 0 0 180 62.7 54.5 54.5
5537 0.0 0 0 0 4737 0.5 10 0 0 0 63.1 54.4 54.4
5537 0.0 0 0 0 4737 0.5 10 0 0 30 63.1 54.4 54.4
5537 0.0 0 0 0 4737 0.5 10 0 0 60 63.1 54.4 54.4
5537 0.0 0 0 0 4737 0.5 10 0 0 90 63.1 54.6 54.6
5537 0.0 0 0 0 4737 0.5 10 0 0 120 63.0 54.6 54.6
5537 0.0 0 0 0 4737 0.5 10 0 0 150 62.8 54.5 54.5
5537 0.0 0 0 0 4737 0.5 10 0 0 180 62.7 54.3 54.3
5537 0.0 0 0 0 4737 0.5 20 0 0 0 62.9 53.8 53.8
5537 0.0 0 0 0 4737 0.5 20 0 0 30 62.9 53.8 53.8
5537 0.0 0 0 0 4737 0.5 20 0 0 60 62.9 53.8 53.8
5537 0.0 0 0 0 4737 0.5 20 0 0 90 62.9 53.9 53.9
5537 0.0 0 0 0 4737 0.5 20 0 0 120 62.8 53.9 53.9
5537 0.0 0 0 0 4737 0.5 20 0 0 150 62.6 54.0 54.0
5537 0.0 0 0 0 4737 0.5 20 0 0 180 62.5 53.8 53.8
5537 0.0 0 0 0 4737 0.5 30 0 0 0 62.5 53.7 53.7
5537 0.0 0 0 0 4737 0.5 30 0 0 30 62.6 53.7 53.7
5537 0.0 0 0 0 4737 0.5 30 0 0 60 62.6 53.7 53.7
5537 0.0 0 0 0 4737 0.5 30 0 0 90 62.6 53.8 53.8
5537 0.0 0 0 0 4737 0.5 30 0 0 120 62.5 53.7 53.7
5537 0.0 0 0 0 4737 0.5 30 0 0 150 62.2 53.7 53.7
5537 0.0 0 0 0 4737 0.5 30 0 0 180 62.2 53.2 53.2
5537 0.0 0 0 0 4737 0.5 40 0 0 0 62.0 53.6 53.6
5537 0.0 0 0 0 4737 0.5 40 0 0 30 62.1 53.7 53.7
5537 0.0 0 0 0 4737 0.5 40 0 0 60 62.1 53.7 53.7
5537 0.0 0 0 0 4737 0.5 40 0 0 90 62.0 53.8 53.8
5537 0.0 0 0 0 4737 0.5 40 0 0 120 62.0 53.6 53.6
5537 0.0 0 0 0 4737 0.5 40 0 0 150 61.7 53.7 53.7
5537 0.0 0 0 0 4737 0.5 40 0 0 180 61.7 53.4 53.4
5537 0.0 0 0 0 4737 0.5 50 0 0 0 61.2 53.8 53.8
5537 0.0 0 0 0 4737 0.5 50 0 0 30 61.2 53.9 53.9
5537 0.0 0 0 0 4737 0.5 50 0 0 60 61.2 54.0 54.0
5537 0.0 0 0 0 4737 0.5 50 0 0 90 61.2 54.1 54.1
5537 0.0 0 0 0 4737 0.5 50 0 0 120 61.1 54.0 54.0
5537 0.0 0 0 0 4737 0.5 50 0 0 150 60.9 54.0 54.0
5537 0.0 0 0 0 4737 0.5 50 0 0 180 60.8 53.7 53.7
5537 0.0 0 0 0 4737 0.5 60 0 0 0 59.8 54.1 54.1
5537 0.0 0 0 0 4737 0.5 60 0 0 30 59.8 54.1 54.1
5537 0.0 0 0 0 4737 0.5 60 0 0 60 59.8 54.2 54.2
5537 0.0 0 0 0 4737 0.5 60 0 0 90 59.8 54.3 54.3
5537 0.0 0 0 0 4737 0.5 60 0 0 120 59.7 54.4 54.4
5537 0.0 0 0 0 4737 0.5 60 0 0 150 59.5 54.5 54.5
5537 0.0 0 0 0 4737 0.5 60 0 0 180 59.4 54.2 54.2
5537 0.0 0 0 0 4937 0.0 0 0 0 0 63.5 56.7 56.7
5537 0.0 0 0 0 4937 0.0 0 0 0 30 63.4 56.7 56.7
5537 0.0 0 0 0 4937 0.0 0 0 0 60 63.3 56.7 56.7
5537 0.0 0 0 0 4937 0.0 0 0 0 90 63.2 56.7 56.7
5537 0.0 0 0 0 4937 0.0 0 0 0 120 63.1 56.7 56.7
5537 0.0 0 0 0 4937 0.0 0 0 0 150 63.0 56.7 56.7
5537 0.0 0 0 0 4937 0.0 0 0 0 180 63.0 56.7 56.7
5537 0.0 0 0 0 4937 0.0 10 0 0 0 63.4 56.4 56.4
5537 0.0 0 0 0 4937 0.0 10 0 0 30 63.3 56.5 56.5
5537 0.0 0 0 0 4937 0.0 10 0 0 60 63.2 56.5 56.5
5537 0.0 0 0 0 4937 0.0 10 0 0 90 63.1 56.5 56.5
5537 0.0 0 0 0 4937 0.0 10 0 0 120 63.0 56.5 56.5
5537 0.0 0 0 0 4937 0.0 10 0 0 150 62.9 56.5 56.5
5537 0.0 0 0 0 4937 0.0 10 0 0 180 62.9 56.5 56.5
5537 0.0 0 0 0 4937 0.0 20 0 0 0 63.2 55.6 55.6
5537 0.0 0 0 0 4937 0.0 20 0 0 30 63.2 55.6 55.6
5537 0.0 0 0 0 4937 0.0 20 0 0 60 63.1 55.7 55.7
5537 0.0 0 0 0 4937 0.0 20 0 0 90 63.0 55.6 55.6
5537 0.0 0 0 0 4937 0.0 20 0 0 120 62.9 55.6 55.6
5537 0.0 0 0 0 4937 0.0 20 0 0 150 62.8 55.6 55.6
5537 0.0 0 0 0 4937 0.0 20 0 0 180 62.8 55.6 55.6
5537 0.0 0 0 0 4937 0.0 30 0 0 0 62.9 53.8 53.8
5537 0.0 0 0 0 4937 0.0 30 0 0 30 62.9 53.7 53.7
5537 0.0 0 0 0 4937 0.0 30 0 0 60 62.8 53.7 53.7
5537 0.0 0 0 0 4937 0.0 30 0 0 90 62.7 53.7 53.7
5537 0.0 0 0 0 4937 0.0 30 0 0 120 62.6 53.5 53.5
5537 0.0 0 0 0 4937 0.0 30 0 0 150 62.5 53.5 53.5
5537 0.0 0 0 0 4937 0.0 30 0 0 180 62.5 53.5 53.5
5537 0.0 0 0 0 4937 0.0 40 0 0 0 62.5 53.6 53.6
5537 0.0 0 0 0 4937 0.0 40 0 0 30 62.4 53.7 53.7
5537 0.0 0 0 0 4937 0.0 40 0 0 60 62.3 53.7 53.7
5537 0.0 0 0 0 4937 0.0 40 0 0 90 62.2 53.6 53.6
5537 0.0 0 0 0 4937 0.0 40 0 0 120 62.1 53.6 53.6
5537 0.0 0 0 0 4937 0.0 40 0 0 150 62.0 53.6 53.6
5537 0.0 0 0 0 4937 0.0 40 0 0 180 62.0 53.5 53.5
5537 0.0 0 0 0 4937 0.0 50 0 0 0 61.7 54.4 54.4
5537 0.0 0 0 0 4937 0.0 50 0 0 30 61.7 54.5 54.5
5537 0.0 0 0 0 4937 0.0 50 0 0 60 61.6 54.4 54.4
5537 0.0 0 0 0 4937 0.0 50 0 0 90 61.5 54.3 54.3
5537 0.0 0 0 0 4937 0.0 50 0 0 120 61.4 54.2 54.2
5537 0.0 0 0 0 4937 0.0 50 0 0 150 61.3 54.1 54.1
5537 0.0 0 0 0 4937 0.0 50 0 0 180 61.3 54.0 54.0
5537 0.0 0 0 0 4937 0.0 60 0 0 0 60.5 55.1 55.1
5537 0.0 0 0 0 4937 0.0 60 0 0 30 60.5 55.3 55.3
5537 0.0 0 0 0 4937 0.0 60 0 0 60 60.4 55.4 55.4
5537 0.0 0 0 0 4937 0.0 60 0 0 90 60.2 55.3 55.3
5537 0.0 0 0 0 4937 0.0 60 0 0 120 60.2 55.4 55.4
5537 0.0 0 0 0 4937 0.0 60 0 0 150 60.2 55.4 55.4
5537 0.0 0 0 0 4937 0.0 60 0 0 180 60.2 55.5 55.5
5537 0.0 0 0 0 4937 0.1 0 0 0 0 63.4 56.5 56.5
5537 0.0 0 0 0 4937 0.1 0 0 0 30 63.4 56.5 56.5
5537 0.0 0 0 0 4937 0.1 0 0 0 60 63.3 56.6 56.6
5537 0.0 0 0 0 4937 0.1 0 0 0 90 63.2 56.6 56.6
5537 0.0 0 0 0 4937 0.1 0 0 0 120 63.1 56.6 56.6
5537 0.0 0 0 0 4937 0.1 0 0 0 150 63.0 56.6 56.6
5537 0.0 0 0 0 4937 0.1 0 0 0 180 63.0 56.5 56.5
5537 0.0 0 0 0 4937 0.1 10 0 0 0 63.4 56.3 56.3
5537 0.0 0 0 0 4937 0.1 10 0 0 30 63.3 56.3 56.3
5537 0.0 0 0 0 4937 0.1 10 0 0 60 63.3 56.4 56.4
5537 0.0 0 0 0 4937 0.1 10 0 0 90 63.2 56.4 56.4
5537 0.0 0 0 0 4937 0.1 10 0 0 120 63.1 56.4 56.4
5537 0.0 0 0 0 4937 0.1 10 0 0 150 63.0 56.4 56.4
5537 0.0 0 0 0 4937 0.1 10 0 0 180 62.9 56.3 56.3
5537 0.0 0 0 0 4937 0.1 20 0 0 0 63.3 55.5 55.5
5537 0.0 0 0 0 4937 0.1 20 0 0 30 63.2 55.5 55.5
5537 0.0 0 0 0 4937 0.1 20 0 0 60 63.1 55.5 55.5
5537 0.0 0 0 0 4937 0.1 20 0 0 90 63.0 55.6 55.6
5537 0.0 0 0 0 4937 0.1 20 0 0 120 62.9 55.5 55.5
5537 0.0 0 0 0 4937 0.1 20 0 0 150 62.8 55.6 55.6
5537 0.0 0 0 0 4937 0.1 20 0 0 180 62.8 55.5 55.5
5537 0.0 0 0 0 4937 0.1 30 0 0 0 63.0 53.7 53.7
5537 0.0 0 0 0 4937 0.1 30 0 0 30 62.9 53.7 53.7
5537 0.0 0 0 0 4937 0.1 30 0 0 60 62.8 53.7 53.7
5537 0.0 0 0 0 4937 0.1 30 0 0 90 62.7 53.7 53.7
5537 0.0 0 0 0 4937 0.1 30 0 0 120 62.6 53.5 53.5
5537 0.0 0 0 0 4937 0.1 30 0 0 150 62.5 53.5 53.5
5537 0.0 0 0 0 4937 0.1 30 0 0 180 62.4 53.3 53.3
5537 0.0 0 0 0 4937 0.1 40 0 0 0 62.6 53.5 53.5
5537 0.0 0 0 0 4937 0.1 40 0 0 30 62.4 53.5 53.5
5537 0.0 0 0 0 4937 0.1 40 0 0 60 62.3 53.6 53.6
5537 0.0 0 0 0 4937 0.1 40 0 0 90 62.3 53.6 53.6
5537 0.0 0 0 0 4937 0.1 40 0 0 120 62.0 53.5 53.5
5537 0.0 0 0 0 4937 0.1 40 0 0 150 62.1 53.5 53.5
5537 0.0 0 0 0 4937 0.1 40 0 0 180 61.9 53.3 53.3
5537 0.0 0 0 0 4937 0.1 50 0 0 0 61.9 54.2 54.2
5537 0.0 0 0 0 4937 0.1 50 0 0 30 61.6 54.2 54.2
5537 0.0 0 0 0 4937 0.1 50 0 0 60 61.6 54.3 54.3
5537 0.0 0 0 0 4937 0.1 50 0 0 90 61.6 54.2 54.2
5537 0.0 0 0 0 4937 0.1 50 0 0 120 61.2 54.2 54.2
5537 0.0 0 0 0 4937 0.1 50 0 0 150 61.5 54.1 54.1
5537 0.0 0 0 0 4937 0.1 50 0 0 180 61.2 54.0 54.0
5537 0.0 0 0 0 4937 0.1 60 0 0 0 60.8 55.1 55.1
5537 0.0 0 0 0 4937 0.1 60 0 0 30 60.3 55.0 55.0
5537 0.0 0 0 0 4937 0.1 60 0 0 60 60.3 55.2 55.2
5537 0.0 0 0 0 4937 0.1 60 0 0 90 60.6 55.0 55.0
5537 0.0 0 0 0 4937 0.1 60 0 0 120 60.0 55.2 55.2
5537 0.0 0 0 0 4937 0.1 60 0 0 150 60.4 55.3 55.3
5537 0.0 0 0 0 4937 0.1 60 0 0 180 59.9 55.3 55.3
5537 0.0 0 0 0 4937 0.2 0 0 0 0 63.4 56.4 56.4
5537 0.0 0 0 0 4937 0.2 0 0 0 30 63.5 56.4 56.4
5537 0.0 0 0 0 4937 0.2 0 0 0 60 63.4 56.4 56.4
5537 0.0 0 0 0 4937 0.2 0 0 0 90 63.2 56.5 56.5
5537 0.0 0 0 0 4937 0.2 0 0 0 120 63.2 56.4 56.4
5537 0.0 0 0 0 4937 0.2 0 0 0 150 63.0 56.5 56.5
5537 0.0 0 0 0 4937 0.2 0 0 0 180 63.1 56.4 56.4
5537 0.0 0 0 0 4937 0.2 10 0 0 0 63.4 56.1 56.1
5537 0.0 0 0 0 4937 0.2 10 0 0 30 63.4 56.2 56.2
5537 0.0 0 0 0 4937 0.2 10 0 0 60 63.3 56.2 56.2
5537 0.0 0 0 0 4937 0.2 10 0 0 90 63.2 56.2 56.2
5537 0.0 0 0 0 4937 0.2 10 0 0 120 63.1 56.2 56.2
5537 0.0 0 0 0 4937 0.2 10 0 0 150 63.0 56.3 56.3
5537 0.0 0 0 0 4937 0.2 10 0 0 180 63.0 56.2 56.2
5537 0.0 0 0 0 4937 0.2 20 0 0 0 63.2 55.3 55.3
5537 0.0 0 0 0 4937 0.2 20 0 0 30 63.3 55.3 55.3
5537 0.0 0 0 0 4937 0.2 20 0 0 60 63.1 55.3 55.3
5537 0.0 0 0 0 4937 0.2 20 0 0 90 63.0 55.4 55.4
5537 0.0 0 0 0 4937 0.2 20 0 0 120 63.0 55.3 55.3
5537 0.0 0 0 0 4937 0.2 20 0 0 150 62.8 55.4 55.4
5537 0.0 0 0 0 4937 0.2 20 0 0 180 62.8 55.3 55.3
5537 0.0 0 0 0 4937 0.2 30 0 0 0 63.0 53.5 53.5
5537 0.0 0 0 0 4937 0.2 30 0 0 30 62.9 53.6 53.6
5537 0.0 0 0 0 4937 0.2 30 0 0 60 62.8 53.6 53.6
5537 0.0 0 0 0 4937 0.2 30 0 0 90 62.8 53.7 53.7
5537 0.0 0 0 0 4937 0.2 30 0 0 120 62.6 53.5 53.5
5537 0.0 0 0 0 4937 0.2 30 0 0 150 62.5 53.7 53.7
5537 0.0 0 0 0 4937 0.2 30 0 0 180 62.5 53.4 53.4
5537 0.0 0 0 0 4937 0.2 40 0 0 0 62.6 53.5 53.5
5537 0.0 0 0 0 4937 0.2 40 0 0 30 62.4 53.5 53.5
5537 0.0 0 0 0 4937 0.2 40 0 0 60 62.3 53.5 53.5
5537 0.0 0 0 0 4937 0.2 40 0 0 90 62.4 53.6 53.6
5537 0.0 0 0 0 4937 0.2 40 0 0 120 62.1 53.4 53.4
5537 0.0 0 0 0 4937 0.2 40 0 0 150 62.1 53.6 53.6
5537 0.0 0 0 0 4937 0.2 40 0 0 180 62.0 53.4 53.4
5537 0.0 0 0 0 4937 0.2 50 0 0 0 61.9 54.0 54.0
5537 0.0 0 0 0 4937 0.2 50 0 0 30 61.7 54.0 54.0
5537 0.0 0 0 0 4937 0.2 50 0 0 60 61.5 54.2 54.2
5537 0.0 0 0 0 4937 0.2 50 0 0 90 61.7 54.4 54.4
5537 0.0 0 0 0 4937 0.2 50 0 0 120 61.3 54.1 54.1
5537 0.0 0 0 0 4937 0.2 50 0 0 150 61.5 54.3 54.3
5537 0.0 0 0 0 4937 0.2 50 0 0 180 61.2 53.9 53.9
5537 0.0 0 0 0 4937 0.2 60 0 0 0 60.8 55.0 55.0
5537 0.0 0 0 0 4937 0.2 60 0 0 30 60.5 54.9 54.9
5537 0.0 0 0 0 4937 0.2 60 0 0 60 60.1 54.9 54.9
5537 0.0 0 0 0 4937 0.2 60 0 0 90 60.6 55.1 55.1
5537 0.0 0 0 0 4937 0.2 60 0 0 120 60.1 54.9 54.9
5537 0.0 0 0 0 4937 0.2 60 0 0 150 60.5 55.2 55.2
5537 0.0 0 0 0 4937 0.2 60 0 0 180 59.9 55.0 55.0
5537 0.0 0 0 0 4937 0.3 0 0 0 0 63.3 56.2 56.2
5537 0.0 0 0 0 4937 0.3 0 0 0 30 63.4 56.2 56.2
5537 0.0 0 0 0 4937 0.3 0 0 0 60 63.5 56.2 56.2
5537 0.0 0 0 0 4937 0.3 0 0 0 90 63.2 56.3 56.3
5537 0.0 0 0 0 4937 0.3 0 0 0 120 63.2 56.2 56.2
5537 0.0 0 0 0 4937 0.3 0 0 0 150 63.0 56.3 56.3
5537 0.0 0 0 0 4937 0.3 0 0 0 180 63.2 56.1 56.1
5537 0.0 0 0 0 4937 0.3 10 0 0 0 63.2 56.0 56.0
5537 0.0 0 0 0 4937 0.3 10 0 0 30 63.4 56.0 56.0
5537 0.0 0 0 0 4937 0.3 10 0 0 60 63.5 56.0 56.0
5537 0.0 0 0 0 4937 0.3 10 0 0 90 63.2 56.1 56.1
5537 0.0 0 0 0 4937 0.3 10 0 0 120 63.1 56.1 56.1
5537 0.0 0 0 0 4937 0.3 10 0 0 150 62.9 56.2 56.2
5537 0.0 0 0 0 4937 0.3 10 0 0 180 63.1 55.9 55.9
5537 0.0 0 0 0 4937 0.3 20 0 0 0 63.1 55.0 55.0
5537 0.0 0 0 0 4937 0.3 20 0 0 30 63.2 55.0 55.0
5537 0.0 0 0 0 4937 0.3 20 0 0 60 63.3 55.0 55.0
5537 0.0 0 0 0 4937 0.3 20 0 0 90 63.0 55.2 55.2
5537 0.0 0 0 0 4937 0.3 20 0 0 120 63.0 55.1 55.1
5537 0.0 0 0 0 4937 0.3 20 0 0 150 62.8 55.3 55.3
5537 0.0 0 0 0 4937 0.3 20 0 0 180 62.9 55.0 55.0
5537 0.0 0 0 0 4937 0.3 30 0 0 0 62.8 53.5 53.5
5537 0.0 0 0 0 4937 0.3 30 0 0 30 62.9 53.6 53.6
5537 0.0 0 0 0 4937 0.3 30 0 0 60 63.0 53.7 53.7
5537 0.0 0 0 0 4937 0.3 30 0 0 90 62.7 53.9 53.9
5537 0.0 0 0 0 4937 0.3 30 0 0 120 62.7 53.7 53.7
5537 0.0 0 0 0 4937 0.3 30 0 0 150 62.5 53.7 53.7
5537 0.0 0 0 0 4937 0.3 30 0 0 180 62.6 53.4 53.4
5537 0.0 0 0 0 4937 0.3 40 0 0 0 62.4 53.6 53.6
5537 0.0 0 0 0 4937 0.3 40 0 0 30 62.5 53.6 53.6
5537 0.0 0 0 0 4937 0.3 40 0 0 60 62.5 53.7 53.7
5537 0.0 0 0 0 4937 0.3 40 0 0 90 62.2 53.8 53.8
5537 0.0 0 0 0 4937 0.3 40 0 0 120 62.2 53.6 53.6
5537 0.0 0 0 0 4937 0.3 40 0 0 150 62.0 53.6 53.6
5537 0.0 0 0 0 4937 0.3 40 0 0 180 62.1 53.4 53.4
5537 0.0 0 0 0 4937 0.3 50 0 0 0 61.7 53.9 53.9
5537 0.0 0 0 0 4937 0.3 50 0 0 30 61.7 53.9 53.9
5537 0.0 0 0 0 4937 0.3 50 0 0 60 61.7 54.0 54.0
5537 0.0 0 0 0 4937 0.3 50 0 0 90 61.5 54.3 54.3
5537 0.0 0 0 0 4937 0.3 50 0 0 120 61.5 54.2 54.2
5537 0.0 0 0 0 4937 0.3 50 0 0 150 61.3 54.3 54.3
5537 0.0 0 0 0 4937 0.3 50 0 0 180 61.4 54.0 54.0
5537 0.0 0 0 0 4937 0.3 60 0 0 0 60.5 54.8 54.8
5537 0.0 0 0 0 4937 0.3 60 0 0 30 60.4 54.7 54.7
5537 0.0 0 0 0 4937 0.3 60 0 0 60 60.4 54.7 54.7
5537 0.0 0 0 0 4937 0.3 60 0 0 90 60.3 55.0 55.0
5537 0.0 0 0 0 4937 0.3 60 0 0 120 60.2 54.9 54.9
5537 0.0 0 0 0 4937 0.3 60 0 0 150 60.2 55.0 55.0
5537 0.0 0 0 0 4937 0.3 60 0 0 180 60.2 54.8 54.8
5537 0.0 0 0 0 4937 0.4 0 0 0 0 63.2 55.9 55.9
5537 0.0 0 0 0 4937 0.4 0 0 0 30 63.3 55.8 55.8
5537 0.0 0 0 0 4937 0.4 0 0 0 60 63.6 55.9 55.9
5537 0.0 0 0 0 4937 0.4 0 0 0 90 63.4 56.1 56.1
5537 0.0 0 0 0 4937 0.4 0 0 0 120 63.0 56.1 56.1
5537 0.0 0 0 0 4937 0.4 0 0 0 150 63.1 56.1 56.1
5537 0.0 0 0 0 4937 0.4 0 0 0 180 63.3 55.8 55.8
5537 0.0 0 0 0 4937 0.4 10 0 0 0 63.1 55.7 55.7
5537 0.0 0 0 0 4937 0.4 10 0 0 30 63.3 55.7 55.7
5537 0.0 0 0 0 4937 0.4 10 0 0 60 63.6 55.7 55.7
5537 0.0 0 0 0 4937 0.4 10 0 0 90 63.4 55.8 55.8
5537 0.0 0 0 0 4937 0.4 10 0 0 120 62.9 55.9 55.9
5537 0.0 0 0 0 4937 0.4 10 0 0 150 63.1 55.9 55.9
5537 0.0 0 0 0 4937 0.4 10 0 0 180 63.3 55.6 55.6
5537 0.0 0 0 0 4937 0.4 20 0 0 0 63.0 54.3 54.3
5537 0.0 0 0 0 4937 0.4 20 0 0 30 63.1 54.4 54.4
5537 0.0 0 0 0 4937 0.4 20 0 0 60 63.4 54.4 54.4
5537 0.0 0 0 0 4937 0.4 20 0 0 90 63.2 54.5 54.5
5537 0.0 0 0 0 4937 0.4 20 0 0 120 62.7 54.5 54.5
5537 0.0 0 0 0 4937 0.4 20 0 0 150 62.9 54.6 54.6
5537 0.0 0 0 0 4937 0.4 20 0 0 180 63.1 54.4 54.4
5537 0.0 0 0 0 4937 0.4 30 0 0 0 62.6 53.7 53.7
5537 0.0 0 0 0 4937 0.4 30 0 0 30 62.8 53.7 53.7
5537 0.0 0 0 0 4937 0.4 30 0 0 60 63.1 53.9 53.9
5537 0.0 0 0 0 4937 0.4 30 0 0 90 62.9 54.1 54.1
5537 0.0 0 0 0 4937 0.4 30 0 0 120 62.4 54.0 54.0
5537 0.0 0 0 0 4937 0.4 30 0 0 150 62.6 54.0 54.0
5537 0.0 0 0 0 4937 0.4 30 0 0 180 62.8 53.6 53.6
5537 0.0 0 0 0 4937 0.4 40 0 0 0 62.1 53.8 53.8
5537 0.0 0 0 0 4937 0.4 40 0 0 30 62.3 53.8 53.8
5537 0.0 0 0 0 4937 0.4 40 0 0 60 62.6 53.9 53.9
5537 0.0 0 0 0 4937 0.4 40 0 0 90 62.5 54.0 54.0
5537 0.0 0 0 0 4937 0.4 40 0 0 120 62.0 54.0 54.0
5537 0.0 0 0 0 4937 0.4 40 0 0 150 62.1 53.9 53.9
5537 0.0 0 0 0 4937 0.4 40 0 0 180 62.3 53.6 53.6
5537 0.0 0 0 0 4937 0.4 50 0 0 0 61.4 53.9 53.9
5537 0.0 0 0 0 4937 0.4 50 0 0 30 61.6 53.9 53.9
5537 0.0 0 0 0 4937 0.4 50 0 0 60 61.9 54.0 54.0
5537 0.0 0 0 0 4937 0.4 50 0 0 90 61.7 54.2 54.2
5537 0.0 0 0 0 4937 0.4 50 0 0 120 61.2 54.3 54.3
5537 0.0 0 0 0 4937 0.4 50 0 0 150 61.5 54.2 54.2
5537 0.0 0 0 0 4937 0.4 50 0 0 180 61.6 54.0 54.0
5537 0.0 0 0 0 4937 0.4 60 0 0 0 59.8 54.6 54.6
5537 0.0 0 0 0 4937 0.4 60 0 0 30 60.0 54.5 54.5
5537 0.0 0 0 0 4937 0.4 60 0 0 60 60.3 54.6 54.6
5537 0.0 0 0 0 4937 0.4 60 0 0 90 60.3 54.6 54.6
5537 0.0 0 0 0 4937 0.4 60 0 0 120 59.8 54.8 54.8
5537 0.0 0 0 0 4937 0.4 60 0 0 150 60.2 54.7 54.7
5537 0.0 0 0 0 4937 0.4 60 0 0 180 60.4 54.8 54.8
5537 0.0 0 0 0 4937 0.5 0 0 0 0 63.0 55.5 55.5
5537 0.0 0 0 0 4937 0.5 0 0 0 30 63.2 55.5 55.5
5537 0.0 0 0 0 4937 0.5 0 0 0 60 63.5 55.4 55.4
5537 0.0 0 0 0 4937 0.5 0 0 0 90 63.8 55.5 55.5
5537 0.0 0 0 0 4937 0.5 0 0 0 120 62.9 55.6 55.6
5537 0.0 0 0 0 4937 0.5 0 0 0 150 63.5 55.5 55.5
5537 0.0 0 0 0 4937 0.5 0 0 0 180 63.4 55.3 55.3
5537 0.0 0 0 0 4937 0.5 10 0 0 0 63.0 55.1 55.1
5537 0.0 0 0 0 4937 0.5 10 0 0 30 63.1 55.1 55.1
5537 0.0 0 0 0 4937 0.5 10 0 0 60 63.4 55.1 55.1
5537 0.0 0 0 0 4937 0.5 10 0 0 90 63.7 55.1 55.1
5537 0.0 0 0 0 4937 0.5 10 0 0 120 62.8 55.3 55.3
5537 0.0 0 0 0 4937 0.5 10 0 0 150 63.4 55.1 55.1
5537 0.0 0 0 0 4937 0.5 10 0 0 180 63.3 55.0 55.0
5537 0.0 0 0 0 4937 0.5 20 0 0 0 62.8 54.2 54.2
5537 0.0 0 0 0 4937 0.5 20 0 0 30 63.0 54.2 54.2
5537 0.0 0 0 0 4937 0.5 20 0 0 60 63.2 54.2 54.2
5537 0.0 0 0 0 4937 0.5 20 0 0 90 63.6 54.3 54.3
5537 0.0 0 0 0 4937 0.5 20 0 0 120 62.7 54.4 54.4
5537 0.0 0 0 0 4937 0.5 20 0 0 150 63.3 54.4 54.4
5537 0.0 0 0 0 4937 0.5 20 0 0 180 63.2 54.4 54.4
5537 0.0 0 0 0 4937 0.5 30 0 0 0 62.4 54.0 54.0
5537 0.0 0 0 0 4937 0.5 30 0 0 30 62.6 54.0 54.0
5537 0.0 0 0 0 4937 0.5 30 0 0 60 62.9 54.1 54.1
5537 0.0 0 0 0 4937 0.5 30 0 0 90 63.2 54.2 54.2
5537 0.0 0 0 0 4937 0.5 30 0 0 120 62.3 54.4 54.4
5537 0.0 0 0 0 4937 0.5 30 0 0 150 63.0 54.3 54.3
5537 0.0 0 0 0 4937 0.5 30 0 0 180 62.9 54.0 54.0
5537 0.0 0 0 0 4937 0.5 40 0 0 0 61.9 53.9 53.9
5537 0.0 0 0 0 4937 0.5 40 0 0 30 62.1 54.0 54.0
5537 0.0 0 0 0 4937 0.5 40 0 0 60 62.5 54.1 54.1
5537 0.0 0 0 0 4937 0.5 40 0 0 90 62.8 54.2 54.2
5537 0.0 0 0 0 4937 0.5 40 0 0 120 61.9 54.4 54.4
5537 0.0 0 0 0 4937 0.5 40 0 0 150 62.5 54.2 54.2
5537 0.0 0 0 0 4937 0.5 40 0 0 180 62.5 54.0 54.0
5537 0.0 0 0 0 4937 0.5 50 0 0 0 61.1 54.0 54.0
5537 0.0 0 0 0 4937 0.5 50 0 0 30 61.3 54.0 54.0
5537 0.0 0 0 0 4937 0.5 50 0 0 60 61.7 54.1 54.1
5537 0.0 0 0 0 4937 0.5 50 0 0 90 62.0 54.2 54.2
5537 0.0 0 0 0 4937 0.5 50 0 0 120 61.1 54.4 54.4
5537 0.0 0 0 0 4937 0.5 50 0 0 150 61.7 54.5 54.5
5537 0.0 0 0 0 4937 0.5 50 0 0 180 61.8 54.3 54.3
5537 0.0 0 0 0 4937 0.5 60 0 0 0 59.6 54.5 54.5
5537 0.0 0 0 0 4937 0.5 60 0 0 30 59.8 54.5 54.5
5537 0.0 0 0 0 4937 0.5 60 0 0 60 60.0 54.6 54.6
5537 0.0 0 0 0 4937 0.5 60 0 0 90 60.2 54.6 54.6
5537 0.0 0 0 0 4937 0.5 60 0 0 120 59.5 54.7 54.7
5537 0.0 0 0 0 4937 0.5 60 0 0 150 60.2 54.6 54.6
5537 0.0 0 0 0 4937 0.5 60 0 0 180 60.5 54.7 54.7
5537 0.0 0 0 0 5137 0.0 0 0 0 0 63.6 57.2 57.2
5537 0.0 0 0 0 5137 0.0 0 0 0 30 64.0 57.5 57.5
5537 0.0 0 0 0 5137 0.0 0 0 0 60 64.2 57.7 57.7
5537 0.0 0 0 0 5137 0.0 0 0 0 90 64.2 57.7 57.7
5537 0.0 0 0 0 5137 0.0 0 0 0 120 64.0 57.5 57.5
5537 0.0 0 0 0 5137 0.0 0 0 0 150 63.6 57.3 57.3
5537 0.0 0 0 0 5137 0.0 0 0 0 180 63.2 57.0 57.0
5537 0.0 0 0 0 5137 0.0 10 0 0 0 63.6 56.9 56.9
5537 0.0 0 0 0 5137 0.0 10 0 0 30 63.9 57.2 57.2
5537 0.0 0 0 0 5137 0.0 10 0 0 60 64.1 57.5 57.5
5537 0.0 0 0 0 5137 0.0 10 0 0 90 64.1 57.5 57.5
5537 0.0 0 0 0 5137 0.0 10 0 0 120 63.9 57.4 57.4
5537 0.0 0 0 0 5137 0.0 10 0 0 150 63.5 57.2 57.2
5537 0.0 0 0 0 5137 0.0 10 0 0 180 63.2 56.8 56.8
5537 0.0 0 0 0 5137 0.0 20 0 0 0 63.4 56.1 56.1
5537 0.0 0 0 0 5137 0.0 20 0 0 30 63.8 56.5 56.5
5537 0.0 0 0 0 5137 0.0 20 0 0 60 63.9 56.7 56.7
5537 0.0 0 0 0 5137 0.0 20 0 0 90 64.0 56.7 56.7
5537 0.0 0 0 0 5137 0.0 20 0 0 120 63.8 56.7 56.7
5537 0.0 0 0 0 5137 0.0 20 0 0 150 63.4 56.4 56.4
5537 0.0 0 0 0 5137 0.0 20 0 0 180 63.0 56.1 56.1
5537 0.0 0 0 0 5137 0.0 30 0 0 0 63.1 54.1 54.1
5537 0.0 0 0 0 5137 0.0 30 0 0 30 63.5 54.4 54.4
5537 0.0 0 0 0 5137 0.0 30 0 0 60 63.6 54.6 54.6
5537 0.0 0 0 0 5137 0.0 30 0 0 90 63.7 54.7 54.7
5537 0.0 0 0 0 5137 0.0 30 0 0 120 63.5 54.7 54.7
5537 0.0 0 0 0 5137 0.0 30 0 0 150 63.0 54.5 54.5
5537 0.0 0 0 0 5137 0.0 30 0 0 180 62.7 54.1 54.1
5537 0.0 0 0 0 5137 0.0 40 0 0 0 62.7 53.9 53.9
5537 0.0 0 0 0 5137 0.0 40 0 0 30 63.1 54.1 54.1
5537 0.0 0 0 0 5137 0.0 40 0 0 60 63.2 54.4 54.4
5537 0.0 0 0 0 5137 0.0 40 0 0 90 63.2 54.5 54.5
5537 0.0 0 0 0 5137 0.0 40 0 0 120 63.1 54.5 54.5
5537 0.0 0 0 0 5137 0.0 40 0 0 150 62.6 54.3 54.3
5537 0.0 0 0 0 5137 0.0 40 0 0 180 62.3 54.1 54.1
5537 0.0 0 0 0 5137 0.0 50 0 0 0 62.0 54.6 54.6
5537 0.0 0 0 0 5137 0.0 50 0 0 30 62.4 55.0 55.0
5537 0.0 0 0 0 5137 0.0 50 0 0 60 62.5 55.2 55.2
5537 0.0 0 0 0 5137 0.0 50 0 0 90 62.5 55.4 55.4
5537 0.0 0 0 0 5137 0.0 50 0 0 120 62.3 55.3 55.3
5537 0.0 0 0 0 5137 0.0 50 0 0 150 61.9 55.1 55.1
5537 0.0 0 0 0 5137 0.0 50 0 0 180 61.6 54.8 54.8
5537 0.0 0 0 0 5137 0.0 60 0 0 0 61.0 55.6 55.6
5537 0.0 0 0 0 5137 0.0 60 0 0 30 61.3 56.1 56.1
5537 0.0 0 0 0 5137 0.0 60 0 0 60 61.5 56.4 56.4
5537 0.0 0 0 0 5137 0.0 60 0 0 90 61.4 56.6 56.6
5537 0.0 0 0 0 5137 0.0 60 0 0 120 61.1 56.5 56.5
5537 0.0 0 0 0 5137 0.0 60 0 0 150 60.7 56.3 56.3
5537 0.0 0 0 0 5137 0.0 60 0 0 180 60.4 55.8 55.8
5537 0.0 0 0 0 5137 0.1 0 0 0 0 63.7 57.0 57.0
5537 0.0 0 0 0 5137 0.1 0 0 0 30 64.0 57.3 57.3
5537 0.0 0 0 0 5137 0.1 0 0 0 60 64.2 57.5 57.5
5537 0.0 0 0 0 5137 0.1 0 0 0 90 64.1 57.6 57.6
5537 0.0 0 0 0 5137 0.1 0 0 0 120 64.1 57.5 57.5
5537 0.0 0 0 0 5137 0.1 0 0 0 150 63.7 57.3 57.3
5537 0.0 0 0 0 5137 0.1 0 0 0 180 63.2 56.9 56.9
5537 0.0 0 0 0 5137 0.1 10 0 0 0 63.6 56.8 56.8
5537 0.0 0 0 0 5137 0.1 10 0 0 30 63.9 57.1 57.1
5537 0.0 0 0 0 5137 0.1 10 0 0 60 64.1 57.3 57.3
5537 0.0 0 0 0 5137 0.1 10 0 0 90 64.1 57.4 57.4
5537 0.0 0 0 0 5137 0.1 10 0 0 120 64.0 57.4 57.4
5537 0.0 0 0 0 5137 0.1 10 0 0 150 63.6 57.1 57.1
5537 0.0 0 0 0 5137 0.1 10 0 0 180 63.2 56.8 56.8
5537 0.0 0 0 0 5137 0.1 20 0 0 0 63.5 56.0 56.0
5537 0.0 0 0 0 5137 0.1 20 0 0 30 63.8 56.3 56.3
5537 0.0 0 0 0 5137 0.1 20 0 0 60 64.0 56.5 56.5
5537 0.0 0 0 0 5137 0.1 20 0 0 90 63.9 56.7 56.7
5537 0.0 0 0 0 5137 0.1 20 0 0 120 63.9 56.6 56.6
5537 0.0 0 0 0 5137 0.1 20 0 0 150 63.5 56.4 56.4
5537 0.0 0 0 0 5137 0.1 20 0 0 180 63.0 56.0 56.0
5537 0.0 0 0 0 5137 0.1 30 0 0 0 63.2 54.1 54.1
5537 0.0 0 0 0 5137 0.1 30 0 0 30 63.5 54.3 54.3
5537 0.0 0 0 0 5137 0.1 30 0 0 60 63.7 54.5 54.5
5537 0.0 0 0 0 5137 0.1 30 0 0 90 63.7 54.6 54.6
5537 0.0 0 0 0 5137 0.1 30 0 0 120 63.6 54.6 54.6
5537 0.0 0 0 0 5137 0.1 30 0 0 150 63.1 54.4 54.4
5537 0.0 0 0 0 5137 0.1 30 0 0 180 62.7 54.0 54.0
5537 0.0 0 0 0 5137 0.1 40 0 0 0 62.7 53.9 53.9
5537 0.0 0 0 0 5137 0.1 40 0 0 30 63.1 54.2 54.2
5537 0.0 0 0 0 5137 0.1 40 0 0 60 63.2 54.4 54.4
5537 0.0 0 0 0 5137 0.1 40 0 0 90 63.2 54.4 54.4
5537 0.0 0 0 0 5137 0.1 40 0 0 120 63.2 54.5 54.5
5537 0.0 0 0 0 5137 0.1 40 0 0 150 62.6 54.2 54.2
5537 0.0 0 0 0 5137 0.1 40 0 0 180 62.2 53.9 53.9
5537 0.0 0 0 0 5137 0.1 50 0 0 0 62.0 54.3 54.3
5537 0.0 0 0 0 5137 0.1 50 0 0 30 62.5 54.7 54.7
5537 0.0 0 0 0 5137 0.1 50 0 0 60 62.4 55.0 55.0
5537 0.0 0 0 0 5137 0.1 50 0 0 90 62.5 55.2 55.2
5537 0.0 0 0 0 5137 0.1 50 0 0 120 62.5 55.2 55.2
5537 0.0 0 0 0 5137 0.1 50 0 0 150 61.9 55.0 55.0
5537 0.0 0 0 0 5137 0.1 50 0 0 180 61.4 54.6 54.6
5537 0.0 0 0 0 5137 0.1 60 0 0 0 61.0 55.4 55.4
5537 0.0 0 0 0 5137 0.1 60 0 0 30 61.4 55.7 55.7
5537 0.0 0 0 0 5137 0.1 60 0 0 60 61.3 56.0 56.0
5537 0.0 0 0 0 5137 0.1 60 0 0 90 61.4 56.4 56.4
5537 0.0 0 0 0 5137 0.1 60 0 0 120 61.2 56.4 56.4
5537 0.0 0 0 0 5137 0.1 60 0 0 150 60.7 56.3 56.3
5537 0.0 0 0 0 5137 0.1 60 0 0 180 60.3 55.8 55.8
5537 0.0 0 0 0 5137 0.2 0 0 0 0 63.8 56.8 56.8
5537 0.0 0 0 0 5137 0.2 0 0 0 30 64.0 57.2 57.2
5537 0.0 0 0 0 5137 0.2 0 0 0 60 64.1 57.3 57.3
5537 0.0 0 0 0 5137 0.2 0 0 0 90 64.2 57.5 57.5
5537 0.0 0 0 0 5137 0.2 0 0 0 120 64.2 57.5 57.5
5537 0.0 0 0 0 5137 0.2 0 0 0 150 63.8 57.2 57.2
5537 0.0 0 0 0 5137 0.2 0 0 0 180 63.2 56.7 56.7
5537 0.0 0 0 0 5137 0.2 10 0 0 0 63.7 56.6 56.6
5537 0.0 0 0 0 5137 0.2 10 0 0 30 63.9 56.9 56.9
5537 0.0 0 0 0 5137 0.2 10 0 0 60 64.1 57.1 57.1
5537 0.0 0 0 0 5137 0.2 10 0 0 90 64.1 57.3 57.3
5537 0.0 0 0 0 5137 0.2 10 0 0 120 64.2 57.3 57.3
5537 0.0 0 0 0 5137 0.2 10 0 0 150 63.7 57.1 57.1
5537 0.0 0 0 0 5137 0.2 10 0 0 180 63.2 56.6 56.6
5537 0.0 0 0 0 5137 0.2 20 0 0 0 63.5 55.8 55.8
5537 0.0 0 0 0 5137 0.2 20 0 0 30 63.8 56.0 56.0
5537 0.0 0 0 0 5137 0.2 20 0 0 60 63.9 56.3 56.3
5537 0.0 0 0 0 5137 0.2 20 0 0 90 63.9 56.4 56.4
5537 0.0 0 0 0 5137 0.2 20 0 0 120 64.0 56.5 56.5
5537 0.0 0 0 0 5137 0.2 20 0 0 150 63.5 56.4 56.4
5537 0.0 0 0 0 5137 0.2 20 0 0 180 63.0 55.9 55.9
5537 0.0 0 0 0 5137 0.2 30 0 0 0 63.2 54.1 54.1
5537 0.0 0 0 0 5137 0.2 30 0 0 30 63.5 54.3 54.3
5537 0.0 0 0 0 5137 0.2 30 0 0 60 63.6 54.6 54.6
5537 0.0 0 0 0 5137 0.2 30 0 0 90 63.7 54.6 54.6
5537 0.0 0 0 0 5137 0.2 30 0 0 120 63.7 54.6 54.6
5537 0.0 0 0 0 5137 0.2 30 0 0 150 63.2 54.3 54.3
5537 0.0 0 0 0 5137 0.2 30 0 0 180 62.7 53.8 53.8
5537 0.0 0 0 0 5137 0.2 40 0 0 0 62.8 53.9 53.9
5537 0.0 0 0 0 5137 0.2 40 0 0 30 63.1 54.2 54.2
5537 0.0 0 0 0 5137 0.2 40 0 0 60 63.2 54.4 54.4
5537 0.0 0 0 0 5137 0.2 40 0 0 90 63.2 54.4 54.4
5537 0.0 0 0 0 5137 0.2 40 0 0 120 63.2 54.4 54.4
5537 0.0 0 0 0 5137 0.2 40 0 0 150 62.7 54.1 54.1
5537 0.0 0 0 0 5137 0.2 40 0 0 180 62.2 53.7 53.7
5537 0.0 0 0 0 5137 0.2 50 0 0 0 62.1 54.1 54.1
5537 0.0 0 0 0 5137 0.2 50 0 0 30 62.4 54.5 54.5
5537 0.0 0 0 0 5137 0.2 50 0 0 60 62.5 54.8 54.8
5537 0.0 0 0 0 5137 0.2 50 0 0 90 62.6 55.2 55.2
5537 0.0 0 0 0 5137 0.2 50 0 0 120 62.4 55.3 55.3
5537 0.0 0 0 0 5137 0.2 50 0 0 150 61.9 55.0 55.0
5537 0.0 0 0 0 5137 0.2 50 0 0 180 61.5 54.6 54.6
5537 0.0 0 0 0 5137 0.2 60 0 0 0 61.1 55.1 55.1
5537 0.0 0 0 0 5137 0.2 60 0 0 30 61.3 55.4 55.4
5537 0.0 0 0 0 5137 0.2 60 0 0 60 61.3 55.6 55.6
5537 0.0 0 0 0 5137 0.2 60 0 0 90 61.3 55.9 55.9
5537 0.0 0 0 0 5137 0.2 60 0 0 120 61.1 56.1 56.1
5537 0.0 0 0 0 5137 0.2 60 0 0 150 60.7 56.2 56.2
5537 0.0 0 0 0 5137 0.2 60 0 0 180 60.3 55.8 55.8
5537 0.0 0 0 0 5137 0.3 0 0 0 0 63.8 56.7 56.7
5537 0.0 0 0 0 5137 0.3 0 0 0 30 64.0 56.9 56.9
5537 0.0 0 0 0 5137 0.3 0 0 0 60 64.1 57.2 57.2
5537 0.0 0 0 0 5137 0.3 0 0 0 90 64.2 57.3 57.3
5537 0.0 0 0 0 5137 0.3 0 0 0 120 64.2 57.3 57.3
5537 0.0 0 0 0 5137 0.3 0 0 0 150 63.7 57.1 57.1
5537 0.0 0 0 0 5137 0.3 0 0 0 180 63.2 56.5 56.5
5537 0.0 0 0 0 5137 0.3 10 0 0 0 63.8 56.4 56.4
5537 0.0 0 0 0 5137 0.3 10 0 0 30 64.0 56.7 56.7
5537 0.0 0 0 0 5137 0.3 10 0 0 60 64.0 56.8 56.8
5537 0.0 0 0 0 5137 0.3 10 0 0 90 64.2 57.1 57.1
5537 0.0 0 0 0 5137 0.3 10 0 0 120 64.1 57.1 57.1
5537 0.0 0 0 0 5137 0.3 10 0 0 150 63.7 57.0 57.0
5537 0.0 0 0 0 5137 0.3 10 0 0 180 63.1 56.5 56.5
5537 0.0 0 0 0 5137 0.3 20 0 0 0 63.6 55.5 55.5
5537 0.0 0 0 0 5137 0.3 20 0 0 30 63.8 55.8 55.8
5537 0.0 0 0 0 5137 0.3 20 0 0 60 63.9 56.0 56.0
5537 0.0 0 0 0 5137 0.3 20 0 0 90 64.0 56.2 56.2
5537 0.0 0 0 0 5137 0.3 20 0 0 120 64.0 56.3 56.3
5537 0.0 0 0 0 5137 0.3 20 0 0 150 63.5 56.3 56.3
5537 0.0 0 0 0 5137 0.3 20 0 0 180 63.0 55.7 55.7
5537 0.0 0 0 0 5137 0.3 30 0 0 0 63.4 54.2 54.2
5537 0.0 0 0 0 5137 0.3 30 0 0 30 63.5 54.5 54.5
5537 0.0 0 0 0 5137 0.3 30 0 0 60 63.6 54.7 54.7
5537 0.0 0 0 0 5137 0.3 30 0 0 90 63.7 54.9 54.9
5537 0.0 0 0 0 5137 0.3 30 0 0 120 63.7 54.8 54.8
5537 0.0 0 0 0 5137 0.3 30 0 0 150 63.2 54.5 54.5
5537 0.0 0 0 0 5137 0.3 30 0 0 180 62.7 53.9 53.9
5537 0.0 0 0 0 5137 0.3 40 0 0 0 63.0 54.1 54.1
5537 0.0 0 0 0 5137 0.3 40 0 0 30 63.0 54.3 54.3
5537 0.0 0 0 0 5137 0.3 40 0 0 60 63.2 54.6 54.6
5537 0.0 0 0 0 5137 0.3 40 0 0 90 63.2 54.8 54.8
5537 0.0 0 0 0 5137 0.3 40 0 0 120 63.2 54.8 54.8
5537 0.0 0 0 0 5137 0.3 40 0 0 150 62.7 54.5 54.5
5537 0.0 0 0 0 5137 0.3 40 0 0 180 62.3 53.8 53.8
5537 0.0 0 0 0 5137 0.3 50 0 0 0 62.3 54.2 54.2
5537 0.0 0 0 0 5137 0.3 50 0 0 30 62.3 54.4 54.4
5537 0.0 0 0 0 5137 0.3 50 0 0 60 62.5 54.7 54.7
5537 0.0 0 0 0 5137 0.3 50 0 0 90 62.5 55.0 55.0
5537 0.0 0 0 0 5137 0.3 50 0 0 120 62.5 55.2 55.2
5537 0.0 0 0 0 5137 0.3 50 0 0 150 62.0 55.1 55.1
5537 0.0 0 0 0 5137 0.3 50 0 0 180 61.6 54.5 54.5
5537 0.0 0 0 0 5137 0.3 60 0 0 0 61.2 54.9 54.9
5537 0.0 0 0 0 5137 0.3 60 0 0 30 61.3 55.1 55.1
5537 0.0 0 0 0 5137 0.3 60 0 0 60 61.3 55.3 55.3
5537 0.0 0 0 0 5137 0.3 60 0 0 90 61.3 55.6 55.6
5537 0.0 0 0 0 5137 0.3 60 0 0 120 61.0 55.7 55.7
5537 0.0 0 0 0 5137 0.3 60 0 0 150 60.6 56.0 56.0
5537 0.0 0 0 0 5137 0.3 60 0 0 180 60.3 55.6 55.6
5537 0.0 0 0 0 5137 0.4 0 0 0 0 63.8 56.6 56.6
5537 0.0 0 0 0 5137 0.4 0 0 0 30 64.0 56.6 56.6
5537 0.0 0 0 0 5137 0.4 0 0 0 60 64.1 56.9 56.9
5537 0.0 0 0 0 5137 0.4 0 0 0 90 64.2 57.0 57.0
5537 0.0 0 0 0 5137 0.4 0 0 0 120 64.2 57.1 57.1
5537 0.0 0 0 0 5137 0.4 0 0 0 150 63.8 57.0 57.0
5537 0.0 0 0 0 5137 0.4 0 0 0 180 63.1 56.3 56.3
5537 0.0 0 0 0 5137 0.4 10 0 0 0 63.8 56.2 56.2
5537 0.0 0 0 0 5137 0.4 10 0 0 30 63.9 56.4 56.4
5537 0.0 0 0 0 5137 0.4 10 0 0 60 64.1 56.6 56.6
5537 0.0 0 0 0 5137 0.4 10 0 0 90 64.1 56.8 56.8
5537 0.0 0 0 0 5137 0.4 10 0 0 120 64.2 56.9 56.9
5537 0.0 0 0 0 5137 0.4 10 0 0 150 63.8 56.8 56.8
5537 0.0 0 0 0 5137 0.4 10 0 0 180 63.0 56.2 56.2
5537 0.0 0 0 0 5137 0.4 20 0 0 0 63.6 54.9 54.9
5537 0.0 0 0 0 5137 0.4 20 0 0 30 63.7 55.2 55.2
5537 0.0 0 0 0 5137 0.4 20 0 0 60 63.9 55.4 55.4
5537 0.0 0 0 0 5137 0.4 20 0 0 90 64.0 55.5 55.5
5537 0.0 0 0 0 5137 0.4 20 0 0 120 64.0 55.8 55.8
5537 0.0 0 0 0 5137 0.4 20 0 0 150 63.6 55.8 55.8
5537 0.0 0 0 0 5137 0.4 20 0 0 180 62.9 55.3 55.3
5537 0.0 0 0 0 5137 0.4 30 0 0 0 63.4 54.3 54.3
5537 0.0 0 0 0 5137 0.4 30 0 0 30 63.5 54.6 54.6
5537 0.0 0 0 0 5137 0.4 30 0 0 60 63.6 54.9 54.9
5537 0.0 0 0 0 5137 0.4 30 0 0 90 63.7 55.1 55.1
5537 0.0 0 0 0 5137 0.4 30 0 0 120 63.7 55.2 55.2
5537 0.0 0 0 0 5137 0.4 30 0 0 150 63.2 54.9 54.9
5537 0.0 0 0 0 5137 0.4 30 0 0 180 62.6 53.9 53.9
5537 0.0 0 0 0 5137 0.4 40 0 0 0 63.0 54.2 54.2
5537 0.0 0 0 0 5137 0.4 40 0 0 30 63.0 54.5 54.5
5537 0.0 0 0 0 5137 0.4 40 0 0 60 63.1 54.7 54.7
5537 0.0 0 0 0 5137 0.4 40 0 0 90 63.2 55.0 55.0
5537 0.0 0 0 0 5137 0.4 40 0 0 120 63.2 55.1 55.1
5537 0.0 0 0 0 5137 0.4 40 0 0 150 62.7 54.8 54.8
5537 0.0 0 0 0 5137 0.4 40 0 0 180 62.2 54.0 54.0
5537 0.0 0 0 0 5137 0.4 50 0 0 0 62.3 54.3 54.3
5537 0.0 0 0 0 5137 0.4 50 0 0 30 62.4 54.4 54.4
5537 0.0 0 0 0 5137 0.4 50 0 0 60 62.4 54.7 54.7
5537 0.0 0 0 0 5137 0.4 50 0 0 90 62.5 55.1 55.1
5537 0.0 0 0 0 5137 0.4 50 0 0 120 62.4 55.2 55.2
5537 0.0 0 0 0 5137 0.4 50 0 0 150 61.9 55.2 55.2
5537 0.0 0 0 0 5137 0.4 50 0 0 180 61.4 54.5 54.5
5537 0.0 0 0 0 5137 0.4 60 0 0 0 61.2 54.8 54.8
5537 0.0 0 0 0 5137 0.4 60 0 0 30 61.2 54.9 54.9
5537 0.0 0 0 0 5137 0.4 60 0 0 60 61.3 55.1 55.1
5537 0.0 0 0 0 5137 0.4 60 0 0 90 61.1 55.3 55.3
5537 0.0 0 0 0 5137 0.4 60 0 0 120 60.8 55.5 55.5
5537 0.0 0 0 0 5137 0.4 60 0 0 150 60.4 55.7 55.7
5537 0.0 0 0 0 5137 0.4 60 0 0 180 60.0 55.4 55.4
5537 0.0 0 0 0 5137 0.5 0 0 0 0 63.9 56.2 56.2
5537 0.0 0 0 0 5137 0.5 0 0 0 30 63.9 56.4 56.4
5537 0.0 0 0 0 5137 0.5 0 0 0 60 64.1 56.4 56.4
5537 0.0 0 0 0 5137 0.5 0 0 0 90 64.2 56.6 56.6
5537 0.0 0 0 0 5137 0.5 0 0 0 120 64.2 56.7 56.7
5537 0.0 0 0 0 5137 0.5 0 0 0 150 63.8 56.6 56.6
5537 0.0 0 0 0 5137 0.5 0 0 0 180 63.0 55.9 55.9
5537 0.0 0 0 0 5137 0.5 10 0 0 0 63.8 55.9 55.9
5537 0.0 0 0 0 5137 0.5 10 0 0 30 63.9 55.9 55.9
5537 0.0 0 0 0 5137 0.5 10 0 0 60 64.0 56.1 56.1
5537 0.0 0 0 0 5137 0.5 10 0 0 90 64.1 56.3 56.3
5537 0.0 0 0 0 5137 0.5 10 0 0 120 64.1 56.5 56.5
5537 0.0 0 0 0 5137 0.5 10 0 0 150 63.8 56.5 56.5
5537 0.0 0 0 0 5137 0.5 10 0 0 180 63.0 55.8 55.8
5537 0.0 0 0 0 5137 0.5 20 0 0 0 63.7 54.6 54.6
5537 0.0 0 0 0 5137 0.5 20 0 0 30 63.7 54.7 54.7
5537 0.0 0 0 0 5137 0.5 20 0 0 60 63.9 55.0 55.0
5537 0.0 0 0 0 5137 0.5 20 0 0 90 64.0 55.3 55.3
5537 0.0 0 0 0 5137 0.5 20 0 0 120 64.0 55.7 55.7
5537 0.0 0 0 0 5137 0.5 20 0 0 150 63.6 55.9 55.9
5537 0.0 0 0 0 5137 0.5 20 0 0 180 62.8 55.0 55.0
5537 0.0 0 0 0 5137 0.5 30 0 0 0 63.4 54.5 54.5
5537 0.0 0 0 0 5137 0.5 30 0 0 30 63.5 54.7 54.7
5537 0.0 0 0 0 5137 0.5 30 0 0 60 63.6 55.0 55.0
5537 0.0 0 0 0 5137 0.5 30 0 0 90 63.6 55.2 55.2
5537 0.0 0 0 0 5137 0.5 30 0 0 120 63.6 55.5 55.5
5537 0.0 0 0 0 5137 0.5 30 0 0 150 63.3 55.3 55.3
5537 0.0 0 0 0 5137 0.5 30 0 0 180 62.5 54.3 54.3
5537 0.0 0 0 0 5137 0.5 40 0 0 0 62.9 54.3 54.3
5537 0.0 0 0 0 5137 0.5 40 0 0 30 63.0 54.5 54.5
5537 0.0 0 0 0 5137 0.5 40 0 0 60 63.1 54.7 54.7
5537 0.0 0 0 0 5137 0.5 40 0 0 90 63.1 54.9 54.9
5537 0.0 0 0 0 5137 0.5 40 0 0 120 63.1 55.4 55.4
5537 0.0 0 0 0 5137 0.5 40 0 0 150 62.7 55.3 55.3
5537 0.0 0 0 0 5137 0.5 40 0 0 180 62.0 54.3 54.3
5537 0.0 0 0 0 5137 0.5 50 0 0 0 62.2 54.3 54.3
5537 0.0 0 0 0 5137 0.5 50 0 0 30 62.3 54.5 54.5
5537 0.0 0 0 0 5137 0.5 50 0 0 60 62.4 54.7 54.7
5537 0.0 0 0 0 5137 0.5 50 0 0 90 62.4 54.9 54.9
5537 0.0 0 0 0 5137 0.5 50 0 0 120 62.2 55.3 55.3
5537 0.0 0 0 0 5137 0.5 50 0 0 150 61.7 55.6 55.6
5537 0.0 0 0 0 5137 0.5 50 0 0 180 61.3 54.7 54.7
5537 0.0 0 0 0 5137 0.5 60 0 0 0 61.2 54.8 54.8
5537 0.0 0 0 0 5137 0.5 60 0 0 30 61.1 54.9 54.9
5537 0.0 0 0 0 5137 0.5 60 0 0 60 61.1 55.1 55.1
5537 0.0 0 0 0 5137 0.5 60 0 0 90 61.0 55.2 55.2
5537 0.0 0 0 0 5137 0.5 60 0 0 120 60.5 55.4 55.4
5537 0.0 0 0 0 5137 0.5 60 0 0 150 59.9 55.6 55.6
5537 0.0 0 0 0 5137 0.5 60 0 0 180 59.8 55.2 55.2
5537 0.0 0 0 0 5337 0.0 0 0 0 0 64.3 57.9 57.9
5537 0.0 0 0 0 5337 0.0 0 0 0 30 65.0 58.5 58.5
5537 0.0 0 0 0 5337 0.0 0 0 0 60 65.2 58.8 58.8
5537 0.0 0 0 0 5337 0.0 0 0 0 90 65.1 58.8 58.8
5537 0.0 0 0 0 5337 0.0 0 0 0 120 64.6 58.3 58.3
5537 0.0 0 0 0 5337 0.0 0 0 0 150 63.7 57.6 57.6
5537 0.0 0 0 0 5337 0.0 0 0 0 180 63.0 57.0 57.0
5537 0.0 0 0 0 5337 0.0 10 0 0 0 64.3 57.6 57.6
5537 0.0 0 0 0 5337 0.0 10 0 0 30 64.9 58.3 58.3
5537 0.0 0 0 0 5337 0.0 10 0 0 60 65.2 58.6 58.6
5537 0.0 0 0 0 5337 0.0 10 0 0 90 65.1 58.6 58.6
5537 0.0 0 0 0 5337 0.0 10 0 0 120 64.6 58.3 58.3
5537 0.0 0 0 0 5337 0.0 10 0 0 150 63.7 57.6 57.6
5537 0.0 0 0 0 5337 0.0 10 0 0 180 63.0 57.0 57.0
5537 0.0 0 0 0 5337 0.0 20 0 0 0 64.1 56.7 56.7
5537 0.0 0 0 0 5337 0.0 20 0 0 30 64.8 57.4 57.4
5537 0.0 0 0 0 5337 0.0 20 0 0 60 65.1 57.8 57.8
5537 0.0 0 0 0 5337 0.0 20 0 0 90 64.9 57.8 57.8
5537 0.0 0 0 0 5337 0.0 20 0 0 120 64.5 57.6 57.6
5537 0.0 0 0 0 5337 0.0 20 0 0 150 63.5 57.0 57.0
5537 0.0 0 0 0 5337 0.0 20 0 0 180 62.8 56.4 56.4
5537 0.0 0 0 0 5337 0.0 30 0 0 0 63.9 54.2 54.2
5537 0.0 0 0 0 5337 0.0 30 0 0 30 64.5 54.6 54.6
5537 0.0 0 0 0 5337 0.0 30 0 0 60 64.8 54.9 54.9
5537 0.0 0 0 0 5337 0.0 30 0 0 90 64.7 55.0 55.0
5537 0.0 0 0 0 5337 0.0 30 0 0 120 64.2 54.8 54.8
5537 0.0 0 0 0 5337 0.0 30 0 0 150 63.2 54.6 54.6
5537 0.0 0 0 0 5337 0.0 30 0 0 180 62.6 54.5 54.5
5537 0.0 0 0 0 5337 0.0 40 0 0 0 63.4 54.1 54.1
5537 0.0 0 0 0 5337 0.0 40 0 0 30 64.1 54.5 54.5
5537 0.0 0 0 0 5337 0.0 40 0 0 60 64.4 54.8 54.8
5537 0.0 0 0 0 5337 0.0 40 0 0 90 64.3 54.9 54.9
5537 0.0 0 0 0 5337 0.0 40 0 0 120 63.7 54.7 54.7
5537 0.0 0 0 0 5337 0.0 40 0 0 150 62.8 54.4 54.4
5537 0.0 0 0 0 5337 0.0 40 0 0 180 62.2 54.3 54.3
5537 0.0 0 0 0 5337 0.0 50 0 0 0 62.7 54.9 54.9
5537 0.0 0 0 0 5337 0.0 50 0 0 30 63.4 55.4 55.4
5537 0.0 0 0 0 5337 0.0 50 0 0 60 63.7 55.8 55.8
5537 0.0 0 0 0 5337 0.0 50 0 0 90 63.6 55.8 55.8
5537 0.0 0 0 0 5337 0.0 50 0 0 120 63.1 55.6 55.6
5537 0.0 0 0 0 5337 0.0 50 0 0 150 62.2 55.2 55.2
5537 0.0 0 0 0 5337 0.0 50 0 0 180 61.5 54.8 54.8
5537 0.0 0 0 0 5337 0.0 60 0 0 0 61.6 56.4 56.4
5537 0.0 0 0 0 5337 0.0 60 0 0 30 62.4 57.2 57.2
5537 0.0 0 0 0 5337 0.0 60 0 0 60 62.6 57.6 57.6
5537 0.0 0 0 0 5337 0.0 60 0 0 90 62.5 57.7 57.7
5537 0.0 0 0 0 5337 0.0 60 0 0 120 61.9 57.5 57.5
5537 0.0 0 0 0 5337 0.0 60 0 0 150 61.1 56.9 56.9
5537 0.0 0 0 0 5337 0.0 60 0 0 180 60.5 56.1 56.1
5537 0.0 0 0 0 5337 0.1 0 0 0 0 64.4 57.7 57.7
5537 0.0 0 0 0 5337 0.1 0 0 0 30 65.0 58.3 58.3
5537 0.0 0 0 0 5337 0.1 0 0 0 60 65.2 58.7 58.7
5537 0.0 0 0 0 5337 0.1 0 0 0 90 65.2 58.8 58.8
5537 0.0 0 0 0 5337 0.1 0 0 0 120 64.8 58.5 58.5
5537 0.0 0 0 0 5337 0.1 0 0 0 150 63.8 57.7 57.7
5537 0.0 0 0 0 5337 0.1 0 0 0 180 63.0 56.9 56.9
5537 0.0 0 0 0 5337 0.1 10 0 0 0 64.4 57.4 57.4
5537 0.0 0 0 0 5337 0.1 10 0 0 30 64.9 58.1 58.1
5537 0.0 0 0 0 5337 0.1 10 0 0 60 65.2 58.4 58.4
5537 0.0 0 0 0 5337 0.1 10 0 0 90 65.2 58.6 58.6
5537 0.0 0 0 0 5337 0.1 10 0 0 120 64.8 58.3 58.3
5537 0.0 0 0 0 5337 0.1 10 0 0 150 63.8 57.7 57.7
5537 0.0 0 0 0 5337 0.1 10 0 0 180 62.9 56.9 56.9
5537 0.0 0 0 0 5337 0.1 20 0 0 0 64.2 56.8 56.8
5537 0.0 0 0 0 5337 0.1 20 0 0 30 64.8 57.3 57.3
5537 0.0 0 0 0 5337 0.1 20 0 0 60 65.0 57.6 57.6
5537 0.0 0 0 0 5337 0.1 20 0 0 90 65.0 57.8 57.8
5537 0.0 0 0 0 5337 0.1 20 0 0 120 64.6 57.5 57.5
5537 0.0 0 0 0 5337 0.1 20 0 0 150 63.6 56.9 56.9
5537 0.0 0 0 0 5337 0.1 20 0 0 180 62.8 56.1 56.1
5537 0.0 0 0 0 5337 0.1 30 0 0 0 64.0 54.4 54.4
5537 0.0 0 0 0 5337 0.1 30 0 0 30 64.5 54.6 54.6
5537 0.0 0 0 0 5337 0.1 30 0 0 60 64.8 54.9 54.9
5537 0.0 0 0 0 5337 0.1 30 0 0 90 64.7 55.0 55.0
5537 0.0 0 0 0 5337 0.1 30 0 0 120 64.3 54.8 54.8
5537 0.0 0 0 0 5337 0.1 30 0 0 150 63.3 54.4 54.4
5537 0.0 0 0 0 5337 0.1 30 0 0 180 62.5 54.1 54.1
5537 0.0 0 0 0 5337 0.1 40 0 0 0 63.5 54.3 54.3
5537 0.0 0 0 0 5337 0.1 40 0 0 30 64.1 54.6 54.6
5537 0.0 0 0 0 5337 0.1 40 0 0 60 64.3 54.8 54.8
5537 0.0 0 0 0 5337 0.1 40 0 0 90 64.2 54.9 54.9
5537 0.0 0 0 0 5337 0.1 40 0 0 120 63.8 54.7 54.7
5537 0.0 0 0 0 5337 0.1 40 0 0 150 62.8 54.3 54.3
5537 0.0 0 0 0 5337 0.1 40 0 0 180 62.1 53.7 53.7
5537 0.0 0 0 0 5337 0.1 50 0 0 0 62.9 55.0 55.0
5537 0.0 0 0 0 5337 0.1 50 0 0 30 63.4 55.3 55.3
5537 0.0 0 0 0 5337 0.1 50 0 0 60 63.6 55.6 55.6
5537 0.0 0 0 0 5337 0.1 50 0 0 90 63.5 55.7 55.7
5537 0.0 0 0 0 5337 0.1 50 0 0 120 63.0 55.5 55.5
5537 0.0 0 0 0 5337 0.1 50 0 0 150 62.1 55.1 55.1
5537 0.0 0 0 0 5337 0.1 50 0 0 180 61.4 54.5 54.5
5537 0.0 0 0 0 5337 0.1 60 0 0 0 61.9 56.1 56.1
5537 0.0 0 0 0 5337 0.1 60 0 0 30 62.4 56.8 56.8
5537 0.0 0 0 0 5337 0.1 60 0 0 60 62.5 57.3 57.3
5537 0.0 0 0 0 5337 0.1 60 0 0 90 62.4 57.5 57.5
5537 0.0 0 0 0 5337 0.1 60 0 0 120 61.8 57.3 57.3
5537 0.0 0 0 0 5337 0.1 60 0 0 150 61.0 56.8 56.8
5537 0.0 0 0 0 5337 0.1 60 0 0 180 60.3 56.0 56.0
5537 0.0 0 0 0 5337 0.2 0 0 0 0 64.5 57.7 57.7
5537 0.0 0 0 0 5337 0.2 0 0 0 30 65.0 58.2 58.2
5537 0.0 0 0 0 5337 0.2 0 0 0 60 65.2 58.6 58.6
5537 0.0 0 0 0 5337 0.2 0 0 0 90 65.3 58.8 58.8
5537 0.0 0 0 0 5337 0.2 0 0 0 120 64.9 58.6 58.6
5537 0.0 0 0 0 5337 0.2 0 0 0 150 63.9 57.9 57.9
5537 0.0 0 0 0 5337 0.2 0 0 0 180 62.9 56.8 56.8
5537 0.0 0 0 0 5337 0.2 10 0 0 0 64.5 57.4 57.4
5537 0.0 0 0 0 5337 0.2 10 0 0 30 64.9 57.9 57.9
5537 0.0 0 0 0 5337 0.2 10 0 0 60 65.2 58.3 58.3
5537 0.0 0 0 0 5337 0.2 10 0 0 90 65.2 58.5 58.5
5537 0.0 0 0 0 5337 0.2 10 0 0 120 64.9 58.4 58.4
5537 0.0 0 0 0 5337 0.2 10 0 0 150 63.9 57.7 57.7
5537 0.0 0 0 0 5337 0.2 10 0 0 180 62.8 56.7 56.7
5537 0.0 0 0 0 5337 0.2 20 0 0 0 64.3 56.8 56.8
5537 0.0 0 0 0 5337 0.2 20 0 0 30 64.8 57.2 57.2
5537 0.0 0 0 0 5337 0.2 20 0 0 60 65.0 57.5 57.5
5537 0.0 0 0 0 5337 0.2 20 0 0 90 65.0 57.7 57.7
5537 0.0 0 0 0 5337 0.2 20 0 0 120 64.7 57.5 57.5
5537 0.0 0 0 0 5337 0.2 20 0 0 150 63.7 56.8 56.8
5537 0.0 0 0 0 5337 0.2 20 0 0 180 62.7 55.8 55.8
5537 0.0 0 0 0 5337 0.2 30 0 0 0 64.1 54.8 54.8
5537 0.0 0 0 0 5337 0.2 30 0 0 30 64.5 54.9 54.9
5537 0.0 0 0 0 5337 0.2 30 0 0 60 64.7 55.0 55.0
5537 0.0 0 0 0 5337 0.2 30 0 0 90 64.7 55.0 55.0
5537 0.0 0 0 0 5337 0.2 30 0 0 120 64.4 54.8 54.8
5537 0.0 0 0 0 5337 0.2 30 0 0 150 63.3 54.2 54.2
5537 0.0 0 0 0 5337 0.2 30 0 0 180 62.4 53.6 53.6
5537 0.0 0 0 0 5337 0.2 40 0 0 0 63.7 54.7 54.7
5537 0.0 0 0 0 5337 0.2 40 0 0 30 64.1 54.8 54.8
5537 0.0 0 0 0 5337 0.2 40 0 0 60 64.2 54.8 54.8
5537 0.0 0 0 0 5337 0.2 40 0 0 90 64.2 54.9 54.9
5537 0.0 0 0 0 5337 0.2 40 0 0 120 63.9 54.7 54.7
5537 0.0 0 0 0 5337 0.2 40 0 0 150 62.8 54.2 54.2
5537 0.0 0 0 0 5337 0.2 40 0 0 180 62.0 53.5 53.5
5537 0.0 0 0 0 5337 0.2 50 0 0 0 63.0 55.2 55.2
5537 0.0 0 0 0 5337 0.2 50 0 0 30 63.4 55.5 55.5
5537 0.0 0 0 0 5337 0.2 50 0 0 60 63.5 55.7 55.7
5537 0.0 0 0 0 5337 0.2 50 0 0 90 63.5 55.8 55.8
5537 0.0 0 0 0 5337 0.2 50 0 0 120 63.0 55.7 55.7
5537 0.0 0 0 0 5337 0.2 50 0 0 150 62.1 55.2 55.2
5537 0.0 0 0 0 5337 0.2 50 0 0 180 61.3 54.3 54.3
5537 0.0 0 0 0 5337 0.2 60 0 0 0 62.1 55.8 55.8
5537 0.0 0 0 0 5337 0.2 60 0 0 30 62.4 56.5 56.5
5537 0.0 0 0 0 5337 0.2 60 0 0 60 62.5 57.0 57.0
5537 0.0 0 0 0 5337 0.2 60 0 0 90 62.3 57.4 57.4
5537 0.0 0 0 0 5337 0.2 60 0 0 120 61.7 57.3 57.3
5537 0.0 0 0 0 5337 0.2 60 0 0 150 60.9 56.8 56.8
5537 0.0 0 0 0 5337 0.2 60 0 0 180 60.2 55.8 55.8
5537 0.0 0 0 0 5337 0.3 0 0 0 0 64.7 57.6 57.6
5537 0.0 0 0 0 5337 0.3 0 0 0 30 65.0 58.1 58.1
5537 0.0 0 0 0 5337 0.3 0 0 0 60 65.2 58.4 58.4
5537 0.0 0 0 0 5337 0.3 0 0 0 90 65.3 58.6 58.6
5537 0.0 0 0 0 5337 0.3 0 0 0 120 65.0 58.6 58.6
5537 0.0 0 0 0 5337 0.3 0 0 0 150 64.0 57.9 57.9
5537 0.0 0 0 0 5337 0.3 0 0 0 180 62.8 56.5 56.5
5537 0.0 0 0 0 5337 0.3 10 0 0 0 64.6 57.5 57.5
5537 0.0 0 0 0 5337 0.3 10 0 0 30 64.9 57.8 57.8
5537 0.0 0 0 0 5337 0.3 10 0 0 60 65.1 58.2 58.2
5537 0.0 0 0 0 5337 0.3 10 0 0 90 65.2 58.4 58.4
5537 0.0 0 0 0 5337 0.3 10 0 0 120 65.0 58.3 58.3
5537 0.0 0 0 0 5337 0.3 10 0 0 150 63.9 57.7 57.7
5537 0.0 0 0 0 5337 0.3 10 0 0 180 62.8 56.3 56.3
5537 0.0 0 0 0 5337 0.3 20 0 0 0 64.4 56.9 56.9
5537 0.0 0 0 0 5337 0.3 20 0 0 30 64.8 57.2 57.2
5537 0.0 0 0 0 5337 0.3 20 0 0 60 65.0 57.4 57.4
5537 0.0 0 0 0 5337 0.3 20 0 0 90 65.0 57.6 57.6
5537 0.0 0 0 0 5337 0.3 20 0 0 120 64.8 57.4 57.4
5537 0.0 0 0 0 5337 0.3 20 0 0 150 63.8 56.6 56.6
5537 0.0 0 0 0 5337 0.3 20 0 0 180 62.6 55.3 55.3
5537 0.0 0 0 0 5337 0.3 30 0 0 0 64.2 55.1 55.1
5537 0.0 0 0 0 5337 0.3 30 0 0 30 64.5 55.3 55.3
5537 0.0 0 0 0 5337 0.3 30 0 0 60 64.6 55.4 55.4
5537 0.0 0 0 0 5337 0.3 30 0 0 90 64.7 55.3 55.3
5537 0.0 0 0 0 5337 0.3 30 0 0 120 64.4 55.1 55.1
5537 0.0 0 0 0 5337 0.3 30 0 0 150 63.4 54.4 54.4
5537 0.0 0 0 0 5337 0.3 30 0 0 180 62.3 53.3 53.3
5537 0.0 0 0 0 5337 0.3 40 0 0 0 63.7 55.1 55.1
5537 0.0 0 0 0 5337 0.3 40 0 0 30 64.0 55.2 55.2
5537 0.0 0 0 0 5337 0.3 40 0 0 60 64.2 55.3 55.3
5537 0.0 0 0 0 5337 0.3 40 0 0 90 64.2 55.3 55.3
5537 0.0 0 0 0 5337 0.3 40 0 0 120 63.9 55.1 55.1
5537 0.0 0 0 0 5337 0.3 40 0 0 150 62.8 54.4 54.4
5537 0.0 0 0 0 5337 0.3 40 0 0 180 61.9 53.3 53.3
5537 0.0 0 0 0 5337 0.3 50 0 0 0 63.2 55.4 55.4
5537 0.0 0 0 0 5337 0.3 50 0 0 30 63.4 55.7 55.7
5537 0.0 0 0 0 5337 0.3 50 0 0 60 63.4 55.8 55.8
5537 0.0 0 0 0 5337 0.3 50 0 0 90 63.3 55.9 55.9
5537 0.0 0 0 0 5337 0.3 50 0 0 120 63.0 55.9 55.9
5537 0.0 0 0 0 5337 0.3 50 0 0 150 62.0 55.3 55.3
5537 0.0 0 0 0 5337 0.3 50 0 0 180 61.2 54.2 54.2
5537 0.0 0 0 0 5337 0.3 60 0 0 0 62.2 55.6 55.6
5537 0.0 0 0 0 5337 0.3 60 0 0 30 62.5 56.2 56.2
5537 0.0 0 0 0 5337 0.3 60 0 0 60 62.5 56.6 56.6
5537 0.0 0 0 0 5337 0.3 60 0 0 90 62.3 57.1 57.1
5537 0.0 0 0 0 5337 0.3 60 0 0 120 61.6 57.3 57.3
5537 0.0 0 0 0 5337 0.3 60 0 0 150 60.8 56.8 56.8
5537 0.0 0 0 0 5337 0.3 60 0 0 180 60.1 55.6 55.6
5537 0.0 0 0 0 5337 0.4 0 0 0 0 64.7 57.6 57.6
5537 0.0 0 0 0 5337 0.4 0 0 0 30 65.0 58.0 58.0
5537 0.0 0 0 0 5337 0.4 0 0 0 60 65.1 58.3 58.3
5537 0.0 0 0 0 5337 0.4 0 0 0 90 65.2 58.5 58.5
5537 0.0 0 0 0 5337 0.4 0 0 0 120 65.1 58.5 58.5
5537 0.0 0 0 0 5337 0.4 0 0 0 150 64.0 57.9 57.9
5537 0.0 0 0 0 5337 0.4 0 0 0 180 62.7 56.2 56.2
5537 0.0 0 0 0 5337 0.4 10 0 0 0 64.7 57.6 57.6
5537 0.0 0 0 0 5337 0.4 10 0 0 30 64.9 57.8 57.8
5537 0.0 0 0 0 5337 0.4 10 0 0 60 65.1 58.1 58.1
5537 0.0 0 0 0 5337 0.4 10 0 0 90 65.2 58.3 58.3
5537 0.0 0 0 0 5337 0.4 10 0 0 120 65.0 58.3 58.3
5537 0.0 0 0 0 5337 0.4 10 0 0 150 64.0 57.6 57.6
5537 0.0 0 0 0 5337 0.4 10 0 0 180 62.7 55.9 55.9
5537 0.0 0 0 0 5337 0.4 20 0 0 0 64.5 57.0 57.0
5537 0.0 0 0 0 5337 0.4 20 0 0 30 64.7 57.2 57.2
5537 0.0 0 0 0 5337 0.4 20 0 0 60 64.9 57.3 57.3
5537 0.0 0 0 0 5337 0.4 20 0 0 90 64.9 57.4 57.4
5537 0.0 0 0 0 5337 0.4 20 0 0 120 64.8 57.2 57.2
5537 0.0 0 0 0 5337 0.4 20 0 0 150 63.8 56.3 56.3
5537 0.0 0 0 0 5337 0.4 20 0 0 180 62.6 54.5 54.5
5537 0.0 0 0 0 5337 0.4 30 0 0 0 64.2 55.5 55.5
5537 0.0 0 0 0 5337 0.4 30 0 0 30 64.4 55.7 55.7
5537 0.0 0 0 0 5337 0.4 30 0 0 60 64.5 55.8 55.8
5537 0.0 0 0 0 5337 0.4 30 0 0 90 64.6 55.9 55.9
5537 0.0 0 0 0 5337 0.4 30 0 0 120 64.4 55.6 55.6
5537 0.0 0 0 0 5337 0.4 30 0 0 150 63.4 54.7 54.7
5537 0.0 0 0 0 5337 0.4 30 0 0 180 62.3 53.2 53.2
5537 0.0 0 0 0 5337 0.4 40 0 0 0 63.8 55.5 55.5
5537 0.0 0 0 0 5337 0.4 40 0 0 30 64.0 55.6 55.6
5537 0.0 0 0 0 5337 0.4 40 0 0 60 64.1 55.8 55.8
5537 0.0 0 0 0 5337 0.4 40 0 0 90 64.0 55.8 55.8
5537 0.0 0 0 0 5337 0.4 40 0 0 120 63.8 55.7 55.7
5537 0.0 0 0 0 5337 0.4 40 0 0 150 62.8 54.9 54.9
5537 0.0 0 0 0 5337 0.4 40 0 0 180 61.9 53.5 53.5
5537 0.0 0 0 0 5337 0.4 50 0 0 0 63.3 55.7 55.7
5537 0.0 0 0 0 5337 0.4 50 0 0 30 63.4 56.0 56.0
5537 0.0 0 0 0 5337 0.4 50 0 0 60 63.4 56.2 56.2
5537 0.0 0 0 0 5337 0.4 50 0 0 90 63.3 56.3 56.3
5537 0.0 0 0 0 5337 0.4 50 0 0 120 62.9 56.1 56.1
5537 0.0 0 0 0 5337 0.4 50 0 0 150 61.9 55.5 55.5
5537 0.0 0 0 0 5337 0.4 50 0 0 180 61.2 54.1 54.1
5537 0.0 0 0 0 5337 0.4 60 0 0 0 62.4 55.7 55.7
5537 0.0 0 0 0 5337 0.4 60 0 0 30 62.5 56.1 56.1
5537 0.0 0 0 0 5337 0.4 60 0 0 60 62.5 56.4 56.4
5537 0.0 0 0 0 5337 0.4 60 0 0 90 62.4 56.8 56.8
5537 0.0 0 0 0 5337 0.4 60 0 0 120 61.5 57.2 57.2
5537 0.0 0 0 0 5337 0.4 60 0 0 150 60.6 56.8 56.8
5537 0.0 0 0 0 5337 0.4 60 0 0 180 60.0 55.3 55.3
5537 0.0 0 0 0 5337 0.5 0 0 0 0 64.8 57.6 57.6
5537 0.0 0 0 0 5337 0.5 0 0 0 30 64.9 57.8 57.8
5537 0.0 0 0 0 5337 0.5 0 0 0 60 65.0 58.1 58.1
5537 0.0 0 0 0 5337 0.5 0 0 0 90 65.1 58.3 58.3
5537 0.0 0 0 0 5337 0.5 0 0 0 120 65.0 58.4 58.4
5537 0.0 0 0 0 5337 0.5 0 0 0 150 64.0 57.8 57.8
5537 0.0 0 0 0 5337 0.5 0 0 0 180 62.7 55.6 55.6
5537 0.0 0 0 0 5337 0.5 10 0 0 0 64.7 57.7 57.7
5537 0.0 0 0 0 5337 0.5 10 0 0 30 64.8 57.8 57.8
5537 0.0 0 0 0 5337 0.5 10 0 0 60 64.9 58.0 58.0
5537 0.0 0 0 0 5337 0.5 10 0 0 90 65.0 58.2 58.2
5537 0.0 0 0 0 5337 0.5 10 0 0 120 64.9 58.2 58.2
5537 0.0 0 0 0 5337 0.5 10 0 0 150 64.0 57.4 57.4
5537 0.0 0 0 0 5337 0.5 10 0 0 180 62.7 55.1 55.1
5537 0.0 0 0 0 5337 0.5 20 0 0 0 64.5 56.8 56.8
5537 0.0 0 0 0 5337 0.5 20 0 0 30 64.7 56.9 56.9
5537 0.0 0 0 0 5337 0.5 20 0 0 60 64.7 57.0 57.0
5537 0.0 0 0 0 5337 0.5 20 0 0 90 64.8 57.1 57.1
5537 0.0 0 0 0 5337 0.5 20 0 0 120 64.6 57.0 57.0
5537 0.0 0 0 0 5337 0.5 20 0 0 150 63.7 56.0 56.0
5537 0.0 0 0 0 5337 0.5 20 0 0 180 62.5 53.5 53.5
5537 0.0 0 0 0 5337 0.5 30 0 0 0 64.2 55.9 55.9
5537 0.0 0 0 0 5337 0.5 30 0 0 30 64.4 56.0 56.0
5537 0.0 0 0 0 5337 0.5 30 0 0 60 64.4 56.2 56.2
5537 0.0 0 0 0 5337 0.5 30 0 0 90 64.4 56.3 56.3
5537 0.0 0 0 0 5337 0.5 30 0 0 120 64.2 56.3 56.3
5537 0.0 0 0 0 5337 0.5 30 0 0 150 63.3 55.5 55.5
5537 0.0 0 0 0 5337 0.5 30 0 0 180 62.3 53.4 53.4
5537 0.0 0 0 0 5337 0.5 40 0 0 0 63.8 55.9 55.9
5537 0.0 0 0 0 5337 0.5 40 0 0 30 64.0 56.0 56.0
5537 0.0 0 0 0 5337 0.5 40 0 0 60 63.9 56.1 56.1
5537 0.0 0 0 0 5337 0.5 40 0 0 90 63.9 56.3 56.3
5537 0.0 0 0 0 5337 0.5 40 0 0 120 63.6 56.3 56.3
5537 0.0 0 0 0 5337 0.5 40 0 0 150 62.7 55.6 55.6
5537 0.0 0 0 0 5337 0.5 40 0 0 180 61.9 53.6 53.6
5537 0.0 0 0 0 5337 0.5 50 0 0 0 63.3 55.9 55.9
5537 0.0 0 0 0 5337 0.5 50 0 0 30 63.4 56.3 56.3
5537 0.0 0 0 0 5337 0.5 50 0 0 60 63.3 56.5 56.5
5537 0.0 0 0 0 5337 0.5 50 0 0 90 63.2 56.8 56.8
5537 0.0 0 0 0 5337 0.5 50 0 0 120 62.8 56.9 56.9
5537 0.0 0 0 0 5337 0.5 50 0 0 150 61.8 56.2 56.2
5537 0.0 0 0 0 5337 0.5 50 0 0 180 61.2 54.1 54.1
5537 0.0 0 0 0 5337 0.5 60 0 0 0 62.4 55.8 55.8
5537 0.0 0 0 0 5337 0.5 60 0 0 30 62.5 56.2 56.2
5537 0.0 0 0 0 5337 0.5 60 0 0 60 62.5 56.4 56.4
5537 0.0 0 0 0 5337 0.5 60 0 0 90 62.4 56.8 56.8
5537 0.0 0 0 0 5337 0.5 60 0 0 120 61.7 57.2 57.2
5537 0.0 0 0 0 5337 0.5 60 0 0 150 60.2 57.0 57.0
5537 0.0 0 0 0 5337 0.5 60 0 0 180 59.7 55.1 55.1
5537 0.0 0 0 0 5537 0.0 0 0 0 0 41.9 36.7 36.7
5537 0.0 0 0 0 5537 0.0 0 0 0 30 50.2 45.1 45.1
5537 0.0 0 0 0 5537 0.0 0 0 0 60 58.5 53.5 53.5
5537 0.0 0 0 0 5537 0.0 0 0 0 90 66.7 61.9 61.9
5537 0.0 0 0 0 5537 0.0 0 0 0 120 75.0 70.1 70.1
5537 0.0 0 0 0 5537 0.0 0 0 0 150 79.6 70.5 70.5
5537 0.0 0 0 0 5537 0.0 0 0 0 180 79.6 70.4 70.4
5537 0.0 0 0 0 5537 0.0 10 0 0 0 41.8 37.2 37.2
5537 0.0 0 0 0 5537 0.0 10 0 0 30 50.1 44.9 44.9
5537 0.0 0 0 0 5537 0.0 10 0 0 60 58.3 53.3 53.3
5537 0.0 0 0 0 5537 0.0 10 0 0 90 66.6 61.7 61.7
5537 0.0 0 0 0 5537 0.0 10 0 0 120 74.9 69.2 69.2
5537 0.0 0 0 0 5537 0.0 10 0 0 150 79.5 70.2 70.2
5537 0.0 0 0 0 5537 0.0 10 0 0 180 79.5 70.2 70.2
5537 0.0 0 0 0 5537 0.0 20 0 0 0 41.5 38.7 38.7
5537 0.0 0 0 0 5537 0.0 20 0 0 30 49.9 44.3 44.3
5537 0.0 0 0 0 5537 0.0 20 0 0 60 58.1 52.7 52.7
5537 0.0 0 0 0 5537 0.0 20 0 0 90 66.4 61.1 61.1
5537 0.0 0 0 0 5537 0.0 20 0 0 120 74.7 67.2 67.2
5537 0.0 0 0 0 5537 0.0 20 0 0 150 79.3 69.2 69.2
5537 0.0 0 0 0 5537 0.0 20 0 0 180 79.3 69.2 69.2
5537 0.0 0 0 0 5537 0.0 30 0 0 0 41.3 40.3 40.3
5537 0.0 0 0 0 5537 0.0 30 0 0 30 49.5 44.0 44.0
5537 0.0 0 0 0 5537 0.0 30 0 0 60 57.8 51.0 51.0
5537 0.0 0 0 0 5537 0.0 30 0 0 90 66.1 57.8 57.8
5537 0.0 0 0 0 5537 0.0 30 0 0 120 74.3 63.2 63.2
5537 0.0 0 0 0 5537 0.0 30 0 0 150 78.9 66.1 66.1
5537 0.0 0 0 0 5537 0.0 30 0 0 180 78.9 66.1 66.1
5537 0.0 0 0 0 5537 0.0 40 0 0 0 41.3 42.1 42.1
5537 0.0 0 0 0 5537 0.0 40 0 0 30 49.1 44.8 44.8
5537 0.0 0 0 0 5537 0.0 40 0 0 60 57.3 50.6 50.6
5537 0.0 0 0 0 5537 0.0 40 0 0 90 65.6 56.7 56.7
5537 0.0 0 0 0 5537 0.0 40 0 0 120 73.9 61.8 61.8
5537 0.0 0 0 0 5537 0.0 40 0 0 150 78.2 65.0 65.0
5537 0.0 0 0 0 5537 0.0 40 0 0 180 78.2 65.6 65.6
5537 0.0 0 0 0 5537 0.0 50 0 0 0 41.6 44.1 44.1
5537 0.0 0 0 0 5537 0.0 50 0 0 30 48.4 46.3 46.3
5537 0.0 0 0 0 5537 0.0 50 0 0 60 56.7 50.9 50.9
5537 0.0 0 0 0 5537 0.0 50 0 0 90 64.9 56.6 56.6
5537 0.0 0 0 0 5537 0.0 50 0 0 120 73.1 61.6 61.6
5537 0.0 0 0 0 5537 0.0 50 0 0 150 77.1 64.9 64.9
5537 0.0 0 0 0 5537 0.0 50 0 0 180 77.1 66.1 66.1
5537 0.0 0 0 0 5537 0.0 60 0 0 0 42.2 46.6 46.6
5537 0.0 0 0 0 5537 0.0 60 0 0 30 47.5 48.7 48.7
5537 0.0 0 0 0 5537 0.0 60 0 0 60 55.7 52.4 52.4
5537 0.0 0 0 0 5537 0.0 60 0 0 90 64.0 57.3 57.3
5537 0.0 0 0 0 5537 0.0 60 0 0 120 71.6 62.2 62.2
5537 0.0 0 0 0 5537 0.0 60 0 0 150 75.3 65.5 65.5
5537 0.0 0 0 0 5537 0.0 60 0 0 180 75.5 66.3 66.3
5537 0.0 0 0 0 5537 0.1 0 0 0 0 42.5 37.2 37.2
5537 0.0 0 0 0 5537 0.1 0 0 0 30 48.7 43.6 43.6
5537 0.0 0 0 0 5537 0.1 0 0 0 60 55.8 50.8 50.8
5537 0.0 0 0 0 5537 0.1 0 0 0 90 63.6 58.7 58.7
5537 0.0 0 0 0 5537 0.1 0 0 0 120 72.2 67.4 67.4
5537 0.0 0 0 0 5537 0.1 0 0 0 150 79.4 70.3 70.3
5537 0.0 0 0 0 5537 0.1 0 0 0 180 79.6 70.2 70.2
5537 0.0 0 0 0 5537 0.1 10 0 0 0 42.5 37.5 37.5
5537 0.0 0 0 0 5537 0.1 10 0 0 30 48.6 43.3 43.3
5537 0.0 0 0 0 5537 0.1 10 0 0 60 55.7 50.6 50.6
5537 0.0 0 0 0 5537 0.1 10 0 0 90 63.5 58.5 58.5
5537 0.0 0 0 0 5537 0.1 10 0 0 120 72.1 66.4 66.4
5537 0.0 0 0 0 5537 0.1 10 0 0 150 79.4 70.1 70.1
5537 0.0 0 0 0 5537 0.1 10 0 0 180 79.6 70.0 70.0
5537 0.0 0 0 0 5537 0.1 20 0 0 0 42.4 38.6 38.6
5537 0.0 0 0 0 5537 0.1 20 0 0 30 48.4 42.8 42.8
5537 0.0 0 0 0 5537 0.1 20 0 0 60 55.5 50.0 50.0
5537 0.0 0 0 0 5537 0.1 20 0 0 90 63.3 57.8 57.8
5537 0.0 0 0 0 5537 0.1 20 0 0 120 71.8 64.5 64.5
5537 0.0 0 0 0 5537 0.1 20 0 0 150 79.1 68.6 68.6
5537 0.0 0 0 0 5537 0.1 20 0 0 180 79.3 69.0 69.0
5537 0.0 0 0 0 5537 0.1 30 0 0 0 42.4 40.2 40.2
5537 0.0 0 0 0 5537 0.1 30 0 0 30 48.1 42.7 42.7
5537 0.0 0 0 0 5537 0.1 30 0 0 60 55.2 48.2 48.2
5537 0.0 0 0 0 5537 0.1 30 0 0 90 62.9 54.6 54.6
5537 0.0 0 0 0 5537 0.1 30 0 0 120 71.5 60.5 60.5
5537 0.0 0 0 0 5537 0.1 30 0 0 150 78.7 64.8 64.8
5537 0.0 0 0 0 5537 0.1 30 0 0 180 78.9 65.9 65.9
5537 0.0 0 0 0 5537 0.1 40 0 0 0 42.3 42.0 42.0
5537 0.0 0 0 0 5537 0.1 40 0 0 30 47.6 43.9 43.9
5537 0.0 0 0 0 5537 0.1 40 0 0 60 54.7 47.8 47.8
5537 0.0 0 0 0 5537 0.1 40 0 0 90 62.4 53.5 53.5
5537 0.0 0 0 0 5537 0.1 40 0 0 120 71.0 59.0 59.0
5537 0.0 0 0 0 5537 0.1 40 0 0 150 77.9 63.4 63.4
5537 0.0 0 0 0 5537 0.1 40 0 0 180 78.2 65.4 65.4
5537 0.0 0 0 0 5537 0.1 50 0 0 0 42.3 43.8 43.8
5537 0.0 0 0 0 5537 0.1 50 0 0 30 47.1 45.5 45.5
5537 0.0 0 0 0 5537 0.1 50 0 0 60 54.0 48.7 48.7
5537 0.0 0 0 0 5537 0.1 50 0 0 90 61.8 53.5 53.5
5537 0.0 0 0 0 5537 0.1 50 0 0 120 70.4 58.9 58.9
5537 0.0 0 0 0 5537 0.1 50 0 0 150 76.8 63.3 63.3
5537 0.0 0 0 0 5537 0.1 50 0 0 180 77.2 65.9 65.9
5537 0.0 0 0 0 5537 0.1 60 0 0 0 42.7 46.3 46.3
5537 0.0 0 0 0 5537 0.1 60 0 0 30 46.7 47.8 47.8
5537 0.0 0 0 0 5537 0.1 60 0 0 60 53.1 50.6 50.6
5537 0.0 0 0 0 5537 0.1 60 0 0 90 60.8 54.4 54.4
5537 0.0 0 0 0 5537 0.1 60 0 0 120 69.4 59.4 59.4
5537 0.0 0 0 0 5537 0.1 60 0 0 150 75.0 63.8 63.8
5537 0.0 0 0 0 5537 0.1 60 0 0 180 75.6 66.0 66.0
5537 0.0 0 0 0 5537 0.2 0 0 0 0 44.4 39.0 39.0
5537 0.0 0 0 0 5537 0.2 0 0 0 30 47.4 42.1 42.1
5537 0.0 0 0 0 5537 0.2 0 0 0 60 53.4 48.2 48.2
5537 0.0 0 0 0 5537 0.2 0 0 0 90 60.5 55.4 55.4
5537 0.0 0 0 0 5537 0.2 0 0 0 120 69.1 64.2 64.2
5537 0.0 0 0 0 5537 0.2 0 0 0 150 77.6 69.9 69.9
5537 0.0 0 0 0 5537 0.2 0 0 0 180 79.7 70.0 70.0
5537 0.0 0 0 0 5537 0.2 10 0 0 0 44.4 38.9 38.9
5537 0.0 0 0 0 5537 0.2 10 0 0 30 47.3 42.2 42.2
5537 0.0 0 0 0 5537 0.2 10 0 0 60 53.3 48.0 48.0
5537 0.0 0 0 0 5537 0.2 10 0 0 90 60.4 55.2 55.2
5537 0.0 0 0 0 5537 0.2 10 0 0 120 69.0 63.3 63.3
5537 0.0 0 0 0 5537 0.2 10 0 0 150 77.6 68.9 68.9
5537 0.0 0 0 0 5537 0.2 10 0 0 180 79.6 69.8 69.8
5537 0.0 0 0 0 5537 0.2 20 0 0 0 44.4 38.9 38.9
5537 0.0 0 0 0 5537 0.2 20 0 0 30 47.1 42.2 42.2
5537 0.0 0 0 0 5537 0.2 20 0 0 60 53.1 47.4 47.4
5537 0.0 0 0 0 5537 0.2 20 0 0 90 60.1 54.6 54.6
5537 0.0 0 0 0 5537 0.2 20 0 0 120 68.8 61.5 61.5
5537 0.0 0 0 0 5537 0.2 20 0 0 150 77.4 67.0 67.0
5537 0.0 0 0 0 5537 0.2 20 0 0 180 79.3 68.8 68.8
5537 0.0 0 0 0 5537 0.2 30 0 0 0 44.3 40.2 40.2
5537 0.0 0 0 0 5537 0.2 30 0 0 30 46.9 42.2 42.2
5537 0.0 0 0 0 5537 0.2 30 0 0 60 52.8 45.8 45.8
5537 0.0 0 0 0 5537 0.2 30 0 0 90 59.8 51.4 51.4
5537 0.0 0 0 0 5537 0.2 30 0 0 120 68.5 57.6 57.6
5537 0.0 0 0 0 5537 0.2 30 0 0 150 77.0 63.1 63.1
5537 0.0 0 0 0 5537 0.2 30 0 0 180 78.9 65.8 65.8
5537 0.0 0 0 0 5537 0.2 40 0 0 0 44.2 41.8 41.8
5537 0.0 0 0 0 5537 0.2 40 0 0 30 46.8 43.3 43.3
5537 0.0 0 0 0 5537 0.2 40 0 0 60 52.3 46.1 46.1
5537 0.0 0 0 0 5537 0.2 40 0 0 90 59.3 50.5 50.5
5537 0.0 0 0 0 5537 0.2 40 0 0 120 68.0 56.3 56.3
5537 0.0 0 0 0 5537 0.2 40 0 0 150 76.5 61.8 61.8
5537 0.0 0 0 0 5537 0.2 40 0 0 180 78.2 65.2 65.2
5537 0.0 0 0 0 5537 0.2 50 0 0 0 44.2 43.7 43.7
5537 0.0 0 0 0 5537 0.2 50 0 0 30 46.7 45.0 45.0
5537 0.0 0 0 0 5537 0.2 50 0 0 60 51.6 47.2 47.2
5537 0.0 0 0 0 5537 0.2 50 0 0 90 58.7 50.7 50.7
5537 0.0 0 0 0 5537 0.2 50 0 0 120 67.4 56.0 56.0
5537 0.0 0 0 0 5537 0.2 50 0 0 150 75.5 61.4 61.4
5537 0.0 0 0 0 5537 0.2 50 0 0 180 77.2 65.1 65.1
5537 0.0 0 0 0 5537 0.2 60 0 0 0 44.2 46.0 46.0
5537 0.0 0 0 0 5537 0.2 60 0 0 30 46.6 47.2 47.2
5537 0.0 0 0 0 5537 0.2 60 0 0 60 51.1 49.2 49.2
5537 0.0 0 0 0 5537 0.2 60 0 0 90 57.7 52.2 52.2
5537 0.0 0 0 0 5537 0.2 60 0 0 120 66.4 56.5 56.5
5537 0.0 0 0 0 5537 0.2 60 0 0 150 73.7 61.8 61.8
5537 0.0 0 0 0 5537 0.2 60 0 0 180 75.5 65.5 65.5
5537 0.0 0 0 0 5537 0.3 0 0 0 0 46.5 41.0 41.0
5537 0.0 0 0 0 5537 0.3 0 0 0 30 47.7 42.2 42.2
5537 0.0 0 0 0 5537 0.3 0 0 0 60 51.2 45.9 45.9
5537 0.0 0 0 0 5537 0.3 0 0 0 90 57.4 52.2 52.2
5537 0.0 0 0 0 5537 0.3 0 0 0 120 65.9 60.8 60.8
5537 0.0 0 0 0 5537 0.3 0 0 0 150 75.4 68.0 68.0
5537 0.0 0 0 0 5537 0.3 0 0 0 180 79.5 69.8 69.8
5537 0.0 0 0 0 5537 0.3 10 0 0 0 46.5 40.8 40.8
5537 0.0 0 0 0 5537 0.3 10 0 0 30 47.6 42.1 42.1
5537 0.0 0 0 0 5537 0.3 10 0 0 60 51.1 45.8 45.8
5537 0.0 0 0 0 5537 0.3 10 0 0 90 57.3 52.0 52.0
5537 0.0 0 0 0 5537 0.3 10 0 0 120 65.8 59.9 59.9
5537 0.0 0 0 0 5537 0.3 10 0 0 150 75.3 66.9 66.9
5537 0.0 0 0 0 5537 0.3 10 0 0 180 79.4 69.5 69.5
5537 0.0 0 0 0 5537 0.3 20 0 0 0 46.4 40.5 40.5
5537 0.0 0 0 0 5537 0.3 20 0 0 30 47.6 42.1 42.1
5537 0.0 0 0 0 5537 0.3 20 0 0 60 50.9 45.7 45.7
5537 0.0 0 0 0 5537 0.3 20 0 0 90 57.1 51.3 51.3
5537 0.0 0 0 0 5537 0.3 20 0 0 120 65.6 58.1 58.1
5537 0.0 0 0 0 5537 0.3 20 0 0 150 75.1 64.8 64.8
5537 0.0 0 0 0 5537 0.3 20 0 0 180 79.2 68.5 68.5
5537 0.0 0 0 0 5537 0.3 30 0 0 0 46.4 40.7 40.7
5537 0.0 0 0 0 5537 0.3 30 0 0 30 47.5 42.1 42.1
5537 0.0 0 0 0 5537 0.3 30 0 0 60 50.7 44.6 44.6
5537 0.0 0 0 0 5537 0.3 30 0 0 90 56.8 48.4 48.4
5537 0.0 0 0 0 5537 0.3 30 0 0 120 65.2 54.5 54.5
5537 0.0 0 0 0 5537 0.3 30 0 0 150 74.8 61.1 61.1
5537 0.0 0 0 0 5537 0.3 30 0 0 180 78.7 65.6 65.6
5537 0.0 0 0 0 5537 0.3 40 0 0 0 46.3 41.9 41.9
5537 0.0 0 0 0 5537 0.3 40 0 0 30 47.5 43.1 43.1
5537 0.0 0 0 0 5537 0.3 40 0 0 60 50.5 45.1 45.1
5537 0.0 0 0 0 5537 0.3 40 0 0 90 56.3 48.1 48.1
5537 0.0 0 0 0 5537 0.3 40 0 0 120 64.8 53.4 53.4
5537 0.0 0 0 0 5537 0.3 40 0 0 150 74.2 59.9 59.9
5537 0.0 0 0 0 5537 0.3 40 0 0 180 78.0 64.7 64.7
5537 0.0 0 0 0 5537 0.3 50 0 0 0 46.3 43.5 43.5
5537 0.0 0 0 0 5537 0.3 50 0 0 30 47.5 44.6 44.6
5537 0.0 0 0 0 5537 0.3 50 0 0 60 50.3 46.3 46.3
5537 0.0 0 0 0 5537 0.3 50 0 0 90 55.7 48.9 48.9
5537 0.0 0 0 0 5537 0.3 50 0 0 120 64.1 53.1 53.1
5537 0.0 0 0 0 5537 0.3 50 0 0 150 73.4 59.4 59.4
5537 0.0 0 0 0 5537 0.3 50 0 0 180 76.8 64.4 64.4
5537 0.0 0 0 0 5537 0.3 60 0 0 0 46.3 45.6 45.6
5537 0.0 0 0 0 5537 0.3 60 0 0 30 47.6 46.5 46.5
5537 0.0 0 0 0 5537 0.3 60 0 0 60 50.2 48.1 48.1
5537 0.0 0 0 0 5537 0.3 60 0 0 90 55.1 50.4 50.4
5537 0.0 0 0 0 5537 0.3 60 0 0 120 63.1 54.0 54.0
5537 0.0 0 0 0 5537 0.3 60 0 0 150 71.9 59.6 59.6
5537 0.0 0 0 0 5537 0.3 60 0 0 180 75.0 64.8 64.8
5537 0.0 0 0 0 5537 0.4 0 0 0 0 48.6 43.0 43.0
5537 0.0 0 0 0 5537 0.4 0 0 0 30 49.2 43.6 43.6
5537 0.0 0 0 0 5537 0.4 0 0 0 60 50.6 45.1 45.1
5537 0.0 0 0 0 5537 0.4 0 0 0 90 54.5 49.1 49.1
5537 0.0 0 0 0 5537 0.4 0 0 0 120 62.5 57.1 57.1
5537 0.0 0 0 0 5537 0.4 0 0 0 150 72.8 65.6 65.6
5537 0.0 0 0 0 5537 0.4 0 0 0 180 78.8 69.4 69.4
5537 0.0 0 0 0 5537 0.4 10 0 0 0 48.6 42.8 42.8
5537 0.0 0 0 0 5537 0.4 10 0 0 30 49.2 43.5 43.5
5537 0.0 0 0 0 5537 0.4 10 0 0 60 50.6 45.0 45.0
5537 0.0 0 0 0 5537 0.4 10 0 0 90 54.4 49.0 49.0
5537 0.0 0 0 0 5537 0.4 10 0 0 120 62.4 56.3 56.3
5537 0.0 0 0 0 5537 0.4 10 0 0 150 72.8 64.4 64.4
5537 0.0 0 0 0 5537 0.4 10 0 0 180 78.7 69.2 69.2
5537 0.0 0 0 0 5537 0.4 20 0 0 0 48.6 42.5 42.5
5537 0.0 0 0 0 5537 0.4 20 0 0 30 49.2 43.0 43.0
5537 0.0 0 0 0 5537 0.4 20 0 0 60 50.5 44.8 44.8
5537 0.0 0 0 0 5537 0.4 20 0 0 90 54.2 48.5 48.5
5537 0.0 0 0 0 5537 0.4 20 0 0 120 62.2 54.5 54.5
5537 0.0 0 0 0 5537 0.4 20 0 0 150 72.6 62.2 62.2
5537 0.0 0 0 0 5537 0.4 20 0 0 180 78.4 67.9 67.9
5537 0.0 0 0 0 5537 0.4 30 0 0 0 48.6 42.4 42.4
5537 0.0 0 0 0 5537 0.4 30 0 0 30 49.1 42.5 42.5
5537 0.0 0 0 0 5537 0.4 30 0 0 60 50.5 44.0 44.0
5537 0.0 0 0 0 5537 0.4 30 0 0 90 54.0 46.7 46.7
5537 0.0 0 0 0 5537 0.4 30 0 0 120 61.8 51.6 51.6
5537 0.0 0 0 0 5537 0.4 30 0 0 150 72.2 59.1 59.1
5537 0.0 0 0 0 5537 0.4 30 0 0 180 77.9 65.1 65.1
5537 0.0 0 0 0 5537 0.4 40 0 0 0 48.6 42.9 42.9
5537 0.0 0 0 0 5537 0.4 40 0 0 30 49.2 43.1 43.1
5537 0.0 0 0 0 5537 0.4 40 0 0 60 50.5 44.5 44.5
5537 0.0 0 0 0 5537 0.4 40 0 0 90 53.8 46.8 46.8
5537 0.0 0 0 0 5537 0.4 40 0 0 120 61.4 50.7 50.7
5537 0.0 0 0 0 5537 0.4 40 0 0 150 71.6 57.8 57.8
5537 0.0 0 0 0 5537 0.4 40 0 0 180 77.1 64.2 64.2
5537 0.0 0 0 0 5537 0.4 50 0 0 0 48.6 44.0 44.0
5537 0.0 0 0 0 5537 0.4 50 0 0 30 49.2 44.3 44.3
5537 0.0 0 0 0 5537 0.4 50 0 0 60 50.5 45.5 45.5
5537 0.0 0 0 0 5537 0.4 50 0 0 90 53.6 47.6 47.6
5537 0.0 0 0 0 5537 0.4 50 0 0 120 60.7 51.0 51.0
5537 0.0 0 0 0 5537 0.4 50 0 0 150 70.7 57.3 57.3
5537 0.0 0 0 0 5537 0.4 50 0 0 180 75.8 63.9 63.9
5537 0.0 0 0 0 5537 0.4 60 0 0 0 48.6 45.7 45.7
5537 0.0 0 0 0 5537 0.4 60 0 0 30 49.3 46.0 46.0
5537 0.0 0 0 0 5537 0.4 60 0 0 60 50.6 47.1 47.1
5537 0.0 0 0 0 5537 0.4 60 0 0 90 53.5 48.9 48.9
5537 0.0 0 0 0 5537 0.4 60 0 0 120 59.9 52.0 52.0
5537 0.0 0 0 0 5537 0.4 60 0 0 150 69.3 57.3 57.3
5537 0.0 0 0 0 5537 0.4 60 0 0 180 73.8 63.9 63.9
5537 0.0 0 0 0 5537 0.5 0 0 0 0 50.7 45.0 45.0
5537 0.0 0 0 0 5537 0.5 0 0 0 30 51.0 45.3 45.3
5537 0.0 0 0 0 5537 0.5 0 0 0 60 51.7 46.1 46.1
5537 0.0 0 0 0 5537 0.5 0 0 0 90 53.4 47.9 47.9
5537 0.0 0 0 0 5537 0.5 0 0 0 120 58.9 53.3 53.3
5537 0.0 0 0 0 5537 0.5 0 0 0 150 69.8 62.5 62.5
5537 0.0 0 0 0 5537 0.5 0 0 0 180 77.3 68.5 68.5
5537 0.0 0 0 0 5537 0.5 10 0 0 0 50.7 44.9 44.9
5537 0.0 0 0 0 5537 0.5 10 0 0 30 51.0 45.2 45.2
5537 0.0 0 0 0 5537 0.5 10 0 0 60 51.7 45.9 45.9
5537 0.0 0 0 0 5537 0.5 10 0 0 90 53.4 47.7 47.7
5537 0.0 0 0 0 5537 0.5 10 0 0 120 58.8 52.5 52.5
5537 0.0 0 0 0 5537 0.5 10 0 0 150 69.8 61.3 61.3
5537 0.0 0 0 0 5537 0.5 10 0 0 180 77.2 68.5 68.5
5537 0.0 0 0 0 5537 0.5 20 0 0 0 50.8 44.6 44.6
5537 0.0 0 0 0 5537 0.5 20 0 0 30 51.1 44.7 44.7
5537 0.0 0 0 0 5537 0.5 20 0 0 60 51.7 45.2 45.2
5537 0.0 0 0 0 5537 0.5 20 0 0 90 53.3 46.5 46.5
5537 0.0 0 0 0 5537 0.5 20 0 0 120 58.6 50.5 50.5
5537 0.0 0 0 0 5537 0.5 20 0 0 150 69.6 58.8 58.8
5537 0.0 0 0 0 5537 0.5 20 0 0 180 76.9 66.5 66.5
5537 0.0 0 0 0 5537 0.5 30 0 0 0 50.8 44.4 44.4
5537 0.0 0 0 0 5537 0.5 30 0 0 30 51.1 44.3 44.3
5537 0.0 0 0 0 5537 0.5 30 0 0 60 51.7 44.5 44.5
5537 0.0 0 0 0 5537 0.5 30 0 0 90 53.3 45.8 45.8
5537 0.0 0 0 0 5537 0.5 30 0 0 120 58.3 49.3 49.3
5537 0.0 0 0 0 5537 0.5 30 0 0 150 69.2 56.9 56.9
5537 0.0 0 0 0 5537 0.5 30 0 0 180 76.4 64.8 64.8
5537 0.0 0 0 0 5537 0.5 40 0 0 0 50.8 44.6 44.6
5537 0.0 0 0 0 5537 0.5 40 0 0 30 51.1 44.5 44.5
5537 0.0 0 0 0 5537 0.5 40 0 0 60 51.8 44.6 44.6
5537 0.0 0 0 0 5537 0.5 40 0 0 90 53.3 46.0 46.0
5537 0.0 0 0 0 5537 0.5 40 0 0 120 58.1 49.0 49.0
5537 0.0 0 0 0 5537 0.5 40 0 0 150 68.5 55.8 55.8
5537 0.0 0 0 0 5537 0.5 40 0 0 180 75.5 64.0 64.0
5537 0.0 0 0 0 5537 0.5 50 0 0 0 50.9 45.1 45.1
5537 0.0 0 0 0 5537 0.5 50 0 0 30 51.2 44.9 44.9
5537 0.0 0 0 0 5537 0.5 50 0 0 60 51.9 45.2 45.2
5537 0.0 0 0 0 5537 0.5 50 0 0 90 53.4 46.5 46.5
5537 0.0 0 0 0 5537 0.5 50 0 0 120 57.8 49.4 49.4
5537 0.0 0 0 0 5537 0.5 50 0 0 150 67.6 55.1 55.1
5537 0.0 0 0 0 5537 0.5 50 0 0 180 74.2 63.4 63.4
5537 0.0 0 0 0 5537 0.5 60 0 0 0 51.0 46.3 46.3
5537 0.0 0 0 0 5537 0.5 60 0 0 30 51.3 46.2 46.2
5537 0.0 0 0 0 5537 0.5 60 0 0 60 52.0 46.5 46.5
5537 0.0 0 0 0 5537 0.5 60 0 0 90 53.5 47.7 47.7
5537 0.0 0 0 0 5537 0.5 60 0 0 120 57.5 50.2 50.2
5537 0.0 0 0 0 5537 0.5 60 0 0 150 66.1 55.3 55.3
5537 0.0 0 0 0 5537 0.5 60 0 0 180 71.8 63.1 63.1
