5137 0 30 0 0 4737 0 0 0 0 0 61 52 52
5137 0 30 0 0 4737 0 0 0 0 30 62 52 52
5137 0 30 0 0 4737 0 0 0 0 60 62 52 52
5137 0 30 0 0 4737 0 0 0 0 90 62 53 53
5137 0 30 0 0 4737 0 0 0 0 120 62 53 53
5137 0 30 0 0 4737 0 0 0 0 150 62 53 53
5137 0 30 0 0 4737 0 0 0 0 180 62 52 52
5137 0 30 0 0 4737 0 10 0 0 0 61 52 52
5137 0 30 0 0 4737 0 10 0 0 30 62 52 52
5137 0 30 0 0 4737 0 10 0 0 60 62 52 52
5137 0 30 0 0 4737 0 10 0 0 90 62 52 52
5137 0 30 0 0 4737 0 10 0 0 120 62 52 52
5137 0 30 0 0 4737 0 10 0 0 150 62 52 52
5137 0 30 0 0 4737 0 10 0 0 180 62 52 52
5137 0 30 0 0 4737 0 20 0 0 0 61 50 50
5137 0 30 0 0 4737 0 20 0 0 30 61 50 50
5137 0 30 0 0 4737 0 20 0 0 60 62 50 50
5137 0 30 0 0 4737 0 20 0 0 90 62 51 51
5137 0 30 0 0 4737 0 20 0 0 120 62 51 51
5137 0 30 0 0 4737 0 20 0 0 150 62 51 51
5137 0 30 0 0 4737 0 20 0 0 180 62 51 51
5137 0 30 0 0 4737 0 30 0 0 0 61 47 47
5137 0 30 0 0 4737 0 30 0 0 30 61 47 47
5137 0 30 0 0 4737 0 30 0 0 60 61 47 47
5137 0 30 0 0 4737 0 30 0 0 90 61 47 47
5137 0 30 0 0 4737 0 30 0 0 120 61 48 48
5137 0 30 0 0 4737 0 30 0 0 150 61 48 48
5137 0 30 0 0 4737 0 30 0 0 180 61 48 48
5137 0 30 0 0 4737 0 40 0 0 0 60 47 47
5137 0 30 0 0 4737 0 40 0 0 30 61 47 47
5137 0 30 0 0 4737 0 40 0 0 60 61 47 47
5137 0 30 0 0 4737 0 40 0 0 90 61 47 47
5137 0 30 0 0 4737 0 40 0 0 120 61 48 48
5137 0 30 0 0 4737 0 40 0 0 150 61 48 48
5137 0 30 0 0 4737 0 40 0 0 180 61 48 48
5137 0 30 0 0 4737 0 50 0 0 0 60 48 48
5137 0 30 0 0 4737 0 50 0 0 30 60 48 48
5137 0 30 0 0 4737 0 50 0 0 60 60 48 48
5137 0 30 0 0 4737 0 50 0 0 90 60 48 48
5137 0 30 0 0 4737 0 50 0 0 120 60 48 48
5137 0 30 0 0 4737 0 50 0 0 150 60 48 48
5137 0 30 0 0 4737 0 50 0 0 180 60 48 48
5137 0 30 0 0 4737 0 60 0 0 0 58 49 49
5137 0 30 0 0 4737 0 60 0 0 30 59 49 49
5137 0 30 0 0 4737 0 60 0 0 60 59 49 49
5137 0 30 0 0 4737 0 60 0 0 90 59 49 49
5137 0 30 0 0 4737 0 60 0 0 120 59 50 50
5137 0 30 0 0 4737 0 60 0 0 150 58 50 50
5137 0 30 0 0 4737 0 60 0 0 180 59 50 50
5137 0 30 0 0 4737 0 0 0 0 0 61 52 52
5137 0 30 0 0 4737 0 0 0 0 30 61 52 52
5137 0 30 0 0 4737 0 0 0 0 60 62 52 52
5137 0 30 0 0 4737 0 0 0 0 90 62 52 52
5137 0 30 0 0 4737 0 0 0 0 120 62 52 52
5137 0 30 0 0 4737 0 0 0 0 150 62 52 52
5137 0 30 0 0 4737 0 0 0 0 180 62 52 52
5137 0 30 0 0 4737 0 10 0 0 0 61 51 51
5137 0 30 0 0 4737 0 10 0 0 30 61 51 51
5137 0 30 0 0 4737 0 10 0 0 60 61 51 51
5137 0 30 0 0 4737 0 10 0 0 90 62 52 52
5137 0 30 0 0 4737 0 10 0 0 120 62 52 52
5137 0 30 0 0 4737 0 10 0 0 150 61 52 52
5137 0 30 0 0 4737 0 10 0 0 180 61 52 52
5137 0 30 0 0 4737 0 20 0 0 0 61 50 50
5137 0 30 0 0 4737 0 20 0 0 30 61 50 50
5137 0 30 0 0 4737 0 20 0 0 60 61 50 50
5137 0 30 0 0 4737 0 20 0 0 90 61 50 50
5137 0 30 0 0 4737 0 20 0 0 120 61 50 50
5137 0 30 0 0 4737 0 20 0 0 150 61 50 50
5137 0 30 0 0 4737 0 20 0 0 180 61 50 50
5137 0 30 0 0 4737 0 30 0 0 0 61 47 47
5137 0 30 0 0 4737 0 30 0 0 30 61 47 47
5137 0 30 0 0 4737 0 30 0 0 60 61 47 47
5137 0 30 0 0 4737 0 30 0 0 90 61 47 47
5137 0 30 0 0 4737 0 30 0 0 120 61 47 47
5137 0 30 0 0 4737 0 30 0 0 150 61 47 47
5137 0 30 0 0 4737 0 30 0 0 180 61 47 47
5137 0 30 0 0 4737 0 40 0 0 0 60 47 47
5137 0 30 0 0 4737 0 40 0 0 30 60 47 47
5137 0 30 0 0 4737 0 40 0 0 60 60 47 47
5137 0 30 0 0 4737 0 40 0 0 90 61 47 47
5137 0 30 0 0 4737 0 40 0 0 120 61 47 47
5137 0 30 0 0 4737 0 40 0 0 150 60 47 47
5137 0 30 0 0 4737 0 40 0 0 180 60 47 47
5137 0 30 0 0 4737 0 50 0 0 0 59 47 47
5137 0 30 0 0 4737 0 50 0 0 30 60 48 48
5137 0 30 0 0 4737 0 50 0 0 60 60 48 48
5137 0 30 0 0 4737 0 50 0 0 90 60 48 48
5137 0 30 0 0 4737 0 50 0 0 120 60 48 48
5137 0 30 0 0 4737 0 50 0 0 150 60 48 48
5137 0 30 0 0 4737 0 50 0 0 180 60 48 48
5137 0 30 0 0 4737 0 60 0 0 0 58 49 49
5137 0 30 0 0 4737 0 60 0 0 30 58 49 49
5137 0 30 0 0 4737 0 60 0 0 60 58 49 49
5137 0 30 0 0 4737 0 60 0 0 90 58 49 49
5137 0 30 0 0 4737 0 60 0 0 120 58 49 49
5137 0 30 0 0 4737 0 60 0 0 150 58 49 49
5137 0 30 0 0 4737 0 60 0 0 180 58 49 49
5137 0 30 0 0 4737 0 0 0 0 0 61 51 51
5137 0 30 0 0 4737 0 0 0 0 30 61 51 51
5137 0 30 0 0 4737 0 0 0 0 60 61 52 52
5137 0 30 0 0 4737 0 0 0 0 90 61 51 51
5137 0 30 0 0 4737 0 0 0 0 120 61 52 52
5137 0 30 0 0 4737 0 0 0 0 150 61 52 52
5137 0 30 0 0 4737 0 0 0 0 180 61 52 52
5137 0 30 0 0 4737 0 10 0 0 0 61 51 51
5137 0 30 0 0 4737 0 10 0 0 30 61 51 51
5137 0 30 0 0 4737 0 10 0 0 60 61 51 51
5137 0 30 0 0 4737 0 10 0 0 90 61 51 51
5137 0 30 0 0 4737 0 10 0 0 120 61 51 51
5137 0 30 0 0 4737 0 10 0 0 150 61 51 51
5137 0 30 0 0 4737 0 10 0 0 180 61 51 51
5137 0 30 0 0 4737 0 20 0 0 0 61 49 49
5137 0 30 0 0 4737 0 20 0 0 30 61 49 49
5137 0 30 0 0 4737 0 20 0 0 60 61 49 49
5137 0 30 0 0 4737 0 20 0 0 90 61 49 49
5137 0 30 0 0 4737 0 20 0 0 120 61 49 49
5137 0 30 0 0 4737 0 20 0 0 150 61 50 50
5137 0 30 0 0 4737 0 20 0 0 180 61 50 50
5137 0 30 0 0 4737 0 30 0 0 0 60 46 46
5137 0 30 0 0 4737 0 30 0 0 30 61 46 46
5137 0 30 0 0 4737 0 30 0 0 60 61 47 47
5137 0 30 0 0 4737 0 30 0 0 90 61 47 47
5137 0 30 0 0 4737 0 30 0 0 120 61 47 47
5137 0 30 0 0 4737 0 30 0 0 150 61 47 47
5137 0 30 0 0 4737 0 30 0 0 180 61 47 47
5137 0 30 0 0 4737 0 40 0 0 0 60 46 46
5137 0 30 0 0 4737 0 40 0 0 30 60 47 47
5137 0 30 0 0 4737 0 40 0 0 60 60 47 47
5137 0 30 0 0 4737 0 40 0 0 90 60 47 47
5137 0 30 0 0 4737 0 40 0 0 120 60 47 47
5137 0 30 0 0 4737 0 40 0 0 150 60 47 47
5137 0 30 0 0 4737 0 40 0 0 180 60 47 47
5137 0 30 0 0 4737 0 50 0 0 0 59 47 47
5137 0 30 0 0 4737 0 50 0 0 30 59 47 47
5137 0 30 0 0 4737 0 50 0 0 60 59 47 47
5137 0 30 0 0 4737 0 50 0 0 90 60 47 47
5137 0 30 0 0 4737 0 50 0 0 120 59 47 47
5137 0 30 0 0 4737 0 50 0 0 150 59 48 48
5137 0 30 0 0 4737 0 50 0 0 180 59 48 48
5137 0 30 0 0 4737 0 60 0 0 0 58 48 48
5137 0 30 0 0 4737 0 60 0 0 30 58 48 48
5137 0 30 0 0 4737 0 60 0 0 60 58 48 48
5137 0 30 0 0 4737 0 60 0 0 90 58 49 49
5137 0 30 0 0 4737 0 60 0 0 120 58 49 49
5137 0 30 0 0 4737 0 60 0 0 150 58 49 49
5137 0 30 0 0 4737 0 60 0 0 180 58 49 49
5137 0 30 0 0 4737 0 0 0 0 0 61 51 51
5137 0 30 0 0 4737 0 0 0 0 30 61 51 51
5137 0 30 0 0 4737 0 0 0 0 60 61 51 51
5137 0 30 0 0 4737 0 0 0 0 90 61 51 51
5137 0 30 0 0 4737 0 0 0 0 120 61 51 51
5137 0 30 0 0 4737 0 0 0 0 150 61 51 51
5137 0 30 0 0 4737 0 0 0 0 180 61 51 51
5137 0 30 0 0 4737 0 10 0 0 0 61 50 50
5137 0 30 0 0 4737 0 10 0 0 30 61 50 50
5137 0 30 0 0 4737 0 10 0 0 60 61 50 50
5137 0 30 0 0 4737 0 10 0 0 90 61 50 50
5137 0 30 0 0 4737 0 10 0 0 120 61 50 50
5137 0 30 0 0 4737 0 10 0 0 150 61 51 51
5137 0 30 0 0 4737 0 10 0 0 180 61 51 51
5137 0 30 0 0 4737 0 20 0 0 0 61 48 48
5137 0 30 0 0 4737 0 20 0 0 30 61 48 48
5137 0 30 0 0 4737 0 20 0 0 60 61 48 48
5137 0 30 0 0 4737 0 20 0 0 90 61 48 48
5137 0 30 0 0 4737 0 20 0 0 120 61 49 49
5137 0 30 0 0 4737 0 20 0 0 150 61 49 49
5137 0 30 0 0 4737 0 20 0 0 180 61 49 49
5137 0 30 0 0 4737 0 30 0 0 0 60 46 46
5137 0 30 0 0 4737 0 30 0 0 30 60 46 46
5137 0 30 0 0 4737 0 30 0 0 60 61 46 46
5137 0 30 0 0 4737 0 30 0 0 90 61 46 46
5137 0 30 0 0 4737 0 30 0 0 120 61 47 47
5137 0 30 0 0 4737 0 30 0 0 150 61 47 47
5137 0 30 0 0 4737 0 30 0 0 180 61 47 47
5137 0 30 0 0 4737 0 40 0 0 0 60 46 46
5137 0 30 0 0 4737 0 40 0 0 30 60 46 46
5137 0 30 0 0 4737 0 40 0 0 60 60 46 46
5137 0 30 0 0 4737 0 40 0 0 90 60 46 46
5137 0 30 0 0 4737 0 40 0 0 120 60 47 47
5137 0 30 0 0 4737 0 40 0 0 150 60 47 47
5137 0 30 0 0 4737 0 40 0 0 180 60 47 47
5137 0 30 0 0 4737 0 50 0 0 0 59 47 47
5137 0 30 0 0 4737 0 50 0 0 30 59 47 47
5137 0 30 0 0 4737 0 50 0 0 60 59 47 47
5137 0 30 0 0 4737 0 50 0 0 90 59 47 47
5137 0 30 0 0 4737 0 50 0 0 120 59 47 47
5137 0 30 0 0 4737 0 50 0 0 150 59 47 47
5137 0 30 0 0 4737 0 50 0 0 180 59 47 47
5137 0 30 0 0 4737 0 60 0 0 0 58 48 48
5137 0 30 0 0 4737 0 60 0 0 30 58 48 48
5137 0 30 0 0 4737 0 60 0 0 60 58 48 48
5137 0 30 0 0 4737 0 60 0 0 90 58 48 48
5137 0 30 0 0 4737 0 60 0 0 120 58 48 48
5137 0 30 0 0 4737 0 60 0 0 150 57 49 49
5137 0 30 0 0 4737 0 60 0 0 180 57 49 49
5137 0 30 0 0 4737 0 0 0 0 0 61 50 50
5137 0 30 0 0 4737 0 0 0 0 30 61 50 50
5137 0 30 0 0 4737 0 0 0 0 60 61 50 50
5137 0 30 0 0 4737 0 0 0 0 90 61 50 50
5137 0 30 0 0 4737 0 0 0 0 120 61 50 50
5137 0 30 0 0 4737 0 0 0 0 150 61 51 51
5137 0 30 0 0 4737 0 0 0 0 180 61 50 50
5137 0 30 0 0 4737 0 10 0 0 0 61 50 50
5137 0 30 0 0 4737 0 10 0 0 30 61 49 49
5137 0 30 0 0 4737 0 10 0 0 60 61 50 50
5137 0 30 0 0 4737 0 10 0 0 90 61 50 50
5137 0 30 0 0 4737 0 10 0 0 120 61 50 50
5137 0 30 0 0 4737 0 10 0 0 150 61 50 50
5137 0 30 0 0 4737 0 10 0 0 180 61 50 50
5137 0 30 0 0 4737 0 20 0 0 0 60 47 47
5137 0 30 0 0 4737 0 20 0 0 30 61 47 47
5137 0 30 0 0 4737 0 20 0 0 60 61 47 47
5137 0 30 0 0 4737 0 20 0 0 90 61 47 47
5137 0 30 0 0 4737 0 20 0 0 120 61 47 47
5137 0 30 0 0 4737 0 20 0 0 150 61 48 48
5137 0 30 0 0 4737 0 20 0 0 180 61 48 48
5137 0 30 0 0 4737 0 30 0 0 0 60 46 46
5137 0 30 0 0 4737 0 30 0 0 30 60 46 46
5137 0 30 0 0 4737 0 30 0 0 60 60 46 46
5137 0 30 0 0 4737 0 30 0 0 90 60 46 46
5137 0 30 0 0 4737 0 30 0 0 120 60 46 46
5137 0 30 0 0 4737 0 30 0 0 150 60 47 47
5137 0 30 0 0 4737 0 30 0 0 180 60 47 47
5137 0 30 0 0 4737 0 40 0 0 0 60 46 46
5137 0 30 0 0 4737 0 40 0 0 30 60 46 46
5137 0 30 0 0 4737 0 40 0 0 60 60 46 46
5137 0 30 0 0 4737 0 40 0 0 90 60 46 46
5137 0 30 0 0 4737 0 40 0 0 120 60 46 46
5137 0 30 0 0 4737 0 40 0 0 150 60 47 47
5137 0 30 0 0 4737 0 40 0 0 180 60 47 47
5137 0 30 0 0 4737 0 50 0 0 0 59 47 47
5137 0 30 0 0 4737 0 50 0 0 30 59 47 47
5137 0 30 0 0 4737 0 50 0 0 60 59 47 47
5137 0 30 0 0 4737 0 50 0 0 90 59 47 47
5137 0 30 0 0 4737 0 50 0 0 120 59 47 47
5137 0 30 0 0 4737 0 50 0 0 150 59 47 47
5137 0 30 0 0 4737 0 50 0 0 180 59 47 47
5137 0 30 0 0 4737 0 60 0 0 0 57 47 47
5137 0 30 0 0 4737 0 60 0 0 30 58 48 48
5137 0 30 0 0 4737 0 60 0 0 60 58 48 48
5137 0 30 0 0 4737 0 60 0 0 90 57 48 48
5137 0 30 0 0 4737 0 60 0 0 120 57 48 48
5137 0 30 0 0 4737 0 60 0 0 150 57 48 48
5137 0 30 0 0 4737 0 60 0 0 180 57 48 48
5137 0 30 0 0 4737 0 0 0 0 0 60 49 49
5137 0 30 0 0 4737 0 0 0 0 30 61 49 49
5137 0 30 0 0 4737 0 0 0 0 60 61 49 49
5137 0 30 0 0 4737 0 0 0 0 90 61 49 49
5137 0 30 0 0 4737 0 0 0 0 120 61 49 49
5137 0 30 0 0 4737 0 0 0 0 150 61 50 50
5137 0 30 0 0 4737 0 0 0 0 180 61 49 49
5137 0 30 0 0 4737 0 10 0 0 0 60 48 48
5137 0 30 0 0 4737 0 10 0 0 30 60 48 48
5137 0 30 0 0 4737 0 10 0 0 60 61 48 48
5137 0 30 0 0 4737 0 10 0 0 90 61 48 48
5137 0 30 0 0 4737 0 10 0 0 120 61 48 48
5137 0 30 0 0 4737 0 10 0 0 150 61 49 49
5137 0 30 0 0 4737 0 10 0 0 180 61 49 49
5137 0 30 0 0 4737 0 20 0 0 0 60 47 47
5137 0 30 0 0 4737 0 20 0 0 30 60 47 47
5137 0 30 0 0 4737 0 20 0 0 60 60 47 47
5137 0 30 0 0 4737 0 20 0 0 90 61 47 47
5137 0 30 0 0 4737 0 20 0 0 120 60 47 47
5137 0 30 0 0 4737 0 20 0 0 150 60 48 48
5137 0 30 0 0 4737 0 20 0 0 180 60 48 48
5137 0 30 0 0 4737 0 30 0 0 0 60 47 47
5137 0 30 0 0 4737 0 30 0 0 30 60 47 47
5137 0 30 0 0 4737 0 30 0 0 60 60 47 47
5137 0 30 0 0 4737 0 30 0 0 90 60 47 47
5137 0 30 0 0 4737 0 30 0 0 120 60 47 47
5137 0 30 0 0 4737 0 30 0 0 150 60 47 47
5137 0 30 0 0 4737 0 30 0 0 180 60 47 47
5137 0 30 0 0 4737 0 40 0 0 0 59 47 47
5137 0 30 0 0 4737 0 40 0 0 30 59 47 47
5137 0 30 0 0 4737 0 40 0 0 60 60 47 47
5137 0 30 0 0 4737 0 40 0 0 90 60 47 47
5137 0 30 0 0 4737 0 40 0 0 120 60 47 47
5137 0 30 0 0 4737 0 40 0 0 150 59 47 47
5137 0 30 0 0 4737 0 40 0 0 180 59 47 47
5137 0 30 0 0 4737 0 50 0 0 0 59 47 47
5137 0 30 0 0 4737 0 50 0 0 30 59 47 47
5137 0 30 0 0 4737 0 50 0 0 60 59 47 47
5137 0 30 0 0 4737 0 50 0 0 90 59 47 47
5137 0 30 0 0 4737 0 50 0 0 120 59 47 47
5137 0 30 0 0 4737 0 50 0 0 150 58 47 47
5137 0 30 0 0 4737 0 50 0 0 180 58 47 47
5137 0 30 0 0 4737 0 60 0 0 0 57 47 47
5137 0 30 0 0 4737 0 60 0 0 30 57 47 47
5137 0 30 0 0 4737 0 60 0 0 60 58 47 47
5137 0 30 0 0 4737 0 60 0 0 90 58 47 47
5137 0 30 0 0 4737 0 60 0 0 120 57 48 48
5137 0 30 0 0 4737 0 60 0 0 150 57 48 48
5137 0 30 0 0 4737 0 60 0 0 180 56 48 48
5137 0 30 0 0 4937 0 0 0 0 0 62 53 53
5137 0 30 0 0 4937 0 0 0 0 30 62 53 53
5137 0 30 0 0 4937 0 0 0 0 60 63 54 54
5137 0 30 0 0 4937 0 0 0 0 90 63 54 54
5137 0 30 0 0 4937 0 0 0 0 120 63 54 54
5137 0 30 0 0 4937 0 0 0 0 150 63 54 54
5137 0 30 0 0 4937 0 0 0 0 180 62 53 53
5137 0 30 0 0 4937 0 10 0 0 0 62 52 52
5137 0 30 0 0 4937 0 10 0 0 30 62 53 53
5137 0 30 0 0 4937 0 10 0 0 60 63 53 53
5137 0 30 0 0 4937 0 10 0 0 90 63 54 54
5137 0 30 0 0 4937 0 10 0 0 120 63 54 54
5137 0 30 0 0 4937 0 10 0 0 150 63 53 53
5137 0 30 0 0 4937 0 10 0 0 180 62 53 53
5137 0 30 0 0 4937 0 20 0 0 0 62 50 50
5137 0 30 0 0 4937 0 20 0 0 30 62 51 51
5137 0 30 0 0 4937 0 20 0 0 60 62 52 52
5137 0 30 0 0 4937 0 20 0 0 90 63 52 52
5137 0 30 0 0 4937 0 20 0 0 120 63 52 52
5137 0 30 0 0 4937 0 20 0 0 150 62 52 52
5137 0 30 0 0 4937 0 20 0 0 180 62 52 52
5137 0 30 0 0 4937 0 30 0 0 0 61 48 48
5137 0 30 0 0 4937 0 30 0 0 30 62 48 48
5137 0 30 0 0 4937 0 30 0 0 60 62 49 49
5137 0 30 0 0 4937 0 30 0 0 90 62 49 49
5137 0 30 0 0 4937 0 30 0 0 120 62 49 49
5137 0 30 0 0 4937 0 30 0 0 150 62 49 49
5137 0 30 0 0 4937 0 30 0 0 180 62 49 49
5137 0 30 0 0 4937 0 40 0 0 0 61 47 47
5137 0 30 0 0 4937 0 40 0 0 30 61 48 48
5137 0 30 0 0 4937 0 40 0 0 60 62 49 49
5137 0 30 0 0 4937 0 40 0 0 90 62 49 49
5137 0 30 0 0 4937 0 40 0 0 120 62 49 49
5137 0 30 0 0 4937 0 40 0 0 150 62 49 49
5137 0 30 0 0 4937 0 40 0 0 180 61 49 49
5137 0 30 0 0 4937 0 50 0 0 0 60 48 48
5137 0 30 0 0 4937 0 50 0 0 30 61 49 49
5137 0 30 0 0 4937 0 50 0 0 60 61 50 50
5137 0 30 0 0 4937 0 50 0 0 90 61 50 50
5137 0 30 0 0 4937 0 50 0 0 120 61 50 50
5137 0 30 0 0 4937 0 50 0 0 150 61 50 50
5137 0 30 0 0 4937 0 50 0 0 180 60 49 49
5137 0 30 0 0 4937 0 60 0 0 0 59 49 49
5137 0 30 0 0 4937 0 60 0 0 30 59 50 50
5137 0 30 0 0 4937 0 60 0 0 60 60 51 51
5137 0 30 0 0 4937 0 60 0 0 90 60 51 51
5137 0 30 0 0 4937 0 60 0 0 120 60 52 52
5137 0 30 0 0 4937 0 60 0 0 150 60 52 52
5137 0 30 0 0 4937 0 60 0 0 180 59 51 51
5137 0 30 0 0 4937 0 0 0 0 0 62 52 52
5137 0 30 0 0 4937 0 0 0 0 30 62 53 53
5137 0 30 0 0 4937 0 0 0 0 60 62 53 53
5137 0 30 0 0 4937 0 0 0 0 90 63 54 54
5137 0 30 0 0 4937 0 0 0 0 120 63 54 54
5137 0 30 0 0 4937 0 0 0 0 150 62 54 54
5137 0 30 0 0 4937 0 0 0 0 180 62 53 53
5137 0 30 0 0 4937 0 10 0 0 0 62 51 51
5137 0 30 0 0 4937 0 10 0 0 30 62 52 52
5137 0 30 0 0 4937 0 10 0 0 60 62 53 53
5137 0 30 0 0 4937 0 10 0 0 90 63 53 53
5137 0 30 0 0 4937 0 10 0 0 120 63 53 53
5137 0 30 0 0 4937 0 10 0 0 150 62 53 53
5137 0 30 0 0 4937 0 10 0 0 180 62 52 52
5137 0 30 0 0 4937 0 20 0 0 0 61 50 50
5137 0 30 0 0 4937 0 20 0 0 30 62 51 51
5137 0 30 0 0 4937 0 20 0 0 60 62 52 52
5137 0 30 0 0 4937 0 20 0 0 90 62 52 52
5137 0 30 0 0 4937 0 20 0 0 120 62 52 52
5137 0 30 0 0 4937 0 20 0 0 150 62 52 52
5137 0 30 0 0 4937 0 20 0 0 180 62 51 51
5137 0 30 0 0 4937 0 30 0 0 0 61 47 47
5137 0 30 0 0 4937 0 30 0 0 30 62 48 48
5137 0 30 0 0 4937 0 30 0 0 60 62 49 49
5137 0 30 0 0 4937 0 30 0 0 90 62 49 49
5137 0 30 0 0 4937 0 30 0 0 120 62 49 49
5137 0 30 0 0 4937 0 30 0 0 150 62 49 49
5137 0 30 0 0 4937 0 30 0 0 180 61 48 48
5137 0 30 0 0 4937 0 40 0 0 0 61 47 47
5137 0 30 0 0 4937 0 40 0 0 30 61 48 48
5137 0 30 0 0 4937 0 40 0 0 60 61 48 48
5137 0 30 0 0 4937 0 40 0 0 90 62 49 49
5137 0 30 0 0 4937 0 40 0 0 120 62 49 49
5137 0 30 0 0 4937 0 40 0 0 150 61 49 49
5137 0 30 0 0 4937 0 40 0 0 180 61 48 48
5137 0 30 0 0 4937 0 50 0 0 0 60 47 47
5137 0 30 0 0 4937 0 50 0 0 30 60 48 48
5137 0 30 0 0 4937 0 50 0 0 60 61 49 49
5137 0 30 0 0 4937 0 50 0 0 90 61 49 49
5137 0 30 0 0 4937 0 50 0 0 120 61 50 50
5137 0 30 0 0 4937 0 50 0 0 150 61 50 50
5137 0 30 0 0 4937 0 50 0 0 180 60 49 49
5137 0 30 0 0 4937 0 60 0 0 0 59 49 49
5137 0 30 0 0 4937 0 60 0 0 30 59 49 49
5137 0 30 0 0 4937 0 60 0 0 60 59 50 50
5137 0 30 0 0 4937 0 60 0 0 90 60 50 50
5137 0 30 0 0 4937 0 60 0 0 120 60 51 51
5137 0 30 0 0 4937 0 60 0 0 150 59 51 51
5137 0 30 0 0 4937 0 60 0 0 180 59 51 51
5137 0 30 0 0 4937 0 0 0 0 0 62 52 52
5137 0 30 0 0 4937 0 0 0 0 30 62 52 52
5137 0 30 0 0 4937 0 0 0 0 60 62 53 53
5137 0 30 0 0 4937 0 0 0 0 90 62 53 53
5137 0 30 0 0 4937 0 0 0 0 120 62 54 54
5137 0 30 0 0 4937 0 0 0 0 150 62 53 53
5137 0 30 0 0 4937 0 0 0 0 180 62 52 52
5137 0 30 0 0 4937 0 10 0 0 0 61 51 51
5137 0 30 0 0 4937 0 10 0 0 30 62 52 52
5137 0 30 0 0 4937 0 10 0 0 60 62 52 52
5137 0 30 0 0 4937 0 10 0 0 90 62 53 53
5137 0 30 0 0 4937 0 10 0 0 120 62 53 53
5137 0 30 0 0 4937 0 10 0 0 150 62 53 53
5137 0 30 0 0 4937 0 10 0 0 180 62 52 52
5137 0 30 0 0 4937 0 20 0 0 0 61 50 50
5137 0 30 0 0 4937 0 20 0 0 30 62 50 50
5137 0 30 0 0 4937 0 20 0 0 60 62 51 51
5137 0 30 0 0 4937 0 20 0 0 90 62 51 51
5137 0 30 0 0 4937 0 20 0 0 120 62 52 52
5137 0 30 0 0 4937 0 20 0 0 150 62 51 51
5137 0 30 0 0 4937 0 20 0 0 180 61 51 51
5137 0 30 0 0 4937 0 30 0 0 0 61 47 47
5137 0 30 0 0 4937 0 30 0 0 30 61 47 47
5137 0 30 0 0 4937 0 30 0 0 60 62 48 48
5137 0 30 0 0 4937 0 30 0 0 90 62 49 49
5137 0 30 0 0 4937 0 30 0 0 120 62 49 49
5137 0 30 0 0 4937 0 30 0 0 150 62 49 49
5137 0 30 0 0 4937 0 30 0 0 180 61 48 48
5137 0 30 0 0 4937 0 40 0 0 0 61 47 47
5137 0 30 0 0 4937 0 40 0 0 30 61 47 47
5137 0 30 0 0 4937 0 40 0 0 60 61 48 48
5137 0 30 0 0 4937 0 40 0 0 90 61 48 48
5137 0 30 0 0 4937 0 40 0 0 120 61 49 49
5137 0 30 0 0 4937 0 40 0 0 150 61 49 49
5137 0 30 0 0 4937 0 40 0 0 180 61 48 48
5137 0 30 0 0 4937 0 50 0 0 0 60 47 47
5137 0 30 0 0 4937 0 50 0 0 30 60 47 47
5137 0 30 0 0 4937 0 50 0 0 60 61 48 48
5137 0 30 0 0 4937 0 50 0 0 90 61 49 49
5137 0 30 0 0 4937 0 50 0 0 120 61 49 49
5137 0 30 0 0 4937 0 50 0 0 150 60 50 50
5137 0 30 0 0 4937 0 50 0 0 180 60 49 49
5137 0 30 0 0 4937 0 60 0 0 0 58 48 48
5137 0 30 0 0 4937 0 60 0 0 30 59 49 49
5137 0 30 0 0 4937 0 60 0 0 60 59 49 49
5137 0 30 0 0 4937 0 60 0 0 90 59 50 50
5137 0 30 0 0 4937 0 60 0 0 120 59 50 50
5137 0 30 0 0 4937 0 60 0 0 150 59 51 51
5137 0 30 0 0 4937 0 60 0 0 180 59 50 50
5137 0 30 0 0 4937 0 0 0 0 0 61 51 51
5137 0 30 0 0 4937 0 0 0 0 30 62 52 52
5137 0 30 0 0 4937 0 0 0 0 60 62 52 52
5137 0 30 0 0 4937 0 0 0 0 90 62 53 53
5137 0 30 0 0 4937 0 0 0 0 120 62 53 53
5137 0 30 0 0 4937 0 0 0 0 150 62 53 53
5137 0 30 0 0 4937 0 0 0 0 180 61 52 52
5137 0 30 0 0 4937 0 10 0 0 0 61 51 51
5137 0 30 0 0 4937 0 10 0 0 30 62 51 51
5137 0 30 0 0 4937 0 10 0 0 60 62 52 52
5137 0 30 0 0 4937 0 10 0 0 90 62 52 52
5137 0 30 0 0 4937 0 10 0 0 120 62 53 53
5137 0 30 0 0 4937 0 10 0 0 150 62 52 52
5137 0 30 0 0 4937 0 10 0 0 180 61 51 51
5137 0 30 0 0 4937 0 20 0 0 0 61 49 49
5137 0 30 0 0 4937 0 20 0 0 30 62 50 50
5137 0 30 0 0 4937 0 20 0 0 60 62 50 50
5137 0 30 0 0 4937 0 20 0 0 90 62 51 51
5137 0 30 0 0 4937 0 20 0 0 120 62 51 51
5137 0 30 0 0 4937 0 20 0 0 150 62 51 51
5137 0 30 0 0 4937 0 20 0 0 180 61 50 50
5137 0 30 0 0 4937 0 30 0 0 0 61 47 47
5137 0 30 0 0 4937 0 30 0 0 30 61 47 47
5137 0 30 0 0 4937 0 30 0 0 60 61 48 48
5137 0 30 0 0 4937 0 30 0 0 90 62 49 49
5137 0 30 0 0 4937 0 30 0 0 120 62 49 49
5137 0 30 0 0 4937 0 30 0 0 150 61 49 49
5137 0 30 0 0 4937 0 30 0 0 180 61 48 48
5137 0 30 0 0 4937 0 40 0 0 0 60 46 46
5137 0 30 0 0 4937 0 40 0 0 30 61 47 47
5137 0 30 0 0 4937 0 40 0 0 60 61 47 47
5137 0 30 0 0 4937 0 40 0 0 90 61 48 48
5137 0 30 0 0 4937 0 40 0 0 120 61 49 49
5137 0 30 0 0 4937 0 40 0 0 150 61 49 49
5137 0 30 0 0 4937 0 40 0 0 180 60 48 48
5137 0 30 0 0 4937 0 50 0 0 0 60 47 47
5137 0 30 0 0 4937 0 50 0 0 30 60 47 47
5137 0 30 0 0 4937 0 50 0 0 60 60 47 47
5137 0 30 0 0 4937 0 50 0 0 90 61 48 48
5137 0 30 0 0 4937 0 50 0 0 120 61 49 49
5137 0 30 0 0 4937 0 50 0 0 150 60 49 49
5137 0 30 0 0 4937 0 50 0 0 180 60 49 49
5137 0 30 0 0 4937 0 60 0 0 0 58 48 48
5137 0 30 0 0 4937 0 60 0 0 30 59 48 48
5137 0 30 0 0 4937 0 60 0 0 60 59 49 49
5137 0 30 0 0 4937 0 60 0 0 90 59 49 49
5137 0 30 0 0 4937 0 60 0 0 120 59 50 50
5137 0 30 0 0 4937 0 60 0 0 150 59 50 50
5137 0 30 0 0 4937 0 60 0 0 180 59 50 50
5137 0 30 0 0 4937 0 0 0 0 0 61 51 51
5137 0 30 0 0 4937 0 0 0 0 30 62 51 51
5137 0 30 0 0 4937 0 0 0 0 60 62 52 52
5137 0 30 0 0 4937 0 0 0 0 90 62 52 52
5137 0 30 0 0 4937 0 0 0 0 120 62 53 53
5137 0 30 0 0 4937 0 0 0 0 150 62 53 53
5137 0 30 0 0 4937 0 0 0 0 180 61 51 51
5137 0 30 0 0 4937 0 10 0 0 0 61 50 50
5137 0 30 0 0 4937 0 10 0 0 30 62 51 51
5137 0 30 0 0 4937 0 10 0 0 60 62 51 51
5137 0 30 0 0 4937 0 10 0 0 90 62 52 52
5137 0 30 0 0 4937 0 10 0 0 120 62 52 52
5137 0 30 0 0 4937 0 10 0 0 150 62 52 52
5137 0 30 0 0 4937 0 10 0 0 180 61 51 51
5137 0 30 0 0 4937 0 20 0 0 0 61 48 48
5137 0 30 0 0 4937 0 20 0 0 30 61 48 48
5137 0 30 0 0 4937 0 20 0 0 60 62 49 49
5137 0 30 0 0 4937 0 20 0 0 90 62 50 50
5137 0 30 0 0 4937 0 20 0 0 120 62 50 50
5137 0 30 0 0 4937 0 20 0 0 150 62 50 50
5137 0 30 0 0 4937 0 20 0 0 180 61 49 49
5137 0 30 0 0 4937 0 30 0 0 0 61 47 47
5137 0 30 0 0 4937 0 30 0 0 30 61 47 47
5137 0 30 0 0 4937 0 30 0 0 60 61 48 48
5137 0 30 0 0 4937 0 30 0 0 90 62 48 48
5137 0 30 0 0 4937 0 30 0 0 120 62 49 49
5137 0 30 0 0 4937 0 30 0 0 150 61 49 49
5137 0 30 0 0 4937 0 30 0 0 180 60 48 48
5137 0 30 0 0 4937 0 40 0 0 0 60 46 46
5137 0 30 0 0 4937 0 40 0 0 30 61 47 47
5137 0 30 0 0 4937 0 40 0 0 60 61 47 47
5137 0 30 0 0 4937 0 40 0 0 90 61 48 48
5137 0 30 0 0 4937 0 40 0 0 120 61 49 49
5137 0 30 0 0 4937 0 40 0 0 150 61 49 49
5137 0 30 0 0 4937 0 40 0 0 180 60 48 48
5137 0 30 0 0 4937 0 50 0 0 0 59 47 47
5137 0 30 0 0 4937 0 50 0 0 30 60 47 47
5137 0 30 0 0 4937 0 50 0 0 60 60 47 47
5137 0 30 0 0 4937 0 50 0 0 90 60 48 48
5137 0 30 0 0 4937 0 50 0 0 120 60 49 49
5137 0 30 0 0 4937 0 50 0 0 150 60 49 49
5137 0 30 0 0 4937 0 50 0 0 180 59 48 48
5137 0 30 0 0 4937 0 60 0 0 0 58 47 47
5137 0 30 0 0 4937 0 60 0 0 30 58 48 48
5137 0 30 0 0 4937 0 60 0 0 60 58 48 48
5137 0 30 0 0 4937 0 60 0 0 90 59 48 48
5137 0 30 0 0 4937 0 60 0 0 120 59 49 49
5137 0 30 0 0 4937 0 60 0 0 150 59 50 50
5137 0 30 0 0 4937 0 60 0 0 180 58 49 49
5137 0 30 0 0 4937 0 0 0 0 0 61 50 50
5137 0 30 0 0 4937 0 0 0 0 30 62 51 51
5137 0 30 0 0 4937 0 0 0 0 60 62 51 51
5137 0 30 0 0 4937 0 0 0 0 90 62 52 52
5137 0 30 0 0 4937 0 0 0 0 120 62 52 52
5137 0 30 0 0 4937 0 0 0 0 150 62 52 52
5137 0 30 0 0 4937 0 0 0 0 180 61 50 50
5137 0 30 0 0 4937 0 10 0 0 0 61 49 49
5137 0 30 0 0 4937 0 10 0 0 30 61 50 50
5137 0 30 0 0 4937 0 10 0 0 60 62 50 50
5137 0 30 0 0 4937 0 10 0 0 90 62 51 51
5137 0 30 0 0 4937 0 10 0 0 120 62 51 51
5137 0 30 0 0 4937 0 10 0 0 150 62 51 51
5137 0 30 0 0 4937 0 10 0 0 180 61 49 49
5137 0 30 0 0 4937 0 20 0 0 0 61 48 48
5137 0 30 0 0 4937 0 20 0 0 30 61 48 48
5137 0 30 0 0 4937 0 20 0 0 60 61 48 48
5137 0 30 0 0 4937 0 20 0 0 90 62 49 49
5137 0 30 0 0 4937 0 20 0 0 120 62 50 50
5137 0 30 0 0 4937 0 20 0 0 150 62 50 50
5137 0 30 0 0 4937 0 20 0 0 180 60 48 48
5137 0 30 0 0 4937 0 30 0 0 0 61 47 47
5137 0 30 0 0 4937 0 30 0 0 30 61 47 47
5137 0 30 0 0 4937 0 30 0 0 60 61 48 48
5137 0 30 0 0 4937 0 30 0 0 90 61 48 48
5137 0 30 0 0 4937 0 30 0 0 120 62 49 49
5137 0 30 0 0 4937 0 30 0 0 150 61 49 49
5137 0 30 0 0 4937 0 30 0 0 180 60 48 48
5137 0 30 0 0 4937 0 40 0 0 0 60 46 46
5137 0 30 0 0 4937 0 40 0 0 30 60 47 47
5137 0 30 0 0 4937 0 40 0 0 60 61 47 47
5137 0 30 0 0 4937 0 40 0 0 90 61 48 48
5137 0 30 0 0 4937 0 40 0 0 120 61 49 49
5137 0 30 0 0 4937 0 40 0 0 150 61 49 49
5137 0 30 0 0 4937 0 40 0 0 180 60 48 48
5137 0 30 0 0 4937 0 50 0 0 0 59 47 47
5137 0 30 0 0 4937 0 50 0 0 30 59 47 47
5137 0 30 0 0 4937 0 50 0 0 60 60 47 47
5137 0 30 0 0 4937 0 50 0 0 90 60 48 48
5137 0 30 0 0 4937 0 50 0 0 120 60 48 48
5137 0 30 0 0 4937 0 50 0 0 150 60 49 49
5137 0 30 0 0 4937 0 50 0 0 180 59 48 48
5137 0 30 0 0 4937 0 60 0 0 0 57 47 47
5137 0 30 0 0 4937 0 60 0 0 30 58 47 47
5137 0 30 0 0 4937 0 60 0 0 60 58 48 48
5137 0 30 0 0 4937 0 60 0 0 90 58 48 48
5137 0 30 0 0 4937 0 60 0 0 120 58 49 49
5137 0 30 0 0 4937 0 60 0 0 150 58 49 49
5137 0 30 0 0 4937 0 60 0 0 180 58 49 49
5137 0 30 0 0 5137 0 0 0 0 0 41 40 40
5137 0 30 0 0 5137 0 0 0 0 30 49 44 44
5137 0 30 0 0 5137 0 0 0 0 60 57 50 50
5137 0 30 0 0 5137 0 0 0 0 90 65 57 57
5137 0 30 0 0 5137 0 0 0 0 120 74 62 62
5137 0 30 0 0 5137 0 0 0 0 150 77 63 63
5137 0 30 0 0 5137 0 0 0 0 180 77 63 63
5137 0 30 0 0 5137 0 10 0 0 0 41 38 38
5137 0 30 0 0 5137 0 10 0 0 30 49 43 43
5137 0 30 0 0 5137 0 10 0 0 60 57 50 50
5137 0 30 0 0 5137 0 10 0 0 90 65 56 56
5137 0 30 0 0 5137 0 10 0 0 120 73 62 62
5137 0 30 0 0 5137 0 10 0 0 150 77 63 63
5137 0 30 0 0 5137 0 10 0 0 180 77 63 63
5137 0 30 0 0 5137 0 20 0 0 0 41 36 36
5137 0 30 0 0 5137 0 20 0 0 30 48 41 41
5137 0 30 0 0 5137 0 20 0 0 60 57 48 48
5137 0 30 0 0 5137 0 20 0 0 90 65 55 55
5137 0 30 0 0 5137 0 20 0 0 120 73 60 60
5137 0 30 0 0 5137 0 20 0 0 150 77 62 62
5137 0 30 0 0 5137 0 20 0 0 180 77 62 62
5137 0 30 0 0 5137 0 30 0 0 0 41 33 33
5137 0 30 0 0 5137 0 30 0 0 30 48 38 38
5137 0 30 0 0 5137 0 30 0 0 60 56 45 45
5137 0 30 0 0 5137 0 30 0 0 90 65 51 51
5137 0 30 0 0 5137 0 30 0 0 120 73 57 57
5137 0 30 0 0 5137 0 30 0 0 150 76 59 59
5137 0 30 0 0 5137 0 30 0 0 180 76 59 59
5137 0 30 0 0 5137 0 40 0 0 0 40 32 32
5137 0 30 0 0 5137 0 40 0 0 30 48 38 38
5137 0 30 0 0 5137 0 40 0 0 60 56 44 44
5137 0 30 0 0 5137 0 40 0 0 90 64 50 50
5137 0 30 0 0 5137 0 40 0 0 120 72 56 56
5137 0 30 0 0 5137 0 40 0 0 150 75 58 58
5137 0 30 0 0 5137 0 40 0 0 180 75 59 59
5137 0 30 0 0 5137 0 50 0 0 0 40 34 34
5137 0 30 0 0 5137 0 50 0 0 30 47 38 38
5137 0 30 0 0 5137 0 50 0 0 60 55 44 44
5137 0 30 0 0 5137 0 50 0 0 90 63 51 51
5137 0 30 0 0 5137 0 50 0 0 120 71 56 56
5137 0 30 0 0 5137 0 50 0 0 150 74 59 59
5137 0 30 0 0 5137 0 50 0 0 180 74 59 59
5137 0 30 0 0 5137 0 60 0 0 0 40 36 36
5137 0 30 0 0 5137 0 60 0 0 30 46 39 39
5137 0 30 0 0 5137 0 60 0 0 60 54 45 45
5137 0 30 0 0 5137 0 60 0 0 90 62 51 51
5137 0 30 0 0 5137 0 60 0 0 120 69 57 57
5137 0 30 0 0 5137 0 60 0 0 150 72 61 61
5137 0 30 0 0 5137 0 60 0 0 180 72 61 61
5137 0 30 0 0 5137 0 0 0 0 0 40 39 39
5137 0 30 0 0 5137 0 0 0 0 30 47 42 42
5137 0 30 0 0 5137 0 0 0 0 60 54 48 48
5137 0 30 0 0 5137 0 0 0 0 90 62 54 54
5137 0 30 0 0 5137 0 0 0 0 120 71 60 60
5137 0 30 0 0 5137 0 0 0 0 150 76 63 63
5137 0 30 0 0 5137 0 0 0 0 180 77 63 63
5137 0 30 0 0 5137 0 10 0 0 0 40 37 37
5137 0 30 0 0 5137 0 10 0 0 30 47 41 41
5137 0 30 0 0 5137 0 10 0 0 60 54 47 47
5137 0 30 0 0 5137 0 10 0 0 90 62 53 53
5137 0 30 0 0 5137 0 10 0 0 120 71 60 60
5137 0 30 0 0 5137 0 10 0 0 150 76 63 63
5137 0 30 0 0 5137 0 10 0 0 180 77 63 63
5137 0 30 0 0 5137 0 20 0 0 0 40 34 34
5137 0 30 0 0 5137 0 20 0 0 30 47 39 39
5137 0 30 0 0 5137 0 20 0 0 60 54 46 46
5137 0 30 0 0 5137 0 20 0 0 90 62 52 52
5137 0 30 0 0 5137 0 20 0 0 120 71 58 58
5137 0 30 0 0 5137 0 20 0 0 150 76 62 62
5137 0 30 0 0 5137 0 20 0 0 180 77 62 62
5137 0 30 0 0 5137 0 30 0 0 0 40 31 31
5137 0 30 0 0 5137 0 30 0 0 30 47 36 36
5137 0 30 0 0 5137 0 30 0 0 60 54 42 42
5137 0 30 0 0 5137 0 30 0 0 90 62 48 48
5137 0 30 0 0 5137 0 30 0 0 120 70 54 54
5137 0 30 0 0 5137 0 30 0 0 150 75 58 58
5137 0 30 0 0 5137 0 30 0 0 180 76 59 59
5137 0 30 0 0 5137 0 40 0 0 0 39 31 31
5137 0 30 0 0 5137 0 40 0 0 30 46 36 36
5137 0 30 0 0 5137 0 40 0 0 60 53 41 41
5137 0 30 0 0 5137 0 40 0 0 90 61 47 47
5137 0 30 0 0 5137 0 40 0 0 120 70 53 53
5137 0 30 0 0 5137 0 40 0 0 150 75 58 58
5137 0 30 0 0 5137 0 40 0 0 180 75 58 58
5137 0 30 0 0 5137 0 50 0 0 0 39 33 33
5137 0 30 0 0 5137 0 50 0 0 30 45 36 36
5137 0 30 0 0 5137 0 50 0 0 60 52 41 41
5137 0 30 0 0 5137 0 50 0 0 90 60 47 47
5137 0 30 0 0 5137 0 50 0 0 120 69 53 53
5137 0 30 0 0 5137 0 50 0 0 150 73 58 58
5137 0 30 0 0 5137 0 50 0 0 180 74 59 59
5137 0 30 0 0 5137 0 60 0 0 0 40 35 35
5137 0 30 0 0 5137 0 60 0 0 30 44 38 38
5137 0 30 0 0 5137 0 60 0 0 60 51 42 42
5137 0 30 0 0 5137 0 60 0 0 90 59 48 48
5137 0 30 0 0 5137 0 60 0 0 120 67 54 54
5137 0 30 0 0 5137 0 60 0 0 150 71 59 59
5137 0 30 0 0 5137 0 60 0 0 180 72 61 61
5137 0 30 0 0 5137 0 0 0 0 0 41 39 39
5137 0 30 0 0 5137 0 0 0 0 30 46 41 41
5137 0 30 0 0 5137 0 0 0 0 60 52 45 45
5137 0 30 0 0 5137 0 0 0 0 90 59 51 51
5137 0 30 0 0 5137 0 0 0 0 120 68 58 58
5137 0 30 0 0 5137 0 0 0 0 150 74 63 63
5137 0 30 0 0 5137 0 0 0 0 180 77 62 62
5137 0 30 0 0 5137 0 10 0 0 0 41 37 37
5137 0 30 0 0 5137 0 10 0 0 30 46 40 40
5137 0 30 0 0 5137 0 10 0 0 60 52 45 45
5137 0 30 0 0 5137 0 10 0 0 90 59 51 51
5137 0 30 0 0 5137 0 10 0 0 120 68 57 57
5137 0 30 0 0 5137 0 10 0 0 150 74 62 62
5137 0 30 0 0 5137 0 10 0 0 180 77 63 63
5137 0 30 0 0 5137 0 20 0 0 0 41 34 34
5137 0 30 0 0 5137 0 20 0 0 30 46 38 38
5137 0 30 0 0 5137 0 20 0 0 60 52 43 43
5137 0 30 0 0 5137 0 20 0 0 90 59 49 49
5137 0 30 0 0 5137 0 20 0 0 120 67 55 55
5137 0 30 0 0 5137 0 20 0 0 150 74 61 61
5137 0 30 0 0 5137 0 20 0 0 180 77 61 61
5137 0 30 0 0 5137 0 30 0 0 0 41 31 31
5137 0 30 0 0 5137 0 30 0 0 30 45 35 35
5137 0 30 0 0 5137 0 30 0 0 60 51 40 40
5137 0 30 0 0 5137 0 30 0 0 90 58 45 45
5137 0 30 0 0 5137 0 30 0 0 120 67 52 52
5137 0 30 0 0 5137 0 30 0 0 150 74 57 57
5137 0 30 0 0 5137 0 30 0 0 180 76 58 58
5137 0 30 0 0 5137 0 40 0 0 0 40 31 31
5137 0 30 0 0 5137 0 40 0 0 30 45 34 34
5137 0 30 0 0 5137 0 40 0 0 60 51 39 39
5137 0 30 0 0 5137 0 40 0 0 90 58 44 44
5137 0 30 0 0 5137 0 40 0 0 120 67 51 51
5137 0 30 0 0 5137 0 40 0 0 150 73 56 56
5137 0 30 0 0 5137 0 40 0 0 180 76 58 58
5137 0 30 0 0 5137 0 50 0 0 0 40 33 33
5137 0 30 0 0 5137 0 50 0 0 30 44 35 35
5137 0 30 0 0 5137 0 50 0 0 60 50 39 39
5137 0 30 0 0 5137 0 50 0 0 90 57 44 44
5137 0 30 0 0 5137 0 50 0 0 120 66 50 50
5137 0 30 0 0 5137 0 50 0 0 150 72 56 56
5137 0 30 0 0 5137 0 50 0 0 180 74 59 59
5137 0 30 0 0 5137 0 60 0 0 0 41 35 35
5137 0 30 0 0 5137 0 60 0 0 30 44 37 37
5137 0 30 0 0 5137 0 60 0 0 60 49 40 40
5137 0 30 0 0 5137 0 60 0 0 90 56 45 45
5137 0 30 0 0 5137 0 60 0 0 120 65 51 51
5137 0 30 0 0 5137 0 60 0 0 150 70 57 57
5137 0 30 0 0 5137 0 60 0 0 180 72 61 61
5137 0 30 0 0 5137 0 0 0 0 0 43 39 39
5137 0 30 0 0 5137 0 0 0 0 30 45 41 41
5137 0 30 0 0 5137 0 0 0 0 60 50 44 44
5137 0 30 0 0 5137 0 0 0 0 90 56 48 48
5137 0 30 0 0 5137 0 0 0 0 120 65 55 55
5137 0 30 0 0 5137 0 0 0 0 150 72 62 62
5137 0 30 0 0 5137 0 0 0 0 180 77 61 61
5137 0 30 0 0 5137 0 10 0 0 0 43 38 38
5137 0 30 0 0 5137 0 10 0 0 30 45 39 39
5137 0 30 0 0 5137 0 10 0 0 60 50 42 42
5137 0 30 0 0 5137 0 10 0 0 90 56 48 48
5137 0 30 0 0 5137 0 10 0 0 120 64 54 54
5137 0 30 0 0 5137 0 10 0 0 150 72 61 61
5137 0 30 0 0 5137 0 10 0 0 180 76 62 62
5137 0 30 0 0 5137 0 20 0 0 0 43 35 35
5137 0 30 0 0 5137 0 20 0 0 30 45 37 37
5137 0 30 0 0 5137 0 20 0 0 60 49 41 41
5137 0 30 0 0 5137 0 20 0 0 90 56 46 46
5137 0 30 0 0 5137 0 20 0 0 120 64 52 52
5137 0 30 0 0 5137 0 20 0 0 150 72 59 59
5137 0 30 0 0 5137 0 20 0 0 180 76 61 61
5137 0 30 0 0 5137 0 30 0 0 0 43 33 33
5137 0 30 0 0 5137 0 30 0 0 30 44 34 34
5137 0 30 0 0 5137 0 30 0 0 60 49 37 37
5137 0 30 0 0 5137 0 30 0 0 90 55 43 43
5137 0 30 0 0 5137 0 30 0 0 120 64 49 49
5137 0 30 0 0 5137 0 30 0 0 150 72 55 55
5137 0 30 0 0 5137 0 30 0 0 180 76 58 58
5137 0 30 0 0 5137 0 40 0 0 0 43 33 33
5137 0 30 0 0 5137 0 40 0 0 30 44 33 33
5137 0 30 0 0 5137 0 40 0 0 60 49 37 37
5137 0 30 0 0 5137 0 40 0 0 90 55 42 42
5137 0 30 0 0 5137 0 40 0 0 120 63 48 48
5137 0 30 0 0 5137 0 40 0 0 150 71 55 55
5137 0 30 0 0 5137 0 40 0 0 180 75 58 58
5137 0 30 0 0 5137 0 50 0 0 0 42 33 33
5137 0 30 0 0 5137 0 50 0 0 30 44 34 34
5137 0 30 0 0 5137 0 50 0 0 60 48 37 37
5137 0 30 0 0 5137 0 50 0 0 90 54 41 41
5137 0 30 0 0 5137 0 50 0 0 120 63 47 47
5137 0 30 0 0 5137 0 50 0 0 150 70 54 54
5137 0 30 0 0 5137 0 50 0 0 180 74 59 59
5137 0 30 0 0 5137 0 60 0 0 0 42 35 35
5137 0 30 0 0 5137 0 60 0 0 30 44 36 36
5137 0 30 0 0 5137 0 60 0 0 60 47 38 38
5137 0 30 0 0 5137 0 60 0 0 90 53 42 42
5137 0 30 0 0 5137 0 60 0 0 120 61 48 48
5137 0 30 0 0 5137 0 60 0 0 150 68 55 55
5137 0 30 0 0 5137 0 60 0 0 180 72 60 60
5137 0 30 0 0 5137 0 0 0 0 0 45 40 40
5137 0 30 0 0 5137 0 0 0 0 30 46 41 41
5137 0 30 0 0 5137 0 0 0 0 60 48 43 43
5137 0 30 0 0 5137 0 0 0 0 90 53 46 46
5137 0 30 0 0 5137 0 0 0 0 120 61 52 52
5137 0 30 0 0 5137 0 0 0 0 150 70 60 60
5137 0 30 0 0 5137 0 0 0 0 180 75 60 60
5137 0 30 0 0 5137 0 10 0 0 0 45 38 38
5137 0 30 0 0 5137 0 10 0 0 30 46 39 39
5137 0 30 0 0 5137 0 10 0 0 60 48 41 41
5137 0 30 0 0 5137 0 10 0 0 90 53 45 45
5137 0 30 0 0 5137 0 10 0 0 120 61 51 51
5137 0 30 0 0 5137 0 10 0 0 150 70 58 58
5137 0 30 0 0 5137 0 10 0 0 180 75 61 61
5137 0 30 0 0 5137 0 20 0 0 0 45 36 36
5137 0 30 0 0 5137 0 20 0 0 30 46 37 37
5137 0 30 0 0 5137 0 20 0 0 60 48 39 39
5137 0 30 0 0 5137 0 20 0 0 90 53 42 42
5137 0 30 0 0 5137 0 20 0 0 120 61 48 48
5137 0 30 0 0 5137 0 20 0 0 150 70 56 56
5137 0 30 0 0 5137 0 20 0 0 180 75 60 60
5137 0 30 0 0 5137 0 30 0 0 0 45 35 35
5137 0 30 0 0 5137 0 30 0 0 30 46 35 35
5137 0 30 0 0 5137 0 30 0 0 60 47 36 36
5137 0 30 0 0 5137 0 30 0 0 90 52 40 40
5137 0 30 0 0 5137 0 30 0 0 120 60 46 46
5137 0 30 0 0 5137 0 30 0 0 150 69 54 54
5137 0 30 0 0 5137 0 30 0 0 180 74 59 59
5137 0 30 0 0 5137 0 40 0 0 0 45 34 34
5137 0 30 0 0 5137 0 40 0 0 30 46 34 34
5137 0 30 0 0 5137 0 40 0 0 60 47 35 35
5137 0 30 0 0 5137 0 40 0 0 90 52 39 39
5137 0 30 0 0 5137 0 40 0 0 120 60 45 45
5137 0 30 0 0 5137 0 40 0 0 150 68 53 53
5137 0 30 0 0 5137 0 40 0 0 180 74 59 59
5137 0 30 0 0 5137 0 50 0 0 0 45 35 35
5137 0 30 0 0 5137 0 50 0 0 30 45 35 35
5137 0 30 0 0 5137 0 50 0 0 60 47 36 36
5137 0 30 0 0 5137 0 50 0 0 90 51 39 39
5137 0 30 0 0 5137 0 50 0 0 120 59 44 44
5137 0 30 0 0 5137 0 50 0 0 150 67 52 52
5137 0 30 0 0 5137 0 50 0 0 180 72 59 59
5137 0 30 0 0 5137 0 60 0 0 0 45 36 36
5137 0 30 0 0 5137 0 60 0 0 30 45 36 36
5137 0 30 0 0 5137 0 60 0 0 60 47 37 37
5137 0 30 0 0 5137 0 60 0 0 90 51 40 40
5137 0 30 0 0 5137 0 60 0 0 120 58 45 45
5137 0 30 0 0 5137 0 60 0 0 150 66 52 52
5137 0 30 0 0 5137 0 60 0 0 180 70 59 59
5137 0 30 0 0 5137 0 0 0 0 0 47 41 41
5137 0 30 0 0 5137 0 0 0 0 30 48 41 41
5137 0 30 0 0 5137 0 0 0 0 60 48 42 42
5137 0 30 0 0 5137 0 0 0 0 90 51 45 45
5137 0 30 0 0 5137 0 0 0 0 120 58 49 49
5137 0 30 0 0 5137 0 0 0 0 150 67 57 57
5137 0 30 0 0 5137 0 0 0 0 180 74 59 59
5137 0 30 0 0 5137 0 10 0 0 0 47 40 40
5137 0 30 0 0 5137 0 10 0 0 30 48 40 40
5137 0 30 0 0 5137 0 10 0 0 60 48 41 41
5137 0 30 0 0 5137 0 10 0 0 90 51 43 43
5137 0 30 0 0 5137 0 10 0 0 120 57 47 47
5137 0 30 0 0 5137 0 10 0 0 150 67 55 55
5137 0 30 0 0 5137 0 10 0 0 180 74 59 59
5137 0 30 0 0 5137 0 20 0 0 0 47 38 38
5137 0 30 0 0 5137 0 20 0 0 30 47 38 38
5137 0 30 0 0 5137 0 20 0 0 60 48 38 38
5137 0 30 0 0 5137 0 20 0 0 90 50 40 40
5137 0 30 0 0 5137 0 20 0 0 120 57 45 45
5137 0 30 0 0 5137 0 20 0 0 150 67 53 53
5137 0 30 0 0 5137 0 20 0 0 180 73 58 58
5137 0 30 0 0 5137 0 30 0 0 0 47 37 37
5137 0 30 0 0 5137 0 30 0 0 30 47 37 37
5137 0 30 0 0 5137 0 30 0 0 60 48 37 37
5137 0 30 0 0 5137 0 30 0 0 90 50 38 38
5137 0 30 0 0 5137 0 30 0 0 120 57 43 43
5137 0 30 0 0 5137 0 30 0 0 150 66 52 52
5137 0 30 0 0 5137 0 30 0 0 180 73 58 58
5137 0 30 0 0 5137 0 40 0 0 0 47 36 36
5137 0 30 0 0 5137 0 40 0 0 30 47 36 36
5137 0 30 0 0 5137 0 40 0 0 60 48 37 37
5137 0 30 0 0 5137 0 40 0 0 90 50 37 37
5137 0 30 0 0 5137 0 40 0 0 120 56 42 42
5137 0 30 0 0 5137 0 40 0 0 150 66 50 50
5137 0 30 0 0 5137 0 40 0 0 180 72 58 58
5137 0 30 0 0 5137 0 50 0 0 0 47 37 37
5137 0 30 0 0 5137 0 50 0 0 30 47 36 36
5137 0 30 0 0 5137 0 50 0 0 60 48 37 37
5137 0 30 0 0 5137 0 50 0 0 90 50 38 38
5137 0 30 0 0 5137 0 50 0 0 120 56 42 42
5137 0 30 0 0 5137 0 50 0 0 150 65 50 50
5137 0 30 0 0 5137 0 50 0 0 180 70 58 58
5137 0 30 0 0 5137 0 60 0 0 0 47 37 37
5137 0 30 0 0 5137 0 60 0 0 30 47 37 37
5137 0 30 0 0 5137 0 60 0 0 60 48 37 37
5137 0 30 0 0 5137 0 60 0 0 90 50 38 38
5137 0 30 0 0 5137 0 60 0 0 120 55 42 42
5137 0 30 0 0 5137 0 60 0 0 150 62 50 50
5137 0 30 0 0 5137 0 60 0 0 180 68 59 59
