4737 0 30 120 0 0 4737 0 0 0 0 0 67 64 64
4737 0 30 120 0 0 4737 0 0 0 0 90 48 48 48
4737 0 30 120 0 0 4737 0 0 0 0 180 55 52 52
4737 0 30 120 0 0 4737 0 0 0 20 0 63 60 60
4737 0 30 120 0 0 4737 0 0 0 20 90 47 47 47
4737 0 30 120 0 0 4737 0 0 0 20 180 61 56 56
4737 0 30 120 0 0 4737 0 0 0 40 0 58 56 56
4737 0 30 120 0 0 4737 0 0 0 40 90 47 47 47
4737 0 30 120 0 0 4737 0 0 0 40 180 65 59 59
4737 0 30 120 0 0 4737 0 0 0 60 0 53 52 52
4737 0 30 120 0 0 4737 0 0 0 60 90 48 49 49
4737 0 30 120 0 0 4737 0 0 0 60 180 69 63 63
4737 0 30 120 0 0 4737 0 0 60 0 0 53 52 52
4737 0 30 120 0 0 4737 0 0 60 0 90 48 49 49
4737 0 30 120 0 0 4737 0 0 60 0 180 69 63 63
4737 0 30 120 0 0 4737 0 0 60 20 0 49 49 49
4737 0 30 120 0 0 4737 0 0 60 20 90 53 51 51
4737 0 30 120 0 0 4737 0 0 60 20 180 72 65 65
4737 0 30 120 0 0 4737 0 0 60 40 0 47 47 47
4737 0 30 120 0 0 4737 0 0 60 40 90 58 54 54
4737 0 30 120 0 0 4737 0 0 60 40 180 74 68 68
4737 0 30 120 0 0 4737 0 0 60 60 0 46 47 47
4737 0 30 120 0 0 4737 0 0 60 60 90 63 58 58
4737 0 30 120 0 0 4737 0 0 60 60 180 74 69 69
4737 0 30 120 0 0 4737 0 0 120 0 0 46 47 47
4737 0 30 120 0 0 4737 0 0 120 0 90 63 58 58
4737 0 30 120 0 0 4737 0 0 120 0 180 74 69 69
4737 0 30 120 0 0 4737 0 0 120 20 0 47 48 48
4737 0 30 120 0 0 4737 0 0 120 20 90 67 61 61
4737 0 30 120 0 0 4737 0 0 120 20 180 72 69 69
4737 0 30 120 0 0 4737 0 0 120 40 0 50 50 50
4737 0 30 120 0 0 4737 0 0 120 40 90 70 64 64
4737 0 30 120 0 0 4737 0 0 120 40 180 70 67 67
4737 0 30 120 0 0 4737 0 0 120 60 0 55 52 52
4737 0 30 120 0 0 4737 0 0 120 60 90 73 67 67
4737 0 30 120 0 0 4737 0 0 120 60 180 67 64 64
4737 0 30 120 0 0 4737 0 30 0 0 0 66 57 57
4737 0 30 120 0 0 4737 0 30 0 0 90 47 42 42
4737 0 30 120 0 0 4737 0 30 0 0 180 55 46 46
4737 0 30 120 0 0 4737 0 30 0 20 0 63 54 54
4737 0 30 120 0 0 4737 0 30 0 20 90 46 41 41
4737 0 30 120 0 0 4737 0 30 0 20 180 60 49 49
4737 0 30 120 0 0 4737 0 30 0 40 0 58 52 52
4737 0 30 120 0 0 4737 0 30 0 40 90 46 42 42
4737 0 30 120 0 0 4737 0 30 0 40 180 64 52 52
4737 0 30 120 0 0 4737 0 30 0 60 0 53 50 50
4737 0 30 120 0 0 4737 0 30 0 60 90 47 44 44
4737 0 30 120 0 0 4737 0 30 0 60 180 68 55 55
4737 0 30 120 0 0 4737 0 30 60 0 0 52 46 46
4737 0 30 120 0 0 4737 0 30 60 0 90 48 41 41
4737 0 30 120 0 0 4737 0 30 60 0 180 68 58 58
4737 0 30 120 0 0 4737 0 30 60 20 0 49 44 44
4737 0 30 120 0 0 4737 0 30 60 20 90 52 43 43
4737 0 30 120 0 0 4737 0 30 60 20 180 71 60 60
4737 0 30 120 0 0 4737 0 30 60 40 0 47 43 43
4737 0 30 120 0 0 4737 0 30 60 40 90 57 47 47
4737 0 30 120 0 0 4737 0 30 60 40 180 73 62 62
4737 0 30 120 0 0 4737 0 30 60 60 0 46 44 44
4737 0 30 120 0 0 4737 0 30 60 60 90 62 50 50
4737 0 30 120 0 0 4737 0 30 60 60 180 73 64 64
4737 0 30 120 0 0 4737 0 30 120 0 0 46 40 40
4737 0 30 120 0 0 4737 0 30 120 0 90 62 52 52
4737 0 30 120 0 0 4737 0 30 120 0 180 73 64 64
4737 0 30 120 0 0 4737 0 30 120 20 0 47 40 40
4737 0 30 120 0 0 4737 0 30 120 20 90 66 55 55
4737 0 30 120 0 0 4737 0 30 120 20 180 72 63 63
4737 0 30 120 0 0 4737 0 30 120 40 0 49 43 43
4737 0 30 120 0 0 4737 0 30 120 40 90 69 57 57
4737 0 30 120 0 0 4737 0 30 120 40 180 69 62 62
4737 0 30 120 0 0 4737 0 30 120 60 0 55 45 45
4737 0 30 120 0 0 4737 0 30 120 60 90 72 60 60
4737 0 30 120 0 0 4737 0 30 120 60 180 66 60 60
4737 0 30 120 0 0 4737 0 60 0 0 0 64 58 58
4737 0 30 120 0 0 4737 0 60 0 0 90 46 45 45
4737 0 30 120 0 0 4737 0 60 0 0 180 53 48 48
4737 0 30 120 0 0 4737 0 60 0 20 0 60 57 57
4737 0 30 120 0 0 4737 0 60 0 20 90 45 45 45
4737 0 30 120 0 0 4737 0 60 0 20 180 56 50 50
4737 0 30 120 0 0 4737 0 60 0 40 0 56 55 55
4737 0 30 120 0 0 4737 0 60 0 40 90 44 45 45
4737 0 30 120 0 0 4737 0 60 0 40 180 60 53 53
4737 0 30 120 0 0 4737 0 60 0 60 0 52 54 54
4737 0 30 120 0 0 4737 0 60 0 60 90 46 47 47
4737 0 30 120 0 0 4737 0 60 0 60 180 64 56 56
4737 0 30 120 0 0 4737 0 60 60 0 0 51 48 48
4737 0 30 120 0 0 4737 0 60 60 0 90 48 44 44
4737 0 30 120 0 0 4737 0 60 60 0 180 65 59 59
4737 0 30 120 0 0 4737 0 60 60 20 0 48 47 47
4737 0 30 120 0 0 4737 0 60 60 20 90 50 45 45
4737 0 30 120 0 0 4737 0 60 60 20 180 67 62 62
4737 0 30 120 0 0 4737 0 60 60 40 0 46 47 47
4737 0 30 120 0 0 4737 0 60 60 40 90 54 47 47
4737 0 30 120 0 0 4737 0 60 60 40 180 68 64 64
4737 0 30 120 0 0 4737 0 60 60 60 0 45 47 47
4737 0 30 120 0 0 4737 0 60 60 60 90 58 51 51
4737 0 30 120 0 0 4737 0 60 60 60 180 67 66 66
4737 0 30 120 0 0 4737 0 60 120 0 0 45 44 44
4737 0 30 120 0 0 4737 0 60 120 0 90 59 54 54
4737 0 30 120 0 0 4737 0 60 120 0 180 69 67 67
4737 0 30 120 0 0 4737 0 60 120 20 0 46 44 44
4737 0 30 120 0 0 4737 0 60 120 20 90 62 56 56
4737 0 30 120 0 0 4737 0 60 120 20 180 68 66 66
4737 0 30 120 0 0 4737 0 60 120 40 0 48 45 45
4737 0 30 120 0 0 4737 0 60 120 40 90 66 58 58
4737 0 30 120 0 0 4737 0 60 120 40 180 66 65 65
4737 0 30 120 0 0 4737 0 60 120 60 0 52 47 47
4737 0 30 120 0 0 4737 0 60 120 60 90 68 61 61
4737 0 30 120 0 0 4737 0 60 120 60 180 63 63 63
4737 0 30 120 0 0 4737 0 0 0 0 0 68 64 64
4737 0 30 120 0 0 4737 0 0 0 0 90 51 50 50
4737 0 30 120 0 0 4737 0 0 0 0 180 55 53 53
4737 0 30 120 0 0 4737 0 0 0 20 0 64 59 59
4737 0 30 120 0 0 4737 0 0 0 20 90 48 47 47
4737 0 30 120 0 0 4737 0 0 0 20 180 60 55 55
4737 0 30 120 0 0 4737 0 0 0 40 0 58 55 55
4737 0 30 120 0 0 4737 0 0 0 40 90 46 46 46
4737 0 30 120 0 0 4737 0 0 0 40 180 64 58 58
4737 0 30 120 0 0 4737 0 0 0 60 0 52 51 51
4737 0 30 120 0 0 4737 0 0 0 60 90 46 46 46
4737 0 30 120 0 0 4737 0 0 0 60 180 67 61 61
4737 0 30 120 0 0 4737 0 0 60 0 0 52 51 51
4737 0 30 120 0 0 4737 0 0 60 0 90 46 46 46
4737 0 30 120 0 0 4737 0 0 60 0 180 67 61 61
4737 0 30 120 0 0 4737 0 0 60 20 0 47 46 46
4737 0 30 120 0 0 4737 0 0 60 20 90 48 48 48
4737 0 30 120 0 0 4737 0 0 60 20 180 70 64 64
4737 0 30 120 0 0 4737 0 0 60 40 0 44 45 45
4737 0 30 120 0 0 4737 0 0 60 40 90 53 50 50
4737 0 30 120 0 0 4737 0 0 60 40 180 72 66 66
4737 0 30 120 0 0 4737 0 0 60 60 0 43 45 45
4737 0 30 120 0 0 4737 0 0 60 60 90 59 53 53
4737 0 30 120 0 0 4737 0 0 60 60 180 72 67 67
4737 0 30 120 0 0 4737 0 0 120 0 0 43 45 45
4737 0 30 120 0 0 4737 0 0 120 0 90 59 53 53
4737 0 30 120 0 0 4737 0 0 120 0 180 72 67 67
4737 0 30 120 0 0 4737 0 0 120 20 0 45 46 46
4737 0 30 120 0 0 4737 0 0 120 20 90 63 57 57
4737 0 30 120 0 0 4737 0 0 120 20 180 71 67 67
4737 0 30 120 0 0 4737 0 0 120 40 0 50 48 48
4737 0 30 120 0 0 4737 0 0 120 40 90 67 61 61
4737 0 30 120 0 0 4737 0 0 120 40 180 68 66 66
4737 0 30 120 0 0 4737 0 0 120 60 0 55 52 52
4737 0 30 120 0 0 4737 0 0 120 60 90 70 64 64
4737 0 30 120 0 0 4737 0 0 120 60 180 65 63 63
4737 0 30 120 0 0 4737 0 30 0 0 0 68 58 58
4737 0 30 120 0 0 4737 0 30 0 0 90 50 44 44
4737 0 30 120 0 0 4737 0 30 0 0 180 55 46 46
4737 0 30 120 0 0 4737 0 30 0 20 0 63 55 55
4737 0 30 120 0 0 4737 0 30 0 20 90 48 42 42
4737 0 30 120 0 0 4737 0 30 0 20 180 59 48 48
4737 0 30 120 0 0 4737 0 30 0 40 0 58 52 52
4737 0 30 120 0 0 4737 0 30 0 40 90 46 41 41
4737 0 30 120 0 0 4737 0 30 0 40 180 63 51 51
4737 0 30 120 0 0 4737 0 30 0 60 0 52 49 49
4737 0 30 120 0 0 4737 0 30 0 60 90 45 41 41
4737 0 30 120 0 0 4737 0 30 0 60 180 66 54 54
4737 0 30 120 0 0 4737 0 30 60 0 0 52 48 48
4737 0 30 120 0 0 4737 0 30 60 0 90 46 41 41
4737 0 30 120 0 0 4737 0 30 60 0 180 66 59 59
4737 0 30 120 0 0 4737 0 30 60 20 0 47 44 44
4737 0 30 120 0 0 4737 0 30 60 20 90 48 41 41
4737 0 30 120 0 0 4737 0 30 60 20 180 69 61 61
4737 0 30 120 0 0 4737 0 30 60 40 0 44 42 42
4737 0 30 120 0 0 4737 0 30 60 40 90 52 45 45
4737 0 30 120 0 0 4737 0 30 60 40 180 71 63 63
4737 0 30 120 0 0 4737 0 30 60 60 0 43 43 43
4737 0 30 120 0 0 4737 0 30 60 60 90 57 49 49
4737 0 30 120 0 0 4737 0 30 60 60 180 71 65 65
4737 0 30 120 0 0 4737 0 30 120 0 0 43 39 39
4737 0 30 120 0 0 4737 0 30 120 0 90 58 50 50
4737 0 30 120 0 0 4737 0 30 120 0 180 71 65 65
4737 0 30 120 0 0 4737 0 30 120 20 0 44 41 41
4737 0 30 120 0 0 4737 0 30 120 20 90 62 54 54
4737 0 30 120 0 0 4737 0 30 120 20 180 70 65 65
4737 0 30 120 0 0 4737 0 30 120 40 0 49 44 44
4737 0 30 120 0 0 4737 0 30 120 40 90 66 57 57
4737 0 30 120 0 0 4737 0 30 120 40 180 68 63 63
4737 0 30 120 0 0 4737 0 30 120 60 0 54 48 48
4737 0 30 120 0 0 4737 0 30 120 60 90 69 60 60
4737 0 30 120 0 0 4737 0 30 120 60 180 65 62 62
4737 0 30 120 0 0 4737 0 60 0 0 0 65 59 59
4737 0 30 120 0 0 4737 0 60 0 0 90 48 47 47
4737 0 30 120 0 0 4737 0 60 0 0 180 54 48 48
4737 0 30 120 0 0 4737 0 60 0 20 0 61 57 57
4737 0 30 120 0 0 4737 0 60 0 20 90 46 46 46
4737 0 30 120 0 0 4737 0 60 0 20 180 56 49 49
4737 0 30 120 0 0 4737 0 60 0 40 0 56 55 55
4737 0 30 120 0 0 4737 0 60 0 40 90 44 45 45
4737 0 30 120 0 0 4737 0 60 0 40 180 59 51 51
4737 0 30 120 0 0 4737 0 60 0 60 0 51 54 54
4737 0 30 120 0 0 4737 0 60 0 60 90 44 46 46
4737 0 30 120 0 0 4737 0 60 0 60 180 63 54 54
4737 0 30 120 0 0 4737 0 60 60 0 0 51 52 52
4737 0 30 120 0 0 4737 0 60 60 0 90 45 46 46
4737 0 30 120 0 0 4737 0 60 60 0 180 63 63 63
4737 0 30 120 0 0 4737 0 60 60 20 0 46 50 50
4737 0 30 120 0 0 4737 0 60 60 20 90 47 46 46
4737 0 30 120 0 0 4737 0 60 60 20 180 66 65 65
4737 0 30 120 0 0 4737 0 60 60 40 0 44 49 49
4737 0 30 120 0 0 4737 0 60 60 40 90 50 48 48
4737 0 30 120 0 0 4737 0 60 60 40 180 67 67 67
4737 0 30 120 0 0 4737 0 60 60 60 0 42 49 49
4737 0 30 120 0 0 4737 0 60 60 60 90 54 51 51
4737 0 30 120 0 0 4737 0 60 60 60 180 66 69 69
4737 0 30 120 0 0 4737 0 60 120 0 0 42 45 45
4737 0 30 120 0 0 4737 0 60 120 0 90 54 54 54
4737 0 30 120 0 0 4737 0 60 120 0 180 68 70 70
4737 0 30 120 0 0 4737 0 60 120 20 0 44 46 46
4737 0 30 120 0 0 4737 0 60 120 20 90 58 57 57
4737 0 30 120 0 0 4737 0 60 120 20 180 67 70 70
4737 0 30 120 0 0 4737 0 60 120 40 0 47 48 48
4737 0 30 120 0 0 4737 0 60 120 40 90 62 60 60
4737 0 30 120 0 0 4737 0 60 120 40 180 65 69 69
4737 0 30 120 0 0 4737 0 60 120 60 0 51 51 51
4737 0 30 120 0 0 4737 0 60 120 60 90 66 63 63
4737 0 30 120 0 0 4737 0 60 120 60 180 62 68 68
4737 0 30 120 0 0 4737 0 0 0 0 0 69 63 63
4737 0 30 120 0 0 4737 0 0 0 0 90 54 53 53
4737 0 30 120 0 0 4737 0 0 0 0 180 56 54 54
4737 0 30 120 0 0 4737 0 0 0 20 0 64 59 59
4737 0 30 120 0 0 4737 0 0 0 20 90 50 49 49
4737 0 30 120 0 0 4737 0 0 0 20 180 59 55 55
4737 0 30 120 0 0 4737 0 0 0 40 0 58 54 54
4737 0 30 120 0 0 4737 0 0 0 40 90 47 46 46
4737 0 30 120 0 0 4737 0 0 0 40 180 63 57 57
4737 0 30 120 0 0 4737 0 0 0 60 0 52 50 50
4737 0 30 120 0 0 4737 0 0 0 60 90 45 44 44
4737 0 30 120 0 0 4737 0 0 0 60 180 66 60 60
4737 0 30 120 0 0 4737 0 0 60 0 0 52 50 50
4737 0 30 120 0 0 4737 0 0 60 0 90 45 44 44
4737 0 30 120 0 0 4737 0 0 60 0 180 66 60 60
4737 0 30 120 0 0 4737 0 0 60 20 0 47 45 45
4737 0 30 120 0 0 4737 0 0 60 20 90 45 45 45
4737 0 30 120 0 0 4737 0 0 60 20 180 68 62 62
4737 0 30 120 0 0 4737 0 0 60 40 0 42 43 43
4737 0 30 120 0 0 4737 0 0 60 40 90 49 46 46
4737 0 30 120 0 0 4737 0 0 60 40 180 70 64 64
4737 0 30 120 0 0 4737 0 0 60 60 0 40 43 43
4737 0 30 120 0 0 4737 0 0 60 60 90 54 49 49
4737 0 30 120 0 0 4737 0 0 60 60 180 70 65 65
4737 0 30 120 0 0 4737 0 0 120 0 0 40 43 43
4737 0 30 120 0 0 4737 0 0 120 0 90 54 49 49
4737 0 30 120 0 0 4737 0 0 120 0 180 70 65 65
4737 0 30 120 0 0 4737 0 0 120 20 0 44 44 44
4737 0 30 120 0 0 4737 0 0 120 20 90 59 53 53
4737 0 30 120 0 0 4737 0 0 120 20 180 69 65 65
4737 0 30 120 0 0 4737 0 0 120 40 0 50 47 47
4737 0 30 120 0 0 4737 0 0 120 40 90 63 57 57
4737 0 30 120 0 0 4737 0 0 120 40 180 67 64 64
4737 0 30 120 0 0 4737 0 0 120 60 0 55 52 52
4737 0 30 120 0 0 4737 0 0 120 60 90 67 61 61
4737 0 30 120 0 0 4737 0 0 120 60 180 64 62 62
4737 0 30 120 0 0 4737 0 30 0 0 0 68 59 59
4737 0 30 120 0 0 4737 0 30 0 0 90 54 48 48
4737 0 30 120 0 0 4737 0 30 0 0 180 56 47 47
4737 0 30 120 0 0 4737 0 30 0 20 0 63 55 55
4737 0 30 120 0 0 4737 0 30 0 20 90 50 44 44
4737 0 30 120 0 0 4737 0 30 0 20 180 58 47 47
4737 0 30 120 0 0 4737 0 30 0 40 0 58 52 52
4737 0 30 120 0 0 4737 0 30 0 40 90 47 42 42
4737 0 30 120 0 0 4737 0 30 0 40 180 62 50 50
4737 0 30 120 0 0 4737 0 30 0 60 0 52 49 49
4737 0 30 120 0 0 4737 0 30 0 60 90 45 41 41
4737 0 30 120 0 0 4737 0 30 0 60 180 65 53 53
4737 0 30 120 0 0 4737 0 30 60 0 0 52 49 49
4737 0 30 120 0 0 4737 0 30 60 0 90 45 42 42
4737 0 30 120 0 0 4737 0 30 60 0 180 65 60 60
4737 0 30 120 0 0 4737 0 30 60 20 0 47 46 46
4737 0 30 120 0 0 4737 0 30 60 20 90 45 41 41
4737 0 30 120 0 0 4737 0 30 60 20 180 68 62 62
4737 0 30 120 0 0 4737 0 30 60 40 0 42 43 43
4737 0 30 120 0 0 4737 0 30 60 40 90 48 43 43
4737 0 30 120 0 0 4737 0 30 60 40 180 69 64 64
4737 0 30 120 0 0 4737 0 30 60 60 0 40 42 42
4737 0 30 120 0 0 4737 0 30 60 60 90 53 47 47
4737 0 30 120 0 0 4737 0 30 60 60 180 69 65 65
4737 0 30 120 0 0 4737 0 30 120 0 0 40 39 39
4737 0 30 120 0 0 4737 0 30 120 0 90 53 49 49
4737 0 30 120 0 0 4737 0 30 120 0 180 69 65 65
4737 0 30 120 0 0 4737 0 30 120 20 0 43 42 42
4737 0 30 120 0 0 4737 0 30 120 20 90 58 52 52
4737 0 30 120 0 0 4737 0 30 120 20 180 68 65 65
4737 0 30 120 0 0 4737 0 30 120 40 0 49 46 46
4737 0 30 120 0 0 4737 0 30 120 40 90 62 56 56
4737 0 30 120 0 0 4737 0 30 120 40 180 66 65 65
4737 0 30 120 0 0 4737 0 30 120 60 0 54 51 51
4737 0 30 120 0 0 4737 0 30 120 60 90 66 60 60
4737 0 30 120 0 0 4737 0 30 120 60 180 63 63 63
4737 0 30 120 0 0 4737 0 60 0 0 0 66 60 60
4737 0 30 120 0 0 4737 0 60 0 0 90 52 50 50
4737 0 30 120 0 0 4737 0 60 0 0 180 55 48 48
4737 0 30 120 0 0 4737 0 60 0 20 0 61 58 58
4737 0 30 120 0 0 4737 0 60 0 20 90 48 48 48
4737 0 30 120 0 0 4737 0 60 0 20 180 56 48 48
4737 0 30 120 0 0 4737 0 60 0 40 0 56 55 55
4737 0 30 120 0 0 4737 0 60 0 40 90 45 46 46
4737 0 30 120 0 0 4737 0 60 0 40 180 58 50 50
4737 0 30 120 0 0 4737 0 60 0 60 0 51 53 53
4737 0 30 120 0 0 4737 0 60 0 60 90 44 45 45
4737 0 30 120 0 0 4737 0 60 0 60 180 61 52 52
4737 0 30 120 0 0 4737 0 60 60 0 0 50 55 55
4737 0 30 120 0 0 4737 0 60 60 0 90 44 49 49
4737 0 30 120 0 0 4737 0 60 60 0 180 61 66 66
4737 0 30 120 0 0 4737 0 60 60 20 0 45 54 54
4737 0 30 120 0 0 4737 0 60 60 20 90 44 48 48
4737 0 30 120 0 0 4737 0 60 60 20 180 64 68 68
4737 0 30 120 0 0 4737 0 60 60 40 0 42 53 53
4737 0 30 120 0 0 4737 0 60 60 40 90 46 50 50
4737 0 30 120 0 0 4737 0 60 60 40 180 65 70 70
4737 0 30 120 0 0 4737 0 60 60 60 0 40 52 52
4737 0 30 120 0 0 4737 0 60 60 60 90 49 53 53
4737 0 30 120 0 0 4737 0 60 60 60 180 64 71 71
4737 0 30 120 0 0 4737 0 60 120 0 0 39 47 47
4737 0 30 120 0 0 4737 0 60 120 0 90 50 55 55
4737 0 30 120 0 0 4737 0 60 120 0 180 66 73 73
4737 0 30 120 0 0 4737 0 60 120 20 0 42 49 49
4737 0 30 120 0 0 4737 0 60 120 20 90 54 58 58
4737 0 30 120 0 0 4737 0 60 120 20 180 65 73 73
4737 0 30 120 0 0 4737 0 60 120 40 0 46 52 52
4737 0 30 120 0 0 4737 0 60 120 40 90 58 61 61
4737 0 30 120 0 0 4737 0 60 120 40 180 63 74 74
4737 0 30 120 0 0 4737 0 60 120 60 0 51 56 56
4737 0 30 120 0 0 4737 0 60 120 60 90 62 65 65
4737 0 30 120 0 0 4737 0 60 120 60 180 60 73 73
4737 0 30 120 0 0 4737 0 0 0 0 0 69 61 61
4737 0 30 120 0 0 4737 0 0 0 0 90 58 56 56
4737 0 30 120 0 0 4737 0 0 0 0 180 58 55 55
4737 0 30 120 0 0 4737 0 0 0 20 0 63 57 57
4737 0 30 120 0 0 4737 0 0 0 20 90 53 51 51
4737 0 30 120 0 0 4737 0 0 0 20 180 59 55 55
4737 0 30 120 0 0 4737 0 0 0 40 0 58 53 53
4737 0 30 120 0 0 4737 0 0 0 40 90 49 46 46
4737 0 30 120 0 0 4737 0 0 0 40 180 62 56 56
4737 0 30 120 0 0 4737 0 0 0 60 0 52 48 48
4737 0 30 120 0 0 4737 0 0 0 60 90 46 43 43
4737 0 30 120 0 0 4737 0 0 0 60 180 65 58 58
4737 0 30 120 0 0 4737 0 0 60 0 0 52 48 48
4737 0 30 120 0 0 4737 0 0 60 0 90 46 43 43
4737 0 30 120 0 0 4737 0 0 60 0 180 65 58 58
4737 0 30 120 0 0 4737 0 0 60 20 0 47 44 44
4737 0 30 120 0 0 4737 0 0 60 20 90 44 42 42
4737 0 30 120 0 0 4737 0 0 60 20 180 66 60 60
4737 0 30 120 0 0 4737 0 0 60 40 0 41 41 41
4737 0 30 120 0 0 4737 0 0 60 40 90 45 43 43
4737 0 30 120 0 0 4737 0 0 60 40 180 67 61 61
4737 0 30 120 0 0 4737 0 0 60 60 0 39 41 41
4737 0 30 120 0 0 4737 0 0 60 60 90 50 45 45
4737 0 30 120 0 0 4737 0 0 60 60 180 67 61 61
4737 0 30 120 0 0 4737 0 0 120 0 0 39 41 41
4737 0 30 120 0 0 4737 0 0 120 0 90 50 45 45
4737 0 30 120 0 0 4737 0 0 120 0 180 67 61 61
4737 0 30 120 0 0 4737 0 0 120 20 0 45 42 42
4737 0 30 120 0 0 4737 0 0 120 20 90 55 49 49
4737 0 30 120 0 0 4737 0 0 120 20 180 66 62 62
4737 0 30 120 0 0 4737 0 0 120 40 0 50 47 47
4737 0 30 120 0 0 4737 0 0 120 40 90 60 53 53
4737 0 30 120 0 0 4737 0 0 120 40 180 65 61 61
4737 0 30 120 0 0 4737 0 0 120 60 0 55 51 51
4737 0 30 120 0 0 4737 0 0 120 60 90 64 57 57
4737 0 30 120 0 0 4737 0 0 120 60 180 62 60 60
4737 0 30 120 0 0 4737 0 30 0 0 0 68 60 60
4737 0 30 120 0 0 4737 0 30 0 0 90 58 52 52
4737 0 30 120 0 0 4737 0 30 0 0 180 58 49 49
4737 0 30 120 0 0 4737 0 30 0 20 0 63 56 56
4737 0 30 120 0 0 4737 0 30 0 20 90 53 48 48
4737 0 30 120 0 0 4737 0 30 0 20 180 58 48 48
4737 0 30 120 0 0 4737 0 30 0 40 0 58 52 52
4737 0 30 120 0 0 4737 0 30 0 40 90 49 44 44
4737 0 30 120 0 0 4737 0 30 0 40 180 61 50 50
4737 0 30 120 0 0 4737 0 30 0 60 0 52 49 49
4737 0 30 120 0 0 4737 0 30 0 60 90 46 42 42
4737 0 30 120 0 0 4737 0 30 0 60 180 63 52 52
4737 0 30 120 0 0 4737 0 30 60 0 0 52 51 51
4737 0 30 120 0 0 4737 0 30 60 0 90 45 45 45
4737 0 30 120 0 0 4737 0 30 60 0 180 63 61 61
4737 0 30 120 0 0 4737 0 30 60 20 0 46 47 47
4737 0 30 120 0 0 4737 0 30 60 20 90 43 42 42
4737 0 30 120 0 0 4737 0 30 60 20 180 65 63 63
4737 0 30 120 0 0 4737 0 30 60 40 0 41 45 45
4737 0 30 120 0 0 4737 0 30 60 40 90 44 42 42
4737 0 30 120 0 0 4737 0 30 60 40 180 66 64 64
4737 0 30 120 0 0 4737 0 30 60 60 0 38 43 43
4737 0 30 120 0 0 4737 0 30 60 60 90 48 46 46
4737 0 30 120 0 0 4737 0 30 60 60 180 66 65 65
4737 0 30 120 0 0 4737 0 30 120 0 0 38 39 39
4737 0 30 120 0 0 4737 0 30 120 0 90 49 47 47
4737 0 30 120 0 0 4737 0 30 120 0 180 66 65 65
4737 0 30 120 0 0 4737 0 30 120 20 0 43 44 44
4737 0 30 120 0 0 4737 0 30 120 20 90 54 51 51
4737 0 30 120 0 0 4737 0 30 120 20 180 66 65 65
4737 0 30 120 0 0 4737 0 30 120 40 0 49 49 49
4737 0 30 120 0 0 4737 0 30 120 40 90 58 56 56
4737 0 30 120 0 0 4737 0 30 120 40 180 64 65 65
4737 0 30 120 0 0 4737 0 30 120 60 0 54 53 53
4737 0 30 120 0 0 4737 0 30 120 60 90 63 60 60
4737 0 30 120 0 0 4737 0 30 120 60 180 61 65 65
4737 0 30 120 0 0 4737 0 60 0 0 0 64 61 61
4737 0 30 120 0 0 4737 0 60 0 0 90 56 54 54
4737 0 30 120 0 0 4737 0 60 0 0 180 57 49 49
4737 0 30 120 0 0 4737 0 60 0 20 0 60 58 58
4737 0 30 120 0 0 4737 0 60 0 20 90 51 51 51
4737 0 30 120 0 0 4737 0 60 0 20 180 57 48 48
4737 0 30 120 0 0 4737 0 60 0 40 0 55 55 55
4737 0 30 120 0 0 4737 0 60 0 40 90 47 48 48
4737 0 30 120 0 0 4737 0 60 0 40 180 58 49 49
4737 0 30 120 0 0 4737 0 60 0 60 0 50 53 53
4737 0 30 120 0 0 4737 0 60 0 60 90 45 46 46
4737 0 30 120 0 0 4737 0 60 0 60 180 59 51 51
4737 0 30 120 0 0 4737 0 60 60 0 0 50 59 59
4737 0 30 120 0 0 4737 0 60 60 0 90 44 53 53
4737 0 30 120 0 0 4737 0 60 60 0 180 59 70 70
4737 0 30 120 0 0 4737 0 60 60 20 0 45 57 57
4737 0 30 120 0 0 4737 0 60 60 20 90 43 52 52
4737 0 30 120 0 0 4737 0 60 60 20 180 61 71 71
4737 0 30 120 0 0 4737 0 60 60 40 0 41 57 57
4737 0 30 120 0 0 4737 0 60 60 40 90 42 53 53
4737 0 30 120 0 0 4737 0 60 60 40 180 62 72 72
4737 0 30 120 0 0 4737 0 60 60 60 0 39 56 56
4737 0 30 120 0 0 4737 0 60 60 60 90 44 55 55
4737 0 30 120 0 0 4737 0 60 60 60 180 62 73 73
4737 0 30 120 0 0 4737 0 60 120 0 0 38 50 50
4737 0 30 120 0 0 4737 0 60 120 0 90 45 56 56
4737 0 30 120 0 0 4737 0 60 120 0 180 63 75 75
4737 0 30 120 0 0 4737 0 60 120 20 0 41 53 53
4737 0 30 120 0 0 4737 0 60 120 20 90 50 60 60
4737 0 30 120 0 0 4737 0 60 120 20 180 62 76 76
4737 0 30 120 0 0 4737 0 60 120 40 0 46 57 57
4737 0 30 120 0 0 4737 0 60 120 40 90 54 63 63
4737 0 30 120 0 0 4737 0 60 120 40 180 60 78 78
4737 0 30 120 0 0 4737 0 60 120 60 0 51 61 61
4737 0 30 120 0 0 4737 0 60 120 60 90 59 67 67
4737 0 30 120 0 0 4737 0 60 120 60 180 57 78 78
4737 0 30 120 20 0 4737 0 0 0 0 0 70 67 67
4737 0 30 120 20 0 4737 0 0 0 0 90 50 50 50
4737 0 30 120 20 0 4737 0 0 0 0 180 50 50 50
4737 0 30 120 20 0 4737 0 0 0 20 0 67 64 64
4737 0 30 120 20 0 4737 0 0 0 20 90 48 48 48
4737 0 30 120 20 0 4737 0 0 0 20 180 55 52 52
4737 0 30 120 20 0 4737 0 0 0 40 0 63 60 60
4737 0 30 120 20 0 4737 0 0 0 40 90 46 47 47
4737 0 30 120 20 0 4737 0 0 0 40 180 61 56 56
4737 0 30 120 20 0 4737 0 0 0 60 0 58 56 56
4737 0 30 120 20 0 4737 0 0 0 60 90 47 47 47
4737 0 30 120 20 0 4737 0 0 0 60 180 65 59 59
4737 0 30 120 20 0 4737 0 0 60 0 0 58 56 56
4737 0 30 120 20 0 4737 0 0 60 0 90 47 47 47
4737 0 30 120 20 0 4737 0 0 60 0 180 65 59 59
4737 0 30 120 20 0 4737 0 0 60 20 0 52 52 52
4737 0 30 120 20 0 4737 0 0 60 20 90 48 49 49
4737 0 30 120 20 0 4737 0 0 60 20 180 69 63 63
4737 0 30 120 20 0 4737 0 0 60 40 0 49 49 49
4737 0 30 120 20 0 4737 0 0 60 40 90 53 51 51
4737 0 30 120 20 0 4737 0 0 60 40 180 71 65 65
4737 0 30 120 20 0 4737 0 0 60 60 0 47 47 47
4737 0 30 120 20 0 4737 0 0 60 60 90 58 54 54
4737 0 30 120 20 0 4737 0 0 60 60 180 74 68 68
4737 0 30 120 20 0 4737 0 0 120 0 0 47 47 47
4737 0 30 120 20 0 4737 0 0 120 0 90 58 54 54
4737 0 30 120 20 0 4737 0 0 120 0 180 74 68 68
4737 0 30 120 20 0 4737 0 0 120 20 0 46 47 47
4737 0 30 120 20 0 4737 0 0 120 20 90 63 58 58
4737 0 30 120 20 0 4737 0 0 120 20 180 74 69 69
4737 0 30 120 20 0 4737 0 0 120 40 0 47 48 48
4737 0 30 120 20 0 4737 0 0 120 40 90 67 61 61
4737 0 30 120 20 0 4737 0 0 120 40 180 72 69 69
4737 0 30 120 20 0 4737 0 0 120 60 0 50 50 50
4737 0 30 120 20 0 4737 0 0 120 60 90 70 64 64
4737 0 30 120 20 0 4737 0 0 120 60 180 70 67 67
4737 0 30 120 20 0 4737 0 30 0 0 0 69 60 60
4737 0 30 120 20 0 4737 0 30 0 0 90 50 44 44
4737 0 30 120 20 0 4737 0 30 0 0 180 50 44 44
4737 0 30 120 20 0 4737 0 30 0 20 0 66 57 57
4737 0 30 120 20 0 4737 0 30 0 20 90 47 42 42
4737 0 30 120 20 0 4737 0 30 0 20 180 54 46 46
4737 0 30 120 20 0 4737 0 30 0 40 0 63 54 54
4737 0 30 120 20 0 4737 0 30 0 40 90 46 41 41
4737 0 30 120 20 0 4737 0 30 0 40 180 60 49 49
4737 0 30 120 20 0 4737 0 30 0 60 0 58 52 52
4737 0 30 120 20 0 4737 0 30 0 60 90 46 42 42
4737 0 30 120 20 0 4737 0 30 0 60 180 64 52 52
4737 0 30 120 20 0 4737 0 30 60 0 0 58 49 49
4737 0 30 120 20 0 4737 0 30 60 0 90 46 41 41
4737 0 30 120 20 0 4737 0 30 60 0 180 64 55 55
4737 0 30 120 20 0 4737 0 30 60 20 0 52 46 46
4737 0 30 120 20 0 4737 0 30 60 20 90 48 41 41
4737 0 30 120 20 0 4737 0 30 60 20 180 68 58 58
4737 0 30 120 20 0 4737 0 30 60 40 0 49 44 44
4737 0 30 120 20 0 4737 0 30 60 40 90 52 43 43
4737 0 30 120 20 0 4737 0 30 60 40 180 71 60 60
4737 0 30 120 20 0 4737 0 30 60 60 0 47 43 43
4737 0 30 120 20 0 4737 0 30 60 60 90 57 47 47
4737 0 30 120 20 0 4737 0 30 60 60 180 73 62 62
4737 0 30 120 20 0 4737 0 30 120 0 0 46 42 42
4737 0 30 120 20 0 4737 0 30 120 0 90 57 49 49
4737 0 30 120 20 0 4737 0 30 120 0 180 72 64 64
4737 0 30 120 20 0 4737 0 30 120 20 0 46 40 40
4737 0 30 120 20 0 4737 0 30 120 20 90 62 52 52
4737 0 30 120 20 0 4737 0 30 120 20 180 73 65 65
4737 0 30 120 20 0 4737 0 30 120 40 0 47 40 40
4737 0 30 120 20 0 4737 0 30 120 40 90 66 55 55
4737 0 30 120 20 0 4737 0 30 120 40 180 72 63 63
4737 0 30 120 20 0 4737 0 30 120 60 0 49 43 43
4737 0 30 120 20 0 4737 0 30 120 60 90 69 58 58
4737 0 30 120 20 0 4737 0 30 120 60 180 69 62 62
4737 0 30 120 20 0 4737 0 60 0 0 0 67 60 60
4737 0 30 120 20 0 4737 0 60 0 0 90 48 46 46
4737 0 30 120 20 0 4737 0 60 0 0 180 49 47 47
4737 0 30 120 20 0 4737 0 60 0 20 0 64 59 59
4737 0 30 120 20 0 4737 0 60 0 20 90 46 45 45
4737 0 30 120 20 0 4737 0 60 0 20 180 52 48 48
4737 0 30 120 20 0 4737 0 60 0 40 0 60 57 57
4737 0 30 120 20 0 4737 0 60 0 40 90 44 45 45
4737 0 30 120 20 0 4737 0 60 0 40 180 56 50 50
4737 0 30 120 20 0 4737 0 60 0 60 0 56 56 56
4737 0 30 120 20 0 4737 0 60 0 60 90 44 46 46
4737 0 30 120 20 0 4737 0 60 0 60 180 60 53 53
4737 0 30 120 20 0 4737 0 60 60 0 0 56 50 50
4737 0 30 120 20 0 4737 0 60 60 0 90 46 44 44
4737 0 30 120 20 0 4737 0 60 60 0 180 61 58 58
4737 0 30 120 20 0 4737 0 60 60 20 0 51 48 48
4737 0 30 120 20 0 4737 0 60 60 20 90 48 44 44
4737 0 30 120 20 0 4737 0 60 60 20 180 64 60 60
4737 0 30 120 20 0 4737 0 60 60 40 0 48 47 47
4737 0 30 120 20 0 4737 0 60 60 40 90 50 45 45
4737 0 30 120 20 0 4737 0 60 60 40 180 67 62 62
4737 0 30 120 20 0 4737 0 60 60 60 0 46 47 47
4737 0 30 120 20 0 4737 0 60 60 60 90 54 48 48
4737 0 30 120 20 0 4737 0 60 60 60 180 68 64 64
4737 0 30 120 20 0 4737 0 60 120 0 0 44 45 45
4737 0 30 120 20 0 4737 0 60 120 0 90 55 52 52
4737 0 30 120 20 0 4737 0 60 120 0 180 68 67 67
4737 0 30 120 20 0 4737 0 60 120 20 0 45 44 44
4737 0 30 120 20 0 4737 0 60 120 20 90 59 54 54
4737 0 30 120 20 0 4737 0 60 120 20 180 69 67 67
4737 0 30 120 20 0 4737 0 60 120 40 0 46 45 45
4737 0 30 120 20 0 4737 0 60 120 40 90 62 56 56
4737 0 30 120 20 0 4737 0 60 120 40 180 68 66 66
4737 0 30 120 20 0 4737 0 60 120 60 0 48 46 46
4737 0 30 120 20 0 4737 0 60 120 60 90 65 59 59
4737 0 30 120 20 0 4737 0 60 120 60 180 66 65 65
4737 0 30 120 20 0 4737 0 0 0 0 0 71 67 67
4737 0 30 120 20 0 4737 0 0 0 0 90 55 53 53
4737 0 30 120 20 0 4737 0 0 0 0 180 52 51 51
4737 0 30 120 20 0 4737 0 0 0 20 0 68 64 64
4737 0 30 120 20 0 4737 0 0 0 20 90 51 50 50
4737 0 30 120 20 0 4737 0 0 0 20 180 55 53 53
4737 0 30 120 20 0 4737 0 0 0 40 0 64 59 59
4737 0 30 120 20 0 4737 0 0 0 40 90 48 47 47
4737 0 30 120 20 0 4737 0 0 0 40 180 60 55 55
4737 0 30 120 20 0 4737 0 0 0 60 0 58 55 55
4737 0 30 120 20 0 4737 0 0 0 60 90 46 46 46
4737 0 30 120 20 0 4737 0 0 0 60 180 64 58 58
4737 0 30 120 20 0 4737 0 0 60 0 0 58 55 55
4737 0 30 120 20 0 4737 0 0 60 0 90 46 46 46
4737 0 30 120 20 0 4737 0 0 60 0 180 64 58 58
4737 0 30 120 20 0 4737 0 0 60 20 0 52 51 51
4737 0 30 120 20 0 4737 0 0 60 20 90 46 46 46
4737 0 30 120 20 0 4737 0 0 60 20 180 67 61 61
4737 0 30 120 20 0 4737 0 0 60 40 0 47 46 46
4737 0 30 120 20 0 4737 0 0 60 40 90 48 48 48
4737 0 30 120 20 0 4737 0 0 60 40 180 70 64 64
4737 0 30 120 20 0 4737 0 0 60 60 0 44 45 45
4737 0 30 120 20 0 4737 0 0 60 60 90 53 50 50
4737 0 30 120 20 0 4737 0 0 60 60 180 72 66 66
4737 0 30 120 20 0 4737 0 0 120 0 0 44 45 45
4737 0 30 120 20 0 4737 0 0 120 0 90 53 50 50
4737 0 30 120 20 0 4737 0 0 120 0 180 72 66 66
4737 0 30 120 20 0 4737 0 0 120 20 0 43 45 45
4737 0 30 120 20 0 4737 0 0 120 20 90 58 53 53
4737 0 30 120 20 0 4737 0 0 120 20 180 72 68 68
4737 0 30 120 20 0 4737 0 0 120 40 0 45 46 46
4737 0 30 120 20 0 4737 0 0 120 40 90 63 57 57
4737 0 30 120 20 0 4737 0 0 120 40 180 71 67 67
4737 0 30 120 20 0 4737 0 0 120 60 0 50 48 48
4737 0 30 120 20 0 4737 0 0 120 60 90 67 61 61
4737 0 30 120 20 0 4737 0 0 120 60 180 68 66 66
4737 0 30 120 20 0 4737 0 30 0 0 0 71 61 61
4737 0 30 120 20 0 4737 0 30 0 0 90 54 48 48
4737 0 30 120 20 0 4737 0 30 0 0 180 52 45 45
4737 0 30 120 20 0 4737 0 30 0 20 0 68 58 58
4737 0 30 120 20 0 4737 0 30 0 20 90 50 44 44
4737 0 30 120 20 0 4737 0 30 0 20 180 55 46 46
4737 0 30 120 20 0 4737 0 30 0 40 0 63 55 55
4737 0 30 120 20 0 4737 0 30 0 40 90 48 42 42
4737 0 30 120 20 0 4737 0 30 0 40 180 59 48 48
4737 0 30 120 20 0 4737 0 30 0 60 0 58 52 52
4737 0 30 120 20 0 4737 0 30 0 60 90 46 41 41
4737 0 30 120 20 0 4737 0 30 0 60 180 63 51 51
4737 0 30 120 20 0 4737 0 30 60 0 0 58 52 52
4737 0 30 120 20 0 4737 0 30 60 0 90 46 43 43
4737 0 30 120 20 0 4737 0 30 60 0 180 63 56 56
4737 0 30 120 20 0 4737 0 30 60 20 0 52 48 48
4737 0 30 120 20 0 4737 0 30 60 20 90 46 41 41
4737 0 30 120 20 0 4737 0 30 60 20 180 66 59 59
4737 0 30 120 20 0 4737 0 30 60 40 0 47 44 44
4737 0 30 120 20 0 4737 0 30 60 40 90 48 42 42
4737 0 30 120 20 0 4737 0 30 60 40 180 69 61 61
4737 0 30 120 20 0 4737 0 30 60 60 0 44 42 42
4737 0 30 120 20 0 4737 0 30 60 60 90 52 45 45
4737 0 30 120 20 0 4737 0 30 60 60 180 71 63 63
4737 0 30 120 20 0 4737 0 30 120 0 0 44 41 41
4737 0 30 120 20 0 4737 0 30 120 0 90 53 47 47
4737 0 30 120 20 0 4737 0 30 120 0 180 71 65 65
4737 0 30 120 20 0 4737 0 30 120 20 0 43 40 40
4737 0 30 120 20 0 4737 0 30 120 20 90 57 50 50
4737 0 30 120 20 0 4737 0 30 120 20 180 71 65 65
4737 0 30 120 20 0 4737 0 30 120 40 0 44 41 41
4737 0 30 120 20 0 4737 0 30 120 40 90 62 54 54
4737 0 30 120 20 0 4737 0 30 120 40 180 70 65 65
4737 0 30 120 20 0 4737 0 30 120 60 0 49 44 44
4737 0 30 120 20 0 4737 0 30 120 60 90 66 57 57
4737 0 30 120 20 0 4737 0 30 120 60 180 68 63 63
4737 0 30 120 20 0 4737 0 60 0 0 0 68 62 62
4737 0 30 120 20 0 4737 0 60 0 0 90 53 50 50
4737 0 30 120 20 0 4737 0 60 0 0 180 51 47 47
4737 0 30 120 20 0 4737 0 60 0 20 0 65 60 60
4737 0 30 120 20 0 4737 0 60 0 20 90 48 47 47
4737 0 30 120 20 0 4737 0 60 0 20 180 53 48 48
4737 0 30 120 20 0 4737 0 60 0 40 0 60 57 57
4737 0 30 120 20 0 4737 0 60 0 40 90 46 46 46
4737 0 30 120 20 0 4737 0 60 0 40 180 56 49 49
4737 0 30 120 20 0 4737 0 60 0 60 0 56 56 56
4737 0 30 120 20 0 4737 0 60 0 60 90 44 46 46
4737 0 30 120 20 0 4737 0 60 0 60 180 59 52 52
4737 0 30 120 20 0 4737 0 60 60 0 0 56 54 54
4737 0 30 120 20 0 4737 0 60 60 0 90 45 47 47
4737 0 30 120 20 0 4737 0 60 60 0 180 60 61 61
4737 0 30 120 20 0 4737 0 60 60 20 0 51 52 52
4737 0 30 120 20 0 4737 0 60 60 20 90 45 46 46
4737 0 30 120 20 0 4737 0 60 60 20 180 63 63 63
4737 0 30 120 20 0 4737 0 60 60 40 0 46 50 50
4737 0 30 120 20 0 4737 0 60 60 40 90 47 47 47
4737 0 30 120 20 0 4737 0 60 60 40 180 66 65 65
4737 0 30 120 20 0 4737 0 60 60 60 0 44 49 49
4737 0 30 120 20 0 4737 0 60 60 60 90 50 49 49
4737 0 30 120 20 0 4737 0 60 60 60 180 67 67 67
4737 0 30 120 20 0 4737 0 60 120 0 0 41 46 46
4737 0 30 120 20 0 4737 0 60 120 0 90 50 53 53
4737 0 30 120 20 0 4737 0 60 120 0 180 66 70 70
4737 0 30 120 20 0 4737 0 60 120 20 0 42 46 46
4737 0 30 120 20 0 4737 0 60 120 20 90 54 55 55
4737 0 30 120 20 0 4737 0 60 120 20 180 67 71 71
4737 0 30 120 20 0 4737 0 60 120 40 0 44 47 47
4737 0 30 120 20 0 4737 0 60 120 40 90 58 57 57
4737 0 30 120 20 0 4737 0 60 120 40 180 67 70 70
4737 0 30 120 20 0 4737 0 60 120 60 0 47 48 48
4737 0 30 120 20 0 4737 0 60 120 60 90 62 60 60
4737 0 30 120 20 0 4737 0 60 120 60 180 64 69 69
4737 0 30 120 20 0 4737 0 0 0 0 0 72 67 67
4737 0 30 120 20 0 4737 0 0 0 0 90 59 57 57
4737 0 30 120 20 0 4737 0 0 0 0 180 54 53 53
4737 0 30 120 20 0 4737 0 0 0 20 0 69 63 63
4737 0 30 120 20 0 4737 0 0 0 20 90 54 53 53
4737 0 30 120 20 0 4737 0 0 0 20 180 56 54 54
4737 0 30 120 20 0 4737 0 0 0 40 0 64 59 59
4737 0 30 120 20 0 4737 0 0 0 40 90 50 49 49
4737 0 30 120 20 0 4737 0 0 0 40 180 59 55 55
4737 0 30 120 20 0 4737 0 0 0 60 0 58 54 54
4737 0 30 120 20 0 4737 0 0 0 60 90 47 46 46
4737 0 30 120 20 0 4737 0 0 0 60 180 63 57 57
4737 0 30 120 20 0 4737 0 0 60 0 0 58 54 54
4737 0 30 120 20 0 4737 0 0 60 0 90 47 46 46
4737 0 30 120 20 0 4737 0 0 60 0 180 63 57 57
4737 0 30 120 20 0 4737 0 0 60 20 0 52 50 50
4737 0 30 120 20 0 4737 0 0 60 20 90 45 44 44
4737 0 30 120 20 0 4737 0 0 60 20 180 66 60 60
4737 0 30 120 20 0 4737 0 0 60 40 0 47 45 45
4737 0 30 120 20 0 4737 0 0 60 40 90 45 45 45
4737 0 30 120 20 0 4737 0 0 60 40 180 68 62 62
4737 0 30 120 20 0 4737 0 0 60 60 0 42 43 43
4737 0 30 120 20 0 4737 0 0 60 60 90 49 46 46
4737 0 30 120 20 0 4737 0 0 60 60 180 69 64 64
4737 0 30 120 20 0 4737 0 0 120 0 0 42 43 43
4737 0 30 120 20 0 4737 0 0 120 0 90 49 46 46
4737 0 30 120 20 0 4737 0 0 120 0 180 69 64 64
4737 0 30 120 20 0 4737 0 0 120 20 0 40 43 43
4737 0 30 120 20 0 4737 0 0 120 20 90 54 49 49
4737 0 30 120 20 0 4737 0 0 120 20 180 70 65 65
4737 0 30 120 20 0 4737 0 0 120 40 0 44 44 44
4737 0 30 120 20 0 4737 0 0 120 40 90 59 53 53
4737 0 30 120 20 0 4737 0 0 120 40 180 69 65 65
4737 0 30 120 20 0 4737 0 0 120 60 0 50 47 47
4737 0 30 120 20 0 4737 0 0 120 60 90 63 57 57
4737 0 30 120 20 0 4737 0 0 120 60 180 66 64 64
4737 0 30 120 20 0 4737 0 30 0 0 0 72 62 62
4737 0 30 120 20 0 4737 0 30 0 0 90 59 52 52
4737 0 30 120 20 0 4737 0 30 0 0 180 54 48 48
4737 0 30 120 20 0 4737 0 30 0 20 0 68 59 59
4737 0 30 120 20 0 4737 0 30 0 20 90 54 48 48
4737 0 30 120 20 0 4737 0 30 0 20 180 56 47 47
4737 0 30 120 20 0 4737 0 30 0 40 0 63 55 55
4737 0 30 120 20 0 4737 0 30 0 40 90 50 45 45
4737 0 30 120 20 0 4737 0 30 0 40 180 58 48 48
4737 0 30 120 20 0 4737 0 30 0 60 0 58 52 52
4737 0 30 120 20 0 4737 0 30 0 60 90 47 42 42
4737 0 30 120 20 0 4737 0 30 0 60 180 62 50 50
4737 0 30 120 20 0 4737 0 30 60 0 0 58 54 54
4737 0 30 120 20 0 4737 0 30 60 0 90 47 46 46
4737 0 30 120 20 0 4737 0 30 60 0 180 62 58 58
4737 0 30 120 20 0 4737 0 30 60 20 0 52 49 49
4737 0 30 120 20 0 4737 0 30 60 20 90 45 42 42
4737 0 30 120 20 0 4737 0 30 60 20 180 65 60 60
4737 0 30 120 20 0 4737 0 30 60 40 0 46 46 46
4737 0 30 120 20 0 4737 0 30 60 40 90 45 41 41
4737 0 30 120 20 0 4737 0 30 60 40 180 67 62 62
4737 0 30 120 20 0 4737 0 30 60 60 0 42 43 43
4737 0 30 120 20 0 4737 0 30 60 60 90 48 43 43
4737 0 30 120 20 0 4737 0 30 60 60 180 69 64 64
4737 0 30 120 20 0 4737 0 30 120 0 0 41 40 40
4737 0 30 120 20 0 4737 0 30 120 0 90 48 45 45
4737 0 30 120 20 0 4737 0 30 120 0 180 69 65 65
4737 0 30 120 20 0 4737 0 30 120 20 0 40 39 39
4737 0 30 120 20 0 4737 0 30 120 20 90 53 49 49
4737 0 30 120 20 0 4737 0 30 120 20 180 69 66 66
4737 0 30 120 20 0 4737 0 30 120 40 0 43 42 42
4737 0 30 120 20 0 4737 0 30 120 40 90 58 53 53
4737 0 30 120 20 0 4737 0 30 120 40 180 68 66 66
4737 0 30 120 20 0 4737 0 30 120 60 0 49 46 46
4737 0 30 120 20 0 4737 0 30 120 60 90 62 56 56
4737 0 30 120 20 0 4737 0 30 120 60 180 66 65 65
4737 0 30 120 20 0 4737 0 60 0 0 0 68 63 63
4737 0 30 120 20 0 4737 0 60 0 0 90 57 54 54
4737 0 30 120 20 0 4737 0 60 0 0 180 54 49 49
4737 0 30 120 20 0 4737 0 60 0 20 0 65 60 60
4737 0 30 120 20 0 4737 0 60 0 20 90 52 50 50
4737 0 30 120 20 0 4737 0 60 0 20 180 55 48 48
4737 0 30 120 20 0 4737 0 60 0 40 0 61 58 58
4737 0 30 120 20 0 4737 0 60 0 40 90 48 48 48
4737 0 30 120 20 0 4737 0 60 0 40 180 56 49 49
4737 0 30 120 20 0 4737 0 60 0 60 0 56 56 56
4737 0 30 120 20 0 4737 0 60 0 60 90 45 46 46
4737 0 30 120 20 0 4737 0 60 0 60 180 58 50 50
4737 0 30 120 20 0 4737 0 60 60 0 0 56 58 58
4737 0 30 120 20 0 4737 0 60 60 0 90 45 51 51
4737 0 30 120 20 0 4737 0 60 60 0 180 58 65 65
4737 0 30 120 20 0 4737 0 60 60 20 0 50 56 56
4737 0 30 120 20 0 4737 0 60 60 20 90 44 49 49
4737 0 30 120 20 0 4737 0 60 60 20 180 61 67 67
4737 0 30 120 20 0 4737 0 60 60 40 0 45 54 54
4737 0 30 120 20 0 4737 0 60 60 40 90 44 49 49
4737 0 30 120 20 0 4737 0 60 60 40 180 64 69 69
4737 0 30 120 20 0 4737 0 60 60 60 0 42 53 53
4737 0 30 120 20 0 4737 0 60 60 60 90 46 51 51
4737 0 30 120 20 0 4737 0 60 60 60 180 65 71 71
4737 0 30 120 20 0 4737 0 60 120 0 0 40 48 48
4737 0 30 120 20 0 4737 0 60 120 0 90 45 54 54
4737 0 30 120 20 0 4737 0 60 120 0 180 65 73 73
4737 0 30 120 20 0 4737 0 60 120 20 0 39 48 48
4737 0 30 120 20 0 4737 0 60 120 20 90 50 56 56
4737 0 30 120 20 0 4737 0 60 120 20 180 66 73 73
4737 0 30 120 20 0 4737 0 60 120 40 0 42 50 50
4737 0 30 120 20 0 4737 0 60 120 40 90 54 59 59
4737 0 30 120 20 0 4737 0 60 120 40 180 65 74 74
4737 0 30 120 20 0 4737 0 60 120 60 0 46 53 53
4737 0 30 120 20 0 4737 0 60 120 60 90 58 62 62
4737 0 30 120 20 0 4737 0 60 120 60 180 62 74 74
4737 0 30 120 20 0 4737 0 0 0 0 0 73 65 65
4737 0 30 120 20 0 4737 0 0 0 0 90 63 60 60
4737 0 30 120 20 0 4737 0 0 0 0 180 57 55 55
4737 0 30 120 20 0 4737 0 0 0 20 0 69 62 62
4737 0 30 120 20 0 4737 0 0 0 20 90 58 56 56
4737 0 30 120 20 0 4737 0 0 0 20 180 58 55 55
4737 0 30 120 20 0 4737 0 0 0 40 0 63 57 57
4737 0 30 120 20 0 4737 0 0 0 40 90 53 51 51
4737 0 30 120 20 0 4737 0 0 0 40 180 59 55 55
4737 0 30 120 20 0 4737 0 0 0 60 0 58 53 53
4737 0 30 120 20 0 4737 0 0 0 60 90 49 47 47
4737 0 30 120 20 0 4737 0 0 0 60 180 62 56 56
4737 0 30 120 20 0 4737 0 0 60 0 0 58 53 53
4737 0 30 120 20 0 4737 0 0 60 0 90 49 47 47
4737 0 30 120 20 0 4737 0 0 60 0 180 62 56 56
4737 0 30 120 20 0 4737 0 0 60 20 0 52 48 48
4737 0 30 120 20 0 4737 0 0 60 20 90 46 43 43
4737 0 30 120 20 0 4737 0 0 60 20 180 64 58 58
4737 0 30 120 20 0 4737 0 0 60 40 0 47 44 44
4737 0 30 120 20 0 4737 0 0 60 40 90 44 42 42
4737 0 30 120 20 0 4737 0 0 60 40 180 66 60 60
4737 0 30 120 20 0 4737 0 0 60 60 0 41 41 41
4737 0 30 120 20 0 4737 0 0 60 60 90 45 43 43
4737 0 30 120 20 0 4737 0 0 60 60 180 67 61 61
4737 0 30 120 20 0 4737 0 0 120 0 0 41 41 41
4737 0 30 120 20 0 4737 0 0 120 0 90 45 43 43
4737 0 30 120 20 0 4737 0 0 120 0 180 67 61 61
4737 0 30 120 20 0 4737 0 0 120 20 0 39 41 41
4737 0 30 120 20 0 4737 0 0 120 20 90 50 45 45
4737 0 30 120 20 0 4737 0 0 120 20 180 67 62 62
4737 0 30 120 20 0 4737 0 0 120 40 0 44 42 42
4737 0 30 120 20 0 4737 0 0 120 40 90 55 49 49
4737 0 30 120 20 0 4737 0 0 120 40 180 66 62 62
4737 0 30 120 20 0 4737 0 0 120 60 0 50 47 47
4737 0 30 120 20 0 4737 0 0 120 60 90 59 53 53
4737 0 30 120 20 0 4737 0 0 120 60 180 65 61 61
4737 0 30 120 20 0 4737 0 30 0 0 0 72 63 63
4737 0 30 120 20 0 4737 0 30 0 0 90 63 57 57
4737 0 30 120 20 0 4737 0 30 0 0 180 57 51 51
4737 0 30 120 20 0 4737 0 30 0 20 0 68 60 60
4737 0 30 120 20 0 4737 0 30 0 20 90 58 52 52
4737 0 30 120 20 0 4737 0 30 0 20 180 58 49 49
4737 0 30 120 20 0 4737 0 30 0 40 0 63 56 56
4737 0 30 120 20 0 4737 0 30 0 40 90 53 48 48
4737 0 30 120 20 0 4737 0 30 0 40 180 58 48 48
4737 0 30 120 20 0 4737 0 30 0 60 0 58 52 52
4737 0 30 120 20 0 4737 0 30 0 60 90 49 45 45
4737 0 30 120 20 0 4737 0 30 0 60 180 60 50 50
4737 0 30 120 20 0 4737 0 30 60 0 0 58 55 55
4737 0 30 120 20 0 4737 0 30 60 0 90 49 49 49
4737 0 30 120 20 0 4737 0 30 60 0 180 60 59 59
4737 0 30 120 20 0 4737 0 30 60 20 0 52 51 51
4737 0 30 120 20 0 4737 0 30 60 20 90 45 45 45
4737 0 30 120 20 0 4737 0 30 60 20 180 63 61 61
4737 0 30 120 20 0 4737 0 30 60 40 0 46 47 47
4737 0 30 120 20 0 4737 0 30 60 40 90 43 42 42
4737 0 30 120 20 0 4737 0 30 60 40 180 65 63 63
4737 0 30 120 20 0 4737 0 30 60 60 0 41 45 45
4737 0 30 120 20 0 4737 0 30 60 60 90 44 42 42
4737 0 30 120 20 0 4737 0 30 60 60 180 66 65 65
4737 0 30 120 20 0 4737 0 30 120 0 0 40 41 41
4737 0 30 120 20 0 4737 0 30 120 0 90 44 44 44
4737 0 30 120 20 0 4737 0 30 120 0 180 66 65 65
4737 0 30 120 20 0 4737 0 30 120 20 0 38 39 39
4737 0 30 120 20 0 4737 0 30 120 20 90 49 47 47
4737 0 30 120 20 0 4737 0 30 120 20 180 66 65 65
4737 0 30 120 20 0 4737 0 30 120 40 0 43 44 44
4737 0 30 120 20 0 4737 0 30 120 40 90 54 52 52
4737 0 30 120 20 0 4737 0 30 120 40 180 65 66 66
4737 0 30 120 20 0 4737 0 30 120 60 0 49 49 49
4737 0 30 120 20 0 4737 0 30 120 60 90 58 56 56
4737 0 30 120 20 0 4737 0 30 120 60 180 64 66 66
4737 0 30 120 20 0 4737 0 60 0 0 0 67 64 64
4737 0 30 120 20 0 4737 0 60 0 0 90 61 58 58
4737 0 30 120 20 0 4737 0 60 0 0 180 56 50 50
4737 0 30 120 20 0 4737 0 60 0 20 0 64 61 61
4737 0 30 120 20 0 4737 0 60 0 20 90 56 54 54
4737 0 30 120 20 0 4737 0 60 0 20 180 56 49 49
4737 0 30 120 20 0 4737 0 60 0 40 0 60 58 58
4737 0 30 120 20 0 4737 0 60 0 40 90 51 51 51
4737 0 30 120 20 0 4737 0 60 0 40 180 57 49 49
4737 0 30 120 20 0 4737 0 60 0 60 0 55 56 56
4737 0 30 120 20 0 4737 0 60 0 60 90 47 48 48
4737 0 30 120 20 0 4737 0 60 0 60 180 57 49 49
4737 0 30 120 20 0 4737 0 60 60 0 0 55 62 62
4737 0 30 120 20 0 4737 0 60 60 0 90 48 56 56
4737 0 30 120 20 0 4737 0 60 60 0 180 56 69 69
4737 0 30 120 20 0 4737 0 60 60 20 0 50 60 60
4737 0 30 120 20 0 4737 0 60 60 20 90 44 53 53
4737 0 30 120 20 0 4737 0 60 60 20 180 59 71 71
4737 0 30 120 20 0 4737 0 60 60 40 0 45 58 58
4737 0 30 120 20 0 4737 0 60 60 40 90 42 53 53
4737 0 30 120 20 0 4737 0 60 60 40 180 61 72 72
4737 0 30 120 20 0 4737 0 60 60 60 0 41 57 57
4737 0 30 120 20 0 4737 0 60 60 60 90 42 54 54
4737 0 30 120 20 0 4737 0 60 60 60 180 62 73 73
4737 0 30 120 20 0 4737 0 60 120 0 0 39 51 51
4737 0 30 120 20 0 4737 0 60 120 0 90 41 55 55
4737 0 30 120 20 0 4737 0 60 120 0 180 62 75 75
4737 0 30 120 20 0 4737 0 60 120 20 0 38 51 51
4737 0 30 120 20 0 4737 0 60 120 20 90 45 57 57
4737 0 30 120 20 0 4737 0 60 120 20 180 63 76 76
4737 0 30 120 20 0 4737 0 60 120 40 0 41 54 54
4737 0 30 120 20 0 4737 0 60 120 40 90 50 61 61
4737 0 30 120 20 0 4737 0 60 120 40 180 62 77 77
4737 0 30 120 20 0 4737 0 60 120 60 0 46 57 57
4737 0 30 120 20 0 4737 0 60 120 60 90 54 64 64
4737 0 30 120 20 0 4737 0 60 120 60 180 60 78 78
4737 0 30 120 40 0 4737 0 0 0 0 0 72 69 69
4737 0 30 120 40 0 4737 0 0 0 0 90 55 54 54
4737 0 30 120 40 0 4737 0 0 0 0 180 47 48 48
4737 0 30 120 40 0 4737 0 0 0 20 0 70 67 67
4737 0 30 120 40 0 4737 0 0 0 20 90 50 50 50
4737 0 30 120 40 0 4737 0 0 0 20 180 50 50 50
4737 0 30 120 40 0 4737 0 0 0 40 0 67 64 64
4737 0 30 120 40 0 4737 0 0 0 40 90 48 48 48
4737 0 30 120 40 0 4737 0 0 0 40 180 55 52 52
4737 0 30 120 40 0 4737 0 0 0 60 0 63 60 60
4737 0 30 120 40 0 4737 0 0 0 60 90 46 47 47
4737 0 30 120 40 0 4737 0 0 0 60 180 61 56 56
4737 0 30 120 40 0 4737 0 0 60 0 0 63 60 60
4737 0 30 120 40 0 4737 0 0 60 0 90 46 47 47
4737 0 30 120 40 0 4737 0 0 60 0 180 61 56 56
4737 0 30 120 40 0 4737 0 0 60 20 0 58 56 56
4737 0 30 120 40 0 4737 0 0 60 20 90 47 47 47
4737 0 30 120 40 0 4737 0 0 60 20 180 65 59 59
4737 0 30 120 40 0 4737 0 0 60 40 0 52 52 52
4737 0 30 120 40 0 4737 0 0 60 40 90 48 49 49
4737 0 30 120 40 0 4737 0 0 60 40 180 68 63 63
4737 0 30 120 40 0 4737 0 0 60 60 0 49 49 49
4737 0 30 120 40 0 4737 0 0 60 60 90 53 51 51
4737 0 30 120 40 0 4737 0 0 60 60 180 71 66 66
4737 0 30 120 40 0 4737 0 0 120 0 0 49 49 49
4737 0 30 120 40 0 4737 0 0 120 0 90 53 51 51
4737 0 30 120 40 0 4737 0 0 120 0 180 71 66 66
4737 0 30 120 40 0 4737 0 0 120 20 0 47 47 47
4737 0 30 120 40 0 4737 0 0 120 20 90 58 54 54
4737 0 30 120 40 0 4737 0 0 120 20 180 74 68 68
4737 0 30 120 40 0 4737 0 0 120 40 0 46 47 47
4737 0 30 120 40 0 4737 0 0 120 40 90 63 58 58
4737 0 30 120 40 0 4737 0 0 120 40 180 74 70 70
4737 0 30 120 40 0 4737 0 0 120 60 0 47 48 48
4737 0 30 120 40 0 4737 0 0 120 60 90 67 61 61
4737 0 30 120 40 0 4737 0 0 120 60 180 72 69 69
4737 0 30 120 40 0 4737 0 30 0 0 0 72 62 62
4737 0 30 120 40 0 4737 0 30 0 0 90 55 48 48
4737 0 30 120 40 0 4737 0 30 0 0 180 47 44 44
4737 0 30 120 40 0 4737 0 30 0 20 0 69 60 60
4737 0 30 120 40 0 4737 0 30 0 20 90 50 44 44
4737 0 30 120 40 0 4737 0 30 0 20 180 50 44 44
4737 0 30 120 40 0 4737 0 30 0 40 0 66 57 57
4737 0 30 120 40 0 4737 0 30 0 40 90 47 42 42
4737 0 30 120 40 0 4737 0 30 0 40 180 54 46 46
4737 0 30 120 40 0 4737 0 30 0 60 0 62 54 54
4737 0 30 120 40 0 4737 0 30 0 60 90 46 41 41
4737 0 30 120 40 0 4737 0 30 0 60 180 60 49 49
4737 0 30 120 40 0 4737 0 30 60 0 0 63 53 53
4737 0 30 120 40 0 4737 0 30 60 0 90 46 43 43
4737 0 30 120 40 0 4737 0 30 60 0 180 60 53 53
4737 0 30 120 40 0 4737 0 30 60 20 0 58 49 49
4737 0 30 120 40 0 4737 0 30 60 20 90 46 41 41
4737 0 30 120 40 0 4737 0 30 60 20 180 64 55 55
4737 0 30 120 40 0 4737 0 30 60 40 0 52 46 46
4737 0 30 120 40 0 4737 0 30 60 40 90 48 41 41
4737 0 30 120 40 0 4737 0 30 60 40 180 68 58 58
4737 0 30 120 40 0 4737 0 30 60 60 0 49 43 43
4737 0 30 120 40 0 4737 0 30 60 60 90 52 43 43
4737 0 30 120 40 0 4737 0 30 60 60 180 71 60 60
4737 0 30 120 40 0 4737 0 30 120 0 0 48 45 45
4737 0 30 120 40 0 4737 0 30 120 0 90 52 47 47
4737 0 30 120 40 0 4737 0 30 120 0 180 70 63 63
4737 0 30 120 40 0 4737 0 30 120 20 0 46 42 42
4737 0 30 120 40 0 4737 0 30 120 20 90 57 49 49
4737 0 30 120 40 0 4737 0 30 120 20 180 72 64 64
4737 0 30 120 40 0 4737 0 30 120 40 0 46 40 40
4737 0 30 120 40 0 4737 0 30 120 40 90 62 52 52
4737 0 30 120 40 0 4737 0 30 120 40 180 73 65 65
4737 0 30 120 40 0 4737 0 30 120 60 0 47 40 40
4737 0 30 120 40 0 4737 0 30 120 60 90 66 55 55
4737 0 30 120 40 0 4737 0 30 120 60 180 71 63 63
4737 0 30 120 40 0 4737 0 60 0 0 0 68 63 63
4737 0 30 120 40 0 4737 0 60 0 0 90 53 49 49
4737 0 30 120 40 0 4737 0 60 0 0 180 46 47 47
4737 0 30 120 40 0 4737 0 60 0 20 0 67 60 60
4737 0 30 120 40 0 4737 0 60 0 20 90 48 46 46
4737 0 30 120 40 0 4737 0 60 0 20 180 49 47 47
4737 0 30 120 40 0 4737 0 60 0 40 0 63 59 59
4737 0 30 120 40 0 4737 0 60 0 40 90 45 45 45
4737 0 30 120 40 0 4737 0 60 0 40 180 52 49 49
4737 0 30 120 40 0 4737 0 60 0 60 0 59 57 57
4737 0 30 120 40 0 4737 0 60 0 60 90 44 45 45
4737 0 30 120 40 0 4737 0 60 0 60 180 56 51 51
4737 0 30 120 40 0 4737 0 60 60 0 0 61 53 53
4737 0 30 120 40 0 4737 0 60 60 0 90 44 45 45
4737 0 30 120 40 0 4737 0 60 60 0 180 57 57 57
4737 0 30 120 40 0 4737 0 60 60 20 0 56 50 50
4737 0 30 120 40 0 4737 0 60 60 20 90 45 44 44
4737 0 30 120 40 0 4737 0 60 60 20 180 61 58 58
4737 0 30 120 40 0 4737 0 60 60 40 0 51 48 48
4737 0 30 120 40 0 4737 0 60 60 40 90 48 45 45
4737 0 30 120 40 0 4737 0 60 60 40 180 64 60 60
4737 0 30 120 40 0 4737 0 60 60 60 0 48 47 47
4737 0 30 120 40 0 4737 0 60 60 60 90 50 46 46
4737 0 30 120 40 0 4737 0 60 60 60 180 66 62 62
4737 0 30 120 40 0 4737 0 60 120 0 0 45 47 47
4737 0 30 120 40 0 4737 0 60 120 0 90 50 51 51
4737 0 30 120 40 0 4737 0 60 120 0 180 66 66 66
4737 0 30 120 40 0 4737 0 60 120 20 0 44 45 45
4737 0 30 120 40 0 4737 0 60 120 20 90 54 53 53
4737 0 30 120 40 0 4737 0 60 120 20 180 67 67 67
4737 0 30 120 40 0 4737 0 60 120 40 0 45 44 44
4737 0 30 120 40 0 4737 0 60 120 40 90 58 54 54
4737 0 30 120 40 0 4737 0 60 120 40 180 68 68 68
4737 0 30 120 40 0 4737 0 60 120 60 0 46 45 45
4737 0 30 120 40 0 4737 0 60 120 60 90 62 56 56
4737 0 30 120 40 0 4737 0 60 120 60 180 67 67 67
4737 0 30 120 40 0 4737 0 0 0 0 0 73 69 69
4737 0 30 120 40 0 4737 0 0 0 0 90 60 58 58
4737 0 30 120 40 0 4737 0 0 0 0 180 50 50 50
4737 0 30 120 40 0 4737 0 0 0 20 0 71 67 67
4737 0 30 120 40 0 4737 0 0 0 20 90 54 53 53
4737 0 30 120 40 0 4737 0 0 0 20 180 52 51 51
4737 0 30 120 40 0 4737 0 0 0 40 0 68 64 64
4737 0 30 120 40 0 4737 0 0 0 40 90 51 50 50
4737 0 30 120 40 0 4737 0 0 0 40 180 55 53 53
4737 0 30 120 40 0 4737 0 0 0 60 0 63 59 59
4737 0 30 120 40 0 4737 0 0 0 60 90 48 47 47
4737 0 30 120 40 0 4737 0 0 0 60 180 60 55 55
4737 0 30 120 40 0 4737 0 0 60 0 0 63 59 59
4737 0 30 120 40 0 4737 0 0 60 0 90 48 47 47
4737 0 30 120 40 0 4737 0 0 60 0 180 60 55 55
4737 0 30 120 40 0 4737 0 0 60 20 0 58 55 55
4737 0 30 120 40 0 4737 0 0 60 20 90 46 46 46
4737 0 30 120 40 0 4737 0 0 60 20 180 64 58 58
4737 0 30 120 40 0 4737 0 0 60 40 0 52 51 51
4737 0 30 120 40 0 4737 0 0 60 40 90 46 46 46
4737 0 30 120 40 0 4737 0 0 60 40 180 67 61 61
4737 0 30 120 40 0 4737 0 0 60 60 0 47 47 47
4737 0 30 120 40 0 4737 0 0 60 60 90 48 48 48
4737 0 30 120 40 0 4737 0 0 60 60 180 70 64 64
4737 0 30 120 40 0 4737 0 0 120 0 0 47 47 47
4737 0 30 120 40 0 4737 0 0 120 0 90 48 48 48
4737 0 30 120 40 0 4737 0 0 120 0 180 70 64 64
4737 0 30 120 40 0 4737 0 0 120 20 0 44 45 45
4737 0 30 120 40 0 4737 0 0 120 20 90 53 50 50
4737 0 30 120 40 0 4737 0 0 120 20 180 72 67 67
4737 0 30 120 40 0 4737 0 0 120 40 0 43 45 45
4737 0 30 120 40 0 4737 0 0 120 40 90 58 53 53
4737 0 30 120 40 0 4737 0 0 120 40 180 72 68 68
4737 0 30 120 40 0 4737 0 0 120 60 0 45 46 46
4737 0 30 120 40 0 4737 0 0 120 60 90 63 57 57
4737 0 30 120 40 0 4737 0 0 120 60 180 70 68 68
4737 0 30 120 40 0 4737 0 30 0 0 0 73 63 63
4737 0 30 120 40 0 4737 0 30 0 0 90 60 52 52
4737 0 30 120 40 0 4737 0 30 0 0 180 50 47 47
4737 0 30 120 40 0 4737 0 30 0 20 0 71 61 61
4737 0 30 120 40 0 4737 0 30 0 20 90 54 48 48
4737 0 30 120 40 0 4737 0 30 0 20 180 51 45 45
4737 0 30 120 40 0 4737 0 30 0 40 0 67 58 58
4737 0 30 120 40 0 4737 0 30 0 40 90 50 44 44
4737 0 30 120 40 0 4737 0 30 0 40 180 55 46 46
4737 0 30 120 40 0 4737 0 30 0 60 0 63 55 55
4737 0 30 120 40 0 4737 0 30 0 60 90 47 42 42
4737 0 30 120 40 0 4737 0 30 0 60 180 59 48 48
4737 0 30 120 40 0 4737 0 30 60 0 0 63 55 55
4737 0 30 120 40 0 4737 0 30 60 0 90 47 46 46
4737 0 30 120 40 0 4737 0 30 60 0 180 59 54 54
4737 0 30 120 40 0 4737 0 30 60 20 0 58 51 51
4737 0 30 120 40 0 4737 0 30 60 20 90 46 43 43
4737 0 30 120 40 0 4737 0 30 60 20 180 63 57 57
4737 0 30 120 40 0 4737 0 30 60 40 0 52 48 48
4737 0 30 120 40 0 4737 0 30 60 40 90 46 41 41
4737 0 30 120 40 0 4737 0 30 60 40 180 66 59 59
4737 0 30 120 40 0 4737 0 30 60 60 0 47 45 45
4737 0 30 120 40 0 4737 0 30 60 60 90 47 42 42
4737 0 30 120 40 0 4737 0 30 60 60 180 69 61 61
4737 0 30 120 40 0 4737 0 30 120 0 0 47 44 44
4737 0 30 120 40 0 4737 0 30 120 0 90 47 46 46
4737 0 30 120 40 0 4737 0 30 120 0 180 69 64 64
4737 0 30 120 40 0 4737 0 30 120 20 0 43 41 41
4737 0 30 120 40 0 4737 0 30 120 20 90 52 47 47
4737 0 30 120 40 0 4737 0 30 120 20 180 71 65 65
4737 0 30 120 40 0 4737 0 30 120 40 0 43 40 40
4737 0 30 120 40 0 4737 0 30 120 40 90 57 51 51
4737 0 30 120 40 0 4737 0 30 120 40 180 71 66 66
4737 0 30 120 40 0 4737 0 30 120 60 0 44 41 41
4737 0 30 120 40 0 4737 0 30 120 60 90 62 54 54
4737 0 30 120 40 0 4737 0 30 120 60 180 70 65 65
4737 0 30 120 40 0 4737 0 60 0 0 0 69 64 64
4737 0 30 120 40 0 4737 0 60 0 0 90 58 53 53
4737 0 30 120 40 0 4737 0 60 0 0 180 49 48 48
4737 0 30 120 40 0 4737 0 60 0 20 0 68 62 62
4737 0 30 120 40 0 4737 0 60 0 20 90 52 50 50
4737 0 30 120 40 0 4737 0 60 0 20 180 51 48 48
4737 0 30 120 40 0 4737 0 60 0 40 0 64 60 60
4737 0 30 120 40 0 4737 0 60 0 40 90 48 48 48
4737 0 30 120 40 0 4737 0 60 0 40 180 53 48 48
4737 0 30 120 40 0 4737 0 60 0 60 0 60 58 58
4737 0 30 120 40 0 4737 0 60 0 60 90 45 46 46
4737 0 30 120 40 0 4737 0 60 0 60 180 56 50 50
4737 0 30 120 40 0 4737 0 60 60 0 0 61 58 58
4737 0 30 120 40 0 4737 0 60 60 0 90 45 49 49
4737 0 30 120 40 0 4737 0 60 60 0 180 56 60 60
4737 0 30 120 40 0 4737 0 60 60 20 0 56 54 54
4737 0 30 120 40 0 4737 0 60 60 20 90 45 47 47
4737 0 30 120 40 0 4737 0 60 60 20 180 60 62 62
4737 0 30 120 40 0 4737 0 60 60 40 0 50 52 52
4737 0 30 120 40 0 4737 0 60 60 40 90 45 47 47
4737 0 30 120 40 0 4737 0 60 60 40 180 63 64 64
4737 0 30 120 40 0 4737 0 60 60 60 0 46 51 51
4737 0 30 120 40 0 4737 0 60 60 60 90 47 47 47
4737 0 30 120 40 0 4737 0 60 60 60 180 65 66 66
4737 0 30 120 40 0 4737 0 60 120 0 0 45 48 48
4737 0 30 120 40 0 4737 0 60 120 0 90 46 52 52
4737 0 30 120 40 0 4737 0 60 120 0 180 64 70 70
4737 0 30 120 40 0 4737 0 60 120 20 0 41 46 46
4737 0 30 120 40 0 4737 0 60 120 20 90 50 53 53
4737 0 30 120 40 0 4737 0 60 120 20 180 66 71 71
4737 0 30 120 40 0 4737 0 60 120 40 0 42 46 46
4737 0 30 120 40 0 4737 0 60 120 40 90 54 55 55
4737 0 30 120 40 0 4737 0 60 120 40 180 67 71 71
4737 0 30 120 40 0 4737 0 60 120 60 0 44 47 47
4737 0 30 120 40 0 4737 0 60 120 60 90 58 58 58
4737 0 30 120 40 0 4737 0 60 120 60 180 67 71 71
4737 0 30 120 40 0 4737 0 0 0 0 0 74 69 69
4737 0 30 120 40 0 4737 0 0 0 0 90 64 62 62
4737 0 30 120 40 0 4737 0 0 0 0 180 53 52 52
4737 0 30 120 40 0 4737 0 0 0 20 0 72 67 67
4737 0 30 120 40 0 4737 0 0 0 20 90 59 57 57
4737 0 30 120 40 0 4737 0 0 0 20 180 54 53 53
4737 0 30 120 40 0 4737 0 0 0 40 0 68 63 63
4737 0 30 120 40 0 4737 0 0 0 40 90 54 53 53
4737 0 30 120 40 0 4737 0 0 0 40 180 56 54 54
4737 0 30 120 40 0 4737 0 0 0 60 0 63 59 59
4737 0 30 120 40 0 4737 0 0 0 60 90 50 49 49
4737 0 30 120 40 0 4737 0 0 0 60 180 59 55 55
4737 0 30 120 40 0 4737 0 0 60 0 0 63 59 59
4737 0 30 120 40 0 4737 0 0 60 0 90 50 49 49
4737 0 30 120 40 0 4737 0 0 60 0 180 59 55 55
4737 0 30 120 40 0 4737 0 0 60 20 0 58 54 54
4737 0 30 120 40 0 4737 0 0 60 20 90 47 46 46
4737 0 30 120 40 0 4737 0 0 60 20 180 63 57 57
4737 0 30 120 40 0 4737 0 0 60 40 0 52 50 50
4737 0 30 120 40 0 4737 0 0 60 40 90 45 44 44
4737 0 30 120 40 0 4737 0 0 60 40 180 66 60 60
4737 0 30 120 40 0 4737 0 0 60 60 0 47 45 45
4737 0 30 120 40 0 4737 0 0 60 60 90 45 45 45
4737 0 30 120 40 0 4737 0 0 60 60 180 68 63 63
4737 0 30 120 40 0 4737 0 0 120 0 0 47 45 45
4737 0 30 120 40 0 4737 0 0 120 0 90 45 45 45
4737 0 30 120 40 0 4737 0 0 120 0 180 68 63 63
4737 0 30 120 40 0 4737 0 0 120 20 0 42 43 43
4737 0 30 120 40 0 4737 0 0 120 20 90 49 46 46
4737 0 30 120 40 0 4737 0 0 120 20 180 69 65 65
4737 0 30 120 40 0 4737 0 0 120 40 0 40 43 43
4737 0 30 120 40 0 4737 0 0 120 40 90 54 49 49
4737 0 30 120 40 0 4737 0 0 120 40 180 69 65 65
4737 0 30 120 40 0 4737 0 0 120 60 0 44 44 44
4737 0 30 120 40 0 4737 0 0 120 60 90 59 53 53
4737 0 30 120 40 0 4737 0 0 120 60 180 69 65 65
4737 0 30 120 40 0 4737 0 30 0 0 0 74 64 64
4737 0 30 120 40 0 4737 0 30 0 0 90 64 57 57
4737 0 30 120 40 0 4737 0 30 0 0 180 53 50 50
4737 0 30 120 40 0 4737 0 30 0 20 0 72 62 62
4737 0 30 120 40 0 4737 0 30 0 20 90 59 52 52
4737 0 30 120 40 0 4737 0 30 0 20 180 54 48 48
4737 0 30 120 40 0 4737 0 30 0 40 0 68 59 59
4737 0 30 120 40 0 4737 0 30 0 40 90 53 48 48
4737 0 30 120 40 0 4737 0 30 0 40 180 56 47 47
4737 0 30 120 40 0 4737 0 30 0 60 0 63 55 55
4737 0 30 120 40 0 4737 0 30 0 60 90 50 45 45
4737 0 30 120 40 0 4737 0 30 0 60 180 58 48 48
4737 0 30 120 40 0 4737 0 30 60 0 0 63 58 58
4737 0 30 120 40 0 4737 0 30 60 0 90 50 49 49
4737 0 30 120 40 0 4737 0 30 60 0 180 58 56 56
4737 0 30 120 40 0 4737 0 30 60 20 0 58 54 54
4737 0 30 120 40 0 4737 0 30 60 20 90 47 46 46
4737 0 30 120 40 0 4737 0 30 60 20 180 62 58 58
4737 0 30 120 40 0 4737 0 30 60 40 0 52 50 50
4737 0 30 120 40 0 4737 0 30 60 40 90 45 42 42
4737 0 30 120 40 0 4737 0 30 60 40 180 65 60 60
4737 0 30 120 40 0 4737 0 30 60 60 0 46 46 46
4737 0 30 120 40 0 4737 0 30 60 60 90 45 41 41
4737 0 30 120 40 0 4737 0 30 60 60 180 67 63 63
4737 0 30 120 40 0 4737 0 30 120 0 0 46 45 45
4737 0 30 120 40 0 4737 0 30 120 0 90 44 45 45
4737 0 30 120 40 0 4737 0 30 120 0 180 67 65 65
4737 0 30 120 40 0 4737 0 30 120 20 0 41 41 41
4737 0 30 120 40 0 4737 0 30 120 20 90 48 45 45
4737 0 30 120 40 0 4737 0 30 120 20 180 69 66 66
4737 0 30 120 40 0 4737 0 30 120 40 0 40 39 39
4737 0 30 120 40 0 4737 0 30 120 40 90 53 49 49
4737 0 30 120 40 0 4737 0 30 120 40 180 69 66 66
4737 0 30 120 40 0 4737 0 30 120 60 0 43 42 42
4737 0 30 120 40 0 4737 0 30 120 60 90 58 53 53
4737 0 30 120 40 0 4737 0 30 120 60 180 68 66 66
4737 0 30 120 40 0 4737 0 60 0 0 0 69 66 66
4737 0 30 120 40 0 4737 0 60 0 0 90 62 57 57
4737 0 30 120 40 0 4737 0 60 0 0 180 52 50 50
4737 0 30 120 40 0 4737 0 60 0 20 0 68 63 63
4737 0 30 120 40 0 4737 0 60 0 20 90 57 54 54
4737 0 30 120 40 0 4737 0 60 0 20 180 54 49 49
4737 0 30 120 40 0 4737 0 60 0 40 0 65 61 61
4737 0 30 120 40 0 4737 0 60 0 40 90 52 50 50
4737 0 30 120 40 0 4737 0 60 0 40 180 55 49 49
4737 0 30 120 40 0 4737 0 60 0 60 0 60 58 58
4737 0 30 120 40 0 4737 0 60 0 60 90 47 48 48
4737 0 30 120 40 0 4737 0 60 0 60 180 56 49 49
4737 0 30 120 40 0 4737 0 60 60 0 0 61 62 62
4737 0 30 120 40 0 4737 0 60 60 0 90 48 54 54
4737 0 30 120 40 0 4737 0 60 60 0 180 55 64 64
4737 0 30 120 40 0 4737 0 60 60 20 0 55 58 58
4737 0 30 120 40 0 4737 0 60 60 20 90 45 51 51
4737 0 30 120 40 0 4737 0 60 60 20 180 58 66 66
4737 0 30 120 40 0 4737 0 60 60 40 0 50 56 56
4737 0 30 120 40 0 4737 0 60 60 40 90 44 50 50
4737 0 30 120 40 0 4737 0 60 60 40 180 61 67 67
4737 0 30 120 40 0 4737 0 60 60 60 0 45 55 55
4737 0 30 120 40 0 4737 0 60 60 60 90 44 50 50
4737 0 30 120 40 0 4737 0 60 60 60 180 63 70 70
4737 0 30 120 40 0 4737 0 60 120 0 0 44 50 50
4737 0 30 120 40 0 4737 0 60 120 0 90 41 53 53
4737 0 30 120 40 0 4737 0 60 120 0 180 62 73 73
4737 0 30 120 40 0 4737 0 60 120 20 0 39 48 48
4737 0 30 120 40 0 4737 0 60 120 20 90 45 54 54
4737 0 30 120 40 0 4737 0 60 120 20 180 64 73 73
4737 0 30 120 40 0 4737 0 60 120 40 0 39 49 49
4737 0 30 120 40 0 4737 0 60 120 40 90 49 57 57
4737 0 30 120 40 0 4737 0 60 120 40 180 65 74 74
4737 0 30 120 40 0 4737 0 60 120 60 0 42 50 50
4737 0 30 120 40 0 4737 0 60 120 60 90 54 60 60
4737 0 30 120 40 0 4737 0 60 120 60 180 64 75 75
4737 0 30 120 40 0 4737 0 0 0 0 0 74 68 68
4737 0 30 120 40 0 4737 0 0 0 0 90 69 65 65
4737 0 30 120 40 0 4737 0 0 0 0 180 56 55 55
4737 0 30 120 40 0 4737 0 0 0 20 0 73 65 65
4737 0 30 120 40 0 4737 0 0 0 20 90 63 60 60
4737 0 30 120 40 0 4737 0 0 0 20 180 57 55 55
4737 0 30 120 40 0 4737 0 0 0 40 0 68 62 62
4737 0 30 120 40 0 4737 0 0 0 40 90 58 56 56
4737 0 30 120 40 0 4737 0 0 0 40 180 58 55 55
4737 0 30 120 40 0 4737 0 0 0 60 0 63 57 57
4737 0 30 120 40 0 4737 0 0 0 60 90 53 51 51
4737 0 30 120 40 0 4737 0 0 0 60 180 59 55 55
4737 0 30 120 40 0 4737 0 0 60 0 0 63 57 57
4737 0 30 120 40 0 4737 0 0 60 0 90 53 51 51
4737 0 30 120 40 0 4737 0 0 60 0 180 59 55 55
4737 0 30 120 40 0 4737 0 0 60 20 0 58 53 53
4737 0 30 120 40 0 4737 0 0 60 20 90 49 47 47
4737 0 30 120 40 0 4737 0 0 60 20 180 62 56 56
4737 0 30 120 40 0 4737 0 0 60 40 0 52 49 49
4737 0 30 120 40 0 4737 0 0 60 40 90 46 43 43
4737 0 30 120 40 0 4737 0 0 60 40 180 64 58 58
4737 0 30 120 40 0 4737 0 0 60 60 0 46 44 44
4737 0 30 120 40 0 4737 0 0 60 60 90 44 42 42
4737 0 30 120 40 0 4737 0 0 60 60 180 66 60 60
4737 0 30 120 40 0 4737 0 0 120 0 0 46 44 44
4737 0 30 120 40 0 4737 0 0 120 0 90 44 42 42
4737 0 30 120 40 0 4737 0 0 120 0 180 66 60 60
4737 0 30 120 40 0 4737 0 0 120 20 0 41 41 41
4737 0 30 120 40 0 4737 0 0 120 20 90 45 43 43
4737 0 30 120 40 0 4737 0 0 120 20 180 67 61 61
4737 0 30 120 40 0 4737 0 0 120 40 0 39 41 41
4737 0 30 120 40 0 4737 0 0 120 40 90 50 45 45
4737 0 30 120 40 0 4737 0 0 120 40 180 67 62 62
4737 0 30 120 40 0 4737 0 0 120 60 0 44 42 42
4737 0 30 120 40 0 4737 0 0 120 60 90 55 49 49
4737 0 30 120 40 0 4737 0 0 120 60 180 66 62 62
4737 0 30 120 40 0 4737 0 30 0 0 0 73 66 66
4737 0 30 120 40 0 4737 0 30 0 0 90 69 61 61
4737 0 30 120 40 0 4737 0 30 0 0 180 56 53 53
4737 0 30 120 40 0 4737 0 30 0 20 0 72 63 63
4737 0 30 120 40 0 4737 0 30 0 20 90 63 57 57
4737 0 30 120 40 0 4737 0 30 0 20 180 57 51 51
4737 0 30 120 40 0 4737 0 30 0 40 0 68 60 60
4737 0 30 120 40 0 4737 0 30 0 40 90 57 52 52
4737 0 30 120 40 0 4737 0 30 0 40 180 58 49 49
4737 0 30 120 40 0 4737 0 30 0 60 0 63 56 56
4737 0 30 120 40 0 4737 0 30 0 60 90 52 48 48
4737 0 30 120 40 0 4737 0 30 0 60 180 58 48 48
4737 0 30 120 40 0 4737 0 30 60 0 0 63 60 60
4737 0 30 120 40 0 4737 0 30 60 0 90 53 53 53
4737 0 30 120 40 0 4737 0 30 60 0 180 57 58 58
4737 0 30 120 40 0 4737 0 30 60 20 0 57 56 56
4737 0 30 120 40 0 4737 0 30 60 20 90 49 49 49
4737 0 30 120 40 0 4737 0 30 60 20 180 60 59 59
4737 0 30 120 40 0 4737 0 30 60 40 0 52 51 51
4737 0 30 120 40 0 4737 0 30 60 40 90 45 45 45
4737 0 30 120 40 0 4737 0 30 60 40 180 63 62 62
4737 0 30 120 40 0 4737 0 30 60 60 0 46 48 48
4737 0 30 120 40 0 4737 0 30 60 60 90 43 42 42
4737 0 30 120 40 0 4737 0 30 60 60 180 65 64 64
4737 0 30 120 40 0 4737 0 30 120 0 0 46 46 46
4737 0 30 120 40 0 4737 0 30 120 0 90 42 44 44
4737 0 30 120 40 0 4737 0 30 120 0 180 65 65 65
4737 0 30 120 40 0 4737 0 30 120 20 0 40 41 41
4737 0 30 120 40 0 4737 0 30 120 20 90 43 44 44
4737 0 30 120 40 0 4737 0 30 120 20 180 66 65 65
4737 0 30 120 40 0 4737 0 30 120 40 0 38 39 39
4737 0 30 120 40 0 4737 0 30 120 40 90 49 48 48
4737 0 30 120 40 0 4737 0 30 120 40 180 66 66 66
4737 0 30 120 40 0 4737 0 30 120 60 0 43 44 44
4737 0 30 120 40 0 4737 0 30 120 60 90 54 52 52
4737 0 30 120 40 0 4737 0 30 120 60 180 65 66 66
4737 0 30 120 40 0 4737 0 60 0 0 0 69 67 67
4737 0 30 120 40 0 4737 0 60 0 0 90 65 61 61
4737 0 30 120 40 0 4737 0 60 0 0 180 56 52 52
4737 0 30 120 40 0 4737 0 60 0 20 0 67 65 65
4737 0 30 120 40 0 4737 0 60 0 20 90 60 58 58
4737 0 30 120 40 0 4737 0 60 0 20 180 56 51 51
4737 0 30 120 40 0 4737 0 60 0 40 0 64 62 62
4737 0 30 120 40 0 4737 0 60 0 40 90 55 54 54
4737 0 30 120 40 0 4737 0 60 0 40 180 56 50 50
4737 0 30 120 40 0 4737 0 60 0 60 0 60 59 59
4737 0 30 120 40 0 4737 0 60 0 60 90 51 51 51
4737 0 30 120 40 0 4737 0 60 0 60 180 56 49 49
4737 0 30 120 40 0 4737 0 60 60 0 0 60 66 66
4737 0 30 120 40 0 4737 0 60 60 0 90 52 60 60
4737 0 30 120 40 0 4737 0 60 60 0 180 54 68 68
4737 0 30 120 40 0 4737 0 60 60 20 0 55 63 63
4737 0 30 120 40 0 4737 0 60 60 20 90 47 56 56
4737 0 30 120 40 0 4737 0 60 60 20 180 56 70 70
4737 0 30 120 40 0 4737 0 60 60 40 0 50 61 61
4737 0 30 120 40 0 4737 0 60 60 40 90 44 55 55
4737 0 30 120 40 0 4737 0 60 60 40 180 58 72 72
4737 0 30 120 40 0 4737 0 60 60 60 0 44 59 59
4737 0 30 120 40 0 4737 0 60 60 60 90 42 54 54
4737 0 30 120 40 0 4737 0 60 60 60 180 60 73 73
4737 0 30 120 40 0 4737 0 60 120 0 0 43 53 53
4737 0 30 120 40 0 4737 0 60 120 0 90 39 55 55
4737 0 30 120 40 0 4737 0 60 120 0 180 60 74 74
4737 0 30 120 40 0 4737 0 60 120 20 0 39 52 52
4737 0 30 120 40 0 4737 0 60 120 20 90 41 56 56
4737 0 30 120 40 0 4737 0 60 120 20 180 62 76 76
4737 0 30 120 40 0 4737 0 60 120 40 0 38 52 52
4737 0 30 120 40 0 4737 0 60 120 40 90 45 58 58
4737 0 30 120 40 0 4737 0 60 120 40 180 62 77 77
4737 0 30 120 40 0 4737 0 60 120 60 0 41 55 55
4737 0 30 120 40 0 4737 0 60 120 60 90 50 61 61
4737 0 30 120 40 0 4737 0 60 120 60 180 61 78 78
4737 0 30 120 60 0 4737 0 0 0 0 0 74 70 70
4737 0 30 120 60 0 4737 0 0 0 0 90 60 58 58
4737 0 30 120 60 0 4737 0 0 0 0 180 46 47 47
4737 0 30 120 60 0 4737 0 0 0 20 0 72 69 69
4737 0 30 120 60 0 4737 0 0 0 20 90 55 54 54
4737 0 30 120 60 0 4737 0 0 0 20 180 47 48 48
4737 0 30 120 60 0 4737 0 0 0 40 0 70 67 67
4737 0 30 120 60 0 4737 0 0 0 40 90 50 50 50
4737 0 30 120 60 0 4737 0 0 0 40 180 50 50 50
4737 0 30 120 60 0 4737 0 0 0 60 0 67 64 64
4737 0 30 120 60 0 4737 0 0 0 60 90 48 48 48
4737 0 30 120 60 0 4737 0 0 0 60 180 55 52 52
4737 0 30 120 60 0 4737 0 0 60 0 0 67 64 64
4737 0 30 120 60 0 4737 0 0 60 0 90 48 48 48
4737 0 30 120 60 0 4737 0 0 60 0 180 55 52 52
4737 0 30 120 60 0 4737 0 0 60 20 0 63 60 60
4737 0 30 120 60 0 4737 0 0 60 20 90 46 47 47
4737 0 30 120 60 0 4737 0 0 60 20 180 61 56 56
4737 0 30 120 60 0 4737 0 0 60 40 0 58 56 56
4737 0 30 120 60 0 4737 0 0 60 40 90 47 47 47
4737 0 30 120 60 0 4737 0 0 60 40 180 65 60 60
4737 0 30 120 60 0 4737 0 0 60 60 0 52 51 51
4737 0 30 120 60 0 4737 0 0 60 60 90 48 49 49
4737 0 30 120 60 0 4737 0 0 60 60 180 68 63 63
4737 0 30 120 60 0 4737 0 0 120 0 0 52 51 51
4737 0 30 120 60 0 4737 0 0 120 0 90 48 49 49
4737 0 30 120 60 0 4737 0 0 120 0 180 68 63 63
4737 0 30 120 60 0 4737 0 0 120 20 0 49 49 49
4737 0 30 120 60 0 4737 0 0 120 20 90 52 51 51
4737 0 30 120 60 0 4737 0 0 120 20 180 71 66 66
4737 0 30 120 60 0 4737 0 0 120 40 0 47 47 47
4737 0 30 120 60 0 4737 0 0 120 40 90 58 54 54
4737 0 30 120 60 0 4737 0 0 120 40 180 73 68 68
4737 0 30 120 60 0 4737 0 0 120 60 0 46 47 47
4737 0 30 120 60 0 4737 0 0 120 60 90 63 58 58
4737 0 30 120 60 0 4737 0 0 120 60 180 74 70 70
4737 0 30 120 60 0 4737 0 30 0 0 0 73 64 64
4737 0 30 120 60 0 4737 0 30 0 0 90 60 51 51
4737 0 30 120 60 0 4737 0 30 0 0 180 46 46 46
4737 0 30 120 60 0 4737 0 30 0 20 0 72 62 62
4737 0 30 120 60 0 4737 0 30 0 20 90 55 47 47
4737 0 30 120 60 0 4737 0 30 0 20 180 47 44 44
4737 0 30 120 60 0 4737 0 30 0 40 0 69 60 60
4737 0 30 120 60 0 4737 0 30 0 40 90 50 44 44
4737 0 30 120 60 0 4737 0 30 0 40 180 49 44 44
4737 0 30 120 60 0 4737 0 30 0 60 0 66 57 57
4737 0 30 120 60 0 4737 0 30 0 60 90 47 42 42
4737 0 30 120 60 0 4737 0 30 0 60 180 54 46 46
4737 0 30 120 60 0 4737 0 30 60 0 0 66 56 56
4737 0 30 120 60 0 4737 0 30 60 0 90 47 46 46
4737 0 30 120 60 0 4737 0 30 60 0 180 54 52 52
4737 0 30 120 60 0 4737 0 30 60 20 0 63 53 53
4737 0 30 120 60 0 4737 0 30 60 20 90 46 43 43
4737 0 30 120 60 0 4737 0 30 60 20 180 60 53 53
4737 0 30 120 60 0 4737 0 30 60 40 0 58 49 49
4737 0 30 120 60 0 4737 0 30 60 40 90 46 41 41
4737 0 30 120 60 0 4737 0 30 60 40 180 64 55 55
4737 0 30 120 60 0 4737 0 30 60 60 0 52 46 46
4737 0 30 120 60 0 4737 0 30 60 60 90 48 41 41
4737 0 30 120 60 0 4737 0 30 60 60 180 67 58 58
4737 0 30 120 60 0 4737 0 30 120 0 0 52 48 48
4737 0 30 120 60 0 4737 0 30 120 0 90 48 47 47
4737 0 30 120 60 0 4737 0 30 120 0 180 67 61 61
4737 0 30 120 60 0 4737 0 30 120 20 0 48 45 45
4737 0 30 120 60 0 4737 0 30 120 20 90 52 47 47
4737 0 30 120 60 0 4737 0 30 120 20 180 70 63 63
4737 0 30 120 60 0 4737 0 30 120 40 0 46 42 42
4737 0 30 120 60 0 4737 0 30 120 40 90 57 49 49
4737 0 30 120 60 0 4737 0 30 120 40 180 72 64 64
4737 0 30 120 60 0 4737 0 30 120 60 0 46 40 40
4737 0 30 120 60 0 4737 0 30 120 60 90 62 52 52
4737 0 30 120 60 0 4737 0 30 120 60 180 73 65 65
4737 0 30 120 60 0 4737 0 60 0 0 0 68 65 65
4737 0 30 120 60 0 4737 0 60 0 0 90 59 53 53
4737 0 30 120 60 0 4737 0 60 0 0 180 44 47 47
4737 0 30 120 60 0 4737 0 60 0 20 0 68 63 63
4737 0 30 120 60 0 4737 0 60 0 20 90 53 49 49
4737 0 30 120 60 0 4737 0 60 0 20 180 46 47 47
4737 0 30 120 60 0 4737 0 60 0 40 0 66 61 61
4737 0 30 120 60 0 4737 0 60 0 40 90 48 47 47
4737 0 30 120 60 0 4737 0 60 0 40 180 49 48 48
4737 0 30 120 60 0 4737 0 60 0 60 0 63 59 59
4737 0 30 120 60 0 4737 0 60 0 60 90 45 46 46
4737 0 30 120 60 0 4737 0 60 0 60 180 52 49 49
4737 0 30 120 60 0 4737 0 60 60 0 0 64 57 57
4737 0 30 120 60 0 4737 0 60 60 0 90 45 48 48
4737 0 30 120 60 0 4737 0 60 60 0 180 52 56 56
4737 0 30 120 60 0 4737 0 60 60 20 0 60 53 53
4737 0 30 120 60 0 4737 0 60 60 20 90 44 45 45
4737 0 30 120 60 0 4737 0 60 60 20 180 57 57 57
4737 0 30 120 60 0 4737 0 60 60 40 0 55 50 50
4737 0 30 120 60 0 4737 0 60 60 40 90 45 45 45
4737 0 30 120 60 0 4737 0 60 60 40 180 61 59 59
4737 0 30 120 60 0 4737 0 60 60 60 0 51 48 48
4737 0 30 120 60 0 4737 0 60 60 60 90 48 45 45
4737 0 30 120 60 0 4737 0 60 60 60 180 64 61 61
4737 0 30 120 60 0 4737 0 60 120 0 0 50 50 50
4737 0 30 120 60 0 4737 0 60 120 0 90 46 51 51
4737 0 30 120 60 0 4737 0 60 120 0 180 64 65 65
4737 0 30 120 60 0 4737 0 60 120 20 0 45 47 47
4737 0 30 120 60 0 4737 0 60 120 20 90 50 52 52
4737 0 30 120 60 0 4737 0 60 120 20 180 65 66 66
4737 0 30 120 60 0 4737 0 60 120 40 0 44 45 45
4737 0 30 120 60 0 4737 0 60 120 40 90 54 53 53
4737 0 30 120 60 0 4737 0 60 120 40 180 67 68 68
4737 0 30 120 60 0 4737 0 60 120 60 0 45 45 45
4737 0 30 120 60 0 4737 0 60 120 60 90 58 55 55
4737 0 30 120 60 0 4737 0 60 120 60 180 68 68 68
4737 0 30 120 60 0 4737 0 0 0 0 0 74 70 70
4737 0 30 120 60 0 4737 0 0 0 0 90 65 62 62
4737 0 30 120 60 0 4737 0 0 0 0 180 49 50 50
4737 0 30 120 60 0 4737 0 0 0 20 0 73 70 70
4737 0 30 120 60 0 4737 0 0 0 20 90 60 58 58
4737 0 30 120 60 0 4737 0 0 0 20 180 50 50 50
4737 0 30 120 60 0 4737 0 0 0 40 0 71 67 67
4737 0 30 120 60 0 4737 0 0 0 40 90 54 53 53
4737 0 30 120 60 0 4737 0 0 0 40 180 52 51 51
4737 0 30 120 60 0 4737 0 0 0 60 0 68 64 64
4737 0 30 120 60 0 4737 0 0 0 60 90 50 50 50
4737 0 30 120 60 0 4737 0 0 0 60 180 55 53 53
4737 0 30 120 60 0 4737 0 0 60 0 0 68 64 64
4737 0 30 120 60 0 4737 0 0 60 0 90 50 50 50
4737 0 30 120 60 0 4737 0 0 60 0 180 55 53 53
4737 0 30 120 60 0 4737 0 0 60 20 0 63 60 60
4737 0 30 120 60 0 4737 0 0 60 20 90 48 47 47
4737 0 30 120 60 0 4737 0 0 60 20 180 60 55 55
4737 0 30 120 60 0 4737 0 0 60 40 0 58 55 55
4737 0 30 120 60 0 4737 0 0 60 40 90 46 46 46
4737 0 30 120 60 0 4737 0 0 60 40 180 64 59 59
4737 0 30 120 60 0 4737 0 0 60 60 0 52 51 51
4737 0 30 120 60 0 4737 0 0 60 60 90 46 46 46
4737 0 30 120 60 0 4737 0 0 60 60 180 67 62 62
4737 0 30 120 60 0 4737 0 0 120 0 0 52 51 51
4737 0 30 120 60 0 4737 0 0 120 0 90 46 46 46
4737 0 30 120 60 0 4737 0 0 120 0 180 67 62 62
4737 0 30 120 60 0 4737 0 0 120 20 0 47 47 47
4737 0 30 120 60 0 4737 0 0 120 20 90 48 48 48
4737 0 30 120 60 0 4737 0 0 120 20 180 70 64 64
4737 0 30 120 60 0 4737 0 0 120 40 0 44 45 45
4737 0 30 120 60 0 4737 0 0 120 40 90 53 50 50
4737 0 30 120 60 0 4737 0 0 120 40 180 72 67 67
4737 0 30 120 60 0 4737 0 0 120 60 0 43 45 45
4737 0 30 120 60 0 4737 0 0 120 60 90 58 53 53
4737 0 30 120 60 0 4737 0 0 120 60 180 72 68 68
4737 0 30 120 60 0 4737 0 30 0 0 0 73 65 65
4737 0 30 120 60 0 4737 0 30 0 0 90 65 56 56
4737 0 30 120 60 0 4737 0 30 0 0 180 49 48 48
4737 0 30 120 60 0 4737 0 30 0 20 0 73 63 63
4737 0 30 120 60 0 4737 0 30 0 20 90 60 52 52
4737 0 30 120 60 0 4737 0 30 0 20 180 50 47 47
4737 0 30 120 60 0 4737 0 30 0 40 0 71 61 61
4737 0 30 120 60 0 4737 0 30 0 40 90 54 48 48
4737 0 30 120 60 0 4737 0 30 0 40 180 51 45 45
4737 0 30 120 60 0 4737 0 30 0 60 0 67 58 58
4737 0 30 120 60 0 4737 0 30 0 60 90 50 45 45
4737 0 30 120 60 0 4737 0 30 0 60 180 55 46 46
4737 0 30 120 60 0 4737 0 30 60 0 0 67 59 59
4737 0 30 120 60 0 4737 0 30 60 0 90 50 49 49
4737 0 30 120 60 0 4737 0 30 60 0 180 54 54 54
4737 0 30 120 60 0 4737 0 30 60 20 0 63 55 55
4737 0 30 120 60 0 4737 0 30 60 20 90 47 46 46
4737 0 30 120 60 0 4737 0 30 60 20 180 59 55 55
4737 0 30 120 60 0 4737 0 30 60 40 0 57 52 52
4737 0 30 120 60 0 4737 0 30 60 40 90 46 43 43
4737 0 30 120 60 0 4737 0 30 60 40 180 63 57 57
4737 0 30 120 60 0 4737 0 30 60 60 0 52 48 48
4737 0 30 120 60 0 4737 0 30 60 60 90 46 41 41
4737 0 30 120 60 0 4737 0 30 60 60 180 66 59 59
4737 0 30 120 60 0 4737 0 30 120 0 0 52 48 48
4737 0 30 120 60 0 4737 0 30 120 0 90 45 47 47
4737 0 30 120 60 0 4737 0 30 120 0 180 66 63 63
4737 0 30 120 60 0 4737 0 30 120 20 0 46 44 44
4737 0 30 120 60 0 4737 0 30 120 20 90 47 46 46
4737 0 30 120 60 0 4737 0 30 120 20 180 69 64 64
4737 0 30 120 60 0 4737 0 30 120 40 0 43 41 41
4737 0 30 120 60 0 4737 0 30 120 40 90 52 48 48
4737 0 30 120 60 0 4737 0 30 120 40 180 71 66 66
4737 0 30 120 60 0 4737 0 30 120 60 0 43 40 40
4737 0 30 120 60 0 4737 0 30 120 60 90 57 51 51
4737 0 30 120 60 0 4737 0 30 120 60 180 71 66 66
4737 0 30 120 60 0 4737 0 60 0 0 0 69 66 66
4737 0 30 120 60 0 4737 0 60 0 0 90 63 57 57
4737 0 30 120 60 0 4737 0 60 0 0 180 48 50 50
4737 0 30 120 60 0 4737 0 60 0 20 0 69 64 64
4737 0 30 120 60 0 4737 0 60 0 20 90 58 53 53
4737 0 30 120 60 0 4737 0 60 0 20 180 49 48 48
4737 0 30 120 60 0 4737 0 60 0 40 0 67 62 62
4737 0 30 120 60 0 4737 0 60 0 40 90 52 50 50
4737 0 30 120 60 0 4737 0 60 0 40 180 51 48 48
4737 0 30 120 60 0 4737 0 60 0 60 0 64 60 60
4737 0 30 120 60 0 4737 0 60 0 60 90 48 48 48
4737 0 30 120 60 0 4737 0 60 0 60 180 53 49 49
4737 0 30 120 60 0 4737 0 60 60 0 0 65 61 61
4737 0 30 120 60 0 4737 0 60 60 0 90 49 52 52
4737 0 30 120 60 0 4737 0 60 60 0 180 52 59 59
4737 0 30 120 60 0 4737 0 60 60 20 0 61 58 58
4737 0 30 120 60 0 4737 0 60 60 20 90 45 49 49
4737 0 30 120 60 0 4737 0 60 60 20 180 56 61 61
4737 0 30 120 60 0 4737 0 60 60 40 0 55 55 55
4737 0 30 120 60 0 4737 0 60 60 40 90 45 48 48
4737 0 30 120 60 0 4737 0 60 60 40 180 59 62 62
4737 0 30 120 60 0 4737 0 60 60 60 0 50 53 53
4737 0 30 120 60 0 4737 0 60 60 60 90 45 47 47
4737 0 30 120 60 0 4737 0 60 60 60 180 62 64 64
4737 0 30 120 60 0 4737 0 60 120 0 0 50 51 51
4737 0 30 120 60 0 4737 0 60 120 0 90 43 51 51
4737 0 30 120 60 0 4737 0 60 120 0 180 62 69 69
4737 0 30 120 60 0 4737 0 60 120 20 0 44 48 48
4737 0 30 120 60 0 4737 0 60 120 20 90 46 52 52
4737 0 30 120 60 0 4737 0 60 120 20 180 64 70 70
4737 0 30 120 60 0 4737 0 60 120 40 0 41 47 47
4737 0 30 120 60 0 4737 0 60 120 40 90 50 54 54
4737 0 30 120 60 0 4737 0 60 120 40 180 65 71 71
4737 0 30 120 60 0 4737 0 60 120 60 0 42 47 47
4737 0 30 120 60 0 4737 0 60 120 60 90 54 56 56
4737 0 30 120 60 0 4737 0 60 120 60 180 67 71 71
4737 0 30 120 60 0 4737 0 0 0 0 0 74 69 69
4737 0 30 120 60 0 4737 0 0 0 0 90 69 66 66
4737 0 30 120 60 0 4737 0 0 0 0 180 53 52 52
4737 0 30 120 60 0 4737 0 0 0 20 0 74 69 69
4737 0 30 120 60 0 4737 0 0 0 20 90 64 62 62
4737 0 30 120 60 0 4737 0 0 0 20 180 53 52 52
4737 0 30 120 60 0 4737 0 0 0 40 0 72 67 67
4737 0 30 120 60 0 4737 0 0 0 40 90 59 57 57
4737 0 30 120 60 0 4737 0 0 0 40 180 54 53 53
4737 0 30 120 60 0 4737 0 0 0 60 0 68 63 63
4737 0 30 120 60 0 4737 0 0 0 60 90 54 53 53
4737 0 30 120 60 0 4737 0 0 0 60 180 56 54 54
4737 0 30 120 60 0 4737 0 0 60 0 0 68 63 63
4737 0 30 120 60 0 4737 0 0 60 0 90 54 53 53
4737 0 30 120 60 0 4737 0 0 60 0 180 56 54 54
4737 0 30 120 60 0 4737 0 0 60 20 0 63 59 59
4737 0 30 120 60 0 4737 0 0 60 20 90 50 49 49
4737 0 30 120 60 0 4737 0 0 60 20 180 59 55 55
4737 0 30 120 60 0 4737 0 0 60 40 0 58 54 54
4737 0 30 120 60 0 4737 0 0 60 40 90 47 46 46
4737 0 30 120 60 0 4737 0 0 60 40 180 63 57 57
4737 0 30 120 60 0 4737 0 0 60 60 0 52 50 50
4737 0 30 120 60 0 4737 0 0 60 60 90 45 44 44
4737 0 30 120 60 0 4737 0 0 60 60 180 66 60 60
4737 0 30 120 60 0 4737 0 0 120 0 0 52 50 50
4737 0 30 120 60 0 4737 0 0 120 0 90 45 44 44
4737 0 30 120 60 0 4737 0 0 120 0 180 66 60 60
4737 0 30 120 60 0 4737 0 0 120 20 0 46 46 46
4737 0 30 120 60 0 4737 0 0 120 20 90 45 45 45
4737 0 30 120 60 0 4737 0 0 120 20 180 68 63 63
4737 0 30 120 60 0 4737 0 0 120 40 0 42 43 43
4737 0 30 120 60 0 4737 0 0 120 40 90 49 46 46
4737 0 30 120 60 0 4737 0 0 120 40 180 69 65 65
4737 0 30 120 60 0 4737 0 0 120 60 0 40 43 43
4737 0 30 120 60 0 4737 0 0 120 60 90 54 49 49
4737 0 30 120 60 0 4737 0 0 120 60 180 69 66 66
4737 0 30 120 60 0 4737 0 30 0 0 0 73 65 65
4737 0 30 120 60 0 4737 0 30 0 0 90 69 60 60
4737 0 30 120 60 0 4737 0 30 0 0 180 52 51 51
4737 0 30 120 60 0 4737 0 30 0 20 0 73 65 65
4737 0 30 120 60 0 4737 0 30 0 20 90 64 56 56
4737 0 30 120 60 0 4737 0 30 0 20 180 53 49 49
4737 0 30 120 60 0 4737 0 30 0 40 0 72 62 62
4737 0 30 120 60 0 4737 0 30 0 40 90 59 52 52
4737 0 30 120 60 0 4737 0 30 0 40 180 54 48 48
4737 0 30 120 60 0 4737 0 30 0 60 0 68 59 59
4737 0 30 120 60 0 4737 0 30 0 60 90 53 48 48
4737 0 30 120 60 0 4737 0 30 0 60 180 56 47 47
4737 0 30 120 60 0 4737 0 30 60 0 0 68 62 62
4737 0 30 120 60 0 4737 0 30 60 0 90 54 53 53
4737 0 30 120 60 0 4737 0 30 60 0 180 55 56 56
4737 0 30 120 60 0 4737 0 30 60 20 0 63 58 58
4737 0 30 120 60 0 4737 0 30 60 20 90 50 49 49
4737 0 30 120 60 0 4737 0 30 60 20 180 58 56 56
4737 0 30 120 60 0 4737 0 30 60 40 0 57 54 54
4737 0 30 120 60 0 4737 0 30 60 40 90 46 46 46
4737 0 30 120 60 0 4737 0 30 60 40 180 61 58 58
4737 0 30 120 60 0 4737 0 30 60 60 0 52 50 50
4737 0 30 120 60 0 4737 0 30 60 60 90 45 43 43
4737 0 30 120 60 0 4737 0 30 60 60 180 64 61 61
4737 0 30 120 60 0 4737 0 30 120 0 0 52 49 49
4737 0 30 120 60 0 4737 0 30 120 0 90 44 46 46
4737 0 30 120 60 0 4737 0 30 120 0 180 64 64 64
4737 0 30 120 60 0 4737 0 30 120 20 0 46 45 45
4737 0 30 120 60 0 4737 0 30 120 20 90 43 45 45
4737 0 30 120 60 0 4737 0 30 120 20 180 67 65 65
4737 0 30 120 60 0 4737 0 30 120 40 0 41 41 41
4737 0 30 120 60 0 4737 0 30 120 40 90 48 46 46
4737 0 30 120 60 0 4737 0 30 120 40 180 68 66 66
4737 0 30 120 60 0 4737 0 30 120 60 0 40 39 39
4737 0 30 120 60 0 4737 0 30 120 60 90 53 49 49
4737 0 30 120 60 0 4737 0 30 120 60 180 69 66 66
4737 0 30 120 60 0 4737 0 60 0 0 0 69 67 67
4737 0 30 120 60 0 4737 0 60 0 0 90 66 61 61
4737 0 30 120 60 0 4737 0 60 0 0 180 52 52 52
4737 0 30 120 60 0 4737 0 60 0 20 0 69 66 66
4737 0 30 120 60 0 4737 0 60 0 20 90 62 57 57
4737 0 30 120 60 0 4737 0 60 0 20 180 52 50 50
4737 0 30 120 60 0 4737 0 60 0 40 0 67 63 63
4737 0 30 120 60 0 4737 0 60 0 40 90 56 54 54
4737 0 30 120 60 0 4737 0 60 0 40 180 54 49 49
4737 0 30 120 60 0 4737 0 60 0 60 0 64 61 61
4737 0 30 120 60 0 4737 0 60 0 60 90 51 51 51
4737 0 30 120 60 0 4737 0 60 0 60 180 55 49 49
4737 0 30 120 60 0 4737 0 60 60 0 0 65 66 66
4737 0 30 120 60 0 4737 0 60 60 0 90 52 58 58
4737 0 30 120 60 0 4737 0 60 60 0 180 52 64 64
4737 0 30 120 60 0 4737 0 60 60 20 0 60 62 62
4737 0 30 120 60 0 4737 0 60 60 20 90 48 54 54
4737 0 30 120 60 0 4737 0 60 60 20 180 55 65 65
4737 0 30 120 60 0 4737 0 60 60 40 0 55 59 59
4737 0 30 120 60 0 4737 0 60 60 40 90 45 52 52
4737 0 30 120 60 0 4737 0 60 60 40 180 58 66 66
4737 0 30 120 60 0 4737 0 60 60 60 0 50 57 57
4737 0 30 120 60 0 4737 0 60 60 60 90 44 51 51
4737 0 30 120 60 0 4737 0 60 60 60 180 60 68 68
4737 0 30 120 60 0 4737 0 60 120 0 0 49 53 53
4737 0 30 120 60 0 4737 0 60 120 0 90 41 53 53
4737 0 30 120 60 0 4737 0 60 120 0 180 60 72 72
4737 0 30 120 60 0 4737 0 60 120 20 0 44 50 50
4737 0 30 120 60 0 4737 0 60 120 20 90 41 53 53
4737 0 30 120 60 0 4737 0 60 120 20 180 62 73 73
4737 0 30 120 60 0 4737 0 60 120 40 0 39 49 49
4737 0 30 120 60 0 4737 0 60 120 40 90 45 55 55
4737 0 30 120 60 0 4737 0 60 120 40 180 64 74 74
4737 0 30 120 60 0 4737 0 60 120 60 0 39 49 49
4737 0 30 120 60 0 4737 0 60 120 60 90 49 58 58
4737 0 30 120 60 0 4737 0 60 120 60 180 65 75 75
4737 0 30 120 60 0 4737 0 0 0 0 0 74 69 69
4737 0 30 120 60 0 4737 0 0 0 0 90 73 68 68
4737 0 30 120 60 0 4737 0 0 0 0 180 56 55 55
4737 0 30 120 60 0 4737 0 0 0 20 0 74 68 68
4737 0 30 120 60 0 4737 0 0 0 20 90 69 65 65
4737 0 30 120 60 0 4737 0 0 0 20 180 56 55 55
4737 0 30 120 60 0 4737 0 0 0 40 0 73 65 65
4737 0 30 120 60 0 4737 0 0 0 40 90 63 60 60
4737 0 30 120 60 0 4737 0 0 0 40 180 57 55 55
4737 0 30 120 60 0 4737 0 0 0 60 0 68 62 62
4737 0 30 120 60 0 4737 0 0 0 60 90 57 56 56
4737 0 30 120 60 0 4737 0 0 0 60 180 58 55 55
4737 0 30 120 60 0 4737 0 0 60 0 0 68 62 62
4737 0 30 120 60 0 4737 0 0 60 0 90 57 56 56
4737 0 30 120 60 0 4737 0 0 60 0 180 58 55 55
4737 0 30 120 60 0 4737 0 0 60 20 0 63 58 58
4737 0 30 120 60 0 4737 0 0 60 20 90 53 51 51
4737 0 30 120 60 0 4737 0 0 60 20 180 59 55 55
4737 0 30 120 60 0 4737 0 0 60 40 0 57 53 53
4737 0 30 120 60 0 4737 0 0 60 40 90 49 47 47
4737 0 30 120 60 0 4737 0 0 60 40 180 61 56 56
4737 0 30 120 60 0 4737 0 0 60 60 0 52 49 49
4737 0 30 120 60 0 4737 0 0 60 60 90 45 43 43
4737 0 30 120 60 0 4737 0 0 60 60 180 64 58 58
4737 0 30 120 60 0 4737 0 0 120 0 0 52 49 49
4737 0 30 120 60 0 4737 0 0 120 0 90 45 43 43
4737 0 30 120 60 0 4737 0 0 120 0 180 64 58 58
4737 0 30 120 60 0 4737 0 0 120 20 0 46 44 44
4737 0 30 120 60 0 4737 0 0 120 20 90 43 42 42
4737 0 30 120 60 0 4737 0 0 120 20 180 66 61 61
4737 0 30 120 60 0 4737 0 0 120 40 0 41 41 41
4737 0 30 120 60 0 4737 0 0 120 40 90 45 43 43
4737 0 30 120 60 0 4737 0 0 120 40 180 66 62 62
4737 0 30 120 60 0 4737 0 0 120 60 0 39 41 41
4737 0 30 120 60 0 4737 0 0 120 60 90 50 45 45
4737 0 30 120 60 0 4737 0 0 120 60 180 66 62 62
4737 0 30 120 60 0 4737 0 30 0 0 0 73 66 66
4737 0 30 120 60 0 4737 0 30 0 0 90 72 65 65
4737 0 30 120 60 0 4737 0 30 0 0 180 56 55 55
4737 0 30 120 60 0 4737 0 30 0 20 0 73 65 65
4737 0 30 120 60 0 4737 0 30 0 20 90 69 61 61
4737 0 30 120 60 0 4737 0 30 0 20 180 56 52 52
4737 0 30 120 60 0 4737 0 30 0 40 0 72 63 63
4737 0 30 120 60 0 4737 0 30 0 40 90 63 57 57
4737 0 30 120 60 0 4737 0 30 0 40 180 57 50 50
4737 0 30 120 60 0 4737 0 30 0 60 0 68 60 60
4737 0 30 120 60 0 4737 0 30 0 60 90 57 53 53
4737 0 30 120 60 0 4737 0 30 0 60 180 57 49 49
4737 0 30 120 60 0 4737 0 30 60 0 0 68 64 64
4737 0 30 120 60 0 4737 0 30 60 0 90 57 58 58
4737 0 30 120 60 0 4737 0 30 60 0 180 56 59 59
4737 0 30 120 60 0 4737 0 30 60 20 0 63 60 60
4737 0 30 120 60 0 4737 0 30 60 20 90 53 54 54
4737 0 30 120 60 0 4737 0 30 60 20 180 57 59 59
4737 0 30 120 60 0 4737 0 30 60 40 0 57 56 56
4737 0 30 120 60 0 4737 0 30 60 40 90 48 49 49
4737 0 30 120 60 0 4737 0 30 60 40 180 60 60 60
4737 0 30 120 60 0 4737 0 30 60 60 0 52 52 52
4737 0 30 120 60 0 4737 0 30 60 60 90 45 46 46
4737 0 30 120 60 0 4737 0 30 60 60 180 63 62 62
4737 0 30 120 60 0 4737 0 30 120 0 0 51 50 50
4737 0 30 120 60 0 4737 0 30 120 0 90 45 48 48
4737 0 30 120 60 0 4737 0 30 120 0 180 63 65 65
4737 0 30 120 60 0 4737 0 30 120 20 0 46 46 46
4737 0 30 120 60 0 4737 0 30 120 20 90 42 45 45
4737 0 30 120 60 0 4737 0 30 120 20 180 65 65 65
4737 0 30 120 60 0 4737 0 30 120 40 0 40 41 41
4737 0 30 120 60 0 4737 0 30 120 40 90 43 44 44
4737 0 30 120 60 0 4737 0 30 120 40 180 66 66 66
4737 0 30 120 60 0 4737 0 30 120 60 0 38 40 40
4737 0 30 120 60 0 4737 0 30 120 60 90 49 48 48
4737 0 30 120 60 0 4737 0 30 120 60 180 66 66 66
4737 0 30 120 60 0 4737 0 60 0 0 0 69 67 67
4737 0 30 120 60 0 4737 0 60 0 0 90 67 65 65
4737 0 30 120 60 0 4737 0 60 0 0 180 55 55 55
4737 0 30 120 60 0 4737 0 60 0 20 0 68 67 67
4737 0 30 120 60 0 4737 0 60 0 20 90 64 62 62
4737 0 30 120 60 0 4737 0 60 0 20 180 56 53 53
4737 0 30 120 60 0 4737 0 60 0 40 0 66 65 65
4737 0 30 120 60 0 4737 0 60 0 40 90 60 58 58
4737 0 30 120 60 0 4737 0 60 0 40 180 56 51 51
4737 0 30 120 60 0 4737 0 60 0 60 0 63 62 62
4737 0 30 120 60 0 4737 0 60 0 60 90 55 54 54
4737 0 30 120 60 0 4737 0 60 0 60 180 56 50 50
4737 0 30 120 60 0 4737 0 60 60 0 0 65 70 70
4737 0 30 120 60 0 4737 0 60 60 0 90 56 64 64
4737 0 30 120 60 0 4737 0 60 60 0 180 52 68 68
4737 0 30 120 60 0 4737 0 60 60 20 0 60 67 67
4737 0 30 120 60 0 4737 0 60 60 20 90 52 60 60
4737 0 30 120 60 0 4737 0 60 60 20 180 53 69 69
4737 0 30 120 60 0 4737 0 60 60 40 0 55 64 64
4737 0 30 120 60 0 4737 0 60 60 40 90 47 57 57
4737 0 30 120 60 0 4737 0 60 60 40 180 55 71 71
4737 0 30 120 60 0 4737 0 60 60 60 0 49 62 62
4737 0 30 120 60 0 4737 0 60 60 60 90 44 55 55
4737 0 30 120 60 0 4737 0 60 60 60 180 58 73 73
4737 0 30 120 60 0 4737 0 60 120 0 0 48 56 56
4737 0 30 120 60 0 4737 0 60 120 0 90 42 56 56
4737 0 30 120 60 0 4737 0 60 120 0 180 58 74 74
4737 0 30 120 60 0 4737 0 60 120 20 0 43 54 54
4737 0 30 120 60 0 4737 0 60 120 20 90 39 56 56
4737 0 30 120 60 0 4737 0 60 120 20 180 60 75 75
4737 0 30 120 60 0 4737 0 60 120 40 0 38 53 53
4737 0 30 120 60 0 4737 0 60 120 40 90 41 57 57
4737 0 30 120 60 0 4737 0 60 120 40 180 62 77 77
4737 0 30 120 60 0 4737 0 60 120 60 0 38 53 53
4737 0 30 120 60 0 4737 0 60 120 60 90 45 59 59
4737 0 30 120 60 0 4737 0 60 120 60 180 62 77 77
