4737 0 40 0 0 4737 0 0 0 0 0 42 40 40
4737 0 40 0 0 4737 0 0 0 0 30 48 44 44
4737 0 40 0 0 4737 0 0 0 0 60 56 50 50
4737 0 40 0 0 4737 0 0 0 0 90 64 55 55
4737 0 40 0 0 4737 0 0 0 0 120 71 60 60
4737 0 40 0 0 4737 0 0 0 0 150 74 61 61
4737 0 40 0 0 4737 0 0 0 0 180 74 60 60
4737 0 40 0 0 4737 0 10 0 0 0 42 38 38
4737 0 40 0 0 4737 0 10 0 0 30 47 43 43
4737 0 40 0 0 4737 0 10 0 0 60 56 49 49
4737 0 40 0 0 4737 0 10 0 0 90 64 55 55
4737 0 40 0 0 4737 0 10 0 0 120 71 60 60
4737 0 40 0 0 4737 0 10 0 0 150 74 60 60
4737 0 40 0 0 4737 0 10 0 0 180 74 60 60
4737 0 40 0 0 4737 0 20 0 0 0 42 36 36
4737 0 40 0 0 4737 0 20 0 0 30 47 41 41
4737 0 40 0 0 4737 0 20 0 0 60 56 47 47
4737 0 40 0 0 4737 0 20 0 0 90 64 53 53
4737 0 40 0 0 4737 0 20 0 0 120 70 58 58
4737 0 40 0 0 4737 0 20 0 0 150 74 59 59
4737 0 40 0 0 4737 0 20 0 0 180 74 59 59
4737 0 40 0 0 4737 0 30 0 0 0 41 33 33
4737 0 40 0 0 4737 0 30 0 0 30 47 37 37
4737 0 40 0 0 4737 0 30 0 0 60 55 43 43
4737 0 40 0 0 4737 0 30 0 0 90 63 49 49
4737 0 40 0 0 4737 0 30 0 0 120 70 54 54
4737 0 40 0 0 4737 0 30 0 0 150 73 56 56
4737 0 40 0 0 4737 0 30 0 0 180 73 56 56
4737 0 40 0 0 4737 0 40 0 0 0 41 33 33
4737 0 40 0 0 4737 0 40 0 0 30 46 36 36
4737 0 40 0 0 4737 0 40 0 0 60 55 43 43
4737 0 40 0 0 4737 0 40 0 0 90 63 49 49
4737 0 40 0 0 4737 0 40 0 0 120 69 54 54
4737 0 40 0 0 4737 0 40 0 0 150 72 56 56
4737 0 40 0 0 4737 0 40 0 0 180 72 56 56
4737 0 40 0 0 4737 0 50 0 0 0 40 33 33
4737 0 40 0 0 4737 0 50 0 0 30 45 37 37
4737 0 40 0 0 4737 0 50 0 0 60 54 43 43
4737 0 40 0 0 4737 0 50 0 0 90 62 49 49
4737 0 40 0 0 4737 0 50 0 0 120 68 54 54
4737 0 40 0 0 4737 0 50 0 0 150 71 57 57
4737 0 40 0 0 4737 0 50 0 0 180 71 57 57
4737 0 40 0 0 4737 0 60 0 0 0 40 34 34
4737 0 40 0 0 4737 0 60 0 0 30 44 38 38
4737 0 40 0 0 4737 0 60 0 0 60 52 44 44
4737 0 40 0 0 4737 0 60 0 0 90 60 50 50
4737 0 40 0 0 4737 0 60 0 0 120 66 55 55
4737 0 40 0 0 4737 0 60 0 0 150 69 58 58
4737 0 40 0 0 4737 0 60 0 0 180 69 59 59
4737 0 40 0 0 4737 0 0 0 0 0 40 40 40
4737 0 40 0 0 4737 0 0 0 0 30 46 42 42
4737 0 40 0 0 4737 0 0 0 0 60 53 47 47
4737 0 40 0 0 4737 0 0 0 0 90 61 53 53
4737 0 40 0 0 4737 0 0 0 0 120 68 59 59
4737 0 40 0 0 4737 0 0 0 0 150 73 60 60
4737 0 40 0 0 4737 0 0 0 0 180 74 59 59
4737 0 40 0 0 4737 0 10 0 0 0 40 37 37
4737 0 40 0 0 4737 0 10 0 0 30 46 41 41
4737 0 40 0 0 4737 0 10 0 0 60 53 46 46
4737 0 40 0 0 4737 0 10 0 0 90 61 52 52
4737 0 40 0 0 4737 0 10 0 0 120 68 58 58
4737 0 40 0 0 4737 0 10 0 0 150 73 60 60
4737 0 40 0 0 4737 0 10 0 0 180 74 60 60
4737 0 40 0 0 4737 0 20 0 0 0 40 34 34
4737 0 40 0 0 4737 0 20 0 0 30 46 39 39
4737 0 40 0 0 4737 0 20 0 0 60 53 44 44
4737 0 40 0 0 4737 0 20 0 0 90 61 50 50
4737 0 40 0 0 4737 0 20 0 0 120 68 56 56
4737 0 40 0 0 4737 0 20 0 0 150 72 59 59
4737 0 40 0 0 4737 0 20 0 0 180 74 59 59
4737 0 40 0 0 4737 0 30 0 0 0 40 31 31
4737 0 40 0 0 4737 0 30 0 0 30 45 35 35
4737 0 40 0 0 4737 0 30 0 0 60 52 41 41
4737 0 40 0 0 4737 0 30 0 0 90 60 47 47
4737 0 40 0 0 4737 0 30 0 0 120 68 52 52
4737 0 40 0 0 4737 0 30 0 0 150 72 56 56
4737 0 40 0 0 4737 0 30 0 0 180 73 56 56
4737 0 40 0 0 4737 0 40 0 0 0 39 31 31
4737 0 40 0 0 4737 0 40 0 0 30 45 34 34
4737 0 40 0 0 4737 0 40 0 0 60 52 40 40
4737 0 40 0 0 4737 0 40 0 0 90 60 46 46
4737 0 40 0 0 4737 0 40 0 0 120 67 51 51
4737 0 40 0 0 4737 0 40 0 0 150 71 55 55
4737 0 40 0 0 4737 0 40 0 0 180 73 56 56
4737 0 40 0 0 4737 0 50 0 0 0 38 31 31
4737 0 40 0 0 4737 0 50 0 0 30 44 35 35
4737 0 40 0 0 4737 0 50 0 0 60 51 40 40
4737 0 40 0 0 4737 0 50 0 0 90 59 46 46
4737 0 40 0 0 4737 0 50 0 0 120 66 52 52
4737 0 40 0 0 4737 0 50 0 0 150 70 56 56
4737 0 40 0 0 4737 0 50 0 0 180 71 57 57
4737 0 40 0 0 4737 0 60 0 0 0 38 33 33
4737 0 40 0 0 4737 0 60 0 0 30 43 36 36
4737 0 40 0 0 4737 0 60 0 0 60 50 41 41
4737 0 40 0 0 4737 0 60 0 0 90 58 47 47
4737 0 40 0 0 4737 0 60 0 0 120 64 52 52
4737 0 40 0 0 4737 0 60 0 0 150 68 57 57
4737 0 40 0 0 4737 0 60 0 0 180 69 58 58
4737 0 40 0 0 4737 0 0 0 0 0 40 39 39
4737 0 40 0 0 4737 0 0 0 0 30 45 41 41
4737 0 40 0 0 4737 0 0 0 0 60 51 45 45
4737 0 40 0 0 4737 0 0 0 0 90 58 50 50
4737 0 40 0 0 4737 0 0 0 0 120 65 56 56
4737 0 40 0 0 4737 0 0 0 0 150 71 60 60
4737 0 40 0 0 4737 0 0 0 0 180 74 58 58
4737 0 40 0 0 4737 0 10 0 0 0 39 37 37
4737 0 40 0 0 4737 0 10 0 0 30 45 39 39
4737 0 40 0 0 4737 0 10 0 0 60 51 44 44
4737 0 40 0 0 4737 0 10 0 0 90 58 49 49
4737 0 40 0 0 4737 0 10 0 0 120 65 55 55
4737 0 40 0 0 4737 0 10 0 0 150 71 60 60
4737 0 40 0 0 4737 0 10 0 0 180 74 59 59
4737 0 40 0 0 4737 0 20 0 0 0 39 34 34
4737 0 40 0 0 4737 0 20 0 0 30 44 37 37
4737 0 40 0 0 4737 0 20 0 0 60 50 41 41
4737 0 40 0 0 4737 0 20 0 0 90 58 47 47
4737 0 40 0 0 4737 0 20 0 0 120 65 53 53
4737 0 40 0 0 4737 0 20 0 0 150 71 58 58
4737 0 40 0 0 4737 0 20 0 0 180 74 58 58
4737 0 40 0 0 4737 0 30 0 0 0 38 30 30
4737 0 40 0 0 4737 0 30 0 0 30 44 33 33
4737 0 40 0 0 4737 0 30 0 0 60 50 38 38
4737 0 40 0 0 4737 0 30 0 0 90 57 44 44
4737 0 40 0 0 4737 0 30 0 0 120 65 50 50
4737 0 40 0 0 4737 0 30 0 0 150 70 54 54
4737 0 40 0 0 4737 0 30 0 0 180 73 56 56
4737 0 40 0 0 4737 0 40 0 0 0 38 29 29
4737 0 40 0 0 4737 0 40 0 0 30 43 33 33
4737 0 40 0 0 4737 0 40 0 0 60 49 38 38
4737 0 40 0 0 4737 0 40 0 0 90 57 43 43
4737 0 40 0 0 4737 0 40 0 0 120 64 49 49
4737 0 40 0 0 4737 0 40 0 0 150 69 54 54
4737 0 40 0 0 4737 0 40 0 0 180 72 56 56
4737 0 40 0 0 4737 0 50 0 0 0 37 30 30
4737 0 40 0 0 4737 0 50 0 0 30 43 33 33
4737 0 40 0 0 4737 0 50 0 0 60 49 38 38
4737 0 40 0 0 4737 0 50 0 0 90 56 43 43
4737 0 40 0 0 4737 0 50 0 0 120 63 49 49
4737 0 40 0 0 4737 0 50 0 0 150 68 54 54
4737 0 40 0 0 4737 0 50 0 0 180 71 57 57
4737 0 40 0 0 4737 0 60 0 0 0 38 32 32
4737 0 40 0 0 4737 0 60 0 0 30 42 34 34
4737 0 40 0 0 4737 0 60 0 0 60 47 38 38
4737 0 40 0 0 4737 0 60 0 0 90 54 43 43
4737 0 40 0 0 4737 0 60 0 0 120 62 49 49
4737 0 40 0 0 4737 0 60 0 0 150 66 55 55
4737 0 40 0 0 4737 0 60 0 0 180 69 58 58
4737 0 40 0 0 4737 0 0 0 0 0 40 39 39
4737 0 40 0 0 4737 0 0 0 0 30 44 40 40
4737 0 40 0 0 4737 0 0 0 0 60 49 43 43
4737 0 40 0 0 4737 0 0 0 0 90 55 47 47
4737 0 40 0 0 4737 0 0 0 0 120 63 54 54
4737 0 40 0 0 4737 0 0 0 0 150 69 59 59
4737 0 40 0 0 4737 0 0 0 0 180 73 57 57
4737 0 40 0 0 4737 0 10 0 0 0 40 37 37
4737 0 40 0 0 4737 0 10 0 0 30 44 38 38
4737 0 40 0 0 4737 0 10 0 0 60 49 41 41
4737 0 40 0 0 4737 0 10 0 0 90 55 46 46
4737 0 40 0 0 4737 0 10 0 0 120 62 53 53
4737 0 40 0 0 4737 0 10 0 0 150 69 58 58
4737 0 40 0 0 4737 0 10 0 0 180 73 58 58
4737 0 40 0 0 4737 0 20 0 0 0 40 34 34
4737 0 40 0 0 4737 0 20 0 0 30 43 35 35
4737 0 40 0 0 4737 0 20 0 0 60 48 39 39
4737 0 40 0 0 4737 0 20 0 0 90 54 44 44
4737 0 40 0 0 4737 0 20 0 0 120 62 50 50
4737 0 40 0 0 4737 0 20 0 0 150 69 56 56
4737 0 40 0 0 4737 0 20 0 0 180 72 57 57
4737 0 40 0 0 4737 0 30 0 0 0 40 30 30
4737 0 40 0 0 4737 0 30 0 0 30 43 32 32
4737 0 40 0 0 4737 0 30 0 0 60 48 36 36
4737 0 40 0 0 4737 0 30 0 0 90 54 41 41
4737 0 40 0 0 4737 0 30 0 0 120 62 47 47
4737 0 40 0 0 4737 0 30 0 0 150 68 53 53
4737 0 40 0 0 4737 0 30 0 0 180 72 56 56
4737 0 40 0 0 4737 0 40 0 0 0 39 29 29
4737 0 40 0 0 4737 0 40 0 0 30 42 32 32
4737 0 40 0 0 4737 0 40 0 0 60 47 35 35
4737 0 40 0 0 4737 0 40 0 0 90 53 40 40
4737 0 40 0 0 4737 0 40 0 0 120 61 46 46
4737 0 40 0 0 4737 0 40 0 0 150 67 52 52
4737 0 40 0 0 4737 0 40 0 0 180 71 56 56
4737 0 40 0 0 4737 0 50 0 0 0 39 30 30
4737 0 40 0 0 4737 0 50 0 0 30 42 32 32
4737 0 40 0 0 4737 0 50 0 0 60 46 35 35
4737 0 40 0 0 4737 0 50 0 0 90 53 40 40
4737 0 40 0 0 4737 0 50 0 0 120 60 46 46
4737 0 40 0 0 4737 0 50 0 0 150 66 52 52
4737 0 40 0 0 4737 0 50 0 0 180 70 57 57
4737 0 40 0 0 4737 0 60 0 0 0 39 32 32
4737 0 40 0 0 4737 0 60 0 0 30 41 33 33
4737 0 40 0 0 4737 0 60 0 0 60 45 36 36
4737 0 40 0 0 4737 0 60 0 0 90 51 40 40
4737 0 40 0 0 4737 0 60 0 0 120 59 46 46
4737 0 40 0 0 4737 0 60 0 0 150 64 53 53
4737 0 40 0 0 4737 0 60 0 0 180 67 58 58
4737 0 40 0 0 4737 0 0 0 0 0 42 39 39
4737 0 40 0 0 4737 0 0 0 0 30 43 40 40
4737 0 40 0 0 4737 0 0 0 0 60 47 42 42
4737 0 40 0 0 4737 0 0 0 0 90 52 44 44
4737 0 40 0 0 4737 0 0 0 0 120 59 50 50
4737 0 40 0 0 4737 0 0 0 0 150 67 57 57
4737 0 40 0 0 4737 0 0 0 0 180 71 56 56
4737 0 40 0 0 4737 0 10 0 0 0 42 37 37
4737 0 40 0 0 4737 0 10 0 0 30 43 38 38
4737 0 40 0 0 4737 0 10 0 0 60 47 40 40
4737 0 40 0 0 4737 0 10 0 0 90 52 43 43
4737 0 40 0 0 4737 0 10 0 0 120 59 49 49
4737 0 40 0 0 4737 0 10 0 0 150 67 56 56
4737 0 40 0 0 4737 0 10 0 0 180 71 56 56
4737 0 40 0 0 4737 0 20 0 0 0 42 34 34
4737 0 40 0 0 4737 0 20 0 0 30 43 35 35
4737 0 40 0 0 4737 0 20 0 0 60 46 37 37
4737 0 40 0 0 4737 0 20 0 0 90 52 40 40
4737 0 40 0 0 4737 0 20 0 0 120 59 46 46
4737 0 40 0 0 4737 0 20 0 0 150 66 53 53
4737 0 40 0 0 4737 0 20 0 0 180 71 55 55
4737 0 40 0 0 4737 0 30 0 0 0 41 32 32
4737 0 40 0 0 4737 0 30 0 0 30 43 33 33
4737 0 40 0 0 4737 0 30 0 0 60 46 35 35
4737 0 40 0 0 4737 0 30 0 0 90 51 39 39
4737 0 40 0 0 4737 0 30 0 0 120 59 44 44
4737 0 40 0 0 4737 0 30 0 0 150 66 51 51
4737 0 40 0 0 4737 0 30 0 0 180 70 55 55
4737 0 40 0 0 4737 0 40 0 0 0 41 31 31
4737 0 40 0 0 4737 0 40 0 0 30 42 31 31
4737 0 40 0 0 4737 0 40 0 0 60 45 34 34
4737 0 40 0 0 4737 0 40 0 0 90 51 38 38
4737 0 40 0 0 4737 0 40 0 0 120 58 43 43
4737 0 40 0 0 4737 0 40 0 0 150 65 51 51
4737 0 40 0 0 4737 0 40 0 0 180 70 56 56
4737 0 40 0 0 4737 0 50 0 0 0 41 31 31
4737 0 40 0 0 4737 0 50 0 0 30 42 31 31
4737 0 40 0 0 4737 0 50 0 0 60 45 33 33
4737 0 40 0 0 4737 0 50 0 0 90 50 37 37
4737 0 40 0 0 4737 0 50 0 0 120 57 43 43
4737 0 40 0 0 4737 0 50 0 0 150 64 51 51
4737 0 40 0 0 4737 0 50 0 0 180 68 56 56
4737 0 40 0 0 4737 0 60 0 0 0 41 32 32
4737 0 40 0 0 4737 0 60 0 0 30 42 32 32
4737 0 40 0 0 4737 0 60 0 0 60 44 34 34
4737 0 40 0 0 4737 0 60 0 0 90 49 38 38
4737 0 40 0 0 4737 0 60 0 0 120 55 43 43
4737 0 40 0 0 4737 0 60 0 0 150 61 51 51
4737 0 40 0 0 4737 0 60 0 0 180 65 57 57
4737 0 40 0 0 4737 0 0 0 0 0 44 39 39
4737 0 40 0 0 4737 0 0 0 0 30 44 40 40
4737 0 40 0 0 4737 0 0 0 0 60 46 41 41
4737 0 40 0 0 4737 0 0 0 0 90 49 43 43
4737 0 40 0 0 4737 0 0 0 0 120 56 47 47
4737 0 40 0 0 4737 0 0 0 0 150 64 54 54
4737 0 40 0 0 4737 0 0 0 0 180 70 54 54
4737 0 40 0 0 4737 0 10 0 0 0 44 37 37
4737 0 40 0 0 4737 0 10 0 0 30 44 38 38
4737 0 40 0 0 4737 0 10 0 0 60 46 39 39
4737 0 40 0 0 4737 0 10 0 0 90 49 41 41
4737 0 40 0 0 4737 0 10 0 0 120 56 45 45
4737 0 40 0 0 4737 0 10 0 0 150 64 53 53
4737 0 40 0 0 4737 0 10 0 0 180 70 54 54
4737 0 40 0 0 4737 0 20 0 0 0 44 35 35
4737 0 40 0 0 4737 0 20 0 0 30 44 35 35
4737 0 40 0 0 4737 0 20 0 0 60 45 37 37
4737 0 40 0 0 4737 0 20 0 0 90 49 39 39
4737 0 40 0 0 4737 0 20 0 0 120 56 43 43
4737 0 40 0 0 4737 0 20 0 0 150 64 51 51
4737 0 40 0 0 4737 0 20 0 0 180 69 54 54
4737 0 40 0 0 4737 0 30 0 0 0 44 34 34
4737 0 40 0 0 4737 0 30 0 0 30 44 34 34
4737 0 40 0 0 4737 0 30 0 0 60 45 35 35
4737 0 40 0 0 4737 0 30 0 0 90 48 37 37
4737 0 40 0 0 4737 0 30 0 0 120 55 42 42
4737 0 40 0 0 4737 0 30 0 0 150 63 50 50
4737 0 40 0 0 4737 0 30 0 0 180 69 55 55
4737 0 40 0 0 4737 0 40 0 0 0 43 33 33
4737 0 40 0 0 4737 0 40 0 0 30 44 33 33
4737 0 40 0 0 4737 0 40 0 0 60 45 34 34
4737 0 40 0 0 4737 0 40 0 0 90 48 36 36
4737 0 40 0 0 4737 0 40 0 0 120 55 41 41
4737 0 40 0 0 4737 0 40 0 0 150 62 49 49
4737 0 40 0 0 4737 0 40 0 0 180 68 55 55
4737 0 40 0 0 4737 0 50 0 0 0 43 33 33
4737 0 40 0 0 4737 0 50 0 0 30 44 33 33
4737 0 40 0 0 4737 0 50 0 0 60 45 33 33
4737 0 40 0 0 4737 0 50 0 0 90 47 35 35
4737 0 40 0 0 4737 0 50 0 0 120 54 40 40
4737 0 40 0 0 4737 0 50 0 0 150 61 48 48
4737 0 40 0 0 4737 0 50 0 0 180 66 56 56
4737 0 40 0 0 4737 0 60 0 0 0 43 34 34
4737 0 40 0 0 4737 0 60 0 0 30 44 33 33
4737 0 40 0 0 4737 0 60 0 0 60 45 34 34
4737 0 40 0 0 4737 0 60 0 0 90 47 35 35
4737 0 40 0 0 4737 0 60 0 0 120 52 40 40
4737 0 40 0 0 4737 0 60 0 0 150 59 48 48
4737 0 40 0 0 4737 0 60 0 0 180 63 56 56
