4737 0 30 0 0 4737 0 0 0 0 0 40 38 38
4737 0 30 0 0 4737 0 0 0 0 30 48 41 41
4737 0 30 0 0 4737 0 0 0 0 60 56 48 48
4737 0 30 0 0 4737 0 0 0 0 90 65 54 54
4737 0 30 0 0 4737 0 0 0 0 120 73 58 58
4737 0 30 0 0 4737 0 0 0 0 150 75 60 60
4737 0 30 0 0 4737 0 0 0 0 180 75 60 60
4737 0 30 0 0 4737 0 10 0 0 0 39 36 36
4737 0 30 0 0 4737 0 10 0 0 30 48 41 41
4737 0 30 0 0 4737 0 10 0 0 60 56 47 47
4737 0 30 0 0 4737 0 10 0 0 90 64 53 53
4737 0 30 0 0 4737 0 10 0 0 120 73 58 58
4737 0 30 0 0 4737 0 10 0 0 150 75 60 60
4737 0 30 0 0 4737 0 10 0 0 180 75 60 60
4737 0 30 0 0 4737 0 20 0 0 0 39 33 33
4737 0 30 0 0 4737 0 20 0 0 30 48 39 39
4737 0 30 0 0 4737 0 20 0 0 60 56 45 45
4737 0 30 0 0 4737 0 20 0 0 90 64 52 52
4737 0 30 0 0 4737 0 20 0 0 120 72 57 57
4737 0 30 0 0 4737 0 20 0 0 150 75 58 58
4737 0 30 0 0 4737 0 20 0 0 180 75 58 58
4737 0 30 0 0 4737 0 30 0 0 0 39 29 29
4737 0 30 0 0 4737 0 30 0 0 30 47 35 35
4737 0 30 0 0 4737 0 30 0 0 60 55 42 42
4737 0 30 0 0 4737 0 30 0 0 90 64 49 49
4737 0 30 0 0 4737 0 30 0 0 120 72 54 54
4737 0 30 0 0 4737 0 30 0 0 150 74 55 55
4737 0 30 0 0 4737 0 30 0 0 180 74 56 56
4737 0 30 0 0 4737 0 40 0 0 0 38 30 30
4737 0 30 0 0 4737 0 40 0 0 30 47 35 35
4737 0 30 0 0 4737 0 40 0 0 60 55 42 42
4737 0 30 0 0 4737 0 40 0 0 90 63 48 48
4737 0 30 0 0 4737 0 40 0 0 120 71 54 54
4737 0 30 0 0 4737 0 40 0 0 150 73 55 55
4737 0 30 0 0 4737 0 40 0 0 180 73 56 56
4737 0 30 0 0 4737 0 50 0 0 0 38 31 31
4737 0 30 0 0 4737 0 50 0 0 30 46 36 36
4737 0 30 0 0 4737 0 50 0 0 60 54 42 42
4737 0 30 0 0 4737 0 50 0 0 90 62 48 48
4737 0 30 0 0 4737 0 50 0 0 120 70 54 54
4737 0 30 0 0 4737 0 50 0 0 150 72 56 56
4737 0 30 0 0 4737 0 50 0 0 180 72 57 57
4737 0 30 0 0 4737 0 60 0 0 0 39 33 33
4737 0 30 0 0 4737 0 60 0 0 30 45 37 37
4737 0 30 0 0 4737 0 60 0 0 60 53 43 43
4737 0 30 0 0 4737 0 60 0 0 90 61 49 49
4737 0 30 0 0 4737 0 60 0 0 120 68 55 55
4737 0 30 0 0 4737 0 60 0 0 150 70 58 58
4737 0 30 0 0 4737 0 60 0 0 180 70 58 58
4737 0 30 0 0 4737 0 0 0 0 0 40 38 38
4737 0 30 0 0 4737 0 0 0 0 30 46 40 40
4737 0 30 0 0 4737 0 0 0 0 60 54 45 45
4737 0 30 0 0 4737 0 0 0 0 90 61 51 51
4737 0 30 0 0 4737 0 0 0 0 120 70 57 57
4737 0 30 0 0 4737 0 0 0 0 150 75 60 60
4737 0 30 0 0 4737 0 0 0 0 180 75 60 60
4737 0 30 0 0 4737 0 10 0 0 0 40 36 36
4737 0 30 0 0 4737 0 10 0 0 30 46 39 39
4737 0 30 0 0 4737 0 10 0 0 60 53 45 45
4737 0 30 0 0 4737 0 10 0 0 90 61 51 51
4737 0 30 0 0 4737 0 10 0 0 120 70 57 57
4737 0 30 0 0 4737 0 10 0 0 150 75 60 60
4737 0 30 0 0 4737 0 10 0 0 180 75 60 60
4737 0 30 0 0 4737 0 20 0 0 0 40 33 33
4737 0 30 0 0 4737 0 20 0 0 30 46 37 37
4737 0 30 0 0 4737 0 20 0 0 60 53 43 43
4737 0 30 0 0 4737 0 20 0 0 90 61 49 49
4737 0 30 0 0 4737 0 20 0 0 120 70 55 55
4737 0 30 0 0 4737 0 20 0 0 150 75 58 58
4737 0 30 0 0 4737 0 20 0 0 180 75 58 58
4737 0 30 0 0 4737 0 30 0 0 0 40 29 29
4737 0 30 0 0 4737 0 30 0 0 30 46 34 34
4737 0 30 0 0 4737 0 30 0 0 60 53 40 40
4737 0 30 0 0 4737 0 30 0 0 90 61 46 46
4737 0 30 0 0 4737 0 30 0 0 120 69 52 52
4737 0 30 0 0 4737 0 30 0 0 150 74 55 55
4737 0 30 0 0 4737 0 30 0 0 180 74 55 55
4737 0 30 0 0 4737 0 40 0 0 0 39 30 30
4737 0 30 0 0 4737 0 40 0 0 30 45 33 33
4737 0 30 0 0 4737 0 40 0 0 60 52 39 39
4737 0 30 0 0 4737 0 40 0 0 90 60 45 45
4737 0 30 0 0 4737 0 40 0 0 120 69 51 51
4737 0 30 0 0 4737 0 40 0 0 150 73 55 55
4737 0 30 0 0 4737 0 40 0 0 180 73 55 55
4737 0 30 0 0 4737 0 50 0 0 0 39 31 31
4737 0 30 0 0 4737 0 50 0 0 30 44 34 34
4737 0 30 0 0 4737 0 50 0 0 60 51 39 39
4737 0 30 0 0 4737 0 50 0 0 90 59 45 45
4737 0 30 0 0 4737 0 50 0 0 120 68 51 51
4737 0 30 0 0 4737 0 50 0 0 150 72 56 56
4737 0 30 0 0 4737 0 50 0 0 180 72 56 56
4737 0 30 0 0 4737 0 60 0 0 0 39 33 33
4737 0 30 0 0 4737 0 60 0 0 30 44 36 36
4737 0 30 0 0 4737 0 60 0 0 60 50 40 40
4737 0 30 0 0 4737 0 60 0 0 90 58 46 46
4737 0 30 0 0 4737 0 60 0 0 120 66 52 52
4737 0 30 0 0 4737 0 60 0 0 150 70 57 57
4737 0 30 0 0 4737 0 60 0 0 180 70 58 58
4737 0 30 0 0 4737 0 0 0 0 0 42 38 38
4737 0 30 0 0 4737 0 0 0 0 30 45 40 40
4737 0 30 0 0 4737 0 0 0 0 60 51 43 43
4737 0 30 0 0 4737 0 0 0 0 90 58 49 49
4737 0 30 0 0 4737 0 0 0 0 120 67 55 55
4737 0 30 0 0 4737 0 0 0 0 150 74 60 60
4737 0 30 0 0 4737 0 0 0 0 180 75 60 60
4737 0 30 0 0 4737 0 10 0 0 0 42 36 36
4737 0 30 0 0 4737 0 10 0 0 30 45 38 38
4737 0 30 0 0 4737 0 10 0 0 60 51 42 42
4737 0 30 0 0 4737 0 10 0 0 90 58 48 48
4737 0 30 0 0 4737 0 10 0 0 120 67 55 55
4737 0 30 0 0 4737 0 10 0 0 150 74 59 59
4737 0 30 0 0 4737 0 10 0 0 180 75 59 59
4737 0 30 0 0 4737 0 20 0 0 0 42 34 34
4737 0 30 0 0 4737 0 20 0 0 30 45 36 36
4737 0 30 0 0 4737 0 20 0 0 60 51 40 40
4737 0 30 0 0 4737 0 20 0 0 90 58 46 46
4737 0 30 0 0 4737 0 20 0 0 120 67 53 53
4737 0 30 0 0 4737 0 20 0 0 150 73 58 58
4737 0 30 0 0 4737 0 20 0 0 180 75 58 58
4737 0 30 0 0 4737 0 30 0 0 0 42 31 31
4737 0 30 0 0 4737 0 30 0 0 30 44 32 32
4737 0 30 0 0 4737 0 30 0 0 60 50 37 37
4737 0 30 0 0 4737 0 30 0 0 90 57 43 43
4737 0 30 0 0 4737 0 30 0 0 120 66 49 49
4737 0 30 0 0 4737 0 30 0 0 150 73 55 55
4737 0 30 0 0 4737 0 30 0 0 180 74 55 55
4737 0 30 0 0 4737 0 40 0 0 0 42 31 31
4737 0 30 0 0 4737 0 40 0 0 30 44 32 32
4737 0 30 0 0 4737 0 40 0 0 60 50 37 37
4737 0 30 0 0 4737 0 40 0 0 90 57 42 42
4737 0 30 0 0 4737 0 40 0 0 120 66 48 48
4737 0 30 0 0 4737 0 40 0 0 150 72 54 54
4737 0 30 0 0 4737 0 40 0 0 180 73 55 55
4737 0 30 0 0 4737 0 50 0 0 0 41 32 32
4737 0 30 0 0 4737 0 50 0 0 30 44 33 33
4737 0 30 0 0 4737 0 50 0 0 60 49 37 37
4737 0 30 0 0 4737 0 50 0 0 90 56 42 42
4737 0 30 0 0 4737 0 50 0 0 120 65 48 48
4737 0 30 0 0 4737 0 50 0 0 150 71 55 55
4737 0 30 0 0 4737 0 50 0 0 180 72 56 56
4737 0 30 0 0 4737 0 60 0 0 0 41 34 34
4737 0 30 0 0 4737 0 60 0 0 30 43 35 35
4737 0 30 0 0 4737 0 60 0 0 60 48 38 38
4737 0 30 0 0 4737 0 60 0 0 90 55 43 43
4737 0 30 0 0 4737 0 60 0 0 120 63 49 49
4737 0 30 0 0 4737 0 60 0 0 150 69 55 55
4737 0 30 0 0 4737 0 60 0 0 180 70 58 58
4737 0 30 0 0 4737 0 0 0 0 0 44 38 38
4737 0 30 0 0 4737 0 0 0 0 30 45 40 40
4737 0 30 0 0 4737 0 0 0 0 60 49 42 42
4737 0 30 0 0 4737 0 0 0 0 90 55 46 46
4737 0 30 0 0 4737 0 0 0 0 120 64 53 53
4737 0 30 0 0 4737 0 0 0 0 150 72 59 59
4737 0 30 0 0 4737 0 0 0 0 180 75 59 59
4737 0 30 0 0 4737 0 10 0 0 0 44 37 37
4737 0 30 0 0 4737 0 10 0 0 30 45 38 38
4737 0 30 0 0 4737 0 10 0 0 60 49 41 41
4737 0 30 0 0 4737 0 10 0 0 90 55 45 45
4737 0 30 0 0 4737 0 10 0 0 120 64 52 52
4737 0 30 0 0 4737 0 10 0 0 150 72 58 58
4737 0 30 0 0 4737 0 10 0 0 180 75 59 59
4737 0 30 0 0 4737 0 20 0 0 0 44 35 35
4737 0 30 0 0 4737 0 20 0 0 30 45 35 35
4737 0 30 0 0 4737 0 20 0 0 60 49 38 38
4737 0 30 0 0 4737 0 20 0 0 90 55 43 43
4737 0 30 0 0 4737 0 20 0 0 120 63 49 49
4737 0 30 0 0 4737 0 20 0 0 150 72 56 56
4737 0 30 0 0 4737 0 20 0 0 180 75 57 57
4737 0 30 0 0 4737 0 30 0 0 0 44 33 33
4737 0 30 0 0 4737 0 30 0 0 30 45 33 33
4737 0 30 0 0 4737 0 30 0 0 60 48 35 35
4737 0 30 0 0 4737 0 30 0 0 90 54 40 40
4737 0 30 0 0 4737 0 30 0 0 120 63 47 47
4737 0 30 0 0 4737 0 30 0 0 150 71 53 53
4737 0 30 0 0 4737 0 30 0 0 180 74 55 55
4737 0 30 0 0 4737 0 40 0 0 0 44 32 32
4737 0 30 0 0 4737 0 40 0 0 30 45 33 33
4737 0 30 0 0 4737 0 40 0 0 60 48 35 35
4737 0 30 0 0 4737 0 40 0 0 90 54 39 39
4737 0 30 0 0 4737 0 40 0 0 120 62 46 46
4737 0 30 0 0 4737 0 40 0 0 150 70 53 53
4737 0 30 0 0 4737 0 40 0 0 180 73 55 55
4737 0 30 0 0 4737 0 50 0 0 0 44 33 33
4737 0 30 0 0 4737 0 50 0 0 30 45 33 33
4737 0 30 0 0 4737 0 50 0 0 60 47 35 35
4737 0 30 0 0 4737 0 50 0 0 90 53 39 39
4737 0 30 0 0 4737 0 50 0 0 120 61 46 46
4737 0 30 0 0 4737 0 50 0 0 150 69 53 53
4737 0 30 0 0 4737 0 50 0 0 180 72 56 56
4737 0 30 0 0 4737 0 60 0 0 0 43 34 34
4737 0 30 0 0 4737 0 60 0 0 30 44 35 35
4737 0 30 0 0 4737 0 60 0 0 60 47 37 37
4737 0 30 0 0 4737 0 60 0 0 90 52 40 40
4737 0 30 0 0 4737 0 60 0 0 120 60 46 46
4737 0 30 0 0 4737 0 60 0 0 150 67 53 53
4737 0 30 0 0 4737 0 60 0 0 180 70 57 57
4737 0 30 0 0 4737 0 0 0 0 0 46 39 39
4737 0 30 0 0 4737 0 0 0 0 30 47 40 40
4737 0 30 0 0 4737 0 0 0 0 60 48 42 42
4737 0 30 0 0 4737 0 0 0 0 90 52 44 44
4737 0 30 0 0 4737 0 0 0 0 120 60 49 49
4737 0 30 0 0 4737 0 0 0 0 150 69 57 57
4737 0 30 0 0 4737 0 0 0 0 180 75 58 58
4737 0 30 0 0 4737 0 10 0 0 0 46 38 38
4737 0 30 0 0 4737 0 10 0 0 30 47 39 39
4737 0 30 0 0 4737 0 10 0 0 60 48 40 40
4737 0 30 0 0 4737 0 10 0 0 90 52 43 43
4737 0 30 0 0 4737 0 10 0 0 120 60 48 48
4737 0 30 0 0 4737 0 10 0 0 150 69 56 56
4737 0 30 0 0 4737 0 10 0 0 180 75 58 58
4737 0 30 0 0 4737 0 20 0 0 0 46 36 36
4737 0 30 0 0 4737 0 20 0 0 30 47 36 36
4737 0 30 0 0 4737 0 20 0 0 60 48 37 37
4737 0 30 0 0 4737 0 20 0 0 90 52 40 40
4737 0 30 0 0 4737 0 20 0 0 120 60 46 46
4737 0 30 0 0 4737 0 20 0 0 150 69 53 53
4737 0 30 0 0 4737 0 20 0 0 180 74 57 57
4737 0 30 0 0 4737 0 30 0 0 0 46 35 35
4737 0 30 0 0 4737 0 30 0 0 30 47 35 35
4737 0 30 0 0 4737 0 30 0 0 60 48 35 35
4737 0 30 0 0 4737 0 30 0 0 90 51 38 38
4737 0 30 0 0 4737 0 30 0 0 120 59 44 44
4737 0 30 0 0 4737 0 30 0 0 150 69 52 52
4737 0 30 0 0 4737 0 30 0 0 180 74 56 56
4737 0 30 0 0 4737 0 40 0 0 0 46 34 34
4737 0 30 0 0 4737 0 40 0 0 30 47 34 34
4737 0 30 0 0 4737 0 40 0 0 60 48 35 35
4737 0 30 0 0 4737 0 40 0 0 90 51 37 37
4737 0 30 0 0 4737 0 40 0 0 120 59 43 43
4737 0 30 0 0 4737 0 40 0 0 150 68 51 51
4737 0 30 0 0 4737 0 40 0 0 180 73 56 56
4737 0 30 0 0 4737 0 50 0 0 0 46 35 35
4737 0 30 0 0 4737 0 50 0 0 30 46 35 35
4737 0 30 0 0 4737 0 50 0 0 60 48 35 35
4737 0 30 0 0 4737 0 50 0 0 90 51 37 37
4737 0 30 0 0 4737 0 50 0 0 120 58 43 43
4737 0 30 0 0 4737 0 50 0 0 150 67 51 51
4737 0 30 0 0 4737 0 50 0 0 180 72 56 56
4737 0 30 0 0 4737 0 60 0 0 0 46 35 35
4737 0 30 0 0 4737 0 60 0 0 30 46 35 35
4737 0 30 0 0 4737 0 60 0 0 60 48 36 36
4737 0 30 0 0 4737 0 60 0 0 90 50 38 38
4737 0 30 0 0 4737 0 60 0 0 120 57 43 43
4737 0 30 0 0 4737 0 60 0 0 150 64 51 51
4737 0 30 0 0 4737 0 60 0 0 180 69 57 57
4737 0 30 0 0 4737 0 0 0 0 0 48 40 40
4737 0 30 0 0 4737 0 0 0 0 30 49 41 41
4737 0 30 0 0 4737 0 0 0 0 60 49 41 41
4737 0 30 0 0 4737 0 0 0 0 90 51 43 43
4737 0 30 0 0 4737 0 0 0 0 120 57 47 47
4737 0 30 0 0 4737 0 0 0 0 150 67 54 54
4737 0 30 0 0 4737 0 0 0 0 180 74 56 56
4737 0 30 0 0 4737 0 10 0 0 0 48 40 40
4737 0 30 0 0 4737 0 10 0 0 30 49 40 40
4737 0 30 0 0 4737 0 10 0 0 60 49 40 40
4737 0 30 0 0 4737 0 10 0 0 90 51 42 42
4737 0 30 0 0 4737 0 10 0 0 120 57 45 45
4737 0 30 0 0 4737 0 10 0 0 150 67 53 53
4737 0 30 0 0 4737 0 10 0 0 180 74 56 56
4737 0 30 0 0 4737 0 20 0 0 0 48 38 38
4737 0 30 0 0 4737 0 20 0 0 30 49 38 38
4737 0 30 0 0 4737 0 20 0 0 60 49 38 38
4737 0 30 0 0 4737 0 20 0 0 90 51 39 39
4737 0 30 0 0 4737 0 20 0 0 120 56 43 43
4737 0 30 0 0 4737 0 20 0 0 150 66 51 51
4737 0 30 0 0 4737 0 20 0 0 180 73 56 56
4737 0 30 0 0 4737 0 30 0 0 0 48 37 37
4737 0 30 0 0 4737 0 30 0 0 30 49 37 37
4737 0 30 0 0 4737 0 30 0 0 60 49 37 37
4737 0 30 0 0 4737 0 30 0 0 90 51 38 38
4737 0 30 0 0 4737 0 30 0 0 120 56 41 41
4737 0 30 0 0 4737 0 30 0 0 150 66 50 50
4737 0 30 0 0 4737 0 30 0 0 180 73 56 56
4737 0 30 0 0 4737 0 40 0 0 0 48 36 36
4737 0 30 0 0 4737 0 40 0 0 30 49 36 36
4737 0 30 0 0 4737 0 40 0 0 60 49 37 37
4737 0 30 0 0 4737 0 40 0 0 90 51 37 37
4737 0 30 0 0 4737 0 40 0 0 120 55 40 40
4737 0 30 0 0 4737 0 40 0 0 150 65 49 49
4737 0 30 0 0 4737 0 40 0 0 180 72 56 56
4737 0 30 0 0 4737 0 50 0 0 0 48 37 37
4737 0 30 0 0 4737 0 50 0 0 30 49 36 36
4737 0 30 0 0 4737 0 50 0 0 60 49 36 36
4737 0 30 0 0 4737 0 50 0 0 90 51 37 37
4737 0 30 0 0 4737 0 50 0 0 120 55 40 40
4737 0 30 0 0 4737 0 50 0 0 150 64 48 48
4737 0 30 0 0 4737 0 50 0 0 180 70 56 56
4737 0 30 0 0 4737 0 60 0 0 0 48 37 37
4737 0 30 0 0 4737 0 60 0 0 30 48 37 37
4737 0 30 0 0 4737 0 60 0 0 60 49 37 37
4737 0 30 0 0 4737 0 60 0 0 90 50 38 38
4737 0 30 0 0 4737 0 60 0 0 120 54 41 41
4737 0 30 0 0 4737 0 60 0 0 150 62 48 48
4737 0 30 0 0 4737 0 60 0 0 180 67 57 57
