4937 0.3 20 0 0 4737 0.0 0 0 0 0 62.3 53.7 53.7
4937 0.3 20 0 0 4737 0.0 0 0 0 30 62.5 53.8 53.8
4937 0.3 20 0 0 4737 0.0 0 0 0 60 62.4 53.7 53.7
4937 0.3 20 0 0 4737 0.0 0 0 0 90 62.0 53.5 53.5
4937 0.3 20 0 0 4737 0.0 0 0 0 120 61.7 53.3 53.3
4937 0.3 20 0 0 4737 0.0 0 0 0 150 61.4 53.1 53.1
4937 0.3 20 0 0 4737 0.0 0 0 0 180 61.3 53.0 53.0
4937 0.3 20 0 0 4737 0.0 10 0 0 0 62.3 53.4 53.4
4937 0.3 20 0 0 4737 0.0 10 0 0 30 62.4 53.5 53.5
4937 0.3 20 0 0 4737 0.0 10 0 0 60 62.3 53.4 53.4
4937 0.3 20 0 0 4737 0.0 10 0 0 90 62.0 53.2 53.2
4937 0.3 20 0 0 4737 0.0 10 0 0 120 61.7 53.0 53.0
4937 0.3 20 0 0 4737 0.0 10 0 0 150 61.3 52.8 52.8
4937 0.3 20 0 0 4737 0.0 10 0 0 180 61.2 52.6 52.6
4937 0.3 20 0 0 4737 0.0 20 0 0 0 62.1 52.2 52.2
4937 0.3 20 0 0 4737 0.0 20 0 0 30 62.3 52.3 52.3
4937 0.3 20 0 0 4737 0.0 20 0 0 60 62.1 52.2 52.2
4937 0.3 20 0 0 4737 0.0 20 0 0 90 61.8 52.0 52.0
4937 0.3 20 0 0 4737 0.0 20 0 0 120 61.5 51.8 51.8
4937 0.3 20 0 0 4737 0.0 20 0 0 150 61.1 51.6 51.6
4937 0.3 20 0 0 4737 0.0 20 0 0 180 61.0 51.4 51.4
4937 0.3 20 0 0 4737 0.0 30 0 0 0 61.8 49.9 49.9
4937 0.3 20 0 0 4737 0.0 30 0 0 30 62.0 49.8 49.8
4937 0.3 20 0 0 4737 0.0 30 0 0 60 61.8 49.6 49.6
4937 0.3 20 0 0 4737 0.0 30 0 0 90 61.5 49.4 49.4
4937 0.3 20 0 0 4737 0.0 30 0 0 120 61.2 49.1 49.1
4937 0.3 20 0 0 4737 0.0 30 0 0 150 60.8 48.9 48.9
4937 0.3 20 0 0 4737 0.0 30 0 0 180 60.7 49.0 49.0
4937 0.3 20 0 0 4737 0.0 40 0 0 0 61.3 49.9 49.9
4937 0.3 20 0 0 4737 0.0 40 0 0 30 61.5 49.9 49.9
4937 0.3 20 0 0 4737 0.0 40 0 0 60 61.3 49.7 49.7
4937 0.3 20 0 0 4737 0.0 40 0 0 90 60.9 49.3 49.3
4937 0.3 20 0 0 4737 0.0 40 0 0 120 60.6 49.1 49.1
4937 0.3 20 0 0 4737 0.0 40 0 0 150 60.3 48.8 48.8
4937 0.3 20 0 0 4737 0.0 40 0 0 180 60.2 48.8 48.8
4937 0.3 20 0 0 4737 0.0 50 0 0 0 60.5 50.8 50.8
4937 0.3 20 0 0 4737 0.0 50 0 0 30 60.7 50.7 50.7
4937 0.3 20 0 0 4737 0.0 50 0 0 60 60.5 50.5 50.5
4937 0.3 20 0 0 4737 0.0 50 0 0 90 60.1 50.2 50.2
4937 0.3 20 0 0 4737 0.0 50 0 0 120 59.8 49.8 49.8
4937 0.3 20 0 0 4737 0.0 50 0 0 150 59.5 49.5 49.5
4937 0.3 20 0 0 4737 0.0 50 0 0 180 59.4 49.4 49.4
4937 0.3 20 0 0 4737 0.0 60 0 0 0 59.1 51.9 51.9
4937 0.3 20 0 0 4737 0.0 60 0 0 30 59.3 52.1 52.1
4937 0.3 20 0 0 4737 0.0 60 0 0 60 59.2 52.0 52.0
4937 0.3 20 0 0 4737 0.0 60 0 0 90 58.8 51.7 51.7
4937 0.3 20 0 0 4737 0.0 60 0 0 120 58.5 51.3 51.3
4937 0.3 20 0 0 4737 0.0 60 0 0 150 58.3 51.0 51.0
4937 0.3 20 0 0 4737 0.0 60 0 0 180 58.2 50.7 50.7
4937 0.3 20 0 0 4737 0.1 0 0 0 0 61.7 53.0 53.0
4937 0.3 20 0 0 4737 0.1 0 0 0 30 61.9 53.1 53.1
4937 0.3 20 0 0 4737 0.1 0 0 0 60 61.8 53.0 53.0
4937 0.3 20 0 0 4737 0.1 0 0 0 90 61.5 52.8 52.8
4937 0.3 20 0 0 4737 0.1 0 0 0 120 61.2 52.6 52.6
4937 0.3 20 0 0 4737 0.1 0 0 0 150 60.8 52.4 52.4
4937 0.3 20 0 0 4737 0.1 0 0 0 180 60.7 52.1 52.1
4937 0.3 20 0 0 4737 0.1 10 0 0 0 61.7 52.6 52.6
4937 0.3 20 0 0 4737 0.1 10 0 0 30 61.8 52.7 52.7
4937 0.3 20 0 0 4737 0.1 10 0 0 60 61.8 52.6 52.6
4937 0.3 20 0 0 4737 0.1 10 0 0 90 61.5 52.5 52.5
4937 0.3 20 0 0 4737 0.1 10 0 0 120 61.1 52.3 52.3
4937 0.3 20 0 0 4737 0.1 10 0 0 150 60.8 52.0 52.0
4937 0.3 20 0 0 4737 0.1 10 0 0 180 60.6 51.7 51.7
4937 0.3 20 0 0 4737 0.1 20 0 0 0 61.5 51.4 51.4
4937 0.3 20 0 0 4737 0.1 20 0 0 30 61.6 51.6 51.6
4937 0.3 20 0 0 4737 0.1 20 0 0 60 61.6 51.5 51.5
4937 0.3 20 0 0 4737 0.1 20 0 0 90 61.3 51.2 51.2
4937 0.3 20 0 0 4737 0.1 20 0 0 120 60.9 51.0 51.0
4937 0.3 20 0 0 4737 0.1 20 0 0 150 60.6 50.7 50.7
4937 0.3 20 0 0 4737 0.1 20 0 0 180 60.4 50.5 50.5
4937 0.3 20 0 0 4737 0.1 30 0 0 0 61.2 49.2 49.2
4937 0.3 20 0 0 4737 0.1 30 0 0 30 61.3 49.2 49.2
4937 0.3 20 0 0 4737 0.1 30 0 0 60 61.3 49.0 49.0
4937 0.3 20 0 0 4737 0.1 30 0 0 90 60.9 48.7 48.7
4937 0.3 20 0 0 4737 0.1 30 0 0 120 60.6 48.3 48.3
4937 0.3 20 0 0 4737 0.1 30 0 0 150 60.2 48.1 48.1
4937 0.3 20 0 0 4737 0.1 30 0 0 180 60.1 47.9 47.9
4937 0.3 20 0 0 4737 0.1 40 0 0 0 60.7 49.3 49.3
4937 0.3 20 0 0 4737 0.1 40 0 0 30 60.8 49.2 49.2
4937 0.3 20 0 0 4737 0.1 40 0 0 60 60.8 49.1 49.1
4937 0.3 20 0 0 4737 0.1 40 0 0 90 60.4 48.8 48.8
4937 0.3 20 0 0 4737 0.1 40 0 0 120 60.0 48.4 48.4
4937 0.3 20 0 0 4737 0.1 40 0 0 150 59.7 48.1 48.1
4937 0.3 20 0 0 4737 0.1 40 0 0 180 59.5 47.9 47.9
4937 0.3 20 0 0 4737 0.1 50 0 0 0 59.9 50.1 50.1
4937 0.3 20 0 0 4737 0.1 50 0 0 30 60.1 50.2 50.2
4937 0.3 20 0 0 4737 0.1 50 0 0 60 60.0 50.0 50.0
4937 0.3 20 0 0 4737 0.1 50 0 0 90 59.7 49.7 49.7
4937 0.3 20 0 0 4737 0.1 50 0 0 120 59.2 49.3 49.3
4937 0.3 20 0 0 4737 0.1 50 0 0 150 58.8 48.9 48.9
4937 0.3 20 0 0 4737 0.1 50 0 0 180 58.7 48.5 48.5
4937 0.3 20 0 0 4737 0.1 60 0 0 0 58.5 51.0 51.0
4937 0.3 20 0 0 4737 0.1 60 0 0 30 58.7 51.3 51.3
4937 0.3 20 0 0 4737 0.1 60 0 0 60 58.7 51.3 51.3
4937 0.3 20 0 0 4737 0.1 60 0 0 90 58.4 51.2 51.2
4937 0.3 20 0 0 4737 0.1 60 0 0 120 58.0 50.8 50.8
4937 0.3 20 0 0 4737 0.1 60 0 0 150 57.6 50.4 50.4
4937 0.3 20 0 0 4737 0.1 60 0 0 180 57.4 49.9 49.9
4937 0.3 20 0 0 4737 0.2 0 0 0 0 61.1 52.2 52.2
4937 0.3 20 0 0 4737 0.2 0 0 0 30 61.3 52.3 52.3
4937 0.3 20 0 0 4737 0.2 0 0 0 60 61.2 52.3 52.3
4937 0.3 20 0 0 4737 0.2 0 0 0 90 61.0 52.1 52.1
4937 0.3 20 0 0 4737 0.2 0 0 0 120 60.7 51.8 51.8
4937 0.3 20 0 0 4737 0.2 0 0 0 150 60.2 51.5 51.5
4937 0.3 20 0 0 4737 0.2 0 0 0 180 60.1 51.2 51.2
4937 0.3 20 0 0 4737 0.2 10 0 0 0 61.1 51.8 51.8
4937 0.3 20 0 0 4737 0.2 10 0 0 30 61.2 51.9 51.9
4937 0.3 20 0 0 4737 0.2 10 0 0 60 61.2 51.9 51.9
4937 0.3 20 0 0 4737 0.2 10 0 0 90 60.9 51.7 51.7
4937 0.3 20 0 0 4737 0.2 10 0 0 120 60.6 51.5 51.5
4937 0.3 20 0 0 4737 0.2 10 0 0 150 60.2 51.2 51.2
4937 0.3 20 0 0 4737 0.2 10 0 0 180 60.0 50.8 50.8
4937 0.3 20 0 0 4737 0.2 20 0 0 0 60.9 50.7 50.7
4937 0.3 20 0 0 4737 0.2 20 0 0 30 61.0 50.8 50.8
4937 0.3 20 0 0 4737 0.2 20 0 0 60 61.0 50.7 50.7
4937 0.3 20 0 0 4737 0.2 20 0 0 90 60.8 50.5 50.5
4937 0.3 20 0 0 4737 0.2 20 0 0 120 60.4 50.2 50.2
4937 0.3 20 0 0 4737 0.2 20 0 0 150 60.0 49.8 49.8
4937 0.3 20 0 0 4737 0.2 20 0 0 180 59.8 49.4 49.4
4937 0.3 20 0 0 4737 0.2 30 0 0 0 60.5 48.7 48.7
4937 0.3 20 0 0 4737 0.2 30 0 0 30 60.7 48.7 48.7
4937 0.3 20 0 0 4737 0.2 30 0 0 60 60.7 48.5 48.5
4937 0.3 20 0 0 4737 0.2 30 0 0 90 60.4 48.2 48.2
4937 0.3 20 0 0 4737 0.2 30 0 0 120 60.1 47.7 47.7
4937 0.3 20 0 0 4737 0.2 30 0 0 150 59.6 47.3 47.3
4937 0.3 20 0 0 4737 0.2 30 0 0 180 59.4 47.0 47.0
4937 0.3 20 0 0 4737 0.2 40 0 0 0 60.1 48.8 48.8
4937 0.3 20 0 0 4737 0.2 40 0 0 30 60.2 48.8 48.8
4937 0.3 20 0 0 4737 0.2 40 0 0 60 60.2 48.7 48.7
4937 0.3 20 0 0 4737 0.2 40 0 0 90 59.9 48.3 48.3
4937 0.3 20 0 0 4737 0.2 40 0 0 120 59.5 47.9 47.9
4937 0.3 20 0 0 4737 0.2 40 0 0 150 59.0 47.5 47.5
4937 0.3 20 0 0 4737 0.2 40 0 0 180 58.9 47.1 47.1
4937 0.3 20 0 0 4737 0.2 50 0 0 0 59.3 49.4 49.4
4937 0.3 20 0 0 4737 0.2 50 0 0 30 59.5 49.6 49.6
4937 0.3 20 0 0 4737 0.2 50 0 0 60 59.5 49.6 49.6
4937 0.3 20 0 0 4737 0.2 50 0 0 90 59.2 49.3 49.3
4937 0.3 20 0 0 4737 0.2 50 0 0 120 58.7 48.8 48.8
4937 0.3 20 0 0 4737 0.2 50 0 0 150 58.2 48.3 48.3
4937 0.3 20 0 0 4737 0.2 50 0 0 180 58.0 47.9 47.9
4937 0.3 20 0 0 4737 0.2 60 0 0 0 57.9 50.2 50.2
4937 0.3 20 0 0 4737 0.2 60 0 0 30 58.1 50.5 50.5
4937 0.3 20 0 0 4737 0.2 60 0 0 60 58.2 50.6 50.6
4937 0.3 20 0 0 4737 0.2 60 0 0 90 58.1 50.5 50.5
4937 0.3 20 0 0 4737 0.2 60 0 0 120 57.6 50.2 50.2
4937 0.3 20 0 0 4737 0.2 60 0 0 150 57.0 49.7 49.7
4937 0.3 20 0 0 4737 0.2 60 0 0 180 56.6 49.2 49.2
4937 0.3 20 0 0 4737 0.3 0 0 0 0 60.6 51.4 51.4
4937 0.3 20 0 0 4737 0.3 0 0 0 30 60.7 51.4 51.4
4937 0.3 20 0 0 4737 0.3 0 0 0 60 60.7 51.4 51.4
4937 0.3 20 0 0 4737 0.3 0 0 0 90 60.5 51.3 51.3
4937 0.3 20 0 0 4737 0.3 0 0 0 120 60.1 51.1 51.1
4937 0.3 20 0 0 4737 0.3 0 0 0 150 59.6 50.7 50.7
4937 0.3 20 0 0 4737 0.3 0 0 0 180 59.5 50.2 50.2
4937 0.3 20 0 0 4737 0.3 10 0 0 0 60.5 51.0 51.0
4937 0.3 20 0 0 4737 0.3 10 0 0 30 60.6 51.0 51.0
4937 0.3 20 0 0 4737 0.3 10 0 0 60 60.6 51.1 51.1
4937 0.3 20 0 0 4737 0.3 10 0 0 90 60.4 50.9 50.9
4937 0.3 20 0 0 4737 0.3 10 0 0 120 60.1 50.7 50.7
4937 0.3 20 0 0 4737 0.3 10 0 0 150 59.6 50.3 50.3
4937 0.3 20 0 0 4737 0.3 10 0 0 180 59.4 49.7 49.7
4937 0.3 20 0 0 4737 0.3 20 0 0 0 60.3 49.7 49.7
4937 0.3 20 0 0 4737 0.3 20 0 0 30 60.4 49.8 49.8
4937 0.3 20 0 0 4737 0.3 20 0 0 60 60.4 49.8 49.8
4937 0.3 20 0 0 4737 0.3 20 0 0 90 60.2 49.6 49.6
4937 0.3 20 0 0 4737 0.3 20 0 0 120 59.9 49.1 49.1
4937 0.3 20 0 0 4737 0.3 20 0 0 150 59.3 48.6 48.6
4937 0.3 20 0 0 4737 0.3 20 0 0 180 59.2 48.1 48.1
4937 0.3 20 0 0 4737 0.3 30 0 0 0 60.0 48.2 48.2
4937 0.3 20 0 0 4737 0.3 30 0 0 30 60.1 48.2 48.2
4937 0.3 20 0 0 4737 0.3 30 0 0 60 60.1 48.1 48.1
4937 0.3 20 0 0 4737 0.3 30 0 0 90 59.9 47.8 47.8
4937 0.3 20 0 0 4737 0.3 30 0 0 120 59.5 47.3 47.3
4937 0.3 20 0 0 4737 0.3 30 0 0 150 59.0 46.8 46.8
4937 0.3 20 0 0 4737 0.3 30 0 0 180 58.8 46.3 46.3
4937 0.3 20 0 0 4737 0.3 40 0 0 0 59.5 48.4 48.4
4937 0.3 20 0 0 4737 0.3 40 0 0 30 59.6 48.4 48.4
4937 0.3 20 0 0 4737 0.3 40 0 0 60 59.6 48.3 48.3
4937 0.3 20 0 0 4737 0.3 40 0 0 90 59.4 48.0 48.0
4937 0.3 20 0 0 4737 0.3 40 0 0 120 59.0 47.6 47.6
4937 0.3 20 0 0 4737 0.3 40 0 0 150 58.4 47.1 47.1
4937 0.3 20 0 0 4737 0.3 40 0 0 180 58.2 46.6 46.6
4937 0.3 20 0 0 4737 0.3 50 0 0 0 58.7 48.8 48.8
4937 0.3 20 0 0 4737 0.3 50 0 0 30 58.9 49.0 49.0
4937 0.3 20 0 0 4737 0.3 50 0 0 60 59.0 49.1 49.1
4937 0.3 20 0 0 4737 0.3 50 0 0 90 58.8 49.0 49.0
4937 0.3 20 0 0 4737 0.3 50 0 0 120 58.3 48.5 48.5
4937 0.3 20 0 0 4737 0.3 50 0 0 150 57.6 47.9 47.9
4937 0.3 20 0 0 4737 0.3 50 0 0 180 57.2 47.2 47.2
4937 0.3 20 0 0 4737 0.3 60 0 0 0 57.1 49.3 49.3
4937 0.3 20 0 0 4737 0.3 60 0 0 30 57.4 49.6 49.6
4937 0.3 20 0 0 4737 0.3 60 0 0 60 57.5 49.7 49.7
4937 0.3 20 0 0 4737 0.3 60 0 0 90 57.6 49.8 49.8
4937 0.3 20 0 0 4737 0.3 60 0 0 120 57.3 49.6 49.6
4937 0.3 20 0 0 4737 0.3 60 0 0 150 56.4 49.2 49.2
4937 0.3 20 0 0 4737 0.3 60 0 0 180 55.7 48.5 48.5
4937 0.3 20 0 0 4737 0.4 0 0 0 0 60.0 50.4 50.4
4937 0.3 20 0 0 4737 0.4 0 0 0 30 60.1 50.5 50.5
4937 0.3 20 0 0 4737 0.4 0 0 0 60 60.1 50.5 50.5
4937 0.3 20 0 0 4737 0.4 0 0 0 90 59.9 50.4 50.4
4937 0.3 20 0 0 4737 0.4 0 0 0 120 59.6 50.2 50.2
4937 0.3 20 0 0 4737 0.4 0 0 0 150 59.1 49.8 49.8
4937 0.3 20 0 0 4737 0.4 0 0 0 180 58.8 49.0 49.0
4937 0.3 20 0 0 4737 0.4 10 0 0 0 59.9 50.0 50.0
4937 0.3 20 0 0 4737 0.4 10 0 0 30 60.0 50.1 50.1
4937 0.3 20 0 0 4737 0.4 10 0 0 60 60.0 50.1 50.1
4937 0.3 20 0 0 4737 0.4 10 0 0 90 59.9 50.1 50.1
4937 0.3 20 0 0 4737 0.4 10 0 0 120 59.6 49.8 49.8
4937 0.3 20 0 0 4737 0.4 10 0 0 150 59.0 49.3 49.3
4937 0.3 20 0 0 4737 0.4 10 0 0 180 58.7 48.5 48.5
4937 0.3 20 0 0 4737 0.4 20 0 0 0 59.8 48.6 48.6
4937 0.3 20 0 0 4737 0.4 20 0 0 30 59.8 48.7 48.7
4937 0.3 20 0 0 4737 0.4 20 0 0 60 59.9 48.7 48.7
4937 0.3 20 0 0 4737 0.4 20 0 0 90 59.7 48.4 48.4
4937 0.3 20 0 0 4737 0.4 20 0 0 120 59.4 47.9 47.9
4937 0.3 20 0 0 4737 0.4 20 0 0 150 58.8 47.2 47.2
4937 0.3 20 0 0 4737 0.4 20 0 0 180 58.5 46.5 46.5
4937 0.3 20 0 0 4737 0.4 30 0 0 0 59.4 48.1 48.1
4937 0.3 20 0 0 4737 0.4 30 0 0 30 59.5 48.1 48.1
4937 0.3 20 0 0 4737 0.4 30 0 0 60 59.6 47.9 47.9
4937 0.3 20 0 0 4737 0.4 30 0 0 90 59.4 47.7 47.7
4937 0.3 20 0 0 4737 0.4 30 0 0 120 59.1 47.1 47.1
4937 0.3 20 0 0 4737 0.4 30 0 0 150 58.4 46.4 46.4
4937 0.3 20 0 0 4737 0.4 30 0 0 180 58.1 45.7 45.7
4937 0.3 20 0 0 4737 0.4 40 0 0 0 58.9 48.1 48.1
4937 0.3 20 0 0 4737 0.4 40 0 0 30 59.1 48.2 48.2
4937 0.3 20 0 0 4737 0.4 40 0 0 60 59.1 48.2 48.2
4937 0.3 20 0 0 4737 0.4 40 0 0 90 59.0 48.0 48.0
4937 0.3 20 0 0 4737 0.4 40 0 0 120 58.6 47.5 47.5
4937 0.3 20 0 0 4737 0.4 40 0 0 150 57.8 46.7 46.7
4937 0.3 20 0 0 4737 0.4 40 0 0 180 57.4 46.0 46.0
4937 0.3 20 0 0 4737 0.4 50 0 0 0 58.1 48.3 48.3
4937 0.3 20 0 0 4737 0.4 50 0 0 30 58.3 48.4 48.4
4937 0.3 20 0 0 4737 0.4 50 0 0 60 58.4 48.6 48.6
4937 0.3 20 0 0 4737 0.4 50 0 0 90 58.4 48.6 48.6
4937 0.3 20 0 0 4737 0.4 50 0 0 120 58.0 48.3 48.3
4937 0.3 20 0 0 4737 0.4 50 0 0 150 57.1 47.7 47.7
4937 0.3 20 0 0 4737 0.4 50 0 0 180 56.4 46.8 46.8
4937 0.3 20 0 0 4737 0.4 60 0 0 0 56.2 48.6 48.6
4937 0.3 20 0 0 4737 0.4 60 0 0 30 56.4 48.8 48.8
4937 0.3 20 0 0 4737 0.4 60 0 0 60 56.7 48.9 48.9
4937 0.3 20 0 0 4737 0.4 60 0 0 90 56.9 49.1 49.1
4937 0.3 20 0 0 4737 0.4 60 0 0 120 56.9 49.0 49.0
4937 0.3 20 0 0 4737 0.4 60 0 0 150 56.0 48.7 48.7
4937 0.3 20 0 0 4737 0.4 60 0 0 180 54.7 47.8 47.8
4937 0.3 20 0 0 4737 0.5 0 0 0 0 59.4 49.1 49.1
4937 0.3 20 0 0 4737 0.5 0 0 0 30 59.5 49.2 49.2
4937 0.3 20 0 0 4737 0.5 0 0 0 60 59.5 49.2 49.2
4937 0.3 20 0 0 4737 0.5 0 0 0 90 59.4 49.2 49.2
4937 0.3 20 0 0 4737 0.5 0 0 0 120 59.2 49.0 49.0
4937 0.3 20 0 0 4737 0.5 0 0 0 150 58.5 48.5 48.5
4937 0.3 20 0 0 4737 0.5 0 0 0 180 58.1 47.4 47.4
4937 0.3 20 0 0 4737 0.5 10 0 0 0 59.4 48.6 48.6
4937 0.3 20 0 0 4737 0.5 10 0 0 30 59.4 48.7 48.7
4937 0.3 20 0 0 4737 0.5 10 0 0 60 59.5 48.7 48.7
4937 0.3 20 0 0 4737 0.5 10 0 0 90 59.4 48.7 48.7
4937 0.3 20 0 0 4737 0.5 10 0 0 120 59.1 48.4 48.4
4937 0.3 20 0 0 4737 0.5 10 0 0 150 58.5 47.7 47.7
4937 0.3 20 0 0 4737 0.5 10 0 0 180 58.0 46.7 46.7
4937 0.3 20 0 0 4737 0.5 20 0 0 0 59.2 48.4 48.4
4937 0.3 20 0 0 4737 0.5 20 0 0 30 59.3 48.4 48.4
4937 0.3 20 0 0 4737 0.5 20 0 0 60 59.3 48.4 48.4
4937 0.3 20 0 0 4737 0.5 20 0 0 90 59.2 48.1 48.1
4937 0.3 20 0 0 4737 0.5 20 0 0 120 59.0 47.6 47.6
4937 0.3 20 0 0 4737 0.5 20 0 0 150 58.2 46.8 46.8
4937 0.3 20 0 0 4737 0.5 20 0 0 180 57.8 45.7 45.7
4937 0.3 20 0 0 4737 0.5 30 0 0 0 58.9 48.1 48.1
4937 0.3 20 0 0 4737 0.5 30 0 0 30 59.0 48.1 48.1
4937 0.3 20 0 0 4737 0.5 30 0 0 60 59.1 48.0 48.0
4937 0.3 20 0 0 4737 0.5 30 0 0 90 59.0 47.8 47.8
4937 0.3 20 0 0 4737 0.5 30 0 0 120 58.7 47.3 47.3
4937 0.3 20 0 0 4737 0.5 30 0 0 150 57.9 46.5 46.5
4937 0.3 20 0 0 4737 0.5 30 0 0 180 57.3 45.3 45.3
4937 0.3 20 0 0 4737 0.5 40 0 0 0 58.4 47.9 47.9
4937 0.3 20 0 0 4737 0.5 40 0 0 30 58.5 48.0 48.0
4937 0.3 20 0 0 4737 0.5 40 0 0 60 58.6 48.1 48.1
4937 0.3 20 0 0 4737 0.5 40 0 0 90 58.6 48.0 48.0
4937 0.3 20 0 0 4737 0.5 40 0 0 120 58.4 47.6 47.6
4937 0.3 20 0 0 4737 0.5 40 0 0 150 57.4 46.8 46.8
4937 0.3 20 0 0 4737 0.5 40 0 0 180 56.5 45.7 45.7
4937 0.3 20 0 0 4737 0.5 50 0 0 0 57.4 47.9 47.9
4937 0.3 20 0 0 4737 0.5 50 0 0 30 57.6 48.0 48.0
4937 0.3 20 0 0 4737 0.5 50 0 0 60 57.7 48.2 48.2
4937 0.3 20 0 0 4737 0.5 50 0 0 90 57.8 48.2 48.2
4937 0.3 20 0 0 4737 0.5 50 0 0 120 57.8 48.1 48.1
4937 0.3 20 0 0 4737 0.5 50 0 0 150 56.7 47.4 47.4
4937 0.3 20 0 0 4737 0.5 50 0 0 180 55.4 46.3 46.3
4937 0.3 20 0 0 4737 0.5 60 0 0 0 55.6 48.0 48.0
4937 0.3 20 0 0 4737 0.5 60 0 0 30 55.9 48.1 48.1
4937 0.3 20 0 0 4737 0.5 60 0 0 60 56.0 48.2 48.2
4937 0.3 20 0 0 4737 0.5 60 0 0 90 56.3 48.3 48.3
4937 0.3 20 0 0 4737 0.5 60 0 0 120 56.4 48.4 48.4
4937 0.3 20 0 0 4737 0.5 60 0 0 150 55.7 48.1 48.1
4937 0.3 20 0 0 4737 0.5 60 0 0 180 53.9 47.1 47.1
4937 0.3 20 0 0 4937 0.0 0 0 0 0 45.1 39.7 39.7
4937 0.3 20 0 0 4937 0.0 0 0 0 30 48.7 44.1 44.1
4937 0.3 20 0 0 4937 0.0 0 0 0 60 57.0 50.6 50.6
4937 0.3 20 0 0 4937 0.0 0 0 0 90 65.3 58.7 58.7
4937 0.3 20 0 0 4937 0.0 0 0 0 120 71.6 63.6 63.6
4937 0.3 20 0 0 4937 0.0 0 0 0 150 75.5 64.2 64.2
4937 0.3 20 0 0 4937 0.0 0 0 0 180 76.7 64.1 64.1
4937 0.3 20 0 0 4937 0.0 10 0 0 0 45.0 39.3 39.3
4937 0.3 20 0 0 4937 0.0 10 0 0 30 48.6 43.0 43.0
4937 0.3 20 0 0 4937 0.0 10 0 0 60 56.9 50.1 50.1
4937 0.3 20 0 0 4937 0.0 10 0 0 90 65.1 58.0 58.0
4937 0.3 20 0 0 4937 0.0 10 0 0 120 71.6 62.4 62.4
4937 0.3 20 0 0 4937 0.0 10 0 0 150 75.4 63.9 63.9
4937 0.3 20 0 0 4937 0.0 10 0 0 180 76.6 63.8 63.8
4937 0.3 20 0 0 4937 0.0 20 0 0 0 44.9 38.5 38.5
4937 0.3 20 0 0 4937 0.0 20 0 0 30 48.3 41.5 41.5
4937 0.3 20 0 0 4937 0.0 20 0 0 60 56.6 49.3 49.3
4937 0.3 20 0 0 4937 0.0 20 0 0 90 64.9 56.0 56.0
4937 0.3 20 0 0 4937 0.0 20 0 0 120 71.4 60.3 60.3
4937 0.3 20 0 0 4937 0.0 20 0 0 150 75.2 62.5 62.5
4937 0.3 20 0 0 4937 0.0 20 0 0 180 76.3 62.6 62.6
4937 0.3 20 0 0 4937 0.0 30 0 0 0 44.7 37.8 37.8
4937 0.3 20 0 0 4937 0.0 30 0 0 30 48.0 40.6 40.6
4937 0.3 20 0 0 4937 0.0 30 0 0 60 56.2 46.4 46.4
4937 0.3 20 0 0 4937 0.0 30 0 0 90 64.5 52.1 52.1
4937 0.3 20 0 0 4937 0.0 30 0 0 120 71.1 56.3 56.3
4937 0.3 20 0 0 4937 0.0 30 0 0 150 74.7 59.0 59.0
4937 0.3 20 0 0 4937 0.0 30 0 0 180 75.8 59.5 59.5
4937 0.3 20 0 0 4937 0.0 40 0 0 0 44.3 37.8 37.8
4937 0.3 20 0 0 4937 0.0 40 0 0 30 47.5 40.9 40.9
4937 0.3 20 0 0 4937 0.0 40 0 0 60 55.7 46.1 46.1
4937 0.3 20 0 0 4937 0.0 40 0 0 90 64.0 51.3 51.3
4937 0.3 20 0 0 4937 0.0 40 0 0 120 70.6 55.4 55.4
4937 0.3 20 0 0 4937 0.0 40 0 0 150 73.9 58.3 58.3
4937 0.3 20 0 0 4937 0.0 40 0 0 180 75.0 59.5 59.5
4937 0.3 20 0 0 4937 0.0 50 0 0 0 43.7 38.4 38.4
4937 0.3 20 0 0 4937 0.0 50 0 0 30 46.9 41.6 41.6
4937 0.3 20 0 0 4937 0.0 50 0 0 60 54.9 46.4 46.4
4937 0.3 20 0 0 4937 0.0 50 0 0 90 63.2 51.2 51.2
4937 0.3 20 0 0 4937 0.0 50 0 0 120 69.7 55.3 55.3
4937 0.3 20 0 0 4937 0.0 50 0 0 150 72.7 58.3 58.3
4937 0.3 20 0 0 4937 0.0 50 0 0 180 73.8 60.3 60.3
4937 0.3 20 0 0 4937 0.0 60 0 0 0 43.3 40.2 40.2
4937 0.3 20 0 0 4937 0.0 60 0 0 30 46.2 42.8 42.8
4937 0.3 20 0 0 4937 0.0 60 0 0 60 53.8 47.1 47.1
4937 0.3 20 0 0 4937 0.0 60 0 0 90 62.0 51.8 51.8
4937 0.3 20 0 0 4937 0.0 60 0 0 120 67.9 55.8 55.8
4937 0.3 20 0 0 4937 0.0 60 0 0 150 70.7 59.0 59.0
4937 0.3 20 0 0 4937 0.0 60 0 0 180 71.8 61.3 61.3
4937 0.3 20 0 0 4937 0.1 0 0 0 0 43.1 37.9 37.9
4937 0.3 20 0 0 4937 0.1 0 0 0 30 47.2 42.1 42.1
4937 0.3 20 0 0 4937 0.1 0 0 0 60 54.4 47.9 47.9
4937 0.3 20 0 0 4937 0.1 0 0 0 90 62.1 55.4 55.4
4937 0.3 20 0 0 4937 0.1 0 0 0 120 69.0 61.4 61.4
4937 0.3 20 0 0 4937 0.1 0 0 0 150 73.9 64.0 64.0
4937 0.3 20 0 0 4937 0.1 0 0 0 180 76.3 63.4 63.4
4937 0.3 20 0 0 4937 0.1 10 0 0 0 43.0 37.2 37.2
4937 0.3 20 0 0 4937 0.1 10 0 0 30 47.1 41.0 41.0
4937 0.3 20 0 0 4937 0.1 10 0 0 60 54.2 47.3 47.3
4937 0.3 20 0 0 4937 0.1 10 0 0 90 62.0 54.8 54.8
4937 0.3 20 0 0 4937 0.1 10 0 0 120 69.0 60.1 60.1
4937 0.3 20 0 0 4937 0.1 10 0 0 150 73.9 63.3 63.3
4937 0.3 20 0 0 4937 0.1 10 0 0 180 76.2 63.7 63.7
4937 0.3 20 0 0 4937 0.1 20 0 0 0 42.9 36.3 36.3
4937 0.3 20 0 0 4937 0.1 20 0 0 30 46.8 39.5 39.5
4937 0.3 20 0 0 4937 0.1 20 0 0 60 54.0 46.5 46.5
4937 0.3 20 0 0 4937 0.1 20 0 0 90 61.7 52.9 52.9
4937 0.3 20 0 0 4937 0.1 20 0 0 120 68.8 57.8 57.8
4937 0.3 20 0 0 4937 0.1 20 0 0 150 73.7 61.4 61.4
4937 0.3 20 0 0 4937 0.1 20 0 0 180 75.9 62.4 62.4
4937 0.3 20 0 0 4937 0.1 30 0 0 0 42.6 35.7 35.7
4937 0.3 20 0 0 4937 0.1 30 0 0 30 46.5 38.5 38.5
4937 0.3 20 0 0 4937 0.1 30 0 0 60 53.6 43.6 43.6
4937 0.3 20 0 0 4937 0.1 30 0 0 90 61.4 49.1 49.1
4937 0.3 20 0 0 4937 0.1 30 0 0 120 68.5 53.8 53.8
4937 0.3 20 0 0 4937 0.1 30 0 0 150 73.2 57.6 57.6
4937 0.3 20 0 0 4937 0.1 30 0 0 180 75.4 59.3 59.3
4937 0.3 20 0 0 4937 0.1 40 0 0 0 42.1 35.9 35.9
4937 0.3 20 0 0 4937 0.1 40 0 0 30 45.9 38.9 38.9
4937 0.3 20 0 0 4937 0.1 40 0 0 60 53.0 43.3 43.3
4937 0.3 20 0 0 4937 0.1 40 0 0 90 60.8 48.2 48.2
4937 0.3 20 0 0 4937 0.1 40 0 0 120 68.0 52.8 52.8
4937 0.3 20 0 0 4937 0.1 40 0 0 150 72.5 56.6 56.6
4937 0.3 20 0 0 4937 0.1 40 0 0 180 74.6 59.2 59.2
4937 0.3 20 0 0 4937 0.1 50 0 0 0 41.6 37.0 37.0
4937 0.3 20 0 0 4937 0.1 50 0 0 30 45.2 39.4 39.4
4937 0.3 20 0 0 4937 0.1 50 0 0 60 52.3 43.6 43.6
4937 0.3 20 0 0 4937 0.1 50 0 0 90 60.1 48.2 48.2
4937 0.3 20 0 0 4937 0.1 50 0 0 120 67.2 52.7 52.7
4937 0.3 20 0 0 4937 0.1 50 0 0 150 71.3 56.7 56.7
4937 0.3 20 0 0 4937 0.1 50 0 0 180 73.4 59.6 59.6
4937 0.3 20 0 0 4937 0.1 60 0 0 0 41.5 39.0 39.0
4937 0.3 20 0 0 4937 0.1 60 0 0 30 44.2 41.0 41.0
4937 0.3 20 0 0 4937 0.1 60 0 0 60 51.1 44.4 44.4
4937 0.3 20 0 0 4937 0.1 60 0 0 90 58.9 48.7 48.7
4937 0.3 20 0 0 4937 0.1 60 0 0 120 65.7 53.2 53.2
4937 0.3 20 0 0 4937 0.1 60 0 0 150 69.4 57.2 57.2
4937 0.3 20 0 0 4937 0.1 60 0 0 180 71.2 60.4 60.4
4937 0.3 20 0 0 4937 0.2 0 0 0 0 41.1 36.7 36.7
4937 0.3 20 0 0 4937 0.2 0 0 0 30 45.9 40.2 40.2
4937 0.3 20 0 0 4937 0.2 0 0 0 60 51.9 45.2 45.2
4937 0.3 20 0 0 4937 0.2 0 0 0 90 59.0 52.2 52.2
4937 0.3 20 0 0 4937 0.2 0 0 0 120 66.3 58.6 58.6
4937 0.3 20 0 0 4937 0.2 0 0 0 150 72.1 63.0 63.0
4937 0.3 20 0 0 4937 0.2 0 0 0 180 75.1 62.5 62.5
4937 0.3 20 0 0 4937 0.2 10 0 0 0 41.1 35.4 35.4
4937 0.3 20 0 0 4937 0.2 10 0 0 30 45.8 39.2 39.2
4937 0.3 20 0 0 4937 0.2 10 0 0 60 51.8 44.8 44.8
4937 0.3 20 0 0 4937 0.2 10 0 0 90 58.9 51.6 51.6
4937 0.3 20 0 0 4937 0.2 10 0 0 120 66.2 57.3 57.3
4937 0.3 20 0 0 4937 0.2 10 0 0 150 72.1 61.9 61.9
4937 0.3 20 0 0 4937 0.2 10 0 0 180 75.0 63.0 63.0
4937 0.3 20 0 0 4937 0.2 20 0 0 0 40.9 34.1 34.1
4937 0.3 20 0 0 4937 0.2 20 0 0 30 45.6 37.9 37.9
4937 0.3 20 0 0 4937 0.2 20 0 0 60 51.6 43.8 43.8
4937 0.3 20 0 0 4937 0.2 20 0 0 90 58.6 49.6 49.6
4937 0.3 20 0 0 4937 0.2 20 0 0 120 66.0 55.0 55.0
4937 0.3 20 0 0 4937 0.2 20 0 0 150 71.9 59.7 59.7
4937 0.3 20 0 0 4937 0.2 20 0 0 180 74.7 62.1 62.1
4937 0.3 20 0 0 4937 0.2 30 0 0 0 40.6 33.7 33.7
4937 0.3 20 0 0 4937 0.2 30 0 0 30 45.2 36.6 36.6
4937 0.3 20 0 0 4937 0.2 30 0 0 60 51.2 41.0 41.0
4937 0.3 20 0 0 4937 0.2 30 0 0 90 58.2 46.1 46.1
4937 0.3 20 0 0 4937 0.2 30 0 0 120 65.7 51.3 51.3
4937 0.3 20 0 0 4937 0.2 30 0 0 150 71.4 56.0 56.0
4937 0.3 20 0 0 4937 0.2 30 0 0 180 74.2 59.2 59.2
4937 0.3 20 0 0 4937 0.2 40 0 0 0 40.2 34.4 34.4
4937 0.3 20 0 0 4937 0.2 40 0 0 30 44.6 36.9 36.9
4937 0.3 20 0 0 4937 0.2 40 0 0 60 50.6 40.7 40.7
4937 0.3 20 0 0 4937 0.2 40 0 0 90 57.7 45.3 45.3
4937 0.3 20 0 0 4937 0.2 40 0 0 120 65.2 50.3 50.3
4937 0.3 20 0 0 4937 0.2 40 0 0 150 70.7 55.1 55.1
4937 0.3 20 0 0 4937 0.2 40 0 0 180 73.4 58.7 58.7
4937 0.3 20 0 0 4937 0.2 50 0 0 0 40.1 36.0 36.0
4937 0.3 20 0 0 4937 0.2 50 0 0 30 43.9 37.7 37.7
4937 0.3 20 0 0 4937 0.2 50 0 0 60 49.9 41.0 41.0
4937 0.3 20 0 0 4937 0.2 50 0 0 90 56.9 45.3 45.3
4937 0.3 20 0 0 4937 0.2 50 0 0 120 64.5 50.1 50.1
4937 0.3 20 0 0 4937 0.2 50 0 0 150 69.6 54.9 54.9
4937 0.3 20 0 0 4937 0.2 50 0 0 180 72.1 58.8 58.8
4937 0.3 20 0 0 4937 0.2 60 0 0 0 40.4 38.1 38.1
4937 0.3 20 0 0 4937 0.2 60 0 0 30 43.0 39.5 39.5
4937 0.3 20 0 0 4937 0.2 60 0 0 60 48.7 42.2 42.2
4937 0.3 20 0 0 4937 0.2 60 0 0 90 55.8 45.8 45.8
4937 0.3 20 0 0 4937 0.2 60 0 0 120 63.0 50.4 50.4
4937 0.3 20 0 0 4937 0.2 60 0 0 150 67.7 55.2 55.2
4937 0.3 20 0 0 4937 0.2 60 0 0 180 70.0 59.4 59.4
4937 0.3 20 0 0 4937 0.3 0 0 0 0 40.4 36.4 36.4
4937 0.3 20 0 0 4937 0.3 0 0 0 30 44.8 38.5 38.5
4937 0.3 20 0 0 4937 0.3 0 0 0 60 49.7 42.8 42.8
4937 0.3 20 0 0 4937 0.3 0 0 0 90 56.0 49.0 49.0
4937 0.3 20 0 0 4937 0.3 0 0 0 120 63.3 55.5 55.5
4937 0.3 20 0 0 4937 0.3 0 0 0 150 70.0 61.2 61.2
4937 0.3 20 0 0 4937 0.3 0 0 0 180 73.5 61.4 61.4
4937 0.3 20 0 0 4937 0.3 10 0 0 0 40.3 34.4 34.4
4937 0.3 20 0 0 4937 0.3 10 0 0 30 44.7 37.6 37.6
4937 0.3 20 0 0 4937 0.3 10 0 0 60 49.6 42.4 42.4
4937 0.3 20 0 0 4937 0.3 10 0 0 90 55.8 48.3 48.3
4937 0.3 20 0 0 4937 0.3 10 0 0 120 63.2 54.2 54.2
4937 0.3 20 0 0 4937 0.3 10 0 0 150 70.0 59.9 59.9
4937 0.3 20 0 0 4937 0.3 10 0 0 180 73.5 61.9 61.9
4937 0.3 20 0 0 4937 0.3 20 0 0 0 40.0 32.3 32.3
4937 0.3 20 0 0 4937 0.3 20 0 0 30 44.4 36.6 36.6
4937 0.3 20 0 0 4937 0.3 20 0 0 60 49.4 41.1 41.1
4937 0.3 20 0 0 4937 0.3 20 0 0 90 55.6 46.2 46.2
4937 0.3 20 0 0 4937 0.3 20 0 0 120 63.0 51.9 51.9
4937 0.3 20 0 0 4937 0.3 20 0 0 150 69.8 57.6 57.6
4937 0.3 20 0 0 4937 0.3 20 0 0 180 73.2 61.1 61.1
4937 0.3 20 0 0 4937 0.3 30 0 0 0 39.6 32.3 32.3
4937 0.3 20 0 0 4937 0.3 30 0 0 30 44.0 34.9 34.9
4937 0.3 20 0 0 4937 0.3 30 0 0 60 49.0 38.7 38.7
4937 0.3 20 0 0 4937 0.3 30 0 0 90 55.2 43.3 43.3
4937 0.3 20 0 0 4937 0.3 30 0 0 120 62.7 48.6 48.6
4937 0.3 20 0 0 4937 0.3 30 0 0 150 69.3 54.3 54.3
4937 0.3 20 0 0 4937 0.3 30 0 0 180 72.6 58.7 58.7
4937 0.3 20 0 0 4937 0.3 40 0 0 0 39.4 33.7 33.7
4937 0.3 20 0 0 4937 0.3 40 0 0 30 43.5 35.2 35.2
4937 0.3 20 0 0 4937 0.3 40 0 0 60 48.4 38.3 38.3
4937 0.3 20 0 0 4937 0.3 40 0 0 90 54.6 42.5 42.5
4937 0.3 20 0 0 4937 0.3 40 0 0 120 62.2 47.7 47.7
4937 0.3 20 0 0 4937 0.3 40 0 0 150 68.6 53.3 53.3
4937 0.3 20 0 0 4937 0.3 40 0 0 180 71.8 58.1 58.1
4937 0.3 20 0 0 4937 0.3 50 0 0 0 39.6 35.3 35.3
4937 0.3 20 0 0 4937 0.3 50 0 0 30 42.8 36.4 36.4
4937 0.3 20 0 0 4937 0.3 50 0 0 60 47.6 38.8 38.8
4937 0.3 20 0 0 4937 0.3 50 0 0 90 53.9 42.4 42.4
4937 0.3 20 0 0 4937 0.3 50 0 0 120 61.4 47.4 47.4
4937 0.3 20 0 0 4937 0.3 50 0 0 150 67.6 53.0 53.0
4937 0.3 20 0 0 4937 0.3 50 0 0 180 70.5 58.2 58.2
4937 0.3 20 0 0 4937 0.3 60 0 0 0 40.1 37.3 37.3
4937 0.3 20 0 0 4937 0.3 60 0 0 30 42.5 38.2 38.2
4937 0.3 20 0 0 4937 0.3 60 0 0 60 46.7 40.2 40.2
4937 0.3 20 0 0 4937 0.3 60 0 0 90 52.7 43.2 43.2
4937 0.3 20 0 0 4937 0.3 60 0 0 120 60.0 47.5 47.5
4937 0.3 20 0 0 4937 0.3 60 0 0 150 65.6 53.1 53.1
4937 0.3 20 0 0 4937 0.3 60 0 0 180 68.3 58.4 58.4
4937 0.3 20 0 0 4937 0.4 0 0 0 0 41.2 36.3 36.3
4937 0.3 20 0 0 4937 0.4 0 0 0 30 43.8 37.9 37.9
4937 0.3 20 0 0 4937 0.4 0 0 0 60 47.8 40.6 40.6
4937 0.3 20 0 0 4937 0.4 0 0 0 90 53.0 45.8 45.8
4937 0.3 20 0 0 4937 0.4 0 0 0 120 60.1 52.0 52.0
4937 0.3 20 0 0 4937 0.4 0 0 0 150 67.7 58.8 58.8
4937 0.3 20 0 0 4937 0.4 0 0 0 180 71.8 60.2 60.2
4937 0.3 20 0 0 4937 0.4 10 0 0 0 41.1 34.4 34.4
4937 0.3 20 0 0 4937 0.4 10 0 0 30 43.7 36.5 36.5
4937 0.3 20 0 0 4937 0.4 10 0 0 60 47.6 40.2 40.2
4937 0.3 20 0 0 4937 0.4 10 0 0 90 52.9 45.0 45.0
4937 0.3 20 0 0 4937 0.4 10 0 0 120 60.1 50.8 50.8
4937 0.3 20 0 0 4937 0.4 10 0 0 150 67.7 57.5 57.5
4937 0.3 20 0 0 4937 0.4 10 0 0 180 71.7 60.5 60.5
4937 0.3 20 0 0 4937 0.4 20 0 0 0 41.0 32.5 32.5
4937 0.3 20 0 0 4937 0.4 20 0 0 30 43.5 34.7 34.7
4937 0.3 20 0 0 4937 0.4 20 0 0 60 47.4 38.1 38.1
4937 0.3 20 0 0 4937 0.4 20 0 0 90 52.7 42.4 42.4
4937 0.3 20 0 0 4937 0.4 20 0 0 120 59.9 47.9 47.9
4937 0.3 20 0 0 4937 0.4 20 0 0 150 67.4 54.6 54.6
4937 0.3 20 0 0 4937 0.4 20 0 0 180 71.4 58.9 58.9
4937 0.3 20 0 0 4937 0.4 30 0 0 0 40.9 32.3 32.3
4937 0.3 20 0 0 4937 0.4 30 0 0 30 43.1 33.8 33.8
4937 0.3 20 0 0 4937 0.4 30 0 0 60 47.0 36.7 36.7
4937 0.3 20 0 0 4937 0.4 30 0 0 90 52.3 40.6 40.6
4937 0.3 20 0 0 4937 0.4 30 0 0 120 59.5 45.9 45.9
4937 0.3 20 0 0 4937 0.4 30 0 0 150 67.0 52.5 52.5
4937 0.3 20 0 0 4937 0.4 30 0 0 180 70.8 57.9 57.9
4937 0.3 20 0 0 4937 0.4 40 0 0 0 40.8 33.5 33.5
4937 0.3 20 0 0 4937 0.4 40 0 0 30 42.8 34.4 34.4
4937 0.3 20 0 0 4937 0.4 40 0 0 60 46.4 36.4 36.4
4937 0.3 20 0 0 4937 0.4 40 0 0 90 51.7 39.9 39.9
4937 0.3 20 0 0 4937 0.4 40 0 0 120 58.9 45.0 45.0
4937 0.3 20 0 0 4937 0.4 40 0 0 150 66.2 51.6 51.6
4937 0.3 20 0 0 4937 0.4 40 0 0 180 70.0 57.6 57.6
4937 0.3 20 0 0 4937 0.4 50 0 0 0 40.9 35.0 35.0
4937 0.3 20 0 0 4937 0.4 50 0 0 30 42.6 35.7 35.7
4937 0.3 20 0 0 4937 0.4 50 0 0 60 45.8 37.2 37.2
4937 0.3 20 0 0 4937 0.4 50 0 0 90 50.9 40.0 40.0
4937 0.3 20 0 0 4937 0.4 50 0 0 120 58.1 44.6 44.6
4937 0.3 20 0 0 4937 0.4 50 0 0 150 65.1 51.1 51.1
4937 0.3 20 0 0 4937 0.4 50 0 0 180 68.6 57.4 57.4
4937 0.3 20 0 0 4937 0.4 60 0 0 0 41.3 36.5 36.5
4937 0.3 20 0 0 4937 0.4 60 0 0 30 42.6 37.2 37.2
4937 0.3 20 0 0 4937 0.4 60 0 0 60 45.5 38.5 38.5
4937 0.3 20 0 0 4937 0.4 60 0 0 90 50.1 40.9 40.9
4937 0.3 20 0 0 4937 0.4 60 0 0 120 56.5 44.9 44.9
4937 0.3 20 0 0 4937 0.4 60 0 0 150 63.0 50.9 50.9
4937 0.3 20 0 0 4937 0.4 60 0 0 180 66.1 57.5 57.5
4937 0.3 20 0 0 4937 0.5 0 0 0 0 43.1 36.6 36.6
4937 0.3 20 0 0 4937 0.5 0 0 0 30 43.9 37.9 37.9
4937 0.3 20 0 0 4937 0.5 0 0 0 60 46.0 39.9 39.9
4937 0.3 20 0 0 4937 0.5 0 0 0 90 50.3 42.9 42.9
4937 0.3 20 0 0 4937 0.5 0 0 0 120 56.8 48.1 48.1
4937 0.3 20 0 0 4937 0.5 0 0 0 150 65.0 55.8 55.8
4937 0.3 20 0 0 4937 0.5 0 0 0 180 69.9 58.4 58.4
4937 0.3 20 0 0 4937 0.5 10 0 0 0 43.0 35.5 35.5
4937 0.3 20 0 0 4937 0.5 10 0 0 30 43.8 36.7 36.7
4937 0.3 20 0 0 4937 0.5 10 0 0 60 45.9 38.4 38.4
4937 0.3 20 0 0 4937 0.5 10 0 0 90 50.2 41.3 41.3
4937 0.3 20 0 0 4937 0.5 10 0 0 120 56.7 46.7 46.7
4937 0.3 20 0 0 4937 0.5 10 0 0 150 65.0 54.2 54.2
4937 0.3 20 0 0 4937 0.5 10 0 0 180 69.8 58.2 58.2
4937 0.3 20 0 0 4937 0.5 20 0 0 0 43.0 34.4 34.4
4937 0.3 20 0 0 4937 0.5 20 0 0 30 43.7 34.9 34.9
4937 0.3 20 0 0 4937 0.5 20 0 0 60 45.6 36.3 36.3
4937 0.3 20 0 0 4937 0.5 20 0 0 90 49.9 39.5 39.5
4937 0.3 20 0 0 4937 0.5 20 0 0 120 56.5 44.6 44.6
4937 0.3 20 0 0 4937 0.5 20 0 0 150 64.7 52.1 52.1
4937 0.3 20 0 0 4937 0.5 20 0 0 180 69.4 57.3 57.3
4937 0.3 20 0 0 4937 0.5 30 0 0 0 43.0 34.1 34.1
4937 0.3 20 0 0 4937 0.5 30 0 0 30 43.7 34.2 34.2
4937 0.3 20 0 0 4937 0.5 30 0 0 60 45.4 35.3 35.3
4937 0.3 20 0 0 4937 0.5 30 0 0 90 49.5 38.3 38.3
4937 0.3 20 0 0 4937 0.5 30 0 0 120 56.1 43.2 43.2
4937 0.3 20 0 0 4937 0.5 30 0 0 150 64.2 50.6 50.6
4937 0.3 20 0 0 4937 0.5 30 0 0 180 68.9 56.8 56.8
4937 0.3 20 0 0 4937 0.5 40 0 0 0 43.0 34.4 34.4
4937 0.3 20 0 0 4937 0.5 40 0 0 30 43.6 34.4 34.4
4937 0.3 20 0 0 4937 0.5 40 0 0 60 45.2 35.5 35.5
4937 0.3 20 0 0 4937 0.5 40 0 0 90 48.9 37.8 37.8
4937 0.3 20 0 0 4937 0.5 40 0 0 120 55.4 42.3 42.3
4937 0.3 20 0 0 4937 0.5 40 0 0 150 63.5 49.6 49.6
4937 0.3 20 0 0 4937 0.5 40 0 0 180 67.9 56.6 56.6
4937 0.3 20 0 0 4937 0.5 50 0 0 0 43.0 35.2 35.2
4937 0.3 20 0 0 4937 0.5 50 0 0 30 43.7 35.3 35.3
4937 0.3 20 0 0 4937 0.5 50 0 0 60 45.2 36.3 36.3
4937 0.3 20 0 0 4937 0.5 50 0 0 90 48.5 38.2 38.2
4937 0.3 20 0 0 4937 0.5 50 0 0 120 54.5 41.9 41.9
4937 0.3 20 0 0 4937 0.5 50 0 0 150 62.3 49.0 49.0
4937 0.3 20 0 0 4937 0.5 50 0 0 180 66.5 56.5 56.5
4937 0.3 20 0 0 4937 0.5 60 0 0 0 43.2 36.4 36.4
4937 0.3 20 0 0 4937 0.5 60 0 0 30 43.8 36.4 36.4
4937 0.3 20 0 0 4937 0.5 60 0 0 60 45.2 37.3 37.3
4937 0.3 20 0 0 4937 0.5 60 0 0 90 48.2 39.0 39.0
4937 0.3 20 0 0 4937 0.5 60 0 0 120 53.4 42.4 42.4
4937 0.3 20 0 0 4937 0.5 60 0 0 150 60.2 48.6 48.6
4937 0.3 20 0 0 4937 0.5 60 0 0 180 63.9 56.4 56.4
