4737 0 0 120 0 0 4737 0 0 0 0 0 68 60
4737 0 0 120 0 0 4737 0 0 0 0 90 48 42
4737 0 0 120 0 0 4737 0 0 0 0 180 56 51
4737 0 0 120 0 0 4737 0 0 0 20 0 64 57
4737 0 0 120 0 0 4737 0 0 0 20 90 46 41
4737 0 0 120 0 0 4737 0 0 0 20 180 62 55
4737 0 0 120 0 0 4737 0 0 0 40 0 59 52
4737 0 0 120 0 0 4737 0 0 0 40 90 47 41
4737 0 0 120 0 0 4737 0 0 0 40 180 66 58
4737 0 0 120 0 0 4737 0 0 0 60 0 53 47
4737 0 0 120 0 0 4737 0 0 0 60 90 49 43
4737 0 0 120 0 0 4737 0 0 0 60 180 70 61
4737 0 0 120 0 0 4737 0 0 60 0 0 53 47
4737 0 0 120 0 0 4737 0 0 60 0 90 49 43
4737 0 0 120 0 0 4737 0 0 60 0 180 70 61
4737 0 0 120 0 0 4737 0 0 60 20 0 49 43
4737 0 0 120 0 0 4737 0 0 60 20 90 53 48
4737 0 0 120 0 0 4737 0 0 60 20 180 73 63
4737 0 0 120 0 0 4737 0 0 60 40 0 47 41
4737 0 0 120 0 0 4737 0 0 60 40 90 59 53
4737 0 0 120 0 0 4737 0 0 60 40 180 75 64
4737 0 0 120 0 0 4737 0 0 60 60 0 46 41
4737 0 0 120 0 0 4737 0 0 60 60 90 64 57
4737 0 0 120 0 0 4737 0 0 60 60 180 76 64
4737 0 0 120 0 0 4737 0 0 120 0 0 46 41
4737 0 0 120 0 0 4737 0 0 120 0 90 64 57
4737 0 0 120 0 0 4737 0 0 120 0 180 76 64
4737 0 0 120 0 0 4737 0 0 120 20 0 48 42
4737 0 0 120 0 0 4737 0 0 120 20 90 68 60
4737 0 0 120 0 0 4737 0 0 120 20 180 74 64
4737 0 0 120 0 0 4737 0 0 120 40 0 51 45
4737 0 0 120 0 0 4737 0 0 120 40 90 72 62
4737 0 0 120 0 0 4737 0 0 120 40 180 72 62
4737 0 0 120 0 0 4737 0 0 120 60 0 56 51
4737 0 0 120 0 0 4737 0 0 120 60 90 74 64
4737 0 0 120 0 0 4737 0 0 120 60 180 68 60
4737 0 0 120 0 0 4737 0 30 0 0 0 68 53
4737 0 0 120 0 0 4737 0 30 0 0 90 47 40
4737 0 0 120 0 0 4737 0 30 0 0 180 55 45
4737 0 0 120 0 0 4737 0 30 0 20 0 64 49
4737 0 0 120 0 0 4737 0 30 0 20 90 46 39
4737 0 0 120 0 0 4737 0 30 0 20 180 61 48
4737 0 0 120 0 0 4737 0 30 0 40 0 59 46
4737 0 0 120 0 0 4737 0 30 0 40 90 46 40
4737 0 0 120 0 0 4737 0 30 0 40 180 65 51
4737 0 0 120 0 0 4737 0 30 0 60 0 53 44
4737 0 0 120 0 0 4737 0 30 0 60 90 48 41
4737 0 0 120 0 0 4737 0 30 0 60 180 69 54
4737 0 0 120 0 0 4737 0 30 60 0 0 53 42
4737 0 0 120 0 0 4737 0 30 60 0 90 49 40
4737 0 0 120 0 0 4737 0 30 60 0 180 69 55
4737 0 0 120 0 0 4737 0 30 60 20 0 49 40
4737 0 0 120 0 0 4737 0 30 60 20 90 53 43
4737 0 0 120 0 0 4737 0 30 60 20 180 72 57
4737 0 0 120 0 0 4737 0 30 60 40 0 47 39
4737 0 0 120 0 0 4737 0 30 60 40 90 58 46
4737 0 0 120 0 0 4737 0 30 60 40 180 74 59
4737 0 0 120 0 0 4737 0 30 60 60 0 46 40
4737 0 0 120 0 0 4737 0 30 60 60 90 63 49
4737 0 0 120 0 0 4737 0 30 60 60 180 74 60
4737 0 0 120 0 0 4737 0 30 120 0 0 46 39
4737 0 0 120 0 0 4737 0 30 120 0 90 63 50
4737 0 0 120 0 0 4737 0 30 120 0 180 75 59
4737 0 0 120 0 0 4737 0 30 120 20 0 47 40
4737 0 0 120 0 0 4737 0 30 120 20 90 67 53
4737 0 0 120 0 0 4737 0 30 120 20 180 74 58
4737 0 0 120 0 0 4737 0 30 120 40 0 50 41
4737 0 0 120 0 0 4737 0 30 120 40 90 71 55
4737 0 0 120 0 0 4737 0 30 120 40 180 71 56
4737 0 0 120 0 0 4737 0 30 120 60 0 55 44
4737 0 0 120 0 0 4737 0 30 120 60 90 73 57
4737 0 0 120 0 0 4737 0 30 120 60 180 68 54
4737 0 0 120 0 0 4737 0 60 0 0 0 65 53
4737 0 0 120 0 0 4737 0 60 0 0 90 46 44
4737 0 0 120 0 0 4737 0 60 0 0 180 54 48
4737 0 0 120 0 0 4737 0 60 0 20 0 61 51
4737 0 0 120 0 0 4737 0 60 0 20 90 45 44
4737 0 0 120 0 0 4737 0 60 0 20 180 58 50
4737 0 0 120 0 0 4737 0 60 0 40 0 57 49
4737 0 0 120 0 0 4737 0 60 0 40 90 44 44
4737 0 0 120 0 0 4737 0 60 0 40 180 62 52
4737 0 0 120 0 0 4737 0 60 0 60 0 53 48
4737 0 0 120 0 0 4737 0 60 0 60 90 46 46
4737 0 0 120 0 0 4737 0 60 0 60 180 65 54
4737 0 0 120 0 0 4737 0 60 60 0 0 52 46
4737 0 0 120 0 0 4737 0 60 60 0 90 48 44
4737 0 0 120 0 0 4737 0 60 60 0 180 66 56
4737 0 0 120 0 0 4737 0 60 60 20 0 49 44
4737 0 0 120 0 0 4737 0 60 60 20 90 51 46
4737 0 0 120 0 0 4737 0 60 60 20 180 68 58
4737 0 0 120 0 0 4737 0 60 60 40 0 46 44
4737 0 0 120 0 0 4737 0 60 60 40 90 55 48
4737 0 0 120 0 0 4737 0 60 60 40 180 70 60
4737 0 0 120 0 0 4737 0 60 60 60 0 45 45
4737 0 0 120 0 0 4737 0 60 60 60 90 60 51
4737 0 0 120 0 0 4737 0 60 60 60 180 69 62
4737 0 0 120 0 0 4737 0 60 120 0 0 45 44
4737 0 0 120 0 0 4737 0 60 120 0 90 60 52
4737 0 0 120 0 0 4737 0 60 120 0 180 70 61
4737 0 0 120 0 0 4737 0 60 120 20 0 46 44
4737 0 0 120 0 0 4737 0 60 120 20 90 64 54
4737 0 0 120 0 0 4737 0 60 120 20 180 70 60
4737 0 0 120 0 0 4737 0 60 120 40 0 49 45
4737 0 0 120 0 0 4737 0 60 120 40 90 67 56
4737 0 0 120 0 0 4737 0 60 120 40 180 68 58
4737 0 0 120 0 0 4737 0 60 120 60 0 53 47
4737 0 0 120 0 0 4737 0 60 120 60 90 69 58
4737 0 0 120 0 0 4737 0 60 120 60 180 65 56
4737 0 0 120 0 0 4737 0 0 0 0 0 69 61
4737 0 0 120 0 0 4737 0 0 0 0 90 52 46
4737 0 0 120 0 0 4737 0 0 0 0 180 56 50
4737 0 0 120 0 0 4737 0 0 0 20 0 64 57
4737 0 0 120 0 0 4737 0 0 0 20 90 48 42
4737 0 0 120 0 0 4737 0 0 0 20 180 61 53
4737 0 0 120 0 0 4737 0 0 0 40 0 59 52
4737 0 0 120 0 0 4737 0 0 0 40 90 46 40
4737 0 0 120 0 0 4737 0 0 0 40 180 65 56
4737 0 0 120 0 0 4737 0 0 0 60 0 53 47
4737 0 0 120 0 0 4737 0 0 0 60 90 46 40
4737 0 0 120 0 0 4737 0 0 0 60 180 68 59
4737 0 0 120 0 0 4737 0 0 60 0 0 53 47
4737 0 0 120 0 0 4737 0 0 60 0 90 46 40
4737 0 0 120 0 0 4737 0 0 60 0 180 68 59
4737 0 0 120 0 0 4737 0 0 60 20 0 48 42
4737 0 0 120 0 0 4737 0 0 60 20 90 47 42
4737 0 0 120 0 0 4737 0 0 60 20 180 71 61
4737 0 0 120 0 0 4737 0 0 60 40 0 43 37
4737 0 0 120 0 0 4737 0 0 60 40 90 53 47
4737 0 0 120 0 0 4737 0 0 60 40 180 73 63
4737 0 0 120 0 0 4737 0 0 60 60 0 42 37
4737 0 0 120 0 0 4737 0 0 60 60 90 58 51
4737 0 0 120 0 0 4737 0 0 60 60 180 73 64
4737 0 0 120 0 0 4737 0 0 120 0 0 42 37
4737 0 0 120 0 0 4737 0 0 120 0 90 58 51
4737 0 0 120 0 0 4737 0 0 120 0 180 73 64
4737 0 0 120 0 0 4737 0 0 120 20 0 45 40
4737 0 0 120 0 0 4737 0 0 120 20 90 63 55
4737 0 0 120 0 0 4737 0 0 120 20 180 72 63
4737 0 0 120 0 0 4737 0 0 120 40 0 51 45
4737 0 0 120 0 0 4737 0 0 120 40 90 67 59
4737 0 0 120 0 0 4737 0 0 120 40 180 70 61
4737 0 0 120 0 0 4737 0 0 120 60 0 56 51
4737 0 0 120 0 0 4737 0 0 120 60 90 71 62
4737 0 0 120 0 0 4737 0 0 120 60 180 67 58
4737 0 0 120 0 0 4737 0 30 0 0 0 69 54
4737 0 0 120 0 0 4737 0 30 0 0 90 51 44
4737 0 0 120 0 0 4737 0 30 0 0 180 56 45
4737 0 0 120 0 0 4737 0 30 0 20 0 64 51
4737 0 0 120 0 0 4737 0 30 0 20 90 48 41
4737 0 0 120 0 0 4737 0 30 0 20 180 60 46
4737 0 0 120 0 0 4737 0 30 0 40 0 59 47
4737 0 0 120 0 0 4737 0 30 0 40 90 46 39
4737 0 0 120 0 0 4737 0 30 0 40 180 64 49
4737 0 0 120 0 0 4737 0 30 0 60 0 53 44
4737 0 0 120 0 0 4737 0 30 0 60 90 45 38
4737 0 0 120 0 0 4737 0 30 0 60 180 68 52
4737 0 0 120 0 0 4737 0 30 60 0 0 53 46
4737 0 0 120 0 0 4737 0 30 60 0 90 45 40
4737 0 0 120 0 0 4737 0 30 60 0 180 67 57
4737 0 0 120 0 0 4737 0 30 60 20 0 47 42
4737 0 0 120 0 0 4737 0 30 60 20 90 47 42
4737 0 0 120 0 0 4737 0 30 60 20 180 70 59
4737 0 0 120 0 0 4737 0 30 60 40 0 43 40
4737 0 0 120 0 0 4737 0 30 60 40 90 52 44
4737 0 0 120 0 0 4737 0 30 60 40 180 72 61
4737 0 0 120 0 0 4737 0 30 60 60 0 42 40
4737 0 0 120 0 0 4737 0 30 60 60 90 57 47
4737 0 0 120 0 0 4737 0 30 60 60 180 72 62
4737 0 0 120 0 0 4737 0 30 120 0 0 42 39
4737 0 0 120 0 0 4737 0 30 120 0 90 57 49
4737 0 0 120 0 0 4737 0 30 120 0 180 73 62
4737 0 0 120 0 0 4737 0 30 120 20 0 44 41
4737 0 0 120 0 0 4737 0 30 120 20 90 62 52
4737 0 0 120 0 0 4737 0 30 120 20 180 71 60
4737 0 0 120 0 0 4737 0 30 120 40 0 50 44
4737 0 0 120 0 0 4737 0 30 120 40 90 66 56
4737 0 0 120 0 0 4737 0 30 120 40 180 69 58
4737 0 0 120 0 0 4737 0 30 120 60 0 55 48
4737 0 0 120 0 0 4737 0 30 120 60 90 70 59
4737 0 0 120 0 0 4737 0 30 120 60 180 66 56
4737 0 0 120 0 0 4737 0 60 0 0 0 67 55
4737 0 0 120 0 0 4737 0 60 0 0 90 50 47
4737 0 0 120 0 0 4737 0 60 0 0 180 55 47
4737 0 0 120 0 0 4737 0 60 0 20 0 62 52
4737 0 0 120 0 0 4737 0 60 0 20 90 46 45
4737 0 0 120 0 0 4737 0 60 0 20 180 58 49
4737 0 0 120 0 0 4737 0 60 0 40 0 57 49
4737 0 0 120 0 0 4737 0 60 0 40 90 44 44
4737 0 0 120 0 0 4737 0 60 0 40 180 60 50
4737 0 0 120 0 0 4737 0 60 0 60 0 52 47
4737 0 0 120 0 0 4737 0 60 0 60 90 44 43
4737 0 0 120 0 0 4737 0 60 0 60 180 63 52
4737 0 0 120 0 0 4737 0 60 60 0 0 51 51
4737 0 0 120 0 0 4737 0 60 60 0 90 45 47
4737 0 0 120 0 0 4737 0 60 60 0 180 64 61
4737 0 0 120 0 0 4737 0 60 60 20 0 47 49
4737 0 0 120 0 0 4737 0 60 60 20 90 47 49
4737 0 0 120 0 0 4737 0 60 60 20 180 67 63
4737 0 0 120 0 0 4737 0 60 60 40 0 43 48
4737 0 0 120 0 0 4737 0 60 60 40 90 50 51
4737 0 0 120 0 0 4737 0 60 60 40 180 68 65
4737 0 0 120 0 0 4737 0 60 60 60 0 41 48
4737 0 0 120 0 0 4737 0 60 60 60 90 53 53
4737 0 0 120 0 0 4737 0 60 60 60 180 67 67
4737 0 0 120 0 0 4737 0 60 120 0 0 41 47
4737 0 0 120 0 0 4737 0 60 120 0 90 54 54
4737 0 0 120 0 0 4737 0 60 120 0 180 69 66
4737 0 0 120 0 0 4737 0 60 120 20 0 44 48
4737 0 0 120 0 0 4737 0 60 120 20 90 58 57
4737 0 0 120 0 0 4737 0 60 120 20 180 68 65
4737 0 0 120 0 0 4737 0 60 120 40 0 47 51
4737 0 0 120 0 0 4737 0 60 120 40 90 62 60
4737 0 0 120 0 0 4737 0 60 120 40 180 66 63
4737 0 0 120 0 0 4737 0 60 120 60 0 52 54
4737 0 0 120 0 0 4737 0 60 120 60 90 66 62
4737 0 0 120 0 0 4737 0 60 120 60 180 63 62
4737 0 0 120 0 0 4737 0 0 0 0 0 70 61
4737 0 0 120 0 0 4737 0 0 0 0 90 57 51
4737 0 0 120 0 0 4737 0 0 0 0 180 58 50
4737 0 0 120 0 0 4737 0 0 0 20 0 64 57
4737 0 0 120 0 0 4737 0 0 0 20 90 52 46
4737 0 0 120 0 0 4737 0 0 0 20 180 60 51
4737 0 0 120 0 0 4737 0 0 0 40 0 59 52
4737 0 0 120 0 0 4737 0 0 0 40 90 48 42
4737 0 0 120 0 0 4737 0 0 0 40 180 64 54
4737 0 0 120 0 0 4737 0 0 0 60 0 53 46
4737 0 0 120 0 0 4737 0 0 0 60 90 46 39
4737 0 0 120 0 0 4737 0 0 0 60 180 67 56
4737 0 0 120 0 0 4737 0 0 60 0 0 53 46
4737 0 0 120 0 0 4737 0 0 60 0 90 46 39
4737 0 0 120 0 0 4737 0 0 60 0 180 67 56
4737 0 0 120 0 0 4737 0 0 60 20 0 48 41
4737 0 0 120 0 0 4737 0 0 60 20 90 44 38
4737 0 0 120 0 0 4737 0 0 60 20 180 69 59
4737 0 0 120 0 0 4737 0 0 60 40 0 42 36
4737 0 0 120 0 0 4737 0 0 60 40 90 47 40
4737 0 0 120 0 0 4737 0 0 60 40 180 70 60
4737 0 0 120 0 0 4737 0 0 60 60 0 40 34
4737 0 0 120 0 0 4737 0 0 60 60 90 52 45
4737 0 0 120 0 0 4737 0 0 60 60 180 70 61
4737 0 0 120 0 0 4737 0 0 120 0 0 40 34
4737 0 0 120 0 0 4737 0 0 120 0 90 52 45
4737 0 0 120 0 0 4737 0 0 120 0 180 70 61
4737 0 0 120 0 0 4737 0 0 120 20 0 45 40
4737 0 0 120 0 0 4737 0 0 120 20 90 57 50
4737 0 0 120 0 0 4737 0 0 120 20 180 69 60
4737 0 0 120 0 0 4737 0 0 120 40 0 51 45
4737 0 0 120 0 0 4737 0 0 120 40 90 62 54
4737 0 0 120 0 0 4737 0 0 120 40 180 67 58
4737 0 0 120 0 0 4737 0 0 120 60 0 56 51
4737 0 0 120 0 0 4737 0 0 120 60 90 66 58
4737 0 0 120 0 0 4737 0 0 120 60 180 64 56
4737 0 0 120 0 0 4737 0 30 0 0 0 69 57
4737 0 0 120 0 0 4737 0 30 0 0 90 57 50
4737 0 0 120 0 0 4737 0 30 0 0 180 58 45
4737 0 0 120 0 0 4737 0 30 0 20 0 64 53
4737 0 0 120 0 0 4737 0 30 0 20 90 52 45
4737 0 0 120 0 0 4737 0 30 0 20 180 59 46
4737 0 0 120 0 0 4737 0 30 0 40 0 59 49
4737 0 0 120 0 0 4737 0 30 0 40 90 48 41
4737 0 0 120 0 0 4737 0 30 0 40 180 63 48
4737 0 0 120 0 0 4737 0 30 0 60 0 53 45
4737 0 0 120 0 0 4737 0 30 0 60 90 45 39
4737 0 0 120 0 0 4737 0 30 0 60 180 66 50
4737 0 0 120 0 0 4737 0 30 60 0 0 53 48
4737 0 0 120 0 0 4737 0 30 60 0 90 45 42
4737 0 0 120 0 0 4737 0 30 60 0 180 65 58
4737 0 0 120 0 0 4737 0 30 60 20 0 47 44
4737 0 0 120 0 0 4737 0 30 60 20 90 44 42
4737 0 0 120 0 0 4737 0 30 60 20 180 68 61
4737 0 0 120 0 0 4737 0 30 60 40 0 42 41
4737 0 0 120 0 0 4737 0 30 60 40 90 46 43
4737 0 0 120 0 0 4737 0 30 60 40 180 69 62
4737 0 0 120 0 0 4737 0 30 60 60 0 39 41
4737 0 0 120 0 0 4737 0 30 60 60 90 51 46
4737 0 0 120 0 0 4737 0 30 60 60 180 69 63
4737 0 0 120 0 0 4737 0 30 120 0 0 39 41
4737 0 0 120 0 0 4737 0 30 120 0 90 51 47
4737 0 0 120 0 0 4737 0 30 120 0 180 69 63
4737 0 0 120 0 0 4737 0 30 120 20 0 44 43
4737 0 0 120 0 0 4737 0 30 120 20 90 56 51
4737 0 0 120 0 0 4737 0 30 120 20 180 68 62
4737 0 0 120 0 0 4737 0 30 120 40 0 50 47
4737 0 0 120 0 0 4737 0 30 120 40 90 61 55
4737 0 0 120 0 0 4737 0 30 120 40 180 67 60
4737 0 0 120 0 0 4737 0 30 120 60 0 55 52
4737 0 0 120 0 0 4737 0 30 120 60 90 65 59
4737 0 0 120 0 0 4737 0 30 120 60 180 64 58
4737 0 0 120 0 0 4737 0 60 0 0 0 66 57
4737 0 0 120 0 0 4737 0 60 0 0 90 55 51
4737 0 0 120 0 0 4737 0 60 0 0 180 57 47
4737 0 0 120 0 0 4737 0 60 0 20 0 61 54
4737 0 0 120 0 0 4737 0 60 0 20 90 50 47
4737 0 0 120 0 0 4737 0 60 0 20 180 58 48
4737 0 0 120 0 0 4737 0 60 0 40 0 56 50
4737 0 0 120 0 0 4737 0 60 0 40 90 46 45
4737 0 0 120 0 0 4737 0 60 0 40 180 59 49
4737 0 0 120 0 0 4737 0 60 0 60 0 51 47
4737 0 0 120 0 0 4737 0 60 0 60 90 44 43
4737 0 0 120 0 0 4737 0 60 0 60 180 61 51
4737 0 0 120 0 0 4737 0 60 60 0 0 51 56
4737 0 0 120 0 0 4737 0 60 60 0 90 44 52
4737 0 0 120 0 0 4737 0 60 60 0 180 61 66
4737 0 0 120 0 0 4737 0 60 60 20 0 46 54
4737 0 0 120 0 0 4737 0 60 60 20 90 43 52
4737 0 0 120 0 0 4737 0 60 60 20 180 63 68
4737 0 0 120 0 0 4737 0 60 60 40 0 42 53
4737 0 0 120 0 0 4737 0 60 60 40 90 44 55
4737 0 0 120 0 0 4737 0 60 60 40 180 65 70
4737 0 0 120 0 0 4737 0 60 60 60 0 40 53
4737 0 0 120 0 0 4737 0 60 60 60 90 47 57
4737 0 0 120 0 0 4737 0 60 60 60 180 65 71
4737 0 0 120 0 0 4737 0 60 120 0 0 39 52
4737 0 0 120 0 0 4737 0 60 120 0 90 48 57
4737 0 0 120 0 0 4737 0 60 120 0 180 66 70
4737 0 0 120 0 0 4737 0 60 120 20 0 42 54
4737 0 0 120 0 0 4737 0 60 120 20 90 53 60
4737 0 0 120 0 0 4737 0 60 120 20 180 65 70
4737 0 0 120 0 0 4737 0 60 120 40 0 46 57
4737 0 0 120 0 0 4737 0 60 120 40 90 57 63
4737 0 0 120 0 0 4737 0 60 120 40 180 63 70
4737 0 0 120 0 0 4737 0 60 120 60 0 52 60
4737 0 0 120 0 0 4737 0 60 120 60 90 61 67
4737 0 0 120 0 0 4737 0 60 120 60 180 60 69
4737 0 0 120 20 0 4737 0 0 0 0 0 72 62
4737 0 0 120 20 0 4737 0 0 0 0 90 51 45
4737 0 0 120 20 0 4737 0 0 0 0 180 51 45
4737 0 0 120 20 0 4737 0 0 0 20 0 68 60
4737 0 0 120 20 0 4737 0 0 0 20 90 48 42
4737 0 0 120 20 0 4737 0 0 0 20 180 56 51
4737 0 0 120 20 0 4737 0 0 0 40 0 64 57
4737 0 0 120 20 0 4737 0 0 0 40 90 46 41
4737 0 0 120 20 0 4737 0 0 0 40 180 62 55
4737 0 0 120 20 0 4737 0 0 0 60 0 59 52
4737 0 0 120 20 0 4737 0 0 0 60 90 47 42
4737 0 0 120 20 0 4737 0 0 0 60 180 66 58
4737 0 0 120 20 0 4737 0 0 60 0 0 59 52
4737 0 0 120 20 0 4737 0 0 60 0 90 47 42
4737 0 0 120 20 0 4737 0 0 60 0 180 66 58
4737 0 0 120 20 0 4737 0 0 60 20 0 53 47
4737 0 0 120 20 0 4737 0 0 60 20 90 49 44
4737 0 0 120 20 0 4737 0 0 60 20 180 70 61
4737 0 0 120 20 0 4737 0 0 60 40 0 49 43
4737 0 0 120 20 0 4737 0 0 60 40 90 53 48
4737 0 0 120 20 0 4737 0 0 60 40 180 73 63
4737 0 0 120 20 0 4737 0 0 60 60 0 47 41
4737 0 0 120 20 0 4737 0 0 60 60 90 59 53
4737 0 0 120 20 0 4737 0 0 60 60 180 75 64
4737 0 0 120 20 0 4737 0 0 120 0 0 47 41
4737 0 0 120 20 0 4737 0 0 120 0 90 59 53
4737 0 0 120 20 0 4737 0 0 120 0 180 75 64
4737 0 0 120 20 0 4737 0 0 120 20 0 46 41
4737 0 0 120 20 0 4737 0 0 120 20 90 64 57
4737 0 0 120 20 0 4737 0 0 120 20 180 76 65
4737 0 0 120 20 0 4737 0 0 120 40 0 48 42
4737 0 0 120 20 0 4737 0 0 120 40 90 68 60
4737 0 0 120 20 0 4737 0 0 120 40 180 74 64
4737 0 0 120 20 0 4737 0 0 120 60 0 51 45
4737 0 0 120 20 0 4737 0 0 120 60 90 72 62
4737 0 0 120 20 0 4737 0 0 120 60 180 72 62
4737 0 0 120 20 0 4737 0 30 0 0 0 71 55
4737 0 0 120 20 0 4737 0 30 0 0 90 50 42
4737 0 0 120 20 0 4737 0 30 0 0 180 50 43
4737 0 0 120 20 0 4737 0 30 0 20 0 68 53
4737 0 0 120 20 0 4737 0 30 0 20 90 47 40
4737 0 0 120 20 0 4737 0 30 0 20 180 55 45
4737 0 0 120 20 0 4737 0 30 0 40 0 64 49
4737 0 0 120 20 0 4737 0 30 0 40 90 46 40
4737 0 0 120 20 0 4737 0 30 0 40 180 61 48
4737 0 0 120 20 0 4737 0 30 0 60 0 59 46
4737 0 0 120 20 0 4737 0 30 0 60 90 46 40
4737 0 0 120 20 0 4737 0 30 0 60 180 65 51
4737 0 0 120 20 0 4737 0 30 60 0 0 59 46
4737 0 0 120 20 0 4737 0 30 60 0 90 47 39
4737 0 0 120 20 0 4737 0 30 60 0 180 66 53
4737 0 0 120 20 0 4737 0 30 60 20 0 53 42
4737 0 0 120 20 0 4737 0 30 60 20 90 49 40
4737 0 0 120 20 0 4737 0 30 60 20 180 69 55
4737 0 0 120 20 0 4737 0 30 60 40 0 49 40
4737 0 0 120 20 0 4737 0 30 60 40 90 52 43
4737 0 0 120 20 0 4737 0 30 60 40 180 72 57
4737 0 0 120 20 0 4737 0 30 60 60 0 47 39
4737 0 0 120 20 0 4737 0 30 60 60 90 58 46
4737 0 0 120 20 0 4737 0 30 60 60 180 74 59
4737 0 0 120 20 0 4737 0 30 120 0 0 46 40
4737 0 0 120 20 0 4737 0 30 120 0 90 58 47
4737 0 0 120 20 0 4737 0 30 120 0 180 74 60
4737 0 0 120 20 0 4737 0 30 120 20 0 46 39
4737 0 0 120 20 0 4737 0 30 120 20 90 63 50
4737 0 0 120 20 0 4737 0 30 120 20 180 75 59
4737 0 0 120 20 0 4737 0 30 120 40 0 47 40
4737 0 0 120 20 0 4737 0 30 120 40 90 67 53
4737 0 0 120 20 0 4737 0 30 120 40 180 74 58
4737 0 0 120 20 0 4737 0 30 120 60 0 50 41
4737 0 0 120 20 0 4737 0 30 120 60 90 71 55
4737 0 0 120 20 0 4737 0 30 120 60 180 71 56
4737 0 0 120 20 0 4737 0 60 0 0 0 69 55
4737 0 0 120 20 0 4737 0 60 0 0 90 49 45
4737 0 0 120 20 0 4737 0 60 0 0 180 50 46
4737 0 0 120 20 0 4737 0 60 0 20 0 65 53
4737 0 0 120 20 0 4737 0 60 0 20 90 46 44
4737 0 0 120 20 0 4737 0 60 0 20 180 54 48
4737 0 0 120 20 0 4737 0 60 0 40 0 61 51
4737 0 0 120 20 0 4737 0 60 0 40 90 44 44
4737 0 0 120 20 0 4737 0 60 0 40 180 57 50
4737 0 0 120 20 0 4737 0 60 0 60 0 57 49
4737 0 0 120 20 0 4737 0 60 0 60 90 44 45
4737 0 0 120 20 0 4737 0 60 0 60 180 61 52
4737 0 0 120 20 0 4737 0 60 60 0 0 57 48
4737 0 0 120 20 0 4737 0 60 60 0 90 46 44
4737 0 0 120 20 0 4737 0 60 60 0 180 63 54
4737 0 0 120 20 0 4737 0 60 60 20 0 52 46
4737 0 0 120 20 0 4737 0 60 60 20 90 48 44
4737 0 0 120 20 0 4737 0 60 60 20 180 66 56
4737 0 0 120 20 0 4737 0 60 60 40 0 48 45
4737 0 0 120 20 0 4737 0 60 60 40 90 51 46
4737 0 0 120 20 0 4737 0 60 60 40 180 68 58
4737 0 0 120 20 0 4737 0 60 60 60 0 46 44
4737 0 0 120 20 0 4737 0 60 60 60 90 55 49
4737 0 0 120 20 0 4737 0 60 60 60 180 69 61
4737 0 0 120 20 0 4737 0 60 120 0 0 44 44
4737 0 0 120 20 0 4737 0 60 120 0 90 56 50
4737 0 0 120 20 0 4737 0 60 120 0 180 69 62
4737 0 0 120 20 0 4737 0 60 120 20 0 45 44
4737 0 0 120 20 0 4737 0 60 120 20 90 60 52
4737 0 0 120 20 0 4737 0 60 120 20 180 70 62
4737 0 0 120 20 0 4737 0 60 120 40 0 46 44
4737 0 0 120 20 0 4737 0 60 120 40 90 64 54
4737 0 0 120 20 0 4737 0 60 120 40 180 69 60
4737 0 0 120 20 0 4737 0 60 120 60 0 49 46
4737 0 0 120 20 0 4737 0 60 120 60 90 67 56
4737 0 0 120 20 0 4737 0 60 120 60 180 67 58
4737 0 0 120 20 0 4737 0 0 0 0 0 73 64
4737 0 0 120 20 0 4737 0 0 0 0 90 57 51
4737 0 0 120 20 0 4737 0 0 0 0 180 53 47
4737 0 0 120 20 0 4737 0 0 0 20 0 69 61
4737 0 0 120 20 0 4737 0 0 0 20 90 52 46
4737 0 0 120 20 0 4737 0 0 0 20 180 56 50
4737 0 0 120 20 0 4737 0 0 0 40 0 64 57
4737 0 0 120 20 0 4737 0 0 0 40 90 48 43
4737 0 0 120 20 0 4737 0 0 0 40 180 61 53
4737 0 0 120 20 0 4737 0 0 0 60 0 59 53
4737 0 0 120 20 0 4737 0 0 0 60 90 46 40
4737 0 0 120 20 0 4737 0 0 0 60 180 65 56
4737 0 0 120 20 0 4737 0 0 60 0 0 59 53
4737 0 0 120 20 0 4737 0 0 60 0 90 46 40
4737 0 0 120 20 0 4737 0 0 60 0 180 65 56
4737 0 0 120 20 0 4737 0 0 60 20 0 53 47
4737 0 0 120 20 0 4737 0 0 60 20 90 46 40
4737 0 0 120 20 0 4737 0 0 60 20 180 68 59
4737 0 0 120 20 0 4737 0 0 60 40 0 48 42
4737 0 0 120 20 0 4737 0 0 60 40 90 47 42
4737 0 0 120 20 0 4737 0 0 60 40 180 71 61
4737 0 0 120 20 0 4737 0 0 60 60 0 43 38
4737 0 0 120 20 0 4737 0 0 60 60 90 53 47
4737 0 0 120 20 0 4737 0 0 60 60 180 73 63
4737 0 0 120 20 0 4737 0 0 120 0 0 43 38
4737 0 0 120 20 0 4737 0 0 120 0 90 53 47
4737 0 0 120 20 0 4737 0 0 120 0 180 73 63
4737 0 0 120 20 0 4737 0 0 120 20 0 42 37
4737 0 0 120 20 0 4737 0 0 120 20 90 58 51
4737 0 0 120 20 0 4737 0 0 120 20 180 73 64
4737 0 0 120 20 0 4737 0 0 120 40 0 45 40
4737 0 0 120 20 0 4737 0 0 120 40 90 63 55
4737 0 0 120 20 0 4737 0 0 120 40 180 72 63
4737 0 0 120 20 0 4737 0 0 120 60 0 51 45
4737 0 0 120 20 0 4737 0 0 120 60 90 67 59
4737 0 0 120 20 0 4737 0 0 120 60 180 70 61
4737 0 0 120 20 0 4737 0 30 0 0 0 73 57
4737 0 0 120 20 0 4737 0 30 0 0 90 57 48
4737 0 0 120 20 0 4737 0 30 0 0 180 53 43
4737 0 0 120 20 0 4737 0 30 0 20 0 69 54
4737 0 0 120 20 0 4737 0 30 0 20 90 51 44
4737 0 0 120 20 0 4737 0 30 0 20 180 56 45
4737 0 0 120 20 0 4737 0 30 0 40 0 64 51
4737 0 0 120 20 0 4737 0 30 0 40 90 48 41
4737 0 0 120 20 0 4737 0 30 0 40 180 60 47
4737 0 0 120 20 0 4737 0 30 0 60 0 59 47
4737 0 0 120 20 0 4737 0 30 0 60 90 46 39
4737 0 0 120 20 0 4737 0 30 0 60 180 64 49
4737 0 0 120 20 0 4737 0 30 60 0 0 59 50
4737 0 0 120 20 0 4737 0 30 60 0 90 46 41
4737 0 0 120 20 0 4737 0 30 60 0 180 64 54
4737 0 0 120 20 0 4737 0 30 60 20 0 53 46
4737 0 0 120 20 0 4737 0 30 60 20 90 45 40
4737 0 0 120 20 0 4737 0 30 60 20 180 67 57
4737 0 0 120 20 0 4737 0 30 60 40 0 47 42
4737 0 0 120 20 0 4737 0 30 60 40 90 47 42
4737 0 0 120 20 0 4737 0 30 60 40 180 70 59
4737 0 0 120 20 0 4737 0 30 60 60 0 43 40
4737 0 0 120 20 0 4737 0 30 60 60 90 52 44
4737 0 0 120 20 0 4737 0 30 60 60 180 72 61
4737 0 0 120 20 0 4737 0 30 120 0 0 43 40
4737 0 0 120 20 0 4737 0 30 120 0 90 52 46
4737 0 0 120 20 0 4737 0 30 120 0 180 72 62
4737 0 0 120 20 0 4737 0 30 120 20 0 42 39
4737 0 0 120 20 0 4737 0 30 120 20 90 57 49
4737 0 0 120 20 0 4737 0 30 120 20 180 72 62
4737 0 0 120 20 0 4737 0 30 120 40 0 44 41
4737 0 0 120 20 0 4737 0 30 120 40 90 62 52
4737 0 0 120 20 0 4737 0 30 120 40 180 71 61
4737 0 0 120 20 0 4737 0 30 120 60 0 50 44
4737 0 0 120 20 0 4737 0 30 120 60 90 66 56
4737 0 0 120 20 0 4737 0 30 120 60 180 69 59
4737 0 0 120 20 0 4737 0 60 0 0 0 70 58
4737 0 0 120 20 0 4737 0 60 0 0 90 55 49
4737 0 0 120 20 0 4737 0 60 0 0 180 53 46
4737 0 0 120 20 0 4737 0 60 0 20 0 66 55
4737 0 0 120 20 0 4737 0 60 0 20 90 50 47
4737 0 0 120 20 0 4737 0 60 0 20 180 55 48
4737 0 0 120 20 0 4737 0 60 0 40 0 62 52
4737 0 0 120 20 0 4737 0 60 0 40 90 46 45
4737 0 0 120 20 0 4737 0 60 0 40 180 57 49
4737 0 0 120 20 0 4737 0 60 0 60 0 57 50
4737 0 0 120 20 0 4737 0 60 0 60 90 44 44
4737 0 0 120 20 0 4737 0 60 0 60 180 60 51
4737 0 0 120 20 0 4737 0 60 60 0 0 57 54
4737 0 0 120 20 0 4737 0 60 60 0 90 45 48
4737 0 0 120 20 0 4737 0 60 60 0 180 61 59
4737 0 0 120 20 0 4737 0 60 60 20 0 51 51
4737 0 0 120 20 0 4737 0 60 60 20 90 45 48
4737 0 0 120 20 0 4737 0 60 60 20 180 64 61
4737 0 0 120 20 0 4737 0 60 60 40 0 46 49
4737 0 0 120 20 0 4737 0 60 60 40 90 47 49
4737 0 0 120 20 0 4737 0 60 60 40 180 66 63
4737 0 0 120 20 0 4737 0 60 60 60 0 43 48
4737 0 0 120 20 0 4737 0 60 60 60 90 49 51
4737 0 0 120 20 0 4737 0 60 60 60 180 68 65
4737 0 0 120 20 0 4737 0 60 120 0 0 41 48
4737 0 0 120 20 0 4737 0 60 120 0 90 49 52
4737 0 0 120 20 0 4737 0 60 120 0 180 67 67
4737 0 0 120 20 0 4737 0 60 120 20 0 41 48
4737 0 0 120 20 0 4737 0 60 120 20 90 54 55
4737 0 0 120 20 0 4737 0 60 120 20 180 68 67
4737 0 0 120 20 0 4737 0 60 120 40 0 44 49
4737 0 0 120 20 0 4737 0 60 120 40 90 58 57
4737 0 0 120 20 0 4737 0 60 120 40 180 68 65
4737 0 0 120 20 0 4737 0 60 120 60 0 47 51
4737 0 0 120 20 0 4737 0 60 120 60 90 62 60
4737 0 0 120 20 0 4737 0 60 120 60 180 66 64
4737 0 0 120 20 0 4737 0 0 0 0 0 74 63
4737 0 0 120 20 0 4737 0 0 0 0 90 63 56
4737 0 0 120 20 0 4737 0 0 0 0 180 56 50
4737 0 0 120 20 0 4737 0 0 0 20 0 70 61
4737 0 0 120 20 0 4737 0 0 0 20 90 57 51
4737 0 0 120 20 0 4737 0 0 0 20 180 58 50
4737 0 0 120 20 0 4737 0 0 0 40 0 64 57
4737 0 0 120 20 0 4737 0 0 0 40 90 52 46
4737 0 0 120 20 0 4737 0 0 0 40 180 60 51
4737 0 0 120 20 0 4737 0 0 0 60 0 59 52
4737 0 0 120 20 0 4737 0 0 0 60 90 48 42
4737 0 0 120 20 0 4737 0 0 0 60 180 63 54
4737 0 0 120 20 0 4737 0 0 60 0 0 59 52
4737 0 0 120 20 0 4737 0 0 60 0 90 48 42
4737 0 0 120 20 0 4737 0 0 60 0 180 63 54
4737 0 0 120 20 0 4737 0 0 60 20 0 53 47
4737 0 0 120 20 0 4737 0 0 60 20 90 45 39
4737 0 0 120 20 0 4737 0 0 60 20 180 66 57
4737 0 0 120 20 0 4737 0 0 60 40 0 47 41
4737 0 0 120 20 0 4737 0 0 60 40 90 44 38
4737 0 0 120 20 0 4737 0 0 60 40 180 69 59
4737 0 0 120 20 0 4737 0 0 60 60 0 42 36
4737 0 0 120 20 0 4737 0 0 60 60 90 47 41
4737 0 0 120 20 0 4737 0 0 60 60 180 69 61
4737 0 0 120 20 0 4737 0 0 120 0 0 42 36
4737 0 0 120 20 0 4737 0 0 120 0 90 47 41
4737 0 0 120 20 0 4737 0 0 120 0 180 69 61
4737 0 0 120 20 0 4737 0 0 120 20 0 40 34
4737 0 0 120 20 0 4737 0 0 120 20 90 52 45
4737 0 0 120 20 0 4737 0 0 120 20 180 70 61
4737 0 0 120 20 0 4737 0 0 120 40 0 45 40
4737 0 0 120 20 0 4737 0 0 120 40 90 57 50
4737 0 0 120 20 0 4737 0 0 120 40 180 69 61
4737 0 0 120 20 0 4737 0 0 120 60 0 51 45
4737 0 0 120 20 0 4737 0 0 120 60 90 62 54
4737 0 0 120 20 0 4737 0 0 120 60 180 67 59
4737 0 0 120 20 0 4737 0 30 0 0 0 73 59
4737 0 0 120 20 0 4737 0 30 0 0 90 63 54
4737 0 0 120 20 0 4737 0 30 0 0 180 56 45
4737 0 0 120 20 0 4737 0 30 0 20 0 69 57
4737 0 0 120 20 0 4737 0 30 0 20 90 57 50
4737 0 0 120 20 0 4737 0 30 0 20 180 58 45
4737 0 0 120 20 0 4737 0 30 0 40 0 64 53
4737 0 0 120 20 0 4737 0 30 0 40 90 52 45
4737 0 0 120 20 0 4737 0 30 0 40 180 59 46
4737 0 0 120 20 0 4737 0 30 0 60 0 58 49
4737 0 0 120 20 0 4737 0 30 0 60 90 48 42
4737 0 0 120 20 0 4737 0 30 0 60 180 62 48
4737 0 0 120 20 0 4737 0 30 60 0 0 58 53
4737 0 0 120 20 0 4737 0 30 60 0 90 48 46
4737 0 0 120 20 0 4737 0 30 60 0 180 62 56
4737 0 0 120 20 0 4737 0 30 60 20 0 53 49
4737 0 0 120 20 0 4737 0 30 60 20 90 45 42
4737 0 0 120 20 0 4737 0 30 60 20 180 65 58
4737 0 0 120 20 0 4737 0 30 60 40 0 47 44
4737 0 0 120 20 0 4737 0 30 60 40 90 44 42
4737 0 0 120 20 0 4737 0 30 60 40 180 67 61
4737 0 0 120 20 0 4737 0 30 60 60 0 41 42
4737 0 0 120 20 0 4737 0 30 60 60 90 45 44
4737 0 0 120 20 0 4737 0 30 60 60 180 68 63
4737 0 0 120 20 0 4737 0 30 120 0 0 41 41
4737 0 0 120 20 0 4737 0 30 120 0 90 46 45
4737 0 0 120 20 0 4737 0 30 120 0 180 69 63
4737 0 0 120 20 0 4737 0 30 120 20 0 39 41
4737 0 0 120 20 0 4737 0 30 120 20 90 51 47
4737 0 0 120 20 0 4737 0 30 120 20 180 69 63
4737 0 0 120 20 0 4737 0 30 120 40 0 44 43
4737 0 0 120 20 0 4737 0 30 120 40 90 56 51
4737 0 0 120 20 0 4737 0 30 120 40 180 68 62
4737 0 0 120 20 0 4737 0 30 120 60 0 50 47
4737 0 0 120 20 0 4737 0 30 120 60 90 61 56
4737 0 0 120 20 0 4737 0 30 120 60 180 66 61
4737 0 0 120 20 0 4737 0 60 0 0 0 68 60
4737 0 0 120 20 0 4737 0 60 0 0 90 60 54
4737 0 0 120 20 0 4737 0 60 0 0 180 56 47
4737 0 0 120 20 0 4737 0 60 0 20 0 65 57
4737 0 0 120 20 0 4737 0 60 0 20 90 55 51
4737 0 0 120 20 0 4737 0 60 0 20 180 57 47
4737 0 0 120 20 0 4737 0 60 0 40 0 61 54
4737 0 0 120 20 0 4737 0 60 0 40 90 50 47
4737 0 0 120 20 0 4737 0 60 0 40 180 58 48
4737 0 0 120 20 0 4737 0 60 0 60 0 56 50
4737 0 0 120 20 0 4737 0 60 0 60 90 46 45
4737 0 0 120 20 0 4737 0 60 0 60 180 59 50
4737 0 0 120 20 0 4737 0 60 60 0 0 56 59
4737 0 0 120 20 0 4737 0 60 60 0 90 47 54
4737 0 0 120 20 0 4737 0 60 60 0 180 58 65
4737 0 0 120 20 0 4737 0 60 60 20 0 51 57
4737 0 0 120 20 0 4737 0 60 60 20 90 44 52
4737 0 0 120 20 0 4737 0 60 60 20 180 61 67
4737 0 0 120 20 0 4737 0 60 60 40 0 45 55
4737 0 0 120 20 0 4737 0 60 60 40 90 43 54
4737 0 0 120 20 0 4737 0 60 60 40 180 63 69
4737 0 0 120 20 0 4737 0 60 60 60 0 41 54
4737 0 0 120 20 0 4737 0 60 60 60 90 44 55
4737 0 0 120 20 0 4737 0 60 60 60 180 64 71
4737 0 0 120 20 0 4737 0 60 120 0 0 41 52
4737 0 0 120 20 0 4737 0 60 120 0 90 43 55
4737 0 0 120 20 0 4737 0 60 120 0 180 65 70
4737 0 0 120 20 0 4737 0 60 120 20 0 39 53
4737 0 0 120 20 0 4737 0 60 120 20 90 48 58
4737 0 0 120 20 0 4737 0 60 120 20 180 65 71
4737 0 0 120 20 0 4737 0 60 120 40 0 42 55
4737 0 0 120 20 0 4737 0 60 120 40 90 52 61
4737 0 0 120 20 0 4737 0 60 120 40 180 64 71
4737 0 0 120 20 0 4737 0 60 120 60 0 46 58
4737 0 0 120 20 0 4737 0 60 120 60 90 57 64
4737 0 0 120 20 0 4737 0 60 120 60 180 63 70
4737 0 0 120 40 0 4737 0 0 0 0 0 74 64
4737 0 0 120 40 0 4737 0 0 0 0 90 56 50
4737 0 0 120 40 0 4737 0 0 0 0 180 48 42
4737 0 0 120 40 0 4737 0 0 0 20 0 72 63
4737 0 0 120 40 0 4737 0 0 0 20 90 50 45
4737 0 0 120 40 0 4737 0 0 0 20 180 51 45
4737 0 0 120 40 0 4737 0 0 0 40 0 68 60
4737 0 0 120 40 0 4737 0 0 0 40 90 48 42
4737 0 0 120 40 0 4737 0 0 0 40 180 56 51
4737 0 0 120 40 0 4737 0 0 0 60 0 64 57
4737 0 0 120 40 0 4737 0 0 0 60 90 46 41
4737 0 0 120 40 0 4737 0 0 0 60 180 62 55
4737 0 0 120 40 0 4737 0 0 60 0 0 64 57
4737 0 0 120 40 0 4737 0 0 60 0 90 46 41
4737 0 0 120 40 0 4737 0 0 60 0 180 62 55
4737 0 0 120 40 0 4737 0 0 60 20 0 59 53
4737 0 0 120 40 0 4737 0 0 60 20 90 47 42
4737 0 0 120 40 0 4737 0 0 60 20 180 66 59
4737 0 0 120 40 0 4737 0 0 60 40 0 53 47
4737 0 0 120 40 0 4737 0 0 60 40 90 49 44
4737 0 0 120 40 0 4737 0 0 60 40 180 70 61
4737 0 0 120 40 0 4737 0 0 60 60 0 49 43
4737 0 0 120 40 0 4737 0 0 60 60 90 53 48
4737 0 0 120 40 0 4737 0 0 60 60 180 73 63
4737 0 0 120 40 0 4737 0 0 120 0 0 49 43
4737 0 0 120 40 0 4737 0 0 120 0 90 53 48
4737 0 0 120 40 0 4737 0 0 120 0 180 73 63
4737 0 0 120 40 0 4737 0 0 120 20 0 47 41
4737 0 0 120 40 0 4737 0 0 120 20 90 59 53
4737 0 0 120 40 0 4737 0 0 120 20 180 75 65
4737 0 0 120 40 0 4737 0 0 120 40 0 46 41
4737 0 0 120 40 0 4737 0 0 120 40 90 64 57
4737 0 0 120 40 0 4737 0 0 120 40 180 76 65
4737 0 0 120 40 0 4737 0 0 120 60 0 48 42
4737 0 0 120 40 0 4737 0 0 120 60 90 68 60
4737 0 0 120 40 0 4737 0 0 120 60 180 74 64
4737 0 0 120 40 0 4737 0 30 0 0 0 74 57
4737 0 0 120 40 0 4737 0 30 0 0 90 56 46
4737 0 0 120 40 0 4737 0 30 0 0 180 47 41
4737 0 0 120 40 0 4737 0 30 0 20 0 71 55
4737 0 0 120 40 0 4737 0 30 0 20 90 50 42
4737 0 0 120 40 0 4737 0 30 0 20 180 50 43
4737 0 0 120 40 0 4737 0 30 0 40 0 68 53
4737 0 0 120 40 0 4737 0 30 0 40 90 47 40
4737 0 0 120 40 0 4737 0 30 0 40 180 55 45
4737 0 0 120 40 0 4737 0 30 0 60 0 64 50
4737 0 0 120 40 0 4737 0 30 0 60 90 46 40
4737 0 0 120 40 0 4737 0 30 0 60 180 61 48
4737 0 0 120 40 0 4737 0 30 60 0 0 64 50
4737 0 0 120 40 0 4737 0 30 60 0 90 46 40
4737 0 0 120 40 0 4737 0 30 60 0 180 61 50
4737 0 0 120 40 0 4737 0 30 60 20 0 59 46
4737 0 0 120 40 0 4737 0 30 60 20 90 47 39
4737 0 0 120 40 0 4737 0 30 60 20 180 65 53
4737 0 0 120 40 0 4737 0 30 60 40 0 53 42
4737 0 0 120 40 0 4737 0 30 60 40 90 49 41
4737 0 0 120 40 0 4737 0 30 60 40 180 69 55
4737 0 0 120 40 0 4737 0 30 60 60 0 49 40
4737 0 0 120 40 0 4737 0 30 60 60 90 52 43
4737 0 0 120 40 0 4737 0 30 60 60 180 72 57
4737 0 0 120 40 0 4737 0 30 120 0 0 48 43
4737 0 0 120 40 0 4737 0 30 120 0 90 52 45
4737 0 0 120 40 0 4737 0 30 120 0 180 72 59
4737 0 0 120 40 0 4737 0 30 120 20 0 46 40
4737 0 0 120 40 0 4737 0 30 120 20 90 58 47
4737 0 0 120 40 0 4737 0 30 120 20 180 74 60
4737 0 0 120 40 0 4737 0 30 120 40 0 46 40
4737 0 0 120 40 0 4737 0 30 120 40 90 63 50
4737 0 0 120 40 0 4737 0 30 120 40 180 75 60
4737 0 0 120 40 0 4737 0 30 120 60 0 47 40
4737 0 0 120 40 0 4737 0 30 120 60 90 67 53
4737 0 0 120 40 0 4737 0 30 120 60 180 73 58
4737 0 0 120 40 0 4737 0 60 0 0 0 70 58
4737 0 0 120 40 0 4737 0 60 0 0 90 54 48
4737 0 0 120 40 0 4737 0 60 0 0 180 47 45
4737 0 0 120 40 0 4737 0 60 0 20 0 69 56
4737 0 0 120 40 0 4737 0 60 0 20 90 49 46
4737 0 0 120 40 0 4737 0 60 0 20 180 50 46
4737 0 0 120 40 0 4737 0 60 0 40 0 65 53
4737 0 0 120 40 0 4737 0 60 0 40 90 46 45
4737 0 0 120 40 0 4737 0 60 0 40 180 53 48
4737 0 0 120 40 0 4737 0 60 0 60 0 61 52
4737 0 0 120 40 0 4737 0 60 0 60 90 44 45
4737 0 0 120 40 0 4737 0 60 0 60 180 57 50
4737 0 0 120 40 0 4737 0 60 60 0 0 62 50
4737 0 0 120 40 0 4737 0 60 60 0 90 45 44
4737 0 0 120 40 0 4737 0 60 60 0 180 58 52
4737 0 0 120 40 0 4737 0 60 60 20 0 57 48
4737 0 0 120 40 0 4737 0 60 60 20 90 46 44
4737 0 0 120 40 0 4737 0 60 60 20 180 62 54
4737 0 0 120 40 0 4737 0 60 60 40 0 52 46
4737 0 0 120 40 0 4737 0 60 60 40 90 48 45
4737 0 0 120 40 0 4737 0 60 60 40 180 65 57
4737 0 0 120 40 0 4737 0 60 60 60 0 48 45
4737 0 0 120 40 0 4737 0 60 60 60 90 51 47
4737 0 0 120 40 0 4737 0 60 60 60 180 68 59
4737 0 0 120 40 0 4737 0 60 120 0 0 46 46
4737 0 0 120 40 0 4737 0 60 120 0 90 51 48
4737 0 0 120 40 0 4737 0 60 120 0 180 67 62
4737 0 0 120 40 0 4737 0 60 120 20 0 44 45
4737 0 0 120 40 0 4737 0 60 120 20 90 56 50
4737 0 0 120 40 0 4737 0 60 120 20 180 69 63
4737 0 0 120 40 0 4737 0 60 120 40 0 45 44
4737 0 0 120 40 0 4737 0 60 120 40 90 59 52
4737 0 0 120 40 0 4737 0 60 120 40 180 70 62
4737 0 0 120 40 0 4737 0 60 120 60 0 46 45
4737 0 0 120 40 0 4737 0 60 120 60 90 63 55
4737 0 0 120 40 0 4737 0 60 120 60 180 69 60
4737 0 0 120 40 0 4737 0 0 0 0 0 76 64
4737 0 0 120 40 0 4737 0 0 0 0 90 62 56
4737 0 0 120 40 0 4737 0 0 0 0 180 51 46
4737 0 0 120 40 0 4737 0 0 0 20 0 73 64
4737 0 0 120 40 0 4737 0 0 0 20 90 57 51
4737 0 0 120 40 0 4737 0 0 0 20 180 53 47
4737 0 0 120 40 0 4737 0 0 0 40 0 69 61
4737 0 0 120 40 0 4737 0 0 0 40 90 52 46
4737 0 0 120 40 0 4737 0 0 0 40 180 56 50
4737 0 0 120 40 0 4737 0 0 0 60 0 64 57
4737 0 0 120 40 0 4737 0 0 0 60 90 48 43
4737 0 0 120 40 0 4737 0 0 0 60 180 61 53
4737 0 0 120 40 0 4737 0 0 60 0 0 64 57
4737 0 0 120 40 0 4737 0 0 60 0 90 48 43
4737 0 0 120 40 0 4737 0 0 60 0 180 61 53
4737 0 0 120 40 0 4737 0 0 60 20 0 59 53
4737 0 0 120 40 0 4737 0 0 60 20 90 46 41
4737 0 0 120 40 0 4737 0 0 60 20 180 65 57
4737 0 0 120 40 0 4737 0 0 60 40 0 53 47
4737 0 0 120 40 0 4737 0 0 60 40 90 46 40
4737 0 0 120 40 0 4737 0 0 60 40 180 68 59
4737 0 0 120 40 0 4737 0 0 60 60 0 47 42
4737 0 0 120 40 0 4737 0 0 60 60 90 47 42
4737 0 0 120 40 0 4737 0 0 60 60 180 71 62
4737 0 0 120 40 0 4737 0 0 120 0 0 47 42
4737 0 0 120 40 0 4737 0 0 120 0 90 47 42
4737 0 0 120 40 0 4737 0 0 120 0 180 71 62
4737 0 0 120 40 0 4737 0 0 120 20 0 43 38
4737 0 0 120 40 0 4737 0 0 120 20 90 53 47
4737 0 0 120 40 0 4737 0 0 120 20 180 73 64
4737 0 0 120 40 0 4737 0 0 120 40 0 42 37
4737 0 0 120 40 0 4737 0 0 120 40 90 58 51
4737 0 0 120 40 0 4737 0 0 120 40 180 73 64
4737 0 0 120 40 0 4737 0 0 120 60 0 45 40
4737 0 0 120 40 0 4737 0 0 120 60 90 63 55
4737 0 0 120 40 0 4737 0 0 120 60 180 72 63
4737 0 0 120 40 0 4737 0 30 0 0 0 75 59
4737 0 0 120 40 0 4737 0 30 0 0 90 62 51
4737 0 0 120 40 0 4737 0 30 0 0 180 51 43
4737 0 0 120 40 0 4737 0 30 0 20 0 73 57
4737 0 0 120 40 0 4737 0 30 0 20 90 57 48
4737 0 0 120 40 0 4737 0 30 0 20 180 53 43
4737 0 0 120 40 0 4737 0 30 0 40 0 69 54
4737 0 0 120 40 0 4737 0 30 0 40 90 51 44
4737 0 0 120 40 0 4737 0 30 0 40 180 56 45
4737 0 0 120 40 0 4737 0 30 0 60 0 64 51
4737 0 0 120 40 0 4737 0 30 0 60 90 48 41
4737 0 0 120 40 0 4737 0 30 0 60 180 60 47
4737 0 0 120 40 0 4737 0 30 60 0 0 64 54
4737 0 0 120 40 0 4737 0 30 60 0 90 48 44
4737 0 0 120 40 0 4737 0 30 60 0 180 60 52
4737 0 0 120 40 0 4737 0 30 60 20 0 58 50
4737 0 0 120 40 0 4737 0 30 60 20 90 46 41
4737 0 0 120 40 0 4737 0 30 60 20 180 64 54
4737 0 0 120 40 0 4737 0 30 60 40 0 53 46
4737 0 0 120 40 0 4737 0 30 60 40 90 45 40
4737 0 0 120 40 0 4737 0 30 60 40 180 67 57
4737 0 0 120 40 0 4737 0 30 60 60 0 47 42
4737 0 0 120 40 0 4737 0 30 60 60 90 47 42
4737 0 0 120 40 0 4737 0 30 60 60 180 70 59
4737 0 0 120 40 0 4737 0 30 120 0 0 47 43
4737 0 0 120 40 0 4737 0 30 120 0 90 46 44
4737 0 0 120 40 0 4737 0 30 120 0 180 70 62
4737 0 0 120 40 0 4737 0 30 120 20 0 42 40
4737 0 0 120 40 0 4737 0 30 120 20 90 52 46
4737 0 0 120 40 0 4737 0 30 120 20 180 72 63
4737 0 0 120 40 0 4737 0 30 120 40 0 42 40
4737 0 0 120 40 0 4737 0 30 120 40 90 57 49
4737 0 0 120 40 0 4737 0 30 120 40 180 72 62
4737 0 0 120 40 0 4737 0 30 120 60 0 44 41
4737 0 0 120 40 0 4737 0 30 120 60 90 62 53
4737 0 0 120 40 0 4737 0 30 120 60 180 71 61
4737 0 0 120 40 0 4737 0 60 0 0 0 71 60
4737 0 0 120 40 0 4737 0 60 0 0 90 61 52
4737 0 0 120 40 0 4737 0 60 0 0 180 50 46
4737 0 0 120 40 0 4737 0 60 0 20 0 69 58
4737 0 0 120 40 0 4737 0 60 0 20 90 55 49
4737 0 0 120 40 0 4737 0 60 0 20 180 53 46
4737 0 0 120 40 0 4737 0 60 0 40 0 66 55
4737 0 0 120 40 0 4737 0 60 0 40 90 50 47
4737 0 0 120 40 0 4737 0 60 0 40 180 55 48
4737 0 0 120 40 0 4737 0 60 0 60 0 61 53
4737 0 0 120 40 0 4737 0 60 0 60 90 46 45
4737 0 0 120 40 0 4737 0 60 0 60 180 57 49
4737 0 0 120 40 0 4737 0 60 60 0 0 62 57
4737 0 0 120 40 0 4737 0 60 60 0 90 46 50
4737 0 0 120 40 0 4737 0 60 60 0 180 57 58
4737 0 0 120 40 0 4737 0 60 60 20 0 57 54
4737 0 0 120 40 0 4737 0 60 60 20 90 45 48
4737 0 0 120 40 0 4737 0 60 60 20 180 60 60
4737 0 0 120 40 0 4737 0 60 60 40 0 51 52
4737 0 0 120 40 0 4737 0 60 60 40 90 45 48
4737 0 0 120 40 0 4737 0 60 60 40 180 63 62
4737 0 0 120 40 0 4737 0 60 60 60 0 46 50
4737 0 0 120 40 0 4737 0 60 60 60 90 47 50
4737 0 0 120 40 0 4737 0 60 60 60 180 66 64
4737 0 0 120 40 0 4737 0 60 120 0 0 45 49
4737 0 0 120 40 0 4737 0 60 120 0 90 45 51
4737 0 0 120 40 0 4737 0 60 120 0 180 65 67
4737 0 0 120 40 0 4737 0 60 120 20 0 41 48
4737 0 0 120 40 0 4737 0 60 120 20 90 49 53
4737 0 0 120 40 0 4737 0 60 120 20 180 67 68
4737 0 0 120 40 0 4737 0 60 120 40 0 41 48
4737 0 0 120 40 0 4737 0 60 120 40 90 54 55
4737 0 0 120 40 0 4737 0 60 120 40 180 68 67
4737 0 0 120 40 0 4737 0 60 120 60 0 44 49
4737 0 0 120 40 0 4737 0 60 120 60 90 58 58
4737 0 0 120 40 0 4737 0 60 120 60 180 68 66
4737 0 0 120 40 0 4737 0 0 0 0 0 76 63
4737 0 0 120 40 0 4737 0 0 0 0 90 68 62
4737 0 0 120 40 0 4737 0 0 0 0 180 55 50
4737 0 0 120 40 0 4737 0 0 0 20 0 74 63
4737 0 0 120 40 0 4737 0 0 0 20 90 63 56
4737 0 0 120 40 0 4737 0 0 0 20 180 56 50
4737 0 0 120 40 0 4737 0 0 0 40 0 70 61
4737 0 0 120 40 0 4737 0 0 0 40 90 57 51
4737 0 0 120 40 0 4737 0 0 0 40 180 58 50
4737 0 0 120 40 0 4737 0 0 0 60 0 64 57
4737 0 0 120 40 0 4737 0 0 0 60 90 52 46
4737 0 0 120 40 0 4737 0 0 0 60 180 60 51
4737 0 0 120 40 0 4737 0 0 60 0 0 64 57
4737 0 0 120 40 0 4737 0 0 60 0 90 52 46
4737 0 0 120 40 0 4737 0 0 60 0 180 60 51
4737 0 0 120 40 0 4737 0 0 60 20 0 59 52
4737 0 0 120 40 0 4737 0 0 60 20 90 48 42
4737 0 0 120 40 0 4737 0 0 60 20 180 63 54
4737 0 0 120 40 0 4737 0 0 60 40 0 53 47
4737 0 0 120 40 0 4737 0 0 60 40 90 45 40
4737 0 0 120 40 0 4737 0 0 60 40 180 66 57
4737 0 0 120 40 0 4737 0 0 60 60 0 47 42
4737 0 0 120 40 0 4737 0 0 60 60 90 44 38
4737 0 0 120 40 0 4737 0 0 60 60 180 68 59
4737 0 0 120 40 0 4737 0 0 120 0 0 47 42
4737 0 0 120 40 0 4737 0 0 120 0 90 44 38
4737 0 0 120 40 0 4737 0 0 120 0 180 68 59
4737 0 0 120 40 0 4737 0 0 120 20 0 42 36
4737 0 0 120 40 0 4737 0 0 120 20 90 47 41
4737 0 0 120 40 0 4737 0 0 120 20 180 69 61
4737 0 0 120 40 0 4737 0 0 120 40 0 40 34
4737 0 0 120 40 0 4737 0 0 120 40 90 52 46
4737 0 0 120 40 0 4737 0 0 120 40 180 69 61
4737 0 0 120 40 0 4737 0 0 120 60 0 45 40
4737 0 0 120 40 0 4737 0 0 120 60 90 57 50
4737 0 0 120 40 0 4737 0 0 120 60 180 69 61
4737 0 0 120 40 0 4737 0 30 0 0 0 75 60
4737 0 0 120 40 0 4737 0 30 0 0 90 68 57
4737 0 0 120 40 0 4737 0 30 0 0 180 55 46
4737 0 0 120 40 0 4737 0 30 0 20 0 73 59
4737 0 0 120 40 0 4737 0 30 0 20 90 63 54
4737 0 0 120 40 0 4737 0 30 0 20 180 56 45
4737 0 0 120 40 0 4737 0 30 0 40 0 69 57
4737 0 0 120 40 0 4737 0 30 0 40 90 57 50
4737 0 0 120 40 0 4737 0 30 0 40 180 58 45
4737 0 0 120 40 0 4737 0 30 0 60 0 64 53
4737 0 0 120 40 0 4737 0 30 0 60 90 52 46
4737 0 0 120 40 0 4737 0 30 0 60 180 59 47
4737 0 0 120 40 0 4737 0 30 60 0 0 64 57
4737 0 0 120 40 0 4737 0 30 60 0 90 52 50
4737 0 0 120 40 0 4737 0 30 60 0 180 59 55
4737 0 0 120 40 0 4737 0 30 60 20 0 58 53
4737 0 0 120 40 0 4737 0 30 60 20 90 48 46
4737 0 0 120 40 0 4737 0 30 60 20 180 62 56
4737 0 0 120 40 0 4737 0 30 60 40 0 53 49
4737 0 0 120 40 0 4737 0 30 60 40 90 45 42
4737 0 0 120 40 0 4737 0 30 60 40 180 65 59
4737 0 0 120 40 0 4737 0 30 60 60 0 47 44
4737 0 0 120 40 0 4737 0 30 60 60 90 44 42
4737 0 0 120 40 0 4737 0 30 60 60 180 67 61
4737 0 0 120 40 0 4737 0 30 120 0 0 47 44
4737 0 0 120 40 0 4737 0 30 120 0 90 43 44
4737 0 0 120 40 0 4737 0 30 120 0 180 67 63
4737 0 0 120 40 0 4737 0 30 120 20 0 41 41
4737 0 0 120 40 0 4737 0 30 120 20 90 46 45
4737 0 0 120 40 0 4737 0 30 120 20 180 68 63
4737 0 0 120 40 0 4737 0 30 120 40 0 39 41
4737 0 0 120 40 0 4737 0 30 120 40 90 51 47
4737 0 0 120 40 0 4737 0 30 120 40 180 69 63
4737 0 0 120 40 0 4737 0 30 120 60 0 44 43
4737 0 0 120 40 0 4737 0 30 120 60 90 56 52
4737 0 0 120 40 0 4737 0 30 120 60 180 68 63
4737 0 0 120 40 0 4737 0 60 0 0 0 70 62
4737 0 0 120 40 0 4737 0 60 0 0 90 65 58
4737 0 0 120 40 0 4737 0 60 0 0 180 55 47
4737 0 0 120 40 0 4737 0 60 0 20 0 68 60
4737 0 0 120 40 0 4737 0 60 0 20 90 60 54
4737 0 0 120 40 0 4737 0 60 0 20 180 56 47
4737 0 0 120 40 0 4737 0 60 0 40 0 65 57
4737 0 0 120 40 0 4737 0 60 0 40 90 55 51
4737 0 0 120 40 0 4737 0 60 0 40 180 57 47
4737 0 0 120 40 0 4737 0 60 0 60 0 61 54
4737 0 0 120 40 0 4737 0 60 0 60 90 50 48
4737 0 0 120 40 0 4737 0 60 0 60 180 57 48
4737 0 0 120 40 0 4737 0 60 60 0 0 62 63
4737 0 0 120 40 0 4737 0 60 60 0 90 51 57
4737 0 0 120 40 0 4737 0 60 60 0 180 55 64
4737 0 0 120 40 0 4737 0 60 60 20 0 56 60
4737 0 0 120 40 0 4737 0 60 60 20 90 47 54
4737 0 0 120 40 0 4737 0 60 60 20 180 58 66
4737 0 0 120 40 0 4737 0 60 60 40 0 51 58
4737 0 0 120 40 0 4737 0 60 60 40 90 44 54
4737 0 0 120 40 0 4737 0 60 60 40 180 60 68
4737 0 0 120 40 0 4737 0 60 60 60 0 45 56
4737 0 0 120 40 0 4737 0 60 60 60 90 43 54
4737 0 0 120 40 0 4737 0 60 60 60 180 63 70
4737 0 0 120 40 0 4737 0 60 120 0 0 44 54
4737 0 0 120 40 0 4737 0 60 120 0 90 41 55
4737 0 0 120 40 0 4737 0 60 120 0 180 62 70
4737 0 0 120 40 0 4737 0 60 120 20 0 40 53
4737 0 0 120 40 0 4737 0 60 120 20 90 43 56
4737 0 0 120 40 0 4737 0 60 120 20 180 64 71
4737 0 0 120 40 0 4737 0 60 120 40 0 39 54
4737 0 0 120 40 0 4737 0 60 120 40 90 47 59
4737 0 0 120 40 0 4737 0 60 120 40 180 65 72
4737 0 0 120 40 0 4737 0 60 120 60 0 42 55
4737 0 0 120 40 0 4737 0 60 120 60 90 52 61
4737 0 0 120 40 0 4737 0 60 120 60 180 64 72
4737 0 0 120 60 0 4737 0 0 0 0 0 76 65
4737 0 0 120 60 0 4737 0 0 0 0 90 61 55
4737 0 0 120 60 0 4737 0 0 0 0 180 46 41
4737 0 0 120 60 0 4737 0 0 0 20 0 74 64
4737 0 0 120 60 0 4737 0 0 0 20 90 56 50
4737 0 0 120 60 0 4737 0 0 0 20 180 47 42
4737 0 0 120 60 0 4737 0 0 0 40 0 71 62
4737 0 0 120 60 0 4737 0 0 0 40 90 50 45
4737 0 0 120 60 0 4737 0 0 0 40 180 51 45
4737 0 0 120 60 0 4737 0 0 0 60 0 68 60
4737 0 0 120 60 0 4737 0 0 0 60 90 47 42
4737 0 0 120 60 0 4737 0 0 0 60 180 56 51
4737 0 0 120 60 0 4737 0 0 60 0 0 68 60
4737 0 0 120 60 0 4737 0 0 60 0 90 47 42
4737 0 0 120 60 0 4737 0 0 60 0 180 56 51
4737 0 0 120 60 0 4737 0 0 60 20 0 64 57
4737 0 0 120 60 0 4737 0 0 60 20 90 46 41
4737 0 0 120 60 0 4737 0 0 60 20 180 62 55
4737 0 0 120 60 0 4737 0 0 60 40 0 59 53
4737 0 0 120 60 0 4737 0 0 60 40 90 47 42
4737 0 0 120 60 0 4737 0 0 60 40 180 66 59
4737 0 0 120 60 0 4737 0 0 60 60 0 53 47
4737 0 0 120 60 0 4737 0 0 60 60 90 49 44
4737 0 0 120 60 0 4737 0 0 60 60 180 70 61
4737 0 0 120 60 0 4737 0 0 120 0 0 53 47
4737 0 0 120 60 0 4737 0 0 120 0 90 49 44
4737 0 0 120 60 0 4737 0 0 120 0 180 70 61
4737 0 0 120 60 0 4737 0 0 120 20 0 49 43
4737 0 0 120 60 0 4737 0 0 120 20 90 53 48
4737 0 0 120 60 0 4737 0 0 120 20 180 73 64
4737 0 0 120 60 0 4737 0 0 120 40 0 47 41
4737 0 0 120 60 0 4737 0 0 120 40 90 59 53
4737 0 0 120 60 0 4737 0 0 120 40 180 75 65
4737 0 0 120 60 0 4737 0 0 120 60 0 46 41
4737 0 0 120 60 0 4737 0 0 120 60 90 64 57
4737 0 0 120 60 0 4737 0 0 120 60 180 76 65
4737 0 0 120 60 0 4737 0 30 0 0 0 75 59
4737 0 0 120 60 0 4737 0 30 0 0 90 61 49
4737 0 0 120 60 0 4737 0 30 0 0 180 46 40
4737 0 0 120 60 0 4737 0 30 0 20 0 74 57
4737 0 0 120 60 0 4737 0 30 0 20 90 56 46
4737 0 0 120 60 0 4737 0 30 0 20 180 47 41
4737 0 0 120 60 0 4737 0 30 0 40 0 71 55
4737 0 0 120 60 0 4737 0 30 0 40 90 50 42
4737 0 0 120 60 0 4737 0 30 0 40 180 50 43
4737 0 0 120 60 0 4737 0 30 0 60 0 68 53
4737 0 0 120 60 0 4737 0 30 0 60 90 47 40
4737 0 0 120 60 0 4737 0 30 0 60 180 55 45
4737 0 0 120 60 0 4737 0 30 60 0 0 68 53
4737 0 0 120 60 0 4737 0 30 60 0 90 47 43
4737 0 0 120 60 0 4737 0 30 60 0 180 55 47
4737 0 0 120 60 0 4737 0 30 60 20 0 64 50
4737 0 0 120 60 0 4737 0 30 60 20 90 46 40
4737 0 0 120 60 0 4737 0 30 60 20 180 61 50
4737 0 0 120 60 0 4737 0 30 60 40 0 58 46
4737 0 0 120 60 0 4737 0 30 60 40 90 46 39
4737 0 0 120 60 0 4737 0 30 60 40 180 65 53
4737 0 0 120 60 0 4737 0 30 60 60 0 53 42
4737 0 0 120 60 0 4737 0 30 60 60 90 49 41
4737 0 0 120 60 0 4737 0 30 60 60 180 69 55
4737 0 0 120 60 0 4737 0 30 120 0 0 53 46
4737 0 0 120 60 0 4737 0 30 120 0 90 48 43
4737 0 0 120 60 0 4737 0 30 120 0 180 69 58
4737 0 0 120 60 0 4737 0 30 120 20 0 48 43
4737 0 0 120 60 0 4737 0 30 120 20 90 52 45
4737 0 0 120 60 0 4737 0 30 120 20 180 72 59
4737 0 0 120 60 0 4737 0 30 120 40 0 46 40
4737 0 0 120 60 0 4737 0 30 120 40 90 58 47
4737 0 0 120 60 0 4737 0 30 120 40 180 74 60
4737 0 0 120 60 0 4737 0 30 120 60 0 46 40
4737 0 0 120 60 0 4737 0 30 120 60 90 63 50
4737 0 0 120 60 0 4737 0 30 120 60 180 75 60
4737 0 0 120 60 0 4737 0 60 0 0 0 70 60
4737 0 0 120 60 0 4737 0 60 0 0 90 60 50
4737 0 0 120 60 0 4737 0 60 0 0 180 45 45
4737 0 0 120 60 0 4737 0 60 0 20 0 70 58
4737 0 0 120 60 0 4737 0 60 0 20 90 54 48
4737 0 0 120 60 0 4737 0 60 0 20 180 47 45
4737 0 0 120 60 0 4737 0 60 0 40 0 68 56
4737 0 0 120 60 0 4737 0 60 0 40 90 49 46
4737 0 0 120 60 0 4737 0 60 0 40 180 49 47
4737 0 0 120 60 0 4737 0 60 0 60 0 64 54
4737 0 0 120 60 0 4737 0 60 0 60 90 46 45
4737 0 0 120 60 0 4737 0 60 0 60 180 53 49
4737 0 0 120 60 0 4737 0 60 60 0 0 66 53
4737 0 0 120 60 0 4737 0 60 60 0 90 45 46
4737 0 0 120 60 0 4737 0 60 60 0 180 53 50
4737 0 0 120 60 0 4737 0 60 60 20 0 62 51
4737 0 0 120 60 0 4737 0 60 60 20 90 45 45
4737 0 0 120 60 0 4737 0 60 60 20 180 58 52
4737 0 0 120 60 0 4737 0 60 60 40 0 56 48
4737 0 0 120 60 0 4737 0 60 60 40 90 46 44
4737 0 0 120 60 0 4737 0 60 60 40 180 62 55
4737 0 0 120 60 0 4737 0 60 60 60 0 52 46
4737 0 0 120 60 0 4737 0 60 60 60 90 48 45
4737 0 0 120 60 0 4737 0 60 60 60 180 65 57
4737 0 0 120 60 0 4737 0 60 120 0 0 51 48
4737 0 0 120 60 0 4737 0 60 120 0 90 47 47
4737 0 0 120 60 0 4737 0 60 120 0 180 65 60
4737 0 0 120 60 0 4737 0 60 120 20 0 46 46
4737 0 0 120 60 0 4737 0 60 120 20 90 51 49
4737 0 0 120 60 0 4737 0 60 120 20 180 67 62
4737 0 0 120 60 0 4737 0 60 120 40 0 44 45
4737 0 0 120 60 0 4737 0 60 120 40 90 55 51
4737 0 0 120 60 0 4737 0 60 120 40 180 68 63
4737 0 0 120 60 0 4737 0 60 120 60 0 45 45
4737 0 0 120 60 0 4737 0 60 120 60 90 59 53
4737 0 0 120 60 0 4737 0 60 120 60 180 69 62
4737 0 0 120 60 0 4737 0 0 0 0 0 76 64
4737 0 0 120 60 0 4737 0 0 0 0 90 68 60
4737 0 0 120 60 0 4737 0 0 0 0 180 50 45
4737 0 0 120 60 0 4737 0 0 0 20 0 76 64
4737 0 0 120 60 0 4737 0 0 0 20 90 62 56
4737 0 0 120 60 0 4737 0 0 0 20 180 51 46
4737 0 0 120 60 0 4737 0 0 0 40 0 73 64
4737 0 0 120 60 0 4737 0 0 0 40 90 56 51
4737 0 0 120 60 0 4737 0 0 0 40 180 53 47
4737 0 0 120 60 0 4737 0 0 0 60 0 69 61
4737 0 0 120 60 0 4737 0 0 0 60 90 51 46
4737 0 0 120 60 0 4737 0 0 0 60 180 56 50
4737 0 0 120 60 0 4737 0 0 60 0 0 69 61
4737 0 0 120 60 0 4737 0 0 60 0 90 51 46
4737 0 0 120 60 0 4737 0 0 60 0 180 56 50
4737 0 0 120 60 0 4737 0 0 60 20 0 64 57
4737 0 0 120 60 0 4737 0 0 60 20 90 48 43
4737 0 0 120 60 0 4737 0 0 60 20 180 61 53
4737 0 0 120 60 0 4737 0 0 60 40 0 59 53
4737 0 0 120 60 0 4737 0 0 60 40 90 46 41
4737 0 0 120 60 0 4737 0 0 60 40 180 65 57
4737 0 0 120 60 0 4737 0 0 60 60 0 53 47
4737 0 0 120 60 0 4737 0 0 60 60 90 45 40
4737 0 0 120 60 0 4737 0 0 60 60 180 68 59
4737 0 0 120 60 0 4737 0 0 120 0 0 53 47
4737 0 0 120 60 0 4737 0 0 120 0 90 45 40
4737 0 0 120 60 0 4737 0 0 120 0 180 68 59
4737 0 0 120 60 0 4737 0 0 120 20 0 47 42
4737 0 0 120 60 0 4737 0 0 120 20 90 47 42
4737 0 0 120 60 0 4737 0 0 120 20 180 71 62
4737 0 0 120 60 0 4737 0 0 120 40 0 43 38
4737 0 0 120 60 0 4737 0 0 120 40 90 53 47
4737 0 0 120 60 0 4737 0 0 120 40 180 73 64
4737 0 0 120 60 0 4737 0 0 120 60 0 42 37
4737 0 0 120 60 0 4737 0 0 120 60 90 58 51
4737 0 0 120 60 0 4737 0 0 120 60 180 73 64
4737 0 0 120 60 0 4737 0 30 0 0 0 75 60
4737 0 0 120 60 0 4737 0 30 0 0 90 68 55
4737 0 0 120 60 0 4737 0 30 0 0 180 50 44
4737 0 0 120 60 0 4737 0 30 0 20 0 75 59
4737 0 0 120 60 0 4737 0 30 0 20 90 62 51
4737 0 0 120 60 0 4737 0 30 0 20 180 51 43
4737 0 0 120 60 0 4737 0 30 0 40 0 73 57
4737 0 0 120 60 0 4737 0 30 0 40 90 56 48
4737 0 0 120 60 0 4737 0 30 0 40 180 53 43
4737 0 0 120 60 0 4737 0 30 0 60 0 69 54
4737 0 0 120 60 0 4737 0 30 0 60 90 51 44
4737 0 0 120 60 0 4737 0 30 0 60 180 56 45
4737 0 0 120 60 0 4737 0 30 60 0 0 69 58
4737 0 0 120 60 0 4737 0 30 60 0 90 51 48
4737 0 0 120 60 0 4737 0 30 60 0 180 55 50
4737 0 0 120 60 0 4737 0 30 60 20 0 64 54
4737 0 0 120 60 0 4737 0 30 60 20 90 48 44
4737 0 0 120 60 0 4737 0 30 60 20 180 60 52
4737 0 0 120 60 0 4737 0 30 60 40 0 58 50
4737 0 0 120 60 0 4737 0 30 60 40 90 46 41
4737 0 0 120 60 0 4737 0 30 60 40 180 64 54
4737 0 0 120 60 0 4737 0 30 60 60 0 53 46
4737 0 0 120 60 0 4737 0 30 60 60 90 45 41
4737 0 0 120 60 0 4737 0 30 60 60 180 67 57
4737 0 0 120 60 0 4737 0 30 120 0 0 53 47
4737 0 0 120 60 0 4737 0 30 120 0 90 45 43
4737 0 0 120 60 0 4737 0 30 120 0 180 67 60
4737 0 0 120 60 0 4737 0 30 120 20 0 47 43
4737 0 0 120 60 0 4737 0 30 120 20 90 46 44
4737 0 0 120 60 0 4737 0 30 120 20 180 69 62
4737 0 0 120 60 0 4737 0 30 120 40 0 42 40
4737 0 0 120 60 0 4737 0 30 120 40 90 52 46
4737 0 0 120 60 0 4737 0 30 120 40 180 72 63
4737 0 0 120 60 0 4737 0 30 120 60 0 42 40
4737 0 0 120 60 0 4737 0 30 120 60 90 57 49
4737 0 0 120 60 0 4737 0 30 120 60 180 72 63
4737 0 0 120 60 0 4737 0 60 0 0 0 71 61
4737 0 0 120 60 0 4737 0 60 0 0 90 65 55
4737 0 0 120 60 0 4737 0 60 0 0 180 49 46
4737 0 0 120 60 0 4737 0 60 0 20 0 71 60
4737 0 0 120 60 0 4737 0 60 0 20 90 60 52
4737 0 0 120 60 0 4737 0 60 0 20 180 50 46
4737 0 0 120 60 0 4737 0 60 0 40 0 69 58
4737 0 0 120 60 0 4737 0 60 0 40 90 54 49
4737 0 0 120 60 0 4737 0 60 0 40 180 53 47
4737 0 0 120 60 0 4737 0 60 0 60 0 65 55
4737 0 0 120 60 0 4737 0 60 0 60 90 49 47
4737 0 0 120 60 0 4737 0 60 0 60 180 55 48
4737 0 0 120 60 0 4737 0 60 60 0 0 67 60
4737 0 0 120 60 0 4737 0 60 60 0 90 50 53
4737 0 0 120 60 0 4737 0 60 60 0 180 53 56
4737 0 0 120 60 0 4737 0 60 60 20 0 62 57
4737 0 0 120 60 0 4737 0 60 60 20 90 46 50
4737 0 0 120 60 0 4737 0 60 60 20 180 57 58
4737 0 0 120 60 0 4737 0 60 60 40 0 56 54
4737 0 0 120 60 0 4737 0 60 60 40 90 45 49
4737 0 0 120 60 0 4737 0 60 60 40 180 60 60
4737 0 0 120 60 0 4737 0 60 60 60 0 51 52
4737 0 0 120 60 0 4737 0 60 60 60 90 45 49
4737 0 0 120 60 0 4737 0 60 60 60 180 63 62
4737 0 0 120 60 0 4737 0 60 120 0 0 51 51
4737 0 0 120 60 0 4737 0 60 120 0 90 43 50
4737 0 0 120 60 0 4737 0 60 120 0 180 63 65
4737 0 0 120 60 0 4737 0 60 120 20 0 45 50
4737 0 0 120 60 0 4737 0 60 120 20 90 45 51
4737 0 0 120 60 0 4737 0 60 120 20 180 65 67
4737 0 0 120 60 0 4737 0 60 120 40 0 41 48
4737 0 0 120 60 0 4737 0 60 120 40 90 49 53
4737 0 0 120 60 0 4737 0 60 120 40 180 66 68
4737 0 0 120 60 0 4737 0 60 120 60 0 41 48
4737 0 0 120 60 0 4737 0 60 120 60 90 53 56
4737 0 0 120 60 0 4737 0 60 120 60 180 68 67
4737 0 0 120 60 0 4737 0 0 0 0 0 76 63
4737 0 0 120 60 0 4737 0 0 0 0 90 73 63
4737 0 0 120 60 0 4737 0 0 0 0 180 55 49
4737 0 0 120 60 0 4737 0 0 0 20 0 76 63
4737 0 0 120 60 0 4737 0 0 0 20 90 68 62
4737 0 0 120 60 0 4737 0 0 0 20 180 55 49
4737 0 0 120 60 0 4737 0 0 0 40 0 74 63
4737 0 0 120 60 0 4737 0 0 0 40 90 62 56
4737 0 0 120 60 0 4737 0 0 0 40 180 56 50
4737 0 0 120 60 0 4737 0 0 0 60 0 69 61
4737 0 0 120 60 0 4737 0 0 0 60 90 57 51
4737 0 0 120 60 0 4737 0 0 0 60 180 58 50
4737 0 0 120 60 0 4737 0 0 60 0 0 69 61
4737 0 0 120 60 0 4737 0 0 60 0 90 57 51
4737 0 0 120 60 0 4737 0 0 60 0 180 58 50
4737 0 0 120 60 0 4737 0 0 60 20 0 64 57
4737 0 0 120 60 0 4737 0 0 60 20 90 52 46
4737 0 0 120 60 0 4737 0 0 60 20 180 60 51
4737 0 0 120 60 0 4737 0 0 60 40 0 58 52
4737 0 0 120 60 0 4737 0 0 60 40 90 48 43
4737 0 0 120 60 0 4737 0 0 60 40 180 63 54
4737 0 0 120 60 0 4737 0 0 60 60 0 53 47
4737 0 0 120 60 0 4737 0 0 60 60 90 45 40
4737 0 0 120 60 0 4737 0 0 60 60 180 66 57
4737 0 0 120 60 0 4737 0 0 120 0 0 53 47
4737 0 0 120 60 0 4737 0 0 120 0 90 45 40
4737 0 0 120 60 0 4737 0 0 120 0 180 66 57
4737 0 0 120 60 0 4737 0 0 120 20 0 47 42
4737 0 0 120 60 0 4737 0 0 120 20 90 44 38
4737 0 0 120 60 0 4737 0 0 120 20 180 68 60
4737 0 0 120 60 0 4737 0 0 120 40 0 42 36
4737 0 0 120 60 0 4737 0 0 120 40 90 47 41
4737 0 0 120 60 0 4737 0 0 120 40 180 69 61
4737 0 0 120 60 0 4737 0 0 120 60 0 39 34
4737 0 0 120 60 0 4737 0 0 120 60 90 52 46
4737 0 0 120 60 0 4737 0 0 120 60 180 69 62
4737 0 0 120 60 0 4737 0 30 0 0 0 75 60
4737 0 0 120 60 0 4737 0 30 0 0 90 73 59
4737 0 0 120 60 0 4737 0 30 0 0 180 55 48
4737 0 0 120 60 0 4737 0 30 0 20 0 75 60
4737 0 0 120 60 0 4737 0 30 0 20 90 68 57
4737 0 0 120 60 0 4737 0 30 0 20 180 55 46
4737 0 0 120 60 0 4737 0 30 0 40 0 73 59
4737 0 0 120 60 0 4737 0 30 0 40 90 62 54
4737 0 0 120 60 0 4737 0 30 0 40 180 56 45
4737 0 0 120 60 0 4737 0 30 0 60 0 69 57
4737 0 0 120 60 0 4737 0 30 0 60 90 57 50
4737 0 0 120 60 0 4737 0 30 0 60 180 58 45
4737 0 0 120 60 0 4737 0 30 60 0 0 69 62
4737 0 0 120 60 0 4737 0 30 60 0 90 57 55
4737 0 0 120 60 0 4737 0 30 60 0 180 57 54
4737 0 0 120 60 0 4737 0 30 60 20 0 64 58
4737 0 0 120 60 0 4737 0 30 60 20 90 52 50
4737 0 0 120 60 0 4737 0 30 60 20 180 59 55
4737 0 0 120 60 0 4737 0 30 60 40 0 58 53
4737 0 0 120 60 0 4737 0 30 60 40 90 48 46
4737 0 0 120 60 0 4737 0 30 60 40 180 62 57
4737 0 0 120 60 0 4737 0 30 60 60 0 52 49
4737 0 0 120 60 0 4737 0 30 60 60 90 45 43
4737 0 0 120 60 0 4737 0 30 60 60 180 65 59
4737 0 0 120 60 0 4737 0 30 120 0 0 52 49
4737 0 0 120 60 0 4737 0 30 120 0 90 44 45
4737 0 0 120 60 0 4737 0 30 120 0 180 65 62
4737 0 0 120 60 0 4737 0 30 120 20 0 47 44
4737 0 0 120 60 0 4737 0 30 120 20 90 42 44
4737 0 0 120 60 0 4737 0 30 120 20 180 67 63
4737 0 0 120 60 0 4737 0 30 120 40 0 41 42
4737 0 0 120 60 0 4737 0 30 120 40 90 45 45
4737 0 0 120 60 0 4737 0 30 120 40 180 68 64
4737 0 0 120 60 0 4737 0 30 120 60 0 39 42
4737 0 0 120 60 0 4737 0 30 120 60 90 51 48
4737 0 0 120 60 0 4737 0 30 120 60 180 68 64
4737 0 0 120 60 0 4737 0 60 0 0 0 70 62
4737 0 0 120 60 0 4737 0 60 0 0 90 68 60
4737 0 0 120 60 0 4737 0 60 0 0 180 54 49
4737 0 0 120 60 0 4737 0 60 0 20 0 70 62
4737 0 0 120 60 0 4737 0 60 0 20 90 64 58
4737 0 0 120 60 0 4737 0 60 0 20 180 55 47
4737 0 0 120 60 0 4737 0 60 0 40 0 68 60
4737 0 0 120 60 0 4737 0 60 0 40 90 60 54
4737 0 0 120 60 0 4737 0 60 0 40 180 56 47
4737 0 0 120 60 0 4737 0 60 0 60 0 64 58
4737 0 0 120 60 0 4737 0 60 0 60 90 55 51
4737 0 0 120 60 0 4737 0 60 0 60 180 56 47
4737 0 0 120 60 0 4737 0 60 60 0 0 66 67
4737 0 0 120 60 0 4737 0 60 60 0 90 55 61
4737 0 0 120 60 0 4737 0 60 60 0 180 53 62
4737 0 0 120 60 0 4737 0 60 60 20 0 61 64
4737 0 0 120 60 0 4737 0 60 60 20 90 51 57
4737 0 0 120 60 0 4737 0 60 60 20 180 55 64
4737 0 0 120 60 0 4737 0 60 60 40 0 56 61
4737 0 0 120 60 0 4737 0 60 60 40 90 47 55
4737 0 0 120 60 0 4737 0 60 60 40 180 57 67
4737 0 0 120 60 0 4737 0 60 60 60 0 50 58
4737 0 0 120 60 0 4737 0 60 60 60 90 44 54
4737 0 0 120 60 0 4737 0 60 60 60 180 60 69
4737 0 0 120 60 0 4737 0 60 120 0 0 50 56
4737 0 0 120 60 0 4737 0 60 120 0 90 42 55
4737 0 0 120 60 0 4737 0 60 120 0 180 60 69
4737 0 0 120 60 0 4737 0 60 120 20 0 44 55
4737 0 0 120 60 0 4737 0 60 120 20 90 41 56
4737 0 0 120 60 0 4737 0 60 120 20 180 62 71
4737 0 0 120 60 0 4737 0 60 120 40 0 40 54
4737 0 0 120 60 0 4737 0 60 120 40 90 43 57
4737 0 0 120 60 0 4737 0 60 120 40 180 64 72
4737 0 0 120 60 0 4737 0 60 120 60 0 40 54
4737 0 0 120 60 0 4737 0 60 120 60 90 47 59
4737 0 0 120 60 0 4737 0 60 120 60 180 65 72
