4737 0 0 120 0 0 4737 0 0 0 0 0 68 59 59
4737 0 0 120 0 0 4737 0 0 0 0 90 49 43 43
4737 0 0 120 0 0 4737 0 0 0 0 180 56 50 50
4737 0 0 120 0 0 4737 0 0 0 20 0 64 56 56
4737 0 0 120 0 0 4737 0 0 0 20 90 48 42 42
4737 0 0 120 0 0 4737 0 0 0 20 180 62 54 54
4737 0 0 120 0 0 4737 0 0 0 40 0 59 52 52
4737 0 0 120 0 0 4737 0 0 0 40 90 48 42 42
4737 0 0 120 0 0 4737 0 0 0 40 180 66 58 58
4737 0 0 120 0 0 4737 0 0 0 60 0 53 47 47
4737 0 0 120 0 0 4737 0 0 0 60 90 50 44 44
4737 0 0 120 0 0 4737 0 0 0 60 180 70 60 60
4737 0 0 120 0 0 4737 0 0 60 0 0 53 47 47
4737 0 0 120 0 0 4737 0 0 60 0 90 50 44 44
4737 0 0 120 0 0 4737 0 0 60 0 180 70 60 60
4737 0 0 120 0 0 4737 0 0 60 20 0 50 44 44
4737 0 0 120 0 0 4737 0 0 60 20 90 53 48 48
4737 0 0 120 0 0 4737 0 0 60 20 180 72 62 62
4737 0 0 120 0 0 4737 0 0 60 40 0 48 42 42
4737 0 0 120 0 0 4737 0 0 60 40 90 59 52 52
4737 0 0 120 0 0 4737 0 0 60 40 180 75 64 64
4737 0 0 120 0 0 4737 0 0 60 60 0 48 42 42
4737 0 0 120 0 0 4737 0 0 60 60 90 64 56 56
4737 0 0 120 0 0 4737 0 0 60 60 180 75 64 64
4737 0 0 120 0 0 4737 0 0 120 0 0 48 42 42
4737 0 0 120 0 0 4737 0 0 120 0 90 64 56 56
4737 0 0 120 0 0 4737 0 0 120 0 180 75 64 64
4737 0 0 120 0 0 4737 0 0 120 20 0 49 43 43
4737 0 0 120 0 0 4737 0 0 120 20 90 68 59 59
4737 0 0 120 0 0 4737 0 0 120 20 180 74 63 63
4737 0 0 120 0 0 4737 0 0 120 40 0 51 46 46
4737 0 0 120 0 0 4737 0 0 120 40 90 71 62 62
4737 0 0 120 0 0 4737 0 0 120 40 180 71 62 62
4737 0 0 120 0 0 4737 0 0 120 60 0 56 50 50
4737 0 0 120 0 0 4737 0 0 120 60 90 74 63 63
4737 0 0 120 0 0 4737 0 0 120 60 180 68 59 59
4737 0 0 120 0 0 4737 0 30 0 0 0 68 52 52
4737 0 0 120 0 0 4737 0 30 0 0 90 48 40 40
4737 0 0 120 0 0 4737 0 30 0 0 180 55 45 45
4737 0 0 120 0 0 4737 0 30 0 20 0 64 49 49
4737 0 0 120 0 0 4737 0 30 0 20 90 47 40 40
4737 0 0 120 0 0 4737 0 30 0 20 180 61 47 47
4737 0 0 120 0 0 4737 0 30 0 40 0 59 46 46
4737 0 0 120 0 0 4737 0 30 0 40 90 47 40 40
4737 0 0 120 0 0 4737 0 30 0 40 180 65 50 50
4737 0 0 120 0 0 4737 0 30 0 60 0 53 44 44
4737 0 0 120 0 0 4737 0 30 0 60 90 49 41 41
4737 0 0 120 0 0 4737 0 30 0 60 180 69 53 53
4737 0 0 120 0 0 4737 0 30 60 0 0 53 42 42
4737 0 0 120 0 0 4737 0 30 60 0 90 49 40 40
4737 0 0 120 0 0 4737 0 30 60 0 180 69 54 54
4737 0 0 120 0 0 4737 0 30 60 20 0 50 40 40
4737 0 0 120 0 0 4737 0 30 60 20 90 53 42 42
4737 0 0 120 0 0 4737 0 30 60 20 180 72 56 56
4737 0 0 120 0 0 4737 0 30 60 40 0 48 39 39
4737 0 0 120 0 0 4737 0 30 60 40 90 58 45 45
4737 0 0 120 0 0 4737 0 30 60 40 180 74 58 58
4737 0 0 120 0 0 4737 0 30 60 60 0 47 40 40
4737 0 0 120 0 0 4737 0 30 60 60 90 63 48 48
4737 0 0 120 0 0 4737 0 30 60 60 180 74 59 59
4737 0 0 120 0 0 4737 0 30 120 0 0 47 40 40
4737 0 0 120 0 0 4737 0 30 120 0 90 63 50 50
4737 0 0 120 0 0 4737 0 30 120 0 180 75 59 59
4737 0 0 120 0 0 4737 0 30 120 20 0 48 40 40
4737 0 0 120 0 0 4737 0 30 120 20 90 67 52 52
4737 0 0 120 0 0 4737 0 30 120 20 180 73 57 57
4737 0 0 120 0 0 4737 0 30 120 40 0 50 41 41
4737 0 0 120 0 0 4737 0 30 120 40 90 70 54 54
4737 0 0 120 0 0 4737 0 30 120 40 180 71 55 55
4737 0 0 120 0 0 4737 0 30 120 60 0 55 44 44
4737 0 0 120 0 0 4737 0 30 120 60 90 73 57 57
4737 0 0 120 0 0 4737 0 30 120 60 180 67 53 53
4737 0 0 120 0 0 4737 0 60 0 0 0 65 52 52
4737 0 0 120 0 0 4737 0 60 0 0 90 47 44 44
4737 0 0 120 0 0 4737 0 60 0 0 180 54 47 47
4737 0 0 120 0 0 4737 0 60 0 20 0 61 50 50
4737 0 0 120 0 0 4737 0 60 0 20 90 46 44 44
4737 0 0 120 0 0 4737 0 60 0 20 180 58 49 49
4737 0 0 120 0 0 4737 0 60 0 40 0 57 49 49
4737 0 0 120 0 0 4737 0 60 0 40 90 45 44 44
4737 0 0 120 0 0 4737 0 60 0 40 180 61 51 51
4737 0 0 120 0 0 4737 0 60 0 60 0 53 47 47
4737 0 0 120 0 0 4737 0 60 0 60 90 47 45 45
4737 0 0 120 0 0 4737 0 60 0 60 180 65 54 54
4737 0 0 120 0 0 4737 0 60 60 0 0 53 45 45
4737 0 0 120 0 0 4737 0 60 60 0 90 49 44 44
4737 0 0 120 0 0 4737 0 60 60 0 180 66 56 56
4737 0 0 120 0 0 4737 0 60 60 20 0 49 44 44
4737 0 0 120 0 0 4737 0 60 60 20 90 52 46 46
4737 0 0 120 0 0 4737 0 60 60 20 180 68 58 58
4737 0 0 120 0 0 4737 0 60 60 40 0 47 44 44
4737 0 0 120 0 0 4737 0 60 60 40 90 55 48 48
4737 0 0 120 0 0 4737 0 60 60 40 180 69 60 60
4737 0 0 120 0 0 4737 0 60 60 60 0 46 45 45
4737 0 0 120 0 0 4737 0 60 60 60 90 59 50 50
4737 0 0 120 0 0 4737 0 60 60 60 180 69 61 61
4737 0 0 120 0 0 4737 0 60 120 0 0 46 44 44
4737 0 0 120 0 0 4737 0 60 120 0 90 60 51 51
4737 0 0 120 0 0 4737 0 60 120 0 180 70 61 61
4737 0 0 120 0 0 4737 0 60 120 20 0 47 44 44
4737 0 0 120 0 0 4737 0 60 120 20 90 63 53 53
4737 0 0 120 0 0 4737 0 60 120 20 180 69 59 59
4737 0 0 120 0 0 4737 0 60 120 40 0 49 45 45
4737 0 0 120 0 0 4737 0 60 120 40 90 67 55 55
4737 0 0 120 0 0 4737 0 60 120 40 180 67 57 57
4737 0 0 120 0 0 4737 0 60 120 60 0 53 47 47
4737 0 0 120 0 0 4737 0 60 120 60 90 69 58 58
4737 0 0 120 0 0 4737 0 60 120 60 180 64 56 56
4737 0 0 120 0 0 4737 0 0 0 0 0 69 60 60
4737 0 0 120 0 0 4737 0 0 0 0 90 51 45 45
4737 0 0 120 0 0 4737 0 0 0 0 180 56 50 50
4737 0 0 120 0 0 4737 0 0 0 20 0 64 56 56
4737 0 0 120 0 0 4737 0 0 0 20 90 49 43 43
4737 0 0 120 0 0 4737 0 0 0 20 180 61 53 53
4737 0 0 120 0 0 4737 0 0 0 40 0 59 52 52
4737 0 0 120 0 0 4737 0 0 0 40 90 47 41 41
4737 0 0 120 0 0 4737 0 0 0 40 180 65 56 56
4737 0 0 120 0 0 4737 0 0 0 60 0 53 47 47
4737 0 0 120 0 0 4737 0 0 0 60 90 47 41 41
4737 0 0 120 0 0 4737 0 0 0 60 180 68 59 59
4737 0 0 120 0 0 4737 0 0 60 0 0 53 47 47
4737 0 0 120 0 0 4737 0 0 60 0 90 47 41 41
4737 0 0 120 0 0 4737 0 0 60 0 180 68 59 59
4737 0 0 120 0 0 4737 0 0 60 20 0 48 42 42
4737 0 0 120 0 0 4737 0 0 60 20 90 49 43 43
4737 0 0 120 0 0 4737 0 0 60 20 180 71 61 61
4737 0 0 120 0 0 4737 0 0 60 40 0 45 39 39
4737 0 0 120 0 0 4737 0 0 60 40 90 54 48 48
4737 0 0 120 0 0 4737 0 0 60 40 180 73 63 63
4737 0 0 120 0 0 4737 0 0 60 60 0 44 39 39
4737 0 0 120 0 0 4737 0 0 60 60 90 59 52 52
4737 0 0 120 0 0 4737 0 0 60 60 180 73 64 64
4737 0 0 120 0 0 4737 0 0 120 0 0 44 39 39
4737 0 0 120 0 0 4737 0 0 120 0 90 59 52 52
4737 0 0 120 0 0 4737 0 0 120 0 180 73 64 64
4737 0 0 120 0 0 4737 0 0 120 20 0 46 41 41
4737 0 0 120 0 0 4737 0 0 120 20 90 64 56 56
4737 0 0 120 0 0 4737 0 0 120 20 180 72 62 62
4737 0 0 120 0 0 4737 0 0 120 40 0 51 45 45
4737 0 0 120 0 0 4737 0 0 120 40 90 68 59 59
4737 0 0 120 0 0 4737 0 0 120 40 180 70 60 60
4737 0 0 120 0 0 4737 0 0 120 60 0 56 50 50
4737 0 0 120 0 0 4737 0 0 120 60 90 71 62 62
4737 0 0 120 0 0 4737 0 0 120 60 180 67 58 58
4737 0 0 120 0 0 4737 0 30 0 0 0 69 53 53
4737 0 0 120 0 0 4737 0 30 0 0 90 51 43 43
4737 0 0 120 0 0 4737 0 30 0 0 180 56 45 45
4737 0 0 120 0 0 4737 0 30 0 20 0 64 50 50
4737 0 0 120 0 0 4737 0 30 0 20 90 48 41 41
4737 0 0 120 0 0 4737 0 30 0 20 180 60 46 46
4737 0 0 120 0 0 4737 0 30 0 40 0 59 46 46
4737 0 0 120 0 0 4737 0 30 0 40 90 47 39 39
4737 0 0 120 0 0 4737 0 30 0 40 180 64 49 49
4737 0 0 120 0 0 4737 0 30 0 60 0 53 43 43
4737 0 0 120 0 0 4737 0 30 0 60 90 46 39 39
4737 0 0 120 0 0 4737 0 30 0 60 180 67 51 51
4737 0 0 120 0 0 4737 0 30 60 0 0 53 44 44
4737 0 0 120 0 0 4737 0 30 60 0 90 47 40 40
4737 0 0 120 0 0 4737 0 30 60 0 180 67 55 55
4737 0 0 120 0 0 4737 0 30 60 20 0 48 41 41
4737 0 0 120 0 0 4737 0 30 60 20 90 49 41 41
4737 0 0 120 0 0 4737 0 30 60 20 180 70 58 58
4737 0 0 120 0 0 4737 0 30 60 40 0 45 39 39
4737 0 0 120 0 0 4737 0 30 60 40 90 53 44 44
4737 0 0 120 0 0 4737 0 30 60 40 180 72 60 60
4737 0 0 120 0 0 4737 0 30 60 60 0 44 40 40
4737 0 0 120 0 0 4737 0 30 60 60 90 58 47 47
4737 0 0 120 0 0 4737 0 30 60 60 180 72 61 61
4737 0 0 120 0 0 4737 0 30 120 0 0 44 39 39
4737 0 0 120 0 0 4737 0 30 120 0 90 59 48 48
4737 0 0 120 0 0 4737 0 30 120 0 180 73 61 61
4737 0 0 120 0 0 4737 0 30 120 20 0 46 40 40
4737 0 0 120 0 0 4737 0 30 120 20 90 63 52 52
4737 0 0 120 0 0 4737 0 30 120 20 180 72 59 59
4737 0 0 120 0 0 4737 0 30 120 40 0 50 43 43
4737 0 0 120 0 0 4737 0 30 120 40 90 67 55 55
4737 0 0 120 0 0 4737 0 30 120 40 180 69 57 57
4737 0 0 120 0 0 4737 0 30 120 60 0 55 47 47
4737 0 0 120 0 0 4737 0 30 120 60 90 70 58 58
4737 0 0 120 0 0 4737 0 30 120 60 180 66 55 55
4737 0 0 120 0 0 4737 0 60 0 0 0 66 53 53
4737 0 0 120 0 0 4737 0 60 0 0 90 49 46 46
4737 0 0 120 0 0 4737 0 60 0 0 180 55 47 47
4737 0 0 120 0 0 4737 0 60 0 20 0 62 51 51
4737 0 0 120 0 0 4737 0 60 0 20 90 47 44 44
4737 0 0 120 0 0 4737 0 60 0 20 180 57 49 49
4737 0 0 120 0 0 4737 0 60 0 40 0 57 49 49
4737 0 0 120 0 0 4737 0 60 0 40 90 45 44 44
4737 0 0 120 0 0 4737 0 60 0 40 180 60 50 50
4737 0 0 120 0 0 4737 0 60 0 60 0 52 47 47
4737 0 0 120 0 0 4737 0 60 0 60 90 45 44 44
4737 0 0 120 0 0 4737 0 60 0 60 180 64 52 52
4737 0 0 120 0 0 4737 0 60 60 0 0 52 49 49
4737 0 0 120 0 0 4737 0 60 60 0 90 47 46 46
4737 0 0 120 0 0 4737 0 60 60 0 180 64 59 59
4737 0 0 120 0 0 4737 0 60 60 20 0 47 47 47
4737 0 0 120 0 0 4737 0 60 60 20 90 48 47 47
4737 0 0 120 0 0 4737 0 60 60 20 180 67 61 61
4737 0 0 120 0 0 4737 0 60 60 40 0 45 47 47
4737 0 0 120 0 0 4737 0 60 60 40 90 51 49 49
4737 0 0 120 0 0 4737 0 60 60 40 180 68 63 63
4737 0 0 120 0 0 4737 0 60 60 60 0 43 47 47
4737 0 0 120 0 0 4737 0 60 60 60 90 55 52 52
4737 0 0 120 0 0 4737 0 60 60 60 180 68 65 65
4737 0 0 120 0 0 4737 0 60 120 0 0 43 46 46
4737 0 0 120 0 0 4737 0 60 120 0 90 55 53 53
4737 0 0 120 0 0 4737 0 60 120 0 180 69 64 64
4737 0 0 120 0 0 4737 0 60 120 20 0 45 47 47
4737 0 0 120 0 0 4737 0 60 120 20 90 59 56 56
4737 0 0 120 0 0 4737 0 60 120 20 180 68 63 63
4737 0 0 120 0 0 4737 0 60 120 40 0 48 49 49
4737 0 0 120 0 0 4737 0 60 120 40 90 63 58 58
4737 0 0 120 0 0 4737 0 60 120 40 180 66 61 61
4737 0 0 120 0 0 4737 0 60 120 60 0 52 52 52
4737 0 0 120 0 0 4737 0 60 120 60 90 67 61 61
4737 0 0 120 0 0 4737 0 60 120 60 180 63 60 60
4737 0 0 120 0 0 4737 0 0 0 0 0 69 60 60
4737 0 0 120 0 0 4737 0 0 0 0 90 55 48 48
4737 0 0 120 0 0 4737 0 0 0 0 180 57 50 50
4737 0 0 120 0 0 4737 0 0 0 20 0 64 57 57
4737 0 0 120 0 0 4737 0 0 0 20 90 51 45 45
4737 0 0 120 0 0 4737 0 0 0 20 180 60 52 52
4737 0 0 120 0 0 4737 0 0 0 40 0 59 52 52
4737 0 0 120 0 0 4737 0 0 0 40 90 48 42 42
4737 0 0 120 0 0 4737 0 0 0 40 180 64 54 54
4737 0 0 120 0 0 4737 0 0 0 60 0 53 47 47
4737 0 0 120 0 0 4737 0 0 0 60 90 46 40 40
4737 0 0 120 0 0 4737 0 0 0 60 180 67 57 57
4737 0 0 120 0 0 4737 0 0 60 0 0 53 47 47
4737 0 0 120 0 0 4737 0 0 60 0 90 46 40 40
4737 0 0 120 0 0 4737 0 0 60 0 180 67 57 57
4737 0 0 120 0 0 4737 0 0 60 20 0 48 41 41
4737 0 0 120 0 0 4737 0 0 60 20 90 46 40 40
4737 0 0 120 0 0 4737 0 0 60 20 180 69 59 59
4737 0 0 120 0 0 4737 0 0 60 40 0 43 37 37
4737 0 0 120 0 0 4737 0 0 60 40 90 50 43 43
4737 0 0 120 0 0 4737 0 0 60 40 180 70 61 61
4737 0 0 120 0 0 4737 0 0 60 60 0 41 36 36
4737 0 0 120 0 0 4737 0 0 60 60 90 55 48 48
4737 0 0 120 0 0 4737 0 0 60 60 180 71 61 61
4737 0 0 120 0 0 4737 0 0 120 0 0 41 36 36
4737 0 0 120 0 0 4737 0 0 120 0 90 55 48 48
4737 0 0 120 0 0 4737 0 0 120 0 180 71 61 61
4737 0 0 120 0 0 4737 0 0 120 20 0 45 39 39
4737 0 0 120 0 0 4737 0 0 120 20 90 60 52 52
4737 0 0 120 0 0 4737 0 0 120 20 180 70 61 61
4737 0 0 120 0 0 4737 0 0 120 40 0 51 45 45
4737 0 0 120 0 0 4737 0 0 120 40 90 64 56 56
4737 0 0 120 0 0 4737 0 0 120 40 180 68 59 59
4737 0 0 120 0 0 4737 0 0 120 60 0 56 50 50
4737 0 0 120 0 0 4737 0 0 120 60 90 68 59 59
4737 0 0 120 0 0 4737 0 0 120 60 180 65 56 56
4737 0 0 120 0 0 4737 0 30 0 0 0 69 55 55
4737 0 0 120 0 0 4737 0 30 0 0 90 55 46 46
4737 0 0 120 0 0 4737 0 30 0 0 180 57 45 45
4737 0 0 120 0 0 4737 0 30 0 20 0 64 51 51
4737 0 0 120 0 0 4737 0 30 0 20 90 50 43 43
4737 0 0 120 0 0 4737 0 30 0 20 180 59 46 46
4737 0 0 120 0 0 4737 0 30 0 40 0 59 47 47
4737 0 0 120 0 0 4737 0 30 0 40 90 48 40 40
4737 0 0 120 0 0 4737 0 30 0 40 180 63 48 48
4737 0 0 120 0 0 4737 0 30 0 60 0 53 44 44
4737 0 0 120 0 0 4737 0 30 0 60 90 46 38 38
4737 0 0 120 0 0 4737 0 30 0 60 180 66 50 50
4737 0 0 120 0 0 4737 0 30 60 0 0 53 47 47
4737 0 0 120 0 0 4737 0 30 60 0 90 46 41 41
4737 0 0 120 0 0 4737 0 30 60 0 180 66 56 56
4737 0 0 120 0 0 4737 0 30 60 20 0 47 42 42
4737 0 0 120 0 0 4737 0 30 60 20 90 46 41 41
4737 0 0 120 0 0 4737 0 30 60 20 180 68 59 59
4737 0 0 120 0 0 4737 0 30 60 40 0 43 40 40
4737 0 0 120 0 0 4737 0 30 60 40 90 48 43 43
4737 0 0 120 0 0 4737 0 30 60 40 180 70 61 61
4737 0 0 120 0 0 4737 0 30 60 60 0 41 40 40
4737 0 0 120 0 0 4737 0 30 60 60 90 54 46 46
4737 0 0 120 0 0 4737 0 30 60 60 180 70 62 62
4737 0 0 120 0 0 4737 0 30 120 0 0 41 40 40
4737 0 0 120 0 0 4737 0 30 120 0 90 54 47 47
4737 0 0 120 0 0 4737 0 30 120 0 180 70 61 61
4737 0 0 120 0 0 4737 0 30 120 20 0 44 41 41
4737 0 0 120 0 0 4737 0 30 120 20 90 59 51 51
4737 0 0 120 0 0 4737 0 30 120 20 180 69 61 61
4737 0 0 120 0 0 4737 0 30 120 40 0 50 45 45
4737 0 0 120 0 0 4737 0 30 120 40 90 63 55 55
4737 0 0 120 0 0 4737 0 30 120 40 180 67 59 59
4737 0 0 120 0 0 4737 0 30 120 60 0 55 49 49
4737 0 0 120 0 0 4737 0 30 120 60 90 67 58 58
4737 0 0 120 0 0 4737 0 30 120 60 180 64 56 56
4737 0 0 120 0 0 4737 0 60 0 0 0 66 55 55
4737 0 0 120 0 0 4737 0 60 0 0 90 53 48 48
4737 0 0 120 0 0 4737 0 60 0 0 180 56 47 47
4737 0 0 120 0 0 4737 0 60 0 20 0 62 52 52
4737 0 0 120 0 0 4737 0 60 0 20 90 49 45 45
4737 0 0 120 0 0 4737 0 60 0 20 180 58 48 48
4737 0 0 120 0 0 4737 0 60 0 40 0 57 49 49
4737 0 0 120 0 0 4737 0 60 0 40 90 46 44 44
4737 0 0 120 0 0 4737 0 60 0 40 180 60 49 49
4737 0 0 120 0 0 4737 0 60 0 60 0 51 47 47
4737 0 0 120 0 0 4737 0 60 0 60 90 44 43 43
4737 0 0 120 0 0 4737 0 60 0 60 180 62 51 51
4737 0 0 120 0 0 4737 0 60 60 0 0 51 53 53
4737 0 0 120 0 0 4737 0 60 60 0 90 45 49 49
4737 0 0 120 0 0 4737 0 60 60 0 180 62 63 63
4737 0 0 120 0 0 4737 0 60 60 20 0 46 51 51
4737 0 0 120 0 0 4737 0 60 60 20 90 46 50 50
4737 0 0 120 0 0 4737 0 60 60 20 180 65 65 65
4737 0 0 120 0 0 4737 0 60 60 40 0 42 50 50
4737 0 0 120 0 0 4737 0 60 60 40 90 47 52 52
4737 0 0 120 0 0 4737 0 60 60 40 180 66 67 67
4737 0 0 120 0 0 4737 0 60 60 60 0 41 50 50
4737 0 0 120 0 0 4737 0 60 60 60 90 50 54 54
4737 0 0 120 0 0 4737 0 60 60 60 180 66 68 68
4737 0 0 120 0 0 4737 0 60 120 0 0 41 49 49
4737 0 0 120 0 0 4737 0 60 120 0 90 51 55 55
4737 0 0 120 0 0 4737 0 60 120 0 180 67 67 67
4737 0 0 120 0 0 4737 0 60 120 20 0 43 51 51
4737 0 0 120 0 0 4737 0 60 120 20 90 55 58 58
4737 0 0 120 0 0 4737 0 60 120 20 180 66 67 67
4737 0 0 120 0 0 4737 0 60 120 40 0 47 53 53
4737 0 0 120 0 0 4737 0 60 120 40 90 59 61 61
4737 0 0 120 0 0 4737 0 60 120 40 180 64 66 66
4737 0 0 120 0 0 4737 0 60 120 60 0 52 57 57
4737 0 0 120 0 0 4737 0 60 120 60 90 63 64 64
4737 0 0 120 0 0 4737 0 60 120 60 180 61 65 65
4737 0 0 120 0 0 4737 0 0 0 0 0 69 60 60
4737 0 0 120 0 0 4737 0 0 0 0 90 59 52 52
4737 0 0 120 0 0 4737 0 0 0 0 180 59 51 51
4737 0 0 120 0 0 4737 0 0 0 20 0 64 56 56
4737 0 0 120 0 0 4737 0 0 0 20 90 54 47 47
4737 0 0 120 0 0 4737 0 0 0 20 180 60 50 50
4737 0 0 120 0 0 4737 0 0 0 40 0 59 51 51
4737 0 0 120 0 0 4737 0 0 0 40 90 50 43 43
4737 0 0 120 0 0 4737 0 0 0 40 180 63 52 52
4737 0 0 120 0 0 4737 0 0 0 60 0 53 46 46
4737 0 0 120 0 0 4737 0 0 0 60 90 46 40 40
4737 0 0 120 0 0 4737 0 0 0 60 180 65 55 55
4737 0 0 120 0 0 4737 0 0 60 0 0 53 46 46
4737 0 0 120 0 0 4737 0 0 60 0 90 46 40 40
4737 0 0 120 0 0 4737 0 0 60 0 180 65 55 55
4737 0 0 120 0 0 4737 0 0 60 20 0 48 41 41
4737 0 0 120 0 0 4737 0 0 60 20 90 44 37 37
4737 0 0 120 0 0 4737 0 0 60 20 180 67 57 57
4737 0 0 120 0 0 4737 0 0 60 40 0 42 35 35
4737 0 0 120 0 0 4737 0 0 60 40 90 45 38 38
4737 0 0 120 0 0 4737 0 0 60 40 180 68 58 58
4737 0 0 120 0 0 4737 0 0 60 60 0 40 34 34
4737 0 0 120 0 0 4737 0 0 60 60 90 51 43 43
4737 0 0 120 0 0 4737 0 0 60 60 180 68 58 58
4737 0 0 120 0 0 4737 0 0 120 0 0 40 34 34
4737 0 0 120 0 0 4737 0 0 120 0 90 51 43 43
4737 0 0 120 0 0 4737 0 0 120 0 180 68 58 58
4737 0 0 120 0 0 4737 0 0 120 20 0 45 39 39
4737 0 0 120 0 0 4737 0 0 120 20 90 56 48 48
4737 0 0 120 0 0 4737 0 0 120 20 180 67 58 58
4737 0 0 120 0 0 4737 0 0 120 40 0 51 45 45
4737 0 0 120 0 0 4737 0 0 120 40 90 60 52 52
4737 0 0 120 0 0 4737 0 0 120 40 180 66 57 57
4737 0 0 120 0 0 4737 0 0 120 60 0 56 50 50
4737 0 0 120 0 0 4737 0 0 120 60 90 65 56 56
4737 0 0 120 0 0 4737 0 0 120 60 180 63 54 54
4737 0 0 120 0 0 4737 0 30 0 0 0 69 56 56
4737 0 0 120 0 0 4737 0 30 0 0 90 59 51 51
4737 0 0 120 0 0 4737 0 30 0 0 180 59 46 46
4737 0 0 120 0 0 4737 0 30 0 20 0 64 53 53
4737 0 0 120 0 0 4737 0 30 0 20 90 53 46 46
4737 0 0 120 0 0 4737 0 30 0 20 180 59 46 46
4737 0 0 120 0 0 4737 0 30 0 40 0 59 49 49
4737 0 0 120 0 0 4737 0 30 0 40 90 49 42 42
4737 0 0 120 0 0 4737 0 30 0 40 180 61 47 47
4737 0 0 120 0 0 4737 0 30 0 60 0 53 45 45
4737 0 0 120 0 0 4737 0 30 0 60 90 46 39 39
4737 0 0 120 0 0 4737 0 30 0 60 180 64 49 49
4737 0 0 120 0 0 4737 0 30 60 0 0 53 49 49
4737 0 0 120 0 0 4737 0 30 60 0 90 46 43 43
4737 0 0 120 0 0 4737 0 30 60 0 180 64 58 58
4737 0 0 120 0 0 4737 0 30 60 20 0 47 44 44
4737 0 0 120 0 0 4737 0 30 60 20 90 44 42 42
4737 0 0 120 0 0 4737 0 30 60 20 180 66 60 60
4737 0 0 120 0 0 4737 0 30 60 40 0 42 41 41
4737 0 0 120 0 0 4737 0 30 60 40 90 44 43 43
4737 0 0 120 0 0 4737 0 30 60 40 180 67 61 61
4737 0 0 120 0 0 4737 0 30 60 60 0 39 41 41
4737 0 0 120 0 0 4737 0 30 60 60 90 49 45 45
4737 0 0 120 0 0 4737 0 30 60 60 180 67 62 62
4737 0 0 120 0 0 4737 0 30 120 0 0 39 41 41
4737 0 0 120 0 0 4737 0 30 120 0 90 50 46 46
4737 0 0 120 0 0 4737 0 30 120 0 180 67 62 62
4737 0 0 120 0 0 4737 0 30 120 20 0 44 43 43
4737 0 0 120 0 0 4737 0 30 120 20 90 55 50 50
4737 0 0 120 0 0 4737 0 30 120 20 180 66 61 61
4737 0 0 120 0 0 4737 0 30 120 40 0 50 47 47
4737 0 0 120 0 0 4737 0 30 120 40 90 59 54 54
4737 0 0 120 0 0 4737 0 30 120 40 180 65 60 60
4737 0 0 120 0 0 4737 0 30 120 60 0 55 52 52
4737 0 0 120 0 0 4737 0 30 120 60 90 64 59 59
4737 0 0 120 0 0 4737 0 30 120 60 180 63 58 58
4737 0 0 120 0 0 4737 0 60 0 0 0 65 57 57
4737 0 0 120 0 0 4737 0 60 0 0 90 57 51 51
4737 0 0 120 0 0 4737 0 60 0 0 180 58 47 47
4737 0 0 120 0 0 4737 0 60 0 20 0 61 54 54
4737 0 0 120 0 0 4737 0 60 0 20 90 52 48 48
4737 0 0 120 0 0 4737 0 60 0 20 180 58 47 47
4737 0 0 120 0 0 4737 0 60 0 40 0 56 50 50
4737 0 0 120 0 0 4737 0 60 0 40 90 48 45 45
4737 0 0 120 0 0 4737 0 60 0 40 180 59 48 48
4737 0 0 120 0 0 4737 0 60 0 60 0 51 47 47
4737 0 0 120 0 0 4737 0 60 0 60 90 45 42 42
4737 0 0 120 0 0 4737 0 60 0 60 180 60 50 50
4737 0 0 120 0 0 4737 0 60 60 0 0 51 57 57
4737 0 0 120 0 0 4737 0 60 60 0 90 45 53 53
4737 0 0 120 0 0 4737 0 60 60 0 180 60 67 67
4737 0 0 120 0 0 4737 0 60 60 20 0 46 55 55
4737 0 0 120 0 0 4737 0 60 60 20 90 43 53 53
4737 0 0 120 0 0 4737 0 60 60 20 180 62 69 69
4737 0 0 120 0 0 4737 0 60 60 40 0 42 54 54
4737 0 0 120 0 0 4737 0 60 60 40 90 43 55 55
4737 0 0 120 0 0 4737 0 60 60 40 180 63 70 70
4737 0 0 120 0 0 4737 0 60 60 60 0 39 54 54
4737 0 0 120 0 0 4737 0 60 60 60 90 45 57 57
4737 0 0 120 0 0 4737 0 60 60 60 180 63 71 71
4737 0 0 120 0 0 4737 0 60 120 0 0 39 53 53
4737 0 0 120 0 0 4737 0 60 120 0 90 46 57 57
4737 0 0 120 0 0 4737 0 60 120 0 180 64 70 70
4737 0 0 120 0 0 4737 0 60 120 20 0 42 55 55
4737 0 0 120 0 0 4737 0 60 120 20 90 51 60 60
4737 0 0 120 0 0 4737 0 60 120 20 180 63 71 71
4737 0 0 120 0 0 4737 0 60 120 40 0 46 58 58
4737 0 0 120 0 0 4737 0 60 120 40 90 55 64 64
4737 0 0 120 0 0 4737 0 60 120 40 180 61 71 71
4737 0 0 120 0 0 4737 0 60 120 60 0 52 61 61
4737 0 0 120 0 0 4737 0 60 120 60 90 60 67 67
4737 0 0 120 0 0 4737 0 60 120 60 180 59 71 71
4737 0 0 120 20 0 4737 0 0 0 0 0 71 62 62
4737 0 0 120 20 0 4737 0 0 0 0 90 51 45 45
4737 0 0 120 20 0 4737 0 0 0 0 180 51 46 46
4737 0 0 120 20 0 4737 0 0 0 20 0 68 59 59
4737 0 0 120 20 0 4737 0 0 0 20 90 49 43 43
4737 0 0 120 20 0 4737 0 0 0 20 180 56 50 50
4737 0 0 120 20 0 4737 0 0 0 40 0 64 56 56
4737 0 0 120 20 0 4737 0 0 0 40 90 47 42 42
4737 0 0 120 20 0 4737 0 0 0 40 180 61 54 54
4737 0 0 120 20 0 4737 0 0 0 60 0 59 52 52
4737 0 0 120 20 0 4737 0 0 0 60 90 48 43 43
4737 0 0 120 20 0 4737 0 0 0 60 180 66 58 58
4737 0 0 120 20 0 4737 0 0 60 0 0 59 52 52
4737 0 0 120 20 0 4737 0 0 60 0 90 48 43 43
4737 0 0 120 20 0 4737 0 0 60 0 180 66 58 58
4737 0 0 120 20 0 4737 0 0 60 20 0 53 47 47
4737 0 0 120 20 0 4737 0 0 60 20 90 50 44 44
4737 0 0 120 20 0 4737 0 0 60 20 180 69 60 60
4737 0 0 120 20 0 4737 0 0 60 40 0 50 44 44
4737 0 0 120 20 0 4737 0 0 60 40 90 53 48 48
4737 0 0 120 20 0 4737 0 0 60 40 180 72 63 63
4737 0 0 120 20 0 4737 0 0 60 60 0 48 42 42
4737 0 0 120 20 0 4737 0 0 60 60 90 59 52 52
4737 0 0 120 20 0 4737 0 0 60 60 180 75 64 64
4737 0 0 120 20 0 4737 0 0 120 0 0 48 42 42
4737 0 0 120 20 0 4737 0 0 120 0 90 59 52 52
4737 0 0 120 20 0 4737 0 0 120 0 180 75 64 64
4737 0 0 120 20 0 4737 0 0 120 20 0 47 42 42
4737 0 0 120 20 0 4737 0 0 120 20 90 64 56 56
4737 0 0 120 20 0 4737 0 0 120 20 180 75 64 64
4737 0 0 120 20 0 4737 0 0 120 40 0 48 43 43
4737 0 0 120 20 0 4737 0 0 120 40 90 68 59 59
4737 0 0 120 20 0 4737 0 0 120 40 180 74 64 64
4737 0 0 120 20 0 4737 0 0 120 60 0 51 46 46
4737 0 0 120 20 0 4737 0 0 120 60 90 71 62 62
4737 0 0 120 20 0 4737 0 0 120 60 180 71 62 62
4737 0 0 120 20 0 4737 0 30 0 0 0 71 54 54
4737 0 0 120 20 0 4737 0 30 0 0 90 51 42 42
4737 0 0 120 20 0 4737 0 30 0 0 180 51 43 43
4737 0 0 120 20 0 4737 0 30 0 20 0 68 52 52
4737 0 0 120 20 0 4737 0 30 0 20 90 48 40 40
4737 0 0 120 20 0 4737 0 30 0 20 180 55 45 45
4737 0 0 120 20 0 4737 0 30 0 40 0 64 49 49
4737 0 0 120 20 0 4737 0 30 0 40 90 47 40 40
4737 0 0 120 20 0 4737 0 30 0 40 180 60 47 47
4737 0 0 120 20 0 4737 0 30 0 60 0 59 46 46
4737 0 0 120 20 0 4737 0 30 0 60 90 47 40 40
4737 0 0 120 20 0 4737 0 30 0 60 180 65 50 50
4737 0 0 120 20 0 4737 0 30 60 0 0 59 46 46
4737 0 0 120 20 0 4737 0 30 60 0 90 48 40 40
4737 0 0 120 20 0 4737 0 30 60 0 180 65 52 52
4737 0 0 120 20 0 4737 0 30 60 20 0 53 42 42
4737 0 0 120 20 0 4737 0 30 60 20 90 49 40 40
4737 0 0 120 20 0 4737 0 30 60 20 180 69 54 54
4737 0 0 120 20 0 4737 0 30 60 40 0 50 40 40
4737 0 0 120 20 0 4737 0 30 60 40 90 53 43 43
4737 0 0 120 20 0 4737 0 30 60 40 180 71 56 56
4737 0 0 120 20 0 4737 0 30 60 60 0 48 39 39
4737 0 0 120 20 0 4737 0 30 60 60 90 58 45 45
4737 0 0 120 20 0 4737 0 30 60 60 180 74 58 58
4737 0 0 120 20 0 4737 0 30 120 0 0 47 40 40
4737 0 0 120 20 0 4737 0 30 120 0 90 58 47 47
4737 0 0 120 20 0 4737 0 30 120 0 180 73 59 59
4737 0 0 120 20 0 4737 0 30 120 20 0 47 40 40
4737 0 0 120 20 0 4737 0 30 120 20 90 63 50 50
4737 0 0 120 20 0 4737 0 30 120 20 180 75 59 59
4737 0 0 120 20 0 4737 0 30 120 40 0 48 40 40
4737 0 0 120 20 0 4737 0 30 120 40 90 67 52 52
4737 0 0 120 20 0 4737 0 30 120 40 180 73 58 58
4737 0 0 120 20 0 4737 0 30 120 60 0 50 41 41
4737 0 0 120 20 0 4737 0 30 120 60 90 70 55 55
4737 0 0 120 20 0 4737 0 30 120 60 180 71 56 56
4737 0 0 120 20 0 4737 0 60 0 0 0 68 55 55
4737 0 0 120 20 0 4737 0 60 0 0 90 50 45 45
4737 0 0 120 20 0 4737 0 60 0 0 180 50 46 46
4737 0 0 120 20 0 4737 0 60 0 20 0 65 52 52
4737 0 0 120 20 0 4737 0 60 0 20 90 47 44 44
4737 0 0 120 20 0 4737 0 60 0 20 180 54 48 48
4737 0 0 120 20 0 4737 0 60 0 40 0 61 51 51
4737 0 0 120 20 0 4737 0 60 0 40 90 45 44 44
4737 0 0 120 20 0 4737 0 60 0 40 180 57 50 50
4737 0 0 120 20 0 4737 0 60 0 60 0 57 49 49
4737 0 0 120 20 0 4737 0 60 0 60 90 45 45 45
4737 0 0 120 20 0 4737 0 60 0 60 180 61 52 52
4737 0 0 120 20 0 4737 0 60 60 0 0 57 47 47
4737 0 0 120 20 0 4737 0 60 60 0 90 47 44 44
4737 0 0 120 20 0 4737 0 60 60 0 180 62 54 54
4737 0 0 120 20 0 4737 0 60 60 20 0 52 45 45
4737 0 0 120 20 0 4737 0 60 60 20 90 49 44 44
4737 0 0 120 20 0 4737 0 60 60 20 180 65 56 56
4737 0 0 120 20 0 4737 0 60 60 40 0 49 44 44
4737 0 0 120 20 0 4737 0 60 60 40 90 52 46 46
4737 0 0 120 20 0 4737 0 60 60 40 180 68 58 58
4737 0 0 120 20 0 4737 0 60 60 60 0 47 44 44
4737 0 0 120 20 0 4737 0 60 60 60 90 55 48 48
4737 0 0 120 20 0 4737 0 60 60 60 180 69 60 60
4737 0 0 120 20 0 4737 0 60 120 0 0 46 44 44
4737 0 0 120 20 0 4737 0 60 120 0 90 56 50 50
4737 0 0 120 20 0 4737 0 60 120 0 180 69 62 62
4737 0 0 120 20 0 4737 0 60 120 20 0 46 44 44
4737 0 0 120 20 0 4737 0 60 120 20 90 59 52 52
4737 0 0 120 20 0 4737 0 60 120 20 180 70 61 61
4737 0 0 120 20 0 4737 0 60 120 40 0 47 44 44
4737 0 0 120 20 0 4737 0 60 120 40 90 63 54 54
4737 0 0 120 20 0 4737 0 60 120 40 180 69 60 60
4737 0 0 120 20 0 4737 0 60 120 60 0 49 45 45
4737 0 0 120 20 0 4737 0 60 120 60 90 66 56 56
4737 0 0 120 20 0 4737 0 60 120 60 180 67 58 58
4737 0 0 120 20 0 4737 0 0 0 0 0 72 63 63
4737 0 0 120 20 0 4737 0 0 0 0 90 55 49 49
4737 0 0 120 20 0 4737 0 0 0 0 180 53 48 48
4737 0 0 120 20 0 4737 0 0 0 20 0 69 60 60
4737 0 0 120 20 0 4737 0 0 0 20 90 51 45 45
4737 0 0 120 20 0 4737 0 0 0 20 180 56 50 50
4737 0 0 120 20 0 4737 0 0 0 40 0 64 56 56
4737 0 0 120 20 0 4737 0 0 0 40 90 49 43 43
4737 0 0 120 20 0 4737 0 0 0 40 180 61 53 53
4737 0 0 120 20 0 4737 0 0 0 60 0 59 52 52
4737 0 0 120 20 0 4737 0 0 0 60 90 47 41 41
4737 0 0 120 20 0 4737 0 0 0 60 180 65 56 56
4737 0 0 120 20 0 4737 0 0 60 0 0 59 52 52
4737 0 0 120 20 0 4737 0 0 60 0 90 47 41 41
4737 0 0 120 20 0 4737 0 0 60 0 180 65 56 56
4737 0 0 120 20 0 4737 0 0 60 20 0 53 47 47
4737 0 0 120 20 0 4737 0 0 60 20 90 47 42 42
4737 0 0 120 20 0 4737 0 0 60 20 180 68 59 59
4737 0 0 120 20 0 4737 0 0 60 40 0 48 42 42
4737 0 0 120 20 0 4737 0 0 60 40 90 49 43 43
4737 0 0 120 20 0 4737 0 0 60 40 180 71 61 61
4737 0 0 120 20 0 4737 0 0 60 60 0 45 39 39
4737 0 0 120 20 0 4737 0 0 60 60 90 54 48 48
4737 0 0 120 20 0 4737 0 0 60 60 180 73 63 63
4737 0 0 120 20 0 4737 0 0 120 0 0 45 39 39
4737 0 0 120 20 0 4737 0 0 120 0 90 54 48 48
4737 0 0 120 20 0 4737 0 0 120 0 180 73 63 63
4737 0 0 120 20 0 4737 0 0 120 20 0 44 39 39
4737 0 0 120 20 0 4737 0 0 120 20 90 59 52 52
4737 0 0 120 20 0 4737 0 0 120 20 180 73 64 64
4737 0 0 120 20 0 4737 0 0 120 40 0 46 41 41
4737 0 0 120 20 0 4737 0 0 120 40 90 64 56 56
4737 0 0 120 20 0 4737 0 0 120 40 180 72 62 62
4737 0 0 120 20 0 4737 0 0 120 60 0 51 45 45
4737 0 0 120 20 0 4737 0 0 120 60 90 68 59 59
4737 0 0 120 20 0 4737 0 0 120 60 180 70 60 60
4737 0 0 120 20 0 4737 0 30 0 0 0 72 56 56
4737 0 0 120 20 0 4737 0 30 0 0 90 55 46 46
4737 0 0 120 20 0 4737 0 30 0 0 180 53 43 43
4737 0 0 120 20 0 4737 0 30 0 20 0 69 53 53
4737 0 0 120 20 0 4737 0 30 0 20 90 51 43 43
4737 0 0 120 20 0 4737 0 30 0 20 180 56 45 45
4737 0 0 120 20 0 4737 0 30 0 40 0 64 50 50
4737 0 0 120 20 0 4737 0 30 0 40 90 48 41 41
4737 0 0 120 20 0 4737 0 30 0 40 180 60 46 46
4737 0 0 120 20 0 4737 0 30 0 60 0 59 46 46
4737 0 0 120 20 0 4737 0 30 0 60 90 47 39 39
4737 0 0 120 20 0 4737 0 30 0 60 180 64 49 49
4737 0 0 120 20 0 4737 0 30 60 0 0 59 48 48
4737 0 0 120 20 0 4737 0 30 60 0 90 47 41 41
4737 0 0 120 20 0 4737 0 30 60 0 180 64 53 53
4737 0 0 120 20 0 4737 0 30 60 20 0 53 44 44
4737 0 0 120 20 0 4737 0 30 60 20 90 47 40 40
4737 0 0 120 20 0 4737 0 30 60 20 180 67 56 56
4737 0 0 120 20 0 4737 0 30 60 40 0 48 41 41
4737 0 0 120 20 0 4737 0 30 60 40 90 49 42 42
4737 0 0 120 20 0 4737 0 30 60 40 180 70 58 58
4737 0 0 120 20 0 4737 0 30 60 60 0 45 40 40
4737 0 0 120 20 0 4737 0 30 60 60 90 53 44 44
4737 0 0 120 20 0 4737 0 30 60 60 180 72 60 60
4737 0 0 120 20 0 4737 0 30 120 0 0 44 40 40
4737 0 0 120 20 0 4737 0 30 120 0 90 53 46 46
4737 0 0 120 20 0 4737 0 30 120 0 180 72 61 61
4737 0 0 120 20 0 4737 0 30 120 20 0 44 40 40
4737 0 0 120 20 0 4737 0 30 120 20 90 58 49 49
4737 0 0 120 20 0 4737 0 30 120 20 180 72 61 61
4737 0 0 120 20 0 4737 0 30 120 40 0 46 40 40
4737 0 0 120 20 0 4737 0 30 120 40 90 63 52 52
4737 0 0 120 20 0 4737 0 30 120 40 180 71 59 59
4737 0 0 120 20 0 4737 0 30 120 60 0 50 43 43
4737 0 0 120 20 0 4737 0 30 120 60 90 67 55 55
4737 0 0 120 20 0 4737 0 30 120 60 180 69 57 57
4737 0 0 120 20 0 4737 0 60 0 0 0 70 56 56
4737 0 0 120 20 0 4737 0 60 0 0 90 54 48 48
4737 0 0 120 20 0 4737 0 60 0 0 180 53 46 46
4737 0 0 120 20 0 4737 0 60 0 20 0 66 54 54
4737 0 0 120 20 0 4737 0 60 0 20 90 49 46 46
4737 0 0 120 20 0 4737 0 60 0 20 180 55 47 47
4737 0 0 120 20 0 4737 0 60 0 40 0 61 51 51
4737 0 0 120 20 0 4737 0 60 0 40 90 46 45 45
4737 0 0 120 20 0 4737 0 60 0 40 180 57 49 49
4737 0 0 120 20 0 4737 0 60 0 60 0 57 49 49
4737 0 0 120 20 0 4737 0 60 0 60 90 45 44 44
4737 0 0 120 20 0 4737 0 60 0 60 180 60 51 51
4737 0 0 120 20 0 4737 0 60 60 0 0 57 52 52
4737 0 0 120 20 0 4737 0 60 60 0 90 46 47 47
4737 0 0 120 20 0 4737 0 60 60 0 180 61 58 58
4737 0 0 120 20 0 4737 0 60 60 20 0 52 49 49
4737 0 0 120 20 0 4737 0 60 60 20 90 47 47 47
4737 0 0 120 20 0 4737 0 60 60 20 180 64 60 60
4737 0 0 120 20 0 4737 0 60 60 40 0 47 48 48
4737 0 0 120 20 0 4737 0 60 60 40 90 48 48 48
4737 0 0 120 20 0 4737 0 60 60 40 180 66 62 62
4737 0 0 120 20 0 4737 0 60 60 60 0 45 47 47
4737 0 0 120 20 0 4737 0 60 60 60 90 51 50 50
4737 0 0 120 20 0 4737 0 60 60 60 180 68 64 64
4737 0 0 120 20 0 4737 0 60 120 0 0 43 47 47
4737 0 0 120 20 0 4737 0 60 120 0 90 51 52 52
4737 0 0 120 20 0 4737 0 60 120 0 180 67 65 65
4737 0 0 120 20 0 4737 0 60 120 20 0 43 47 47
4737 0 0 120 20 0 4737 0 60 120 20 90 55 54 54
4737 0 0 120 20 0 4737 0 60 120 20 180 68 65 65
4737 0 0 120 20 0 4737 0 60 120 40 0 45 47 47
4737 0 0 120 20 0 4737 0 60 120 40 90 59 56 56
4737 0 0 120 20 0 4737 0 60 120 40 180 68 63 63
4737 0 0 120 20 0 4737 0 60 120 60 0 48 49 49
4737 0 0 120 20 0 4737 0 60 120 60 90 63 59 59
4737 0 0 120 20 0 4737 0 60 120 60 180 66 62 62
4737 0 0 120 20 0 4737 0 0 0 0 0 74 63 63
4737 0 0 120 20 0 4737 0 0 0 0 90 60 53 53
4737 0 0 120 20 0 4737 0 0 0 0 180 55 50 50
4737 0 0 120 20 0 4737 0 0 0 20 0 70 60 60
4737 0 0 120 20 0 4737 0 0 0 20 90 55 48 48
4737 0 0 120 20 0 4737 0 0 0 20 180 57 50 50
4737 0 0 120 20 0 4737 0 0 0 40 0 64 57 57
4737 0 0 120 20 0 4737 0 0 0 40 90 51 45 45
4737 0 0 120 20 0 4737 0 0 0 40 180 60 52 52
4737 0 0 120 20 0 4737 0 0 0 60 0 59 52 52
4737 0 0 120 20 0 4737 0 0 0 60 90 48 42 42
4737 0 0 120 20 0 4737 0 0 0 60 180 64 54 54
4737 0 0 120 20 0 4737 0 0 60 0 0 59 52 52
4737 0 0 120 20 0 4737 0 0 60 0 90 48 42 42
4737 0 0 120 20 0 4737 0 0 60 0 180 64 54 54
4737 0 0 120 20 0 4737 0 0 60 20 0 53 47 47
4737 0 0 120 20 0 4737 0 0 60 20 90 46 40 40
4737 0 0 120 20 0 4737 0 0 60 20 180 67 57 57
4737 0 0 120 20 0 4737 0 0 60 40 0 48 41 41
4737 0 0 120 20 0 4737 0 0 60 40 90 46 40 40
4737 0 0 120 20 0 4737 0 0 60 40 180 69 59 59
4737 0 0 120 20 0 4737 0 0 60 60 0 42 37 37
4737 0 0 120 20 0 4737 0 0 60 60 90 50 43 43
4737 0 0 120 20 0 4737 0 0 60 60 180 70 61 61
4737 0 0 120 20 0 4737 0 0 120 0 0 42 37 37
4737 0 0 120 20 0 4737 0 0 120 0 90 50 43 43
4737 0 0 120 20 0 4737 0 0 120 0 180 70 61 61
4737 0 0 120 20 0 4737 0 0 120 20 0 41 36 36
4737 0 0 120 20 0 4737 0 0 120 20 90 55 48 48
4737 0 0 120 20 0 4737 0 0 120 20 180 70 62 62
4737 0 0 120 20 0 4737 0 0 120 40 0 45 40 40
4737 0 0 120 20 0 4737 0 0 120 40 90 60 52 52
4737 0 0 120 20 0 4737 0 0 120 40 180 70 61 61
4737 0 0 120 20 0 4737 0 0 120 60 0 51 45 45
4737 0 0 120 20 0 4737 0 0 120 60 90 64 56 56
4737 0 0 120 20 0 4737 0 0 120 60 180 68 59 59
4737 0 0 120 20 0 4737 0 30 0 0 0 73 57 57
4737 0 0 120 20 0 4737 0 30 0 0 90 60 50 50
4737 0 0 120 20 0 4737 0 30 0 0 180 55 45 45
4737 0 0 120 20 0 4737 0 30 0 20 0 69 55 55
4737 0 0 120 20 0 4737 0 30 0 20 90 54 46 46
4737 0 0 120 20 0 4737 0 30 0 20 180 57 45 45
4737 0 0 120 20 0 4737 0 30 0 40 0 64 51 51
4737 0 0 120 20 0 4737 0 30 0 40 90 50 43 43
4737 0 0 120 20 0 4737 0 30 0 40 180 59 46 46
4737 0 0 120 20 0 4737 0 30 0 60 0 59 48 48
4737 0 0 120 20 0 4737 0 30 0 60 90 47 40 40
4737 0 0 120 20 0 4737 0 30 0 60 180 63 48 48
4737 0 0 120 20 0 4737 0 30 60 0 0 59 51 51
4737 0 0 120 20 0 4737 0 30 60 0 90 47 43 43
4737 0 0 120 20 0 4737 0 30 60 0 180 63 55 55
4737 0 0 120 20 0 4737 0 30 60 20 0 53 47 47
4737 0 0 120 20 0 4737 0 30 60 20 90 46 41 41
4737 0 0 120 20 0 4737 0 30 60 20 180 66 57 57
4737 0 0 120 20 0 4737 0 30 60 40 0 47 43 43
4737 0 0 120 20 0 4737 0 30 60 40 90 46 41 41
4737 0 0 120 20 0 4737 0 30 60 40 180 68 59 59
4737 0 0 120 20 0 4737 0 30 60 60 0 42 40 40
4737 0 0 120 20 0 4737 0 30 60 60 90 48 43 43
4737 0 0 120 20 0 4737 0 30 60 60 180 69 61 61
4737 0 0 120 20 0 4737 0 30 120 0 0 42 40 40
4737 0 0 120 20 0 4737 0 30 120 0 90 49 45 45
4737 0 0 120 20 0 4737 0 30 120 0 180 70 62 62
4737 0 0 120 20 0 4737 0 30 120 20 0 41 40 40
4737 0 0 120 20 0 4737 0 30 120 20 90 54 47 47
4737 0 0 120 20 0 4737 0 30 120 20 180 70 62 62
4737 0 0 120 20 0 4737 0 30 120 40 0 44 42 42
4737 0 0 120 20 0 4737 0 30 120 40 90 59 51 51
4737 0 0 120 20 0 4737 0 30 120 40 180 69 61 61
4737 0 0 120 20 0 4737 0 30 120 60 0 50 45 45
4737 0 0 120 20 0 4737 0 30 120 60 90 63 55 55
4737 0 0 120 20 0 4737 0 30 120 60 180 67 59 59
4737 0 0 120 20 0 4737 0 60 0 0 0 69 58 58
4737 0 0 120 20 0 4737 0 60 0 0 90 58 51 51
4737 0 0 120 20 0 4737 0 60 0 0 180 55 47 47
4737 0 0 120 20 0 4737 0 60 0 20 0 66 55 55
4737 0 0 120 20 0 4737 0 60 0 20 90 53 48 48
4737 0 0 120 20 0 4737 0 60 0 20 180 56 47 47
4737 0 0 120 20 0 4737 0 60 0 40 0 61 52 52
4737 0 0 120 20 0 4737 0 60 0 40 90 48 46 46
4737 0 0 120 20 0 4737 0 60 0 40 180 57 48 48
4737 0 0 120 20 0 4737 0 60 0 60 0 56 49 49
4737 0 0 120 20 0 4737 0 60 0 60 90 46 44 44
4737 0 0 120 20 0 4737 0 60 0 60 180 59 50 50
4737 0 0 120 20 0 4737 0 60 60 0 0 57 56 56
4737 0 0 120 20 0 4737 0 60 60 0 90 46 51 51
4737 0 0 120 20 0 4737 0 60 60 0 180 59 62 62
4737 0 0 120 20 0 4737 0 60 60 20 0 51 54 54
4737 0 0 120 20 0 4737 0 60 60 20 90 45 50 50
4737 0 0 120 20 0 4737 0 60 60 20 180 62 64 64
4737 0 0 120 20 0 4737 0 60 60 40 0 46 52 52
4737 0 0 120 20 0 4737 0 60 60 40 90 45 51 51
4737 0 0 120 20 0 4737 0 60 60 40 180 64 66 66
4737 0 0 120 20 0 4737 0 60 60 60 0 42 51 51
4737 0 0 120 20 0 4737 0 60 60 60 90 47 53 53
4737 0 0 120 20 0 4737 0 60 60 60 180 66 68 68
4737 0 0 120 20 0 4737 0 60 120 0 0 41 49 49
4737 0 0 120 20 0 4737 0 60 120 0 90 47 54 54
4737 0 0 120 20 0 4737 0 60 120 0 180 66 68 68
4737 0 0 120 20 0 4737 0 60 120 20 0 41 50 50
4737 0 0 120 20 0 4737 0 60 120 20 90 51 56 56
4737 0 0 120 20 0 4737 0 60 120 20 180 67 68 68
4737 0 0 120 20 0 4737 0 60 120 40 0 43 51 51
4737 0 0 120 20 0 4737 0 60 120 40 90 55 59 59
4737 0 0 120 20 0 4737 0 60 120 40 180 66 68 68
4737 0 0 120 20 0 4737 0 60 120 60 0 47 54 54
4737 0 0 120 20 0 4737 0 60 120 60 90 59 62 62
4737 0 0 120 20 0 4737 0 60 120 60 180 64 67 67
4737 0 0 120 20 0 4737 0 0 0 0 0 74 63 63
4737 0 0 120 20 0 4737 0 0 0 0 90 64 57 57
4737 0 0 120 20 0 4737 0 0 0 0 180 58 52 52
4737 0 0 120 20 0 4737 0 0 0 20 0 69 60 60
4737 0 0 120 20 0 4737 0 0 0 20 90 59 52 52
4737 0 0 120 20 0 4737 0 0 0 20 180 59 51 51
4737 0 0 120 20 0 4737 0 0 0 40 0 64 56 56
4737 0 0 120 20 0 4737 0 0 0 40 90 54 47 47
4737 0 0 120 20 0 4737 0 0 0 40 180 60 50 50
4737 0 0 120 20 0 4737 0 0 0 60 0 59 51 51
4737 0 0 120 20 0 4737 0 0 0 60 90 50 43 43
4737 0 0 120 20 0 4737 0 0 0 60 180 63 52 52
4737 0 0 120 20 0 4737 0 0 60 0 0 59 51 51
4737 0 0 120 20 0 4737 0 0 60 0 90 50 43 43
4737 0 0 120 20 0 4737 0 0 60 0 180 63 52 52
4737 0 0 120 20 0 4737 0 0 60 20 0 53 46 46
4737 0 0 120 20 0 4737 0 0 60 20 90 46 40 40
4737 0 0 120 20 0 4737 0 0 60 20 180 65 55 55
4737 0 0 120 20 0 4737 0 0 60 40 0 47 41 41
4737 0 0 120 20 0 4737 0 0 60 40 90 44 38 38
4737 0 0 120 20 0 4737 0 0 60 40 180 67 57 57
4737 0 0 120 20 0 4737 0 0 60 60 0 42 36 36
4737 0 0 120 20 0 4737 0 0 60 60 90 45 38 38
4737 0 0 120 20 0 4737 0 0 60 60 180 68 58 58
4737 0 0 120 20 0 4737 0 0 120 0 0 42 36 36
4737 0 0 120 20 0 4737 0 0 120 0 90 45 38 38
4737 0 0 120 20 0 4737 0 0 120 0 180 68 58 58
4737 0 0 120 20 0 4737 0 0 120 20 0 40 34 34
4737 0 0 120 20 0 4737 0 0 120 20 90 51 43 43
4737 0 0 120 20 0 4737 0 0 120 20 180 68 59 59
4737 0 0 120 20 0 4737 0 0 120 40 0 45 39 39
4737 0 0 120 20 0 4737 0 0 120 40 90 56 48 48
4737 0 0 120 20 0 4737 0 0 120 40 180 67 58 58
4737 0 0 120 20 0 4737 0 0 120 60 0 51 45 45
4737 0 0 120 20 0 4737 0 0 120 60 90 60 52 52
4737 0 0 120 20 0 4737 0 0 120 60 180 66 57 57
4737 0 0 120 20 0 4737 0 30 0 0 0 73 59 59
4737 0 0 120 20 0 4737 0 30 0 0 90 64 55 55
4737 0 0 120 20 0 4737 0 30 0 0 180 58 47 47
4737 0 0 120 20 0 4737 0 30 0 20 0 69 56 56
4737 0 0 120 20 0 4737 0 30 0 20 90 59 51 51
4737 0 0 120 20 0 4737 0 30 0 20 180 59 46 46
4737 0 0 120 20 0 4737 0 30 0 40 0 64 53 53
4737 0 0 120 20 0 4737 0 30 0 40 90 53 46 46
4737 0 0 120 20 0 4737 0 30 0 40 180 59 46 46
4737 0 0 120 20 0 4737 0 30 0 60 0 58 49 49
4737 0 0 120 20 0 4737 0 30 0 60 90 49 42 42
4737 0 0 120 20 0 4737 0 30 0 60 180 61 48 48
4737 0 0 120 20 0 4737 0 30 60 0 0 58 53 53
4737 0 0 120 20 0 4737 0 30 60 0 90 49 47 47
4737 0 0 120 20 0 4737 0 30 60 0 180 61 56 56
4737 0 0 120 20 0 4737 0 30 60 20 0 53 49 49
4737 0 0 120 20 0 4737 0 30 60 20 90 46 43 43
4737 0 0 120 20 0 4737 0 30 60 20 180 64 58 58
4737 0 0 120 20 0 4737 0 30 60 40 0 47 44 44
4737 0 0 120 20 0 4737 0 30 60 40 90 44 42 42
4737 0 0 120 20 0 4737 0 30 60 40 180 66 60 60
4737 0 0 120 20 0 4737 0 30 60 60 0 42 42 42
4737 0 0 120 20 0 4737 0 30 60 60 90 44 43 43
4737 0 0 120 20 0 4737 0 30 60 60 180 67 62 62
4737 0 0 120 20 0 4737 0 30 120 0 0 41 41 41
4737 0 0 120 20 0 4737 0 30 120 0 90 44 44 44
4737 0 0 120 20 0 4737 0 30 120 0 180 67 62 62
4737 0 0 120 20 0 4737 0 30 120 20 0 39 41 41
4737 0 0 120 20 0 4737 0 30 120 20 90 50 46 46
4737 0 0 120 20 0 4737 0 30 120 20 180 67 62 62
4737 0 0 120 20 0 4737 0 30 120 40 0 44 43 43
4737 0 0 120 20 0 4737 0 30 120 40 90 54 50 50
4737 0 0 120 20 0 4737 0 30 120 40 180 66 62 62
4737 0 0 120 20 0 4737 0 30 120 60 0 49 47 47
4737 0 0 120 20 0 4737 0 30 120 60 90 59 55 55
4737 0 0 120 20 0 4737 0 30 120 60 180 65 60 60
4737 0 0 120 20 0 4737 0 60 0 0 0 68 60 60
4737 0 0 120 20 0 4737 0 60 0 0 90 62 55 55
4737 0 0 120 20 0 4737 0 60 0 0 180 58 48 48
4737 0 0 120 20 0 4737 0 60 0 20 0 65 57 57
4737 0 0 120 20 0 4737 0 60 0 20 90 57 51 51
4737 0 0 120 20 0 4737 0 60 0 20 180 58 47 47
4737 0 0 120 20 0 4737 0 60 0 40 0 61 54 54
4737 0 0 120 20 0 4737 0 60 0 40 90 52 48 48
4737 0 0 120 20 0 4737 0 60 0 40 180 58 48 48
4737 0 0 120 20 0 4737 0 60 0 60 0 56 50 50
4737 0 0 120 20 0 4737 0 60 0 60 90 47 45 45
4737 0 0 120 20 0 4737 0 60 0 60 180 59 49 49
4737 0 0 120 20 0 4737 0 60 60 0 0 56 60 60
4737 0 0 120 20 0 4737 0 60 60 0 90 48 55 55
4737 0 0 120 20 0 4737 0 60 60 0 180 57 67 67
4737 0 0 120 20 0 4737 0 60 60 20 0 51 58 58
4737 0 0 120 20 0 4737 0 60 60 20 90 45 54 54
4737 0 0 120 20 0 4737 0 60 60 20 180 59 68 68
4737 0 0 120 20 0 4737 0 60 60 40 0 46 56 56
4737 0 0 120 20 0 4737 0 60 60 40 90 43 54 54
4737 0 0 120 20 0 4737 0 60 60 40 180 61 70 70
4737 0 0 120 20 0 4737 0 60 60 60 0 41 55 55
4737 0 0 120 20 0 4737 0 60 60 60 90 43 56 56
4737 0 0 120 20 0 4737 0 60 60 60 180 62 71 71
4737 0 0 120 20 0 4737 0 60 120 0 0 40 53 53
4737 0 0 120 20 0 4737 0 60 120 0 90 42 56 56
4737 0 0 120 20 0 4737 0 60 120 0 180 63 70 70
4737 0 0 120 20 0 4737 0 60 120 20 0 39 54 54
4737 0 0 120 20 0 4737 0 60 120 20 90 46 59 59
4737 0 0 120 20 0 4737 0 60 120 20 180 63 71 71
4737 0 0 120 20 0 4737 0 60 120 40 0 42 56 56
4737 0 0 120 20 0 4737 0 60 120 40 90 51 61 61
4737 0 0 120 20 0 4737 0 60 120 40 180 63 72 72
4737 0 0 120 20 0 4737 0 60 120 60 0 46 59 59
4737 0 0 120 20 0 4737 0 60 120 60 90 55 64 64
4737 0 0 120 20 0 4737 0 60 120 60 180 61 72 72
4737 0 0 120 40 0 4737 0 0 0 0 0 74 64 64
4737 0 0 120 40 0 4737 0 0 0 0 90 56 50 50
4737 0 0 120 40 0 4737 0 0 0 0 180 48 43 43
4737 0 0 120 40 0 4737 0 0 0 20 0 71 62 62
4737 0 0 120 40 0 4737 0 0 0 20 90 51 45 45
4737 0 0 120 40 0 4737 0 0 0 20 180 51 46 46
4737 0 0 120 40 0 4737 0 0 0 40 0 68 59 59
4737 0 0 120 40 0 4737 0 0 0 40 90 48 43 43
4737 0 0 120 40 0 4737 0 0 0 40 180 56 50 50
4737 0 0 120 40 0 4737 0 0 0 60 0 64 56 56
4737 0 0 120 40 0 4737 0 0 0 60 90 47 42 42
4737 0 0 120 40 0 4737 0 0 0 60 180 61 54 54
4737 0 0 120 40 0 4737 0 0 60 0 0 64 56 56
4737 0 0 120 40 0 4737 0 0 60 0 90 47 42 42
4737 0 0 120 40 0 4737 0 0 60 0 180 61 54 54
4737 0 0 120 40 0 4737 0 0 60 20 0 59 52 52
4737 0 0 120 40 0 4737 0 0 60 20 90 48 43 43
4737 0 0 120 40 0 4737 0 0 60 20 180 66 58 58
4737 0 0 120 40 0 4737 0 0 60 40 0 53 47 47
4737 0 0 120 40 0 4737 0 0 60 40 90 50 44 44
4737 0 0 120 40 0 4737 0 0 60 40 180 69 61 61
4737 0 0 120 40 0 4737 0 0 60 60 0 50 44 44
4737 0 0 120 40 0 4737 0 0 60 60 90 53 48 48
4737 0 0 120 40 0 4737 0 0 60 60 180 72 63 63
4737 0 0 120 40 0 4737 0 0 120 0 0 50 44 44
4737 0 0 120 40 0 4737 0 0 120 0 90 53 48 48
4737 0 0 120 40 0 4737 0 0 120 0 180 72 63 63
4737 0 0 120 40 0 4737 0 0 120 20 0 48 42 42
4737 0 0 120 40 0 4737 0 0 120 20 90 59 52 52
4737 0 0 120 40 0 4737 0 0 120 20 180 74 64 64
4737 0 0 120 40 0 4737 0 0 120 40 0 47 42 42
4737 0 0 120 40 0 4737 0 0 120 40 90 64 56 56
4737 0 0 120 40 0 4737 0 0 120 40 180 75 64 64
4737 0 0 120 40 0 4737 0 0 120 60 0 48 43 43
4737 0 0 120 40 0 4737 0 0 120 60 90 68 59 59
4737 0 0 120 40 0 4737 0 0 120 60 180 74 64 64
4737 0 0 120 40 0 4737 0 30 0 0 0 73 57 57
4737 0 0 120 40 0 4737 0 30 0 0 90 56 45 45
4737 0 0 120 40 0 4737 0 30 0 0 180 48 41 41
4737 0 0 120 40 0 4737 0 30 0 20 0 71 55 55
4737 0 0 120 40 0 4737 0 30 0 20 90 51 42 42
4737 0 0 120 40 0 4737 0 30 0 20 180 51 43 43
4737 0 0 120 40 0 4737 0 30 0 40 0 67 52 52
4737 0 0 120 40 0 4737 0 30 0 40 90 48 40 40
4737 0 0 120 40 0 4737 0 30 0 40 180 55 45 45
4737 0 0 120 40 0 4737 0 30 0 60 0 63 49 49
4737 0 0 120 40 0 4737 0 30 0 60 90 47 40 40
4737 0 0 120 40 0 4737 0 30 0 60 180 60 47 47
4737 0 0 120 40 0 4737 0 30 60 0 0 64 49 49
4737 0 0 120 40 0 4737 0 30 60 0 90 47 40 40
4737 0 0 120 40 0 4737 0 30 60 0 180 61 50 50
4737 0 0 120 40 0 4737 0 30 60 20 0 59 46 46
4737 0 0 120 40 0 4737 0 30 60 20 90 48 40 40
4737 0 0 120 40 0 4737 0 30 60 20 180 65 52 52
4737 0 0 120 40 0 4737 0 30 60 40 0 53 42 42
4737 0 0 120 40 0 4737 0 30 60 40 90 49 41 41
4737 0 0 120 40 0 4737 0 30 60 40 180 68 55 55
4737 0 0 120 40 0 4737 0 30 60 60 0 50 40 40
4737 0 0 120 40 0 4737 0 30 60 60 90 53 43 43
4737 0 0 120 40 0 4737 0 30 60 60 180 71 57 57
4737 0 0 120 40 0 4737 0 30 120 0 0 49 43 43
4737 0 0 120 40 0 4737 0 30 120 0 90 53 45 45
4737 0 0 120 40 0 4737 0 30 120 0 180 71 59 59
4737 0 0 120 40 0 4737 0 30 120 20 0 47 40 40
4737 0 0 120 40 0 4737 0 30 120 20 90 58 47 47
4737 0 0 120 40 0 4737 0 30 120 20 180 73 59 59
4737 0 0 120 40 0 4737 0 30 120 40 0 47 40 40
4737 0 0 120 40 0 4737 0 30 120 40 90 63 50 50
4737 0 0 120 40 0 4737 0 30 120 40 180 74 59 59
4737 0 0 120 40 0 4737 0 30 120 60 0 48 40 40
4737 0 0 120 40 0 4737 0 30 120 60 90 67 52 52
4737 0 0 120 40 0 4737 0 30 120 60 180 73 58 58
4737 0 0 120 40 0 4737 0 60 0 0 0 70 57 57
4737 0 0 120 40 0 4737 0 60 0 0 90 54 47 47
4737 0 0 120 40 0 4737 0 60 0 0 180 47 45 45
4737 0 0 120 40 0 4737 0 60 0 20 0 68 55 55
4737 0 0 120 40 0 4737 0 60 0 20 90 49 45 45
4737 0 0 120 40 0 4737 0 60 0 20 180 50 46 46
4737 0 0 120 40 0 4737 0 60 0 40 0 64 53 53
4737 0 0 120 40 0 4737 0 60 0 40 90 47 45 45
4737 0 0 120 40 0 4737 0 60 0 40 180 54 48 48
4737 0 0 120 40 0 4737 0 60 0 60 0 60 51 51
4737 0 0 120 40 0 4737 0 60 0 60 90 45 44 44
4737 0 0 120 40 0 4737 0 60 0 60 180 57 50 50
4737 0 0 120 40 0 4737 0 60 60 0 0 62 50 50
4737 0 0 120 40 0 4737 0 60 60 0 90 46 44 44
4737 0 0 120 40 0 4737 0 60 60 0 180 58 52 52
4737 0 0 120 40 0 4737 0 60 60 20 0 57 47 47
4737 0 0 120 40 0 4737 0 60 60 20 90 47 44 44
4737 0 0 120 40 0 4737 0 60 60 20 180 62 54 54
4737 0 0 120 40 0 4737 0 60 60 40 0 52 46 46
4737 0 0 120 40 0 4737 0 60 60 40 90 49 44 44
4737 0 0 120 40 0 4737 0 60 60 40 180 65 56 56
4737 0 0 120 40 0 4737 0 60 60 60 0 49 45 45
4737 0 0 120 40 0 4737 0 60 60 60 90 52 46 46
4737 0 0 120 40 0 4737 0 60 60 60 180 67 58 58
4737 0 0 120 40 0 4737 0 60 120 0 0 46 46 46
4737 0 0 120 40 0 4737 0 60 120 0 90 51 49 49
4737 0 0 120 40 0 4737 0 60 120 0 180 67 61 61
4737 0 0 120 40 0 4737 0 60 120 20 0 45 45 45
4737 0 0 120 40 0 4737 0 60 120 20 90 56 50 50
4737 0 0 120 40 0 4737 0 60 120 20 180 68 62 62
4737 0 0 120 40 0 4737 0 60 120 40 0 46 44 44
4737 0 0 120 40 0 4737 0 60 120 40 90 59 52 52
4737 0 0 120 40 0 4737 0 60 120 40 180 69 61 61
4737 0 0 120 40 0 4737 0 60 120 60 0 47 45 45
4737 0 0 120 40 0 4737 0 60 120 60 90 63 54 54
4737 0 0 120 40 0 4737 0 60 120 60 180 69 60 60
4737 0 0 120 40 0 4737 0 0 0 0 0 75 64 64
4737 0 0 120 40 0 4737 0 0 0 0 90 61 54 54
4737 0 0 120 40 0 4737 0 0 0 0 180 51 46 46
4737 0 0 120 40 0 4737 0 0 0 20 0 72 63 63
4737 0 0 120 40 0 4737 0 0 0 20 90 55 49 49
4737 0 0 120 40 0 4737 0 0 0 20 180 53 48 48
4737 0 0 120 40 0 4737 0 0 0 40 0 69 60 60
4737 0 0 120 40 0 4737 0 0 0 40 90 51 45 45
4737 0 0 120 40 0 4737 0 0 0 40 180 56 50 50
4737 0 0 120 40 0 4737 0 0 0 60 0 64 56 56
4737 0 0 120 40 0 4737 0 0 0 60 90 49 43 43
4737 0 0 120 40 0 4737 0 0 0 60 180 61 53 53
4737 0 0 120 40 0 4737 0 0 60 0 0 64 56 56
4737 0 0 120 40 0 4737 0 0 60 0 90 49 43 43
4737 0 0 120 40 0 4737 0 0 60 0 180 61 53 53
4737 0 0 120 40 0 4737 0 0 60 20 0 59 52 52
4737 0 0 120 40 0 4737 0 0 60 20 90 47 42 42
4737 0 0 120 40 0 4737 0 0 60 20 180 65 56 56
4737 0 0 120 40 0 4737 0 0 60 40 0 53 47 47
4737 0 0 120 40 0 4737 0 0 60 40 90 47 42 42
4737 0 0 120 40 0 4737 0 0 60 40 180 68 59 59
4737 0 0 120 40 0 4737 0 0 60 60 0 48 42 42
4737 0 0 120 40 0 4737 0 0 60 60 90 49 44 44
4737 0 0 120 40 0 4737 0 0 60 60 180 71 61 61
4737 0 0 120 40 0 4737 0 0 120 0 0 48 42 42
4737 0 0 120 40 0 4737 0 0 120 0 90 49 44 44
4737 0 0 120 40 0 4737 0 0 120 0 180 71 61 61
4737 0 0 120 40 0 4737 0 0 120 20 0 45 39 39
4737 0 0 120 40 0 4737 0 0 120 20 90 54 48 48
4737 0 0 120 40 0 4737 0 0 120 20 180 73 63 63
4737 0 0 120 40 0 4737 0 0 120 40 0 44 39 39
4737 0 0 120 40 0 4737 0 0 120 40 90 59 52 52
4737 0 0 120 40 0 4737 0 0 120 40 180 73 64 64
4737 0 0 120 40 0 4737 0 0 120 60 0 46 41 41
4737 0 0 120 40 0 4737 0 0 120 60 90 64 56 56
4737 0 0 120 40 0 4737 0 0 120 60 180 72 63 63
4737 0 0 120 40 0 4737 0 30 0 0 0 75 58 58
4737 0 0 120 40 0 4737 0 30 0 0 90 61 49 49
4737 0 0 120 40 0 4737 0 30 0 0 180 51 43 43
4737 0 0 120 40 0 4737 0 30 0 20 0 72 56 56
4737 0 0 120 40 0 4737 0 30 0 20 90 55 46 46
4737 0 0 120 40 0 4737 0 30 0 20 180 53 43 43
4737 0 0 120 40 0 4737 0 30 0 40 0 68 53 53
4737 0 0 120 40 0 4737 0 30 0 40 90 51 43 43
4737 0 0 120 40 0 4737 0 30 0 40 180 56 45 45
4737 0 0 120 40 0 4737 0 30 0 60 0 64 50 50
4737 0 0 120 40 0 4737 0 30 0 60 90 48 41 41
4737 0 0 120 40 0 4737 0 30 0 60 180 60 46 46
4737 0 0 120 40 0 4737 0 30 60 0 0 64 52 52
4737 0 0 120 40 0 4737 0 30 60 0 90 48 43 43
4737 0 0 120 40 0 4737 0 30 60 0 180 60 51 51
4737 0 0 120 40 0 4737 0 30 60 20 0 59 48 48
4737 0 0 120 40 0 4737 0 30 60 20 90 47 41 41
4737 0 0 120 40 0 4737 0 30 60 20 180 64 53 53
4737 0 0 120 40 0 4737 0 30 60 40 0 53 44 44
4737 0 0 120 40 0 4737 0 30 60 40 90 47 40 40
4737 0 0 120 40 0 4737 0 30 60 40 180 67 56 56
4737 0 0 120 40 0 4737 0 30 60 60 0 48 41 41
4737 0 0 120 40 0 4737 0 30 60 60 90 49 42 42
4737 0 0 120 40 0 4737 0 30 60 60 180 70 58 58
4737 0 0 120 40 0 4737 0 30 120 0 0 47 43 43
4737 0 0 120 40 0 4737 0 30 120 0 90 48 44 44
4737 0 0 120 40 0 4737 0 30 120 0 180 70 60 60
4737 0 0 120 40 0 4737 0 30 120 20 0 44 40 40
4737 0 0 120 40 0 4737 0 30 120 20 90 53 46 46
4737 0 0 120 40 0 4737 0 30 120 20 180 72 61 61
4737 0 0 120 40 0 4737 0 30 120 40 0 44 40 40
4737 0 0 120 40 0 4737 0 30 120 40 90 58 49 49
4737 0 0 120 40 0 4737 0 30 120 40 180 72 61 61
4737 0 0 120 40 0 4737 0 30 120 60 0 46 41 41
4737 0 0 120 40 0 4737 0 30 120 60 90 63 52 52
4737 0 0 120 40 0 4737 0 30 120 60 180 71 60 60
4737 0 0 120 40 0 4737 0 60 0 0 0 71 59 59
4737 0 0 120 40 0 4737 0 60 0 0 90 59 50 50
4737 0 0 120 40 0 4737 0 60 0 0 180 50 46 46
4737 0 0 120 40 0 4737 0 60 0 20 0 69 57 57
4737 0 0 120 40 0 4737 0 60 0 20 90 53 48 48
4737 0 0 120 40 0 4737 0 60 0 20 180 52 46 46
4737 0 0 120 40 0 4737 0 60 0 40 0 65 54 54
4737 0 0 120 40 0 4737 0 60 0 40 90 49 46 46
4737 0 0 120 40 0 4737 0 60 0 40 180 55 48 48
4737 0 0 120 40 0 4737 0 60 0 60 0 61 52 52
4737 0 0 120 40 0 4737 0 60 0 60 90 46 45 45
4737 0 0 120 40 0 4737 0 60 0 60 180 57 49 49
4737 0 0 120 40 0 4737 0 60 60 0 0 62 55 55
4737 0 0 120 40 0 4737 0 60 60 0 90 46 48 48
4737 0 0 120 40 0 4737 0 60 60 0 180 57 56 56
4737 0 0 120 40 0 4737 0 60 60 20 0 57 52 52
4737 0 0 120 40 0 4737 0 60 60 20 90 46 47 47
4737 0 0 120 40 0 4737 0 60 60 20 180 60 58 58
4737 0 0 120 40 0 4737 0 60 60 40 0 51 50 50
4737 0 0 120 40 0 4737 0 60 60 40 90 47 47 47
4737 0 0 120 40 0 4737 0 60 60 40 180 63 60 60
4737 0 0 120 40 0 4737 0 60 60 60 0 47 48 48
4737 0 0 120 40 0 4737 0 60 60 60 90 48 48 48
4737 0 0 120 40 0 4737 0 60 60 60 180 66 62 62
4737 0 0 120 40 0 4737 0 60 120 0 0 46 48 48
4737 0 0 120 40 0 4737 0 60 120 0 90 47 50 50
4737 0 0 120 40 0 4737 0 60 120 0 180 65 65 65
4737 0 0 120 40 0 4737 0 60 120 20 0 43 47 47
4737 0 0 120 40 0 4737 0 60 120 20 90 51 52 52
4737 0 0 120 40 0 4737 0 60 120 20 180 67 66 66
4737 0 0 120 40 0 4737 0 60 120 40 0 43 47 47
4737 0 0 120 40 0 4737 0 60 120 40 90 55 54 54
4737 0 0 120 40 0 4737 0 60 120 40 180 68 65 65
4737 0 0 120 40 0 4737 0 60 120 60 0 45 48 48
4737 0 0 120 40 0 4737 0 60 120 60 90 59 57 57
4737 0 0 120 40 0 4737 0 60 120 60 180 68 64 64
4737 0 0 120 40 0 4737 0 0 0 0 0 76 64 64
4737 0 0 120 40 0 4737 0 0 0 0 90 65 59 59
4737 0 0 120 40 0 4737 0 0 0 0 180 54 49 49
4737 0 0 120 40 0 4737 0 0 0 20 0 74 63 63
4737 0 0 120 40 0 4737 0 0 0 20 90 60 53 53
4737 0 0 120 40 0 4737 0 0 0 20 180 55 50 50
4737 0 0 120 40 0 4737 0 0 0 40 0 69 61 61
4737 0 0 120 40 0 4737 0 0 0 40 90 55 49 49
4737 0 0 120 40 0 4737 0 0 0 40 180 57 50 50
4737 0 0 120 40 0 4737 0 0 0 60 0 64 57 57
4737 0 0 120 40 0 4737 0 0 0 60 90 51 45 45
4737 0 0 120 40 0 4737 0 0 0 60 180 60 52 52
4737 0 0 120 40 0 4737 0 0 60 0 0 64 57 57
4737 0 0 120 40 0 4737 0 0 60 0 90 51 45 45
4737 0 0 120 40 0 4737 0 0 60 0 180 60 52 52
4737 0 0 120 40 0 4737 0 0 60 20 0 59 52 52
4737 0 0 120 40 0 4737 0 0 60 20 90 48 42 42
4737 0 0 120 40 0 4737 0 0 60 20 180 64 55 55
4737 0 0 120 40 0 4737 0 0 60 40 0 53 47 47
4737 0 0 120 40 0 4737 0 0 60 40 90 46 40 40
4737 0 0 120 40 0 4737 0 0 60 40 180 67 57 57
4737 0 0 120 40 0 4737 0 0 60 60 0 47 42 42
4737 0 0 120 40 0 4737 0 0 60 60 90 46 40 40
4737 0 0 120 40 0 4737 0 0 60 60 180 69 60 60
4737 0 0 120 40 0 4737 0 0 120 0 0 47 42 42
4737 0 0 120 40 0 4737 0 0 120 0 90 46 40 40
4737 0 0 120 40 0 4737 0 0 120 0 180 69 60 60
4737 0 0 120 40 0 4737 0 0 120 20 0 42 37 37
4737 0 0 120 40 0 4737 0 0 120 20 90 50 43 43
4737 0 0 120 40 0 4737 0 0 120 20 180 70 62 62
4737 0 0 120 40 0 4737 0 0 120 40 0 41 36 36
4737 0 0 120 40 0 4737 0 0 120 40 90 55 48 48
4737 0 0 120 40 0 4737 0 0 120 40 180 70 62 62
4737 0 0 120 40 0 4737 0 0 120 60 0 45 40 40
4737 0 0 120 40 0 4737 0 0 120 60 90 60 52 52
4737 0 0 120 40 0 4737 0 0 120 60 180 70 61 61
4737 0 0 120 40 0 4737 0 30 0 0 0 75 59 59
4737 0 0 120 40 0 4737 0 30 0 0 90 65 54 54
4737 0 0 120 40 0 4737 0 30 0 0 180 54 45 45
4737 0 0 120 40 0 4737 0 30 0 20 0 73 58 58
4737 0 0 120 40 0 4737 0 30 0 20 90 60 50 50
4737 0 0 120 40 0 4737 0 30 0 20 180 55 44 44
4737 0 0 120 40 0 4737 0 30 0 40 0 69 55 55
4737 0 0 120 40 0 4737 0 30 0 40 90 54 47 47
4737 0 0 120 40 0 4737 0 30 0 40 180 57 45 45
4737 0 0 120 40 0 4737 0 30 0 60 0 64 51 51
4737 0 0 120 40 0 4737 0 30 0 60 90 50 43 43
4737 0 0 120 40 0 4737 0 30 0 60 180 59 46 46
4737 0 0 120 40 0 4737 0 30 60 0 0 64 55 55
4737 0 0 120 40 0 4737 0 30 60 0 90 50 47 47
4737 0 0 120 40 0 4737 0 30 60 0 180 59 53 53
4737 0 0 120 40 0 4737 0 30 60 20 0 58 51 51
4737 0 0 120 40 0 4737 0 30 60 20 90 47 43 43
4737 0 0 120 40 0 4737 0 30 60 20 180 62 55 55
4737 0 0 120 40 0 4737 0 30 60 40 0 53 47 47
4737 0 0 120 40 0 4737 0 30 60 40 90 46 41 41
4737 0 0 120 40 0 4737 0 30 60 40 180 65 57 57
4737 0 0 120 40 0 4737 0 30 60 60 0 47 43 43
4737 0 0 120 40 0 4737 0 30 60 60 90 45 42 42
4737 0 0 120 40 0 4737 0 30 60 60 180 68 60 60
4737 0 0 120 40 0 4737 0 30 120 0 0 47 43 43
4737 0 0 120 40 0 4737 0 30 120 0 90 45 44 44
4737 0 0 120 40 0 4737 0 30 120 0 180 68 61 61
4737 0 0 120 40 0 4737 0 30 120 20 0 42 40 40
4737 0 0 120 40 0 4737 0 30 120 20 90 48 45 45
4737 0 0 120 40 0 4737 0 30 120 20 180 69 62 62
4737 0 0 120 40 0 4737 0 30 120 40 0 41 40 40
4737 0 0 120 40 0 4737 0 30 120 40 90 54 48 48
4737 0 0 120 40 0 4737 0 30 120 40 180 70 62 62
4737 0 0 120 40 0 4737 0 30 120 60 0 44 42 42
4737 0 0 120 40 0 4737 0 30 120 60 90 58 51 51
4737 0 0 120 40 0 4737 0 30 120 60 180 69 61 61
4737 0 0 120 40 0 4737 0 60 0 0 0 71 60 60
4737 0 0 120 40 0 4737 0 60 0 0 90 63 54 54
4737 0 0 120 40 0 4737 0 60 0 0 180 54 47 47
4737 0 0 120 40 0 4737 0 60 0 20 0 69 58 58
4737 0 0 120 40 0 4737 0 60 0 20 90 58 51 51
4737 0 0 120 40 0 4737 0 60 0 20 180 55 47 47
4737 0 0 120 40 0 4737 0 60 0 40 0 65 56 56
4737 0 0 120 40 0 4737 0 60 0 40 90 53 48 48
4737 0 0 120 40 0 4737 0 60 0 40 180 56 47 47
4737 0 0 120 40 0 4737 0 60 0 60 0 61 53 53
4737 0 0 120 40 0 4737 0 60 0 60 90 48 46 46
4737 0 0 120 40 0 4737 0 60 0 60 180 57 49 49
4737 0 0 120 40 0 4737 0 60 60 0 0 62 59 59
4737 0 0 120 40 0 4737 0 60 60 0 90 49 53 53
4737 0 0 120 40 0 4737 0 60 60 0 180 56 61 61
4737 0 0 120 40 0 4737 0 60 60 20 0 56 56 56
4737 0 0 120 40 0 4737 0 60 60 20 90 46 51 51
4737 0 0 120 40 0 4737 0 60 60 20 180 59 63 63
4737 0 0 120 40 0 4737 0 60 60 40 0 51 54 54
4737 0 0 120 40 0 4737 0 60 60 40 90 45 50 50
4737 0 0 120 40 0 4737 0 60 60 40 180 62 65 65
4737 0 0 120 40 0 4737 0 60 60 60 0 46 53 53
4737 0 0 120 40 0 4737 0 60 60 60 90 45 51 51
4737 0 0 120 40 0 4737 0 60 60 60 180 64 67 67
4737 0 0 120 40 0 4737 0 60 120 0 0 45 51 51
4737 0 0 120 40 0 4737 0 60 120 0 90 43 53 53
4737 0 0 120 40 0 4737 0 60 120 0 180 63 68 68
4737 0 0 120 40 0 4737 0 60 120 20 0 41 50 50
4737 0 0 120 40 0 4737 0 60 120 20 90 46 54 54
4737 0 0 120 40 0 4737 0 60 120 20 180 65 68 68
4737 0 0 120 40 0 4737 0 60 120 40 0 41 50 50
4737 0 0 120 40 0 4737 0 60 120 40 90 50 57 57
4737 0 0 120 40 0 4737 0 60 120 40 180 66 68 68
4737 0 0 120 40 0 4737 0 60 120 60 0 43 52 52
4737 0 0 120 40 0 4737 0 60 120 60 90 55 59 59
4737 0 0 120 40 0 4737 0 60 120 60 180 65 68 68
4737 0 0 120 40 0 4737 0 0 0 0 0 76 63 63
4737 0 0 120 40 0 4737 0 0 0 0 90 70 62 62
4737 0 0 120 40 0 4737 0 0 0 0 180 57 52 52
4737 0 0 120 40 0 4737 0 0 0 20 0 74 63 63
4737 0 0 120 40 0 4737 0 0 0 20 90 64 57 57
4737 0 0 120 40 0 4737 0 0 0 20 180 58 51 51
4737 0 0 120 40 0 4737 0 0 0 40 0 69 60 60
4737 0 0 120 40 0 4737 0 0 0 40 90 58 52 52
4737 0 0 120 40 0 4737 0 0 0 40 180 59 51 51
4737 0 0 120 40 0 4737 0 0 0 60 0 64 56 56
4737 0 0 120 40 0 4737 0 0 0 60 90 54 47 47
4737 0 0 120 40 0 4737 0 0 0 60 180 60 50 50
4737 0 0 120 40 0 4737 0 0 60 0 0 64 56 56
4737 0 0 120 40 0 4737 0 0 60 0 90 54 47 47
4737 0 0 120 40 0 4737 0 0 60 0 180 60 50 50
4737 0 0 120 40 0 4737 0 0 60 20 0 59 51 51
4737 0 0 120 40 0 4737 0 0 60 20 90 50 43 43
4737 0 0 120 40 0 4737 0 0 60 20 180 62 53 53
4737 0 0 120 40 0 4737 0 0 60 40 0 53 46 46
4737 0 0 120 40 0 4737 0 0 60 40 90 46 40 40
4737 0 0 120 40 0 4737 0 0 60 40 180 65 55 55
4737 0 0 120 40 0 4737 0 0 60 60 0 47 41 41
4737 0 0 120 40 0 4737 0 0 60 60 90 44 38 38
4737 0 0 120 40 0 4737 0 0 60 60 180 67 58 58
4737 0 0 120 40 0 4737 0 0 120 0 0 47 41 41
4737 0 0 120 40 0 4737 0 0 120 0 90 44 38 38
4737 0 0 120 40 0 4737 0 0 120 0 180 67 58 58
4737 0 0 120 40 0 4737 0 0 120 20 0 42 36 36
4737 0 0 120 40 0 4737 0 0 120 20 90 45 39 39
4737 0 0 120 40 0 4737 0 0 120 20 180 67 59 59
4737 0 0 120 40 0 4737 0 0 120 40 0 40 34 34
4737 0 0 120 40 0 4737 0 0 120 40 90 51 43 43
4737 0 0 120 40 0 4737 0 0 120 40 180 67 59 59
4737 0 0 120 40 0 4737 0 0 120 60 0 45 40 40
4737 0 0 120 40 0 4737 0 0 120 60 90 56 48 48
4737 0 0 120 40 0 4737 0 0 120 60 180 67 59 59
4737 0 0 120 40 0 4737 0 30 0 0 0 75 60 60
4737 0 0 120 40 0 4737 0 30 0 0 90 70 58 58
4737 0 0 120 40 0 4737 0 30 0 0 180 57 48 48
4737 0 0 120 40 0 4737 0 30 0 20 0 73 59 59
4737 0 0 120 40 0 4737 0 30 0 20 90 64 55 55
4737 0 0 120 40 0 4737 0 30 0 20 180 58 47 47
4737 0 0 120 40 0 4737 0 30 0 40 0 69 57 57
4737 0 0 120 40 0 4737 0 30 0 40 90 58 51 51
4737 0 0 120 40 0 4737 0 30 0 40 180 59 46 46
4737 0 0 120 40 0 4737 0 30 0 60 0 64 53 53
4737 0 0 120 40 0 4737 0 30 0 60 90 53 47 47
4737 0 0 120 40 0 4737 0 30 0 60 180 59 46 46
4737 0 0 120 40 0 4737 0 30 60 0 0 64 58 58
4737 0 0 120 40 0 4737 0 30 60 0 90 53 51 51
4737 0 0 120 40 0 4737 0 30 60 0 180 58 56 56
4737 0 0 120 40 0 4737 0 30 60 20 0 58 54 54
4737 0 0 120 40 0 4737 0 30 60 20 90 49 47 47
4737 0 0 120 40 0 4737 0 30 60 20 180 61 57 57
4737 0 0 120 40 0 4737 0 30 60 40 0 53 49 49
4737 0 0 120 40 0 4737 0 30 60 40 90 46 43 43
4737 0 0 120 40 0 4737 0 30 60 40 180 64 58 58
4737 0 0 120 40 0 4737 0 30 60 60 0 47 45 45
4737 0 0 120 40 0 4737 0 30 60 60 90 44 42 42
4737 0 0 120 40 0 4737 0 30 60 60 180 66 61 61
4737 0 0 120 40 0 4737 0 30 120 0 0 47 44 44
4737 0 0 120 40 0 4737 0 30 120 0 90 43 44 44
4737 0 0 120 40 0 4737 0 30 120 0 180 66 62 62
4737 0 0 120 40 0 4737 0 30 120 20 0 41 42 42
4737 0 0 120 40 0 4737 0 30 120 20 90 44 45 45
4737 0 0 120 40 0 4737 0 30 120 20 180 67 62 62
4737 0 0 120 40 0 4737 0 30 120 40 0 39 42 42
4737 0 0 120 40 0 4737 0 30 120 40 90 49 47 47
4737 0 0 120 40 0 4737 0 30 120 40 180 67 62 62
4737 0 0 120 40 0 4737 0 30 120 60 0 44 43 43
4737 0 0 120 40 0 4737 0 30 120 60 90 54 51 51
4737 0 0 120 40 0 4737 0 30 120 60 180 66 62 62
4737 0 0 120 40 0 4737 0 60 0 0 0 70 61 61
4737 0 0 120 40 0 4737 0 60 0 0 90 66 58 58
4737 0 0 120 40 0 4737 0 60 0 0 180 57 49 49
4737 0 0 120 40 0 4737 0 60 0 20 0 68 60 60
4737 0 0 120 40 0 4737 0 60 0 20 90 61 55 55
4737 0 0 120 40 0 4737 0 60 0 20 180 58 48 48
4737 0 0 120 40 0 4737 0 60 0 40 0 64 57 57
4737 0 0 120 40 0 4737 0 60 0 40 90 56 51 51
4737 0 0 120 40 0 4737 0 60 0 40 180 58 47 47
4737 0 0 120 40 0 4737 0 60 0 60 0 60 54 54
4737 0 0 120 40 0 4737 0 60 0 60 90 51 48 48
4737 0 0 120 40 0 4737 0 60 0 60 180 58 48 48
4737 0 0 120 40 0 4737 0 60 60 0 0 61 64 64
4737 0 0 120 40 0 4737 0 60 60 0 90 52 58 58
4737 0 0 120 40 0 4737 0 60 60 0 180 55 66 66
4737 0 0 120 40 0 4737 0 60 60 20 0 56 61 61
4737 0 0 120 40 0 4737 0 60 60 20 90 48 56 56
4737 0 0 120 40 0 4737 0 60 60 20 180 57 67 67
4737 0 0 120 40 0 4737 0 60 60 40 0 51 59 59
4737 0 0 120 40 0 4737 0 60 60 40 90 45 55 55
4737 0 0 120 40 0 4737 0 60 60 40 180 59 70 70
4737 0 0 120 40 0 4737 0 60 60 60 0 45 57 57
4737 0 0 120 40 0 4737 0 60 60 60 90 43 55 55
4737 0 0 120 40 0 4737 0 60 60 60 180 61 71 71
4737 0 0 120 40 0 4737 0 60 120 0 0 44 55 55
4737 0 0 120 40 0 4737 0 60 120 0 90 40 56 56
4737 0 0 120 40 0 4737 0 60 120 0 180 61 70 70
4737 0 0 120 40 0 4737 0 60 120 20 0 40 55 55
4737 0 0 120 40 0 4737 0 60 120 20 90 42 57 57
4737 0 0 120 40 0 4737 0 60 120 20 180 63 71 71
4737 0 0 120 40 0 4737 0 60 120 40 0 39 55 55
4737 0 0 120 40 0 4737 0 60 120 40 90 46 59 59
4737 0 0 120 40 0 4737 0 60 120 40 180 63 72 72
4737 0 0 120 40 0 4737 0 60 120 60 0 42 57 57
4737 0 0 120 40 0 4737 0 60 120 60 90 51 62 62
4737 0 0 120 40 0 4737 0 60 120 60 180 62 72 72
4737 0 0 120 60 0 4737 0 0 0 0 0 75 64 64
4737 0 0 120 60 0 4737 0 0 0 0 90 61 54 54
4737 0 0 120 60 0 4737 0 0 0 0 180 47 42 42
4737 0 0 120 60 0 4737 0 0 0 20 0 73 64 64
4737 0 0 120 60 0 4737 0 0 0 20 90 56 50 50
4737 0 0 120 60 0 4737 0 0 0 20 180 48 43 43
4737 0 0 120 60 0 4737 0 0 0 40 0 71 62 62
4737 0 0 120 60 0 4737 0 0 0 40 90 51 45 45
4737 0 0 120 60 0 4737 0 0 0 40 180 51 46 46
4737 0 0 120 60 0 4737 0 0 0 60 0 68 59 59
4737 0 0 120 60 0 4737 0 0 0 60 90 48 43 43
4737 0 0 120 60 0 4737 0 0 0 60 180 56 50 50
4737 0 0 120 60 0 4737 0 0 60 0 0 68 59 59
4737 0 0 120 60 0 4737 0 0 60 0 90 48 43 43
4737 0 0 120 60 0 4737 0 0 60 0 180 56 50 50
4737 0 0 120 60 0 4737 0 0 60 20 0 64 56 56
4737 0 0 120 60 0 4737 0 0 60 20 90 47 42 42
4737 0 0 120 60 0 4737 0 0 60 20 180 61 54 54
4737 0 0 120 60 0 4737 0 0 60 40 0 59 52 52
4737 0 0 120 60 0 4737 0 0 60 40 90 48 43 43
4737 0 0 120 60 0 4737 0 0 60 40 180 66 58 58
4737 0 0 120 60 0 4737 0 0 60 60 0 53 48 48
4737 0 0 120 60 0 4737 0 0 60 60 90 49 44 44
4737 0 0 120 60 0 4737 0 0 60 60 180 69 61 61
4737 0 0 120 60 0 4737 0 0 120 0 0 53 48 48
4737 0 0 120 60 0 4737 0 0 120 0 90 49 44 44
4737 0 0 120 60 0 4737 0 0 120 0 180 69 61 61
4737 0 0 120 60 0 4737 0 0 120 20 0 49 44 44
4737 0 0 120 60 0 4737 0 0 120 20 90 53 48 48
4737 0 0 120 60 0 4737 0 0 120 20 180 72 63 63
4737 0 0 120 60 0 4737 0 0 120 40 0 48 42 42
4737 0 0 120 60 0 4737 0 0 120 40 90 59 52 52
4737 0 0 120 60 0 4737 0 0 120 40 180 74 64 64
4737 0 0 120 60 0 4737 0 0 120 60 0 47 42 42
4737 0 0 120 60 0 4737 0 0 120 60 90 64 56 56
4737 0 0 120 60 0 4737 0 0 120 60 180 75 64 64
4737 0 0 120 60 0 4737 0 30 0 0 0 74 58 58
4737 0 0 120 60 0 4737 0 30 0 0 90 61 49 49
4737 0 0 120 60 0 4737 0 30 0 0 180 47 41 41
4737 0 0 120 60 0 4737 0 30 0 20 0 73 57 57
4737 0 0 120 60 0 4737 0 30 0 20 90 56 45 45
4737 0 0 120 60 0 4737 0 30 0 20 180 48 41 41
4737 0 0 120 60 0 4737 0 30 0 40 0 71 54 54
4737 0 0 120 60 0 4737 0 30 0 40 90 50 42 42
4737 0 0 120 60 0 4737 0 30 0 40 180 51 43 43
4737 0 0 120 60 0 4737 0 30 0 60 0 67 52 52
4737 0 0 120 60 0 4737 0 30 0 60 90 48 40 40
4737 0 0 120 60 0 4737 0 30 0 60 180 55 45 45
4737 0 0 120 60 0 4737 0 30 60 0 0 68 52 52
4737 0 0 120 60 0 4737 0 30 60 0 90 48 43 43
4737 0 0 120 60 0 4737 0 30 60 0 180 55 47 47
4737 0 0 120 60 0 4737 0 30 60 20 0 64 49 49
4737 0 0 120 60 0 4737 0 30 60 20 90 47 40 40
4737 0 0 120 60 0 4737 0 30 60 20 180 61 50 50
4737 0 0 120 60 0 4737 0 30 60 40 0 58 46 46
4737 0 0 120 60 0 4737 0 30 60 40 90 47 40 40
4737 0 0 120 60 0 4737 0 30 60 40 180 65 52 52
4737 0 0 120 60 0 4737 0 30 60 60 0 53 42 42
4737 0 0 120 60 0 4737 0 30 60 60 90 49 41 41
4737 0 0 120 60 0 4737 0 30 60 60 180 68 55 55
4737 0 0 120 60 0 4737 0 30 120 0 0 53 46 46
4737 0 0 120 60 0 4737 0 30 120 0 90 49 43 43
4737 0 0 120 60 0 4737 0 30 120 0 180 68 57 57
4737 0 0 120 60 0 4737 0 30 120 20 0 49 43 43
4737 0 0 120 60 0 4737 0 30 120 20 90 52 45 45
4737 0 0 120 60 0 4737 0 30 120 20 180 71 59 59
4737 0 0 120 60 0 4737 0 30 120 40 0 47 41 41
4737 0 0 120 60 0 4737 0 30 120 40 90 58 47 47
4737 0 0 120 60 0 4737 0 30 120 40 180 73 59 59
4737 0 0 120 60 0 4737 0 30 120 60 0 47 40 40
4737 0 0 120 60 0 4737 0 30 120 60 90 63 50 50
4737 0 0 120 60 0 4737 0 30 120 60 180 74 59 59
4737 0 0 120 60 0 4737 0 60 0 0 0 70 59 59
4737 0 0 120 60 0 4737 0 60 0 0 90 60 50 50
4737 0 0 120 60 0 4737 0 60 0 0 180 46 45 45
4737 0 0 120 60 0 4737 0 60 0 20 0 69 57 57
4737 0 0 120 60 0 4737 0 60 0 20 90 54 47 47
4737 0 0 120 60 0 4737 0 60 0 20 180 47 45 45
4737 0 0 120 60 0 4737 0 60 0 40 0 68 55 55
4737 0 0 120 60 0 4737 0 60 0 40 90 49 46 46
4737 0 0 120 60 0 4737 0 60 0 40 180 50 47 47
4737 0 0 120 60 0 4737 0 60 0 60 0 64 53 53
4737 0 0 120 60 0 4737 0 60 0 60 90 46 45 45
4737 0 0 120 60 0 4737 0 60 0 60 180 54 48 48
4737 0 0 120 60 0 4737 0 60 60 0 0 65 53 53
4737 0 0 120 60 0 4737 0 60 60 0 90 46 46 46
4737 0 0 120 60 0 4737 0 60 60 0 180 53 51 51
4737 0 0 120 60 0 4737 0 60 60 20 0 61 50 50
4737 0 0 120 60 0 4737 0 60 60 20 90 46 45 45
4737 0 0 120 60 0 4737 0 60 60 20 180 58 52 52
4737 0 0 120 60 0 4737 0 60 60 40 0 56 48 48
4737 0 0 120 60 0 4737 0 60 60 40 90 47 44 44
4737 0 0 120 60 0 4737 0 60 60 40 180 61 54 54
4737 0 0 120 60 0 4737 0 60 60 60 0 52 46 46
4737 0 0 120 60 0 4737 0 60 60 60 90 49 45 45
4737 0 0 120 60 0 4737 0 60 60 60 180 65 57 57
4737 0 0 120 60 0 4737 0 60 120 0 0 51 48 48
4737 0 0 120 60 0 4737 0 60 120 0 90 48 47 47
4737 0 0 120 60 0 4737 0 60 120 0 180 64 60 60
4737 0 0 120 60 0 4737 0 60 120 20 0 46 46 46
4737 0 0 120 60 0 4737 0 60 120 20 90 51 49 49
4737 0 0 120 60 0 4737 0 60 120 20 180 66 62 62
4737 0 0 120 60 0 4737 0 60 120 40 0 45 45 45
4737 0 0 120 60 0 4737 0 60 120 40 90 55 50 50
4737 0 0 120 60 0 4737 0 60 120 40 180 68 62 62
4737 0 0 120 60 0 4737 0 60 120 60 0 46 45 45
4737 0 0 120 60 0 4737 0 60 120 60 90 59 52 52
4737 0 0 120 60 0 4737 0 60 120 60 180 69 61 61
4737 0 0 120 60 0 4737 0 0 0 0 0 76 64 64
4737 0 0 120 60 0 4737 0 0 0 0 90 66 58 58
4737 0 0 120 60 0 4737 0 0 0 0 180 50 45 45
4737 0 0 120 60 0 4737 0 0 0 20 0 75 64 64
4737 0 0 120 60 0 4737 0 0 0 20 90 61 54 54
4737 0 0 120 60 0 4737 0 0 0 20 180 51 46 46
4737 0 0 120 60 0 4737 0 0 0 40 0 72 63 63
4737 0 0 120 60 0 4737 0 0 0 40 90 55 49 49
4737 0 0 120 60 0 4737 0 0 0 40 180 53 48 48
4737 0 0 120 60 0 4737 0 0 0 60 0 69 60 60
4737 0 0 120 60 0 4737 0 0 0 60 90 51 46 46
4737 0 0 120 60 0 4737 0 0 0 60 180 56 50 50
4737 0 0 120 60 0 4737 0 0 60 0 0 69 60 60
4737 0 0 120 60 0 4737 0 0 60 0 90 51 46 46
4737 0 0 120 60 0 4737 0 0 60 0 180 56 50 50
4737 0 0 120 60 0 4737 0 0 60 20 0 64 57 57
4737 0 0 120 60 0 4737 0 0 60 20 90 48 43 43
4737 0 0 120 60 0 4737 0 0 60 20 180 61 53 53
4737 0 0 120 60 0 4737 0 0 60 40 0 59 52 52
4737 0 0 120 60 0 4737 0 0 60 40 90 47 42 42
4737 0 0 120 60 0 4737 0 0 60 40 180 65 56 56
4737 0 0 120 60 0 4737 0 0 60 60 0 53 47 47
4737 0 0 120 60 0 4737 0 0 60 60 90 47 42 42
4737 0 0 120 60 0 4737 0 0 60 60 180 68 59 59
4737 0 0 120 60 0 4737 0 0 120 0 0 53 47 47
4737 0 0 120 60 0 4737 0 0 120 0 90 47 42 42
4737 0 0 120 60 0 4737 0 0 120 0 180 68 59 59
4737 0 0 120 60 0 4737 0 0 120 20 0 48 42 42
4737 0 0 120 60 0 4737 0 0 120 20 90 49 44 44
4737 0 0 120 60 0 4737 0 0 120 20 180 71 61 61
4737 0 0 120 60 0 4737 0 0 120 40 0 45 40 40
4737 0 0 120 60 0 4737 0 0 120 40 90 54 48 48
4737 0 0 120 60 0 4737 0 0 120 40 180 73 63 63
4737 0 0 120 60 0 4737 0 0 120 60 0 44 39 39
4737 0 0 120 60 0 4737 0 0 120 60 90 59 52 52
4737 0 0 120 60 0 4737 0 0 120 60 180 73 64 64
4737 0 0 120 60 0 4737 0 30 0 0 0 75 59 59
4737 0 0 120 60 0 4737 0 30 0 0 90 66 53 53
4737 0 0 120 60 0 4737 0 30 0 0 180 50 44 44
4737 0 0 120 60 0 4737 0 30 0 20 0 75 58 58
4737 0 0 120 60 0 4737 0 30 0 20 90 60 49 49
4737 0 0 120 60 0 4737 0 30 0 20 180 51 43 43
4737 0 0 120 60 0 4737 0 30 0 40 0 72 56 56
4737 0 0 120 60 0 4737 0 30 0 40 90 55 46 46
4737 0 0 120 60 0 4737 0 30 0 40 180 53 43 43
4737 0 0 120 60 0 4737 0 30 0 60 0 68 53 53
4737 0 0 120 60 0 4737 0 30 0 60 90 50 43 43
4737 0 0 120 60 0 4737 0 30 0 60 180 56 45 45
4737 0 0 120 60 0 4737 0 30 60 0 0 68 56 56
4737 0 0 120 60 0 4737 0 30 60 0 90 51 47 47
4737 0 0 120 60 0 4737 0 30 60 0 180 55 50 50
4737 0 0 120 60 0 4737 0 30 60 20 0 64 52 52
4737 0 0 120 60 0 4737 0 30 60 20 90 48 43 43
4737 0 0 120 60 0 4737 0 30 60 20 180 60 51 51
4737 0 0 120 60 0 4737 0 30 60 40 0 58 49 49
4737 0 0 120 60 0 4737 0 30 60 40 90 47 41 41
4737 0 0 120 60 0 4737 0 30 60 40 180 64 53 53
4737 0 0 120 60 0 4737 0 30 60 60 0 53 44 44
4737 0 0 120 60 0 4737 0 30 60 60 90 47 41 41
4737 0 0 120 60 0 4737 0 30 60 60 180 67 56 56
4737 0 0 120 60 0 4737 0 30 120 0 0 53 47 47
4737 0 0 120 60 0 4737 0 30 120 0 90 46 43 43
4737 0 0 120 60 0 4737 0 30 120 0 180 67 59 59
4737 0 0 120 60 0 4737 0 30 120 20 0 47 43 43
4737 0 0 120 60 0 4737 0 30 120 20 90 48 44 44
4737 0 0 120 60 0 4737 0 30 120 20 180 69 60 60
4737 0 0 120 60 0 4737 0 30 120 40 0 44 40 40
4737 0 0 120 60 0 4737 0 30 120 40 90 53 46 46
4737 0 0 120 60 0 4737 0 30 120 40 180 72 61 61
4737 0 0 120 60 0 4737 0 30 120 60 0 44 40 40
4737 0 0 120 60 0 4737 0 30 120 60 90 58 49 49
4737 0 0 120 60 0 4737 0 30 120 60 180 72 61 61
4737 0 0 120 60 0 4737 0 60 0 0 0 71 60 60
4737 0 0 120 60 0 4737 0 60 0 0 90 64 53 53
4737 0 0 120 60 0 4737 0 60 0 0 180 49 46 46
4737 0 0 120 60 0 4737 0 60 0 20 0 70 59 59
4737 0 0 120 60 0 4737 0 60 0 20 90 59 51 51
4737 0 0 120 60 0 4737 0 60 0 20 180 50 46 46
4737 0 0 120 60 0 4737 0 60 0 40 0 69 57 57
4737 0 0 120 60 0 4737 0 60 0 40 90 53 48 48
4737 0 0 120 60 0 4737 0 60 0 40 180 52 47 47
4737 0 0 120 60 0 4737 0 60 0 60 0 65 54 54
4737 0 0 120 60 0 4737 0 60 0 60 90 49 46 46
4737 0 0 120 60 0 4737 0 60 0 60 180 55 48 48
4737 0 0 120 60 0 4737 0 60 60 0 0 66 58 58
4737 0 0 120 60 0 4737 0 60 60 0 90 49 51 51
4737 0 0 120 60 0 4737 0 60 60 0 180 53 55 55
4737 0 0 120 60 0 4737 0 60 60 20 0 61 55 55
4737 0 0 120 60 0 4737 0 60 60 20 90 46 49 49
4737 0 0 120 60 0 4737 0 60 60 20 180 57 57 57
4737 0 0 120 60 0 4737 0 60 60 40 0 56 52 52
4737 0 0 120 60 0 4737 0 60 60 40 90 46 48 48
4737 0 0 120 60 0 4737 0 60 60 40 180 60 59 59
4737 0 0 120 60 0 4737 0 60 60 60 0 51 50 50
4737 0 0 120 60 0 4737 0 60 60 60 90 47 47 47
4737 0 0 120 60 0 4737 0 60 60 60 180 63 61 61
4737 0 0 120 60 0 4737 0 60 120 0 0 51 50 50
4737 0 0 120 60 0 4737 0 60 120 0 90 44 50 50
4737 0 0 120 60 0 4737 0 60 120 0 180 63 64 64
4737 0 0 120 60 0 4737 0 60 120 20 0 45 48 48
4737 0 0 120 60 0 4737 0 60 120 20 90 47 51 51
4737 0 0 120 60 0 4737 0 60 120 20 180 65 65 65
4737 0 0 120 60 0 4737 0 60 120 40 0 42 47 47
4737 0 0 120 60 0 4737 0 60 120 40 90 51 53 53
4737 0 0 120 60 0 4737 0 60 120 40 180 66 66 66
4737 0 0 120 60 0 4737 0 60 120 60 0 43 47 47
4737 0 0 120 60 0 4737 0 60 120 60 90 55 55 55
4737 0 0 120 60 0 4737 0 60 120 60 180 68 65 65
4737 0 0 120 60 0 4737 0 0 0 0 0 76 64 64
4737 0 0 120 60 0 4737 0 0 0 0 90 71 61 61
4737 0 0 120 60 0 4737 0 0 0 0 180 54 48 48
4737 0 0 120 60 0 4737 0 0 0 20 0 76 64 64
4737 0 0 120 60 0 4737 0 0 0 20 90 65 59 59
4737 0 0 120 60 0 4737 0 0 0 20 180 54 49 49
4737 0 0 120 60 0 4737 0 0 0 40 0 73 63 63
4737 0 0 120 60 0 4737 0 0 0 40 90 60 53 53
4737 0 0 120 60 0 4737 0 0 0 40 180 55 50 50
4737 0 0 120 60 0 4737 0 0 0 60 0 69 61 61
4737 0 0 120 60 0 4737 0 0 0 60 90 54 49 49
4737 0 0 120 60 0 4737 0 0 0 60 180 57 50 50
4737 0 0 120 60 0 4737 0 0 60 0 0 69 61 61
4737 0 0 120 60 0 4737 0 0 60 0 90 54 49 49
4737 0 0 120 60 0 4737 0 0 60 0 180 57 50 50
4737 0 0 120 60 0 4737 0 0 60 20 0 64 57 57
4737 0 0 120 60 0 4737 0 0 60 20 90 51 45 45
4737 0 0 120 60 0 4737 0 0 60 20 180 60 52 52
4737 0 0 120 60 0 4737 0 0 60 40 0 58 52 52
4737 0 0 120 60 0 4737 0 0 60 40 90 48 42 42
4737 0 0 120 60 0 4737 0 0 60 40 180 63 55 55
4737 0 0 120 60 0 4737 0 0 60 60 0 53 47 47
4737 0 0 120 60 0 4737 0 0 60 60 90 46 40 40
4737 0 0 120 60 0 4737 0 0 60 60 180 66 57 57
4737 0 0 120 60 0 4737 0 0 120 0 0 53 47 47
4737 0 0 120 60 0 4737 0 0 120 0 90 46 40 40
4737 0 0 120 60 0 4737 0 0 120 0 180 66 57 57
4737 0 0 120 60 0 4737 0 0 120 20 0 47 42 42
4737 0 0 120 60 0 4737 0 0 120 20 90 45 40 40
4737 0 0 120 60 0 4737 0 0 120 20 180 69 60 60
4737 0 0 120 60 0 4737 0 0 120 40 0 42 37 37
4737 0 0 120 60 0 4737 0 0 120 40 90 49 43 43
4737 0 0 120 60 0 4737 0 0 120 40 180 70 62 62
4737 0 0 120 60 0 4737 0 0 120 60 0 41 36 36
4737 0 0 120 60 0 4737 0 0 120 60 90 55 48 48
4737 0 0 120 60 0 4737 0 0 120 60 180 70 62 62
4737 0 0 120 60 0 4737 0 30 0 0 0 75 60 60
4737 0 0 120 60 0 4737 0 30 0 0 90 71 56 56
4737 0 0 120 60 0 4737 0 30 0 0 180 53 47 47
4737 0 0 120 60 0 4737 0 30 0 20 0 75 59 59
4737 0 0 120 60 0 4737 0 30 0 20 90 65 54 54
4737 0 0 120 60 0 4737 0 30 0 20 180 54 45 45
4737 0 0 120 60 0 4737 0 30 0 40 0 73 58 58
4737 0 0 120 60 0 4737 0 30 0 40 90 59 50 50
4737 0 0 120 60 0 4737 0 30 0 40 180 55 44 44
4737 0 0 120 60 0 4737 0 30 0 60 0 69 55 55
4737 0 0 120 60 0 4737 0 30 0 60 90 54 47 47
4737 0 0 120 60 0 4737 0 30 0 60 180 57 45 45
4737 0 0 120 60 0 4737 0 30 60 0 0 69 59 59
4737 0 0 120 60 0 4737 0 30 60 0 90 54 52 52
4737 0 0 120 60 0 4737 0 30 60 0 180 56 52 52
4737 0 0 120 60 0 4737 0 30 60 20 0 64 55 55
4737 0 0 120 60 0 4737 0 30 60 20 90 50 47 47
4737 0 0 120 60 0 4737 0 30 60 20 180 59 54 54
4737 0 0 120 60 0 4737 0 30 60 40 0 58 51 51
4737 0 0 120 60 0 4737 0 30 60 40 90 47 44 44
4737 0 0 120 60 0 4737 0 30 60 40 180 62 55 55
4737 0 0 120 60 0 4737 0 30 60 60 0 53 47 47
4737 0 0 120 60 0 4737 0 30 60 60 90 45 41 41
4737 0 0 120 60 0 4737 0 30 60 60 180 65 57 57
4737 0 0 120 60 0 4737 0 30 120 0 0 53 48 48
4737 0 0 120 60 0 4737 0 30 120 0 90 45 44 44
4737 0 0 120 60 0 4737 0 30 120 0 180 65 60 60
4737 0 0 120 60 0 4737 0 30 120 20 0 47 43 43
4737 0 0 120 60 0 4737 0 30 120 20 90 44 44 44
4737 0 0 120 60 0 4737 0 30 120 20 180 68 62 62
4737 0 0 120 60 0 4737 0 30 120 40 0 41 41 41
4737 0 0 120 60 0 4737 0 30 120 40 90 48 45 45
4737 0 0 120 60 0 4737 0 30 120 40 180 69 62 62
4737 0 0 120 60 0 4737 0 30 120 60 0 41 40 40
4737 0 0 120 60 0 4737 0 30 120 60 90 54 48 48
4737 0 0 120 60 0 4737 0 30 120 60 180 69 62 62
4737 0 0 120 60 0 4737 0 60 0 0 0 71 61 61
4737 0 0 120 60 0 4737 0 60 0 0 90 67 57 57
4737 0 0 120 60 0 4737 0 60 0 0 180 53 48 48
4737 0 0 120 60 0 4737 0 60 0 20 0 70 60 60
4737 0 0 120 60 0 4737 0 60 0 20 90 63 54 54
4737 0 0 120 60 0 4737 0 60 0 20 180 54 47 47
4737 0 0 120 60 0 4737 0 60 0 40 0 68 58 58
4737 0 0 120 60 0 4737 0 60 0 40 90 57 51 51
4737 0 0 120 60 0 4737 0 60 0 40 180 55 47 47
4737 0 0 120 60 0 4737 0 60 0 60 0 65 56 56
4737 0 0 120 60 0 4737 0 60 0 60 90 52 48 48
4737 0 0 120 60 0 4737 0 60 0 60 180 56 48 48
4737 0 0 120 60 0 4737 0 60 60 0 0 66 63 63
4737 0 0 120 60 0 4737 0 60 60 0 90 53 56 56
4737 0 0 120 60 0 4737 0 60 60 0 180 53 59 59
4737 0 0 120 60 0 4737 0 60 60 20 0 61 60 60
4737 0 0 120 60 0 4737 0 60 60 20 90 49 54 54
4737 0 0 120 60 0 4737 0 60 60 20 180 56 61 61
4737 0 0 120 60 0 4737 0 60 60 40 0 56 57 57
4737 0 0 120 60 0 4737 0 60 60 40 90 46 52 52
4737 0 0 120 60 0 4737 0 60 60 40 180 58 63 63
4737 0 0 120 60 0 4737 0 60 60 60 0 50 55 55
4737 0 0 120 60 0 4737 0 60 60 60 90 45 51 51
4737 0 0 120 60 0 4737 0 60 60 60 180 61 65 65
4737 0 0 120 60 0 4737 0 60 120 0 0 50 53 53
4737 0 0 120 60 0 4737 0 60 120 0 90 42 52 52
4737 0 0 120 60 0 4737 0 60 120 0 180 61 67 67
4737 0 0 120 60 0 4737 0 60 120 20 0 45 51 51
4737 0 0 120 60 0 4737 0 60 120 20 90 43 53 53
4737 0 0 120 60 0 4737 0 60 120 20 180 63 68 68
4737 0 0 120 60 0 4737 0 60 120 40 0 41 51 51
4737 0 0 120 60 0 4737 0 60 120 40 90 46 55 55
4737 0 0 120 60 0 4737 0 60 120 40 180 65 69 69
4737 0 0 120 60 0 4737 0 60 120 60 0 41 51 51
4737 0 0 120 60 0 4737 0 60 120 60 90 50 57 57
4737 0 0 120 60 0 4737 0 60 120 60 180 66 69 69
4737 0 0 120 60 0 4737 0 0 0 0 0 76 63 63
4737 0 0 120 60 0 4737 0 0 0 0 90 74 63 63
4737 0 0 120 60 0 4737 0 0 0 0 180 57 51 51
4737 0 0 120 60 0 4737 0 0 0 20 0 76 63 63
4737 0 0 120 60 0 4737 0 0 0 20 90 70 62 62
4737 0 0 120 60 0 4737 0 0 0 20 180 57 51 51
4737 0 0 120 60 0 4737 0 0 0 40 0 74 63 63
4737 0 0 120 60 0 4737 0 0 0 40 90 64 57 57
4737 0 0 120 60 0 4737 0 0 0 40 180 58 51 51
4737 0 0 120 60 0 4737 0 0 0 60 0 69 60 60
4737 0 0 120 60 0 4737 0 0 0 60 90 58 52 52
4737 0 0 120 60 0 4737 0 0 0 60 180 59 51 51
4737 0 0 120 60 0 4737 0 0 60 0 0 69 60 60
4737 0 0 120 60 0 4737 0 0 60 0 90 58 52 52
4737 0 0 120 60 0 4737 0 0 60 0 180 59 51 51
4737 0 0 120 60 0 4737 0 0 60 20 0 64 56 56
4737 0 0 120 60 0 4737 0 0 60 20 90 53 48 48
4737 0 0 120 60 0 4737 0 0 60 20 180 60 51 51
4737 0 0 120 60 0 4737 0 0 60 40 0 58 51 51
4737 0 0 120 60 0 4737 0 0 60 40 90 49 44 44
4737 0 0 120 60 0 4737 0 0 60 40 180 62 53 53
4737 0 0 120 60 0 4737 0 0 60 60 0 53 47 47
4737 0 0 120 60 0 4737 0 0 60 60 90 46 41 41
4737 0 0 120 60 0 4737 0 0 60 60 180 65 55 55
4737 0 0 120 60 0 4737 0 0 120 0 0 53 47 47
4737 0 0 120 60 0 4737 0 0 120 0 90 46 41 41
4737 0 0 120 60 0 4737 0 0 120 0 180 65 55 55
4737 0 0 120 60 0 4737 0 0 120 20 0 47 41 41
4737 0 0 120 60 0 4737 0 0 120 20 90 44 38 38
4737 0 0 120 60 0 4737 0 0 120 20 180 66 58 58
4737 0 0 120 60 0 4737 0 0 120 40 0 42 36 36
4737 0 0 120 60 0 4737 0 0 120 40 90 45 39 39
4737 0 0 120 60 0 4737 0 0 120 40 180 67 59 59
4737 0 0 120 60 0 4737 0 0 120 60 0 39 34 34
4737 0 0 120 60 0 4737 0 0 120 60 90 50 43 43
4737 0 0 120 60 0 4737 0 0 120 60 180 67 59 59
4737 0 0 120 60 0 4737 0 30 0 0 0 75 60 60
4737 0 0 120 60 0 4737 0 30 0 0 90 73 60 60
4737 0 0 120 60 0 4737 0 30 0 0 180 57 50 50
4737 0 0 120 60 0 4737 0 30 0 20 0 75 60 60
4737 0 0 120 60 0 4737 0 30 0 20 90 69 58 58
4737 0 0 120 60 0 4737 0 30 0 20 180 57 48 48
4737 0 0 120 60 0 4737 0 30 0 40 0 73 59 59
4737 0 0 120 60 0 4737 0 30 0 40 90 64 55 55
4737 0 0 120 60 0 4737 0 30 0 40 180 58 47 47
4737 0 0 120 60 0 4737 0 30 0 60 0 69 57 57
4737 0 0 120 60 0 4737 0 30 0 60 90 58 51 51
4737 0 0 120 60 0 4737 0 30 0 60 180 59 46 46
4737 0 0 120 60 0 4737 0 30 60 0 0 69 62 62
4737 0 0 120 60 0 4737 0 30 60 0 90 58 56 56
4737 0 0 120 60 0 4737 0 30 60 0 180 58 55 55
4737 0 0 120 60 0 4737 0 30 60 20 0 64 58 58
4737 0 0 120 60 0 4737 0 30 60 20 90 53 52 52
4737 0 0 120 60 0 4737 0 30 60 20 180 58 56 56
4737 0 0 120 60 0 4737 0 30 60 40 0 58 54 54
4737 0 0 120 60 0 4737 0 30 60 40 90 49 47 47
4737 0 0 120 60 0 4737 0 30 60 40 180 61 57 57
4737 0 0 120 60 0 4737 0 30 60 60 0 52 49 49
4737 0 0 120 60 0 4737 0 30 60 60 90 46 44 44
4737 0 0 120 60 0 4737 0 30 60 60 180 64 59 59
4737 0 0 120 60 0 4737 0 30 120 0 0 52 49 49
4737 0 0 120 60 0 4737 0 30 120 0 90 45 45 45
4737 0 0 120 60 0 4737 0 30 120 0 180 64 61 61
4737 0 0 120 60 0 4737 0 30 120 20 0 47 44 44
4737 0 0 120 60 0 4737 0 30 120 20 90 43 44 44
4737 0 0 120 60 0 4737 0 30 120 20 180 66 62 62
4737 0 0 120 60 0 4737 0 30 120 40 0 41 42 42
4737 0 0 120 60 0 4737 0 30 120 40 90 44 45 45
4737 0 0 120 60 0 4737 0 30 120 40 180 66 63 63
4737 0 0 120 60 0 4737 0 30 120 60 0 39 42 42
4737 0 0 120 60 0 4737 0 30 120 60 90 49 47 47
4737 0 0 120 60 0 4737 0 30 120 60 180 66 63 63
4737 0 0 120 60 0 4737 0 60 0 0 0 70 61 61
4737 0 0 120 60 0 4737 0 60 0 0 90 69 60 60
4737 0 0 120 60 0 4737 0 60 0 0 180 56 50 50
4737 0 0 120 60 0 4737 0 60 0 20 0 70 61 61
4737 0 0 120 60 0 4737 0 60 0 20 90 66 58 58
4737 0 0 120 60 0 4737 0 60 0 20 180 57 49 49
4737 0 0 120 60 0 4737 0 60 0 40 0 67 60 60
4737 0 0 120 60 0 4737 0 60 0 40 90 61 55 55
4737 0 0 120 60 0 4737 0 60 0 40 180 57 48 48
4737 0 0 120 60 0 4737 0 60 0 60 0 64 58 58
4737 0 0 120 60 0 4737 0 60 0 60 90 56 52 52
4737 0 0 120 60 0 4737 0 60 0 60 180 57 48 48
4737 0 0 120 60 0 4737 0 60 60 0 0 66 68 68
4737 0 0 120 60 0 4737 0 60 60 0 90 57 63 63
4737 0 0 120 60 0 4737 0 60 60 0 180 54 64 64
4737 0 0 120 60 0 4737 0 60 60 20 0 61 65 65
4737 0 0 120 60 0 4737 0 60 60 20 90 52 59 59
4737 0 0 120 60 0 4737 0 60 60 20 180 55 66 66
4737 0 0 120 60 0 4737 0 60 60 40 0 56 62 62
4737 0 0 120 60 0 4737 0 60 60 40 90 48 57 57
4737 0 0 120 60 0 4737 0 60 60 40 180 57 69 69
4737 0 0 120 60 0 4737 0 60 60 60 0 50 59 59
4737 0 0 120 60 0 4737 0 60 60 60 90 45 56 56
4737 0 0 120 60 0 4737 0 60 60 60 180 59 70 70
4737 0 0 120 60 0 4737 0 60 120 0 0 49 57 57
4737 0 0 120 60 0 4737 0 60 120 0 90 42 56 56
4737 0 0 120 60 0 4737 0 60 120 0 180 59 69 69
4737 0 0 120 60 0 4737 0 60 120 20 0 44 56 56
4737 0 0 120 60 0 4737 0 60 120 20 90 40 57 57
4737 0 0 120 60 0 4737 0 60 120 20 180 61 70 70
4737 0 0 120 60 0 4737 0 60 120 40 0 40 55 55
4737 0 0 120 60 0 4737 0 60 120 40 90 42 58 58
4737 0 0 120 60 0 4737 0 60 120 40 180 62 71 71
4737 0 0 120 60 0 4737 0 60 120 60 0 39 56 56
4737 0 0 120 60 0 4737 0 60 120 60 90 46 60 60
4737 0 0 120 60 0 4737 0 60 120 60 180 63 72 72
