5537 0.1 60 0 0 4737 0.0 0 0 0 0 60.4 55.1 55.1
5537 0.1 60 0 0 4737 0.0 0 0 0 30 60.5 54.9 54.9
5537 0.1 60 0 0 4737 0.0 0 0 0 60 60.5 55.1 55.1
5537 0.1 60 0 0 4737 0.0 0 0 0 90 60.3 54.9 54.9
5537 0.1 60 0 0 4737 0.0 0 0 0 120 60.1 54.6 54.6
5537 0.1 60 0 0 4737 0.0 0 0 0 150 60.1 54.8 54.8
5537 0.1 60 0 0 4737 0.0 0 0 0 180 59.9 54.8 54.8
5537 0.1 60 0 0 4737 0.0 10 0 0 0 60.3 54.5 54.5
5537 0.1 60 0 0 4737 0.0 10 0 0 30 60.4 54.5 54.5
5537 0.1 60 0 0 4737 0.0 10 0 0 60 60.5 54.7 54.7
5537 0.1 60 0 0 4737 0.0 10 0 0 90 60.3 54.4 54.4
5537 0.1 60 0 0 4737 0.0 10 0 0 120 60.0 54.2 54.2
5537 0.1 60 0 0 4737 0.0 10 0 0 150 60.1 54.5 54.5
5537 0.1 60 0 0 4737 0.0 10 0 0 180 59.9 54.3 54.3
5537 0.1 60 0 0 4737 0.0 20 0 0 0 60.1 53.2 53.2
5537 0.1 60 0 0 4737 0.0 20 0 0 30 60.2 53.2 53.2
5537 0.1 60 0 0 4737 0.0 20 0 0 60 60.3 53.3 53.3
5537 0.1 60 0 0 4737 0.0 20 0 0 90 60.1 53.2 53.2
5537 0.1 60 0 0 4737 0.0 20 0 0 120 59.8 53.0 53.0
5537 0.1 60 0 0 4737 0.0 20 0 0 150 59.9 53.1 53.1
5537 0.1 60 0 0 4737 0.0 20 0 0 180 59.7 53.0 53.0
5537 0.1 60 0 0 4737 0.0 30 0 0 0 59.8 50.5 50.5
5537 0.1 60 0 0 4737 0.0 30 0 0 30 59.8 50.7 50.7
5537 0.1 60 0 0 4737 0.0 30 0 0 60 59.9 50.6 50.6
5537 0.1 60 0 0 4737 0.0 30 0 0 90 59.8 50.5 50.5
5537 0.1 60 0 0 4737 0.0 30 0 0 120 59.5 50.5 50.5
5537 0.1 60 0 0 4737 0.0 30 0 0 150 59.5 50.3 50.3
5537 0.1 60 0 0 4737 0.0 30 0 0 180 59.4 50.4 50.4
5537 0.1 60 0 0 4737 0.0 40 0 0 0 59.3 50.6 50.6
5537 0.1 60 0 0 4737 0.0 40 0 0 30 59.3 50.7 50.7
5537 0.1 60 0 0 4737 0.0 40 0 0 60 59.3 50.5 50.5
5537 0.1 60 0 0 4737 0.0 40 0 0 90 59.3 50.4 50.4
5537 0.1 60 0 0 4737 0.0 40 0 0 120 58.9 50.5 50.5
5537 0.1 60 0 0 4737 0.0 40 0 0 150 58.8 50.2 50.2
5537 0.1 60 0 0 4737 0.0 40 0 0 180 58.9 50.2 50.2
5537 0.1 60 0 0 4737 0.0 50 0 0 0 58.4 51.1 51.1
5537 0.1 60 0 0 4737 0.0 50 0 0 30 58.4 51.2 51.2
5537 0.1 60 0 0 4737 0.0 50 0 0 60 58.4 51.1 51.1
5537 0.1 60 0 0 4737 0.0 50 0 0 90 58.4 51.2 51.2
5537 0.1 60 0 0 4737 0.0 50 0 0 120 58.1 51.3 51.3
5537 0.1 60 0 0 4737 0.0 50 0 0 150 57.9 50.9 50.9
5537 0.1 60 0 0 4737 0.0 50 0 0 180 58.0 51.0 51.0
5537 0.1 60 0 0 4737 0.0 60 0 0 0 56.9 52.4 52.4
5537 0.1 60 0 0 4737 0.0 60 0 0 30 57.0 52.3 52.3
5537 0.1 60 0 0 4737 0.0 60 0 0 60 56.8 52.2 52.2
5537 0.1 60 0 0 4737 0.0 60 0 0 90 56.8 52.3 52.3
5537 0.1 60 0 0 4737 0.0 60 0 0 120 56.6 52.3 52.3
5537 0.1 60 0 0 4737 0.0 60 0 0 150 56.4 52.1 52.1
5537 0.1 60 0 0 4737 0.0 60 0 0 180 56.6 52.3 52.3
5537 0.1 60 0 0 4737 0.1 0 0 0 0 60.2 54.7 54.7
5537 0.1 60 0 0 4737 0.1 0 0 0 30 60.2 54.6 54.6
5537 0.1 60 0 0 4737 0.1 0 0 0 60 60.3 54.6 54.6
5537 0.1 60 0 0 4737 0.1 0 0 0 90 60.2 54.7 54.7
5537 0.1 60 0 0 4737 0.1 0 0 0 120 60.0 54.4 54.4
5537 0.1 60 0 0 4737 0.1 0 0 0 150 59.9 54.3 54.3
5537 0.1 60 0 0 4737 0.1 0 0 0 180 59.8 54.4 54.4
5537 0.1 60 0 0 4737 0.1 10 0 0 0 60.1 54.3 54.3
5537 0.1 60 0 0 4737 0.1 10 0 0 30 60.2 54.2 54.2
5537 0.1 60 0 0 4737 0.1 10 0 0 60 60.2 54.1 54.1
5537 0.1 60 0 0 4737 0.1 10 0 0 90 60.2 54.2 54.2
5537 0.1 60 0 0 4737 0.1 10 0 0 120 59.9 54.0 54.0
5537 0.1 60 0 0 4737 0.1 10 0 0 150 59.8 53.9 53.9
5537 0.1 60 0 0 4737 0.1 10 0 0 180 59.7 54.0 54.0
5537 0.1 60 0 0 4737 0.1 20 0 0 0 59.9 52.9 52.9
5537 0.1 60 0 0 4737 0.1 20 0 0 30 60.0 52.8 52.8
5537 0.1 60 0 0 4737 0.1 20 0 0 60 60.0 52.8 52.8
5537 0.1 60 0 0 4737 0.1 20 0 0 90 59.9 52.9 52.9
5537 0.1 60 0 0 4737 0.1 20 0 0 120 59.7 52.7 52.7
5537 0.1 60 0 0 4737 0.1 20 0 0 150 59.6 52.6 52.6
5537 0.1 60 0 0 4737 0.1 20 0 0 180 59.5 52.7 52.7
5537 0.1 60 0 0 4737 0.1 30 0 0 0 59.6 50.2 50.2
5537 0.1 60 0 0 4737 0.1 30 0 0 30 59.6 50.3 50.3
5537 0.1 60 0 0 4737 0.1 30 0 0 60 59.6 50.2 50.2
5537 0.1 60 0 0 4737 0.1 30 0 0 90 59.6 50.2 50.2
5537 0.1 60 0 0 4737 0.1 30 0 0 120 59.4 50.2 50.2
5537 0.1 60 0 0 4737 0.1 30 0 0 150 59.2 50.1 50.1
5537 0.1 60 0 0 4737 0.1 30 0 0 180 59.2 50.1 50.1
5537 0.1 60 0 0 4737 0.1 40 0 0 0 59.0 50.2 50.2
5537 0.1 60 0 0 4737 0.1 40 0 0 30 59.1 50.3 50.3
5537 0.1 60 0 0 4737 0.1 40 0 0 60 59.0 50.4 50.4
5537 0.1 60 0 0 4737 0.1 40 0 0 90 59.0 50.3 50.3
5537 0.1 60 0 0 4737 0.1 40 0 0 120 58.8 50.3 50.3
5537 0.1 60 0 0 4737 0.1 40 0 0 150 58.6 50.0 50.0
5537 0.1 60 0 0 4737 0.1 40 0 0 180 58.6 49.9 49.9
5537 0.1 60 0 0 4737 0.1 50 0 0 0 58.2 50.8 50.8
5537 0.1 60 0 0 4737 0.1 50 0 0 30 58.2 50.8 50.8
5537 0.1 60 0 0 4737 0.1 50 0 0 60 58.1 50.9 50.9
5537 0.1 60 0 0 4737 0.1 50 0 0 90 58.1 50.8 50.8
5537 0.1 60 0 0 4737 0.1 50 0 0 120 57.9 50.9 50.9
5537 0.1 60 0 0 4737 0.1 50 0 0 150 57.7 50.7 50.7
5537 0.1 60 0 0 4737 0.1 50 0 0 180 57.8 50.6 50.6
5537 0.1 60 0 0 4737 0.1 60 0 0 0 56.7 52.0 52.0
5537 0.1 60 0 0 4737 0.1 60 0 0 30 56.7 52.0 52.0
5537 0.1 60 0 0 4737 0.1 60 0 0 60 56.6 52.0 52.0
5537 0.1 60 0 0 4737 0.1 60 0 0 90 56.6 52.0 52.0
5537 0.1 60 0 0 4737 0.1 60 0 0 120 56.4 52.0 52.0
5537 0.1 60 0 0 4737 0.1 60 0 0 150 56.2 51.7 51.7
5537 0.1 60 0 0 4737 0.1 60 0 0 180 56.4 51.8 51.8
5537 0.1 60 0 0 4737 0.2 0 0 0 0 60.1 54.3 54.3
5537 0.1 60 0 0 4737 0.2 0 0 0 30 60.1 54.4 54.4
5537 0.1 60 0 0 4737 0.2 0 0 0 60 60.0 54.2 54.2
5537 0.1 60 0 0 4737 0.2 0 0 0 90 59.9 54.2 54.2
5537 0.1 60 0 0 4737 0.2 0 0 0 120 59.9 54.2 54.2
5537 0.1 60 0 0 4737 0.2 0 0 0 150 59.5 53.9 53.9
5537 0.1 60 0 0 4737 0.2 0 0 0 180 59.7 53.9 53.9
5537 0.1 60 0 0 4737 0.2 10 0 0 0 60.0 53.9 53.9
5537 0.1 60 0 0 4737 0.2 10 0 0 30 60.1 53.9 53.9
5537 0.1 60 0 0 4737 0.2 10 0 0 60 59.9 53.7 53.7
5537 0.1 60 0 0 4737 0.2 10 0 0 90 59.8 53.6 53.6
5537 0.1 60 0 0 4737 0.2 10 0 0 120 59.8 53.8 53.8
5537 0.1 60 0 0 4737 0.2 10 0 0 150 59.5 53.4 53.4
5537 0.1 60 0 0 4737 0.2 10 0 0 180 59.6 53.6 53.6
5537 0.1 60 0 0 4737 0.2 20 0 0 0 59.8 52.5 52.5
5537 0.1 60 0 0 4737 0.2 20 0 0 30 59.9 52.3 52.3
5537 0.1 60 0 0 4737 0.2 20 0 0 60 59.7 52.3 52.3
5537 0.1 60 0 0 4737 0.2 20 0 0 90 59.6 52.3 52.3
5537 0.1 60 0 0 4737 0.2 20 0 0 120 59.6 52.4 52.4
5537 0.1 60 0 0 4737 0.2 20 0 0 150 59.3 52.0 52.0
5537 0.1 60 0 0 4737 0.2 20 0 0 180 59.4 52.2 52.2
5537 0.1 60 0 0 4737 0.2 30 0 0 0 59.4 50.0 50.0
5537 0.1 60 0 0 4737 0.2 30 0 0 30 59.5 50.0 50.0
5537 0.1 60 0 0 4737 0.2 30 0 0 60 59.4 49.8 49.8
5537 0.1 60 0 0 4737 0.2 30 0 0 90 59.3 50.1 50.1
5537 0.1 60 0 0 4737 0.2 30 0 0 120 59.3 50.2 50.2
5537 0.1 60 0 0 4737 0.2 30 0 0 150 58.9 49.8 49.8
5537 0.1 60 0 0 4737 0.2 30 0 0 180 59.0 49.9 49.9
5537 0.1 60 0 0 4737 0.2 40 0 0 0 58.8 49.9 49.9
5537 0.1 60 0 0 4737 0.2 40 0 0 30 58.9 49.9 49.9
5537 0.1 60 0 0 4737 0.2 40 0 0 60 58.8 50.0 50.0
5537 0.1 60 0 0 4737 0.2 40 0 0 90 58.7 50.2 50.2
5537 0.1 60 0 0 4737 0.2 40 0 0 120 58.7 50.1 50.1
5537 0.1 60 0 0 4737 0.2 40 0 0 150 58.4 50.0 50.0
5537 0.1 60 0 0 4737 0.2 40 0 0 180 58.4 49.9 49.9
5537 0.1 60 0 0 4737 0.2 50 0 0 0 58.0 50.4 50.4
5537 0.1 60 0 0 4737 0.2 50 0 0 30 58.0 50.4 50.4
5537 0.1 60 0 0 4737 0.2 50 0 0 60 57.9 50.5 50.5
5537 0.1 60 0 0 4737 0.2 50 0 0 90 57.8 50.6 50.6
5537 0.1 60 0 0 4737 0.2 50 0 0 120 57.8 50.6 50.6
5537 0.1 60 0 0 4737 0.2 50 0 0 150 57.5 50.6 50.6
5537 0.1 60 0 0 4737 0.2 50 0 0 180 57.6 50.5 50.5
5537 0.1 60 0 0 4737 0.2 60 0 0 0 56.5 51.6 51.6
5537 0.1 60 0 0 4737 0.2 60 0 0 30 56.4 51.6 51.6
5537 0.1 60 0 0 4737 0.2 60 0 0 60 56.3 51.7 51.7
5537 0.1 60 0 0 4737 0.2 60 0 0 90 56.3 51.6 51.6
5537 0.1 60 0 0 4737 0.2 60 0 0 120 56.2 51.6 51.6
5537 0.1 60 0 0 4737 0.2 60 0 0 150 55.9 51.5 51.5
5537 0.1 60 0 0 4737 0.2 60 0 0 180 56.1 51.4 51.4
5537 0.1 60 0 0 4737 0.3 0 0 0 0 60.0 53.9 53.9
5537 0.1 60 0 0 4737 0.3 0 0 0 30 60.0 54.0 54.0
5537 0.1 60 0 0 4737 0.3 0 0 0 60 59.8 53.9 53.9
5537 0.1 60 0 0 4737 0.3 0 0 0 90 59.6 53.6 53.6
5537 0.1 60 0 0 4737 0.3 0 0 0 120 59.8 53.7 53.7
5537 0.1 60 0 0 4737 0.3 0 0 0 150 59.3 53.6 53.6
5537 0.1 60 0 0 4737 0.3 0 0 0 180 59.5 53.5 53.5
5537 0.1 60 0 0 4737 0.3 10 0 0 0 59.9 53.4 53.4
5537 0.1 60 0 0 4737 0.3 10 0 0 30 59.9 53.5 53.5
5537 0.1 60 0 0 4737 0.3 10 0 0 60 59.7 53.4 53.4
5537 0.1 60 0 0 4737 0.3 10 0 0 90 59.6 53.1 53.1
5537 0.1 60 0 0 4737 0.3 10 0 0 120 59.8 53.3 53.3
5537 0.1 60 0 0 4737 0.3 10 0 0 150 59.3 53.1 53.1
5537 0.1 60 0 0 4737 0.3 10 0 0 180 59.4 53.1 53.1
5537 0.1 60 0 0 4737 0.3 20 0 0 0 59.7 51.7 51.7
5537 0.1 60 0 0 4737 0.3 20 0 0 30 59.7 51.7 51.7
5537 0.1 60 0 0 4737 0.3 20 0 0 60 59.5 51.6 51.6
5537 0.1 60 0 0 4737 0.3 20 0 0 90 59.4 51.5 51.5
5537 0.1 60 0 0 4737 0.3 20 0 0 120 59.5 51.6 51.6
5537 0.1 60 0 0 4737 0.3 20 0 0 150 59.1 51.4 51.4
5537 0.1 60 0 0 4737 0.3 20 0 0 180 59.2 51.5 51.5
5537 0.1 60 0 0 4737 0.3 30 0 0 0 59.3 49.8 49.8
5537 0.1 60 0 0 4737 0.3 30 0 0 30 59.2 49.7 49.7
5537 0.1 60 0 0 4737 0.3 30 0 0 60 59.2 49.6 49.6
5537 0.1 60 0 0 4737 0.3 30 0 0 90 59.0 49.7 49.7
5537 0.1 60 0 0 4737 0.3 30 0 0 120 59.1 49.9 49.9
5537 0.1 60 0 0 4737 0.3 30 0 0 150 58.7 49.8 49.8
5537 0.1 60 0 0 4737 0.3 30 0 0 180 58.8 49.9 49.9
5537 0.1 60 0 0 4737 0.3 40 0 0 0 58.6 49.7 49.7
5537 0.1 60 0 0 4737 0.3 40 0 0 30 58.6 49.8 49.8
5537 0.1 60 0 0 4737 0.3 40 0 0 60 58.6 49.7 49.7
5537 0.1 60 0 0 4737 0.3 40 0 0 90 58.5 49.9 49.9
5537 0.1 60 0 0 4737 0.3 40 0 0 120 58.5 50.0 50.0
5537 0.1 60 0 0 4737 0.3 40 0 0 150 58.1 49.9 49.9
5537 0.1 60 0 0 4737 0.3 40 0 0 180 58.2 49.9 49.9
5537 0.1 60 0 0 4737 0.3 50 0 0 0 57.7 50.3 50.3
5537 0.1 60 0 0 4737 0.3 50 0 0 30 57.7 50.3 50.3
5537 0.1 60 0 0 4737 0.3 50 0 0 60 57.6 50.3 50.3
5537 0.1 60 0 0 4737 0.3 50 0 0 90 57.6 50.4 50.4
5537 0.1 60 0 0 4737 0.3 50 0 0 120 57.6 50.4 50.4
5537 0.1 60 0 0 4737 0.3 50 0 0 150 57.2 50.3 50.3
5537 0.1 60 0 0 4737 0.3 50 0 0 180 57.4 50.4 50.4
5537 0.1 60 0 0 4737 0.3 60 0 0 0 56.1 51.3 51.3
5537 0.1 60 0 0 4737 0.3 60 0 0 30 56.1 51.4 51.4
5537 0.1 60 0 0 4737 0.3 60 0 0 60 56.0 51.4 51.4
5537 0.1 60 0 0 4737 0.3 60 0 0 90 55.8 51.5 51.5
5537 0.1 60 0 0 4737 0.3 60 0 0 120 55.9 51.3 51.3
5537 0.1 60 0 0 4737 0.3 60 0 0 150 55.6 51.2 51.2
5537 0.1 60 0 0 4737 0.3 60 0 0 180 55.8 51.0 51.0
5537 0.1 60 0 0 4737 0.4 0 0 0 0 59.7 53.3 53.3
5537 0.1 60 0 0 4737 0.4 0 0 0 30 59.7 53.4 53.4
5537 0.1 60 0 0 4737 0.4 0 0 0 60 59.6 53.4 53.4
5537 0.1 60 0 0 4737 0.4 0 0 0 90 59.5 53.2 53.2
5537 0.1 60 0 0 4737 0.4 0 0 0 120 59.4 53.0 53.0
5537 0.1 60 0 0 4737 0.4 0 0 0 150 59.2 53.2 53.2
5537 0.1 60 0 0 4737 0.4 0 0 0 180 59.2 53.0 53.0
5537 0.1 60 0 0 4737 0.4 10 0 0 0 59.6 52.7 52.7
5537 0.1 60 0 0 4737 0.4 10 0 0 30 59.6 52.9 52.9
5537 0.1 60 0 0 4737 0.4 10 0 0 60 59.5 52.9 52.9
5537 0.1 60 0 0 4737 0.4 10 0 0 90 59.4 52.7 52.7
5537 0.1 60 0 0 4737 0.4 10 0 0 120 59.4 52.5 52.5
5537 0.1 60 0 0 4737 0.4 10 0 0 150 59.1 52.8 52.8
5537 0.1 60 0 0 4737 0.4 10 0 0 180 59.1 52.4 52.4
5537 0.1 60 0 0 4737 0.4 20 0 0 0 59.4 50.6 50.6
5537 0.1 60 0 0 4737 0.4 20 0 0 30 59.4 50.8 50.8
5537 0.1 60 0 0 4737 0.4 20 0 0 60 59.3 50.8 50.8
5537 0.1 60 0 0 4737 0.4 20 0 0 90 59.2 50.7 50.7
5537 0.1 60 0 0 4737 0.4 20 0 0 120 59.2 50.6 50.6
5537 0.1 60 0 0 4737 0.4 20 0 0 150 58.9 50.7 50.7
5537 0.1 60 0 0 4737 0.4 20 0 0 180 58.9 50.4 50.4
5537 0.1 60 0 0 4737 0.4 30 0 0 0 59.0 49.8 49.8
5537 0.1 60 0 0 4737 0.4 30 0 0 30 58.9 49.9 49.9
5537 0.1 60 0 0 4737 0.4 30 0 0 60 58.9 49.8 49.8
5537 0.1 60 0 0 4737 0.4 30 0 0 90 58.8 49.8 49.8
5537 0.1 60 0 0 4737 0.4 30 0 0 120 58.8 49.8 49.8
5537 0.1 60 0 0 4737 0.4 30 0 0 150 58.5 49.9 49.9
5537 0.1 60 0 0 4737 0.4 30 0 0 180 58.5 49.9 49.9
5537 0.1 60 0 0 4737 0.4 40 0 0 0 58.4 49.9 49.9
5537 0.1 60 0 0 4737 0.4 40 0 0 30 58.3 49.9 49.9
5537 0.1 60 0 0 4737 0.4 40 0 0 60 58.3 49.9 49.9
5537 0.1 60 0 0 4737 0.4 40 0 0 90 58.2 49.9 49.9
5537 0.1 60 0 0 4737 0.4 40 0 0 120 58.2 50.0 50.0
5537 0.1 60 0 0 4737 0.4 40 0 0 150 57.8 50.0 50.0
5537 0.1 60 0 0 4737 0.4 40 0 0 180 57.9 50.0 50.0
5537 0.1 60 0 0 4737 0.4 50 0 0 0 57.4 50.2 50.2
5537 0.1 60 0 0 4737 0.4 50 0 0 30 57.4 50.3 50.3
5537 0.1 60 0 0 4737 0.4 50 0 0 60 57.3 50.2 50.2
5537 0.1 60 0 0 4737 0.4 50 0 0 90 57.2 50.2 50.2
5537 0.1 60 0 0 4737 0.4 50 0 0 120 57.2 50.4 50.4
5537 0.1 60 0 0 4737 0.4 50 0 0 150 56.9 50.2 50.2
5537 0.1 60 0 0 4737 0.4 50 0 0 180 57.0 50.3 50.3
5537 0.1 60 0 0 4737 0.4 60 0 0 0 55.5 51.0 51.0
5537 0.1 60 0 0 4737 0.4 60 0 0 30 55.4 51.1 51.1
5537 0.1 60 0 0 4737 0.4 60 0 0 60 55.5 51.1 51.1
5537 0.1 60 0 0 4737 0.4 60 0 0 90 55.4 51.2 51.2
5537 0.1 60 0 0 4737 0.4 60 0 0 120 55.3 51.3 51.3
5537 0.1 60 0 0 4737 0.4 60 0 0 150 55.1 51.0 51.0
5537 0.1 60 0 0 4737 0.4 60 0 0 180 55.1 50.8 50.8
5537 0.1 60 0 0 4737 0.5 0 0 0 0 59.3 52.4 52.4
5537 0.1 60 0 0 4737 0.5 0 0 0 30 59.3 52.5 52.5
5537 0.1 60 0 0 4737 0.5 0 0 0 60 59.3 52.4 52.4
5537 0.1 60 0 0 4737 0.5 0 0 0 90 59.3 52.4 52.4
5537 0.1 60 0 0 4737 0.5 0 0 0 120 59.2 52.3 52.3
5537 0.1 60 0 0 4737 0.5 0 0 0 150 59.0 52.4 52.4
5537 0.1 60 0 0 4737 0.5 0 0 0 180 58.8 52.0 52.0
5537 0.1 60 0 0 4737 0.5 10 0 0 0 59.3 51.5 51.5
5537 0.1 60 0 0 4737 0.5 10 0 0 30 59.2 51.6 51.6
5537 0.1 60 0 0 4737 0.5 10 0 0 60 59.2 51.7 51.7
5537 0.1 60 0 0 4737 0.5 10 0 0 90 59.2 51.8 51.8
5537 0.1 60 0 0 4737 0.5 10 0 0 120 59.1 51.5 51.5
5537 0.1 60 0 0 4737 0.5 10 0 0 150 58.9 51.6 51.6
5537 0.1 60 0 0 4737 0.5 10 0 0 180 58.8 51.2 51.2
5537 0.1 60 0 0 4737 0.5 20 0 0 0 59.1 50.4 50.4
5537 0.1 60 0 0 4737 0.5 20 0 0 30 59.0 50.5 50.5
5537 0.1 60 0 0 4737 0.5 20 0 0 60 59.0 50.6 50.6
5537 0.1 60 0 0 4737 0.5 20 0 0 90 59.0 50.7 50.7
5537 0.1 60 0 0 4737 0.5 20 0 0 120 58.9 50.5 50.5
5537 0.1 60 0 0 4737 0.5 20 0 0 150 58.6 50.5 50.5
5537 0.1 60 0 0 4737 0.5 20 0 0 180 58.6 50.1 50.1
5537 0.1 60 0 0 4737 0.5 30 0 0 0 58.7 49.9 49.9
5537 0.1 60 0 0 4737 0.5 30 0 0 30 58.6 49.9 49.9
5537 0.1 60 0 0 4737 0.5 30 0 0 60 58.5 50.0 50.0
5537 0.1 60 0 0 4737 0.5 30 0 0 90 58.5 50.1 50.1
5537 0.1 60 0 0 4737 0.5 30 0 0 120 58.5 50.0 50.0
5537 0.1 60 0 0 4737 0.5 30 0 0 150 58.2 50.1 50.1
5537 0.1 60 0 0 4737 0.5 30 0 0 180 58.2 49.9 49.9
5537 0.1 60 0 0 4737 0.5 40 0 0 0 58.0 49.9 49.9
5537 0.1 60 0 0 4737 0.5 40 0 0 30 58.0 50.0 50.0
5537 0.1 60 0 0 4737 0.5 40 0 0 60 58.0 50.0 50.0
5537 0.1 60 0 0 4737 0.5 40 0 0 90 57.9 50.0 50.0
5537 0.1 60 0 0 4737 0.5 40 0 0 120 57.8 50.0 50.0
5537 0.1 60 0 0 4737 0.5 40 0 0 150 57.6 50.1 50.1
5537 0.1 60 0 0 4737 0.5 40 0 0 180 57.6 50.0 50.0
5537 0.1 60 0 0 4737 0.5 50 0 0 0 57.0 50.3 50.3
5537 0.1 60 0 0 4737 0.5 50 0 0 30 57.0 50.3 50.3
5537 0.1 60 0 0 4737 0.5 50 0 0 60 57.0 50.4 50.4
5537 0.1 60 0 0 4737 0.5 50 0 0 90 56.9 50.3 50.3
5537 0.1 60 0 0 4737 0.5 50 0 0 120 56.8 50.3 50.3
5537 0.1 60 0 0 4737 0.5 50 0 0 150 56.6 50.3 50.3
5537 0.1 60 0 0 4737 0.5 50 0 0 180 56.6 50.2 50.2
5537 0.1 60 0 0 4737 0.5 60 0 0 0 55.2 50.9 50.9
5537 0.1 60 0 0 4737 0.5 60 0 0 30 55.2 50.9 50.9
5537 0.1 60 0 0 4737 0.5 60 0 0 60 55.2 51.0 51.0
5537 0.1 60 0 0 4737 0.5 60 0 0 90 55.2 51.0 51.0
5537 0.1 60 0 0 4737 0.5 60 0 0 120 55.1 51.0 51.0
5537 0.1 60 0 0 4737 0.5 60 0 0 150 54.8 50.8 50.8
5537 0.1 60 0 0 4737 0.5 60 0 0 180 54.8 50.6 50.6
5537 0.1 60 0 0 4937 0.0 0 0 0 0 60.8 55.3 55.3
5537 0.1 60 0 0 4937 0.0 0 0 0 30 60.7 55.4 55.4
5537 0.1 60 0 0 4937 0.0 0 0 0 60 60.7 55.5 55.5
5537 0.1 60 0 0 4937 0.0 0 0 0 90 60.5 55.5 55.5
5537 0.1 60 0 0 4937 0.0 0 0 0 120 60.4 55.5 55.5
5537 0.1 60 0 0 4937 0.0 0 0 0 150 60.3 55.5 55.5
5537 0.1 60 0 0 4937 0.0 0 0 0 180 60.3 55.5 55.5
5537 0.1 60 0 0 4937 0.0 10 0 0 0 60.7 54.9 54.9
5537 0.1 60 0 0 4937 0.0 10 0 0 30 60.7 55.0 55.0
5537 0.1 60 0 0 4937 0.0 10 0 0 60 60.6 55.2 55.2
5537 0.1 60 0 0 4937 0.0 10 0 0 90 60.5 55.1 55.1
5537 0.1 60 0 0 4937 0.0 10 0 0 120 60.4 55.2 55.2
5537 0.1 60 0 0 4937 0.0 10 0 0 150 60.2 55.1 55.1
5537 0.1 60 0 0 4937 0.0 10 0 0 180 60.2 55.1 55.1
5537 0.1 60 0 0 4937 0.0 20 0 0 0 60.5 53.6 53.6
5537 0.1 60 0 0 4937 0.0 20 0 0 30 60.5 53.9 53.9
5537 0.1 60 0 0 4937 0.0 20 0 0 60 60.4 53.8 53.8
5537 0.1 60 0 0 4937 0.0 20 0 0 90 60.3 53.9 53.9
5537 0.1 60 0 0 4937 0.0 20 0 0 120 60.2 53.9 53.9
5537 0.1 60 0 0 4937 0.0 20 0 0 150 60.0 53.9 53.9
5537 0.1 60 0 0 4937 0.0 20 0 0 180 60.1 53.9 53.9
5537 0.1 60 0 0 4937 0.0 30 0 0 0 60.2 50.9 50.9
5537 0.1 60 0 0 4937 0.0 30 0 0 30 60.1 50.8 50.8
5537 0.1 60 0 0 4937 0.0 30 0 0 60 60.0 50.9 50.9
5537 0.1 60 0 0 4937 0.0 30 0 0 90 59.9 50.9 50.9
5537 0.1 60 0 0 4937 0.0 30 0 0 120 59.8 51.0 51.0
5537 0.1 60 0 0 4937 0.0 30 0 0 150 59.7 51.1 51.1
5537 0.1 60 0 0 4937 0.0 30 0 0 180 59.7 51.2 51.2
5537 0.1 60 0 0 4937 0.0 40 0 0 0 59.6 50.7 50.7
5537 0.1 60 0 0 4937 0.0 40 0 0 30 59.6 50.7 50.7
5537 0.1 60 0 0 4937 0.0 40 0 0 60 59.5 50.8 50.8
5537 0.1 60 0 0 4937 0.0 40 0 0 90 59.4 50.8 50.8
5537 0.1 60 0 0 4937 0.0 40 0 0 120 59.3 51.0 51.0
5537 0.1 60 0 0 4937 0.0 40 0 0 150 59.1 51.1 51.1
5537 0.1 60 0 0 4937 0.0 40 0 0 180 59.2 51.1 51.1
5537 0.1 60 0 0 4937 0.0 50 0 0 0 58.8 51.4 51.4
5537 0.1 60 0 0 4937 0.0 50 0 0 30 58.7 51.5 51.5
5537 0.1 60 0 0 4937 0.0 50 0 0 60 58.7 51.4 51.4
5537 0.1 60 0 0 4937 0.0 50 0 0 90 58.5 51.4 51.4
5537 0.1 60 0 0 4937 0.0 50 0 0 120 58.5 51.5 51.5
5537 0.1 60 0 0 4937 0.0 50 0 0 150 58.4 51.5 51.5
5537 0.1 60 0 0 4937 0.0 50 0 0 180 58.4 51.6 51.6
5537 0.1 60 0 0 4937 0.0 60 0 0 0 57.5 52.8 52.8
5537 0.1 60 0 0 4937 0.0 60 0 0 30 57.3 53.0 53.0
5537 0.1 60 0 0 4937 0.0 60 0 0 60 57.4 52.9 52.9
5537 0.1 60 0 0 4937 0.0 60 0 0 90 57.1 52.9 52.9
5537 0.1 60 0 0 4937 0.0 60 0 0 120 57.0 52.9 52.9
5537 0.1 60 0 0 4937 0.0 60 0 0 150 57.1 52.8 52.8
5537 0.1 60 0 0 4937 0.0 60 0 0 180 57.0 52.7 52.7
5537 0.1 60 0 0 4937 0.1 0 0 0 0 60.5 55.0 55.0
5537 0.1 60 0 0 4937 0.1 0 0 0 30 60.5 55.1 55.1
5537 0.1 60 0 0 4937 0.1 0 0 0 60 60.5 55.2 55.2
5537 0.1 60 0 0 4937 0.1 0 0 0 90 60.3 55.1 55.1
5537 0.1 60 0 0 4937 0.1 0 0 0 120 60.3 55.2 55.2
5537 0.1 60 0 0 4937 0.1 0 0 0 150 60.1 55.1 55.1
5537 0.1 60 0 0 4937 0.1 0 0 0 180 60.2 55.1 55.1
5537 0.1 60 0 0 4937 0.1 10 0 0 0 60.4 54.6 54.6
5537 0.1 60 0 0 4937 0.1 10 0 0 30 60.5 54.6 54.6
5537 0.1 60 0 0 4937 0.1 10 0 0 60 60.4 54.8 54.8
5537 0.1 60 0 0 4937 0.1 10 0 0 90 60.2 54.7 54.7
5537 0.1 60 0 0 4937 0.1 10 0 0 120 60.2 54.8 54.8
5537 0.1 60 0 0 4937 0.1 10 0 0 150 60.1 54.7 54.7
5537 0.1 60 0 0 4937 0.1 10 0 0 180 60.1 54.7 54.7
5537 0.1 60 0 0 4937 0.1 20 0 0 0 60.2 53.3 53.3
5537 0.1 60 0 0 4937 0.1 20 0 0 30 60.3 53.5 53.5
5537 0.1 60 0 0 4937 0.1 20 0 0 60 60.3 53.5 53.5
5537 0.1 60 0 0 4937 0.1 20 0 0 90 60.0 53.5 53.5
5537 0.1 60 0 0 4937 0.1 20 0 0 120 60.0 53.5 53.5
5537 0.1 60 0 0 4937 0.1 20 0 0 150 59.9 53.5 53.5
5537 0.1 60 0 0 4937 0.1 20 0 0 180 60.0 53.4 53.4
5537 0.1 60 0 0 4937 0.1 30 0 0 0 59.9 50.5 50.5
5537 0.1 60 0 0 4937 0.1 30 0 0 30 60.0 50.5 50.5
5537 0.1 60 0 0 4937 0.1 30 0 0 60 59.9 50.5 50.5
5537 0.1 60 0 0 4937 0.1 30 0 0 90 59.7 50.5 50.5
5537 0.1 60 0 0 4937 0.1 30 0 0 120 59.7 50.5 50.5
5537 0.1 60 0 0 4937 0.1 30 0 0 150 59.5 50.6 50.6
5537 0.1 60 0 0 4937 0.1 30 0 0 180 59.6 50.8 50.8
5537 0.1 60 0 0 4937 0.1 40 0 0 0 59.3 50.5 50.5
5537 0.1 60 0 0 4937 0.1 40 0 0 30 59.4 50.4 50.4
5537 0.1 60 0 0 4937 0.1 40 0 0 60 59.4 50.4 50.4
5537 0.1 60 0 0 4937 0.1 40 0 0 90 59.1 50.4 50.4
5537 0.1 60 0 0 4937 0.1 40 0 0 120 59.1 50.4 50.4
5537 0.1 60 0 0 4937 0.1 40 0 0 150 59.0 50.6 50.6
5537 0.1 60 0 0 4937 0.1 40 0 0 180 59.0 50.7 50.7
5537 0.1 60 0 0 4937 0.1 50 0 0 0 58.5 51.1 51.1
5537 0.1 60 0 0 4937 0.1 50 0 0 30 58.5 51.1 51.1
5537 0.1 60 0 0 4937 0.1 50 0 0 60 58.5 51.0 51.0
5537 0.1 60 0 0 4937 0.1 50 0 0 90 58.3 51.0 51.0
5537 0.1 60 0 0 4937 0.1 50 0 0 120 58.2 51.1 51.1
5537 0.1 60 0 0 4937 0.1 50 0 0 150 58.1 51.1 51.1
5537 0.1 60 0 0 4937 0.1 50 0 0 180 58.1 51.2 51.2
5537 0.1 60 0 0 4937 0.1 60 0 0 0 57.2 52.3 52.3
5537 0.1 60 0 0 4937 0.1 60 0 0 30 57.1 52.5 52.5
5537 0.1 60 0 0 4937 0.1 60 0 0 60 57.0 52.5 52.5
5537 0.1 60 0 0 4937 0.1 60 0 0 90 57.0 52.5 52.5
5537 0.1 60 0 0 4937 0.1 60 0 0 120 56.8 52.6 52.6
5537 0.1 60 0 0 4937 0.1 60 0 0 150 56.9 52.4 52.4
5537 0.1 60 0 0 4937 0.1 60 0 0 180 56.7 52.4 52.4
5537 0.1 60 0 0 4937 0.2 0 0 0 0 60.3 54.6 54.6
5537 0.1 60 0 0 4937 0.2 0 0 0 30 60.3 54.6 54.6
5537 0.1 60 0 0 4937 0.2 0 0 0 60 60.3 54.9 54.9
5537 0.1 60 0 0 4937 0.2 0 0 0 90 60.1 54.8 54.8
5537 0.1 60 0 0 4937 0.2 0 0 0 120 60.1 54.8 54.8
5537 0.1 60 0 0 4937 0.2 0 0 0 150 59.9 54.8 54.8
5537 0.1 60 0 0 4937 0.2 0 0 0 180 59.9 54.6 54.6
5537 0.1 60 0 0 4937 0.2 10 0 0 0 60.2 54.2 54.2
5537 0.1 60 0 0 4937 0.2 10 0 0 30 60.2 54.2 54.2
5537 0.1 60 0 0 4937 0.2 10 0 0 60 60.2 54.5 54.5
5537 0.1 60 0 0 4937 0.2 10 0 0 90 60.1 54.3 54.3
5537 0.1 60 0 0 4937 0.2 10 0 0 120 60.0 54.4 54.4
5537 0.1 60 0 0 4937 0.2 10 0 0 150 59.9 54.3 54.3
5537 0.1 60 0 0 4937 0.2 10 0 0 180 59.9 54.2 54.2
5537 0.1 60 0 0 4937 0.2 20 0 0 0 60.0 53.0 53.0
5537 0.1 60 0 0 4937 0.2 20 0 0 30 60.0 53.0 53.0
5537 0.1 60 0 0 4937 0.2 20 0 0 60 60.1 53.0 53.0
5537 0.1 60 0 0 4937 0.2 20 0 0 90 59.9 53.1 53.1
5537 0.1 60 0 0 4937 0.2 20 0 0 120 59.8 53.0 53.0
5537 0.1 60 0 0 4937 0.2 20 0 0 150 59.7 53.0 53.0
5537 0.1 60 0 0 4937 0.2 20 0 0 180 59.7 52.9 52.9
5537 0.1 60 0 0 4937 0.2 30 0 0 0 59.7 50.3 50.3
5537 0.1 60 0 0 4937 0.2 30 0 0 30 59.7 50.2 50.2
5537 0.1 60 0 0 4937 0.2 30 0 0 60 59.7 50.3 50.3
5537 0.1 60 0 0 4937 0.2 30 0 0 90 59.5 50.2 50.2
5537 0.1 60 0 0 4937 0.2 30 0 0 120 59.5 50.2 50.2
5537 0.1 60 0 0 4937 0.2 30 0 0 150 59.3 50.3 50.3
5537 0.1 60 0 0 4937 0.2 30 0 0 180 59.4 50.4 50.4
5537 0.1 60 0 0 4937 0.2 40 0 0 0 59.1 50.2 50.2
5537 0.1 60 0 0 4937 0.2 40 0 0 30 59.1 50.2 50.2
5537 0.1 60 0 0 4937 0.2 40 0 0 60 59.2 50.2 50.2
5537 0.1 60 0 0 4937 0.2 40 0 0 90 59.0 50.1 50.1
5537 0.1 60 0 0 4937 0.2 40 0 0 120 58.9 50.1 50.1
5537 0.1 60 0 0 4937 0.2 40 0 0 150 58.8 50.2 50.2
5537 0.1 60 0 0 4937 0.2 40 0 0 180 58.8 50.3 50.3
5537 0.1 60 0 0 4937 0.2 50 0 0 0 58.2 50.9 50.9
5537 0.1 60 0 0 4937 0.2 50 0 0 30 58.3 51.0 51.0
5537 0.1 60 0 0 4937 0.2 50 0 0 60 58.3 50.9 50.9
5537 0.1 60 0 0 4937 0.2 50 0 0 90 58.1 50.9 50.9
5537 0.1 60 0 0 4937 0.2 50 0 0 120 58.0 50.9 50.9
5537 0.1 60 0 0 4937 0.2 50 0 0 150 58.0 50.8 50.8
5537 0.1 60 0 0 4937 0.2 50 0 0 180 58.0 50.8 50.8
5537 0.1 60 0 0 4937 0.2 60 0 0 0 56.8 52.0 52.0
5537 0.1 60 0 0 4937 0.2 60 0 0 30 56.9 52.1 52.1
5537 0.1 60 0 0 4937 0.2 60 0 0 60 56.8 52.1 52.1
5537 0.1 60 0 0 4937 0.2 60 0 0 90 56.7 52.1 52.1
5537 0.1 60 0 0 4937 0.2 60 0 0 120 56.6 52.2 52.2
5537 0.1 60 0 0 4937 0.2 60 0 0 150 56.5 52.2 52.2
5537 0.1 60 0 0 4937 0.2 60 0 0 180 56.5 52.0 52.0
5537 0.1 60 0 0 4937 0.3 0 0 0 0 60.0 54.2 54.2
5537 0.1 60 0 0 4937 0.3 0 0 0 30 60.1 54.3 54.3
5537 0.1 60 0 0 4937 0.3 0 0 0 60 60.1 54.4 54.4
5537 0.1 60 0 0 4937 0.3 0 0 0 90 60.0 54.4 54.4
5537 0.1 60 0 0 4937 0.3 0 0 0 120 59.8 54.3 54.3
5537 0.1 60 0 0 4937 0.3 0 0 0 150 59.7 54.4 54.4
5537 0.1 60 0 0 4937 0.3 0 0 0 180 59.7 54.1 54.1
5537 0.1 60 0 0 4937 0.3 10 0 0 0 59.9 53.8 53.8
5537 0.1 60 0 0 4937 0.3 10 0 0 30 60.0 53.9 53.9
5537 0.1 60 0 0 4937 0.3 10 0 0 60 60.0 53.9 53.9
5537 0.1 60 0 0 4937 0.3 10 0 0 90 59.9 54.0 54.0
5537 0.1 60 0 0 4937 0.3 10 0 0 120 59.7 53.9 53.9
5537 0.1 60 0 0 4937 0.3 10 0 0 150 59.7 53.8 53.8
5537 0.1 60 0 0 4937 0.3 10 0 0 180 59.6 53.7 53.7
5537 0.1 60 0 0 4937 0.3 20 0 0 0 59.7 52.5 52.5
5537 0.1 60 0 0 4937 0.3 20 0 0 30 59.8 52.4 52.4
5537 0.1 60 0 0 4937 0.3 20 0 0 60 59.8 52.5 52.5
5537 0.1 60 0 0 4937 0.3 20 0 0 90 59.7 52.5 52.5
5537 0.1 60 0 0 4937 0.3 20 0 0 120 59.5 52.4 52.4
5537 0.1 60 0 0 4937 0.3 20 0 0 150 59.5 52.4 52.4
5537 0.1 60 0 0 4937 0.3 20 0 0 180 59.4 52.2 52.2
5537 0.1 60 0 0 4937 0.3 30 0 0 0 59.4 50.4 50.4
5537 0.1 60 0 0 4937 0.3 30 0 0 30 59.5 50.3 50.3
5537 0.1 60 0 0 4937 0.3 30 0 0 60 59.5 50.3 50.3
5537 0.1 60 0 0 4937 0.3 30 0 0 90 59.4 50.2 50.2
5537 0.1 60 0 0 4937 0.3 30 0 0 120 59.2 50.1 50.1
5537 0.1 60 0 0 4937 0.3 30 0 0 150 59.1 50.1 50.1
5537 0.1 60 0 0 4937 0.3 30 0 0 180 59.1 50.0 50.0
5537 0.1 60 0 0 4937 0.3 40 0 0 0 58.8 50.3 50.3
5537 0.1 60 0 0 4937 0.3 40 0 0 30 58.9 50.3 50.3
5537 0.1 60 0 0 4937 0.3 40 0 0 60 58.9 50.3 50.3
5537 0.1 60 0 0 4937 0.3 40 0 0 90 58.8 50.2 50.2
5537 0.1 60 0 0 4937 0.3 40 0 0 120 58.6 50.1 50.1
5537 0.1 60 0 0 4937 0.3 40 0 0 150 58.6 50.0 50.0
5537 0.1 60 0 0 4937 0.3 40 0 0 180 58.6 50.1 50.1
5537 0.1 60 0 0 4937 0.3 50 0 0 0 57.9 50.9 50.9
5537 0.1 60 0 0 4937 0.3 50 0 0 30 58.0 50.9 50.9
5537 0.1 60 0 0 4937 0.3 50 0 0 60 58.1 50.7 50.7
5537 0.1 60 0 0 4937 0.3 50 0 0 90 57.9 50.7 50.7
5537 0.1 60 0 0 4937 0.3 50 0 0 120 57.8 50.7 50.7
5537 0.1 60 0 0 4937 0.3 50 0 0 150 57.7 50.6 50.6
5537 0.1 60 0 0 4937 0.3 50 0 0 180 57.7 50.6 50.6
5537 0.1 60 0 0 4937 0.3 60 0 0 0 56.4 51.6 51.6
5537 0.1 60 0 0 4937 0.3 60 0 0 30 56.6 51.7 51.7
5537 0.1 60 0 0 4937 0.3 60 0 0 60 56.6 51.6 51.6
5537 0.1 60 0 0 4937 0.3 60 0 0 90 56.3 51.7 51.7
5537 0.1 60 0 0 4937 0.3 60 0 0 120 56.3 51.9 51.9
5537 0.1 60 0 0 4937 0.3 60 0 0 150 56.2 51.9 51.9
5537 0.1 60 0 0 4937 0.3 60 0 0 180 56.3 51.7 51.7
5537 0.1 60 0 0 4937 0.4 0 0 0 0 59.8 53.7 53.7
5537 0.1 60 0 0 4937 0.4 0 0 0 30 59.8 53.8 53.8
5537 0.1 60 0 0 4937 0.4 0 0 0 60 59.8 53.9 53.9
5537 0.1 60 0 0 4937 0.4 0 0 0 90 59.7 53.8 53.8
5537 0.1 60 0 0 4937 0.4 0 0 0 120 59.6 53.9 53.9
5537 0.1 60 0 0 4937 0.4 0 0 0 150 59.5 53.8 53.8
5537 0.1 60 0 0 4937 0.4 0 0 0 180 59.5 53.6 53.6
5537 0.1 60 0 0 4937 0.4 10 0 0 0 59.7 53.3 53.3
5537 0.1 60 0 0 4937 0.4 10 0 0 30 59.8 53.4 53.4
5537 0.1 60 0 0 4937 0.4 10 0 0 60 59.8 53.4 53.4
5537 0.1 60 0 0 4937 0.4 10 0 0 90 59.7 53.4 53.4
5537 0.1 60 0 0 4937 0.4 10 0 0 120 59.5 53.4 53.4
5537 0.1 60 0 0 4937 0.4 10 0 0 150 59.4 53.3 53.3
5537 0.1 60 0 0 4937 0.4 10 0 0 180 59.4 53.1 53.1
5537 0.1 60 0 0 4937 0.4 20 0 0 0 59.5 51.5 51.5
5537 0.1 60 0 0 4937 0.4 20 0 0 30 59.5 51.5 51.5
5537 0.1 60 0 0 4937 0.4 20 0 0 60 59.6 51.5 51.5
5537 0.1 60 0 0 4937 0.4 20 0 0 90 59.5 51.5 51.5
5537 0.1 60 0 0 4937 0.4 20 0 0 120 59.3 51.4 51.4
5537 0.1 60 0 0 4937 0.4 20 0 0 150 59.2 51.3 51.3
5537 0.1 60 0 0 4937 0.4 20 0 0 180 59.2 51.1 51.1
5537 0.1 60 0 0 4937 0.4 30 0 0 0 59.1 50.3 50.3
5537 0.1 60 0 0 4937 0.4 30 0 0 30 59.2 50.4 50.4
5537 0.1 60 0 0 4937 0.4 30 0 0 60 59.2 50.3 50.3
5537 0.1 60 0 0 4937 0.4 30 0 0 90 59.1 50.2 50.2
5537 0.1 60 0 0 4937 0.4 30 0 0 120 59.0 50.2 50.2
5537 0.1 60 0 0 4937 0.4 30 0 0 150 58.9 50.1 50.1
5537 0.1 60 0 0 4937 0.4 30 0 0 180 58.9 50.1 50.1
5537 0.1 60 0 0 4937 0.4 40 0 0 0 58.6 50.3 50.3
5537 0.1 60 0 0 4937 0.4 40 0 0 30 58.6 50.3 50.3
5537 0.1 60 0 0 4937 0.4 40 0 0 60 58.6 50.3 50.3
5537 0.1 60 0 0 4937 0.4 40 0 0 90 58.6 50.3 50.3
5537 0.1 60 0 0 4937 0.4 40 0 0 120 58.4 50.2 50.2
5537 0.1 60 0 0 4937 0.4 40 0 0 150 58.3 50.1 50.1
5537 0.1 60 0 0 4937 0.4 40 0 0 180 58.3 50.0 50.0
5537 0.1 60 0 0 4937 0.4 50 0 0 0 57.7 50.9 50.9
5537 0.1 60 0 0 4937 0.4 50 0 0 30 57.7 50.9 50.9
5537 0.1 60 0 0 4937 0.4 50 0 0 60 57.8 50.9 50.9
5537 0.1 60 0 0 4937 0.4 50 0 0 90 57.7 50.8 50.8
5537 0.1 60 0 0 4937 0.4 50 0 0 120 57.5 50.8 50.8
5537 0.1 60 0 0 4937 0.4 50 0 0 150 57.4 50.5 50.5
5537 0.1 60 0 0 4937 0.4 50 0 0 180 57.5 50.4 50.4
5537 0.1 60 0 0 4937 0.4 60 0 0 0 55.9 51.3 51.3
5537 0.1 60 0 0 4937 0.4 60 0 0 30 55.9 51.4 51.4
5537 0.1 60 0 0 4937 0.4 60 0 0 60 56.0 51.3 51.3
5537 0.1 60 0 0 4937 0.4 60 0 0 90 56.0 51.3 51.3
5537 0.1 60 0 0 4937 0.4 60 0 0 120 55.8 51.6 51.6
5537 0.1 60 0 0 4937 0.4 60 0 0 150 55.8 51.5 51.5
5537 0.1 60 0 0 4937 0.4 60 0 0 180 55.9 51.3 51.3
5537 0.1 60 0 0 4937 0.5 0 0 0 0 59.5 53.0 53.0
5537 0.1 60 0 0 4937 0.5 0 0 0 30 59.6 53.1 53.1
5537 0.1 60 0 0 4937 0.5 0 0 0 60 59.5 53.1 53.1
5537 0.1 60 0 0 4937 0.5 0 0 0 90 59.5 53.1 53.1
5537 0.1 60 0 0 4937 0.5 0 0 0 120 59.4 53.2 53.2
5537 0.1 60 0 0 4937 0.5 0 0 0 150 59.2 53.0 53.0
5537 0.1 60 0 0 4937 0.5 0 0 0 180 59.2 52.8 52.8
5537 0.1 60 0 0 4937 0.5 10 0 0 0 59.5 52.4 52.4
5537 0.1 60 0 0 4937 0.5 10 0 0 30 59.5 52.5 52.5
5537 0.1 60 0 0 4937 0.5 10 0 0 60 59.4 52.5 52.5
5537 0.1 60 0 0 4937 0.5 10 0 0 90 59.4 52.4 52.4
5537 0.1 60 0 0 4937 0.5 10 0 0 120 59.3 52.5 52.5
5537 0.1 60 0 0 4937 0.5 10 0 0 150 59.1 52.3 52.3
5537 0.1 60 0 0 4937 0.5 10 0 0 180 59.1 52.1 52.1
5537 0.1 60 0 0 4937 0.5 20 0 0 0 59.3 51.3 51.3
5537 0.1 60 0 0 4937 0.5 20 0 0 30 59.3 51.3 51.3
5537 0.1 60 0 0 4937 0.5 20 0 0 60 59.2 51.2 51.2
5537 0.1 60 0 0 4937 0.5 20 0 0 90 59.2 51.1 51.1
5537 0.1 60 0 0 4937 0.5 20 0 0 120 59.1 51.2 51.2
5537 0.1 60 0 0 4937 0.5 20 0 0 150 58.9 50.9 50.9
5537 0.1 60 0 0 4937 0.5 20 0 0 180 58.9 50.7 50.7
5537 0.1 60 0 0 4937 0.5 30 0 0 0 58.9 50.6 50.6
5537 0.1 60 0 0 4937 0.5 30 0 0 30 58.9 50.6 50.6
5537 0.1 60 0 0 4937 0.5 30 0 0 60 58.9 50.5 50.5
5537 0.1 60 0 0 4937 0.5 30 0 0 90 58.8 50.4 50.4
5537 0.1 60 0 0 4937 0.5 30 0 0 120 58.7 50.5 50.5
5537 0.1 60 0 0 4937 0.5 30 0 0 150 58.6 50.2 50.2
5537 0.1 60 0 0 4937 0.5 30 0 0 180 58.5 50.1 50.1
5537 0.1 60 0 0 4937 0.5 40 0 0 0 58.3 50.6 50.6
5537 0.1 60 0 0 4937 0.5 40 0 0 30 58.3 50.6 50.6
5537 0.1 60 0 0 4937 0.5 40 0 0 60 58.3 50.5 50.5
5537 0.1 60 0 0 4937 0.5 40 0 0 90 58.3 50.4 50.4
5537 0.1 60 0 0 4937 0.5 40 0 0 120 58.1 50.4 50.4
5537 0.1 60 0 0 4937 0.5 40 0 0 150 58.0 50.2 50.2
5537 0.1 60 0 0 4937 0.5 40 0 0 180 58.0 50.1 50.1
5537 0.1 60 0 0 4937 0.5 50 0 0 0 57.3 50.9 50.9
5537 0.1 60 0 0 4937 0.5 50 0 0 30 57.3 50.9 50.9
5537 0.1 60 0 0 4937 0.5 50 0 0 60 57.4 50.9 50.9
5537 0.1 60 0 0 4937 0.5 50 0 0 90 57.4 50.9 50.9
5537 0.1 60 0 0 4937 0.5 50 0 0 120 57.1 51.0 51.0
5537 0.1 60 0 0 4937 0.5 50 0 0 150 57.1 50.8 50.8
5537 0.1 60 0 0 4937 0.5 50 0 0 180 57.1 50.5 50.5
5537 0.1 60 0 0 4937 0.5 60 0 0 0 55.5 51.1 51.1
5537 0.1 60 0 0 4937 0.5 60 0 0 30 55.5 51.1 51.1
5537 0.1 60 0 0 4937 0.5 60 0 0 60 55.5 51.1 51.1
5537 0.1 60 0 0 4937 0.5 60 0 0 90 55.5 51.1 51.1
5537 0.1 60 0 0 4937 0.5 60 0 0 120 55.3 51.4 51.4
5537 0.1 60 0 0 4937 0.5 60 0 0 150 55.3 51.3 51.3
5537 0.1 60 0 0 4937 0.5 60 0 0 180 55.5 51.1 51.1
5537 0.1 60 0 0 5137 0.0 0 0 0 0 60.9 56.7 56.7
5537 0.1 60 0 0 5137 0.0 0 0 0 30 61.3 56.8 56.8
5537 0.1 60 0 0 5137 0.0 0 0 0 60 61.4 56.5 56.5
5537 0.1 60 0 0 5137 0.0 0 0 0 90 61.4 56.1 56.1
5537 0.1 60 0 0 5137 0.0 0 0 0 120 61.2 55.8 55.8
5537 0.1 60 0 0 5137 0.0 0 0 0 150 60.9 55.3 55.3
5537 0.1 60 0 0 5137 0.0 0 0 0 180 60.6 55.0 55.0
5537 0.1 60 0 0 5137 0.0 10 0 0 0 60.8 56.2 56.2
5537 0.1 60 0 0 5137 0.0 10 0 0 30 61.2 56.3 56.3
5537 0.1 60 0 0 5137 0.0 10 0 0 60 61.4 56.1 56.1
5537 0.1 60 0 0 5137 0.0 10 0 0 90 61.4 55.8 55.8
5537 0.1 60 0 0 5137 0.0 10 0 0 120 61.2 55.5 55.5
5537 0.1 60 0 0 5137 0.0 10 0 0 150 60.8 55.1 55.1
5537 0.1 60 0 0 5137 0.0 10 0 0 180 60.6 54.7 54.7
5537 0.1 60 0 0 5137 0.0 20 0 0 0 60.7 55.0 55.0
5537 0.1 60 0 0 5137 0.0 20 0 0 30 61.0 55.1 55.1
5537 0.1 60 0 0 5137 0.0 20 0 0 60 61.2 54.9 54.9
5537 0.1 60 0 0 5137 0.0 20 0 0 90 61.2 54.7 54.7
5537 0.1 60 0 0 5137 0.0 20 0 0 120 61.0 54.5 54.5
5537 0.1 60 0 0 5137 0.0 20 0 0 150 60.7 54.1 54.1
5537 0.1 60 0 0 5137 0.0 20 0 0 180 60.4 53.8 53.8
5537 0.1 60 0 0 5137 0.0 30 0 0 0 60.3 51.8 51.8
5537 0.1 60 0 0 5137 0.0 30 0 0 30 60.7 51.8 51.8
5537 0.1 60 0 0 5137 0.0 30 0 0 60 60.8 51.8 51.8
5537 0.1 60 0 0 5137 0.0 30 0 0 90 60.9 51.8 51.8
5537 0.1 60 0 0 5137 0.0 30 0 0 120 60.7 51.6 51.6
5537 0.1 60 0 0 5137 0.0 30 0 0 150 60.3 51.4 51.4
5537 0.1 60 0 0 5137 0.0 30 0 0 180 60.0 51.3 51.3
5537 0.1 60 0 0 5137 0.0 40 0 0 0 59.8 51.5 51.5
5537 0.1 60 0 0 5137 0.0 40 0 0 30 60.2 51.5 51.5
5537 0.1 60 0 0 5137 0.0 40 0 0 60 60.3 51.5 51.5
5537 0.1 60 0 0 5137 0.0 40 0 0 90 60.4 51.5 51.5
5537 0.1 60 0 0 5137 0.0 40 0 0 120 60.2 51.4 51.4
5537 0.1 60 0 0 5137 0.0 40 0 0 150 59.8 51.3 51.3
5537 0.1 60 0 0 5137 0.0 40 0 0 180 59.5 51.1 51.1
5537 0.1 60 0 0 5137 0.0 50 0 0 0 59.1 52.0 52.0
5537 0.1 60 0 0 5137 0.0 50 0 0 30 59.4 52.2 52.2
5537 0.1 60 0 0 5137 0.0 50 0 0 60 59.5 52.3 52.3
5537 0.1 60 0 0 5137 0.0 50 0 0 90 59.6 52.3 52.3
5537 0.1 60 0 0 5137 0.0 50 0 0 120 59.4 52.1 52.1
5537 0.1 60 0 0 5137 0.0 50 0 0 150 59.0 51.8 51.8
5537 0.1 60 0 0 5137 0.0 50 0 0 180 58.8 51.5 51.5
5537 0.1 60 0 0 5137 0.0 60 0 0 0 57.8 53.5 53.5
5537 0.1 60 0 0 5137 0.0 60 0 0 30 58.1 53.8 53.8
5537 0.1 60 0 0 5137 0.0 60 0 0 60 58.3 53.9 53.9
5537 0.1 60 0 0 5137 0.0 60 0 0 90 58.2 53.9 53.9
5537 0.1 60 0 0 5137 0.0 60 0 0 120 58.0 53.7 53.7
5537 0.1 60 0 0 5137 0.0 60 0 0 150 57.7 53.3 53.3
5537 0.1 60 0 0 5137 0.0 60 0 0 180 57.4 53.0 53.0
5537 0.1 60 0 0 5137 0.1 0 0 0 0 60.7 56.3 56.3
5537 0.1 60 0 0 5137 0.1 0 0 0 30 61.1 56.4 56.4
5537 0.1 60 0 0 5137 0.1 0 0 0 60 61.1 56.4 56.4
5537 0.1 60 0 0 5137 0.1 0 0 0 90 61.2 56.0 56.0
5537 0.1 60 0 0 5137 0.1 0 0 0 120 61.1 55.5 55.5
5537 0.1 60 0 0 5137 0.1 0 0 0 150 60.7 55.1 55.1
5537 0.1 60 0 0 5137 0.1 0 0 0 180 60.4 54.7 54.7
5537 0.1 60 0 0 5137 0.1 10 0 0 0 60.6 55.9 55.9
5537 0.1 60 0 0 5137 0.1 10 0 0 30 61.0 55.9 55.9
5537 0.1 60 0 0 5137 0.1 10 0 0 60 61.1 55.9 55.9
5537 0.1 60 0 0 5137 0.1 10 0 0 90 61.2 55.6 55.6
5537 0.1 60 0 0 5137 0.1 10 0 0 120 61.0 55.3 55.3
5537 0.1 60 0 0 5137 0.1 10 0 0 150 60.7 54.8 54.8
5537 0.1 60 0 0 5137 0.1 10 0 0 180 60.3 54.4 54.4
5537 0.1 60 0 0 5137 0.1 20 0 0 0 60.4 54.6 54.6
5537 0.1 60 0 0 5137 0.1 20 0 0 30 60.8 54.6 54.6
5537 0.1 60 0 0 5137 0.1 20 0 0 60 60.9 54.5 54.5
5537 0.1 60 0 0 5137 0.1 20 0 0 90 61.0 54.5 54.5
5537 0.1 60 0 0 5137 0.1 20 0 0 120 60.9 54.2 54.2
5537 0.1 60 0 0 5137 0.1 20 0 0 150 60.5 53.8 53.8
5537 0.1 60 0 0 5137 0.1 20 0 0 180 60.2 53.3 53.3
5537 0.1 60 0 0 5137 0.1 30 0 0 0 60.1 51.5 51.5
5537 0.1 60 0 0 5137 0.1 30 0 0 30 60.5 51.5 51.5
5537 0.1 60 0 0 5137 0.1 30 0 0 60 60.6 51.5 51.5
5537 0.1 60 0 0 5137 0.1 30 0 0 90 60.7 51.5 51.5
5537 0.1 60 0 0 5137 0.1 30 0 0 120 60.5 51.3 51.3
5537 0.1 60 0 0 5137 0.1 30 0 0 150 60.2 51.0 51.0
5537 0.1 60 0 0 5137 0.1 30 0 0 180 59.8 50.8 50.8
5537 0.1 60 0 0 5137 0.1 40 0 0 0 59.6 51.3 51.3
5537 0.1 60 0 0 5137 0.1 40 0 0 30 60.0 51.4 51.4
5537 0.1 60 0 0 5137 0.1 40 0 0 60 60.1 51.4 51.4
5537 0.1 60 0 0 5137 0.1 40 0 0 90 60.1 51.3 51.3
5537 0.1 60 0 0 5137 0.1 40 0 0 120 60.0 51.2 51.2
5537 0.1 60 0 0 5137 0.1 40 0 0 150 59.7 50.9 50.9
5537 0.1 60 0 0 5137 0.1 40 0 0 180 59.3 50.7 50.7
5537 0.1 60 0 0 5137 0.1 50 0 0 0 58.9 51.9 51.9
5537 0.1 60 0 0 5137 0.1 50 0 0 30 59.1 52.0 52.0
5537 0.1 60 0 0 5137 0.1 50 0 0 60 59.3 52.0 52.0
5537 0.1 60 0 0 5137 0.1 50 0 0 90 59.3 52.0 52.0
5537 0.1 60 0 0 5137 0.1 50 0 0 120 59.2 51.8 51.8
5537 0.1 60 0 0 5137 0.1 50 0 0 150 58.9 51.5 51.5
5537 0.1 60 0 0 5137 0.1 50 0 0 180 58.5 51.2 51.2
5537 0.1 60 0 0 5137 0.1 60 0 0 0 57.6 53.0 53.0
5537 0.1 60 0 0 5137 0.1 60 0 0 30 57.8 53.3 53.3
5537 0.1 60 0 0 5137 0.1 60 0 0 60 58.0 53.6 53.6
5537 0.1 60 0 0 5137 0.1 60 0 0 90 58.0 53.6 53.6
5537 0.1 60 0 0 5137 0.1 60 0 0 120 57.8 53.3 53.3
5537 0.1 60 0 0 5137 0.1 60 0 0 150 57.5 53.0 53.0
5537 0.1 60 0 0 5137 0.1 60 0 0 180 57.1 52.6 52.6
5537 0.1 60 0 0 5137 0.2 0 0 0 0 60.5 56.0 56.0
5537 0.1 60 0 0 5137 0.2 0 0 0 30 60.8 56.0 56.0
5537 0.1 60 0 0 5137 0.2 0 0 0 60 61.0 55.9 55.9
5537 0.1 60 0 0 5137 0.2 0 0 0 90 61.0 55.7 55.7
5537 0.1 60 0 0 5137 0.2 0 0 0 120 60.9 55.4 55.4
5537 0.1 60 0 0 5137 0.2 0 0 0 150 60.6 54.8 54.8
5537 0.1 60 0 0 5137 0.2 0 0 0 180 60.2 54.3 54.3
5537 0.1 60 0 0 5137 0.2 10 0 0 0 60.5 55.5 55.5
5537 0.1 60 0 0 5137 0.2 10 0 0 30 60.7 55.5 55.5
5537 0.1 60 0 0 5137 0.2 10 0 0 60 60.9 55.4 55.4
5537 0.1 60 0 0 5137 0.2 10 0 0 90 60.9 55.2 55.2
5537 0.1 60 0 0 5137 0.2 10 0 0 120 60.8 55.0 55.0
5537 0.1 60 0 0 5137 0.2 10 0 0 150 60.5 54.6 54.6
5537 0.1 60 0 0 5137 0.2 10 0 0 180 60.1 54.0 54.0
5537 0.1 60 0 0 5137 0.2 20 0 0 0 60.3 54.2 54.2
5537 0.1 60 0 0 5137 0.2 20 0 0 30 60.6 54.2 54.2
5537 0.1 60 0 0 5137 0.2 20 0 0 60 60.7 54.2 54.2
5537 0.1 60 0 0 5137 0.2 20 0 0 90 60.8 54.0 54.0
5537 0.1 60 0 0 5137 0.2 20 0 0 120 60.7 53.9 53.9
5537 0.1 60 0 0 5137 0.2 20 0 0 150 60.4 53.5 53.5
5537 0.1 60 0 0 5137 0.2 20 0 0 180 59.9 52.9 52.9
5537 0.1 60 0 0 5137 0.2 30 0 0 0 60.0 51.3 51.3
5537 0.1 60 0 0 5137 0.2 30 0 0 30 60.2 51.4 51.4
5537 0.1 60 0 0 5137 0.2 30 0 0 60 60.4 51.5 51.5
5537 0.1 60 0 0 5137 0.2 30 0 0 90 60.5 51.3 51.3
5537 0.1 60 0 0 5137 0.2 30 0 0 120 60.4 51.1 51.1
5537 0.1 60 0 0 5137 0.2 30 0 0 150 60.0 50.7 50.7
5537 0.1 60 0 0 5137 0.2 30 0 0 180 59.6 50.4 50.4
5537 0.1 60 0 0 5137 0.2 40 0 0 0 59.5 51.2 51.2
5537 0.1 60 0 0 5137 0.2 40 0 0 30 59.7 51.2 51.2
5537 0.1 60 0 0 5137 0.2 40 0 0 60 59.8 51.3 51.3
5537 0.1 60 0 0 5137 0.2 40 0 0 90 59.9 51.2 51.2
5537 0.1 60 0 0 5137 0.2 40 0 0 120 59.9 51.0 51.0
5537 0.1 60 0 0 5137 0.2 40 0 0 150 59.5 50.7 50.7
5537 0.1 60 0 0 5137 0.2 40 0 0 180 59.1 50.3 50.3
5537 0.1 60 0 0 5137 0.2 50 0 0 0 58.7 51.9 51.9
5537 0.1 60 0 0 5137 0.2 50 0 0 30 58.9 51.9 51.9
5537 0.1 60 0 0 5137 0.2 50 0 0 60 59.1 52.0 52.0
5537 0.1 60 0 0 5137 0.2 50 0 0 90 59.1 51.9 51.9
5537 0.1 60 0 0 5137 0.2 50 0 0 120 59.0 51.7 51.7
5537 0.1 60 0 0 5137 0.2 50 0 0 150 58.6 51.4 51.4
5537 0.1 60 0 0 5137 0.2 50 0 0 180 58.2 50.9 50.9
5537 0.1 60 0 0 5137 0.2 60 0 0 0 57.4 52.6 52.6
5537 0.1 60 0 0 5137 0.2 60 0 0 30 57.6 52.9 52.9
5537 0.1 60 0 0 5137 0.2 60 0 0 60 57.7 53.2 53.2
5537 0.1 60 0 0 5137 0.2 60 0 0 90 57.7 53.3 53.3
5537 0.1 60 0 0 5137 0.2 60 0 0 120 57.6 53.2 53.2
5537 0.1 60 0 0 5137 0.2 60 0 0 150 57.2 52.9 52.9
5537 0.1 60 0 0 5137 0.2 60 0 0 180 56.9 52.3 52.3
5537 0.1 60 0 0 5137 0.3 0 0 0 0 60.3 55.6 55.6
5537 0.1 60 0 0 5137 0.3 0 0 0 30 60.5 55.5 55.5
5537 0.1 60 0 0 5137 0.3 0 0 0 60 60.7 55.6 55.6
5537 0.1 60 0 0 5137 0.3 0 0 0 90 60.7 55.3 55.3
5537 0.1 60 0 0 5137 0.3 0 0 0 120 60.8 55.1 55.1
5537 0.1 60 0 0 5137 0.3 0 0 0 150 60.5 54.6 54.6
5537 0.1 60 0 0 5137 0.3 0 0 0 180 59.9 53.8 53.8
5537 0.1 60 0 0 5137 0.3 10 0 0 0 60.3 55.1 55.1
5537 0.1 60 0 0 5137 0.3 10 0 0 30 60.5 55.0 55.0
5537 0.1 60 0 0 5137 0.3 10 0 0 60 60.7 55.0 55.0
5537 0.1 60 0 0 5137 0.3 10 0 0 90 60.7 54.8 54.8
5537 0.1 60 0 0 5137 0.3 10 0 0 120 60.8 54.7 54.7
5537 0.1 60 0 0 5137 0.3 10 0 0 150 60.4 54.3 54.3
5537 0.1 60 0 0 5137 0.3 10 0 0 180 59.9 53.6 53.6
5537 0.1 60 0 0 5137 0.3 20 0 0 0 60.1 53.6 53.6
5537 0.1 60 0 0 5137 0.3 20 0 0 30 60.3 53.6 53.6
5537 0.1 60 0 0 5137 0.3 20 0 0 60 60.5 53.6 53.6
5537 0.1 60 0 0 5137 0.3 20 0 0 90 60.5 53.6 53.6
5537 0.1 60 0 0 5137 0.3 20 0 0 120 60.6 53.5 53.5
5537 0.1 60 0 0 5137 0.3 20 0 0 150 60.2 53.1 53.1
5537 0.1 60 0 0 5137 0.3 20 0 0 180 59.7 52.4 52.4
5537 0.1 60 0 0 5137 0.3 30 0 0 0 59.8 51.1 51.1
5537 0.1 60 0 0 5137 0.3 30 0 0 30 60.0 51.2 51.2
5537 0.1 60 0 0 5137 0.3 30 0 0 60 60.2 51.2 51.2
5537 0.1 60 0 0 5137 0.3 30 0 0 90 60.2 51.4 51.4
5537 0.1 60 0 0 5137 0.3 30 0 0 120 60.2 51.3 51.3
5537 0.1 60 0 0 5137 0.3 30 0 0 150 59.8 50.8 50.8
5537 0.1 60 0 0 5137 0.3 30 0 0 180 59.3 50.2 50.2
5537 0.1 60 0 0 5137 0.3 40 0 0 0 59.2 51.0 51.0
5537 0.1 60 0 0 5137 0.3 40 0 0 30 59.5 51.1 51.1
5537 0.1 60 0 0 5137 0.3 40 0 0 60 59.6 51.3 51.3
5537 0.1 60 0 0 5137 0.3 40 0 0 90 59.6 51.3 51.3
5537 0.1 60 0 0 5137 0.3 40 0 0 120 59.7 51.3 51.3
5537 0.1 60 0 0 5137 0.3 40 0 0 150 59.3 50.8 50.8
5537 0.1 60 0 0 5137 0.3 40 0 0 180 58.8 50.1 50.1
5537 0.1 60 0 0 5137 0.3 50 0 0 0 58.4 51.8 51.8
5537 0.1 60 0 0 5137 0.3 50 0 0 30 58.7 51.8 51.8
5537 0.1 60 0 0 5137 0.3 50 0 0 60 58.8 51.9 51.9
5537 0.1 60 0 0 5137 0.3 50 0 0 90 58.9 51.9 51.9
5537 0.1 60 0 0 5137 0.3 50 0 0 120 58.8 51.8 51.8
5537 0.1 60 0 0 5137 0.3 50 0 0 150 58.4 51.4 51.4
5537 0.1 60 0 0 5137 0.3 50 0 0 180 57.9 50.7 50.7
5537 0.1 60 0 0 5137 0.3 60 0 0 0 57.1 52.3 52.3
5537 0.1 60 0 0 5137 0.3 60 0 0 30 57.3 52.5 52.5
5537 0.1 60 0 0 5137 0.3 60 0 0 60 57.3 52.8 52.8
5537 0.1 60 0 0 5137 0.3 60 0 0 90 57.4 53.0 53.0
5537 0.1 60 0 0 5137 0.3 60 0 0 120 57.2 53.0 53.0
5537 0.1 60 0 0 5137 0.3 60 0 0 150 56.8 52.7 52.7
5537 0.1 60 0 0 5137 0.3 60 0 0 180 56.5 51.9 51.9
5537 0.1 60 0 0 5137 0.4 0 0 0 0 60.1 55.1 55.1
5537 0.1 60 0 0 5137 0.4 0 0 0 30 60.3 55.0 55.0
5537 0.1 60 0 0 5137 0.4 0 0 0 60 60.5 55.0 55.0
5537 0.1 60 0 0 5137 0.4 0 0 0 90 60.5 54.9 54.9
5537 0.1 60 0 0 5137 0.4 0 0 0 120 60.5 54.7 54.7
5537 0.1 60 0 0 5137 0.4 0 0 0 150 60.2 54.2 54.2
5537 0.1 60 0 0 5137 0.4 0 0 0 180 59.6 53.4 53.4
5537 0.1 60 0 0 5137 0.4 10 0 0 0 60.1 54.5 54.5
5537 0.1 60 0 0 5137 0.4 10 0 0 30 60.2 54.4 54.4
5537 0.1 60 0 0 5137 0.4 10 0 0 60 60.4 54.4 54.4
5537 0.1 60 0 0 5137 0.4 10 0 0 90 60.5 54.4 54.4
5537 0.1 60 0 0 5137 0.4 10 0 0 120 60.5 54.3 54.3
5537 0.1 60 0 0 5137 0.4 10 0 0 150 60.1 53.9 53.9
5537 0.1 60 0 0 5137 0.4 10 0 0 180 59.6 53.0 53.0
5537 0.1 60 0 0 5137 0.4 20 0 0 0 59.9 52.7 52.7
5537 0.1 60 0 0 5137 0.4 20 0 0 30 60.0 52.7 52.7
5537 0.1 60 0 0 5137 0.4 20 0 0 60 60.2 52.8 52.8
5537 0.1 60 0 0 5137 0.4 20 0 0 90 60.3 52.8 52.8
5537 0.1 60 0 0 5137 0.4 20 0 0 120 60.3 52.7 52.7
5537 0.1 60 0 0 5137 0.4 20 0 0 150 59.9 52.2 52.2
5537 0.1 60 0 0 5137 0.4 20 0 0 180 59.4 51.4 51.4
5537 0.1 60 0 0 5137 0.4 30 0 0 0 59.6 51.1 51.1
5537 0.1 60 0 0 5137 0.4 30 0 0 30 59.7 51.1 51.1
5537 0.1 60 0 0 5137 0.4 30 0 0 60 59.9 51.2 51.2
5537 0.1 60 0 0 5137 0.4 30 0 0 90 59.9 51.3 51.3
5537 0.1 60 0 0 5137 0.4 30 0 0 120 59.9 51.2 51.2
5537 0.1 60 0 0 5137 0.4 30 0 0 150 59.6 50.9 50.9
5537 0.1 60 0 0 5137 0.4 30 0 0 180 59.0 50.1 50.1
5537 0.1 60 0 0 5137 0.4 40 0 0 0 59.0 51.0 51.0
5537 0.1 60 0 0 5137 0.4 40 0 0 30 59.2 51.1 51.1
5537 0.1 60 0 0 5137 0.4 40 0 0 60 59.4 51.1 51.1
5537 0.1 60 0 0 5137 0.4 40 0 0 90 59.4 51.3 51.3
5537 0.1 60 0 0 5137 0.4 40 0 0 120 59.4 51.2 51.2
5537 0.1 60 0 0 5137 0.4 40 0 0 150 59.0 51.0 51.0
5537 0.1 60 0 0 5137 0.4 40 0 0 180 58.4 50.1 50.1
5537 0.1 60 0 0 5137 0.4 50 0 0 0 58.3 51.6 51.6
5537 0.1 60 0 0 5137 0.4 50 0 0 30 58.4 51.8 51.8
5537 0.1 60 0 0 5137 0.4 50 0 0 60 58.5 51.9 51.9
5537 0.1 60 0 0 5137 0.4 50 0 0 90 58.5 52.0 52.0
5537 0.1 60 0 0 5137 0.4 50 0 0 120 58.5 51.9 51.9
5537 0.1 60 0 0 5137 0.4 50 0 0 150 58.1 51.4 51.4
5537 0.1 60 0 0 5137 0.4 50 0 0 180 57.6 50.5 50.5
5537 0.1 60 0 0 5137 0.4 60 0 0 0 56.8 52.0 52.0
5537 0.1 60 0 0 5137 0.4 60 0 0 30 56.9 52.2 52.2
5537 0.1 60 0 0 5137 0.4 60 0 0 60 56.9 52.5 52.5
5537 0.1 60 0 0 5137 0.4 60 0 0 90 56.9 52.7 52.7
5537 0.1 60 0 0 5137 0.4 60 0 0 120 56.8 52.8 52.8
5537 0.1 60 0 0 5137 0.4 60 0 0 150 56.4 52.5 52.5
5537 0.1 60 0 0 5137 0.4 60 0 0 180 56.0 51.6 51.6
5537 0.1 60 0 0 5137 0.5 0 0 0 0 59.9 54.4 54.4
5537 0.1 60 0 0 5137 0.5 0 0 0 30 60.0 54.4 54.4
5537 0.1 60 0 0 5137 0.5 0 0 0 60 60.2 54.3 54.3
5537 0.1 60 0 0 5137 0.5 0 0 0 90 60.3 54.3 54.3
5537 0.1 60 0 0 5137 0.5 0 0 0 120 60.3 54.1 54.1
5537 0.1 60 0 0 5137 0.5 0 0 0 150 60.0 53.6 53.6
5537 0.1 60 0 0 5137 0.5 0 0 0 180 59.3 52.7 52.7
5537 0.1 60 0 0 5137 0.5 10 0 0 0 59.8 53.7 53.7
5537 0.1 60 0 0 5137 0.5 10 0 0 30 60.0 53.7 53.7
5537 0.1 60 0 0 5137 0.5 10 0 0 60 60.2 53.6 53.6
5537 0.1 60 0 0 5137 0.5 10 0 0 90 60.3 53.7 53.7
5537 0.1 60 0 0 5137 0.5 10 0 0 120 60.2 53.6 53.6
5537 0.1 60 0 0 5137 0.5 10 0 0 150 60.0 53.2 53.2
5537 0.1 60 0 0 5137 0.5 10 0 0 180 59.2 52.3 52.3
5537 0.1 60 0 0 5137 0.5 20 0 0 0 59.6 52.1 52.1
5537 0.1 60 0 0 5137 0.5 20 0 0 30 59.8 52.1 52.1
5537 0.1 60 0 0 5137 0.5 20 0 0 60 60.0 52.1 52.1
5537 0.1 60 0 0 5137 0.5 20 0 0 90 60.1 52.2 52.2
5537 0.1 60 0 0 5137 0.5 20 0 0 120 60.0 52.1 52.1
5537 0.1 60 0 0 5137 0.5 20 0 0 150 59.7 51.7 51.7
5537 0.1 60 0 0 5137 0.5 20 0 0 180 59.0 50.7 50.7
5537 0.1 60 0 0 5137 0.5 30 0 0 0 59.3 51.4 51.4
5537 0.1 60 0 0 5137 0.5 30 0 0 30 59.4 51.3 51.3
5537 0.1 60 0 0 5137 0.5 30 0 0 60 59.6 51.3 51.3
5537 0.1 60 0 0 5137 0.5 30 0 0 90 59.7 51.5 51.5
5537 0.1 60 0 0 5137 0.5 30 0 0 120 59.7 51.3 51.3
5537 0.1 60 0 0 5137 0.5 30 0 0 150 59.4 51.0 51.0
5537 0.1 60 0 0 5137 0.5 30 0 0 180 58.7 50.1 50.1
5537 0.1 60 0 0 5137 0.5 40 0 0 0 58.8 51.4 51.4
5537 0.1 60 0 0 5137 0.5 40 0 0 30 58.9 51.4 51.4
5537 0.1 60 0 0 5137 0.5 40 0 0 60 59.1 51.4 51.4
5537 0.1 60 0 0 5137 0.5 40 0 0 90 59.2 51.5 51.5
5537 0.1 60 0 0 5137 0.5 40 0 0 120 59.1 51.4 51.4
5537 0.1 60 0 0 5137 0.5 40 0 0 150 58.7 51.0 51.0
5537 0.1 60 0 0 5137 0.5 40 0 0 180 58.1 50.2 50.2
5537 0.1 60 0 0 5137 0.5 50 0 0 0 58.0 51.6 51.6
5537 0.1 60 0 0 5137 0.5 50 0 0 30 58.1 51.7 51.7
5537 0.1 60 0 0 5137 0.5 50 0 0 60 58.2 51.8 51.8
5537 0.1 60 0 0 5137 0.5 50 0 0 90 58.2 52.0 52.0
5537 0.1 60 0 0 5137 0.5 50 0 0 120 58.1 52.0 52.0
5537 0.1 60 0 0 5137 0.5 50 0 0 150 57.8 51.7 51.7
5537 0.1 60 0 0 5137 0.5 50 0 0 180 57.2 50.7 50.7
5537 0.1 60 0 0 5137 0.5 60 0 0 0 56.5 51.7 51.7
5537 0.1 60 0 0 5137 0.5 60 0 0 30 56.5 51.8 51.8
5537 0.1 60 0 0 5137 0.5 60 0 0 60 56.4 52.1 52.1
5537 0.1 60 0 0 5137 0.5 60 0 0 90 56.3 52.4 52.4
5537 0.1 60 0 0 5137 0.5 60 0 0 120 56.2 52.6 52.6
5537 0.1 60 0 0 5137 0.5 60 0 0 150 55.7 52.5 52.5
5537 0.1 60 0 0 5137 0.5 60 0 0 180 55.5 51.3 51.3
5537 0.1 60 0 0 5337 0.0 0 0 0 0 61.7 56.8 56.8
5537 0.1 60 0 0 5337 0.0 0 0 0 30 62.3 57.5 57.5
5537 0.1 60 0 0 5337 0.0 0 0 0 60 62.5 57.5 57.5
5537 0.1 60 0 0 5337 0.0 0 0 0 90 62.4 57.5 57.5
5537 0.1 60 0 0 5337 0.0 0 0 0 120 61.9 57.0 57.0
5537 0.1 60 0 0 5337 0.0 0 0 0 150 61.0 56.4 56.4
5537 0.1 60 0 0 5337 0.0 0 0 0 180 60.3 55.9 55.9
5537 0.1 60 0 0 5337 0.0 10 0 0 0 61.7 56.4 56.4
5537 0.1 60 0 0 5337 0.0 10 0 0 30 62.3 57.1 57.1
5537 0.1 60 0 0 5337 0.0 10 0 0 60 62.5 57.0 57.0
5537 0.1 60 0 0 5337 0.0 10 0 0 90 62.3 56.9 56.9
5537 0.1 60 0 0 5337 0.0 10 0 0 120 61.8 56.6 56.6
5537 0.1 60 0 0 5337 0.0 10 0 0 150 60.9 56.0 56.0
5537 0.1 60 0 0 5337 0.0 10 0 0 180 60.3 55.7 55.7
5537 0.1 60 0 0 5337 0.0 20 0 0 0 61.5 55.5 55.5
5537 0.1 60 0 0 5337 0.0 20 0 0 30 62.2 56.1 56.1
5537 0.1 60 0 0 5337 0.0 20 0 0 60 62.4 55.9 55.9
5537 0.1 60 0 0 5337 0.0 20 0 0 90 62.2 55.4 55.4
5537 0.1 60 0 0 5337 0.0 20 0 0 120 61.6 55.2 55.2
5537 0.1 60 0 0 5337 0.0 20 0 0 150 60.7 55.0 55.0
5537 0.1 60 0 0 5337 0.0 20 0 0 180 60.1 54.9 54.9
5537 0.1 60 0 0 5337 0.0 30 0 0 0 61.3 52.6 52.6
5537 0.1 60 0 0 5337 0.0 30 0 0 30 61.9 53.3 53.3
5537 0.1 60 0 0 5337 0.0 30 0 0 60 62.1 53.2 53.2
5537 0.1 60 0 0 5337 0.0 30 0 0 90 61.9 53.0 53.0
5537 0.1 60 0 0 5337 0.0 30 0 0 120 61.3 52.6 52.6
5537 0.1 60 0 0 5337 0.0 30 0 0 150 60.4 52.3 52.3
5537 0.1 60 0 0 5337 0.0 30 0 0 180 59.7 52.0 52.0
5537 0.1 60 0 0 5337 0.0 40 0 0 0 60.8 52.4 52.4
5537 0.1 60 0 0 5337 0.0 40 0 0 30 61.5 52.8 52.8
5537 0.1 60 0 0 5337 0.0 40 0 0 60 61.7 52.5 52.5
5537 0.1 60 0 0 5337 0.0 40 0 0 90 61.5 52.4 52.4
5537 0.1 60 0 0 5337 0.0 40 0 0 120 60.8 52.2 52.2
5537 0.1 60 0 0 5337 0.0 40 0 0 150 59.9 51.9 51.9
5537 0.1 60 0 0 5337 0.0 40 0 0 180 59.1 51.5 51.5
5537 0.1 60 0 0 5337 0.0 50 0 0 0 60.1 53.0 53.0
5537 0.1 60 0 0 5337 0.0 50 0 0 30 60.9 53.1 53.1
5537 0.1 60 0 0 5337 0.0 50 0 0 60 61.0 52.9 52.9
5537 0.1 60 0 0 5337 0.0 50 0 0 90 60.8 52.7 52.7
5537 0.1 60 0 0 5337 0.0 50 0 0 120 60.0 52.4 52.4
5537 0.1 60 0 0 5337 0.0 50 0 0 150 59.1 52.1 52.1
5537 0.1 60 0 0 5337 0.0 50 0 0 180 58.4 51.9 51.9
5537 0.1 60 0 0 5337 0.0 60 0 0 0 58.9 54.4 54.4
5537 0.1 60 0 0 5337 0.0 60 0 0 30 59.7 54.5 54.5
5537 0.1 60 0 0 5337 0.0 60 0 0 60 59.9 54.4 54.4
5537 0.1 60 0 0 5337 0.0 60 0 0 90 59.6 54.2 54.2
5537 0.1 60 0 0 5337 0.0 60 0 0 120 58.7 53.8 53.8
5537 0.1 60 0 0 5337 0.0 60 0 0 150 57.8 53.2 53.2
5537 0.1 60 0 0 5337 0.0 60 0 0 180 57.1 52.8 52.8
5537 0.1 60 0 0 5337 0.1 0 0 0 0 61.5 56.3 56.3
5537 0.1 60 0 0 5337 0.1 0 0 0 30 62.1 56.9 56.9
5537 0.1 60 0 0 5337 0.1 0 0 0 60 62.4 57.2 57.2
5537 0.1 60 0 0 5337 0.1 0 0 0 90 62.3 57.3 57.3
5537 0.1 60 0 0 5337 0.1 0 0 0 120 61.9 57.1 57.1
5537 0.1 60 0 0 5337 0.1 0 0 0 150 60.9 56.2 56.2
5537 0.1 60 0 0 5337 0.1 0 0 0 180 60.1 55.7 55.7
5537 0.1 60 0 0 5337 0.1 10 0 0 0 61.5 55.8 55.8
5537 0.1 60 0 0 5337 0.1 10 0 0 30 62.1 56.3 56.3
5537 0.1 60 0 0 5337 0.1 10 0 0 60 62.3 56.6 56.6
5537 0.1 60 0 0 5337 0.1 10 0 0 90 62.3 56.6 56.6
5537 0.1 60 0 0 5337 0.1 10 0 0 120 61.8 56.5 56.5
5537 0.1 60 0 0 5337 0.1 10 0 0 150 60.8 56.0 56.0
5537 0.1 60 0 0 5337 0.1 10 0 0 180 60.0 55.7 55.7
5537 0.1 60 0 0 5337 0.1 20 0 0 0 61.3 54.7 54.7
5537 0.1 60 0 0 5337 0.1 20 0 0 30 61.9 55.3 55.3
5537 0.1 60 0 0 5337 0.1 20 0 0 60 62.2 55.4 55.4
5537 0.1 60 0 0 5337 0.1 20 0 0 90 62.1 55.1 55.1
5537 0.1 60 0 0 5337 0.1 20 0 0 120 61.6 55.0 55.0
5537 0.1 60 0 0 5337 0.1 20 0 0 150 60.6 55.0 55.0
5537 0.1 60 0 0 5337 0.1 20 0 0 180 59.8 54.9 54.9
5537 0.1 60 0 0 5337 0.1 30 0 0 0 61.1 51.8 51.8
5537 0.1 60 0 0 5337 0.1 30 0 0 30 61.7 52.5 52.5
5537 0.1 60 0 0 5337 0.1 30 0 0 60 61.9 52.6 52.6
5537 0.1 60 0 0 5337 0.1 30 0 0 90 61.8 52.5 52.5
5537 0.1 60 0 0 5337 0.1 30 0 0 120 61.3 52.4 52.4
5537 0.1 60 0 0 5337 0.1 30 0 0 150 60.3 52.2 52.2
5537 0.1 60 0 0 5337 0.1 30 0 0 180 59.5 51.9 51.9
5537 0.1 60 0 0 5337 0.1 40 0 0 0 60.7 51.8 51.8
5537 0.1 60 0 0 5337 0.1 40 0 0 30 61.3 52.4 52.4
5537 0.1 60 0 0 5337 0.1 40 0 0 60 61.5 52.4 52.4
5537 0.1 60 0 0 5337 0.1 40 0 0 90 61.3 52.1 52.1
5537 0.1 60 0 0 5337 0.1 40 0 0 120 60.8 51.9 51.9
5537 0.1 60 0 0 5337 0.1 40 0 0 150 59.7 51.6 51.6
5537 0.1 60 0 0 5337 0.1 40 0 0 180 58.9 51.2 51.2
5537 0.1 60 0 0 5337 0.1 50 0 0 0 60.0 52.7 52.7
5537 0.1 60 0 0 5337 0.1 50 0 0 30 60.6 52.9 52.9
5537 0.1 60 0 0 5337 0.1 50 0 0 60 60.8 52.8 52.8
5537 0.1 60 0 0 5337 0.1 50 0 0 90 60.6 52.5 52.5
5537 0.1 60 0 0 5337 0.1 50 0 0 120 60.0 52.1 52.1
5537 0.1 60 0 0 5337 0.1 50 0 0 150 58.9 51.9 51.9
5537 0.1 60 0 0 5337 0.1 50 0 0 180 58.1 51.5 51.5
5537 0.1 60 0 0 5337 0.1 60 0 0 0 58.8 54.2 54.2
5537 0.1 60 0 0 5337 0.1 60 0 0 30 59.4 54.3 54.3
5537 0.1 60 0 0 5337 0.1 60 0 0 60 59.6 54.2 54.2
5537 0.1 60 0 0 5337 0.1 60 0 0 90 59.4 54.0 54.0
5537 0.1 60 0 0 5337 0.1 60 0 0 120 58.6 53.5 53.5
5537 0.1 60 0 0 5337 0.1 60 0 0 150 57.5 52.9 52.9
5537 0.1 60 0 0 5337 0.1 60 0 0 180 56.8 52.3 52.3
5537 0.1 60 0 0 5337 0.2 0 0 0 0 61.4 55.9 55.9
5537 0.1 60 0 0 5337 0.2 0 0 0 30 62.0 56.3 56.3
5537 0.1 60 0 0 5337 0.2 0 0 0 60 62.2 56.7 56.7
5537 0.1 60 0 0 5337 0.2 0 0 0 90 62.2 56.9 56.9
5537 0.1 60 0 0 5337 0.2 0 0 0 120 61.9 56.9 56.9
5537 0.1 60 0 0 5337 0.2 0 0 0 150 60.8 56.1 56.1
5537 0.1 60 0 0 5337 0.2 0 0 0 180 59.8 55.4 55.4
5537 0.1 60 0 0 5337 0.2 10 0 0 0 61.4 55.2 55.2
5537 0.1 60 0 0 5337 0.2 10 0 0 30 61.9 55.6 55.6
5537 0.1 60 0 0 5337 0.2 10 0 0 60 62.1 56.0 56.0
5537 0.1 60 0 0 5337 0.2 10 0 0 90 62.2 56.1 56.1
5537 0.1 60 0 0 5337 0.2 10 0 0 120 61.8 56.2 56.2
5537 0.1 60 0 0 5337 0.2 10 0 0 150 60.7 55.9 55.9
5537 0.1 60 0 0 5337 0.2 10 0 0 180 59.7 55.6 55.6
5537 0.1 60 0 0 5337 0.2 20 0 0 0 61.2 54.0 54.0
5537 0.1 60 0 0 5337 0.2 20 0 0 30 61.8 54.4 54.4
5537 0.1 60 0 0 5337 0.2 20 0 0 60 62.0 54.7 54.7
5537 0.1 60 0 0 5337 0.2 20 0 0 90 62.0 54.6 54.6
5537 0.1 60 0 0 5337 0.2 20 0 0 120 61.7 54.5 54.5
5537 0.1 60 0 0 5337 0.2 20 0 0 150 60.5 54.9 54.9
5537 0.1 60 0 0 5337 0.2 20 0 0 180 59.5 54.8 54.8
5537 0.1 60 0 0 5337 0.2 30 0 0 0 61.0 51.3 51.3
5537 0.1 60 0 0 5337 0.2 30 0 0 30 61.5 51.8 51.8
5537 0.1 60 0 0 5337 0.2 30 0 0 60 61.7 52.2 52.2
5537 0.1 60 0 0 5337 0.2 30 0 0 90 61.7 52.0 52.0
5537 0.1 60 0 0 5337 0.2 30 0 0 120 61.3 52.1 52.1
5537 0.1 60 0 0 5337 0.2 30 0 0 150 60.1 52.1 52.1
5537 0.1 60 0 0 5337 0.2 30 0 0 180 59.1 51.8 51.8
5537 0.1 60 0 0 5337 0.2 40 0 0 0 60.5 51.4 51.4
5537 0.1 60 0 0 5337 0.2 40 0 0 30 61.0 51.8 51.8
5537 0.1 60 0 0 5337 0.2 40 0 0 60 61.3 52.0 52.0
5537 0.1 60 0 0 5337 0.2 40 0 0 90 61.2 52.0 52.0
5537 0.1 60 0 0 5337 0.2 40 0 0 120 60.8 51.7 51.7
5537 0.1 60 0 0 5337 0.2 40 0 0 150 59.6 51.5 51.5
5537 0.1 60 0 0 5337 0.2 40 0 0 180 58.6 51.1 51.1
5537 0.1 60 0 0 5337 0.2 50 0 0 0 59.8 52.4 52.4
5537 0.1 60 0 0 5337 0.2 50 0 0 30 60.3 52.7 52.7
5537 0.1 60 0 0 5337 0.2 50 0 0 60 60.5 52.8 52.8
5537 0.1 60 0 0 5337 0.2 50 0 0 90 60.5 52.5 52.5
5537 0.1 60 0 0 5337 0.2 50 0 0 120 59.9 52.2 52.2
5537 0.1 60 0 0 5337 0.2 50 0 0 150 58.7 51.6 51.6
5537 0.1 60 0 0 5337 0.2 50 0 0 180 57.8 51.1 51.1
5537 0.1 60 0 0 5337 0.2 60 0 0 0 58.7 53.9 53.9
5537 0.1 60 0 0 5337 0.2 60 0 0 30 59.1 54.0 54.0
5537 0.1 60 0 0 5337 0.2 60 0 0 60 59.3 54.0 54.0
5537 0.1 60 0 0 5337 0.2 60 0 0 90 59.1 53.8 53.8
5537 0.1 60 0 0 5337 0.2 60 0 0 120 58.4 53.5 53.5
5537 0.1 60 0 0 5337 0.2 60 0 0 150 57.2 52.8 52.8
5537 0.1 60 0 0 5337 0.2 60 0 0 180 56.4 51.8 51.8
5537 0.1 60 0 0 5337 0.3 0 0 0 0 61.4 55.4 55.4
5537 0.1 60 0 0 5337 0.3 0 0 0 30 61.8 55.7 55.7
5537 0.1 60 0 0 5337 0.3 0 0 0 60 62.1 56.1 56.1
5537 0.1 60 0 0 5337 0.3 0 0 0 90 62.2 56.3 56.3
5537 0.1 60 0 0 5337 0.3 0 0 0 120 61.9 56.4 56.4
5537 0.1 60 0 0 5337 0.3 0 0 0 150 60.7 55.8 55.8
5537 0.1 60 0 0 5337 0.3 0 0 0 180 59.4 55.2 55.2
5537 0.1 60 0 0 5337 0.3 10 0 0 0 61.3 54.7 54.7
5537 0.1 60 0 0 5337 0.3 10 0 0 30 61.7 55.0 55.0
5537 0.1 60 0 0 5337 0.3 10 0 0 60 62.0 55.2 55.2
5537 0.1 60 0 0 5337 0.3 10 0 0 90 62.1 55.4 55.4
5537 0.1 60 0 0 5337 0.3 10 0 0 120 61.8 55.6 55.6
5537 0.1 60 0 0 5337 0.3 10 0 0 150 60.7 55.5 55.5
5537 0.1 60 0 0 5337 0.3 10 0 0 180 59.3 55.3 55.3
5537 0.1 60 0 0 5337 0.3 20 0 0 0 61.2 53.4 53.4
5537 0.1 60 0 0 5337 0.3 20 0 0 30 61.6 53.6 53.6
5537 0.1 60 0 0 5337 0.3 20 0 0 60 61.8 53.8 53.8
5537 0.1 60 0 0 5337 0.3 20 0 0 90 61.9 53.9 53.9
5537 0.1 60 0 0 5337 0.3 20 0 0 120 61.6 53.8 53.8
5537 0.1 60 0 0 5337 0.3 20 0 0 150 60.5 54.5 54.5
5537 0.1 60 0 0 5337 0.3 20 0 0 180 59.1 54.4 54.4
5537 0.1 60 0 0 5337 0.3 30 0 0 0 60.9 51.0 51.0
5537 0.1 60 0 0 5337 0.3 30 0 0 30 61.3 51.3 51.3
5537 0.1 60 0 0 5337 0.3 30 0 0 60 61.5 51.6 51.6
5537 0.1 60 0 0 5337 0.3 30 0 0 90 61.6 51.8 51.8
5537 0.1 60 0 0 5337 0.3 30 0 0 120 61.3 51.8 51.8
5537 0.1 60 0 0 5337 0.3 30 0 0 150 60.1 52.0 52.0
5537 0.1 60 0 0 5337 0.3 30 0 0 180 58.8 51.7 51.7
5537 0.1 60 0 0 5337 0.3 40 0 0 0 60.4 51.2 51.2
5537 0.1 60 0 0 5337 0.3 40 0 0 30 60.8 51.5 51.5
5537 0.1 60 0 0 5337 0.3 40 0 0 60 61.0 51.8 51.8
5537 0.1 60 0 0 5337 0.3 40 0 0 90 61.1 52.0 52.0
5537 0.1 60 0 0 5337 0.3 40 0 0 120 60.7 51.8 51.8
5537 0.1 60 0 0 5337 0.3 40 0 0 150 59.4 51.4 51.4
5537 0.1 60 0 0 5337 0.3 40 0 0 180 58.2 50.9 50.9
5537 0.1 60 0 0 5337 0.3 50 0 0 0 59.7 52.0 52.0
5537 0.1 60 0 0 5337 0.3 50 0 0 30 60.1 52.4 52.4
5537 0.1 60 0 0 5337 0.3 50 0 0 60 60.3 52.7 52.7
5537 0.1 60 0 0 5337 0.3 50 0 0 90 60.2 52.6 52.6
5537 0.1 60 0 0 5337 0.3 50 0 0 120 59.8 52.3 52.3
5537 0.1 60 0 0 5337 0.3 50 0 0 150 58.5 51.5 51.5
5537 0.1 60 0 0 5337 0.3 50 0 0 180 57.4 50.8 50.8
5537 0.1 60 0 0 5337 0.3 60 0 0 0 58.6 53.6 53.6
5537 0.1 60 0 0 5337 0.3 60 0 0 30 58.8 53.8 53.8
5537 0.1 60 0 0 5337 0.3 60 0 0 60 59.0 53.9 53.9
5537 0.1 60 0 0 5337 0.3 60 0 0 90 58.9 53.8 53.8
5537 0.1 60 0 0 5337 0.3 60 0 0 120 58.2 53.4 53.4
5537 0.1 60 0 0 5337 0.3 60 0 0 150 57.0 52.7 52.7
5537 0.1 60 0 0 5337 0.3 60 0 0 180 56.0 51.4 51.4
5537 0.1 60 0 0 5337 0.4 0 0 0 0 61.4 54.9 54.9
5537 0.1 60 0 0 5337 0.4 0 0 0 30 61.7 55.1 55.1
5537 0.1 60 0 0 5337 0.4 0 0 0 60 61.9 55.3 55.3
5537 0.1 60 0 0 5337 0.4 0 0 0 90 62.1 55.5 55.5
5537 0.1 60 0 0 5337 0.4 0 0 0 120 61.9 55.8 55.8
5537 0.1 60 0 0 5337 0.4 0 0 0 150 60.6 55.4 55.4
5537 0.1 60 0 0 5337 0.4 0 0 0 180 59.0 54.9 54.9
5537 0.1 60 0 0 5337 0.4 10 0 0 0 61.3 54.1 54.1
5537 0.1 60 0 0 5337 0.4 10 0 0 30 61.6 54.3 54.3
5537 0.1 60 0 0 5337 0.4 10 0 0 60 61.9 54.5 54.5
5537 0.1 60 0 0 5337 0.4 10 0 0 90 62.0 54.7 54.7
5537 0.1 60 0 0 5337 0.4 10 0 0 120 61.8 54.8 54.8
5537 0.1 60 0 0 5337 0.4 10 0 0 150 60.6 55.0 55.0
5537 0.1 60 0 0 5337 0.4 10 0 0 180 58.9 55.0 55.0
5537 0.1 60 0 0 5337 0.4 20 0 0 0 61.1 52.6 52.6
5537 0.1 60 0 0 5337 0.4 20 0 0 30 61.4 52.8 52.8
5537 0.1 60 0 0 5337 0.4 20 0 0 60 61.7 52.9 52.9
5537 0.1 60 0 0 5337 0.4 20 0 0 90 61.8 53.0 53.0
5537 0.1 60 0 0 5337 0.4 20 0 0 120 61.6 52.9 52.9
5537 0.1 60 0 0 5337 0.4 20 0 0 150 60.4 53.7 53.7
5537 0.1 60 0 0 5337 0.4 20 0 0 180 58.8 53.7 53.7
5537 0.1 60 0 0 5337 0.4 30 0 0 0 60.8 50.9 50.9
5537 0.1 60 0 0 5337 0.4 30 0 0 30 61.1 51.1 51.1
5537 0.1 60 0 0 5337 0.4 30 0 0 60 61.3 51.3 51.3
5537 0.1 60 0 0 5337 0.4 30 0 0 90 61.4 51.4 51.4
5537 0.1 60 0 0 5337 0.4 30 0 0 120 61.2 51.6 51.6
5537 0.1 60 0 0 5337 0.4 30 0 0 150 60.0 51.9 51.9
5537 0.1 60 0 0 5337 0.4 30 0 0 180 58.4 51.6 51.6
5537 0.1 60 0 0 5337 0.4 40 0 0 0 60.3 51.1 51.1
5537 0.1 60 0 0 5337 0.4 40 0 0 30 60.6 51.3 51.3
5537 0.1 60 0 0 5337 0.4 40 0 0 60 60.8 51.6 51.6
5537 0.1 60 0 0 5337 0.4 40 0 0 90 60.9 51.8 51.8
5537 0.1 60 0 0 5337 0.4 40 0 0 120 60.6 51.9 51.9
5537 0.1 60 0 0 5337 0.4 40 0 0 150 59.3 51.5 51.5
5537 0.1 60 0 0 5337 0.4 40 0 0 180 57.9 50.9 50.9
5537 0.1 60 0 0 5337 0.4 50 0 0 0 59.5 52.0 52.0
5537 0.1 60 0 0 5337 0.4 50 0 0 30 59.7 52.2 52.2
5537 0.1 60 0 0 5337 0.4 50 0 0 60 59.9 52.4 52.4
5537 0.1 60 0 0 5337 0.4 50 0 0 90 60.0 52.6 52.6
5537 0.1 60 0 0 5337 0.4 50 0 0 120 59.7 52.4 52.4
5537 0.1 60 0 0 5337 0.4 50 0 0 150 58.3 51.7 51.7
5537 0.1 60 0 0 5337 0.4 50 0 0 180 57.1 50.5 50.5
5537 0.1 60 0 0 5337 0.4 60 0 0 0 58.5 53.3 53.3
5537 0.1 60 0 0 5337 0.4 60 0 0 30 58.6 53.6 53.6
5537 0.1 60 0 0 5337 0.4 60 0 0 60 58.6 53.7 53.7
5537 0.1 60 0 0 5337 0.4 60 0 0 90 58.5 53.8 53.8
5537 0.1 60 0 0 5337 0.4 60 0 0 120 58.0 53.5 53.5
5537 0.1 60 0 0 5337 0.4 60 0 0 150 56.7 52.6 52.6
5537 0.1 60 0 0 5337 0.4 60 0 0 180 55.7 51.1 51.1
5537 0.1 60 0 0 5337 0.5 0 0 0 0 61.3 54.1 54.1
5537 0.1 60 0 0 5337 0.5 0 0 0 30 61.5 54.3 54.3
5537 0.1 60 0 0 5337 0.5 0 0 0 60 61.7 54.4 54.4
5537 0.1 60 0 0 5337 0.5 0 0 0 90 61.9 54.6 54.6
5537 0.1 60 0 0 5337 0.5 0 0 0 120 61.8 54.8 54.8
5537 0.1 60 0 0 5337 0.5 0 0 0 150 60.6 54.8 54.8
5537 0.1 60 0 0 5337 0.5 0 0 0 180 58.6 54.5 54.5
5537 0.1 60 0 0 5337 0.5 10 0 0 0 61.2 53.4 53.4
5537 0.1 60 0 0 5337 0.5 10 0 0 30 61.4 53.5 53.5
5537 0.1 60 0 0 5337 0.5 10 0 0 60 61.6 53.6 53.6
5537 0.1 60 0 0 5337 0.5 10 0 0 90 61.8 53.8 53.8
5537 0.1 60 0 0 5337 0.5 10 0 0 120 61.7 53.9 53.9
5537 0.1 60 0 0 5337 0.5 10 0 0 150 60.5 54.2 54.2
5537 0.1 60 0 0 5337 0.5 10 0 0 180 58.6 54.3 54.3
5537 0.1 60 0 0 5337 0.5 20 0 0 0 61.0 51.7 51.7
5537 0.1 60 0 0 5337 0.5 20 0 0 30 61.2 51.8 51.8
5537 0.1 60 0 0 5337 0.5 20 0 0 60 61.4 51.9 51.9
5537 0.1 60 0 0 5337 0.5 20 0 0 90 61.6 52.0 52.0
5537 0.1 60 0 0 5337 0.5 20 0 0 120 61.4 52.0 52.0
5537 0.1 60 0 0 5337 0.5 20 0 0 150 60.3 52.7 52.7
5537 0.1 60 0 0 5337 0.5 20 0 0 180 58.4 52.8 52.8
5537 0.1 60 0 0 5337 0.5 30 0 0 0 60.6 51.0 51.0
5537 0.1 60 0 0 5337 0.5 30 0 0 30 60.8 51.2 51.2
5537 0.1 60 0 0 5337 0.5 30 0 0 60 61.0 51.3 51.3
5537 0.1 60 0 0 5337 0.5 30 0 0 90 61.2 51.4 51.4
5537 0.1 60 0 0 5337 0.5 30 0 0 120 61.0 51.6 51.6
5537 0.1 60 0 0 5337 0.5 30 0 0 150 59.8 51.7 51.7
5537 0.1 60 0 0 5337 0.5 30 0 0 180 58.1 51.7 51.7
5537 0.1 60 0 0 5337 0.5 40 0 0 0 60.0 51.3 51.3
5537 0.1 60 0 0 5337 0.5 40 0 0 30 60.3 51.4 51.4
5537 0.1 60 0 0 5337 0.5 40 0 0 60 60.4 51.5 51.5
5537 0.1 60 0 0 5337 0.5 40 0 0 90 60.5 51.7 51.7
5537 0.1 60 0 0 5337 0.5 40 0 0 120 60.4 51.8 51.8
5537 0.1 60 0 0 5337 0.5 40 0 0 150 59.1 51.7 51.7
5537 0.1 60 0 0 5337 0.5 40 0 0 180 57.6 50.9 50.9
5537 0.1 60 0 0 5337 0.5 50 0 0 0 59.3 52.1 52.1
5537 0.1 60 0 0 5337 0.5 50 0 0 30 59.4 52.2 52.2
5537 0.1 60 0 0 5337 0.5 50 0 0 60 59.5 52.4 52.4
5537 0.1 60 0 0 5337 0.5 50 0 0 90 59.6 52.6 52.6
5537 0.1 60 0 0 5337 0.5 50 0 0 120 59.4 52.7 52.7
5537 0.1 60 0 0 5337 0.5 50 0 0 150 58.0 52.2 52.2
5537 0.1 60 0 0 5337 0.5 50 0 0 180 56.7 50.4 50.4
5537 0.1 60 0 0 5337 0.5 60 0 0 0 58.2 53.1 53.1
5537 0.1 60 0 0 5337 0.5 60 0 0 30 58.2 53.2 53.2
5537 0.1 60 0 0 5337 0.5 60 0 0 60 58.2 53.4 53.4
5537 0.1 60 0 0 5337 0.5 60 0 0 90 58.1 53.6 53.6
5537 0.1 60 0 0 5337 0.5 60 0 0 120 57.5 53.7 53.7
5537 0.1 60 0 0 5337 0.5 60 0 0 150 56.1 52.9 52.9
5537 0.1 60 0 0 5337 0.5 60 0 0 180 55.1 50.8 50.8
5537 0.1 60 0 0 5537 0.0 0 0 0 0 43.0 46.8 46.8
5537 0.1 60 0 0 5537 0.0 0 0 0 30 48.3 49.0 49.0
5537 0.1 60 0 0 5537 0.0 0 0 0 60 56.5 53.3 53.3
5537 0.1 60 0 0 5537 0.0 0 0 0 90 64.7 58.7 58.7
5537 0.1 60 0 0 5537 0.0 0 0 0 120 71.5 63.6 63.6
5537 0.1 60 0 0 5537 0.0 0 0 0 150 74.8 66.0 66.0
5537 0.1 60 0 0 5537 0.0 0 0 0 180 75.3 65.7 65.7
5537 0.1 60 0 0 5537 0.0 10 0 0 0 42.8 44.7 44.7
5537 0.1 60 0 0 5537 0.0 10 0 0 30 48.1 47.7 47.7
5537 0.1 60 0 0 5537 0.0 10 0 0 60 56.4 52.5 52.5
5537 0.1 60 0 0 5537 0.0 10 0 0 90 64.6 58.2 58.2
5537 0.1 60 0 0 5537 0.0 10 0 0 120 71.4 63.7 63.7
5537 0.1 60 0 0 5537 0.0 10 0 0 150 74.7 66.8 66.8
5537 0.1 60 0 0 5537 0.0 10 0 0 180 75.2 66.5 66.5
5537 0.1 60 0 0 5537 0.0 20 0 0 0 42.5 42.0 42.0
5537 0.1 60 0 0 5537 0.0 20 0 0 30 47.9 45.6 45.6
5537 0.1 60 0 0 5537 0.0 20 0 0 60 56.2 51.0 51.0
5537 0.1 60 0 0 5537 0.0 20 0 0 90 64.4 57.1 57.1
5537 0.1 60 0 0 5537 0.0 20 0 0 120 71.2 63.1 63.1
5537 0.1 60 0 0 5537 0.0 20 0 0 150 74.6 66.8 66.8
5537 0.1 60 0 0 5537 0.0 20 0 0 180 75.0 66.5 66.5
5537 0.1 60 0 0 5537 0.0 30 0 0 0 41.9 37.3 37.3
5537 0.1 60 0 0 5537 0.0 30 0 0 30 47.6 41.5 41.5
5537 0.1 60 0 0 5537 0.0 30 0 0 60 55.9 47.5 47.5
5537 0.1 60 0 0 5537 0.0 30 0 0 90 64.0 54.1 54.1
5537 0.1 60 0 0 5537 0.0 30 0 0 120 70.9 60.4 60.4
5537 0.1 60 0 0 5537 0.0 30 0 0 150 74.2 64.1 64.1
5537 0.1 60 0 0 5537 0.0 30 0 0 180 74.5 64.1 64.1
5537 0.1 60 0 0 5537 0.0 40 0 0 0 41.0 35.6 35.6
5537 0.1 60 0 0 5537 0.0 40 0 0 30 47.1 40.1 40.1
5537 0.1 60 0 0 5537 0.0 40 0 0 60 55.4 46.8 46.8
5537 0.1 60 0 0 5537 0.0 40 0 0 90 63.5 53.8 53.8
5537 0.1 60 0 0 5537 0.0 40 0 0 120 70.5 60.3 60.3
5537 0.1 60 0 0 5537 0.0 40 0 0 150 73.6 63.7 63.7
5537 0.1 60 0 0 5537 0.0 40 0 0 180 73.9 63.7 63.7
5537 0.1 60 0 0 5537 0.0 50 0 0 0 39.9 35.1 35.1
5537 0.1 60 0 0 5537 0.0 50 0 0 30 46.5 40.1 40.1
5537 0.1 60 0 0 5537 0.0 50 0 0 60 54.7 47.4 47.4
5537 0.1 60 0 0 5537 0.0 50 0 0 90 62.8 54.5 54.5
5537 0.1 60 0 0 5537 0.0 50 0 0 120 69.7 61.1 61.1
5537 0.1 60 0 0 5537 0.0 50 0 0 150 72.7 64.5 64.5
5537 0.1 60 0 0 5537 0.0 50 0 0 180 72.8 64.5 64.5
5537 0.1 60 0 0 5537 0.0 60 0 0 0 38.8 35.8 35.8
5537 0.1 60 0 0 5537 0.0 60 0 0 30 45.5 41.1 41.1
5537 0.1 60 0 0 5537 0.0 60 0 0 60 53.8 48.6 48.6
5537 0.1 60 0 0 5537 0.0 60 0 0 90 61.6 55.9 55.9
5537 0.1 60 0 0 5537 0.0 60 0 0 120 68.2 62.7 62.7
5537 0.1 60 0 0 5537 0.0 60 0 0 150 71.1 66.5 66.5
5537 0.1 60 0 0 5537 0.0 60 0 0 180 71.2 66.5 66.5
5537 0.1 60 0 0 5537 0.1 0 0 0 0 42.4 46.7 46.7
5537 0.1 60 0 0 5537 0.1 0 0 0 30 46.9 48.3 48.3
5537 0.1 60 0 0 5537 0.1 0 0 0 60 53.9 51.5 51.5
5537 0.1 60 0 0 5537 0.1 0 0 0 90 61.7 56.4 56.4
5537 0.1 60 0 0 5537 0.1 0 0 0 120 69.1 62.3 62.3
5537 0.1 60 0 0 5537 0.1 0 0 0 150 73.7 66.0 66.0
5537 0.1 60 0 0 5537 0.1 0 0 0 180 75.3 65.0 65.0
5537 0.1 60 0 0 5537 0.1 10 0 0 0 42.2 44.5 44.5
5537 0.1 60 0 0 5537 0.1 10 0 0 30 46.7 46.7 46.7
5537 0.1 60 0 0 5537 0.1 10 0 0 60 53.8 50.5 50.5
5537 0.1 60 0 0 5537 0.1 10 0 0 90 61.5 55.8 55.8
5537 0.1 60 0 0 5537 0.1 10 0 0 120 69.0 62.0 62.0
5537 0.1 60 0 0 5537 0.1 10 0 0 150 73.6 66.9 66.9
5537 0.1 60 0 0 5537 0.1 10 0 0 180 75.2 65.7 65.7
5537 0.1 60 0 0 5537 0.1 20 0 0 0 41.8 41.8 41.8
5537 0.1 60 0 0 5537 0.1 20 0 0 30 46.5 44.5 44.5
5537 0.1 60 0 0 5537 0.1 20 0 0 60 53.6 48.8 48.8
5537 0.1 60 0 0 5537 0.1 20 0 0 90 61.3 54.6 54.6
5537 0.1 60 0 0 5537 0.1 20 0 0 120 68.8 61.2 61.2
5537 0.1 60 0 0 5537 0.1 20 0 0 150 73.5 66.8 66.8
5537 0.1 60 0 0 5537 0.1 20 0 0 180 75.0 65.7 65.7
5537 0.1 60 0 0 5537 0.1 30 0 0 0 41.2 37.1 37.1
5537 0.1 60 0 0 5537 0.1 30 0 0 30 46.1 40.3 40.3
5537 0.1 60 0 0 5537 0.1 30 0 0 60 53.2 45.2 45.2
5537 0.1 60 0 0 5537 0.1 30 0 0 90 61.0 51.4 51.4
5537 0.1 60 0 0 5537 0.1 30 0 0 120 68.6 58.3 58.3
5537 0.1 60 0 0 5537 0.1 30 0 0 150 73.1 63.8 63.8
5537 0.1 60 0 0 5537 0.1 30 0 0 180 74.6 63.9 63.9
5537 0.1 60 0 0 5537 0.1 40 0 0 0 40.2 34.9 34.9
5537 0.1 60 0 0 5537 0.1 40 0 0 30 45.7 38.7 38.7
5537 0.1 60 0 0 5537 0.1 40 0 0 60 52.8 44.4 44.4
5537 0.1 60 0 0 5537 0.1 40 0 0 90 60.5 50.9 50.9
5537 0.1 60 0 0 5537 0.1 40 0 0 120 68.1 57.8 57.8
5537 0.1 60 0 0 5537 0.1 40 0 0 150 72.5 63.1 63.1
5537 0.1 60 0 0 5537 0.1 40 0 0 180 73.9 63.4 63.4
5537 0.1 60 0 0 5537 0.1 50 0 0 0 38.8 34.0 34.0
5537 0.1 60 0 0 5537 0.1 50 0 0 30 45.0 38.4 38.4
5537 0.1 60 0 0 5537 0.1 50 0 0 60 52.1 44.6 44.6
5537 0.1 60 0 0 5537 0.1 50 0 0 90 59.9 51.4 51.4
5537 0.1 60 0 0 5537 0.1 50 0 0 120 67.4 58.5 58.5
5537 0.1 60 0 0 5537 0.1 50 0 0 150 71.6 63.8 63.8
5537 0.1 60 0 0 5537 0.1 50 0 0 180 72.9 64.4 64.4
5537 0.1 60 0 0 5537 0.1 60 0 0 0 37.2 33.9 33.9
5537 0.1 60 0 0 5537 0.1 60 0 0 30 44.0 39.0 39.0
5537 0.1 60 0 0 5537 0.1 60 0 0 60 51.2 45.5 45.5
5537 0.1 60 0 0 5537 0.1 60 0 0 90 58.8 52.5 52.5
5537 0.1 60 0 0 5537 0.1 60 0 0 120 66.1 59.8 59.8
5537 0.1 60 0 0 5537 0.1 60 0 0 150 70.0 65.4 65.4
5537 0.1 60 0 0 5537 0.1 60 0 0 180 71.2 66.2 66.2
5537 0.1 60 0 0 5537 0.2 0 0 0 0 42.6 46.6 46.6
5537 0.1 60 0 0 5537 0.2 0 0 0 30 46.0 47.9 47.9
5537 0.1 60 0 0 5537 0.2 0 0 0 60 51.5 50.2 50.2
5537 0.1 60 0 0 5537 0.2 0 0 0 90 58.5 54.0 54.0
5537 0.1 60 0 0 5537 0.2 0 0 0 120 66.5 60.2 60.2
5537 0.1 60 0 0 5537 0.2 0 0 0 150 72.2 66.1 66.1
5537 0.1 60 0 0 5537 0.2 0 0 0 180 75.0 64.1 64.1
5537 0.1 60 0 0 5537 0.2 10 0 0 0 42.5 44.5 44.5
5537 0.1 60 0 0 5537 0.2 10 0 0 30 45.9 46.1 46.1
5537 0.1 60 0 0 5537 0.2 10 0 0 60 51.4 48.9 48.9
5537 0.1 60 0 0 5537 0.2 10 0 0 90 58.4 53.3 53.3
5537 0.1 60 0 0 5537 0.2 10 0 0 120 66.4 59.8 59.8
5537 0.1 60 0 0 5537 0.2 10 0 0 150 72.1 66.6 66.6
5537 0.1 60 0 0 5537 0.2 10 0 0 180 75.0 64.7 64.7
5537 0.1 60 0 0 5537 0.2 20 0 0 0 42.1 41.8 41.8
5537 0.1 60 0 0 5537 0.2 20 0 0 30 45.6 43.8 43.8
5537 0.1 60 0 0 5537 0.2 20 0 0 60 51.2 47.0 47.0
5537 0.1 60 0 0 5537 0.2 20 0 0 90 58.2 51.9 51.9
5537 0.1 60 0 0 5537 0.2 20 0 0 120 66.2 58.7 58.7
5537 0.1 60 0 0 5537 0.2 20 0 0 150 71.9 66.1 66.1
5537 0.1 60 0 0 5537 0.2 20 0 0 180 74.8 64.8 64.8
5537 0.1 60 0 0 5537 0.2 30 0 0 0 41.6 37.1 37.1
5537 0.1 60 0 0 5537 0.2 30 0 0 30 45.1 39.4 39.4
5537 0.1 60 0 0 5537 0.2 30 0 0 60 50.8 43.3 43.3
5537 0.1 60 0 0 5537 0.2 30 0 0 90 57.9 48.7 48.7
5537 0.1 60 0 0 5537 0.2 30 0 0 120 66.0 55.9 55.9
5537 0.1 60 0 0 5537 0.2 30 0 0 150 71.6 62.8 62.8
5537 0.1 60 0 0 5537 0.2 30 0 0 180 74.5 63.4 63.4
5537 0.1 60 0 0 5537 0.2 40 0 0 0 40.8 35.2 35.2
5537 0.1 60 0 0 5537 0.2 40 0 0 30 44.5 37.8 37.8
5537 0.1 60 0 0 5537 0.2 40 0 0 60 50.4 42.3 42.3
5537 0.1 60 0 0 5537 0.2 40 0 0 90 57.4 48.1 48.1
5537 0.1 60 0 0 5537 0.2 40 0 0 120 65.5 55.3 55.3
5537 0.1 60 0 0 5537 0.2 40 0 0 150 70.9 62.0 62.0
5537 0.1 60 0 0 5537 0.2 40 0 0 180 73.9 63.5 63.5
5537 0.1 60 0 0 5537 0.2 50 0 0 0 40.0 34.4 34.4
5537 0.1 60 0 0 5537 0.2 50 0 0 30 43.7 37.2 37.2
5537 0.1 60 0 0 5537 0.2 50 0 0 60 49.7 42.1 42.1
5537 0.1 60 0 0 5537 0.2 50 0 0 90 56.8 48.2 48.2
5537 0.1 60 0 0 5537 0.2 50 0 0 120 64.9 55.5 55.5
5537 0.1 60 0 0 5537 0.2 50 0 0 150 70.0 62.3 62.3
5537 0.1 60 0 0 5537 0.2 50 0 0 180 72.9 64.2 64.2
5537 0.1 60 0 0 5537 0.2 60 0 0 0 39.0 34.6 34.6
5537 0.1 60 0 0 5537 0.2 60 0 0 30 42.8 37.2 37.2
5537 0.1 60 0 0 5537 0.2 60 0 0 60 48.7 42.6 42.6
5537 0.1 60 0 0 5537 0.2 60 0 0 90 55.8 49.0 49.0
5537 0.1 60 0 0 5537 0.2 60 0 0 120 63.6 56.6 56.6
5537 0.1 60 0 0 5537 0.2 60 0 0 150 68.4 63.6 63.6
5537 0.1 60 0 0 5537 0.2 60 0 0 180 71.3 65.9 65.9
5537 0.1 60 0 0 5537 0.3 0 0 0 0 43.6 46.6 46.6
5537 0.1 60 0 0 5537 0.3 0 0 0 30 45.7 47.7 47.7
5537 0.1 60 0 0 5537 0.3 0 0 0 60 49.5 49.4 49.4
5537 0.1 60 0 0 5537 0.3 0 0 0 90 55.5 52.2 52.2
5537 0.1 60 0 0 5537 0.3 0 0 0 120 63.7 57.6 57.6
5537 0.1 60 0 0 5537 0.3 0 0 0 150 70.3 65.3 65.3
5537 0.1 60 0 0 5537 0.3 0 0 0 180 74.1 62.9 62.9
5537 0.1 60 0 0 5537 0.3 10 0 0 0 43.5 44.6 44.6
5537 0.1 60 0 0 5537 0.3 10 0 0 30 45.6 45.9 45.9
5537 0.1 60 0 0 5537 0.3 10 0 0 60 49.3 47.9 47.9
5537 0.1 60 0 0 5537 0.3 10 0 0 90 55.4 51.2 51.2
5537 0.1 60 0 0 5537 0.3 10 0 0 120 63.7 57.1 57.1
5537 0.1 60 0 0 5537 0.3 10 0 0 150 70.3 65.4 65.4
5537 0.1 60 0 0 5537 0.3 10 0 0 180 74.1 63.6 63.6
5537 0.1 60 0 0 5537 0.3 20 0 0 0 43.3 42.0 42.0
5537 0.1 60 0 0 5537 0.3 20 0 0 30 45.3 43.4 43.4
5537 0.1 60 0 0 5537 0.3 20 0 0 60 49.1 45.8 45.8
5537 0.1 60 0 0 5537 0.3 20 0 0 90 55.2 49.5 49.5
5537 0.1 60 0 0 5537 0.3 20 0 0 120 63.5 55.9 55.9
5537 0.1 60 0 0 5537 0.3 20 0 0 150 70.1 64.6 64.6
5537 0.1 60 0 0 5537 0.3 20 0 0 180 73.9 63.6 63.6
5537 0.1 60 0 0 5537 0.3 30 0 0 0 43.0 37.9 37.9
5537 0.1 60 0 0 5537 0.3 30 0 0 30 44.8 39.4 39.4
5537 0.1 60 0 0 5537 0.3 30 0 0 60 48.7 42.2 42.2
5537 0.1 60 0 0 5537 0.3 30 0 0 90 54.8 46.5 46.5
5537 0.1 60 0 0 5537 0.3 30 0 0 120 63.1 53.2 53.2
5537 0.1 60 0 0 5537 0.3 30 0 0 150 69.7 61.2 61.2
5537 0.1 60 0 0 5537 0.3 30 0 0 180 73.6 62.6 62.6
5537 0.1 60 0 0 5537 0.3 40 0 0 0 42.5 36.3 36.3
5537 0.1 60 0 0 5537 0.3 40 0 0 30 44.2 37.7 37.7
5537 0.1 60 0 0 5537 0.3 40 0 0 60 48.2 40.7 40.7
5537 0.1 60 0 0 5537 0.3 40 0 0 90 54.4 45.4 45.4
5537 0.1 60 0 0 5537 0.3 40 0 0 120 62.7 52.5 52.5
5537 0.1 60 0 0 5537 0.3 40 0 0 150 69.1 60.4 60.4
5537 0.1 60 0 0 5537 0.3 40 0 0 180 73.0 63.2 63.2
5537 0.1 60 0 0 5537 0.3 50 0 0 0 42.0 35.8 35.8
5537 0.1 60 0 0 5537 0.3 50 0 0 30 43.4 36.9 36.9
5537 0.1 60 0 0 5537 0.3 50 0 0 60 47.5 40.1 40.1
5537 0.1 60 0 0 5537 0.3 50 0 0 90 53.7 45.3 45.3
5537 0.1 60 0 0 5537 0.3 50 0 0 120 62.0 52.5 52.5
5537 0.1 60 0 0 5537 0.3 50 0 0 150 68.1 60.6 60.6
5537 0.1 60 0 0 5537 0.3 50 0 0 180 72.1 64.1 64.1
5537 0.1 60 0 0 5537 0.3 60 0 0 0 41.3 36.0 36.0
5537 0.1 60 0 0 5537 0.3 60 0 0 30 42.5 36.4 36.4
5537 0.1 60 0 0 5537 0.3 60 0 0 60 46.5 40.0 40.0
5537 0.1 60 0 0 5537 0.3 60 0 0 90 52.8 45.6 45.6
5537 0.1 60 0 0 5537 0.3 60 0 0 120 60.8 53.1 53.1
5537 0.1 60 0 0 5537 0.3 60 0 0 150 66.5 61.4 61.4
5537 0.1 60 0 0 5537 0.3 60 0 0 180 70.5 65.6 65.6
5537 0.1 60 0 0 5537 0.4 0 0 0 0 45.2 46.7 46.7
5537 0.1 60 0 0 5537 0.4 0 0 0 30 46.3 47.7 47.7
5537 0.1 60 0 0 5537 0.4 0 0 0 60 48.4 49.0 49.0
5537 0.1 60 0 0 5537 0.4 0 0 0 90 52.6 51.1 51.1
5537 0.1 60 0 0 5537 0.4 0 0 0 120 60.6 55.0 55.0
5537 0.1 60 0 0 5537 0.4 0 0 0 150 68.2 63.7 63.7
5537 0.1 60 0 0 5537 0.4 0 0 0 180 72.9 61.7 61.7
5537 0.1 60 0 0 5537 0.4 10 0 0 0 45.1 44.9 44.9
5537 0.1 60 0 0 5537 0.4 10 0 0 30 46.2 45.9 45.9
5537 0.1 60 0 0 5537 0.4 10 0 0 60 48.3 47.4 47.4
5537 0.1 60 0 0 5537 0.4 10 0 0 90 52.5 49.8 49.8
5537 0.1 60 0 0 5537 0.4 10 0 0 120 60.5 54.3 54.3
5537 0.1 60 0 0 5537 0.4 10 0 0 150 68.2 63.7 63.7
5537 0.1 60 0 0 5537 0.4 10 0 0 180 72.8 62.4 62.4
5537 0.1 60 0 0 5537 0.4 20 0 0 0 45.0 42.5 42.5
5537 0.1 60 0 0 5537 0.4 20 0 0 30 46.0 43.3 43.3
5537 0.1 60 0 0 5537 0.4 20 0 0 60 48.0 45.0 45.0
5537 0.1 60 0 0 5537 0.4 20 0 0 90 52.2 47.8 47.8
5537 0.1 60 0 0 5537 0.4 20 0 0 120 60.2 52.9 52.9
5537 0.1 60 0 0 5537 0.4 20 0 0 150 67.9 62.3 62.3
5537 0.1 60 0 0 5537 0.4 20 0 0 180 72.6 62.2 62.2
5537 0.1 60 0 0 5537 0.4 30 0 0 0 44.8 39.2 39.2
5537 0.1 60 0 0 5537 0.4 30 0 0 30 45.7 40.0 40.0
5537 0.1 60 0 0 5537 0.4 30 0 0 60 47.5 41.9 41.9
5537 0.1 60 0 0 5537 0.4 30 0 0 90 51.9 44.9 44.9
5537 0.1 60 0 0 5537 0.4 30 0 0 120 59.9 50.6 50.6
5537 0.1 60 0 0 5537 0.4 30 0 0 150 67.5 59.5 59.5
5537 0.1 60 0 0 5537 0.4 30 0 0 180 72.3 61.7 61.7
5537 0.1 60 0 0 5537 0.4 40 0 0 0 44.5 38.0 38.0
5537 0.1 60 0 0 5537 0.4 40 0 0 30 45.3 38.5 38.5
5537 0.1 60 0 0 5537 0.4 40 0 0 60 47.0 40.4 40.4
5537 0.1 60 0 0 5537 0.4 40 0 0 90 51.4 43.6 43.6
5537 0.1 60 0 0 5537 0.4 40 0 0 120 59.4 49.6 49.6
5537 0.1 60 0 0 5537 0.4 40 0 0 150 66.9 58.5 58.5
5537 0.1 60 0 0 5537 0.4 40 0 0 180 71.7 62.6 62.6
5537 0.1 60 0 0 5537 0.4 50 0 0 0 44.2 37.5 37.5
5537 0.1 60 0 0 5537 0.4 50 0 0 30 44.8 37.8 37.8
5537 0.1 60 0 0 5537 0.4 50 0 0 60 46.2 39.4 39.4
5537 0.1 60 0 0 5537 0.4 50 0 0 90 50.8 42.7 42.7
5537 0.1 60 0 0 5537 0.4 50 0 0 120 58.8 49.3 49.3
5537 0.1 60 0 0 5537 0.4 50 0 0 150 65.8 58.6 58.6
5537 0.1 60 0 0 5537 0.4 50 0 0 180 70.7 63.8 63.8
5537 0.1 60 0 0 5537 0.4 60 0 0 0 43.8 37.6 37.6
5537 0.1 60 0 0 5537 0.4 60 0 0 30 44.3 37.7 37.7
5537 0.1 60 0 0 5537 0.4 60 0 0 60 45.5 38.7 38.7
5537 0.1 60 0 0 5537 0.4 60 0 0 90 49.8 42.4 42.4
5537 0.1 60 0 0 5537 0.4 60 0 0 120 57.6 49.6 49.6
5537 0.1 60 0 0 5537 0.4 60 0 0 150 64.2 59.0 59.0
5537 0.1 60 0 0 5537 0.4 60 0 0 180 69.0 65.2 65.2
5537 0.1 60 0 0 5537 0.5 0 0 0 0 47.0 47.1 47.1
5537 0.1 60 0 0 5537 0.5 0 0 0 30 47.6 47.7 47.7
5537 0.1 60 0 0 5537 0.5 0 0 0 60 48.6 48.8 48.8
5537 0.1 60 0 0 5537 0.5 0 0 0 90 50.8 50.4 50.4
5537 0.1 60 0 0 5537 0.5 0 0 0 120 57.0 53.4 53.4
5537 0.1 60 0 0 5537 0.5 0 0 0 150 65.7 61.5 61.5
5537 0.1 60 0 0 5537 0.5 0 0 0 180 71.4 60.3 60.3
5537 0.1 60 0 0 5537 0.5 10 0 0 0 47.0 45.5 45.5
5537 0.1 60 0 0 5537 0.5 10 0 0 30 47.6 46.0 46.0
5537 0.1 60 0 0 5537 0.5 10 0 0 60 48.5 47.1 47.1
5537 0.1 60 0 0 5537 0.5 10 0 0 90 50.7 48.9 48.9
5537 0.1 60 0 0 5537 0.5 10 0 0 120 56.9 52.3 52.3
5537 0.1 60 0 0 5537 0.5 10 0 0 150 65.7 61.3 61.3
5537 0.1 60 0 0 5537 0.5 10 0 0 180 71.3 60.9 60.9
5537 0.1 60 0 0 5537 0.5 20 0 0 0 46.9 43.0 43.0
5537 0.1 60 0 0 5537 0.5 20 0 0 30 47.4 43.4 43.4
5537 0.1 60 0 0 5537 0.5 20 0 0 60 48.3 44.5 44.5
5537 0.1 60 0 0 5537 0.5 20 0 0 90 50.4 46.5 46.5
5537 0.1 60 0 0 5537 0.5 20 0 0 120 56.7 50.4 50.4
5537 0.1 60 0 0 5537 0.5 20 0 0 150 65.4 59.2 59.2
5537 0.1 60 0 0 5537 0.5 20 0 0 180 71.1 60.3 60.3
5537 0.1 60 0 0 5537 0.5 30 0 0 0 46.8 41.0 41.0
5537 0.1 60 0 0 5537 0.5 30 0 0 30 47.2 41.3 41.3
5537 0.1 60 0 0 5537 0.5 30 0 0 60 48.1 42.2 42.2
5537 0.1 60 0 0 5537 0.5 30 0 0 90 50.0 44.3 44.3
5537 0.1 60 0 0 5537 0.5 30 0 0 120 56.3 48.3 48.3
5537 0.1 60 0 0 5537 0.5 30 0 0 150 65.0 57.5 57.5
5537 0.1 60 0 0 5537 0.5 30 0 0 180 70.7 60.9 60.9
5537 0.1 60 0 0 5537 0.5 40 0 0 0 46.6 39.9 39.9
5537 0.1 60 0 0 5537 0.5 40 0 0 30 47.0 40.1 40.1
5537 0.1 60 0 0 5537 0.5 40 0 0 60 47.7 40.7 40.7
5537 0.1 60 0 0 5537 0.5 40 0 0 90 49.5 42.8 42.8
5537 0.1 60 0 0 5537 0.5 40 0 0 120 55.8 47.1 47.1
5537 0.1 60 0 0 5537 0.5 40 0 0 150 64.3 56.7 56.7
5537 0.1 60 0 0 5537 0.5 40 0 0 180 70.0 62.0 62.0
5537 0.1 60 0 0 5537 0.5 50 0 0 0 46.5 39.4 39.4
5537 0.1 60 0 0 5537 0.5 50 0 0 30 46.8 39.4 39.4
5537 0.1 60 0 0 5537 0.5 50 0 0 60 47.4 39.9 39.9
5537 0.1 60 0 0 5537 0.5 50 0 0 90 48.9 41.7 41.7
5537 0.1 60 0 0 5537 0.5 50 0 0 120 55.2 46.2 46.2
5537 0.1 60 0 0 5537 0.5 50 0 0 150 63.2 56.2 56.2
5537 0.1 60 0 0 5537 0.5 50 0 0 180 68.9 63.1 63.1
5537 0.1 60 0 0 5537 0.5 60 0 0 0 46.2 39.4 39.4
5537 0.1 60 0 0 5537 0.5 60 0 0 30 46.5 39.4 39.4
5537 0.1 60 0 0 5537 0.5 60 0 0 60 47.1 39.6 39.6
5537 0.1 60 0 0 5537 0.5 60 0 0 90 48.4 40.9 40.9
5537 0.1 60 0 0 5537 0.5 60 0 0 120 53.9 45.9 45.9
5537 0.1 60 0 0 5537 0.5 60 0 0 150 61.3 56.3 56.3
5537 0.1 60 0 0 5537 0.5 60 0 0 180 66.8 64.1 64.1
