4937 0.1 0 0 0 4737 0.0 0 0 0 0 62.6 55.3 55.3
4937 0.1 0 0 0 4737 0.0 0 0 0 30 62.8 55.4 55.4
4937 0.1 0 0 0 4737 0.0 0 0 0 60 62.6 55.2 55.2
4937 0.1 0 0 0 4737 0.0 0 0 0 90 62.3 54.9 54.9
4937 0.1 0 0 0 4737 0.0 0 0 0 120 62.0 54.7 54.7
4937 0.1 0 0 0 4737 0.0 0 0 0 150 61.6 54.5 54.5
4937 0.1 0 0 0 4737 0.0 0 0 0 180 61.5 54.5 54.5
4937 0.1 0 0 0 4737 0.0 10 0 0 0 62.6 55.0 55.0
4937 0.1 0 0 0 4737 0.0 10 0 0 30 62.7 55.2 55.2
4937 0.1 0 0 0 4737 0.0 10 0 0 60 62.6 55.0 55.0
4937 0.1 0 0 0 4737 0.0 10 0 0 90 62.2 54.8 54.8
4937 0.1 0 0 0 4737 0.0 10 0 0 120 61.9 54.5 54.5
4937 0.1 0 0 0 4737 0.0 10 0 0 150 61.6 54.4 54.4
4937 0.1 0 0 0 4737 0.0 10 0 0 180 61.5 54.3 54.3
4937 0.1 0 0 0 4737 0.0 20 0 0 0 62.4 54.1 54.1
4937 0.1 0 0 0 4737 0.0 20 0 0 30 62.6 54.3 54.3
4937 0.1 0 0 0 4737 0.0 20 0 0 60 62.4 54.1 54.1
4937 0.1 0 0 0 4737 0.0 20 0 0 90 62.1 53.8 53.8
4937 0.1 0 0 0 4737 0.0 20 0 0 120 61.7 53.6 53.6
4937 0.1 0 0 0 4737 0.0 20 0 0 150 61.4 53.3 53.3
4937 0.1 0 0 0 4737 0.0 20 0 0 180 61.3 53.3 53.3
4937 0.1 0 0 0 4737 0.0 30 0 0 0 62.1 52.5 52.5
4937 0.1 0 0 0 4737 0.0 30 0 0 30 62.2 52.6 52.6
4937 0.1 0 0 0 4737 0.0 30 0 0 60 62.1 52.3 52.3
4937 0.1 0 0 0 4737 0.0 30 0 0 90 61.7 51.7 51.7
4937 0.1 0 0 0 4737 0.0 30 0 0 120 61.4 51.2 51.2
4937 0.1 0 0 0 4737 0.0 30 0 0 150 61.1 50.9 50.9
4937 0.1 0 0 0 4737 0.0 30 0 0 180 61.0 50.8 50.8
4937 0.1 0 0 0 4737 0.0 40 0 0 0 61.6 52.6 52.6
4937 0.1 0 0 0 4737 0.0 40 0 0 30 61.7 52.7 52.7
4937 0.1 0 0 0 4737 0.0 40 0 0 60 61.6 52.4 52.4
4937 0.1 0 0 0 4737 0.0 40 0 0 90 61.2 51.9 51.9
4937 0.1 0 0 0 4737 0.0 40 0 0 120 60.9 51.3 51.3
4937 0.1 0 0 0 4737 0.0 40 0 0 150 60.5 51.0 51.0
4937 0.1 0 0 0 4737 0.0 40 0 0 180 60.4 50.8 50.8
4937 0.1 0 0 0 4737 0.0 50 0 0 0 60.8 53.4 53.4
4937 0.1 0 0 0 4737 0.0 50 0 0 30 61.0 53.4 53.4
4937 0.1 0 0 0 4737 0.0 50 0 0 60 60.8 53.1 53.1
4937 0.1 0 0 0 4737 0.0 50 0 0 90 60.4 52.5 52.5
4937 0.1 0 0 0 4737 0.0 50 0 0 120 60.0 52.0 52.0
4937 0.1 0 0 0 4737 0.0 50 0 0 150 59.7 51.7 51.7
4937 0.1 0 0 0 4737 0.0 50 0 0 180 59.7 51.6 51.6
4937 0.1 0 0 0 4737 0.0 60 0 0 0 59.5 54.0 54.0
4937 0.1 0 0 0 4737 0.0 60 0 0 30 59.6 54.1 54.1
4937 0.1 0 0 0 4737 0.0 60 0 0 60 59.5 54.1 54.1
4937 0.1 0 0 0 4737 0.0 60 0 0 90 59.1 53.8 53.8
4937 0.1 0 0 0 4737 0.0 60 0 0 120 58.8 53.5 53.5
4937 0.1 0 0 0 4737 0.0 60 0 0 150 58.6 53.2 53.2
4937 0.1 0 0 0 4737 0.0 60 0 0 180 58.5 53.0 53.0
4937 0.1 0 0 0 4737 0.1 0 0 0 0 62.5 54.9 54.9
4937 0.1 0 0 0 4737 0.1 0 0 0 30 62.6 55.0 55.0
4937 0.1 0 0 0 4737 0.1 0 0 0 60 62.5 55.0 55.0
4937 0.1 0 0 0 4737 0.1 0 0 0 90 62.2 54.7 54.7
4937 0.1 0 0 0 4737 0.1 0 0 0 120 61.8 54.5 54.5
4937 0.1 0 0 0 4737 0.1 0 0 0 150 61.5 54.2 54.2
4937 0.1 0 0 0 4737 0.1 0 0 0 180 61.3 54.1 54.1
4937 0.1 0 0 0 4737 0.1 10 0 0 0 62.4 54.7 54.7
4937 0.1 0 0 0 4737 0.1 10 0 0 30 62.5 54.9 54.9
4937 0.1 0 0 0 4737 0.1 10 0 0 60 62.4 54.8 54.8
4937 0.1 0 0 0 4737 0.1 10 0 0 90 62.1 54.6 54.6
4937 0.1 0 0 0 4737 0.1 10 0 0 120 61.8 54.3 54.3
4937 0.1 0 0 0 4737 0.1 10 0 0 150 61.4 54.1 54.1
4937 0.1 0 0 0 4737 0.1 10 0 0 180 61.3 53.9 53.9
4937 0.1 0 0 0 4737 0.1 20 0 0 0 62.3 53.8 53.8
4937 0.1 0 0 0 4737 0.1 20 0 0 30 62.4 54.0 54.0
4937 0.1 0 0 0 4737 0.1 20 0 0 60 62.3 53.9 53.9
4937 0.1 0 0 0 4737 0.1 20 0 0 90 62.0 53.7 53.7
4937 0.1 0 0 0 4737 0.1 20 0 0 120 61.6 53.4 53.4
4937 0.1 0 0 0 4737 0.1 20 0 0 150 61.2 53.1 53.1
4937 0.1 0 0 0 4737 0.1 20 0 0 180 61.1 52.9 52.9
4937 0.1 0 0 0 4737 0.1 30 0 0 0 61.9 52.2 52.2
4937 0.1 0 0 0 4737 0.1 30 0 0 30 62.1 52.3 52.3
4937 0.1 0 0 0 4737 0.1 30 0 0 60 62.0 52.3 52.3
4937 0.1 0 0 0 4737 0.1 30 0 0 90 61.6 51.8 51.8
4937 0.1 0 0 0 4737 0.1 30 0 0 120 61.3 51.3 51.3
4937 0.1 0 0 0 4737 0.1 30 0 0 150 60.9 50.7 50.7
4937 0.1 0 0 0 4737 0.1 30 0 0 180 60.8 50.5 50.5
4937 0.1 0 0 0 4737 0.1 40 0 0 0 61.5 52.3 52.3
4937 0.1 0 0 0 4737 0.1 40 0 0 30 61.6 52.4 52.4
4937 0.1 0 0 0 4737 0.1 40 0 0 60 61.5 52.4 52.4
4937 0.1 0 0 0 4737 0.1 40 0 0 90 61.2 52.0 52.0
4937 0.1 0 0 0 4737 0.1 40 0 0 120 60.7 51.5 51.5
4937 0.1 0 0 0 4737 0.1 40 0 0 150 60.4 50.9 50.9
4937 0.1 0 0 0 4737 0.1 40 0 0 180 60.2 50.5 50.5
4937 0.1 0 0 0 4737 0.1 50 0 0 0 60.7 53.0 53.0
4937 0.1 0 0 0 4737 0.1 50 0 0 30 60.9 53.3 53.3
4937 0.1 0 0 0 4737 0.1 50 0 0 60 60.7 53.2 53.2
4937 0.1 0 0 0 4737 0.1 50 0 0 90 60.4 52.7 52.7
4937 0.1 0 0 0 4737 0.1 50 0 0 120 59.9 52.1 52.1
4937 0.1 0 0 0 4737 0.1 50 0 0 150 59.6 51.6 51.6
4937 0.1 0 0 0 4737 0.1 50 0 0 180 59.4 51.2 51.2
4937 0.1 0 0 0 4737 0.1 60 0 0 0 59.4 53.6 53.6
4937 0.1 0 0 0 4737 0.1 60 0 0 30 59.6 53.9 53.9
4937 0.1 0 0 0 4737 0.1 60 0 0 60 59.5 53.9 53.9
4937 0.1 0 0 0 4737 0.1 60 0 0 90 59.2 53.7 53.7
4937 0.1 0 0 0 4737 0.1 60 0 0 120 58.8 53.4 53.4
4937 0.1 0 0 0 4737 0.1 60 0 0 150 58.4 53.0 53.0
4937 0.1 0 0 0 4737 0.1 60 0 0 180 58.2 52.7 52.7
4937 0.1 0 0 0 4737 0.2 0 0 0 0 62.3 54.6 54.6
4937 0.1 0 0 0 4737 0.2 0 0 0 30 62.4 54.7 54.7
4937 0.1 0 0 0 4737 0.2 0 0 0 60 62.4 54.7 54.7
4937 0.1 0 0 0 4737 0.2 0 0 0 90 62.1 54.5 54.5
4937 0.1 0 0 0 4737 0.2 0 0 0 120 61.7 54.3 54.3
4937 0.1 0 0 0 4737 0.2 0 0 0 150 61.3 54.0 54.0
4937 0.1 0 0 0 4737 0.2 0 0 0 180 61.2 53.7 53.7
4937 0.1 0 0 0 4737 0.2 10 0 0 0 62.3 54.3 54.3
4937 0.1 0 0 0 4737 0.2 10 0 0 30 62.4 54.5 54.5
4937 0.1 0 0 0 4737 0.2 10 0 0 60 62.3 54.5 54.5
4937 0.1 0 0 0 4737 0.2 10 0 0 90 62.0 54.4 54.4
4937 0.1 0 0 0 4737 0.2 10 0 0 120 61.7 54.1 54.1
4937 0.1 0 0 0 4737 0.2 10 0 0 150 61.2 53.8 53.8
4937 0.1 0 0 0 4737 0.2 10 0 0 180 61.1 53.5 53.5
4937 0.1 0 0 0 4737 0.2 20 0 0 0 62.1 53.5 53.5
4937 0.1 0 0 0 4737 0.2 20 0 0 30 62.2 53.7 53.7
4937 0.1 0 0 0 4737 0.2 20 0 0 60 62.1 53.7 53.7
4937 0.1 0 0 0 4737 0.2 20 0 0 90 61.8 53.5 53.5
4937 0.1 0 0 0 4737 0.2 20 0 0 120 61.5 53.2 53.2
4937 0.1 0 0 0 4737 0.2 20 0 0 150 61.0 52.7 52.7
4937 0.1 0 0 0 4737 0.2 20 0 0 180 60.9 52.3 52.3
4937 0.1 0 0 0 4737 0.2 30 0 0 0 61.8 52.1 52.1
4937 0.1 0 0 0 4737 0.2 30 0 0 30 61.9 52.1 52.1
4937 0.1 0 0 0 4737 0.2 30 0 0 60 61.8 52.1 52.1
4937 0.1 0 0 0 4737 0.2 30 0 0 90 61.5 51.9 51.9
4937 0.1 0 0 0 4737 0.2 30 0 0 120 61.2 51.4 51.4
4937 0.1 0 0 0 4737 0.2 30 0 0 150 60.7 50.8 50.8
4937 0.1 0 0 0 4737 0.2 30 0 0 180 60.6 50.1 50.1
4937 0.1 0 0 0 4737 0.2 40 0 0 0 61.3 52.1 52.1
4937 0.1 0 0 0 4737 0.2 40 0 0 30 61.4 52.2 52.2
4937 0.1 0 0 0 4737 0.2 40 0 0 60 61.4 52.2 52.2
4937 0.1 0 0 0 4737 0.2 40 0 0 90 61.1 52.0 52.0
4937 0.1 0 0 0 4737 0.2 40 0 0 120 60.6 51.5 51.5
4937 0.1 0 0 0 4737 0.2 40 0 0 150 60.2 50.9 50.9
4937 0.1 0 0 0 4737 0.2 40 0 0 180 60.0 50.3 50.3
4937 0.1 0 0 0 4737 0.2 50 0 0 0 60.6 52.6 52.6
4937 0.1 0 0 0 4737 0.2 50 0 0 30 60.7 52.9 52.9
4937 0.1 0 0 0 4737 0.2 50 0 0 60 60.7 53.0 53.0
4937 0.1 0 0 0 4737 0.2 50 0 0 90 60.4 52.8 52.8
4937 0.1 0 0 0 4737 0.2 50 0 0 120 59.9 52.3 52.3
4937 0.1 0 0 0 4737 0.2 50 0 0 150 59.4 51.7 51.7
4937 0.1 0 0 0 4737 0.2 50 0 0 180 59.2 51.1 51.1
4937 0.1 0 0 0 4737 0.2 60 0 0 0 59.2 53.2 53.2
4937 0.1 0 0 0 4737 0.2 60 0 0 30 59.4 53.5 53.5
4937 0.1 0 0 0 4737 0.2 60 0 0 60 59.5 53.7 53.7
4937 0.1 0 0 0 4737 0.2 60 0 0 90 59.3 53.6 53.6
4937 0.1 0 0 0 4737 0.2 60 0 0 120 58.9 53.3 53.3
4937 0.1 0 0 0 4737 0.2 60 0 0 150 58.3 52.9 52.9
4937 0.1 0 0 0 4737 0.2 60 0 0 180 57.9 52.4 52.4
4937 0.1 0 0 0 4737 0.3 0 0 0 0 62.1 54.2 54.2
4937 0.1 0 0 0 4737 0.3 0 0 0 30 62.2 54.3 54.3
4937 0.1 0 0 0 4737 0.3 0 0 0 60 62.2 54.3 54.3
4937 0.1 0 0 0 4737 0.3 0 0 0 90 62.0 54.2 54.2
4937 0.1 0 0 0 4737 0.3 0 0 0 120 61.6 53.9 53.9
4937 0.1 0 0 0 4737 0.3 0 0 0 150 61.1 53.6 53.6
4937 0.1 0 0 0 4737 0.3 0 0 0 180 61.0 53.2 53.2
4937 0.1 0 0 0 4737 0.3 10 0 0 0 62.1 53.9 53.9
4937 0.1 0 0 0 4737 0.3 10 0 0 30 62.1 54.1 54.1
4937 0.1 0 0 0 4737 0.3 10 0 0 60 62.1 54.1 54.1
4937 0.1 0 0 0 4737 0.3 10 0 0 90 61.9 54.1 54.1
4937 0.1 0 0 0 4737 0.3 10 0 0 120 61.5 53.8 53.8
4937 0.1 0 0 0 4737 0.3 10 0 0 150 61.1 53.5 53.5
4937 0.1 0 0 0 4737 0.3 10 0 0 180 60.9 53.0 53.0
4937 0.1 0 0 0 4737 0.3 20 0 0 0 61.9 53.1 53.1
4937 0.1 0 0 0 4737 0.3 20 0 0 30 62.0 53.3 53.3
4937 0.1 0 0 0 4737 0.3 20 0 0 60 61.9 53.4 53.4
4937 0.1 0 0 0 4737 0.3 20 0 0 90 61.7 53.3 53.3
4937 0.1 0 0 0 4737 0.3 20 0 0 120 61.4 52.9 52.9
4937 0.1 0 0 0 4737 0.3 20 0 0 150 60.9 52.3 52.3
4937 0.1 0 0 0 4737 0.3 20 0 0 180 60.7 51.6 51.6
4937 0.1 0 0 0 4737 0.3 30 0 0 0 61.6 52.0 52.0
4937 0.1 0 0 0 4737 0.3 30 0 0 30 61.7 52.0 52.0
4937 0.1 0 0 0 4737 0.3 30 0 0 60 61.7 52.0 52.0
4937 0.1 0 0 0 4737 0.3 30 0 0 90 61.5 51.8 51.8
4937 0.1 0 0 0 4737 0.3 30 0 0 120 61.1 51.4 51.4
4937 0.1 0 0 0 4737 0.3 30 0 0 150 60.5 50.9 50.9
4937 0.1 0 0 0 4737 0.3 30 0 0 180 60.3 50.2 50.2
4937 0.1 0 0 0 4737 0.3 40 0 0 0 61.2 52.0 52.0
4937 0.1 0 0 0 4737 0.3 40 0 0 30 61.3 52.1 52.1
4937 0.1 0 0 0 4737 0.3 40 0 0 60 61.3 52.1 52.1
4937 0.1 0 0 0 4737 0.3 40 0 0 90 61.0 52.0 52.0
4937 0.1 0 0 0 4737 0.3 40 0 0 120 60.6 51.6 51.6
4937 0.1 0 0 0 4737 0.3 40 0 0 150 60.0 51.1 51.1
4937 0.1 0 0 0 4737 0.3 40 0 0 180 59.7 50.4 50.4
4937 0.1 0 0 0 4737 0.3 50 0 0 0 60.5 52.3 52.3
4937 0.1 0 0 0 4737 0.3 50 0 0 30 60.6 52.5 52.5
4937 0.1 0 0 0 4737 0.3 50 0 0 60 60.6 52.7 52.7
4937 0.1 0 0 0 4737 0.3 50 0 0 90 60.5 52.8 52.8
4937 0.1 0 0 0 4737 0.3 50 0 0 120 60.0 52.4 52.4
4937 0.1 0 0 0 4737 0.3 50 0 0 150 59.3 51.8 51.8
4937 0.1 0 0 0 4737 0.3 50 0 0 180 58.9 50.9 50.9
4937 0.1 0 0 0 4737 0.3 60 0 0 0 58.9 52.8 52.8
4937 0.1 0 0 0 4737 0.3 60 0 0 30 59.2 53.0 53.0
4937 0.1 0 0 0 4737 0.3 60 0 0 60 59.3 53.3 53.3
4937 0.1 0 0 0 4737 0.3 60 0 0 90 59.3 53.3 53.3
4937 0.1 0 0 0 4737 0.3 60 0 0 120 59.1 53.2 53.2
4937 0.1 0 0 0 4737 0.3 60 0 0 150 58.3 52.8 52.8
4937 0.1 0 0 0 4737 0.3 60 0 0 180 57.5 52.1 52.1
4937 0.1 0 0 0 4737 0.4 0 0 0 0 62.0 53.7 53.7
4937 0.1 0 0 0 4737 0.4 0 0 0 30 62.1 53.8 53.8
4937 0.1 0 0 0 4737 0.4 0 0 0 60 62.0 53.8 53.8
4937 0.1 0 0 0 4737 0.4 0 0 0 90 61.9 53.8 53.8
4937 0.1 0 0 0 4737 0.4 0 0 0 120 61.5 53.6 53.6
4937 0.1 0 0 0 4737 0.4 0 0 0 150 61.0 53.3 53.3
4937 0.1 0 0 0 4737 0.4 0 0 0 180 60.7 52.7 52.7
4937 0.1 0 0 0 4737 0.4 10 0 0 0 61.9 53.5 53.5
4937 0.1 0 0 0 4737 0.4 10 0 0 30 62.0 53.6 53.6
4937 0.1 0 0 0 4737 0.4 10 0 0 60 62.0 53.7 53.7
4937 0.1 0 0 0 4737 0.4 10 0 0 90 61.8 53.7 53.7
4937 0.1 0 0 0 4737 0.4 10 0 0 120 61.5 53.5 53.5
4937 0.1 0 0 0 4737 0.4 10 0 0 150 60.9 53.1 53.1
4937 0.1 0 0 0 4737 0.4 10 0 0 180 60.7 52.4 52.4
4937 0.1 0 0 0 4737 0.4 20 0 0 0 61.8 52.6 52.6
4937 0.1 0 0 0 4737 0.4 20 0 0 30 61.9 52.7 52.7
4937 0.1 0 0 0 4737 0.4 20 0 0 60 61.8 52.9 52.9
4937 0.1 0 0 0 4737 0.4 20 0 0 90 61.7 52.8 52.8
4937 0.1 0 0 0 4737 0.4 20 0 0 120 61.3 52.4 52.4
4937 0.1 0 0 0 4737 0.4 20 0 0 150 60.7 51.7 51.7
4937 0.1 0 0 0 4737 0.4 20 0 0 180 60.4 50.8 50.8
4937 0.1 0 0 0 4737 0.4 30 0 0 0 61.5 52.2 52.2
4937 0.1 0 0 0 4737 0.4 30 0 0 30 61.6 52.2 52.2
4937 0.1 0 0 0 4737 0.4 30 0 0 60 61.6 52.1 52.1
4937 0.1 0 0 0 4737 0.4 30 0 0 90 61.4 52.0 52.0
4937 0.1 0 0 0 4737 0.4 30 0 0 120 61.1 51.5 51.5
4937 0.1 0 0 0 4737 0.4 30 0 0 150 60.4 50.9 50.9
4937 0.1 0 0 0 4737 0.4 30 0 0 180 60.0 50.1 50.1
4937 0.1 0 0 0 4737 0.4 40 0 0 0 61.1 52.0 52.0
4937 0.1 0 0 0 4737 0.4 40 0 0 30 61.2 52.1 52.1
4937 0.1 0 0 0 4737 0.4 40 0 0 60 61.2 52.2 52.2
4937 0.1 0 0 0 4737 0.4 40 0 0 90 61.1 52.2 52.2
4937 0.1 0 0 0 4737 0.4 40 0 0 120 60.7 51.7 51.7
4937 0.1 0 0 0 4737 0.4 40 0 0 150 59.9 51.1 51.1
4937 0.1 0 0 0 4737 0.4 40 0 0 180 59.4 50.4 50.4
4937 0.1 0 0 0 4737 0.4 50 0 0 0 60.3 52.0 52.0
4937 0.1 0 0 0 4737 0.4 50 0 0 30 60.5 52.3 52.3
4937 0.1 0 0 0 4737 0.4 50 0 0 60 60.6 52.4 52.4
4937 0.1 0 0 0 4737 0.4 50 0 0 90 60.5 52.6 52.6
4937 0.1 0 0 0 4737 0.4 50 0 0 120 60.2 52.5 52.5
4937 0.1 0 0 0 4737 0.4 50 0 0 150 59.3 52.0 52.0
4937 0.1 0 0 0 4737 0.4 50 0 0 180 58.5 51.1 51.1
4937 0.1 0 0 0 4737 0.4 60 0 0 0 58.5 52.4 52.4
4937 0.1 0 0 0 4737 0.4 60 0 0 30 58.7 52.6 52.6
4937 0.1 0 0 0 4737 0.4 60 0 0 60 58.9 52.7 52.7
4937 0.1 0 0 0 4737 0.4 60 0 0 90 59.1 52.9 52.9
4937 0.1 0 0 0 4737 0.4 60 0 0 120 59.1 53.0 53.0
4937 0.1 0 0 0 4737 0.4 60 0 0 150 58.4 52.8 52.8
4937 0.1 0 0 0 4737 0.4 60 0 0 180 57.1 51.8 51.8
4937 0.1 0 0 0 4737 0.5 0 0 0 0 61.9 52.9 52.9
4937 0.1 0 0 0 4737 0.5 0 0 0 30 61.9 52.9 52.9
4937 0.1 0 0 0 4737 0.5 0 0 0 60 61.9 53.0 53.0
4937 0.1 0 0 0 4737 0.5 0 0 0 90 61.8 53.0 53.0
4937 0.1 0 0 0 4737 0.5 0 0 0 120 61.5 53.0 53.0
4937 0.1 0 0 0 4737 0.5 0 0 0 150 60.8 52.6 52.6
4937 0.1 0 0 0 4737 0.5 0 0 0 180 60.5 51.7 51.7
4937 0.1 0 0 0 4737 0.5 10 0 0 0 61.8 52.6 52.6
4937 0.1 0 0 0 4737 0.5 10 0 0 30 61.9 52.7 52.7
4937 0.1 0 0 0 4737 0.5 10 0 0 60 61.8 52.8 52.8
4937 0.1 0 0 0 4737 0.5 10 0 0 90 61.8 52.9 52.9
4937 0.1 0 0 0 4737 0.5 10 0 0 120 61.5 52.8 52.8
4937 0.1 0 0 0 4737 0.5 10 0 0 150 60.8 52.4 52.4
4937 0.1 0 0 0 4737 0.5 10 0 0 180 60.4 51.3 51.3
4937 0.1 0 0 0 4737 0.5 20 0 0 0 61.7 52.8 52.8
4937 0.1 0 0 0 4737 0.5 20 0 0 30 61.7 52.9 52.9
4937 0.1 0 0 0 4737 0.5 20 0 0 60 61.7 53.0 53.0
4937 0.1 0 0 0 4737 0.5 20 0 0 90 61.6 52.8 52.8
4937 0.1 0 0 0 4737 0.5 20 0 0 120 61.4 52.4 52.4
4937 0.1 0 0 0 4737 0.5 20 0 0 150 60.6 51.6 51.6
4937 0.1 0 0 0 4737 0.5 20 0 0 180 60.1 50.4 50.4
4937 0.1 0 0 0 4737 0.5 30 0 0 0 61.4 52.5 52.5
4937 0.1 0 0 0 4737 0.5 30 0 0 30 61.5 52.5 52.5
4937 0.1 0 0 0 4737 0.5 30 0 0 60 61.5 52.5 52.5
4937 0.1 0 0 0 4737 0.5 30 0 0 90 61.4 52.4 52.4
4937 0.1 0 0 0 4737 0.5 30 0 0 120 61.2 52.0 52.0
4937 0.1 0 0 0 4737 0.5 30 0 0 150 60.3 51.3 51.3
4937 0.1 0 0 0 4737 0.5 30 0 0 180 59.7 50.0 50.0
4937 0.1 0 0 0 4737 0.5 40 0 0 0 60.9 52.1 52.1
4937 0.1 0 0 0 4737 0.5 40 0 0 30 61.1 52.3 52.3
4937 0.1 0 0 0 4737 0.5 40 0 0 60 61.1 52.3 52.3
4937 0.1 0 0 0 4737 0.5 40 0 0 90 61.1 52.4 52.4
4937 0.1 0 0 0 4737 0.5 40 0 0 120 60.9 52.2 52.2
4937 0.1 0 0 0 4737 0.5 40 0 0 150 59.9 51.5 51.5
4937 0.1 0 0 0 4737 0.5 40 0 0 180 59.0 50.5 50.5
4937 0.1 0 0 0 4737 0.5 50 0 0 0 60.0 52.0 52.0
4937 0.1 0 0 0 4737 0.5 50 0 0 30 60.2 52.1 52.1
4937 0.1 0 0 0 4737 0.5 50 0 0 60 60.3 52.3 52.3
4937 0.1 0 0 0 4737 0.5 50 0 0 90 60.5 52.4 52.4
4937 0.1 0 0 0 4737 0.5 50 0 0 120 60.4 52.4 52.4
4937 0.1 0 0 0 4737 0.5 50 0 0 150 59.4 52.0 52.0
4937 0.1 0 0 0 4737 0.5 50 0 0 180 58.0 51.0 51.0
4937 0.1 0 0 0 4737 0.5 60 0 0 0 58.4 52.1 52.1
4937 0.1 0 0 0 4737 0.5 60 0 0 30 58.6 52.2 52.2
4937 0.1 0 0 0 4737 0.5 60 0 0 60 58.8 52.3 52.3
4937 0.1 0 0 0 4737 0.5 60 0 0 90 59.1 52.5 52.5
4937 0.1 0 0 0 4737 0.5 60 0 0 120 59.1 52.6 52.6
4937 0.1 0 0 0 4737 0.5 60 0 0 150 58.5 52.6 52.6
4937 0.1 0 0 0 4737 0.5 60 0 0 180 56.7 51.8 51.8
4937 0.1 0 0 0 4937 0.0 0 0 0 0 41.2 35.6 35.6
4937 0.1 0 0 0 4937 0.0 0 0 0 30 48.9 43.1 43.1
4937 0.1 0 0 0 4937 0.0 0 0 0 60 57.2 51.5 51.5
4937 0.1 0 0 0 4937 0.0 0 0 0 90 65.5 59.9 59.9
4937 0.1 0 0 0 4937 0.0 0 0 0 120 73.7 66.3 66.3
4937 0.1 0 0 0 4937 0.0 0 0 0 150 77.1 66.5 66.5
4937 0.1 0 0 0 4937 0.0 0 0 0 180 77.1 66.5 66.5
4937 0.1 0 0 0 4937 0.0 10 0 0 0 41.1 36.0 36.0
4937 0.1 0 0 0 4937 0.0 10 0 0 30 48.8 42.8 42.8
4937 0.1 0 0 0 4937 0.0 10 0 0 60 57.0 51.2 51.2
4937 0.1 0 0 0 4937 0.0 10 0 0 90 65.3 59.6 59.6
4937 0.1 0 0 0 4937 0.0 10 0 0 120 73.6 65.2 65.2
4937 0.1 0 0 0 4937 0.0 10 0 0 150 77.0 66.2 66.2
4937 0.1 0 0 0 4937 0.0 10 0 0 180 77.0 66.2 66.2
4937 0.1 0 0 0 4937 0.0 20 0 0 0 41.0 37.0 37.0
4937 0.1 0 0 0 4937 0.0 20 0 0 30 48.5 42.3 42.3
4937 0.1 0 0 0 4937 0.0 20 0 0 60 56.8 50.5 50.5
4937 0.1 0 0 0 4937 0.0 20 0 0 90 65.1 58.4 58.4
4937 0.1 0 0 0 4937 0.0 20 0 0 120 73.4 63.0 63.0
4937 0.1 0 0 0 4937 0.0 20 0 0 150 76.7 64.9 64.9
4937 0.1 0 0 0 4937 0.0 20 0 0 180 76.7 64.9 64.9
4937 0.1 0 0 0 4937 0.0 30 0 0 0 40.8 38.5 38.5
4937 0.1 0 0 0 4937 0.0 30 0 0 30 48.1 42.5 42.5
4937 0.1 0 0 0 4937 0.0 30 0 0 60 56.4 48.7 48.7
4937 0.1 0 0 0 4937 0.0 30 0 0 90 64.7 54.7 54.7
4937 0.1 0 0 0 4937 0.0 30 0 0 120 73.0 59.0 59.0
4937 0.1 0 0 0 4937 0.0 30 0 0 150 76.2 61.5 61.5
4937 0.1 0 0 0 4937 0.0 30 0 0 180 76.2 61.8 61.8
4937 0.1 0 0 0 4937 0.0 40 0 0 0 40.6 40.2 40.2
4937 0.1 0 0 0 4937 0.0 40 0 0 30 47.6 43.0 43.0
4937 0.1 0 0 0 4937 0.0 40 0 0 60 55.9 48.6 48.6
4937 0.1 0 0 0 4937 0.0 40 0 0 90 64.1 53.9 53.9
4937 0.1 0 0 0 4937 0.0 40 0 0 120 72.4 58.0 58.0
4937 0.1 0 0 0 4937 0.0 40 0 0 150 75.4 60.8 60.8
4937 0.1 0 0 0 4937 0.0 40 0 0 180 75.4 61.8 61.8
4937 0.1 0 0 0 4937 0.0 50 0 0 0 40.8 42.0 42.0
4937 0.1 0 0 0 4937 0.0 50 0 0 30 46.8 44.2 44.2
4937 0.1 0 0 0 4937 0.0 50 0 0 60 55.1 48.9 48.9
4937 0.1 0 0 0 4937 0.0 50 0 0 90 63.4 53.9 53.9
4937 0.1 0 0 0 4937 0.0 50 0 0 120 71.4 58.0 58.0
4937 0.1 0 0 0 4937 0.0 50 0 0 150 74.3 60.9 60.9
4937 0.1 0 0 0 4937 0.0 50 0 0 180 74.3 62.6 62.6
4937 0.1 0 0 0 4937 0.0 60 0 0 0 41.1 44.3 44.3
4937 0.1 0 0 0 4937 0.0 60 0 0 30 45.7 46.3 46.3
4937 0.1 0 0 0 4937 0.0 60 0 0 60 54.0 49.9 49.9
4937 0.1 0 0 0 4937 0.0 60 0 0 90 62.2 54.5 54.5
4937 0.1 0 0 0 4937 0.0 60 0 0 120 69.3 58.5 58.5
4937 0.1 0 0 0 4937 0.0 60 0 0 150 72.2 61.4 61.4
4937 0.1 0 0 0 4937 0.0 60 0 0 180 72.3 63.2 63.2
4937 0.1 0 0 0 4937 0.1 0 0 0 0 40.6 34.7 34.7
4937 0.1 0 0 0 4937 0.1 0 0 0 30 47.4 41.5 41.5
4937 0.1 0 0 0 4937 0.1 0 0 0 60 54.5 48.7 48.7
4937 0.1 0 0 0 4937 0.1 0 0 0 90 62.3 56.6 56.6
4937 0.1 0 0 0 4937 0.1 0 0 0 120 70.9 63.9 63.9
4937 0.1 0 0 0 4937 0.1 0 0 0 150 76.4 66.3 66.3
4937 0.1 0 0 0 4937 0.1 0 0 0 180 77.1 66.3 66.3
4937 0.1 0 0 0 4937 0.1 10 0 0 0 40.4 35.1 35.1
4937 0.1 0 0 0 4937 0.1 10 0 0 30 47.3 41.3 41.3
4937 0.1 0 0 0 4937 0.1 10 0 0 60 54.4 48.5 48.5
4937 0.1 0 0 0 4937 0.1 10 0 0 90 62.2 56.4 56.4
4937 0.1 0 0 0 4937 0.1 10 0 0 120 70.8 62.7 62.7
4937 0.1 0 0 0 4937 0.1 10 0 0 150 76.4 65.9 65.9
4937 0.1 0 0 0 4937 0.1 10 0 0 180 77.0 66.0 66.0
4937 0.1 0 0 0 4937 0.1 20 0 0 0 40.2 36.7 36.7
4937 0.1 0 0 0 4937 0.1 20 0 0 30 47.0 40.5 40.5
4937 0.1 0 0 0 4937 0.1 20 0 0 60 54.2 47.7 47.7
4937 0.1 0 0 0 4937 0.1 20 0 0 90 61.9 55.1 55.1
4937 0.1 0 0 0 4937 0.1 20 0 0 120 70.5 60.5 60.5
4937 0.1 0 0 0 4937 0.1 20 0 0 150 76.1 64.0 64.0
4937 0.1 0 0 0 4937 0.1 20 0 0 180 76.7 64.7 64.7
4937 0.1 0 0 0 4937 0.1 30 0 0 0 39.9 38.3 38.3
4937 0.1 0 0 0 4937 0.1 30 0 0 30 46.6 40.6 40.6
4937 0.1 0 0 0 4937 0.1 30 0 0 60 53.8 45.9 45.9
4937 0.1 0 0 0 4937 0.1 30 0 0 90 61.5 51.6 51.6
4937 0.1 0 0 0 4937 0.1 30 0 0 120 70.1 56.5 56.5
4937 0.1 0 0 0 4937 0.1 30 0 0 150 75.6 60.2 60.2
4937 0.1 0 0 0 4937 0.1 30 0 0 180 76.3 61.6 61.6
4937 0.1 0 0 0 4937 0.1 40 0 0 0 39.9 40.0 40.0
4937 0.1 0 0 0 4937 0.1 40 0 0 30 46.1 41.7 41.7
4937 0.1 0 0 0 4937 0.1 40 0 0 60 53.2 45.8 45.8
4937 0.1 0 0 0 4937 0.1 40 0 0 90 61.0 50.8 50.8
4937 0.1 0 0 0 4937 0.1 40 0 0 120 69.6 55.5 55.5
4937 0.1 0 0 0 4937 0.1 40 0 0 150 74.8 59.3 59.3
4937 0.1 0 0 0 4937 0.1 40 0 0 180 75.5 61.5 61.5
4937 0.1 0 0 0 4937 0.1 50 0 0 0 40.2 41.8 41.8
4937 0.1 0 0 0 4937 0.1 50 0 0 30 45.3 43.1 43.1
4937 0.1 0 0 0 4937 0.1 50 0 0 60 52.5 46.2 46.2
4937 0.1 0 0 0 4937 0.1 50 0 0 90 60.2 50.8 50.8
4937 0.1 0 0 0 4937 0.1 50 0 0 120 68.8 55.4 55.4
4937 0.1 0 0 0 4937 0.1 50 0 0 150 73.5 59.3 59.3
4937 0.1 0 0 0 4937 0.1 50 0 0 180 74.3 62.0 62.0
4937 0.1 0 0 0 4937 0.1 60 0 0 0 40.7 44.0 44.0
4937 0.1 0 0 0 4937 0.1 60 0 0 30 44.7 45.3 45.3
4937 0.1 0 0 0 4937 0.1 60 0 0 60 51.3 47.8 47.8
4937 0.1 0 0 0 4937 0.1 60 0 0 90 59.1 51.5 51.5
4937 0.1 0 0 0 4937 0.1 60 0 0 120 67.2 55.8 55.8
4937 0.1 0 0 0 4937 0.1 60 0 0 150 71.5 59.7 59.7
4937 0.1 0 0 0 4937 0.1 60 0 0 180 72.3 62.6 62.6
4937 0.1 0 0 0 4937 0.2 0 0 0 0 41.2 35.2 35.2
4937 0.1 0 0 0 4937 0.2 0 0 0 30 46.1 40.1 40.1
4937 0.1 0 0 0 4937 0.2 0 0 0 60 52.1 46.2 46.2
4937 0.1 0 0 0 4937 0.2 0 0 0 90 59.2 53.3 53.3
4937 0.1 0 0 0 4937 0.2 0 0 0 120 67.9 61.0 61.0
4937 0.1 0 0 0 4937 0.2 0 0 0 150 74.7 65.7 65.7
4937 0.1 0 0 0 4937 0.2 0 0 0 180 77.1 66.0 66.0
4937 0.1 0 0 0 4937 0.2 10 0 0 0 41.2 35.4 35.4
4937 0.1 0 0 0 4937 0.2 10 0 0 30 46.0 39.9 39.9
4937 0.1 0 0 0 4937 0.2 10 0 0 60 52.0 45.9 45.9
4937 0.1 0 0 0 4937 0.2 10 0 0 90 59.1 53.1 53.1
4937 0.1 0 0 0 4937 0.2 10 0 0 120 67.8 59.8 59.8
4937 0.1 0 0 0 4937 0.2 10 0 0 150 74.6 64.6 64.6
4937 0.1 0 0 0 4937 0.2 10 0 0 180 77.0 65.8 65.8
4937 0.1 0 0 0 4937 0.2 20 0 0 0 41.1 36.5 36.5
4937 0.1 0 0 0 4937 0.2 20 0 0 30 45.7 39.3 39.3
4937 0.1 0 0 0 4937 0.2 20 0 0 60 51.7 45.2 45.2
4937 0.1 0 0 0 4937 0.2 20 0 0 90 58.8 51.8 51.8
4937 0.1 0 0 0 4937 0.2 20 0 0 120 67.5 57.6 57.6
4937 0.1 0 0 0 4937 0.2 20 0 0 150 74.4 62.4 62.4
4937 0.1 0 0 0 4937 0.2 20 0 0 180 76.8 64.4 64.4
4937 0.1 0 0 0 4937 0.2 30 0 0 0 41.0 38.1 38.1
4937 0.1 0 0 0 4937 0.2 30 0 0 30 45.4 39.7 39.7
4937 0.1 0 0 0 4937 0.2 30 0 0 60 51.4 43.3 43.3
4937 0.1 0 0 0 4937 0.2 30 0 0 90 58.4 48.5 48.5
4937 0.1 0 0 0 4937 0.2 30 0 0 120 67.1 53.8 53.8
4937 0.1 0 0 0 4937 0.2 30 0 0 150 74.0 58.7 58.7
4937 0.1 0 0 0 4937 0.2 30 0 0 180 76.2 61.6 61.6
4937 0.1 0 0 0 4937 0.2 40 0 0 0 41.0 39.8 39.8
4937 0.1 0 0 0 4937 0.2 40 0 0 30 44.9 40.9 40.9
4937 0.1 0 0 0 4937 0.2 40 0 0 60 50.8 43.5 43.5
4937 0.1 0 0 0 4937 0.2 40 0 0 90 57.9 47.9 47.9
4937 0.1 0 0 0 4937 0.2 40 0 0 120 66.6 52.9 52.9
4937 0.1 0 0 0 4937 0.2 40 0 0 150 73.3 57.7 57.7
4937 0.1 0 0 0 4937 0.2 40 0 0 180 75.4 61.2 61.2
4937 0.1 0 0 0 4937 0.2 50 0 0 0 41.0 41.5 41.5
4937 0.1 0 0 0 4937 0.2 50 0 0 30 44.5 42.4 42.4
4937 0.1 0 0 0 4937 0.2 50 0 0 60 50.0 44.6 44.6
4937 0.1 0 0 0 4937 0.2 50 0 0 90 57.1 47.9 47.9
4937 0.1 0 0 0 4937 0.2 50 0 0 120 65.8 52.8 52.8
4937 0.1 0 0 0 4937 0.2 50 0 0 150 72.1 57.5 57.5
4937 0.1 0 0 0 4937 0.2 50 0 0 180 74.2 61.2 61.2
4937 0.1 0 0 0 4937 0.2 60 0 0 0 41.4 43.6 43.6
4937 0.1 0 0 0 4937 0.2 60 0 0 30 44.3 44.5 44.5
4937 0.1 0 0 0 4937 0.2 60 0 0 60 49.2 46.3 46.3
4937 0.1 0 0 0 4937 0.2 60 0 0 90 56.0 49.1 49.1
4937 0.1 0 0 0 4937 0.2 60 0 0 120 64.4 53.1 53.1
4937 0.1 0 0 0 4937 0.2 60 0 0 150 70.1 57.8 57.8
4937 0.1 0 0 0 4937 0.2 60 0 0 180 72.0 61.7 61.7
4937 0.1 0 0 0 4937 0.3 0 0 0 0 43.2 36.9 36.9
4937 0.1 0 0 0 4937 0.3 0 0 0 30 45.1 38.9 38.9
4937 0.1 0 0 0 4937 0.3 0 0 0 60 49.9 43.8 43.8
4937 0.1 0 0 0 4937 0.3 0 0 0 90 56.2 50.1 50.1
4937 0.1 0 0 0 4937 0.3 0 0 0 120 64.7 57.7 57.7
4937 0.1 0 0 0 4937 0.3 0 0 0 150 72.6 63.8 63.8
4937 0.1 0 0 0 4937 0.3 0 0 0 180 76.6 65.7 65.7
4937 0.1 0 0 0 4937 0.3 10 0 0 0 43.1 36.8 36.8
4937 0.1 0 0 0 4937 0.3 10 0 0 30 45.0 39.1 39.1
4937 0.1 0 0 0 4937 0.3 10 0 0 60 49.8 43.6 43.6
4937 0.1 0 0 0 4937 0.3 10 0 0 90 56.0 49.9 49.9
4937 0.1 0 0 0 4937 0.3 10 0 0 120 64.5 56.6 56.6
4937 0.1 0 0 0 4937 0.3 10 0 0 150 72.5 62.6 62.6
4937 0.1 0 0 0 4937 0.3 10 0 0 180 76.5 65.5 65.5
4937 0.1 0 0 0 4937 0.3 20 0 0 0 43.1 36.8 36.8
4937 0.1 0 0 0 4937 0.3 20 0 0 30 44.9 39.0 39.0
4937 0.1 0 0 0 4937 0.3 20 0 0 60 49.5 42.8 42.8
4937 0.1 0 0 0 4937 0.3 20 0 0 90 55.8 48.4 48.4
4937 0.1 0 0 0 4937 0.3 20 0 0 120 64.3 54.3 54.3
4937 0.1 0 0 0 4937 0.3 20 0 0 150 72.3 60.2 60.2
4937 0.1 0 0 0 4937 0.3 20 0 0 180 76.2 64.0 64.0
4937 0.1 0 0 0 4937 0.3 30 0 0 0 43.0 38.1 38.1
4937 0.1 0 0 0 4937 0.3 30 0 0 30 44.8 39.3 39.3
4937 0.1 0 0 0 4937 0.3 30 0 0 60 49.1 41.6 41.6
4937 0.1 0 0 0 4937 0.3 30 0 0 90 55.4 45.6 45.6
4937 0.1 0 0 0 4937 0.3 30 0 0 120 63.9 51.2 51.2
4937 0.1 0 0 0 4937 0.3 30 0 0 150 71.9 57.0 57.0
4937 0.1 0 0 0 4937 0.3 30 0 0 180 75.7 61.2 61.2
4937 0.1 0 0 0 4937 0.3 40 0 0 0 43.0 39.6 39.6
4937 0.1 0 0 0 4937 0.3 40 0 0 30 44.7 40.4 40.4
4937 0.1 0 0 0 4937 0.3 40 0 0 60 48.6 42.2 42.2
4937 0.1 0 0 0 4937 0.3 40 0 0 90 54.8 45.2 45.2
4937 0.1 0 0 0 4937 0.3 40 0 0 120 63.3 50.3 50.3
4937 0.1 0 0 0 4937 0.3 40 0 0 150 71.2 56.0 56.0
4937 0.1 0 0 0 4937 0.3 40 0 0 180 74.9 60.6 60.6
4937 0.1 0 0 0 4937 0.3 50 0 0 0 42.9 41.2 41.2
4937 0.1 0 0 0 4937 0.3 50 0 0 30 44.7 41.9 41.9
4937 0.1 0 0 0 4937 0.3 50 0 0 60 48.3 43.4 43.4
4937 0.1 0 0 0 4937 0.3 50 0 0 90 54.1 45.8 45.8
4937 0.1 0 0 0 4937 0.3 50 0 0 120 62.5 50.0 50.0
4937 0.1 0 0 0 4937 0.3 50 0 0 150 70.1 55.6 55.6
4937 0.1 0 0 0 4937 0.3 50 0 0 180 73.5 60.6 60.6
4937 0.1 0 0 0 4937 0.3 60 0 0 0 43.1 43.1 43.1
4937 0.1 0 0 0 4937 0.3 60 0 0 30 44.6 43.7 43.7
4937 0.1 0 0 0 4937 0.3 60 0 0 60 47.9 45.1 45.1
4937 0.1 0 0 0 4937 0.3 60 0 0 90 53.2 47.2 47.2
4937 0.1 0 0 0 4937 0.3 60 0 0 120 61.1 50.6 50.6
4937 0.1 0 0 0 4937 0.3 60 0 0 150 68.2 55.7 55.7
4937 0.1 0 0 0 4937 0.3 60 0 0 180 71.2 60.8 60.8
4937 0.1 0 0 0 4937 0.4 0 0 0 0 45.2 38.9 38.9
4937 0.1 0 0 0 4937 0.4 0 0 0 30 46.0 39.7 39.7
4937 0.1 0 0 0 4937 0.4 0 0 0 60 48.1 41.9 41.9
4937 0.1 0 0 0 4937 0.4 0 0 0 90 53.2 47.0 47.0
4937 0.1 0 0 0 4937 0.4 0 0 0 120 61.2 54.2 54.2
4937 0.1 0 0 0 4937 0.4 0 0 0 150 70.1 61.4 61.4
4937 0.1 0 0 0 4937 0.4 0 0 0 180 75.5 65.2 65.2
4937 0.1 0 0 0 4937 0.4 10 0 0 0 45.2 38.8 38.8
4937 0.1 0 0 0 4937 0.4 10 0 0 30 46.0 39.5 39.5
4937 0.1 0 0 0 4937 0.4 10 0 0 60 48.0 41.8 41.8
4937 0.1 0 0 0 4937 0.4 10 0 0 90 53.1 46.7 46.7
4937 0.1 0 0 0 4937 0.4 10 0 0 120 61.1 53.1 53.1
4937 0.1 0 0 0 4937 0.4 10 0 0 150 70.1 60.2 60.2
4937 0.1 0 0 0 4937 0.4 10 0 0 180 75.4 65.1 65.1
4937 0.1 0 0 0 4937 0.4 20 0 0 0 45.2 38.5 38.5
4937 0.1 0 0 0 4937 0.4 20 0 0 30 46.0 38.9 38.9
4937 0.1 0 0 0 4937 0.4 20 0 0 60 47.9 41.2 41.2
4937 0.1 0 0 0 4937 0.4 20 0 0 90 52.8 44.6 44.6
4937 0.1 0 0 0 4937 0.4 20 0 0 120 60.9 50.3 50.3
4937 0.1 0 0 0 4937 0.4 20 0 0 150 69.8 57.2 57.2
4937 0.1 0 0 0 4937 0.4 20 0 0 180 75.1 62.7 62.7
4937 0.1 0 0 0 4937 0.4 30 0 0 0 45.2 38.8 38.8
4937 0.1 0 0 0 4937 0.4 30 0 0 30 45.9 39.3 39.3
4937 0.1 0 0 0 4937 0.4 30 0 0 60 47.8 40.9 40.9
4937 0.1 0 0 0 4937 0.4 30 0 0 90 52.4 43.5 43.5
4937 0.1 0 0 0 4937 0.4 30 0 0 120 60.5 48.4 48.4
4937 0.1 0 0 0 4937 0.4 30 0 0 150 69.4 55.2 55.2
4937 0.1 0 0 0 4937 0.4 30 0 0 180 74.5 61.0 61.0
4937 0.1 0 0 0 4937 0.4 40 0 0 0 45.1 39.6 39.6
4937 0.1 0 0 0 4937 0.4 40 0 0 30 45.9 40.3 40.3
4937 0.1 0 0 0 4937 0.4 40 0 0 60 47.7 41.6 41.6
4937 0.1 0 0 0 4937 0.4 40 0 0 90 51.9 43.7 43.7
4937 0.1 0 0 0 4937 0.4 40 0 0 120 59.9 47.6 47.6
4937 0.1 0 0 0 4937 0.4 40 0 0 150 68.7 54.2 54.2
4937 0.1 0 0 0 4937 0.4 40 0 0 180 73.6 60.3 60.3
4937 0.1 0 0 0 4937 0.4 50 0 0 0 45.1 41.0 41.0
4937 0.1 0 0 0 4937 0.4 50 0 0 30 45.9 41.6 41.6
4937 0.1 0 0 0 4937 0.4 50 0 0 60 47.7 42.7 42.7
4937 0.1 0 0 0 4937 0.4 50 0 0 90 51.6 44.4 44.4
4937 0.1 0 0 0 4937 0.4 50 0 0 120 59.0 47.7 47.7
4937 0.1 0 0 0 4937 0.4 50 0 0 150 67.7 53.7 53.7
4937 0.1 0 0 0 4937 0.4 50 0 0 180 72.2 59.9 59.9
4937 0.1 0 0 0 4937 0.4 60 0 0 0 45.2 42.6 42.6
4937 0.1 0 0 0 4937 0.4 60 0 0 30 46.0 43.1 43.1
4937 0.1 0 0 0 4937 0.4 60 0 0 60 47.7 44.0 44.0
4937 0.1 0 0 0 4937 0.4 60 0 0 90 51.3 45.7 45.7
4937 0.1 0 0 0 4937 0.4 60 0 0 120 57.8 48.5 48.5
4937 0.1 0 0 0 4937 0.4 60 0 0 150 65.5 53.6 53.6
4937 0.1 0 0 0 4937 0.4 60 0 0 180 69.5 59.9 59.9
4937 0.1 0 0 0 4937 0.5 0 0 0 0 47.4 40.9 40.9
4937 0.1 0 0 0 4937 0.5 0 0 0 30 47.8 41.3 41.3
4937 0.1 0 0 0 4937 0.5 0 0 0 60 48.7 42.3 42.3
4937 0.1 0 0 0 4937 0.5 0 0 0 90 50.9 44.5 44.5
4937 0.1 0 0 0 4937 0.5 0 0 0 120 57.7 50.2 50.2
4937 0.1 0 0 0 4937 0.5 0 0 0 150 67.3 58.3 58.3
4937 0.1 0 0 0 4937 0.5 0 0 0 180 73.8 63.9 63.9
4937 0.1 0 0 0 4937 0.5 10 0 0 0 47.4 40.8 40.8
4937 0.1 0 0 0 4937 0.5 10 0 0 30 47.8 41.1 41.1
4937 0.1 0 0 0 4937 0.5 10 0 0 60 48.7 41.9 41.9
4937 0.1 0 0 0 4937 0.5 10 0 0 90 50.8 43.7 43.7
4937 0.1 0 0 0 4937 0.5 10 0 0 120 57.6 48.9 48.9
4937 0.1 0 0 0 4937 0.5 10 0 0 150 67.2 56.8 56.8
4937 0.1 0 0 0 4937 0.5 10 0 0 180 73.7 63.6 63.6
4937 0.1 0 0 0 4937 0.5 20 0 0 0 47.4 40.6 40.6
4937 0.1 0 0 0 4937 0.5 20 0 0 30 47.8 40.7 40.7
4937 0.1 0 0 0 4937 0.5 20 0 0 60 48.6 41.1 41.1
4937 0.1 0 0 0 4937 0.5 20 0 0 90 50.8 42.8 42.8
4937 0.1 0 0 0 4937 0.5 20 0 0 120 57.3 47.0 47.0
4937 0.1 0 0 0 4937 0.5 20 0 0 150 67.0 54.7 54.7
4937 0.1 0 0 0 4937 0.5 20 0 0 180 73.4 62.0 62.0
4937 0.1 0 0 0 4937 0.5 30 0 0 0 47.4 40.6 40.6
4937 0.1 0 0 0 4937 0.5 30 0 0 30 47.8 40.5 40.5
4937 0.1 0 0 0 4937 0.5 30 0 0 60 48.6 40.8 40.8
4937 0.1 0 0 0 4937 0.5 30 0 0 90 50.7 42.5 42.5
4937 0.1 0 0 0 4937 0.5 30 0 0 120 56.9 45.9 45.9
4937 0.1 0 0 0 4937 0.5 30 0 0 150 66.5 53.2 53.2
4937 0.1 0 0 0 4937 0.5 30 0 0 180 72.8 60.8 60.8
4937 0.1 0 0 0 4937 0.5 40 0 0 0 47.4 41.0 41.0
4937 0.1 0 0 0 4937 0.5 40 0 0 30 47.8 40.7 40.7
4937 0.1 0 0 0 4937 0.5 40 0 0 60 48.6 41.3 41.3
4937 0.1 0 0 0 4937 0.5 40 0 0 90 50.6 42.8 42.8
4937 0.1 0 0 0 4937 0.5 40 0 0 120 56.3 45.7 45.7
4937 0.1 0 0 0 4937 0.5 40 0 0 150 65.7 52.2 52.2
4937 0.1 0 0 0 4937 0.5 40 0 0 180 71.8 60.0 60.0
4937 0.1 0 0 0 4937 0.5 50 0 0 0 47.4 41.7 41.7
4937 0.1 0 0 0 4937 0.5 50 0 0 30 47.8 41.6 41.6
4937 0.1 0 0 0 4937 0.5 50 0 0 60 48.7 42.2 42.2
4937 0.1 0 0 0 4937 0.5 50 0 0 90 50.6 43.5 43.5
4937 0.1 0 0 0 4937 0.5 50 0 0 120 55.8 46.0 46.0
4937 0.1 0 0 0 4937 0.5 50 0 0 150 64.7 51.6 51.6
4937 0.1 0 0 0 4937 0.5 50 0 0 180 70.3 59.4 59.4
4937 0.1 0 0 0 4937 0.5 60 0 0 0 47.5 42.8 42.8
4937 0.1 0 0 0 4937 0.5 60 0 0 30 47.8 42.7 42.7
4937 0.1 0 0 0 4937 0.5 60 0 0 60 48.7 43.2 43.2
4937 0.1 0 0 0 4937 0.5 60 0 0 90 50.6 44.4 44.4
4937 0.1 0 0 0 4937 0.5 60 0 0 120 55.1 46.7 46.7
4937 0.1 0 0 0 4937 0.5 60 0 0 150 62.7 51.5 51.5
4937 0.1 0 0 0 4937 0.5 60 0 0 180 67.6 59.1 59.1
