4937 0.0 20 0 0 4737 0.0 0 0 0 0 62.4 54.2 54.2
4937 0.0 20 0 0 4737 0.0 0 0 0 30 62.5 54.3 54.3
4937 0.0 20 0 0 4737 0.0 0 0 0 60 62.4 54.0 54.0
4937 0.0 20 0 0 4737 0.0 0 0 0 90 62.0 53.7 53.7
4937 0.0 20 0 0 4737 0.0 0 0 0 120 61.7 53.4 53.4
4937 0.0 20 0 0 4737 0.0 0 0 0 150 61.4 53.3 53.3
4937 0.0 20 0 0 4737 0.0 0 0 0 180 61.3 53.3 53.3
4937 0.0 20 0 0 4737 0.0 10 0 0 0 62.4 53.8 53.8
4937 0.0 20 0 0 4737 0.0 10 0 0 30 62.5 53.9 53.9
4937 0.0 20 0 0 4737 0.0 10 0 0 60 62.3 53.7 53.7
4937 0.0 20 0 0 4737 0.0 10 0 0 90 62.0 53.4 53.4
4937 0.0 20 0 0 4737 0.0 10 0 0 120 61.7 53.1 53.1
4937 0.0 20 0 0 4737 0.0 10 0 0 150 61.3 52.9 52.9
4937 0.0 20 0 0 4737 0.0 10 0 0 180 61.2 52.9 52.9
4937 0.0 20 0 0 4737 0.0 20 0 0 0 62.2 52.6 52.6
4937 0.0 20 0 0 4737 0.0 20 0 0 30 62.3 52.7 52.7
4937 0.0 20 0 0 4737 0.0 20 0 0 60 62.1 52.5 52.5
4937 0.0 20 0 0 4737 0.0 20 0 0 90 61.8 52.2 52.2
4937 0.0 20 0 0 4737 0.0 20 0 0 120 61.5 51.9 51.9
4937 0.0 20 0 0 4737 0.0 20 0 0 150 61.2 51.7 51.7
4937 0.0 20 0 0 4737 0.0 20 0 0 180 61.0 51.6 51.6
4937 0.0 20 0 0 4737 0.0 30 0 0 0 61.9 50.2 50.2
4937 0.0 20 0 0 4737 0.0 30 0 0 30 62.0 50.4 50.4
4937 0.0 20 0 0 4737 0.0 30 0 0 60 61.8 50.2 50.2
4937 0.0 20 0 0 4737 0.0 30 0 0 90 61.5 49.7 49.7
4937 0.0 20 0 0 4737 0.0 30 0 0 120 61.1 49.3 49.3
4937 0.0 20 0 0 4737 0.0 30 0 0 150 60.8 49.0 49.0
4937 0.0 20 0 0 4737 0.0 30 0 0 180 60.7 49.0 49.0
4937 0.0 20 0 0 4737 0.0 40 0 0 0 61.4 50.2 50.2
4937 0.0 20 0 0 4737 0.0 40 0 0 30 61.5 50.4 50.4
4937 0.0 20 0 0 4737 0.0 40 0 0 60 61.3 50.2 50.2
4937 0.0 20 0 0 4737 0.0 40 0 0 90 60.9 49.7 49.7
4937 0.0 20 0 0 4737 0.0 40 0 0 120 60.6 49.3 49.3
4937 0.0 20 0 0 4737 0.0 40 0 0 150 60.3 49.0 49.0
4937 0.0 20 0 0 4737 0.0 40 0 0 180 60.2 48.9 48.9
4937 0.0 20 0 0 4737 0.0 50 0 0 0 60.6 51.1 51.1
4937 0.0 20 0 0 4737 0.0 50 0 0 30 60.7 51.2 51.2
4937 0.0 20 0 0 4737 0.0 50 0 0 60 60.5 50.9 50.9
4937 0.0 20 0 0 4737 0.0 50 0 0 90 60.1 50.4 50.4
4937 0.0 20 0 0 4737 0.0 50 0 0 120 59.8 50.0 50.0
4937 0.0 20 0 0 4737 0.0 50 0 0 150 59.5 49.7 49.7
4937 0.0 20 0 0 4737 0.0 50 0 0 180 59.4 49.6 49.6
4937 0.0 20 0 0 4737 0.0 60 0 0 0 59.2 52.2 52.2
4937 0.0 20 0 0 4737 0.0 60 0 0 30 59.3 52.3 52.3
4937 0.0 20 0 0 4737 0.0 60 0 0 60 59.1 52.1 52.1
4937 0.0 20 0 0 4737 0.0 60 0 0 90 58.8 51.7 51.7
4937 0.0 20 0 0 4737 0.0 60 0 0 120 58.5 51.5 51.5
4937 0.0 20 0 0 4737 0.0 60 0 0 150 58.4 51.2 51.2
4937 0.0 20 0 0 4737 0.0 60 0 0 180 58.3 51.1 51.1
4937 0.0 20 0 0 4737 0.1 0 0 0 0 62.4 54.1 54.1
4937 0.0 20 0 0 4737 0.1 0 0 0 30 62.5 54.1 54.1
4937 0.0 20 0 0 4737 0.1 0 0 0 60 62.4 54.0 54.0
4937 0.0 20 0 0 4737 0.1 0 0 0 90 62.1 53.7 53.7
4937 0.0 20 0 0 4737 0.1 0 0 0 120 61.8 53.4 53.4
4937 0.0 20 0 0 4737 0.1 0 0 0 150 61.4 53.1 53.1
4937 0.0 20 0 0 4737 0.1 0 0 0 180 61.3 53.1 53.1
4937 0.0 20 0 0 4737 0.1 10 0 0 0 62.4 53.6 53.6
4937 0.0 20 0 0 4737 0.1 10 0 0 30 62.5 53.8 53.8
4937 0.0 20 0 0 4737 0.1 10 0 0 60 62.4 53.7 53.7
4937 0.0 20 0 0 4737 0.1 10 0 0 90 62.1 53.3 53.3
4937 0.0 20 0 0 4737 0.1 10 0 0 120 61.8 53.1 53.1
4937 0.0 20 0 0 4737 0.1 10 0 0 150 61.4 52.8 52.8
4937 0.0 20 0 0 4737 0.1 10 0 0 180 61.3 52.6 52.6
4937 0.0 20 0 0 4737 0.1 20 0 0 0 62.2 52.5 52.5
4937 0.0 20 0 0 4737 0.1 20 0 0 30 62.3 52.6 52.6
4937 0.0 20 0 0 4737 0.1 20 0 0 60 62.2 52.5 52.5
4937 0.0 20 0 0 4737 0.1 20 0 0 90 61.9 52.1 52.1
4937 0.0 20 0 0 4737 0.1 20 0 0 120 61.6 51.8 51.8
4937 0.0 20 0 0 4737 0.1 20 0 0 150 61.2 51.5 51.5
4937 0.0 20 0 0 4737 0.1 20 0 0 180 61.1 51.4 51.4
4937 0.0 20 0 0 4737 0.1 30 0 0 0 61.9 50.0 50.0
4937 0.0 20 0 0 4737 0.1 30 0 0 30 62.0 50.1 50.1
4937 0.0 20 0 0 4737 0.1 30 0 0 60 61.9 50.1 50.1
4937 0.0 20 0 0 4737 0.1 30 0 0 90 61.6 49.8 49.8
4937 0.0 20 0 0 4737 0.1 30 0 0 120 61.3 49.4 49.4
4937 0.0 20 0 0 4737 0.1 30 0 0 150 60.8 48.9 48.9
4937 0.0 20 0 0 4737 0.1 30 0 0 180 60.8 48.8 48.8
4937 0.0 20 0 0 4737 0.1 40 0 0 0 61.4 50.0 50.0
4937 0.0 20 0 0 4737 0.1 40 0 0 30 61.5 50.2 50.2
4937 0.0 20 0 0 4737 0.1 40 0 0 60 61.4 50.1 50.1
4937 0.0 20 0 0 4737 0.1 40 0 0 90 61.1 49.9 49.9
4937 0.0 20 0 0 4737 0.1 40 0 0 120 60.7 49.5 49.5
4937 0.0 20 0 0 4737 0.1 40 0 0 150 60.3 49.0 49.0
4937 0.0 20 0 0 4737 0.1 40 0 0 180 60.2 48.7 48.7
4937 0.0 20 0 0 4737 0.1 50 0 0 0 60.7 51.0 51.0
4937 0.0 20 0 0 4737 0.1 50 0 0 30 60.8 51.1 51.1
4937 0.0 20 0 0 4737 0.1 50 0 0 60 60.7 51.0 51.0
4937 0.0 20 0 0 4737 0.1 50 0 0 90 60.3 50.6 50.6
4937 0.0 20 0 0 4737 0.1 50 0 0 120 60.0 50.1 50.1
4937 0.0 20 0 0 4737 0.1 50 0 0 150 59.5 49.7 49.7
4937 0.0 20 0 0 4737 0.1 50 0 0 180 59.4 49.4 49.4
4937 0.0 20 0 0 4737 0.1 60 0 0 0 59.3 52.0 52.0
4937 0.0 20 0 0 4737 0.1 60 0 0 30 59.5 52.2 52.2
4937 0.0 20 0 0 4737 0.1 60 0 0 60 59.4 52.2 52.2
4937 0.0 20 0 0 4737 0.1 60 0 0 90 59.1 51.9 51.9
4937 0.0 20 0 0 4737 0.1 60 0 0 120 58.8 51.5 51.5
4937 0.0 20 0 0 4737 0.1 60 0 0 150 58.4 51.1 51.1
4937 0.0 20 0 0 4737 0.1 60 0 0 180 58.2 50.8 50.8
4937 0.0 20 0 0 4737 0.2 0 0 0 0 62.5 53.9 53.9
4937 0.0 20 0 0 4737 0.2 0 0 0 30 62.6 54.0 54.0
4937 0.0 20 0 0 4737 0.2 0 0 0 60 62.5 53.9 53.9
4937 0.0 20 0 0 4737 0.2 0 0 0 90 62.2 53.6 53.6
4937 0.0 20 0 0 4737 0.2 0 0 0 120 61.9 53.3 53.3
4937 0.0 20 0 0 4737 0.2 0 0 0 150 61.5 53.0 53.0
4937 0.0 20 0 0 4737 0.2 0 0 0 180 61.3 52.7 52.7
4937 0.0 20 0 0 4737 0.2 10 0 0 0 62.4 53.5 53.5
4937 0.0 20 0 0 4737 0.2 10 0 0 30 62.5 53.6 53.6
4937 0.0 20 0 0 4737 0.2 10 0 0 60 62.4 53.5 53.5
4937 0.0 20 0 0 4737 0.2 10 0 0 90 62.2 53.3 53.3
4937 0.0 20 0 0 4737 0.2 10 0 0 120 61.8 53.0 53.0
4937 0.0 20 0 0 4737 0.2 10 0 0 150 61.4 52.7 52.7
4937 0.0 20 0 0 4737 0.2 10 0 0 180 61.3 52.4 52.4
4937 0.0 20 0 0 4737 0.2 20 0 0 0 62.3 52.2 52.2
4937 0.0 20 0 0 4737 0.2 20 0 0 30 62.3 52.3 52.3
4937 0.0 20 0 0 4737 0.2 20 0 0 60 62.3 52.3 52.3
4937 0.0 20 0 0 4737 0.2 20 0 0 90 62.0 52.1 52.1
4937 0.0 20 0 0 4737 0.2 20 0 0 120 61.7 51.7 51.7
4937 0.0 20 0 0 4737 0.2 20 0 0 150 61.2 51.3 51.3
4937 0.0 20 0 0 4737 0.2 20 0 0 180 61.1 51.1 51.1
4937 0.0 20 0 0 4737 0.2 30 0 0 0 62.0 50.1 50.1
4937 0.0 20 0 0 4737 0.2 30 0 0 30 62.0 50.1 50.1
4937 0.0 20 0 0 4737 0.2 30 0 0 60 61.9 50.1 50.1
4937 0.0 20 0 0 4737 0.2 30 0 0 90 61.7 49.8 49.8
4937 0.0 20 0 0 4737 0.2 30 0 0 120 61.3 49.5 49.5
4937 0.0 20 0 0 4737 0.2 30 0 0 150 60.9 49.0 49.0
4937 0.0 20 0 0 4737 0.2 30 0 0 180 60.7 48.6 48.6
4937 0.0 20 0 0 4737 0.2 40 0 0 0 61.5 50.1 50.1
4937 0.0 20 0 0 4737 0.2 40 0 0 30 61.6 50.2 50.2
4937 0.0 20 0 0 4737 0.2 40 0 0 60 61.5 50.2 50.2
4937 0.0 20 0 0 4737 0.2 40 0 0 90 61.2 50.0 50.0
4937 0.0 20 0 0 4737 0.2 40 0 0 120 60.8 49.6 49.6
4937 0.0 20 0 0 4737 0.2 40 0 0 150 60.3 49.2 49.2
4937 0.0 20 0 0 4737 0.2 40 0 0 180 60.2 48.7 48.7
4937 0.0 20 0 0 4737 0.2 50 0 0 0 60.8 50.9 50.9
4937 0.0 20 0 0 4737 0.2 50 0 0 30 60.9 51.0 51.0
4937 0.0 20 0 0 4737 0.2 50 0 0 60 60.8 51.0 51.0
4937 0.0 20 0 0 4737 0.2 50 0 0 90 60.5 50.8 50.8
4937 0.0 20 0 0 4737 0.2 50 0 0 120 60.1 50.4 50.4
4937 0.0 20 0 0 4737 0.2 50 0 0 150 59.6 49.9 49.9
4937 0.0 20 0 0 4737 0.2 50 0 0 180 59.4 49.4 49.4
4937 0.0 20 0 0 4737 0.2 60 0 0 0 59.4 51.8 51.8
4937 0.0 20 0 0 4737 0.2 60 0 0 30 59.6 52.0 52.0
4937 0.0 20 0 0 4737 0.2 60 0 0 60 59.6 52.1 52.1
4937 0.0 20 0 0 4737 0.2 60 0 0 90 59.5 51.9 51.9
4937 0.0 20 0 0 4737 0.2 60 0 0 120 59.0 51.5 51.5
4937 0.0 20 0 0 4737 0.2 60 0 0 150 58.5 51.1 51.1
4937 0.0 20 0 0 4737 0.2 60 0 0 180 58.1 50.7 50.7
4937 0.0 20 0 0 4737 0.3 0 0 0 0 62.5 53.6 53.6
4937 0.0 20 0 0 4737 0.3 0 0 0 30 62.6 53.7 53.7
4937 0.0 20 0 0 4737 0.3 0 0 0 60 62.5 53.7 53.7
4937 0.0 20 0 0 4737 0.3 0 0 0 90 62.3 53.5 53.5
4937 0.0 20 0 0 4737 0.3 0 0 0 120 62.0 53.2 53.2
4937 0.0 20 0 0 4737 0.3 0 0 0 150 61.5 52.8 52.8
4937 0.0 20 0 0 4737 0.3 0 0 0 180 61.3 52.4 52.4
4937 0.0 20 0 0 4737 0.3 10 0 0 0 62.5 53.2 53.2
4937 0.0 20 0 0 4737 0.3 10 0 0 30 62.6 53.3 53.3
4937 0.0 20 0 0 4737 0.3 10 0 0 60 62.5 53.3 53.3
4937 0.0 20 0 0 4737 0.3 10 0 0 90 62.2 53.1 53.1
4937 0.0 20 0 0 4737 0.3 10 0 0 120 61.9 52.8 52.8
4937 0.0 20 0 0 4737 0.3 10 0 0 150 61.4 52.4 52.4
4937 0.0 20 0 0 4737 0.3 10 0 0 180 61.3 52.1 52.1
4937 0.0 20 0 0 4737 0.3 20 0 0 0 62.3 51.9 51.9
4937 0.0 20 0 0 4737 0.3 20 0 0 30 62.4 52.0 52.0
4937 0.0 20 0 0 4737 0.3 20 0 0 60 62.3 52.0 52.0
4937 0.0 20 0 0 4737 0.3 20 0 0 90 62.1 51.8 51.8
4937 0.0 20 0 0 4737 0.3 20 0 0 120 61.7 51.4 51.4
4937 0.0 20 0 0 4737 0.3 20 0 0 150 61.2 50.9 50.9
4937 0.0 20 0 0 4737 0.3 20 0 0 180 61.1 50.5 50.5
4937 0.0 20 0 0 4737 0.3 30 0 0 0 62.0 50.1 50.1
4937 0.0 20 0 0 4737 0.3 30 0 0 30 62.1 50.2 50.2
4937 0.0 20 0 0 4737 0.3 30 0 0 60 62.0 50.1 50.1
4937 0.0 20 0 0 4737 0.3 30 0 0 90 61.8 49.9 49.9
4937 0.0 20 0 0 4737 0.3 30 0 0 120 61.4 49.6 49.6
4937 0.0 20 0 0 4737 0.3 30 0 0 150 60.9 49.2 49.2
4937 0.0 20 0 0 4737 0.3 30 0 0 180 60.7 48.8 48.8
4937 0.0 20 0 0 4737 0.3 40 0 0 0 61.6 50.2 50.2
4937 0.0 20 0 0 4737 0.3 40 0 0 30 61.7 50.2 50.2
4937 0.0 20 0 0 4737 0.3 40 0 0 60 61.6 50.2 50.2
4937 0.0 20 0 0 4737 0.3 40 0 0 90 61.4 50.1 50.1
4937 0.0 20 0 0 4737 0.3 40 0 0 120 61.0 49.8 49.8
4937 0.0 20 0 0 4737 0.3 40 0 0 150 60.4 49.4 49.4
4937 0.0 20 0 0 4737 0.3 40 0 0 180 60.1 48.9 48.9
4937 0.0 20 0 0 4737 0.3 50 0 0 0 60.9 50.8 50.8
4937 0.0 20 0 0 4737 0.3 50 0 0 30 61.0 51.0 51.0
4937 0.0 20 0 0 4737 0.3 50 0 0 60 61.0 51.0 51.0
4937 0.0 20 0 0 4737 0.3 50 0 0 90 60.8 50.9 50.9
4937 0.0 20 0 0 4737 0.3 50 0 0 120 60.4 50.6 50.6
4937 0.0 20 0 0 4737 0.3 50 0 0 150 59.7 50.1 50.1
4937 0.0 20 0 0 4737 0.3 50 0 0 180 59.3 49.4 49.4
4937 0.0 20 0 0 4737 0.3 60 0 0 0 59.4 51.5 51.5
4937 0.0 20 0 0 4737 0.3 60 0 0 30 59.6 51.7 51.7
4937 0.0 20 0 0 4737 0.3 60 0 0 60 59.7 51.8 51.8
4937 0.0 20 0 0 4737 0.3 60 0 0 90 59.7 51.9 51.9
4937 0.0 20 0 0 4737 0.3 60 0 0 120 59.4 51.6 51.6
4937 0.0 20 0 0 4737 0.3 60 0 0 150 58.7 51.1 51.1
4937 0.0 20 0 0 4737 0.3 60 0 0 180 58.0 50.5 50.5
4937 0.0 20 0 0 4737 0.4 0 0 0 0 62.6 53.3 53.3
4937 0.0 20 0 0 4737 0.4 0 0 0 30 62.6 53.4 53.4
4937 0.0 20 0 0 4737 0.4 0 0 0 60 62.6 53.3 53.3
4937 0.0 20 0 0 4737 0.4 0 0 0 90 62.4 53.2 53.2
4937 0.0 20 0 0 4737 0.4 0 0 0 120 62.1 53.0 53.0
4937 0.0 20 0 0 4737 0.4 0 0 0 150 61.5 52.6 52.6
4937 0.0 20 0 0 4737 0.4 0 0 0 180 61.3 52.0 52.0
4937 0.0 20 0 0 4737 0.4 10 0 0 0 62.5 52.9 52.9
4937 0.0 20 0 0 4737 0.4 10 0 0 30 62.6 52.9 52.9
4937 0.0 20 0 0 4737 0.4 10 0 0 60 62.6 52.9 52.9
4937 0.0 20 0 0 4737 0.4 10 0 0 90 62.4 52.8 52.8
4937 0.0 20 0 0 4737 0.4 10 0 0 120 62.0 52.6 52.6
4937 0.0 20 0 0 4737 0.4 10 0 0 150 61.5 52.2 52.2
4937 0.0 20 0 0 4737 0.4 10 0 0 180 61.3 51.6 51.6
4937 0.0 20 0 0 4737 0.4 20 0 0 0 62.4 51.4 51.4
4937 0.0 20 0 0 4737 0.4 20 0 0 30 62.4 51.4 51.4
4937 0.0 20 0 0 4737 0.4 20 0 0 60 62.4 51.4 51.4
4937 0.0 20 0 0 4737 0.4 20 0 0 90 62.2 51.2 51.2
4937 0.0 20 0 0 4737 0.4 20 0 0 120 61.9 50.8 50.8
4937 0.0 20 0 0 4737 0.4 20 0 0 150 61.3 50.4 50.4
4937 0.0 20 0 0 4737 0.4 20 0 0 180 61.1 49.8 49.8
4937 0.0 20 0 0 4737 0.4 30 0 0 0 62.1 50.5 50.5
4937 0.0 20 0 0 4737 0.4 30 0 0 30 62.2 50.5 50.5
4937 0.0 20 0 0 4737 0.4 30 0 0 60 62.2 50.5 50.5
4937 0.0 20 0 0 4737 0.4 30 0 0 90 62.0 50.3 50.3
4937 0.0 20 0 0 4737 0.4 30 0 0 120 61.6 49.9 49.9
4937 0.0 20 0 0 4737 0.4 30 0 0 150 61.0 49.4 49.4
4937 0.0 20 0 0 4737 0.4 30 0 0 180 60.7 48.9 48.9
4937 0.0 20 0 0 4737 0.4 40 0 0 0 61.7 50.6 50.6
4937 0.0 20 0 0 4737 0.4 40 0 0 30 61.8 50.6 50.6
4937 0.0 20 0 0 4737 0.4 40 0 0 60 61.8 50.5 50.5
4937 0.0 20 0 0 4737 0.4 40 0 0 90 61.6 50.4 50.4
4937 0.0 20 0 0 4737 0.4 40 0 0 120 61.3 50.1 50.1
4937 0.0 20 0 0 4737 0.4 40 0 0 150 60.5 49.6 49.6
4937 0.0 20 0 0 4737 0.4 40 0 0 180 60.1 49.0 49.0
4937 0.0 20 0 0 4737 0.4 50 0 0 0 60.9 50.8 50.8
4937 0.0 20 0 0 4737 0.4 50 0 0 30 61.1 51.0 51.0
4937 0.0 20 0 0 4737 0.4 50 0 0 60 61.1 51.1 51.1
4937 0.0 20 0 0 4737 0.4 50 0 0 90 61.1 51.1 51.1
4937 0.0 20 0 0 4737 0.4 50 0 0 120 60.7 50.8 50.8
4937 0.0 20 0 0 4737 0.4 50 0 0 150 59.9 50.3 50.3
4937 0.0 20 0 0 4737 0.4 50 0 0 180 59.1 49.6 49.6
4937 0.0 20 0 0 4737 0.4 60 0 0 0 59.1 51.2 51.2
4937 0.0 20 0 0 4737 0.4 60 0 0 30 59.3 51.4 51.4
4937 0.0 20 0 0 4737 0.4 60 0 0 60 59.5 51.5 51.5
4937 0.0 20 0 0 4737 0.4 60 0 0 90 59.7 51.7 51.7
4937 0.0 20 0 0 4737 0.4 60 0 0 120 59.6 51.6 51.6
4937 0.0 20 0 0 4737 0.4 60 0 0 150 59.0 51.3 51.3
4937 0.0 20 0 0 4737 0.4 60 0 0 180 57.7 50.4 50.4
4937 0.0 20 0 0 4737 0.5 0 0 0 0 62.6 52.6 52.6
4937 0.0 20 0 0 4737 0.5 0 0 0 30 62.7 52.7 52.7
4937 0.0 20 0 0 4737 0.5 0 0 0 60 62.6 52.7 52.7
4937 0.0 20 0 0 4737 0.5 0 0 0 90 62.6 52.6 52.6
4937 0.0 20 0 0 4737 0.5 0 0 0 120 62.3 52.5 52.5
4937 0.0 20 0 0 4737 0.5 0 0 0 150 61.6 52.1 52.1
4937 0.0 20 0 0 4737 0.5 0 0 0 180 61.3 51.2 51.2
4937 0.0 20 0 0 4737 0.5 10 0 0 0 62.6 52.1 52.1
4937 0.0 20 0 0 4737 0.5 10 0 0 30 62.6 52.2 52.2
4937 0.0 20 0 0 4737 0.5 10 0 0 60 62.6 52.2 52.2
4937 0.0 20 0 0 4737 0.5 10 0 0 90 62.5 52.1 52.1
4937 0.0 20 0 0 4737 0.5 10 0 0 120 62.2 51.9 51.9
4937 0.0 20 0 0 4737 0.5 10 0 0 150 61.6 51.5 51.5
4937 0.0 20 0 0 4737 0.5 10 0 0 180 61.2 50.7 50.7
4937 0.0 20 0 0 4737 0.5 20 0 0 0 62.4 51.7 51.7
4937 0.0 20 0 0 4737 0.5 20 0 0 30 62.5 51.7 51.7
4937 0.0 20 0 0 4737 0.5 20 0 0 60 62.5 51.6 51.6
4937 0.0 20 0 0 4737 0.5 20 0 0 90 62.4 51.5 51.5
4937 0.0 20 0 0 4737 0.5 20 0 0 120 62.1 51.1 51.1
4937 0.0 20 0 0 4737 0.5 20 0 0 150 61.4 50.4 50.4
4937 0.0 20 0 0 4737 0.5 20 0 0 180 60.9 49.5 49.5
4937 0.0 20 0 0 4737 0.5 30 0 0 0 62.2 51.2 51.2
4937 0.0 20 0 0 4737 0.5 30 0 0 30 62.3 51.2 51.2
4937 0.0 20 0 0 4737 0.5 30 0 0 60 62.3 51.1 51.1
4937 0.0 20 0 0 4737 0.5 30 0 0 90 62.2 51.0 51.0
4937 0.0 20 0 0 4737 0.5 30 0 0 120 61.9 50.6 50.6
4937 0.0 20 0 0 4737 0.5 30 0 0 150 61.1 50.0 50.0
4937 0.0 20 0 0 4737 0.5 30 0 0 180 60.5 49.0 49.0
4937 0.0 20 0 0 4737 0.5 40 0 0 0 61.7 51.1 51.1
4937 0.0 20 0 0 4737 0.5 40 0 0 30 61.8 51.1 51.1
4937 0.0 20 0 0 4737 0.5 40 0 0 60 61.9 51.1 51.1
4937 0.0 20 0 0 4737 0.5 40 0 0 90 61.9 51.0 51.0
4937 0.0 20 0 0 4737 0.5 40 0 0 120 61.6 50.7 50.7
4937 0.0 20 0 0 4737 0.5 40 0 0 150 60.7 50.1 50.1
4937 0.0 20 0 0 4737 0.5 40 0 0 180 59.9 49.2 49.2
4937 0.0 20 0 0 4737 0.5 50 0 0 0 60.9 51.0 51.0
4937 0.0 20 0 0 4737 0.5 50 0 0 30 61.0 51.1 51.1
4937 0.0 20 0 0 4737 0.5 50 0 0 60 61.2 51.2 51.2
4937 0.0 20 0 0 4737 0.5 50 0 0 90 61.2 51.2 51.2
4937 0.0 20 0 0 4737 0.5 50 0 0 120 61.1 51.1 51.1
4937 0.0 20 0 0 4737 0.5 50 0 0 150 60.2 50.5 50.5
4937 0.0 20 0 0 4737 0.5 50 0 0 180 58.9 49.7 49.7
4937 0.0 20 0 0 4737 0.5 60 0 0 0 59.3 51.2 51.2
4937 0.0 20 0 0 4737 0.5 60 0 0 30 59.5 51.3 51.3
4937 0.0 20 0 0 4737 0.5 60 0 0 60 59.7 51.4 51.4
4937 0.0 20 0 0 4737 0.5 60 0 0 90 59.9 51.5 51.5
4937 0.0 20 0 0 4737 0.5 60 0 0 120 59.8 51.5 51.5
4937 0.0 20 0 0 4737 0.5 60 0 0 150 59.3 51.4 51.4
4937 0.0 20 0 0 4737 0.5 60 0 0 180 57.7 50.4 50.4
4937 0.0 20 0 0 4937 0.0 0 0 0 0 40.4 37.1 37.1
4937 0.0 20 0 0 4937 0.0 0 0 0 30 48.7 42.3 42.3
4937 0.0 20 0 0 4937 0.0 0 0 0 60 57.0 50.7 50.7
4937 0.0 20 0 0 4937 0.0 0 0 0 90 65.3 58.5 58.5
4937 0.0 20 0 0 4937 0.0 0 0 0 120 73.6 63.5 63.5
4937 0.0 20 0 0 4937 0.0 0 0 0 150 76.7 64.8 64.8
4937 0.0 20 0 0 4937 0.0 0 0 0 180 76.7 64.8 64.8
4937 0.0 20 0 0 4937 0.0 10 0 0 0 40.3 34.9 34.9
4937 0.0 20 0 0 4937 0.0 10 0 0 30 48.6 42.1 42.1
4937 0.0 20 0 0 4937 0.0 10 0 0 60 56.9 50.5 50.5
4937 0.0 20 0 0 4937 0.0 10 0 0 90 65.2 58.0 58.0
4937 0.0 20 0 0 4937 0.0 10 0 0 120 73.5 63.4 63.4
4937 0.0 20 0 0 4937 0.0 10 0 0 150 76.6 64.5 64.5
4937 0.0 20 0 0 4937 0.0 10 0 0 180 76.6 64.5 64.5
4937 0.0 20 0 0 4937 0.0 20 0 0 0 40.0 33.0 33.0
4937 0.0 20 0 0 4937 0.0 20 0 0 30 48.4 41.3 41.3
4937 0.0 20 0 0 4937 0.0 20 0 0 60 56.7 49.6 49.6
4937 0.0 20 0 0 4937 0.0 20 0 0 90 64.9 56.6 56.6
4937 0.0 20 0 0 4937 0.0 20 0 0 120 73.2 62.0 62.0
4937 0.0 20 0 0 4937 0.0 20 0 0 150 76.3 63.2 63.2
4937 0.0 20 0 0 4937 0.0 20 0 0 180 76.3 63.2 63.2
4937 0.0 20 0 0 4937 0.0 30 0 0 0 39.6 33.3 33.3
4937 0.0 20 0 0 4937 0.0 30 0 0 30 48.0 39.4 39.4
4937 0.0 20 0 0 4937 0.0 30 0 0 60 56.3 46.4 46.4
4937 0.0 20 0 0 4937 0.0 30 0 0 90 64.6 53.0 53.0
4937 0.0 20 0 0 4937 0.0 30 0 0 120 72.8 58.5 58.5
4937 0.0 20 0 0 4937 0.0 30 0 0 150 75.8 60.1 60.1
4937 0.0 20 0 0 4937 0.0 30 0 0 180 75.8 60.2 60.2
4937 0.0 20 0 0 4937 0.0 40 0 0 0 39.4 34.8 34.8
4937 0.0 20 0 0 4937 0.0 40 0 0 30 47.4 39.4 39.4
4937 0.0 20 0 0 4937 0.0 40 0 0 60 55.7 46.0 46.0
4937 0.0 20 0 0 4937 0.0 40 0 0 90 64.0 52.3 52.3
4937 0.0 20 0 0 4937 0.0 40 0 0 120 72.3 57.9 57.9
4937 0.0 20 0 0 4937 0.0 40 0 0 150 75.1 60.1 60.1
4937 0.0 20 0 0 4937 0.0 40 0 0 180 75.1 60.1 60.1
4937 0.0 20 0 0 4937 0.0 50 0 0 0 39.6 36.6 36.6
4937 0.0 20 0 0 4937 0.0 50 0 0 30 46.7 40.2 40.2
4937 0.0 20 0 0 4937 0.0 50 0 0 60 55.0 46.2 46.2
4937 0.0 20 0 0 4937 0.0 50 0 0 90 63.2 52.3 52.3
4937 0.0 20 0 0 4937 0.0 50 0 0 120 71.2 58.0 58.0
4937 0.0 20 0 0 4937 0.0 50 0 0 150 73.9 61.0 61.0
4937 0.0 20 0 0 4937 0.0 50 0 0 180 73.9 61.0 61.0
4937 0.0 20 0 0 4937 0.0 60 0 0 0 40.1 38.9 38.9
4937 0.0 20 0 0 4937 0.0 60 0 0 30 45.6 42.0 42.0
4937 0.0 20 0 0 4937 0.0 60 0 0 60 53.8 47.1 47.1
4937 0.0 20 0 0 4937 0.0 60 0 0 90 62.1 53.0 53.0
4937 0.0 20 0 0 4937 0.0 60 0 0 120 69.1 58.6 58.6
4937 0.0 20 0 0 4937 0.0 60 0 0 150 71.9 62.2 62.2
4937 0.0 20 0 0 4937 0.0 60 0 0 180 71.9 62.8 62.8
4937 0.0 20 0 0 4937 0.1 0 0 0 0 41.1 37.0 37.0
4937 0.0 20 0 0 4937 0.1 0 0 0 30 47.3 40.7 40.7
4937 0.0 20 0 0 4937 0.1 0 0 0 60 54.4 47.9 47.9
4937 0.0 20 0 0 4937 0.1 0 0 0 90 62.2 55.7 55.7
4937 0.0 20 0 0 4937 0.1 0 0 0 120 70.8 62.3 62.3
4937 0.0 20 0 0 4937 0.1 0 0 0 150 76.7 64.6 64.6
4937 0.0 20 0 0 4937 0.1 0 0 0 180 76.7 64.6 64.6
4937 0.0 20 0 0 4937 0.1 10 0 0 0 41.0 35.0 35.0
4937 0.0 20 0 0 4937 0.1 10 0 0 30 47.1 40.5 40.5
4937 0.0 20 0 0 4937 0.1 10 0 0 60 54.3 47.7 47.7
4937 0.0 20 0 0 4937 0.1 10 0 0 90 62.0 55.2 55.2
4937 0.0 20 0 0 4937 0.1 10 0 0 120 70.6 61.7 61.7
4937 0.0 20 0 0 4937 0.1 10 0 0 150 76.6 64.3 64.3
4937 0.0 20 0 0 4937 0.1 10 0 0 180 76.6 64.3 64.3
4937 0.0 20 0 0 4937 0.1 20 0 0 0 40.9 33.7 33.7
4937 0.0 20 0 0 4937 0.1 20 0 0 30 46.9 39.7 39.7
4937 0.0 20 0 0 4937 0.1 20 0 0 60 54.0 46.9 46.9
4937 0.0 20 0 0 4937 0.1 20 0 0 90 61.8 53.6 53.6
4937 0.0 20 0 0 4937 0.1 20 0 0 120 70.4 59.8 59.8
4937 0.0 20 0 0 4937 0.1 20 0 0 150 76.3 63.0 63.0
4937 0.0 20 0 0 4937 0.1 20 0 0 180 76.4 63.0 63.0
4937 0.0 20 0 0 4937 0.1 30 0 0 0 40.7 33.3 33.3
4937 0.0 20 0 0 4937 0.1 30 0 0 30 46.5 37.7 37.7
4937 0.0 20 0 0 4937 0.1 30 0 0 60 53.6 43.7 43.7
4937 0.0 20 0 0 4937 0.1 30 0 0 90 61.4 50.0 50.0
4937 0.0 20 0 0 4937 0.1 30 0 0 120 70.0 56.0 56.0
4937 0.0 20 0 0 4937 0.1 30 0 0 150 75.8 59.9 59.9
4937 0.0 20 0 0 4937 0.1 30 0 0 180 75.9 59.9 59.9
4937 0.0 20 0 0 4937 0.1 40 0 0 0 40.6 34.7 34.7
4937 0.0 20 0 0 4937 0.1 40 0 0 30 46.0 37.8 37.8
4937 0.0 20 0 0 4937 0.1 40 0 0 60 53.1 43.2 43.2
4937 0.0 20 0 0 4937 0.1 40 0 0 90 60.9 49.2 49.2
4937 0.0 20 0 0 4937 0.1 40 0 0 120 69.5 55.2 55.2
4937 0.0 20 0 0 4937 0.1 40 0 0 150 75.0 59.6 59.6
4937 0.0 20 0 0 4937 0.1 40 0 0 180 75.1 59.9 59.9
4937 0.0 20 0 0 4937 0.1 50 0 0 0 40.5 36.5 36.5
4937 0.0 20 0 0 4937 0.1 50 0 0 30 45.2 38.9 38.9
4937 0.0 20 0 0 4937 0.1 50 0 0 60 52.3 43.3 43.3
4937 0.0 20 0 0 4937 0.1 50 0 0 90 60.1 49.1 49.1
4937 0.0 20 0 0 4937 0.1 50 0 0 120 68.7 55.1 55.1
4937 0.0 20 0 0 4937 0.1 50 0 0 150 73.7 59.9 59.9
4937 0.0 20 0 0 4937 0.1 50 0 0 180 73.9 60.9 60.9
4937 0.0 20 0 0 4937 0.1 60 0 0 0 40.7 38.7 38.7
4937 0.0 20 0 0 4937 0.1 60 0 0 30 44.7 40.9 40.9
4937 0.0 20 0 0 4937 0.1 60 0 0 60 51.2 44.7 44.7
4937 0.0 20 0 0 4937 0.1 60 0 0 90 58.9 49.7 49.7
4937 0.0 20 0 0 4937 0.1 60 0 0 120 67.2 55.6 55.6
4937 0.0 20 0 0 4937 0.1 60 0 0 150 71.6 60.6 60.6
4937 0.0 20 0 0 4937 0.1 60 0 0 180 71.9 62.6 62.6
4937 0.0 20 0 0 4937 0.2 0 0 0 0 43.0 37.3 37.3
4937 0.0 20 0 0 4937 0.2 0 0 0 30 46.0 40.4 40.4
4937 0.0 20 0 0 4937 0.2 0 0 0 60 52.0 45.4 45.4
4937 0.0 20 0 0 4937 0.2 0 0 0 90 59.1 52.5 52.5
4937 0.0 20 0 0 4937 0.2 0 0 0 120 67.7 60.1 60.1
4937 0.0 20 0 0 4937 0.2 0 0 0 150 75.2 64.4 64.4
4937 0.0 20 0 0 4937 0.2 0 0 0 180 76.7 64.4 64.4
4937 0.0 20 0 0 4937 0.2 10 0 0 0 42.9 36.2 36.2
4937 0.0 20 0 0 4937 0.2 10 0 0 30 45.9 39.4 39.4
4937 0.0 20 0 0 4937 0.2 10 0 0 60 51.9 45.1 45.1
4937 0.0 20 0 0 4937 0.2 10 0 0 90 58.9 52.2 52.2
4937 0.0 20 0 0 4937 0.2 10 0 0 120 67.6 59.2 59.2
4937 0.0 20 0 0 4937 0.2 10 0 0 150 75.2 64.0 64.0
4937 0.0 20 0 0 4937 0.2 10 0 0 180 76.6 64.1 64.1
4937 0.0 20 0 0 4937 0.2 20 0 0 0 42.8 35.4 35.4
4937 0.0 20 0 0 4937 0.2 20 0 0 30 45.6 38.3 38.3
4937 0.0 20 0 0 4937 0.2 20 0 0 60 51.6 44.3 44.3
4937 0.0 20 0 0 4937 0.2 20 0 0 90 58.7 50.5 50.5
4937 0.0 20 0 0 4937 0.2 20 0 0 120 67.4 57.1 57.1
4937 0.0 20 0 0 4937 0.2 20 0 0 150 74.9 62.3 62.3
4937 0.0 20 0 0 4937 0.2 20 0 0 180 76.4 62.8 62.8
4937 0.0 20 0 0 4937 0.2 30 0 0 0 42.7 34.5 34.5
4937 0.0 20 0 0 4937 0.2 30 0 0 30 45.3 36.5 36.5
4937 0.0 20 0 0 4937 0.2 30 0 0 60 51.2 41.3 41.3
4937 0.0 20 0 0 4937 0.2 30 0 0 90 58.3 47.0 47.0
4937 0.0 20 0 0 4937 0.2 30 0 0 120 67.0 53.3 53.3
4937 0.0 20 0 0 4937 0.2 30 0 0 150 74.5 58.9 58.9
4937 0.0 20 0 0 4937 0.2 30 0 0 180 75.9 59.9 59.9
4937 0.0 20 0 0 4937 0.2 40 0 0 0 42.5 35.2 35.2
4937 0.0 20 0 0 4937 0.2 40 0 0 30 45.0 37.1 37.1
4937 0.0 20 0 0 4937 0.2 40 0 0 60 50.7 40.7 40.7
4937 0.0 20 0 0 4937 0.2 40 0 0 90 57.7 46.2 46.2
4937 0.0 20 0 0 4937 0.2 40 0 0 120 66.4 52.4 52.4
4937 0.0 20 0 0 4937 0.2 40 0 0 150 73.7 58.2 58.2
4937 0.0 20 0 0 4937 0.2 40 0 0 180 75.1 59.9 59.9
4937 0.0 20 0 0 4937 0.2 50 0 0 0 42.4 36.7 36.7
4937 0.0 20 0 0 4937 0.2 50 0 0 30 44.8 38.3 38.3
4937 0.0 20 0 0 4937 0.2 50 0 0 60 49.9 41.4 41.4
4937 0.0 20 0 0 4937 0.2 50 0 0 90 57.0 46.1 46.1
4937 0.0 20 0 0 4937 0.2 50 0 0 120 65.7 52.2 52.2
4937 0.0 20 0 0 4937 0.2 50 0 0 150 72.5 58.3 58.3
4937 0.0 20 0 0 4937 0.2 50 0 0 180 73.9 60.8 60.8
4937 0.0 20 0 0 4937 0.2 60 0 0 0 42.4 38.7 38.7
4937 0.0 20 0 0 4937 0.2 60 0 0 30 44.6 40.2 40.2
4937 0.0 20 0 0 4937 0.2 60 0 0 60 49.2 43.0 43.0
4937 0.0 20 0 0 4937 0.2 60 0 0 90 55.8 47.1 47.1
4937 0.0 20 0 0 4937 0.2 60 0 0 120 64.3 52.5 52.5
4937 0.0 20 0 0 4937 0.2 60 0 0 150 70.5 58.7 58.7
4937 0.0 20 0 0 4937 0.2 60 0 0 180 71.9 62.1 62.1
4937 0.0 20 0 0 4937 0.3 0 0 0 0 45.0 38.3 38.3
4937 0.0 20 0 0 4937 0.3 0 0 0 30 46.2 40.5 40.5
4937 0.0 20 0 0 4937 0.3 0 0 0 60 49.8 43.9 43.9
4937 0.0 20 0 0 4937 0.3 0 0 0 90 56.0 49.3 49.3
4937 0.0 20 0 0 4937 0.3 0 0 0 120 64.5 57.1 57.1
4937 0.0 20 0 0 4937 0.3 0 0 0 150 73.1 63.6 63.6
4937 0.0 20 0 0 4937 0.3 0 0 0 180 76.7 64.0 64.0
4937 0.0 20 0 0 4937 0.3 10 0 0 0 45.0 38.0 38.0
4937 0.0 20 0 0 4937 0.3 10 0 0 30 46.2 39.5 39.5
4937 0.0 20 0 0 4937 0.3 10 0 0 60 49.7 43.1 43.1
4937 0.0 20 0 0 4937 0.3 10 0 0 90 55.9 49.0 49.0
4937 0.0 20 0 0 4937 0.3 10 0 0 120 64.4 56.1 56.1
4937 0.0 20 0 0 4937 0.3 10 0 0 150 73.1 62.6 62.6
4937 0.0 20 0 0 4937 0.3 10 0 0 180 76.7 63.8 63.8
4937 0.0 20 0 0 4937 0.3 20 0 0 0 44.9 37.3 37.3
4937 0.0 20 0 0 4937 0.3 20 0 0 30 46.1 38.5 38.5
4937 0.0 20 0 0 4937 0.3 20 0 0 60 49.4 41.7 41.7
4937 0.0 20 0 0 4937 0.3 20 0 0 90 55.6 47.2 47.2
4937 0.0 20 0 0 4937 0.3 20 0 0 120 64.1 53.8 53.8
4937 0.0 20 0 0 4937 0.3 20 0 0 150 72.9 60.4 60.4
4937 0.0 20 0 0 4937 0.3 20 0 0 180 76.4 62.3 62.3
4937 0.0 20 0 0 4937 0.3 30 0 0 0 44.8 36.3 36.3
4937 0.0 20 0 0 4937 0.3 30 0 0 30 45.9 36.7 36.7
4937 0.0 20 0 0 4937 0.3 30 0 0 60 49.0 39.3 39.3
4937 0.0 20 0 0 4937 0.3 30 0 0 90 55.2 44.2 44.2
4937 0.0 20 0 0 4937 0.3 30 0 0 120 63.7 50.5 50.5
4937 0.0 20 0 0 4937 0.3 30 0 0 150 72.4 57.3 57.3
4937 0.0 20 0 0 4937 0.3 30 0 0 180 75.9 59.9 59.9
4937 0.0 20 0 0 4937 0.3 40 0 0 0 44.7 36.5 36.5
4937 0.0 20 0 0 4937 0.3 40 0 0 30 45.8 36.9 36.9
4937 0.0 20 0 0 4937 0.3 40 0 0 60 48.7 39.3 39.3
4937 0.0 20 0 0 4937 0.3 40 0 0 90 54.7 43.3 43.3
4937 0.0 20 0 0 4937 0.3 40 0 0 120 63.2 49.6 49.6
4937 0.0 20 0 0 4937 0.3 40 0 0 150 71.7 56.4 56.4
4937 0.0 20 0 0 4937 0.3 40 0 0 180 75.1 60.0 60.0
4937 0.0 20 0 0 4937 0.3 50 0 0 0 44.6 37.4 37.4
4937 0.0 20 0 0 4937 0.3 50 0 0 30 45.7 37.9 37.9
4937 0.0 20 0 0 4937 0.3 50 0 0 60 48.4 40.1 40.1
4937 0.0 20 0 0 4937 0.3 50 0 0 90 53.9 43.6 43.6
4937 0.0 20 0 0 4937 0.3 50 0 0 120 62.4 49.2 49.2
4937 0.0 20 0 0 4937 0.3 50 0 0 150 70.7 56.3 56.3
4937 0.0 20 0 0 4937 0.3 50 0 0 180 73.9 60.8 60.8
4937 0.0 20 0 0 4937 0.3 60 0 0 0 44.5 39.1 39.1
4937 0.0 20 0 0 4937 0.3 60 0 0 30 45.7 39.6 39.6
4937 0.0 20 0 0 4937 0.3 60 0 0 60 48.2 41.6 41.6
4937 0.0 20 0 0 4937 0.3 60 0 0 90 53.1 44.8 44.8
4937 0.0 20 0 0 4937 0.3 60 0 0 120 61.1 49.7 49.7
4937 0.0 20 0 0 4937 0.3 60 0 0 150 68.7 56.4 56.4
4937 0.0 20 0 0 4937 0.3 60 0 0 180 71.7 61.5 61.5
4937 0.0 20 0 0 4937 0.4 0 0 0 0 47.1 40.1 40.1
4937 0.0 20 0 0 4937 0.4 0 0 0 30 47.7 41.1 41.1
4937 0.0 20 0 0 4937 0.4 0 0 0 60 49.1 43.3 43.3
4937 0.0 20 0 0 4937 0.4 0 0 0 90 53.1 47.1 47.1
4937 0.0 20 0 0 4937 0.4 0 0 0 120 61.1 53.7 53.7
4937 0.0 20 0 0 4937 0.4 0 0 0 150 70.7 61.5 61.5
4937 0.0 20 0 0 4937 0.4 0 0 0 180 76.4 63.1 63.1
4937 0.0 20 0 0 4937 0.4 10 0 0 0 47.1 40.0 40.0
4937 0.0 20 0 0 4937 0.4 10 0 0 30 47.7 40.7 40.7
4937 0.0 20 0 0 4937 0.4 10 0 0 60 49.1 42.3 42.3
4937 0.0 20 0 0 4937 0.4 10 0 0 90 53.0 46.2 46.2
4937 0.0 20 0 0 4937 0.4 10 0 0 120 61.0 52.6 52.6
4937 0.0 20 0 0 4937 0.4 10 0 0 150 70.6 60.4 60.4
4937 0.0 20 0 0 4937 0.4 10 0 0 180 76.3 63.3 63.3
4937 0.0 20 0 0 4937 0.4 20 0 0 0 47.1 39.2 39.2
4937 0.0 20 0 0 4937 0.4 20 0 0 30 47.7 39.5 39.5
4937 0.0 20 0 0 4937 0.4 20 0 0 60 49.0 40.4 40.4
4937 0.0 20 0 0 4937 0.4 20 0 0 90 52.7 43.4 43.4
4937 0.0 20 0 0 4937 0.4 20 0 0 120 60.7 49.7 49.7
4937 0.0 20 0 0 4937 0.4 20 0 0 150 70.4 57.5 57.5
4937 0.0 20 0 0 4937 0.4 20 0 0 180 76.0 61.4 61.4
4937 0.0 20 0 0 4937 0.4 30 0 0 0 47.0 38.3 38.3
4937 0.0 20 0 0 4937 0.4 30 0 0 30 47.6 38.4 38.4
4937 0.0 20 0 0 4937 0.4 30 0 0 60 48.9 39.0 39.0
4937 0.0 20 0 0 4937 0.4 30 0 0 90 52.3 41.6 41.6
4937 0.0 20 0 0 4937 0.4 30 0 0 120 60.3 47.6 47.6
4937 0.0 20 0 0 4937 0.4 30 0 0 150 69.9 55.5 55.5
4937 0.0 20 0 0 4937 0.4 30 0 0 180 75.4 60.3 60.3
4937 0.0 20 0 0 4937 0.4 40 0 0 0 47.0 38.3 38.3
4937 0.0 20 0 0 4937 0.4 40 0 0 30 47.5 38.2 38.2
4937 0.0 20 0 0 4937 0.4 40 0 0 60 48.8 38.9 38.9
4937 0.0 20 0 0 4937 0.4 40 0 0 90 52.0 41.4 41.4
4937 0.0 20 0 0 4937 0.4 40 0 0 120 59.8 46.7 46.7
4937 0.0 20 0 0 4937 0.4 40 0 0 150 69.2 54.6 54.6
4937 0.0 20 0 0 4937 0.4 40 0 0 180 74.5 60.3 60.3
4937 0.0 20 0 0 4937 0.4 50 0 0 0 46.9 38.8 38.8
4937 0.0 20 0 0 4937 0.4 50 0 0 30 47.5 38.8 38.8
4937 0.0 20 0 0 4937 0.4 50 0 0 60 48.7 39.5 39.5
4937 0.0 20 0 0 4937 0.4 50 0 0 90 51.7 41.9 41.9
4937 0.0 20 0 0 4937 0.4 50 0 0 120 59.0 46.5 46.5
4937 0.0 20 0 0 4937 0.4 50 0 0 150 68.2 54.1 54.1
4937 0.0 20 0 0 4937 0.4 50 0 0 180 73.2 60.5 60.5
4937 0.0 20 0 0 4937 0.4 60 0 0 0 46.8 39.9 39.9
4937 0.0 20 0 0 4937 0.4 60 0 0 30 47.4 39.9 39.9
4937 0.0 20 0 0 4937 0.4 60 0 0 60 48.7 40.7 40.7
4937 0.0 20 0 0 4937 0.4 60 0 0 90 51.5 43.0 43.0
4937 0.0 20 0 0 4937 0.4 60 0 0 120 57.9 47.2 47.2
4937 0.0 20 0 0 4937 0.4 60 0 0 150 66.1 54.0 54.0
4937 0.0 20 0 0 4937 0.4 60 0 0 180 70.5 60.8 60.8
4937 0.0 20 0 0 4937 0.5 0 0 0 0 49.3 42.1 42.1
4937 0.0 20 0 0 4937 0.5 0 0 0 30 49.6 42.6 42.6
4937 0.0 20 0 0 4937 0.5 0 0 0 60 50.3 43.5 43.5
4937 0.0 20 0 0 4937 0.5 0 0 0 90 51.9 45.9 45.9
4937 0.0 20 0 0 4937 0.5 0 0 0 120 57.5 50.5 50.5
4937 0.0 20 0 0 4937 0.5 0 0 0 150 67.8 58.6 58.6
4937 0.0 20 0 0 4937 0.5 0 0 0 180 75.1 61.7 61.7
4937 0.0 20 0 0 4937 0.5 10 0 0 0 49.3 42.0 42.0
4937 0.0 20 0 0 4937 0.5 10 0 0 30 49.6 42.3 42.3
4937 0.0 20 0 0 4937 0.5 10 0 0 60 50.3 43.1 43.1
4937 0.0 20 0 0 4937 0.5 10 0 0 90 51.9 44.6 44.6
4937 0.0 20 0 0 4937 0.5 10 0 0 120 57.4 48.6 48.6
4937 0.0 20 0 0 4937 0.5 10 0 0 150 67.7 57.0 57.0
4937 0.0 20 0 0 4937 0.5 10 0 0 180 75.0 61.7 61.7
4937 0.0 20 0 0 4937 0.5 20 0 0 0 49.3 41.2 41.2
4937 0.0 20 0 0 4937 0.5 20 0 0 30 49.6 41.3 41.3
4937 0.0 20 0 0 4937 0.5 20 0 0 60 50.2 41.6 41.6
4937 0.0 20 0 0 4937 0.5 20 0 0 90 51.8 42.6 42.6
4937 0.0 20 0 0 4937 0.5 20 0 0 120 57.1 46.3 46.3
4937 0.0 20 0 0 4937 0.5 20 0 0 150 67.5 54.9 54.9
4937 0.0 20 0 0 4937 0.5 20 0 0 180 74.7 61.1 61.1
4937 0.0 20 0 0 4937 0.5 30 0 0 0 49.3 40.4 40.4
4937 0.0 20 0 0 4937 0.5 30 0 0 30 49.6 40.4 40.4
4937 0.0 20 0 0 4937 0.5 30 0 0 60 50.2 40.6 40.6
4937 0.0 20 0 0 4937 0.5 30 0 0 90 51.7 41.4 41.4
4937 0.0 20 0 0 4937 0.5 30 0 0 120 56.7 44.7 44.7
4937 0.0 20 0 0 4937 0.5 30 0 0 150 67.0 53.4 53.4
4937 0.0 20 0 0 4937 0.5 30 0 0 180 74.1 60.7 60.7
4937 0.0 20 0 0 4937 0.5 40 0 0 0 49.3 40.3 40.3
4937 0.0 20 0 0 4937 0.5 40 0 0 30 49.5 40.2 40.2
4937 0.0 20 0 0 4937 0.5 40 0 0 60 50.2 40.3 40.3
4937 0.0 20 0 0 4937 0.5 40 0 0 90 51.7 41.0 41.0
4937 0.0 20 0 0 4937 0.5 40 0 0 120 56.3 44.2 44.2
4937 0.0 20 0 0 4937 0.5 40 0 0 150 66.3 52.4 52.4
4937 0.0 20 0 0 4937 0.5 40 0 0 180 73.1 60.4 60.4
4937 0.0 20 0 0 4937 0.5 50 0 0 0 49.2 40.6 40.6
4937 0.0 20 0 0 4937 0.5 50 0 0 30 49.5 40.4 40.4
4937 0.0 20 0 0 4937 0.5 50 0 0 60 50.2 40.5 40.5
4937 0.0 20 0 0 4937 0.5 50 0 0 90 51.6 41.2 41.2
4937 0.0 20 0 0 4937 0.5 50 0 0 120 56.0 44.4 44.4
4937 0.0 20 0 0 4937 0.5 50 0 0 150 65.2 51.8 51.8
4937 0.0 20 0 0 4937 0.5 50 0 0 180 71.6 60.2 60.2
4937 0.0 20 0 0 4937 0.5 60 0 0 0 49.2 41.1 41.1
4937 0.0 20 0 0 4937 0.5 60 0 0 30 49.5 40.9 40.9
4937 0.0 20 0 0 4937 0.5 60 0 0 60 50.2 41.1 41.1
4937 0.0 20 0 0 4937 0.5 60 0 0 90 51.6 41.8 41.8
4937 0.0 20 0 0 4937 0.5 60 0 0 120 55.4 44.9 44.9
4937 0.0 20 0 0 4937 0.5 60 0 0 150 63.2 51.7 51.7
4937 0.0 20 0 0 4937 0.5 60 0 0 180 68.9 60.2 60.2
