4737 0 30 60 0 0 4737 0 0 0 0 0 52 50
4737 0 30 60 0 0 4737 0 0 0 0 90 49 48
4737 0 30 60 0 0 4737 0 0 0 0 180 69 65
4737 0 30 60 0 0 4737 0 0 0 20 0 48 48
4737 0 30 60 0 0 4737 0 0 0 20 90 53 51
4737 0 30 60 0 0 4737 0 0 0 20 180 72 67
4737 0 30 60 0 0 4737 0 0 0 40 0 46 46
4737 0 30 60 0 0 4737 0 0 0 40 90 59 55
4737 0 30 60 0 0 4737 0 0 0 40 180 74 69
4737 0 30 60 0 0 4737 0 0 0 60 0 46 46
4737 0 30 60 0 0 4737 0 0 0 60 90 64 59
4737 0 30 60 0 0 4737 0 0 0 60 180 74 68
4737 0 30 60 0 0 4737 0 0 60 0 0 46 46
4737 0 30 60 0 0 4737 0 0 60 0 90 64 59
4737 0 30 60 0 0 4737 0 0 60 0 180 74 68
4737 0 30 60 0 0 4737 0 0 60 20 0 47 47
4737 0 30 60 0 0 4737 0 0 60 20 90 68 63
4737 0 30 60 0 0 4737 0 0 60 20 180 73 66
4737 0 30 60 0 0 4737 0 0 60 40 0 51 49
4737 0 30 60 0 0 4737 0 0 60 40 90 71 66
4737 0 30 60 0 0 4737 0 0 60 40 180 70 64
4737 0 30 60 0 0 4737 0 0 60 60 0 56 53
4737 0 30 60 0 0 4737 0 0 60 60 90 73 68
4737 0 30 60 0 0 4737 0 0 60 60 180 67 61
4737 0 30 60 0 0 4737 0 0 120 0 0 56 53
4737 0 30 60 0 0 4737 0 0 120 0 90 73 68
4737 0 30 60 0 0 4737 0 0 120 0 180 67 61
4737 0 30 60 0 0 4737 0 0 120 20 0 61 57
4737 0 30 60 0 0 4737 0 0 120 20 90 74 69
4737 0 30 60 0 0 4737 0 0 120 20 180 63 57
4737 0 30 60 0 0 4737 0 0 120 40 0 66 61
4737 0 30 60 0 0 4737 0 0 120 40 90 74 67
4737 0 30 60 0 0 4737 0 0 120 40 180 58 53
4737 0 30 60 0 0 4737 0 0 120 60 0 69 65
4737 0 30 60 0 0 4737 0 0 120 60 90 72 65
4737 0 30 60 0 0 4737 0 0 120 60 180 52 50
4737 0 30 60 0 0 4737 0 30 0 0 0 52 45
4737 0 30 60 0 0 4737 0 30 0 0 90 48 42
4737 0 30 60 0 0 4737 0 30 0 0 180 69 58
4737 0 30 60 0 0 4737 0 30 0 20 0 47 43
4737 0 30 60 0 0 4737 0 30 0 20 90 52 45
4737 0 30 60 0 0 4737 0 30 0 20 180 71 60
4737 0 30 60 0 0 4737 0 30 0 40 0 45 44
4737 0 30 60 0 0 4737 0 30 0 40 90 58 49
4737 0 30 60 0 0 4737 0 30 0 40 180 73 62
4737 0 30 60 0 0 4737 0 30 0 60 0 45 46
4737 0 30 60 0 0 4737 0 30 0 60 90 63 53
4737 0 30 60 0 0 4737 0 30 0 60 180 73 63
4737 0 30 60 0 0 4737 0 30 60 0 0 45 40
4737 0 30 60 0 0 4737 0 30 60 0 90 63 53
4737 0 30 60 0 0 4737 0 30 60 0 180 74 64
4737 0 30 60 0 0 4737 0 30 60 20 0 46 42
4737 0 30 60 0 0 4737 0 30 60 20 90 67 56
4737 0 30 60 0 0 4737 0 30 60 20 180 72 63
4737 0 30 60 0 0 4737 0 30 60 40 0 50 45
4737 0 30 60 0 0 4737 0 30 60 40 90 70 59
4737 0 30 60 0 0 4737 0 30 60 40 180 70 62
4737 0 30 60 0 0 4737 0 30 60 60 0 55 49
4737 0 30 60 0 0 4737 0 30 60 60 90 72 61
4737 0 30 60 0 0 4737 0 30 60 60 180 66 61
4737 0 30 60 0 0 4737 0 30 120 0 0 55 47
4737 0 30 60 0 0 4737 0 30 120 0 90 72 62
4737 0 30 60 0 0 4737 0 30 120 0 180 67 57
4737 0 30 60 0 0 4737 0 30 120 20 0 61 50
4737 0 30 60 0 0 4737 0 30 120 20 90 74 63
4737 0 30 60 0 0 4737 0 30 120 20 180 63 54
4737 0 30 60 0 0 4737 0 30 120 40 0 65 54
4737 0 30 60 0 0 4737 0 30 120 40 90 73 64
4737 0 30 60 0 0 4737 0 30 120 40 180 58 52
4737 0 30 60 0 0 4737 0 30 120 60 0 69 57
4737 0 30 60 0 0 4737 0 30 120 60 90 71 64
4737 0 30 60 0 0 4737 0 30 120 60 180 52 51
4737 0 30 60 0 0 4737 0 60 0 0 0 51 48
4737 0 30 60 0 0 4737 0 60 0 0 90 45 44
4737 0 30 60 0 0 4737 0 60 0 0 180 66 58
4737 0 30 60 0 0 4737 0 60 0 20 0 47 47
4737 0 30 60 0 0 4737 0 60 0 20 90 50 46
4737 0 30 60 0 0 4737 0 60 0 20 180 67 61
4737 0 30 60 0 0 4737 0 60 0 40 0 44 47
4737 0 30 60 0 0 4737 0 60 0 40 90 55 50
4737 0 30 60 0 0 4737 0 60 0 40 180 68 63
4737 0 30 60 0 0 4737 0 60 0 60 0 44 48
4737 0 30 60 0 0 4737 0 60 0 60 90 60 54
4737 0 30 60 0 0 4737 0 60 0 60 180 68 64
4737 0 30 60 0 0 4737 0 60 60 0 0 44 42
4737 0 30 60 0 0 4737 0 60 60 0 90 60 53
4737 0 30 60 0 0 4737 0 60 60 0 180 69 67
4737 0 30 60 0 0 4737 0 60 60 20 0 43 44
4737 0 30 60 0 0 4737 0 60 60 20 90 64 56
4737 0 30 60 0 0 4737 0 60 60 20 180 67 67
4737 0 30 60 0 0 4737 0 60 60 40 0 47 47
4737 0 30 60 0 0 4737 0 60 60 40 90 66 59
4737 0 30 60 0 0 4737 0 60 60 40 180 65 66
4737 0 30 60 0 0 4737 0 60 60 60 0 52 50
4737 0 30 60 0 0 4737 0 60 60 60 90 67 61
4737 0 30 60 0 0 4737 0 60 60 60 180 63 64
4737 0 30 60 0 0 4737 0 60 120 0 0 53 47
4737 0 30 60 0 0 4737 0 60 120 0 90 69 63
4737 0 30 60 0 0 4737 0 60 120 0 180 64 59
4737 0 30 60 0 0 4737 0 60 120 20 0 58 51
4737 0 30 60 0 0 4737 0 60 120 20 90 69 65
4737 0 30 60 0 0 4737 0 60 120 20 180 61 58
4737 0 30 60 0 0 4737 0 60 120 40 0 62 54
4737 0 30 60 0 0 4737 0 60 120 40 90 68 66
4737 0 30 60 0 0 4737 0 60 120 40 180 56 57
4737 0 30 60 0 0 4737 0 60 120 60 0 64 57
4737 0 30 60 0 0 4737 0 60 120 60 90 66 66
4737 0 30 60 0 0 4737 0 60 120 60 180 50 56
4737 0 30 60 0 0 4737 0 0 0 0 0 52 48
4737 0 30 60 0 0 4737 0 0 0 0 90 45 45
4737 0 30 60 0 0 4737 0 0 0 0 180 67 63
4737 0 30 60 0 0 4737 0 0 0 20 0 47 45
4737 0 30 60 0 0 4737 0 0 0 20 90 47 46
4737 0 30 60 0 0 4737 0 0 0 20 180 70 65
4737 0 30 60 0 0 4737 0 0 0 40 0 42 43
4737 0 30 60 0 0 4737 0 0 0 40 90 52 49
4737 0 30 60 0 0 4737 0 0 0 40 180 72 66
4737 0 30 60 0 0 4737 0 0 0 60 0 42 43
4737 0 30 60 0 0 4737 0 0 0 60 90 58 53
4737 0 30 60 0 0 4737 0 0 0 60 180 72 66
4737 0 30 60 0 0 4737 0 0 60 0 0 42 43
4737 0 30 60 0 0 4737 0 0 60 0 90 58 53
4737 0 30 60 0 0 4737 0 0 60 0 180 72 66
4737 0 30 60 0 0 4737 0 0 60 20 0 45 44
4737 0 30 60 0 0 4737 0 0 60 20 90 63 57
4737 0 30 60 0 0 4737 0 0 60 20 180 71 64
4737 0 30 60 0 0 4737 0 0 60 40 0 50 48
4737 0 30 60 0 0 4737 0 0 60 40 90 67 61
4737 0 30 60 0 0 4737 0 0 60 40 180 69 62
4737 0 30 60 0 0 4737 0 0 60 60 0 56 53
4737 0 30 60 0 0 4737 0 0 60 60 90 70 64
4737 0 30 60 0 0 4737 0 0 60 60 180 65 59
4737 0 30 60 0 0 4737 0 0 120 0 0 56 53
4737 0 30 60 0 0 4737 0 0 120 0 90 70 64
4737 0 30 60 0 0 4737 0 0 120 0 180 65 59
4737 0 30 60 0 0 4737 0 0 120 20 0 62 57
4737 0 30 60 0 0 4737 0 0 120 20 90 73 67
4737 0 30 60 0 0 4737 0 0 120 20 180 62 56
4737 0 30 60 0 0 4737 0 0 120 40 0 67 61
4737 0 30 60 0 0 4737 0 0 120 40 90 74 69
4737 0 30 60 0 0 4737 0 0 120 40 180 58 54
4737 0 30 60 0 0 4737 0 0 120 60 0 71 65
4737 0 30 60 0 0 4737 0 0 120 60 90 74 69
4737 0 30 60 0 0 4737 0 0 120 60 180 53 52
4737 0 30 60 0 0 4737 0 30 0 0 0 52 45
4737 0 30 60 0 0 4737 0 30 0 0 90 44 38
4737 0 30 60 0 0 4737 0 30 0 0 180 67 56
4737 0 30 60 0 0 4737 0 30 0 20 0 47 42
4737 0 30 60 0 0 4737 0 30 0 20 90 46 40
4737 0 30 60 0 0 4737 0 30 0 20 180 69 58
4737 0 30 60 0 0 4737 0 30 0 40 0 42 41
4737 0 30 60 0 0 4737 0 30 0 40 90 52 43
4737 0 30 60 0 0 4737 0 30 0 40 180 71 60
4737 0 30 60 0 0 4737 0 30 0 60 0 41 42
4737 0 30 60 0 0 4737 0 30 0 60 90 57 47
4737 0 30 60 0 0 4737 0 30 0 60 180 71 62
4737 0 30 60 0 0 4737 0 30 60 0 0 41 38
4737 0 30 60 0 0 4737 0 30 60 0 90 57 50
4737 0 30 60 0 0 4737 0 30 60 0 180 72 65
4737 0 30 60 0 0 4737 0 30 60 20 0 44 41
4737 0 30 60 0 0 4737 0 30 60 20 90 62 53
4737 0 30 60 0 0 4737 0 30 60 20 180 70 65
4737 0 30 60 0 0 4737 0 30 60 40 0 49 45
4737 0 30 60 0 0 4737 0 30 60 40 90 66 57
4737 0 30 60 0 0 4737 0 30 60 40 180 68 64
4737 0 30 60 0 0 4737 0 30 60 60 0 55 50
4737 0 30 60 0 0 4737 0 30 60 60 90 69 60
4737 0 30 60 0 0 4737 0 30 60 60 180 65 62
4737 0 30 60 0 0 4737 0 30 120 0 0 55 50
4737 0 30 60 0 0 4737 0 30 120 0 90 69 62
4737 0 30 60 0 0 4737 0 30 120 0 180 65 58
4737 0 30 60 0 0 4737 0 30 120 20 0 61 54
4737 0 30 60 0 0 4737 0 30 120 20 90 72 65
4737 0 30 60 0 0 4737 0 30 120 20 180 62 56
4737 0 30 60 0 0 4737 0 30 120 40 0 66 58
4737 0 30 60 0 0 4737 0 30 120 40 90 73 67
4737 0 30 60 0 0 4737 0 30 120 40 180 57 55
4737 0 30 60 0 0 4737 0 30 120 60 0 70 61
4737 0 30 60 0 0 4737 0 30 120 60 90 73 69
4737 0 30 60 0 0 4737 0 30 120 60 180 52 54
4737 0 30 60 0 0 4737 0 60 0 0 0 51 48
4737 0 30 60 0 0 4737 0 60 0 0 90 43 41
4737 0 30 60 0 0 4737 0 60 0 0 180 63 56
4737 0 30 60 0 0 4737 0 60 0 20 0 46 46
4737 0 30 60 0 0 4737 0 60 0 20 90 44 42
4737 0 30 60 0 0 4737 0 60 0 20 180 65 58
4737 0 30 60 0 0 4737 0 60 0 40 0 41 45
4737 0 30 60 0 0 4737 0 60 0 40 90 49 44
4737 0 30 60 0 0 4737 0 60 0 40 180 66 60
4737 0 30 60 0 0 4737 0 60 0 60 0 40 45
4737 0 30 60 0 0 4737 0 60 0 60 90 54 48
4737 0 30 60 0 0 4737 0 60 0 60 180 66 62
4737 0 30 60 0 0 4737 0 60 60 0 0 40 44
4737 0 30 60 0 0 4737 0 60 60 0 90 53 53
4737 0 30 60 0 0 4737 0 60 60 0 180 67 70
4737 0 30 60 0 0 4737 0 60 60 20 0 41 46
4737 0 30 60 0 0 4737 0 60 60 20 90 58 55
4737 0 30 60 0 0 4737 0 60 60 20 180 65 71
4737 0 30 60 0 0 4737 0 60 60 40 0 46 49
4737 0 30 60 0 0 4737 0 60 60 40 90 62 59
4737 0 30 60 0 0 4737 0 60 60 40 180 63 71
4737 0 30 60 0 0 4737 0 60 60 60 0 52 53
4737 0 30 60 0 0 4737 0 60 60 60 90 64 63
4737 0 30 60 0 0 4737 0 60 60 60 180 61 69
4737 0 30 60 0 0 4737 0 60 120 0 0 52 53
4737 0 30 60 0 0 4737 0 60 120 0 90 66 66
4737 0 30 60 0 0 4737 0 60 120 0 180 62 64
4737 0 30 60 0 0 4737 0 60 120 20 0 58 56
4737 0 30 60 0 0 4737 0 60 120 20 90 68 68
4737 0 30 60 0 0 4737 0 60 120 20 180 59 63
4737 0 30 60 0 0 4737 0 60 120 40 0 62 60
4737 0 30 60 0 0 4737 0 60 120 40 90 68 71
4737 0 30 60 0 0 4737 0 60 120 40 180 55 62
4737 0 30 60 0 0 4737 0 60 120 60 0 65 64
4737 0 30 60 0 0 4737 0 60 120 60 90 67 72
4737 0 30 60 0 0 4737 0 60 120 60 180 50 62
4737 0 30 60 0 0 4737 0 0 0 0 0 52 48
4737 0 30 60 0 0 4737 0 0 0 0 90 44 44
4737 0 30 60 0 0 4737 0 0 0 0 180 65 61
4737 0 30 60 0 0 4737 0 0 0 20 0 47 43
4737 0 30 60 0 0 4737 0 0 0 20 90 43 43
4737 0 30 60 0 0 4737 0 0 0 20 180 68 62
4737 0 30 60 0 0 4737 0 0 0 40 0 41 41
4737 0 30 60 0 0 4737 0 0 0 40 90 47 44
4737 0 30 60 0 0 4737 0 0 0 40 180 69 62
4737 0 30 60 0 0 4737 0 0 0 60 0 40 40
4737 0 30 60 0 0 4737 0 0 0 60 90 52 47
4737 0 30 60 0 0 4737 0 0 0 60 180 69 62
4737 0 30 60 0 0 4737 0 0 60 0 0 40 40
4737 0 30 60 0 0 4737 0 0 60 0 90 52 47
4737 0 30 60 0 0 4737 0 0 60 0 180 69 62
4737 0 30 60 0 0 4737 0 0 60 20 0 45 42
4737 0 30 60 0 0 4737 0 0 60 20 90 57 51
4737 0 30 60 0 0 4737 0 0 60 20 180 68 62
4737 0 30 60 0 0 4737 0 0 60 40 0 51 47
4737 0 30 60 0 0 4737 0 0 60 40 90 62 55
4737 0 30 60 0 0 4737 0 0 60 40 180 67 60
4737 0 30 60 0 0 4737 0 0 60 60 0 56 51
4737 0 30 60 0 0 4737 0 0 60 60 90 66 59
4737 0 30 60 0 0 4737 0 0 60 60 180 64 58
4737 0 30 60 0 0 4737 0 0 120 0 0 56 51
4737 0 30 60 0 0 4737 0 0 120 0 90 66 59
4737 0 30 60 0 0 4737 0 0 120 0 180 64 58
4737 0 30 60 0 0 4737 0 0 120 20 0 62 56
4737 0 30 60 0 0 4737 0 0 120 20 90 70 62
4737 0 30 60 0 0 4737 0 0 120 20 180 60 56
4737 0 30 60 0 0 4737 0 0 120 40 0 67 60
4737 0 30 60 0 0 4737 0 0 120 40 90 73 66
4737 0 30 60 0 0 4737 0 0 120 40 180 57 55
4737 0 30 60 0 0 4737 0 0 120 60 0 72 64
4737 0 30 60 0 0 4737 0 0 120 60 90 74 68
4737 0 30 60 0 0 4737 0 0 120 60 180 56 54
4737 0 30 60 0 0 4737 0 30 0 0 0 52 45
4737 0 30 60 0 0 4737 0 30 0 0 90 44 38
4737 0 30 60 0 0 4737 0 30 0 0 180 65 55
4737 0 30 60 0 0 4737 0 30 0 20 0 46 42
4737 0 30 60 0 0 4737 0 30 0 20 90 43 37
4737 0 30 60 0 0 4737 0 30 0 20 180 67 57
4737 0 30 60 0 0 4737 0 30 0 40 0 41 40
4737 0 30 60 0 0 4737 0 30 0 40 90 46 38
4737 0 30 60 0 0 4737 0 30 0 40 180 68 59
4737 0 30 60 0 0 4737 0 30 0 60 0 39 39
4737 0 30 60 0 0 4737 0 30 0 60 90 51 42
4737 0 30 60 0 0 4737 0 30 0 60 180 68 60
4737 0 30 60 0 0 4737 0 30 60 0 0 38 37
4737 0 30 60 0 0 4737 0 30 60 0 90 51 47
4737 0 30 60 0 0 4737 0 30 60 0 180 68 65
4737 0 30 60 0 0 4737 0 30 60 20 0 44 42
4737 0 30 60 0 0 4737 0 30 60 20 90 56 51
4737 0 30 60 0 0 4737 0 30 60 20 180 68 65
4737 0 30 60 0 0 4737 0 30 60 40 0 49 47
4737 0 30 60 0 0 4737 0 30 60 40 90 60 55
4737 0 30 60 0 0 4737 0 30 60 40 180 65 65
4737 0 30 60 0 0 4737 0 30 60 60 0 55 52
4737 0 30 60 0 0 4737 0 30 60 60 90 65 59
4737 0 30 60 0 0 4737 0 30 60 60 180 63 64
4737 0 30 60 0 0 4737 0 30 120 0 0 55 52
4737 0 30 60 0 0 4737 0 30 120 0 90 65 61
4737 0 30 60 0 0 4737 0 30 120 0 180 63 60
4737 0 30 60 0 0 4737 0 30 120 20 0 61 57
4737 0 30 60 0 0 4737 0 30 120 20 90 69 65
4737 0 30 60 0 0 4737 0 30 120 20 180 60 59
4737 0 30 60 0 0 4737 0 30 120 40 0 66 61
4737 0 30 60 0 0 4737 0 30 120 40 90 72 68
4737 0 30 60 0 0 4737 0 30 120 40 180 56 58
4737 0 30 60 0 0 4737 0 30 120 60 0 71 65
4737 0 30 60 0 0 4737 0 30 120 60 90 73 71
4737 0 30 60 0 0 4737 0 30 120 60 180 54 59
4737 0 30 60 0 0 4737 0 60 0 0 0 50 48
4737 0 30 60 0 0 4737 0 60 0 0 90 43 41
4737 0 30 60 0 0 4737 0 60 0 0 180 61 54
4737 0 30 60 0 0 4737 0 60 0 20 0 45 46
4737 0 30 60 0 0 4737 0 60 0 20 90 42 40
4737 0 30 60 0 0 4737 0 60 0 20 180 62 56
4737 0 30 60 0 0 4737 0 60 0 40 0 41 44
4737 0 30 60 0 0 4737 0 60 0 40 90 44 40
4737 0 30 60 0 0 4737 0 60 0 40 180 62 58
4737 0 30 60 0 0 4737 0 60 0 60 0 40 43
4737 0 30 60 0 0 4737 0 60 0 60 90 48 42
4737 0 30 60 0 0 4737 0 60 0 60 180 62 60
4737 0 30 60 0 0 4737 0 60 60 0 0 38 47
4737 0 30 60 0 0 4737 0 60 60 0 90 46 53
4737 0 30 60 0 0 4737 0 60 60 0 180 65 73
4737 0 30 60 0 0 4737 0 60 60 20 0 40 49
4737 0 30 60 0 0 4737 0 60 60 20 90 51 56
4737 0 30 60 0 0 4737 0 60 60 20 180 63 73
4737 0 30 60 0 0 4737 0 60 60 40 0 45 53
4737 0 30 60 0 0 4737 0 60 60 40 90 55 60
4737 0 30 60 0 0 4737 0 60 60 40 180 60 73
4737 0 30 60 0 0 4737 0 60 60 60 0 50 57
4737 0 30 60 0 0 4737 0 60 60 60 90 60 64
4737 0 30 60 0 0 4737 0 60 60 60 180 58 73
4737 0 30 60 0 0 4737 0 60 120 0 0 52 58
4737 0 30 60 0 0 4737 0 60 120 0 90 62 67
4737 0 30 60 0 0 4737 0 60 120 0 180 60 70
4737 0 30 60 0 0 4737 0 60 120 20 0 57 62
4737 0 30 60 0 0 4737 0 60 120 20 90 65 71
4737 0 30 60 0 0 4737 0 60 120 20 180 56 69
4737 0 30 60 0 0 4737 0 60 120 40 0 62 67
4737 0 30 60 0 0 4737 0 60 120 40 90 67 74
4737 0 30 60 0 0 4737 0 60 120 40 180 53 69
4737 0 30 60 0 0 4737 0 60 120 60 0 65 70
4737 0 30 60 0 0 4737 0 60 120 60 90 66 76
4737 0 30 60 0 0 4737 0 60 120 60 180 51 69
4737 0 30 60 20 0 4737 0 0 0 0 0 58 53
4737 0 30 60 20 0 4737 0 0 0 0 90 46 46
4737 0 30 60 20 0 4737 0 0 0 0 180 66 61
4737 0 30 60 20 0 4737 0 0 0 20 0 52 50
4737 0 30 60 20 0 4737 0 0 0 20 90 49 48
4737 0 30 60 20 0 4737 0 0 0 20 180 69 65
4737 0 30 60 20 0 4737 0 0 0 40 0 48 48
4737 0 30 60 20 0 4737 0 0 0 40 90 53 51
4737 0 30 60 20 0 4737 0 0 0 40 180 72 67
4737 0 30 60 20 0 4737 0 0 0 60 0 46 46
4737 0 30 60 20 0 4737 0 0 0 60 90 59 55
4737 0 30 60 20 0 4737 0 0 0 60 180 74 69
4737 0 30 60 20 0 4737 0 0 60 0 0 46 46
4737 0 30 60 20 0 4737 0 0 60 0 90 59 55
4737 0 30 60 20 0 4737 0 0 60 0 180 74 69
4737 0 30 60 20 0 4737 0 0 60 20 0 46 46
4737 0 30 60 20 0 4737 0 0 60 20 90 64 59
4737 0 30 60 20 0 4737 0 0 60 20 180 74 68
4737 0 30 60 20 0 4737 0 0 60 40 0 47 47
4737 0 30 60 20 0 4737 0 0 60 40 90 68 63
4737 0 30 60 20 0 4737 0 0 60 40 180 73 66
4737 0 30 60 20 0 4737 0 0 60 60 0 50 49
4737 0 30 60 20 0 4737 0 0 60 60 90 71 66
4737 0 30 60 20 0 4737 0 0 60 60 180 70 64
4737 0 30 60 20 0 4737 0 0 120 0 0 50 49
4737 0 30 60 20 0 4737 0 0 120 0 90 71 66
4737 0 30 60 20 0 4737 0 0 120 0 180 70 64
4737 0 30 60 20 0 4737 0 0 120 20 0 56 53
4737 0 30 60 20 0 4737 0 0 120 20 90 73 68
4737 0 30 60 20 0 4737 0 0 120 20 180 67 61
4737 0 30 60 20 0 4737 0 0 120 40 0 61 57
4737 0 30 60 20 0 4737 0 0 120 40 90 74 69
4737 0 30 60 20 0 4737 0 0 120 40 180 63 57
4737 0 30 60 20 0 4737 0 0 120 60 0 66 61
4737 0 30 60 20 0 4737 0 0 120 60 90 74 67
4737 0 30 60 20 0 4737 0 0 120 60 180 58 53
4737 0 30 60 20 0 4737 0 30 0 0 0 58 48
4737 0 30 60 20 0 4737 0 30 0 0 90 46 40
4737 0 30 60 20 0 4737 0 30 0 0 180 65 55
4737 0 30 60 20 0 4737 0 30 0 20 0 52 45
4737 0 30 60 20 0 4737 0 30 0 20 90 48 42
4737 0 30 60 20 0 4737 0 30 0 20 180 69 58
4737 0 30 60 20 0 4737 0 30 0 40 0 47 43
4737 0 30 60 20 0 4737 0 30 0 40 90 52 45
4737 0 30 60 20 0 4737 0 30 0 40 180 71 60
4737 0 30 60 20 0 4737 0 30 0 60 0 45 44
4737 0 30 60 20 0 4737 0 30 0 60 90 58 49
4737 0 30 60 20 0 4737 0 30 0 60 180 73 62
4737 0 30 60 20 0 4737 0 30 60 0 0 46 39
4737 0 30 60 20 0 4737 0 30 60 0 90 58 50
4737 0 30 60 20 0 4737 0 30 60 0 180 73 63
4737 0 30 60 20 0 4737 0 30 60 20 0 45 40
4737 0 30 60 20 0 4737 0 30 60 20 90 63 53
4737 0 30 60 20 0 4737 0 30 60 20 180 73 64
4737 0 30 60 20 0 4737 0 30 60 40 0 46 42
4737 0 30 60 20 0 4737 0 30 60 40 90 67 56
4737 0 30 60 20 0 4737 0 30 60 40 180 72 63
4737 0 30 60 20 0 4737 0 30 60 60 0 50 45
4737 0 30 60 20 0 4737 0 30 60 60 90 70 58
4737 0 30 60 20 0 4737 0 30 60 60 180 70 62
4737 0 30 60 20 0 4737 0 30 120 0 0 50 43
4737 0 30 60 20 0 4737 0 30 120 0 90 70 60
4737 0 30 60 20 0 4737 0 30 120 0 180 70 59
4737 0 30 60 20 0 4737 0 30 120 20 0 55 47
4737 0 30 60 20 0 4737 0 30 120 20 90 72 62
4737 0 30 60 20 0 4737 0 30 120 20 180 67 57
4737 0 30 60 20 0 4737 0 30 120 40 0 61 50
4737 0 30 60 20 0 4737 0 30 120 40 90 73 63
4737 0 30 60 20 0 4737 0 30 120 40 180 63 54
4737 0 30 60 20 0 4737 0 30 120 60 0 65 54
4737 0 30 60 20 0 4737 0 30 120 60 90 73 64
4737 0 30 60 20 0 4737 0 30 120 60 180 57 52
4737 0 30 60 20 0 4737 0 60 0 0 0 56 49
4737 0 30 60 20 0 4737 0 60 0 0 90 44 43
4737 0 30 60 20 0 4737 0 60 0 0 180 62 56
4737 0 30 60 20 0 4737 0 60 0 20 0 51 48
4737 0 30 60 20 0 4737 0 60 0 20 90 45 44
4737 0 30 60 20 0 4737 0 60 0 20 180 65 58
4737 0 30 60 20 0 4737 0 60 0 40 0 47 47
4737 0 30 60 20 0 4737 0 60 0 40 90 49 47
4737 0 30 60 20 0 4737 0 60 0 40 180 67 61
4737 0 30 60 20 0 4737 0 60 0 60 0 44 47
4737 0 30 60 20 0 4737 0 60 0 60 90 55 50
4737 0 30 60 20 0 4737 0 60 0 60 180 68 63
4737 0 30 60 20 0 4737 0 60 60 0 0 45 42
4737 0 30 60 20 0 4737 0 60 60 0 90 55 51
4737 0 30 60 20 0 4737 0 60 60 0 180 69 66
4737 0 30 60 20 0 4737 0 60 60 20 0 44 43
4737 0 30 60 20 0 4737 0 60 60 20 90 60 53
4737 0 30 60 20 0 4737 0 60 60 20 180 69 67
4737 0 30 60 20 0 4737 0 60 60 40 0 43 44
4737 0 30 60 20 0 4737 0 60 60 40 90 64 56
4737 0 30 60 20 0 4737 0 60 60 40 180 67 67
4737 0 30 60 20 0 4737 0 60 60 60 0 47 47
4737 0 30 60 20 0 4737 0 60 60 60 90 65 59
4737 0 30 60 20 0 4737 0 60 60 60 180 65 66
4737 0 30 60 20 0 4737 0 60 120 0 0 48 45
4737 0 30 60 20 0 4737 0 60 120 0 90 67 61
4737 0 30 60 20 0 4737 0 60 120 0 180 67 61
4737 0 30 60 20 0 4737 0 60 120 20 0 52 47
4737 0 30 60 20 0 4737 0 60 120 20 90 69 63
4737 0 30 60 20 0 4737 0 60 120 20 180 64 59
4737 0 30 60 20 0 4737 0 60 120 40 0 58 51
4737 0 30 60 20 0 4737 0 60 120 40 90 69 65
4737 0 30 60 20 0 4737 0 60 120 40 180 61 58
4737 0 30 60 20 0 4737 0 60 120 60 0 62 54
4737 0 30 60 20 0 4737 0 60 120 60 90 67 66
4737 0 30 60 20 0 4737 0 60 120 60 180 55 57
4737 0 30 60 20 0 4737 0 0 0 0 0 58 53
4737 0 30 60 20 0 4737 0 0 0 0 90 45 46
4737 0 30 60 20 0 4737 0 0 0 0 180 64 61
4737 0 30 60 20 0 4737 0 0 0 20 0 52 48
4737 0 30 60 20 0 4737 0 0 0 20 90 45 45
4737 0 30 60 20 0 4737 0 0 0 20 180 67 63
4737 0 30 60 20 0 4737 0 0 0 40 0 47 45
4737 0 30 60 20 0 4737 0 0 0 40 90 47 46
4737 0 30 60 20 0 4737 0 0 0 40 180 70 65
4737 0 30 60 20 0 4737 0 0 0 60 0 42 43
4737 0 30 60 20 0 4737 0 0 0 60 90 52 49
4737 0 30 60 20 0 4737 0 0 0 60 180 72 66
4737 0 30 60 20 0 4737 0 0 60 0 0 42 43
4737 0 30 60 20 0 4737 0 0 60 0 90 52 49
4737 0 30 60 20 0 4737 0 0 60 0 180 72 66
4737 0 30 60 20 0 4737 0 0 60 20 0 42 43
4737 0 30 60 20 0 4737 0 0 60 20 90 58 53
4737 0 30 60 20 0 4737 0 0 60 20 180 72 66
4737 0 30 60 20 0 4737 0 0 60 40 0 45 44
4737 0 30 60 20 0 4737 0 0 60 40 90 63 57
4737 0 30 60 20 0 4737 0 0 60 40 180 71 64
4737 0 30 60 20 0 4737 0 0 60 60 0 50 48
4737 0 30 60 20 0 4737 0 0 60 60 90 67 61
4737 0 30 60 20 0 4737 0 0 60 60 180 68 62
4737 0 30 60 20 0 4737 0 0 120 0 0 50 48
4737 0 30 60 20 0 4737 0 0 120 0 90 67 61
4737 0 30 60 20 0 4737 0 0 120 0 180 68 62
4737 0 30 60 20 0 4737 0 0 120 20 0 56 53
4737 0 30 60 20 0 4737 0 0 120 20 90 70 64
4737 0 30 60 20 0 4737 0 0 120 20 180 65 59
4737 0 30 60 20 0 4737 0 0 120 40 0 61 57
4737 0 30 60 20 0 4737 0 0 120 40 90 73 67
4737 0 30 60 20 0 4737 0 0 120 40 180 62 56
4737 0 30 60 20 0 4737 0 0 120 60 0 67 61
4737 0 30 60 20 0 4737 0 0 120 60 90 74 69
4737 0 30 60 20 0 4737 0 0 120 60 180 58 54
4737 0 30 60 20 0 4737 0 30 0 0 0 58 48
4737 0 30 60 20 0 4737 0 30 0 0 90 45 39
4737 0 30 60 20 0 4737 0 30 0 0 180 64 54
4737 0 30 60 20 0 4737 0 30 0 20 0 52 45
4737 0 30 60 20 0 4737 0 30 0 20 90 44 38
4737 0 30 60 20 0 4737 0 30 0 20 180 67 56
4737 0 30 60 20 0 4737 0 30 0 40 0 46 42
4737 0 30 60 20 0 4737 0 30 0 40 90 46 40
4737 0 30 60 20 0 4737 0 30 0 40 180 69 58
4737 0 30 60 20 0 4737 0 30 0 60 0 42 41
4737 0 30 60 20 0 4737 0 30 0 60 90 52 43
4737 0 30 60 20 0 4737 0 30 0 60 180 71 60
4737 0 30 60 20 0 4737 0 30 60 0 0 42 38
4737 0 30 60 20 0 4737 0 30 60 0 90 51 46
4737 0 30 60 20 0 4737 0 30 60 0 180 71 65
4737 0 30 60 20 0 4737 0 30 60 20 0 41 38
4737 0 30 60 20 0 4737 0 30 60 20 90 57 50
4737 0 30 60 20 0 4737 0 30 60 20 180 72 65
4737 0 30 60 20 0 4737 0 30 60 40 0 44 42
4737 0 30 60 20 0 4737 0 30 60 40 90 62 53
4737 0 30 60 20 0 4737 0 30 60 40 180 70 65
4737 0 30 60 20 0 4737 0 30 60 60 0 49 46
4737 0 30 60 20 0 4737 0 30 60 60 90 66 57
4737 0 30 60 20 0 4737 0 30 60 60 180 67 64
4737 0 30 60 20 0 4737 0 30 120 0 0 49 46
4737 0 30 60 20 0 4737 0 30 120 0 90 66 59
4737 0 30 60 20 0 4737 0 30 120 0 180 68 61
4737 0 30 60 20 0 4737 0 30 120 20 0 55 50
4737 0 30 60 20 0 4737 0 30 120 20 90 69 62
4737 0 30 60 20 0 4737 0 30 120 20 180 65 58
4737 0 30 60 20 0 4737 0 30 120 40 0 60 54
4737 0 30 60 20 0 4737 0 30 120 40 90 72 65
4737 0 30 60 20 0 4737 0 30 120 40 180 62 56
4737 0 30 60 20 0 4737 0 30 120 60 0 66 58
4737 0 30 60 20 0 4737 0 30 120 60 90 73 67
4737 0 30 60 20 0 4737 0 30 120 60 180 57 55
4737 0 30 60 20 0 4737 0 60 0 0 0 56 50
4737 0 30 60 20 0 4737 0 60 0 0 90 43 42
4737 0 30 60 20 0 4737 0 60 0 0 180 60 55
4737 0 30 60 20 0 4737 0 60 0 20 0 51 48
4737 0 30 60 20 0 4737 0 60 0 20 90 43 42
4737 0 30 60 20 0 4737 0 60 0 20 180 63 56
4737 0 30 60 20 0 4737 0 60 0 40 0 46 46
4737 0 30 60 20 0 4737 0 60 0 40 90 44 42
4737 0 30 60 20 0 4737 0 60 0 40 180 65 58
4737 0 30 60 20 0 4737 0 60 0 60 0 41 45
4737 0 30 60 20 0 4737 0 60 0 60 90 49 44
4737 0 30 60 20 0 4737 0 60 0 60 180 65 60
4737 0 30 60 20 0 4737 0 60 60 0 0 42 44
4737 0 30 60 20 0 4737 0 60 60 0 90 49 51
4737 0 30 60 20 0 4737 0 60 60 0 180 68 70
4737 0 30 60 20 0 4737 0 60 60 20 0 40 45
4737 0 30 60 20 0 4737 0 60 60 20 90 53 53
4737 0 30 60 20 0 4737 0 60 60 20 180 67 71
4737 0 30 60 20 0 4737 0 60 60 40 0 41 46
4737 0 30 60 20 0 4737 0 60 60 40 90 57 56
4737 0 30 60 20 0 4737 0 60 60 40 180 65 71
4737 0 30 60 20 0 4737 0 60 60 60 0 46 49
4737 0 30 60 20 0 4737 0 60 60 60 90 62 59
4737 0 30 60 20 0 4737 0 60 60 60 180 63 71
4737 0 30 60 20 0 4737 0 60 120 0 0 47 50
4737 0 30 60 20 0 4737 0 60 120 0 90 62 63
4737 0 30 60 20 0 4737 0 60 120 0 180 65 66
4737 0 30 60 20 0 4737 0 60 120 20 0 52 53
4737 0 30 60 20 0 4737 0 60 120 20 90 66 66
4737 0 30 60 20 0 4737 0 60 120 20 180 62 64
4737 0 30 60 20 0 4737 0 60 120 40 0 57 57
4737 0 30 60 20 0 4737 0 60 120 40 90 68 69
4737 0 30 60 20 0 4737 0 60 120 40 180 59 63
4737 0 30 60 20 0 4737 0 60 120 60 0 62 61
4737 0 30 60 20 0 4737 0 60 120 60 90 68 71
4737 0 30 60 20 0 4737 0 60 120 60 180 55 63
4737 0 30 60 20 0 4737 0 0 0 0 0 58 52
4737 0 30 60 20 0 4737 0 0 0 0 90 48 46
4737 0 30 60 20 0 4737 0 0 0 0 180 62 59
4737 0 30 60 20 0 4737 0 0 0 20 0 52 48
4737 0 30 60 20 0 4737 0 0 0 20 90 44 44
4737 0 30 60 20 0 4737 0 0 0 20 180 65 61
4737 0 30 60 20 0 4737 0 0 0 40 0 47 43
4737 0 30 60 20 0 4737 0 0 0 40 90 43 43
4737 0 30 60 20 0 4737 0 0 0 40 180 68 62
4737 0 30 60 20 0 4737 0 0 0 60 0 41 41
4737 0 30 60 20 0 4737 0 0 0 60 90 47 44
4737 0 30 60 20 0 4737 0 0 0 60 180 69 63
4737 0 30 60 20 0 4737 0 0 60 0 0 41 41
4737 0 30 60 20 0 4737 0 0 60 0 90 47 44
4737 0 30 60 20 0 4737 0 0 60 0 180 69 63
4737 0 30 60 20 0 4737 0 0 60 20 0 40 40
4737 0 30 60 20 0 4737 0 0 60 20 90 52 47
4737 0 30 60 20 0 4737 0 0 60 20 180 69 62
4737 0 30 60 20 0 4737 0 0 60 40 0 45 42
4737 0 30 60 20 0 4737 0 0 60 40 90 57 51
4737 0 30 60 20 0 4737 0 0 60 40 180 68 62
4737 0 30 60 20 0 4737 0 0 60 60 0 51 47
4737 0 30 60 20 0 4737 0 0 60 60 90 62 55
4737 0 30 60 20 0 4737 0 0 60 60 180 66 60
4737 0 30 60 20 0 4737 0 0 120 0 0 51 47
4737 0 30 60 20 0 4737 0 0 120 0 90 62 55
4737 0 30 60 20 0 4737 0 0 120 0 180 66 60
4737 0 30 60 20 0 4737 0 0 120 20 0 56 51
4737 0 30 60 20 0 4737 0 0 120 20 90 66 59
4737 0 30 60 20 0 4737 0 0 120 20 180 63 58
4737 0 30 60 20 0 4737 0 0 120 40 0 62 56
4737 0 30 60 20 0 4737 0 0 120 40 90 70 63
4737 0 30 60 20 0 4737 0 0 120 40 180 60 56
4737 0 30 60 20 0 4737 0 0 120 60 0 67 60
4737 0 30 60 20 0 4737 0 0 120 60 90 73 66
4737 0 30 60 20 0 4737 0 0 120 60 180 57 55
4737 0 30 60 20 0 4737 0 30 0 0 0 58 49
4737 0 30 60 20 0 4737 0 30 0 0 90 47 42
4737 0 30 60 20 0 4737 0 30 0 0 180 62 53
4737 0 30 60 20 0 4737 0 30 0 20 0 52 45
4737 0 30 60 20 0 4737 0 30 0 20 90 44 38
4737 0 30 60 20 0 4737 0 30 0 20 180 65 55
4737 0 30 60 20 0 4737 0 30 0 40 0 46 42
4737 0 30 60 20 0 4737 0 30 0 40 90 43 37
4737 0 30 60 20 0 4737 0 30 0 40 180 67 57
4737 0 30 60 20 0 4737 0 30 0 60 0 41 40
4737 0 30 60 20 0 4737 0 30 0 60 90 46 38
4737 0 30 60 20 0 4737 0 30 0 60 180 68 59
4737 0 30 60 20 0 4737 0 30 60 0 0 41 39
4737 0 30 60 20 0 4737 0 30 60 0 90 45 43
4737 0 30 60 20 0 4737 0 30 60 0 180 68 65
4737 0 30 60 20 0 4737 0 30 60 20 0 38 38
4737 0 30 60 20 0 4737 0 30 60 20 90 51 47
4737 0 30 60 20 0 4737 0 30 60 20 180 68 65
4737 0 30 60 20 0 4737 0 30 60 40 0 44 42
4737 0 30 60 20 0 4737 0 30 60 40 90 56 51
4737 0 30 60 20 0 4737 0 30 60 40 180 67 65
4737 0 30 60 20 0 4737 0 30 60 60 0 49 47
4737 0 30 60 20 0 4737 0 30 60 60 90 60 55
4737 0 30 60 20 0 4737 0 30 60 60 180 65 65
4737 0 30 60 20 0 4737 0 30 120 0 0 50 48
4737 0 30 60 20 0 4737 0 30 120 0 90 61 57
4737 0 30 60 20 0 4737 0 30 120 0 180 66 62
4737 0 30 60 20 0 4737 0 30 120 20 0 55 53
4737 0 30 60 20 0 4737 0 30 120 20 90 65 61
4737 0 30 60 20 0 4737 0 30 120 20 180 63 60
4737 0 30 60 20 0 4737 0 30 120 40 0 60 57
4737 0 30 60 20 0 4737 0 30 120 40 90 69 65
4737 0 30 60 20 0 4737 0 30 120 40 180 60 59
4737 0 30 60 20 0 4737 0 30 120 60 0 66 61
4737 0 30 60 20 0 4737 0 30 120 60 90 72 68
4737 0 30 60 20 0 4737 0 30 120 60 180 56 58
4737 0 30 60 20 0 4737 0 60 0 0 0 56 51
4737 0 30 60 20 0 4737 0 60 0 0 90 45 44
4737 0 30 60 20 0 4737 0 60 0 0 180 59 53
4737 0 30 60 20 0 4737 0 60 0 20 0 50 48
4737 0 30 60 20 0 4737 0 60 0 20 90 43 42
4737 0 30 60 20 0 4737 0 60 0 20 180 60 54
4737 0 30 60 20 0 4737 0 60 0 40 0 45 46
4737 0 30 60 20 0 4737 0 60 0 40 90 42 40
4737 0 30 60 20 0 4737 0 60 0 40 180 61 56
4737 0 30 60 20 0 4737 0 60 0 60 0 41 44
4737 0 30 60 20 0 4737 0 60 0 60 90 44 40
4737 0 30 60 20 0 4737 0 60 0 60 180 62 58
4737 0 30 60 20 0 4737 0 60 60 0 0 40 48
4737 0 30 60 20 0 4737 0 60 60 0 90 43 52
4737 0 30 60 20 0 4737 0 60 60 0 180 64 73
4737 0 30 60 20 0 4737 0 60 60 20 0 38 48
4737 0 30 60 20 0 4737 0 60 60 20 90 46 54
4737 0 30 60 20 0 4737 0 60 60 20 180 64 74
4737 0 30 60 20 0 4737 0 60 60 40 0 40 50
4737 0 30 60 20 0 4737 0 60 60 40 90 50 57
4737 0 30 60 20 0 4737 0 60 60 40 180 62 74
4737 0 30 60 20 0 4737 0 60 60 60 0 45 54
4737 0 30 60 20 0 4737 0 60 60 60 90 55 60
4737 0 30 60 20 0 4737 0 60 60 60 180 60 74
4737 0 30 60 20 0 4737 0 60 120 0 0 46 56
4737 0 30 60 20 0 4737 0 60 120 0 90 57 65
4737 0 30 60 20 0 4737 0 60 120 0 180 62 71
4737 0 30 60 20 0 4737 0 60 120 20 0 52 59
4737 0 30 60 20 0 4737 0 60 120 20 90 61 68
4737 0 30 60 20 0 4737 0 60 120 20 180 59 70
4737 0 30 60 20 0 4737 0 60 120 40 0 57 63
4737 0 30 60 20 0 4737 0 60 120 40 90 65 72
4737 0 30 60 20 0 4737 0 60 120 40 180 56 70
4737 0 30 60 20 0 4737 0 60 120 60 0 61 67
4737 0 30 60 20 0 4737 0 60 120 60 90 66 75
4737 0 30 60 20 0 4737 0 60 120 60 180 53 70
4737 0 30 60 40 0 4737 0 0 0 0 0 63 57
4737 0 30 60 40 0 4737 0 0 0 0 90 45 46
4737 0 30 60 40 0 4737 0 0 0 0 180 61 57
4737 0 30 60 40 0 4737 0 0 0 20 0 58 53
4737 0 30 60 40 0 4737 0 0 0 20 90 46 46
4737 0 30 60 40 0 4737 0 0 0 20 180 66 61
4737 0 30 60 40 0 4737 0 0 0 40 0 52 50
4737 0 30 60 40 0 4737 0 0 0 40 90 49 48
4737 0 30 60 40 0 4737 0 0 0 40 180 69 65
4737 0 30 60 40 0 4737 0 0 0 60 0 48 47
4737 0 30 60 40 0 4737 0 0 0 60 90 53 51
4737 0 30 60 40 0 4737 0 0 0 60 180 72 67
4737 0 30 60 40 0 4737 0 0 60 0 0 48 47
4737 0 30 60 40 0 4737 0 0 60 0 90 53 51
4737 0 30 60 40 0 4737 0 0 60 0 180 72 67
4737 0 30 60 40 0 4737 0 0 60 20 0 46 46
4737 0 30 60 40 0 4737 0 0 60 20 90 59 55
4737 0 30 60 40 0 4737 0 0 60 20 180 74 69
4737 0 30 60 40 0 4737 0 0 60 40 0 46 46
4737 0 30 60 40 0 4737 0 0 60 40 90 64 59
4737 0 30 60 40 0 4737 0 0 60 40 180 74 68
4737 0 30 60 40 0 4737 0 0 60 60 0 47 47
4737 0 30 60 40 0 4737 0 0 60 60 90 68 63
4737 0 30 60 40 0 4737 0 0 60 60 180 73 66
4737 0 30 60 40 0 4737 0 0 120 0 0 47 47
4737 0 30 60 40 0 4737 0 0 120 0 90 68 63
4737 0 30 60 40 0 4737 0 0 120 0 180 73 66
4737 0 30 60 40 0 4737 0 0 120 20 0 50 49
4737 0 30 60 40 0 4737 0 0 120 20 90 71 66
4737 0 30 60 40 0 4737 0 0 120 20 180 70 64
4737 0 30 60 40 0 4737 0 0 120 40 0 56 53
4737 0 30 60 40 0 4737 0 0 120 40 90 73 68
4737 0 30 60 40 0 4737 0 0 120 40 180 67 61
4737 0 30 60 40 0 4737 0 0 120 60 0 61 57
4737 0 30 60 40 0 4737 0 0 120 60 90 74 69
4737 0 30 60 40 0 4737 0 0 120 60 180 63 57
4737 0 30 60 40 0 4737 0 30 0 0 0 63 51
4737 0 30 60 40 0 4737 0 30 0 0 90 45 39
4737 0 30 60 40 0 4737 0 30 0 0 180 61 53
4737 0 30 60 40 0 4737 0 30 0 20 0 58 48
4737 0 30 60 40 0 4737 0 30 0 20 90 46 40
4737 0 30 60 40 0 4737 0 30 0 20 180 65 55
4737 0 30 60 40 0 4737 0 30 0 40 0 52 45
4737 0 30 60 40 0 4737 0 30 0 40 90 47 42
4737 0 30 60 40 0 4737 0 30 0 40 180 69 58
4737 0 30 60 40 0 4737 0 30 0 60 0 47 43
4737 0 30 60 40 0 4737 0 30 0 60 90 52 45
4737 0 30 60 40 0 4737 0 30 0 60 180 71 60
4737 0 30 60 40 0 4737 0 30 60 0 0 47 40
4737 0 30 60 40 0 4737 0 30 60 0 90 52 47
4737 0 30 60 40 0 4737 0 30 60 0 180 71 62
4737 0 30 60 40 0 4737 0 30 60 20 0 46 39
4737 0 30 60 40 0 4737 0 30 60 20 90 58 49
4737 0 30 60 40 0 4737 0 30 60 20 180 73 63
4737 0 30 60 40 0 4737 0 30 60 40 0 45 40
4737 0 30 60 40 0 4737 0 30 60 40 90 63 53
4737 0 30 60 40 0 4737 0 30 60 40 180 73 64
4737 0 30 60 40 0 4737 0 30 60 60 0 46 42
4737 0 30 60 40 0 4737 0 30 60 60 90 67 56
4737 0 30 60 40 0 4737 0 30 60 60 180 72 63
4737 0 30 60 40 0 4737 0 30 120 0 0 47 41
4737 0 30 60 40 0 4737 0 30 120 0 90 67 58
4737 0 30 60 40 0 4737 0 30 120 0 180 73 61
4737 0 30 60 40 0 4737 0 30 120 20 0 50 43
4737 0 30 60 40 0 4737 0 30 120 20 90 70 60
4737 0 30 60 40 0 4737 0 30 120 20 180 70 59
4737 0 30 60 40 0 4737 0 30 120 40 0 55 47
4737 0 30 60 40 0 4737 0 30 120 40 90 72 62
4737 0 30 60 40 0 4737 0 30 120 40 180 67 56
4737 0 30 60 40 0 4737 0 30 120 60 0 60 50
4737 0 30 60 40 0 4737 0 30 120 60 90 73 63
4737 0 30 60 40 0 4737 0 30 120 60 180 63 54
4737 0 30 60 40 0 4737 0 60 0 0 0 60 51
4737 0 30 60 40 0 4737 0 60 0 0 90 44 43
4737 0 30 60 40 0 4737 0 60 0 0 180 57 55
4737 0 30 60 40 0 4737 0 60 0 20 0 56 50
4737 0 30 60 40 0 4737 0 60 0 20 90 43 43
4737 0 30 60 40 0 4737 0 60 0 20 180 61 57
4737 0 30 60 40 0 4737 0 60 0 40 0 51 48
4737 0 30 60 40 0 4737 0 60 0 40 90 45 44
4737 0 30 60 40 0 4737 0 60 0 40 180 65 59
4737 0 30 60 40 0 4737 0 60 0 60 0 47 47
4737 0 30 60 40 0 4737 0 60 0 60 90 49 47
4737 0 30 60 40 0 4737 0 60 0 60 180 67 61
4737 0 30 60 40 0 4737 0 60 60 0 0 47 43
4737 0 30 60 40 0 4737 0 60 60 0 90 51 49
4737 0 30 60 40 0 4737 0 60 60 0 180 68 64
4737 0 30 60 40 0 4737 0 60 60 20 0 45 43
4737 0 30 60 40 0 4737 0 60 60 20 90 55 51
4737 0 30 60 40 0 4737 0 60 60 20 180 69 66
4737 0 30 60 40 0 4737 0 60 60 40 0 43 43
4737 0 30 60 40 0 4737 0 60 60 40 90 59 53
4737 0 30 60 40 0 4737 0 60 60 40 180 68 67
4737 0 30 60 40 0 4737 0 60 60 60 0 43 45
4737 0 30 60 40 0 4737 0 60 60 60 90 63 56
4737 0 30 60 40 0 4737 0 60 60 60 180 67 67
4737 0 30 60 40 0 4737 0 60 120 0 0 46 44
4737 0 30 60 40 0 4737 0 60 120 0 90 64 60
4737 0 30 60 40 0 4737 0 60 120 0 180 69 63
4737 0 30 60 40 0 4737 0 60 120 20 0 48 45
4737 0 30 60 40 0 4737 0 60 120 20 90 67 62
4737 0 30 60 40 0 4737 0 60 120 20 180 67 61
4737 0 30 60 40 0 4737 0 60 120 40 0 52 48
4737 0 30 60 40 0 4737 0 60 120 40 90 68 63
4737 0 30 60 40 0 4737 0 60 120 40 180 64 60
4737 0 30 60 40 0 4737 0 60 120 60 0 57 51
4737 0 30 60 40 0 4737 0 60 120 60 90 68 65
4737 0 30 60 40 0 4737 0 60 120 60 180 60 58
4737 0 30 60 40 0 4737 0 0 0 0 0 63 57
4737 0 30 60 40 0 4737 0 0 0 0 90 47 47
4737 0 30 60 40 0 4737 0 0 0 0 180 61 57
4737 0 30 60 40 0 4737 0 0 0 20 0 58 53
4737 0 30 60 40 0 4737 0 0 0 20 90 45 46
4737 0 30 60 40 0 4737 0 0 0 20 180 64 61
4737 0 30 60 40 0 4737 0 0 0 40 0 52 48
4737 0 30 60 40 0 4737 0 0 0 40 90 45 45
4737 0 30 60 40 0 4737 0 0 0 40 180 67 63
4737 0 30 60 40 0 4737 0 0 0 60 0 47 45
4737 0 30 60 40 0 4737 0 0 0 60 90 47 46
4737 0 30 60 40 0 4737 0 0 0 60 180 70 65
4737 0 30 60 40 0 4737 0 0 60 0 0 47 45
4737 0 30 60 40 0 4737 0 0 60 0 90 47 46
4737 0 30 60 40 0 4737 0 0 60 0 180 70 65
4737 0 30 60 40 0 4737 0 0 60 20 0 42 43
4737 0 30 60 40 0 4737 0 0 60 20 90 52 49
4737 0 30 60 40 0 4737 0 0 60 20 180 72 66
4737 0 30 60 40 0 4737 0 0 60 40 0 42 43
4737 0 30 60 40 0 4737 0 0 60 40 90 58 53
4737 0 30 60 40 0 4737 0 0 60 40 180 72 66
4737 0 30 60 40 0 4737 0 0 60 60 0 45 44
4737 0 30 60 40 0 4737 0 0 60 60 90 63 57
4737 0 30 60 40 0 4737 0 0 60 60 180 71 65
4737 0 30 60 40 0 4737 0 0 120 0 0 45 44
4737 0 30 60 40 0 4737 0 0 120 0 90 63 57
4737 0 30 60 40 0 4737 0 0 120 0 180 71 65
4737 0 30 60 40 0 4737 0 0 120 20 0 50 48
4737 0 30 60 40 0 4737 0 0 120 20 90 67 61
4737 0 30 60 40 0 4737 0 0 120 20 180 68 62
4737 0 30 60 40 0 4737 0 0 120 40 0 56 53
4737 0 30 60 40 0 4737 0 0 120 40 90 70 64
4737 0 30 60 40 0 4737 0 0 120 40 180 65 60
4737 0 30 60 40 0 4737 0 0 120 60 0 61 57
4737 0 30 60 40 0 4737 0 0 120 60 90 73 67
4737 0 30 60 40 0 4737 0 0 120 60 180 62 56
4737 0 30 60 40 0 4737 0 30 0 0 0 63 52
4737 0 30 60 40 0 4737 0 30 0 0 90 47 42
4737 0 30 60 40 0 4737 0 30 0 0 180 60 52
4737 0 30 60 40 0 4737 0 30 0 20 0 58 48
4737 0 30 60 40 0 4737 0 30 0 20 90 45 39
4737 0 30 60 40 0 4737 0 30 0 20 180 64 54
4737 0 30 60 40 0 4737 0 30 0 40 0 52 45
4737 0 30 60 40 0 4737 0 30 0 40 90 44 38
4737 0 30 60 40 0 4737 0 30 0 40 180 67 56
4737 0 30 60 40 0 4737 0 30 0 60 0 46 42
4737 0 30 60 40 0 4737 0 30 0 60 90 46 40
4737 0 30 60 40 0 4737 0 30 0 60 180 69 58
4737 0 30 60 40 0 4737 0 30 60 0 0 46 41
4737 0 30 60 40 0 4737 0 30 60 0 90 46 44
4737 0 30 60 40 0 4737 0 30 60 0 180 69 64
4737 0 30 60 40 0 4737 0 30 60 20 0 42 38
4737 0 30 60 40 0 4737 0 30 60 20 90 51 46
4737 0 30 60 40 0 4737 0 30 60 20 180 71 65
4737 0 30 60 40 0 4737 0 30 60 40 0 41 39
4737 0 30 60 40 0 4737 0 30 60 40 90 57 50
4737 0 30 60 40 0 4737 0 30 60 40 180 71 65
4737 0 30 60 40 0 4737 0 30 60 60 0 44 42
4737 0 30 60 40 0 4737 0 30 60 60 90 61 54
4737 0 30 60 40 0 4737 0 30 60 60 180 70 65
4737 0 30 60 40 0 4737 0 30 120 0 0 44 42
4737 0 30 60 40 0 4737 0 30 120 0 90 62 56
4737 0 30 60 40 0 4737 0 30 120 0 180 70 63
4737 0 30 60 40 0 4737 0 30 120 20 0 49 46
4737 0 30 60 40 0 4737 0 30 120 20 90 66 59
4737 0 30 60 40 0 4737 0 30 120 20 180 68 61
4737 0 30 60 40 0 4737 0 30 120 40 0 55 50
4737 0 30 60 40 0 4737 0 30 120 40 90 69 62
4737 0 30 60 40 0 4737 0 30 120 40 180 65 59
4737 0 30 60 40 0 4737 0 30 120 60 0 60 54
4737 0 30 60 40 0 4737 0 30 120 60 90 72 65
4737 0 30 60 40 0 4737 0 30 120 60 180 61 56
4737 0 30 60 40 0 4737 0 60 0 0 0 61 53
4737 0 30 60 40 0 4737 0 60 0 0 90 45 44
4737 0 30 60 40 0 4737 0 60 0 0 180 57 54
4737 0 30 60 40 0 4737 0 60 0 20 0 56 50
4737 0 30 60 40 0 4737 0 60 0 20 90 43 42
4737 0 30 60 40 0 4737 0 60 0 20 180 60 55
4737 0 30 60 40 0 4737 0 60 0 40 0 50 48
4737 0 30 60 40 0 4737 0 60 0 40 90 43 42
4737 0 30 60 40 0 4737 0 60 0 40 180 63 56
4737 0 30 60 40 0 4737 0 60 0 60 0 45 47
4737 0 30 60 40 0 4737 0 60 0 60 90 44 42
4737 0 30 60 40 0 4737 0 60 0 60 180 64 58
4737 0 30 60 40 0 4737 0 60 60 0 0 45 46
4737 0 30 60 40 0 4737 0 60 60 0 90 46 50
4737 0 30 60 40 0 4737 0 60 60 0 180 66 69
4737 0 30 60 40 0 4737 0 60 60 20 0 42 45
4737 0 30 60 40 0 4737 0 60 60 20 90 49 52
4737 0 30 60 40 0 4737 0 60 60 20 180 68 70
4737 0 30 60 40 0 4737 0 60 60 40 0 40 45
4737 0 30 60 40 0 4737 0 60 60 40 90 53 54
4737 0 30 60 40 0 4737 0 60 60 40 180 67 71
4737 0 30 60 40 0 4737 0 60 60 60 0 41 47
4737 0 30 60 40 0 4737 0 60 60 60 90 57 56
4737 0 30 60 40 0 4737 0 60 60 60 180 65 72
4737 0 30 60 40 0 4737 0 60 120 0 0 43 49
4737 0 30 60 40 0 4737 0 60 120 0 90 58 61
4737 0 30 60 40 0 4737 0 60 120 0 180 68 68
4737 0 30 60 40 0 4737 0 60 120 20 0 47 51
4737 0 30 60 40 0 4737 0 60 120 20 90 62 64
4737 0 30 60 40 0 4737 0 60 120 20 180 65 66
4737 0 30 60 40 0 4737 0 60 120 40 0 52 53
4737 0 30 60 40 0 4737 0 60 120 40 90 66 66
4737 0 30 60 40 0 4737 0 60 120 40 180 62 65
4737 0 30 60 40 0 4737 0 60 120 60 0 57 57
4737 0 30 60 40 0 4737 0 60 120 60 90 68 69
4737 0 30 60 40 0 4737 0 60 120 60 180 59 64
4737 0 30 60 40 0 4737 0 0 0 0 0 63 57
4737 0 30 60 40 0 4737 0 0 0 0 90 51 49
4737 0 30 60 40 0 4737 0 0 0 0 180 59 57
4737 0 30 60 40 0 4737 0 0 0 20 0 58 52
4737 0 30 60 40 0 4737 0 0 0 20 90 47 46
4737 0 30 60 40 0 4737 0 0 0 20 180 63 59
4737 0 30 60 40 0 4737 0 0 0 40 0 52 48
4737 0 30 60 40 0 4737 0 0 0 40 90 44 44
4737 0 30 60 40 0 4737 0 0 0 40 180 65 61
4737 0 30 60 40 0 4737 0 0 0 60 0 46 43
4737 0 30 60 40 0 4737 0 0 0 60 90 43 43
4737 0 30 60 40 0 4737 0 0 0 60 180 68 62
4737 0 30 60 40 0 4737 0 0 60 0 0 46 43
4737 0 30 60 40 0 4737 0 0 60 0 90 43 43
4737 0 30 60 40 0 4737 0 0 60 0 180 68 62
4737 0 30 60 40 0 4737 0 0 60 20 0 41 41
4737 0 30 60 40 0 4737 0 0 60 20 90 46 44
4737 0 30 60 40 0 4737 0 0 60 20 180 69 63
4737 0 30 60 40 0 4737 0 0 60 40 0 39 40
4737 0 30 60 40 0 4737 0 0 60 40 90 52 47
4737 0 30 60 40 0 4737 0 0 60 40 180 69 63
4737 0 30 60 40 0 4737 0 0 60 60 0 45 42
4737 0 30 60 40 0 4737 0 0 60 60 90 57 51
4737 0 30 60 40 0 4737 0 0 60 60 180 68 62
4737 0 30 60 40 0 4737 0 0 120 0 0 45 42
4737 0 30 60 40 0 4737 0 0 120 0 90 57 51
4737 0 30 60 40 0 4737 0 0 120 0 180 68 62
4737 0 30 60 40 0 4737 0 0 120 20 0 50 47
4737 0 30 60 40 0 4737 0 0 120 20 90 62 55
4737 0 30 60 40 0 4737 0 0 120 20 180 66 60
4737 0 30 60 40 0 4737 0 0 120 40 0 56 52
4737 0 30 60 40 0 4737 0 0 120 40 90 66 59
4737 0 30 60 40 0 4737 0 0 120 40 180 63 58
4737 0 30 60 40 0 4737 0 0 120 60 0 61 56
4737 0 30 60 40 0 4737 0 0 120 60 90 70 63
4737 0 30 60 40 0 4737 0 0 120 60 180 60 56
4737 0 30 60 40 0 4737 0 30 0 0 0 63 53
4737 0 30 60 40 0 4737 0 30 0 0 90 51 46
4737 0 30 60 40 0 4737 0 30 0 0 180 58 52
4737 0 30 60 40 0 4737 0 30 0 20 0 58 49
4737 0 30 60 40 0 4737 0 30 0 20 90 47 42
4737 0 30 60 40 0 4737 0 30 0 20 180 62 53
4737 0 30 60 40 0 4737 0 30 0 40 0 52 45
4737 0 30 60 40 0 4737 0 30 0 40 90 44 38
4737 0 30 60 40 0 4737 0 30 0 40 180 64 55
4737 0 30 60 40 0 4737 0 30 0 60 0 46 42
4737 0 30 60 40 0 4737 0 30 0 60 90 43 37
4737 0 30 60 40 0 4737 0 30 0 60 180 67 57
4737 0 30 60 40 0 4737 0 30 60 0 0 46 44
4737 0 30 60 40 0 4737 0 30 60 0 90 42 43
4737 0 30 60 40 0 4737 0 30 60 0 180 67 65
4737 0 30 60 40 0 4737 0 30 60 20 0 41 40
4737 0 30 60 40 0 4737 0 30 60 20 90 45 43
4737 0 30 60 40 0 4737 0 30 60 20 180 68 65
4737 0 30 60 40 0 4737 0 30 60 40 0 38 38
4737 0 30 60 40 0 4737 0 30 60 40 90 51 47
4737 0 30 60 40 0 4737 0 30 60 40 180 68 66
4737 0 30 60 40 0 4737 0 30 60 60 0 44 43
4737 0 30 60 40 0 4737 0 30 60 60 90 56 51
4737 0 30 60 40 0 4737 0 30 60 60 180 67 66
4737 0 30 60 40 0 4737 0 30 120 0 0 44 44
4737 0 30 60 40 0 4737 0 30 120 0 90 56 54
4737 0 30 60 40 0 4737 0 30 120 0 180 68 64
4737 0 30 60 40 0 4737 0 30 120 20 0 49 48
4737 0 30 60 40 0 4737 0 30 120 20 90 61 57
4737 0 30 60 40 0 4737 0 30 120 20 180 66 63
4737 0 30 60 40 0 4737 0 30 120 40 0 55 53
4737 0 30 60 40 0 4737 0 30 120 40 90 65 61
4737 0 30 60 40 0 4737 0 30 120 40 180 63 61
4737 0 30 60 40 0 4737 0 30 120 60 0 60 57
4737 0 30 60 40 0 4737 0 30 120 60 90 69 65
4737 0 30 60 40 0 4737 0 30 120 60 180 60 59
4737 0 30 60 40 0 4737 0 60 0 0 0 60 54
4737 0 30 60 40 0 4737 0 60 0 0 90 49 47
4737 0 30 60 40 0 4737 0 60 0 0 180 57 53
4737 0 30 60 40 0 4737 0 60 0 20 0 55 51
4737 0 30 60 40 0 4737 0 60 0 20 90 45 44
4737 0 30 60 40 0 4737 0 60 0 20 180 58 54
4737 0 30 60 40 0 4737 0 60 0 40 0 50 48
4737 0 30 60 40 0 4737 0 60 0 40 90 43 42
4737 0 30 60 40 0 4737 0 60 0 40 180 60 55
4737 0 30 60 40 0 4737 0 60 0 60 0 45 46
4737 0 30 60 40 0 4737 0 60 0 60 90 42 41
4737 0 30 60 40 0 4737 0 60 0 60 180 61 56
4737 0 30 60 40 0 4737 0 60 60 0 0 45 51
4737 0 30 60 40 0 4737 0 60 60 0 90 42 52
4737 0 30 60 40 0 4737 0 60 60 0 180 63 73
4737 0 30 60 40 0 4737 0 60 60 20 0 40 49
4737 0 30 60 40 0 4737 0 60 60 20 90 43 53
4737 0 30 60 40 0 4737 0 60 60 20 180 64 74
4737 0 30 60 40 0 4737 0 60 60 40 0 38 49
4737 0 30 60 40 0 4737 0 60 60 40 90 46 55
4737 0 30 60 40 0 4737 0 60 60 40 180 64 75
4737 0 30 60 40 0 4737 0 60 60 60 0 40 51
4737 0 30 60 40 0 4737 0 60 60 60 90 50 58
4737 0 30 60 40 0 4737 0 60 60 60 180 62 75
4737 0 30 60 40 0 4737 0 60 120 0 0 42 54
4737 0 30 60 40 0 4737 0 60 120 0 90 52 63
4737 0 30 60 40 0 4737 0 60 120 0 180 64 72
4737 0 30 60 40 0 4737 0 60 120 20 0 46 57
4737 0 30 60 40 0 4737 0 60 120 20 90 57 66
4737 0 30 60 40 0 4737 0 60 120 20 180 62 72
4737 0 30 60 40 0 4737 0 60 120 40 0 51 60
4737 0 30 60 40 0 4737 0 60 120 40 90 61 69
4737 0 30 60 40 0 4737 0 60 120 40 180 59 71
4737 0 30 60 40 0 4737 0 60 120 60 0 56 64
4737 0 30 60 40 0 4737 0 60 120 60 90 65 72
4737 0 30 60 40 0 4737 0 60 120 60 180 56 71
4737 0 30 60 60 0 4737 0 0 0 0 0 67 61
4737 0 30 60 60 0 4737 0 0 0 0 90 46 47
4737 0 30 60 60 0 4737 0 0 0 0 180 56 53
4737 0 30 60 60 0 4737 0 0 0 20 0 63 57
4737 0 30 60 60 0 4737 0 0 0 20 90 45 46
4737 0 30 60 60 0 4737 0 0 0 20 180 61 57
4737 0 30 60 60 0 4737 0 0 0 40 0 58 53
4737 0 30 60 60 0 4737 0 0 0 40 90 46 46
4737 0 30 60 60 0 4737 0 0 0 40 180 66 61
4737 0 30 60 60 0 4737 0 0 0 60 0 52 50
4737 0 30 60 60 0 4737 0 0 0 60 90 48 48
4737 0 30 60 60 0 4737 0 0 0 60 180 69 65
4737 0 30 60 60 0 4737 0 0 60 0 0 52 50
4737 0 30 60 60 0 4737 0 0 60 0 90 48 48
4737 0 30 60 60 0 4737 0 0 60 0 180 69 65
4737 0 30 60 60 0 4737 0 0 60 20 0 47 47
4737 0 30 60 60 0 4737 0 0 60 20 90 53 51
4737 0 30 60 60 0 4737 0 0 60 20 180 72 67
4737 0 30 60 60 0 4737 0 0 60 40 0 46 46
4737 0 30 60 60 0 4737 0 0 60 40 90 59 55
4737 0 30 60 60 0 4737 0 0 60 40 180 74 69
4737 0 30 60 60 0 4737 0 0 60 60 0 46 46
4737 0 30 60 60 0 4737 0 0 60 60 90 64 59
4737 0 30 60 60 0 4737 0 0 60 60 180 74 68
4737 0 30 60 60 0 4737 0 0 120 0 0 46 46
4737 0 30 60 60 0 4737 0 0 120 0 90 64 59
4737 0 30 60 60 0 4737 0 0 120 0 180 74 68
4737 0 30 60 60 0 4737 0 0 120 20 0 47 47
4737 0 30 60 60 0 4737 0 0 120 20 90 68 63
4737 0 30 60 60 0 4737 0 0 120 20 180 73 66
4737 0 30 60 60 0 4737 0 0 120 40 0 50 49
4737 0 30 60 60 0 4737 0 0 120 40 90 71 66
4737 0 30 60 60 0 4737 0 0 120 40 180 70 64
4737 0 30 60 60 0 4737 0 0 120 60 0 56 53
4737 0 30 60 60 0 4737 0 0 120 60 90 73 68
4737 0 30 60 60 0 4737 0 0 120 60 180 67 61
4737 0 30 60 60 0 4737 0 30 0 0 0 67 54
4737 0 30 60 60 0 4737 0 30 0 0 90 46 41
4737 0 30 60 60 0 4737 0 30 0 0 180 55 50
4737 0 30 60 60 0 4737 0 30 0 20 0 63 51
4737 0 30 60 60 0 4737 0 30 0 20 90 45 39
4737 0 30 60 60 0 4737 0 30 0 20 180 60 52
4737 0 30 60 60 0 4737 0 30 0 40 0 58 47
4737 0 30 60 60 0 4737 0 30 0 40 90 45 40
4737 0 30 60 60 0 4737 0 30 0 40 180 65 55
4737 0 30 60 60 0 4737 0 30 0 60 0 52 45
4737 0 30 60 60 0 4737 0 30 0 60 90 47 42
4737 0 30 60 60 0 4737 0 30 0 60 180 68 58
4737 0 30 60 60 0 4737 0 30 60 0 0 52 43
4737 0 30 60 60 0 4737 0 30 60 0 90 48 44
4737 0 30 60 60 0 4737 0 30 60 0 180 68 60
4737 0 30 60 60 0 4737 0 30 60 20 0 47 40
4737 0 30 60 60 0 4737 0 30 60 20 90 52 47
4737 0 30 60 60 0 4737 0 30 60 20 180 71 62
4737 0 30 60 60 0 4737 0 30 60 40 0 45 39
4737 0 30 60 60 0 4737 0 30 60 40 90 58 50
4737 0 30 60 60 0 4737 0 30 60 40 180 73 63
4737 0 30 60 60 0 4737 0 30 60 60 0 45 40
4737 0 30 60 60 0 4737 0 30 60 60 90 63 53
4737 0 30 60 60 0 4737 0 30 60 60 180 73 64
4737 0 30 60 60 0 4737 0 30 120 0 0 45 41
4737 0 30 60 60 0 4737 0 30 120 0 90 63 56
4737 0 30 60 60 0 4737 0 30 120 0 180 74 63
4737 0 30 60 60 0 4737 0 30 120 20 0 47 41
4737 0 30 60 60 0 4737 0 30 120 20 90 67 58
4737 0 30 60 60 0 4737 0 30 120 20 180 73 61
4737 0 30 60 60 0 4737 0 30 120 40 0 50 43
4737 0 30 60 60 0 4737 0 30 120 40 90 70 60
4737 0 30 60 60 0 4737 0 30 120 40 180 70 59
4737 0 30 60 60 0 4737 0 30 120 60 0 55 47
4737 0 30 60 60 0 4737 0 30 120 60 90 72 62
4737 0 30 60 60 0 4737 0 30 120 60 180 67 56
4737 0 30 60 60 0 4737 0 60 0 0 0 64 54
4737 0 30 60 60 0 4737 0 60 0 0 90 45 44
4737 0 30 60 60 0 4737 0 60 0 0 180 53 53
4737 0 30 60 60 0 4737 0 60 0 20 0 60 51
4737 0 30 60 60 0 4737 0 60 0 20 90 43 43
4737 0 30 60 60 0 4737 0 60 0 20 180 57 55
4737 0 30 60 60 0 4737 0 60 0 40 0 55 50
4737 0 30 60 60 0 4737 0 60 0 40 90 43 44
4737 0 30 60 60 0 4737 0 60 0 40 180 61 57
4737 0 30 60 60 0 4737 0 60 0 60 0 51 48
4737 0 30 60 60 0 4737 0 60 0 60 90 45 45
4737 0 30 60 60 0 4737 0 60 0 60 180 65 59
4737 0 30 60 60 0 4737 0 60 60 0 0 51 44
4737 0 30 60 60 0 4737 0 60 60 0 90 48 48
4737 0 30 60 60 0 4737 0 60 60 0 180 65 63
4737 0 30 60 60 0 4737 0 60 60 20 0 47 43
4737 0 30 60 60 0 4737 0 60 60 20 90 51 50
4737 0 30 60 60 0 4737 0 60 60 20 180 67 65
4737 0 30 60 60 0 4737 0 60 60 40 0 45 43
4737 0 30 60 60 0 4737 0 60 60 40 90 55 51
4737 0 30 60 60 0 4737 0 60 60 40 180 69 66
4737 0 30 60 60 0 4737 0 60 60 60 0 43 43
4737 0 30 60 60 0 4737 0 60 60 60 90 59 54
4737 0 30 60 60 0 4737 0 60 60 60 180 68 67
4737 0 30 60 60 0 4737 0 60 120 0 0 44 45
4737 0 30 60 60 0 4737 0 60 120 0 90 60 58
4737 0 30 60 60 0 4737 0 60 120 0 180 69 65
4737 0 30 60 60 0 4737 0 60 120 20 0 46 45
4737 0 30 60 60 0 4737 0 60 120 20 90 63 60
4737 0 30 60 60 0 4737 0 60 120 20 180 68 63
4737 0 30 60 60 0 4737 0 60 120 40 0 48 46
4737 0 30 60 60 0 4737 0 60 120 40 90 66 62
4737 0 30 60 60 0 4737 0 60 120 40 180 66 61
4737 0 30 60 60 0 4737 0 60 120 60 0 52 48
4737 0 30 60 60 0 4737 0 60 120 60 90 68 64
4737 0 30 60 60 0 4737 0 60 120 60 180 64 60
4737 0 30 60 60 0 4737 0 0 0 0 0 68 61
4737 0 30 60 60 0 4737 0 0 0 0 90 51 49
4737 0 30 60 60 0 4737 0 0 0 0 180 56 54
4737 0 30 60 60 0 4737 0 0 0 20 0 63 57
4737 0 30 60 60 0 4737 0 0 0 20 90 47 47
4737 0 30 60 60 0 4737 0 0 0 20 180 61 57
4737 0 30 60 60 0 4737 0 0 0 40 0 58 53
4737 0 30 60 60 0 4737 0 0 0 40 90 45 46
4737 0 30 60 60 0 4737 0 0 0 40 180 64 60
4737 0 30 60 60 0 4737 0 0 0 60 0 52 48
4737 0 30 60 60 0 4737 0 0 0 60 90 45 45
4737 0 30 60 60 0 4737 0 0 0 60 180 67 63
4737 0 30 60 60 0 4737 0 0 60 0 0 52 48
4737 0 30 60 60 0 4737 0 0 60 0 90 45 45
4737 0 30 60 60 0 4737 0 0 60 0 180 67 63
4737 0 30 60 60 0 4737 0 0 60 20 0 47 45
4737 0 30 60 60 0 4737 0 0 60 20 90 47 46
4737 0 30 60 60 0 4737 0 0 60 20 180 70 65
4737 0 30 60 60 0 4737 0 0 60 40 0 42 43
4737 0 30 60 60 0 4737 0 0 60 40 90 52 49
4737 0 30 60 60 0 4737 0 0 60 40 180 72 67
4737 0 30 60 60 0 4737 0 0 60 60 0 42 43
4737 0 30 60 60 0 4737 0 0 60 60 90 58 53
4737 0 30 60 60 0 4737 0 0 60 60 180 72 66
4737 0 30 60 60 0 4737 0 0 120 0 0 42 43
4737 0 30 60 60 0 4737 0 0 120 0 90 58 53
4737 0 30 60 60 0 4737 0 0 120 0 180 72 66
4737 0 30 60 60 0 4737 0 0 120 20 0 45 44
4737 0 30 60 60 0 4737 0 0 120 20 90 62 57
4737 0 30 60 60 0 4737 0 0 120 20 180 71 65
4737 0 30 60 60 0 4737 0 0 120 40 0 50 48
4737 0 30 60 60 0 4737 0 0 120 40 90 66 61
4737 0 30 60 60 0 4737 0 0 120 40 180 68 62
4737 0 30 60 60 0 4737 0 0 120 60 0 56 53
4737 0 30 60 60 0 4737 0 0 120 60 90 70 64
4737 0 30 60 60 0 4737 0 0 120 60 180 65 60
4737 0 30 60 60 0 4737 0 30 0 0 0 68 55
4737 0 30 60 60 0 4737 0 30 0 0 90 50 45
4737 0 30 60 60 0 4737 0 30 0 0 180 55 50
4737 0 30 60 60 0 4737 0 30 0 20 0 63 52
4737 0 30 60 60 0 4737 0 30 0 20 90 47 42
4737 0 30 60 60 0 4737 0 30 0 20 180 60 52
4737 0 30 60 60 0 4737 0 30 0 40 0 58 48
4737 0 30 60 60 0 4737 0 30 0 40 90 45 39
4737 0 30 60 60 0 4737 0 30 0 40 180 63 54
4737 0 30 60 60 0 4737 0 30 0 60 0 52 45
4737 0 30 60 60 0 4737 0 30 0 60 90 44 38
4737 0 30 60 60 0 4737 0 30 0 60 180 67 56
4737 0 30 60 60 0 4737 0 30 60 0 0 52 46
4737 0 30 60 60 0 4737 0 30 60 0 90 44 43
4737 0 30 60 60 0 4737 0 30 60 0 180 66 62
4737 0 30 60 60 0 4737 0 30 60 20 0 46 41
4737 0 30 60 60 0 4737 0 30 60 20 90 46 44
4737 0 30 60 60 0 4737 0 30 60 20 180 69 64
4737 0 30 60 60 0 4737 0 30 60 40 0 42 38
4737 0 30 60 60 0 4737 0 30 60 40 90 51 47
4737 0 30 60 60 0 4737 0 30 60 40 180 71 65
4737 0 30 60 60 0 4737 0 30 60 60 0 41 39
4737 0 30 60 60 0 4737 0 30 60 60 90 57 50
4737 0 30 60 60 0 4737 0 30 60 60 180 71 66
4737 0 30 60 60 0 4737 0 30 120 0 0 41 40
4737 0 30 60 60 0 4737 0 30 120 0 90 57 53
4737 0 30 60 60 0 4737 0 30 120 0 180 72 65
4737 0 30 60 60 0 4737 0 30 120 20 0 44 42
4737 0 30 60 60 0 4737 0 30 120 20 90 61 56
4737 0 30 60 60 0 4737 0 30 120 20 180 70 63
4737 0 30 60 60 0 4737 0 30 120 40 0 49 46
4737 0 30 60 60 0 4737 0 30 120 40 90 65 59
4737 0 30 60 60 0 4737 0 30 120 40 180 68 61
4737 0 30 60 60 0 4737 0 30 120 60 0 55 50
4737 0 30 60 60 0 4737 0 30 120 60 90 69 62
4737 0 30 60 60 0 4737 0 30 120 60 180 65 59
4737 0 30 60 60 0 4737 0 60 0 0 0 65 56
4737 0 30 60 60 0 4737 0 60 0 0 90 49 46
4737 0 30 60 60 0 4737 0 60 0 0 180 54 53
4737 0 30 60 60 0 4737 0 60 0 20 0 61 53
4737 0 30 60 60 0 4737 0 60 0 20 90 45 44
4737 0 30 60 60 0 4737 0 60 0 20 180 57 54
4737 0 30 60 60 0 4737 0 60 0 40 0 56 50
4737 0 30 60 60 0 4737 0 60 0 40 90 43 43
4737 0 30 60 60 0 4737 0 60 0 40 180 60 55
4737 0 30 60 60 0 4737 0 60 0 60 0 50 48
4737 0 30 60 60 0 4737 0 60 0 60 90 43 42
4737 0 30 60 60 0 4737 0 60 0 60 180 63 57
4737 0 30 60 60 0 4737 0 60 60 0 0 50 49
4737 0 30 60 60 0 4737 0 60 60 0 90 44 49
4737 0 30 60 60 0 4737 0 60 60 0 180 63 68
4737 0 30 60 60 0 4737 0 60 60 20 0 45 46
4737 0 30 60 60 0 4737 0 60 60 20 90 46 50
4737 0 30 60 60 0 4737 0 60 60 20 180 66 69
4737 0 30 60 60 0 4737 0 60 60 40 0 42 45
4737 0 30 60 60 0 4737 0 60 60 40 90 49 52
4737 0 30 60 60 0 4737 0 60 60 40 180 67 71
4737 0 30 60 60 0 4737 0 60 60 60 0 40 46
4737 0 30 60 60 0 4737 0 60 60 60 90 53 54
4737 0 30 60 60 0 4737 0 60 60 60 180 66 72
4737 0 30 60 60 0 4737 0 60 120 0 0 41 47
4737 0 30 60 60 0 4737 0 60 120 0 90 54 59
4737 0 30 60 60 0 4737 0 60 120 0 180 68 69
4737 0 30 60 60 0 4737 0 60 120 20 0 43 49
4737 0 30 60 60 0 4737 0 60 120 20 90 58 62
4737 0 30 60 60 0 4737 0 60 120 20 180 67 68
4737 0 30 60 60 0 4737 0 60 120 40 0 47 51
4737 0 30 60 60 0 4737 0 60 120 40 90 62 64
4737 0 30 60 60 0 4737 0 60 120 40 180 65 66
4737 0 30 60 60 0 4737 0 60 120 60 0 52 54
4737 0 30 60 60 0 4737 0 60 120 60 90 65 67
4737 0 30 60 60 0 4737 0 60 120 60 180 62 65
4737 0 30 60 60 0 4737 0 0 0 0 0 69 61
4737 0 30 60 60 0 4737 0 0 0 0 90 56 53
4737 0 30 60 60 0 4737 0 0 0 0 180 57 56
4737 0 30 60 60 0 4737 0 0 0 20 0 63 57
4737 0 30 60 60 0 4737 0 0 0 20 90 51 49
4737 0 30 60 60 0 4737 0 0 0 20 180 59 57
4737 0 30 60 60 0 4737 0 0 0 40 0 58 52
4737 0 30 60 60 0 4737 0 0 0 40 90 47 46
4737 0 30 60 60 0 4737 0 0 0 40 180 63 59
4737 0 30 60 60 0 4737 0 0 0 60 0 52 48
4737 0 30 60 60 0 4737 0 0 0 60 90 44 44
4737 0 30 60 60 0 4737 0 0 0 60 180 65 61
4737 0 30 60 60 0 4737 0 0 60 0 0 52 48
4737 0 30 60 60 0 4737 0 0 60 0 90 44 44
4737 0 30 60 60 0 4737 0 0 60 0 180 65 61
4737 0 30 60 60 0 4737 0 0 60 20 0 46 43
4737 0 30 60 60 0 4737 0 0 60 20 90 43 43
4737 0 30 60 60 0 4737 0 0 60 20 180 68 62
4737 0 30 60 60 0 4737 0 0 60 40 0 41 41
4737 0 30 60 60 0 4737 0 0 60 40 90 46 44
4737 0 30 60 60 0 4737 0 0 60 40 180 69 63
4737 0 30 60 60 0 4737 0 0 60 60 0 39 40
4737 0 30 60 60 0 4737 0 0 60 60 90 52 47
4737 0 30 60 60 0 4737 0 0 60 60 180 69 63
4737 0 30 60 60 0 4737 0 0 120 0 0 39 40
4737 0 30 60 60 0 4737 0 0 120 0 90 52 47
4737 0 30 60 60 0 4737 0 0 120 0 180 69 63
4737 0 30 60 60 0 4737 0 0 120 20 0 45 42
4737 0 30 60 60 0 4737 0 0 120 20 90 57 51
4737 0 30 60 60 0 4737 0 0 120 20 180 68 62
4737 0 30 60 60 0 4737 0 0 120 40 0 50 47
4737 0 30 60 60 0 4737 0 0 120 40 90 61 55
4737 0 30 60 60 0 4737 0 0 120 40 180 66 60
4737 0 30 60 60 0 4737 0 0 120 60 0 56 52
4737 0 30 60 60 0 4737 0 0 120 60 90 66 59
4737 0 30 60 60 0 4737 0 0 120 60 180 63 58
4737 0 30 60 60 0 4737 0 30 0 0 0 68 57
4737 0 30 60 60 0 4737 0 30 0 0 90 56 50
4737 0 30 60 60 0 4737 0 30 0 0 180 57 51
4737 0 30 60 60 0 4737 0 30 0 20 0 63 53
4737 0 30 60 60 0 4737 0 30 0 20 90 51 46
4737 0 30 60 60 0 4737 0 30 0 20 180 58 52
4737 0 30 60 60 0 4737 0 30 0 40 0 57 49
4737 0 30 60 60 0 4737 0 30 0 40 90 47 42
4737 0 30 60 60 0 4737 0 30 0 40 180 62 53
4737 0 30 60 60 0 4737 0 30 0 60 0 52 45
4737 0 30 60 60 0 4737 0 30 0 60 90 44 38
4737 0 30 60 60 0 4737 0 30 0 60 180 64 55
4737 0 30 60 60 0 4737 0 30 60 0 0 52 49
4737 0 30 60 60 0 4737 0 30 60 0 90 44 46
4737 0 30 60 60 0 4737 0 30 60 0 180 64 64
4737 0 30 60 60 0 4737 0 30 60 20 0 46 44
4737 0 30 60 60 0 4737 0 30 60 20 90 42 43
4737 0 30 60 60 0 4737 0 30 60 20 180 67 65
4737 0 30 60 60 0 4737 0 30 60 40 0 40 40
4737 0 30 60 60 0 4737 0 30 60 40 90 45 44
4737 0 30 60 60 0 4737 0 30 60 40 180 68 65
4737 0 30 60 60 0 4737 0 30 60 60 0 38 38
4737 0 30 60 60 0 4737 0 30 60 60 90 51 47
4737 0 30 60 60 0 4737 0 30 60 60 180 68 66
4737 0 30 60 60 0 4737 0 30 120 0 0 39 42
4737 0 30 60 60 0 4737 0 30 120 0 90 51 51
4737 0 30 60 60 0 4737 0 30 120 0 180 68 65
4737 0 30 60 60 0 4737 0 30 120 20 0 44 45
4737 0 30 60 60 0 4737 0 30 120 20 90 56 54
4737 0 30 60 60 0 4737 0 30 120 20 180 67 64
4737 0 30 60 60 0 4737 0 30 120 40 0 49 48
4737 0 30 60 60 0 4737 0 30 120 40 90 60 58
4737 0 30 60 60 0 4737 0 30 120 40 180 65 63
4737 0 30 60 60 0 4737 0 30 120 60 0 55 53
4737 0 30 60 60 0 4737 0 30 120 60 90 65 61
4737 0 30 60 60 0 4737 0 30 120 60 180 63 61
4737 0 30 60 60 0 4737 0 60 0 0 0 64 58
4737 0 30 60 60 0 4737 0 60 0 0 90 54 51
4737 0 30 60 60 0 4737 0 60 0 0 180 56 52
4737 0 30 60 60 0 4737 0 60 0 20 0 60 55
4737 0 30 60 60 0 4737 0 60 0 20 90 49 47
4737 0 30 60 60 0 4737 0 60 0 20 180 57 53
4737 0 30 60 60 0 4737 0 60 0 40 0 55 51
4737 0 30 60 60 0 4737 0 60 0 40 90 45 44
4737 0 30 60 60 0 4737 0 60 0 40 180 58 54
4737 0 30 60 60 0 4737 0 60 0 60 0 50 48
4737 0 30 60 60 0 4737 0 60 0 60 90 43 42
4737 0 30 60 60 0 4737 0 60 0 60 180 60 55
4737 0 30 60 60 0 4737 0 60 60 0 0 50 55
4737 0 30 60 60 0 4737 0 60 60 0 90 43 52
4737 0 30 60 60 0 4737 0 60 60 0 180 60 73
4737 0 30 60 60 0 4737 0 60 60 20 0 44 52
4737 0 30 60 60 0 4737 0 60 60 20 90 42 52
4737 0 30 60 60 0 4737 0 60 60 20 180 63 74
4737 0 30 60 60 0 4737 0 60 60 40 0 40 50
4737 0 30 60 60 0 4737 0 60 60 40 90 43 54
4737 0 30 60 60 0 4737 0 60 60 40 180 64 75
4737 0 30 60 60 0 4737 0 60 60 60 0 38 49
4737 0 30 60 60 0 4737 0 60 60 60 90 46 56
4737 0 30 60 60 0 4737 0 60 60 60 180 64 75
4737 0 30 60 60 0 4737 0 60 120 0 0 39 52
4737 0 30 60 60 0 4737 0 60 120 0 90 48 61
4737 0 30 60 60 0 4737 0 60 120 0 180 65 73
4737 0 30 60 60 0 4737 0 60 120 20 0 41 55
4737 0 30 60 60 0 4737 0 60 120 20 90 52 63
4737 0 30 60 60 0 4737 0 60 120 20 180 64 72
4737 0 30 60 60 0 4737 0 60 120 40 0 46 58
4737 0 30 60 60 0 4737 0 60 120 40 90 56 67
4737 0 30 60 60 0 4737 0 60 120 40 180 62 72
4737 0 30 60 60 0 4737 0 60 120 60 0 51 61
4737 0 30 60 60 0 4737 0 60 120 60 90 61 70
4737 0 30 60 60 0 4737 0 60 120 60 180 59 72
