5337 0 60 0 0 4737 0 0 0 0 0 60 54 54
5337 0 60 0 0 4737 0 0 0 0 30 60 54 54
5337 0 60 0 0 4737 0 0 0 0 60 60 54 54
5337 0 60 0 0 4737 0 0 0 0 90 60 55 55
5337 0 60 0 0 4737 0 0 0 0 120 60 55 55
5337 0 60 0 0 4737 0 0 0 0 150 60 55 55
5337 0 60 0 0 4737 0 0 0 0 180 60 55 55
5337 0 60 0 0 4737 0 10 0 0 0 60 54 54
5337 0 60 0 0 4737 0 10 0 0 30 60 54 54
5337 0 60 0 0 4737 0 10 0 0 60 60 54 54
5337 0 60 0 0 4737 0 10 0 0 90 60 54 54
5337 0 60 0 0 4737 0 10 0 0 120 60 54 54
5337 0 60 0 0 4737 0 10 0 0 150 60 54 54
5337 0 60 0 0 4737 0 10 0 0 180 60 54 54
5337 0 60 0 0 4737 0 20 0 0 0 59 52 52
5337 0 60 0 0 4737 0 20 0 0 30 59 52 52
5337 0 60 0 0 4737 0 20 0 0 60 60 52 52
5337 0 60 0 0 4737 0 20 0 0 90 59 53 53
5337 0 60 0 0 4737 0 20 0 0 120 59 53 53
5337 0 60 0 0 4737 0 20 0 0 150 59 53 53
5337 0 60 0 0 4737 0 20 0 0 180 59 53 53
5337 0 60 0 0 4737 0 30 0 0 0 59 50 50
5337 0 60 0 0 4737 0 30 0 0 30 59 50 50
5337 0 60 0 0 4737 0 30 0 0 60 59 50 50
5337 0 60 0 0 4737 0 30 0 0 90 59 50 50
5337 0 60 0 0 4737 0 30 0 0 120 59 50 50
5337 0 60 0 0 4737 0 30 0 0 150 59 50 50
5337 0 60 0 0 4737 0 30 0 0 180 59 50 50
5337 0 60 0 0 4737 0 40 0 0 0 58 50 50
5337 0 60 0 0 4737 0 40 0 0 30 59 50 50
5337 0 60 0 0 4737 0 40 0 0 60 59 50 50
5337 0 60 0 0 4737 0 40 0 0 90 59 50 50
5337 0 60 0 0 4737 0 40 0 0 120 59 50 50
5337 0 60 0 0 4737 0 40 0 0 150 58 50 50
5337 0 60 0 0 4737 0 40 0 0 180 58 50 50
5337 0 60 0 0 4737 0 50 0 0 0 58 50 50
5337 0 60 0 0 4737 0 50 0 0 30 58 50 50
5337 0 60 0 0 4737 0 50 0 0 60 58 50 50
5337 0 60 0 0 4737 0 50 0 0 90 58 50 50
5337 0 60 0 0 4737 0 50 0 0 120 58 51 51
5337 0 60 0 0 4737 0 50 0 0 150 58 51 51
5337 0 60 0 0 4737 0 50 0 0 180 57 51 51
5337 0 60 0 0 4737 0 60 0 0 0 56 51 51
5337 0 60 0 0 4737 0 60 0 0 30 56 52 52
5337 0 60 0 0 4737 0 60 0 0 60 56 52 52
5337 0 60 0 0 4737 0 60 0 0 90 56 52 52
5337 0 60 0 0 4737 0 60 0 0 120 56 52 52
5337 0 60 0 0 4737 0 60 0 0 150 56 52 52
5337 0 60 0 0 4737 0 60 0 0 180 56 52 52
5337 0 60 0 0 4737 0 0 0 0 0 60 54 54
5337 0 60 0 0 4737 0 0 0 0 30 60 54 54
5337 0 60 0 0 4737 0 0 0 0 60 60 54 54
5337 0 60 0 0 4737 0 0 0 0 90 60 54 54
5337 0 60 0 0 4737 0 0 0 0 120 60 55 55
5337 0 60 0 0 4737 0 0 0 0 150 60 54 54
5337 0 60 0 0 4737 0 0 0 0 180 60 55 55
5337 0 60 0 0 4737 0 10 0 0 0 60 54 54
5337 0 60 0 0 4737 0 10 0 0 30 60 54 54
5337 0 60 0 0 4737 0 10 0 0 60 60 54 54
5337 0 60 0 0 4737 0 10 0 0 90 60 54 54
5337 0 60 0 0 4737 0 10 0 0 120 60 54 54
5337 0 60 0 0 4737 0 10 0 0 150 60 54 54
5337 0 60 0 0 4737 0 10 0 0 180 60 54 54
5337 0 60 0 0 4737 0 20 0 0 0 59 52 52
5337 0 60 0 0 4737 0 20 0 0 30 59 52 52
5337 0 60 0 0 4737 0 20 0 0 60 60 52 52
5337 0 60 0 0 4737 0 20 0 0 90 60 52 52
5337 0 60 0 0 4737 0 20 0 0 120 59 53 53
5337 0 60 0 0 4737 0 20 0 0 150 59 53 53
5337 0 60 0 0 4737 0 20 0 0 180 59 53 53
5337 0 60 0 0 4737 0 30 0 0 0 59 50 50
5337 0 60 0 0 4737 0 30 0 0 30 59 50 50
5337 0 60 0 0 4737 0 30 0 0 60 59 50 50
5337 0 60 0 0 4737 0 30 0 0 90 59 50 50
5337 0 60 0 0 4737 0 30 0 0 120 59 50 50
5337 0 60 0 0 4737 0 30 0 0 150 59 50 50
5337 0 60 0 0 4737 0 30 0 0 180 59 50 50
5337 0 60 0 0 4737 0 40 0 0 0 58 49 49
5337 0 60 0 0 4737 0 40 0 0 30 59 50 50
5337 0 60 0 0 4737 0 40 0 0 60 59 50 50
5337 0 60 0 0 4737 0 40 0 0 90 59 50 50
5337 0 60 0 0 4737 0 40 0 0 120 58 50 50
5337 0 60 0 0 4737 0 40 0 0 150 59 50 50
5337 0 60 0 0 4737 0 40 0 0 180 58 50 50
5337 0 60 0 0 4737 0 50 0 0 0 58 50 50
5337 0 60 0 0 4737 0 50 0 0 30 58 50 50
5337 0 60 0 0 4737 0 50 0 0 60 58 50 50
5337 0 60 0 0 4737 0 50 0 0 90 58 50 50
5337 0 60 0 0 4737 0 50 0 0 120 58 50 50
5337 0 60 0 0 4737 0 50 0 0 150 58 50 50
5337 0 60 0 0 4737 0 50 0 0 180 57 51 51
5337 0 60 0 0 4737 0 60 0 0 0 56 51 51
5337 0 60 0 0 4737 0 60 0 0 30 56 51 51
5337 0 60 0 0 4737 0 60 0 0 60 56 51 51
5337 0 60 0 0 4737 0 60 0 0 90 56 51 51
5337 0 60 0 0 4737 0 60 0 0 120 56 52 52
5337 0 60 0 0 4737 0 60 0 0 150 56 52 52
5337 0 60 0 0 4737 0 60 0 0 180 56 52 52
5337 0 60 0 0 4737 0 0 0 0 0 60 54 54
5337 0 60 0 0 4737 0 0 0 0 30 60 54 54
5337 0 60 0 0 4737 0 0 0 0 60 60 54 54
5337 0 60 0 0 4737 0 0 0 0 90 60 54 54
5337 0 60 0 0 4737 0 0 0 0 120 60 54 54
5337 0 60 0 0 4737 0 0 0 0 150 60 54 54
5337 0 60 0 0 4737 0 0 0 0 180 60 54 54
5337 0 60 0 0 4737 0 10 0 0 0 60 53 53
5337 0 60 0 0 4737 0 10 0 0 30 60 53 53
5337 0 60 0 0 4737 0 10 0 0 60 60 54 54
5337 0 60 0 0 4737 0 10 0 0 90 60 53 53
5337 0 60 0 0 4737 0 10 0 0 120 60 54 54
5337 0 60 0 0 4737 0 10 0 0 150 60 54 54
5337 0 60 0 0 4737 0 10 0 0 180 60 54 54
5337 0 60 0 0 4737 0 20 0 0 0 59 52 52
5337 0 60 0 0 4737 0 20 0 0 30 60 52 52
5337 0 60 0 0 4737 0 20 0 0 60 59 52 52
5337 0 60 0 0 4737 0 20 0 0 90 60 52 52
5337 0 60 0 0 4737 0 20 0 0 120 60 52 52
5337 0 60 0 0 4737 0 20 0 0 150 59 52 52
5337 0 60 0 0 4737 0 20 0 0 180 59 52 52
5337 0 60 0 0 4737 0 30 0 0 0 59 50 50
5337 0 60 0 0 4737 0 30 0 0 30 59 50 50
5337 0 60 0 0 4737 0 30 0 0 60 59 50 50
5337 0 60 0 0 4737 0 30 0 0 90 59 50 50
5337 0 60 0 0 4737 0 30 0 0 120 59 50 50
5337 0 60 0 0 4737 0 30 0 0 150 59 50 50
5337 0 60 0 0 4737 0 30 0 0 180 59 50 50
5337 0 60 0 0 4737 0 40 0 0 0 58 50 50
5337 0 60 0 0 4737 0 40 0 0 30 59 50 50
5337 0 60 0 0 4737 0 40 0 0 60 59 50 50
5337 0 60 0 0 4737 0 40 0 0 90 59 50 50
5337 0 60 0 0 4737 0 40 0 0 120 59 50 50
5337 0 60 0 0 4737 0 40 0 0 150 59 50 50
5337 0 60 0 0 4737 0 40 0 0 180 58 50 50
5337 0 60 0 0 4737 0 50 0 0 0 58 50 50
5337 0 60 0 0 4737 0 50 0 0 30 58 50 50
5337 0 60 0 0 4737 0 50 0 0 60 58 50 50
5337 0 60 0 0 4737 0 50 0 0 90 58 50 50
5337 0 60 0 0 4737 0 50 0 0 120 58 50 50
5337 0 60 0 0 4737 0 50 0 0 150 58 50 50
5337 0 60 0 0 4737 0 50 0 0 180 58 50 50
5337 0 60 0 0 4737 0 60 0 0 0 56 51 51
5337 0 60 0 0 4737 0 60 0 0 30 56 51 51
5337 0 60 0 0 4737 0 60 0 0 60 56 51 51
5337 0 60 0 0 4737 0 60 0 0 90 56 51 51
5337 0 60 0 0 4737 0 60 0 0 120 56 51 51
5337 0 60 0 0 4737 0 60 0 0 150 56 52 52
5337 0 60 0 0 4737 0 60 0 0 180 56 52 52
5337 0 60 0 0 4737 0 0 0 0 0 60 53 53
5337 0 60 0 0 4737 0 0 0 0 30 60 53 53
5337 0 60 0 0 4737 0 0 0 0 60 60 54 54
5337 0 60 0 0 4737 0 0 0 0 90 60 54 54
5337 0 60 0 0 4737 0 0 0 0 120 60 54 54
5337 0 60 0 0 4737 0 0 0 0 150 60 54 54
5337 0 60 0 0 4737 0 0 0 0 180 60 54 54
5337 0 60 0 0 4737 0 10 0 0 0 60 53 53
5337 0 60 0 0 4737 0 10 0 0 30 60 53 53
5337 0 60 0 0 4737 0 10 0 0 60 60 53 53
5337 0 60 0 0 4737 0 10 0 0 90 60 53 53
5337 0 60 0 0 4737 0 10 0 0 120 60 53 53
5337 0 60 0 0 4737 0 10 0 0 150 60 54 54
5337 0 60 0 0 4737 0 10 0 0 180 60 54 54
5337 0 60 0 0 4737 0 20 0 0 0 59 51 51
5337 0 60 0 0 4737 0 20 0 0 30 60 51 51
5337 0 60 0 0 4737 0 20 0 0 60 60 51 51
5337 0 60 0 0 4737 0 20 0 0 90 60 52 52
5337 0 60 0 0 4737 0 20 0 0 120 60 51 51
5337 0 60 0 0 4737 0 20 0 0 150 59 52 52
5337 0 60 0 0 4737 0 20 0 0 180 59 52 52
5337 0 60 0 0 4737 0 30 0 0 0 59 50 50
5337 0 60 0 0 4737 0 30 0 0 30 59 50 50
5337 0 60 0 0 4737 0 30 0 0 60 59 50 50
5337 0 60 0 0 4737 0 30 0 0 90 59 50 50
5337 0 60 0 0 4737 0 30 0 0 120 59 50 50
5337 0 60 0 0 4737 0 30 0 0 150 59 50 50
5337 0 60 0 0 4737 0 30 0 0 180 59 50 50
5337 0 60 0 0 4737 0 40 0 0 0 58 50 50
5337 0 60 0 0 4737 0 40 0 0 30 59 49 49
5337 0 60 0 0 4737 0 40 0 0 60 59 50 50
5337 0 60 0 0 4737 0 40 0 0 90 59 50 50
5337 0 60 0 0 4737 0 40 0 0 120 59 50 50
5337 0 60 0 0 4737 0 40 0 0 150 58 50 50
5337 0 60 0 0 4737 0 40 0 0 180 58 50 50
5337 0 60 0 0 4737 0 50 0 0 0 58 50 50
5337 0 60 0 0 4737 0 50 0 0 30 58 50 50
5337 0 60 0 0 4737 0 50 0 0 60 58 50 50
5337 0 60 0 0 4737 0 50 0 0 90 58 50 50
5337 0 60 0 0 4737 0 50 0 0 120 58 50 50
5337 0 60 0 0 4737 0 50 0 0 150 58 51 51
5337 0 60 0 0 4737 0 50 0 0 180 58 50 50
5337 0 60 0 0 4737 0 60 0 0 0 56 51 51
5337 0 60 0 0 4737 0 60 0 0 30 56 51 51
5337 0 60 0 0 4737 0 60 0 0 60 56 51 51
5337 0 60 0 0 4737 0 60 0 0 90 56 51 51
5337 0 60 0 0 4737 0 60 0 0 120 56 51 51
5337 0 60 0 0 4737 0 60 0 0 150 56 52 52
5337 0 60 0 0 4737 0 60 0 0 180 56 51 51
5337 0 60 0 0 4737 0 0 0 0 0 60 53 53
5337 0 60 0 0 4737 0 0 0 0 30 60 53 53
5337 0 60 0 0 4737 0 0 0 0 60 60 53 53
5337 0 60 0 0 4737 0 0 0 0 90 60 53 53
5337 0 60 0 0 4737 0 0 0 0 120 60 53 53
5337 0 60 0 0 4737 0 0 0 0 150 60 54 54
5337 0 60 0 0 4737 0 0 0 0 180 60 54 54
5337 0 60 0 0 4737 0 10 0 0 0 60 52 52
5337 0 60 0 0 4737 0 10 0 0 30 60 52 52
5337 0 60 0 0 4737 0 10 0 0 60 60 53 53
5337 0 60 0 0 4737 0 10 0 0 90 60 53 53
5337 0 60 0 0 4737 0 10 0 0 120 60 53 53
5337 0 60 0 0 4737 0 10 0 0 150 60 53 53
5337 0 60 0 0 4737 0 10 0 0 180 60 53 53
5337 0 60 0 0 4737 0 20 0 0 0 59 50 50
5337 0 60 0 0 4737 0 20 0 0 30 59 51 51
5337 0 60 0 0 4737 0 20 0 0 60 60 51 51
5337 0 60 0 0 4737 0 20 0 0 90 60 51 51
5337 0 60 0 0 4737 0 20 0 0 120 60 51 51
5337 0 60 0 0 4737 0 20 0 0 150 59 51 51
5337 0 60 0 0 4737 0 20 0 0 180 59 51 51
5337 0 60 0 0 4737 0 30 0 0 0 59 50 50
5337 0 60 0 0 4737 0 30 0 0 30 59 50 50
5337 0 60 0 0 4737 0 30 0 0 60 59 50 50
5337 0 60 0 0 4737 0 30 0 0 90 59 50 50
5337 0 60 0 0 4737 0 30 0 0 120 59 50 50
5337 0 60 0 0 4737 0 30 0 0 150 59 50 50
5337 0 60 0 0 4737 0 30 0 0 180 59 50 50
5337 0 60 0 0 4737 0 40 0 0 0 58 50 50
5337 0 60 0 0 4737 0 40 0 0 30 59 50 50
5337 0 60 0 0 4737 0 40 0 0 60 59 50 50
5337 0 60 0 0 4737 0 40 0 0 90 59 50 50
5337 0 60 0 0 4737 0 40 0 0 120 59 50 50
5337 0 60 0 0 4737 0 40 0 0 150 58 50 50
5337 0 60 0 0 4737 0 40 0 0 180 59 50 50
5337 0 60 0 0 4737 0 50 0 0 0 58 50 50
5337 0 60 0 0 4737 0 50 0 0 30 58 50 50
5337 0 60 0 0 4737 0 50 0 0 60 58 50 50
5337 0 60 0 0 4737 0 50 0 0 90 58 50 50
5337 0 60 0 0 4737 0 50 0 0 120 58 50 50
5337 0 60 0 0 4737 0 50 0 0 150 58 51 51
5337 0 60 0 0 4737 0 50 0 0 180 58 51 51
5337 0 60 0 0 4737 0 60 0 0 0 56 51 51
5337 0 60 0 0 4737 0 60 0 0 30 56 51 51
5337 0 60 0 0 4737 0 60 0 0 60 56 51 51
5337 0 60 0 0 4737 0 60 0 0 90 56 51 51
5337 0 60 0 0 4737 0 60 0 0 120 56 51 51
5337 0 60 0 0 4737 0 60 0 0 150 56 51 51
5337 0 60 0 0 4737 0 60 0 0 180 56 51 51
5337 0 60 0 0 4737 0 0 0 0 0 60 52 52
5337 0 60 0 0 4737 0 0 0 0 30 60 52 52
5337 0 60 0 0 4737 0 0 0 0 60 60 52 52
5337 0 60 0 0 4737 0 0 0 0 90 60 52 52
5337 0 60 0 0 4737 0 0 0 0 120 60 53 53
5337 0 60 0 0 4737 0 0 0 0 150 60 53 53
5337 0 60 0 0 4737 0 0 0 0 180 60 53 53
5337 0 60 0 0 4737 0 10 0 0 0 60 52 52
5337 0 60 0 0 4737 0 10 0 0 30 60 52 52
5337 0 60 0 0 4737 0 10 0 0 60 60 52 52
5337 0 60 0 0 4737 0 10 0 0 90 60 52 52
5337 0 60 0 0 4737 0 10 0 0 120 60 52 52
5337 0 60 0 0 4737 0 10 0 0 150 60 52 52
5337 0 60 0 0 4737 0 10 0 0 180 60 52 52
5337 0 60 0 0 4737 0 20 0 0 0 59 50 50
5337 0 60 0 0 4737 0 20 0 0 30 59 51 51
5337 0 60 0 0 4737 0 20 0 0 60 60 51 51
5337 0 60 0 0 4737 0 20 0 0 90 60 51 51
5337 0 60 0 0 4737 0 20 0 0 120 59 51 51
5337 0 60 0 0 4737 0 20 0 0 150 59 51 51
5337 0 60 0 0 4737 0 20 0 0 180 59 51 51
5337 0 60 0 0 4737 0 30 0 0 0 59 50 50
5337 0 60 0 0 4737 0 30 0 0 30 59 50 50
5337 0 60 0 0 4737 0 30 0 0 60 59 50 50
5337 0 60 0 0 4737 0 30 0 0 90 59 50 50
5337 0 60 0 0 4737 0 30 0 0 120 59 50 50
5337 0 60 0 0 4737 0 30 0 0 150 59 51 51
5337 0 60 0 0 4737 0 30 0 0 180 59 50 50
5337 0 60 0 0 4737 0 40 0 0 0 58 50 50
5337 0 60 0 0 4737 0 40 0 0 30 58 50 50
5337 0 60 0 0 4737 0 40 0 0 60 58 50 50
5337 0 60 0 0 4737 0 40 0 0 90 59 50 50
5337 0 60 0 0 4737 0 40 0 0 120 58 50 50
5337 0 60 0 0 4737 0 40 0 0 150 58 51 51
5337 0 60 0 0 4737 0 40 0 0 180 58 51 51
5337 0 60 0 0 4737 0 50 0 0 0 57 50 50
5337 0 60 0 0 4737 0 50 0 0 30 57 50 50
5337 0 60 0 0 4737 0 50 0 0 60 57 50 50
5337 0 60 0 0 4737 0 50 0 0 90 58 51 51
5337 0 60 0 0 4737 0 50 0 0 120 58 51 51
5337 0 60 0 0 4737 0 50 0 0 150 57 51 51
5337 0 60 0 0 4737 0 50 0 0 180 57 51 51
5337 0 60 0 0 4737 0 60 0 0 0 56 51 51
5337 0 60 0 0 4737 0 60 0 0 30 56 51 51
5337 0 60 0 0 4737 0 60 0 0 60 56 51 51
5337 0 60 0 0 4737 0 60 0 0 90 56 51 51
5337 0 60 0 0 4737 0 60 0 0 120 56 51 51
5337 0 60 0 0 4737 0 60 0 0 150 56 51 51
5337 0 60 0 0 4737 0 60 0 0 180 56 51 51
5337 0 60 0 0 4937 0 0 0 0 0 60 54 54
5337 0 60 0 0 4937 0 0 0 0 30 60 55 55
5337 0 60 0 0 4937 0 0 0 0 60 60 55 55
5337 0 60 0 0 4937 0 0 0 0 90 60 56 56
5337 0 60 0 0 4937 0 0 0 0 120 60 56 56
5337 0 60 0 0 4937 0 0 0 0 150 60 56 56
5337 0 60 0 0 4937 0 0 0 0 180 60 56 56
5337 0 60 0 0 4937 0 10 0 0 0 60 54 54
5337 0 60 0 0 4937 0 10 0 0 30 60 54 54
5337 0 60 0 0 4937 0 10 0 0 60 60 55 55
5337 0 60 0 0 4937 0 10 0 0 90 60 55 55
5337 0 60 0 0 4937 0 10 0 0 120 60 56 56
5337 0 60 0 0 4937 0 10 0 0 150 60 56 56
5337 0 60 0 0 4937 0 10 0 0 180 60 56 56
5337 0 60 0 0 4937 0 20 0 0 0 60 53 53
5337 0 60 0 0 4937 0 20 0 0 30 60 53 53
5337 0 60 0 0 4937 0 20 0 0 60 60 53 53
5337 0 60 0 0 4937 0 20 0 0 90 60 54 54
5337 0 60 0 0 4937 0 20 0 0 120 60 54 54
5337 0 60 0 0 4937 0 20 0 0 150 60 54 54
5337 0 60 0 0 4937 0 20 0 0 180 60 54 54
5337 0 60 0 0 4937 0 30 0 0 0 59 50 50
5337 0 60 0 0 4937 0 30 0 0 30 60 51 51
5337 0 60 0 0 4937 0 30 0 0 60 60 51 51
5337 0 60 0 0 4937 0 30 0 0 90 60 51 51
5337 0 60 0 0 4937 0 30 0 0 120 60 51 51
5337 0 60 0 0 4937 0 30 0 0 150 60 51 51
5337 0 60 0 0 4937 0 30 0 0 180 59 51 51
5337 0 60 0 0 4937 0 40 0 0 0 59 50 50
5337 0 60 0 0 4937 0 40 0 0 30 59 50 50
5337 0 60 0 0 4937 0 40 0 0 60 59 51 51
5337 0 60 0 0 4937 0 40 0 0 90 59 51 51
5337 0 60 0 0 4937 0 40 0 0 120 59 51 51
5337 0 60 0 0 4937 0 40 0 0 150 59 51 51
5337 0 60 0 0 4937 0 40 0 0 180 59 51 51
5337 0 60 0 0 4937 0 50 0 0 0 58 50 50
5337 0 60 0 0 4937 0 50 0 0 30 58 51 51
5337 0 60 0 0 4937 0 50 0 0 60 58 51 51
5337 0 60 0 0 4937 0 50 0 0 90 58 52 52
5337 0 60 0 0 4937 0 50 0 0 120 58 52 52
5337 0 60 0 0 4937 0 50 0 0 150 58 52 52
5337 0 60 0 0 4937 0 50 0 0 180 58 52 52
5337 0 60 0 0 4937 0 60 0 0 0 57 52 52
5337 0 60 0 0 4937 0 60 0 0 30 57 52 52
5337 0 60 0 0 4937 0 60 0 0 60 57 53 53
5337 0 60 0 0 4937 0 60 0 0 90 57 53 53
5337 0 60 0 0 4937 0 60 0 0 120 57 53 53
5337 0 60 0 0 4937 0 60 0 0 150 57 53 53
5337 0 60 0 0 4937 0 60 0 0 180 57 53 53
5337 0 60 0 0 4937 0 0 0 0 0 60 54 54
5337 0 60 0 0 4937 0 0 0 0 30 60 54 54
5337 0 60 0 0 4937 0 0 0 0 60 60 55 55
5337 0 60 0 0 4937 0 0 0 0 90 60 55 55
5337 0 60 0 0 4937 0 0 0 0 120 60 56 56
5337 0 60 0 0 4937 0 0 0 0 150 60 56 56
5337 0 60 0 0 4937 0 0 0 0 180 60 56 56
5337 0 60 0 0 4937 0 10 0 0 0 60 54 54
5337 0 60 0 0 4937 0 10 0 0 30 60 54 54
5337 0 60 0 0 4937 0 10 0 0 60 60 54 54
5337 0 60 0 0 4937 0 10 0 0 90 60 55 55
5337 0 60 0 0 4937 0 10 0 0 120 60 55 55
5337 0 60 0 0 4937 0 10 0 0 150 60 56 56
5337 0 60 0 0 4937 0 10 0 0 180 60 55 55
5337 0 60 0 0 4937 0 20 0 0 0 60 52 52
5337 0 60 0 0 4937 0 20 0 0 30 60 53 53
5337 0 60 0 0 4937 0 20 0 0 60 60 53 53
5337 0 60 0 0 4937 0 20 0 0 90 60 54 54
5337 0 60 0 0 4937 0 20 0 0 120 60 54 54
5337 0 60 0 0 4937 0 20 0 0 150 60 54 54
5337 0 60 0 0 4937 0 20 0 0 180 60 54 54
5337 0 60 0 0 4937 0 30 0 0 0 59 50 50
5337 0 60 0 0 4937 0 30 0 0 30 60 50 50
5337 0 60 0 0 4937 0 30 0 0 60 60 51 51
5337 0 60 0 0 4937 0 30 0 0 90 60 51 51
5337 0 60 0 0 4937 0 30 0 0 120 60 51 51
5337 0 60 0 0 4937 0 30 0 0 150 60 51 51
5337 0 60 0 0 4937 0 30 0 0 180 60 51 51
5337 0 60 0 0 4937 0 40 0 0 0 59 50 50
5337 0 60 0 0 4937 0 40 0 0 30 59 50 50
5337 0 60 0 0 4937 0 40 0 0 60 59 51 51
5337 0 60 0 0 4937 0 40 0 0 90 59 51 51
5337 0 60 0 0 4937 0 40 0 0 120 59 51 51
5337 0 60 0 0 4937 0 40 0 0 150 59 51 51
5337 0 60 0 0 4937 0 40 0 0 180 59 51 51
5337 0 60 0 0 4937 0 50 0 0 0 58 50 50
5337 0 60 0 0 4937 0 50 0 0 30 58 50 50
5337 0 60 0 0 4937 0 50 0 0 60 58 51 51
5337 0 60 0 0 4937 0 50 0 0 90 58 51 51
5337 0 60 0 0 4937 0 50 0 0 120 58 52 52
5337 0 60 0 0 4937 0 50 0 0 150 58 52 52
5337 0 60 0 0 4937 0 50 0 0 180 58 52 52
5337 0 60 0 0 4937 0 60 0 0 0 57 51 51
5337 0 60 0 0 4937 0 60 0 0 30 57 52 52
5337 0 60 0 0 4937 0 60 0 0 60 57 52 52
5337 0 60 0 0 4937 0 60 0 0 90 57 52 52
5337 0 60 0 0 4937 0 60 0 0 120 57 53 53
5337 0 60 0 0 4937 0 60 0 0 150 57 53 53
5337 0 60 0 0 4937 0 60 0 0 180 57 53 53
5337 0 60 0 0 4937 0 0 0 0 0 60 54 54
5337 0 60 0 0 4937 0 0 0 0 30 60 54 54
5337 0 60 0 0 4937 0 0 0 0 60 60 55 55
5337 0 60 0 0 4937 0 0 0 0 90 60 55 55
5337 0 60 0 0 4937 0 0 0 0 120 60 56 56
5337 0 60 0 0 4937 0 0 0 0 150 60 56 56
5337 0 60 0 0 4937 0 0 0 0 180 60 55 55
5337 0 60 0 0 4937 0 10 0 0 0 60 53 53
5337 0 60 0 0 4937 0 10 0 0 30 60 54 54
5337 0 60 0 0 4937 0 10 0 0 60 60 54 54
5337 0 60 0 0 4937 0 10 0 0 90 60 55 55
5337 0 60 0 0 4937 0 10 0 0 120 60 55 55
5337 0 60 0 0 4937 0 10 0 0 150 60 55 55
5337 0 60 0 0 4937 0 10 0 0 180 60 55 55
5337 0 60 0 0 4937 0 20 0 0 0 60 52 52
5337 0 60 0 0 4937 0 20 0 0 30 60 52 52
5337 0 60 0 0 4937 0 20 0 0 60 60 53 53
5337 0 60 0 0 4937 0 20 0 0 90 60 53 53
5337 0 60 0 0 4937 0 20 0 0 120 60 54 54
5337 0 60 0 0 4937 0 20 0 0 150 60 54 54
5337 0 60 0 0 4937 0 20 0 0 180 60 54 54
5337 0 60 0 0 4937 0 30 0 0 0 59 50 50
5337 0 60 0 0 4937 0 30 0 0 30 60 50 50
5337 0 60 0 0 4937 0 30 0 0 60 60 50 50
5337 0 60 0 0 4937 0 30 0 0 90 60 51 51
5337 0 60 0 0 4937 0 30 0 0 120 60 51 51
5337 0 60 0 0 4937 0 30 0 0 150 60 51 51
5337 0 60 0 0 4937 0 30 0 0 180 59 51 51
5337 0 60 0 0 4937 0 40 0 0 0 59 49 49
5337 0 60 0 0 4937 0 40 0 0 30 59 50 50
5337 0 60 0 0 4937 0 40 0 0 60 59 50 50
5337 0 60 0 0 4937 0 40 0 0 90 59 51 51
5337 0 60 0 0 4937 0 40 0 0 120 59 51 51
5337 0 60 0 0 4937 0 40 0 0 150 59 51 51
5337 0 60 0 0 4937 0 40 0 0 180 59 51 51
5337 0 60 0 0 4937 0 50 0 0 0 58 50 50
5337 0 60 0 0 4937 0 50 0 0 30 58 50 50
5337 0 60 0 0 4937 0 50 0 0 60 58 50 50
5337 0 60 0 0 4937 0 50 0 0 90 58 51 51
5337 0 60 0 0 4937 0 50 0 0 120 58 52 52
5337 0 60 0 0 4937 0 50 0 0 150 58 52 52
5337 0 60 0 0 4937 0 50 0 0 180 58 51 51
5337 0 60 0 0 4937 0 60 0 0 0 57 51 51
5337 0 60 0 0 4937 0 60 0 0 30 57 51 51
5337 0 60 0 0 4937 0 60 0 0 60 57 52 52
5337 0 60 0 0 4937 0 60 0 0 90 57 52 52
5337 0 60 0 0 4937 0 60 0 0 120 57 52 52
5337 0 60 0 0 4937 0 60 0 0 150 57 53 53
5337 0 60 0 0 4937 0 60 0 0 180 57 53 53
5337 0 60 0 0 4937 0 0 0 0 0 60 54 54
5337 0 60 0 0 4937 0 0 0 0 30 60 54 54
5337 0 60 0 0 4937 0 0 0 0 60 60 54 54
5337 0 60 0 0 4937 0 0 0 0 90 60 55 55
5337 0 60 0 0 4937 0 0 0 0 120 60 55 55
5337 0 60 0 0 4937 0 0 0 0 150 60 56 56
5337 0 60 0 0 4937 0 0 0 0 180 60 55 55
5337 0 60 0 0 4937 0 10 0 0 0 60 53 53
5337 0 60 0 0 4937 0 10 0 0 30 60 53 53
5337 0 60 0 0 4937 0 10 0 0 60 60 54 54
5337 0 60 0 0 4937 0 10 0 0 90 60 54 54
5337 0 60 0 0 4937 0 10 0 0 120 60 55 55
5337 0 60 0 0 4937 0 10 0 0 150 60 55 55
5337 0 60 0 0 4937 0 10 0 0 180 60 55 55
5337 0 60 0 0 4937 0 20 0 0 0 60 52 52
5337 0 60 0 0 4937 0 20 0 0 30 60 52 52
5337 0 60 0 0 4937 0 20 0 0 60 60 52 52
5337 0 60 0 0 4937 0 20 0 0 90 60 53 53
5337 0 60 0 0 4937 0 20 0 0 120 60 53 53
5337 0 60 0 0 4937 0 20 0 0 150 60 54 54
5337 0 60 0 0 4937 0 20 0 0 180 60 53 53
5337 0 60 0 0 4937 0 30 0 0 0 59 50 50
5337 0 60 0 0 4937 0 30 0 0 30 60 50 50
5337 0 60 0 0 4937 0 30 0 0 60 60 50 50
5337 0 60 0 0 4937 0 30 0 0 90 60 51 51
5337 0 60 0 0 4937 0 30 0 0 120 60 51 51
5337 0 60 0 0 4937 0 30 0 0 150 60 51 51
5337 0 60 0 0 4937 0 30 0 0 180 59 51 51
5337 0 60 0 0 4937 0 40 0 0 0 59 50 50
5337 0 60 0 0 4937 0 40 0 0 30 59 50 50
5337 0 60 0 0 4937 0 40 0 0 60 59 50 50
5337 0 60 0 0 4937 0 40 0 0 90 59 50 50
5337 0 60 0 0 4937 0 40 0 0 120 59 51 51
5337 0 60 0 0 4937 0 40 0 0 150 59 51 51
5337 0 60 0 0 4937 0 40 0 0 180 59 51 51
5337 0 60 0 0 4937 0 50 0 0 0 58 50 50
5337 0 60 0 0 4937 0 50 0 0 30 58 50 50
5337 0 60 0 0 4937 0 50 0 0 60 58 50 50
5337 0 60 0 0 4937 0 50 0 0 90 58 51 51
5337 0 60 0 0 4937 0 50 0 0 120 58 51 51
5337 0 60 0 0 4937 0 50 0 0 150 58 52 52
5337 0 60 0 0 4937 0 50 0 0 180 58 52 52
5337 0 60 0 0 4937 0 60 0 0 0 57 51 51
5337 0 60 0 0 4937 0 60 0 0 30 57 51 51
5337 0 60 0 0 4937 0 60 0 0 60 57 51 51
5337 0 60 0 0 4937 0 60 0 0 90 57 52 52
5337 0 60 0 0 4937 0 60 0 0 120 57 52 52
5337 0 60 0 0 4937 0 60 0 0 150 57 52 52
5337 0 60 0 0 4937 0 60 0 0 180 57 52 52
5337 0 60 0 0 4937 0 0 0 0 0 60 53 53
5337 0 60 0 0 4937 0 0 0 0 30 60 54 54
5337 0 60 0 0 4937 0 0 0 0 60 60 54 54
5337 0 60 0 0 4937 0 0 0 0 90 60 54 54
5337 0 60 0 0 4937 0 0 0 0 120 60 55 55
5337 0 60 0 0 4937 0 0 0 0 150 60 55 55
5337 0 60 0 0 4937 0 0 0 0 180 60 55 55
5337 0 60 0 0 4937 0 10 0 0 0 60 53 53
5337 0 60 0 0 4937 0 10 0 0 30 60 53 53
5337 0 60 0 0 4937 0 10 0 0 60 60 53 53
5337 0 60 0 0 4937 0 10 0 0 90 60 54 54
5337 0 60 0 0 4937 0 10 0 0 120 60 54 54
5337 0 60 0 0 4937 0 10 0 0 150 60 55 55
5337 0 60 0 0 4937 0 10 0 0 180 60 54 54
5337 0 60 0 0 4937 0 20 0 0 0 60 51 51
5337 0 60 0 0 4937 0 20 0 0 30 60 51 51
5337 0 60 0 0 4937 0 20 0 0 60 60 51 51
5337 0 60 0 0 4937 0 20 0 0 90 60 52 52
5337 0 60 0 0 4937 0 20 0 0 120 60 52 52
5337 0 60 0 0 4937 0 20 0 0 150 60 53 53
5337 0 60 0 0 4937 0 20 0 0 180 60 52 52
5337 0 60 0 0 4937 0 30 0 0 0 60 50 50
5337 0 60 0 0 4937 0 30 0 0 30 60 50 50
5337 0 60 0 0 4937 0 30 0 0 60 60 50 50
5337 0 60 0 0 4937 0 30 0 0 90 60 51 51
5337 0 60 0 0 4937 0 30 0 0 120 60 51 51
5337 0 60 0 0 4937 0 30 0 0 150 60 52 52
5337 0 60 0 0 4937 0 30 0 0 180 59 51 51
5337 0 60 0 0 4937 0 40 0 0 0 59 50 50
5337 0 60 0 0 4937 0 40 0 0 30 59 50 50
5337 0 60 0 0 4937 0 40 0 0 60 59 50 50
5337 0 60 0 0 4937 0 40 0 0 90 59 50 50
5337 0 60 0 0 4937 0 40 0 0 120 59 51 51
5337 0 60 0 0 4937 0 40 0 0 150 59 52 52
5337 0 60 0 0 4937 0 40 0 0 180 59 51 51
5337 0 60 0 0 4937 0 50 0 0 0 58 50 50
5337 0 60 0 0 4937 0 50 0 0 30 58 50 50
5337 0 60 0 0 4937 0 50 0 0 60 58 50 50
5337 0 60 0 0 4937 0 50 0 0 90 58 51 51
5337 0 60 0 0 4937 0 50 0 0 120 58 51 51
5337 0 60 0 0 4937 0 50 0 0 150 58 52 52
5337 0 60 0 0 4937 0 50 0 0 180 58 52 52
5337 0 60 0 0 4937 0 60 0 0 0 56 51 51
5337 0 60 0 0 4937 0 60 0 0 30 57 51 51
5337 0 60 0 0 4937 0 60 0 0 60 57 51 51
5337 0 60 0 0 4937 0 60 0 0 90 57 51 51
5337 0 60 0 0 4937 0 60 0 0 120 57 52 52
5337 0 60 0 0 4937 0 60 0 0 150 57 52 52
5337 0 60 0 0 4937 0 60 0 0 180 56 52 52
5337 0 60 0 0 4937 0 0 0 0 0 60 53 53
5337 0 60 0 0 4937 0 0 0 0 30 60 53 53
5337 0 60 0 0 4937 0 0 0 0 60 60 53 53
5337 0 60 0 0 4937 0 0 0 0 90 60 53 53
5337 0 60 0 0 4937 0 0 0 0 120 60 54 54
5337 0 60 0 0 4937 0 0 0 0 150 60 55 55
5337 0 60 0 0 4937 0 0 0 0 180 60 54 54
5337 0 60 0 0 4937 0 10 0 0 0 60 52 52
5337 0 60 0 0 4937 0 10 0 0 30 60 52 52
5337 0 60 0 0 4937 0 10 0 0 60 60 52 52
5337 0 60 0 0 4937 0 10 0 0 90 60 53 53
5337 0 60 0 0 4937 0 10 0 0 120 60 53 53
5337 0 60 0 0 4937 0 10 0 0 150 60 54 54
5337 0 60 0 0 4937 0 10 0 0 180 60 53 53
5337 0 60 0 0 4937 0 20 0 0 0 60 51 51
5337 0 60 0 0 4937 0 20 0 0 30 60 51 51
5337 0 60 0 0 4937 0 20 0 0 60 60 51 51
5337 0 60 0 0 4937 0 20 0 0 90 60 51 51
5337 0 60 0 0 4937 0 20 0 0 120 60 52 52
5337 0 60 0 0 4937 0 20 0 0 150 60 53 53
5337 0 60 0 0 4937 0 20 0 0 180 60 52 52
5337 0 60 0 0 4937 0 30 0 0 0 60 50 50
5337 0 60 0 0 4937 0 30 0 0 30 60 50 50
5337 0 60 0 0 4937 0 30 0 0 60 60 50 50
5337 0 60 0 0 4937 0 30 0 0 90 60 51 51
5337 0 60 0 0 4937 0 30 0 0 120 60 51 51
5337 0 60 0 0 4937 0 30 0 0 150 60 52 52
5337 0 60 0 0 4937 0 30 0 0 180 59 52 52
5337 0 60 0 0 4937 0 40 0 0 0 59 50 50
5337 0 60 0 0 4937 0 40 0 0 30 59 50 50
5337 0 60 0 0 4937 0 40 0 0 60 59 50 50
5337 0 60 0 0 4937 0 40 0 0 90 59 50 50
5337 0 60 0 0 4937 0 40 0 0 120 59 51 51
5337 0 60 0 0 4937 0 40 0 0 150 59 52 52
5337 0 60 0 0 4937 0 40 0 0 180 59 51 51
5337 0 60 0 0 4937 0 50 0 0 0 58 50 50
5337 0 60 0 0 4937 0 50 0 0 30 58 50 50
5337 0 60 0 0 4937 0 50 0 0 60 58 51 51
5337 0 60 0 0 4937 0 50 0 0 90 58 51 51
5337 0 60 0 0 4937 0 50 0 0 120 58 51 51
5337 0 60 0 0 4937 0 50 0 0 150 58 52 52
5337 0 60 0 0 4937 0 50 0 0 180 58 52 52
5337 0 60 0 0 4937 0 60 0 0 0 56 51 51
5337 0 60 0 0 4937 0 60 0 0 30 57 51 51
5337 0 60 0 0 4937 0 60 0 0 60 57 51 51
5337 0 60 0 0 4937 0 60 0 0 90 56 51 51
5337 0 60 0 0 4937 0 60 0 0 120 56 52 52
5337 0 60 0 0 4937 0 60 0 0 150 56 52 52
5337 0 60 0 0 4937 0 60 0 0 180 56 52 52
5337 0 60 0 0 5137 0 0 0 0 0 61 56 56
5337 0 60 0 0 5137 0 0 0 0 30 61 56 56
5337 0 60 0 0 5137 0 0 0 0 60 61 56 56
5337 0 60 0 0 5137 0 0 0 0 90 60 56 56
5337 0 60 0 0 5137 0 0 0 0 120 60 55 55
5337 0 60 0 0 5137 0 0 0 0 150 60 55 55
5337 0 60 0 0 5137 0 0 0 0 180 60 55 55
5337 0 60 0 0 5137 0 10 0 0 0 61 55 55
5337 0 60 0 0 5137 0 10 0 0 30 61 56 56
5337 0 60 0 0 5137 0 10 0 0 60 60 55 55
5337 0 60 0 0 5137 0 10 0 0 90 60 55 55
5337 0 60 0 0 5137 0 10 0 0 120 60 55 55
5337 0 60 0 0 5137 0 10 0 0 150 60 55 55
5337 0 60 0 0 5137 0 10 0 0 180 60 55 55
5337 0 60 0 0 5137 0 20 0 0 0 61 54 54
5337 0 60 0 0 5137 0 20 0 0 30 61 54 54
5337 0 60 0 0 5137 0 20 0 0 60 60 54 54
5337 0 60 0 0 5137 0 20 0 0 90 60 54 54
5337 0 60 0 0 5137 0 20 0 0 120 60 54 54
5337 0 60 0 0 5137 0 20 0 0 150 59 54 54
5337 0 60 0 0 5137 0 20 0 0 180 59 54 54
5337 0 60 0 0 5137 0 30 0 0 0 60 51 51
5337 0 60 0 0 5137 0 30 0 0 30 60 51 51
5337 0 60 0 0 5137 0 30 0 0 60 60 51 51
5337 0 60 0 0 5137 0 30 0 0 90 60 51 51
5337 0 60 0 0 5137 0 30 0 0 120 59 51 51
5337 0 60 0 0 5137 0 30 0 0 150 59 51 51
5337 0 60 0 0 5137 0 30 0 0 180 59 51 51
5337 0 60 0 0 5137 0 40 0 0 0 60 51 51
5337 0 60 0 0 5137 0 40 0 0 30 60 51 51
5337 0 60 0 0 5137 0 40 0 0 60 59 51 51
5337 0 60 0 0 5137 0 40 0 0 90 59 51 51
5337 0 60 0 0 5137 0 40 0 0 120 59 51 51
5337 0 60 0 0 5137 0 40 0 0 150 58 51 51
5337 0 60 0 0 5137 0 40 0 0 180 59 51 51
5337 0 60 0 0 5137 0 50 0 0 0 59 51 51
5337 0 60 0 0 5137 0 50 0 0 30 59 51 51
5337 0 60 0 0 5137 0 50 0 0 60 59 51 51
5337 0 60 0 0 5137 0 50 0 0 90 58 51 51
5337 0 60 0 0 5137 0 50 0 0 120 58 52 52
5337 0 60 0 0 5137 0 50 0 0 150 58 52 52
5337 0 60 0 0 5137 0 50 0 0 180 58 52 52
5337 0 60 0 0 5137 0 60 0 0 0 58 52 52
5337 0 60 0 0 5137 0 60 0 0 30 58 52 52
5337 0 60 0 0 5137 0 60 0 0 60 57 52 52
5337 0 60 0 0 5137 0 60 0 0 90 57 52 52
5337 0 60 0 0 5137 0 60 0 0 120 57 53 53
5337 0 60 0 0 5137 0 60 0 0 150 56 53 53
5337 0 60 0 0 5137 0 60 0 0 180 56 53 53
5337 0 60 0 0 5137 0 0 0 0 0 61 56 56
5337 0 60 0 0 5137 0 0 0 0 30 61 56 56
5337 0 60 0 0 5137 0 0 0 0 60 61 56 56
5337 0 60 0 0 5137 0 0 0 0 90 60 56 56
5337 0 60 0 0 5137 0 0 0 0 120 60 55 55
5337 0 60 0 0 5137 0 0 0 0 150 60 55 55
5337 0 60 0 0 5137 0 0 0 0 180 60 55 55
5337 0 60 0 0 5137 0 10 0 0 0 61 55 55
5337 0 60 0 0 5137 0 10 0 0 30 61 55 55
5337 0 60 0 0 5137 0 10 0 0 60 61 55 55
5337 0 60 0 0 5137 0 10 0 0 90 60 55 55
5337 0 60 0 0 5137 0 10 0 0 120 60 55 55
5337 0 60 0 0 5137 0 10 0 0 150 60 55 55
5337 0 60 0 0 5137 0 10 0 0 180 60 55 55
5337 0 60 0 0 5137 0 20 0 0 0 61 54 54
5337 0 60 0 0 5137 0 20 0 0 30 61 54 54
5337 0 60 0 0 5137 0 20 0 0 60 60 54 54
5337 0 60 0 0 5137 0 20 0 0 90 60 54 54
5337 0 60 0 0 5137 0 20 0 0 120 60 54 54
5337 0 60 0 0 5137 0 20 0 0 150 59 54 54
5337 0 60 0 0 5137 0 20 0 0 180 59 54 54
5337 0 60 0 0 5137 0 30 0 0 0 60 51 51
5337 0 60 0 0 5137 0 30 0 0 30 60 51 51
5337 0 60 0 0 5137 0 30 0 0 60 60 51 51
5337 0 60 0 0 5137 0 30 0 0 90 60 51 51
5337 0 60 0 0 5137 0 30 0 0 120 59 51 51
5337 0 60 0 0 5137 0 30 0 0 150 59 51 51
5337 0 60 0 0 5137 0 30 0 0 180 59 51 51
5337 0 60 0 0 5137 0 40 0 0 0 60 51 51
5337 0 60 0 0 5137 0 40 0 0 30 60 51 51
5337 0 60 0 0 5137 0 40 0 0 60 60 51 51
5337 0 60 0 0 5137 0 40 0 0 90 59 51 51
5337 0 60 0 0 5137 0 40 0 0 120 59 51 51
5337 0 60 0 0 5137 0 40 0 0 150 59 51 51
5337 0 60 0 0 5137 0 40 0 0 180 59 50 50
5337 0 60 0 0 5137 0 50 0 0 0 59 51 51
5337 0 60 0 0 5137 0 50 0 0 30 59 51 51
5337 0 60 0 0 5137 0 50 0 0 60 59 51 51
5337 0 60 0 0 5137 0 50 0 0 90 58 51 51
5337 0 60 0 0 5137 0 50 0 0 120 58 51 51
5337 0 60 0 0 5137 0 50 0 0 150 58 51 51
5337 0 60 0 0 5137 0 50 0 0 180 58 51 51
5337 0 60 0 0 5137 0 60 0 0 0 58 52 52
5337 0 60 0 0 5137 0 60 0 0 30 58 52 52
5337 0 60 0 0 5137 0 60 0 0 60 57 52 52
5337 0 60 0 0 5137 0 60 0 0 90 57 52 52
5337 0 60 0 0 5137 0 60 0 0 120 57 52 52
5337 0 60 0 0 5137 0 60 0 0 150 56 53 53
5337 0 60 0 0 5137 0 60 0 0 180 56 53 53
5337 0 60 0 0 5137 0 0 0 0 0 61 56 56
5337 0 60 0 0 5137 0 0 0 0 30 61 56 56
5337 0 60 0 0 5137 0 0 0 0 60 61 56 56
5337 0 60 0 0 5137 0 0 0 0 90 60 55 55
5337 0 60 0 0 5137 0 0 0 0 120 60 55 55
5337 0 60 0 0 5137 0 0 0 0 150 60 55 55
5337 0 60 0 0 5137 0 0 0 0 180 60 55 55
5337 0 60 0 0 5137 0 10 0 0 0 61 55 55
5337 0 60 0 0 5137 0 10 0 0 30 61 55 55
5337 0 60 0 0 5137 0 10 0 0 60 61 55 55
5337 0 60 0 0 5137 0 10 0 0 90 60 55 55
5337 0 60 0 0 5137 0 10 0 0 120 60 55 55
5337 0 60 0 0 5137 0 10 0 0 150 60 55 55
5337 0 60 0 0 5137 0 10 0 0 180 60 54 54
5337 0 60 0 0 5137 0 20 0 0 0 61 53 53
5337 0 60 0 0 5137 0 20 0 0 30 61 53 53
5337 0 60 0 0 5137 0 20 0 0 60 61 54 54
5337 0 60 0 0 5137 0 20 0 0 90 60 54 54
5337 0 60 0 0 5137 0 20 0 0 120 60 54 54
5337 0 60 0 0 5137 0 20 0 0 150 59 54 54
5337 0 60 0 0 5137 0 20 0 0 180 59 53 53
5337 0 60 0 0 5137 0 30 0 0 0 60 51 51
5337 0 60 0 0 5137 0 30 0 0 30 60 51 51
5337 0 60 0 0 5137 0 30 0 0 60 60 51 51
5337 0 60 0 0 5137 0 30 0 0 90 60 51 51
5337 0 60 0 0 5137 0 30 0 0 120 60 52 52
5337 0 60 0 0 5137 0 30 0 0 150 59 51 51
5337 0 60 0 0 5137 0 30 0 0 180 59 51 51
5337 0 60 0 0 5137 0 40 0 0 0 60 51 51
5337 0 60 0 0 5137 0 40 0 0 30 60 50 50
5337 0 60 0 0 5137 0 40 0 0 60 60 51 51
5337 0 60 0 0 5137 0 40 0 0 90 59 51 51
5337 0 60 0 0 5137 0 40 0 0 120 59 51 51
5337 0 60 0 0 5137 0 40 0 0 150 59 51 51
5337 0 60 0 0 5137 0 40 0 0 180 59 50 50
5337 0 60 0 0 5137 0 50 0 0 0 59 51 51
5337 0 60 0 0 5137 0 50 0 0 30 59 51 51
5337 0 60 0 0 5137 0 50 0 0 60 59 51 51
5337 0 60 0 0 5137 0 50 0 0 90 59 51 51
5337 0 60 0 0 5137 0 50 0 0 120 58 51 51
5337 0 60 0 0 5137 0 50 0 0 150 58 51 51
5337 0 60 0 0 5137 0 50 0 0 180 58 51 51
5337 0 60 0 0 5137 0 60 0 0 0 58 52 52
5337 0 60 0 0 5137 0 60 0 0 30 58 52 52
5337 0 60 0 0 5137 0 60 0 0 60 58 52 52
5337 0 60 0 0 5137 0 60 0 0 90 57 52 52
5337 0 60 0 0 5137 0 60 0 0 120 57 52 52
5337 0 60 0 0 5137 0 60 0 0 150 57 52 52
5337 0 60 0 0 5137 0 60 0 0 180 57 53 53
5337 0 60 0 0 5137 0 0 0 0 0 61 55 55
5337 0 60 0 0 5137 0 0 0 0 30 61 55 55
5337 0 60 0 0 5137 0 0 0 0 60 61 55 55
5337 0 60 0 0 5137 0 0 0 0 90 61 55 55
5337 0 60 0 0 5137 0 0 0 0 120 60 55 55
5337 0 60 0 0 5137 0 0 0 0 150 60 55 55
5337 0 60 0 0 5137 0 0 0 0 180 60 55 55
5337 0 60 0 0 5137 0 10 0 0 0 61 55 55
5337 0 60 0 0 5137 0 10 0 0 30 61 55 55
5337 0 60 0 0 5137 0 10 0 0 60 61 55 55
5337 0 60 0 0 5137 0 10 0 0 90 61 55 55
5337 0 60 0 0 5137 0 10 0 0 120 60 55 55
5337 0 60 0 0 5137 0 10 0 0 150 60 55 55
5337 0 60 0 0 5137 0 10 0 0 180 60 54 54
5337 0 60 0 0 5137 0 20 0 0 0 61 53 53
5337 0 60 0 0 5137 0 20 0 0 30 61 53 53
5337 0 60 0 0 5137 0 20 0 0 60 61 53 53
5337 0 60 0 0 5137 0 20 0 0 90 60 54 54
5337 0 60 0 0 5137 0 20 0 0 120 60 54 54
5337 0 60 0 0 5137 0 20 0 0 150 60 54 54
5337 0 60 0 0 5137 0 20 0 0 180 59 53 53
5337 0 60 0 0 5137 0 30 0 0 0 61 50 50
5337 0 60 0 0 5137 0 30 0 0 30 60 51 51
5337 0 60 0 0 5137 0 30 0 0 60 60 51 51
5337 0 60 0 0 5137 0 30 0 0 90 60 51 51
5337 0 60 0 0 5137 0 30 0 0 120 60 52 52
5337 0 60 0 0 5137 0 30 0 0 150 59 51 51
5337 0 60 0 0 5137 0 30 0 0 180 59 51 51
5337 0 60 0 0 5137 0 40 0 0 0 60 50 50
5337 0 60 0 0 5137 0 40 0 0 30 60 51 51
5337 0 60 0 0 5137 0 40 0 0 60 60 51 51
5337 0 60 0 0 5137 0 40 0 0 90 60 51 51
5337 0 60 0 0 5137 0 40 0 0 120 59 51 51
5337 0 60 0 0 5137 0 40 0 0 150 59 51 51
5337 0 60 0 0 5137 0 40 0 0 180 59 51 51
5337 0 60 0 0 5137 0 50 0 0 0 59 51 51
5337 0 60 0 0 5137 0 50 0 0 30 59 51 51
5337 0 60 0 0 5137 0 50 0 0 60 59 51 51
5337 0 60 0 0 5137 0 50 0 0 90 59 51 51
5337 0 60 0 0 5137 0 50 0 0 120 58 51 51
5337 0 60 0 0 5137 0 50 0 0 150 58 51 51
5337 0 60 0 0 5137 0 50 0 0 180 58 52 52
5337 0 60 0 0 5137 0 60 0 0 0 58 52 52
5337 0 60 0 0 5137 0 60 0 0 30 58 52 52
5337 0 60 0 0 5137 0 60 0 0 60 58 52 52
5337 0 60 0 0 5137 0 60 0 0 90 57 52 52
5337 0 60 0 0 5137 0 60 0 0 120 57 52 52
5337 0 60 0 0 5137 0 60 0 0 150 57 52 52
5337 0 60 0 0 5137 0 60 0 0 180 57 52 52
5337 0 60 0 0 5137 0 0 0 0 0 61 55 55
5337 0 60 0 0 5137 0 0 0 0 30 61 55 55
5337 0 60 0 0 5137 0 0 0 0 60 61 55 55
5337 0 60 0 0 5137 0 0 0 0 90 61 55 55
5337 0 60 0 0 5137 0 0 0 0 120 60 55 55
5337 0 60 0 0 5137 0 0 0 0 150 60 55 55
5337 0 60 0 0 5137 0 0 0 0 180 60 54 54
5337 0 60 0 0 5137 0 10 0 0 0 61 54 54
5337 0 60 0 0 5137 0 10 0 0 30 61 54 54
5337 0 60 0 0 5137 0 10 0 0 60 61 54 54
5337 0 60 0 0 5137 0 10 0 0 90 61 54 54
5337 0 60 0 0 5137 0 10 0 0 120 60 55 55
5337 0 60 0 0 5137 0 10 0 0 150 60 55 55
5337 0 60 0 0 5137 0 10 0 0 180 59 54 54
5337 0 60 0 0 5137 0 20 0 0 0 61 52 52
5337 0 60 0 0 5137 0 20 0 0 30 61 52 52
5337 0 60 0 0 5137 0 20 0 0 60 61 52 52
5337 0 60 0 0 5137 0 20 0 0 90 61 53 53
5337 0 60 0 0 5137 0 20 0 0 120 60 54 54
5337 0 60 0 0 5137 0 20 0 0 150 60 54 54
5337 0 60 0 0 5137 0 20 0 0 180 59 53 53
5337 0 60 0 0 5137 0 30 0 0 0 61 50 50
5337 0 60 0 0 5137 0 30 0 0 30 61 51 51
5337 0 60 0 0 5137 0 30 0 0 60 60 51 51
5337 0 60 0 0 5137 0 30 0 0 90 60 51 51
5337 0 60 0 0 5137 0 30 0 0 120 60 52 52
5337 0 60 0 0 5137 0 30 0 0 150 59 52 52
5337 0 60 0 0 5137 0 30 0 0 180 59 51 51
5337 0 60 0 0 5137 0 40 0 0 0 60 50 50
5337 0 60 0 0 5137 0 40 0 0 30 60 51 51
5337 0 60 0 0 5137 0 40 0 0 60 60 51 51
5337 0 60 0 0 5137 0 40 0 0 90 60 51 51
5337 0 60 0 0 5137 0 40 0 0 120 59 51 51
5337 0 60 0 0 5137 0 40 0 0 150 59 51 51
5337 0 60 0 0 5137 0 40 0 0 180 59 51 51
5337 0 60 0 0 5137 0 50 0 0 0 59 51 51
5337 0 60 0 0 5137 0 50 0 0 30 59 51 51
5337 0 60 0 0 5137 0 50 0 0 60 59 51 51
5337 0 60 0 0 5137 0 50 0 0 90 59 51 51
5337 0 60 0 0 5137 0 50 0 0 120 59 51 51
5337 0 60 0 0 5137 0 50 0 0 150 58 51 51
5337 0 60 0 0 5137 0 50 0 0 180 58 52 52
5337 0 60 0 0 5137 0 60 0 0 0 57 52 52
5337 0 60 0 0 5137 0 60 0 0 30 57 52 52
5337 0 60 0 0 5137 0 60 0 0 60 57 52 52
5337 0 60 0 0 5137 0 60 0 0 90 57 52 52
5337 0 60 0 0 5137 0 60 0 0 120 57 52 52
5337 0 60 0 0 5137 0 60 0 0 150 57 52 52
5337 0 60 0 0 5137 0 60 0 0 180 57 52 52
5337 0 60 0 0 5137 0 0 0 0 0 61 54 54
5337 0 60 0 0 5137 0 0 0 0 30 61 54 54
5337 0 60 0 0 5137 0 0 0 0 60 61 54 54
5337 0 60 0 0 5137 0 0 0 0 90 61 54 54
5337 0 60 0 0 5137 0 0 0 0 120 61 55 55
5337 0 60 0 0 5137 0 0 0 0 150 60 55 55
5337 0 60 0 0 5137 0 0 0 0 180 60 54 54
5337 0 60 0 0 5137 0 10 0 0 0 61 53 53
5337 0 60 0 0 5137 0 10 0 0 30 61 53 53
5337 0 60 0 0 5137 0 10 0 0 60 61 53 53
5337 0 60 0 0 5137 0 10 0 0 90 61 54 54
5337 0 60 0 0 5137 0 10 0 0 120 61 54 54
5337 0 60 0 0 5137 0 10 0 0 150 60 55 55
5337 0 60 0 0 5137 0 10 0 0 180 60 54 54
5337 0 60 0 0 5137 0 20 0 0 0 61 51 51
5337 0 60 0 0 5137 0 20 0 0 30 61 51 51
5337 0 60 0 0 5137 0 20 0 0 60 61 52 52
5337 0 60 0 0 5137 0 20 0 0 90 61 52 52
5337 0 60 0 0 5137 0 20 0 0 120 60 53 53
5337 0 60 0 0 5137 0 20 0 0 150 60 54 54
5337 0 60 0 0 5137 0 20 0 0 180 59 52 52
5337 0 60 0 0 5137 0 30 0 0 0 60 50 50
5337 0 60 0 0 5137 0 30 0 0 30 60 51 51
5337 0 60 0 0 5137 0 30 0 0 60 60 51 51
5337 0 60 0 0 5137 0 30 0 0 90 60 51 51
5337 0 60 0 0 5137 0 30 0 0 120 60 52 52
5337 0 60 0 0 5137 0 30 0 0 150 60 53 53
5337 0 60 0 0 5137 0 30 0 0 180 59 52 52
5337 0 60 0 0 5137 0 40 0 0 0 60 51 51
5337 0 60 0 0 5137 0 40 0 0 30 60 51 51
5337 0 60 0 0 5137 0 40 0 0 60 60 51 51
5337 0 60 0 0 5137 0 40 0 0 90 60 51 51
5337 0 60 0 0 5137 0 40 0 0 120 60 51 51
5337 0 60 0 0 5137 0 40 0 0 150 59 52 52
5337 0 60 0 0 5137 0 40 0 0 180 59 52 52
5337 0 60 0 0 5137 0 50 0 0 0 59 51 51
5337 0 60 0 0 5137 0 50 0 0 30 59 51 51
5337 0 60 0 0 5137 0 50 0 0 60 59 51 51
5337 0 60 0 0 5137 0 50 0 0 90 59 51 51
5337 0 60 0 0 5137 0 50 0 0 120 59 51 51
5337 0 60 0 0 5137 0 50 0 0 150 58 51 51
5337 0 60 0 0 5137 0 50 0 0 180 58 52 52
5337 0 60 0 0 5137 0 60 0 0 0 57 52 52
5337 0 60 0 0 5137 0 60 0 0 30 57 52 52
5337 0 60 0 0 5137 0 60 0 0 60 57 52 52
5337 0 60 0 0 5137 0 60 0 0 90 57 52 52
5337 0 60 0 0 5137 0 60 0 0 120 57 52 52
5337 0 60 0 0 5137 0 60 0 0 150 56 52 52
5337 0 60 0 0 5137 0 60 0 0 180 56 52 52
5337 0 60 0 0 5337 0 0 0 0 0 42 46 46
5337 0 60 0 0 5337 0 0 0 0 30 48 48 48
5337 0 60 0 0 5337 0 0 0 0 60 56 52 52
5337 0 60 0 0 5337 0 0 0 0 90 64 57 57
5337 0 60 0 0 5337 0 0 0 0 120 71 61 61
5337 0 60 0 0 5337 0 0 0 0 150 74 65 65
5337 0 60 0 0 5337 0 0 0 0 180 74 65 65
5337 0 60 0 0 5337 0 10 0 0 0 42 44 44
5337 0 60 0 0 5337 0 10 0 0 30 48 47 47
5337 0 60 0 0 5337 0 10 0 0 60 56 51 51
5337 0 60 0 0 5337 0 10 0 0 90 64 56 56
5337 0 60 0 0 5337 0 10 0 0 120 71 62 62
5337 0 60 0 0 5337 0 10 0 0 150 74 65 65
5337 0 60 0 0 5337 0 10 0 0 180 74 66 66
5337 0 60 0 0 5337 0 20 0 0 0 41 41 41
5337 0 60 0 0 5337 0 20 0 0 30 47 45 45
5337 0 60 0 0 5337 0 20 0 0 60 56 50 50
5337 0 60 0 0 5337 0 20 0 0 90 64 55 55
5337 0 60 0 0 5337 0 20 0 0 120 71 61 61
5337 0 60 0 0 5337 0 20 0 0 150 74 65 65
5337 0 60 0 0 5337 0 20 0 0 180 74 66 66
5337 0 60 0 0 5337 0 30 0 0 0 40 37 37
5337 0 60 0 0 5337 0 30 0 0 30 47 40 40
5337 0 60 0 0 5337 0 30 0 0 60 55 46 46
5337 0 60 0 0 5337 0 30 0 0 90 64 52 52
5337 0 60 0 0 5337 0 30 0 0 120 71 58 58
5337 0 60 0 0 5337 0 30 0 0 150 73 63 63
5337 0 60 0 0 5337 0 30 0 0 180 73 63 63
5337 0 60 0 0 5337 0 40 0 0 0 39 35 35
5337 0 60 0 0 5337 0 40 0 0 30 46 39 39
5337 0 60 0 0 5337 0 40 0 0 60 55 46 46
5337 0 60 0 0 5337 0 40 0 0 90 63 52 52
5337 0 60 0 0 5337 0 40 0 0 120 70 59 59
5337 0 60 0 0 5337 0 40 0 0 150 73 62 62
5337 0 60 0 0 5337 0 40 0 0 180 73 62 62
5337 0 60 0 0 5337 0 50 0 0 0 38 34 34
5337 0 60 0 0 5337 0 50 0 0 30 46 39 39
5337 0 60 0 0 5337 0 50 0 0 60 54 46 46
5337 0 60 0 0 5337 0 50 0 0 90 62 53 53
5337 0 60 0 0 5337 0 50 0 0 120 69 60 60
5337 0 60 0 0 5337 0 50 0 0 150 72 63 63
5337 0 60 0 0 5337 0 50 0 0 180 72 63 63
5337 0 60 0 0 5337 0 60 0 0 0 36 34 34
5337 0 60 0 0 5337 0 60 0 0 30 45 40 40
5337 0 60 0 0 5337 0 60 0 0 60 53 47 47
5337 0 60 0 0 5337 0 60 0 0 90 61 55 55
5337 0 60 0 0 5337 0 60 0 0 120 67 61 61
5337 0 60 0 0 5337 0 60 0 0 150 70 65 65
5337 0 60 0 0 5337 0 60 0 0 180 70 65 65
5337 0 60 0 0 5337 0 0 0 0 0 42 46 46
5337 0 60 0 0 5337 0 0 0 0 30 47 48 48
5337 0 60 0 0 5337 0 0 0 0 60 53 50 50
5337 0 60 0 0 5337 0 0 0 0 90 61 55 55
5337 0 60 0 0 5337 0 0 0 0 120 69 60 60
5337 0 60 0 0 5337 0 0 0 0 150 74 65 65
5337 0 60 0 0 5337 0 0 0 0 180 74 65 65
5337 0 60 0 0 5337 0 10 0 0 0 42 44 44
5337 0 60 0 0 5337 0 10 0 0 30 46 46 46
5337 0 60 0 0 5337 0 10 0 0 60 53 49 49
5337 0 60 0 0 5337 0 10 0 0 90 61 54 54
5337 0 60 0 0 5337 0 10 0 0 120 69 60 60
5337 0 60 0 0 5337 0 10 0 0 150 73 65 65
5337 0 60 0 0 5337 0 10 0 0 180 74 65 65
5337 0 60 0 0 5337 0 20 0 0 0 42 41 41
5337 0 60 0 0 5337 0 20 0 0 30 46 44 44
5337 0 60 0 0 5337 0 20 0 0 60 53 48 48
5337 0 60 0 0 5337 0 20 0 0 90 61 53 53
5337 0 60 0 0 5337 0 20 0 0 120 69 59 59
5337 0 60 0 0 5337 0 20 0 0 150 73 65 65
5337 0 60 0 0 5337 0 20 0 0 180 74 65 65
5337 0 60 0 0 5337 0 30 0 0 0 41 36 36
5337 0 60 0 0 5337 0 30 0 0 30 46 39 39
5337 0 60 0 0 5337 0 30 0 0 60 53 44 44
5337 0 60 0 0 5337 0 30 0 0 90 60 50 50
5337 0 60 0 0 5337 0 30 0 0 120 68 57 57
5337 0 60 0 0 5337 0 30 0 0 150 73 63 63
5337 0 60 0 0 5337 0 30 0 0 180 73 63 63
5337 0 60 0 0 5337 0 40 0 0 0 40 35 35
5337 0 60 0 0 5337 0 40 0 0 30 45 38 38
5337 0 60 0 0 5337 0 40 0 0 60 52 43 43
5337 0 60 0 0 5337 0 40 0 0 90 60 50 50
5337 0 60 0 0 5337 0 40 0 0 120 68 56 56
5337 0 60 0 0 5337 0 40 0 0 150 72 62 62
5337 0 60 0 0 5337 0 40 0 0 180 73 62 62
5337 0 60 0 0 5337 0 50 0 0 0 39 34 34
5337 0 60 0 0 5337 0 50 0 0 30 44 38 38
5337 0 60 0 0 5337 0 50 0 0 60 51 44 44
5337 0 60 0 0 5337 0 50 0 0 90 59 50 50
5337 0 60 0 0 5337 0 50 0 0 120 67 57 57
5337 0 60 0 0 5337 0 50 0 0 150 71 63 63
5337 0 60 0 0 5337 0 50 0 0 180 72 63 63
5337 0 60 0 0 5337 0 60 0 0 0 38 34 34
5337 0 60 0 0 5337 0 60 0 0 30 43 38 38
5337 0 60 0 0 5337 0 60 0 0 60 50 44 44
5337 0 60 0 0 5337 0 60 0 0 90 58 51 51
5337 0 60 0 0 5337 0 60 0 0 120 65 58 58
5337 0 60 0 0 5337 0 60 0 0 150 70 65 65
5337 0 60 0 0 5337 0 60 0 0 180 70 65 65
5337 0 60 0 0 5337 0 0 0 0 0 43 46 46
5337 0 60 0 0 5337 0 0 0 0 30 46 48 48
5337 0 60 0 0 5337 0 0 0 0 60 51 50 50
5337 0 60 0 0 5337 0 0 0 0 90 58 53 53
5337 0 60 0 0 5337 0 0 0 0 120 66 58 58
5337 0 60 0 0 5337 0 0 0 0 150 72 65 65
5337 0 60 0 0 5337 0 0 0 0 180 74 64 64
5337 0 60 0 0 5337 0 10 0 0 0 43 44 44
5337 0 60 0 0 5337 0 10 0 0 30 46 46 46
5337 0 60 0 0 5337 0 10 0 0 60 51 48 48
5337 0 60 0 0 5337 0 10 0 0 90 58 52 52
5337 0 60 0 0 5337 0 10 0 0 120 66 58 58
5337 0 60 0 0 5337 0 10 0 0 150 72 65 65
5337 0 60 0 0 5337 0 10 0 0 180 74 65 65
5337 0 60 0 0 5337 0 20 0 0 0 43 42 42
5337 0 60 0 0 5337 0 20 0 0 30 46 43 43
5337 0 60 0 0 5337 0 20 0 0 60 51 46 46
5337 0 60 0 0 5337 0 20 0 0 90 58 51 51
5337 0 60 0 0 5337 0 20 0 0 120 66 57 57
5337 0 60 0 0 5337 0 20 0 0 150 72 65 65
5337 0 60 0 0 5337 0 20 0 0 180 74 65 65
5337 0 60 0 0 5337 0 30 0 0 0 42 37 37
5337 0 60 0 0 5337 0 30 0 0 30 45 39 39
5337 0 60 0 0 5337 0 30 0 0 60 50 42 42
5337 0 60 0 0 5337 0 30 0 0 90 57 48 48
5337 0 60 0 0 5337 0 30 0 0 120 66 54 54
5337 0 60 0 0 5337 0 30 0 0 150 72 62 62
5337 0 60 0 0 5337 0 30 0 0 180 74 62 62
5337 0 60 0 0 5337 0 40 0 0 0 42 36 36
5337 0 60 0 0 5337 0 40 0 0 30 44 38 38
5337 0 60 0 0 5337 0 40 0 0 60 50 41 41
5337 0 60 0 0 5337 0 40 0 0 90 57 47 47
5337 0 60 0 0 5337 0 40 0 0 120 65 54 54
5337 0 60 0 0 5337 0 40 0 0 150 71 61 61
5337 0 60 0 0 5337 0 40 0 0 180 73 62 62
5337 0 60 0 0 5337 0 50 0 0 0 41 35 35
5337 0 60 0 0 5337 0 50 0 0 30 43 37 37
5337 0 60 0 0 5337 0 50 0 0 60 49 41 41
5337 0 60 0 0 5337 0 50 0 0 90 56 47 47
5337 0 60 0 0 5337 0 50 0 0 120 65 54 54
5337 0 60 0 0 5337 0 50 0 0 150 70 62 62
5337 0 60 0 0 5337 0 50 0 0 180 72 63 63
5337 0 60 0 0 5337 0 60 0 0 0 40 36 36
5337 0 60 0 0 5337 0 60 0 0 30 42 36 36
5337 0 60 0 0 5337 0 60 0 0 60 48 42 42
5337 0 60 0 0 5337 0 60 0 0 90 55 48 48
5337 0 60 0 0 5337 0 60 0 0 120 63 55 55
5337 0 60 0 0 5337 0 60 0 0 150 68 63 63
5337 0 60 0 0 5337 0 60 0 0 180 70 65 65
5337 0 60 0 0 5337 0 0 0 0 0 45 46 46
5337 0 60 0 0 5337 0 0 0 0 30 46 47 47
5337 0 60 0 0 5337 0 0 0 0 60 49 49 49
5337 0 60 0 0 5337 0 0 0 0 90 55 52 52
5337 0 60 0 0 5337 0 0 0 0 120 63 56 56
5337 0 60 0 0 5337 0 0 0 0 150 71 64 64
5337 0 60 0 0 5337 0 0 0 0 180 74 63 63
5337 0 60 0 0 5337 0 10 0 0 0 45 45 45
5337 0 60 0 0 5337 0 10 0 0 30 46 46 46
5337 0 60 0 0 5337 0 10 0 0 60 49 48 48
5337 0 60 0 0 5337 0 10 0 0 90 55 50 50
5337 0 60 0 0 5337 0 10 0 0 120 63 56 56
5337 0 60 0 0 5337 0 10 0 0 150 71 64 64
5337 0 60 0 0 5337 0 10 0 0 180 74 64 64
5337 0 60 0 0 5337 0 20 0 0 0 45 42 42
5337 0 60 0 0 5337 0 20 0 0 30 46 43 43
5337 0 60 0 0 5337 0 20 0 0 60 49 45 45
5337 0 60 0 0 5337 0 20 0 0 90 55 49 49
5337 0 60 0 0 5337 0 20 0 0 120 63 54 54
5337 0 60 0 0 5337 0 20 0 0 150 70 63 63
5337 0 60 0 0 5337 0 20 0 0 180 74 63 63
5337 0 60 0 0 5337 0 30 0 0 0 44 38 38
5337 0 60 0 0 5337 0 30 0 0 30 46 39 39
5337 0 60 0 0 5337 0 30 0 0 60 49 42 42
5337 0 60 0 0 5337 0 30 0 0 90 54 46 46
5337 0 60 0 0 5337 0 30 0 0 120 63 52 52
5337 0 60 0 0 5337 0 30 0 0 150 70 60 60
5337 0 60 0 0 5337 0 30 0 0 180 73 62 62
5337 0 60 0 0 5337 0 40 0 0 0 44 37 37
5337 0 60 0 0 5337 0 40 0 0 30 45 38 38
5337 0 60 0 0 5337 0 40 0 0 60 48 40 40
5337 0 60 0 0 5337 0 40 0 0 90 54 45 45
5337 0 60 0 0 5337 0 40 0 0 120 62 51 51
5337 0 60 0 0 5337 0 40 0 0 150 69 60 60
5337 0 60 0 0 5337 0 40 0 0 180 73 62 62
5337 0 60 0 0 5337 0 50 0 0 0 43 37 37
5337 0 60 0 0 5337 0 50 0 0 30 44 37 37
5337 0 60 0 0 5337 0 50 0 0 60 47 40 40
5337 0 60 0 0 5337 0 50 0 0 90 53 44 44
5337 0 60 0 0 5337 0 50 0 0 120 62 51 51
5337 0 60 0 0 5337 0 50 0 0 150 68 60 60
5337 0 60 0 0 5337 0 50 0 0 180 72 63 63
5337 0 60 0 0 5337 0 60 0 0 0 43 37 37
5337 0 60 0 0 5337 0 60 0 0 30 44 37 37
5337 0 60 0 0 5337 0 60 0 0 60 46 39 39
5337 0 60 0 0 5337 0 60 0 0 90 52 45 45
5337 0 60 0 0 5337 0 60 0 0 120 60 52 52
5337 0 60 0 0 5337 0 60 0 0 150 66 61 61
5337 0 60 0 0 5337 0 60 0 0 180 70 64 64
5337 0 60 0 0 5337 0 0 0 0 0 47 47 47
5337 0 60 0 0 5337 0 0 0 0 30 47 48 48
5337 0 60 0 0 5337 0 0 0 0 60 49 49 49
5337 0 60 0 0 5337 0 0 0 0 90 52 51 51
5337 0 60 0 0 5337 0 0 0 0 120 60 54 54
5337 0 60 0 0 5337 0 0 0 0 150 69 63 63
5337 0 60 0 0 5337 0 0 0 0 180 73 62 62
5337 0 60 0 0 5337 0 10 0 0 0 47 45 45
5337 0 60 0 0 5337 0 10 0 0 30 47 46 46
5337 0 60 0 0 5337 0 10 0 0 60 49 47 47
5337 0 60 0 0 5337 0 10 0 0 90 52 49 49
5337 0 60 0 0 5337 0 10 0 0 120 60 53 53
5337 0 60 0 0 5337 0 10 0 0 150 68 62 62
5337 0 60 0 0 5337 0 10 0 0 180 73 62 62
5337 0 60 0 0 5337 0 20 0 0 0 46 43 43
5337 0 60 0 0 5337 0 20 0 0 30 47 43 43
5337 0 60 0 0 5337 0 20 0 0 60 49 45 45
5337 0 60 0 0 5337 0 20 0 0 90 52 47 47
5337 0 60 0 0 5337 0 20 0 0 120 60 52 52
5337 0 60 0 0 5337 0 20 0 0 150 68 61 61
5337 0 60 0 0 5337 0 20 0 0 180 73 62 62
5337 0 60 0 0 5337 0 30 0 0 0 46 40 40
5337 0 60 0 0 5337 0 30 0 0 30 47 40 40
5337 0 60 0 0 5337 0 30 0 0 60 48 42 42
5337 0 60 0 0 5337 0 30 0 0 90 52 44 44
5337 0 60 0 0 5337 0 30 0 0 120 59 49 49
5337 0 60 0 0 5337 0 30 0 0 150 68 59 59
5337 0 60 0 0 5337 0 30 0 0 180 73 62 62
5337 0 60 0 0 5337 0 40 0 0 0 46 39 39
5337 0 60 0 0 5337 0 40 0 0 30 47 39 39
5337 0 60 0 0 5337 0 40 0 0 60 48 40 40
5337 0 60 0 0 5337 0 40 0 0 90 51 43 43
5337 0 60 0 0 5337 0 40 0 0 120 59 49 49
5337 0 60 0 0 5337 0 40 0 0 150 67 58 58
5337 0 60 0 0 5337 0 40 0 0 180 72 62 62
5337 0 60 0 0 5337 0 50 0 0 0 46 39 39
5337 0 60 0 0 5337 0 50 0 0 30 46 39 39
5337 0 60 0 0 5337 0 50 0 0 60 47 39 39
5337 0 60 0 0 5337 0 50 0 0 90 50 42 42
5337 0 60 0 0 5337 0 50 0 0 120 58 48 48
5337 0 60 0 0 5337 0 50 0 0 150 66 58 58
5337 0 60 0 0 5337 0 50 0 0 180 71 63 63
5337 0 60 0 0 5337 0 60 0 0 0 45 39 39
5337 0 60 0 0 5337 0 60 0 0 30 46 39 39
5337 0 60 0 0 5337 0 60 0 0 60 47 39 39
5337 0 60 0 0 5337 0 60 0 0 90 49 42 42
5337 0 60 0 0 5337 0 60 0 0 120 57 48 48
5337 0 60 0 0 5337 0 60 0 0 150 64 58 58
5337 0 60 0 0 5337 0 60 0 0 180 69 64 64
5337 0 60 0 0 5337 0 0 0 0 0 49 47 47
5337 0 60 0 0 5337 0 0 0 0 30 49 48 48
5337 0 60 0 0 5337 0 0 0 0 60 50 49 49
5337 0 60 0 0 5337 0 0 0 0 90 51 50 50
5337 0 60 0 0 5337 0 0 0 0 120 56 53 53
5337 0 60 0 0 5337 0 0 0 0 150 66 60 60
5337 0 60 0 0 5337 0 0 0 0 180 72 60 60
5337 0 60 0 0 5337 0 10 0 0 0 49 46 46
5337 0 60 0 0 5337 0 10 0 0 30 49 46 46
5337 0 60 0 0 5337 0 10 0 0 60 50 47 47
5337 0 60 0 0 5337 0 10 0 0 90 51 49 49
5337 0 60 0 0 5337 0 10 0 0 120 56 52 52
5337 0 60 0 0 5337 0 10 0 0 150 66 60 60
5337 0 60 0 0 5337 0 10 0 0 180 72 61 61
5337 0 60 0 0 5337 0 20 0 0 0 48 44 44
5337 0 60 0 0 5337 0 20 0 0 30 49 44 44
5337 0 60 0 0 5337 0 20 0 0 60 50 44 44
5337 0 60 0 0 5337 0 20 0 0 90 51 46 46
5337 0 60 0 0 5337 0 20 0 0 120 56 50 50
5337 0 60 0 0 5337 0 20 0 0 150 66 58 58
5337 0 60 0 0 5337 0 20 0 0 180 72 60 60
5337 0 60 0 0 5337 0 30 0 0 0 48 42 42
5337 0 60 0 0 5337 0 30 0 0 30 49 42 42
5337 0 60 0 0 5337 0 30 0 0 60 49 42 42
5337 0 60 0 0 5337 0 30 0 0 90 51 44 44
5337 0 60 0 0 5337 0 30 0 0 120 56 48 48
5337 0 60 0 0 5337 0 30 0 0 150 65 56 56
5337 0 60 0 0 5337 0 30 0 0 180 71 61 61
5337 0 60 0 0 5337 0 40 0 0 0 48 41 41
5337 0 60 0 0 5337 0 40 0 0 30 49 41 41
5337 0 60 0 0 5337 0 40 0 0 60 49 41 41
5337 0 60 0 0 5337 0 40 0 0 90 50 42 42
5337 0 60 0 0 5337 0 40 0 0 120 55 46 46
5337 0 60 0 0 5337 0 40 0 0 150 65 56 56
5337 0 60 0 0 5337 0 40 0 0 180 71 62 62
5337 0 60 0 0 5337 0 50 0 0 0 48 40 40
5337 0 60 0 0 5337 0 50 0 0 30 48 40 40
5337 0 60 0 0 5337 0 50 0 0 60 49 41 41
5337 0 60 0 0 5337 0 50 0 0 90 50 42 42
5337 0 60 0 0 5337 0 50 0 0 120 54 46 46
5337 0 60 0 0 5337 0 50 0 0 150 63 55 55
5337 0 60 0 0 5337 0 50 0 0 180 70 63 63
5337 0 60 0 0 5337 0 60 0 0 0 48 41 41
5337 0 60 0 0 5337 0 60 0 0 30 48 40 40
5337 0 60 0 0 5337 0 60 0 0 60 49 41 41
5337 0 60 0 0 5337 0 60 0 0 90 50 41 41
5337 0 60 0 0 5337 0 60 0 0 120 53 45 45
5337 0 60 0 0 5337 0 60 0 0 150 61 56 56
5337 0 60 0 0 5337 0 60 0 0 180 67 64 64
