4937 0 50 0 0 4737 0 0 0 0 0 61 52 52
4937 0 50 0 0 4737 0 0 0 0 30 61 52 52
4937 0 50 0 0 4737 0 0 0 0 60 61 52 52
4937 0 50 0 0 4737 0 0 0 0 90 60 52 52
4937 0 50 0 0 4737 0 0 0 0 120 60 52 52
4937 0 50 0 0 4737 0 0 0 0 150 60 52 52
4937 0 50 0 0 4737 0 0 0 0 180 60 53 53
4937 0 50 0 0 4737 0 10 0 0 0 61 52 52
4937 0 50 0 0 4737 0 10 0 0 30 61 52 52
4937 0 50 0 0 4737 0 10 0 0 60 61 52 52
4937 0 50 0 0 4737 0 10 0 0 90 60 51 51
4937 0 50 0 0 4737 0 10 0 0 120 60 51 51
4937 0 50 0 0 4737 0 10 0 0 150 60 52 52
4937 0 50 0 0 4737 0 10 0 0 180 60 52 52
4937 0 50 0 0 4737 0 20 0 0 0 60 50 50
4937 0 50 0 0 4737 0 20 0 0 30 61 50 50
4937 0 50 0 0 4737 0 20 0 0 60 60 50 50
4937 0 50 0 0 4737 0 20 0 0 90 60 50 50
4937 0 50 0 0 4737 0 20 0 0 120 60 50 50
4937 0 50 0 0 4737 0 20 0 0 150 60 50 50
4937 0 50 0 0 4737 0 20 0 0 180 60 51 51
4937 0 50 0 0 4737 0 30 0 0 0 60 47 47
4937 0 50 0 0 4737 0 30 0 0 30 60 47 47
4937 0 50 0 0 4737 0 30 0 0 60 60 47 47
4937 0 50 0 0 4737 0 30 0 0 90 60 47 47
4937 0 50 0 0 4737 0 30 0 0 120 60 47 47
4937 0 50 0 0 4737 0 30 0 0 150 59 48 48
4937 0 50 0 0 4737 0 30 0 0 180 59 48 48
4937 0 50 0 0 4737 0 40 0 0 0 60 47 47
4937 0 50 0 0 4737 0 40 0 0 30 60 47 47
4937 0 50 0 0 4737 0 40 0 0 60 60 47 47
4937 0 50 0 0 4737 0 40 0 0 90 59 47 47
4937 0 50 0 0 4737 0 40 0 0 120 59 47 47
4937 0 50 0 0 4737 0 40 0 0 150 59 47 47
4937 0 50 0 0 4737 0 40 0 0 180 59 47 47
4937 0 50 0 0 4737 0 50 0 0 0 59 48 48
4937 0 50 0 0 4737 0 50 0 0 30 59 48 48
4937 0 50 0 0 4737 0 50 0 0 60 59 48 48
4937 0 50 0 0 4737 0 50 0 0 90 58 48 48
4937 0 50 0 0 4737 0 50 0 0 120 58 48 48
4937 0 50 0 0 4737 0 50 0 0 150 58 48 48
4937 0 50 0 0 4737 0 50 0 0 180 58 48 48
4937 0 50 0 0 4737 0 60 0 0 0 57 50 50
4937 0 50 0 0 4737 0 60 0 0 30 57 50 50
4937 0 50 0 0 4737 0 60 0 0 60 57 50 50
4937 0 50 0 0 4737 0 60 0 0 90 57 50 50
4937 0 50 0 0 4737 0 60 0 0 120 57 49 49
4937 0 50 0 0 4737 0 60 0 0 150 57 49 49
4937 0 50 0 0 4737 0 60 0 0 180 57 49 49
4937 0 50 0 0 4737 0 0 0 0 0 60 52 52
4937 0 50 0 0 4737 0 0 0 0 30 61 52 52
4937 0 50 0 0 4737 0 0 0 0 60 61 52 52
4937 0 50 0 0 4737 0 0 0 0 90 60 51 51
4937 0 50 0 0 4737 0 0 0 0 120 60 51 51
4937 0 50 0 0 4737 0 0 0 0 150 60 52 52
4937 0 50 0 0 4737 0 0 0 0 180 60 52 52
4937 0 50 0 0 4737 0 10 0 0 0 60 51 51
4937 0 50 0 0 4737 0 10 0 0 30 61 51 51
4937 0 50 0 0 4737 0 10 0 0 60 60 51 51
4937 0 50 0 0 4737 0 10 0 0 90 60 51 51
4937 0 50 0 0 4737 0 10 0 0 120 60 51 51
4937 0 50 0 0 4737 0 10 0 0 150 60 51 51
4937 0 50 0 0 4737 0 10 0 0 180 60 52 52
4937 0 50 0 0 4737 0 20 0 0 0 60 50 50
4937 0 50 0 0 4737 0 20 0 0 30 60 50 50
4937 0 50 0 0 4737 0 20 0 0 60 60 50 50
4937 0 50 0 0 4737 0 20 0 0 90 60 50 50
4937 0 50 0 0 4737 0 20 0 0 120 60 49 49
4937 0 50 0 0 4737 0 20 0 0 150 59 49 49
4937 0 50 0 0 4737 0 20 0 0 180 59 50 50
4937 0 50 0 0 4737 0 30 0 0 0 60 47 47
4937 0 50 0 0 4737 0 30 0 0 30 60 47 47
4937 0 50 0 0 4737 0 30 0 0 60 60 47 47
4937 0 50 0 0 4737 0 30 0 0 90 60 47 47
4937 0 50 0 0 4737 0 30 0 0 120 59 47 47
4937 0 50 0 0 4737 0 30 0 0 150 59 47 47
4937 0 50 0 0 4737 0 30 0 0 180 59 47 47
4937 0 50 0 0 4737 0 40 0 0 0 59 47 47
4937 0 50 0 0 4737 0 40 0 0 30 59 47 47
4937 0 50 0 0 4737 0 40 0 0 60 59 47 47
4937 0 50 0 0 4737 0 40 0 0 90 59 47 47
4937 0 50 0 0 4737 0 40 0 0 120 59 47 47
4937 0 50 0 0 4737 0 40 0 0 150 59 47 47
4937 0 50 0 0 4737 0 40 0 0 180 58 47 47
4937 0 50 0 0 4737 0 50 0 0 0 58 48 48
4937 0 50 0 0 4737 0 50 0 0 30 59 48 48
4937 0 50 0 0 4737 0 50 0 0 60 59 48 48
4937 0 50 0 0 4737 0 50 0 0 90 58 48 48
4937 0 50 0 0 4737 0 50 0 0 120 58 48 48
4937 0 50 0 0 4737 0 50 0 0 150 58 47 47
4937 0 50 0 0 4737 0 50 0 0 180 58 47 47
4937 0 50 0 0 4737 0 60 0 0 0 57 50 50
4937 0 50 0 0 4737 0 60 0 0 30 57 50 50
4937 0 50 0 0 4737 0 60 0 0 60 57 50 50
4937 0 50 0 0 4737 0 60 0 0 90 57 49 49
4937 0 50 0 0 4737 0 60 0 0 120 57 49 49
4937 0 50 0 0 4737 0 60 0 0 150 56 49 49
4937 0 50 0 0 4737 0 60 0 0 180 56 48 48
4937 0 50 0 0 4737 0 0 0 0 0 60 52 52
4937 0 50 0 0 4737 0 0 0 0 30 60 51 51
4937 0 50 0 0 4737 0 0 0 0 60 60 51 51
4937 0 50 0 0 4737 0 0 0 0 90 60 51 51
4937 0 50 0 0 4737 0 0 0 0 120 60 51 51
4937 0 50 0 0 4737 0 0 0 0 150 60 51 51
4937 0 50 0 0 4737 0 0 0 0 180 59 52 52
4937 0 50 0 0 4737 0 10 0 0 0 60 51 51
4937 0 50 0 0 4737 0 10 0 0 30 60 51 51
4937 0 50 0 0 4737 0 10 0 0 60 60 51 51
4937 0 50 0 0 4737 0 10 0 0 90 60 51 51
4937 0 50 0 0 4737 0 10 0 0 120 60 50 50
4937 0 50 0 0 4737 0 10 0 0 150 59 51 51
4937 0 50 0 0 4737 0 10 0 0 180 59 51 51
4937 0 50 0 0 4737 0 20 0 0 0 60 49 49
4937 0 50 0 0 4737 0 20 0 0 30 60 49 49
4937 0 50 0 0 4737 0 20 0 0 60 60 49 49
4937 0 50 0 0 4737 0 20 0 0 90 60 49 49
4937 0 50 0 0 4737 0 20 0 0 120 60 49 49
4937 0 50 0 0 4737 0 20 0 0 150 59 49 49
4937 0 50 0 0 4737 0 20 0 0 180 59 49 49
4937 0 50 0 0 4737 0 30 0 0 0 60 47 47
4937 0 50 0 0 4737 0 30 0 0 30 60 47 47
4937 0 50 0 0 4737 0 30 0 0 60 60 47 47
4937 0 50 0 0 4737 0 30 0 0 90 60 46 46
4937 0 50 0 0 4737 0 30 0 0 120 59 46 46
4937 0 50 0 0 4737 0 30 0 0 150 59 46 46
4937 0 50 0 0 4737 0 30 0 0 180 59 47 47
4937 0 50 0 0 4737 0 40 0 0 0 59 47 47
4937 0 50 0 0 4737 0 40 0 0 30 59 47 47
4937 0 50 0 0 4737 0 40 0 0 60 59 47 47
4937 0 50 0 0 4737 0 40 0 0 90 59 47 47
4937 0 50 0 0 4737 0 40 0 0 120 59 46 46
4937 0 50 0 0 4737 0 40 0 0 150 58 46 46
4937 0 50 0 0 4737 0 40 0 0 180 58 46 46
4937 0 50 0 0 4737 0 50 0 0 0 58 48 48
4937 0 50 0 0 4737 0 50 0 0 30 58 48 48
4937 0 50 0 0 4737 0 50 0 0 60 58 48 48
4937 0 50 0 0 4737 0 50 0 0 90 58 47 47
4937 0 50 0 0 4737 0 50 0 0 120 58 47 47
4937 0 50 0 0 4737 0 50 0 0 150 57 47 47
4937 0 50 0 0 4737 0 50 0 0 180 57 47 47
4937 0 50 0 0 4737 0 60 0 0 0 57 49 49
4937 0 50 0 0 4737 0 60 0 0 30 57 49 49
4937 0 50 0 0 4737 0 60 0 0 60 57 49 49
4937 0 50 0 0 4737 0 60 0 0 90 57 49 49
4937 0 50 0 0 4737 0 60 0 0 120 57 49 49
4937 0 50 0 0 4737 0 60 0 0 150 56 48 48
4937 0 50 0 0 4737 0 60 0 0 180 56 48 48
4937 0 50 0 0 4737 0 0 0 0 0 60 51 51
4937 0 50 0 0 4737 0 0 0 0 30 60 51 51
4937 0 50 0 0 4737 0 0 0 0 60 60 51 51
4937 0 50 0 0 4737 0 0 0 0 90 60 51 51
4937 0 50 0 0 4737 0 0 0 0 120 60 51 51
4937 0 50 0 0 4737 0 0 0 0 150 59 51 51
4937 0 50 0 0 4737 0 0 0 0 180 59 51 51
4937 0 50 0 0 4737 0 10 0 0 0 60 51 51
4937 0 50 0 0 4737 0 10 0 0 30 60 50 50
4937 0 50 0 0 4737 0 10 0 0 60 60 50 50
4937 0 50 0 0 4737 0 10 0 0 90 60 50 50
4937 0 50 0 0 4737 0 10 0 0 120 60 50 50
4937 0 50 0 0 4737 0 10 0 0 150 59 50 50
4937 0 50 0 0 4737 0 10 0 0 180 59 51 51
4937 0 50 0 0 4737 0 20 0 0 0 60 49 49
4937 0 50 0 0 4737 0 20 0 0 30 60 49 49
4937 0 50 0 0 4737 0 20 0 0 60 60 49 49
4937 0 50 0 0 4737 0 20 0 0 90 60 48 48
4937 0 50 0 0 4737 0 20 0 0 120 59 48 48
4937 0 50 0 0 4737 0 20 0 0 150 59 48 48
4937 0 50 0 0 4737 0 20 0 0 180 59 49 49
4937 0 50 0 0 4737 0 30 0 0 0 59 47 47
4937 0 50 0 0 4737 0 30 0 0 30 60 47 47
4937 0 50 0 0 4737 0 30 0 0 60 60 47 47
4937 0 50 0 0 4737 0 30 0 0 90 59 46 46
4937 0 50 0 0 4737 0 30 0 0 120 59 46 46
4937 0 50 0 0 4737 0 30 0 0 150 59 46 46
4937 0 50 0 0 4737 0 30 0 0 180 59 46 46
4937 0 50 0 0 4737 0 40 0 0 0 59 47 47
4937 0 50 0 0 4737 0 40 0 0 30 59 47 47
4937 0 50 0 0 4737 0 40 0 0 60 59 47 47
4937 0 50 0 0 4737 0 40 0 0 90 59 47 47
4937 0 50 0 0 4737 0 40 0 0 120 58 46 46
4937 0 50 0 0 4737 0 40 0 0 150 58 46 46
4937 0 50 0 0 4737 0 40 0 0 180 58 46 46
4937 0 50 0 0 4737 0 50 0 0 0 58 48 48
4937 0 50 0 0 4737 0 50 0 0 30 58 48 48
4937 0 50 0 0 4737 0 50 0 0 60 58 48 48
4937 0 50 0 0 4737 0 50 0 0 90 58 47 47
4937 0 50 0 0 4737 0 50 0 0 120 58 47 47
4937 0 50 0 0 4737 0 50 0 0 150 57 47 47
4937 0 50 0 0 4737 0 50 0 0 180 57 46 46
4937 0 50 0 0 4737 0 60 0 0 0 57 49 49
4937 0 50 0 0 4737 0 60 0 0 30 57 49 49
4937 0 50 0 0 4737 0 60 0 0 60 57 49 49
4937 0 50 0 0 4737 0 60 0 0 90 57 49 49
4937 0 50 0 0 4737 0 60 0 0 120 56 48 48
4937 0 50 0 0 4737 0 60 0 0 150 56 48 48
4937 0 50 0 0 4737 0 60 0 0 180 55 48 48
4937 0 50 0 0 4737 0 0 0 0 0 60 51 51
4937 0 50 0 0 4737 0 0 0 0 30 60 50 50
4937 0 50 0 0 4737 0 0 0 0 60 60 50 50
4937 0 50 0 0 4737 0 0 0 0 90 60 50 50
4937 0 50 0 0 4737 0 0 0 0 120 60 50 50
4937 0 50 0 0 4737 0 0 0 0 150 59 50 50
4937 0 50 0 0 4737 0 0 0 0 180 59 50 50
4937 0 50 0 0 4737 0 10 0 0 0 60 50 50
4937 0 50 0 0 4737 0 10 0 0 30 60 50 50
4937 0 50 0 0 4737 0 10 0 0 60 60 50 50
4937 0 50 0 0 4737 0 10 0 0 90 60 50 50
4937 0 50 0 0 4737 0 10 0 0 120 59 49 49
4937 0 50 0 0 4737 0 10 0 0 150 59 49 49
4937 0 50 0 0 4737 0 10 0 0 180 59 50 50
4937 0 50 0 0 4737 0 20 0 0 0 60 48 48
4937 0 50 0 0 4737 0 20 0 0 30 60 48 48
4937 0 50 0 0 4737 0 20 0 0 60 60 48 48
4937 0 50 0 0 4737 0 20 0 0 90 60 47 47
4937 0 50 0 0 4737 0 20 0 0 120 59 47 47
4937 0 50 0 0 4737 0 20 0 0 150 59 47 47
4937 0 50 0 0 4737 0 20 0 0 180 59 47 47
4937 0 50 0 0 4737 0 30 0 0 0 59 47 47
4937 0 50 0 0 4737 0 30 0 0 30 59 47 47
4937 0 50 0 0 4737 0 30 0 0 60 59 47 47
4937 0 50 0 0 4737 0 30 0 0 90 59 47 47
4937 0 50 0 0 4737 0 30 0 0 120 59 46 46
4937 0 50 0 0 4737 0 30 0 0 150 58 46 46
4937 0 50 0 0 4737 0 30 0 0 180 58 46 46
4937 0 50 0 0 4737 0 40 0 0 0 59 47 47
4937 0 50 0 0 4737 0 40 0 0 30 59 47 47
4937 0 50 0 0 4737 0 40 0 0 60 59 47 47
4937 0 50 0 0 4737 0 40 0 0 90 59 47 47
4937 0 50 0 0 4737 0 40 0 0 120 58 46 46
4937 0 50 0 0 4737 0 40 0 0 150 58 46 46
4937 0 50 0 0 4737 0 40 0 0 180 58 46 46
4937 0 50 0 0 4737 0 50 0 0 0 58 48 48
4937 0 50 0 0 4737 0 50 0 0 30 58 48 48
4937 0 50 0 0 4737 0 50 0 0 60 58 48 48
4937 0 50 0 0 4737 0 50 0 0 90 58 48 48
4937 0 50 0 0 4737 0 50 0 0 120 58 47 47
4937 0 50 0 0 4737 0 50 0 0 150 57 47 47
4937 0 50 0 0 4737 0 50 0 0 180 57 46 46
4937 0 50 0 0 4737 0 60 0 0 0 56 49 49
4937 0 50 0 0 4737 0 60 0 0 30 56 49 49
4937 0 50 0 0 4737 0 60 0 0 60 56 49 49
4937 0 50 0 0 4737 0 60 0 0 90 56 49 49
4937 0 50 0 0 4737 0 60 0 0 120 56 48 48
4937 0 50 0 0 4737 0 60 0 0 150 56 48 48
4937 0 50 0 0 4737 0 60 0 0 180 55 47 47
4937 0 50 0 0 4737 0 0 0 0 0 60 50 50
4937 0 50 0 0 4737 0 0 0 0 30 60 50 50
4937 0 50 0 0 4737 0 0 0 0 60 60 49 49
4937 0 50 0 0 4737 0 0 0 0 90 60 49 49
4937 0 50 0 0 4737 0 0 0 0 120 59 49 49
4937 0 50 0 0 4737 0 0 0 0 150 59 49 49
4937 0 50 0 0 4737 0 0 0 0 180 59 49 49
4937 0 50 0 0 4737 0 10 0 0 0 60 49 49
4937 0 50 0 0 4737 0 10 0 0 30 60 49 49
4937 0 50 0 0 4737 0 10 0 0 60 60 49 49
4937 0 50 0 0 4737 0 10 0 0 90 60 49 49
4937 0 50 0 0 4737 0 10 0 0 120 59 48 48
4937 0 50 0 0 4737 0 10 0 0 150 59 48 48
4937 0 50 0 0 4737 0 10 0 0 180 59 48 48
4937 0 50 0 0 4737 0 20 0 0 0 59 48 48
4937 0 50 0 0 4737 0 20 0 0 30 60 48 48
4937 0 50 0 0 4737 0 20 0 0 60 59 48 48
4937 0 50 0 0 4737 0 20 0 0 90 59 48 48
4937 0 50 0 0 4737 0 20 0 0 120 59 47 47
4937 0 50 0 0 4737 0 20 0 0 150 59 47 47
4937 0 50 0 0 4737 0 20 0 0 180 58 47 47
4937 0 50 0 0 4737 0 30 0 0 0 59 47 47
4937 0 50 0 0 4737 0 30 0 0 30 59 47 47
4937 0 50 0 0 4737 0 30 0 0 60 59 47 47
4937 0 50 0 0 4737 0 30 0 0 90 59 47 47
4937 0 50 0 0 4737 0 30 0 0 120 59 47 47
4937 0 50 0 0 4737 0 30 0 0 150 58 46 46
4937 0 50 0 0 4737 0 30 0 0 180 58 46 46
4937 0 50 0 0 4737 0 40 0 0 0 59 48 48
4937 0 50 0 0 4737 0 40 0 0 30 59 48 48
4937 0 50 0 0 4737 0 40 0 0 60 59 47 47
4937 0 50 0 0 4737 0 40 0 0 90 59 47 47
4937 0 50 0 0 4737 0 40 0 0 120 58 47 47
4937 0 50 0 0 4737 0 40 0 0 150 58 46 46
4937 0 50 0 0 4737 0 40 0 0 180 57 46 46
4937 0 50 0 0 4737 0 50 0 0 0 58 48 48
4937 0 50 0 0 4737 0 50 0 0 30 58 48 48
4937 0 50 0 0 4737 0 50 0 0 60 58 48 48
4937 0 50 0 0 4737 0 50 0 0 90 58 48 48
4937 0 50 0 0 4737 0 50 0 0 120 58 47 47
4937 0 50 0 0 4737 0 50 0 0 150 57 47 47
4937 0 50 0 0 4737 0 50 0 0 180 56 46 46
4937 0 50 0 0 4737 0 60 0 0 0 56 49 49
4937 0 50 0 0 4737 0 60 0 0 30 56 49 49
4937 0 50 0 0 4737 0 60 0 0 60 56 49 49
4937 0 50 0 0 4737 0 60 0 0 90 56 49 49
4937 0 50 0 0 4737 0 60 0 0 120 56 48 48
4937 0 50 0 0 4737 0 60 0 0 150 56 48 48
4937 0 50 0 0 4737 0 60 0 0 180 54 47 47
4937 0 50 0 0 4937 0 0 0 0 0 41 42 42
4937 0 50 0 0 4937 0 0 0 0 30 48 45 45
4937 0 50 0 0 4937 0 0 0 0 60 56 50 50
4937 0 50 0 0 4937 0 0 0 0 90 64 55 55
4937 0 50 0 0 4937 0 0 0 0 120 71 60 60
4937 0 50 0 0 4937 0 0 0 0 150 74 63 63
4937 0 50 0 0 4937 0 0 0 0 180 74 62 62
4937 0 50 0 0 4937 0 10 0 0 0 41 40 40
4937 0 50 0 0 4937 0 10 0 0 30 48 43 43
4937 0 50 0 0 4937 0 10 0 0 60 56 49 49
4937 0 50 0 0 4937 0 10 0 0 90 64 55 55
4937 0 50 0 0 4937 0 10 0 0 120 71 60 60
4937 0 50 0 0 4937 0 10 0 0 150 74 62 62
4937 0 50 0 0 4937 0 10 0 0 180 74 62 62
4937 0 50 0 0 4937 0 20 0 0 0 41 37 37
4937 0 50 0 0 4937 0 20 0 0 30 47 41 41
4937 0 50 0 0 4937 0 20 0 0 60 56 47 47
4937 0 50 0 0 4937 0 20 0 0 90 64 53 53
4937 0 50 0 0 4937 0 20 0 0 120 71 59 59
4937 0 50 0 0 4937 0 20 0 0 150 74 61 61
4937 0 50 0 0 4937 0 20 0 0 180 74 61 61
4937 0 50 0 0 4937 0 30 0 0 0 40 33 33
4937 0 50 0 0 4937 0 30 0 0 30 47 37 37
4937 0 50 0 0 4937 0 30 0 0 60 55 44 44
4937 0 50 0 0 4937 0 30 0 0 90 64 50 50
4937 0 50 0 0 4937 0 30 0 0 120 71 56 56
4937 0 50 0 0 4937 0 30 0 0 150 73 58 58
4937 0 50 0 0 4937 0 30 0 0 180 73 58 58
4937 0 50 0 0 4937 0 40 0 0 0 39 32 32
4937 0 50 0 0 4937 0 40 0 0 30 46 37 37
4937 0 50 0 0 4937 0 40 0 0 60 55 43 43
4937 0 50 0 0 4937 0 40 0 0 90 63 50 50
4937 0 50 0 0 4937 0 40 0 0 120 70 56 56
4937 0 50 0 0 4937 0 40 0 0 150 72 58 58
4937 0 50 0 0 4937 0 40 0 0 180 72 58 58
4937 0 50 0 0 4937 0 50 0 0 0 39 32 32
4937 0 50 0 0 4937 0 50 0 0 30 46 37 37
4937 0 50 0 0 4937 0 50 0 0 60 54 44 44
4937 0 50 0 0 4937 0 50 0 0 90 62 51 51
4937 0 50 0 0 4937 0 50 0 0 120 69 57 57
4937 0 50 0 0 4937 0 50 0 0 150 71 59 59
4937 0 50 0 0 4937 0 50 0 0 180 71 59 59
4937 0 50 0 0 4937 0 60 0 0 0 38 33 33
4937 0 50 0 0 4937 0 60 0 0 30 44 38 38
4937 0 50 0 0 4937 0 60 0 0 60 53 45 45
4937 0 50 0 0 4937 0 60 0 0 90 61 52 52
4937 0 50 0 0 4937 0 60 0 0 120 67 58 58
4937 0 50 0 0 4937 0 60 0 0 150 69 61 61
4937 0 50 0 0 4937 0 60 0 0 180 69 61 61
4937 0 50 0 0 4937 0 0 0 0 0 40 42 42
4937 0 50 0 0 4937 0 0 0 0 30 46 44 44
4937 0 50 0 0 4937 0 0 0 0 60 53 48 48
4937 0 50 0 0 4937 0 0 0 0 90 61 53 53
4937 0 50 0 0 4937 0 0 0 0 120 69 59 59
4937 0 50 0 0 4937 0 0 0 0 150 73 63 63
4937 0 50 0 0 4937 0 0 0 0 180 74 61 61
4937 0 50 0 0 4937 0 10 0 0 0 40 40 40
4937 0 50 0 0 4937 0 10 0 0 30 46 42 42
4937 0 50 0 0 4937 0 10 0 0 60 53 47 47
4937 0 50 0 0 4937 0 10 0 0 90 61 52 52
4937 0 50 0 0 4937 0 10 0 0 120 69 59 59
4937 0 50 0 0 4937 0 10 0 0 150 73 62 62
4937 0 50 0 0 4937 0 10 0 0 180 74 62 62
4937 0 50 0 0 4937 0 20 0 0 0 40 37 37
4937 0 50 0 0 4937 0 20 0 0 30 46 40 40
4937 0 50 0 0 4937 0 20 0 0 60 53 45 45
4937 0 50 0 0 4937 0 20 0 0 90 61 51 51
4937 0 50 0 0 4937 0 20 0 0 120 69 57 57
4937 0 50 0 0 4937 0 20 0 0 150 73 61 61
4937 0 50 0 0 4937 0 20 0 0 180 74 61 61
4937 0 50 0 0 4937 0 30 0 0 0 39 32 32
4937 0 50 0 0 4937 0 30 0 0 30 45 36 36
4937 0 50 0 0 4937 0 30 0 0 60 53 41 41
4937 0 50 0 0 4937 0 30 0 0 90 60 48 48
4937 0 50 0 0 4937 0 30 0 0 120 68 54 54
4937 0 50 0 0 4937 0 30 0 0 150 72 58 58
4937 0 50 0 0 4937 0 30 0 0 180 73 58 58
4937 0 50 0 0 4937 0 40 0 0 0 38 30 30
4937 0 50 0 0 4937 0 40 0 0 30 45 35 35
4937 0 50 0 0 4937 0 40 0 0 60 52 41 41
4937 0 50 0 0 4937 0 40 0 0 90 60 47 47
4937 0 50 0 0 4937 0 40 0 0 120 68 54 54
4937 0 50 0 0 4937 0 40 0 0 150 72 58 58
4937 0 50 0 0 4937 0 40 0 0 180 73 58 58
4937 0 50 0 0 4937 0 50 0 0 0 37 30 30
4937 0 50 0 0 4937 0 50 0 0 30 44 35 35
4937 0 50 0 0 4937 0 50 0 0 60 51 41 41
4937 0 50 0 0 4937 0 50 0 0 90 59 47 47
4937 0 50 0 0 4937 0 50 0 0 120 67 54 54
4937 0 50 0 0 4937 0 50 0 0 150 71 58 58
4937 0 50 0 0 4937 0 50 0 0 180 71 59 59
4937 0 50 0 0 4937 0 60 0 0 0 37 32 32
4937 0 50 0 0 4937 0 60 0 0 30 43 36 36
4937 0 50 0 0 4937 0 60 0 0 60 50 42 42
4937 0 50 0 0 4937 0 60 0 0 90 58 48 48
4937 0 50 0 0 4937 0 60 0 0 120 65 55 55
4937 0 50 0 0 4937 0 60 0 0 150 69 60 60
4937 0 50 0 0 4937 0 60 0 0 180 69 61 61
4937 0 50 0 0 4937 0 0 0 0 0 41 42 42
4937 0 50 0 0 4937 0 0 0 0 30 45 43 43
4937 0 50 0 0 4937 0 0 0 0 60 51 46 46
4937 0 50 0 0 4937 0 0 0 0 90 58 51 51
4937 0 50 0 0 4937 0 0 0 0 120 66 57 57
4937 0 50 0 0 4937 0 0 0 0 150 72 62 62
4937 0 50 0 0 4937 0 0 0 0 180 74 60 60
4937 0 50 0 0 4937 0 10 0 0 0 41 40 40
4937 0 50 0 0 4937 0 10 0 0 30 45 41 41
4937 0 50 0 0 4937 0 10 0 0 60 51 45 45
4937 0 50 0 0 4937 0 10 0 0 90 58 50 50
4937 0 50 0 0 4937 0 10 0 0 120 66 56 56
4937 0 50 0 0 4937 0 10 0 0 150 72 62 62
4937 0 50 0 0 4937 0 10 0 0 180 74 61 61
4937 0 50 0 0 4937 0 20 0 0 0 41 37 37
4937 0 50 0 0 4937 0 20 0 0 30 45 39 39
4937 0 50 0 0 4937 0 20 0 0 60 51 42 42
4937 0 50 0 0 4937 0 20 0 0 90 58 48 48
4937 0 50 0 0 4937 0 20 0 0 120 66 55 55
4937 0 50 0 0 4937 0 20 0 0 150 71 60 60
4937 0 50 0 0 4937 0 20 0 0 180 74 60 60
4937 0 50 0 0 4937 0 30 0 0 0 40 32 32
4937 0 50 0 0 4937 0 30 0 0 30 44 35 35
4937 0 50 0 0 4937 0 30 0 0 60 50 39 39
4937 0 50 0 0 4937 0 30 0 0 90 57 45 45
4937 0 50 0 0 4937 0 30 0 0 120 66 52 52
4937 0 50 0 0 4937 0 30 0 0 150 71 57 57
4937 0 50 0 0 4937 0 30 0 0 180 73 58 58
4937 0 50 0 0 4937 0 40 0 0 0 39 31 31
4937 0 50 0 0 4937 0 40 0 0 30 44 34 34
4937 0 50 0 0 4937 0 40 0 0 60 50 38 38
4937 0 50 0 0 4937 0 40 0 0 90 57 44 44
4937 0 50 0 0 4937 0 40 0 0 120 65 51 51
4937 0 50 0 0 4937 0 40 0 0 150 70 57 57
4937 0 50 0 0 4937 0 40 0 0 180 73 58 58
4937 0 50 0 0 4937 0 50 0 0 0 39 31 31
4937 0 50 0 0 4937 0 50 0 0 30 43 33 33
4937 0 50 0 0 4937 0 50 0 0 60 49 39 39
4937 0 50 0 0 4937 0 50 0 0 90 56 44 44
4937 0 50 0 0 4937 0 50 0 0 120 64 51 51
4937 0 50 0 0 4937 0 50 0 0 150 69 57 57
4937 0 50 0 0 4937 0 50 0 0 180 71 59 59
4937 0 50 0 0 4937 0 60 0 0 0 38 32 32
4937 0 50 0 0 4937 0 60 0 0 30 42 34 34
4937 0 50 0 0 4937 0 60 0 0 60 48 39 39
4937 0 50 0 0 4937 0 60 0 0 90 55 45 45
4937 0 50 0 0 4937 0 60 0 0 120 63 52 52
4937 0 50 0 0 4937 0 60 0 0 150 67 58 58
4937 0 50 0 0 4937 0 60 0 0 180 69 60 60
4937 0 50 0 0 4937 0 0 0 0 0 42 42 42
4937 0 50 0 0 4937 0 0 0 0 30 45 43 43
4937 0 50 0 0 4937 0 0 0 0 60 49 45 45
4937 0 50 0 0 4937 0 0 0 0 90 55 48 48
4937 0 50 0 0 4937 0 0 0 0 120 63 54 54
4937 0 50 0 0 4937 0 0 0 0 150 70 62 62
4937 0 50 0 0 4937 0 0 0 0 180 74 59 59
4937 0 50 0 0 4937 0 10 0 0 0 42 40 40
4937 0 50 0 0 4937 0 10 0 0 30 44 41 41
4937 0 50 0 0 4937 0 10 0 0 60 49 43 43
4937 0 50 0 0 4937 0 10 0 0 90 55 47 47
4937 0 50 0 0 4937 0 10 0 0 120 63 54 54
4937 0 50 0 0 4937 0 10 0 0 150 70 61 61
4937 0 50 0 0 4937 0 10 0 0 180 74 60 60
4937 0 50 0 0 4937 0 20 0 0 0 42 37 37
4937 0 50 0 0 4937 0 20 0 0 30 44 38 38
4937 0 50 0 0 4937 0 20 0 0 60 48 41 41
4937 0 50 0 0 4937 0 20 0 0 90 55 45 45
4937 0 50 0 0 4937 0 20 0 0 120 63 52 52
4937 0 50 0 0 4937 0 20 0 0 150 69 59 59
4937 0 50 0 0 4937 0 20 0 0 180 73 59 59
4937 0 50 0 0 4937 0 30 0 0 0 42 33 33
4937 0 50 0 0 4937 0 30 0 0 30 44 35 35
4937 0 50 0 0 4937 0 30 0 0 60 48 38 38
4937 0 50 0 0 4937 0 30 0 0 90 54 42 42
4937 0 50 0 0 4937 0 30 0 0 120 63 49 49
4937 0 50 0 0 4937 0 30 0 0 150 69 56 56
4937 0 50 0 0 4937 0 30 0 0 180 73 58 58
4937 0 50 0 0 4937 0 40 0 0 0 41 32 32
4937 0 50 0 0 4937 0 40 0 0 30 43 33 33
4937 0 50 0 0 4937 0 40 0 0 60 47 36 36
4937 0 50 0 0 4937 0 40 0 0 90 54 42 42
4937 0 50 0 0 4937 0 40 0 0 120 62 48 48
4937 0 50 0 0 4937 0 40 0 0 150 68 55 55
4937 0 50 0 0 4937 0 40 0 0 180 72 58 58
4937 0 50 0 0 4937 0 50 0 0 0 41 32 32
4937 0 50 0 0 4937 0 50 0 0 30 42 33 33
4937 0 50 0 0 4937 0 50 0 0 60 47 36 36
4937 0 50 0 0 4937 0 50 0 0 90 53 41 41
4937 0 50 0 0 4937 0 50 0 0 120 61 48 48
4937 0 50 0 0 4937 0 50 0 0 150 67 55 55
4937 0 50 0 0 4937 0 50 0 0 180 71 59 59
4937 0 50 0 0 4937 0 60 0 0 0 41 33 33
4937 0 50 0 0 4937 0 60 0 0 30 42 33 33
4937 0 50 0 0 4937 0 60 0 0 60 46 37 37
4937 0 50 0 0 4937 0 60 0 0 90 52 42 42
4937 0 50 0 0 4937 0 60 0 0 120 60 49 49
4937 0 50 0 0 4937 0 60 0 0 150 65 56 56
4937 0 50 0 0 4937 0 60 0 0 180 69 60 60
4937 0 50 0 0 4937 0 0 0 0 0 44 42 42
4937 0 50 0 0 4937 0 0 0 0 30 45 43 43
4937 0 50 0 0 4937 0 0 0 0 60 47 44 44
4937 0 50 0 0 4937 0 0 0 0 90 52 47 47
4937 0 50 0 0 4937 0 0 0 0 120 60 51 51
4937 0 50 0 0 4937 0 0 0 0 150 68 60 60
4937 0 50 0 0 4937 0 0 0 0 180 73 58 58
4937 0 50 0 0 4937 0 10 0 0 0 44 40 40
4937 0 50 0 0 4937 0 10 0 0 30 45 41 41
4937 0 50 0 0 4937 0 10 0 0 60 47 43 43
4937 0 50 0 0 4937 0 10 0 0 90 52 45 45
4937 0 50 0 0 4937 0 10 0 0 120 60 50 50
4937 0 50 0 0 4937 0 10 0 0 150 68 59 59
4937 0 50 0 0 4937 0 10 0 0 180 72 58 58
4937 0 50 0 0 4937 0 20 0 0 0 44 37 37
4937 0 50 0 0 4937 0 20 0 0 30 45 38 38
4937 0 50 0 0 4937 0 20 0 0 60 47 40 40
4937 0 50 0 0 4937 0 20 0 0 90 52 42 42
4937 0 50 0 0 4937 0 20 0 0 120 60 48 48
4937 0 50 0 0 4937 0 20 0 0 150 67 56 56
4937 0 50 0 0 4937 0 20 0 0 180 72 57 57
4937 0 50 0 0 4937 0 30 0 0 0 44 35 35
4937 0 50 0 0 4937 0 30 0 0 30 45 35 35
4937 0 50 0 0 4937 0 30 0 0 60 46 37 37
4937 0 50 0 0 4937 0 30 0 0 90 51 40 40
4937 0 50 0 0 4937 0 30 0 0 120 59 46 46
4937 0 50 0 0 4937 0 30 0 0 150 67 54 54
4937 0 50 0 0 4937 0 30 0 0 180 72 57 57
4937 0 50 0 0 4937 0 40 0 0 0 44 34 34
4937 0 50 0 0 4937 0 40 0 0 30 44 34 34
4937 0 50 0 0 4937 0 40 0 0 60 46 36 36
4937 0 50 0 0 4937 0 40 0 0 90 51 39 39
4937 0 50 0 0 4937 0 40 0 0 120 59 45 45
4937 0 50 0 0 4937 0 40 0 0 150 66 54 54
4937 0 50 0 0 4937 0 40 0 0 180 71 58 58
4937 0 50 0 0 4937 0 50 0 0 0 43 34 34
4937 0 50 0 0 4937 0 50 0 0 30 44 34 34
4937 0 50 0 0 4937 0 50 0 0 60 45 35 35
4937 0 50 0 0 4937 0 50 0 0 90 50 39 39
4937 0 50 0 0 4937 0 50 0 0 120 58 45 45
4937 0 50 0 0 4937 0 50 0 0 150 65 53 53
4937 0 50 0 0 4937 0 50 0 0 180 70 59 59
4937 0 50 0 0 4937 0 60 0 0 0 43 34 34
4937 0 50 0 0 4937 0 60 0 0 30 44 34 34
4937 0 50 0 0 4937 0 60 0 0 60 45 35 35
4937 0 50 0 0 4937 0 60 0 0 90 49 39 39
4937 0 50 0 0 4937 0 60 0 0 120 56 45 45
4937 0 50 0 0 4937 0 60 0 0 150 63 54 54
4937 0 50 0 0 4937 0 60 0 0 180 67 60 60
4937 0 50 0 0 4937 0 0 0 0 0 46 42 42
4937 0 50 0 0 4937 0 0 0 0 30 47 43 43
4937 0 50 0 0 4937 0 0 0 0 60 48 44 44
4937 0 50 0 0 4937 0 0 0 0 90 50 46 46
4937 0 50 0 0 4937 0 0 0 0 120 57 49 49
4937 0 50 0 0 4937 0 0 0 0 150 65 57 57
4937 0 50 0 0 4937 0 0 0 0 180 71 56 56
4937 0 50 0 0 4937 0 10 0 0 0 46 41 41
4937 0 50 0 0 4937 0 10 0 0 30 47 41 41
4937 0 50 0 0 4937 0 10 0 0 60 47 42 42
4937 0 50 0 0 4937 0 10 0 0 90 50 44 44
4937 0 50 0 0 4937 0 10 0 0 120 56 48 48
4937 0 50 0 0 4937 0 10 0 0 150 65 56 56
4937 0 50 0 0 4937 0 10 0 0 180 71 57 57
4937 0 50 0 0 4937 0 20 0 0 0 46 38 38
4937 0 50 0 0 4937 0 20 0 0 30 46 39 39
4937 0 50 0 0 4937 0 20 0 0 60 47 40 40
4937 0 50 0 0 4937 0 20 0 0 90 49 42 42
4937 0 50 0 0 4937 0 20 0 0 120 56 45 45
4937 0 50 0 0 4937 0 20 0 0 150 65 54 54
4937 0 50 0 0 4937 0 20 0 0 180 71 56 56
4937 0 50 0 0 4937 0 30 0 0 0 46 37 37
4937 0 50 0 0 4937 0 30 0 0 30 46 37 37
4937 0 50 0 0 4937 0 30 0 0 60 47 38 38
4937 0 50 0 0 4937 0 30 0 0 90 49 40 40
4937 0 50 0 0 4937 0 30 0 0 120 56 44 44
4937 0 50 0 0 4937 0 30 0 0 150 64 52 52
4937 0 50 0 0 4937 0 30 0 0 180 70 57 57
4937 0 50 0 0 4937 0 40 0 0 0 46 36 36
4937 0 50 0 0 4937 0 40 0 0 30 46 36 36
4937 0 50 0 0 4937 0 40 0 0 60 47 36 36
4937 0 50 0 0 4937 0 40 0 0 90 49 38 38
4937 0 50 0 0 4937 0 40 0 0 120 55 42 42
4937 0 50 0 0 4937 0 40 0 0 150 63 52 52
4937 0 50 0 0 4937 0 40 0 0 180 69 58 58
4937 0 50 0 0 4937 0 50 0 0 0 46 36 36
4937 0 50 0 0 4937 0 50 0 0 30 46 36 36
4937 0 50 0 0 4937 0 50 0 0 60 47 36 36
4937 0 50 0 0 4937 0 50 0 0 90 48 37 37
4937 0 50 0 0 4937 0 50 0 0 120 54 42 42
4937 0 50 0 0 4937 0 50 0 0 150 62 51 51
4937 0 50 0 0 4937 0 50 0 0 180 68 58 58
4937 0 50 0 0 4937 0 60 0 0 0 45 36 36
4937 0 50 0 0 4937 0 60 0 0 30 46 36 36
4937 0 50 0 0 4937 0 60 0 0 60 46 36 36
4937 0 50 0 0 4937 0 60 0 0 90 48 37 37
4937 0 50 0 0 4937 0 60 0 0 120 53 42 42
4937 0 50 0 0 4937 0 60 0 0 150 60 51 51
4937 0 50 0 0 4937 0 60 0 0 180 65 59 59
