5337 0.2 40 0 0 4737 0.0 0 0 0 0 61.4 52.5 52.5
5337 0.2 40 0 0 4737 0.0 0 0 0 30 61.5 52.8 52.8
5337 0.2 40 0 0 4737 0.0 0 0 0 60 61.6 52.8 52.8
5337 0.2 40 0 0 4737 0.0 0 0 0 90 61.6 53.0 53.0
5337 0.2 40 0 0 4737 0.0 0 0 0 120 61.6 53.0 53.0
5337 0.2 40 0 0 4737 0.0 0 0 0 150 61.5 53.1 53.1
5337 0.2 40 0 0 4737 0.0 0 0 0 180 61.5 53.1 53.1
5337 0.2 40 0 0 4737 0.0 10 0 0 0 61.3 52.0 52.0
5337 0.2 40 0 0 4737 0.0 10 0 0 30 61.5 52.3 52.3
5337 0.2 40 0 0 4737 0.0 10 0 0 60 61.5 52.3 52.3
5337 0.2 40 0 0 4737 0.0 10 0 0 90 61.5 52.5 52.5
5337 0.2 40 0 0 4737 0.0 10 0 0 120 61.5 52.5 52.5
5337 0.2 40 0 0 4737 0.0 10 0 0 150 61.4 52.6 52.6
5337 0.2 40 0 0 4737 0.0 10 0 0 180 61.4 52.6 52.6
5337 0.2 40 0 0 4737 0.0 20 0 0 0 61.1 50.5 50.5
5337 0.2 40 0 0 4737 0.0 20 0 0 30 61.3 50.8 50.8
5337 0.2 40 0 0 4737 0.0 20 0 0 60 61.3 50.7 50.7
5337 0.2 40 0 0 4737 0.0 20 0 0 90 61.3 51.0 51.0
5337 0.2 40 0 0 4737 0.0 20 0 0 120 61.3 50.9 50.9
5337 0.2 40 0 0 4737 0.0 20 0 0 150 61.2 51.2 51.2
5337 0.2 40 0 0 4737 0.0 20 0 0 180 61.3 51.0 51.0
5337 0.2 40 0 0 4737 0.0 30 0 0 0 60.8 47.6 47.6
5337 0.2 40 0 0 4737 0.0 30 0 0 30 61.0 47.7 47.7
5337 0.2 40 0 0 4737 0.0 30 0 0 60 61.0 47.7 47.7
5337 0.2 40 0 0 4737 0.0 30 0 0 90 61.0 48.0 48.0
5337 0.2 40 0 0 4737 0.0 30 0 0 120 61.0 48.0 48.0
5337 0.2 40 0 0 4737 0.0 30 0 0 150 60.9 48.2 48.2
5337 0.2 40 0 0 4737 0.0 30 0 0 180 60.9 48.2 48.2
5337 0.2 40 0 0 4737 0.0 40 0 0 0 60.2 47.5 47.5
5337 0.2 40 0 0 4737 0.0 40 0 0 30 60.4 47.6 47.6
5337 0.2 40 0 0 4737 0.0 40 0 0 60 60.5 47.7 47.7
5337 0.2 40 0 0 4737 0.0 40 0 0 90 60.4 47.8 47.8
5337 0.2 40 0 0 4737 0.0 40 0 0 120 60.5 47.9 47.9
5337 0.2 40 0 0 4737 0.0 40 0 0 150 60.3 48.1 48.1
5337 0.2 40 0 0 4737 0.0 40 0 0 180 60.5 48.1 48.1
5337 0.2 40 0 0 4737 0.0 50 0 0 0 59.4 48.3 48.3
5337 0.2 40 0 0 4737 0.0 50 0 0 30 59.6 48.3 48.3
5337 0.2 40 0 0 4737 0.0 50 0 0 60 59.7 48.5 48.5
5337 0.2 40 0 0 4737 0.0 50 0 0 90 59.6 48.5 48.5
5337 0.2 40 0 0 4737 0.0 50 0 0 120 59.8 48.7 48.7
5337 0.2 40 0 0 4737 0.0 50 0 0 150 59.4 48.7 48.7
5337 0.2 40 0 0 4737 0.0 50 0 0 180 59.7 48.7 48.7
5337 0.2 40 0 0 4737 0.0 60 0 0 0 58.0 49.6 49.6
5337 0.2 40 0 0 4737 0.0 60 0 0 30 58.3 49.6 49.6
5337 0.2 40 0 0 4737 0.0 60 0 0 60 58.4 49.9 49.9
5337 0.2 40 0 0 4737 0.0 60 0 0 90 58.2 49.9 49.9
5337 0.2 40 0 0 4737 0.0 60 0 0 120 58.4 50.1 50.1
5337 0.2 40 0 0 4737 0.0 60 0 0 150 58.0 50.2 50.2
5337 0.2 40 0 0 4737 0.0 60 0 0 180 58.3 50.1 50.1
5337 0.2 40 0 0 4737 0.1 0 0 0 0 60.9 51.9 51.9
5337 0.2 40 0 0 4737 0.1 0 0 0 30 61.2 52.3 52.3
5337 0.2 40 0 0 4737 0.1 0 0 0 60 61.1 52.2 52.2
5337 0.2 40 0 0 4737 0.1 0 0 0 90 61.1 52.3 52.3
5337 0.2 40 0 0 4737 0.1 0 0 0 120 61.3 52.5 52.5
5337 0.2 40 0 0 4737 0.1 0 0 0 150 61.0 52.4 52.4
5337 0.2 40 0 0 4737 0.1 0 0 0 180 61.2 52.5 52.5
5337 0.2 40 0 0 4737 0.1 10 0 0 0 60.8 51.4 51.4
5337 0.2 40 0 0 4737 0.1 10 0 0 30 61.1 51.7 51.7
5337 0.2 40 0 0 4737 0.1 10 0 0 60 61.0 51.6 51.6
5337 0.2 40 0 0 4737 0.1 10 0 0 90 61.1 51.7 51.7
5337 0.2 40 0 0 4737 0.1 10 0 0 120 61.2 51.9 51.9
5337 0.2 40 0 0 4737 0.1 10 0 0 150 61.0 51.9 51.9
5337 0.2 40 0 0 4737 0.1 10 0 0 180 61.1 52.0 52.0
5337 0.2 40 0 0 4737 0.1 20 0 0 0 60.6 49.9 49.9
5337 0.2 40 0 0 4737 0.1 20 0 0 30 60.9 50.1 50.1
5337 0.2 40 0 0 4737 0.1 20 0 0 60 60.9 50.1 50.1
5337 0.2 40 0 0 4737 0.1 20 0 0 90 60.9 50.3 50.3
5337 0.2 40 0 0 4737 0.1 20 0 0 120 61.0 50.3 50.3
5337 0.2 40 0 0 4737 0.1 20 0 0 150 60.7 50.5 50.5
5337 0.2 40 0 0 4737 0.1 20 0 0 180 60.9 50.4 50.4
5337 0.2 40 0 0 4737 0.1 30 0 0 0 60.2 47.2 47.2
5337 0.2 40 0 0 4737 0.1 30 0 0 30 60.6 47.2 47.2
5337 0.2 40 0 0 4737 0.1 30 0 0 60 60.6 47.0 47.0
5337 0.2 40 0 0 4737 0.1 30 0 0 90 60.5 47.3 47.3
5337 0.2 40 0 0 4737 0.1 30 0 0 120 60.7 47.3 47.3
5337 0.2 40 0 0 4737 0.1 30 0 0 150 60.4 47.6 47.6
5337 0.2 40 0 0 4737 0.1 30 0 0 180 60.6 47.4 47.4
5337 0.2 40 0 0 4737 0.1 40 0 0 0 59.7 47.1 47.1
5337 0.2 40 0 0 4737 0.1 40 0 0 30 60.0 47.1 47.1
5337 0.2 40 0 0 4737 0.1 40 0 0 60 60.1 47.1 47.1
5337 0.2 40 0 0 4737 0.1 40 0 0 90 59.9 47.2 47.2
5337 0.2 40 0 0 4737 0.1 40 0 0 120 60.2 47.2 47.2
5337 0.2 40 0 0 4737 0.1 40 0 0 150 59.8 47.5 47.5
5337 0.2 40 0 0 4737 0.1 40 0 0 180 60.1 47.3 47.3
5337 0.2 40 0 0 4737 0.1 50 0 0 0 58.8 47.9 47.9
5337 0.2 40 0 0 4737 0.1 50 0 0 30 59.2 47.8 47.8
5337 0.2 40 0 0 4737 0.1 50 0 0 60 59.3 48.0 48.0
5337 0.2 40 0 0 4737 0.1 50 0 0 90 59.0 48.0 48.0
5337 0.2 40 0 0 4737 0.1 50 0 0 120 59.4 48.0 48.0
5337 0.2 40 0 0 4737 0.1 50 0 0 150 58.9 48.2 48.2
5337 0.2 40 0 0 4737 0.1 50 0 0 180 59.3 48.0 48.0
5337 0.2 40 0 0 4737 0.1 60 0 0 0 57.5 49.0 49.0
5337 0.2 40 0 0 4737 0.1 60 0 0 30 57.7 49.0 49.0
5337 0.2 40 0 0 4737 0.1 60 0 0 60 58.0 49.1 49.1
5337 0.2 40 0 0 4737 0.1 60 0 0 90 57.6 49.3 49.3
5337 0.2 40 0 0 4737 0.1 60 0 0 120 58.0 49.3 49.3
5337 0.2 40 0 0 4737 0.1 60 0 0 150 57.5 49.6 49.6
5337 0.2 40 0 0 4737 0.1 60 0 0 180 57.9 49.4 49.4
5337 0.2 40 0 0 4737 0.2 0 0 0 0 60.5 51.3 51.3
5337 0.2 40 0 0 4737 0.2 0 0 0 30 60.7 51.5 51.5
5337 0.2 40 0 0 4737 0.2 0 0 0 60 60.8 51.6 51.6
5337 0.2 40 0 0 4737 0.2 0 0 0 90 60.6 51.6 51.6
5337 0.2 40 0 0 4737 0.2 0 0 0 120 60.9 51.9 51.9
5337 0.2 40 0 0 4737 0.2 0 0 0 150 60.6 51.8 51.8
5337 0.2 40 0 0 4737 0.2 0 0 0 180 60.8 51.8 51.8
5337 0.2 40 0 0 4737 0.2 10 0 0 0 60.4 50.7 50.7
5337 0.2 40 0 0 4737 0.2 10 0 0 30 60.6 50.9 50.9
5337 0.2 40 0 0 4737 0.2 10 0 0 60 60.8 51.0 51.0
5337 0.2 40 0 0 4737 0.2 10 0 0 90 60.6 51.0 51.0
5337 0.2 40 0 0 4737 0.2 10 0 0 120 60.8 51.2 51.2
5337 0.2 40 0 0 4737 0.2 10 0 0 150 60.5 51.3 51.3
5337 0.2 40 0 0 4737 0.2 10 0 0 180 60.7 51.2 51.2
5337 0.2 40 0 0 4737 0.2 20 0 0 0 60.2 49.2 49.2
5337 0.2 40 0 0 4737 0.2 20 0 0 30 60.4 49.3 49.3
5337 0.2 40 0 0 4737 0.2 20 0 0 60 60.6 49.3 49.3
5337 0.2 40 0 0 4737 0.2 20 0 0 90 60.3 49.5 49.5
5337 0.2 40 0 0 4737 0.2 20 0 0 120 60.6 49.5 49.5
5337 0.2 40 0 0 4737 0.2 20 0 0 150 60.3 49.8 49.8
5337 0.2 40 0 0 4737 0.2 20 0 0 180 60.5 49.6 49.6
5337 0.2 40 0 0 4737 0.2 30 0 0 0 59.8 46.8 46.8
5337 0.2 40 0 0 4737 0.2 30 0 0 30 60.1 46.7 46.7
5337 0.2 40 0 0 4737 0.2 30 0 0 60 60.2 46.6 46.6
5337 0.2 40 0 0 4737 0.2 30 0 0 90 60.0 46.8 46.8
5337 0.2 40 0 0 4737 0.2 30 0 0 120 60.3 46.8 46.8
5337 0.2 40 0 0 4737 0.2 30 0 0 150 59.9 47.0 47.0
5337 0.2 40 0 0 4737 0.2 30 0 0 180 60.2 46.9 46.9
5337 0.2 40 0 0 4737 0.2 40 0 0 0 59.3 46.8 46.8
5337 0.2 40 0 0 4737 0.2 40 0 0 30 59.5 46.7 46.7
5337 0.2 40 0 0 4737 0.2 40 0 0 60 59.7 46.7 46.7
5337 0.2 40 0 0 4737 0.2 40 0 0 90 59.5 46.8 46.8
5337 0.2 40 0 0 4737 0.2 40 0 0 120 59.7 46.7 46.7
5337 0.2 40 0 0 4737 0.2 40 0 0 150 59.4 47.0 47.0
5337 0.2 40 0 0 4737 0.2 40 0 0 180 59.7 46.8 46.8
5337 0.2 40 0 0 4737 0.2 50 0 0 0 58.5 47.4 47.4
5337 0.2 40 0 0 4737 0.2 50 0 0 30 58.6 47.4 47.4
5337 0.2 40 0 0 4737 0.2 50 0 0 60 58.9 47.3 47.3
5337 0.2 40 0 0 4737 0.2 50 0 0 90 58.7 47.5 47.5
5337 0.2 40 0 0 4737 0.2 50 0 0 120 58.8 47.5 47.5
5337 0.2 40 0 0 4737 0.2 50 0 0 150 58.6 47.8 47.8
5337 0.2 40 0 0 4737 0.2 50 0 0 180 58.8 47.5 47.5
5337 0.2 40 0 0 4737 0.2 60 0 0 0 57.1 48.4 48.4
5337 0.2 40 0 0 4737 0.2 60 0 0 30 57.2 48.4 48.4
5337 0.2 40 0 0 4737 0.2 60 0 0 60 57.4 48.3 48.3
5337 0.2 40 0 0 4737 0.2 60 0 0 90 57.3 48.6 48.6
5337 0.2 40 0 0 4737 0.2 60 0 0 120 57.2 48.6 48.6
5337 0.2 40 0 0 4737 0.2 60 0 0 150 57.2 49.0 49.0
5337 0.2 40 0 0 4737 0.2 60 0 0 180 57.3 48.9 48.9
5337 0.2 40 0 0 4737 0.3 0 0 0 0 60.1 50.6 50.6
5337 0.2 40 0 0 4737 0.3 0 0 0 30 60.3 50.7 50.7
5337 0.2 40 0 0 4737 0.3 0 0 0 60 60.3 50.8 50.8
5337 0.2 40 0 0 4737 0.3 0 0 0 90 60.2 50.9 50.9
5337 0.2 40 0 0 4737 0.3 0 0 0 120 60.4 51.0 51.0
5337 0.2 40 0 0 4737 0.3 0 0 0 150 60.2 51.2 51.2
5337 0.2 40 0 0 4737 0.3 0 0 0 180 60.3 51.0 51.0
5337 0.2 40 0 0 4737 0.3 10 0 0 0 60.0 50.1 50.1
5337 0.2 40 0 0 4737 0.3 10 0 0 30 60.2 50.1 50.1
5337 0.2 40 0 0 4737 0.3 10 0 0 60 60.3 50.3 50.3
5337 0.2 40 0 0 4737 0.3 10 0 0 90 60.2 50.3 50.3
5337 0.2 40 0 0 4737 0.3 10 0 0 120 60.3 50.3 50.3
5337 0.2 40 0 0 4737 0.3 10 0 0 150 60.1 50.6 50.6
5337 0.2 40 0 0 4737 0.3 10 0 0 180 60.2 50.5 50.5
5337 0.2 40 0 0 4737 0.3 20 0 0 0 59.8 48.2 48.2
5337 0.2 40 0 0 4737 0.3 20 0 0 30 60.0 48.2 48.2
5337 0.2 40 0 0 4737 0.3 20 0 0 60 60.1 48.4 48.4
5337 0.2 40 0 0 4737 0.3 20 0 0 90 60.0 48.5 48.5
5337 0.2 40 0 0 4737 0.3 20 0 0 120 60.1 48.4 48.4
5337 0.2 40 0 0 4737 0.3 20 0 0 150 59.9 48.8 48.8
5337 0.2 40 0 0 4737 0.3 20 0 0 180 60.0 48.6 48.6
5337 0.2 40 0 0 4737 0.3 30 0 0 0 59.4 46.4 46.4
5337 0.2 40 0 0 4737 0.3 30 0 0 30 59.7 46.3 46.3
5337 0.2 40 0 0 4737 0.3 30 0 0 60 59.7 46.3 46.3
5337 0.2 40 0 0 4737 0.3 30 0 0 90 59.6 46.4 46.4
5337 0.2 40 0 0 4737 0.3 30 0 0 120 59.7 46.4 46.4
5337 0.2 40 0 0 4737 0.3 30 0 0 150 59.5 46.7 46.7
5337 0.2 40 0 0 4737 0.3 30 0 0 180 59.7 46.6 46.6
5337 0.2 40 0 0 4737 0.3 40 0 0 0 58.9 46.5 46.5
5337 0.2 40 0 0 4737 0.3 40 0 0 30 59.1 46.4 46.4
5337 0.2 40 0 0 4737 0.3 40 0 0 60 59.2 46.4 46.4
5337 0.2 40 0 0 4737 0.3 40 0 0 90 59.1 46.4 46.4
5337 0.2 40 0 0 4737 0.3 40 0 0 120 59.1 46.5 46.5
5337 0.2 40 0 0 4737 0.3 40 0 0 150 59.0 46.7 46.7
5337 0.2 40 0 0 4737 0.3 40 0 0 180 59.1 46.6 46.6
5337 0.2 40 0 0 4737 0.3 50 0 0 0 58.1 46.9 46.9
5337 0.2 40 0 0 4737 0.3 50 0 0 30 58.2 46.9 46.9
5337 0.2 40 0 0 4737 0.3 50 0 0 60 58.3 46.9 46.9
5337 0.2 40 0 0 4737 0.3 50 0 0 90 58.3 47.0 47.0
5337 0.2 40 0 0 4737 0.3 50 0 0 120 58.3 47.2 47.2
5337 0.2 40 0 0 4737 0.3 50 0 0 150 58.2 47.3 47.3
5337 0.2 40 0 0 4737 0.3 50 0 0 180 58.2 47.1 47.1
5337 0.2 40 0 0 4737 0.3 60 0 0 0 56.7 47.8 47.8
5337 0.2 40 0 0 4737 0.3 60 0 0 30 56.8 47.9 47.9
5337 0.2 40 0 0 4737 0.3 60 0 0 60 56.6 47.8 47.8
5337 0.2 40 0 0 4737 0.3 60 0 0 90 56.7 47.8 47.8
5337 0.2 40 0 0 4737 0.3 60 0 0 120 56.7 48.0 48.0
5337 0.2 40 0 0 4737 0.3 60 0 0 150 56.6 48.3 48.3
5337 0.2 40 0 0 4737 0.3 60 0 0 180 56.6 48.4 48.4
5337 0.2 40 0 0 4737 0.4 0 0 0 0 59.7 49.9 49.9
5337 0.2 40 0 0 4737 0.4 0 0 0 30 59.9 49.9 49.9
5337 0.2 40 0 0 4737 0.4 0 0 0 60 59.8 49.9 49.9
5337 0.2 40 0 0 4737 0.4 0 0 0 90 59.9 50.0 50.0
5337 0.2 40 0 0 4737 0.4 0 0 0 120 59.9 50.2 50.2
5337 0.2 40 0 0 4737 0.4 0 0 0 150 59.8 50.4 50.4
5337 0.2 40 0 0 4737 0.4 0 0 0 180 59.7 50.1 50.1
5337 0.2 40 0 0 4737 0.4 10 0 0 0 59.7 49.2 49.2
5337 0.2 40 0 0 4737 0.4 10 0 0 30 59.8 49.2 49.2
5337 0.2 40 0 0 4737 0.4 10 0 0 60 59.8 49.3 49.3
5337 0.2 40 0 0 4737 0.4 10 0 0 90 59.8 49.4 49.4
5337 0.2 40 0 0 4737 0.4 10 0 0 120 59.9 49.5 49.5
5337 0.2 40 0 0 4737 0.4 10 0 0 150 59.7 49.7 49.7
5337 0.2 40 0 0 4737 0.4 10 0 0 180 59.7 49.5 49.5
5337 0.2 40 0 0 4737 0.4 20 0 0 0 59.5 47.0 47.0
5337 0.2 40 0 0 4737 0.4 20 0 0 30 59.6 46.9 46.9
5337 0.2 40 0 0 4737 0.4 20 0 0 60 59.6 47.1 47.1
5337 0.2 40 0 0 4737 0.4 20 0 0 90 59.6 47.3 47.3
5337 0.2 40 0 0 4737 0.4 20 0 0 120 59.7 47.2 47.2
5337 0.2 40 0 0 4737 0.4 20 0 0 150 59.5 47.5 47.5
5337 0.2 40 0 0 4737 0.4 20 0 0 180 59.4 47.4 47.4
5337 0.2 40 0 0 4737 0.4 30 0 0 0 59.1 46.1 46.1
5337 0.2 40 0 0 4737 0.4 30 0 0 30 59.3 46.0 46.0
5337 0.2 40 0 0 4737 0.4 30 0 0 60 59.2 46.2 46.2
5337 0.2 40 0 0 4737 0.4 30 0 0 90 59.2 46.3 46.3
5337 0.2 40 0 0 4737 0.4 30 0 0 120 59.3 46.2 46.2
5337 0.2 40 0 0 4737 0.4 30 0 0 150 59.1 46.5 46.5
5337 0.2 40 0 0 4737 0.4 30 0 0 180 59.0 46.4 46.4
5337 0.2 40 0 0 4737 0.4 40 0 0 0 58.6 46.2 46.2
5337 0.2 40 0 0 4737 0.4 40 0 0 30 58.7 46.2 46.2
5337 0.2 40 0 0 4737 0.4 40 0 0 60 58.6 46.3 46.3
5337 0.2 40 0 0 4737 0.4 40 0 0 90 58.6 46.3 46.3
5337 0.2 40 0 0 4737 0.4 40 0 0 120 58.7 46.3 46.3
5337 0.2 40 0 0 4737 0.4 40 0 0 150 58.5 46.4 46.4
5337 0.2 40 0 0 4737 0.4 40 0 0 180 58.4 46.4 46.4
5337 0.2 40 0 0 4737 0.4 50 0 0 0 57.8 46.4 46.4
5337 0.2 40 0 0 4737 0.4 50 0 0 30 57.9 46.5 46.5
5337 0.2 40 0 0 4737 0.4 50 0 0 60 57.7 46.6 46.6
5337 0.2 40 0 0 4737 0.4 50 0 0 90 57.6 46.6 46.6
5337 0.2 40 0 0 4737 0.4 50 0 0 120 57.9 46.8 46.8
5337 0.2 40 0 0 4737 0.4 50 0 0 150 57.5 47.1 47.1
5337 0.2 40 0 0 4737 0.4 50 0 0 180 57.5 47.1 47.1
5337 0.2 40 0 0 4737 0.4 60 0 0 0 56.0 47.3 47.3
5337 0.2 40 0 0 4737 0.4 60 0 0 30 56.1 47.3 47.3
5337 0.2 40 0 0 4737 0.4 60 0 0 60 55.9 47.4 47.4
5337 0.2 40 0 0 4737 0.4 60 0 0 90 55.8 47.4 47.4
5337 0.2 40 0 0 4737 0.4 60 0 0 120 56.0 47.4 47.4
5337 0.2 40 0 0 4737 0.4 60 0 0 150 55.7 47.7 47.7
5337 0.2 40 0 0 4737 0.4 60 0 0 180 55.7 48.0 48.0
5337 0.2 40 0 0 4737 0.5 0 0 0 0 59.4 48.7 48.7
5337 0.2 40 0 0 4737 0.5 0 0 0 30 59.4 48.7 48.7
5337 0.2 40 0 0 4737 0.5 0 0 0 60 59.3 48.7 48.7
5337 0.2 40 0 0 4737 0.5 0 0 0 90 59.3 48.7 48.7
5337 0.2 40 0 0 4737 0.5 0 0 0 120 59.5 49.0 49.0
5337 0.2 40 0 0 4737 0.5 0 0 0 150 59.3 49.1 49.1
5337 0.2 40 0 0 4737 0.5 0 0 0 180 59.2 48.9 48.9
5337 0.2 40 0 0 4737 0.5 10 0 0 0 59.3 47.8 47.8
5337 0.2 40 0 0 4737 0.5 10 0 0 30 59.4 47.8 47.8
5337 0.2 40 0 0 4737 0.5 10 0 0 60 59.3 47.9 47.9
5337 0.2 40 0 0 4737 0.5 10 0 0 90 59.2 47.9 47.9
5337 0.2 40 0 0 4737 0.5 10 0 0 120 59.4 48.1 48.1
5337 0.2 40 0 0 4737 0.5 10 0 0 150 59.2 48.2 48.2
5337 0.2 40 0 0 4737 0.5 10 0 0 180 59.1 48.1 48.1
5337 0.2 40 0 0 4737 0.5 20 0 0 0 59.1 46.6 46.6
5337 0.2 40 0 0 4737 0.5 20 0 0 30 59.1 46.6 46.6
5337 0.2 40 0 0 4737 0.5 20 0 0 60 59.1 46.7 46.7
5337 0.2 40 0 0 4737 0.5 20 0 0 90 59.0 46.8 46.8
5337 0.2 40 0 0 4737 0.5 20 0 0 120 59.2 47.0 47.0
5337 0.2 40 0 0 4737 0.5 20 0 0 150 59.0 47.1 47.1
5337 0.2 40 0 0 4737 0.5 20 0 0 180 58.9 47.0 47.0
5337 0.2 40 0 0 4737 0.5 30 0 0 0 58.7 46.1 46.1
5337 0.2 40 0 0 4737 0.5 30 0 0 30 58.8 46.1 46.1
5337 0.2 40 0 0 4737 0.5 30 0 0 60 58.7 46.1 46.1
5337 0.2 40 0 0 4737 0.5 30 0 0 90 58.6 46.4 46.4
5337 0.2 40 0 0 4737 0.5 30 0 0 120 58.8 46.5 46.5
5337 0.2 40 0 0 4737 0.5 30 0 0 150 58.6 46.5 46.5
5337 0.2 40 0 0 4737 0.5 30 0 0 180 58.5 46.4 46.4
5337 0.2 40 0 0 4737 0.5 40 0 0 0 58.2 46.1 46.1
5337 0.2 40 0 0 4737 0.5 40 0 0 30 58.2 46.1 46.1
5337 0.2 40 0 0 4737 0.5 40 0 0 60 58.1 46.1 46.1
5337 0.2 40 0 0 4737 0.5 40 0 0 90 58.0 46.4 46.4
5337 0.2 40 0 0 4737 0.5 40 0 0 120 58.1 46.5 46.5
5337 0.2 40 0 0 4737 0.5 40 0 0 150 57.9 46.6 46.6
5337 0.2 40 0 0 4737 0.5 40 0 0 180 57.9 46.6 46.6
5337 0.2 40 0 0 4737 0.5 50 0 0 0 57.2 46.3 46.3
5337 0.2 40 0 0 4737 0.5 50 0 0 30 57.3 46.3 46.3
5337 0.2 40 0 0 4737 0.5 50 0 0 60 57.2 46.3 46.3
5337 0.2 40 0 0 4737 0.5 50 0 0 90 57.0 46.4 46.4
5337 0.2 40 0 0 4737 0.5 50 0 0 120 57.1 46.6 46.6
5337 0.2 40 0 0 4737 0.5 50 0 0 150 56.9 47.0 47.0
5337 0.2 40 0 0 4737 0.5 50 0 0 180 56.9 46.9 46.9
5337 0.2 40 0 0 4737 0.5 60 0 0 0 55.7 46.8 46.8
5337 0.2 40 0 0 4737 0.5 60 0 0 30 55.7 46.7 46.7
5337 0.2 40 0 0 4737 0.5 60 0 0 60 55.6 46.8 46.8
5337 0.2 40 0 0 4737 0.5 60 0 0 90 55.4 47.0 47.0
5337 0.2 40 0 0 4737 0.5 60 0 0 120 55.5 47.0 47.0
5337 0.2 40 0 0 4737 0.5 60 0 0 150 55.1 47.3 47.3
5337 0.2 40 0 0 4737 0.5 60 0 0 180 55.1 47.6 47.6
5337 0.2 40 0 0 4937 0.0 0 0 0 0 61.7 52.8 52.8
5337 0.2 40 0 0 4937 0.0 0 0 0 30 61.9 53.1 53.1
5337 0.2 40 0 0 4937 0.0 0 0 0 60 62.1 53.5 53.5
5337 0.2 40 0 0 4937 0.0 0 0 0 90 62.1 53.9 53.9
5337 0.2 40 0 0 4937 0.0 0 0 0 120 62.2 54.1 54.1
5337 0.2 40 0 0 4937 0.0 0 0 0 150 62.1 54.1 54.1
5337 0.2 40 0 0 4937 0.0 0 0 0 180 61.9 53.8 53.8
5337 0.2 40 0 0 4937 0.0 10 0 0 0 61.6 52.3 52.3
5337 0.2 40 0 0 4937 0.0 10 0 0 30 61.9 52.5 52.5
5337 0.2 40 0 0 4937 0.0 10 0 0 60 62.1 52.9 52.9
5337 0.2 40 0 0 4937 0.0 10 0 0 90 62.1 53.4 53.4
5337 0.2 40 0 0 4937 0.0 10 0 0 120 62.1 53.6 53.6
5337 0.2 40 0 0 4937 0.0 10 0 0 150 62.0 53.7 53.7
5337 0.2 40 0 0 4937 0.0 10 0 0 180 61.8 53.4 53.4
5337 0.2 40 0 0 4937 0.0 20 0 0 0 61.5 51.0 51.0
5337 0.2 40 0 0 4937 0.0 20 0 0 30 61.7 51.2 51.2
5337 0.2 40 0 0 4937 0.0 20 0 0 60 61.9 51.5 51.5
5337 0.2 40 0 0 4937 0.0 20 0 0 90 61.9 52.0 52.0
5337 0.2 40 0 0 4937 0.0 20 0 0 120 61.9 52.3 52.3
5337 0.2 40 0 0 4937 0.0 20 0 0 150 61.8 52.3 52.3
5337 0.2 40 0 0 4937 0.0 20 0 0 180 61.7 52.1 52.1
5337 0.2 40 0 0 4937 0.0 30 0 0 0 61.1 48.1 48.1
5337 0.2 40 0 0 4937 0.0 30 0 0 30 61.4 48.4 48.4
5337 0.2 40 0 0 4937 0.0 30 0 0 60 61.6 48.9 48.9
5337 0.2 40 0 0 4937 0.0 30 0 0 90 61.6 49.2 49.2
5337 0.2 40 0 0 4937 0.0 30 0 0 120 61.6 49.2 49.2
5337 0.2 40 0 0 4937 0.0 30 0 0 150 61.5 49.2 49.2
5337 0.2 40 0 0 4937 0.0 30 0 0 180 61.3 49.0 49.0
5337 0.2 40 0 0 4937 0.0 40 0 0 0 60.6 47.9 47.9
5337 0.2 40 0 0 4937 0.0 40 0 0 30 60.9 48.3 48.3
5337 0.2 40 0 0 4937 0.0 40 0 0 60 61.1 48.7 48.7
5337 0.2 40 0 0 4937 0.0 40 0 0 90 61.1 49.0 49.0
5337 0.2 40 0 0 4937 0.0 40 0 0 120 61.1 49.1 49.1
5337 0.2 40 0 0 4937 0.0 40 0 0 150 61.0 49.1 49.1
5337 0.2 40 0 0 4937 0.0 40 0 0 180 60.8 48.8 48.8
5337 0.2 40 0 0 4937 0.0 50 0 0 0 59.9 48.3 48.3
5337 0.2 40 0 0 4937 0.0 50 0 0 30 60.2 48.8 48.8
5337 0.2 40 0 0 4937 0.0 50 0 0 60 60.2 49.1 49.1
5337 0.2 40 0 0 4937 0.0 50 0 0 90 60.3 49.6 49.6
5337 0.2 40 0 0 4937 0.0 50 0 0 120 60.3 49.8 49.8
5337 0.2 40 0 0 4937 0.0 50 0 0 150 60.2 49.8 49.8
5337 0.2 40 0 0 4937 0.0 50 0 0 180 60.1 49.6 49.6
5337 0.2 40 0 0 4937 0.0 60 0 0 0 58.6 49.8 49.8
5337 0.2 40 0 0 4937 0.0 60 0 0 30 58.9 50.1 50.1
5337 0.2 40 0 0 4937 0.0 60 0 0 60 58.9 50.3 50.3
5337 0.2 40 0 0 4937 0.0 60 0 0 90 59.0 50.7 50.7
5337 0.2 40 0 0 4937 0.0 60 0 0 120 59.0 51.0 51.0
5337 0.2 40 0 0 4937 0.0 60 0 0 150 59.0 51.0 51.0
5337 0.2 40 0 0 4937 0.0 60 0 0 180 58.9 51.0 51.0
5337 0.2 40 0 0 4937 0.1 0 0 0 0 61.3 52.2 52.2
5337 0.2 40 0 0 4937 0.1 0 0 0 30 61.6 52.4 52.4
5337 0.2 40 0 0 4937 0.1 0 0 0 60 61.6 52.8 52.8
5337 0.2 40 0 0 4937 0.1 0 0 0 90 61.8 53.1 53.1
5337 0.2 40 0 0 4937 0.1 0 0 0 120 61.8 53.5 53.5
5337 0.2 40 0 0 4937 0.1 0 0 0 150 61.6 53.7 53.7
5337 0.2 40 0 0 4937 0.1 0 0 0 180 61.4 53.3 53.3
5337 0.2 40 0 0 4937 0.1 10 0 0 0 61.2 51.6 51.6
5337 0.2 40 0 0 4937 0.1 10 0 0 30 61.5 51.8 51.8
5337 0.2 40 0 0 4937 0.1 10 0 0 60 61.5 52.2 52.2
5337 0.2 40 0 0 4937 0.1 10 0 0 90 61.8 52.7 52.7
5337 0.2 40 0 0 4937 0.1 10 0 0 120 61.7 53.0 53.0
5337 0.2 40 0 0 4937 0.1 10 0 0 150 61.5 53.2 53.2
5337 0.2 40 0 0 4937 0.1 10 0 0 180 61.4 52.8 52.8
5337 0.2 40 0 0 4937 0.1 20 0 0 0 61.0 50.2 50.2
5337 0.2 40 0 0 4937 0.1 20 0 0 30 61.3 50.4 50.4
5337 0.2 40 0 0 4937 0.1 20 0 0 60 61.3 50.8 50.8
5337 0.2 40 0 0 4937 0.1 20 0 0 90 61.6 51.3 51.3
5337 0.2 40 0 0 4937 0.1 20 0 0 120 61.5 51.6 51.6
5337 0.2 40 0 0 4937 0.1 20 0 0 150 61.3 51.8 51.8
5337 0.2 40 0 0 4937 0.1 20 0 0 180 61.2 51.5 51.5
5337 0.2 40 0 0 4937 0.1 30 0 0 0 60.7 47.2 47.2
5337 0.2 40 0 0 4937 0.1 30 0 0 30 61.0 47.6 47.6
5337 0.2 40 0 0 4937 0.1 30 0 0 60 61.0 48.0 48.0
5337 0.2 40 0 0 4937 0.1 30 0 0 90 61.3 48.5 48.5
5337 0.2 40 0 0 4937 0.1 30 0 0 120 61.2 48.7 48.7
5337 0.2 40 0 0 4937 0.1 30 0 0 150 60.9 48.6 48.6
5337 0.2 40 0 0 4937 0.1 30 0 0 180 60.9 48.4 48.4
5337 0.2 40 0 0 4937 0.1 40 0 0 0 60.2 47.2 47.2
5337 0.2 40 0 0 4937 0.1 40 0 0 30 60.5 47.5 47.5
5337 0.2 40 0 0 4937 0.1 40 0 0 60 60.5 47.9 47.9
5337 0.2 40 0 0 4937 0.1 40 0 0 90 60.8 48.4 48.4
5337 0.2 40 0 0 4937 0.1 40 0 0 120 60.7 48.6 48.6
5337 0.2 40 0 0 4937 0.1 40 0 0 150 60.4 48.4 48.4
5337 0.2 40 0 0 4937 0.1 40 0 0 180 60.4 48.3 48.3
5337 0.2 40 0 0 4937 0.1 50 0 0 0 59.5 47.7 47.7
5337 0.2 40 0 0 4937 0.1 50 0 0 30 59.7 47.9 47.9
5337 0.2 40 0 0 4937 0.1 50 0 0 60 59.7 48.3 48.3
5337 0.2 40 0 0 4937 0.1 50 0 0 90 60.0 48.9 48.9
5337 0.2 40 0 0 4937 0.1 50 0 0 120 59.8 49.1 49.1
5337 0.2 40 0 0 4937 0.1 50 0 0 150 59.6 49.3 49.3
5337 0.2 40 0 0 4937 0.1 50 0 0 180 59.6 49.2 49.2
5337 0.2 40 0 0 4937 0.1 60 0 0 0 58.2 49.2 49.2
5337 0.2 40 0 0 4937 0.1 60 0 0 30 58.4 49.3 49.3
5337 0.2 40 0 0 4937 0.1 60 0 0 60 58.4 49.6 49.6
5337 0.2 40 0 0 4937 0.1 60 0 0 90 58.6 50.0 50.0
5337 0.2 40 0 0 4937 0.1 60 0 0 120 58.5 50.2 50.2
5337 0.2 40 0 0 4937 0.1 60 0 0 150 58.4 50.4 50.4
5337 0.2 40 0 0 4937 0.1 60 0 0 180 58.4 50.3 50.3
5337 0.2 40 0 0 4937 0.2 0 0 0 0 60.9 51.5 51.5
5337 0.2 40 0 0 4937 0.2 0 0 0 30 61.1 51.7 51.7
5337 0.2 40 0 0 4937 0.2 0 0 0 60 61.2 52.1 52.1
5337 0.2 40 0 0 4937 0.2 0 0 0 90 61.3 52.5 52.5
5337 0.2 40 0 0 4937 0.2 0 0 0 120 61.3 52.9 52.9
5337 0.2 40 0 0 4937 0.2 0 0 0 150 61.2 53.0 53.0
5337 0.2 40 0 0 4937 0.2 0 0 0 180 61.1 52.6 52.6
5337 0.2 40 0 0 4937 0.2 10 0 0 0 60.8 50.9 50.9
5337 0.2 40 0 0 4937 0.2 10 0 0 30 61.0 51.1 51.1
5337 0.2 40 0 0 4937 0.2 10 0 0 60 61.2 51.4 51.4
5337 0.2 40 0 0 4937 0.2 10 0 0 90 61.2 51.9 51.9
5337 0.2 40 0 0 4937 0.2 10 0 0 120 61.2 52.4 52.4
5337 0.2 40 0 0 4937 0.2 10 0 0 150 61.2 52.6 52.6
5337 0.2 40 0 0 4937 0.2 10 0 0 180 61.0 52.2 52.2
5337 0.2 40 0 0 4937 0.2 20 0 0 0 60.7 49.3 49.3
5337 0.2 40 0 0 4937 0.2 20 0 0 30 60.8 49.7 49.7
5337 0.2 40 0 0 4937 0.2 20 0 0 60 61.0 49.9 49.9
5337 0.2 40 0 0 4937 0.2 20 0 0 90 61.1 50.4 50.4
5337 0.2 40 0 0 4937 0.2 20 0 0 120 61.0 50.9 50.9
5337 0.2 40 0 0 4937 0.2 20 0 0 150 61.0 51.1 51.1
5337 0.2 40 0 0 4937 0.2 20 0 0 180 60.8 50.8 50.8
5337 0.2 40 0 0 4937 0.2 30 0 0 0 60.4 46.6 46.6
5337 0.2 40 0 0 4937 0.2 30 0 0 30 60.5 46.8 46.8
5337 0.2 40 0 0 4937 0.2 30 0 0 60 60.7 47.3 47.3
5337 0.2 40 0 0 4937 0.2 30 0 0 90 60.7 47.7 47.7
5337 0.2 40 0 0 4937 0.2 30 0 0 120 60.7 48.2 48.2
5337 0.2 40 0 0 4937 0.2 30 0 0 150 60.6 48.3 48.3
5337 0.2 40 0 0 4937 0.2 30 0 0 180 60.5 47.9 47.9
5337 0.2 40 0 0 4937 0.2 40 0 0 0 59.9 46.5 46.5
5337 0.2 40 0 0 4937 0.2 40 0 0 30 60.0 46.8 46.8
5337 0.2 40 0 0 4937 0.2 40 0 0 60 60.1 47.3 47.3
5337 0.2 40 0 0 4937 0.2 40 0 0 90 60.2 47.7 47.7
5337 0.2 40 0 0 4937 0.2 40 0 0 120 60.1 48.0 48.0
5337 0.2 40 0 0 4937 0.2 40 0 0 150 60.1 48.3 48.3
5337 0.2 40 0 0 4937 0.2 40 0 0 180 60.0 48.0 48.0
5337 0.2 40 0 0 4937 0.2 50 0 0 0 59.1 47.2 47.2
5337 0.2 40 0 0 4937 0.2 50 0 0 30 59.2 47.4 47.4
5337 0.2 40 0 0 4937 0.2 50 0 0 60 59.3 47.7 47.7
5337 0.2 40 0 0 4937 0.2 50 0 0 90 59.4 48.1 48.1
5337 0.2 40 0 0 4937 0.2 50 0 0 120 59.3 48.4 48.4
5337 0.2 40 0 0 4937 0.2 50 0 0 150 59.2 48.8 48.8
5337 0.2 40 0 0 4937 0.2 50 0 0 180 59.1 48.8 48.8
5337 0.2 40 0 0 4937 0.2 60 0 0 0 57.7 48.6 48.6
5337 0.2 40 0 0 4937 0.2 60 0 0 30 57.9 48.7 48.7
5337 0.2 40 0 0 4937 0.2 60 0 0 60 58.0 48.9 48.9
5337 0.2 40 0 0 4937 0.2 60 0 0 90 58.1 49.3 49.3
5337 0.2 40 0 0 4937 0.2 60 0 0 120 58.0 49.6 49.6
5337 0.2 40 0 0 4937 0.2 60 0 0 150 58.0 49.8 49.8
5337 0.2 40 0 0 4937 0.2 60 0 0 180 57.8 49.6 49.6
5337 0.2 40 0 0 4937 0.3 0 0 0 0 60.6 50.7 50.7
5337 0.2 40 0 0 4937 0.3 0 0 0 30 60.7 50.9 50.9
5337 0.2 40 0 0 4937 0.3 0 0 0 60 60.7 51.3 51.3
5337 0.2 40 0 0 4937 0.3 0 0 0 90 60.9 51.7 51.7
5337 0.2 40 0 0 4937 0.3 0 0 0 120 60.9 52.1 52.1
5337 0.2 40 0 0 4937 0.3 0 0 0 150 60.8 52.4 52.4
5337 0.2 40 0 0 4937 0.3 0 0 0 180 60.7 51.9 51.9
5337 0.2 40 0 0 4937 0.3 10 0 0 0 60.5 50.1 50.1
5337 0.2 40 0 0 4937 0.3 10 0 0 30 60.6 50.3 50.3
5337 0.2 40 0 0 4937 0.3 10 0 0 60 60.7 50.7 50.7
5337 0.2 40 0 0 4937 0.3 10 0 0 90 60.8 51.1 51.1
5337 0.2 40 0 0 4937 0.3 10 0 0 120 60.9 51.6 51.6
5337 0.2 40 0 0 4937 0.3 10 0 0 150 60.7 51.9 51.9
5337 0.2 40 0 0 4937 0.3 10 0 0 180 60.6 51.5 51.5
5337 0.2 40 0 0 4937 0.3 20 0 0 0 60.3 48.5 48.5
5337 0.2 40 0 0 4937 0.3 20 0 0 30 60.4 48.7 48.7
5337 0.2 40 0 0 4937 0.3 20 0 0 60 60.5 49.0 49.0
5337 0.2 40 0 0 4937 0.3 20 0 0 90 60.6 49.4 49.4
5337 0.2 40 0 0 4937 0.3 20 0 0 120 60.7 49.9 49.9
5337 0.2 40 0 0 4937 0.3 20 0 0 150 60.5 50.3 50.3
5337 0.2 40 0 0 4937 0.3 20 0 0 180 60.4 49.9 49.9
5337 0.2 40 0 0 4937 0.3 30 0 0 0 60.0 46.2 46.2
5337 0.2 40 0 0 4937 0.3 30 0 0 30 60.1 46.5 46.5
5337 0.2 40 0 0 4937 0.3 30 0 0 60 60.1 46.6 46.6
5337 0.2 40 0 0 4937 0.3 30 0 0 90 60.3 47.1 47.1
5337 0.2 40 0 0 4937 0.3 30 0 0 120 60.3 47.6 47.6
5337 0.2 40 0 0 4937 0.3 30 0 0 150 60.2 48.1 48.1
5337 0.2 40 0 0 4937 0.3 30 0 0 180 60.1 47.6 47.6
5337 0.2 40 0 0 4937 0.3 40 0 0 0 59.5 46.2 46.2
5337 0.2 40 0 0 4937 0.3 40 0 0 30 59.6 46.3 46.3
5337 0.2 40 0 0 4937 0.3 40 0 0 60 59.6 46.6 46.6
5337 0.2 40 0 0 4937 0.3 40 0 0 90 59.8 47.1 47.1
5337 0.2 40 0 0 4937 0.3 40 0 0 120 59.7 47.6 47.6
5337 0.2 40 0 0 4937 0.3 40 0 0 150 59.6 47.9 47.9
5337 0.2 40 0 0 4937 0.3 40 0 0 180 59.5 47.6 47.6
5337 0.2 40 0 0 4937 0.3 50 0 0 0 58.6 46.7 46.7
5337 0.2 40 0 0 4937 0.3 50 0 0 30 58.8 46.9 46.9
5337 0.2 40 0 0 4937 0.3 50 0 0 60 58.8 47.1 47.1
5337 0.2 40 0 0 4937 0.3 50 0 0 90 59.0 47.4 47.4
5337 0.2 40 0 0 4937 0.3 50 0 0 120 58.9 47.8 47.8
5337 0.2 40 0 0 4937 0.3 50 0 0 150 58.7 48.3 48.3
5337 0.2 40 0 0 4937 0.3 50 0 0 180 58.6 48.3 48.3
5337 0.2 40 0 0 4937 0.3 60 0 0 0 57.2 48.0 48.0
5337 0.2 40 0 0 4937 0.3 60 0 0 30 57.4 48.2 48.2
5337 0.2 40 0 0 4937 0.3 60 0 0 60 57.4 48.3 48.3
5337 0.2 40 0 0 4937 0.3 60 0 0 90 57.6 48.6 48.6
5337 0.2 40 0 0 4937 0.3 60 0 0 120 57.5 48.9 48.9
5337 0.2 40 0 0 4937 0.3 60 0 0 150 57.4 49.2 49.2
5337 0.2 40 0 0 4937 0.3 60 0 0 180 57.3 49.1 49.1
5337 0.2 40 0 0 4937 0.4 0 0 0 0 60.2 49.9 49.9
5337 0.2 40 0 0 4937 0.4 0 0 0 30 60.3 50.2 50.2
5337 0.2 40 0 0 4937 0.4 0 0 0 60 60.3 50.4 50.4
5337 0.2 40 0 0 4937 0.4 0 0 0 90 60.5 50.7 50.7
5337 0.2 40 0 0 4937 0.4 0 0 0 120 60.4 51.2 51.2
5337 0.2 40 0 0 4937 0.4 0 0 0 150 60.3 51.7 51.7
5337 0.2 40 0 0 4937 0.4 0 0 0 180 60.2 51.2 51.2
5337 0.2 40 0 0 4937 0.4 10 0 0 0 60.1 49.3 49.3
5337 0.2 40 0 0 4937 0.4 10 0 0 30 60.2 49.5 49.5
5337 0.2 40 0 0 4937 0.4 10 0 0 60 60.2 49.8 49.8
5337 0.2 40 0 0 4937 0.4 10 0 0 90 60.4 50.1 50.1
5337 0.2 40 0 0 4937 0.4 10 0 0 120 60.3 50.7 50.7
5337 0.2 40 0 0 4937 0.4 10 0 0 150 60.2 51.2 51.2
5337 0.2 40 0 0 4937 0.4 10 0 0 180 60.1 50.7 50.7
5337 0.2 40 0 0 4937 0.4 20 0 0 0 59.9 47.2 47.2
5337 0.2 40 0 0 4937 0.4 20 0 0 30 60.0 47.3 47.3
5337 0.2 40 0 0 4937 0.4 20 0 0 60 60.0 47.5 47.5
5337 0.2 40 0 0 4937 0.4 20 0 0 90 60.2 47.9 47.9
5337 0.2 40 0 0 4937 0.4 20 0 0 120 60.1 48.5 48.5
5337 0.2 40 0 0 4937 0.4 20 0 0 150 60.0 49.1 49.1
5337 0.2 40 0 0 4937 0.4 20 0 0 180 59.9 48.6 48.6
5337 0.2 40 0 0 4937 0.4 30 0 0 0 59.6 45.9 45.9
5337 0.2 40 0 0 4937 0.4 30 0 0 30 59.7 46.2 46.2
5337 0.2 40 0 0 4937 0.4 30 0 0 60 59.7 46.3 46.3
5337 0.2 40 0 0 4937 0.4 30 0 0 90 59.8 46.6 46.6
5337 0.2 40 0 0 4937 0.4 30 0 0 120 59.8 47.2 47.2
5337 0.2 40 0 0 4937 0.4 30 0 0 150 59.6 47.8 47.8
5337 0.2 40 0 0 4937 0.4 30 0 0 180 59.5 47.5 47.5
5337 0.2 40 0 0 4937 0.4 40 0 0 0 59.0 45.9 45.9
5337 0.2 40 0 0 4937 0.4 40 0 0 30 59.1 46.2 46.2
5337 0.2 40 0 0 4937 0.4 40 0 0 60 59.2 46.3 46.3
5337 0.2 40 0 0 4937 0.4 40 0 0 90 59.3 46.5 46.5
5337 0.2 40 0 0 4937 0.4 40 0 0 120 59.2 47.1 47.1
5337 0.2 40 0 0 4937 0.4 40 0 0 150 59.1 47.7 47.7
5337 0.2 40 0 0 4937 0.4 40 0 0 180 59.0 47.6 47.6
5337 0.2 40 0 0 4937 0.4 50 0 0 0 58.2 46.5 46.5
5337 0.2 40 0 0 4937 0.4 50 0 0 30 58.3 46.7 46.7
5337 0.2 40 0 0 4937 0.4 50 0 0 60 58.4 46.8 46.8
5337 0.2 40 0 0 4937 0.4 50 0 0 90 58.4 47.0 47.0
5337 0.2 40 0 0 4937 0.4 50 0 0 120 58.4 47.3 47.3
5337 0.2 40 0 0 4937 0.4 50 0 0 150 58.3 47.8 47.8
5337 0.2 40 0 0 4937 0.4 50 0 0 180 58.1 47.8 47.8
5337 0.2 40 0 0 4937 0.4 60 0 0 0 56.4 47.5 47.5
5337 0.2 40 0 0 4937 0.4 60 0 0 30 56.6 47.6 47.6
5337 0.2 40 0 0 4937 0.4 60 0 0 60 56.7 47.8 47.8
5337 0.2 40 0 0 4937 0.4 60 0 0 90 56.7 47.9 47.9
5337 0.2 40 0 0 4937 0.4 60 0 0 120 56.8 48.3 48.3
5337 0.2 40 0 0 4937 0.4 60 0 0 150 56.8 48.7 48.7
5337 0.2 40 0 0 4937 0.4 60 0 0 180 56.6 48.5 48.5
5337 0.2 40 0 0 4937 0.5 0 0 0 0 59.7 49.0 49.0
5337 0.2 40 0 0 4937 0.5 0 0 0 30 59.7 49.2 49.2
5337 0.2 40 0 0 4937 0.5 0 0 0 60 59.9 49.3 49.3
5337 0.2 40 0 0 4937 0.5 0 0 0 90 60.0 49.6 49.6
5337 0.2 40 0 0 4937 0.5 0 0 0 120 60.0 50.1 50.1
5337 0.2 40 0 0 4937 0.5 0 0 0 150 59.9 50.7 50.7
5337 0.2 40 0 0 4937 0.5 0 0 0 180 59.6 50.1 50.1
5337 0.2 40 0 0 4937 0.5 10 0 0 0 59.6 48.0 48.0
5337 0.2 40 0 0 4937 0.5 10 0 0 30 59.7 48.3 48.3
5337 0.2 40 0 0 4937 0.5 10 0 0 60 59.8 48.5 48.5
5337 0.2 40 0 0 4937 0.5 10 0 0 90 60.0 48.6 48.6
5337 0.2 40 0 0 4937 0.5 10 0 0 120 59.9 49.3 49.3
5337 0.2 40 0 0 4937 0.5 10 0 0 150 59.8 49.9 49.9
5337 0.2 40 0 0 4937 0.5 10 0 0 180 59.5 49.4 49.4
5337 0.2 40 0 0 4937 0.5 20 0 0 0 59.4 46.6 46.6
5337 0.2 40 0 0 4937 0.5 20 0 0 30 59.5 46.8 46.8
5337 0.2 40 0 0 4937 0.5 20 0 0 60 59.6 46.9 46.9
5337 0.2 40 0 0 4937 0.5 20 0 0 90 59.8 47.1 47.1
5337 0.2 40 0 0 4937 0.5 20 0 0 120 59.7 47.8 47.8
5337 0.2 40 0 0 4937 0.5 20 0 0 150 59.6 48.4 48.4
5337 0.2 40 0 0 4937 0.5 20 0 0 180 59.3 48.2 48.2
5337 0.2 40 0 0 4937 0.5 30 0 0 0 59.1 45.9 45.9
5337 0.2 40 0 0 4937 0.5 30 0 0 30 59.1 46.0 46.0
5337 0.2 40 0 0 4937 0.5 30 0 0 60 59.3 46.1 46.1
5337 0.2 40 0 0 4937 0.5 30 0 0 90 59.4 46.3 46.3
5337 0.2 40 0 0 4937 0.5 30 0 0 120 59.3 46.8 46.8
5337 0.2 40 0 0 4937 0.5 30 0 0 150 59.2 47.7 47.7
5337 0.2 40 0 0 4937 0.5 30 0 0 180 59.0 47.6 47.6
5337 0.2 40 0 0 4937 0.5 40 0 0 0 58.5 45.9 45.9
5337 0.2 40 0 0 4937 0.5 40 0 0 30 58.6 46.0 46.0
5337 0.2 40 0 0 4937 0.5 40 0 0 60 58.7 46.2 46.2
5337 0.2 40 0 0 4937 0.5 40 0 0 90 58.8 46.3 46.3
5337 0.2 40 0 0 4937 0.5 40 0 0 120 58.8 46.8 46.8
5337 0.2 40 0 0 4937 0.5 40 0 0 150 58.6 47.5 47.5
5337 0.2 40 0 0 4937 0.5 40 0 0 180 58.4 47.6 47.6
5337 0.2 40 0 0 4937 0.5 50 0 0 0 57.7 46.4 46.4
5337 0.2 40 0 0 4937 0.5 50 0 0 30 57.8 46.5 46.5
5337 0.2 40 0 0 4937 0.5 50 0 0 60 57.8 46.6 46.6
5337 0.2 40 0 0 4937 0.5 50 0 0 90 57.9 46.8 46.8
5337 0.2 40 0 0 4937 0.5 50 0 0 120 57.9 47.2 47.2
5337 0.2 40 0 0 4937 0.5 50 0 0 150 57.8 47.6 47.6
5337 0.2 40 0 0 4937 0.5 50 0 0 180 57.5 47.6 47.6
5337 0.2 40 0 0 4937 0.5 60 0 0 0 56.0 47.1 47.1
5337 0.2 40 0 0 4937 0.5 60 0 0 30 56.0 47.2 47.2
5337 0.2 40 0 0 4937 0.5 60 0 0 60 56.1 47.3 47.3
5337 0.2 40 0 0 4937 0.5 60 0 0 90 56.1 47.4 47.4
5337 0.2 40 0 0 4937 0.5 60 0 0 120 56.1 47.8 47.8
5337 0.2 40 0 0 4937 0.5 60 0 0 150 56.1 48.2 48.2
5337 0.2 40 0 0 4937 0.5 60 0 0 180 56.0 48.0 48.0
5337 0.2 40 0 0 5137 0.0 0 0 0 0 62.3 53.9 53.9
5337 0.2 40 0 0 5137 0.0 0 0 0 30 62.3 54.1 54.1
5337 0.2 40 0 0 5137 0.0 0 0 0 60 62.2 54.3 54.3
5337 0.2 40 0 0 5137 0.0 0 0 0 90 62.1 54.3 54.3
5337 0.2 40 0 0 5137 0.0 0 0 0 120 62.0 54.1 54.1
5337 0.2 40 0 0 5137 0.0 0 0 0 150 61.9 53.9 53.9
5337 0.2 40 0 0 5137 0.0 0 0 0 180 61.9 53.6 53.6
5337 0.2 40 0 0 5137 0.0 10 0 0 0 62.3 53.5 53.5
5337 0.2 40 0 0 5137 0.0 10 0 0 30 62.3 53.5 53.5
5337 0.2 40 0 0 5137 0.0 10 0 0 60 62.1 53.7 53.7
5337 0.2 40 0 0 5137 0.0 10 0 0 90 62.0 53.7 53.7
5337 0.2 40 0 0 5137 0.0 10 0 0 120 61.9 53.6 53.6
5337 0.2 40 0 0 5137 0.0 10 0 0 150 61.8 53.4 53.4
5337 0.2 40 0 0 5137 0.0 10 0 0 180 61.8 53.2 53.2
5337 0.2 40 0 0 5137 0.0 20 0 0 0 62.1 52.2 52.2
5337 0.2 40 0 0 5137 0.0 20 0 0 30 62.1 52.2 52.2
5337 0.2 40 0 0 5137 0.0 20 0 0 60 62.0 52.2 52.2
5337 0.2 40 0 0 5137 0.0 20 0 0 90 61.9 52.3 52.3
5337 0.2 40 0 0 5137 0.0 20 0 0 120 61.7 52.4 52.4
5337 0.2 40 0 0 5137 0.0 20 0 0 150 61.6 52.2 52.2
5337 0.2 40 0 0 5137 0.0 20 0 0 180 61.6 52.0 52.0
5337 0.2 40 0 0 5137 0.0 30 0 0 0 61.8 49.3 49.3
5337 0.2 40 0 0 5137 0.0 30 0 0 30 61.8 49.3 49.3
5337 0.2 40 0 0 5137 0.0 30 0 0 60 61.7 49.3 49.3
5337 0.2 40 0 0 5137 0.0 30 0 0 90 61.6 49.3 49.3
5337 0.2 40 0 0 5137 0.0 30 0 0 120 61.4 49.3 49.3
5337 0.2 40 0 0 5137 0.0 30 0 0 150 61.3 49.0 49.0
5337 0.2 40 0 0 5137 0.0 30 0 0 180 61.3 48.9 48.9
5337 0.2 40 0 0 5137 0.0 40 0 0 0 61.4 48.8 48.8
5337 0.2 40 0 0 5137 0.0 40 0 0 30 61.3 48.9 48.9
5337 0.2 40 0 0 5137 0.0 40 0 0 60 61.2 48.9 48.9
5337 0.2 40 0 0 5137 0.0 40 0 0 90 61.1 49.0 49.0
5337 0.2 40 0 0 5137 0.0 40 0 0 120 61.0 49.0 49.0
5337 0.2 40 0 0 5137 0.0 40 0 0 150 60.8 48.9 48.9
5337 0.2 40 0 0 5137 0.0 40 0 0 180 60.9 48.8 48.8
5337 0.2 40 0 0 5137 0.0 50 0 0 0 60.6 49.4 49.4
5337 0.2 40 0 0 5137 0.0 50 0 0 30 60.6 49.1 49.1
5337 0.2 40 0 0 5137 0.0 50 0 0 60 60.5 49.1 49.1
5337 0.2 40 0 0 5137 0.0 50 0 0 90 60.4 49.3 49.3
5337 0.2 40 0 0 5137 0.0 50 0 0 120 60.2 49.4 49.4
5337 0.2 40 0 0 5137 0.0 50 0 0 150 60.2 49.5 49.5
5337 0.2 40 0 0 5137 0.0 50 0 0 180 60.2 49.7 49.7
5337 0.2 40 0 0 5137 0.0 60 0 0 0 59.4 50.9 50.9
5337 0.2 40 0 0 5137 0.0 60 0 0 30 59.4 50.6 50.6
5337 0.2 40 0 0 5137 0.0 60 0 0 60 59.3 50.4 50.4
5337 0.2 40 0 0 5137 0.0 60 0 0 90 59.2 50.4 50.4
5337 0.2 40 0 0 5137 0.0 60 0 0 120 59.0 50.4 50.4
5337 0.2 40 0 0 5137 0.0 60 0 0 150 59.0 50.5 50.5
5337 0.2 40 0 0 5137 0.0 60 0 0 180 59.0 50.8 50.8
5337 0.2 40 0 0 5137 0.1 0 0 0 0 61.9 53.3 53.3
5337 0.2 40 0 0 5137 0.1 0 0 0 30 61.9 53.5 53.5
5337 0.2 40 0 0 5137 0.1 0 0 0 60 61.8 53.7 53.7
5337 0.2 40 0 0 5137 0.1 0 0 0 90 61.7 53.7 53.7
5337 0.2 40 0 0 5137 0.1 0 0 0 120 61.6 53.6 53.6
5337 0.2 40 0 0 5137 0.1 0 0 0 150 61.5 53.4 53.4
5337 0.2 40 0 0 5137 0.1 0 0 0 180 61.4 53.1 53.1
5337 0.2 40 0 0 5137 0.1 10 0 0 0 61.9 52.8 52.8
5337 0.2 40 0 0 5137 0.1 10 0 0 30 61.9 52.9 52.9
5337 0.2 40 0 0 5137 0.1 10 0 0 60 61.8 53.1 53.1
5337 0.2 40 0 0 5137 0.1 10 0 0 90 61.7 53.2 53.2
5337 0.2 40 0 0 5137 0.1 10 0 0 120 61.5 53.2 53.2
5337 0.2 40 0 0 5137 0.1 10 0 0 150 61.4 53.0 53.0
5337 0.2 40 0 0 5137 0.1 10 0 0 180 61.4 52.7 52.7
5337 0.2 40 0 0 5137 0.1 20 0 0 0 61.7 51.5 51.5
5337 0.2 40 0 0 5137 0.1 20 0 0 30 61.7 51.5 51.5
5337 0.2 40 0 0 5137 0.1 20 0 0 60 61.6 51.6 51.6
5337 0.2 40 0 0 5137 0.1 20 0 0 90 61.5 51.8 51.8
5337 0.2 40 0 0 5137 0.1 20 0 0 120 61.4 52.0 52.0
5337 0.2 40 0 0 5137 0.1 20 0 0 150 61.2 51.9 51.9
5337 0.2 40 0 0 5137 0.1 20 0 0 180 61.2 51.5 51.5
5337 0.2 40 0 0 5137 0.1 30 0 0 0 61.4 48.4 48.4
5337 0.2 40 0 0 5137 0.1 30 0 0 30 61.4 48.4 48.4
5337 0.2 40 0 0 5137 0.1 30 0 0 60 61.3 48.5 48.5
5337 0.2 40 0 0 5137 0.1 30 0 0 90 61.2 48.6 48.6
5337 0.2 40 0 0 5137 0.1 30 0 0 120 61.0 48.8 48.8
5337 0.2 40 0 0 5137 0.1 30 0 0 150 60.9 48.9 48.9
5337 0.2 40 0 0 5137 0.1 30 0 0 180 60.9 48.5 48.5
5337 0.2 40 0 0 5137 0.1 40 0 0 0 60.9 48.1 48.1
5337 0.2 40 0 0 5137 0.1 40 0 0 30 60.9 48.1 48.1
5337 0.2 40 0 0 5137 0.1 40 0 0 60 60.8 48.1 48.1
5337 0.2 40 0 0 5137 0.1 40 0 0 90 60.7 48.3 48.3
5337 0.2 40 0 0 5137 0.1 40 0 0 120 60.5 48.4 48.4
5337 0.2 40 0 0 5137 0.1 40 0 0 150 60.4 48.6 48.6
5337 0.2 40 0 0 5137 0.1 40 0 0 180 60.4 48.3 48.3
5337 0.2 40 0 0 5137 0.1 50 0 0 0 60.1 48.8 48.8
5337 0.2 40 0 0 5137 0.1 50 0 0 30 60.1 48.6 48.6
5337 0.2 40 0 0 5137 0.1 50 0 0 60 60.0 48.5 48.5
5337 0.2 40 0 0 5137 0.1 50 0 0 90 59.9 48.5 48.5
5337 0.2 40 0 0 5137 0.1 50 0 0 120 59.8 48.7 48.7
5337 0.2 40 0 0 5137 0.1 50 0 0 150 59.8 48.9 48.9
5337 0.2 40 0 0 5137 0.1 50 0 0 180 59.7 49.2 49.2
5337 0.2 40 0 0 5137 0.1 60 0 0 0 58.9 50.3 50.3
5337 0.2 40 0 0 5137 0.1 60 0 0 30 58.9 50.1 50.1
5337 0.2 40 0 0 5137 0.1 60 0 0 60 58.8 49.9 49.9
5337 0.2 40 0 0 5137 0.1 60 0 0 90 58.7 49.7 49.7
5337 0.2 40 0 0 5137 0.1 60 0 0 120 58.6 49.7 49.7
5337 0.2 40 0 0 5137 0.1 60 0 0 150 58.5 49.8 49.8
5337 0.2 40 0 0 5137 0.1 60 0 0 180 58.5 50.1 50.1
5337 0.2 40 0 0 5137 0.2 0 0 0 0 61.6 52.6 52.6
5337 0.2 40 0 0 5137 0.2 0 0 0 30 61.5 52.8 52.8
5337 0.2 40 0 0 5137 0.2 0 0 0 60 61.4 53.0 53.0
5337 0.2 40 0 0 5137 0.2 0 0 0 90 61.3 53.1 53.1
5337 0.2 40 0 0 5137 0.2 0 0 0 120 61.2 53.0 53.0
5337 0.2 40 0 0 5137 0.2 0 0 0 150 61.0 52.9 52.9
5337 0.2 40 0 0 5137 0.2 0 0 0 180 61.0 52.5 52.5
5337 0.2 40 0 0 5137 0.2 10 0 0 0 61.5 52.1 52.1
5337 0.2 40 0 0 5137 0.2 10 0 0 30 61.5 52.2 52.2
5337 0.2 40 0 0 5137 0.2 10 0 0 60 61.4 52.4 52.4
5337 0.2 40 0 0 5137 0.2 10 0 0 90 61.3 52.5 52.5
5337 0.2 40 0 0 5137 0.2 10 0 0 120 61.1 52.6 52.6
5337 0.2 40 0 0 5137 0.2 10 0 0 150 61.0 52.6 52.6
5337 0.2 40 0 0 5137 0.2 10 0 0 180 60.9 52.1 52.1
5337 0.2 40 0 0 5137 0.2 20 0 0 0 61.3 50.6 50.6
5337 0.2 40 0 0 5137 0.2 20 0 0 30 61.3 50.7 50.7
5337 0.2 40 0 0 5137 0.2 20 0 0 60 61.2 50.8 50.8
5337 0.2 40 0 0 5137 0.2 20 0 0 90 61.1 51.0 51.0
5337 0.2 40 0 0 5137 0.2 20 0 0 120 60.9 51.4 51.4
5337 0.2 40 0 0 5137 0.2 20 0 0 150 60.8 51.5 51.5
5337 0.2 40 0 0 5137 0.2 20 0 0 180 60.8 51.0 51.0
5337 0.2 40 0 0 5137 0.2 30 0 0 0 61.0 47.7 47.7
5337 0.2 40 0 0 5137 0.2 30 0 0 30 61.0 47.7 47.7
5337 0.2 40 0 0 5137 0.2 30 0 0 60 60.9 47.7 47.7
5337 0.2 40 0 0 5137 0.2 30 0 0 90 60.8 47.9 47.9
5337 0.2 40 0 0 5137 0.2 30 0 0 120 60.6 48.3 48.3
5337 0.2 40 0 0 5137 0.2 30 0 0 150 60.5 48.5 48.5
5337 0.2 40 0 0 5137 0.2 30 0 0 180 60.4 48.1 48.1
5337 0.2 40 0 0 5137 0.2 40 0 0 0 60.4 47.6 47.6
5337 0.2 40 0 0 5137 0.2 40 0 0 30 60.4 47.5 47.5
5337 0.2 40 0 0 5137 0.2 40 0 0 60 60.3 47.4 47.4
5337 0.2 40 0 0 5137 0.2 40 0 0 90 60.3 47.6 47.6
5337 0.2 40 0 0 5137 0.2 40 0 0 120 60.1 47.9 47.9
5337 0.2 40 0 0 5137 0.2 40 0 0 150 60.0 48.1 48.1
5337 0.2 40 0 0 5137 0.2 40 0 0 180 60.0 48.1 48.1
5337 0.2 40 0 0 5137 0.2 50 0 0 0 59.6 48.2 48.2
5337 0.2 40 0 0 5137 0.2 50 0 0 30 59.6 48.0 48.0
5337 0.2 40 0 0 5137 0.2 50 0 0 60 59.6 47.9 47.9
5337 0.2 40 0 0 5137 0.2 50 0 0 90 59.5 47.9 47.9
5337 0.2 40 0 0 5137 0.2 50 0 0 120 59.4 48.0 48.0
5337 0.2 40 0 0 5137 0.2 50 0 0 150 59.3 48.3 48.3
5337 0.2 40 0 0 5137 0.2 50 0 0 180 59.4 48.7 48.7
5337 0.2 40 0 0 5137 0.2 60 0 0 0 58.2 49.7 49.7
5337 0.2 40 0 0 5137 0.2 60 0 0 30 58.3 49.5 49.5
5337 0.2 40 0 0 5137 0.2 60 0 0 60 58.3 49.3 49.3
5337 0.2 40 0 0 5137 0.2 60 0 0 90 58.2 49.2 49.2
5337 0.2 40 0 0 5137 0.2 60 0 0 120 58.1 49.2 49.2
5337 0.2 40 0 0 5137 0.2 60 0 0 150 58.0 49.2 49.2
5337 0.2 40 0 0 5137 0.2 60 0 0 180 58.1 49.5 49.5
5337 0.2 40 0 0 5137 0.3 0 0 0 0 61.1 51.9 51.9
5337 0.2 40 0 0 5137 0.3 0 0 0 30 61.1 52.1 52.1
5337 0.2 40 0 0 5137 0.3 0 0 0 60 61.0 52.2 52.2
5337 0.2 40 0 0 5137 0.3 0 0 0 90 61.0 52.4 52.4
5337 0.2 40 0 0 5137 0.3 0 0 0 120 60.8 52.4 52.4
5337 0.2 40 0 0 5137 0.3 0 0 0 150 60.6 52.4 52.4
5337 0.2 40 0 0 5137 0.3 0 0 0 180 60.6 51.9 51.9
5337 0.2 40 0 0 5137 0.3 10 0 0 0 61.1 51.3 51.3
5337 0.2 40 0 0 5137 0.3 10 0 0 30 61.1 51.4 51.4
5337 0.2 40 0 0 5137 0.3 10 0 0 60 61.0 51.5 51.5
5337 0.2 40 0 0 5137 0.3 10 0 0 90 60.9 51.7 51.7
5337 0.2 40 0 0 5137 0.3 10 0 0 120 60.7 52.0 52.0
5337 0.2 40 0 0 5137 0.3 10 0 0 150 60.6 52.1 52.1
5337 0.2 40 0 0 5137 0.3 10 0 0 180 60.5 51.5 51.5
5337 0.2 40 0 0 5137 0.3 20 0 0 0 60.8 49.6 49.6
5337 0.2 40 0 0 5137 0.3 20 0 0 30 60.9 49.7 49.7
5337 0.2 40 0 0 5137 0.3 20 0 0 60 60.8 49.8 49.8
5337 0.2 40 0 0 5137 0.3 20 0 0 90 60.7 50.1 50.1
5337 0.2 40 0 0 5137 0.3 20 0 0 120 60.6 50.5 50.5
5337 0.2 40 0 0 5137 0.3 20 0 0 150 60.4 50.9 50.9
5337 0.2 40 0 0 5137 0.3 20 0 0 180 60.4 50.3 50.3
5337 0.2 40 0 0 5137 0.3 30 0 0 0 60.5 47.1 47.1
5337 0.2 40 0 0 5137 0.3 30 0 0 30 60.5 47.0 47.0
5337 0.2 40 0 0 5137 0.3 30 0 0 60 60.4 47.0 47.0
5337 0.2 40 0 0 5137 0.3 30 0 0 90 60.4 47.2 47.2
5337 0.2 40 0 0 5137 0.3 30 0 0 120 60.2 47.7 47.7
5337 0.2 40 0 0 5137 0.3 30 0 0 150 60.1 48.3 48.3
5337 0.2 40 0 0 5137 0.3 30 0 0 180 60.1 48.0 48.0
5337 0.2 40 0 0 5137 0.3 40 0 0 0 59.9 47.2 47.2
5337 0.2 40 0 0 5137 0.3 40 0 0 30 59.9 47.0 47.0
5337 0.2 40 0 0 5137 0.3 40 0 0 60 59.9 47.0 47.0
5337 0.2 40 0 0 5137 0.3 40 0 0 90 59.8 47.0 47.0
5337 0.2 40 0 0 5137 0.3 40 0 0 120 59.7 47.3 47.3
5337 0.2 40 0 0 5137 0.3 40 0 0 150 59.6 47.7 47.7
5337 0.2 40 0 0 5137 0.3 40 0 0 180 59.6 47.9 47.9
5337 0.2 40 0 0 5137 0.3 50 0 0 0 59.0 47.8 47.8
5337 0.2 40 0 0 5137 0.3 50 0 0 30 59.0 47.7 47.7
5337 0.2 40 0 0 5137 0.3 50 0 0 60 59.0 47.5 47.5
5337 0.2 40 0 0 5137 0.3 50 0 0 90 59.0 47.4 47.4
5337 0.2 40 0 0 5137 0.3 50 0 0 120 59.0 47.5 47.5
5337 0.2 40 0 0 5137 0.3 50 0 0 150 58.9 47.8 47.8
5337 0.2 40 0 0 5137 0.3 50 0 0 180 58.9 48.2 48.2
5337 0.2 40 0 0 5137 0.3 60 0 0 0 57.5 49.2 49.2
5337 0.2 40 0 0 5137 0.3 60 0 0 30 57.6 49.0 49.0
5337 0.2 40 0 0 5137 0.3 60 0 0 60 57.7 48.8 48.8
5337 0.2 40 0 0 5137 0.3 60 0 0 90 57.7 48.7 48.7
5337 0.2 40 0 0 5137 0.3 60 0 0 120 57.7 48.6 48.6
5337 0.2 40 0 0 5137 0.3 60 0 0 150 57.5 48.6 48.6
5337 0.2 40 0 0 5137 0.3 60 0 0 180 57.6 48.8 48.8
5337 0.2 40 0 0 5137 0.4 0 0 0 0 60.7 51.0 51.0
5337 0.2 40 0 0 5137 0.4 0 0 0 30 60.7 51.1 51.1
5337 0.2 40 0 0 5137 0.4 0 0 0 60 60.6 51.3 51.3
5337 0.2 40 0 0 5137 0.4 0 0 0 90 60.6 51.5 51.5
5337 0.2 40 0 0 5137 0.4 0 0 0 120 60.4 51.7 51.7
5337 0.2 40 0 0 5137 0.4 0 0 0 150 60.3 52.0 52.0
5337 0.2 40 0 0 5137 0.4 0 0 0 180 60.2 51.3 51.3
5337 0.2 40 0 0 5137 0.4 10 0 0 0 60.6 50.3 50.3
5337 0.2 40 0 0 5137 0.4 10 0 0 30 60.6 50.4 50.4
5337 0.2 40 0 0 5137 0.4 10 0 0 60 60.6 50.6 50.6
5337 0.2 40 0 0 5137 0.4 10 0 0 90 60.5 50.8 50.8
5337 0.2 40 0 0 5137 0.4 10 0 0 120 60.4 51.2 51.2
5337 0.2 40 0 0 5137 0.4 10 0 0 150 60.2 51.5 51.5
5337 0.2 40 0 0 5137 0.4 10 0 0 180 60.1 50.9 50.9
5337 0.2 40 0 0 5137 0.4 20 0 0 0 60.4 48.2 48.2
5337 0.2 40 0 0 5137 0.4 20 0 0 30 60.4 48.3 48.3
5337 0.2 40 0 0 5137 0.4 20 0 0 60 60.3 48.4 48.4
5337 0.2 40 0 0 5137 0.4 20 0 0 90 60.3 48.7 48.7
5337 0.2 40 0 0 5137 0.4 20 0 0 120 60.2 49.2 49.2
5337 0.2 40 0 0 5137 0.4 20 0 0 150 60.0 49.7 49.7
5337 0.2 40 0 0 5137 0.4 20 0 0 180 60.0 49.3 49.3
5337 0.2 40 0 0 5137 0.4 30 0 0 0 59.9 46.6 46.6
5337 0.2 40 0 0 5137 0.4 30 0 0 30 60.0 46.6 46.6
5337 0.2 40 0 0 5137 0.4 30 0 0 60 60.0 46.7 46.7
5337 0.2 40 0 0 5137 0.4 30 0 0 90 60.0 46.8 46.8
5337 0.2 40 0 0 5137 0.4 30 0 0 120 59.9 47.2 47.2
5337 0.2 40 0 0 5137 0.4 30 0 0 150 59.8 47.9 47.9
5337 0.2 40 0 0 5137 0.4 30 0 0 180 59.7 47.9 47.9
5337 0.2 40 0 0 5137 0.4 40 0 0 0 59.3 46.8 46.8
5337 0.2 40 0 0 5137 0.4 40 0 0 30 59.4 46.8 46.8
5337 0.2 40 0 0 5137 0.4 40 0 0 60 59.4 46.7 46.7
5337 0.2 40 0 0 5137 0.4 40 0 0 90 59.4 46.7 46.7
5337 0.2 40 0 0 5137 0.4 40 0 0 120 59.4 46.8 46.8
5337 0.2 40 0 0 5137 0.4 40 0 0 150 59.3 47.4 47.4
5337 0.2 40 0 0 5137 0.4 40 0 0 180 59.3 47.7 47.7
5337 0.2 40 0 0 5137 0.4 50 0 0 0 58.3 47.6 47.6
5337 0.2 40 0 0 5137 0.4 50 0 0 30 58.4 47.5 47.5
5337 0.2 40 0 0 5137 0.4 50 0 0 60 58.5 47.4 47.4
5337 0.2 40 0 0 5137 0.4 50 0 0 90 58.6 47.3 47.3
5337 0.2 40 0 0 5137 0.4 50 0 0 120 58.6 47.2 47.2
5337 0.2 40 0 0 5137 0.4 50 0 0 150 58.5 47.2 47.2
5337 0.2 40 0 0 5137 0.4 50 0 0 180 58.6 47.7 47.7
5337 0.2 40 0 0 5137 0.4 60 0 0 0 56.7 48.7 48.7
5337 0.2 40 0 0 5137 0.4 60 0 0 30 56.8 48.6 48.6
5337 0.2 40 0 0 5137 0.4 60 0 0 60 56.9 48.4 48.4
5337 0.2 40 0 0 5137 0.4 60 0 0 90 57.1 48.3 48.3
5337 0.2 40 0 0 5137 0.4 60 0 0 120 57.1 48.2 48.2
5337 0.2 40 0 0 5137 0.4 60 0 0 150 57.0 48.0 48.0
5337 0.2 40 0 0 5137 0.4 60 0 0 180 57.1 48.3 48.3
5337 0.2 40 0 0 5137 0.5 0 0 0 0 60.1 49.8 49.8
5337 0.2 40 0 0 5137 0.5 0 0 0 30 60.1 50.0 50.0
5337 0.2 40 0 0 5137 0.5 0 0 0 60 60.1 50.2 50.2
5337 0.2 40 0 0 5137 0.5 0 0 0 90 60.1 50.4 50.4
5337 0.2 40 0 0 5137 0.5 0 0 0 120 60.1 50.8 50.8
5337 0.2 40 0 0 5137 0.5 0 0 0 150 60.0 51.4 51.4
5337 0.2 40 0 0 5137 0.5 0 0 0 180 59.8 50.6 50.6
5337 0.2 40 0 0 5137 0.5 10 0 0 0 60.0 49.0 49.0
5337 0.2 40 0 0 5137 0.5 10 0 0 30 60.0 49.1 49.1
5337 0.2 40 0 0 5137 0.5 10 0 0 60 60.1 49.3 49.3
5337 0.2 40 0 0 5137 0.5 10 0 0 90 60.1 49.6 49.6
5337 0.2 40 0 0 5137 0.5 10 0 0 120 60.1 50.0 50.0
5337 0.2 40 0 0 5137 0.5 10 0 0 150 59.9 50.7 50.7
5337 0.2 40 0 0 5137 0.5 10 0 0 180 59.8 50.1 50.1
5337 0.2 40 0 0 5137 0.5 20 0 0 0 59.7 47.1 47.1
5337 0.2 40 0 0 5137 0.5 20 0 0 30 59.8 47.2 47.2
5337 0.2 40 0 0 5137 0.5 20 0 0 60 59.8 47.3 47.3
5337 0.2 40 0 0 5137 0.5 20 0 0 90 59.8 47.6 47.6
5337 0.2 40 0 0 5137 0.5 20 0 0 120 59.9 48.1 48.1
5337 0.2 40 0 0 5137 0.5 20 0 0 150 59.8 48.9 48.9
5337 0.2 40 0 0 5137 0.5 20 0 0 180 59.6 48.6 48.6
5337 0.2 40 0 0 5137 0.5 30 0 0 0 59.3 46.4 46.4
5337 0.2 40 0 0 5137 0.5 30 0 0 30 59.3 46.4 46.4
5337 0.2 40 0 0 5137 0.5 30 0 0 60 59.4 46.4 46.4
5337 0.2 40 0 0 5137 0.5 30 0 0 90 59.4 46.5 46.5
5337 0.2 40 0 0 5137 0.5 30 0 0 120 59.5 46.8 46.8
5337 0.2 40 0 0 5137 0.5 30 0 0 150 59.4 47.8 47.8
5337 0.2 40 0 0 5137 0.5 30 0 0 180 59.4 48.0 48.0
5337 0.2 40 0 0 5137 0.5 40 0 0 0 58.6 46.7 46.7
5337 0.2 40 0 0 5137 0.5 40 0 0 30 58.7 46.7 46.7
5337 0.2 40 0 0 5137 0.5 40 0 0 60 58.8 46.7 46.7
5337 0.2 40 0 0 5137 0.5 40 0 0 90 58.8 46.8 46.8
5337 0.2 40 0 0 5137 0.5 40 0 0 120 59.0 46.8 46.8
5337 0.2 40 0 0 5137 0.5 40 0 0 150 58.9 47.2 47.2
5337 0.2 40 0 0 5137 0.5 40 0 0 180 58.9 47.6 47.6
5337 0.2 40 0 0 5137 0.5 50 0 0 0 57.5 47.4 47.4
5337 0.2 40 0 0 5137 0.5 50 0 0 30 57.6 47.4 47.4
5337 0.2 40 0 0 5137 0.5 50 0 0 60 57.8 47.3 47.3
5337 0.2 40 0 0 5137 0.5 50 0 0 90 57.9 47.3 47.3
5337 0.2 40 0 0 5137 0.5 50 0 0 120 58.1 47.2 47.2
5337 0.2 40 0 0 5137 0.5 50 0 0 150 58.1 47.1 47.1
5337 0.2 40 0 0 5137 0.5 50 0 0 180 58.2 47.4 47.4
5337 0.2 40 0 0 5137 0.5 60 0 0 0 55.9 48.3 48.3
5337 0.2 40 0 0 5137 0.5 60 0 0 30 55.9 48.2 48.2
5337 0.2 40 0 0 5137 0.5 60 0 0 60 56.0 48.1 48.1
5337 0.2 40 0 0 5137 0.5 60 0 0 90 56.2 48.0 48.0
5337 0.2 40 0 0 5137 0.5 60 0 0 120 56.5 47.9 47.9
5337 0.2 40 0 0 5137 0.5 60 0 0 150 56.3 47.7 47.7
5337 0.2 40 0 0 5137 0.5 60 0 0 180 56.4 47.8 47.8
5337 0.2 40 0 0 5337 0.0 0 0 0 0 43.4 41.9 41.9
5337 0.2 40 0 0 5337 0.0 0 0 0 30 48.9 46.1 46.1
5337 0.2 40 0 0 5337 0.0 0 0 0 60 57.3 51.8 51.8
5337 0.2 40 0 0 5337 0.0 0 0 0 90 65.6 57.8 57.8
5337 0.2 40 0 0 5337 0.0 0 0 0 120 72.6 63.1 63.1
5337 0.2 40 0 0 5337 0.0 0 0 0 150 76.5 64.6 64.6
5337 0.2 40 0 0 5337 0.0 0 0 0 180 77.2 63.8 63.8
5337 0.2 40 0 0 5337 0.0 10 0 0 0 43.4 40.2 40.2
5337 0.2 40 0 0 5337 0.0 10 0 0 30 48.8 45.0 45.0
5337 0.2 40 0 0 5337 0.0 10 0 0 60 57.1 51.0 51.0
5337 0.2 40 0 0 5337 0.0 10 0 0 90 65.5 57.2 57.2
5337 0.2 40 0 0 5337 0.0 10 0 0 120 72.6 62.9 62.9
5337 0.2 40 0 0 5337 0.0 10 0 0 150 76.4 64.3 64.3
5337 0.2 40 0 0 5337 0.0 10 0 0 180 77.1 64.2 64.2
5337 0.2 40 0 0 5337 0.0 20 0 0 0 43.2 38.4 38.4
5337 0.2 40 0 0 5337 0.0 20 0 0 30 48.6 43.1 43.1
5337 0.2 40 0 0 5337 0.0 20 0 0 60 56.9 49.4 49.4
5337 0.2 40 0 0 5337 0.0 20 0 0 90 65.2 55.8 55.8
5337 0.2 40 0 0 5337 0.0 20 0 0 120 72.4 61.6 61.6
5337 0.2 40 0 0 5337 0.0 20 0 0 150 76.2 63.2 63.2
5337 0.2 40 0 0 5337 0.0 20 0 0 180 76.9 63.2 63.2
5337 0.2 40 0 0 5337 0.0 30 0 0 0 43.0 35.1 35.1
5337 0.2 40 0 0 5337 0.0 30 0 0 30 48.2 39.3 39.3
5337 0.2 40 0 0 5337 0.0 30 0 0 60 56.6 45.8 45.8
5337 0.2 40 0 0 5337 0.0 30 0 0 90 64.9 52.2 52.2
5337 0.2 40 0 0 5337 0.0 30 0 0 120 72.2 57.8 57.8
5337 0.2 40 0 0 5337 0.0 30 0 0 150 75.8 60.0 60.0
5337 0.2 40 0 0 5337 0.0 30 0 0 180 76.4 60.1 60.1
5337 0.2 40 0 0 5337 0.0 40 0 0 0 42.6 34.8 34.8
5337 0.2 40 0 0 5337 0.0 40 0 0 30 47.8 38.5 38.5
5337 0.2 40 0 0 5337 0.0 40 0 0 60 56.1 45.0 45.0
5337 0.2 40 0 0 5337 0.0 40 0 0 90 64.4 51.4 51.4
5337 0.2 40 0 0 5337 0.0 40 0 0 120 71.8 56.9 56.9
5337 0.2 40 0 0 5337 0.0 40 0 0 150 75.1 59.6 59.6
5337 0.2 40 0 0 5337 0.0 40 0 0 180 75.7 59.8 59.8
5337 0.2 40 0 0 5337 0.0 50 0 0 0 42.1 35.2 35.2
5337 0.2 40 0 0 5337 0.0 50 0 0 30 47.1 38.9 38.9
5337 0.2 40 0 0 5337 0.0 50 0 0 60 55.4 45.2 45.2
5337 0.2 40 0 0 5337 0.0 50 0 0 90 63.7 51.6 51.6
5337 0.2 40 0 0 5337 0.0 50 0 0 120 71.0 57.1 57.1
5337 0.2 40 0 0 5337 0.0 50 0 0 150 74.0 60.2 60.2
5337 0.2 40 0 0 5337 0.0 50 0 0 180 74.6 60.7 60.7
5337 0.2 40 0 0 5337 0.0 60 0 0 0 41.5 36.5 36.5
5337 0.2 40 0 0 5337 0.0 60 0 0 30 46.0 39.9 39.9
5337 0.2 40 0 0 5337 0.0 60 0 0 60 54.4 45.9 45.9
5337 0.2 40 0 0 5337 0.0 60 0 0 90 62.6 52.4 52.4
5337 0.2 40 0 0 5337 0.0 60 0 0 120 69.5 58.1 58.1
5337 0.2 40 0 0 5337 0.0 60 0 0 150 72.2 61.6 61.6
5337 0.2 40 0 0 5337 0.0 60 0 0 180 72.9 62.6 62.6
5337 0.2 40 0 0 5337 0.1 0 0 0 0 41.7 41.7 41.7
5337 0.2 40 0 0 5337 0.1 0 0 0 30 47.5 44.2 44.2
5337 0.2 40 0 0 5337 0.1 0 0 0 60 54.6 49.3 49.3
5337 0.2 40 0 0 5337 0.1 0 0 0 90 62.4 55.2 55.2
5337 0.2 40 0 0 5337 0.1 0 0 0 120 70.1 61.4 61.4
5337 0.2 40 0 0 5337 0.1 0 0 0 150 75.0 64.3 64.3
5337 0.2 40 0 0 5337 0.1 0 0 0 180 77.2 62.9 62.9
5337 0.2 40 0 0 5337 0.1 10 0 0 0 41.6 39.5 39.5
5337 0.2 40 0 0 5337 0.1 10 0 0 30 47.3 43.1 43.1
5337 0.2 40 0 0 5337 0.1 10 0 0 60 54.5 48.4 48.4
5337 0.2 40 0 0 5337 0.1 10 0 0 90 62.3 54.5 54.5
5337 0.2 40 0 0 5337 0.1 10 0 0 120 70.0 60.9 60.9
5337 0.2 40 0 0 5337 0.1 10 0 0 150 75.0 64.1 64.1
5337 0.2 40 0 0 5337 0.1 10 0 0 180 77.1 63.4 63.4
5337 0.2 40 0 0 5337 0.1 20 0 0 0 41.4 37.0 37.0
5337 0.2 40 0 0 5337 0.1 20 0 0 30 47.1 41.3 41.3
5337 0.2 40 0 0 5337 0.1 20 0 0 60 54.3 46.8 46.8
5337 0.2 40 0 0 5337 0.1 20 0 0 90 62.1 53.0 53.0
5337 0.2 40 0 0 5337 0.1 20 0 0 120 69.9 59.3 59.3
5337 0.2 40 0 0 5337 0.1 20 0 0 150 74.8 62.8 62.8
5337 0.2 40 0 0 5337 0.1 20 0 0 180 76.9 63.0 63.0
5337 0.2 40 0 0 5337 0.1 30 0 0 0 41.0 33.0 33.0
5337 0.2 40 0 0 5337 0.1 30 0 0 30 46.8 37.4 37.4
5337 0.2 40 0 0 5337 0.1 30 0 0 60 53.9 43.2 43.2
5337 0.2 40 0 0 5337 0.1 30 0 0 90 61.7 49.4 49.4
5337 0.2 40 0 0 5337 0.1 30 0 0 120 69.6 55.5 55.5
5337 0.2 40 0 0 5337 0.1 30 0 0 150 74.4 59.3 59.3
5337 0.2 40 0 0 5337 0.1 30 0 0 180 76.4 59.9 59.9
5337 0.2 40 0 0 5337 0.1 40 0 0 0 40.5 32.8 32.8
5337 0.2 40 0 0 5337 0.1 40 0 0 30 46.3 36.6 36.6
5337 0.2 40 0 0 5337 0.1 40 0 0 60 53.4 42.3 42.3
5337 0.2 40 0 0 5337 0.1 40 0 0 90 61.2 48.4 48.4
5337 0.2 40 0 0 5337 0.1 40 0 0 120 69.3 54.4 54.4
5337 0.2 40 0 0 5337 0.1 40 0 0 150 73.7 58.5 58.5
5337 0.2 40 0 0 5337 0.1 40 0 0 180 75.7 59.6 59.6
5337 0.2 40 0 0 5337 0.1 50 0 0 0 40.0 33.2 33.2
5337 0.2 40 0 0 5337 0.1 50 0 0 30 45.6 36.8 36.8
5337 0.2 40 0 0 5337 0.1 50 0 0 60 52.7 42.3 42.3
5337 0.2 40 0 0 5337 0.1 50 0 0 90 60.5 48.4 48.4
5337 0.2 40 0 0 5337 0.1 50 0 0 120 68.6 54.3 54.3
5337 0.2 40 0 0 5337 0.1 50 0 0 150 72.7 58.8 58.8
5337 0.2 40 0 0 5337 0.1 50 0 0 180 74.7 60.5 60.5
5337 0.2 40 0 0 5337 0.1 60 0 0 0 39.9 35.1 35.1
5337 0.2 40 0 0 5337 0.1 60 0 0 30 44.6 38.0 38.0
5337 0.2 40 0 0 5337 0.1 60 0 0 60 51.7 43.1 43.1
5337 0.2 40 0 0 5337 0.1 60 0 0 90 59.5 49.0 49.0
5337 0.2 40 0 0 5337 0.1 60 0 0 120 67.2 55.1 55.1
5337 0.2 40 0 0 5337 0.1 60 0 0 150 70.9 59.9 59.9
5337 0.2 40 0 0 5337 0.1 60 0 0 180 72.9 62.3 62.3
5337 0.2 40 0 0 5337 0.2 0 0 0 0 40.9 41.5 41.5
5337 0.2 40 0 0 5337 0.2 0 0 0 30 46.2 43.0 43.0
5337 0.2 40 0 0 5337 0.2 0 0 0 60 52.2 46.8 46.8
5337 0.2 40 0 0 5337 0.2 0 0 0 90 59.3 52.3 52.3
5337 0.2 40 0 0 5337 0.2 0 0 0 120 67.3 59.0 59.0
5337 0.2 40 0 0 5337 0.2 0 0 0 150 73.3 64.0 64.0
5337 0.2 40 0 0 5337 0.2 0 0 0 180 76.5 61.9 61.9
5337 0.2 40 0 0 5337 0.2 10 0 0 0 40.8 39.4 39.4
5337 0.2 40 0 0 5337 0.2 10 0 0 30 46.0 41.4 41.4
5337 0.2 40 0 0 5337 0.2 10 0 0 60 52.1 45.9 45.9
5337 0.2 40 0 0 5337 0.2 10 0 0 90 59.2 51.6 51.6
5337 0.2 40 0 0 5337 0.2 10 0 0 120 67.3 58.3 58.3
5337 0.2 40 0 0 5337 0.2 10 0 0 150 73.2 63.2 63.2
5337 0.2 40 0 0 5337 0.2 10 0 0 180 76.4 62.5 62.5
5337 0.2 40 0 0 5337 0.2 20 0 0 0 40.4 36.6 36.6
5337 0.2 40 0 0 5337 0.2 20 0 0 30 45.8 39.5 39.5
5337 0.2 40 0 0 5337 0.2 20 0 0 60 51.9 44.3 44.3
5337 0.2 40 0 0 5337 0.2 20 0 0 90 59.0 50.0 50.0
5337 0.2 40 0 0 5337 0.2 20 0 0 120 67.1 56.6 56.6
5337 0.2 40 0 0 5337 0.2 20 0 0 150 73.0 61.5 61.5
5337 0.2 40 0 0 5337 0.2 20 0 0 180 76.2 62.2 62.2
5337 0.2 40 0 0 5337 0.2 30 0 0 0 39.9 32.1 32.1
5337 0.2 40 0 0 5337 0.2 30 0 0 30 45.5 35.9 35.9
5337 0.2 40 0 0 5337 0.2 30 0 0 60 51.5 40.7 40.7
5337 0.2 40 0 0 5337 0.2 30 0 0 90 58.6 46.4 46.4
5337 0.2 40 0 0 5337 0.2 30 0 0 120 66.9 52.8 52.8
5337 0.2 40 0 0 5337 0.2 30 0 0 150 72.6 57.9 57.9
5337 0.2 40 0 0 5337 0.2 30 0 0 180 75.8 59.8 59.8
5337 0.2 40 0 0 5337 0.2 40 0 0 0 39.4 30.9 30.9
5337 0.2 40 0 0 5337 0.2 40 0 0 30 45.0 35.0 35.0
5337 0.2 40 0 0 5337 0.2 40 0 0 60 51.0 39.8 39.8
5337 0.2 40 0 0 5337 0.2 40 0 0 90 58.1 45.4 45.4
5337 0.2 40 0 0 5337 0.2 40 0 0 120 66.5 51.6 51.6
5337 0.2 40 0 0 5337 0.2 40 0 0 150 72.0 57.0 57.0
5337 0.2 40 0 0 5337 0.2 40 0 0 180 75.1 59.5 59.5
5337 0.2 40 0 0 5337 0.2 50 0 0 0 38.9 31.9 31.9
5337 0.2 40 0 0 5337 0.2 50 0 0 30 44.3 35.1 35.1
5337 0.2 40 0 0 5337 0.2 50 0 0 60 50.3 39.8 39.8
5337 0.2 40 0 0 5337 0.2 50 0 0 90 57.4 45.3 45.3
5337 0.2 40 0 0 5337 0.2 50 0 0 120 65.8 51.5 51.5
5337 0.2 40 0 0 5337 0.2 50 0 0 150 70.9 57.1 57.1
5337 0.2 40 0 0 5337 0.2 50 0 0 180 74.0 60.4 60.4
5337 0.2 40 0 0 5337 0.2 60 0 0 0 39.2 34.0 34.0
5337 0.2 40 0 0 5337 0.2 60 0 0 30 43.3 36.4 36.4
5337 0.2 40 0 0 5337 0.2 60 0 0 60 49.3 40.5 40.5
5337 0.2 40 0 0 5337 0.2 60 0 0 90 56.4 45.9 45.9
5337 0.2 40 0 0 5337 0.2 60 0 0 120 64.6 52.2 52.2
5337 0.2 40 0 0 5337 0.2 60 0 0 150 69.2 58.0 58.0
5337 0.2 40 0 0 5337 0.2 60 0 0 180 72.1 61.8 61.8
5337 0.2 40 0 0 5337 0.3 0 0 0 0 41.7 41.4 41.4
5337 0.2 40 0 0 5337 0.3 0 0 0 30 45.0 42.6 42.6
5337 0.2 40 0 0 5337 0.3 0 0 0 60 50.0 44.8 44.8
5337 0.2 40 0 0 5337 0.3 0 0 0 90 56.2 49.4 49.4
5337 0.2 40 0 0 5337 0.3 0 0 0 120 64.3 56.1 56.1
5337 0.2 40 0 0 5337 0.3 0 0 0 150 71.2 62.6 62.6
5337 0.2 40 0 0 5337 0.3 0 0 0 180 75.2 60.7 60.7
5337 0.2 40 0 0 5337 0.3 10 0 0 0 41.6 39.3 39.3
5337 0.2 40 0 0 5337 0.3 10 0 0 30 44.9 40.8 40.8
5337 0.2 40 0 0 5337 0.3 10 0 0 60 49.9 43.6 43.6
5337 0.2 40 0 0 5337 0.3 10 0 0 90 56.1 48.6 48.6
5337 0.2 40 0 0 5337 0.3 10 0 0 120 64.3 55.4 55.4
5337 0.2 40 0 0 5337 0.3 10 0 0 150 71.2 61.6 61.6
5337 0.2 40 0 0 5337 0.3 10 0 0 180 75.1 61.3 61.3
5337 0.2 40 0 0 5337 0.3 20 0 0 0 41.3 36.5 36.5
5337 0.2 40 0 0 5337 0.3 20 0 0 30 44.7 38.3 38.3
5337 0.2 40 0 0 5337 0.3 20 0 0 60 49.6 41.8 41.8
5337 0.2 40 0 0 5337 0.3 20 0 0 90 55.9 46.9 46.9
5337 0.2 40 0 0 5337 0.3 20 0 0 120 64.1 53.5 53.5
5337 0.2 40 0 0 5337 0.3 20 0 0 150 71.0 59.7 59.7
5337 0.2 40 0 0 5337 0.3 20 0 0 180 74.9 61.1 61.1
5337 0.2 40 0 0 5337 0.3 30 0 0 0 41.0 32.4 32.4
5337 0.2 40 0 0 5337 0.3 30 0 0 30 44.3 34.6 34.6
5337 0.2 40 0 0 5337 0.3 30 0 0 60 49.3 38.6 38.6
5337 0.2 40 0 0 5337 0.3 30 0 0 90 55.5 43.7 43.7
5337 0.2 40 0 0 5337 0.3 30 0 0 120 63.8 50.0 50.0
5337 0.2 40 0 0 5337 0.3 30 0 0 150 70.6 56.3 56.3
5337 0.2 40 0 0 5337 0.3 30 0 0 180 74.4 59.3 59.3
5337 0.2 40 0 0 5337 0.3 40 0 0 0 40.6 31.3 31.3
5337 0.2 40 0 0 5337 0.3 40 0 0 30 43.8 33.6 33.6
5337 0.2 40 0 0 5337 0.3 40 0 0 60 48.8 37.6 37.6
5337 0.2 40 0 0 5337 0.3 40 0 0 90 55.0 42.6 42.6
5337 0.2 40 0 0 5337 0.3 40 0 0 120 63.4 48.9 48.9
5337 0.2 40 0 0 5337 0.3 40 0 0 150 69.9 55.3 55.3
5337 0.2 40 0 0 5337 0.3 40 0 0 180 73.7 59.4 59.4
5337 0.2 40 0 0 5337 0.3 50 0 0 0 40.4 32.0 32.0
5337 0.2 40 0 0 5337 0.3 50 0 0 30 43.2 33.7 33.7
5337 0.2 40 0 0 5337 0.3 50 0 0 60 48.1 37.4 37.4
5337 0.2 40 0 0 5337 0.3 50 0 0 90 54.4 42.3 42.3
5337 0.2 40 0 0 5337 0.3 50 0 0 120 62.7 48.6 48.6
5337 0.2 40 0 0 5337 0.3 50 0 0 150 68.9 55.2 55.2
5337 0.2 40 0 0 5337 0.3 50 0 0 180 72.5 60.1 60.1
5337 0.2 40 0 0 5337 0.3 60 0 0 0 40.4 33.8 33.8
5337 0.2 40 0 0 5337 0.3 60 0 0 30 42.8 35.2 35.2
5337 0.2 40 0 0 5337 0.3 60 0 0 60 47.1 38.3 38.3
5337 0.2 40 0 0 5337 0.3 60 0 0 90 53.3 42.8 42.8
5337 0.2 40 0 0 5337 0.3 60 0 0 120 61.5 49.0 49.0
5337 0.2 40 0 0 5337 0.3 60 0 0 150 67.2 55.8 55.8
5337 0.2 40 0 0 5337 0.3 60 0 0 180 70.6 61.1 61.1
5337 0.2 40 0 0 5337 0.4 0 0 0 0 43.2 41.4 41.4
5337 0.2 40 0 0 5337 0.4 0 0 0 30 44.7 42.4 42.4
5337 0.2 40 0 0 5337 0.4 0 0 0 60 48.0 44.0 44.0
5337 0.2 40 0 0 5337 0.4 0 0 0 90 53.3 46.8 46.8
5337 0.2 40 0 0 5337 0.4 0 0 0 120 61.1 52.9 52.9
5337 0.2 40 0 0 5337 0.4 0 0 0 150 68.9 60.6 60.6
5337 0.2 40 0 0 5337 0.4 0 0 0 180 73.6 59.5 59.5
5337 0.2 40 0 0 5337 0.4 10 0 0 0 43.2 39.4 39.4
5337 0.2 40 0 0 5337 0.4 10 0 0 30 44.5 40.6 40.6
5337 0.2 40 0 0 5337 0.4 10 0 0 60 47.9 42.4 42.4
5337 0.2 40 0 0 5337 0.4 10 0 0 90 53.2 45.6 45.6
5337 0.2 40 0 0 5337 0.4 10 0 0 120 61.0 52.1 52.1
5337 0.2 40 0 0 5337 0.4 10 0 0 150 68.8 59.5 59.5
5337 0.2 40 0 0 5337 0.4 10 0 0 180 73.5 60.1 60.1
5337 0.2 40 0 0 5337 0.4 20 0 0 0 43.0 36.7 36.7
5337 0.2 40 0 0 5337 0.4 20 0 0 30 44.3 37.9 37.9
5337 0.2 40 0 0 5337 0.4 20 0 0 60 47.6 39.9 39.9
5337 0.2 40 0 0 5337 0.4 20 0 0 90 52.9 43.7 43.7
5337 0.2 40 0 0 5337 0.4 20 0 0 120 60.9 49.9 49.9
5337 0.2 40 0 0 5337 0.4 20 0 0 150 68.6 57.3 57.3
5337 0.2 40 0 0 5337 0.4 20 0 0 180 73.2 59.6 59.6
5337 0.2 40 0 0 5337 0.4 30 0 0 0 42.9 33.8 33.8
5337 0.2 40 0 0 5337 0.4 30 0 0 30 44.0 34.7 34.7
5337 0.2 40 0 0 5337 0.4 30 0 0 60 47.3 36.9 36.9
5337 0.2 40 0 0 5337 0.4 30 0 0 90 52.6 41.0 41.0
5337 0.2 40 0 0 5337 0.4 30 0 0 120 60.5 47.1 47.1
5337 0.2 40 0 0 5337 0.4 30 0 0 150 68.2 54.5 54.5
5337 0.2 40 0 0 5337 0.4 30 0 0 180 72.7 58.6 58.6
5337 0.2 40 0 0 5337 0.4 40 0 0 0 42.7 33.0 33.0
5337 0.2 40 0 0 5337 0.4 40 0 0 30 43.8 33.4 33.4
5337 0.2 40 0 0 5337 0.4 40 0 0 60 46.8 35.7 35.7
5337 0.2 40 0 0 5337 0.4 40 0 0 90 52.1 39.9 39.9
5337 0.2 40 0 0 5337 0.4 40 0 0 120 60.1 46.0 46.0
5337 0.2 40 0 0 5337 0.4 40 0 0 150 67.5 53.6 53.6
5337 0.2 40 0 0 5337 0.4 40 0 0 180 72.0 58.9 58.9
5337 0.2 40 0 0 5337 0.4 50 0 0 0 42.6 33.2 33.2
5337 0.2 40 0 0 5337 0.4 50 0 0 30 43.6 33.5 33.5
5337 0.2 40 0 0 5337 0.4 50 0 0 60 46.2 35.4 35.4
5337 0.2 40 0 0 5337 0.4 50 0 0 90 51.4 39.5 39.5
5337 0.2 40 0 0 5337 0.4 50 0 0 120 59.3 45.5 45.5
5337 0.2 40 0 0 5337 0.4 50 0 0 150 66.5 53.1 53.1
5337 0.2 40 0 0 5337 0.4 50 0 0 180 70.7 59.4 59.4
5337 0.2 40 0 0 5337 0.4 60 0 0 0 42.6 34.4 34.4
5337 0.2 40 0 0 5337 0.4 60 0 0 30 43.6 34.6 34.6
5337 0.2 40 0 0 5337 0.4 60 0 0 60 45.9 36.5 36.5
5337 0.2 40 0 0 5337 0.4 60 0 0 90 50.5 40.0 40.0
5337 0.2 40 0 0 5337 0.4 60 0 0 120 58.0 45.8 45.8
5337 0.2 40 0 0 5337 0.4 60 0 0 150 64.8 53.5 53.5
5337 0.2 40 0 0 5337 0.4 60 0 0 180 68.7 60.3 60.3
5337 0.2 40 0 0 5337 0.5 0 0 0 0 45.1 41.5 41.5
5337 0.2 40 0 0 5337 0.5 0 0 0 30 45.7 42.4 42.4
5337 0.2 40 0 0 5337 0.5 0 0 0 60 47.0 43.6 43.6
5337 0.2 40 0 0 5337 0.5 0 0 0 90 50.5 45.5 45.5
5337 0.2 40 0 0 5337 0.5 0 0 0 120 57.7 49.5 49.5
5337 0.2 40 0 0 5337 0.5 0 0 0 150 66.2 57.8 57.8
5337 0.2 40 0 0 5337 0.5 0 0 0 180 71.7 58.0 58.0
5337 0.2 40 0 0 5337 0.5 10 0 0 0 45.1 39.9 39.9
5337 0.2 40 0 0 5337 0.5 10 0 0 30 45.7 40.6 40.6
5337 0.2 40 0 0 5337 0.5 10 0 0 60 46.9 41.9 41.9
5337 0.2 40 0 0 5337 0.5 10 0 0 90 50.4 43.9 43.9
5337 0.2 40 0 0 5337 0.5 10 0 0 120 57.6 48.3 48.3
5337 0.2 40 0 0 5337 0.5 10 0 0 150 66.2 56.6 56.6
5337 0.2 40 0 0 5337 0.5 10 0 0 180 71.6 58.5 58.5
5337 0.2 40 0 0 5337 0.5 20 0 0 0 45.0 37.4 37.4
5337 0.2 40 0 0 5337 0.5 20 0 0 30 45.6 37.8 37.8
5337 0.2 40 0 0 5337 0.5 20 0 0 60 46.8 39.1 39.1
5337 0.2 40 0 0 5337 0.5 20 0 0 90 50.1 41.2 41.2
5337 0.2 40 0 0 5337 0.5 20 0 0 120 57.4 45.9 45.9
5337 0.2 40 0 0 5337 0.5 20 0 0 150 65.9 54.2 54.2
5337 0.2 40 0 0 5337 0.5 20 0 0 180 71.3 57.8 57.8
5337 0.2 40 0 0 5337 0.5 30 0 0 0 45.0 35.6 35.6
5337 0.2 40 0 0 5337 0.5 30 0 0 30 45.5 35.9 35.9
5337 0.2 40 0 0 5337 0.5 30 0 0 60 46.6 36.8 36.8
5337 0.2 40 0 0 5337 0.5 30 0 0 90 49.8 39.1 39.1
5337 0.2 40 0 0 5337 0.5 30 0 0 120 57.0 44.2 44.2
5337 0.2 40 0 0 5337 0.5 30 0 0 150 65.5 52.5 52.5
5337 0.2 40 0 0 5337 0.5 30 0 0 180 70.8 57.6 57.6
5337 0.2 40 0 0 5337 0.5 40 0 0 0 45.0 35.0 35.0
5337 0.2 40 0 0 5337 0.5 40 0 0 30 45.4 35.0 35.0
5337 0.2 40 0 0 5337 0.5 40 0 0 60 46.4 35.6 35.6
5337 0.2 40 0 0 5337 0.5 40 0 0 90 49.3 37.6 37.6
5337 0.2 40 0 0 5337 0.5 40 0 0 120 56.5 43.0 43.0
5337 0.2 40 0 0 5337 0.5 40 0 0 150 64.8 51.5 51.5
5337 0.2 40 0 0 5337 0.5 40 0 0 180 70.0 57.9 57.9
5337 0.2 40 0 0 5337 0.5 50 0 0 0 44.9 35.0 35.0
5337 0.2 40 0 0 5337 0.5 50 0 0 30 45.4 35.0 35.0
5337 0.2 40 0 0 5337 0.5 50 0 0 60 46.4 35.4 35.4
5337 0.2 40 0 0 5337 0.5 50 0 0 90 48.9 37.1 37.1
5337 0.2 40 0 0 5337 0.5 50 0 0 120 55.6 42.5 42.5
5337 0.2 40 0 0 5337 0.5 50 0 0 150 63.7 51.0 51.0
5337 0.2 40 0 0 5337 0.5 50 0 0 180 68.7 58.3 58.3
5337 0.2 40 0 0 5337 0.5 60 0 0 0 44.9 35.6 35.6
5337 0.2 40 0 0 5337 0.5 60 0 0 30 45.4 35.5 35.5
5337 0.2 40 0 0 5337 0.5 60 0 0 60 46.4 35.9 35.9
5337 0.2 40 0 0 5337 0.5 60 0 0 90 48.7 37.7 37.7
5337 0.2 40 0 0 5337 0.5 60 0 0 120 54.4 42.6 42.6
5337 0.2 40 0 0 5337 0.5 60 0 0 150 61.7 51.0 51.0
5337 0.2 40 0 0 5337 0.5 60 0 0 180 66.3 59.0 59.0
