5137 0 0 0 0 4737 0 0 0 0 0 62 55 55
5137 0 0 0 0 4737 0 0 0 0 30 62 55 55
5137 0 0 0 0 4737 0 0 0 0 60 62 55 55
5137 0 0 0 0 4737 0 0 0 0 90 62 56 56
5137 0 0 0 0 4737 0 0 0 0 120 62 56 56
5137 0 0 0 0 4737 0 0 0 0 150 62 56 56
5137 0 0 0 0 4737 0 0 0 0 180 62 56 56
5137 0 0 0 0 4737 0 10 0 0 0 62 55 55
5137 0 0 0 0 4737 0 10 0 0 30 62 55 55
5137 0 0 0 0 4737 0 10 0 0 60 62 55 55
5137 0 0 0 0 4737 0 10 0 0 90 62 55 55
5137 0 0 0 0 4737 0 10 0 0 120 62 55 55
5137 0 0 0 0 4737 0 10 0 0 150 62 55 55
5137 0 0 0 0 4737 0 10 0 0 180 62 56 56
5137 0 0 0 0 4737 0 20 0 0 0 62 54 54
5137 0 0 0 0 4737 0 20 0 0 30 62 54 54
5137 0 0 0 0 4737 0 20 0 0 60 62 54 54
5137 0 0 0 0 4737 0 20 0 0 90 62 54 54
5137 0 0 0 0 4737 0 20 0 0 120 62 55 55
5137 0 0 0 0 4737 0 20 0 0 150 62 55 55
5137 0 0 0 0 4737 0 20 0 0 180 62 55 55
5137 0 0 0 0 4737 0 30 0 0 0 61 52 52
5137 0 0 0 0 4737 0 30 0 0 30 62 52 52
5137 0 0 0 0 4737 0 30 0 0 60 62 52 52
5137 0 0 0 0 4737 0 30 0 0 90 62 52 52
5137 0 0 0 0 4737 0 30 0 0 120 62 52 52
5137 0 0 0 0 4737 0 30 0 0 150 62 53 53
5137 0 0 0 0 4737 0 30 0 0 180 62 53 53
5137 0 0 0 0 4737 0 40 0 0 0 61 52 52
5137 0 0 0 0 4737 0 40 0 0 30 61 52 52
5137 0 0 0 0 4737 0 40 0 0 60 61 52 52
5137 0 0 0 0 4737 0 40 0 0 90 61 52 52
5137 0 0 0 0 4737 0 40 0 0 120 61 52 52
5137 0 0 0 0 4737 0 40 0 0 150 61 53 53
5137 0 0 0 0 4737 0 40 0 0 180 61 53 53
5137 0 0 0 0 4737 0 50 0 0 0 60 53 53
5137 0 0 0 0 4737 0 50 0 0 30 60 53 53
5137 0 0 0 0 4737 0 50 0 0 60 60 53 53
5137 0 0 0 0 4737 0 50 0 0 90 61 53 53
5137 0 0 0 0 4737 0 50 0 0 120 61 53 53
5137 0 0 0 0 4737 0 50 0 0 150 60 53 53
5137 0 0 0 0 4737 0 50 0 0 180 60 53 53
5137 0 0 0 0 4737 0 60 0 0 0 59 54 54
5137 0 0 0 0 4737 0 60 0 0 30 59 54 54
5137 0 0 0 0 4737 0 60 0 0 60 59 54 54
5137 0 0 0 0 4737 0 60 0 0 90 59 54 54
5137 0 0 0 0 4737 0 60 0 0 120 59 55 55
5137 0 0 0 0 4737 0 60 0 0 150 59 55 55
5137 0 0 0 0 4737 0 60 0 0 180 59 55 55
5137 0 0 0 0 4737 0 0 0 0 0 62 55 55
5137 0 0 0 0 4737 0 0 0 0 30 62 55 55
5137 0 0 0 0 4737 0 0 0 0 60 62 55 55
5137 0 0 0 0 4737 0 0 0 0 90 62 55 55
5137 0 0 0 0 4737 0 0 0 0 120 62 55 55
5137 0 0 0 0 4737 0 0 0 0 150 62 55 55
5137 0 0 0 0 4737 0 0 0 0 180 62 55 55
5137 0 0 0 0 4737 0 10 0 0 0 62 54 54
5137 0 0 0 0 4737 0 10 0 0 30 62 54 54
5137 0 0 0 0 4737 0 10 0 0 60 62 54 54
5137 0 0 0 0 4737 0 10 0 0 90 62 55 55
5137 0 0 0 0 4737 0 10 0 0 120 62 55 55
5137 0 0 0 0 4737 0 10 0 0 150 62 55 55
5137 0 0 0 0 4737 0 10 0 0 180 62 55 55
5137 0 0 0 0 4737 0 20 0 0 0 61 53 53
5137 0 0 0 0 4737 0 20 0 0 30 62 53 53
5137 0 0 0 0 4737 0 20 0 0 60 62 54 54
5137 0 0 0 0 4737 0 20 0 0 90 62 54 54
5137 0 0 0 0 4737 0 20 0 0 120 62 54 54
5137 0 0 0 0 4737 0 20 0 0 150 62 54 54
5137 0 0 0 0 4737 0 20 0 0 180 62 54 54
5137 0 0 0 0 4737 0 30 0 0 0 61 51 51
5137 0 0 0 0 4737 0 30 0 0 30 61 52 52
5137 0 0 0 0 4737 0 30 0 0 60 61 51 51
5137 0 0 0 0 4737 0 30 0 0 90 61 52 52
5137 0 0 0 0 4737 0 30 0 0 120 61 52 52
5137 0 0 0 0 4737 0 30 0 0 150 61 52 52
5137 0 0 0 0 4737 0 30 0 0 180 61 52 52
5137 0 0 0 0 4737 0 40 0 0 0 61 52 52
5137 0 0 0 0 4737 0 40 0 0 30 61 52 52
5137 0 0 0 0 4737 0 40 0 0 60 61 52 52
5137 0 0 0 0 4737 0 40 0 0 90 61 52 52
5137 0 0 0 0 4737 0 40 0 0 120 61 52 52
5137 0 0 0 0 4737 0 40 0 0 150 61 52 52
5137 0 0 0 0 4737 0 40 0 0 180 61 52 52
5137 0 0 0 0 4737 0 50 0 0 0 60 52 52
5137 0 0 0 0 4737 0 50 0 0 30 60 52 52
5137 0 0 0 0 4737 0 50 0 0 60 60 52 52
5137 0 0 0 0 4737 0 50 0 0 90 60 52 52
5137 0 0 0 0 4737 0 50 0 0 120 60 53 53
5137 0 0 0 0 4737 0 50 0 0 150 60 53 53
5137 0 0 0 0 4737 0 50 0 0 180 60 53 53
5137 0 0 0 0 4737 0 60 0 0 0 59 53 53
5137 0 0 0 0 4737 0 60 0 0 30 59 53 53
5137 0 0 0 0 4737 0 60 0 0 60 59 53 53
5137 0 0 0 0 4737 0 60 0 0 90 59 54 54
5137 0 0 0 0 4737 0 60 0 0 120 59 54 54
5137 0 0 0 0 4737 0 60 0 0 150 59 54 54
5137 0 0 0 0 4737 0 60 0 0 180 59 54 54
5137 0 0 0 0 4737 0 0 0 0 0 61 54 54
5137 0 0 0 0 4737 0 0 0 0 30 61 54 54
5137 0 0 0 0 4737 0 0 0 0 60 61 54 54
5137 0 0 0 0 4737 0 0 0 0 90 62 54 54
5137 0 0 0 0 4737 0 0 0 0 120 62 54 54
5137 0 0 0 0 4737 0 0 0 0 150 62 55 55
5137 0 0 0 0 4737 0 0 0 0 180 62 55 55
5137 0 0 0 0 4737 0 10 0 0 0 61 54 54
5137 0 0 0 0 4737 0 10 0 0 30 61 54 54
5137 0 0 0 0 4737 0 10 0 0 60 61 54 54
5137 0 0 0 0 4737 0 10 0 0 90 61 54 54
5137 0 0 0 0 4737 0 10 0 0 120 62 54 54
5137 0 0 0 0 4737 0 10 0 0 150 61 54 54
5137 0 0 0 0 4737 0 10 0 0 180 61 55 55
5137 0 0 0 0 4737 0 20 0 0 0 61 53 53
5137 0 0 0 0 4737 0 20 0 0 30 61 53 53
5137 0 0 0 0 4737 0 20 0 0 60 61 53 53
5137 0 0 0 0 4737 0 20 0 0 90 61 53 53
5137 0 0 0 0 4737 0 20 0 0 120 61 53 53
5137 0 0 0 0 4737 0 20 0 0 150 61 54 54
5137 0 0 0 0 4737 0 20 0 0 180 61 54 54
5137 0 0 0 0 4737 0 30 0 0 0 61 51 51
5137 0 0 0 0 4737 0 30 0 0 30 61 51 51
5137 0 0 0 0 4737 0 30 0 0 60 61 51 51
5137 0 0 0 0 4737 0 30 0 0 90 61 51 51
5137 0 0 0 0 4737 0 30 0 0 120 61 51 51
5137 0 0 0 0 4737 0 30 0 0 150 61 51 51
5137 0 0 0 0 4737 0 30 0 0 180 61 52 52
5137 0 0 0 0 4737 0 40 0 0 0 60 51 51
5137 0 0 0 0 4737 0 40 0 0 30 60 51 51
5137 0 0 0 0 4737 0 40 0 0 60 60 51 51
5137 0 0 0 0 4737 0 40 0 0 90 60 51 51
5137 0 0 0 0 4737 0 40 0 0 120 60 51 51
5137 0 0 0 0 4737 0 40 0 0 150 60 52 52
5137 0 0 0 0 4737 0 40 0 0 180 60 52 52
5137 0 0 0 0 4737 0 50 0 0 0 59 52 52
5137 0 0 0 0 4737 0 50 0 0 30 59 52 52
5137 0 0 0 0 4737 0 50 0 0 60 60 52 52
5137 0 0 0 0 4737 0 50 0 0 90 60 52 52
5137 0 0 0 0 4737 0 50 0 0 120 60 52 52
5137 0 0 0 0 4737 0 50 0 0 150 60 52 52
5137 0 0 0 0 4737 0 50 0 0 180 59 52 52
5137 0 0 0 0 4737 0 60 0 0 0 58 52 52
5137 0 0 0 0 4737 0 60 0 0 30 58 53 53
5137 0 0 0 0 4737 0 60 0 0 60 58 53 53
5137 0 0 0 0 4737 0 60 0 0 90 58 53 53
5137 0 0 0 0 4737 0 60 0 0 120 58 53 53
5137 0 0 0 0 4737 0 60 0 0 150 58 54 54
5137 0 0 0 0 4737 0 60 0 0 180 58 54 54
5137 0 0 0 0 4737 0 0 0 0 0 61 53 53
5137 0 0 0 0 4737 0 0 0 0 30 61 53 53
5137 0 0 0 0 4737 0 0 0 0 60 61 53 53
5137 0 0 0 0 4737 0 0 0 0 90 61 54 54
5137 0 0 0 0 4737 0 0 0 0 120 61 54 54
5137 0 0 0 0 4737 0 0 0 0 150 61 54 54
5137 0 0 0 0 4737 0 0 0 0 180 61 54 54
5137 0 0 0 0 4737 0 10 0 0 0 61 53 53
5137 0 0 0 0 4737 0 10 0 0 30 61 53 53
5137 0 0 0 0 4737 0 10 0 0 60 61 53 53
5137 0 0 0 0 4737 0 10 0 0 90 61 53 53
5137 0 0 0 0 4737 0 10 0 0 120 61 53 53
5137 0 0 0 0 4737 0 10 0 0 150 61 54 54
5137 0 0 0 0 4737 0 10 0 0 180 61 54 54
5137 0 0 0 0 4737 0 20 0 0 0 61 52 52
5137 0 0 0 0 4737 0 20 0 0 30 61 52 52
5137 0 0 0 0 4737 0 20 0 0 60 61 52 52
5137 0 0 0 0 4737 0 20 0 0 90 61 52 52
5137 0 0 0 0 4737 0 20 0 0 120 61 52 52
5137 0 0 0 0 4737 0 20 0 0 150 61 53 53
5137 0 0 0 0 4737 0 20 0 0 180 61 53 53
5137 0 0 0 0 4737 0 30 0 0 0 60 51 51
5137 0 0 0 0 4737 0 30 0 0 30 60 51 51
5137 0 0 0 0 4737 0 30 0 0 60 60 51 51
5137 0 0 0 0 4737 0 30 0 0 90 61 51 51
5137 0 0 0 0 4737 0 30 0 0 120 61 51 51
5137 0 0 0 0 4737 0 30 0 0 150 61 51 51
5137 0 0 0 0 4737 0 30 0 0 180 60 51 51
5137 0 0 0 0 4737 0 40 0 0 0 60 51 51
5137 0 0 0 0 4737 0 40 0 0 30 60 51 51
5137 0 0 0 0 4737 0 40 0 0 60 60 51 51
5137 0 0 0 0 4737 0 40 0 0 90 60 51 51
5137 0 0 0 0 4737 0 40 0 0 120 60 51 51
5137 0 0 0 0 4737 0 40 0 0 150 60 51 51
5137 0 0 0 0 4737 0 40 0 0 180 60 51 51
5137 0 0 0 0 4737 0 50 0 0 0 59 51 51
5137 0 0 0 0 4737 0 50 0 0 30 59 52 52
5137 0 0 0 0 4737 0 50 0 0 60 59 52 52
5137 0 0 0 0 4737 0 50 0 0 90 59 52 52
5137 0 0 0 0 4737 0 50 0 0 120 59 52 52
5137 0 0 0 0 4737 0 50 0 0 150 59 52 52
5137 0 0 0 0 4737 0 50 0 0 180 59 52 52
5137 0 0 0 0 4737 0 60 0 0 0 58 52 52
5137 0 0 0 0 4737 0 60 0 0 30 58 52 52
5137 0 0 0 0 4737 0 60 0 0 60 58 52 52
5137 0 0 0 0 4737 0 60 0 0 90 58 52 52
5137 0 0 0 0 4737 0 60 0 0 120 58 53 53
5137 0 0 0 0 4737 0 60 0 0 150 57 53 53
5137 0 0 0 0 4737 0 60 0 0 180 57 53 53
5137 0 0 0 0 4737 0 0 0 0 0 60 53 53
5137 0 0 0 0 4737 0 0 0 0 30 60 53 53
5137 0 0 0 0 4737 0 0 0 0 60 61 53 53
5137 0 0 0 0 4737 0 0 0 0 90 61 53 53
5137 0 0 0 0 4737 0 0 0 0 120 61 53 53
5137 0 0 0 0 4737 0 0 0 0 150 61 53 53
5137 0 0 0 0 4737 0 0 0 0 180 61 53 53
5137 0 0 0 0 4737 0 10 0 0 0 60 52 52
5137 0 0 0 0 4737 0 10 0 0 30 60 52 52
5137 0 0 0 0 4737 0 10 0 0 60 61 52 52
5137 0 0 0 0 4737 0 10 0 0 90 61 52 52
5137 0 0 0 0 4737 0 10 0 0 120 61 53 53
5137 0 0 0 0 4737 0 10 0 0 150 61 53 53
5137 0 0 0 0 4737 0 10 0 0 180 61 53 53
5137 0 0 0 0 4737 0 20 0 0 0 60 51 51
5137 0 0 0 0 4737 0 20 0 0 30 60 51 51
5137 0 0 0 0 4737 0 20 0 0 60 60 51 51
5137 0 0 0 0 4737 0 20 0 0 90 60 51 51
5137 0 0 0 0 4737 0 20 0 0 120 61 51 51
5137 0 0 0 0 4737 0 20 0 0 150 60 52 52
5137 0 0 0 0 4737 0 20 0 0 180 60 52 52
5137 0 0 0 0 4737 0 30 0 0 0 60 51 51
5137 0 0 0 0 4737 0 30 0 0 30 60 51 51
5137 0 0 0 0 4737 0 30 0 0 60 60 51 51
5137 0 0 0 0 4737 0 30 0 0 90 60 51 51
5137 0 0 0 0 4737 0 30 0 0 120 60 51 51
5137 0 0 0 0 4737 0 30 0 0 150 60 51 51
5137 0 0 0 0 4737 0 30 0 0 180 60 51 51
5137 0 0 0 0 4737 0 40 0 0 0 59 51 51
5137 0 0 0 0 4737 0 40 0 0 30 59 51 51
5137 0 0 0 0 4737 0 40 0 0 60 60 51 51
5137 0 0 0 0 4737 0 40 0 0 90 60 51 51
5137 0 0 0 0 4737 0 40 0 0 120 60 51 51
5137 0 0 0 0 4737 0 40 0 0 150 59 51 51
5137 0 0 0 0 4737 0 40 0 0 180 59 51 51
5137 0 0 0 0 4737 0 50 0 0 0 59 51 51
5137 0 0 0 0 4737 0 50 0 0 30 59 51 51
5137 0 0 0 0 4737 0 50 0 0 60 59 51 51
5137 0 0 0 0 4737 0 50 0 0 90 59 51 51
5137 0 0 0 0 4737 0 50 0 0 120 59 52 52
5137 0 0 0 0 4737 0 50 0 0 150 59 52 52
5137 0 0 0 0 4737 0 50 0 0 180 58 52 52
5137 0 0 0 0 4737 0 60 0 0 0 57 52 52
5137 0 0 0 0 4737 0 60 0 0 30 57 52 52
5137 0 0 0 0 4737 0 60 0 0 60 57 52 52
5137 0 0 0 0 4737 0 60 0 0 90 57 52 52
5137 0 0 0 0 4737 0 60 0 0 120 57 52 52
5137 0 0 0 0 4737 0 60 0 0 150 57 52 52
5137 0 0 0 0 4737 0 60 0 0 180 57 53 53
5137 0 0 0 0 4737 0 0 0 0 0 60 51 51
5137 0 0 0 0 4737 0 0 0 0 30 60 51 51
5137 0 0 0 0 4737 0 0 0 0 60 60 51 51
5137 0 0 0 0 4737 0 0 0 0 90 60 52 52
5137 0 0 0 0 4737 0 0 0 0 120 60 52 52
5137 0 0 0 0 4737 0 0 0 0 150 60 52 52
5137 0 0 0 0 4737 0 0 0 0 180 60 52 52
5137 0 0 0 0 4737 0 10 0 0 0 60 51 51
5137 0 0 0 0 4737 0 10 0 0 30 60 51 51
5137 0 0 0 0 4737 0 10 0 0 60 60 51 51
5137 0 0 0 0 4737 0 10 0 0 90 60 51 51
5137 0 0 0 0 4737 0 10 0 0 120 60 51 51
5137 0 0 0 0 4737 0 10 0 0 150 60 52 52
5137 0 0 0 0 4737 0 10 0 0 180 60 52 52
5137 0 0 0 0 4737 0 20 0 0 0 60 51 51
5137 0 0 0 0 4737 0 20 0 0 30 60 51 51
5137 0 0 0 0 4737 0 20 0 0 60 60 51 51
5137 0 0 0 0 4737 0 20 0 0 90 60 51 51
5137 0 0 0 0 4737 0 20 0 0 120 60 51 51
5137 0 0 0 0 4737 0 20 0 0 150 60 52 52
5137 0 0 0 0 4737 0 20 0 0 180 60 51 51
5137 0 0 0 0 4737 0 30 0 0 0 59 51 51
5137 0 0 0 0 4737 0 30 0 0 30 59 51 51
5137 0 0 0 0 4737 0 30 0 0 60 60 51 51
5137 0 0 0 0 4737 0 30 0 0 90 60 51 51
5137 0 0 0 0 4737 0 30 0 0 120 60 51 51
5137 0 0 0 0 4737 0 30 0 0 150 60 51 51
5137 0 0 0 0 4737 0 30 0 0 180 60 51 51
5137 0 0 0 0 4737 0 40 0 0 0 59 51 51
5137 0 0 0 0 4737 0 40 0 0 30 59 51 51
5137 0 0 0 0 4737 0 40 0 0 60 59 51 51
5137 0 0 0 0 4737 0 40 0 0 90 59 51 51
5137 0 0 0 0 4737 0 40 0 0 120 59 51 51
5137 0 0 0 0 4737 0 40 0 0 150 59 51 51
5137 0 0 0 0 4737 0 40 0 0 180 59 51 51
5137 0 0 0 0 4737 0 50 0 0 0 58 51 51
5137 0 0 0 0 4737 0 50 0 0 30 58 51 51
5137 0 0 0 0 4737 0 50 0 0 60 58 51 51
5137 0 0 0 0 4737 0 50 0 0 90 58 51 51
5137 0 0 0 0 4737 0 50 0 0 120 58 51 51
5137 0 0 0 0 4737 0 50 0 0 150 58 52 52
5137 0 0 0 0 4737 0 50 0 0 180 58 51 51
5137 0 0 0 0 4737 0 60 0 0 0 57 51 51
5137 0 0 0 0 4737 0 60 0 0 30 57 51 51
5137 0 0 0 0 4737 0 60 0 0 60 57 51 51
5137 0 0 0 0 4737 0 60 0 0 90 57 51 51
5137 0 0 0 0 4737 0 60 0 0 120 57 51 51
5137 0 0 0 0 4737 0 60 0 0 150 56 52 52
5137 0 0 0 0 4737 0 60 0 0 180 56 52 52
5137 0 0 0 0 4937 0 0 0 0 0 62 55 55
5137 0 0 0 0 4937 0 0 0 0 30 63 56 56
5137 0 0 0 0 4937 0 0 0 0 60 63 57 57
5137 0 0 0 0 4937 0 0 0 0 90 63 57 57
5137 0 0 0 0 4937 0 0 0 0 120 63 57 57
5137 0 0 0 0 4937 0 0 0 0 150 63 57 57
5137 0 0 0 0 4937 0 0 0 0 180 63 56 56
5137 0 0 0 0 4937 0 10 0 0 0 62 55 55
5137 0 0 0 0 4937 0 10 0 0 30 63 56 56
5137 0 0 0 0 4937 0 10 0 0 60 63 56 56
5137 0 0 0 0 4937 0 10 0 0 90 63 57 57
5137 0 0 0 0 4937 0 10 0 0 120 63 57 57
5137 0 0 0 0 4937 0 10 0 0 150 63 57 57
5137 0 0 0 0 4937 0 10 0 0 180 63 56 56
5137 0 0 0 0 4937 0 20 0 0 0 62 54 54
5137 0 0 0 0 4937 0 20 0 0 30 63 55 55
5137 0 0 0 0 4937 0 20 0 0 60 63 56 56
5137 0 0 0 0 4937 0 20 0 0 90 63 56 56
5137 0 0 0 0 4937 0 20 0 0 120 63 56 56
5137 0 0 0 0 4937 0 20 0 0 150 63 56 56
5137 0 0 0 0 4937 0 20 0 0 180 63 56 56
5137 0 0 0 0 4937 0 30 0 0 0 62 52 52
5137 0 0 0 0 4937 0 30 0 0 30 62 53 53
5137 0 0 0 0 4937 0 30 0 0 60 63 54 54
5137 0 0 0 0 4937 0 30 0 0 90 63 55 55
5137 0 0 0 0 4937 0 30 0 0 120 63 55 55
5137 0 0 0 0 4937 0 30 0 0 150 63 54 54
5137 0 0 0 0 4937 0 30 0 0 180 62 54 54
5137 0 0 0 0 4937 0 40 0 0 0 61 52 52
5137 0 0 0 0 4937 0 40 0 0 30 62 53 53
5137 0 0 0 0 4937 0 40 0 0 60 62 54 54
5137 0 0 0 0 4937 0 40 0 0 90 62 55 55
5137 0 0 0 0 4937 0 40 0 0 120 62 55 55
5137 0 0 0 0 4937 0 40 0 0 150 62 54 54
5137 0 0 0 0 4937 0 40 0 0 180 62 54 54
5137 0 0 0 0 4937 0 50 0 0 0 61 53 53
5137 0 0 0 0 4937 0 50 0 0 30 61 53 53
5137 0 0 0 0 4937 0 50 0 0 60 62 54 54
5137 0 0 0 0 4937 0 50 0 0 90 62 55 55
5137 0 0 0 0 4937 0 50 0 0 120 62 55 55
5137 0 0 0 0 4937 0 50 0 0 150 61 55 55
5137 0 0 0 0 4937 0 50 0 0 180 61 54 54
5137 0 0 0 0 4937 0 60 0 0 0 59 54 54
5137 0 0 0 0 4937 0 60 0 0 30 60 54 54
5137 0 0 0 0 4937 0 60 0 0 60 60 55 55
5137 0 0 0 0 4937 0 60 0 0 90 60 55 55
5137 0 0 0 0 4937 0 60 0 0 120 60 56 56
5137 0 0 0 0 4937 0 60 0 0 150 60 56 56
5137 0 0 0 0 4937 0 60 0 0 180 60 55 55
5137 0 0 0 0 4937 0 0 0 0 0 62 55 55
5137 0 0 0 0 4937 0 0 0 0 30 62 55 55
5137 0 0 0 0 4937 0 0 0 0 60 63 56 56
5137 0 0 0 0 4937 0 0 0 0 90 63 56 56
5137 0 0 0 0 4937 0 0 0 0 120 63 57 57
5137 0 0 0 0 4937 0 0 0 0 150 63 57 57
5137 0 0 0 0 4937 0 0 0 0 180 62 56 56
5137 0 0 0 0 4937 0 10 0 0 0 62 54 54
5137 0 0 0 0 4937 0 10 0 0 30 62 55 55
5137 0 0 0 0 4937 0 10 0 0 60 63 56 56
5137 0 0 0 0 4937 0 10 0 0 90 63 56 56
5137 0 0 0 0 4937 0 10 0 0 120 63 56 56
5137 0 0 0 0 4937 0 10 0 0 150 63 56 56
5137 0 0 0 0 4937 0 10 0 0 180 62 56 56
5137 0 0 0 0 4937 0 20 0 0 0 62 54 54
5137 0 0 0 0 4937 0 20 0 0 30 62 54 54
5137 0 0 0 0 4937 0 20 0 0 60 63 55 55
5137 0 0 0 0 4937 0 20 0 0 90 63 55 55
5137 0 0 0 0 4937 0 20 0 0 120 63 56 56
5137 0 0 0 0 4937 0 20 0 0 150 63 56 56
5137 0 0 0 0 4937 0 20 0 0 180 62 55 55
5137 0 0 0 0 4937 0 30 0 0 0 61 51 51
5137 0 0 0 0 4937 0 30 0 0 30 62 52 52
5137 0 0 0 0 4937 0 30 0 0 60 62 53 53
5137 0 0 0 0 4937 0 30 0 0 90 62 54 54
5137 0 0 0 0 4937 0 30 0 0 120 63 54 54
5137 0 0 0 0 4937 0 30 0 0 150 62 54 54
5137 0 0 0 0 4937 0 30 0 0 180 62 53 53
5137 0 0 0 0 4937 0 40 0 0 0 61 51 51
5137 0 0 0 0 4937 0 40 0 0 30 61 52 52
5137 0 0 0 0 4937 0 40 0 0 60 62 53 53
5137 0 0 0 0 4937 0 40 0 0 90 62 54 54
5137 0 0 0 0 4937 0 40 0 0 120 62 54 54
5137 0 0 0 0 4937 0 40 0 0 150 62 54 54
5137 0 0 0 0 4937 0 40 0 0 180 61 53 53
5137 0 0 0 0 4937 0 50 0 0 0 60 52 52
5137 0 0 0 0 4937 0 50 0 0 30 61 52 52
5137 0 0 0 0 4937 0 50 0 0 60 61 53 53
5137 0 0 0 0 4937 0 50 0 0 90 61 54 54
5137 0 0 0 0 4937 0 50 0 0 120 61 55 55
5137 0 0 0 0 4937 0 50 0 0 150 61 55 55
5137 0 0 0 0 4937 0 50 0 0 180 61 54 54
5137 0 0 0 0 4937 0 60 0 0 0 59 53 53
5137 0 0 0 0 4937 0 60 0 0 30 60 54 54
5137 0 0 0 0 4937 0 60 0 0 60 60 54 54
5137 0 0 0 0 4937 0 60 0 0 90 60 55 55
5137 0 0 0 0 4937 0 60 0 0 120 60 55 55
5137 0 0 0 0 4937 0 60 0 0 150 60 55 55
5137 0 0 0 0 4937 0 60 0 0 180 59 55 55
5137 0 0 0 0 4937 0 0 0 0 0 62 54 54
5137 0 0 0 0 4937 0 0 0 0 30 62 55 55
5137 0 0 0 0 4937 0 0 0 0 60 62 55 55
5137 0 0 0 0 4937 0 0 0 0 90 63 56 56
5137 0 0 0 0 4937 0 0 0 0 120 63 56 56
5137 0 0 0 0 4937 0 0 0 0 150 62 56 56
5137 0 0 0 0 4937 0 0 0 0 180 62 55 55
5137 0 0 0 0 4937 0 10 0 0 0 62 54 54
5137 0 0 0 0 4937 0 10 0 0 30 62 54 54
5137 0 0 0 0 4937 0 10 0 0 60 62 55 55
5137 0 0 0 0 4937 0 10 0 0 90 63 55 55
5137 0 0 0 0 4937 0 10 0 0 120 63 56 56
5137 0 0 0 0 4937 0 10 0 0 150 62 56 56
5137 0 0 0 0 4937 0 10 0 0 180 62 55 55
5137 0 0 0 0 4937 0 20 0 0 0 61 53 53
5137 0 0 0 0 4937 0 20 0 0 30 62 53 53
5137 0 0 0 0 4937 0 20 0 0 60 62 54 54
5137 0 0 0 0 4937 0 20 0 0 90 62 54 54
5137 0 0 0 0 4937 0 20 0 0 120 62 55 55
5137 0 0 0 0 4937 0 20 0 0 150 62 55 55
5137 0 0 0 0 4937 0 20 0 0 180 62 55 55
5137 0 0 0 0 4937 0 30 0 0 0 61 51 51
5137 0 0 0 0 4937 0 30 0 0 30 62 51 51
5137 0 0 0 0 4937 0 30 0 0 60 62 52 52
5137 0 0 0 0 4937 0 30 0 0 90 62 53 53
5137 0 0 0 0 4937 0 30 0 0 120 62 54 54
5137 0 0 0 0 4937 0 30 0 0 150 62 54 54
5137 0 0 0 0 4937 0 30 0 0 180 61 53 53
5137 0 0 0 0 4937 0 40 0 0 0 61 51 51
5137 0 0 0 0 4937 0 40 0 0 30 61 51 51
5137 0 0 0 0 4937 0 40 0 0 60 61 52 52
5137 0 0 0 0 4937 0 40 0 0 90 62 53 53
5137 0 0 0 0 4937 0 40 0 0 120 62 54 54
5137 0 0 0 0 4937 0 40 0 0 150 61 54 54
5137 0 0 0 0 4937 0 40 0 0 180 61 53 53
5137 0 0 0 0 4937 0 50 0 0 0 60 51 51
5137 0 0 0 0 4937 0 50 0 0 30 60 52 52
5137 0 0 0 0 4937 0 50 0 0 60 61 52 52
5137 0 0 0 0 4937 0 50 0 0 90 61 53 53
5137 0 0 0 0 4937 0 50 0 0 120 61 54 54
5137 0 0 0 0 4937 0 50 0 0 150 61 54 54
5137 0 0 0 0 4937 0 50 0 0 180 60 54 54
5137 0 0 0 0 4937 0 60 0 0 0 58 52 52
5137 0 0 0 0 4937 0 60 0 0 30 59 53 53
5137 0 0 0 0 4937 0 60 0 0 60 59 53 53
5137 0 0 0 0 4937 0 60 0 0 90 60 54 54
5137 0 0 0 0 4937 0 60 0 0 120 60 55 55
5137 0 0 0 0 4937 0 60 0 0 150 60 55 55
5137 0 0 0 0 4937 0 60 0 0 180 59 55 55
5137 0 0 0 0 4937 0 0 0 0 0 61 53 53
5137 0 0 0 0 4937 0 0 0 0 30 62 54 54
5137 0 0 0 0 4937 0 0 0 0 60 62 54 54
5137 0 0 0 0 4937 0 0 0 0 90 62 55 55
5137 0 0 0 0 4937 0 0 0 0 120 62 55 55
5137 0 0 0 0 4937 0 0 0 0 150 62 56 56
5137 0 0 0 0 4937 0 0 0 0 180 61 55 55
5137 0 0 0 0 4937 0 10 0 0 0 61 53 53
5137 0 0 0 0 4937 0 10 0 0 30 62 53 53
5137 0 0 0 0 4937 0 10 0 0 60 62 54 54
5137 0 0 0 0 4937 0 10 0 0 90 62 55 55
5137 0 0 0 0 4937 0 10 0 0 120 62 55 55
5137 0 0 0 0 4937 0 10 0 0 150 62 55 55
5137 0 0 0 0 4937 0 10 0 0 180 61 55 55
5137 0 0 0 0 4937 0 20 0 0 0 61 52 52
5137 0 0 0 0 4937 0 20 0 0 30 61 52 52
5137 0 0 0 0 4937 0 20 0 0 60 62 53 53
5137 0 0 0 0 4937 0 20 0 0 90 62 53 53
5137 0 0 0 0 4937 0 20 0 0 120 62 54 54
5137 0 0 0 0 4937 0 20 0 0 150 62 55 55
5137 0 0 0 0 4937 0 20 0 0 180 61 54 54
5137 0 0 0 0 4937 0 30 0 0 0 61 50 50
5137 0 0 0 0 4937 0 30 0 0 30 61 51 51
5137 0 0 0 0 4937 0 30 0 0 60 61 51 51
5137 0 0 0 0 4937 0 30 0 0 90 62 52 52
5137 0 0 0 0 4937 0 30 0 0 120 62 53 53
5137 0 0 0 0 4937 0 30 0 0 150 62 54 54
5137 0 0 0 0 4937 0 30 0 0 180 61 53 53
5137 0 0 0 0 4937 0 40 0 0 0 60 50 50
5137 0 0 0 0 4937 0 40 0 0 30 61 51 51
5137 0 0 0 0 4937 0 40 0 0 60 61 51 51
5137 0 0 0 0 4937 0 40 0 0 90 61 52 52
5137 0 0 0 0 4937 0 40 0 0 120 61 53 53
5137 0 0 0 0 4937 0 40 0 0 150 61 54 54
5137 0 0 0 0 4937 0 40 0 0 180 60 53 53
5137 0 0 0 0 4937 0 50 0 0 0 59 51 51
5137 0 0 0 0 4937 0 50 0 0 30 60 51 51
5137 0 0 0 0 4937 0 50 0 0 60 60 51 51
5137 0 0 0 0 4937 0 50 0 0 90 60 52 52
5137 0 0 0 0 4937 0 50 0 0 120 61 53 53
5137 0 0 0 0 4937 0 50 0 0 150 60 54 54
5137 0 0 0 0 4937 0 50 0 0 180 60 54 54
5137 0 0 0 0 4937 0 60 0 0 0 58 52 52
5137 0 0 0 0 4937 0 60 0 0 30 58 52 52
5137 0 0 0 0 4937 0 60 0 0 60 59 53 53
5137 0 0 0 0 4937 0 60 0 0 90 59 53 53
5137 0 0 0 0 4937 0 60 0 0 120 59 54 54
5137 0 0 0 0 4937 0 60 0 0 150 59 54 54
5137 0 0 0 0 4937 0 60 0 0 180 59 54 54
5137 0 0 0 0 4937 0 0 0 0 0 61 53 53
5137 0 0 0 0 4937 0 0 0 0 30 61 53 53
5137 0 0 0 0 4937 0 0 0 0 60 62 54 54
5137 0 0 0 0 4937 0 0 0 0 90 62 54 54
5137 0 0 0 0 4937 0 0 0 0 120 62 55 55
5137 0 0 0 0 4937 0 0 0 0 150 62 55 55
5137 0 0 0 0 4937 0 0 0 0 180 61 54 54
5137 0 0 0 0 4937 0 10 0 0 0 61 52 52
5137 0 0 0 0 4937 0 10 0 0 30 61 53 53
5137 0 0 0 0 4937 0 10 0 0 60 61 53 53
5137 0 0 0 0 4937 0 10 0 0 90 62 54 54
5137 0 0 0 0 4937 0 10 0 0 120 62 54 54
5137 0 0 0 0 4937 0 10 0 0 150 62 55 55
5137 0 0 0 0 4937 0 10 0 0 180 61 54 54
5137 0 0 0 0 4937 0 20 0 0 0 61 50 50
5137 0 0 0 0 4937 0 20 0 0 30 61 51 51
5137 0 0 0 0 4937 0 20 0 0 60 61 51 51
5137 0 0 0 0 4937 0 20 0 0 90 62 52 52
5137 0 0 0 0 4937 0 20 0 0 120 62 53 53
5137 0 0 0 0 4937 0 20 0 0 150 62 54 54
5137 0 0 0 0 4937 0 20 0 0 180 61 54 54
5137 0 0 0 0 4937 0 30 0 0 0 60 50 50
5137 0 0 0 0 4937 0 30 0 0 30 61 50 50
5137 0 0 0 0 4937 0 30 0 0 60 61 51 51
5137 0 0 0 0 4937 0 30 0 0 90 61 52 52
5137 0 0 0 0 4937 0 30 0 0 120 61 53 53
5137 0 0 0 0 4937 0 30 0 0 150 61 54 54
5137 0 0 0 0 4937 0 30 0 0 180 60 53 53
5137 0 0 0 0 4937 0 40 0 0 0 60 50 50
5137 0 0 0 0 4937 0 40 0 0 30 60 50 50
5137 0 0 0 0 4937 0 40 0 0 60 61 51 51
5137 0 0 0 0 4937 0 40 0 0 90 61 51 51
5137 0 0 0 0 4937 0 40 0 0 120 61 52 52
5137 0 0 0 0 4937 0 40 0 0 150 61 53 53
5137 0 0 0 0 4937 0 40 0 0 180 60 53 53
5137 0 0 0 0 4937 0 50 0 0 0 59 50 50
5137 0 0 0 0 4937 0 50 0 0 30 59 51 51
5137 0 0 0 0 4937 0 50 0 0 60 60 51 51
5137 0 0 0 0 4937 0 50 0 0 90 60 51 51
5137 0 0 0 0 4937 0 50 0 0 120 60 52 52
5137 0 0 0 0 4937 0 50 0 0 150 60 53 53
5137 0 0 0 0 4937 0 50 0 0 180 59 53 53
5137 0 0 0 0 4937 0 60 0 0 0 57 51 51
5137 0 0 0 0 4937 0 60 0 0 30 58 52 52
5137 0 0 0 0 4937 0 60 0 0 60 58 52 52
5137 0 0 0 0 4937 0 60 0 0 90 58 52 52
5137 0 0 0 0 4937 0 60 0 0 120 58 53 53
5137 0 0 0 0 4937 0 60 0 0 150 58 54 54
5137 0 0 0 0 4937 0 60 0 0 180 58 54 54
5137 0 0 0 0 4937 0 0 0 0 0 61 52 52
5137 0 0 0 0 4937 0 0 0 0 30 61 52 52
5137 0 0 0 0 4937 0 0 0 0 60 61 53 53
5137 0 0 0 0 4937 0 0 0 0 90 61 53 53
5137 0 0 0 0 4937 0 0 0 0 120 62 54 54
5137 0 0 0 0 4937 0 0 0 0 150 61 54 54
5137 0 0 0 0 4937 0 0 0 0 180 60 53 53
5137 0 0 0 0 4937 0 10 0 0 0 61 51 51
5137 0 0 0 0 4937 0 10 0 0 30 61 51 51
5137 0 0 0 0 4937 0 10 0 0 60 61 52 52
5137 0 0 0 0 4937 0 10 0 0 90 61 52 52
5137 0 0 0 0 4937 0 10 0 0 120 62 53 53
5137 0 0 0 0 4937 0 10 0 0 150 61 54 54
5137 0 0 0 0 4937 0 10 0 0 180 60 53 53
5137 0 0 0 0 4937 0 20 0 0 0 61 50 50
5137 0 0 0 0 4937 0 20 0 0 30 61 50 50
5137 0 0 0 0 4937 0 20 0 0 60 61 51 51
5137 0 0 0 0 4937 0 20 0 0 90 61 51 51
5137 0 0 0 0 4937 0 20 0 0 120 61 52 52
5137 0 0 0 0 4937 0 20 0 0 150 61 54 54
5137 0 0 0 0 4937 0 20 0 0 180 60 53 53
5137 0 0 0 0 4937 0 30 0 0 0 60 50 50
5137 0 0 0 0 4937 0 30 0 0 30 60 50 50
5137 0 0 0 0 4937 0 30 0 0 60 61 50 50
5137 0 0 0 0 4937 0 30 0 0 90 61 51 51
5137 0 0 0 0 4937 0 30 0 0 120 61 52 52
5137 0 0 0 0 4937 0 30 0 0 150 61 53 53
5137 0 0 0 0 4937 0 30 0 0 180 60 52 52
5137 0 0 0 0 4937 0 40 0 0 0 60 50 50
5137 0 0 0 0 4937 0 40 0 0 30 60 50 50
5137 0 0 0 0 4937 0 40 0 0 60 60 50 50
5137 0 0 0 0 4937 0 40 0 0 90 60 51 51
5137 0 0 0 0 4937 0 40 0 0 120 61 52 52
5137 0 0 0 0 4937 0 40 0 0 150 61 53 53
5137 0 0 0 0 4937 0 40 0 0 180 59 53 53
5137 0 0 0 0 4937 0 50 0 0 0 59 50 50
5137 0 0 0 0 4937 0 50 0 0 30 59 50 50
5137 0 0 0 0 4937 0 50 0 0 60 59 51 51
5137 0 0 0 0 4937 0 50 0 0 90 59 51 51
5137 0 0 0 0 4937 0 50 0 0 120 60 52 52
5137 0 0 0 0 4937 0 50 0 0 150 60 53 53
5137 0 0 0 0 4937 0 50 0 0 180 59 53 53
5137 0 0 0 0 4937 0 60 0 0 0 57 51 51
5137 0 0 0 0 4937 0 60 0 0 30 57 51 51
5137 0 0 0 0 4937 0 60 0 0 60 57 51 51
5137 0 0 0 0 4937 0 60 0 0 90 58 52 52
5137 0 0 0 0 4937 0 60 0 0 120 58 52 52
5137 0 0 0 0 4937 0 60 0 0 150 58 53 53
5137 0 0 0 0 4937 0 60 0 0 180 58 53 53
5137 0 0 0 0 5137 0 0 0 0 0 43 38 38
5137 0 0 0 0 5137 0 0 0 0 30 49 44 44
5137 0 0 0 0 5137 0 0 0 0 60 57 52 52
5137 0 0 0 0 5137 0 0 0 0 90 66 61 61
5137 0 0 0 0 5137 0 0 0 0 120 74 66 66
5137 0 0 0 0 5137 0 0 0 0 150 78 68 68
5137 0 0 0 0 5137 0 0 0 0 180 78 68 68
5137 0 0 0 0 5137 0 10 0 0 0 43 38 38
5137 0 0 0 0 5137 0 10 0 0 30 49 44 44
5137 0 0 0 0 5137 0 10 0 0 60 57 52 52
5137 0 0 0 0 5137 0 10 0 0 90 66 60 60
5137 0 0 0 0 5137 0 10 0 0 120 74 65 65
5137 0 0 0 0 5137 0 10 0 0 150 77 67 67
5137 0 0 0 0 5137 0 10 0 0 180 78 68 68
5137 0 0 0 0 5137 0 20 0 0 0 43 39 39
5137 0 0 0 0 5137 0 20 0 0 30 49 44 44
5137 0 0 0 0 5137 0 20 0 0 60 57 51 51
5137 0 0 0 0 5137 0 20 0 0 90 65 59 59
5137 0 0 0 0 5137 0 20 0 0 120 73 63 63
5137 0 0 0 0 5137 0 20 0 0 150 77 66 66
5137 0 0 0 0 5137 0 20 0 0 180 78 66 66
5137 0 0 0 0 5137 0 30 0 0 0 43 40 40
5137 0 0 0 0 5137 0 30 0 0 30 48 44 44
5137 0 0 0 0 5137 0 30 0 0 60 57 50 50
5137 0 0 0 0 5137 0 30 0 0 90 65 55 55
5137 0 0 0 0 5137 0 30 0 0 120 73 59 59
5137 0 0 0 0 5137 0 30 0 0 150 77 62 62
5137 0 0 0 0 5137 0 30 0 0 180 77 63 63
5137 0 0 0 0 5137 0 40 0 0 0 43 41 41
5137 0 0 0 0 5137 0 40 0 0 30 48 45 45
5137 0 0 0 0 5137 0 40 0 0 60 56 50 50
5137 0 0 0 0 5137 0 40 0 0 90 64 54 54
5137 0 0 0 0 5137 0 40 0 0 120 73 58 58
5137 0 0 0 0 5137 0 40 0 0 150 76 61 61
5137 0 0 0 0 5137 0 40 0 0 180 76 63 63
5137 0 0 0 0 5137 0 50 0 0 0 42 43 43
5137 0 0 0 0 5137 0 50 0 0 30 47 46 46
5137 0 0 0 0 5137 0 50 0 0 60 55 50 50
5137 0 0 0 0 5137 0 50 0 0 90 64 54 54
5137 0 0 0 0 5137 0 50 0 0 120 72 58 58
5137 0 0 0 0 5137 0 50 0 0 150 75 61 61
5137 0 0 0 0 5137 0 50 0 0 180 75 63 63
5137 0 0 0 0 5137 0 60 0 0 0 42 45 45
5137 0 0 0 0 5137 0 60 0 0 30 46 48 48
5137 0 0 0 0 5137 0 60 0 0 60 54 51 51
5137 0 0 0 0 5137 0 60 0 0 90 63 55 55
5137 0 0 0 0 5137 0 60 0 0 120 70 59 59
5137 0 0 0 0 5137 0 60 0 0 150 73 62 62
5137 0 0 0 0 5137 0 60 0 0 180 73 64 64
5137 0 0 0 0 5137 0 0 0 0 0 41 36 36
5137 0 0 0 0 5137 0 0 0 0 30 48 42 42
5137 0 0 0 0 5137 0 0 0 0 60 55 50 50
5137 0 0 0 0 5137 0 0 0 0 90 63 57 57
5137 0 0 0 0 5137 0 0 0 0 120 71 64 64
5137 0 0 0 0 5137 0 0 0 0 150 76 67 67
5137 0 0 0 0 5137 0 0 0 0 180 78 68 68
5137 0 0 0 0 5137 0 10 0 0 0 41 37 37
5137 0 0 0 0 5137 0 10 0 0 30 47 42 42
5137 0 0 0 0 5137 0 10 0 0 60 55 49 49
5137 0 0 0 0 5137 0 10 0 0 90 62 57 57
5137 0 0 0 0 5137 0 10 0 0 120 71 63 63
5137 0 0 0 0 5137 0 10 0 0 150 76 66 66
5137 0 0 0 0 5137 0 10 0 0 180 78 67 67
5137 0 0 0 0 5137 0 20 0 0 0 41 38 38
5137 0 0 0 0 5137 0 20 0 0 30 47 42 42
5137 0 0 0 0 5137 0 20 0 0 60 54 49 49
5137 0 0 0 0 5137 0 20 0 0 90 62 56 56
5137 0 0 0 0 5137 0 20 0 0 120 71 61 61
5137 0 0 0 0 5137 0 20 0 0 150 76 64 64
5137 0 0 0 0 5137 0 20 0 0 180 78 66 66
5137 0 0 0 0 5137 0 30 0 0 0 41 39 39
5137 0 0 0 0 5137 0 30 0 0 30 47 42 42
5137 0 0 0 0 5137 0 30 0 0 60 54 47 47
5137 0 0 0 0 5137 0 30 0 0 90 62 52 52
5137 0 0 0 0 5137 0 30 0 0 120 70 57 57
5137 0 0 0 0 5137 0 30 0 0 150 75 61 61
5137 0 0 0 0 5137 0 30 0 0 180 77 63 63
5137 0 0 0 0 5137 0 40 0 0 0 41 41 41
5137 0 0 0 0 5137 0 40 0 0 30 46 43 43
5137 0 0 0 0 5137 0 40 0 0 60 54 47 47
5137 0 0 0 0 5137 0 40 0 0 90 61 51 51
5137 0 0 0 0 5137 0 40 0 0 120 70 56 56
5137 0 0 0 0 5137 0 40 0 0 150 75 59 59
5137 0 0 0 0 5137 0 40 0 0 180 76 62 62
5137 0 0 0 0 5137 0 50 0 0 0 41 43 43
5137 0 0 0 0 5137 0 50 0 0 30 46 44 44
5137 0 0 0 0 5137 0 50 0 0 60 53 47 47
5137 0 0 0 0 5137 0 50 0 0 90 61 51 51
5137 0 0 0 0 5137 0 50 0 0 120 69 56 56
5137 0 0 0 0 5137 0 50 0 0 150 74 59 59
5137 0 0 0 0 5137 0 50 0 0 180 75 62 62
5137 0 0 0 0 5137 0 60 0 0 0 41 45 45
5137 0 0 0 0 5137 0 60 0 0 30 45 46 46
5137 0 0 0 0 5137 0 60 0 0 60 52 49 49
5137 0 0 0 0 5137 0 60 0 0 90 60 52 52
5137 0 0 0 0 5137 0 60 0 0 120 68 56 56
5137 0 0 0 0 5137 0 60 0 0 150 72 60 60
5137 0 0 0 0 5137 0 60 0 0 180 73 63 63
5137 0 0 0 0 5137 0 0 0 0 0 41 35 35
5137 0 0 0 0 5137 0 0 0 0 30 46 41 41
5137 0 0 0 0 5137 0 0 0 0 60 52 47 47
5137 0 0 0 0 5137 0 0 0 0 90 59 54 54
5137 0 0 0 0 5137 0 0 0 0 120 68 61 61
5137 0 0 0 0 5137 0 0 0 0 150 74 66 66
5137 0 0 0 0 5137 0 0 0 0 180 77 67 67
5137 0 0 0 0 5137 0 10 0 0 0 41 36 36
5137 0 0 0 0 5137 0 10 0 0 30 46 41 41
5137 0 0 0 0 5137 0 10 0 0 60 52 47 47
5137 0 0 0 0 5137 0 10 0 0 90 59 54 54
5137 0 0 0 0 5137 0 10 0 0 120 68 60 60
5137 0 0 0 0 5137 0 10 0 0 150 74 65 65
5137 0 0 0 0 5137 0 10 0 0 180 77 67 67
5137 0 0 0 0 5137 0 20 0 0 0 40 37 37
5137 0 0 0 0 5137 0 20 0 0 30 46 40 40
5137 0 0 0 0 5137 0 20 0 0 60 52 46 46
5137 0 0 0 0 5137 0 20 0 0 90 59 52 52
5137 0 0 0 0 5137 0 20 0 0 120 68 58 58
5137 0 0 0 0 5137 0 20 0 0 150 74 63 63
5137 0 0 0 0 5137 0 20 0 0 180 77 66 66
5137 0 0 0 0 5137 0 30 0 0 0 40 39 39
5137 0 0 0 0 5137 0 30 0 0 30 46 40 40
5137 0 0 0 0 5137 0 30 0 0 60 52 44 44
5137 0 0 0 0 5137 0 30 0 0 90 59 49 49
5137 0 0 0 0 5137 0 30 0 0 120 67 54 54
5137 0 0 0 0 5137 0 30 0 0 150 74 59 59
5137 0 0 0 0 5137 0 30 0 0 180 76 62 62
5137 0 0 0 0 5137 0 40 0 0 0 40 41 41
5137 0 0 0 0 5137 0 40 0 0 30 45 42 42
5137 0 0 0 0 5137 0 40 0 0 60 51 44 44
5137 0 0 0 0 5137 0 40 0 0 90 58 49 49
5137 0 0 0 0 5137 0 40 0 0 120 67 53 53
5137 0 0 0 0 5137 0 40 0 0 150 73 58 58
5137 0 0 0 0 5137 0 40 0 0 180 76 62 62
5137 0 0 0 0 5137 0 50 0 0 0 40 42 42
5137 0 0 0 0 5137 0 50 0 0 30 44 43 43
5137 0 0 0 0 5137 0 50 0 0 60 50 45 45
5137 0 0 0 0 5137 0 50 0 0 90 57 49 49
5137 0 0 0 0 5137 0 50 0 0 120 66 53 53
5137 0 0 0 0 5137 0 50 0 0 150 72 57 57
5137 0 0 0 0 5137 0 50 0 0 180 74 62 62
5137 0 0 0 0 5137 0 60 0 0 0 41 45 45
5137 0 0 0 0 5137 0 60 0 0 30 44 45 45
5137 0 0 0 0 5137 0 60 0 0 60 49 47 47
5137 0 0 0 0 5137 0 60 0 0 90 56 50 50
5137 0 0 0 0 5137 0 60 0 0 120 65 53 53
5137 0 0 0 0 5137 0 60 0 0 150 70 58 58
5137 0 0 0 0 5137 0 60 0 0 180 72 62 62
5137 0 0 0 0 5137 0 0 0 0 0 41 36 36
5137 0 0 0 0 5137 0 0 0 0 30 45 40 40
5137 0 0 0 0 5137 0 0 0 0 60 50 45 45
5137 0 0 0 0 5137 0 0 0 0 90 56 51 51
5137 0 0 0 0 5137 0 0 0 0 120 65 58 58
5137 0 0 0 0 5137 0 0 0 0 150 72 64 64
5137 0 0 0 0 5137 0 0 0 0 180 76 67 67
5137 0 0 0 0 5137 0 10 0 0 0 41 36 36
5137 0 0 0 0 5137 0 10 0 0 30 45 39 39
5137 0 0 0 0 5137 0 10 0 0 60 50 44 44
5137 0 0 0 0 5137 0 10 0 0 90 56 51 51
5137 0 0 0 0 5137 0 10 0 0 120 65 57 57
5137 0 0 0 0 5137 0 10 0 0 150 72 63 63
5137 0 0 0 0 5137 0 10 0 0 180 76 67 67
5137 0 0 0 0 5137 0 20 0 0 0 41 37 37
5137 0 0 0 0 5137 0 20 0 0 30 45 39 39
5137 0 0 0 0 5137 0 20 0 0 60 50 44 44
5137 0 0 0 0 5137 0 20 0 0 90 56 49 49
5137 0 0 0 0 5137 0 20 0 0 120 64 55 55
5137 0 0 0 0 5137 0 20 0 0 150 72 61 61
5137 0 0 0 0 5137 0 20 0 0 180 76 65 65
5137 0 0 0 0 5137 0 30 0 0 0 41 39 39
5137 0 0 0 0 5137 0 30 0 0 30 44 40 40
5137 0 0 0 0 5137 0 30 0 0 60 49 42 42
5137 0 0 0 0 5137 0 30 0 0 90 56 46 46
5137 0 0 0 0 5137 0 30 0 0 120 64 51 51
5137 0 0 0 0 5137 0 30 0 0 150 71 57 57
5137 0 0 0 0 5137 0 30 0 0 180 75 62 62
5137 0 0 0 0 5137 0 40 0 0 0 41 40 40
5137 0 0 0 0 5137 0 40 0 0 30 44 41 41
5137 0 0 0 0 5137 0 40 0 0 60 49 43 43
5137 0 0 0 0 5137 0 40 0 0 90 55 46 46
5137 0 0 0 0 5137 0 40 0 0 120 64 51 51
5137 0 0 0 0 5137 0 40 0 0 150 71 56 56
5137 0 0 0 0 5137 0 40 0 0 180 74 61 61
5137 0 0 0 0 5137 0 50 0 0 0 41 42 42
5137 0 0 0 0 5137 0 50 0 0 30 44 43 43
5137 0 0 0 0 5137 0 50 0 0 60 48 44 44
5137 0 0 0 0 5137 0 50 0 0 90 54 46 46
5137 0 0 0 0 5137 0 50 0 0 120 63 50 50
5137 0 0 0 0 5137 0 50 0 0 150 70 56 56
5137 0 0 0 0 5137 0 50 0 0 180 73 61 61
5137 0 0 0 0 5137 0 60 0 0 0 42 44 44
5137 0 0 0 0 5137 0 60 0 0 30 44 44 44
5137 0 0 0 0 5137 0 60 0 0 60 48 46 46
5137 0 0 0 0 5137 0 60 0 0 90 53 48 48
5137 0 0 0 0 5137 0 60 0 0 120 61 51 51
5137 0 0 0 0 5137 0 60 0 0 150 68 56 56
5137 0 0 0 0 5137 0 60 0 0 180 71 61 61
5137 0 0 0 0 5137 0 0 0 0 0 43 38 38
5137 0 0 0 0 5137 0 0 0 0 30 45 39 39
5137 0 0 0 0 5137 0 0 0 0 60 48 42 42
5137 0 0 0 0 5137 0 0 0 0 90 53 48 48
5137 0 0 0 0 5137 0 0 0 0 120 61 54 54
5137 0 0 0 0 5137 0 0 0 0 150 70 61 61
5137 0 0 0 0 5137 0 0 0 0 180 74 66 66
5137 0 0 0 0 5137 0 10 0 0 0 43 38 38
5137 0 0 0 0 5137 0 10 0 0 30 45 39 39
5137 0 0 0 0 5137 0 10 0 0 60 48 42 42
5137 0 0 0 0 5137 0 10 0 0 90 53 47 47
5137 0 0 0 0 5137 0 10 0 0 120 61 53 53
5137 0 0 0 0 5137 0 10 0 0 150 70 60 60
5137 0 0 0 0 5137 0 10 0 0 180 74 66 66
5137 0 0 0 0 5137 0 20 0 0 0 43 38 38
5137 0 0 0 0 5137 0 20 0 0 30 45 39 39
5137 0 0 0 0 5137 0 20 0 0 60 48 42 42
5137 0 0 0 0 5137 0 20 0 0 90 53 46 46
5137 0 0 0 0 5137 0 20 0 0 120 61 51 51
5137 0 0 0 0 5137 0 20 0 0 150 69 58 58
5137 0 0 0 0 5137 0 20 0 0 180 74 64 64
5137 0 0 0 0 5137 0 30 0 0 0 43 39 39
5137 0 0 0 0 5137 0 30 0 0 30 45 39 39
5137 0 0 0 0 5137 0 30 0 0 60 47 41 41
5137 0 0 0 0 5137 0 30 0 0 90 53 44 44
5137 0 0 0 0 5137 0 30 0 0 120 61 49 49
5137 0 0 0 0 5137 0 30 0 0 150 69 55 55
5137 0 0 0 0 5137 0 30 0 0 180 73 61 61
5137 0 0 0 0 5137 0 40 0 0 0 43 40 40
5137 0 0 0 0 5137 0 40 0 0 30 45 41 41
5137 0 0 0 0 5137 0 40 0 0 60 47 42 42
5137 0 0 0 0 5137 0 40 0 0 90 52 44 44
5137 0 0 0 0 5137 0 40 0 0 120 60 48 48
5137 0 0 0 0 5137 0 40 0 0 150 68 54 54
5137 0 0 0 0 5137 0 40 0 0 180 73 60 60
5137 0 0 0 0 5137 0 50 0 0 0 43 42 42
5137 0 0 0 0 5137 0 50 0 0 30 45 42 42
5137 0 0 0 0 5137 0 50 0 0 60 47 43 43
5137 0 0 0 0 5137 0 50 0 0 90 52 45 45
5137 0 0 0 0 5137 0 50 0 0 120 59 48 48
5137 0 0 0 0 5137 0 50 0 0 150 67 54 54
5137 0 0 0 0 5137 0 50 0 0 180 71 60 60
5137 0 0 0 0 5137 0 60 0 0 0 44 43 43
5137 0 0 0 0 5137 0 60 0 0 30 45 44 44
5137 0 0 0 0 5137 0 60 0 0 60 47 44 44
5137 0 0 0 0 5137 0 60 0 0 90 51 46 46
5137 0 0 0 0 5137 0 60 0 0 120 58 49 49
5137 0 0 0 0 5137 0 60 0 0 150 65 54 54
5137 0 0 0 0 5137 0 60 0 0 180 69 60 60
5137 0 0 0 0 5137 0 0 0 0 0 46 40 40
5137 0 0 0 0 5137 0 0 0 0 30 46 40 40
5137 0 0 0 0 5137 0 0 0 0 60 47 41 41
5137 0 0 0 0 5137 0 0 0 0 90 51 45 45
5137 0 0 0 0 5137 0 0 0 0 120 58 51 51
5137 0 0 0 0 5137 0 0 0 0 150 67 58 58
5137 0 0 0 0 5137 0 0 0 0 180 73 64 64
5137 0 0 0 0 5137 0 10 0 0 0 46 40 40
5137 0 0 0 0 5137 0 10 0 0 30 46 40 40
5137 0 0 0 0 5137 0 10 0 0 60 47 41 41
5137 0 0 0 0 5137 0 10 0 0 90 51 44 44
5137 0 0 0 0 5137 0 10 0 0 120 58 50 50
5137 0 0 0 0 5137 0 10 0 0 150 67 57 57
5137 0 0 0 0 5137 0 10 0 0 180 72 64 64
5137 0 0 0 0 5137 0 20 0 0 0 46 39 39
5137 0 0 0 0 5137 0 20 0 0 30 46 40 40
5137 0 0 0 0 5137 0 20 0 0 60 47 41 41
5137 0 0 0 0 5137 0 20 0 0 90 50 43 43
5137 0 0 0 0 5137 0 20 0 0 120 57 47 47
5137 0 0 0 0 5137 0 20 0 0 150 67 55 55
5137 0 0 0 0 5137 0 20 0 0 180 72 62 62
5137 0 0 0 0 5137 0 30 0 0 0 46 40 40
5137 0 0 0 0 5137 0 30 0 0 30 46 40 40
5137 0 0 0 0 5137 0 30 0 0 60 47 41 41
5137 0 0 0 0 5137 0 30 0 0 90 50 42 42
5137 0 0 0 0 5137 0 30 0 0 120 57 46 46
5137 0 0 0 0 5137 0 30 0 0 150 66 53 53
5137 0 0 0 0 5137 0 30 0 0 180 72 61 61
5137 0 0 0 0 5137 0 40 0 0 0 46 40 40
5137 0 0 0 0 5137 0 40 0 0 30 46 41 41
5137 0 0 0 0 5137 0 40 0 0 60 47 41 41
5137 0 0 0 0 5137 0 40 0 0 90 50 43 43
5137 0 0 0 0 5137 0 40 0 0 120 56 46 46
5137 0 0 0 0 5137 0 40 0 0 150 65 52 52
5137 0 0 0 0 5137 0 40 0 0 180 71 60 60
5137 0 0 0 0 5137 0 50 0 0 0 46 41 41
5137 0 0 0 0 5137 0 50 0 0 30 46 42 42
5137 0 0 0 0 5137 0 50 0 0 60 47 42 42
5137 0 0 0 0 5137 0 50 0 0 90 50 44 44
5137 0 0 0 0 5137 0 50 0 0 120 56 46 46
5137 0 0 0 0 5137 0 50 0 0 150 64 52 52
5137 0 0 0 0 5137 0 50 0 0 180 69 60 60
5137 0 0 0 0 5137 0 60 0 0 0 46 43 43
5137 0 0 0 0 5137 0 60 0 0 30 46 43 43
5137 0 0 0 0 5137 0 60 0 0 60 47 44 44
5137 0 0 0 0 5137 0 60 0 0 90 50 45 45
5137 0 0 0 0 5137 0 60 0 0 120 55 47 47
5137 0 0 0 0 5137 0 60 0 0 150 62 51 51
5137 0 0 0 0 5137 0 60 0 0 180 67 59 59
