4937 0.1 20 0 0 4737 0.0 0 0 0 0 62.4 54.2 54.2
4937 0.1 20 0 0 4737 0.0 0 0 0 30 62.5 54.2 54.2
4937 0.1 20 0 0 4737 0.0 0 0 0 60 62.4 54.0 54.0
4937 0.1 20 0 0 4737 0.0 0 0 0 90 62.1 53.7 53.7
4937 0.1 20 0 0 4737 0.0 0 0 0 120 61.7 53.5 53.5
4937 0.1 20 0 0 4737 0.0 0 0 0 150 61.4 53.3 53.3
4937 0.1 20 0 0 4737 0.0 0 0 0 180 61.3 53.3 53.3
4937 0.1 20 0 0 4737 0.0 10 0 0 0 62.3 53.8 53.8
4937 0.1 20 0 0 4737 0.0 10 0 0 30 62.5 53.9 53.9
4937 0.1 20 0 0 4737 0.0 10 0 0 60 62.3 53.7 53.7
4937 0.1 20 0 0 4737 0.0 10 0 0 90 62.0 53.4 53.4
4937 0.1 20 0 0 4737 0.0 10 0 0 120 61.7 53.2 53.2
4937 0.1 20 0 0 4737 0.0 10 0 0 150 61.3 52.9 52.9
4937 0.1 20 0 0 4737 0.0 10 0 0 180 61.2 52.8 52.8
4937 0.1 20 0 0 4737 0.0 20 0 0 0 62.2 52.6 52.6
4937 0.1 20 0 0 4737 0.0 20 0 0 30 62.3 52.7 52.7
4937 0.1 20 0 0 4737 0.0 20 0 0 60 62.1 52.5 52.5
4937 0.1 20 0 0 4737 0.0 20 0 0 90 61.8 52.2 52.2
4937 0.1 20 0 0 4737 0.0 20 0 0 120 61.5 52.0 52.0
4937 0.1 20 0 0 4737 0.0 20 0 0 150 61.2 51.7 51.7
4937 0.1 20 0 0 4737 0.0 20 0 0 180 61.1 51.6 51.6
4937 0.1 20 0 0 4737 0.0 30 0 0 0 61.9 50.2 50.2
4937 0.1 20 0 0 4737 0.0 30 0 0 30 62.0 50.3 50.3
4937 0.1 20 0 0 4737 0.0 30 0 0 60 61.8 50.2 50.2
4937 0.1 20 0 0 4737 0.0 30 0 0 90 61.5 49.7 49.7
4937 0.1 20 0 0 4737 0.0 30 0 0 120 61.2 49.3 49.3
4937 0.1 20 0 0 4737 0.0 30 0 0 150 60.8 49.1 49.1
4937 0.1 20 0 0 4737 0.0 30 0 0 180 60.7 49.1 49.1
4937 0.1 20 0 0 4737 0.0 40 0 0 0 61.3 50.2 50.2
4937 0.1 20 0 0 4737 0.0 40 0 0 30 61.5 50.3 50.3
4937 0.1 20 0 0 4737 0.0 40 0 0 60 61.3 50.2 50.2
4937 0.1 20 0 0 4737 0.0 40 0 0 90 61.0 49.8 49.8
4937 0.1 20 0 0 4737 0.0 40 0 0 120 60.6 49.3 49.3
4937 0.1 20 0 0 4737 0.0 40 0 0 150 60.3 49.0 49.0
4937 0.1 20 0 0 4737 0.0 40 0 0 180 60.2 49.0 49.0
4937 0.1 20 0 0 4737 0.0 50 0 0 0 60.6 51.1 51.1
4937 0.1 20 0 0 4737 0.0 50 0 0 30 60.7 51.2 51.2
4937 0.1 20 0 0 4737 0.0 50 0 0 60 60.5 51.0 51.0
4937 0.1 20 0 0 4737 0.0 50 0 0 90 60.2 50.4 50.4
4937 0.1 20 0 0 4737 0.0 50 0 0 120 59.8 50.0 50.0
4937 0.1 20 0 0 4737 0.0 50 0 0 150 59.5 49.8 49.8
4937 0.1 20 0 0 4737 0.0 50 0 0 180 59.4 49.6 49.6
4937 0.1 20 0 0 4737 0.0 60 0 0 0 59.2 52.3 52.3
4937 0.1 20 0 0 4737 0.0 60 0 0 30 59.3 52.4 52.4
4937 0.1 20 0 0 4737 0.0 60 0 0 60 59.2 52.2 52.2
4937 0.1 20 0 0 4737 0.0 60 0 0 90 58.9 51.8 51.8
4937 0.1 20 0 0 4737 0.0 60 0 0 120 58.5 51.5 51.5
4937 0.1 20 0 0 4737 0.0 60 0 0 150 58.3 51.2 51.2
4937 0.1 20 0 0 4737 0.0 60 0 0 180 58.3 51.0 51.0
4937 0.1 20 0 0 4737 0.1 0 0 0 0 62.2 53.9 53.9
4937 0.1 20 0 0 4737 0.1 0 0 0 30 62.4 53.9 53.9
4937 0.1 20 0 0 4737 0.1 0 0 0 60 62.2 53.8 53.8
4937 0.1 20 0 0 4737 0.1 0 0 0 90 61.9 53.5 53.5
4937 0.1 20 0 0 4737 0.1 0 0 0 120 61.6 53.2 53.2
4937 0.1 20 0 0 4737 0.1 0 0 0 150 61.3 52.9 52.9
4937 0.1 20 0 0 4737 0.1 0 0 0 180 61.1 52.8 52.8
4937 0.1 20 0 0 4737 0.1 10 0 0 0 62.2 53.5 53.5
4937 0.1 20 0 0 4737 0.1 10 0 0 30 62.3 53.6 53.6
4937 0.1 20 0 0 4737 0.1 10 0 0 60 62.2 53.5 53.5
4937 0.1 20 0 0 4737 0.1 10 0 0 90 61.9 53.1 53.1
4937 0.1 20 0 0 4737 0.1 10 0 0 120 61.5 52.9 52.9
4937 0.1 20 0 0 4737 0.1 10 0 0 150 61.2 52.6 52.6
4937 0.1 20 0 0 4737 0.1 10 0 0 180 61.0 52.4 52.4
4937 0.1 20 0 0 4737 0.1 20 0 0 0 62.0 52.3 52.3
4937 0.1 20 0 0 4737 0.1 20 0 0 30 62.1 52.4 52.4
4937 0.1 20 0 0 4737 0.1 20 0 0 60 62.0 52.2 52.2
4937 0.1 20 0 0 4737 0.1 20 0 0 90 61.7 51.9 51.9
4937 0.1 20 0 0 4737 0.1 20 0 0 120 61.4 51.7 51.7
4937 0.1 20 0 0 4737 0.1 20 0 0 150 61.0 51.3 51.3
4937 0.1 20 0 0 4737 0.1 20 0 0 180 60.8 51.2 51.2
4937 0.1 20 0 0 4737 0.1 30 0 0 0 61.7 49.9 49.9
4937 0.1 20 0 0 4737 0.1 30 0 0 30 61.8 50.0 50.0
4937 0.1 20 0 0 4737 0.1 30 0 0 60 61.7 49.9 49.9
4937 0.1 20 0 0 4737 0.1 30 0 0 90 61.4 49.6 49.6
4937 0.1 20 0 0 4737 0.1 30 0 0 120 61.0 49.2 49.2
4937 0.1 20 0 0 4737 0.1 30 0 0 150 60.7 48.8 48.8
4937 0.1 20 0 0 4737 0.1 30 0 0 180 60.5 48.6 48.6
4937 0.1 20 0 0 4737 0.1 40 0 0 0 61.2 50.0 50.0
4937 0.1 20 0 0 4737 0.1 40 0 0 30 61.3 50.0 50.0
4937 0.1 20 0 0 4737 0.1 40 0 0 60 61.2 50.0 50.0
4937 0.1 20 0 0 4737 0.1 40 0 0 90 60.9 49.7 49.7
4937 0.1 20 0 0 4737 0.1 40 0 0 120 60.5 49.3 49.3
4937 0.1 20 0 0 4737 0.1 40 0 0 150 60.1 48.9 48.9
4937 0.1 20 0 0 4737 0.1 40 0 0 180 60.0 48.5 48.5
4937 0.1 20 0 0 4737 0.1 50 0 0 0 60.4 50.9 50.9
4937 0.1 20 0 0 4737 0.1 50 0 0 30 60.6 51.0 51.0
4937 0.1 20 0 0 4737 0.1 50 0 0 60 60.5 50.9 50.9
4937 0.1 20 0 0 4737 0.1 50 0 0 90 60.1 50.5 50.5
4937 0.1 20 0 0 4737 0.1 50 0 0 120 59.7 49.9 49.9
4937 0.1 20 0 0 4737 0.1 50 0 0 150 59.3 49.6 49.6
4937 0.1 20 0 0 4737 0.1 50 0 0 180 59.2 49.2 49.2
4937 0.1 20 0 0 4737 0.1 60 0 0 0 59.1 51.9 51.9
4937 0.1 20 0 0 4737 0.1 60 0 0 30 59.3 52.1 52.1
4937 0.1 20 0 0 4737 0.1 60 0 0 60 59.2 52.0 52.0
4937 0.1 20 0 0 4737 0.1 60 0 0 90 58.9 51.8 51.8
4937 0.1 20 0 0 4737 0.1 60 0 0 120 58.5 51.3 51.3
4937 0.1 20 0 0 4737 0.1 60 0 0 150 58.1 51.0 51.0
4937 0.1 20 0 0 4737 0.1 60 0 0 180 57.9 50.7 50.7
4937 0.1 20 0 0 4737 0.2 0 0 0 0 62.1 53.5 53.5
4937 0.1 20 0 0 4737 0.2 0 0 0 30 62.2 53.6 53.6
4937 0.1 20 0 0 4737 0.2 0 0 0 60 62.1 53.5 53.5
4937 0.1 20 0 0 4737 0.2 0 0 0 90 61.8 53.2 53.2
4937 0.1 20 0 0 4737 0.2 0 0 0 120 61.5 52.9 52.9
4937 0.1 20 0 0 4737 0.2 0 0 0 150 61.0 52.6 52.6
4937 0.1 20 0 0 4737 0.2 0 0 0 180 60.9 52.3 52.3
4937 0.1 20 0 0 4737 0.2 10 0 0 0 62.0 53.1 53.1
4937 0.1 20 0 0 4737 0.2 10 0 0 30 62.1 53.2 53.2
4937 0.1 20 0 0 4737 0.2 10 0 0 60 62.0 53.1 53.1
4937 0.1 20 0 0 4737 0.2 10 0 0 90 61.8 52.9 52.9
4937 0.1 20 0 0 4737 0.2 10 0 0 120 61.4 52.6 52.6
4937 0.1 20 0 0 4737 0.2 10 0 0 150 61.0 52.2 52.2
4937 0.1 20 0 0 4737 0.2 10 0 0 180 60.9 51.9 51.9
4937 0.1 20 0 0 4737 0.2 20 0 0 0 61.8 51.9 51.9
4937 0.1 20 0 0 4737 0.2 20 0 0 30 61.9 52.0 52.0
4937 0.1 20 0 0 4737 0.2 20 0 0 60 61.9 51.9 51.9
4937 0.1 20 0 0 4737 0.2 20 0 0 90 61.6 51.7 51.7
4937 0.1 20 0 0 4737 0.2 20 0 0 120 61.2 51.3 51.3
4937 0.1 20 0 0 4737 0.2 20 0 0 150 60.8 50.9 50.9
4937 0.1 20 0 0 4737 0.2 20 0 0 180 60.7 50.6 50.6
4937 0.1 20 0 0 4737 0.2 30 0 0 0 61.5 49.8 49.8
4937 0.1 20 0 0 4737 0.2 30 0 0 30 61.6 49.8 49.8
4937 0.1 20 0 0 4737 0.2 30 0 0 60 61.6 49.7 49.7
4937 0.1 20 0 0 4737 0.2 30 0 0 90 61.3 49.4 49.4
4937 0.1 20 0 0 4737 0.2 30 0 0 120 60.9 49.1 49.1
4937 0.1 20 0 0 4737 0.2 30 0 0 150 60.5 48.6 48.6
4937 0.1 20 0 0 4737 0.2 30 0 0 180 60.3 48.2 48.2
4937 0.1 20 0 0 4737 0.2 40 0 0 0 61.0 49.8 49.8
4937 0.1 20 0 0 4737 0.2 40 0 0 30 61.2 49.9 49.9
4937 0.1 20 0 0 4737 0.2 40 0 0 60 61.1 49.8 49.8
4937 0.1 20 0 0 4737 0.2 40 0 0 90 60.8 49.6 49.6
4937 0.1 20 0 0 4737 0.2 40 0 0 120 60.4 49.2 49.2
4937 0.1 20 0 0 4737 0.2 40 0 0 150 59.9 48.7 48.7
4937 0.1 20 0 0 4737 0.2 40 0 0 180 59.8 48.2 48.2
4937 0.1 20 0 0 4737 0.2 50 0 0 0 60.3 50.5 50.5
4937 0.1 20 0 0 4737 0.2 50 0 0 30 60.5 50.7 50.7
4937 0.1 20 0 0 4737 0.2 50 0 0 60 60.4 50.7 50.7
4937 0.1 20 0 0 4737 0.2 50 0 0 90 60.1 50.4 50.4
4937 0.1 20 0 0 4737 0.2 50 0 0 120 59.6 50.0 50.0
4937 0.1 20 0 0 4737 0.2 50 0 0 150 59.2 49.4 49.4
4937 0.1 20 0 0 4737 0.2 50 0 0 180 58.9 49.0 49.0
4937 0.1 20 0 0 4737 0.2 60 0 0 0 58.9 51.4 51.4
4937 0.1 20 0 0 4737 0.2 60 0 0 30 59.1 51.7 51.7
4937 0.1 20 0 0 4737 0.2 60 0 0 60 59.1 51.8 51.8
4937 0.1 20 0 0 4737 0.2 60 0 0 90 59.0 51.6 51.6
4937 0.1 20 0 0 4737 0.2 60 0 0 120 58.6 51.2 51.2
4937 0.1 20 0 0 4737 0.2 60 0 0 150 58.0 50.7 50.7
4937 0.1 20 0 0 4737 0.2 60 0 0 180 57.6 50.3 50.3
4937 0.1 20 0 0 4737 0.3 0 0 0 0 61.9 53.0 53.0
4937 0.1 20 0 0 4737 0.3 0 0 0 30 61.9 53.1 53.1
4937 0.1 20 0 0 4737 0.3 0 0 0 60 61.9 53.1 53.1
4937 0.1 20 0 0 4737 0.3 0 0 0 90 61.7 52.9 52.9
4937 0.1 20 0 0 4737 0.3 0 0 0 120 61.4 52.6 52.6
4937 0.1 20 0 0 4737 0.3 0 0 0 150 60.9 52.2 52.2
4937 0.1 20 0 0 4737 0.3 0 0 0 180 60.7 51.8 51.8
4937 0.1 20 0 0 4737 0.3 10 0 0 0 61.8 52.6 52.6
4937 0.1 20 0 0 4737 0.3 10 0 0 30 61.9 52.7 52.7
4937 0.1 20 0 0 4737 0.3 10 0 0 60 61.9 52.7 52.7
4937 0.1 20 0 0 4737 0.3 10 0 0 90 61.7 52.5 52.5
4937 0.1 20 0 0 4737 0.3 10 0 0 120 61.3 52.2 52.2
4937 0.1 20 0 0 4737 0.3 10 0 0 150 60.8 51.8 51.8
4937 0.1 20 0 0 4737 0.3 10 0 0 180 60.7 51.4 51.4
4937 0.1 20 0 0 4737 0.3 20 0 0 0 61.7 51.3 51.3
4937 0.1 20 0 0 4737 0.3 20 0 0 30 61.7 51.4 51.4
4937 0.1 20 0 0 4737 0.3 20 0 0 60 61.7 51.4 51.4
4937 0.1 20 0 0 4737 0.3 20 0 0 90 61.5 51.2 51.2
4937 0.1 20 0 0 4737 0.3 20 0 0 120 61.1 50.8 50.8
4937 0.1 20 0 0 4737 0.3 20 0 0 150 60.6 50.3 50.3
4937 0.1 20 0 0 4737 0.3 20 0 0 180 60.5 49.8 49.8
4937 0.1 20 0 0 4737 0.3 30 0 0 0 61.4 49.7 49.7
4937 0.1 20 0 0 4737 0.3 30 0 0 30 61.4 49.7 49.7
4937 0.1 20 0 0 4737 0.3 30 0 0 60 61.4 49.6 49.6
4937 0.1 20 0 0 4737 0.3 30 0 0 90 61.2 49.4 49.4
4937 0.1 20 0 0 4737 0.3 30 0 0 120 60.8 49.0 49.0
4937 0.1 20 0 0 4737 0.3 30 0 0 150 60.3 48.6 48.6
4937 0.1 20 0 0 4737 0.3 30 0 0 180 60.1 48.1 48.1
4937 0.1 20 0 0 4737 0.3 40 0 0 0 60.9 49.7 49.7
4937 0.1 20 0 0 4737 0.3 40 0 0 30 61.0 49.8 49.8
4937 0.1 20 0 0 4737 0.3 40 0 0 60 61.0 49.7 49.7
4937 0.1 20 0 0 4737 0.3 40 0 0 90 60.8 49.5 49.5
4937 0.1 20 0 0 4737 0.3 40 0 0 120 60.3 49.2 49.2
4937 0.1 20 0 0 4737 0.3 40 0 0 150 59.7 48.8 48.8
4937 0.1 20 0 0 4737 0.3 40 0 0 180 59.5 48.3 48.3
4937 0.1 20 0 0 4737 0.3 50 0 0 0 60.2 50.3 50.3
4937 0.1 20 0 0 4737 0.3 50 0 0 30 60.3 50.5 50.5
4937 0.1 20 0 0 4737 0.3 50 0 0 60 60.3 50.6 50.6
4937 0.1 20 0 0 4737 0.3 50 0 0 90 60.2 50.4 50.4
4937 0.1 20 0 0 4737 0.3 50 0 0 120 59.7 50.0 50.0
4937 0.1 20 0 0 4737 0.3 50 0 0 150 59.0 49.5 49.5
4937 0.1 20 0 0 4737 0.3 50 0 0 180 58.6 48.8 48.8
4937 0.1 20 0 0 4737 0.3 60 0 0 0 58.6 50.9 50.9
4937 0.1 20 0 0 4737 0.3 60 0 0 30 58.9 51.1 51.1
4937 0.1 20 0 0 4737 0.3 60 0 0 60 59.0 51.3 51.3
4937 0.1 20 0 0 4737 0.3 60 0 0 90 59.0 51.4 51.4
4937 0.1 20 0 0 4737 0.3 60 0 0 120 58.8 51.2 51.2
4937 0.1 20 0 0 4737 0.3 60 0 0 150 58.0 50.6 50.6
4937 0.1 20 0 0 4737 0.3 60 0 0 180 57.2 49.9 49.9
4937 0.1 20 0 0 4737 0.4 0 0 0 0 61.7 52.5 52.5
4937 0.1 20 0 0 4737 0.4 0 0 0 30 61.8 52.6 52.6
4937 0.1 20 0 0 4737 0.4 0 0 0 60 61.7 52.5 52.5
4937 0.1 20 0 0 4737 0.4 0 0 0 90 61.6 52.4 52.4
4937 0.1 20 0 0 4737 0.4 0 0 0 120 61.3 52.1 52.1
4937 0.1 20 0 0 4737 0.4 0 0 0 150 60.7 51.7 51.7
4937 0.1 20 0 0 4737 0.4 0 0 0 180 60.5 51.1 51.1
4937 0.1 20 0 0 4737 0.4 10 0 0 0 61.7 52.1 52.1
4937 0.1 20 0 0 4737 0.4 10 0 0 30 61.7 52.2 52.2
4937 0.1 20 0 0 4737 0.4 10 0 0 60 61.7 52.2 52.2
4937 0.1 20 0 0 4737 0.4 10 0 0 90 61.6 52.1 52.1
4937 0.1 20 0 0 4737 0.4 10 0 0 120 61.2 51.7 51.7
4937 0.1 20 0 0 4737 0.4 10 0 0 150 60.6 51.3 51.3
4937 0.1 20 0 0 4737 0.4 10 0 0 180 60.4 50.7 50.7
4937 0.1 20 0 0 4737 0.4 20 0 0 0 61.5 50.7 50.7
4937 0.1 20 0 0 4737 0.4 20 0 0 30 61.6 50.7 50.7
4937 0.1 20 0 0 4737 0.4 20 0 0 60 61.5 50.6 50.6
4937 0.1 20 0 0 4737 0.4 20 0 0 90 61.4 50.4 50.4
4937 0.1 20 0 0 4737 0.4 20 0 0 120 61.0 50.0 50.0
4937 0.1 20 0 0 4737 0.4 20 0 0 150 60.4 49.5 49.5
4937 0.1 20 0 0 4737 0.4 20 0 0 180 60.2 48.8 48.8
4937 0.1 20 0 0 4737 0.4 30 0 0 0 61.2 49.9 49.9
4937 0.1 20 0 0 4737 0.4 30 0 0 30 61.3 49.9 49.9
4937 0.1 20 0 0 4737 0.4 30 0 0 60 61.3 49.8 49.8
4937 0.1 20 0 0 4737 0.4 30 0 0 90 61.2 49.6 49.6
4937 0.1 20 0 0 4737 0.4 30 0 0 120 60.8 49.1 49.1
4937 0.1 20 0 0 4737 0.4 30 0 0 150 60.1 48.6 48.6
4937 0.1 20 0 0 4737 0.4 30 0 0 180 59.8 47.9 47.9
4937 0.1 20 0 0 4737 0.4 40 0 0 0 60.8 50.0 50.0
4937 0.1 20 0 0 4737 0.4 40 0 0 30 60.9 50.0 50.0
4937 0.1 20 0 0 4737 0.4 40 0 0 60 60.9 49.9 49.9
4937 0.1 20 0 0 4737 0.4 40 0 0 90 60.8 49.8 49.8
4937 0.1 20 0 0 4737 0.4 40 0 0 120 60.4 49.3 49.3
4937 0.1 20 0 0 4737 0.4 40 0 0 150 59.6 48.7 48.7
4937 0.1 20 0 0 4737 0.4 40 0 0 180 59.2 48.1 48.1
4937 0.1 20 0 0 4737 0.4 50 0 0 0 60.0 50.2 50.2
4937 0.1 20 0 0 4737 0.4 50 0 0 30 60.2 50.3 50.3
4937 0.1 20 0 0 4737 0.4 50 0 0 60 60.2 50.5 50.5
4937 0.1 20 0 0 4737 0.4 50 0 0 90 60.2 50.4 50.4
4937 0.1 20 0 0 4737 0.4 50 0 0 120 59.8 50.1 50.1
4937 0.1 20 0 0 4737 0.4 50 0 0 150 59.0 49.5 49.5
4937 0.1 20 0 0 4737 0.4 50 0 0 180 58.3 48.8 48.8
4937 0.1 20 0 0 4737 0.4 60 0 0 0 58.2 50.6 50.6
4937 0.1 20 0 0 4737 0.4 60 0 0 30 58.4 50.7 50.7
4937 0.1 20 0 0 4737 0.4 60 0 0 60 58.6 50.8 50.8
4937 0.1 20 0 0 4737 0.4 60 0 0 90 58.8 51.0 51.0
4937 0.1 20 0 0 4737 0.4 60 0 0 120 58.7 50.9 50.9
4937 0.1 20 0 0 4737 0.4 60 0 0 150 58.1 50.6 50.6
4937 0.1 20 0 0 4737 0.4 60 0 0 180 56.8 49.6 49.6
4937 0.1 20 0 0 4737 0.5 0 0 0 0 61.6 51.6 51.6
4937 0.1 20 0 0 4737 0.5 0 0 0 30 61.6 51.7 51.7
4937 0.1 20 0 0 4737 0.5 0 0 0 60 61.6 51.7 51.7
4937 0.1 20 0 0 4737 0.5 0 0 0 90 61.5 51.6 51.6
4937 0.1 20 0 0 4737 0.5 0 0 0 120 61.2 51.5 51.5
4937 0.1 20 0 0 4737 0.5 0 0 0 150 60.6 51.0 51.0
4937 0.1 20 0 0 4737 0.5 0 0 0 180 60.2 50.0 50.0
4937 0.1 20 0 0 4737 0.5 10 0 0 0 61.5 51.1 51.1
4937 0.1 20 0 0 4737 0.5 10 0 0 30 61.6 51.2 51.2
4937 0.1 20 0 0 4737 0.5 10 0 0 60 61.6 51.2 51.2
4937 0.1 20 0 0 4737 0.5 10 0 0 90 61.5 51.1 51.1
4937 0.1 20 0 0 4737 0.5 10 0 0 120 61.2 50.9 50.9
4937 0.1 20 0 0 4737 0.5 10 0 0 150 60.5 50.3 50.3
4937 0.1 20 0 0 4737 0.5 10 0 0 180 60.1 49.5 49.5
4937 0.1 20 0 0 4737 0.5 20 0 0 0 61.4 50.8 50.8
4937 0.1 20 0 0 4737 0.5 20 0 0 30 61.4 50.7 50.7
4937 0.1 20 0 0 4737 0.5 20 0 0 60 61.4 50.7 50.7
4937 0.1 20 0 0 4737 0.5 20 0 0 90 61.4 50.5 50.5
4937 0.1 20 0 0 4737 0.5 20 0 0 120 61.0 50.1 50.1
4937 0.1 20 0 0 4737 0.5 20 0 0 150 60.3 49.4 49.4
4937 0.1 20 0 0 4737 0.5 20 0 0 180 59.9 48.4 48.4
4937 0.1 20 0 0 4737 0.5 30 0 0 0 61.1 50.4 50.4
4937 0.1 20 0 0 4737 0.5 30 0 0 30 61.2 50.3 50.3
4937 0.1 20 0 0 4737 0.5 30 0 0 60 61.2 50.3 50.3
4937 0.1 20 0 0 4737 0.5 30 0 0 90 61.1 50.1 50.1
4937 0.1 20 0 0 4737 0.5 30 0 0 120 60.8 49.7 49.7
4937 0.1 20 0 0 4737 0.5 30 0 0 150 60.0 49.0 49.0
4937 0.1 20 0 0 4737 0.5 30 0 0 180 59.4 47.9 47.9
4937 0.1 20 0 0 4737 0.5 40 0 0 0 60.6 50.2 50.2
4937 0.1 20 0 0 4737 0.5 40 0 0 30 60.7 50.3 50.3
4937 0.1 20 0 0 4737 0.5 40 0 0 60 60.8 50.3 50.3
4937 0.1 20 0 0 4737 0.5 40 0 0 90 60.8 50.2 50.2
4937 0.1 20 0 0 4737 0.5 40 0 0 120 60.5 49.8 49.8
4937 0.1 20 0 0 4737 0.5 40 0 0 150 59.6 49.2 49.2
4937 0.1 20 0 0 4737 0.5 40 0 0 180 58.8 48.2 48.2
4937 0.1 20 0 0 4737 0.5 50 0 0 0 59.7 50.1 50.1
4937 0.1 20 0 0 4737 0.5 50 0 0 30 59.9 50.2 50.2
4937 0.1 20 0 0 4737 0.5 50 0 0 60 60.0 50.4 50.4
4937 0.1 20 0 0 4737 0.5 50 0 0 90 60.1 50.4 50.4
4937 0.1 20 0 0 4737 0.5 50 0 0 120 60.1 50.2 50.2
4937 0.1 20 0 0 4737 0.5 50 0 0 150 59.1 49.6 49.6
4937 0.1 20 0 0 4737 0.5 50 0 0 180 57.7 48.7 48.7
4937 0.1 20 0 0 4737 0.5 60 0 0 0 58.1 50.3 50.3
4937 0.1 20 0 0 4737 0.5 60 0 0 30 58.3 50.3 50.3
4937 0.1 20 0 0 4737 0.5 60 0 0 60 58.5 50.5 50.5
4937 0.1 20 0 0 4737 0.5 60 0 0 90 58.7 50.6 50.6
4937 0.1 20 0 0 4737 0.5 60 0 0 120 58.7 50.6 50.6
4937 0.1 20 0 0 4737 0.5 60 0 0 150 58.1 50.4 50.4
4937 0.1 20 0 0 4737 0.5 60 0 0 180 56.4 49.5 49.5
4937 0.1 20 0 0 4937 0.0 0 0 0 0 41.1 37.2 37.2
4937 0.1 20 0 0 4937 0.0 0 0 0 30 48.7 42.6 42.6
4937 0.1 20 0 0 4937 0.0 0 0 0 60 57.0 50.7 50.7
4937 0.1 20 0 0 4937 0.0 0 0 0 90 65.3 58.9 58.9
4937 0.1 20 0 0 4937 0.0 0 0 0 120 73.5 64.4 64.4
4937 0.1 20 0 0 4937 0.0 0 0 0 150 76.7 64.8 64.8
4937 0.1 20 0 0 4937 0.0 0 0 0 180 76.7 64.7 64.7
4937 0.1 20 0 0 4937 0.0 10 0 0 0 41.0 35.7 35.7
4937 0.1 20 0 0 4937 0.0 10 0 0 30 48.6 42.0 42.0
4937 0.1 20 0 0 4937 0.0 10 0 0 60 56.9 50.4 50.4
4937 0.1 20 0 0 4937 0.0 10 0 0 90 65.2 58.4 58.4
4937 0.1 20 0 0 4937 0.0 10 0 0 120 73.4 63.9 63.9
4937 0.1 20 0 0 4937 0.0 10 0 0 150 76.6 64.5 64.5
4937 0.1 20 0 0 4937 0.0 10 0 0 180 76.6 64.4 64.4
4937 0.1 20 0 0 4937 0.0 20 0 0 0 40.8 34.4 34.4
4937 0.1 20 0 0 4937 0.0 20 0 0 30 48.4 41.3 41.3
4937 0.1 20 0 0 4937 0.0 20 0 0 60 56.7 49.6 49.6
4937 0.1 20 0 0 4937 0.0 20 0 0 90 64.9 56.8 56.8
4937 0.1 20 0 0 4937 0.0 20 0 0 120 73.2 62.0 62.0
4937 0.1 20 0 0 4937 0.0 20 0 0 150 76.3 63.1 63.1
4937 0.1 20 0 0 4937 0.0 20 0 0 180 76.3 63.1 63.1
4937 0.1 20 0 0 4937 0.0 30 0 0 0 40.6 34.2 34.2
4937 0.1 20 0 0 4937 0.0 30 0 0 30 48.0 39.7 39.7
4937 0.1 20 0 0 4937 0.0 30 0 0 60 56.3 46.6 46.6
4937 0.1 20 0 0 4937 0.0 30 0 0 90 64.6 53.1 53.1
4937 0.1 20 0 0 4937 0.0 30 0 0 120 72.8 58.2 58.2
4937 0.1 20 0 0 4937 0.0 30 0 0 150 75.8 60.1 60.1
4937 0.1 20 0 0 4937 0.0 30 0 0 180 75.8 60.1 60.1
4937 0.1 20 0 0 4937 0.0 40 0 0 0 40.3 35.1 35.1
4937 0.1 20 0 0 4937 0.0 40 0 0 30 47.4 39.9 39.9
4937 0.1 20 0 0 4937 0.0 40 0 0 60 55.7 46.1 46.1
4937 0.1 20 0 0 4937 0.0 40 0 0 90 64.0 52.2 52.2
4937 0.1 20 0 0 4937 0.0 40 0 0 120 72.2 57.4 57.4
4937 0.1 20 0 0 4937 0.0 40 0 0 150 75.1 60.0 60.0
4937 0.1 20 0 0 4937 0.0 40 0 0 180 75.1 60.1 60.1
4937 0.1 20 0 0 4937 0.0 50 0 0 0 40.3 36.8 36.8
4937 0.1 20 0 0 4937 0.0 50 0 0 30 46.7 40.5 40.5
4937 0.1 20 0 0 4937 0.0 50 0 0 60 55.0 46.4 46.4
4937 0.1 20 0 0 4937 0.0 50 0 0 90 63.2 52.2 52.2
4937 0.1 20 0 0 4937 0.0 50 0 0 120 71.2 57.4 57.4
4937 0.1 20 0 0 4937 0.0 50 0 0 150 73.9 60.5 60.5
4937 0.1 20 0 0 4937 0.0 50 0 0 180 73.9 61.0 61.0
4937 0.1 20 0 0 4937 0.0 60 0 0 0 40.6 39.1 39.1
4937 0.1 20 0 0 4937 0.0 60 0 0 30 45.5 42.2 42.2
4937 0.1 20 0 0 4937 0.0 60 0 0 60 53.8 47.2 47.2
4937 0.1 20 0 0 4937 0.0 60 0 0 90 62.1 52.8 52.8
4937 0.1 20 0 0 4937 0.0 60 0 0 120 69.1 58.0 58.0
4937 0.1 20 0 0 4937 0.0 60 0 0 150 71.8 61.4 61.4
4937 0.1 20 0 0 4937 0.0 60 0 0 180 71.9 62.7 62.7
4937 0.1 20 0 0 4937 0.1 0 0 0 0 40.4 36.9 36.9
4937 0.1 20 0 0 4937 0.1 0 0 0 30 47.3 40.8 40.8
4937 0.1 20 0 0 4937 0.1 0 0 0 60 54.4 47.9 47.9
4937 0.1 20 0 0 4937 0.1 0 0 0 90 62.2 55.8 55.8
4937 0.1 20 0 0 4937 0.1 0 0 0 120 70.7 62.8 62.8
4937 0.1 20 0 0 4937 0.1 0 0 0 150 75.9 64.6 64.6
4937 0.1 20 0 0 4937 0.1 0 0 0 180 76.7 64.5 64.5
4937 0.1 20 0 0 4937 0.1 10 0 0 0 40.3 34.8 34.8
4937 0.1 20 0 0 4937 0.1 10 0 0 30 47.1 40.4 40.4
4937 0.1 20 0 0 4937 0.1 10 0 0 60 54.3 47.7 47.7
4937 0.1 20 0 0 4937 0.1 10 0 0 90 62.0 55.4 55.4
4937 0.1 20 0 0 4937 0.1 10 0 0 120 70.6 61.8 61.8
4937 0.1 20 0 0 4937 0.1 10 0 0 150 75.9 64.2 64.2
4937 0.1 20 0 0 4937 0.1 10 0 0 180 76.6 64.2 64.2
4937 0.1 20 0 0 4937 0.1 20 0 0 0 40.1 32.8 32.8
4937 0.1 20 0 0 4937 0.1 20 0 0 30 46.9 39.7 39.7
4937 0.1 20 0 0 4937 0.1 20 0 0 60 54.0 46.9 46.9
4937 0.1 20 0 0 4937 0.1 20 0 0 90 61.8 53.7 53.7
4937 0.1 20 0 0 4937 0.1 20 0 0 120 70.4 59.6 59.6
4937 0.1 20 0 0 4937 0.1 20 0 0 150 75.6 62.9 62.9
4937 0.1 20 0 0 4937 0.1 20 0 0 180 76.4 63.0 63.0
4937 0.1 20 0 0 4937 0.1 30 0 0 0 39.7 33.1 33.1
4937 0.1 20 0 0 4937 0.1 30 0 0 30 46.5 37.9 37.9
4937 0.1 20 0 0 4937 0.1 30 0 0 60 53.6 43.9 43.9
4937 0.1 20 0 0 4937 0.1 30 0 0 90 61.4 50.0 50.0
4937 0.1 20 0 0 4937 0.1 30 0 0 120 70.0 55.7 55.7
4937 0.1 20 0 0 4937 0.1 30 0 0 150 75.1 59.5 59.5
4937 0.1 20 0 0 4937 0.1 30 0 0 180 75.9 59.9 59.9
4937 0.1 20 0 0 4937 0.1 40 0 0 0 39.4 34.7 34.7
4937 0.1 20 0 0 4937 0.1 40 0 0 30 46.0 38.0 38.0
4937 0.1 20 0 0 4937 0.1 40 0 0 60 53.1 43.4 43.4
4937 0.1 20 0 0 4937 0.1 40 0 0 90 60.9 49.1 49.1
4937 0.1 20 0 0 4937 0.1 40 0 0 120 69.5 54.8 54.8
4937 0.1 20 0 0 4937 0.1 40 0 0 150 74.4 58.9 58.9
4937 0.1 20 0 0 4937 0.1 40 0 0 180 75.1 59.8 59.8
4937 0.1 20 0 0 4937 0.1 50 0 0 0 39.6 36.4 36.4
4937 0.1 20 0 0 4937 0.1 50 0 0 30 45.2 38.9 38.9
4937 0.1 20 0 0 4937 0.1 50 0 0 60 52.3 43.5 43.5
4937 0.1 20 0 0 4937 0.1 50 0 0 90 60.1 49.1 49.1
4937 0.1 20 0 0 4937 0.1 50 0 0 120 68.7 54.7 54.7
4937 0.1 20 0 0 4937 0.1 50 0 0 150 73.1 59.1 59.1
4937 0.1 20 0 0 4937 0.1 50 0 0 180 73.9 60.8 60.8
4937 0.1 20 0 0 4937 0.1 60 0 0 0 40.1 38.6 38.6
4937 0.1 20 0 0 4937 0.1 60 0 0 30 44.4 40.8 40.8
4937 0.1 20 0 0 4937 0.1 60 0 0 60 51.2 44.7 44.7
4937 0.1 20 0 0 4937 0.1 60 0 0 90 59.0 49.6 49.6
4937 0.1 20 0 0 4937 0.1 60 0 0 120 67.0 55.1 55.1
4937 0.1 20 0 0 4937 0.1 60 0 0 150 71.0 59.7 59.7
4937 0.1 20 0 0 4937 0.1 60 0 0 180 71.9 62.3 62.3
4937 0.1 20 0 0 4937 0.2 0 0 0 0 41.1 36.8 36.8
4937 0.1 20 0 0 4937 0.2 0 0 0 30 46.0 39.5 39.5
4937 0.1 20 0 0 4937 0.2 0 0 0 60 52.0 45.3 45.3
4937 0.1 20 0 0 4937 0.2 0 0 0 90 59.1 52.5 52.5
4937 0.1 20 0 0 4937 0.2 0 0 0 120 67.7 60.2 60.2
4937 0.1 20 0 0 4937 0.2 0 0 0 150 74.2 64.3 64.3
4937 0.1 20 0 0 4937 0.2 0 0 0 180 76.7 64.3 64.3
4937 0.1 20 0 0 4937 0.2 10 0 0 0 41.1 34.9 34.9
4937 0.1 20 0 0 4937 0.2 10 0 0 30 45.9 39.0 39.0
4937 0.1 20 0 0 4937 0.2 10 0 0 60 51.9 45.1 45.1
4937 0.1 20 0 0 4937 0.2 10 0 0 90 58.9 52.2 52.2
4937 0.1 20 0 0 4937 0.2 10 0 0 120 67.6 59.0 59.0
4937 0.1 20 0 0 4937 0.2 10 0 0 150 74.2 63.7 63.7
4937 0.1 20 0 0 4937 0.2 10 0 0 180 76.7 64.0 64.0
4937 0.1 20 0 0 4937 0.2 20 0 0 0 40.9 33.5 33.5
4937 0.1 20 0 0 4937 0.2 20 0 0 30 45.6 38.2 38.2
4937 0.1 20 0 0 4937 0.2 20 0 0 60 51.6 44.3 44.3
4937 0.1 20 0 0 4937 0.2 20 0 0 90 58.7 50.5 50.5
4937 0.1 20 0 0 4937 0.2 20 0 0 120 67.4 56.8 56.8
4937 0.1 20 0 0 4937 0.2 20 0 0 150 74.0 61.8 61.8
4937 0.1 20 0 0 4937 0.2 20 0 0 180 76.4 62.7 62.7
4937 0.1 20 0 0 4937 0.2 30 0 0 0 40.7 33.1 33.1
4937 0.1 20 0 0 4937 0.2 30 0 0 30 45.2 36.3 36.3
4937 0.1 20 0 0 4937 0.2 30 0 0 60 51.2 41.3 41.3
4937 0.1 20 0 0 4937 0.2 30 0 0 90 58.3 47.0 47.0
4937 0.1 20 0 0 4937 0.2 30 0 0 120 67.0 53.0 53.0
4937 0.1 20 0 0 4937 0.2 30 0 0 150 73.5 58.2 58.2
4937 0.1 20 0 0 4937 0.2 30 0 0 180 75.9 59.9 59.9
4937 0.1 20 0 0 4937 0.2 40 0 0 0 40.6 34.5 34.5
4937 0.1 20 0 0 4937 0.2 40 0 0 30 44.7 36.7 36.7
4937 0.1 20 0 0 4937 0.2 40 0 0 60 50.7 40.8 40.8
4937 0.1 20 0 0 4937 0.2 40 0 0 90 57.7 46.1 46.1
4937 0.1 20 0 0 4937 0.2 40 0 0 120 66.4 52.0 52.0
4937 0.1 20 0 0 4937 0.2 40 0 0 150 72.8 57.4 57.4
4937 0.1 20 0 0 4937 0.2 40 0 0 180 75.1 59.9 59.9
4937 0.1 20 0 0 4937 0.2 50 0 0 0 40.6 36.2 36.2
4937 0.1 20 0 0 4937 0.2 50 0 0 30 44.2 37.9 37.9
4937 0.1 20 0 0 4937 0.2 50 0 0 60 49.9 41.2 41.2
4937 0.1 20 0 0 4937 0.2 50 0 0 90 57.0 46.0 46.0
4937 0.1 20 0 0 4937 0.2 50 0 0 120 65.6 51.8 51.8
4937 0.1 20 0 0 4937 0.2 50 0 0 150 71.6 57.3 57.3
4937 0.1 20 0 0 4937 0.2 50 0 0 180 73.9 60.7 60.7
4937 0.1 20 0 0 4937 0.2 60 0 0 0 40.9 38.2 38.2
4937 0.1 20 0 0 4937 0.2 60 0 0 30 43.9 39.8 39.8
4937 0.1 20 0 0 4937 0.2 60 0 0 60 48.9 42.7 42.7
4937 0.1 20 0 0 4937 0.2 60 0 0 90 55.8 46.8 46.8
4937 0.1 20 0 0 4937 0.2 60 0 0 120 64.2 52.1 52.1
4937 0.1 20 0 0 4937 0.2 60 0 0 150 69.6 57.7 57.7
4937 0.1 20 0 0 4937 0.2 60 0 0 180 71.8 61.5 61.5
4937 0.1 20 0 0 4937 0.3 0 0 0 0 43.0 37.1 37.1
4937 0.1 20 0 0 4937 0.3 0 0 0 30 45.0 39.5 39.5
4937 0.1 20 0 0 4937 0.3 0 0 0 60 49.8 43.2 43.2
4937 0.1 20 0 0 4937 0.3 0 0 0 90 56.0 49.3 49.3
4937 0.1 20 0 0 4937 0.3 0 0 0 120 64.5 57.1 57.1
4937 0.1 20 0 0 4937 0.3 0 0 0 150 72.1 63.1 63.1
4937 0.1 20 0 0 4937 0.3 0 0 0 180 76.4 63.5 63.5
4937 0.1 20 0 0 4937 0.3 10 0 0 0 43.0 36.1 36.1
4937 0.1 20 0 0 4937 0.3 10 0 0 30 44.8 38.5 38.5
4937 0.1 20 0 0 4937 0.3 10 0 0 60 49.7 42.7 42.7
4937 0.1 20 0 0 4937 0.3 10 0 0 90 55.9 49.0 49.0
4937 0.1 20 0 0 4937 0.3 10 0 0 120 64.4 55.9 55.9
4937 0.1 20 0 0 4937 0.3 10 0 0 150 72.1 62.0 62.0
4937 0.1 20 0 0 4937 0.3 10 0 0 180 76.3 63.7 63.7
4937 0.1 20 0 0 4937 0.3 20 0 0 0 42.9 35.2 35.2
4937 0.1 20 0 0 4937 0.3 20 0 0 30 44.7 37.1 37.1
4937 0.1 20 0 0 4937 0.3 20 0 0 60 49.4 41.7 41.7
4937 0.1 20 0 0 4937 0.3 20 0 0 90 55.6 47.1 47.1
4937 0.1 20 0 0 4937 0.3 20 0 0 120 64.1 53.5 53.5
4937 0.1 20 0 0 4937 0.3 20 0 0 150 71.9 59.8 59.8
4937 0.1 20 0 0 4937 0.3 20 0 0 180 76.0 62.3 62.3
4937 0.1 20 0 0 4937 0.3 30 0 0 0 42.8 34.4 34.4
4937 0.1 20 0 0 4937 0.3 30 0 0 30 44.5 35.6 35.6
4937 0.1 20 0 0 4937 0.3 30 0 0 60 49.0 39.1 39.1
4937 0.1 20 0 0 4937 0.3 30 0 0 90 55.2 44.1 44.1
4937 0.1 20 0 0 4937 0.3 30 0 0 120 63.7 50.2 50.2
4937 0.1 20 0 0 4937 0.3 30 0 0 150 71.4 56.6 56.6
4937 0.1 20 0 0 4937 0.3 30 0 0 180 75.5 59.9 59.9
4937 0.1 20 0 0 4937 0.3 40 0 0 0 42.7 35.0 35.0
4937 0.1 20 0 0 4937 0.3 40 0 0 30 44.3 36.1 36.1
4937 0.1 20 0 0 4937 0.3 40 0 0 60 48.5 38.8 38.8
4937 0.1 20 0 0 4937 0.3 40 0 0 90 54.7 43.3 43.3
4937 0.1 20 0 0 4937 0.3 40 0 0 120 63.2 49.2 49.2
4937 0.1 20 0 0 4937 0.3 40 0 0 150 70.7 55.6 55.6
4937 0.1 20 0 0 4937 0.3 40 0 0 180 74.6 59.9 59.9
4937 0.1 20 0 0 4937 0.3 50 0 0 0 42.6 36.3 36.3
4937 0.1 20 0 0 4937 0.3 50 0 0 30 44.3 37.3 37.3
4937 0.1 20 0 0 4937 0.3 50 0 0 60 47.9 39.6 39.6
4937 0.1 20 0 0 4937 0.3 50 0 0 90 53.9 43.3 43.3
4937 0.1 20 0 0 4937 0.3 50 0 0 120 62.4 48.9 48.9
4937 0.1 20 0 0 4937 0.3 50 0 0 150 69.7 55.4 55.4
4937 0.1 20 0 0 4937 0.3 50 0 0 180 73.3 60.3 60.3
4937 0.1 20 0 0 4937 0.3 60 0 0 0 42.7 38.2 38.2
4937 0.1 20 0 0 4937 0.3 60 0 0 30 44.2 39.0 39.0
4937 0.1 20 0 0 4937 0.3 60 0 0 60 47.5 41.1 41.1
4937 0.1 20 0 0 4937 0.3 60 0 0 90 52.9 44.4 44.4
4937 0.1 20 0 0 4937 0.3 60 0 0 120 60.9 49.2 49.2
4937 0.1 20 0 0 4937 0.3 60 0 0 150 67.7 55.5 55.5
4937 0.1 20 0 0 4937 0.3 60 0 0 180 71.0 60.7 60.7
4937 0.1 20 0 0 4937 0.4 0 0 0 0 45.1 38.2 38.2
4937 0.1 20 0 0 4937 0.4 0 0 0 30 45.9 39.8 39.8
4937 0.1 20 0 0 4937 0.4 0 0 0 60 47.9 42.4 42.4
4937 0.1 20 0 0 4937 0.4 0 0 0 90 53.1 46.4 46.4
4937 0.1 20 0 0 4937 0.4 0 0 0 120 61.1 53.5 53.5
4937 0.1 20 0 0 4937 0.4 0 0 0 150 69.7 61.0 61.0
4937 0.1 20 0 0 4937 0.4 0 0 0 180 75.2 62.4 62.4
4937 0.1 20 0 0 4937 0.4 10 0 0 0 45.0 37.9 37.9
4937 0.1 20 0 0 4937 0.4 10 0 0 30 45.8 38.9 38.9
4937 0.1 20 0 0 4937 0.4 10 0 0 60 47.8 41.4 41.4
4937 0.1 20 0 0 4937 0.4 10 0 0 90 53.0 45.8 45.8
4937 0.1 20 0 0 4937 0.4 10 0 0 120 61.0 52.3 52.3
4937 0.1 20 0 0 4937 0.4 10 0 0 150 69.7 59.7 59.7
4937 0.1 20 0 0 4937 0.4 10 0 0 180 75.1 62.7 62.7
4937 0.1 20 0 0 4937 0.4 20 0 0 0 45.0 37.0 37.0
4937 0.1 20 0 0 4937 0.4 20 0 0 30 45.8 37.5 37.5
4937 0.1 20 0 0 4937 0.4 20 0 0 60 47.7 39.1 39.1
4937 0.1 20 0 0 4937 0.4 20 0 0 90 52.7 43.3 43.3
4937 0.1 20 0 0 4937 0.4 20 0 0 120 60.7 49.4 49.4
4937 0.1 20 0 0 4937 0.4 20 0 0 150 69.4 56.8 56.8
4937 0.1 20 0 0 4937 0.4 20 0 0 180 74.8 61.3 61.3
4937 0.1 20 0 0 4937 0.4 30 0 0 0 44.9 36.4 36.4
4937 0.1 20 0 0 4937 0.4 30 0 0 30 45.7 36.5 36.5
4937 0.1 20 0 0 4937 0.4 30 0 0 60 47.5 37.7 37.7
4937 0.1 20 0 0 4937 0.4 30 0 0 90 52.3 41.4 41.4
4937 0.1 20 0 0 4937 0.4 30 0 0 120 60.3 47.3 47.3
4937 0.1 20 0 0 4937 0.4 30 0 0 150 69.0 54.8 54.8
4937 0.1 20 0 0 4937 0.4 30 0 0 180 74.2 60.2 60.2
4937 0.1 20 0 0 4937 0.4 40 0 0 0 44.9 36.5 36.5
4937 0.1 20 0 0 4937 0.4 40 0 0 30 45.6 36.6 36.6
4937 0.1 20 0 0 4937 0.4 40 0 0 60 47.4 37.9 37.9
4937 0.1 20 0 0 4937 0.4 40 0 0 90 51.7 40.9 40.9
4937 0.1 20 0 0 4937 0.4 40 0 0 120 59.8 46.4 46.4
4937 0.1 20 0 0 4937 0.4 40 0 0 150 68.3 53.8 53.8
4937 0.1 20 0 0 4937 0.4 40 0 0 180 73.3 59.8 59.8
4937 0.1 20 0 0 4937 0.4 50 0 0 0 44.8 37.3 37.3
4937 0.1 20 0 0 4937 0.4 50 0 0 30 45.6 37.4 37.4
4937 0.1 20 0 0 4937 0.4 50 0 0 60 47.3 38.7 38.7
4937 0.1 20 0 0 4937 0.4 50 0 0 90 51.3 41.3 41.3
4937 0.1 20 0 0 4937 0.4 50 0 0 120 58.9 46.0 46.0
4937 0.1 20 0 0 4937 0.4 50 0 0 150 67.2 53.3 53.3
4937 0.1 20 0 0 4937 0.4 50 0 0 180 71.9 59.7 59.7
4937 0.1 20 0 0 4937 0.4 60 0 0 0 44.9 38.6 38.6
4937 0.1 20 0 0 4937 0.4 60 0 0 30 45.6 38.7 38.7
4937 0.1 20 0 0 4937 0.4 60 0 0 60 47.3 39.9 39.9
4937 0.1 20 0 0 4937 0.4 60 0 0 90 50.9 42.4 42.4
4937 0.1 20 0 0 4937 0.4 60 0 0 120 57.5 46.6 46.6
4937 0.1 20 0 0 4937 0.4 60 0 0 150 65.1 53.2 53.2
4937 0.1 20 0 0 4937 0.4 60 0 0 180 69.3 59.9 59.9
4937 0.1 20 0 0 4937 0.5 0 0 0 0 47.2 40.0 40.0
4937 0.1 20 0 0 4937 0.5 0 0 0 30 47.6 40.7 40.7
4937 0.1 20 0 0 4937 0.5 0 0 0 60 48.5 42.2 42.2
4937 0.1 20 0 0 4937 0.5 0 0 0 90 50.7 45.0 45.0
4937 0.1 20 0 0 4937 0.5 0 0 0 120 57.6 49.8 49.8
4937 0.1 20 0 0 4937 0.5 0 0 0 150 66.9 57.9 57.9
4937 0.1 20 0 0 4937 0.5 0 0 0 180 73.5 60.8 60.8
4937 0.1 20 0 0 4937 0.5 10 0 0 0 47.2 39.8 39.8
4937 0.1 20 0 0 4937 0.5 10 0 0 30 47.6 40.3 40.3
4937 0.1 20 0 0 4937 0.5 10 0 0 60 48.4 41.3 41.3
4937 0.1 20 0 0 4937 0.5 10 0 0 90 50.6 43.5 43.5
4937 0.1 20 0 0 4937 0.5 10 0 0 120 57.4 48.1 48.1
4937 0.1 20 0 0 4937 0.5 10 0 0 150 66.9 56.4 56.4
4937 0.1 20 0 0 4937 0.5 10 0 0 180 73.4 61.0 61.0
4937 0.1 20 0 0 4937 0.5 20 0 0 0 47.2 39.0 39.0
4937 0.1 20 0 0 4937 0.5 20 0 0 30 47.6 39.2 39.2
4937 0.1 20 0 0 4937 0.5 20 0 0 60 48.4 39.7 39.7
4937 0.1 20 0 0 4937 0.5 20 0 0 90 50.5 41.1 41.1
4937 0.1 20 0 0 4937 0.5 20 0 0 120 57.2 46.0 46.0
4937 0.1 20 0 0 4937 0.5 20 0 0 150 66.6 54.2 54.2
4937 0.1 20 0 0 4937 0.5 20 0 0 180 73.1 60.4 60.4
4937 0.1 20 0 0 4937 0.5 30 0 0 0 47.2 38.4 38.4
4937 0.1 20 0 0 4937 0.5 30 0 0 30 47.5 38.4 38.4
4937 0.1 20 0 0 4937 0.5 30 0 0 60 48.3 38.8 38.8
4937 0.1 20 0 0 4937 0.5 30 0 0 90 50.4 39.8 39.8
4937 0.1 20 0 0 4937 0.5 30 0 0 120 56.7 44.5 44.5
4937 0.1 20 0 0 4937 0.5 30 0 0 150 66.1 52.7 52.7
4937 0.1 20 0 0 4937 0.5 30 0 0 180 72.5 60.0 60.0
4937 0.1 20 0 0 4937 0.5 40 0 0 0 47.2 38.4 38.4
4937 0.1 20 0 0 4937 0.5 40 0 0 30 47.5 38.3 38.3
4937 0.1 20 0 0 4937 0.5 40 0 0 60 48.3 38.5 38.5
4937 0.1 20 0 0 4937 0.5 40 0 0 90 50.2 39.6 39.6
4937 0.1 20 0 0 4937 0.5 40 0 0 120 56.1 43.6 43.6
4937 0.1 20 0 0 4937 0.5 40 0 0 150 65.4 51.7 51.7
4937 0.1 20 0 0 4937 0.5 40 0 0 180 71.6 59.7 59.7
4937 0.1 20 0 0 4937 0.5 50 0 0 0 47.2 38.8 38.8
4937 0.1 20 0 0 4937 0.5 50 0 0 30 47.5 38.6 38.6
4937 0.1 20 0 0 4937 0.5 50 0 0 60 48.3 38.8 38.8
4937 0.1 20 0 0 4937 0.5 50 0 0 90 50.2 40.0 40.0
4937 0.1 20 0 0 4937 0.5 50 0 0 120 55.5 43.6 43.6
4937 0.1 20 0 0 4937 0.5 50 0 0 150 64.3 51.1 51.1
4937 0.1 20 0 0 4937 0.5 50 0 0 180 70.1 59.3 59.3
4937 0.1 20 0 0 4937 0.5 60 0 0 0 47.2 39.5 39.5
4937 0.1 20 0 0 4937 0.5 60 0 0 30 47.5 39.4 39.4
4937 0.1 20 0 0 4937 0.5 60 0 0 60 48.4 39.6 39.6
4937 0.1 20 0 0 4937 0.5 60 0 0 90 50.2 40.8 40.8
4937 0.1 20 0 0 4937 0.5 60 0 0 120 54.7 44.2 44.2
4937 0.1 20 0 0 4937 0.5 60 0 0 150 62.2 50.9 50.9
4937 0.1 20 0 0 4937 0.5 60 0 0 180 67.4 59.2 59.2
