5337 0.1 60 0 0 4737 0.0 0 0 0 0 59.6 54.3 54.3
5337 0.1 60 0 0 4737 0.0 0 0 0 30 59.7 54.5 54.5
5337 0.1 60 0 0 4737 0.0 0 0 0 60 59.8 54.4 54.4
5337 0.1 60 0 0 4737 0.0 0 0 0 90 59.7 54.8 54.8
5337 0.1 60 0 0 4737 0.0 0 0 0 120 59.7 54.7 54.7
5337 0.1 60 0 0 4737 0.0 0 0 0 150 59.7 54.9 54.9
5337 0.1 60 0 0 4737 0.0 0 0 0 180 59.6 54.8 54.8
5337 0.1 60 0 0 4737 0.0 10 0 0 0 59.5 53.8 53.8
5337 0.1 60 0 0 4737 0.0 10 0 0 30 59.6 54.0 54.0
5337 0.1 60 0 0 4737 0.0 10 0 0 60 59.8 53.9 53.9
5337 0.1 60 0 0 4737 0.0 10 0 0 90 59.7 54.3 54.3
5337 0.1 60 0 0 4737 0.0 10 0 0 120 59.7 54.2 54.2
5337 0.1 60 0 0 4737 0.0 10 0 0 150 59.6 54.4 54.4
5337 0.1 60 0 0 4737 0.0 10 0 0 180 59.5 54.4 54.4
5337 0.1 60 0 0 4737 0.0 20 0 0 0 59.3 52.4 52.4
5337 0.1 60 0 0 4737 0.0 20 0 0 30 59.4 52.6 52.6
5337 0.1 60 0 0 4737 0.0 20 0 0 60 59.6 52.5 52.5
5337 0.1 60 0 0 4737 0.0 20 0 0 90 59.5 52.9 52.9
5337 0.1 60 0 0 4737 0.0 20 0 0 120 59.4 52.8 52.8
5337 0.1 60 0 0 4737 0.0 20 0 0 150 59.4 53.0 53.0
5337 0.1 60 0 0 4737 0.0 20 0 0 180 59.3 53.0 53.0
5337 0.1 60 0 0 4737 0.0 30 0 0 0 59.0 49.6 49.6
5337 0.1 60 0 0 4737 0.0 30 0 0 30 59.1 49.9 49.9
5337 0.1 60 0 0 4737 0.0 30 0 0 60 59.2 49.7 49.7
5337 0.1 60 0 0 4737 0.0 30 0 0 90 59.1 50.0 50.0
5337 0.1 60 0 0 4737 0.0 30 0 0 120 59.1 50.0 50.0
5337 0.1 60 0 0 4737 0.0 30 0 0 150 59.1 50.3 50.3
5337 0.1 60 0 0 4737 0.0 30 0 0 180 59.0 50.4 50.4
5337 0.1 60 0 0 4737 0.0 40 0 0 0 58.4 49.6 49.6
5337 0.1 60 0 0 4737 0.0 40 0 0 30 58.5 49.8 49.8
5337 0.1 60 0 0 4737 0.0 40 0 0 60 58.6 49.6 49.6
5337 0.1 60 0 0 4737 0.0 40 0 0 90 58.5 49.9 49.9
5337 0.1 60 0 0 4737 0.0 40 0 0 120 58.5 50.0 50.0
5337 0.1 60 0 0 4737 0.0 40 0 0 150 58.5 50.1 50.1
5337 0.1 60 0 0 4737 0.0 40 0 0 180 58.4 50.4 50.4
5337 0.1 60 0 0 4737 0.0 50 0 0 0 57.6 50.2 50.2
5337 0.1 60 0 0 4737 0.0 50 0 0 30 57.7 50.5 50.5
5337 0.1 60 0 0 4737 0.0 50 0 0 60 57.7 50.3 50.3
5337 0.1 60 0 0 4737 0.0 50 0 0 90 57.6 50.5 50.5
5337 0.1 60 0 0 4737 0.0 50 0 0 120 57.6 50.6 50.6
5337 0.1 60 0 0 4737 0.0 50 0 0 150 57.6 50.7 50.7
5337 0.1 60 0 0 4737 0.0 50 0 0 180 57.5 51.0 51.0
5337 0.1 60 0 0 4737 0.0 60 0 0 0 56.0 51.4 51.4
5337 0.1 60 0 0 4737 0.0 60 0 0 30 56.2 51.9 51.9
5337 0.1 60 0 0 4737 0.0 60 0 0 60 56.2 51.7 51.7
5337 0.1 60 0 0 4737 0.0 60 0 0 90 56.1 51.9 51.9
5337 0.1 60 0 0 4737 0.0 60 0 0 120 56.2 52.0 52.0
5337 0.1 60 0 0 4737 0.0 60 0 0 150 56.0 52.1 52.1
5337 0.1 60 0 0 4737 0.0 60 0 0 180 56.0 52.3 52.3
5337 0.1 60 0 0 4737 0.1 0 0 0 0 59.4 53.9 53.9
5337 0.1 60 0 0 4737 0.1 0 0 0 30 59.4 54.1 54.1
5337 0.1 60 0 0 4737 0.1 0 0 0 60 59.6 54.0 54.0
5337 0.1 60 0 0 4737 0.1 0 0 0 90 59.6 54.2 54.2
5337 0.1 60 0 0 4737 0.1 0 0 0 120 59.5 54.5 54.5
5337 0.1 60 0 0 4737 0.1 0 0 0 150 59.5 54.4 54.4
5337 0.1 60 0 0 4737 0.1 0 0 0 180 59.4 54.5 54.5
5337 0.1 60 0 0 4737 0.1 10 0 0 0 59.3 53.4 53.4
5337 0.1 60 0 0 4737 0.1 10 0 0 30 59.4 53.6 53.6
5337 0.1 60 0 0 4737 0.1 10 0 0 60 59.5 53.6 53.6
5337 0.1 60 0 0 4737 0.1 10 0 0 90 59.5 53.7 53.7
5337 0.1 60 0 0 4737 0.1 10 0 0 120 59.4 54.0 54.0
5337 0.1 60 0 0 4737 0.1 10 0 0 150 59.4 53.9 53.9
5337 0.1 60 0 0 4737 0.1 10 0 0 180 59.3 54.1 54.1
5337 0.1 60 0 0 4737 0.1 20 0 0 0 59.1 51.9 51.9
5337 0.1 60 0 0 4737 0.1 20 0 0 30 59.2 52.1 52.1
5337 0.1 60 0 0 4737 0.1 20 0 0 60 59.3 52.3 52.3
5337 0.1 60 0 0 4737 0.1 20 0 0 90 59.3 52.3 52.3
5337 0.1 60 0 0 4737 0.1 20 0 0 120 59.2 52.6 52.6
5337 0.1 60 0 0 4737 0.1 20 0 0 150 59.2 52.6 52.6
5337 0.1 60 0 0 4737 0.1 20 0 0 180 59.1 52.6 52.6
5337 0.1 60 0 0 4737 0.1 30 0 0 0 58.8 49.5 49.5
5337 0.1 60 0 0 4737 0.1 30 0 0 30 58.9 49.5 49.5
5337 0.1 60 0 0 4737 0.1 30 0 0 60 58.9 49.5 49.5
5337 0.1 60 0 0 4737 0.1 30 0 0 90 58.9 49.4 49.4
5337 0.1 60 0 0 4737 0.1 30 0 0 120 58.9 49.7 49.7
5337 0.1 60 0 0 4737 0.1 30 0 0 150 58.9 49.8 49.8
5337 0.1 60 0 0 4737 0.1 30 0 0 180 58.8 50.0 50.0
5337 0.1 60 0 0 4737 0.1 40 0 0 0 58.1 49.4 49.4
5337 0.1 60 0 0 4737 0.1 40 0 0 30 58.4 49.6 49.6
5337 0.1 60 0 0 4737 0.1 40 0 0 60 58.3 49.5 49.5
5337 0.1 60 0 0 4737 0.1 40 0 0 90 58.3 49.5 49.5
5337 0.1 60 0 0 4737 0.1 40 0 0 120 58.3 49.7 49.7
5337 0.1 60 0 0 4737 0.1 40 0 0 150 58.2 49.8 49.8
5337 0.1 60 0 0 4737 0.1 40 0 0 180 58.2 49.9 49.9
5337 0.1 60 0 0 4737 0.1 50 0 0 0 57.2 50.2 50.2
5337 0.1 60 0 0 4737 0.1 50 0 0 30 57.5 50.3 50.3
5337 0.1 60 0 0 4737 0.1 50 0 0 60 57.4 50.1 50.1
5337 0.1 60 0 0 4737 0.1 50 0 0 90 57.4 50.2 50.2
5337 0.1 60 0 0 4737 0.1 50 0 0 120 57.4 50.4 50.4
5337 0.1 60 0 0 4737 0.1 50 0 0 150 57.2 50.4 50.4
5337 0.1 60 0 0 4737 0.1 50 0 0 180 57.4 50.5 50.5
5337 0.1 60 0 0 4737 0.1 60 0 0 0 55.6 51.1 51.1
5337 0.1 60 0 0 4737 0.1 60 0 0 30 56.0 51.4 51.4
5337 0.1 60 0 0 4737 0.1 60 0 0 60 55.9 51.3 51.3
5337 0.1 60 0 0 4737 0.1 60 0 0 90 55.8 51.4 51.4
5337 0.1 60 0 0 4737 0.1 60 0 0 120 55.9 51.7 51.7
5337 0.1 60 0 0 4737 0.1 60 0 0 150 55.7 51.8 51.8
5337 0.1 60 0 0 4737 0.1 60 0 0 180 55.9 51.9 51.9
5337 0.1 60 0 0 4737 0.2 0 0 0 0 59.2 53.4 53.4
5337 0.1 60 0 0 4737 0.2 0 0 0 30 59.2 53.6 53.6
5337 0.1 60 0 0 4737 0.2 0 0 0 60 59.3 53.7 53.7
5337 0.1 60 0 0 4737 0.2 0 0 0 90 59.4 53.7 53.7
5337 0.1 60 0 0 4737 0.2 0 0 0 120 59.2 54.1 54.1
5337 0.1 60 0 0 4737 0.2 0 0 0 150 59.3 54.0 54.0
5337 0.1 60 0 0 4737 0.2 0 0 0 180 59.1 54.1 54.1
5337 0.1 60 0 0 4737 0.2 10 0 0 0 59.1 52.9 52.9
5337 0.1 60 0 0 4737 0.2 10 0 0 30 59.2 53.0 53.0
5337 0.1 60 0 0 4737 0.2 10 0 0 60 59.3 53.2 53.2
5337 0.1 60 0 0 4737 0.2 10 0 0 90 59.3 53.2 53.2
5337 0.1 60 0 0 4737 0.2 10 0 0 120 59.2 53.6 53.6
5337 0.1 60 0 0 4737 0.2 10 0 0 150 59.2 53.5 53.5
5337 0.1 60 0 0 4737 0.2 10 0 0 180 59.1 53.6 53.6
5337 0.1 60 0 0 4737 0.2 20 0 0 0 58.9 51.4 51.4
5337 0.1 60 0 0 4737 0.2 20 0 0 30 59.0 51.5 51.5
5337 0.1 60 0 0 4737 0.2 20 0 0 60 59.1 51.8 51.8
5337 0.1 60 0 0 4737 0.2 20 0 0 90 59.1 51.8 51.8
5337 0.1 60 0 0 4737 0.2 20 0 0 120 59.0 52.0 52.0
5337 0.1 60 0 0 4737 0.2 20 0 0 150 59.0 52.1 52.1
5337 0.1 60 0 0 4737 0.2 20 0 0 180 58.9 52.2 52.2
5337 0.1 60 0 0 4737 0.2 30 0 0 0 58.5 49.3 49.3
5337 0.1 60 0 0 4737 0.2 30 0 0 30 58.7 49.3 49.3
5337 0.1 60 0 0 4737 0.2 30 0 0 60 58.7 49.4 49.4
5337 0.1 60 0 0 4737 0.2 30 0 0 90 58.7 49.4 49.4
5337 0.1 60 0 0 4737 0.2 30 0 0 120 58.7 49.4 49.4
5337 0.1 60 0 0 4737 0.2 30 0 0 150 58.5 49.5 49.5
5337 0.1 60 0 0 4737 0.2 30 0 0 180 58.5 49.6 49.6
5337 0.1 60 0 0 4737 0.2 40 0 0 0 57.8 49.3 49.3
5337 0.1 60 0 0 4737 0.2 40 0 0 30 58.2 49.3 49.3
5337 0.1 60 0 0 4737 0.2 40 0 0 60 58.1 49.3 49.3
5337 0.1 60 0 0 4737 0.2 40 0 0 90 58.0 49.4 49.4
5337 0.1 60 0 0 4737 0.2 40 0 0 120 58.2 49.5 49.5
5337 0.1 60 0 0 4737 0.2 40 0 0 150 57.9 49.6 49.6
5337 0.1 60 0 0 4737 0.2 40 0 0 180 58.0 49.5 49.5
5337 0.1 60 0 0 4737 0.2 50 0 0 0 56.9 50.0 50.0
5337 0.1 60 0 0 4737 0.2 50 0 0 30 57.3 50.0 50.0
5337 0.1 60 0 0 4737 0.2 50 0 0 60 57.3 49.9 49.9
5337 0.1 60 0 0 4737 0.2 50 0 0 90 57.0 50.0 50.0
5337 0.1 60 0 0 4737 0.2 50 0 0 120 57.3 50.1 50.1
5337 0.1 60 0 0 4737 0.2 50 0 0 150 56.9 50.2 50.2
5337 0.1 60 0 0 4737 0.2 50 0 0 180 57.2 50.1 50.1
5337 0.1 60 0 0 4737 0.2 60 0 0 0 55.4 50.7 50.7
5337 0.1 60 0 0 4737 0.2 60 0 0 30 55.7 50.9 50.9
5337 0.1 60 0 0 4737 0.2 60 0 0 60 55.7 50.9 50.9
5337 0.1 60 0 0 4737 0.2 60 0 0 90 55.4 51.0 51.0
5337 0.1 60 0 0 4737 0.2 60 0 0 120 55.7 51.2 51.2
5337 0.1 60 0 0 4737 0.2 60 0 0 150 55.4 51.4 51.4
5337 0.1 60 0 0 4737 0.2 60 0 0 180 55.6 51.4 51.4
5337 0.1 60 0 0 4737 0.3 0 0 0 0 59.0 52.9 52.9
5337 0.1 60 0 0 4737 0.3 0 0 0 30 59.1 53.0 53.0
5337 0.1 60 0 0 4737 0.3 0 0 0 60 59.0 53.2 53.2
5337 0.1 60 0 0 4737 0.3 0 0 0 90 59.2 53.3 53.3
5337 0.1 60 0 0 4737 0.3 0 0 0 120 59.1 53.4 53.4
5337 0.1 60 0 0 4737 0.3 0 0 0 150 59.1 53.7 53.7
5337 0.1 60 0 0 4737 0.3 0 0 0 180 58.9 53.6 53.6
5337 0.1 60 0 0 4737 0.3 10 0 0 0 58.9 52.4 52.4
5337 0.1 60 0 0 4737 0.3 10 0 0 30 59.0 52.4 52.4
5337 0.1 60 0 0 4737 0.3 10 0 0 60 58.9 52.7 52.7
5337 0.1 60 0 0 4737 0.3 10 0 0 90 59.1 52.8 52.8
5337 0.1 60 0 0 4737 0.3 10 0 0 120 59.1 52.8 52.8
5337 0.1 60 0 0 4737 0.3 10 0 0 150 59.0 53.2 53.2
5337 0.1 60 0 0 4737 0.3 10 0 0 180 58.8 53.1 53.1
5337 0.1 60 0 0 4737 0.3 20 0 0 0 58.7 50.7 50.7
5337 0.1 60 0 0 4737 0.3 20 0 0 30 58.8 50.8 50.8
5337 0.1 60 0 0 4737 0.3 20 0 0 60 58.7 51.0 51.0
5337 0.1 60 0 0 4737 0.3 20 0 0 90 58.9 51.1 51.1
5337 0.1 60 0 0 4737 0.3 20 0 0 120 58.9 51.1 51.1
5337 0.1 60 0 0 4737 0.3 20 0 0 150 58.7 51.4 51.4
5337 0.1 60 0 0 4737 0.3 20 0 0 180 58.6 51.4 51.4
5337 0.1 60 0 0 4737 0.3 30 0 0 0 58.3 49.2 49.2
5337 0.1 60 0 0 4737 0.3 30 0 0 30 58.4 49.1 49.1
5337 0.1 60 0 0 4737 0.3 30 0 0 60 58.4 49.2 49.2
5337 0.1 60 0 0 4737 0.3 30 0 0 90 58.5 49.2 49.2
5337 0.1 60 0 0 4737 0.3 30 0 0 120 58.5 49.2 49.2
5337 0.1 60 0 0 4737 0.3 30 0 0 150 58.3 49.5 49.5
5337 0.1 60 0 0 4737 0.3 30 0 0 180 58.3 49.5 49.5
5337 0.1 60 0 0 4737 0.3 40 0 0 0 57.7 49.2 49.2
5337 0.1 60 0 0 4737 0.3 40 0 0 30 57.8 49.1 49.1
5337 0.1 60 0 0 4737 0.3 40 0 0 60 57.9 49.1 49.1
5337 0.1 60 0 0 4737 0.3 40 0 0 90 57.8 49.2 49.2
5337 0.1 60 0 0 4737 0.3 40 0 0 120 57.9 49.2 49.2
5337 0.1 60 0 0 4737 0.3 40 0 0 150 57.7 49.5 49.5
5337 0.1 60 0 0 4737 0.3 40 0 0 180 57.7 49.5 49.5
5337 0.1 60 0 0 4737 0.3 50 0 0 0 56.8 49.9 49.9
5337 0.1 60 0 0 4737 0.3 50 0 0 30 56.9 49.8 49.8
5337 0.1 60 0 0 4737 0.3 50 0 0 60 57.0 49.8 49.8
5337 0.1 60 0 0 4737 0.3 50 0 0 90 56.9 49.9 49.9
5337 0.1 60 0 0 4737 0.3 50 0 0 120 57.0 49.9 49.9
5337 0.1 60 0 0 4737 0.3 50 0 0 150 56.7 50.1 50.1
5337 0.1 60 0 0 4737 0.3 50 0 0 180 56.8 49.9 49.9
5337 0.1 60 0 0 4737 0.3 60 0 0 0 55.1 50.6 50.6
5337 0.1 60 0 0 4737 0.3 60 0 0 30 55.3 50.6 50.6
5337 0.1 60 0 0 4737 0.3 60 0 0 60 55.3 50.5 50.5
5337 0.1 60 0 0 4737 0.3 60 0 0 90 55.2 50.6 50.6
5337 0.1 60 0 0 4737 0.3 60 0 0 120 55.3 50.8 50.8
5337 0.1 60 0 0 4737 0.3 60 0 0 150 55.0 51.1 51.1
5337 0.1 60 0 0 4737 0.3 60 0 0 180 55.1 51.0 51.0
5337 0.1 60 0 0 4737 0.4 0 0 0 0 58.8 52.3 52.3
5337 0.1 60 0 0 4737 0.4 0 0 0 30 58.9 52.4 52.4
5337 0.1 60 0 0 4737 0.4 0 0 0 60 58.8 52.5 52.5
5337 0.1 60 0 0 4737 0.4 0 0 0 90 58.8 52.7 52.7
5337 0.1 60 0 0 4737 0.4 0 0 0 120 59.0 52.7 52.7
5337 0.1 60 0 0 4737 0.4 0 0 0 150 58.7 53.2 53.2
5337 0.1 60 0 0 4737 0.4 0 0 0 180 58.6 53.0 53.0
5337 0.1 60 0 0 4737 0.4 10 0 0 0 58.7 51.8 51.8
5337 0.1 60 0 0 4737 0.4 10 0 0 30 58.8 51.8 51.8
5337 0.1 60 0 0 4737 0.4 10 0 0 60 58.7 52.0 52.0
5337 0.1 60 0 0 4737 0.4 10 0 0 90 58.8 52.1 52.1
5337 0.1 60 0 0 4737 0.4 10 0 0 120 58.9 52.2 52.2
5337 0.1 60 0 0 4737 0.4 10 0 0 150 58.7 52.6 52.6
5337 0.1 60 0 0 4737 0.4 10 0 0 180 58.5 52.5 52.5
5337 0.1 60 0 0 4737 0.4 20 0 0 0 58.5 49.8 49.8
5337 0.1 60 0 0 4737 0.4 20 0 0 30 58.6 49.9 49.9
5337 0.1 60 0 0 4737 0.4 20 0 0 60 58.5 50.0 50.0
5337 0.1 60 0 0 4737 0.4 20 0 0 90 58.6 50.1 50.1
5337 0.1 60 0 0 4737 0.4 20 0 0 120 58.7 50.3 50.3
5337 0.1 60 0 0 4737 0.4 20 0 0 150 58.4 50.5 50.5
5337 0.1 60 0 0 4737 0.4 20 0 0 180 58.3 50.4 50.4
5337 0.1 60 0 0 4737 0.4 30 0 0 0 58.1 49.4 49.4
5337 0.1 60 0 0 4737 0.4 30 0 0 30 58.2 49.3 49.3
5337 0.1 60 0 0 4737 0.4 30 0 0 60 58.1 49.3 49.3
5337 0.1 60 0 0 4737 0.4 30 0 0 90 58.2 49.3 49.3
5337 0.1 60 0 0 4737 0.4 30 0 0 120 58.3 49.2 49.2
5337 0.1 60 0 0 4737 0.4 30 0 0 150 58.0 49.4 49.4
5337 0.1 60 0 0 4737 0.4 30 0 0 180 58.0 49.4 49.4
5337 0.1 60 0 0 4737 0.4 40 0 0 0 57.5 49.4 49.4
5337 0.1 60 0 0 4737 0.4 40 0 0 30 57.5 49.3 49.3
5337 0.1 60 0 0 4737 0.4 40 0 0 60 57.5 49.3 49.3
5337 0.1 60 0 0 4737 0.4 40 0 0 90 57.6 49.3 49.3
5337 0.1 60 0 0 4737 0.4 40 0 0 120 57.7 49.3 49.3
5337 0.1 60 0 0 4737 0.4 40 0 0 150 57.4 49.4 49.4
5337 0.1 60 0 0 4737 0.4 40 0 0 180 57.4 49.4 49.4
5337 0.1 60 0 0 4737 0.4 50 0 0 0 56.6 49.7 49.7
5337 0.1 60 0 0 4737 0.4 50 0 0 30 56.6 49.7 49.7
5337 0.1 60 0 0 4737 0.4 50 0 0 60 56.6 49.7 49.7
5337 0.1 60 0 0 4737 0.4 50 0 0 90 56.6 49.7 49.7
5337 0.1 60 0 0 4737 0.4 50 0 0 120 56.7 49.9 49.9
5337 0.1 60 0 0 4737 0.4 50 0 0 150 56.5 50.0 50.0
5337 0.1 60 0 0 4737 0.4 50 0 0 180 56.3 50.0 50.0
5337 0.1 60 0 0 4737 0.4 60 0 0 0 54.8 50.3 50.3
5337 0.1 60 0 0 4737 0.4 60 0 0 30 54.7 50.3 50.3
5337 0.1 60 0 0 4737 0.4 60 0 0 60 54.6 50.2 50.2
5337 0.1 60 0 0 4737 0.4 60 0 0 90 54.6 50.3 50.3
5337 0.1 60 0 0 4737 0.4 60 0 0 120 54.7 50.5 50.5
5337 0.1 60 0 0 4737 0.4 60 0 0 150 54.5 50.7 50.7
5337 0.1 60 0 0 4737 0.4 60 0 0 180 54.5 50.7 50.7
5337 0.1 60 0 0 4737 0.5 0 0 0 0 58.6 51.4 51.4
5337 0.1 60 0 0 4737 0.5 0 0 0 30 58.6 51.4 51.4
5337 0.1 60 0 0 4737 0.5 0 0 0 60 58.6 51.6 51.6
5337 0.1 60 0 0 4737 0.5 0 0 0 90 58.5 51.7 51.7
5337 0.1 60 0 0 4737 0.5 0 0 0 120 58.7 51.9 51.9
5337 0.1 60 0 0 4737 0.5 0 0 0 150 58.3 52.2 52.2
5337 0.1 60 0 0 4737 0.5 0 0 0 180 58.3 52.1 52.1
5337 0.1 60 0 0 4737 0.5 10 0 0 0 58.5 50.7 50.7
5337 0.1 60 0 0 4737 0.5 10 0 0 30 58.5 50.7 50.7
5337 0.1 60 0 0 4737 0.5 10 0 0 60 58.5 50.8 50.8
5337 0.1 60 0 0 4737 0.5 10 0 0 90 58.4 50.9 50.9
5337 0.1 60 0 0 4737 0.5 10 0 0 120 58.6 51.2 51.2
5337 0.1 60 0 0 4737 0.5 10 0 0 150 58.3 51.4 51.4
5337 0.1 60 0 0 4737 0.5 10 0 0 180 58.2 51.3 51.3
5337 0.1 60 0 0 4737 0.5 20 0 0 0 58.3 49.7 49.7
5337 0.1 60 0 0 4737 0.5 20 0 0 30 58.3 49.7 49.7
5337 0.1 60 0 0 4737 0.5 20 0 0 60 58.2 49.8 49.8
5337 0.1 60 0 0 4737 0.5 20 0 0 90 58.1 49.9 49.9
5337 0.1 60 0 0 4737 0.5 20 0 0 120 58.4 50.1 50.1
5337 0.1 60 0 0 4737 0.5 20 0 0 150 58.0 50.2 50.2
5337 0.1 60 0 0 4737 0.5 20 0 0 180 58.0 50.2 50.2
5337 0.1 60 0 0 4737 0.5 30 0 0 0 57.9 49.6 49.6
5337 0.1 60 0 0 4737 0.5 30 0 0 30 57.9 49.6 49.6
5337 0.1 60 0 0 4737 0.5 30 0 0 60 57.8 49.6 49.6
5337 0.1 60 0 0 4737 0.5 30 0 0 90 57.7 49.6 49.6
5337 0.1 60 0 0 4737 0.5 30 0 0 120 58.0 49.5 49.5
5337 0.1 60 0 0 4737 0.5 30 0 0 150 57.6 49.7 49.7
5337 0.1 60 0 0 4737 0.5 30 0 0 180 57.6 49.6 49.6
5337 0.1 60 0 0 4737 0.5 40 0 0 0 57.3 49.5 49.5
5337 0.1 60 0 0 4737 0.5 40 0 0 30 57.3 49.5 49.5
5337 0.1 60 0 0 4737 0.5 40 0 0 60 57.2 49.6 49.6
5337 0.1 60 0 0 4737 0.5 40 0 0 90 57.0 49.6 49.6
5337 0.1 60 0 0 4737 0.5 40 0 0 120 57.4 49.6 49.6
5337 0.1 60 0 0 4737 0.5 40 0 0 150 56.9 49.8 49.8
5337 0.1 60 0 0 4737 0.5 40 0 0 180 56.9 49.7 49.7
5337 0.1 60 0 0 4737 0.5 50 0 0 0 56.3 49.6 49.6
5337 0.1 60 0 0 4737 0.5 50 0 0 30 56.3 49.6 49.6
5337 0.1 60 0 0 4737 0.5 50 0 0 60 56.1 49.7 49.7
5337 0.1 60 0 0 4737 0.5 50 0 0 90 56.0 49.8 49.8
5337 0.1 60 0 0 4737 0.5 50 0 0 120 56.4 49.9 49.9
5337 0.1 60 0 0 4737 0.5 50 0 0 150 55.8 50.0 50.0
5337 0.1 60 0 0 4737 0.5 50 0 0 180 55.8 50.0 50.0
5337 0.1 60 0 0 4737 0.5 60 0 0 0 54.7 50.0 50.0
5337 0.1 60 0 0 4737 0.5 60 0 0 30 54.5 50.0 50.0
5337 0.1 60 0 0 4737 0.5 60 0 0 60 54.3 50.0 50.0
5337 0.1 60 0 0 4737 0.5 60 0 0 90 54.3 50.0 50.0
5337 0.1 60 0 0 4737 0.5 60 0 0 120 54.6 50.2 50.2
5337 0.1 60 0 0 4737 0.5 60 0 0 150 54.0 50.5 50.5
5337 0.1 60 0 0 4737 0.5 60 0 0 180 54.1 50.7 50.7
5337 0.1 60 0 0 4937 0.0 0 0 0 0 59.9 54.3 54.3
5337 0.1 60 0 0 4937 0.0 0 0 0 30 60.1 54.7 54.7
5337 0.1 60 0 0 4937 0.0 0 0 0 60 60.2 55.2 55.2
5337 0.1 60 0 0 4937 0.0 0 0 0 90 60.2 55.7 55.7
5337 0.1 60 0 0 4937 0.0 0 0 0 120 60.3 56.0 56.0
5337 0.1 60 0 0 4937 0.0 0 0 0 150 60.1 56.2 56.2
5337 0.1 60 0 0 4937 0.0 0 0 0 180 60.1 55.9 55.9
5337 0.1 60 0 0 4937 0.0 10 0 0 0 59.8 53.8 53.8
5337 0.1 60 0 0 4937 0.0 10 0 0 30 60.1 54.2 54.2
5337 0.1 60 0 0 4937 0.0 10 0 0 60 60.2 54.8 54.8
5337 0.1 60 0 0 4937 0.0 10 0 0 90 60.2 55.3 55.3
5337 0.1 60 0 0 4937 0.0 10 0 0 120 60.2 55.6 55.6
5337 0.1 60 0 0 4937 0.0 10 0 0 150 60.0 55.8 55.8
5337 0.1 60 0 0 4937 0.0 10 0 0 180 60.0 55.5 55.5
5337 0.1 60 0 0 4937 0.0 20 0 0 0 59.6 52.7 52.7
5337 0.1 60 0 0 4937 0.0 20 0 0 30 59.9 53.0 53.0
5337 0.1 60 0 0 4937 0.0 20 0 0 60 60.0 53.5 53.5
5337 0.1 60 0 0 4937 0.0 20 0 0 90 60.0 54.0 54.0
5337 0.1 60 0 0 4937 0.0 20 0 0 120 60.0 54.4 54.4
5337 0.1 60 0 0 4937 0.0 20 0 0 150 59.9 54.5 54.5
5337 0.1 60 0 0 4937 0.0 20 0 0 180 59.8 54.3 54.3
5337 0.1 60 0 0 4937 0.0 30 0 0 0 59.3 50.2 50.2
5337 0.1 60 0 0 4937 0.0 30 0 0 30 59.5 50.6 50.6
5337 0.1 60 0 0 4937 0.0 30 0 0 60 59.6 51.0 51.0
5337 0.1 60 0 0 4937 0.0 30 0 0 90 59.6 51.2 51.2
5337 0.1 60 0 0 4937 0.0 30 0 0 120 59.7 51.4 51.4
5337 0.1 60 0 0 4937 0.0 30 0 0 150 59.5 51.3 51.3
5337 0.1 60 0 0 4937 0.0 30 0 0 180 59.5 51.1 51.1
5337 0.1 60 0 0 4937 0.0 40 0 0 0 58.8 50.1 50.1
5337 0.1 60 0 0 4937 0.0 40 0 0 30 59.0 50.5 50.5
5337 0.1 60 0 0 4937 0.0 40 0 0 60 59.1 50.9 50.9
5337 0.1 60 0 0 4937 0.0 40 0 0 90 59.1 51.1 51.1
5337 0.1 60 0 0 4937 0.0 40 0 0 120 59.1 51.2 51.2
5337 0.1 60 0 0 4937 0.0 40 0 0 150 59.0 51.2 51.2
5337 0.1 60 0 0 4937 0.0 40 0 0 180 58.9 51.0 51.0
5337 0.1 60 0 0 4937 0.0 50 0 0 0 57.9 50.5 50.5
5337 0.1 60 0 0 4937 0.0 50 0 0 30 58.2 51.0 51.0
5337 0.1 60 0 0 4937 0.0 50 0 0 60 58.2 51.4 51.4
5337 0.1 60 0 0 4937 0.0 50 0 0 90 58.2 51.9 51.9
5337 0.1 60 0 0 4937 0.0 50 0 0 120 58.2 52.1 52.1
5337 0.1 60 0 0 4937 0.0 50 0 0 150 58.2 52.0 52.0
5337 0.1 60 0 0 4937 0.0 50 0 0 180 58.1 51.7 51.7
5337 0.1 60 0 0 4937 0.0 60 0 0 0 56.5 51.8 51.8
5337 0.1 60 0 0 4937 0.0 60 0 0 30 56.8 52.2 52.2
5337 0.1 60 0 0 4937 0.0 60 0 0 60 56.8 52.5 52.5
5337 0.1 60 0 0 4937 0.0 60 0 0 90 56.8 52.9 52.9
5337 0.1 60 0 0 4937 0.0 60 0 0 120 56.8 53.3 53.3
5337 0.1 60 0 0 4937 0.0 60 0 0 150 56.7 53.2 53.2
5337 0.1 60 0 0 4937 0.0 60 0 0 180 56.7 53.1 53.1
5337 0.1 60 0 0 4937 0.1 0 0 0 0 59.7 53.8 53.8
5337 0.1 60 0 0 4937 0.1 0 0 0 30 59.9 54.3 54.3
5337 0.1 60 0 0 4937 0.1 0 0 0 60 60.0 54.7 54.7
5337 0.1 60 0 0 4937 0.1 0 0 0 90 60.0 55.2 55.2
5337 0.1 60 0 0 4937 0.1 0 0 0 120 60.1 55.7 55.7
5337 0.1 60 0 0 4937 0.1 0 0 0 150 59.9 55.9 55.9
5337 0.1 60 0 0 4937 0.1 0 0 0 180 59.8 55.5 55.5
5337 0.1 60 0 0 4937 0.1 10 0 0 0 59.7 53.4 53.4
5337 0.1 60 0 0 4937 0.1 10 0 0 30 59.9 53.8 53.8
5337 0.1 60 0 0 4937 0.1 10 0 0 60 59.9 54.2 54.2
5337 0.1 60 0 0 4937 0.1 10 0 0 90 60.0 54.7 54.7
5337 0.1 60 0 0 4937 0.1 10 0 0 120 60.0 55.3 55.3
5337 0.1 60 0 0 4937 0.1 10 0 0 150 59.8 55.5 55.5
5337 0.1 60 0 0 4937 0.1 10 0 0 180 59.8 55.1 55.1
5337 0.1 60 0 0 4937 0.1 20 0 0 0 59.5 52.2 52.2
5337 0.1 60 0 0 4937 0.1 20 0 0 30 59.7 52.5 52.5
5337 0.1 60 0 0 4937 0.1 20 0 0 60 59.7 52.9 52.9
5337 0.1 60 0 0 4937 0.1 20 0 0 90 59.8 53.5 53.5
5337 0.1 60 0 0 4937 0.1 20 0 0 120 59.8 54.0 54.0
5337 0.1 60 0 0 4937 0.1 20 0 0 150 59.7 54.1 54.1
5337 0.1 60 0 0 4937 0.1 20 0 0 180 59.6 53.8 53.8
5337 0.1 60 0 0 4937 0.1 30 0 0 0 59.1 49.7 49.7
5337 0.1 60 0 0 4937 0.1 30 0 0 30 59.3 50.1 50.1
5337 0.1 60 0 0 4937 0.1 30 0 0 60 59.4 50.6 50.6
5337 0.1 60 0 0 4937 0.1 30 0 0 90 59.4 50.9 50.9
5337 0.1 60 0 0 4937 0.1 30 0 0 120 59.5 51.1 51.1
5337 0.1 60 0 0 4937 0.1 30 0 0 150 59.3 51.0 51.0
5337 0.1 60 0 0 4937 0.1 30 0 0 180 59.2 50.7 50.7
5337 0.1 60 0 0 4937 0.1 40 0 0 0 58.6 49.6 49.6
5337 0.1 60 0 0 4937 0.1 40 0 0 30 58.8 50.0 50.0
5337 0.1 60 0 0 4937 0.1 40 0 0 60 58.8 50.4 50.4
5337 0.1 60 0 0 4937 0.1 40 0 0 90 58.9 50.8 50.8
5337 0.1 60 0 0 4937 0.1 40 0 0 120 58.9 50.9 50.9
5337 0.1 60 0 0 4937 0.1 40 0 0 150 58.7 50.9 50.9
5337 0.1 60 0 0 4937 0.1 40 0 0 180 58.7 50.6 50.6
5337 0.1 60 0 0 4937 0.1 50 0 0 0 57.7 50.0 50.0
5337 0.1 60 0 0 4937 0.1 50 0 0 30 57.9 50.3 50.3
5337 0.1 60 0 0 4937 0.1 50 0 0 60 58.0 50.8 50.8
5337 0.1 60 0 0 4937 0.1 50 0 0 90 58.0 51.3 51.3
5337 0.1 60 0 0 4937 0.1 50 0 0 120 57.9 51.7 51.7
5337 0.1 60 0 0 4937 0.1 50 0 0 150 57.9 51.8 51.8
5337 0.1 60 0 0 4937 0.1 50 0 0 180 57.9 51.5 51.5
5337 0.1 60 0 0 4937 0.1 60 0 0 0 56.3 51.4 51.4
5337 0.1 60 0 0 4937 0.1 60 0 0 30 56.5 51.6 51.6
5337 0.1 60 0 0 4937 0.1 60 0 0 60 56.6 51.9 51.9
5337 0.1 60 0 0 4937 0.1 60 0 0 90 56.6 52.3 52.3
5337 0.1 60 0 0 4937 0.1 60 0 0 120 56.5 52.6 52.6
5337 0.1 60 0 0 4937 0.1 60 0 0 150 56.5 52.9 52.9
5337 0.1 60 0 0 4937 0.1 60 0 0 180 56.5 52.7 52.7
5337 0.1 60 0 0 4937 0.2 0 0 0 0 59.5 53.4 53.4
5337 0.1 60 0 0 4937 0.2 0 0 0 30 59.7 53.8 53.8
5337 0.1 60 0 0 4937 0.2 0 0 0 60 59.8 54.2 54.2
5337 0.1 60 0 0 4937 0.2 0 0 0 90 59.8 54.8 54.8
5337 0.1 60 0 0 4937 0.2 0 0 0 120 59.8 55.2 55.2
5337 0.1 60 0 0 4937 0.2 0 0 0 150 59.7 55.5 55.5
5337 0.1 60 0 0 4937 0.2 0 0 0 180 59.7 55.1 55.1
5337 0.1 60 0 0 4937 0.2 10 0 0 0 59.5 53.0 53.0
5337 0.1 60 0 0 4937 0.2 10 0 0 30 59.6 53.3 53.3
5337 0.1 60 0 0 4937 0.2 10 0 0 60 59.7 53.7 53.7
5337 0.1 60 0 0 4937 0.2 10 0 0 90 59.7 54.2 54.2
5337 0.1 60 0 0 4937 0.2 10 0 0 120 59.7 54.8 54.8
5337 0.1 60 0 0 4937 0.2 10 0 0 150 59.7 55.0 55.0
5337 0.1 60 0 0 4937 0.2 10 0 0 180 59.6 54.7 54.7
5337 0.1 60 0 0 4937 0.2 20 0 0 0 59.3 51.7 51.7
5337 0.1 60 0 0 4937 0.2 20 0 0 30 59.4 52.0 52.0
5337 0.1 60 0 0 4937 0.2 20 0 0 60 59.5 52.3 52.3
5337 0.1 60 0 0 4937 0.2 20 0 0 90 59.5 52.9 52.9
5337 0.1 60 0 0 4937 0.2 20 0 0 120 59.5 53.5 53.5
5337 0.1 60 0 0 4937 0.2 20 0 0 150 59.4 53.7 53.7
5337 0.1 60 0 0 4937 0.2 20 0 0 180 59.4 53.3 53.3
5337 0.1 60 0 0 4937 0.2 30 0 0 0 58.9 49.4 49.4
5337 0.1 60 0 0 4937 0.2 30 0 0 30 59.1 49.7 49.7
5337 0.1 60 0 0 4937 0.2 30 0 0 60 59.2 50.2 50.2
5337 0.1 60 0 0 4937 0.2 30 0 0 90 59.2 50.6 50.6
5337 0.1 60 0 0 4937 0.2 30 0 0 120 59.2 50.9 50.9
5337 0.1 60 0 0 4937 0.2 30 0 0 150 59.1 50.8 50.8
5337 0.1 60 0 0 4937 0.2 30 0 0 180 59.0 50.5 50.5
5337 0.1 60 0 0 4937 0.2 40 0 0 0 58.4 49.3 49.3
5337 0.1 60 0 0 4937 0.2 40 0 0 30 58.5 49.6 49.6
5337 0.1 60 0 0 4937 0.2 40 0 0 60 58.6 50.0 50.0
5337 0.1 60 0 0 4937 0.2 40 0 0 90 58.6 50.5 50.5
5337 0.1 60 0 0 4937 0.2 40 0 0 120 58.6 50.8 50.8
5337 0.1 60 0 0 4937 0.2 40 0 0 150 58.5 50.8 50.8
5337 0.1 60 0 0 4937 0.2 40 0 0 180 58.5 50.5 50.5
5337 0.1 60 0 0 4937 0.2 50 0 0 0 57.6 49.6 49.6
5337 0.1 60 0 0 4937 0.2 50 0 0 30 57.7 49.9 49.9
5337 0.1 60 0 0 4937 0.2 50 0 0 60 57.8 50.3 50.3
5337 0.1 60 0 0 4937 0.2 50 0 0 90 57.7 50.8 50.8
5337 0.1 60 0 0 4937 0.2 50 0 0 120 57.7 51.3 51.3
5337 0.1 60 0 0 4937 0.2 50 0 0 150 57.6 51.5 51.5
5337 0.1 60 0 0 4937 0.2 50 0 0 180 57.6 51.3 51.3
5337 0.1 60 0 0 4937 0.2 60 0 0 0 56.1 50.9 50.9
5337 0.1 60 0 0 4937 0.2 60 0 0 30 56.3 51.2 51.2
5337 0.1 60 0 0 4937 0.2 60 0 0 60 56.3 51.4 51.4
5337 0.1 60 0 0 4937 0.2 60 0 0 90 56.3 51.8 51.8
5337 0.1 60 0 0 4937 0.2 60 0 0 120 56.3 52.2 52.2
5337 0.1 60 0 0 4937 0.2 60 0 0 150 56.2 52.4 52.4
5337 0.1 60 0 0 4937 0.2 60 0 0 180 56.2 52.3 52.3
5337 0.1 60 0 0 4937 0.3 0 0 0 0 59.4 53.0 53.0
5337 0.1 60 0 0 4937 0.3 0 0 0 30 59.5 53.3 53.3
5337 0.1 60 0 0 4937 0.3 0 0 0 60 59.5 53.7 53.7
5337 0.1 60 0 0 4937 0.3 0 0 0 90 59.6 54.1 54.1
5337 0.1 60 0 0 4937 0.3 0 0 0 120 59.6 54.6 54.6
5337 0.1 60 0 0 4937 0.3 0 0 0 150 59.5 55.0 55.0
5337 0.1 60 0 0 4937 0.3 0 0 0 180 59.4 54.6 54.6
5337 0.1 60 0 0 4937 0.3 10 0 0 0 59.3 52.5 52.5
5337 0.1 60 0 0 4937 0.3 10 0 0 30 59.4 52.8 52.8
5337 0.1 60 0 0 4937 0.3 10 0 0 60 59.4 53.1 53.1
5337 0.1 60 0 0 4937 0.3 10 0 0 90 59.5 53.6 53.6
5337 0.1 60 0 0 4937 0.3 10 0 0 120 59.5 54.2 54.2
5337 0.1 60 0 0 4937 0.3 10 0 0 150 59.5 54.6 54.6
5337 0.1 60 0 0 4937 0.3 10 0 0 180 59.4 54.2 54.2
5337 0.1 60 0 0 4937 0.3 20 0 0 0 59.1 51.1 51.1
5337 0.1 60 0 0 4937 0.3 20 0 0 30 59.2 51.4 51.4
5337 0.1 60 0 0 4937 0.3 20 0 0 60 59.3 51.6 51.6
5337 0.1 60 0 0 4937 0.3 20 0 0 90 59.3 52.1 52.1
5337 0.1 60 0 0 4937 0.3 20 0 0 120 59.3 52.7 52.7
5337 0.1 60 0 0 4937 0.3 20 0 0 150 59.2 53.2 53.2
5337 0.1 60 0 0 4937 0.3 20 0 0 180 59.2 52.7 52.7
5337 0.1 60 0 0 4937 0.3 30 0 0 0 58.7 49.1 49.1
5337 0.1 60 0 0 4937 0.3 30 0 0 30 58.8 49.4 49.4
5337 0.1 60 0 0 4937 0.3 30 0 0 60 58.9 49.8 49.8
5337 0.1 60 0 0 4937 0.3 30 0 0 90 59.0 50.3 50.3
5337 0.1 60 0 0 4937 0.3 30 0 0 120 59.0 50.8 50.8
5337 0.1 60 0 0 4937 0.3 30 0 0 150 58.9 50.8 50.8
5337 0.1 60 0 0 4937 0.3 30 0 0 180 58.8 50.3 50.3
5337 0.1 60 0 0 4937 0.3 40 0 0 0 58.2 49.1 49.1
5337 0.1 60 0 0 4937 0.3 40 0 0 30 58.3 49.3 49.3
5337 0.1 60 0 0 4937 0.3 40 0 0 60 58.4 49.7 49.7
5337 0.1 60 0 0 4937 0.3 40 0 0 90 58.4 50.1 50.1
5337 0.1 60 0 0 4937 0.3 40 0 0 120 58.4 50.6 50.6
5337 0.1 60 0 0 4937 0.3 40 0 0 150 58.2 50.8 50.8
5337 0.1 60 0 0 4937 0.3 40 0 0 180 58.2 50.3 50.3
5337 0.1 60 0 0 4937 0.3 50 0 0 0 57.3 49.4 49.4
5337 0.1 60 0 0 4937 0.3 50 0 0 30 57.5 49.6 49.6
5337 0.1 60 0 0 4937 0.3 50 0 0 60 57.5 49.9 49.9
5337 0.1 60 0 0 4937 0.3 50 0 0 90 57.6 50.3 50.3
5337 0.1 60 0 0 4937 0.3 50 0 0 120 57.4 50.8 50.8
5337 0.1 60 0 0 4937 0.3 50 0 0 150 57.3 51.3 51.3
5337 0.1 60 0 0 4937 0.3 50 0 0 180 57.3 51.1 51.1
5337 0.1 60 0 0 4937 0.3 60 0 0 0 55.9 50.5 50.5
5337 0.1 60 0 0 4937 0.3 60 0 0 30 56.0 50.8 50.8
5337 0.1 60 0 0 4937 0.3 60 0 0 60 55.9 51.0 51.0
5337 0.1 60 0 0 4937 0.3 60 0 0 90 56.0 51.2 51.2
5337 0.1 60 0 0 4937 0.3 60 0 0 120 55.9 51.5 51.5
5337 0.1 60 0 0 4937 0.3 60 0 0 150 55.8 51.9 51.9
5337 0.1 60 0 0 4937 0.3 60 0 0 180 55.8 52.0 52.0
5337 0.1 60 0 0 4937 0.4 0 0 0 0 59.1 52.5 52.5
5337 0.1 60 0 0 4937 0.4 0 0 0 30 59.2 52.7 52.7
5337 0.1 60 0 0 4937 0.4 0 0 0 60 59.3 53.0 53.0
5337 0.1 60 0 0 4937 0.4 0 0 0 90 59.3 53.4 53.4
5337 0.1 60 0 0 4937 0.4 0 0 0 120 59.3 54.0 54.0
5337 0.1 60 0 0 4937 0.4 0 0 0 150 59.2 54.5 54.5
5337 0.1 60 0 0 4937 0.4 0 0 0 180 59.1 54.1 54.1
5337 0.1 60 0 0 4937 0.4 10 0 0 0 59.1 52.0 52.0
5337 0.1 60 0 0 4937 0.4 10 0 0 30 59.1 52.2 52.2
5337 0.1 60 0 0 4937 0.4 10 0 0 60 59.2 52.5 52.5
5337 0.1 60 0 0 4937 0.4 10 0 0 90 59.3 52.9 52.9
5337 0.1 60 0 0 4937 0.4 10 0 0 120 59.3 53.5 53.5
5337 0.1 60 0 0 4937 0.4 10 0 0 150 59.2 54.1 54.1
5337 0.1 60 0 0 4937 0.4 10 0 0 180 59.1 53.6 53.6
5337 0.1 60 0 0 4937 0.4 20 0 0 0 58.9 50.1 50.1
5337 0.1 60 0 0 4937 0.4 20 0 0 30 58.9 50.2 50.2
5337 0.1 60 0 0 4937 0.4 20 0 0 60 59.0 50.5 50.5
5337 0.1 60 0 0 4937 0.4 20 0 0 90 59.1 50.9 50.9
5337 0.1 60 0 0 4937 0.4 20 0 0 120 59.0 51.6 51.6
5337 0.1 60 0 0 4937 0.4 20 0 0 150 58.9 52.2 52.2
5337 0.1 60 0 0 4937 0.4 20 0 0 180 58.9 51.5 51.5
5337 0.1 60 0 0 4937 0.4 30 0 0 0 58.6 49.1 49.1
5337 0.1 60 0 0 4937 0.4 30 0 0 30 58.6 49.3 49.3
5337 0.1 60 0 0 4937 0.4 30 0 0 60 58.6 49.7 49.7
5337 0.1 60 0 0 4937 0.4 30 0 0 90 58.7 50.1 50.1
5337 0.1 60 0 0 4937 0.4 30 0 0 120 58.7 50.7 50.7
5337 0.1 60 0 0 4937 0.4 30 0 0 150 58.5 51.1 51.1
5337 0.1 60 0 0 4937 0.4 30 0 0 180 58.5 50.4 50.4
5337 0.1 60 0 0 4937 0.4 40 0 0 0 58.0 49.0 49.0
5337 0.1 60 0 0 4937 0.4 40 0 0 30 58.1 49.3 49.3
5337 0.1 60 0 0 4937 0.4 40 0 0 60 58.0 49.5 49.5
5337 0.1 60 0 0 4937 0.4 40 0 0 90 58.2 49.9 49.9
5337 0.1 60 0 0 4937 0.4 40 0 0 120 58.1 50.5 50.5
5337 0.1 60 0 0 4937 0.4 40 0 0 150 57.9 51.0 51.0
5337 0.1 60 0 0 4937 0.4 40 0 0 180 57.9 50.4 50.4
5337 0.1 60 0 0 4937 0.4 50 0 0 0 57.1 49.5 49.5
5337 0.1 60 0 0 4937 0.4 50 0 0 30 57.2 49.6 49.6
5337 0.1 60 0 0 4937 0.4 50 0 0 60 57.2 49.8 49.8
5337 0.1 60 0 0 4937 0.4 50 0 0 90 57.2 50.1 50.1
5337 0.1 60 0 0 4937 0.4 50 0 0 120 57.2 50.5 50.5
5337 0.1 60 0 0 4937 0.4 50 0 0 150 57.0 51.1 51.1
5337 0.1 60 0 0 4937 0.4 50 0 0 180 57.0 51.0 51.0
5337 0.1 60 0 0 4937 0.4 60 0 0 0 55.3 50.3 50.3
5337 0.1 60 0 0 4937 0.4 60 0 0 30 55.4 50.4 50.4
5337 0.1 60 0 0 4937 0.4 60 0 0 60 55.5 50.6 50.6
5337 0.1 60 0 0 4937 0.4 60 0 0 90 55.5 50.8 50.8
5337 0.1 60 0 0 4937 0.4 60 0 0 120 55.4 51.2 51.2
5337 0.1 60 0 0 4937 0.4 60 0 0 150 55.4 51.6 51.6
5337 0.1 60 0 0 4937 0.4 60 0 0 180 55.3 51.6 51.6
5337 0.1 60 0 0 4937 0.5 0 0 0 0 59.0 51.9 51.9
5337 0.1 60 0 0 4937 0.5 0 0 0 30 59.0 52.0 52.0
5337 0.1 60 0 0 4937 0.5 0 0 0 60 59.0 52.2 52.2
5337 0.1 60 0 0 4937 0.5 0 0 0 90 59.1 52.6 52.6
5337 0.1 60 0 0 4937 0.5 0 0 0 120 59.1 53.1 53.1
5337 0.1 60 0 0 4937 0.5 0 0 0 150 58.9 53.8 53.8
5337 0.1 60 0 0 4937 0.5 0 0 0 180 58.8 53.2 53.2
5337 0.1 60 0 0 4937 0.5 10 0 0 0 58.9 51.1 51.1
5337 0.1 60 0 0 4937 0.5 10 0 0 30 58.9 51.2 51.2
5337 0.1 60 0 0 4937 0.5 10 0 0 60 58.9 51.4 51.4
5337 0.1 60 0 0 4937 0.5 10 0 0 90 59.0 51.8 51.8
5337 0.1 60 0 0 4937 0.5 10 0 0 120 59.0 52.4 52.4
5337 0.1 60 0 0 4937 0.5 10 0 0 150 58.9 53.2 53.2
5337 0.1 60 0 0 4937 0.5 10 0 0 180 58.7 52.6 52.6
5337 0.1 60 0 0 4937 0.5 20 0 0 0 58.7 49.7 49.7
5337 0.1 60 0 0 4937 0.5 20 0 0 30 58.7 49.8 49.8
5337 0.1 60 0 0 4937 0.5 20 0 0 60 58.7 50.0 50.0
5337 0.1 60 0 0 4937 0.5 20 0 0 90 58.8 50.3 50.3
5337 0.1 60 0 0 4937 0.5 20 0 0 120 58.8 51.0 51.0
5337 0.1 60 0 0 4937 0.5 20 0 0 150 58.6 51.9 51.9
5337 0.1 60 0 0 4937 0.5 20 0 0 180 58.5 51.2 51.2
5337 0.1 60 0 0 4937 0.5 30 0 0 0 58.3 49.0 49.0
5337 0.1 60 0 0 4937 0.5 30 0 0 30 58.4 49.2 49.2
5337 0.1 60 0 0 4937 0.5 30 0 0 60 58.4 49.5 49.5
5337 0.1 60 0 0 4937 0.5 30 0 0 90 58.4 49.9 49.9
5337 0.1 60 0 0 4937 0.5 30 0 0 120 58.4 50.6 50.6
5337 0.1 60 0 0 4937 0.5 30 0 0 150 58.2 51.3 51.3
5337 0.1 60 0 0 4937 0.5 30 0 0 180 58.1 50.7 50.7
5337 0.1 60 0 0 4937 0.5 40 0 0 0 57.7 49.2 49.2
5337 0.1 60 0 0 4937 0.5 40 0 0 30 57.8 49.2 49.2
5337 0.1 60 0 0 4937 0.5 40 0 0 60 57.8 49.4 49.4
5337 0.1 60 0 0 4937 0.5 40 0 0 90 57.8 49.7 49.7
5337 0.1 60 0 0 4937 0.5 40 0 0 120 57.8 50.3 50.3
5337 0.1 60 0 0 4937 0.5 40 0 0 150 57.6 51.1 51.1
5337 0.1 60 0 0 4937 0.5 40 0 0 180 57.5 50.7 50.7
5337 0.1 60 0 0 4937 0.5 50 0 0 0 56.8 49.5 49.5
5337 0.1 60 0 0 4937 0.5 50 0 0 30 56.8 49.6 49.6
5337 0.1 60 0 0 4937 0.5 50 0 0 60 56.9 49.8 49.8
5337 0.1 60 0 0 4937 0.5 50 0 0 90 56.9 50.0 50.0
5337 0.1 60 0 0 4937 0.5 50 0 0 120 56.8 50.4 50.4
5337 0.1 60 0 0 4937 0.5 50 0 0 150 56.6 51.0 51.0
5337 0.1 60 0 0 4937 0.5 50 0 0 180 56.6 51.0 51.0
5337 0.1 60 0 0 4937 0.5 60 0 0 0 55.0 50.2 50.2
5337 0.1 60 0 0 4937 0.5 60 0 0 30 55.0 50.3 50.3
5337 0.1 60 0 0 4937 0.5 60 0 0 60 55.1 50.4 50.4
5337 0.1 60 0 0 4937 0.5 60 0 0 90 55.1 50.5 50.5
5337 0.1 60 0 0 4937 0.5 60 0 0 120 54.9 50.8 50.8
5337 0.1 60 0 0 4937 0.5 60 0 0 150 54.8 51.3 51.3
5337 0.1 60 0 0 4937 0.5 60 0 0 180 54.9 51.2 51.2
5337 0.1 60 0 0 5137 0.0 0 0 0 0 60.9 55.9 55.9
5337 0.1 60 0 0 5137 0.0 0 0 0 30 60.8 56.1 56.1
5337 0.1 60 0 0 5137 0.0 0 0 0 60 60.5 56.1 56.1
5337 0.1 60 0 0 5137 0.0 0 0 0 90 60.2 55.9 55.9
5337 0.1 60 0 0 5137 0.0 0 0 0 120 59.9 55.6 55.6
5337 0.1 60 0 0 5137 0.0 0 0 0 150 59.7 55.3 55.3
5337 0.1 60 0 0 5137 0.0 0 0 0 180 59.7 55.2 55.2
5337 0.1 60 0 0 5137 0.0 10 0 0 0 60.8 55.3 55.3
5337 0.1 60 0 0 5137 0.0 10 0 0 30 60.7 55.5 55.5
5337 0.1 60 0 0 5137 0.0 10 0 0 60 60.4 55.6 55.6
5337 0.1 60 0 0 5137 0.0 10 0 0 90 60.1 55.5 55.5
5337 0.1 60 0 0 5137 0.0 10 0 0 120 59.9 55.2 55.2
5337 0.1 60 0 0 5137 0.0 10 0 0 150 59.6 55.0 55.0
5337 0.1 60 0 0 5137 0.0 10 0 0 180 59.7 54.9 54.9
5337 0.1 60 0 0 5137 0.0 20 0 0 0 60.7 54.0 54.0
5337 0.1 60 0 0 5137 0.0 20 0 0 30 60.6 54.1 54.1
5337 0.1 60 0 0 5137 0.0 20 0 0 60 60.3 54.2 54.2
5337 0.1 60 0 0 5137 0.0 20 0 0 90 59.9 54.4 54.4
5337 0.1 60 0 0 5137 0.0 20 0 0 120 59.6 54.2 54.2
5337 0.1 60 0 0 5137 0.0 20 0 0 150 59.4 53.8 53.8
5337 0.1 60 0 0 5137 0.0 20 0 0 180 59.5 53.8 53.8
5337 0.1 60 0 0 5137 0.0 30 0 0 0 60.4 51.6 51.6
5337 0.1 60 0 0 5137 0.0 30 0 0 30 60.2 51.4 51.4
5337 0.1 60 0 0 5137 0.0 30 0 0 60 59.9 51.4 51.4
5337 0.1 60 0 0 5137 0.0 30 0 0 90 59.6 51.4 51.4
5337 0.1 60 0 0 5137 0.0 30 0 0 120 59.3 51.1 51.1
5337 0.1 60 0 0 5137 0.0 30 0 0 150 59.1 50.8 50.8
5337 0.1 60 0 0 5137 0.0 30 0 0 180 59.1 50.8 50.8
5337 0.1 60 0 0 5137 0.0 40 0 0 0 59.9 50.9 50.9
5337 0.1 60 0 0 5137 0.0 40 0 0 30 59.7 50.9 50.9
5337 0.1 60 0 0 5137 0.0 40 0 0 60 59.4 51.0 51.0
5337 0.1 60 0 0 5137 0.0 40 0 0 90 59.0 51.1 51.1
5337 0.1 60 0 0 5137 0.0 40 0 0 120 58.7 51.0 51.0
5337 0.1 60 0 0 5137 0.0 40 0 0 150 58.5 50.7 50.7
5337 0.1 60 0 0 5137 0.0 40 0 0 180 58.5 50.7 50.7
5337 0.1 60 0 0 5137 0.0 50 0 0 0 59.1 51.1 51.1
5337 0.1 60 0 0 5137 0.0 50 0 0 30 59.0 51.1 51.1
5337 0.1 60 0 0 5137 0.0 50 0 0 60 58.6 51.3 51.3
5337 0.1 60 0 0 5137 0.0 50 0 0 90 58.2 51.6 51.6
5337 0.1 60 0 0 5137 0.0 50 0 0 120 57.9 51.7 51.7
5337 0.1 60 0 0 5137 0.0 50 0 0 150 57.7 51.7 51.7
5337 0.1 60 0 0 5137 0.0 50 0 0 180 57.7 51.6 51.6
5337 0.1 60 0 0 5137 0.0 60 0 0 0 57.9 52.4 52.4
5337 0.1 60 0 0 5137 0.0 60 0 0 30 57.6 52.3 52.3
5337 0.1 60 0 0 5137 0.0 60 0 0 60 57.3 52.2 52.2
5337 0.1 60 0 0 5137 0.0 60 0 0 90 56.9 52.4 52.4
5337 0.1 60 0 0 5137 0.0 60 0 0 120 56.6 52.7 52.7
5337 0.1 60 0 0 5137 0.0 60 0 0 150 56.4 53.0 53.0
5337 0.1 60 0 0 5137 0.0 60 0 0 180 56.4 53.4 53.4
5337 0.1 60 0 0 5137 0.1 0 0 0 0 60.7 55.6 55.6
5337 0.1 60 0 0 5137 0.1 0 0 0 30 60.6 55.7 55.7
5337 0.1 60 0 0 5137 0.1 0 0 0 60 60.4 55.8 55.8
5337 0.1 60 0 0 5137 0.1 0 0 0 90 60.1 55.7 55.7
5337 0.1 60 0 0 5137 0.1 0 0 0 120 59.8 55.5 55.5
5337 0.1 60 0 0 5137 0.1 0 0 0 150 59.5 55.0 55.0
5337 0.1 60 0 0 5137 0.1 0 0 0 180 59.5 54.8 54.8
5337 0.1 60 0 0 5137 0.1 10 0 0 0 60.6 55.0 55.0
5337 0.1 60 0 0 5137 0.1 10 0 0 30 60.6 55.2 55.2
5337 0.1 60 0 0 5137 0.1 10 0 0 60 60.3 55.3 55.3
5337 0.1 60 0 0 5137 0.1 10 0 0 90 60.0 55.3 55.3
5337 0.1 60 0 0 5137 0.1 10 0 0 120 59.7 55.2 55.2
5337 0.1 60 0 0 5137 0.1 10 0 0 150 59.4 54.8 54.8
5337 0.1 60 0 0 5137 0.1 10 0 0 180 59.4 54.5 54.5
5337 0.1 60 0 0 5137 0.1 20 0 0 0 60.5 53.5 53.5
5337 0.1 60 0 0 5137 0.1 20 0 0 30 60.4 53.7 53.7
5337 0.1 60 0 0 5137 0.1 20 0 0 60 60.2 53.9 53.9
5337 0.1 60 0 0 5137 0.1 20 0 0 90 59.8 54.3 54.3
5337 0.1 60 0 0 5137 0.1 20 0 0 120 59.5 54.2 54.2
5337 0.1 60 0 0 5137 0.1 20 0 0 150 59.2 53.7 53.7
5337 0.1 60 0 0 5137 0.1 20 0 0 180 59.2 53.5 53.5
5337 0.1 60 0 0 5137 0.1 30 0 0 0 60.2 51.0 51.0
5337 0.1 60 0 0 5137 0.1 30 0 0 30 60.1 50.9 50.9
5337 0.1 60 0 0 5137 0.1 30 0 0 60 59.8 51.1 51.1
5337 0.1 60 0 0 5137 0.1 30 0 0 90 59.5 51.3 51.3
5337 0.1 60 0 0 5137 0.1 30 0 0 120 59.2 51.2 51.2
5337 0.1 60 0 0 5137 0.1 30 0 0 150 58.8 50.8 50.8
5337 0.1 60 0 0 5137 0.1 30 0 0 180 58.9 50.5 50.5
5337 0.1 60 0 0 5137 0.1 40 0 0 0 59.7 50.5 50.5
5337 0.1 60 0 0 5137 0.1 40 0 0 30 59.6 50.5 50.5
5337 0.1 60 0 0 5137 0.1 40 0 0 60 59.3 50.7 50.7
5337 0.1 60 0 0 5137 0.1 40 0 0 90 59.0 50.8 50.8
5337 0.1 60 0 0 5137 0.1 40 0 0 120 58.6 51.0 51.0
5337 0.1 60 0 0 5137 0.1 40 0 0 150 58.3 50.7 50.7
5337 0.1 60 0 0 5137 0.1 40 0 0 180 58.3 50.4 50.4
5337 0.1 60 0 0 5137 0.1 50 0 0 0 58.9 50.8 50.8
5337 0.1 60 0 0 5137 0.1 50 0 0 30 58.8 50.6 50.6
5337 0.1 60 0 0 5137 0.1 50 0 0 60 58.5 50.8 50.8
5337 0.1 60 0 0 5137 0.1 50 0 0 90 58.1 51.0 51.0
5337 0.1 60 0 0 5137 0.1 50 0 0 120 57.8 51.3 51.3
5337 0.1 60 0 0 5137 0.1 50 0 0 150 57.5 51.5 51.5
5337 0.1 60 0 0 5137 0.1 50 0 0 180 57.5 51.4 51.4
5337 0.1 60 0 0 5137 0.1 60 0 0 0 57.6 52.1 52.1
5337 0.1 60 0 0 5137 0.1 60 0 0 30 57.4 51.9 51.9
5337 0.1 60 0 0 5137 0.1 60 0 0 60 57.1 51.8 51.8
5337 0.1 60 0 0 5137 0.1 60 0 0 90 56.8 51.9 51.9
5337 0.1 60 0 0 5137 0.1 60 0 0 120 56.4 52.1 52.1
5337 0.1 60 0 0 5137 0.1 60 0 0 150 56.2 52.4 52.4
5337 0.1 60 0 0 5137 0.1 60 0 0 180 56.2 53.0 53.0
5337 0.1 60 0 0 5137 0.2 0 0 0 0 60.5 55.1 55.1
5337 0.1 60 0 0 5137 0.2 0 0 0 30 60.5 55.3 55.3
5337 0.1 60 0 0 5137 0.2 0 0 0 60 60.3 55.3 55.3
5337 0.1 60 0 0 5137 0.2 0 0 0 90 60.0 55.3 55.3
5337 0.1 60 0 0 5137 0.2 0 0 0 120 59.6 55.3 55.3
5337 0.1 60 0 0 5137 0.2 0 0 0 150 59.3 54.8 54.8
5337 0.1 60 0 0 5137 0.2 0 0 0 180 59.2 54.5 54.5
5337 0.1 60 0 0 5137 0.2 10 0 0 0 60.5 54.5 54.5
5337 0.1 60 0 0 5137 0.2 10 0 0 30 60.4 54.7 54.7
5337 0.1 60 0 0 5137 0.2 10 0 0 60 60.2 54.9 54.9
5337 0.1 60 0 0 5137 0.2 10 0 0 90 59.9 55.0 55.0
5337 0.1 60 0 0 5137 0.2 10 0 0 120 59.6 55.2 55.2
5337 0.1 60 0 0 5137 0.2 10 0 0 150 59.2 54.7 54.7
5337 0.1 60 0 0 5137 0.2 10 0 0 180 59.1 54.2 54.2
5337 0.1 60 0 0 5137 0.2 20 0 0 0 60.3 52.9 52.9
5337 0.1 60 0 0 5137 0.2 20 0 0 30 60.3 53.1 53.1
5337 0.1 60 0 0 5137 0.2 20 0 0 60 60.1 53.4 53.4
5337 0.1 60 0 0 5137 0.2 20 0 0 90 59.7 53.9 53.9
5337 0.1 60 0 0 5137 0.2 20 0 0 120 59.4 54.2 54.2
5337 0.1 60 0 0 5137 0.2 20 0 0 150 59.0 53.7 53.7
5337 0.1 60 0 0 5137 0.2 20 0 0 180 58.9 53.1 53.1
5337 0.1 60 0 0 5137 0.2 30 0 0 0 60.0 50.4 50.4
5337 0.1 60 0 0 5137 0.2 30 0 0 30 60.0 50.6 50.6
5337 0.1 60 0 0 5137 0.2 30 0 0 60 59.7 50.8 50.8
5337 0.1 60 0 0 5137 0.2 30 0 0 90 59.4 51.1 51.1
5337 0.1 60 0 0 5137 0.2 30 0 0 120 59.0 51.3 51.3
5337 0.1 60 0 0 5137 0.2 30 0 0 150 58.6 50.8 50.8
5337 0.1 60 0 0 5137 0.2 30 0 0 180 58.6 50.3 50.3
5337 0.1 60 0 0 5137 0.2 40 0 0 0 59.5 50.2 50.2
5337 0.1 60 0 0 5137 0.2 40 0 0 30 59.4 50.3 50.3
5337 0.1 60 0 0 5137 0.2 40 0 0 60 59.2 50.4 50.4
5337 0.1 60 0 0 5137 0.2 40 0 0 90 58.9 50.6 50.6
5337 0.1 60 0 0 5137 0.2 40 0 0 120 58.5 50.8 50.8
5337 0.1 60 0 0 5137 0.2 40 0 0 150 58.1 50.8 50.8
5337 0.1 60 0 0 5137 0.2 40 0 0 180 58.1 50.3 50.3
5337 0.1 60 0 0 5137 0.2 50 0 0 0 58.6 50.6 50.6
5337 0.1 60 0 0 5137 0.2 50 0 0 30 58.6 50.4 50.4
5337 0.1 60 0 0 5137 0.2 50 0 0 60 58.4 50.4 50.4
5337 0.1 60 0 0 5137 0.2 50 0 0 90 58.0 50.6 50.6
5337 0.1 60 0 0 5137 0.2 50 0 0 120 57.7 50.9 50.9
5337 0.1 60 0 0 5137 0.2 50 0 0 150 57.3 51.2 51.2
5337 0.1 60 0 0 5137 0.2 50 0 0 180 57.3 51.3 51.3
5337 0.1 60 0 0 5137 0.2 60 0 0 0 57.2 51.7 51.7
5337 0.1 60 0 0 5137 0.2 60 0 0 30 57.2 51.6 51.6
5337 0.1 60 0 0 5137 0.2 60 0 0 60 57.0 51.5 51.5
5337 0.1 60 0 0 5137 0.2 60 0 0 90 56.6 51.5 51.5
5337 0.1 60 0 0 5137 0.2 60 0 0 120 56.2 51.6 51.6
5337 0.1 60 0 0 5137 0.2 60 0 0 150 56.0 51.9 51.9
5337 0.1 60 0 0 5137 0.2 60 0 0 180 56.0 52.4 52.4
5337 0.1 60 0 0 5137 0.3 0 0 0 0 60.4 54.6 54.6
5337 0.1 60 0 0 5137 0.3 0 0 0 30 60.4 54.7 54.7
5337 0.1 60 0 0 5137 0.3 0 0 0 60 60.2 54.8 54.8
5337 0.1 60 0 0 5137 0.3 0 0 0 90 59.9 54.9 54.9
5337 0.1 60 0 0 5137 0.3 0 0 0 120 59.5 55.1 55.1
5337 0.1 60 0 0 5137 0.3 0 0 0 150 59.0 54.8 54.8
5337 0.1 60 0 0 5137 0.3 0 0 0 180 58.9 54.1 54.1
5337 0.1 60 0 0 5137 0.3 10 0 0 0 60.3 53.9 53.9
5337 0.1 60 0 0 5137 0.3 10 0 0 30 60.3 54.1 54.1
5337 0.1 60 0 0 5137 0.3 10 0 0 60 60.1 54.2 54.2
5337 0.1 60 0 0 5137 0.3 10 0 0 90 59.8 54.5 54.5
5337 0.1 60 0 0 5137 0.3 10 0 0 120 59.4 54.9 54.9
5337 0.1 60 0 0 5137 0.3 10 0 0 150 59.0 54.6 54.6
5337 0.1 60 0 0 5137 0.3 10 0 0 180 58.8 53.9 53.9
5337 0.1 60 0 0 5137 0.3 20 0 0 0 60.1 52.1 52.1
5337 0.1 60 0 0 5137 0.3 20 0 0 30 60.1 52.3 52.3
5337 0.1 60 0 0 5137 0.3 20 0 0 60 59.9 52.7 52.7
5337 0.1 60 0 0 5137 0.3 20 0 0 90 59.7 53.3 53.3
5337 0.1 60 0 0 5137 0.3 20 0 0 120 59.3 53.9 53.9
5337 0.1 60 0 0 5137 0.3 20 0 0 150 58.8 53.6 53.6
5337 0.1 60 0 0 5137 0.3 20 0 0 180 58.6 52.7 52.7
5337 0.1 60 0 0 5137 0.3 30 0 0 0 59.8 50.0 50.0
5337 0.1 60 0 0 5137 0.3 30 0 0 30 59.8 50.3 50.3
5337 0.1 60 0 0 5137 0.3 30 0 0 60 59.6 50.6 50.6
5337 0.1 60 0 0 5137 0.3 30 0 0 90 59.3 51.0 51.0
5337 0.1 60 0 0 5137 0.3 30 0 0 120 58.9 51.3 51.3
5337 0.1 60 0 0 5137 0.3 30 0 0 150 58.4 51.2 51.2
5337 0.1 60 0 0 5137 0.3 30 0 0 180 58.3 50.4 50.4
5337 0.1 60 0 0 5137 0.3 40 0 0 0 59.2 50.0 50.0
5337 0.1 60 0 0 5137 0.3 40 0 0 30 59.2 50.0 50.0
5337 0.1 60 0 0 5137 0.3 40 0 0 60 59.0 50.2 50.2
5337 0.1 60 0 0 5137 0.3 40 0 0 90 58.8 50.4 50.4
5337 0.1 60 0 0 5137 0.3 40 0 0 120 58.4 50.7 50.7
5337 0.1 60 0 0 5137 0.3 40 0 0 150 57.9 50.9 50.9
5337 0.1 60 0 0 5137 0.3 40 0 0 180 57.8 50.4 50.4
5337 0.1 60 0 0 5137 0.3 50 0 0 0 58.4 50.5 50.5
5337 0.1 60 0 0 5137 0.3 50 0 0 30 58.3 50.4 50.4
5337 0.1 60 0 0 5137 0.3 50 0 0 60 58.2 50.2 50.2
5337 0.1 60 0 0 5137 0.3 50 0 0 90 57.9 50.2 50.2
5337 0.1 60 0 0 5137 0.3 50 0 0 120 57.6 50.5 50.5
5337 0.1 60 0 0 5137 0.3 50 0 0 150 57.2 51.0 51.0
5337 0.1 60 0 0 5137 0.3 50 0 0 180 57.1 51.2 51.2
5337 0.1 60 0 0 5137 0.3 60 0 0 0 56.8 51.5 51.5
5337 0.1 60 0 0 5137 0.3 60 0 0 30 56.8 51.4 51.4
5337 0.1 60 0 0 5137 0.3 60 0 0 60 56.7 51.2 51.2
5337 0.1 60 0 0 5137 0.3 60 0 0 90 56.5 51.1 51.1
5337 0.1 60 0 0 5137 0.3 60 0 0 120 56.1 51.1 51.1
5337 0.1 60 0 0 5137 0.3 60 0 0 150 55.7 51.4 51.4
5337 0.1 60 0 0 5137 0.3 60 0 0 180 55.7 51.9 51.9
5337 0.1 60 0 0 5137 0.4 0 0 0 0 60.2 53.9 53.9
5337 0.1 60 0 0 5137 0.4 0 0 0 30 60.2 54.0 54.0
5337 0.1 60 0 0 5137 0.4 0 0 0 60 60.0 54.1 54.1
5337 0.1 60 0 0 5137 0.4 0 0 0 90 59.8 54.3 54.3
5337 0.1 60 0 0 5137 0.4 0 0 0 120 59.4 54.7 54.7
5337 0.1 60 0 0 5137 0.4 0 0 0 150 58.9 54.8 54.8
5337 0.1 60 0 0 5137 0.4 0 0 0 180 58.6 53.8 53.8
5337 0.1 60 0 0 5137 0.4 10 0 0 0 60.1 53.1 53.1
5337 0.1 60 0 0 5137 0.4 10 0 0 30 60.1 53.2 53.2
5337 0.1 60 0 0 5137 0.4 10 0 0 60 60.0 53.4 53.4
5337 0.1 60 0 0 5137 0.4 10 0 0 90 59.8 53.8 53.8
5337 0.1 60 0 0 5137 0.4 10 0 0 120 59.4 54.5 54.5
5337 0.1 60 0 0 5137 0.4 10 0 0 150 58.8 54.6 54.6
5337 0.1 60 0 0 5137 0.4 10 0 0 180 58.5 53.5 53.5
5337 0.1 60 0 0 5137 0.4 20 0 0 0 59.9 51.0 51.0
5337 0.1 60 0 0 5137 0.4 20 0 0 30 59.9 51.3 51.3
5337 0.1 60 0 0 5137 0.4 20 0 0 60 59.8 51.7 51.7
5337 0.1 60 0 0 5137 0.4 20 0 0 90 59.6 52.3 52.3
5337 0.1 60 0 0 5137 0.4 20 0 0 120 59.2 52.9 52.9
5337 0.1 60 0 0 5137 0.4 20 0 0 150 58.6 53.1 53.1
5337 0.1 60 0 0 5137 0.4 20 0 0 180 58.4 51.9 51.9
5337 0.1 60 0 0 5137 0.4 30 0 0 0 59.5 49.6 49.6
5337 0.1 60 0 0 5137 0.4 30 0 0 30 59.6 49.8 49.8
5337 0.1 60 0 0 5137 0.4 30 0 0 60 59.4 50.3 50.3
5337 0.1 60 0 0 5137 0.4 30 0 0 90 59.2 50.7 50.7
5337 0.1 60 0 0 5137 0.4 30 0 0 120 58.9 51.2 51.2
5337 0.1 60 0 0 5137 0.4 30 0 0 150 58.3 51.5 51.5
5337 0.1 60 0 0 5137 0.4 30 0 0 180 58.1 50.5 50.5
5337 0.1 60 0 0 5137 0.4 40 0 0 0 58.9 49.7 49.7
5337 0.1 60 0 0 5137 0.4 40 0 0 30 59.0 49.9 49.9
5337 0.1 60 0 0 5137 0.4 40 0 0 60 58.8 50.0 50.0
5337 0.1 60 0 0 5137 0.4 40 0 0 90 58.7 50.2 50.2
5337 0.1 60 0 0 5137 0.4 40 0 0 120 58.3 50.6 50.6
5337 0.1 60 0 0 5137 0.4 40 0 0 150 57.8 50.9 50.9
5337 0.1 60 0 0 5137 0.4 40 0 0 180 57.6 50.6 50.6
5337 0.1 60 0 0 5137 0.4 50 0 0 0 58.0 50.5 50.5
5337 0.1 60 0 0 5137 0.4 50 0 0 30 58.0 50.5 50.5
5337 0.1 60 0 0 5137 0.4 50 0 0 60 57.9 50.4 50.4
5337 0.1 60 0 0 5137 0.4 50 0 0 90 57.8 50.3 50.3
5337 0.1 60 0 0 5137 0.4 50 0 0 120 57.5 50.3 50.3
5337 0.1 60 0 0 5137 0.4 50 0 0 150 57.0 50.7 50.7
5337 0.1 60 0 0 5137 0.4 50 0 0 180 56.9 51.0 51.0
5337 0.1 60 0 0 5137 0.4 60 0 0 0 56.3 51.3 51.3
5337 0.1 60 0 0 5137 0.4 60 0 0 30 56.3 51.2 51.2
5337 0.1 60 0 0 5137 0.4 60 0 0 60 56.3 51.1 51.1
5337 0.1 60 0 0 5137 0.4 60 0 0 90 56.2 51.0 51.0
5337 0.1 60 0 0 5137 0.4 60 0 0 120 55.8 50.9 50.9
5337 0.1 60 0 0 5137 0.4 60 0 0 150 55.4 51.0 51.0
5337 0.1 60 0 0 5137 0.4 60 0 0 180 55.3 51.5 51.5
5337 0.1 60 0 0 5137 0.5 0 0 0 0 60.0 52.9 52.9
5337 0.1 60 0 0 5137 0.5 0 0 0 30 59.9 53.0 53.0
5337 0.1 60 0 0 5137 0.5 0 0 0 60 59.9 53.2 53.2
5337 0.1 60 0 0 5137 0.5 0 0 0 90 59.7 53.4 53.4
5337 0.1 60 0 0 5137 0.5 0 0 0 120 59.4 54.1 54.1
5337 0.1 60 0 0 5137 0.5 0 0 0 150 58.8 54.8 54.8
5337 0.1 60 0 0 5137 0.5 0 0 0 180 58.4 53.3 53.3
5337 0.1 60 0 0 5137 0.5 10 0 0 0 59.9 52.0 52.0
5337 0.1 60 0 0 5137 0.5 10 0 0 30 59.8 52.1 52.1
5337 0.1 60 0 0 5137 0.5 10 0 0 60 59.8 52.4 52.4
5337 0.1 60 0 0 5137 0.5 10 0 0 90 59.6 52.9 52.9
5337 0.1 60 0 0 5137 0.5 10 0 0 120 59.4 53.7 53.7
5337 0.1 60 0 0 5137 0.5 10 0 0 150 58.7 54.4 54.4
5337 0.1 60 0 0 5137 0.5 10 0 0 180 58.3 52.9 52.9
5337 0.1 60 0 0 5137 0.5 20 0 0 0 59.7 50.0 50.0
5337 0.1 60 0 0 5137 0.5 20 0 0 30 59.6 50.3 50.3
5337 0.1 60 0 0 5137 0.5 20 0 0 60 59.6 50.7 50.7
5337 0.1 60 0 0 5137 0.5 20 0 0 90 59.4 51.3 51.3
5337 0.1 60 0 0 5137 0.5 20 0 0 120 59.2 52.1 52.1
5337 0.1 60 0 0 5137 0.5 20 0 0 150 58.6 52.9 52.9
5337 0.1 60 0 0 5137 0.5 20 0 0 180 58.2 51.5 51.5
5337 0.1 60 0 0 5137 0.5 30 0 0 0 59.2 49.4 49.4
5337 0.1 60 0 0 5137 0.5 30 0 0 30 59.2 49.6 49.6
5337 0.1 60 0 0 5137 0.5 30 0 0 60 59.2 49.8 49.8
5337 0.1 60 0 0 5137 0.5 30 0 0 90 59.1 50.3 50.3
5337 0.1 60 0 0 5137 0.5 30 0 0 120 58.8 51.0 51.0
5337 0.1 60 0 0 5137 0.5 30 0 0 150 58.2 51.8 51.8
5337 0.1 60 0 0 5137 0.5 30 0 0 180 57.9 50.9 50.9
5337 0.1 60 0 0 5137 0.5 40 0 0 0 58.5 49.7 49.7
5337 0.1 60 0 0 5137 0.5 40 0 0 30 58.5 49.8 49.8
5337 0.1 60 0 0 5137 0.5 40 0 0 60 58.6 49.9 49.9
5337 0.1 60 0 0 5137 0.5 40 0 0 90 58.4 50.0 50.0
5337 0.1 60 0 0 5137 0.5 40 0 0 120 58.2 50.5 50.5
5337 0.1 60 0 0 5137 0.5 40 0 0 150 57.7 51.1 51.1
5337 0.1 60 0 0 5137 0.5 40 0 0 180 57.4 50.9 50.9
5337 0.1 60 0 0 5137 0.5 50 0 0 0 57.5 50.3 50.3
5337 0.1 60 0 0 5137 0.5 50 0 0 30 57.5 50.4 50.4
5337 0.1 60 0 0 5137 0.5 50 0 0 60 57.6 50.4 50.4
5337 0.1 60 0 0 5137 0.5 50 0 0 90 57.5 50.4 50.4
5337 0.1 60 0 0 5137 0.5 50 0 0 120 57.3 50.4 50.4
5337 0.1 60 0 0 5137 0.5 50 0 0 150 56.8 50.7 50.7
5337 0.1 60 0 0 5137 0.5 50 0 0 180 56.7 51.1 51.1
5337 0.1 60 0 0 5137 0.5 60 0 0 0 55.5 51.2 51.2
5337 0.1 60 0 0 5137 0.5 60 0 0 30 55.6 51.2 51.2
5337 0.1 60 0 0 5137 0.5 60 0 0 60 55.7 51.1 51.1
5337 0.1 60 0 0 5137 0.5 60 0 0 90 55.8 51.0 51.0
5337 0.1 60 0 0 5137 0.5 60 0 0 120 55.5 50.9 50.9
5337 0.1 60 0 0 5137 0.5 60 0 0 150 55.0 50.8 50.8
5337 0.1 60 0 0 5137 0.5 60 0 0 180 55.0 51.1 51.1
5337 0.1 60 0 0 5337 0.0 0 0 0 0 42.3 46.2 46.2
5337 0.1 60 0 0 5337 0.0 0 0 0 30 47.6 48.4 48.4
5337 0.1 60 0 0 5337 0.0 0 0 0 60 55.9 52.6 52.6
5337 0.1 60 0 0 5337 0.0 0 0 0 90 64.1 57.9 57.9
5337 0.1 60 0 0 5337 0.0 0 0 0 120 70.8 62.6 62.6
5337 0.1 60 0 0 5337 0.0 0 0 0 150 73.8 65.1 65.1
5337 0.1 60 0 0 5337 0.0 0 0 0 180 74.3 64.9 64.9
5337 0.1 60 0 0 5337 0.0 10 0 0 0 42.1 44.1 44.1
5337 0.1 60 0 0 5337 0.0 10 0 0 30 47.5 47.0 47.0
5337 0.1 60 0 0 5337 0.0 10 0 0 60 55.8 51.7 51.7
5337 0.1 60 0 0 5337 0.0 10 0 0 90 64.0 57.4 57.4
5337 0.1 60 0 0 5337 0.0 10 0 0 120 70.7 62.8 62.8
5337 0.1 60 0 0 5337 0.0 10 0 0 150 73.8 65.8 65.8
5337 0.1 60 0 0 5337 0.0 10 0 0 180 74.2 65.6 65.6
5337 0.1 60 0 0 5337 0.0 20 0 0 0 41.8 41.4 41.4
5337 0.1 60 0 0 5337 0.0 20 0 0 30 47.3 44.9 44.9
5337 0.1 60 0 0 5337 0.0 20 0 0 60 55.6 50.2 50.2
5337 0.1 60 0 0 5337 0.0 20 0 0 90 63.8 56.2 56.2
5337 0.1 60 0 0 5337 0.0 20 0 0 120 70.5 62.1 62.1
5337 0.1 60 0 0 5337 0.0 20 0 0 150 73.6 65.5 65.5
5337 0.1 60 0 0 5337 0.0 20 0 0 180 73.9 65.4 65.4
5337 0.1 60 0 0 5337 0.0 30 0 0 0 41.1 36.8 36.8
5337 0.1 60 0 0 5337 0.0 30 0 0 30 46.9 40.8 40.8
5337 0.1 60 0 0 5337 0.0 30 0 0 60 55.2 46.7 46.7
5337 0.1 60 0 0 5337 0.0 30 0 0 90 63.4 53.1 53.1
5337 0.1 60 0 0 5337 0.0 30 0 0 120 70.2 59.3 59.3
5337 0.1 60 0 0 5337 0.0 30 0 0 150 73.2 62.7 62.7
5337 0.1 60 0 0 5337 0.0 30 0 0 180 73.5 62.8 62.8
5337 0.1 60 0 0 5337 0.0 40 0 0 0 40.3 35.0 35.0
5337 0.1 60 0 0 5337 0.0 40 0 0 30 46.4 39.6 39.6
5337 0.1 60 0 0 5337 0.0 40 0 0 60 54.7 46.1 46.1
5337 0.1 60 0 0 5337 0.0 40 0 0 90 62.9 53.0 53.0
5337 0.1 60 0 0 5337 0.0 40 0 0 120 69.7 59.4 59.4
5337 0.1 60 0 0 5337 0.0 40 0 0 150 72.6 62.4 62.4
5337 0.1 60 0 0 5337 0.0 40 0 0 180 72.8 62.5 62.5
5337 0.1 60 0 0 5337 0.0 50 0 0 0 39.1 34.7 34.7
5337 0.1 60 0 0 5337 0.0 50 0 0 30 45.7 39.6 39.6
5337 0.1 60 0 0 5337 0.0 50 0 0 60 54.1 46.7 46.7
5337 0.1 60 0 0 5337 0.0 50 0 0 90 62.1 53.7 53.7
5337 0.1 60 0 0 5337 0.0 50 0 0 120 68.8 60.2 60.2
5337 0.1 60 0 0 5337 0.0 50 0 0 150 71.6 63.3 63.3
5337 0.1 60 0 0 5337 0.0 50 0 0 180 71.7 63.4 63.4
5337 0.1 60 0 0 5337 0.0 60 0 0 0 38.0 35.3 35.3
5337 0.1 60 0 0 5337 0.0 60 0 0 30 44.7 40.5 40.5
5337 0.1 60 0 0 5337 0.0 60 0 0 60 53.0 47.9 47.9
5337 0.1 60 0 0 5337 0.0 60 0 0 90 60.8 55.1 55.1
5337 0.1 60 0 0 5337 0.0 60 0 0 120 67.2 61.7 61.7
5337 0.1 60 0 0 5337 0.0 60 0 0 150 69.9 65.2 65.2
5337 0.1 60 0 0 5337 0.0 60 0 0 180 69.9 65.2 65.2
5337 0.1 60 0 0 5337 0.1 0 0 0 0 41.7 46.1 46.1
5337 0.1 60 0 0 5337 0.1 0 0 0 30 46.2 47.6 47.6
5337 0.1 60 0 0 5337 0.1 0 0 0 60 53.3 50.7 50.7
5337 0.1 60 0 0 5337 0.1 0 0 0 90 61.1 55.6 55.6
5337 0.1 60 0 0 5337 0.1 0 0 0 120 68.4 61.3 61.3
5337 0.1 60 0 0 5337 0.1 0 0 0 150 72.8 65.1 65.1
5337 0.1 60 0 0 5337 0.1 0 0 0 180 74.3 64.2 64.2
5337 0.1 60 0 0 5337 0.1 10 0 0 0 41.5 44.0 44.0
5337 0.1 60 0 0 5337 0.1 10 0 0 30 46.1 46.0 46.0
5337 0.1 60 0 0 5337 0.1 10 0 0 60 53.2 49.8 49.8
5337 0.1 60 0 0 5337 0.1 10 0 0 90 61.0 55.0 55.0
5337 0.1 60 0 0 5337 0.1 10 0 0 120 68.3 61.1 61.1
5337 0.1 60 0 0 5337 0.1 10 0 0 150 72.7 65.8 65.8
5337 0.1 60 0 0 5337 0.1 10 0 0 180 74.2 64.8 64.8
5337 0.1 60 0 0 5337 0.1 20 0 0 0 41.1 41.1 41.1
5337 0.1 60 0 0 5337 0.1 20 0 0 30 45.8 43.8 43.8
5337 0.1 60 0 0 5337 0.1 20 0 0 60 52.9 48.0 48.0
5337 0.1 60 0 0 5337 0.1 20 0 0 90 60.7 53.7 53.7
5337 0.1 60 0 0 5337 0.1 20 0 0 120 68.2 60.2 60.2
5337 0.1 60 0 0 5337 0.1 20 0 0 150 72.6 65.5 65.5
5337 0.1 60 0 0 5337 0.1 20 0 0 180 74.0 64.7 64.7
5337 0.1 60 0 0 5337 0.1 30 0 0 0 40.4 36.3 36.3
5337 0.1 60 0 0 5337 0.1 30 0 0 30 45.4 39.5 39.5
5337 0.1 60 0 0 5337 0.1 30 0 0 60 52.6 44.4 44.4
5337 0.1 60 0 0 5337 0.1 30 0 0 90 60.4 50.5 50.5
5337 0.1 60 0 0 5337 0.1 30 0 0 120 67.9 57.3 57.3
5337 0.1 60 0 0 5337 0.1 30 0 0 150 72.2 62.4 62.4
5337 0.1 60 0 0 5337 0.1 30 0 0 180 73.5 62.6 62.6
5337 0.1 60 0 0 5337 0.1 40 0 0 0 39.4 34.4 34.4
5337 0.1 60 0 0 5337 0.1 40 0 0 30 44.9 38.1 38.1
5337 0.1 60 0 0 5337 0.1 40 0 0 60 52.1 43.8 43.8
5337 0.1 60 0 0 5337 0.1 40 0 0 90 59.9 50.2 50.2
5337 0.1 60 0 0 5337 0.1 40 0 0 120 67.4 57.0 57.0
5337 0.1 60 0 0 5337 0.1 40 0 0 150 71.6 61.9 61.9
5337 0.1 60 0 0 5337 0.1 40 0 0 180 72.8 62.2 62.2
5337 0.1 60 0 0 5337 0.1 50 0 0 0 38.0 33.5 33.5
5337 0.1 60 0 0 5337 0.1 50 0 0 30 44.3 37.9 37.9
5337 0.1 60 0 0 5337 0.1 50 0 0 60 51.4 44.0 44.0
5337 0.1 60 0 0 5337 0.1 50 0 0 90 59.2 50.6 50.6
5337 0.1 60 0 0 5337 0.1 50 0 0 120 66.7 57.5 57.5
5337 0.1 60 0 0 5337 0.1 50 0 0 150 70.6 62.6 62.6
5337 0.1 60 0 0 5337 0.1 50 0 0 180 71.7 63.2 63.2
5337 0.1 60 0 0 5337 0.1 60 0 0 0 36.3 33.5 33.5
5337 0.1 60 0 0 5337 0.1 60 0 0 30 43.2 38.5 38.5
5337 0.1 60 0 0 5337 0.1 60 0 0 60 50.4 44.8 44.8
5337 0.1 60 0 0 5337 0.1 60 0 0 90 58.0 51.7 51.7
5337 0.1 60 0 0 5337 0.1 60 0 0 120 65.1 58.8 58.8
5337 0.1 60 0 0 5337 0.1 60 0 0 150 68.9 64.1 64.1
5337 0.1 60 0 0 5337 0.1 60 0 0 180 70.0 65.0 65.0
5337 0.1 60 0 0 5337 0.2 0 0 0 0 41.9 46.0 46.0
5337 0.1 60 0 0 5337 0.2 0 0 0 30 45.4 47.2 47.2
5337 0.1 60 0 0 5337 0.2 0 0 0 60 50.9 49.5 49.5
5337 0.1 60 0 0 5337 0.2 0 0 0 90 58.0 53.2 53.2
5337 0.1 60 0 0 5337 0.2 0 0 0 120 65.9 59.3 59.3
5337 0.1 60 0 0 5337 0.2 0 0 0 150 71.3 65.1 65.1
5337 0.1 60 0 0 5337 0.2 0 0 0 180 74.1 63.2 63.2
5337 0.1 60 0 0 5337 0.2 10 0 0 0 41.8 43.9 43.9
5337 0.1 60 0 0 5337 0.2 10 0 0 30 45.3 45.5 45.5
5337 0.1 60 0 0 5337 0.2 10 0 0 60 50.7 48.2 48.2
5337 0.1 60 0 0 5337 0.2 10 0 0 90 57.8 52.5 52.5
5337 0.1 60 0 0 5337 0.2 10 0 0 120 65.8 58.9 58.9
5337 0.1 60 0 0 5337 0.2 10 0 0 150 71.3 65.5 65.5
5337 0.1 60 0 0 5337 0.2 10 0 0 180 74.0 63.8 63.8
5337 0.1 60 0 0 5337 0.2 20 0 0 0 41.4 41.1 41.1
5337 0.1 60 0 0 5337 0.2 20 0 0 30 44.9 43.0 43.0
5337 0.1 60 0 0 5337 0.2 20 0 0 60 50.5 46.3 46.3
5337 0.1 60 0 0 5337 0.2 20 0 0 90 57.6 51.0 51.0
5337 0.1 60 0 0 5337 0.2 20 0 0 120 65.6 57.8 57.8
5337 0.1 60 0 0 5337 0.2 20 0 0 150 71.1 64.8 64.8
5337 0.1 60 0 0 5337 0.2 20 0 0 180 73.8 63.8 63.8
5337 0.1 60 0 0 5337 0.2 30 0 0 0 40.9 36.5 36.5
5337 0.1 60 0 0 5337 0.2 30 0 0 30 44.5 38.8 38.8
5337 0.1 60 0 0 5337 0.2 30 0 0 60 50.2 42.5 42.5
5337 0.1 60 0 0 5337 0.2 30 0 0 90 57.3 47.9 47.9
5337 0.1 60 0 0 5337 0.2 30 0 0 120 65.3 54.9 54.9
5337 0.1 60 0 0 5337 0.2 30 0 0 150 70.7 61.4 61.4
5337 0.1 60 0 0 5337 0.2 30 0 0 180 73.4 62.2 62.2
5337 0.1 60 0 0 5337 0.2 40 0 0 0 40.1 34.7 34.7
5337 0.1 60 0 0 5337 0.2 40 0 0 30 43.8 37.3 37.3
5337 0.1 60 0 0 5337 0.2 40 0 0 60 49.7 41.6 41.6
5337 0.1 60 0 0 5337 0.2 40 0 0 90 56.8 47.3 47.3
5337 0.1 60 0 0 5337 0.2 40 0 0 120 64.8 54.4 54.4
5337 0.1 60 0 0 5337 0.2 40 0 0 150 70.0 60.7 60.7
5337 0.1 60 0 0 5337 0.2 40 0 0 180 72.8 62.2 62.2
5337 0.1 60 0 0 5337 0.2 50 0 0 0 39.2 34.0 34.0
5337 0.1 60 0 0 5337 0.2 50 0 0 30 43.0 36.7 36.7
5337 0.1 60 0 0 5337 0.2 50 0 0 60 49.0 41.5 41.5
5337 0.1 60 0 0 5337 0.2 50 0 0 90 56.1 47.6 47.6
5337 0.1 60 0 0 5337 0.2 50 0 0 120 64.1 54.8 54.8
5337 0.1 60 0 0 5337 0.2 50 0 0 150 69.0 61.2 61.2
5337 0.1 60 0 0 5337 0.2 50 0 0 180 71.7 63.0 63.0
5337 0.1 60 0 0 5337 0.2 60 0 0 0 38.2 34.1 34.1
5337 0.1 60 0 0 5337 0.2 60 0 0 30 41.9 36.6 36.6
5337 0.1 60 0 0 5337 0.2 60 0 0 60 48.0 42.0 42.0
5337 0.1 60 0 0 5337 0.2 60 0 0 90 55.1 48.3 48.3
5337 0.1 60 0 0 5337 0.2 60 0 0 120 62.7 55.7 55.7
5337 0.1 60 0 0 5337 0.2 60 0 0 150 67.3 62.4 62.4
5337 0.1 60 0 0 5337 0.2 60 0 0 180 70.0 64.6 64.6
5337 0.1 60 0 0 5337 0.3 0 0 0 0 43.0 46.0 46.0
5337 0.1 60 0 0 5337 0.3 0 0 0 30 45.1 47.1 47.1
5337 0.1 60 0 0 5337 0.3 0 0 0 60 48.9 48.7 48.7
5337 0.1 60 0 0 5337 0.3 0 0 0 90 54.9 51.4 51.4
5337 0.1 60 0 0 5337 0.3 0 0 0 120 63.1 56.8 56.8
5337 0.1 60 0 0 5337 0.3 0 0 0 150 69.5 64.4 64.4
5337 0.1 60 0 0 5337 0.3 0 0 0 180 73.3 62.0 62.0
5337 0.1 60 0 0 5337 0.3 10 0 0 0 42.9 44.0 44.0
5337 0.1 60 0 0 5337 0.3 10 0 0 30 44.9 45.3 45.3
5337 0.1 60 0 0 5337 0.3 10 0 0 60 48.7 47.2 47.2
5337 0.1 60 0 0 5337 0.3 10 0 0 90 54.8 50.4 50.4
5337 0.1 60 0 0 5337 0.3 10 0 0 120 63.0 56.3 56.3
5337 0.1 60 0 0 5337 0.3 10 0 0 150 69.5 64.4 64.4
5337 0.1 60 0 0 5337 0.3 10 0 0 180 73.2 62.7 62.7
5337 0.1 60 0 0 5337 0.3 20 0 0 0 42.6 41.3 41.3
5337 0.1 60 0 0 5337 0.3 20 0 0 30 44.6 42.7 42.7
5337 0.1 60 0 0 5337 0.3 20 0 0 60 48.4 45.0 45.0
5337 0.1 60 0 0 5337 0.3 20 0 0 90 54.6 48.7 48.7
5337 0.1 60 0 0 5337 0.3 20 0 0 120 62.8 55.0 55.0
5337 0.1 60 0 0 5337 0.3 20 0 0 150 69.2 63.2 63.2
5337 0.1 60 0 0 5337 0.3 20 0 0 180 73.0 62.6 62.6
5337 0.1 60 0 0 5337 0.3 30 0 0 0 42.3 37.3 37.3
5337 0.1 60 0 0 5337 0.3 30 0 0 30 44.2 38.7 38.7
5337 0.1 60 0 0 5337 0.3 30 0 0 60 48.0 41.5 41.5
5337 0.1 60 0 0 5337 0.3 30 0 0 90 54.2 45.7 45.7
5337 0.1 60 0 0 5337 0.3 30 0 0 120 62.5 52.3 52.3
5337 0.1 60 0 0 5337 0.3 30 0 0 150 68.8 60.1 60.1
5337 0.1 60 0 0 5337 0.3 30 0 0 180 72.6 61.5 61.5
5337 0.1 60 0 0 5337 0.3 40 0 0 0 41.8 35.8 35.8
5337 0.1 60 0 0 5337 0.3 40 0 0 30 43.5 37.3 37.3
5337 0.1 60 0 0 5337 0.3 40 0 0 60 47.5 40.2 40.2
5337 0.1 60 0 0 5337 0.3 40 0 0 90 53.7 44.8 44.8
5337 0.1 60 0 0 5337 0.3 40 0 0 120 62.0 51.7 51.7
5337 0.1 60 0 0 5337 0.3 40 0 0 150 68.1 59.3 59.3
5337 0.1 60 0 0 5337 0.3 40 0 0 180 72.1 62.0 62.0
5337 0.1 60 0 0 5337 0.3 50 0 0 0 41.2 35.3 35.3
5337 0.1 60 0 0 5337 0.3 50 0 0 30 42.6 36.4 36.4
5337 0.1 60 0 0 5337 0.3 50 0 0 60 46.8 39.5 39.5
5337 0.1 60 0 0 5337 0.3 50 0 0 90 53.0 44.6 44.6
5337 0.1 60 0 0 5337 0.3 50 0 0 120 61.3 51.7 51.7
5337 0.1 60 0 0 5337 0.3 50 0 0 150 67.1 59.5 59.5
5337 0.1 60 0 0 5337 0.3 50 0 0 180 71.1 63.0 63.0
5337 0.1 60 0 0 5337 0.3 60 0 0 0 40.5 35.5 35.5
5337 0.1 60 0 0 5337 0.3 60 0 0 30 41.7 35.9 35.9
5337 0.1 60 0 0 5337 0.3 60 0 0 60 45.7 39.4 39.4
5337 0.1 60 0 0 5337 0.3 60 0 0 90 52.0 44.9 44.9
5337 0.1 60 0 0 5337 0.3 60 0 0 120 59.9 52.3 52.3
5337 0.1 60 0 0 5337 0.3 60 0 0 150 65.3 60.4 60.4
5337 0.1 60 0 0 5337 0.3 60 0 0 180 69.4 64.4 64.4
5337 0.1 60 0 0 5337 0.4 0 0 0 0 44.5 46.1 46.1
5337 0.1 60 0 0 5337 0.4 0 0 0 30 45.7 47.0 47.0
5337 0.1 60 0 0 5337 0.4 0 0 0 60 47.8 48.3 48.3
5337 0.1 60 0 0 5337 0.4 0 0 0 90 52.0 50.3 50.3
5337 0.1 60 0 0 5337 0.4 0 0 0 120 60.0 54.1 54.1
5337 0.1 60 0 0 5337 0.4 0 0 0 150 67.4 62.9 62.9
5337 0.1 60 0 0 5337 0.4 0 0 0 180 72.1 60.8 60.8
5337 0.1 60 0 0 5337 0.4 10 0 0 0 44.5 44.3 44.3
5337 0.1 60 0 0 5337 0.4 10 0 0 30 45.6 45.2 45.2
5337 0.1 60 0 0 5337 0.4 10 0 0 60 47.6 46.7 46.7
5337 0.1 60 0 0 5337 0.4 10 0 0 90 51.9 49.0 49.0
5337 0.1 60 0 0 5337 0.4 10 0 0 120 59.9 53.4 53.4
5337 0.1 60 0 0 5337 0.4 10 0 0 150 67.3 62.7 62.7
5337 0.1 60 0 0 5337 0.4 10 0 0 180 72.0 61.4 61.4
5337 0.1 60 0 0 5337 0.4 20 0 0 0 44.3 41.7 41.7
5337 0.1 60 0 0 5337 0.4 20 0 0 30 45.4 42.5 42.5
5337 0.1 60 0 0 5337 0.4 20 0 0 60 47.3 44.2 44.2
5337 0.1 60 0 0 5337 0.4 20 0 0 90 51.6 46.9 46.9
5337 0.1 60 0 0 5337 0.4 20 0 0 120 59.7 51.9 51.9
5337 0.1 60 0 0 5337 0.4 20 0 0 150 67.1 61.0 61.0
5337 0.1 60 0 0 5337 0.4 20 0 0 180 71.8 61.1 61.1
5337 0.1 60 0 0 5337 0.4 30 0 0 0 44.1 38.6 38.6
5337 0.1 60 0 0 5337 0.4 30 0 0 30 45.0 39.3 39.3
5337 0.1 60 0 0 5337 0.4 30 0 0 60 46.9 41.2 41.2
5337 0.1 60 0 0 5337 0.4 30 0 0 90 51.3 44.1 44.1
5337 0.1 60 0 0 5337 0.4 30 0 0 120 59.3 49.7 49.7
5337 0.1 60 0 0 5337 0.4 30 0 0 150 66.6 58.4 58.4
5337 0.1 60 0 0 5337 0.4 30 0 0 180 71.4 60.7 60.7
5337 0.1 60 0 0 5337 0.4 40 0 0 0 43.8 37.4 37.4
5337 0.1 60 0 0 5337 0.4 40 0 0 30 44.6 37.9 37.9
5337 0.1 60 0 0 5337 0.4 40 0 0 60 46.3 39.7 39.7
5337 0.1 60 0 0 5337 0.4 40 0 0 90 50.8 42.8 42.8
5337 0.1 60 0 0 5337 0.4 40 0 0 120 58.8 48.8 48.8
5337 0.1 60 0 0 5337 0.4 40 0 0 150 65.9 57.6 57.6
5337 0.1 60 0 0 5337 0.4 40 0 0 180 70.7 61.7 61.7
5337 0.1 60 0 0 5337 0.4 50 0 0 0 43.4 37.0 37.0
5337 0.1 60 0 0 5337 0.4 50 0 0 30 44.1 37.2 37.2
5337 0.1 60 0 0 5337 0.4 50 0 0 60 45.5 38.7 38.7
5337 0.1 60 0 0 5337 0.4 50 0 0 90 50.1 42.0 42.0
5337 0.1 60 0 0 5337 0.4 50 0 0 120 58.1 48.4 48.4
5337 0.1 60 0 0 5337 0.4 50 0 0 150 64.9 57.4 57.4
5337 0.1 60 0 0 5337 0.4 50 0 0 180 69.7 62.7 62.7
5337 0.1 60 0 0 5337 0.4 60 0 0 0 42.9 37.1 37.1
5337 0.1 60 0 0 5337 0.4 60 0 0 30 43.5 37.1 37.1
5337 0.1 60 0 0 5337 0.4 60 0 0 60 44.7 38.1 38.1
5337 0.1 60 0 0 5337 0.4 60 0 0 90 49.0 41.8 41.8
5337 0.1 60 0 0 5337 0.4 60 0 0 120 56.7 48.7 48.7
5337 0.1 60 0 0 5337 0.4 60 0 0 150 63.0 58.0 58.0
5337 0.1 60 0 0 5337 0.4 60 0 0 180 67.8 64.1 64.1
5337 0.1 60 0 0 5337 0.5 0 0 0 0 46.4 46.4 46.4
5337 0.1 60 0 0 5337 0.5 0 0 0 30 47.0 47.0 47.0
5337 0.1 60 0 0 5337 0.5 0 0 0 60 47.9 48.1 48.1
5337 0.1 60 0 0 5337 0.5 0 0 0 90 50.2 49.6 49.6
5337 0.1 60 0 0 5337 0.5 0 0 0 120 56.4 52.6 52.6
5337 0.1 60 0 0 5337 0.5 0 0 0 150 64.9 60.6 60.6
5337 0.1 60 0 0 5337 0.5 0 0 0 180 70.6 59.4 59.4
5337 0.1 60 0 0 5337 0.5 10 0 0 0 46.3 44.8 44.8
5337 0.1 60 0 0 5337 0.5 10 0 0 30 46.9 45.2 45.2
5337 0.1 60 0 0 5337 0.5 10 0 0 60 47.8 46.4 46.4
5337 0.1 60 0 0 5337 0.5 10 0 0 90 50.1 48.1 48.1
5337 0.1 60 0 0 5337 0.5 10 0 0 120 56.3 51.4 51.4
5337 0.1 60 0 0 5337 0.5 10 0 0 150 64.8 60.2 60.2
5337 0.1 60 0 0 5337 0.5 10 0 0 180 70.5 59.9 59.9
5337 0.1 60 0 0 5337 0.5 20 0 0 0 46.2 42.3 42.3
5337 0.1 60 0 0 5337 0.5 20 0 0 30 46.7 42.6 42.6
5337 0.1 60 0 0 5337 0.5 20 0 0 60 47.7 43.7 43.7
5337 0.1 60 0 0 5337 0.5 20 0 0 90 49.8 45.7 45.7
5337 0.1 60 0 0 5337 0.5 20 0 0 120 56.1 49.4 49.4
5337 0.1 60 0 0 5337 0.5 20 0 0 150 64.6 57.9 57.9
5337 0.1 60 0 0 5337 0.5 20 0 0 180 70.3 59.3 59.3
5337 0.1 60 0 0 5337 0.5 30 0 0 0 46.1 40.4 40.4
5337 0.1 60 0 0 5337 0.5 30 0 0 30 46.5 40.6 40.6
5337 0.1 60 0 0 5337 0.5 30 0 0 60 47.4 41.4 41.4
5337 0.1 60 0 0 5337 0.5 30 0 0 90 49.3 43.5 43.5
5337 0.1 60 0 0 5337 0.5 30 0 0 120 55.7 47.5 47.5
5337 0.1 60 0 0 5337 0.5 30 0 0 150 64.1 56.4 56.4
5337 0.1 60 0 0 5337 0.5 30 0 0 180 69.8 60.0 60.0
5337 0.1 60 0 0 5337 0.5 40 0 0 0 45.9 39.3 39.3
5337 0.1 60 0 0 5337 0.5 40 0 0 30 46.3 39.4 39.4
5337 0.1 60 0 0 5337 0.5 40 0 0 60 47.0 39.9 39.9
5337 0.1 60 0 0 5337 0.5 40 0 0 90 48.8 41.9 41.9
5337 0.1 60 0 0 5337 0.5 40 0 0 120 55.2 46.2 46.2
5337 0.1 60 0 0 5337 0.5 40 0 0 150 63.4 55.5 55.5
5337 0.1 60 0 0 5337 0.5 40 0 0 180 69.1 61.1 61.1
5337 0.1 60 0 0 5337 0.5 50 0 0 0 45.7 38.9 38.9
5337 0.1 60 0 0 5337 0.5 50 0 0 30 46.0 38.9 38.9
5337 0.1 60 0 0 5337 0.5 50 0 0 60 46.7 39.3 39.3
5337 0.1 60 0 0 5337 0.5 50 0 0 90 48.2 41.0 41.0
5337 0.1 60 0 0 5337 0.5 50 0 0 120 54.5 45.5 45.5
5337 0.1 60 0 0 5337 0.5 50 0 0 150 62.2 55.3 55.3
5337 0.1 60 0 0 5337 0.5 50 0 0 180 67.9 62.0 62.0
5337 0.1 60 0 0 5337 0.5 60 0 0 0 45.4 38.9 38.9
5337 0.1 60 0 0 5337 0.5 60 0 0 30 45.7 38.8 38.8
5337 0.1 60 0 0 5337 0.5 60 0 0 60 46.3 39.0 39.0
5337 0.1 60 0 0 5337 0.5 60 0 0 90 47.6 40.3 40.3
5337 0.1 60 0 0 5337 0.5 60 0 0 120 52.9 45.1 45.1
5337 0.1 60 0 0 5337 0.5 60 0 0 150 60.1 55.4 55.4
5337 0.1 60 0 0 5337 0.5 60 0 0 180 65.7 63.1 63.1
