5337 0 60 0 0 4737 0 0 0 0 0 60 54 54
5337 0 60 0 0 4737 0 0 0 0 30 60 54 54
5337 0 60 0 0 4737 0 0 0 0 60 60 55 55
5337 0 60 0 0 4737 0 0 0 0 90 60 55 55
5337 0 60 0 0 4737 0 0 0 0 120 60 55 55
5337 0 60 0 0 4737 0 0 0 0 150 60 55 55
5337 0 60 0 0 4737 0 0 0 0 180 60 55 55
5337 0 60 0 0 4737 0 10 0 0 0 60 54 54
5337 0 60 0 0 4737 0 10 0 0 30 60 54 54
5337 0 60 0 0 4737 0 10 0 0 60 60 54 54
5337 0 60 0 0 4737 0 10 0 0 90 60 54 54
5337 0 60 0 0 4737 0 10 0 0 120 60 54 54
5337 0 60 0 0 4737 0 10 0 0 150 60 55 55
5337 0 60 0 0 4737 0 10 0 0 180 60 54 54
5337 0 60 0 0 4737 0 20 0 0 0 59 53 53
5337 0 60 0 0 4737 0 20 0 0 30 59 53 53
5337 0 60 0 0 4737 0 20 0 0 60 60 53 53
5337 0 60 0 0 4737 0 20 0 0 90 59 53 53
5337 0 60 0 0 4737 0 20 0 0 120 59 53 53
5337 0 60 0 0 4737 0 20 0 0 150 59 53 53
5337 0 60 0 0 4737 0 20 0 0 180 59 53 53
5337 0 60 0 0 4737 0 30 0 0 0 59 50 50
5337 0 60 0 0 4737 0 30 0 0 30 59 50 50
5337 0 60 0 0 4737 0 30 0 0 60 59 50 50
5337 0 60 0 0 4737 0 30 0 0 90 59 50 50
5337 0 60 0 0 4737 0 30 0 0 120 59 50 50
5337 0 60 0 0 4737 0 30 0 0 150 59 51 51
5337 0 60 0 0 4737 0 30 0 0 180 59 51 51
5337 0 60 0 0 4737 0 40 0 0 0 58 50 50
5337 0 60 0 0 4737 0 40 0 0 30 58 50 50
5337 0 60 0 0 4737 0 40 0 0 60 59 50 50
5337 0 60 0 0 4737 0 40 0 0 90 59 50 50
5337 0 60 0 0 4737 0 40 0 0 120 58 50 50
5337 0 60 0 0 4737 0 40 0 0 150 58 51 51
5337 0 60 0 0 4737 0 40 0 0 180 58 50 50
5337 0 60 0 0 4737 0 50 0 0 0 57 51 51
5337 0 60 0 0 4737 0 50 0 0 30 58 51 51
5337 0 60 0 0 4737 0 50 0 0 60 58 51 51
5337 0 60 0 0 4737 0 50 0 0 90 58 51 51
5337 0 60 0 0 4737 0 50 0 0 120 58 51 51
5337 0 60 0 0 4737 0 50 0 0 150 58 51 51
5337 0 60 0 0 4737 0 50 0 0 180 57 51 51
5337 0 60 0 0 4737 0 60 0 0 0 56 52 52
5337 0 60 0 0 4737 0 60 0 0 30 56 52 52
5337 0 60 0 0 4737 0 60 0 0 60 56 52 52
5337 0 60 0 0 4737 0 60 0 0 90 56 52 52
5337 0 60 0 0 4737 0 60 0 0 120 56 52 52
5337 0 60 0 0 4737 0 60 0 0 150 56 52 52
5337 0 60 0 0 4737 0 60 0 0 180 56 52 52
5337 0 60 0 0 4737 0 0 0 0 0 59 53 53
5337 0 60 0 0 4737 0 0 0 0 30 59 54 54
5337 0 60 0 0 4737 0 0 0 0 60 59 54 54
5337 0 60 0 0 4737 0 0 0 0 90 59 54 54
5337 0 60 0 0 4737 0 0 0 0 120 59 54 54
5337 0 60 0 0 4737 0 0 0 0 150 59 54 54
5337 0 60 0 0 4737 0 0 0 0 180 59 54 54
5337 0 60 0 0 4737 0 10 0 0 0 59 53 53
5337 0 60 0 0 4737 0 10 0 0 30 59 53 53
5337 0 60 0 0 4737 0 10 0 0 60 59 53 53
5337 0 60 0 0 4737 0 10 0 0 90 59 54 54
5337 0 60 0 0 4737 0 10 0 0 120 59 54 54
5337 0 60 0 0 4737 0 10 0 0 150 59 54 54
5337 0 60 0 0 4737 0 10 0 0 180 59 54 54
5337 0 60 0 0 4737 0 20 0 0 0 59 52 52
5337 0 60 0 0 4737 0 20 0 0 30 59 52 52
5337 0 60 0 0 4737 0 20 0 0 60 59 52 52
5337 0 60 0 0 4737 0 20 0 0 90 59 52 52
5337 0 60 0 0 4737 0 20 0 0 120 59 52 52
5337 0 60 0 0 4737 0 20 0 0 150 59 52 52
5337 0 60 0 0 4737 0 20 0 0 180 59 52 52
5337 0 60 0 0 4737 0 30 0 0 0 58 49 49
5337 0 60 0 0 4737 0 30 0 0 30 58 49 49
5337 0 60 0 0 4737 0 30 0 0 60 59 49 49
5337 0 60 0 0 4737 0 30 0 0 90 58 49 49
5337 0 60 0 0 4737 0 30 0 0 120 58 49 49
5337 0 60 0 0 4737 0 30 0 0 150 58 50 50
5337 0 60 0 0 4737 0 30 0 0 180 58 50 50
5337 0 60 0 0 4737 0 40 0 0 0 58 49 49
5337 0 60 0 0 4737 0 40 0 0 30 58 49 49
5337 0 60 0 0 4737 0 40 0 0 60 58 49 49
5337 0 60 0 0 4737 0 40 0 0 90 58 49 49
5337 0 60 0 0 4737 0 40 0 0 120 58 49 49
5337 0 60 0 0 4737 0 40 0 0 150 58 50 50
5337 0 60 0 0 4737 0 40 0 0 180 58 50 50
5337 0 60 0 0 4737 0 50 0 0 0 57 50 50
5337 0 60 0 0 4737 0 50 0 0 30 57 50 50
5337 0 60 0 0 4737 0 50 0 0 60 57 50 50
5337 0 60 0 0 4737 0 50 0 0 90 57 50 50
5337 0 60 0 0 4737 0 50 0 0 120 57 50 50
5337 0 60 0 0 4737 0 50 0 0 150 57 50 50
5337 0 60 0 0 4737 0 50 0 0 180 57 50 50
5337 0 60 0 0 4737 0 60 0 0 0 55 51 51
5337 0 60 0 0 4737 0 60 0 0 30 55 51 51
5337 0 60 0 0 4737 0 60 0 0 60 55 51 51
5337 0 60 0 0 4737 0 60 0 0 90 55 51 51
5337 0 60 0 0 4737 0 60 0 0 120 55 51 51
5337 0 60 0 0 4737 0 60 0 0 150 55 52 52
5337 0 60 0 0 4737 0 60 0 0 180 55 52 52
5337 0 60 0 0 4737 0 0 0 0 0 58 53 53
5337 0 60 0 0 4737 0 0 0 0 30 58 53 53
5337 0 60 0 0 4737 0 0 0 0 60 58 53 53
5337 0 60 0 0 4737 0 0 0 0 90 59 53 53
5337 0 60 0 0 4737 0 0 0 0 120 58 53 53
5337 0 60 0 0 4737 0 0 0 0 150 58 54 54
5337 0 60 0 0 4737 0 0 0 0 180 58 53 53
5337 0 60 0 0 4737 0 10 0 0 0 58 52 52
5337 0 60 0 0 4737 0 10 0 0 30 58 52 52
5337 0 60 0 0 4737 0 10 0 0 60 58 52 52
5337 0 60 0 0 4737 0 10 0 0 90 58 53 53
5337 0 60 0 0 4737 0 10 0 0 120 58 53 53
5337 0 60 0 0 4737 0 10 0 0 150 58 53 53
5337 0 60 0 0 4737 0 10 0 0 180 58 53 53
5337 0 60 0 0 4737 0 20 0 0 0 58 51 51
5337 0 60 0 0 4737 0 20 0 0 30 58 51 51
5337 0 60 0 0 4737 0 20 0 0 60 58 51 51
5337 0 60 0 0 4737 0 20 0 0 90 58 51 51
5337 0 60 0 0 4737 0 20 0 0 120 58 51 51
5337 0 60 0 0 4737 0 20 0 0 150 58 52 52
5337 0 60 0 0 4737 0 20 0 0 180 58 51 51
5337 0 60 0 0 4737 0 30 0 0 0 58 49 49
5337 0 60 0 0 4737 0 30 0 0 30 57 49 49
5337 0 60 0 0 4737 0 30 0 0 60 58 49 49
5337 0 60 0 0 4737 0 30 0 0 90 58 49 49
5337 0 60 0 0 4737 0 30 0 0 120 58 49 49
5337 0 60 0 0 4737 0 30 0 0 150 58 49 49
5337 0 60 0 0 4737 0 30 0 0 180 57 49 49
5337 0 60 0 0 4737 0 40 0 0 0 57 49 49
5337 0 60 0 0 4737 0 40 0 0 30 57 49 49
5337 0 60 0 0 4737 0 40 0 0 60 57 49 49
5337 0 60 0 0 4737 0 40 0 0 90 57 49 49
5337 0 60 0 0 4737 0 40 0 0 120 57 49 49
5337 0 60 0 0 4737 0 40 0 0 150 57 49 49
5337 0 60 0 0 4737 0 40 0 0 180 57 49 49
5337 0 60 0 0 4737 0 50 0 0 0 56 50 50
5337 0 60 0 0 4737 0 50 0 0 30 56 50 50
5337 0 60 0 0 4737 0 50 0 0 60 56 49 49
5337 0 60 0 0 4737 0 50 0 0 90 56 50 50
5337 0 60 0 0 4737 0 50 0 0 120 56 50 50
5337 0 60 0 0 4737 0 50 0 0 150 56 50 50
5337 0 60 0 0 4737 0 50 0 0 180 56 50 50
5337 0 60 0 0 4737 0 60 0 0 0 54 50 50
5337 0 60 0 0 4737 0 60 0 0 30 54 50 50
5337 0 60 0 0 4737 0 60 0 0 60 55 50 50
5337 0 60 0 0 4737 0 60 0 0 90 55 51 51
5337 0 60 0 0 4737 0 60 0 0 120 54 51 51
5337 0 60 0 0 4737 0 60 0 0 150 55 51 51
5337 0 60 0 0 4737 0 60 0 0 180 54 51 51
5337 0 60 0 0 4737 0 0 0 0 0 58 52 52
5337 0 60 0 0 4737 0 0 0 0 30 57 52 52
5337 0 60 0 0 4737 0 0 0 0 60 58 52 52
5337 0 60 0 0 4737 0 0 0 0 90 58 52 52
5337 0 60 0 0 4737 0 0 0 0 120 58 52 52
5337 0 60 0 0 4737 0 0 0 0 150 58 53 53
5337 0 60 0 0 4737 0 0 0 0 180 58 53 53
5337 0 60 0 0 4737 0 10 0 0 0 57 51 51
5337 0 60 0 0 4737 0 10 0 0 30 57 51 51
5337 0 60 0 0 4737 0 10 0 0 60 58 52 52
5337 0 60 0 0 4737 0 10 0 0 90 58 52 52
5337 0 60 0 0 4737 0 10 0 0 120 58 52 52
5337 0 60 0 0 4737 0 10 0 0 150 58 52 52
5337 0 60 0 0 4737 0 10 0 0 180 57 52 52
5337 0 60 0 0 4737 0 20 0 0 0 57 50 50
5337 0 60 0 0 4737 0 20 0 0 30 57 50 50
5337 0 60 0 0 4737 0 20 0 0 60 57 50 50
5337 0 60 0 0 4737 0 20 0 0 90 57 50 50
5337 0 60 0 0 4737 0 20 0 0 120 57 50 50
5337 0 60 0 0 4737 0 20 0 0 150 57 50 50
5337 0 60 0 0 4737 0 20 0 0 180 57 50 50
5337 0 60 0 0 4737 0 30 0 0 0 57 48 48
5337 0 60 0 0 4737 0 30 0 0 30 57 48 48
5337 0 60 0 0 4737 0 30 0 0 60 57 48 48
5337 0 60 0 0 4737 0 30 0 0 90 57 48 48
5337 0 60 0 0 4737 0 30 0 0 120 57 48 48
5337 0 60 0 0 4737 0 30 0 0 150 57 49 49
5337 0 60 0 0 4737 0 30 0 0 180 57 49 49
5337 0 60 0 0 4737 0 40 0 0 0 56 48 48
5337 0 60 0 0 4737 0 40 0 0 30 56 48 48
5337 0 60 0 0 4737 0 40 0 0 60 56 48 48
5337 0 60 0 0 4737 0 40 0 0 90 56 48 48
5337 0 60 0 0 4737 0 40 0 0 120 56 48 48
5337 0 60 0 0 4737 0 40 0 0 150 56 49 49
5337 0 60 0 0 4737 0 40 0 0 180 56 49 49
5337 0 60 0 0 4737 0 50 0 0 0 55 49 49
5337 0 60 0 0 4737 0 50 0 0 30 55 49 49
5337 0 60 0 0 4737 0 50 0 0 60 55 49 49
5337 0 60 0 0 4737 0 50 0 0 90 55 49 49
5337 0 60 0 0 4737 0 50 0 0 120 55 49 49
5337 0 60 0 0 4737 0 50 0 0 150 55 49 49
5337 0 60 0 0 4737 0 50 0 0 180 55 49 49
5337 0 60 0 0 4737 0 60 0 0 0 53 50 50
5337 0 60 0 0 4737 0 60 0 0 30 53 50 50
5337 0 60 0 0 4737 0 60 0 0 60 54 50 50
5337 0 60 0 0 4737 0 60 0 0 90 54 50 50
5337 0 60 0 0 4737 0 60 0 0 120 53 50 50
5337 0 60 0 0 4737 0 60 0 0 150 53 50 50
5337 0 60 0 0 4737 0 60 0 0 180 53 50 50
5337 0 60 0 0 4737 0 0 0 0 0 57 51 51
5337 0 60 0 0 4737 0 0 0 0 30 57 51 51
5337 0 60 0 0 4737 0 0 0 0 60 57 51 51
5337 0 60 0 0 4737 0 0 0 0 90 57 51 51
5337 0 60 0 0 4737 0 0 0 0 120 57 51 51
5337 0 60 0 0 4737 0 0 0 0 150 57 52 52
5337 0 60 0 0 4737 0 0 0 0 180 57 52 52
5337 0 60 0 0 4737 0 10 0 0 0 57 50 50
5337 0 60 0 0 4737 0 10 0 0 30 57 50 50
5337 0 60 0 0 4737 0 10 0 0 60 57 50 50
5337 0 60 0 0 4737 0 10 0 0 90 57 51 51
5337 0 60 0 0 4737 0 10 0 0 120 57 51 51
5337 0 60 0 0 4737 0 10 0 0 150 57 51 51
5337 0 60 0 0 4737 0 10 0 0 180 57 51 51
5337 0 60 0 0 4737 0 20 0 0 0 57 48 48
5337 0 60 0 0 4737 0 20 0 0 30 57 48 48
5337 0 60 0 0 4737 0 20 0 0 60 57 48 48
5337 0 60 0 0 4737 0 20 0 0 90 57 49 49
5337 0 60 0 0 4737 0 20 0 0 120 57 49 49
5337 0 60 0 0 4737 0 20 0 0 150 57 49 49
5337 0 60 0 0 4737 0 20 0 0 180 57 49 49
5337 0 60 0 0 4737 0 30 0 0 0 56 48 48
5337 0 60 0 0 4737 0 30 0 0 30 56 48 48
5337 0 60 0 0 4737 0 30 0 0 60 56 48 48
5337 0 60 0 0 4737 0 30 0 0 90 56 48 48
5337 0 60 0 0 4737 0 30 0 0 120 56 48 48
5337 0 60 0 0 4737 0 30 0 0 150 56 48 48
5337 0 60 0 0 4737 0 30 0 0 180 56 48 48
5337 0 60 0 0 4737 0 40 0 0 0 55 48 48
5337 0 60 0 0 4737 0 40 0 0 30 56 48 48
5337 0 60 0 0 4737 0 40 0 0 60 56 48 48
5337 0 60 0 0 4737 0 40 0 0 90 56 48 48
5337 0 60 0 0 4737 0 40 0 0 120 56 48 48
5337 0 60 0 0 4737 0 40 0 0 150 55 48 48
5337 0 60 0 0 4737 0 40 0 0 180 55 48 48
5337 0 60 0 0 4737 0 50 0 0 0 54 48 48
5337 0 60 0 0 4737 0 50 0 0 30 55 48 48
5337 0 60 0 0 4737 0 50 0 0 60 54 49 49
5337 0 60 0 0 4737 0 50 0 0 90 54 49 49
5337 0 60 0 0 4737 0 50 0 0 120 55 49 49
5337 0 60 0 0 4737 0 50 0 0 150 54 49 49
5337 0 60 0 0 4737 0 50 0 0 180 54 49 49
5337 0 60 0 0 4737 0 60 0 0 0 52 49 49
5337 0 60 0 0 4737 0 60 0 0 30 52 49 49
5337 0 60 0 0 4737 0 60 0 0 60 52 49 49
5337 0 60 0 0 4737 0 60 0 0 90 52 49 49
5337 0 60 0 0 4737 0 60 0 0 120 53 49 49
5337 0 60 0 0 4737 0 60 0 0 150 52 50 50
5337 0 60 0 0 4737 0 60 0 0 180 52 50 50
5337 0 60 0 0 4737 0 0 0 0 0 56 50 50
5337 0 60 0 0 4737 0 0 0 0 30 56 50 50
5337 0 60 0 0 4737 0 0 0 0 60 56 50 50
5337 0 60 0 0 4737 0 0 0 0 90 56 50 50
5337 0 60 0 0 4737 0 0 0 0 120 56 50 50
5337 0 60 0 0 4737 0 0 0 0 150 56 50 50
5337 0 60 0 0 4737 0 0 0 0 180 56 50 50
5337 0 60 0 0 4737 0 10 0 0 0 56 49 49
5337 0 60 0 0 4737 0 10 0 0 30 56 49 49
5337 0 60 0 0 4737 0 10 0 0 60 56 49 49
5337 0 60 0 0 4737 0 10 0 0 90 56 49 49
5337 0 60 0 0 4737 0 10 0 0 120 56 49 49
5337 0 60 0 0 4737 0 10 0 0 150 56 50 50
5337 0 60 0 0 4737 0 10 0 0 180 56 50 50
5337 0 60 0 0 4737 0 20 0 0 0 56 48 48
5337 0 60 0 0 4737 0 20 0 0 30 56 48 48
5337 0 60 0 0 4737 0 20 0 0 60 56 48 48
5337 0 60 0 0 4737 0 20 0 0 90 56 48 48
5337 0 60 0 0 4737 0 20 0 0 120 56 48 48
5337 0 60 0 0 4737 0 20 0 0 150 56 49 49
5337 0 60 0 0 4737 0 20 0 0 180 56 48 48
5337 0 60 0 0 4737 0 30 0 0 0 55 48 48
5337 0 60 0 0 4737 0 30 0 0 30 55 48 48
5337 0 60 0 0 4737 0 30 0 0 60 55 48 48
5337 0 60 0 0 4737 0 30 0 0 90 55 48 48
5337 0 60 0 0 4737 0 30 0 0 120 55 48 48
5337 0 60 0 0 4737 0 30 0 0 150 55 48 48
5337 0 60 0 0 4737 0 30 0 0 180 55 48 48
5337 0 60 0 0 4737 0 40 0 0 0 55 48 48
5337 0 60 0 0 4737 0 40 0 0 30 55 48 48
5337 0 60 0 0 4737 0 40 0 0 60 55 48 48
5337 0 60 0 0 4737 0 40 0 0 90 55 48 48
5337 0 60 0 0 4737 0 40 0 0 120 55 48 48
5337 0 60 0 0 4737 0 40 0 0 150 54 48 48
5337 0 60 0 0 4737 0 40 0 0 180 54 48 48
5337 0 60 0 0 4737 0 50 0 0 0 54 48 48
5337 0 60 0 0 4737 0 50 0 0 30 54 48 48
5337 0 60 0 0 4737 0 50 0 0 60 54 48 48
5337 0 60 0 0 4737 0 50 0 0 90 54 48 48
5337 0 60 0 0 4737 0 50 0 0 120 53 49 49
5337 0 60 0 0 4737 0 50 0 0 150 53 49 49
5337 0 60 0 0 4737 0 50 0 0 180 53 49 49
5337 0 60 0 0 4737 0 60 0 0 0 52 49 49
5337 0 60 0 0 4737 0 60 0 0 30 52 48 48
5337 0 60 0 0 4737 0 60 0 0 60 52 48 48
5337 0 60 0 0 4737 0 60 0 0 90 52 49 49
5337 0 60 0 0 4737 0 60 0 0 120 51 49 49
5337 0 60 0 0 4737 0 60 0 0 150 51 49 49
5337 0 60 0 0 4737 0 60 0 0 180 51 49 49
5337 0 60 0 0 4937 0 0 0 0 0 60 54 54
5337 0 60 0 0 4937 0 0 0 0 30 60 55 55
5337 0 60 0 0 4937 0 0 0 0 60 60 55 55
5337 0 60 0 0 4937 0 0 0 0 90 60 56 56
5337 0 60 0 0 4937 0 0 0 0 120 60 56 56
5337 0 60 0 0 4937 0 0 0 0 150 60 56 56
5337 0 60 0 0 4937 0 0 0 0 180 60 56 56
5337 0 60 0 0 4937 0 10 0 0 0 60 54 54
5337 0 60 0 0 4937 0 10 0 0 30 60 54 54
5337 0 60 0 0 4937 0 10 0 0 60 60 54 54
5337 0 60 0 0 4937 0 10 0 0 90 60 55 55
5337 0 60 0 0 4937 0 10 0 0 120 60 56 56
5337 0 60 0 0 4937 0 10 0 0 150 60 56 56
5337 0 60 0 0 4937 0 10 0 0 180 60 56 56
5337 0 60 0 0 4937 0 20 0 0 0 60 53 53
5337 0 60 0 0 4937 0 20 0 0 30 60 53 53
5337 0 60 0 0 4937 0 20 0 0 60 60 53 53
5337 0 60 0 0 4937 0 20 0 0 90 60 54 54
5337 0 60 0 0 4937 0 20 0 0 120 60 54 54
5337 0 60 0 0 4937 0 20 0 0 150 60 55 55
5337 0 60 0 0 4937 0 20 0 0 180 60 54 54
5337 0 60 0 0 4937 0 30 0 0 0 59 51 51
5337 0 60 0 0 4937 0 30 0 0 30 59 51 51
5337 0 60 0 0 4937 0 30 0 0 60 60 51 51
5337 0 60 0 0 4937 0 30 0 0 90 60 52 52
5337 0 60 0 0 4937 0 30 0 0 120 60 52 52
5337 0 60 0 0 4937 0 30 0 0 150 59 51 51
5337 0 60 0 0 4937 0 30 0 0 180 59 51 51
5337 0 60 0 0 4937 0 40 0 0 0 59 50 50
5337 0 60 0 0 4937 0 40 0 0 30 59 51 51
5337 0 60 0 0 4937 0 40 0 0 60 59 51 51
5337 0 60 0 0 4937 0 40 0 0 90 59 51 51
5337 0 60 0 0 4937 0 40 0 0 120 59 51 51
5337 0 60 0 0 4937 0 40 0 0 150 59 51 51
5337 0 60 0 0 4937 0 40 0 0 180 59 51 51
5337 0 60 0 0 4937 0 50 0 0 0 58 51 51
5337 0 60 0 0 4937 0 50 0 0 30 58 51 51
5337 0 60 0 0 4937 0 50 0 0 60 58 52 52
5337 0 60 0 0 4937 0 50 0 0 90 58 52 52
5337 0 60 0 0 4937 0 50 0 0 120 58 52 52
5337 0 60 0 0 4937 0 50 0 0 150 58 52 52
5337 0 60 0 0 4937 0 50 0 0 180 58 52 52
5337 0 60 0 0 4937 0 60 0 0 0 56 52 52
5337 0 60 0 0 4937 0 60 0 0 30 57 52 52
5337 0 60 0 0 4937 0 60 0 0 60 57 53 53
5337 0 60 0 0 4937 0 60 0 0 90 57 53 53
5337 0 60 0 0 4937 0 60 0 0 120 57 53 53
5337 0 60 0 0 4937 0 60 0 0 150 57 53 53
5337 0 60 0 0 4937 0 60 0 0 180 57 53 53
5337 0 60 0 0 4937 0 0 0 0 0 59 54 54
5337 0 60 0 0 4937 0 0 0 0 30 59 54 54
5337 0 60 0 0 4937 0 0 0 0 60 60 54 54
5337 0 60 0 0 4937 0 0 0 0 90 59 55 55
5337 0 60 0 0 4937 0 0 0 0 120 60 55 55
5337 0 60 0 0 4937 0 0 0 0 150 59 55 55
5337 0 60 0 0 4937 0 0 0 0 180 59 55 55
5337 0 60 0 0 4937 0 10 0 0 0 59 53 53
5337 0 60 0 0 4937 0 10 0 0 30 59 53 53
5337 0 60 0 0 4937 0 10 0 0 60 59 54 54
5337 0 60 0 0 4937 0 10 0 0 90 59 54 54
5337 0 60 0 0 4937 0 10 0 0 120 60 55 55
5337 0 60 0 0 4937 0 10 0 0 150 59 55 55
5337 0 60 0 0 4937 0 10 0 0 180 59 55 55
5337 0 60 0 0 4937 0 20 0 0 0 59 52 52
5337 0 60 0 0 4937 0 20 0 0 30 59 52 52
5337 0 60 0 0 4937 0 20 0 0 60 59 53 53
5337 0 60 0 0 4937 0 20 0 0 90 59 53 53
5337 0 60 0 0 4937 0 20 0 0 120 59 54 54
5337 0 60 0 0 4937 0 20 0 0 150 59 54 54
5337 0 60 0 0 4937 0 20 0 0 180 59 54 54
5337 0 60 0 0 4937 0 30 0 0 0 59 50 50
5337 0 60 0 0 4937 0 30 0 0 30 59 50 50
5337 0 60 0 0 4937 0 30 0 0 60 59 50 50
5337 0 60 0 0 4937 0 30 0 0 90 59 51 51
5337 0 60 0 0 4937 0 30 0 0 120 59 51 51
5337 0 60 0 0 4937 0 30 0 0 150 59 51 51
5337 0 60 0 0 4937 0 30 0 0 180 59 50 50
5337 0 60 0 0 4937 0 40 0 0 0 58 50 50
5337 0 60 0 0 4937 0 40 0 0 30 58 50 50
5337 0 60 0 0 4937 0 40 0 0 60 58 50 50
5337 0 60 0 0 4937 0 40 0 0 90 58 51 51
5337 0 60 0 0 4937 0 40 0 0 120 58 51 51
5337 0 60 0 0 4937 0 40 0 0 150 58 51 51
5337 0 60 0 0 4937 0 40 0 0 180 58 50 50
5337 0 60 0 0 4937 0 50 0 0 0 57 50 50
5337 0 60 0 0 4937 0 50 0 0 30 57 50 50
5337 0 60 0 0 4937 0 50 0 0 60 57 51 51
5337 0 60 0 0 4937 0 50 0 0 90 57 51 51
5337 0 60 0 0 4937 0 50 0 0 120 57 52 52
5337 0 60 0 0 4937 0 50 0 0 150 57 52 52
5337 0 60 0 0 4937 0 50 0 0 180 57 51 51
5337 0 60 0 0 4937 0 60 0 0 0 56 51 51
5337 0 60 0 0 4937 0 60 0 0 30 56 51 51
5337 0 60 0 0 4937 0 60 0 0 60 56 52 52
5337 0 60 0 0 4937 0 60 0 0 90 56 52 52
5337 0 60 0 0 4937 0 60 0 0 120 56 52 52
5337 0 60 0 0 4937 0 60 0 0 150 56 53 53
5337 0 60 0 0 4937 0 60 0 0 180 56 53 53
5337 0 60 0 0 4937 0 0 0 0 0 59 53 53
5337 0 60 0 0 4937 0 0 0 0 30 59 53 53
5337 0 60 0 0 4937 0 0 0 0 60 59 53 53
5337 0 60 0 0 4937 0 0 0 0 90 59 54 54
5337 0 60 0 0 4937 0 0 0 0 120 59 54 54
5337 0 60 0 0 4937 0 0 0 0 150 59 55 55
5337 0 60 0 0 4937 0 0 0 0 180 59 54 54
5337 0 60 0 0 4937 0 10 0 0 0 58 52 52
5337 0 60 0 0 4937 0 10 0 0 30 59 52 52
5337 0 60 0 0 4937 0 10 0 0 60 59 53 53
5337 0 60 0 0 4937 0 10 0 0 90 59 53 53
5337 0 60 0 0 4937 0 10 0 0 120 59 54 54
5337 0 60 0 0 4937 0 10 0 0 150 59 54 54
5337 0 60 0 0 4937 0 10 0 0 180 59 54 54
5337 0 60 0 0 4937 0 20 0 0 0 58 51 51
5337 0 60 0 0 4937 0 20 0 0 30 58 51 51
5337 0 60 0 0 4937 0 20 0 0 60 59 52 52
5337 0 60 0 0 4937 0 20 0 0 90 59 52 52
5337 0 60 0 0 4937 0 20 0 0 120 59 53 53
5337 0 60 0 0 4937 0 20 0 0 150 58 53 53
5337 0 60 0 0 4937 0 20 0 0 180 58 53 53
5337 0 60 0 0 4937 0 30 0 0 0 58 49 49
5337 0 60 0 0 4937 0 30 0 0 30 58 49 49
5337 0 60 0 0 4937 0 30 0 0 60 58 50 50
5337 0 60 0 0 4937 0 30 0 0 90 58 50 50
5337 0 60 0 0 4937 0 30 0 0 120 58 50 50
5337 0 60 0 0 4937 0 30 0 0 150 58 50 50
5337 0 60 0 0 4937 0 30 0 0 180 58 50 50
5337 0 60 0 0 4937 0 40 0 0 0 57 49 49
5337 0 60 0 0 4937 0 40 0 0 30 57 49 49
5337 0 60 0 0 4937 0 40 0 0 60 58 50 50
5337 0 60 0 0 4937 0 40 0 0 90 58 50 50
5337 0 60 0 0 4937 0 40 0 0 120 58 50 50
5337 0 60 0 0 4937 0 40 0 0 150 57 50 50
5337 0 60 0 0 4937 0 40 0 0 180 57 50 50
5337 0 60 0 0 4937 0 50 0 0 0 56 49 49
5337 0 60 0 0 4937 0 50 0 0 30 57 49 49
5337 0 60 0 0 4937 0 50 0 0 60 57 50 50
5337 0 60 0 0 4937 0 50 0 0 90 57 50 50
5337 0 60 0 0 4937 0 50 0 0 120 57 51 51
5337 0 60 0 0 4937 0 50 0 0 150 56 51 51
5337 0 60 0 0 4937 0 50 0 0 180 56 51 51
5337 0 60 0 0 4937 0 60 0 0 0 55 51 51
5337 0 60 0 0 4937 0 60 0 0 30 55 51 51
5337 0 60 0 0 4937 0 60 0 0 60 55 51 51
5337 0 60 0 0 4937 0 60 0 0 90 55 51 51
5337 0 60 0 0 4937 0 60 0 0 120 55 52 52
5337 0 60 0 0 4937 0 60 0 0 150 55 52 52
5337 0 60 0 0 4937 0 60 0 0 180 55 52 52
5337 0 60 0 0 4937 0 0 0 0 0 58 52 52
5337 0 60 0 0 4937 0 0 0 0 30 58 52 52
5337 0 60 0 0 4937 0 0 0 0 60 58 52 52
5337 0 60 0 0 4937 0 0 0 0 90 58 53 53
5337 0 60 0 0 4937 0 0 0 0 120 58 53 53
5337 0 60 0 0 4937 0 0 0 0 150 58 54 54
5337 0 60 0 0 4937 0 0 0 0 180 58 54 54
5337 0 60 0 0 4937 0 10 0 0 0 58 52 52
5337 0 60 0 0 4937 0 10 0 0 30 58 52 52
5337 0 60 0 0 4937 0 10 0 0 60 58 52 52
5337 0 60 0 0 4937 0 10 0 0 90 58 52 52
5337 0 60 0 0 4937 0 10 0 0 120 58 53 53
5337 0 60 0 0 4937 0 10 0 0 150 58 54 54
5337 0 60 0 0 4937 0 10 0 0 180 58 53 53
5337 0 60 0 0 4937 0 20 0 0 0 58 50 50
5337 0 60 0 0 4937 0 20 0 0 30 58 50 50
5337 0 60 0 0 4937 0 20 0 0 60 58 51 51
5337 0 60 0 0 4937 0 20 0 0 90 58 51 51
5337 0 60 0 0 4937 0 20 0 0 120 58 52 52
5337 0 60 0 0 4937 0 20 0 0 150 58 52 52
5337 0 60 0 0 4937 0 20 0 0 180 58 52 52
5337 0 60 0 0 4937 0 30 0 0 0 57 48 48
5337 0 60 0 0 4937 0 30 0 0 30 57 49 49
5337 0 60 0 0 4937 0 30 0 0 60 57 49 49
5337 0 60 0 0 4937 0 30 0 0 90 57 49 49
5337 0 60 0 0 4937 0 30 0 0 120 57 50 50
5337 0 60 0 0 4937 0 30 0 0 150 57 50 50
5337 0 60 0 0 4937 0 30 0 0 180 57 49 49
5337 0 60 0 0 4937 0 40 0 0 0 57 48 48
5337 0 60 0 0 4937 0 40 0 0 30 57 49 49
5337 0 60 0 0 4937 0 40 0 0 60 57 49 49
5337 0 60 0 0 4937 0 40 0 0 90 57 49 49
5337 0 60 0 0 4937 0 40 0 0 120 57 50 50
5337 0 60 0 0 4937 0 40 0 0 150 57 50 50
5337 0 60 0 0 4937 0 40 0 0 180 57 50 50
5337 0 60 0 0 4937 0 50 0 0 0 56 49 49
5337 0 60 0 0 4937 0 50 0 0 30 56 49 49
5337 0 60 0 0 4937 0 50 0 0 60 56 49 49
5337 0 60 0 0 4937 0 50 0 0 90 56 50 50
5337 0 60 0 0 4937 0 50 0 0 120 56 50 50
5337 0 60 0 0 4937 0 50 0 0 150 56 50 50
5337 0 60 0 0 4937 0 50 0 0 180 56 50 50
5337 0 60 0 0 4937 0 60 0 0 0 54 50 50
5337 0 60 0 0 4937 0 60 0 0 30 54 50 50
5337 0 60 0 0 4937 0 60 0 0 60 54 50 50
5337 0 60 0 0 4937 0 60 0 0 90 54 50 50
5337 0 60 0 0 4937 0 60 0 0 120 54 51 51
5337 0 60 0 0 4937 0 60 0 0 150 54 51 51
5337 0 60 0 0 4937 0 60 0 0 180 54 51 51
5337 0 60 0 0 4937 0 0 0 0 0 57 51 51
5337 0 60 0 0 4937 0 0 0 0 30 57 51 51
5337 0 60 0 0 4937 0 0 0 0 60 57 51 51
5337 0 60 0 0 4937 0 0 0 0 90 57 52 52
5337 0 60 0 0 4937 0 0 0 0 120 57 52 52
5337 0 60 0 0 4937 0 0 0 0 150 57 53 53
5337 0 60 0 0 4937 0 0 0 0 180 57 53 53
5337 0 60 0 0 4937 0 10 0 0 0 57 51 51
5337 0 60 0 0 4937 0 10 0 0 30 57 51 51
5337 0 60 0 0 4937 0 10 0 0 60 57 51 51
5337 0 60 0 0 4937 0 10 0 0 90 57 51 51
5337 0 60 0 0 4937 0 10 0 0 120 57 52 52
5337 0 60 0 0 4937 0 10 0 0 150 57 53 53
5337 0 60 0 0 4937 0 10 0 0 180 57 52 52
5337 0 60 0 0 4937 0 20 0 0 0 57 49 49
5337 0 60 0 0 4937 0 20 0 0 30 57 49 49
5337 0 60 0 0 4937 0 20 0 0 60 57 49 49
5337 0 60 0 0 4937 0 20 0 0 90 57 49 49
5337 0 60 0 0 4937 0 20 0 0 120 57 50 50
5337 0 60 0 0 4937 0 20 0 0 150 57 51 51
5337 0 60 0 0 4937 0 20 0 0 180 57 50 50
5337 0 60 0 0 4937 0 30 0 0 0 56 48 48
5337 0 60 0 0 4937 0 30 0 0 30 57 48 48
5337 0 60 0 0 4937 0 30 0 0 60 57 48 48
5337 0 60 0 0 4937 0 30 0 0 90 57 49 49
5337 0 60 0 0 4937 0 30 0 0 120 57 49 49
5337 0 60 0 0 4937 0 30 0 0 150 57 50 50
5337 0 60 0 0 4937 0 30 0 0 180 57 49 49
5337 0 60 0 0 4937 0 40 0 0 0 56 48 48
5337 0 60 0 0 4937 0 40 0 0 30 56 48 48
5337 0 60 0 0 4937 0 40 0 0 60 56 48 48
5337 0 60 0 0 4937 0 40 0 0 90 56 49 49
5337 0 60 0 0 4937 0 40 0 0 120 56 49 49
5337 0 60 0 0 4937 0 40 0 0 150 56 50 50
5337 0 60 0 0 4937 0 40 0 0 180 56 49 49
5337 0 60 0 0 4937 0 50 0 0 0 55 48 48
5337 0 60 0 0 4937 0 50 0 0 30 55 48 48
5337 0 60 0 0 4937 0 50 0 0 60 55 49 49
5337 0 60 0 0 4937 0 50 0 0 90 55 49 49
5337 0 60 0 0 4937 0 50 0 0 120 55 49 49
5337 0 60 0 0 4937 0 50 0 0 150 55 50 50
5337 0 60 0 0 4937 0 50 0 0 180 55 50 50
5337 0 60 0 0 4937 0 60 0 0 0 53 49 49
5337 0 60 0 0 4937 0 60 0 0 30 53 49 49
5337 0 60 0 0 4937 0 60 0 0 60 53 49 49
5337 0 60 0 0 4937 0 60 0 0 90 53 50 50
5337 0 60 0 0 4937 0 60 0 0 120 53 50 50
5337 0 60 0 0 4937 0 60 0 0 150 53 50 50
5337 0 60 0 0 4937 0 60 0 0 180 53 50 50
5337 0 60 0 0 4937 0 0 0 0 0 56 50 50
5337 0 60 0 0 4937 0 0 0 0 30 57 50 50
5337 0 60 0 0 4937 0 0 0 0 60 57 50 50
5337 0 60 0 0 4937 0 0 0 0 90 57 51 51
5337 0 60 0 0 4937 0 0 0 0 120 57 51 51
5337 0 60 0 0 4937 0 0 0 0 150 57 52 52
5337 0 60 0 0 4937 0 0 0 0 180 57 51 51
5337 0 60 0 0 4937 0 10 0 0 0 56 49 49
5337 0 60 0 0 4937 0 10 0 0 30 56 49 49
5337 0 60 0 0 4937 0 10 0 0 60 57 50 50
5337 0 60 0 0 4937 0 10 0 0 90 57 50 50
5337 0 60 0 0 4937 0 10 0 0 120 57 50 50
5337 0 60 0 0 4937 0 10 0 0 150 56 51 51
5337 0 60 0 0 4937 0 10 0 0 180 56 51 51
5337 0 60 0 0 4937 0 20 0 0 0 56 48 48
5337 0 60 0 0 4937 0 20 0 0 30 56 48 48
5337 0 60 0 0 4937 0 20 0 0 60 56 48 48
5337 0 60 0 0 4937 0 20 0 0 90 56 48 48
5337 0 60 0 0 4937 0 20 0 0 120 56 49 49
5337 0 60 0 0 4937 0 20 0 0 150 56 50 50
5337 0 60 0 0 4937 0 20 0 0 180 56 50 50
5337 0 60 0 0 4937 0 30 0 0 0 56 47 47
5337 0 60 0 0 4937 0 30 0 0 30 56 48 48
5337 0 60 0 0 4937 0 30 0 0 60 56 48 48
5337 0 60 0 0 4937 0 30 0 0 90 56 48 48
5337 0 60 0 0 4937 0 30 0 0 120 56 49 49
5337 0 60 0 0 4937 0 30 0 0 150 56 50 50
5337 0 60 0 0 4937 0 30 0 0 180 56 49 49
5337 0 60 0 0 4937 0 40 0 0 0 55 48 48
5337 0 60 0 0 4937 0 40 0 0 30 55 48 48
5337 0 60 0 0 4937 0 40 0 0 60 55 48 48
5337 0 60 0 0 4937 0 40 0 0 90 55 48 48
5337 0 60 0 0 4937 0 40 0 0 120 55 49 49
5337 0 60 0 0 4937 0 40 0 0 150 55 50 50
5337 0 60 0 0 4937 0 40 0 0 180 55 49 49
5337 0 60 0 0 4937 0 50 0 0 0 54 48 48
5337 0 60 0 0 4937 0 50 0 0 30 54 48 48
5337 0 60 0 0 4937 0 50 0 0 60 54 48 48
5337 0 60 0 0 4937 0 50 0 0 90 54 48 48
5337 0 60 0 0 4937 0 50 0 0 120 54 49 49
5337 0 60 0 0 4937 0 50 0 0 150 54 50 50
5337 0 60 0 0 4937 0 50 0 0 180 54 49 49
5337 0 60 0 0 4937 0 60 0 0 0 52 49 49
5337 0 60 0 0 4937 0 60 0 0 30 52 49 49
5337 0 60 0 0 4937 0 60 0 0 60 52 49 49
5337 0 60 0 0 4937 0 60 0 0 90 52 49 49
5337 0 60 0 0 4937 0 60 0 0 120 52 49 49
5337 0 60 0 0 4937 0 60 0 0 150 52 50 50
5337 0 60 0 0 4937 0 60 0 0 180 52 50 50
5337 0 60 0 0 5137 0 0 0 0 0 61 55 55
5337 0 60 0 0 5137 0 0 0 0 30 61 56 56
5337 0 60 0 0 5137 0 0 0 0 60 60 56 56
5337 0 60 0 0 5137 0 0 0 0 90 60 57 57
5337 0 60 0 0 5137 0 0 0 0 120 60 56 56
5337 0 60 0 0 5137 0 0 0 0 150 60 56 56
5337 0 60 0 0 5137 0 0 0 0 180 60 55 55
5337 0 60 0 0 5137 0 10 0 0 0 61 55 55
5337 0 60 0 0 5137 0 10 0 0 30 61 55 55
5337 0 60 0 0 5137 0 10 0 0 60 60 56 56
5337 0 60 0 0 5137 0 10 0 0 90 60 56 56
5337 0 60 0 0 5137 0 10 0 0 120 60 56 56
5337 0 60 0 0 5137 0 10 0 0 150 60 55 55
5337 0 60 0 0 5137 0 10 0 0 180 60 55 55
5337 0 60 0 0 5137 0 20 0 0 0 60 54 54
5337 0 60 0 0 5137 0 20 0 0 30 60 54 54
5337 0 60 0 0 5137 0 20 0 0 60 60 55 55
5337 0 60 0 0 5137 0 20 0 0 90 60 55 55
5337 0 60 0 0 5137 0 20 0 0 120 60 55 55
5337 0 60 0 0 5137 0 20 0 0 150 59 54 54
5337 0 60 0 0 5137 0 20 0 0 180 60 54 54
5337 0 60 0 0 5137 0 30 0 0 0 60 52 52
5337 0 60 0 0 5137 0 30 0 0 30 60 52 52
5337 0 60 0 0 5137 0 30 0 0 60 60 52 52
5337 0 60 0 0 5137 0 30 0 0 90 59 52 52
5337 0 60 0 0 5137 0 30 0 0 120 59 52 52
5337 0 60 0 0 5137 0 30 0 0 150 59 51 51
5337 0 60 0 0 5137 0 30 0 0 180 59 51 51
5337 0 60 0 0 5137 0 40 0 0 0 60 51 51
5337 0 60 0 0 5137 0 40 0 0 30 60 51 51
5337 0 60 0 0 5137 0 40 0 0 60 59 51 51
5337 0 60 0 0 5137 0 40 0 0 90 59 51 51
5337 0 60 0 0 5137 0 40 0 0 120 59 52 52
5337 0 60 0 0 5137 0 40 0 0 150 59 51 51
5337 0 60 0 0 5137 0 40 0 0 180 59 51 51
5337 0 60 0 0 5137 0 50 0 0 0 59 51 51
5337 0 60 0 0 5137 0 50 0 0 30 59 52 52
5337 0 60 0 0 5137 0 50 0 0 60 58 52 52
5337 0 60 0 0 5137 0 50 0 0 90 58 52 52
5337 0 60 0 0 5137 0 50 0 0 120 58 52 52
5337 0 60 0 0 5137 0 50 0 0 150 58 52 52
5337 0 60 0 0 5137 0 50 0 0 180 58 52 52
5337 0 60 0 0 5137 0 60 0 0 0 58 53 53
5337 0 60 0 0 5137 0 60 0 0 30 57 52 52
5337 0 60 0 0 5137 0 60 0 0 60 57 52 52
5337 0 60 0 0 5137 0 60 0 0 90 57 53 53
5337 0 60 0 0 5137 0 60 0 0 120 57 53 53
5337 0 60 0 0 5137 0 60 0 0 150 56 53 53
5337 0 60 0 0 5137 0 60 0 0 180 56 53 53
5337 0 60 0 0 5137 0 0 0 0 0 60 55 55
5337 0 60 0 0 5137 0 0 0 0 30 60 55 55
5337 0 60 0 0 5137 0 0 0 0 60 60 56 56
5337 0 60 0 0 5137 0 0 0 0 90 60 56 56
5337 0 60 0 0 5137 0 0 0 0 120 59 56 56
5337 0 60 0 0 5137 0 0 0 0 150 59 55 55
5337 0 60 0 0 5137 0 0 0 0 180 59 55 55
5337 0 60 0 0 5137 0 10 0 0 0 60 54 54
5337 0 60 0 0 5137 0 10 0 0 30 60 55 55
5337 0 60 0 0 5137 0 10 0 0 60 60 55 55
5337 0 60 0 0 5137 0 10 0 0 90 59 55 55
5337 0 60 0 0 5137 0 10 0 0 120 59 56 56
5337 0 60 0 0 5137 0 10 0 0 150 59 55 55
5337 0 60 0 0 5137 0 10 0 0 180 59 54 54
5337 0 60 0 0 5137 0 20 0 0 0 60 53 53
5337 0 60 0 0 5137 0 20 0 0 30 60 53 53
5337 0 60 0 0 5137 0 20 0 0 60 60 54 54
5337 0 60 0 0 5137 0 20 0 0 90 59 54 54
5337 0 60 0 0 5137 0 20 0 0 120 59 54 54
5337 0 60 0 0 5137 0 20 0 0 150 59 54 54
5337 0 60 0 0 5137 0 20 0 0 180 59 53 53
5337 0 60 0 0 5137 0 30 0 0 0 60 51 51
5337 0 60 0 0 5137 0 30 0 0 30 59 51 51
5337 0 60 0 0 5137 0 30 0 0 60 59 51 51
5337 0 60 0 0 5137 0 30 0 0 90 59 51 51
5337 0 60 0 0 5137 0 30 0 0 120 59 51 51
5337 0 60 0 0 5137 0 30 0 0 150 58 51 51
5337 0 60 0 0 5137 0 30 0 0 180 58 51 51
5337 0 60 0 0 5137 0 40 0 0 0 59 50 50
5337 0 60 0 0 5137 0 40 0 0 30 59 51 51
5337 0 60 0 0 5137 0 40 0 0 60 59 51 51
5337 0 60 0 0 5137 0 40 0 0 90 58 51 51
5337 0 60 0 0 5137 0 40 0 0 120 58 51 51
5337 0 60 0 0 5137 0 40 0 0 150 58 51 51
5337 0 60 0 0 5137 0 40 0 0 180 58 50 50
5337 0 60 0 0 5137 0 50 0 0 0 58 51 51
5337 0 60 0 0 5137 0 50 0 0 30 58 51 51
5337 0 60 0 0 5137 0 50 0 0 60 58 51 51
5337 0 60 0 0 5137 0 50 0 0 90 57 51 51
5337 0 60 0 0 5137 0 50 0 0 120 57 51 51
5337 0 60 0 0 5137 0 50 0 0 150 57 51 51
5337 0 60 0 0 5137 0 50 0 0 180 57 51 51
5337 0 60 0 0 5137 0 60 0 0 0 57 52 52
5337 0 60 0 0 5137 0 60 0 0 30 57 52 52
5337 0 60 0 0 5137 0 60 0 0 60 56 52 52
5337 0 60 0 0 5137 0 60 0 0 90 56 52 52
5337 0 60 0 0 5137 0 60 0 0 120 56 52 52
5337 0 60 0 0 5137 0 60 0 0 150 56 52 52
5337 0 60 0 0 5137 0 60 0 0 180 56 53 53
5337 0 60 0 0 5137 0 0 0 0 0 59 54 54
5337 0 60 0 0 5137 0 0 0 0 30 59 54 54
5337 0 60 0 0 5137 0 0 0 0 60 59 55 55
5337 0 60 0 0 5137 0 0 0 0 90 59 55 55
5337 0 60 0 0 5137 0 0 0 0 120 59 55 55
5337 0 60 0 0 5137 0 0 0 0 150 58 55 55
5337 0 60 0 0 5137 0 0 0 0 180 58 54 54
5337 0 60 0 0 5137 0 10 0 0 0 59 53 53
5337 0 60 0 0 5137 0 10 0 0 30 59 54 54
5337 0 60 0 0 5137 0 10 0 0 60 59 54 54
5337 0 60 0 0 5137 0 10 0 0 90 59 55 55
5337 0 60 0 0 5137 0 10 0 0 120 59 55 55
5337 0 60 0 0 5137 0 10 0 0 150 58 55 55
5337 0 60 0 0 5137 0 10 0 0 180 58 54 54
5337 0 60 0 0 5137 0 20 0 0 0 59 52 52
5337 0 60 0 0 5137 0 20 0 0 30 59 52 52
5337 0 60 0 0 5137 0 20 0 0 60 59 53 53
5337 0 60 0 0 5137 0 20 0 0 90 59 53 53
5337 0 60 0 0 5137 0 20 0 0 120 58 54 54
5337 0 60 0 0 5137 0 20 0 0 150 58 54 54
5337 0 60 0 0 5137 0 20 0 0 180 58 53 53
5337 0 60 0 0 5137 0 30 0 0 0 59 50 50
5337 0 60 0 0 5137 0 30 0 0 30 59 50 50
5337 0 60 0 0 5137 0 30 0 0 60 59 50 50
5337 0 60 0 0 5137 0 30 0 0 90 58 51 51
5337 0 60 0 0 5137 0 30 0 0 120 58 51 51
5337 0 60 0 0 5137 0 30 0 0 150 58 51 51
5337 0 60 0 0 5137 0 30 0 0 180 58 50 50
5337 0 60 0 0 5137 0 40 0 0 0 58 50 50
5337 0 60 0 0 5137 0 40 0 0 30 58 50 50
5337 0 60 0 0 5137 0 40 0 0 60 58 50 50
5337 0 60 0 0 5137 0 40 0 0 90 58 50 50
5337 0 60 0 0 5137 0 40 0 0 120 57 50 50
5337 0 60 0 0 5137 0 40 0 0 150 57 50 50
5337 0 60 0 0 5137 0 40 0 0 180 57 50 50
5337 0 60 0 0 5137 0 50 0 0 0 57 50 50
5337 0 60 0 0 5137 0 50 0 0 30 57 50 50
5337 0 60 0 0 5137 0 50 0 0 60 57 50 50
5337 0 60 0 0 5137 0 50 0 0 90 57 50 50
5337 0 60 0 0 5137 0 50 0 0 120 57 51 51
5337 0 60 0 0 5137 0 50 0 0 150 56 51 51
5337 0 60 0 0 5137 0 50 0 0 180 56 51 51
5337 0 60 0 0 5137 0 60 0 0 0 56 51 51
5337 0 60 0 0 5137 0 60 0 0 30 56 51 51
5337 0 60 0 0 5137 0 60 0 0 60 56 51 51
5337 0 60 0 0 5137 0 60 0 0 90 55 51 51
5337 0 60 0 0 5137 0 60 0 0 120 55 51 51
5337 0 60 0 0 5137 0 60 0 0 150 55 51 51
5337 0 60 0 0 5137 0 60 0 0 180 55 52 52
5337 0 60 0 0 5137 0 0 0 0 0 59 53 53
5337 0 60 0 0 5137 0 0 0 0 30 59 54 54
5337 0 60 0 0 5137 0 0 0 0 60 59 54 54
5337 0 60 0 0 5137 0 0 0 0 90 58 54 54
5337 0 60 0 0 5137 0 0 0 0 120 58 54 54
5337 0 60 0 0 5137 0 0 0 0 150 58 54 54
5337 0 60 0 0 5137 0 0 0 0 180 58 53 53
5337 0 60 0 0 5137 0 10 0 0 0 59 52 52
5337 0 60 0 0 5137 0 10 0 0 30 59 53 53
5337 0 60 0 0 5137 0 10 0 0 60 59 53 53
5337 0 60 0 0 5137 0 10 0 0 90 58 54 54
5337 0 60 0 0 5137 0 10 0 0 120 58 54 54
5337 0 60 0 0 5137 0 10 0 0 150 58 54 54
5337 0 60 0 0 5137 0 10 0 0 180 57 53 53
5337 0 60 0 0 5137 0 20 0 0 0 59 51 51
5337 0 60 0 0 5137 0 20 0 0 30 59 51 51
5337 0 60 0 0 5137 0 20 0 0 60 58 52 52
5337 0 60 0 0 5137 0 20 0 0 90 58 52 52
5337 0 60 0 0 5137 0 20 0 0 120 58 53 53
5337 0 60 0 0 5137 0 20 0 0 150 57 53 53
5337 0 60 0 0 5137 0 20 0 0 180 57 52 52
5337 0 60 0 0 5137 0 30 0 0 0 58 49 49
5337 0 60 0 0 5137 0 30 0 0 30 58 49 49
5337 0 60 0 0 5137 0 30 0 0 60 58 50 50
5337 0 60 0 0 5137 0 30 0 0 90 58 50 50
5337 0 60 0 0 5137 0 30 0 0 120 57 50 50
5337 0 60 0 0 5137 0 30 0 0 150 57 51 51
5337 0 60 0 0 5137 0 30 0 0 180 57 50 50
5337 0 60 0 0 5137 0 40 0 0 0 58 49 49
5337 0 60 0 0 5137 0 40 0 0 30 58 49 49
5337 0 60 0 0 5137 0 40 0 0 60 57 49 49
5337 0 60 0 0 5137 0 40 0 0 90 57 50 50
5337 0 60 0 0 5137 0 40 0 0 120 57 50 50
5337 0 60 0 0 5137 0 40 0 0 150 56 50 50
5337 0 60 0 0 5137 0 40 0 0 180 56 50 50
5337 0 60 0 0 5137 0 50 0 0 0 57 50 50
5337 0 60 0 0 5137 0 50 0 0 30 57 49 49
5337 0 60 0 0 5137 0 50 0 0 60 56 49 49
5337 0 60 0 0 5137 0 50 0 0 90 56 50 50
5337 0 60 0 0 5137 0 50 0 0 120 56 50 50
5337 0 60 0 0 5137 0 50 0 0 150 56 50 50
5337 0 60 0 0 5137 0 50 0 0 180 55 50 50
5337 0 60 0 0 5137 0 60 0 0 0 55 51 51
5337 0 60 0 0 5137 0 60 0 0 30 55 51 51
5337 0 60 0 0 5137 0 60 0 0 60 55 50 50
5337 0 60 0 0 5137 0 60 0 0 90 55 50 50
5337 0 60 0 0 5137 0 60 0 0 120 54 50 50
5337 0 60 0 0 5137 0 60 0 0 150 54 51 51
5337 0 60 0 0 5137 0 60 0 0 180 54 51 51
5337 0 60 0 0 5137 0 0 0 0 0 58 52 52
5337 0 60 0 0 5137 0 0 0 0 30 58 52 52
5337 0 60 0 0 5137 0 0 0 0 60 58 53 53
5337 0 60 0 0 5137 0 0 0 0 90 58 53 53
5337 0 60 0 0 5137 0 0 0 0 120 57 54 54
5337 0 60 0 0 5137 0 0 0 0 150 57 54 54
5337 0 60 0 0 5137 0 0 0 0 180 57 53 53
5337 0 60 0 0 5137 0 10 0 0 0 58 51 51
5337 0 60 0 0 5137 0 10 0 0 30 58 52 52
5337 0 60 0 0 5137 0 10 0 0 60 58 52 52
5337 0 60 0 0 5137 0 10 0 0 90 58 53 53
5337 0 60 0 0 5137 0 10 0 0 120 57 53 53
5337 0 60 0 0 5137 0 10 0 0 150 57 54 54
5337 0 60 0 0 5137 0 10 0 0 180 57 52 52
5337 0 60 0 0 5137 0 20 0 0 0 58 49 49
5337 0 60 0 0 5137 0 20 0 0 30 58 50 50
5337 0 60 0 0 5137 0 20 0 0 60 58 50 50
5337 0 60 0 0 5137 0 20 0 0 90 58 51 51
5337 0 60 0 0 5137 0 20 0 0 120 57 52 52
5337 0 60 0 0 5137 0 20 0 0 150 57 52 52
5337 0 60 0 0 5137 0 20 0 0 180 56 51 51
5337 0 60 0 0 5137 0 30 0 0 0 57 48 48
5337 0 60 0 0 5137 0 30 0 0 30 58 49 49
5337 0 60 0 0 5137 0 30 0 0 60 57 49 49
5337 0 60 0 0 5137 0 30 0 0 90 57 49 49
5337 0 60 0 0 5137 0 30 0 0 120 57 50 50
5337 0 60 0 0 5137 0 30 0 0 150 56 50 50
5337 0 60 0 0 5137 0 30 0 0 180 56 50 50
5337 0 60 0 0 5137 0 40 0 0 0 57 48 48
5337 0 60 0 0 5137 0 40 0 0 30 57 49 49
5337 0 60 0 0 5137 0 40 0 0 60 57 49 49
5337 0 60 0 0 5137 0 40 0 0 90 57 49 49
5337 0 60 0 0 5137 0 40 0 0 120 56 49 49
5337 0 60 0 0 5137 0 40 0 0 150 56 50 50
5337 0 60 0 0 5137 0 40 0 0 180 56 50 50
5337 0 60 0 0 5137 0 50 0 0 0 56 49 49
5337 0 60 0 0 5137 0 50 0 0 30 56 49 49
5337 0 60 0 0 5137 0 50 0 0 60 56 49 49
5337 0 60 0 0 5137 0 50 0 0 90 56 49 49
5337 0 60 0 0 5137 0 50 0 0 120 55 49 49
5337 0 60 0 0 5137 0 50 0 0 150 55 50 50
5337 0 60 0 0 5137 0 50 0 0 180 55 50 50
5337 0 60 0 0 5137 0 60 0 0 0 54 50 50
5337 0 60 0 0 5137 0 60 0 0 30 54 50 50
5337 0 60 0 0 5137 0 60 0 0 60 54 50 50
5337 0 60 0 0 5137 0 60 0 0 90 54 50 50
5337 0 60 0 0 5137 0 60 0 0 120 54 50 50
5337 0 60 0 0 5137 0 60 0 0 150 53 50 50
5337 0 60 0 0 5137 0 60 0 0 180 53 50 50
5337 0 60 0 0 5137 0 0 0 0 0 58 51 51
5337 0 60 0 0 5137 0 0 0 0 30 58 51 51
5337 0 60 0 0 5137 0 0 0 0 60 57 51 51
5337 0 60 0 0 5137 0 0 0 0 90 57 52 52
5337 0 60 0 0 5137 0 0 0 0 120 57 53 53
5337 0 60 0 0 5137 0 0 0 0 150 56 53 53
5337 0 60 0 0 5137 0 0 0 0 180 56 52 52
5337 0 60 0 0 5137 0 10 0 0 0 57 50 50
5337 0 60 0 0 5137 0 10 0 0 30 57 50 50
5337 0 60 0 0 5137 0 10 0 0 60 57 51 51
5337 0 60 0 0 5137 0 10 0 0 90 57 51 51
5337 0 60 0 0 5137 0 10 0 0 120 57 52 52
5337 0 60 0 0 5137 0 10 0 0 150 56 53 53
5337 0 60 0 0 5137 0 10 0 0 180 56 51 51
5337 0 60 0 0 5137 0 20 0 0 0 57 48 48
5337 0 60 0 0 5137 0 20 0 0 30 57 48 48
5337 0 60 0 0 5137 0 20 0 0 60 57 49 49
5337 0 60 0 0 5137 0 20 0 0 90 57 49 49
5337 0 60 0 0 5137 0 20 0 0 120 57 50 50
5337 0 60 0 0 5137 0 20 0 0 150 56 51 51
5337 0 60 0 0 5137 0 20 0 0 180 56 50 50
5337 0 60 0 0 5137 0 30 0 0 0 57 48 48
5337 0 60 0 0 5137 0 30 0 0 30 57 48 48
5337 0 60 0 0 5137 0 30 0 0 60 57 48 48
5337 0 60 0 0 5137 0 30 0 0 90 57 49 49
5337 0 60 0 0 5137 0 30 0 0 120 56 49 49
5337 0 60 0 0 5137 0 30 0 0 150 56 50 50
5337 0 60 0 0 5137 0 30 0 0 180 55 50 50
5337 0 60 0 0 5137 0 40 0 0 0 56 48 48
5337 0 60 0 0 5137 0 40 0 0 30 56 48 48
5337 0 60 0 0 5137 0 40 0 0 60 56 48 48
5337 0 60 0 0 5137 0 40 0 0 90 56 48 48
5337 0 60 0 0 5137 0 40 0 0 120 56 49 49
5337 0 60 0 0 5137 0 40 0 0 150 55 50 50
5337 0 60 0 0 5137 0 40 0 0 180 55 50 50
5337 0 60 0 0 5137 0 50 0 0 0 55 49 49
5337 0 60 0 0 5137 0 50 0 0 30 55 49 49
5337 0 60 0 0 5137 0 50 0 0 60 55 49 49
5337 0 60 0 0 5137 0 50 0 0 90 55 49 49
5337 0 60 0 0 5137 0 50 0 0 120 55 49 49
5337 0 60 0 0 5137 0 50 0 0 150 54 49 49
5337 0 60 0 0 5137 0 50 0 0 180 54 50 50
5337 0 60 0 0 5137 0 60 0 0 0 53 50 50
5337 0 60 0 0 5137 0 60 0 0 30 53 50 50
5337 0 60 0 0 5137 0 60 0 0 60 53 50 50
5337 0 60 0 0 5137 0 60 0 0 90 53 49 49
5337 0 60 0 0 5137 0 60 0 0 120 53 49 49
5337 0 60 0 0 5137 0 60 0 0 150 52 49 49
5337 0 60 0 0 5137 0 60 0 0 180 52 50 50
5337 0 60 0 0 5337 0 0 0 0 0 45 46 46
5337 0 60 0 0 5337 0 0 0 0 30 49 49 49
5337 0 60 0 0 5337 0 0 0 0 60 56 55 55
5337 0 60 0 0 5337 0 0 0 0 90 63 60 60
5337 0 60 0 0 5337 0 0 0 0 120 69 65 65
5337 0 60 0 0 5337 0 0 0 0 150 72 65 65
5337 0 60 0 0 5337 0 0 0 0 180 74 64 64
5337 0 60 0 0 5337 0 10 0 0 0 45 45 45
5337 0 60 0 0 5337 0 10 0 0 30 49 48 48
5337 0 60 0 0 5337 0 10 0 0 60 56 54 54
5337 0 60 0 0 5337 0 10 0 0 90 63 59 59
5337 0 60 0 0 5337 0 10 0 0 120 69 65 65
5337 0 60 0 0 5337 0 10 0 0 150 72 66 66
5337 0 60 0 0 5337 0 10 0 0 180 74 64 64
5337 0 60 0 0 5337 0 20 0 0 0 45 42 42
5337 0 60 0 0 5337 0 20 0 0 30 48 46 46
5337 0 60 0 0 5337 0 20 0 0 60 56 52 52
5337 0 60 0 0 5337 0 20 0 0 90 63 58 58
5337 0 60 0 0 5337 0 20 0 0 120 69 64 64
5337 0 60 0 0 5337 0 20 0 0 150 72 66 66
5337 0 60 0 0 5337 0 20 0 0 180 74 64 64
5337 0 60 0 0 5337 0 30 0 0 0 45 39 39
5337 0 60 0 0 5337 0 30 0 0 30 48 42 42
5337 0 60 0 0 5337 0 30 0 0 60 55 48 48
5337 0 60 0 0 5337 0 30 0 0 90 62 55 55
5337 0 60 0 0 5337 0 30 0 0 120 68 61 61
5337 0 60 0 0 5337 0 30 0 0 150 72 63 63
5337 0 60 0 0 5337 0 30 0 0 180 73 63 63
5337 0 60 0 0 5337 0 40 0 0 0 44 38 38
5337 0 60 0 0 5337 0 40 0 0 30 47 41 41
5337 0 60 0 0 5337 0 40 0 0 60 55 47 47
5337 0 60 0 0 5337 0 40 0 0 90 62 54 54
5337 0 60 0 0 5337 0 40 0 0 120 68 60 60
5337 0 60 0 0 5337 0 40 0 0 150 71 62 62
5337 0 60 0 0 5337 0 40 0 0 180 73 62 62
5337 0 60 0 0 5337 0 50 0 0 0 44 38 38
5337 0 60 0 0 5337 0 50 0 0 30 46 41 41
5337 0 60 0 0 5337 0 50 0 0 60 54 48 48
5337 0 60 0 0 5337 0 50 0 0 90 61 55 55
5337 0 60 0 0 5337 0 50 0 0 120 67 60 60
5337 0 60 0 0 5337 0 50 0 0 150 70 63 63
5337 0 60 0 0 5337 0 50 0 0 180 72 63 63
5337 0 60 0 0 5337 0 60 0 0 0 43 39 39
5337 0 60 0 0 5337 0 60 0 0 30 45 42 42
5337 0 60 0 0 5337 0 60 0 0 60 53 49 49
5337 0 60 0 0 5337 0 60 0 0 90 60 56 56
5337 0 60 0 0 5337 0 60 0 0 120 65 61 61
5337 0 60 0 0 5337 0 60 0 0 150 68 64 64
5337 0 60 0 0 5337 0 60 0 0 180 70 65 65
5337 0 60 0 0 5337 0 0 0 0 0 44 45 45
5337 0 60 0 0 5337 0 0 0 0 30 47 48 48
5337 0 60 0 0 5337 0 0 0 0 60 53 52 52
5337 0 60 0 0 5337 0 0 0 0 90 60 57 57
5337 0 60 0 0 5337 0 0 0 0 120 66 63 63
5337 0 60 0 0 5337 0 0 0 0 150 71 65 65
5337 0 60 0 0 5337 0 0 0 0 180 73 62 62
5337 0 60 0 0 5337 0 10 0 0 0 44 44 44
5337 0 60 0 0 5337 0 10 0 0 30 47 46 46
5337 0 60 0 0 5337 0 10 0 0 60 53 51 51
5337 0 60 0 0 5337 0 10 0 0 90 60 57 57
5337 0 60 0 0 5337 0 10 0 0 120 66 63 63
5337 0 60 0 0 5337 0 10 0 0 150 71 66 66
5337 0 60 0 0 5337 0 10 0 0 180 73 63 63
5337 0 60 0 0 5337 0 20 0 0 0 43 41 41
5337 0 60 0 0 5337 0 20 0 0 30 46 44 44
5337 0 60 0 0 5337 0 20 0 0 60 53 49 49
5337 0 60 0 0 5337 0 20 0 0 90 60 55 55
5337 0 60 0 0 5337 0 20 0 0 120 66 62 62
5337 0 60 0 0 5337 0 20 0 0 150 71 65 65
5337 0 60 0 0 5337 0 20 0 0 180 73 63 63
5337 0 60 0 0 5337 0 30 0 0 0 43 37 37
5337 0 60 0 0 5337 0 30 0 0 30 46 40 40
5337 0 60 0 0 5337 0 30 0 0 60 53 46 46
5337 0 60 0 0 5337 0 30 0 0 90 60 52 52
5337 0 60 0 0 5337 0 30 0 0 120 66 58 58
5337 0 60 0 0 5337 0 30 0 0 150 70 62 62
5337 0 60 0 0 5337 0 30 0 0 180 72 62 62
5337 0 60 0 0 5337 0 40 0 0 0 42 36 36
5337 0 60 0 0 5337 0 40 0 0 30 45 39 39
5337 0 60 0 0 5337 0 40 0 0 60 52 45 45
5337 0 60 0 0 5337 0 40 0 0 90 59 51 51
5337 0 60 0 0 5337 0 40 0 0 120 65 57 57
5337 0 60 0 0 5337 0 40 0 0 150 70 61 61
5337 0 60 0 0 5337 0 40 0 0 180 72 62 62
5337 0 60 0 0 5337 0 50 0 0 0 41 36 36
5337 0 60 0 0 5337 0 50 0 0 30 44 39 39
5337 0 60 0 0 5337 0 50 0 0 60 51 45 45
5337 0 60 0 0 5337 0 50 0 0 90 58 51 51
5337 0 60 0 0 5337 0 50 0 0 120 65 57 57
5337 0 60 0 0 5337 0 50 0 0 150 69 61 61
5337 0 60 0 0 5337 0 50 0 0 180 71 63 63
5337 0 60 0 0 5337 0 60 0 0 0 40 37 37
5337 0 60 0 0 5337 0 60 0 0 30 43 40 40
5337 0 60 0 0 5337 0 60 0 0 60 50 46 46
5337 0 60 0 0 5337 0 60 0 0 90 57 52 52
5337 0 60 0 0 5337 0 60 0 0 120 63 58 58
5337 0 60 0 0 5337 0 60 0 0 150 67 63 63
5337 0 60 0 0 5337 0 60 0 0 180 69 65 65
5337 0 60 0 0 5337 0 0 0 0 0 43 45 45
5337 0 60 0 0 5337 0 0 0 0 30 45 47 47
5337 0 60 0 0 5337 0 0 0 0 60 51 50 50
5337 0 60 0 0 5337 0 0 0 0 90 58 55 55
5337 0 60 0 0 5337 0 0 0 0 120 64 61 61
5337 0 60 0 0 5337 0 0 0 0 150 69 65 65
5337 0 60 0 0 5337 0 0 0 0 180 72 61 61
5337 0 60 0 0 5337 0 10 0 0 0 42 43 43
5337 0 60 0 0 5337 0 10 0 0 30 45 45 45
5337 0 60 0 0 5337 0 10 0 0 60 51 49 49
5337 0 60 0 0 5337 0 10 0 0 90 57 54 54
5337 0 60 0 0 5337 0 10 0 0 120 64 61 61
5337 0 60 0 0 5337 0 10 0 0 150 69 64 64
5337 0 60 0 0 5337 0 10 0 0 180 72 62 62
5337 0 60 0 0 5337 0 20 0 0 0 42 41 41
5337 0 60 0 0 5337 0 20 0 0 30 45 43 43
5337 0 60 0 0 5337 0 20 0 0 60 51 47 47
5337 0 60 0 0 5337 0 20 0 0 90 57 52 52
5337 0 60 0 0 5337 0 20 0 0 120 64 59 59
5337 0 60 0 0 5337 0 20 0 0 150 69 64 64
5337 0 60 0 0 5337 0 20 0 0 180 71 62 62
5337 0 60 0 0 5337 0 30 0 0 0 41 36 36
5337 0 60 0 0 5337 0 30 0 0 30 44 39 39
5337 0 60 0 0 5337 0 30 0 0 60 50 43 43
5337 0 60 0 0 5337 0 30 0 0 90 57 49 49
5337 0 60 0 0 5337 0 30 0 0 120 63 56 56
5337 0 60 0 0 5337 0 30 0 0 150 68 60 60
5337 0 60 0 0 5337 0 30 0 0 180 71 61 61
5337 0 60 0 0 5337 0 40 0 0 0 41 35 35
5337 0 60 0 0 5337 0 40 0 0 30 44 38 38
5337 0 60 0 0 5337 0 40 0 0 60 50 42 42
5337 0 60 0 0 5337 0 40 0 0 90 56 48 48
5337 0 60 0 0 5337 0 40 0 0 120 63 55 55
5337 0 60 0 0 5337 0 40 0 0 150 68 60 60
5337 0 60 0 0 5337 0 40 0 0 180 70 62 62
5337 0 60 0 0 5337 0 50 0 0 0 39 34 34
5337 0 60 0 0 5337 0 50 0 0 30 43 37 37
5337 0 60 0 0 5337 0 50 0 0 60 49 42 42
5337 0 60 0 0 5337 0 50 0 0 90 56 48 48
5337 0 60 0 0 5337 0 50 0 0 120 62 55 55
5337 0 60 0 0 5337 0 50 0 0 150 67 60 60
5337 0 60 0 0 5337 0 50 0 0 180 70 63 63
5337 0 60 0 0 5337 0 60 0 0 0 38 35 35
5337 0 60 0 0 5337 0 60 0 0 30 42 38 38
5337 0 60 0 0 5337 0 60 0 0 60 48 43 43
5337 0 60 0 0 5337 0 60 0 0 90 55 49 49
5337 0 60 0 0 5337 0 60 0 0 120 61 56 56
5337 0 60 0 0 5337 0 60 0 0 150 65 61 61
5337 0 60 0 0 5337 0 60 0 0 180 68 65 65
5337 0 60 0 0 5337 0 0 0 0 0 42 45 45
5337 0 60 0 0 5337 0 0 0 0 30 44 46 46
5337 0 60 0 0 5337 0 0 0 0 60 49 48 48
5337 0 60 0 0 5337 0 0 0 0 90 55 52 52
5337 0 60 0 0 5337 0 0 0 0 120 61 58 58
5337 0 60 0 0 5337 0 0 0 0 150 67 63 63
5337 0 60 0 0 5337 0 0 0 0 180 70 60 60
5337 0 60 0 0 5337 0 10 0 0 0 42 43 43
5337 0 60 0 0 5337 0 10 0 0 30 44 44 44
5337 0 60 0 0 5337 0 10 0 0 60 49 47 47
5337 0 60 0 0 5337 0 10 0 0 90 55 51 51
5337 0 60 0 0 5337 0 10 0 0 120 61 58 58
5337 0 60 0 0 5337 0 10 0 0 150 67 63 63
5337 0 60 0 0 5337 0 10 0 0 180 70 61 61
5337 0 60 0 0 5337 0 20 0 0 0 41 40 40
5337 0 60 0 0 5337 0 20 0 0 30 44 42 42
5337 0 60 0 0 5337 0 20 0 0 60 48 45 45
5337 0 60 0 0 5337 0 20 0 0 90 55 49 49
5337 0 60 0 0 5337 0 20 0 0 120 61 56 56
5337 0 60 0 0 5337 0 20 0 0 150 67 62 62
5337 0 60 0 0 5337 0 20 0 0 180 70 61 61
5337 0 60 0 0 5337 0 30 0 0 0 40 36 36
5337 0 60 0 0 5337 0 30 0 0 30 43 38 38
5337 0 60 0 0 5337 0 30 0 0 60 48 41 41
5337 0 60 0 0 5337 0 30 0 0 90 54 46 46
5337 0 60 0 0 5337 0 30 0 0 120 61 53 53
5337 0 60 0 0 5337 0 30 0 0 150 66 59 59
5337 0 60 0 0 5337 0 30 0 0 180 69 60 60
5337 0 60 0 0 5337 0 40 0 0 0 39 34 34
5337 0 60 0 0 5337 0 40 0 0 30 43 37 37
5337 0 60 0 0 5337 0 40 0 0 60 47 40 40
5337 0 60 0 0 5337 0 40 0 0 90 54 46 46
5337 0 60 0 0 5337 0 40 0 0 120 60 52 52
5337 0 60 0 0 5337 0 40 0 0 150 66 58 58
5337 0 60 0 0 5337 0 40 0 0 180 69 61 61
5337 0 60 0 0 5337 0 50 0 0 0 38 33 33
5337 0 60 0 0 5337 0 50 0 0 30 42 36 36
5337 0 60 0 0 5337 0 50 0 0 60 47 40 40
5337 0 60 0 0 5337 0 50 0 0 90 53 45 45
5337 0 60 0 0 5337 0 50 0 0 120 59 52 52
5337 0 60 0 0 5337 0 50 0 0 150 65 58 58
5337 0 60 0 0 5337 0 50 0 0 180 68 62 62
5337 0 60 0 0 5337 0 60 0 0 0 36 33 33
5337 0 60 0 0 5337 0 60 0 0 30 41 36 36
5337 0 60 0 0 5337 0 60 0 0 60 46 40 40
5337 0 60 0 0 5337 0 60 0 0 90 52 46 46
5337 0 60 0 0 5337 0 60 0 0 120 58 52 52
5337 0 60 0 0 5337 0 60 0 0 150 63 59 59
5337 0 60 0 0 5337 0 60 0 0 180 66 64 64
5337 0 60 0 0 5337 0 0 0 0 0 42 45 45
5337 0 60 0 0 5337 0 0 0 0 30 44 46 46
5337 0 60 0 0 5337 0 0 0 0 60 47 47 47
5337 0 60 0 0 5337 0 0 0 0 90 52 50 50
5337 0 60 0 0 5337 0 0 0 0 120 58 55 55
5337 0 60 0 0 5337 0 0 0 0 150 65 61 61
5337 0 60 0 0 5337 0 0 0 0 180 68 59 59
5337 0 60 0 0 5337 0 10 0 0 0 42 43 43
5337 0 60 0 0 5337 0 10 0 0 30 43 44 44
5337 0 60 0 0 5337 0 10 0 0 60 47 46 46
5337 0 60 0 0 5337 0 10 0 0 90 52 48 48
5337 0 60 0 0 5337 0 10 0 0 120 58 55 55
5337 0 60 0 0 5337 0 10 0 0 150 65 61 61
5337 0 60 0 0 5337 0 10 0 0 180 68 59 59
5337 0 60 0 0 5337 0 20 0 0 0 41 40 40
5337 0 60 0 0 5337 0 20 0 0 30 43 41 41
5337 0 60 0 0 5337 0 20 0 0 60 46 43 43
5337 0 60 0 0 5337 0 20 0 0 90 52 46 46
5337 0 60 0 0 5337 0 20 0 0 120 58 53 53
5337 0 60 0 0 5337 0 20 0 0 150 65 60 60
5337 0 60 0 0 5337 0 20 0 0 180 68 59 59
5337 0 60 0 0 5337 0 30 0 0 0 41 36 36
5337 0 60 0 0 5337 0 30 0 0 30 43 38 38
5337 0 60 0 0 5337 0 30 0 0 60 46 40 40
5337 0 60 0 0 5337 0 30 0 0 90 51 44 44
5337 0 60 0 0 5337 0 30 0 0 120 58 50 50
5337 0 60 0 0 5337 0 30 0 0 150 64 57 57
5337 0 60 0 0 5337 0 30 0 0 180 68 59 59
5337 0 60 0 0 5337 0 40 0 0 0 40 35 35
5337 0 60 0 0 5337 0 40 0 0 30 42 36 36
5337 0 60 0 0 5337 0 40 0 0 60 45 39 39
5337 0 60 0 0 5337 0 40 0 0 90 51 43 43
5337 0 60 0 0 5337 0 40 0 0 120 57 49 49
5337 0 60 0 0 5337 0 40 0 0 150 64 56 56
5337 0 60 0 0 5337 0 40 0 0 180 67 60 60
5337 0 60 0 0 5337 0 50 0 0 0 39 34 34
5337 0 60 0 0 5337 0 50 0 0 30 41 35 35
5337 0 60 0 0 5337 0 50 0 0 60 45 38 38
5337 0 60 0 0 5337 0 50 0 0 90 50 42 42
5337 0 60 0 0 5337 0 50 0 0 120 56 49 49
5337 0 60 0 0 5337 0 50 0 0 150 62 56 56
5337 0 60 0 0 5337 0 50 0 0 180 66 61 61
5337 0 60 0 0 5337 0 60 0 0 0 38 34 34
5337 0 60 0 0 5337 0 60 0 0 30 40 35 35
5337 0 60 0 0 5337 0 60 0 0 60 44 38 38
5337 0 60 0 0 5337 0 60 0 0 90 49 42 42
5337 0 60 0 0 5337 0 60 0 0 120 55 49 49
5337 0 60 0 0 5337 0 60 0 0 150 61 57 57
5337 0 60 0 0 5337 0 60 0 0 180 64 62 62
5337 0 60 0 0 5337 0 0 0 0 0 43 45 45
5337 0 60 0 0 5337 0 0 0 0 30 44 46 46
5337 0 60 0 0 5337 0 0 0 0 60 46 47 47
5337 0 60 0 0 5337 0 0 0 0 90 49 48 48
5337 0 60 0 0 5337 0 0 0 0 120 55 52 52
5337 0 60 0 0 5337 0 0 0 0 150 62 59 59
5337 0 60 0 0 5337 0 0 0 0 180 67 57 57
5337 0 60 0 0 5337 0 10 0 0 0 43 43 43
5337 0 60 0 0 5337 0 10 0 0 30 44 44 44
5337 0 60 0 0 5337 0 10 0 0 60 45 45 45
5337 0 60 0 0 5337 0 10 0 0 90 49 47 47
5337 0 60 0 0 5337 0 10 0 0 120 55 51 51
5337 0 60 0 0 5337 0 10 0 0 150 62 59 59
5337 0 60 0 0 5337 0 10 0 0 180 67 58 58
5337 0 60 0 0 5337 0 20 0 0 0 42 40 40
5337 0 60 0 0 5337 0 20 0 0 30 43 41 41
5337 0 60 0 0 5337 0 20 0 0 60 45 42 42
5337 0 60 0 0 5337 0 20 0 0 90 49 44 44
5337 0 60 0 0 5337 0 20 0 0 120 55 49 49
5337 0 60 0 0 5337 0 20 0 0 150 62 57 57
5337 0 60 0 0 5337 0 20 0 0 180 66 57 57
5337 0 60 0 0 5337 0 30 0 0 0 42 38 38
5337 0 60 0 0 5337 0 30 0 0 30 43 39 39
5337 0 60 0 0 5337 0 30 0 0 60 45 40 40
5337 0 60 0 0 5337 0 30 0 0 90 48 42 42
5337 0 60 0 0 5337 0 30 0 0 120 55 47 47
5337 0 60 0 0 5337 0 30 0 0 150 62 56 56
5337 0 60 0 0 5337 0 30 0 0 180 66 58 58
5337 0 60 0 0 5337 0 40 0 0 0 42 36 36
5337 0 60 0 0 5337 0 40 0 0 30 42 37 37
5337 0 60 0 0 5337 0 40 0 0 60 44 38 38
5337 0 60 0 0 5337 0 40 0 0 90 48 41 41
5337 0 60 0 0 5337 0 40 0 0 120 54 46 46
5337 0 60 0 0 5337 0 40 0 0 150 61 55 55
5337 0 60 0 0 5337 0 40 0 0 180 65 59 59
5337 0 60 0 0 5337 0 50 0 0 0 41 36 36
5337 0 60 0 0 5337 0 50 0 0 30 42 36 36
5337 0 60 0 0 5337 0 50 0 0 60 43 37 37
5337 0 60 0 0 5337 0 50 0 0 90 47 40 40
5337 0 60 0 0 5337 0 50 0 0 120 53 46 46
5337 0 60 0 0 5337 0 50 0 0 150 60 54 54
5337 0 60 0 0 5337 0 50 0 0 180 64 60 60
5337 0 60 0 0 5337 0 60 0 0 0 41 36 36
5337 0 60 0 0 5337 0 60 0 0 30 41 36 36
5337 0 60 0 0 5337 0 60 0 0 60 42 37 37
5337 0 60 0 0 5337 0 60 0 0 90 46 40 40
5337 0 60 0 0 5337 0 60 0 0 120 51 46 46
5337 0 60 0 0 5337 0 60 0 0 150 58 54 54
5337 0 60 0 0 5337 0 60 0 0 180 62 61 61
