4737 0 0 60 0 0 4737 0 0 0 0 0 53 47 47
4737 0 0 60 0 0 4737 0 0 0 0 90 48 42 42
4737 0 0 60 0 0 4737 0 0 0 0 180 73 65 65
4737 0 0 60 0 0 4737 0 0 0 20 0 48 42 42
4737 0 0 60 0 0 4737 0 0 0 20 90 54 48 48
4737 0 0 60 0 0 4737 0 0 0 20 180 76 65 65
4737 0 0 60 0 0 4737 0 0 0 40 0 42 36 36
4737 0 0 60 0 0 4737 0 0 0 40 90 59 54 54
4737 0 0 60 0 0 4737 0 0 0 40 180 76 65 65
4737 0 0 60 0 0 4737 0 0 0 60 0 40 34 34
4737 0 0 60 0 0 4737 0 0 0 60 90 65 59 59
4737 0 0 60 0 0 4737 0 0 0 60 180 76 65 65
4737 0 0 60 0 0 4737 0 0 60 0 0 40 34 34
4737 0 0 60 0 0 4737 0 0 60 0 90 65 59 59
4737 0 0 60 0 0 4737 0 0 60 0 180 76 65 65
4737 0 0 60 0 0 4737 0 0 60 20 0 45 40 40
4737 0 0 60 0 0 4737 0 0 60 20 90 70 65 65
4737 0 0 60 0 0 4737 0 0 60 20 180 76 65 65
4737 0 0 60 0 0 4737 0 0 60 40 0 51 45 45
4737 0 0 60 0 0 4737 0 0 60 40 90 76 65 65
4737 0 0 60 0 0 4737 0 0 60 40 180 75 65 65
4737 0 0 60 0 0 4737 0 0 60 60 0 57 51 51
4737 0 0 60 0 0 4737 0 0 60 60 90 76 65 65
4737 0 0 60 0 0 4737 0 0 60 60 180 70 64 64
4737 0 0 60 0 0 4737 0 0 120 0 0 57 51 51
4737 0 0 60 0 0 4737 0 0 120 0 90 76 65 65
4737 0 0 60 0 0 4737 0 0 120 0 180 70 64 64
4737 0 0 60 0 0 4737 0 0 120 20 0 62 56 56
4737 0 0 60 0 0 4737 0 0 120 20 90 76 65 65
4737 0 0 60 0 0 4737 0 0 120 20 180 64 58 58
4737 0 0 60 0 0 4737 0 0 120 40 0 68 62 62
4737 0 0 60 0 0 4737 0 0 120 40 90 76 65 65
4737 0 0 60 0 0 4737 0 0 120 40 180 59 53 53
4737 0 0 60 0 0 4737 0 0 120 60 0 73 65 65
4737 0 0 60 0 0 4737 0 0 120 60 90 76 65 65
4737 0 0 60 0 0 4737 0 0 120 60 180 53 47 47
4737 0 0 60 0 0 4737 0 30 0 0 0 53 45 45
4737 0 0 60 0 0 4737 0 30 0 0 90 47 41 41
4737 0 0 60 0 0 4737 0 30 0 0 180 72 59 59
4737 0 0 60 0 0 4737 0 30 0 20 0 47 41 41
4737 0 0 60 0 0 4737 0 30 0 20 90 53 46 46
4737 0 0 60 0 0 4737 0 30 0 20 180 75 60 60
4737 0 0 60 0 0 4737 0 30 0 40 0 42 39 39
4737 0 0 60 0 0 4737 0 30 0 40 90 58 50 50
4737 0 0 60 0 0 4737 0 30 0 40 180 75 60 60
4737 0 0 60 0 0 4737 0 30 0 60 0 39 38 38
4737 0 0 60 0 0 4737 0 30 0 60 90 64 54 54
4737 0 0 60 0 0 4737 0 30 0 60 180 75 60 60
4737 0 0 60 0 0 4737 0 30 60 0 0 39 38 38
4737 0 0 60 0 0 4737 0 30 60 0 90 64 54 54
4737 0 0 60 0 0 4737 0 30 60 0 180 75 60 60
4737 0 0 60 0 0 4737 0 30 60 20 0 45 40 40
4737 0 0 60 0 0 4737 0 30 60 20 90 70 57 57
4737 0 0 60 0 0 4737 0 30 60 20 180 75 60 60
4737 0 0 60 0 0 4737 0 30 60 40 0 50 43 43
4737 0 0 60 0 0 4737 0 30 60 40 90 75 59 59
4737 0 0 60 0 0 4737 0 30 60 40 180 75 59 59
4737 0 0 60 0 0 4737 0 30 60 60 0 56 48 48
4737 0 0 60 0 0 4737 0 30 60 60 90 75 60 60
4737 0 0 60 0 0 4737 0 30 60 60 180 69 57 57
4737 0 0 60 0 0 4737 0 30 120 0 0 56 48 48
4737 0 0 60 0 0 4737 0 30 120 0 90 75 60 60
4737 0 0 60 0 0 4737 0 30 120 0 180 70 57 57
4737 0 0 60 0 0 4737 0 30 120 20 0 61 52 52
4737 0 0 60 0 0 4737 0 30 120 20 90 75 60 60
4737 0 0 60 0 0 4737 0 30 120 20 180 64 54 54
4737 0 0 60 0 0 4737 0 30 120 40 0 67 56 56
4737 0 0 60 0 0 4737 0 30 120 40 90 75 60 60
4737 0 0 60 0 0 4737 0 30 120 40 180 58 50 50
4737 0 0 60 0 0 4737 0 30 120 60 0 72 58 58
4737 0 0 60 0 0 4737 0 30 120 60 90 75 60 60
4737 0 0 60 0 0 4737 0 30 120 60 180 53 45 45
4737 0 0 60 0 0 4737 0 60 0 0 0 51 48 48
4737 0 0 60 0 0 4737 0 60 0 0 90 45 45 45
4737 0 0 60 0 0 4737 0 60 0 0 180 68 58 58
4737 0 0 60 0 0 4737 0 60 0 20 0 46 46 46
4737 0 0 60 0 0 4737 0 60 0 20 90 50 48 48
4737 0 0 60 0 0 4737 0 60 0 20 180 70 60 60
4737 0 0 60 0 0 4737 0 60 0 40 0 42 44 44
4737 0 0 60 0 0 4737 0 60 0 40 90 56 51 51
4737 0 0 60 0 0 4737 0 60 0 40 180 70 62 62
4737 0 0 60 0 0 4737 0 60 0 60 0 40 44 44
4737 0 0 60 0 0 4737 0 60 0 60 90 61 54 54
4737 0 0 60 0 0 4737 0 60 0 60 180 70 62 62
4737 0 0 60 0 0 4737 0 60 60 0 0 40 43 43
4737 0 0 60 0 0 4737 0 60 60 0 90 61 54 54
4737 0 0 60 0 0 4737 0 60 60 0 180 71 62 62
4737 0 0 60 0 0 4737 0 60 60 20 0 43 45 45
4737 0 0 60 0 0 4737 0 60 60 20 90 66 57 57
4737 0 0 60 0 0 4737 0 60 60 20 180 71 61 61
4737 0 0 60 0 0 4737 0 60 60 40 0 47 47 47
4737 0 0 60 0 0 4737 0 60 60 40 90 69 60 60
4737 0 0 60 0 0 4737 0 60 60 40 180 69 60 60
4737 0 0 60 0 0 4737 0 60 60 60 0 53 50 50
4737 0 0 60 0 0 4737 0 60 60 60 90 70 62 62
4737 0 0 60 0 0 4737 0 60 60 60 180 66 58 58
4737 0 0 60 0 0 4737 0 60 120 0 0 53 49 49
4737 0 0 60 0 0 4737 0 60 120 0 90 71 61 61
4737 0 0 60 0 0 4737 0 60 120 0 180 67 57 57
4737 0 0 60 0 0 4737 0 60 120 20 0 58 52 52
4737 0 0 60 0 0 4737 0 60 120 20 90 71 62 62
4737 0 0 60 0 0 4737 0 60 120 20 180 62 54 54
4737 0 0 60 0 0 4737 0 60 120 40 0 63 56 56
4737 0 0 60 0 0 4737 0 60 120 40 90 70 62 62
4737 0 0 60 0 0 4737 0 60 120 40 180 57 51 51
4737 0 0 60 0 0 4737 0 60 120 60 0 67 59 59
4737 0 0 60 0 0 4737 0 60 120 60 90 70 61 61
4737 0 0 60 0 0 4737 0 60 120 60 180 51 48 48
4737 0 0 60 0 0 4737 0 0 0 0 0 53 47 47
4737 0 0 60 0 0 4737 0 0 0 0 90 44 38 38
4737 0 0 60 0 0 4737 0 0 0 0 180 73 64 64
4737 0 0 60 0 0 4737 0 0 0 20 0 48 41 41
4737 0 0 60 0 0 4737 0 0 0 20 90 49 43 43
4737 0 0 60 0 0 4737 0 0 0 20 180 76 65 65
4737 0 0 60 0 0 4737 0 0 0 40 0 42 36 36
4737 0 0 60 0 0 4737 0 0 0 40 90 55 49 49
4737 0 0 60 0 0 4737 0 0 0 40 180 76 65 65
4737 0 0 60 0 0 4737 0 0 0 60 0 42 35 35
4737 0 0 60 0 0 4737 0 0 0 60 90 60 54 54
4737 0 0 60 0 0 4737 0 0 0 60 180 76 65 65
4737 0 0 60 0 0 4737 0 0 60 0 0 42 35 35
4737 0 0 60 0 0 4737 0 0 60 0 90 60 54 54
4737 0 0 60 0 0 4737 0 0 60 0 180 76 65 65
4737 0 0 60 0 0 4737 0 0 60 20 0 46 40 40
4737 0 0 60 0 0 4737 0 0 60 20 90 66 60 60
4737 0 0 60 0 0 4737 0 0 60 20 180 76 65 65
4737 0 0 60 0 0 4737 0 0 60 40 0 51 45 45
4737 0 0 60 0 0 4737 0 0 60 40 90 71 63 63
4737 0 0 60 0 0 4737 0 0 60 40 180 74 65 65
4737 0 0 60 0 0 4737 0 0 60 60 0 57 51 51
4737 0 0 60 0 0 4737 0 0 60 60 90 75 65 65
4737 0 0 60 0 0 4737 0 0 60 60 180 70 63 63
4737 0 0 60 0 0 4737 0 0 120 0 0 57 51 51
4737 0 0 60 0 0 4737 0 0 120 0 90 75 65 65
4737 0 0 60 0 0 4737 0 0 120 0 180 70 63 63
4737 0 0 60 0 0 4737 0 0 120 20 0 62 57 57
4737 0 0 60 0 0 4737 0 0 120 20 90 76 65 65
4737 0 0 60 0 0 4737 0 0 120 20 180 64 58 58
4737 0 0 60 0 0 4737 0 0 120 40 0 68 62 62
4737 0 0 60 0 0 4737 0 0 120 40 90 76 65 65
4737 0 0 60 0 0 4737 0 0 120 40 180 59 53 53
4737 0 0 60 0 0 4737 0 0 120 60 0 73 65 65
4737 0 0 60 0 0 4737 0 0 120 60 90 76 65 65
4737 0 0 60 0 0 4737 0 0 120 60 180 53 47 47
4737 0 0 60 0 0 4737 0 30 0 0 0 53 46 46
4737 0 0 60 0 0 4737 0 30 0 0 90 43 39 39
4737 0 0 60 0 0 4737 0 30 0 0 180 72 57 57
4737 0 0 60 0 0 4737 0 30 0 20 0 47 42 42
4737 0 0 60 0 0 4737 0 30 0 20 90 48 41 41
4737 0 0 60 0 0 4737 0 30 0 20 180 75 59 59
4737 0 0 60 0 0 4737 0 30 0 40 0 42 39 39
4737 0 0 60 0 0 4737 0 30 0 40 90 54 45 45
4737 0 0 60 0 0 4737 0 30 0 40 180 75 60 60
4737 0 0 60 0 0 4737 0 30 0 60 0 41 38 38
4737 0 0 60 0 0 4737 0 30 0 60 90 59 49 49
4737 0 0 60 0 0 4737 0 30 0 60 180 75 60 60
4737 0 0 60 0 0 4737 0 30 60 0 0 41 40 40
4737 0 0 60 0 0 4737 0 30 60 0 90 59 52 52
4737 0 0 60 0 0 4737 0 30 60 0 180 75 63 63
4737 0 0 60 0 0 4737 0 30 60 20 0 45 42 42
4737 0 0 60 0 0 4737 0 30 60 20 90 65 55 55
4737 0 0 60 0 0 4737 0 30 60 20 180 75 63 63
4737 0 0 60 0 0 4737 0 30 60 40 0 50 45 45
4737 0 0 60 0 0 4737 0 30 60 40 90 70 59 59
4737 0 0 60 0 0 4737 0 30 60 40 180 73 63 63
4737 0 0 60 0 0 4737 0 30 60 60 0 56 49 49
4737 0 0 60 0 0 4737 0 30 60 60 90 74 62 62
4737 0 0 60 0 0 4737 0 30 60 60 180 69 60 60
4737 0 0 60 0 0 4737 0 30 120 0 0 56 50 50
4737 0 0 60 0 0 4737 0 30 120 0 90 74 63 63
4737 0 0 60 0 0 4737 0 30 120 0 180 69 59 59
4737 0 0 60 0 0 4737 0 30 120 20 0 61 54 54
4737 0 0 60 0 0 4737 0 30 120 20 90 75 64 64
4737 0 0 60 0 0 4737 0 30 120 20 180 64 55 55
4737 0 0 60 0 0 4737 0 30 120 40 0 67 58 58
4737 0 0 60 0 0 4737 0 30 120 40 90 75 64 64
4737 0 0 60 0 0 4737 0 30 120 40 180 58 51 51
4737 0 0 60 0 0 4737 0 30 120 60 0 72 62 62
4737 0 0 60 0 0 4737 0 30 120 60 90 75 64 64
4737 0 0 60 0 0 4737 0 30 120 60 180 53 47 47
4737 0 0 60 0 0 4737 0 60 0 0 0 51 49 49
4737 0 0 60 0 0 4737 0 60 0 0 90 42 44 44
4737 0 0 60 0 0 4737 0 60 0 0 180 68 56 56
4737 0 0 60 0 0 4737 0 60 0 20 0 46 46 46
4737 0 0 60 0 0 4737 0 60 0 20 90 46 45 45
4737 0 0 60 0 0 4737 0 60 0 20 180 70 59 59
4737 0 0 60 0 0 4737 0 60 0 40 0 42 44 44
4737 0 0 60 0 0 4737 0 60 0 40 90 51 48 48
4737 0 0 60 0 0 4737 0 60 0 40 180 70 60 60
4737 0 0 60 0 0 4737 0 60 0 60 0 41 44 44
4737 0 0 60 0 0 4737 0 60 0 60 90 56 50 50
4737 0 0 60 0 0 4737 0 60 0 60 180 70 62 62
4737 0 0 60 0 0 4737 0 60 60 0 0 41 47 47
4737 0 0 60 0 0 4737 0 60 60 0 90 56 54 54
4737 0 0 60 0 0 4737 0 60 60 0 180 71 67 67
4737 0 0 60 0 0 4737 0 60 60 20 0 43 48 48
4737 0 0 60 0 0 4737 0 60 60 20 90 62 57 57
4737 0 0 60 0 0 4737 0 60 60 20 180 70 67 67
4737 0 0 60 0 0 4737 0 60 60 40 0 47 50 50
4737 0 0 60 0 0 4737 0 60 60 40 90 66 61 61
4737 0 0 60 0 0 4737 0 60 60 40 180 68 66 66
4737 0 0 60 0 0 4737 0 60 60 60 0 52 53 53
4737 0 0 60 0 0 4737 0 60 60 60 90 69 64 64
4737 0 0 60 0 0 4737 0 60 60 60 180 66 63 63
4737 0 0 60 0 0 4737 0 60 120 0 0 53 53 53
4737 0 0 60 0 0 4737 0 60 120 0 90 69 65 65
4737 0 0 60 0 0 4737 0 60 120 0 180 67 60 60
4737 0 0 60 0 0 4737 0 60 120 20 0 58 56 56
4737 0 0 60 0 0 4737 0 60 120 20 90 70 67 67
4737 0 0 60 0 0 4737 0 60 120 20 180 62 57 57
4737 0 0 60 0 0 4737 0 60 120 40 0 63 60 60
4737 0 0 60 0 0 4737 0 60 120 40 90 70 68 68
4737 0 0 60 0 0 4737 0 60 120 40 180 56 54 54
4737 0 0 60 0 0 4737 0 60 120 60 0 67 64 64
4737 0 0 60 0 0 4737 0 60 120 60 90 70 67 67
4737 0 0 60 0 0 4737 0 60 120 60 180 50 52 52
4737 0 0 60 0 0 4737 0 0 0 0 0 53 47 47
4737 0 0 60 0 0 4737 0 0 0 0 90 44 38 38
4737 0 0 60 0 0 4737 0 0 0 0 180 71 63 63
4737 0 0 60 0 0 4737 0 0 0 20 0 48 41 41
4737 0 0 60 0 0 4737 0 0 0 20 90 46 40 40
4737 0 0 60 0 0 4737 0 0 0 20 180 74 64 64
4737 0 0 60 0 0 4737 0 0 0 40 0 45 39 39
4737 0 0 60 0 0 4737 0 0 0 40 90 50 44 44
4737 0 0 60 0 0 4737 0 0 0 40 180 76 64 64
4737 0 0 60 0 0 4737 0 0 0 60 0 45 38 38
4737 0 0 60 0 0 4737 0 0 0 60 90 56 50 50
4737 0 0 60 0 0 4737 0 0 0 60 180 76 64 64
4737 0 0 60 0 0 4737 0 0 60 0 0 45 38 38
4737 0 0 60 0 0 4737 0 0 60 0 90 56 50 50
4737 0 0 60 0 0 4737 0 0 60 0 180 76 64 64
4737 0 0 60 0 0 4737 0 0 60 20 0 46 40 40
4737 0 0 60 0 0 4737 0 0 60 20 90 61 55 55
4737 0 0 60 0 0 4737 0 0 60 20 180 75 64 64
4737 0 0 60 0 0 4737 0 0 60 40 0 51 45 45
4737 0 0 60 0 0 4737 0 0 60 40 90 67 59 59
4737 0 0 60 0 0 4737 0 0 60 40 180 73 64 64
4737 0 0 60 0 0 4737 0 0 60 60 0 57 51 51
4737 0 0 60 0 0 4737 0 0 60 60 90 71 62 62
4737 0 0 60 0 0 4737 0 0 60 60 180 69 61 61
4737 0 0 60 0 0 4737 0 0 120 0 0 57 51 51
4737 0 0 60 0 0 4737 0 0 120 0 90 71 62 62
4737 0 0 60 0 0 4737 0 0 120 0 180 69 61 61
4737 0 0 60 0 0 4737 0 0 120 20 0 62 56 56
4737 0 0 60 0 0 4737 0 0 120 20 90 74 64 64
4737 0 0 60 0 0 4737 0 0 120 20 180 64 58 58
4737 0 0 60 0 0 4737 0 0 120 40 0 68 60 60
4737 0 0 60 0 0 4737 0 0 120 40 90 76 65 65
4737 0 0 60 0 0 4737 0 0 120 40 180 58 53 53
4737 0 0 60 0 0 4737 0 0 120 60 0 71 63 63
4737 0 0 60 0 0 4737 0 0 120 60 90 76 65 65
4737 0 0 60 0 0 4737 0 0 120 60 180 53 47 47
4737 0 0 60 0 0 4737 0 30 0 0 0 53 47 47
4737 0 0 60 0 0 4737 0 30 0 0 90 44 38 38
4737 0 0 60 0 0 4737 0 30 0 0 180 71 56 56
4737 0 0 60 0 0 4737 0 30 0 20 0 48 44 44
4737 0 0 60 0 0 4737 0 30 0 20 90 46 39 39
4737 0 0 60 0 0 4737 0 30 0 20 180 73 58 58
4737 0 0 60 0 0 4737 0 30 0 40 0 45 40 40
4737 0 0 60 0 0 4737 0 30 0 40 90 49 42 42
4737 0 0 60 0 0 4737 0 30 0 40 180 75 59 59
4737 0 0 60 0 0 4737 0 30 0 60 0 44 39 39
4737 0 0 60 0 0 4737 0 30 0 60 90 55 45 45
4737 0 0 60 0 0 4737 0 30 0 60 180 75 60 60
4737 0 0 60 0 0 4737 0 30 60 0 0 44 43 43
4737 0 0 60 0 0 4737 0 30 60 0 90 54 49 49
4737 0 0 60 0 0 4737 0 30 60 0 180 75 66 66
4737 0 0 60 0 0 4737 0 30 60 20 0 45 44 44
4737 0 0 60 0 0 4737 0 30 60 20 90 60 53 53
4737 0 0 60 0 0 4737 0 30 60 20 180 74 67 67
4737 0 0 60 0 0 4737 0 30 60 40 0 50 47 47
4737 0 0 60 0 0 4737 0 30 60 40 90 65 57 57
4737 0 0 60 0 0 4737 0 30 60 40 180 72 65 65
4737 0 0 60 0 0 4737 0 30 60 60 0 55 50 50
4737 0 0 60 0 0 4737 0 30 60 60 90 70 61 61
4737 0 0 60 0 0 4737 0 30 60 60 180 68 62 62
4737 0 0 60 0 0 4737 0 30 120 0 0 56 52 52
4737 0 0 60 0 0 4737 0 30 120 0 90 70 63 63
4737 0 0 60 0 0 4737 0 30 120 0 180 68 60 60
4737 0 0 60 0 0 4737 0 30 120 20 0 61 56 56
4737 0 0 60 0 0 4737 0 30 120 20 90 72 66 66
4737 0 0 60 0 0 4737 0 30 120 20 180 64 56 56
4737 0 0 60 0 0 4737 0 30 120 40 0 67 60 60
4737 0 0 60 0 0 4737 0 30 120 40 90 74 67 67
4737 0 0 60 0 0 4737 0 30 120 40 180 58 52 52
4737 0 0 60 0 0 4737 0 30 120 60 0 70 64 64
4737 0 0 60 0 0 4737 0 30 120 60 90 74 67 67
4737 0 0 60 0 0 4737 0 30 120 60 180 52 48 48
4737 0 0 60 0 0 4737 0 60 0 0 0 51 50 50
4737 0 0 60 0 0 4737 0 60 0 0 90 44 43 43
4737 0 0 60 0 0 4737 0 60 0 0 180 67 55 55
4737 0 0 60 0 0 4737 0 60 0 20 0 47 47 47
4737 0 0 60 0 0 4737 0 60 0 20 90 45 44 44
4737 0 0 60 0 0 4737 0 60 0 20 180 69 57 57
4737 0 0 60 0 0 4737 0 60 0 40 0 44 44 44
4737 0 0 60 0 0 4737 0 60 0 40 90 48 45 45
4737 0 0 60 0 0 4737 0 60 0 40 180 70 59 59
4737 0 0 60 0 0 4737 0 60 0 60 0 44 43 43
4737 0 0 60 0 0 4737 0 60 0 60 90 53 48 48
4737 0 0 60 0 0 4737 0 60 0 60 180 69 61 61
4737 0 0 60 0 0 4737 0 60 60 0 0 42 52 52
4737 0 0 60 0 0 4737 0 60 60 0 90 51 56 56
4737 0 0 60 0 0 4737 0 60 60 0 180 70 72 72
4737 0 0 60 0 0 4737 0 60 60 20 0 43 53 53
4737 0 0 60 0 0 4737 0 60 60 20 90 56 58 58
4737 0 0 60 0 0 4737 0 60 60 20 180 69 72 72
4737 0 0 60 0 0 4737 0 60 60 40 0 47 55 55
4737 0 0 60 0 0 4737 0 60 60 40 90 61 62 62
4737 0 0 60 0 0 4737 0 60 60 40 180 67 70 70
4737 0 0 60 0 0 4737 0 60 60 60 0 52 58 58
4737 0 0 60 0 0 4737 0 60 60 60 90 65 65 65
4737 0 0 60 0 0 4737 0 60 60 60 180 64 67 67
4737 0 0 60 0 0 4737 0 60 120 0 0 53 56 56
4737 0 0 60 0 0 4737 0 60 120 0 90 66 67 67
4737 0 0 60 0 0 4737 0 60 120 0 180 65 64 64
4737 0 0 60 0 0 4737 0 60 120 20 0 58 61 61
4737 0 0 60 0 0 4737 0 60 120 20 90 67 71 71
4737 0 0 60 0 0 4737 0 60 120 20 180 61 61 61
4737 0 0 60 0 0 4737 0 60 120 40 0 63 65 65
4737 0 0 60 0 0 4737 0 60 120 40 90 68 73 73
4737 0 0 60 0 0 4737 0 60 120 40 180 56 59 59
4737 0 0 60 0 0 4737 0 60 120 60 0 65 69 69
4737 0 0 60 0 0 4737 0 60 120 60 90 69 73 73
4737 0 0 60 0 0 4737 0 60 120 60 180 50 57 57
4737 0 0 60 0 0 4737 0 0 0 0 0 53 46 46
4737 0 0 60 0 0 4737 0 0 0 0 90 48 41 41
4737 0 0 60 0 0 4737 0 0 0 0 180 70 60 60
4737 0 0 60 0 0 4737 0 0 0 20 0 50 43 43
4737 0 0 60 0 0 4737 0 0 0 20 90 48 41 41
4737 0 0 60 0 0 4737 0 0 0 20 180 73 62 62
4737 0 0 60 0 0 4737 0 0 0 40 0 48 41 41
4737 0 0 60 0 0 4737 0 0 0 40 90 49 43 43
4737 0 0 60 0 0 4737 0 0 0 40 180 75 63 63
4737 0 0 60 0 0 4737 0 0 0 60 0 48 41 41
4737 0 0 60 0 0 4737 0 0 0 60 90 52 45 45
4737 0 0 60 0 0 4737 0 0 0 60 180 75 63 63
4737 0 0 60 0 0 4737 0 0 60 0 0 48 41 41
4737 0 0 60 0 0 4737 0 0 60 0 90 52 45 45
4737 0 0 60 0 0 4737 0 0 60 0 180 75 63 63
4737 0 0 60 0 0 4737 0 0 60 20 0 49 43 43
4737 0 0 60 0 0 4737 0 0 60 20 90 57 50 50
4737 0 0 60 0 0 4737 0 0 60 20 180 74 63 63
4737 0 0 60 0 0 4737 0 0 60 40 0 52 46 46
4737 0 0 60 0 0 4737 0 0 60 40 90 62 54 54
4737 0 0 60 0 0 4737 0 0 60 40 180 71 61 61
4737 0 0 60 0 0 4737 0 0 60 60 0 57 50 50
4737 0 0 60 0 0 4737 0 0 60 60 90 67 58 58
4737 0 0 60 0 0 4737 0 0 60 60 180 68 59 59
4737 0 0 60 0 0 4737 0 0 120 0 0 57 50 50
4737 0 0 60 0 0 4737 0 0 120 0 90 67 58 58
4737 0 0 60 0 0 4737 0 0 120 0 180 68 59 59
4737 0 0 60 0 0 4737 0 0 120 20 0 62 54 54
4737 0 0 60 0 0 4737 0 0 120 20 90 70 61 61
4737 0 0 60 0 0 4737 0 0 120 20 180 63 56 56
4737 0 0 60 0 0 4737 0 0 120 40 0 66 58 58
4737 0 0 60 0 0 4737 0 0 120 40 90 73 63 63
4737 0 0 60 0 0 4737 0 0 120 40 180 58 52 52
4737 0 0 60 0 0 4737 0 0 120 60 0 70 61 61
4737 0 0 60 0 0 4737 0 0 120 60 90 75 65 65
4737 0 0 60 0 0 4737 0 0 120 60 180 53 47 47
4737 0 0 60 0 0 4737 0 30 0 0 0 53 48 48
4737 0 0 60 0 0 4737 0 30 0 0 90 48 42 42
4737 0 0 60 0 0 4737 0 30 0 0 180 69 55 55
4737 0 0 60 0 0 4737 0 30 0 20 0 50 45 45
4737 0 0 60 0 0 4737 0 30 0 20 90 48 41 41
4737 0 0 60 0 0 4737 0 30 0 20 180 72 57 57
4737 0 0 60 0 0 4737 0 30 0 40 0 48 42 42
4737 0 0 60 0 0 4737 0 30 0 40 90 49 41 41
4737 0 0 60 0 0 4737 0 30 0 40 180 74 59 59
4737 0 0 60 0 0 4737 0 30 0 60 0 48 41 41
4737 0 0 60 0 0 4737 0 30 0 60 90 51 43 43
4737 0 0 60 0 0 4737 0 30 0 60 180 74 60 60
4737 0 0 60 0 0 4737 0 30 60 0 0 47 47 47
4737 0 0 60 0 0 4737 0 30 60 0 90 50 49 49
4737 0 0 60 0 0 4737 0 30 60 0 180 74 69 69
4737 0 0 60 0 0 4737 0 30 60 20 0 47 48 48
4737 0 0 60 0 0 4737 0 30 60 20 90 55 52 52
4737 0 0 60 0 0 4737 0 30 60 20 180 72 69 69
4737 0 0 60 0 0 4737 0 30 60 40 0 50 50 50
4737 0 0 60 0 0 4737 0 30 60 40 90 61 56 56
4737 0 0 60 0 0 4737 0 30 60 40 180 70 67 67
4737 0 0 60 0 0 4737 0 30 60 60 0 55 52 52
4737 0 0 60 0 0 4737 0 30 60 60 90 65 60 60
4737 0 0 60 0 0 4737 0 30 60 60 180 67 64 64
4737 0 0 60 0 0 4737 0 30 120 0 0 56 54 54
4737 0 0 60 0 0 4737 0 30 120 0 90 65 62 62
4737 0 0 60 0 0 4737 0 30 120 0 180 67 61 61
4737 0 0 60 0 0 4737 0 30 120 20 0 61 58 58
4737 0 0 60 0 0 4737 0 30 120 20 90 69 66 66
4737 0 0 60 0 0 4737 0 30 120 20 180 63 58 58
4737 0 0 60 0 0 4737 0 30 120 40 0 65 62 62
4737 0 0 60 0 0 4737 0 30 120 40 90 71 69 69
4737 0 0 60 0 0 4737 0 30 120 40 180 58 54 54
4737 0 0 60 0 0 4737 0 30 120 60 0 68 66 66
4737 0 0 60 0 0 4737 0 30 120 60 90 73 71 71
4737 0 0 60 0 0 4737 0 30 120 60 180 52 51 51
4737 0 0 60 0 0 4737 0 60 0 0 0 51 51 51
4737 0 0 60 0 0 4737 0 60 0 0 90 48 45 45
4737 0 0 60 0 0 4737 0 60 0 0 180 65 53 53
4737 0 0 60 0 0 4737 0 60 0 20 0 49 48 48
4737 0 0 60 0 0 4737 0 60 0 20 90 48 43 43
4737 0 0 60 0 0 4737 0 60 0 20 180 67 55 55
4737 0 0 60 0 0 4737 0 60 0 40 0 48 45 45
4737 0 0 60 0 0 4737 0 60 0 40 90 49 44 44
4737 0 0 60 0 0 4737 0 60 0 40 180 68 58 58
4737 0 0 60 0 0 4737 0 60 0 60 0 48 44 44
4737 0 0 60 0 0 4737 0 60 0 60 90 51 45 45
4737 0 0 60 0 0 4737 0 60 0 60 180 68 60 60
4737 0 0 60 0 0 4737 0 60 60 0 0 44 57 57
4737 0 0 60 0 0 4737 0 60 60 0 90 47 59 59
4737 0 0 60 0 0 4737 0 60 60 0 180 68 75 75
4737 0 0 60 0 0 4737 0 60 60 20 0 44 58 58
4737 0 0 60 0 0 4737 0 60 60 20 90 51 61 61
4737 0 0 60 0 0 4737 0 60 60 20 180 67 76 76
4737 0 0 60 0 0 4737 0 60 60 40 0 47 60 60
4737 0 0 60 0 0 4737 0 60 60 40 90 55 64 64
4737 0 0 60 0 0 4737 0 60 60 40 180 65 74 74
4737 0 0 60 0 0 4737 0 60 60 60 0 51 63 63
4737 0 0 60 0 0 4737 0 60 60 60 90 60 67 67
4737 0 0 60 0 0 4737 0 60 60 60 180 62 71 71
4737 0 0 60 0 0 4737 0 60 120 0 0 53 60 60
4737 0 0 60 0 0 4737 0 60 120 0 90 61 69 69
4737 0 0 60 0 0 4737 0 60 120 0 180 63 67 67
4737 0 0 60 0 0 4737 0 60 120 20 0 58 65 65
4737 0 0 60 0 0 4737 0 60 120 20 90 63 72 72
4737 0 0 60 0 0 4737 0 60 120 20 180 59 66 66
4737 0 0 60 0 0 4737 0 60 120 40 0 61 69 69
4737 0 0 60 0 0 4737 0 60 120 40 90 65 75 75
4737 0 0 60 0 0 4737 0 60 120 40 180 54 64 64
4737 0 0 60 0 0 4737 0 60 120 60 0 63 73 73
4737 0 0 60 0 0 4737 0 60 120 60 90 66 77 77
4737 0 0 60 0 0 4737 0 60 120 60 180 49 63 63
4737 0 0 60 20 0 4737 0 0 0 0 0 59 53 53
4737 0 0 60 20 0 4737 0 0 0 0 90 43 37 37
4737 0 0 60 20 0 4737 0 0 0 0 180 68 62 62
4737 0 0 60 20 0 4737 0 0 0 20 0 53 47 47
4737 0 0 60 20 0 4737 0 0 0 20 90 48 43 43
4737 0 0 60 20 0 4737 0 0 0 20 180 73 65 65
4737 0 0 60 20 0 4737 0 0 0 40 0 48 42 42
4737 0 0 60 20 0 4737 0 0 0 40 90 54 48 48
4737 0 0 60 20 0 4737 0 0 0 40 180 76 65 65
4737 0 0 60 20 0 4737 0 0 0 60 0 42 36 36
4737 0 0 60 20 0 4737 0 0 0 60 90 59 54 54
4737 0 0 60 20 0 4737 0 0 0 60 180 76 65 65
4737 0 0 60 20 0 4737 0 0 60 0 0 42 36 36
4737 0 0 60 20 0 4737 0 0 60 0 90 59 54 54
4737 0 0 60 20 0 4737 0 0 60 0 180 76 65 65
4737 0 0 60 20 0 4737 0 0 60 20 0 40 34 34
4737 0 0 60 20 0 4737 0 0 60 20 90 65 59 59
4737 0 0 60 20 0 4737 0 0 60 20 180 76 65 65
4737 0 0 60 20 0 4737 0 0 60 40 0 45 40 40
4737 0 0 60 20 0 4737 0 0 60 40 90 70 65 65
4737 0 0 60 20 0 4737 0 0 60 40 180 76 65 65
4737 0 0 60 20 0 4737 0 0 60 60 0 51 45 45
4737 0 0 60 20 0 4737 0 0 60 60 90 76 65 65
4737 0 0 60 20 0 4737 0 0 60 60 180 75 65 65
4737 0 0 60 20 0 4737 0 0 120 0 0 51 45 45
4737 0 0 60 20 0 4737 0 0 120 0 90 76 65 65
4737 0 0 60 20 0 4737 0 0 120 0 180 75 65 65
4737 0 0 60 20 0 4737 0 0 120 20 0 57 51 51
4737 0 0 60 20 0 4737 0 0 120 20 90 76 65 65
4737 0 0 60 20 0 4737 0 0 120 20 180 70 64 64
4737 0 0 60 20 0 4737 0 0 120 40 0 62 57 57
4737 0 0 60 20 0 4737 0 0 120 40 90 76 65 65
4737 0 0 60 20 0 4737 0 0 120 40 180 64 58 58
4737 0 0 60 20 0 4737 0 0 120 60 0 68 62 62
4737 0 0 60 20 0 4737 0 0 120 60 90 76 65 65
4737 0 0 60 20 0 4737 0 0 120 60 180 59 53 53
4737 0 0 60 20 0 4737 0 30 0 0 0 58 50 50
4737 0 0 60 20 0 4737 0 30 0 0 90 42 38 38
4737 0 0 60 20 0 4737 0 30 0 0 180 67 56 56
4737 0 0 60 20 0 4737 0 30 0 20 0 53 45 45
4737 0 0 60 20 0 4737 0 30 0 20 90 47 41 41
4737 0 0 60 20 0 4737 0 30 0 20 180 72 59 59
4737 0 0 60 20 0 4737 0 30 0 40 0 47 41 41
4737 0 0 60 20 0 4737 0 30 0 40 90 53 46 46
4737 0 0 60 20 0 4737 0 30 0 40 180 75 60 60
4737 0 0 60 20 0 4737 0 30 0 60 0 42 39 39
4737 0 0 60 20 0 4737 0 30 0 60 90 58 50 50
4737 0 0 60 20 0 4737 0 30 0 60 180 75 60 60
4737 0 0 60 20 0 4737 0 30 60 0 0 42 38 38
4737 0 0 60 20 0 4737 0 30 60 0 90 58 50 50
4737 0 0 60 20 0 4737 0 30 60 0 180 75 60 60
4737 0 0 60 20 0 4737 0 30 60 20 0 39 38 38
4737 0 0 60 20 0 4737 0 30 60 20 90 64 54 54
4737 0 0 60 20 0 4737 0 30 60 20 180 75 60 60
4737 0 0 60 20 0 4737 0 30 60 40 0 45 40 40
4737 0 0 60 20 0 4737 0 30 60 40 90 69 57 57
4737 0 0 60 20 0 4737 0 30 60 40 180 75 60 60
4737 0 0 60 20 0 4737 0 30 60 60 0 50 43 43
4737 0 0 60 20 0 4737 0 30 60 60 90 74 59 59
4737 0 0 60 20 0 4737 0 30 60 60 180 74 59 59
4737 0 0 60 20 0 4737 0 30 120 0 0 50 43 43
4737 0 0 60 20 0 4737 0 30 120 0 90 75 60 60
4737 0 0 60 20 0 4737 0 30 120 0 180 75 59 59
4737 0 0 60 20 0 4737 0 30 120 20 0 56 48 48
4737 0 0 60 20 0 4737 0 30 120 20 90 75 60 60
4737 0 0 60 20 0 4737 0 30 120 20 180 70 57 57
4737 0 0 60 20 0 4737 0 30 120 40 0 61 52 52
4737 0 0 60 20 0 4737 0 30 120 40 90 75 60 60
4737 0 0 60 20 0 4737 0 30 120 40 180 64 53 53
4737 0 0 60 20 0 4737 0 30 120 60 0 67 56 56
4737 0 0 60 20 0 4737 0 30 120 60 90 75 60 60
4737 0 0 60 20 0 4737 0 30 120 60 180 58 49 49
4737 0 0 60 20 0 4737 0 60 0 0 0 57 51 51
4737 0 0 60 20 0 4737 0 60 0 0 90 41 44 44
4737 0 0 60 20 0 4737 0 60 0 0 180 64 56 56
4737 0 0 60 20 0 4737 0 60 0 20 0 51 48 48
4737 0 0 60 20 0 4737 0 60 0 20 90 45 46 46
4737 0 0 60 20 0 4737 0 60 0 20 180 68 58 58
4737 0 0 60 20 0 4737 0 60 0 40 0 46 46 46
4737 0 0 60 20 0 4737 0 60 0 40 90 50 48 48
4737 0 0 60 20 0 4737 0 60 0 40 180 70 61 61
4737 0 0 60 20 0 4737 0 60 0 60 0 41 44 44
4737 0 0 60 20 0 4737 0 60 0 60 90 55 51 51
4737 0 0 60 20 0 4737 0 60 0 60 180 70 62 62
4737 0 0 60 20 0 4737 0 60 60 0 0 41 44 44
4737 0 0 60 20 0 4737 0 60 60 0 90 56 51 51
4737 0 0 60 20 0 4737 0 60 60 0 180 71 62 62
4737 0 0 60 20 0 4737 0 60 60 20 0 40 44 44
4737 0 0 60 20 0 4737 0 60 60 20 90 61 54 54
4737 0 0 60 20 0 4737 0 60 60 20 180 71 62 62
4737 0 0 60 20 0 4737 0 60 60 40 0 43 45 45
4737 0 0 60 20 0 4737 0 60 60 40 90 66 57 57
4737 0 0 60 20 0 4737 0 60 60 40 180 70 62 62
4737 0 0 60 20 0 4737 0 60 60 60 0 47 47 47
4737 0 0 60 20 0 4737 0 60 60 60 90 69 60 60
4737 0 0 60 20 0 4737 0 60 60 60 180 69 60 60
4737 0 0 60 20 0 4737 0 60 120 0 0 48 46 46
4737 0 0 60 20 0 4737 0 60 120 0 90 70 59 59
4737 0 0 60 20 0 4737 0 60 120 0 180 70 60 60
4737 0 0 60 20 0 4737 0 60 120 20 0 53 49 49
4737 0 0 60 20 0 4737 0 60 120 20 90 71 61 61
4737 0 0 60 20 0 4737 0 60 120 20 180 67 57 57
4737 0 0 60 20 0 4737 0 60 120 40 0 58 52 52
4737 0 0 60 20 0 4737 0 60 120 40 90 70 62 62
4737 0 0 60 20 0 4737 0 60 120 40 180 62 54 54
4737 0 0 60 20 0 4737 0 60 120 60 0 63 56 56
4737 0 0 60 20 0 4737 0 60 120 60 90 70 62 62
4737 0 0 60 20 0 4737 0 60 120 60 180 56 51 51
4737 0 0 60 20 0 4737 0 0 0 0 0 59 53 53
4737 0 0 60 20 0 4737 0 0 0 0 90 41 35 35
4737 0 0 60 20 0 4737 0 0 0 0 180 68 62 62
4737 0 0 60 20 0 4737 0 0 0 20 0 53 47 47
4737 0 0 60 20 0 4737 0 0 0 20 90 43 38 38
4737 0 0 60 20 0 4737 0 0 0 20 180 73 64 64
4737 0 0 60 20 0 4737 0 0 0 40 0 48 41 41
4737 0 0 60 20 0 4737 0 0 0 40 90 49 43 43
4737 0 0 60 20 0 4737 0 0 0 40 180 76 65 65
4737 0 0 60 20 0 4737 0 0 0 60 0 42 36 36
4737 0 0 60 20 0 4737 0 0 0 60 90 55 49 49
4737 0 0 60 20 0 4737 0 0 0 60 180 76 65 65
4737 0 0 60 20 0 4737 0 0 60 0 0 42 36 36
4737 0 0 60 20 0 4737 0 0 60 0 90 55 49 49
4737 0 0 60 20 0 4737 0 0 60 0 180 76 65 65
4737 0 0 60 20 0 4737 0 0 60 20 0 41 36 36
4737 0 0 60 20 0 4737 0 0 60 20 90 60 54 54
4737 0 0 60 20 0 4737 0 0 60 20 180 76 65 65
4737 0 0 60 20 0 4737 0 0 60 40 0 45 40 40
4737 0 0 60 20 0 4737 0 0 60 40 90 66 60 60
4737 0 0 60 20 0 4737 0 0 60 40 180 76 65 65
4737 0 0 60 20 0 4737 0 0 60 60 0 51 45 45
4737 0 0 60 20 0 4737 0 0 60 60 90 71 63 63
4737 0 0 60 20 0 4737 0 0 60 60 180 74 65 65
4737 0 0 60 20 0 4737 0 0 120 0 0 51 45 45
4737 0 0 60 20 0 4737 0 0 120 0 90 71 63 63
4737 0 0 60 20 0 4737 0 0 120 0 180 74 65 65
4737 0 0 60 20 0 4737 0 0 120 20 0 57 51 51
4737 0 0 60 20 0 4737 0 0 120 20 90 75 65 65
4737 0 0 60 20 0 4737 0 0 120 20 180 70 63 63
4737 0 0 60 20 0 4737 0 0 120 40 0 62 57 57
4737 0 0 60 20 0 4737 0 0 120 40 90 76 65 65
4737 0 0 60 20 0 4737 0 0 120 40 180 64 58 58
4737 0 0 60 20 0 4737 0 0 120 60 0 68 62 62
4737 0 0 60 20 0 4737 0 0 120 60 90 76 65 65
4737 0 0 60 20 0 4737 0 0 120 60 180 59 53 53
4737 0 0 60 20 0 4737 0 30 0 0 0 59 51 51
4737 0 0 60 20 0 4737 0 30 0 0 90 41 38 38
4737 0 0 60 20 0 4737 0 30 0 0 180 67 54 54
4737 0 0 60 20 0 4737 0 30 0 20 0 53 46 46
4737 0 0 60 20 0 4737 0 30 0 20 90 43 39 39
4737 0 0 60 20 0 4737 0 30 0 20 180 72 57 57
4737 0 0 60 20 0 4737 0 30 0 40 0 47 42 42
4737 0 0 60 20 0 4737 0 30 0 40 90 48 41 41
4737 0 0 60 20 0 4737 0 30 0 40 180 75 59 59
4737 0 0 60 20 0 4737 0 30 0 60 0 42 39 39
4737 0 0 60 20 0 4737 0 30 0 60 90 54 45 45
4737 0 0 60 20 0 4737 0 30 0 60 180 75 60 60
4737 0 0 60 20 0 4737 0 30 60 0 0 42 40 40
4737 0 0 60 20 0 4737 0 30 60 0 90 54 47 47
4737 0 0 60 20 0 4737 0 30 60 0 180 75 63 63
4737 0 0 60 20 0 4737 0 30 60 20 0 41 40 40
4737 0 0 60 20 0 4737 0 30 60 20 90 59 52 52
4737 0 0 60 20 0 4737 0 30 60 20 180 75 63 63
4737 0 0 60 20 0 4737 0 30 60 40 0 44 42 42
4737 0 0 60 20 0 4737 0 30 60 40 90 65 56 56
4737 0 0 60 20 0 4737 0 30 60 40 180 75 63 63
4737 0 0 60 20 0 4737 0 30 60 60 0 50 45 45
4737 0 0 60 20 0 4737 0 30 60 60 90 70 59 59
4737 0 0 60 20 0 4737 0 30 60 60 180 73 63 63
4737 0 0 60 20 0 4737 0 30 120 0 0 50 45 45
4737 0 0 60 20 0 4737 0 30 120 0 90 70 60 60
4737 0 0 60 20 0 4737 0 30 120 0 180 74 61 61
4737 0 0 60 20 0 4737 0 30 120 20 0 56 50 50
4737 0 0 60 20 0 4737 0 30 120 20 90 74 63 63
4737 0 0 60 20 0 4737 0 30 120 20 180 69 58 58
4737 0 0 60 20 0 4737 0 30 120 40 0 61 54 54
4737 0 0 60 20 0 4737 0 30 120 40 90 75 64 64
4737 0 0 60 20 0 4737 0 30 120 40 180 64 55 55
4737 0 0 60 20 0 4737 0 30 120 60 0 67 58 58
4737 0 0 60 20 0 4737 0 30 120 60 90 75 64 64
4737 0 0 60 20 0 4737 0 30 120 60 180 58 51 51
4737 0 0 60 20 0 4737 0 60 0 0 0 57 52 52
4737 0 0 60 20 0 4737 0 60 0 0 90 41 43 43
4737 0 0 60 20 0 4737 0 60 0 0 180 64 54 54
4737 0 0 60 20 0 4737 0 60 0 20 0 51 49 49
4737 0 0 60 20 0 4737 0 60 0 20 90 42 44 44
4737 0 0 60 20 0 4737 0 60 0 20 180 68 56 56
4737 0 0 60 20 0 4737 0 60 0 40 0 46 46 46
4737 0 0 60 20 0 4737 0 60 0 40 90 46 46 46
4737 0 0 60 20 0 4737 0 60 0 40 180 70 59 59
4737 0 0 60 20 0 4737 0 60 0 60 0 42 44 44
4737 0 0 60 20 0 4737 0 60 0 60 90 51 48 48
4737 0 0 60 20 0 4737 0 60 0 60 180 70 61 61
4737 0 0 60 20 0 4737 0 60 60 0 0 42 47 47
4737 0 0 60 20 0 4737 0 60 60 0 90 51 51 51
4737 0 0 60 20 0 4737 0 60 60 0 180 71 66 66
4737 0 0 60 20 0 4737 0 60 60 20 0 41 48 48
4737 0 0 60 20 0 4737 0 60 60 20 90 56 54 54
4737 0 0 60 20 0 4737 0 60 60 20 180 70 67 67
4737 0 0 60 20 0 4737 0 60 60 40 0 43 49 49
4737 0 0 60 20 0 4737 0 60 60 40 90 61 58 58
4737 0 0 60 20 0 4737 0 60 60 40 180 69 67 67
4737 0 0 60 20 0 4737 0 60 60 60 0 47 51 51
4737 0 0 60 20 0 4737 0 60 60 60 90 66 61 61
4737 0 0 60 20 0 4737 0 60 60 60 180 68 66 66
4737 0 0 60 20 0 4737 0 60 120 0 0 47 50 50
4737 0 0 60 20 0 4737 0 60 120 0 90 66 62 62
4737 0 0 60 20 0 4737 0 60 120 0 180 70 63 63
4737 0 0 60 20 0 4737 0 60 120 20 0 53 53 53
4737 0 0 60 20 0 4737 0 60 120 20 90 68 66 66
4737 0 0 60 20 0 4737 0 60 120 20 180 67 61 61
4737 0 0 60 20 0 4737 0 60 120 40 0 58 57 57
4737 0 0 60 20 0 4737 0 60 120 40 90 69 67 67
4737 0 0 60 20 0 4737 0 60 120 40 180 62 57 57
4737 0 0 60 20 0 4737 0 60 120 60 0 63 61 61
4737 0 0 60 20 0 4737 0 60 120 60 90 69 68 68
4737 0 0 60 20 0 4737 0 60 120 60 180 56 55 55
4737 0 0 60 20 0 4737 0 0 0 0 0 59 52 52
4737 0 0 60 20 0 4737 0 0 0 0 90 45 39 39
4737 0 0 60 20 0 4737 0 0 0 0 180 67 60 60
4737 0 0 60 20 0 4737 0 0 0 20 0 53 47 47
4737 0 0 60 20 0 4737 0 0 0 20 90 44 38 38
4737 0 0 60 20 0 4737 0 0 0 20 180 71 62 62
4737 0 0 60 20 0 4737 0 0 0 40 0 48 41 41
4737 0 0 60 20 0 4737 0 0 0 40 90 46 40 40
4737 0 0 60 20 0 4737 0 0 0 40 180 74 64 64
4737 0 0 60 20 0 4737 0 0 0 60 0 45 39 39
4737 0 0 60 20 0 4737 0 0 0 60 90 50 44 44
4737 0 0 60 20 0 4737 0 0 0 60 180 76 64 64
4737 0 0 60 20 0 4737 0 0 60 0 0 45 39 39
4737 0 0 60 20 0 4737 0 0 60 0 90 50 44 44
4737 0 0 60 20 0 4737 0 0 60 0 180 76 64 64
4737 0 0 60 20 0 4737 0 0 60 20 0 45 39 39
4737 0 0 60 20 0 4737 0 0 60 20 90 56 50 50
4737 0 0 60 20 0 4737 0 0 60 20 180 76 64 64
4737 0 0 60 20 0 4737 0 0 60 40 0 46 41 41
4737 0 0 60 20 0 4737 0 0 60 40 90 61 55 55
4737 0 0 60 20 0 4737 0 0 60 40 180 75 64 64
4737 0 0 60 20 0 4737 0 0 60 60 0 51 45 45
4737 0 0 60 20 0 4737 0 0 60 60 90 67 59 59
4737 0 0 60 20 0 4737 0 0 60 60 180 72 64 64
4737 0 0 60 20 0 4737 0 0 120 0 0 51 45 45
4737 0 0 60 20 0 4737 0 0 120 0 90 67 59 59
4737 0 0 60 20 0 4737 0 0 120 0 180 72 64 64
4737 0 0 60 20 0 4737 0 0 120 20 0 57 51 51
4737 0 0 60 20 0 4737 0 0 120 20 90 71 62 62
4737 0 0 60 20 0 4737 0 0 120 20 180 69 61 61
4737 0 0 60 20 0 4737 0 0 120 40 0 62 56 56
4737 0 0 60 20 0 4737 0 0 120 40 90 74 65 65
4737 0 0 60 20 0 4737 0 0 120 40 180 64 58 58
4737 0 0 60 20 0 4737 0 0 120 60 0 67 60 60
4737 0 0 60 20 0 4737 0 0 120 60 90 76 65 65
4737 0 0 60 20 0 4737 0 0 120 60 180 58 53 53
4737 0 0 60 20 0 4737 0 30 0 0 0 58 51 51
4737 0 0 60 20 0 4737 0 30 0 0 90 45 41 41
4737 0 0 60 20 0 4737 0 30 0 0 180 67 53 53
4737 0 0 60 20 0 4737 0 30 0 20 0 53 47 47
4737 0 0 60 20 0 4737 0 30 0 20 90 44 38 38
4737 0 0 60 20 0 4737 0 30 0 20 180 71 55 55
4737 0 0 60 20 0 4737 0 30 0 40 0 47 44 44
4737 0 0 60 20 0 4737 0 30 0 40 90 46 40 40
4737 0 0 60 20 0 4737 0 30 0 40 180 73 58 58
4737 0 0 60 20 0 4737 0 30 0 60 0 45 40 40
4737 0 0 60 20 0 4737 0 30 0 60 90 49 42 42
4737 0 0 60 20 0 4737 0 30 0 60 180 75 59 59
4737 0 0 60 20 0 4737 0 30 60 0 0 45 43 43
4737 0 0 60 20 0 4737 0 30 60 0 90 49 46 46
4737 0 0 60 20 0 4737 0 30 60 0 180 75 66 66
4737 0 0 60 20 0 4737 0 30 60 20 0 44 43 43
4737 0 0 60 20 0 4737 0 30 60 20 90 54 49 49
4737 0 0 60 20 0 4737 0 30 60 20 180 75 67 67
4737 0 0 60 20 0 4737 0 30 60 40 0 45 45 45
4737 0 0 60 20 0 4737 0 30 60 40 90 60 54 54
4737 0 0 60 20 0 4737 0 30 60 40 180 74 67 67
4737 0 0 60 20 0 4737 0 30 60 60 0 50 47 47
4737 0 0 60 20 0 4737 0 30 60 60 90 65 58 58
4737 0 0 60 20 0 4737 0 30 60 60 180 71 65 65
4737 0 0 60 20 0 4737 0 30 120 0 0 50 48 48
4737 0 0 60 20 0 4737 0 30 120 0 90 66 60 60
4737 0 0 60 20 0 4737 0 30 120 0 180 72 63 63
4737 0 0 60 20 0 4737 0 30 120 20 0 56 52 52
4737 0 0 60 20 0 4737 0 30 120 20 90 70 63 63
4737 0 0 60 20 0 4737 0 30 120 20 180 68 60 60
4737 0 0 60 20 0 4737 0 30 120 40 0 61 56 56
4737 0 0 60 20 0 4737 0 30 120 40 90 72 66 66
4737 0 0 60 20 0 4737 0 30 120 40 180 64 56 56
4737 0 0 60 20 0 4737 0 30 120 60 0 66 61 61
4737 0 0 60 20 0 4737 0 30 120 60 90 74 67 67
4737 0 0 60 20 0 4737 0 30 120 60 180 58 52 52
4737 0 0 60 20 0 4737 0 60 0 0 0 56 53 53
4737 0 0 60 20 0 4737 0 60 0 0 90 45 44 44
4737 0 0 60 20 0 4737 0 60 0 0 180 63 52 52
4737 0 0 60 20 0 4737 0 60 0 20 0 51 50 50
4737 0 0 60 20 0 4737 0 60 0 20 90 44 43 43
4737 0 0 60 20 0 4737 0 60 0 20 180 66 55 55
4737 0 0 60 20 0 4737 0 60 0 40 0 47 47 47
4737 0 0 60 20 0 4737 0 60 0 40 90 45 44 44
4737 0 0 60 20 0 4737 0 60 0 40 180 68 57 57
4737 0 0 60 20 0 4737 0 60 0 60 0 44 44 44
4737 0 0 60 20 0 4737 0 60 0 60 90 48 46 46
4737 0 0 60 20 0 4737 0 60 0 60 180 69 59 59
4737 0 0 60 20 0 4737 0 60 60 0 0 43 52 52
4737 0 0 60 20 0 4737 0 60 60 0 90 46 54 54
4737 0 0 60 20 0 4737 0 60 60 0 180 70 70 70
4737 0 0 60 20 0 4737 0 60 60 20 0 42 52 52
4737 0 0 60 20 0 4737 0 60 60 20 90 51 56 56
4737 0 0 60 20 0 4737 0 60 60 20 180 69 72 72
4737 0 0 60 20 0 4737 0 60 60 40 0 43 54 54
4737 0 0 60 20 0 4737 0 60 60 40 90 56 59 59
4737 0 0 60 20 0 4737 0 60 60 40 180 68 72 72
4737 0 0 60 20 0 4737 0 60 60 60 0 47 56 56
4737 0 0 60 20 0 4737 0 60 60 60 90 61 62 62
4737 0 0 60 20 0 4737 0 60 60 60 180 66 70 70
4737 0 0 60 20 0 4737 0 60 120 0 0 48 54 54
4737 0 0 60 20 0 4737 0 60 120 0 90 63 63 63
4737 0 0 60 20 0 4737 0 60 120 0 180 69 67 67
4737 0 0 60 20 0 4737 0 60 120 20 0 53 57 57
4737 0 0 60 20 0 4737 0 60 120 20 90 65 68 68
4737 0 0 60 20 0 4737 0 60 120 20 180 65 64 64
4737 0 0 60 20 0 4737 0 60 120 40 0 58 61 61
4737 0 0 60 20 0 4737 0 60 120 40 90 67 71 71
4737 0 0 60 20 0 4737 0 60 120 40 180 60 61 61
4737 0 0 60 20 0 4737 0 60 120 60 0 62 65 65
4737 0 0 60 20 0 4737 0 60 120 60 90 68 73 73
4737 0 0 60 20 0 4737 0 60 120 60 180 55 59 59
4737 0 0 60 20 0 4737 0 0 0 0 0 58 51 51
4737 0 0 60 20 0 4737 0 0 0 0 90 50 43 43
4737 0 0 60 20 0 4737 0 0 0 0 180 66 58 58
4737 0 0 60 20 0 4737 0 0 0 20 0 53 46 46
4737 0 0 60 20 0 4737 0 0 0 20 90 48 41 41
4737 0 0 60 20 0 4737 0 0 0 20 180 70 60 60
4737 0 0 60 20 0 4737 0 0 0 40 0 50 43 43
4737 0 0 60 20 0 4737 0 0 0 40 90 48 41 41
4737 0 0 60 20 0 4737 0 0 0 40 180 73 62 62
4737 0 0 60 20 0 4737 0 0 0 60 0 48 42 42
4737 0 0 60 20 0 4737 0 0 0 60 90 49 43 43
4737 0 0 60 20 0 4737 0 0 0 60 180 75 63 63
4737 0 0 60 20 0 4737 0 0 60 0 0 48 42 42
4737 0 0 60 20 0 4737 0 0 60 0 90 49 43 43
4737 0 0 60 20 0 4737 0 0 60 0 180 75 63 63
4737 0 0 60 20 0 4737 0 0 60 20 0 48 42 42
4737 0 0 60 20 0 4737 0 0 60 20 90 52 46 46
4737 0 0 60 20 0 4737 0 0 60 20 180 75 64 64
4737 0 0 60 20 0 4737 0 0 60 40 0 49 43 43
4737 0 0 60 20 0 4737 0 0 60 40 90 57 50 50
4737 0 0 60 20 0 4737 0 0 60 40 180 74 63 63
4737 0 0 60 20 0 4737 0 0 60 60 0 52 46 46
4737 0 0 60 20 0 4737 0 0 60 60 90 62 54 54
4737 0 0 60 20 0 4737 0 0 60 60 180 71 61 61
4737 0 0 60 20 0 4737 0 0 120 0 0 52 46 46
4737 0 0 60 20 0 4737 0 0 120 0 90 62 54 54
4737 0 0 60 20 0 4737 0 0 120 0 180 71 61 61
4737 0 0 60 20 0 4737 0 0 120 20 0 57 50 50
4737 0 0 60 20 0 4737 0 0 120 20 90 66 58 58
4737 0 0 60 20 0 4737 0 0 120 20 180 67 59 59
4737 0 0 60 20 0 4737 0 0 120 40 0 62 55 55
4737 0 0 60 20 0 4737 0 0 120 40 90 70 61 61
4737 0 0 60 20 0 4737 0 0 120 40 180 63 56 56
4737 0 0 60 20 0 4737 0 0 120 60 0 66 58 58
4737 0 0 60 20 0 4737 0 0 120 60 90 72 63 63
4737 0 0 60 20 0 4737 0 0 120 60 180 58 52 52
4737 0 0 60 20 0 4737 0 30 0 0 0 58 52 52
4737 0 0 60 20 0 4737 0 30 0 0 90 50 45 45
4737 0 0 60 20 0 4737 0 30 0 0 180 65 52 52
4737 0 0 60 20 0 4737 0 30 0 20 0 53 48 48
4737 0 0 60 20 0 4737 0 30 0 20 90 48 42 42
4737 0 0 60 20 0 4737 0 30 0 20 180 69 55 55
4737 0 0 60 20 0 4737 0 30 0 40 0 50 45 45
4737 0 0 60 20 0 4737 0 30 0 40 90 48 41 41
4737 0 0 60 20 0 4737 0 30 0 40 180 72 57 57
4737 0 0 60 20 0 4737 0 30 0 60 0 48 42 42
4737 0 0 60 20 0 4737 0 30 0 60 90 49 41 41
4737 0 0 60 20 0 4737 0 30 0 60 180 74 59 59
4737 0 0 60 20 0 4737 0 30 60 0 0 47 47 47
4737 0 0 60 20 0 4737 0 30 60 0 90 48 48 48
4737 0 0 60 20 0 4737 0 30 60 0 180 74 67 67
4737 0 0 60 20 0 4737 0 30 60 20 0 47 47 47
4737 0 0 60 20 0 4737 0 30 60 20 90 50 50 50
4737 0 0 60 20 0 4737 0 30 60 20 180 74 69 69
4737 0 0 60 20 0 4737 0 30 60 40 0 47 48 48
4737 0 0 60 20 0 4737 0 30 60 40 90 55 52 52
4737 0 0 60 20 0 4737 0 30 60 40 180 72 69 69
4737 0 0 60 20 0 4737 0 30 60 60 0 50 50 50
4737 0 0 60 20 0 4737 0 30 60 60 90 61 56 56
4737 0 0 60 20 0 4737 0 30 60 60 180 70 67 67
4737 0 0 60 20 0 4737 0 30 120 0 0 51 50 50
4737 0 0 60 20 0 4737 0 30 120 0 90 61 58 58
4737 0 0 60 20 0 4737 0 30 120 0 180 70 64 64
4737 0 0 60 20 0 4737 0 30 120 20 0 56 54 54
4737 0 0 60 20 0 4737 0 30 120 20 90 65 62 62
4737 0 0 60 20 0 4737 0 30 120 20 180 67 61 61
4737 0 0 60 20 0 4737 0 30 120 40 0 61 58 58
4737 0 0 60 20 0 4737 0 30 120 40 90 68 66 66
4737 0 0 60 20 0 4737 0 30 120 40 180 63 58 58
4737 0 0 60 20 0 4737 0 30 120 60 0 65 63 63
4737 0 0 60 20 0 4737 0 30 120 60 90 71 69 69
4737 0 0 60 20 0 4737 0 30 120 60 180 58 54 54
4737 0 0 60 20 0 4737 0 60 0 0 0 55 55 55
4737 0 0 60 20 0 4737 0 60 0 0 90 49 48 48
4737 0 0 60 20 0 4737 0 60 0 0 180 62 51 51
4737 0 0 60 20 0 4737 0 60 0 20 0 51 51 51
4737 0 0 60 20 0 4737 0 60 0 20 90 48 45 45
4737 0 0 60 20 0 4737 0 60 0 20 180 64 53 53
4737 0 0 60 20 0 4737 0 60 0 40 0 49 48 48
4737 0 0 60 20 0 4737 0 60 0 40 90 48 43 43
4737 0 0 60 20 0 4737 0 60 0 40 180 66 56 56
4737 0 0 60 20 0 4737 0 60 0 60 0 48 45 45
4737 0 0 60 20 0 4737 0 60 0 60 90 49 44 44
4737 0 0 60 20 0 4737 0 60 0 60 180 68 58 58
4737 0 0 60 20 0 4737 0 60 60 0 0 46 56 56
4737 0 0 60 20 0 4737 0 60 60 0 90 45 57 57
4737 0 0 60 20 0 4737 0 60 60 0 180 69 73 73
4737 0 0 60 20 0 4737 0 60 60 20 0 44 57 57
4737 0 0 60 20 0 4737 0 60 60 20 90 47 59 59
4737 0 0 60 20 0 4737 0 60 60 20 180 68 76 76
4737 0 0 60 20 0 4737 0 60 60 40 0 44 59 59
4737 0 0 60 20 0 4737 0 60 60 40 90 51 62 62
4737 0 0 60 20 0 4737 0 60 60 40 180 66 76 76
4737 0 0 60 20 0 4737 0 60 60 60 0 47 61 61
4737 0 0 60 20 0 4737 0 60 60 60 90 55 65 65
4737 0 0 60 20 0 4737 0 60 60 60 180 64 74 74
4737 0 0 60 20 0 4737 0 60 120 0 0 49 58 58
4737 0 0 60 20 0 4737 0 60 120 0 90 58 64 64
4737 0 0 60 20 0 4737 0 60 120 0 180 67 70 70
4737 0 0 60 20 0 4737 0 60 120 20 0 53 61 61
4737 0 0 60 20 0 4737 0 60 120 20 90 61 69 69
4737 0 0 60 20 0 4737 0 60 120 20 180 63 68 68
4737 0 0 60 20 0 4737 0 60 120 40 0 58 66 66
4737 0 0 60 20 0 4737 0 60 120 40 90 63 73 73
4737 0 0 60 20 0 4737 0 60 120 40 180 59 66 66
4737 0 0 60 20 0 4737 0 60 120 60 0 60 70 70
4737 0 0 60 20 0 4737 0 60 120 60 90 65 75 75
4737 0 0 60 20 0 4737 0 60 120 60 180 54 64 64
4737 0 0 60 40 0 4737 0 0 0 0 0 64 58 58
4737 0 0 60 40 0 4737 0 0 0 0 90 39 33 33
4737 0 0 60 40 0 4737 0 0 0 0 180 62 57 57
4737 0 0 60 40 0 4737 0 0 0 20 0 59 53 53
4737 0 0 60 40 0 4737 0 0 0 20 90 43 37 37
4737 0 0 60 40 0 4737 0 0 0 20 180 68 62 62
4737 0 0 60 40 0 4737 0 0 0 40 0 53 47 47
4737 0 0 60 40 0 4737 0 0 0 40 90 48 43 43
4737 0 0 60 40 0 4737 0 0 0 40 180 73 65 65
4737 0 0 60 40 0 4737 0 0 0 60 0 48 42 42
4737 0 0 60 40 0 4737 0 0 0 60 90 54 48 48
4737 0 0 60 40 0 4737 0 0 0 60 180 76 65 65
4737 0 0 60 40 0 4737 0 0 60 0 0 48 42 42
4737 0 0 60 40 0 4737 0 0 60 0 90 54 48 48
4737 0 0 60 40 0 4737 0 0 60 0 180 76 65 65
4737 0 0 60 40 0 4737 0 0 60 20 0 42 36 36
4737 0 0 60 40 0 4737 0 0 60 20 90 59 54 54
4737 0 0 60 40 0 4737 0 0 60 20 180 76 65 65
4737 0 0 60 40 0 4737 0 0 60 40 0 40 34 34
4737 0 0 60 40 0 4737 0 0 60 40 90 65 59 59
4737 0 0 60 40 0 4737 0 0 60 40 180 76 65 65
4737 0 0 60 40 0 4737 0 0 60 60 0 45 40 40
4737 0 0 60 40 0 4737 0 0 60 60 90 70 65 65
4737 0 0 60 40 0 4737 0 0 60 60 180 76 65 65
4737 0 0 60 40 0 4737 0 0 120 0 0 45 40 40
4737 0 0 60 40 0 4737 0 0 120 0 90 70 65 65
4737 0 0 60 40 0 4737 0 0 120 0 180 76 65 65
4737 0 0 60 40 0 4737 0 0 120 20 0 51 45 45
4737 0 0 60 40 0 4737 0 0 120 20 90 76 65 65
4737 0 0 60 40 0 4737 0 0 120 20 180 75 65 65
4737 0 0 60 40 0 4737 0 0 120 40 0 56 51 51
4737 0 0 60 40 0 4737 0 0 120 40 90 76 65 65
4737 0 0 60 40 0 4737 0 0 120 40 180 70 64 64
4737 0 0 60 40 0 4737 0 0 120 60 0 62 57 57
4737 0 0 60 40 0 4737 0 0 120 60 90 76 65 65
4737 0 0 60 40 0 4737 0 0 120 60 180 64 58 58
4737 0 0 60 40 0 4737 0 30 0 0 0 64 54 54
4737 0 0 60 40 0 4737 0 30 0 0 90 39 38 38
4737 0 0 60 40 0 4737 0 30 0 0 180 61 52 52
4737 0 0 60 40 0 4737 0 30 0 20 0 58 50 50
4737 0 0 60 40 0 4737 0 30 0 20 90 42 39 39
4737 0 0 60 40 0 4737 0 30 0 20 180 67 56 56
4737 0 0 60 40 0 4737 0 30 0 40 0 53 45 45
4737 0 0 60 40 0 4737 0 30 0 40 90 47 41 41
4737 0 0 60 40 0 4737 0 30 0 40 180 72 58 58
4737 0 0 60 40 0 4737 0 30 0 60 0 47 41 41
4737 0 0 60 40 0 4737 0 30 0 60 90 53 46 46
4737 0 0 60 40 0 4737 0 30 0 60 180 75 60 60
4737 0 0 60 40 0 4737 0 30 60 0 0 47 41 41
4737 0 0 60 40 0 4737 0 30 60 0 90 53 46 46
4737 0 0 60 40 0 4737 0 30 60 0 180 75 60 60
4737 0 0 60 40 0 4737 0 30 60 20 0 42 38 38
4737 0 0 60 40 0 4737 0 30 60 20 90 58 50 50
4737 0 0 60 40 0 4737 0 30 60 20 180 75 60 60
4737 0 0 60 40 0 4737 0 30 60 40 0 39 38 38
4737 0 0 60 40 0 4737 0 30 60 40 90 64 54 54
4737 0 0 60 40 0 4737 0 30 60 40 180 75 60 60
4737 0 0 60 40 0 4737 0 30 60 60 0 45 40 40
4737 0 0 60 40 0 4737 0 30 60 60 90 69 57 57
4737 0 0 60 40 0 4737 0 30 60 60 180 75 60 60
4737 0 0 60 40 0 4737 0 30 120 0 0 45 40 40
4737 0 0 60 40 0 4737 0 30 120 0 90 69 57 57
4737 0 0 60 40 0 4737 0 30 120 0 180 75 60 60
4737 0 0 60 40 0 4737 0 30 120 20 0 50 43 43
4737 0 0 60 40 0 4737 0 30 120 20 90 75 60 60
4737 0 0 60 40 0 4737 0 30 120 20 180 75 59 59
4737 0 0 60 40 0 4737 0 30 120 40 0 56 48 48
4737 0 0 60 40 0 4737 0 30 120 40 90 75 60 60
4737 0 0 60 40 0 4737 0 30 120 40 180 69 57 57
4737 0 0 60 40 0 4737 0 30 120 60 0 61 52 52
4737 0 0 60 40 0 4737 0 30 120 60 90 75 60 60
4737 0 0 60 40 0 4737 0 30 120 60 180 64 53 53
4737 0 0 60 40 0 4737 0 60 0 0 0 62 54 54
4737 0 0 60 40 0 4737 0 60 0 0 90 40 43 43
4737 0 0 60 40 0 4737 0 60 0 0 180 59 52 52
4737 0 0 60 40 0 4737 0 60 0 20 0 57 51 51
4737 0 0 60 40 0 4737 0 60 0 20 90 41 44 44
4737 0 0 60 40 0 4737 0 60 0 20 180 64 56 56
4737 0 0 60 40 0 4737 0 60 0 40 0 51 48 48
4737 0 0 60 40 0 4737 0 60 0 40 90 45 46 46
4737 0 0 60 40 0 4737 0 60 0 40 180 67 59 59
4737 0 0 60 40 0 4737 0 60 0 60 0 46 46 46
4737 0 0 60 40 0 4737 0 60 0 60 90 50 49 49
4737 0 0 60 40 0 4737 0 60 0 60 180 69 61 61
4737 0 0 60 40 0 4737 0 60 60 0 0 46 45 45
4737 0 0 60 40 0 4737 0 60 60 0 90 50 48 48
4737 0 0 60 40 0 4737 0 60 60 0 180 71 60 60
4737 0 0 60 40 0 4737 0 60 60 20 0 41 44 44
4737 0 0 60 40 0 4737 0 60 60 20 90 56 51 51
4737 0 0 60 40 0 4737 0 60 60 20 180 71 62 62
4737 0 0 60 40 0 4737 0 60 60 40 0 40 44 44
4737 0 0 60 40 0 4737 0 60 60 40 90 61 54 54
4737 0 0 60 40 0 4737 0 60 60 40 180 70 62 62
4737 0 0 60 40 0 4737 0 60 60 60 0 43 45 45
4737 0 0 60 40 0 4737 0 60 60 60 90 65 58 58
4737 0 0 60 40 0 4737 0 60 60 60 180 70 62 62
4737 0 0 60 40 0 4737 0 60 120 0 0 43 45 45
4737 0 0 60 40 0 4737 0 60 120 0 90 66 57 57
4737 0 0 60 40 0 4737 0 60 120 0 180 71 61 61
4737 0 0 60 40 0 4737 0 60 120 20 0 47 47 47
4737 0 0 60 40 0 4737 0 60 120 20 90 69 60 60
4737 0 0 60 40 0 4737 0 60 120 20 180 70 60 60
4737 0 0 60 40 0 4737 0 60 120 40 0 53 50 50
4737 0 0 60 40 0 4737 0 60 120 40 90 70 61 61
4737 0 0 60 40 0 4737 0 60 120 40 180 66 57 57
4737 0 0 60 40 0 4737 0 60 120 60 0 58 53 53
4737 0 0 60 40 0 4737 0 60 120 60 90 70 62 62
4737 0 0 60 40 0 4737 0 60 120 60 180 62 54 54
4737 0 0 60 40 0 4737 0 0 0 0 0 64 58 58
4737 0 0 60 40 0 4737 0 0 0 0 90 44 38 38
4737 0 0 60 40 0 4737 0 0 0 0 180 62 56 56
4737 0 0 60 40 0 4737 0 0 0 20 0 59 53 53
4737 0 0 60 40 0 4737 0 0 0 20 90 41 35 35
4737 0 0 60 40 0 4737 0 0 0 20 180 68 61 61
4737 0 0 60 40 0 4737 0 0 0 40 0 53 47 47
4737 0 0 60 40 0 4737 0 0 0 40 90 43 38 38
4737 0 0 60 40 0 4737 0 0 0 40 180 73 64 64
4737 0 0 60 40 0 4737 0 0 0 60 0 48 42 42
4737 0 0 60 40 0 4737 0 0 0 60 90 49 43 43
4737 0 0 60 40 0 4737 0 0 0 60 180 76 65 65
4737 0 0 60 40 0 4737 0 0 60 0 0 48 42 42
4737 0 0 60 40 0 4737 0 0 60 0 90 49 43 43
4737 0 0 60 40 0 4737 0 0 60 0 180 76 65 65
4737 0 0 60 40 0 4737 0 0 60 20 0 42 36 36
4737 0 0 60 40 0 4737 0 0 60 20 90 55 49 49
4737 0 0 60 40 0 4737 0 0 60 20 180 76 65 65
4737 0 0 60 40 0 4737 0 0 60 40 0 41 36 36
4737 0 0 60 40 0 4737 0 0 60 40 90 60 55 55
4737 0 0 60 40 0 4737 0 0 60 40 180 76 65 65
4737 0 0 60 40 0 4737 0 0 60 60 0 45 40 40
4737 0 0 60 40 0 4737 0 0 60 60 90 66 60 60
4737 0 0 60 40 0 4737 0 0 60 60 180 76 65 65
4737 0 0 60 40 0 4737 0 0 120 0 0 45 40 40
4737 0 0 60 40 0 4737 0 0 120 0 90 66 60 60
4737 0 0 60 40 0 4737 0 0 120 0 180 76 65 65
4737 0 0 60 40 0 4737 0 0 120 20 0 51 45 45
4737 0 0 60 40 0 4737 0 0 120 20 90 71 64 64
4737 0 0 60 40 0 4737 0 0 120 20 180 74 65 65
4737 0 0 60 40 0 4737 0 0 120 40 0 56 51 51
4737 0 0 60 40 0 4737 0 0 120 40 90 75 65 65
4737 0 0 60 40 0 4737 0 0 120 40 180 70 63 63
4737 0 0 60 40 0 4737 0 0 120 60 0 62 57 57
4737 0 0 60 40 0 4737 0 0 120 60 90 76 65 65
4737 0 0 60 40 0 4737 0 0 120 60 180 64 58 58
4737 0 0 60 40 0 4737 0 30 0 0 0 64 55 55
4737 0 0 60 40 0 4737 0 30 0 0 90 44 40 40
4737 0 0 60 40 0 4737 0 30 0 0 180 61 51 51
4737 0 0 60 40 0 4737 0 30 0 20 0 59 51 51
4737 0 0 60 40 0 4737 0 30 0 20 90 41 38 38
4737 0 0 60 40 0 4737 0 30 0 20 180 67 54 54
4737 0 0 60 40 0 4737 0 30 0 40 0 53 46 46
4737 0 0 60 40 0 4737 0 30 0 40 90 43 39 39
4737 0 0 60 40 0 4737 0 30 0 40 180 72 57 57
4737 0 0 60 40 0 4737 0 30 0 60 0 47 42 42
4737 0 0 60 40 0 4737 0 30 0 60 90 48 41 41
4737 0 0 60 40 0 4737 0 30 0 60 180 75 59 59
4737 0 0 60 40 0 4737 0 30 60 0 0 47 43 43
4737 0 0 60 40 0 4737 0 30 60 0 90 48 43 43
4737 0 0 60 40 0 4737 0 30 60 0 180 75 62 62
4737 0 0 60 40 0 4737 0 30 60 20 0 42 40 40
4737 0 0 60 40 0 4737 0 30 60 20 90 54 47 47
4737 0 0 60 40 0 4737 0 30 60 20 180 75 63 63
4737 0 0 60 40 0 4737 0 30 60 40 0 41 40 40
4737 0 0 60 40 0 4737 0 30 60 40 90 59 52 52
4737 0 0 60 40 0 4737 0 30 60 40 180 75 63 63
4737 0 0 60 40 0 4737 0 30 60 60 0 44 42 42
4737 0 0 60 40 0 4737 0 30 60 60 90 65 56 56
4737 0 0 60 40 0 4737 0 30 60 60 180 75 63 63
4737 0 0 60 40 0 4737 0 30 120 0 0 45 42 42
4737 0 0 60 40 0 4737 0 30 120 0 90 65 57 57
4737 0 0 60 40 0 4737 0 30 120 0 180 75 63 63
4737 0 0 60 40 0 4737 0 30 120 20 0 50 46 46
4737 0 0 60 40 0 4737 0 30 120 20 90 70 60 60
4737 0 0 60 40 0 4737 0 30 120 20 180 74 61 61
4737 0 0 60 40 0 4737 0 30 120 40 0 55 50 50
4737 0 0 60 40 0 4737 0 30 120 40 90 73 63 63
4737 0 0 60 40 0 4737 0 30 120 40 180 69 58 58
4737 0 0 60 40 0 4737 0 30 120 60 0 61 54 54
4737 0 0 60 40 0 4737 0 30 120 60 90 75 64 64
4737 0 0 60 40 0 4737 0 30 120 60 180 64 55 55
4737 0 0 60 40 0 4737 0 60 0 0 0 62 56 56
4737 0 0 60 40 0 4737 0 60 0 0 90 43 44 44
4737 0 0 60 40 0 4737 0 60 0 0 180 59 51 51
4737 0 0 60 40 0 4737 0 60 0 20 0 57 52 52
4737 0 0 60 40 0 4737 0 60 0 20 90 41 43 43
4737 0 0 60 40 0 4737 0 60 0 20 180 64 54 54
4737 0 0 60 40 0 4737 0 60 0 40 0 51 49 49
4737 0 0 60 40 0 4737 0 60 0 40 90 42 44 44
4737 0 0 60 40 0 4737 0 60 0 40 180 67 57 57
4737 0 0 60 40 0 4737 0 60 0 60 0 45 46 46
4737 0 0 60 40 0 4737 0 60 0 60 90 46 46 46
4737 0 0 60 40 0 4737 0 60 0 60 180 69 59 59
4737 0 0 60 40 0 4737 0 60 60 0 0 46 49 49
4737 0 0 60 40 0 4737 0 60 60 0 90 45 49 49
4737 0 0 60 40 0 4737 0 60 60 0 180 70 64 64
4737 0 0 60 40 0 4737 0 60 60 20 0 42 48 48
4737 0 0 60 40 0 4737 0 60 60 20 90 51 52 52
4737 0 0 60 40 0 4737 0 60 60 20 180 70 66 66
4737 0 0 60 40 0 4737 0 60 60 40 0 41 48 48
4737 0 0 60 40 0 4737 0 60 60 40 90 56 55 55
4737 0 0 60 40 0 4737 0 60 60 40 180 70 67 67
4737 0 0 60 40 0 4737 0 60 60 60 0 43 49 49
4737 0 0 60 40 0 4737 0 60 60 60 90 61 58 58
4737 0 0 60 40 0 4737 0 60 60 60 180 69 67 67
4737 0 0 60 40 0 4737 0 60 120 0 0 43 48 48
4737 0 0 60 40 0 4737 0 60 120 0 90 62 59 59
4737 0 0 60 40 0 4737 0 60 120 0 180 70 66 66
4737 0 0 60 40 0 4737 0 60 120 20 0 47 50 50
4737 0 0 60 40 0 4737 0 60 120 20 90 66 62 62
4737 0 0 60 40 0 4737 0 60 120 20 180 69 64 64
4737 0 0 60 40 0 4737 0 60 120 40 0 53 54 54
4737 0 0 60 40 0 4737 0 60 120 40 90 68 66 66
4737 0 0 60 40 0 4737 0 60 120 40 180 66 61 61
4737 0 0 60 40 0 4737 0 60 120 60 0 58 57 57
4737 0 0 60 40 0 4737 0 60 120 60 90 69 67 67
4737 0 0 60 40 0 4737 0 60 120 60 180 61 58 58
4737 0 0 60 40 0 4737 0 0 0 0 0 64 57 57
4737 0 0 60 40 0 4737 0 0 0 0 90 49 42 42
4737 0 0 60 40 0 4737 0 0 0 0 180 62 56 56
4737 0 0 60 40 0 4737 0 0 0 20 0 59 52 52
4737 0 0 60 40 0 4737 0 0 0 20 90 45 39 39
4737 0 0 60 40 0 4737 0 0 0 20 180 67 60 60
4737 0 0 60 40 0 4737 0 0 0 40 0 53 47 47
4737 0 0 60 40 0 4737 0 0 0 40 90 44 38 38
4737 0 0 60 40 0 4737 0 0 0 40 180 71 62 62
4737 0 0 60 40 0 4737 0 0 0 60 0 48 42 42
4737 0 0 60 40 0 4737 0 0 0 60 90 46 40 40
4737 0 0 60 40 0 4737 0 0 0 60 180 74 64 64
4737 0 0 60 40 0 4737 0 0 60 0 0 48 42 42
4737 0 0 60 40 0 4737 0 0 60 0 90 46 40 40
4737 0 0 60 40 0 4737 0 0 60 0 180 74 64 64
4737 0 0 60 40 0 4737 0 0 60 20 0 45 39 39
4737 0 0 60 40 0 4737 0 0 60 20 90 50 44 44
4737 0 0 60 40 0 4737 0 0 60 20 180 76 64 64
4737 0 0 60 40 0 4737 0 0 60 40 0 44 39 39
4737 0 0 60 40 0 4737 0 0 60 40 90 56 50 50
4737 0 0 60 40 0 4737 0 0 60 40 180 76 64 64
4737 0 0 60 40 0 4737 0 0 60 60 0 46 41 41
4737 0 0 60 40 0 4737 0 0 60 60 90 61 55 55
4737 0 0 60 40 0 4737 0 0 60 60 180 75 65 65
4737 0 0 60 40 0 4737 0 0 120 0 0 46 41 41
4737 0 0 60 40 0 4737 0 0 120 0 90 61 55 55
4737 0 0 60 40 0 4737 0 0 120 0 180 75 65 65
4737 0 0 60 40 0 4737 0 0 120 20 0 51 45 45
4737 0 0 60 40 0 4737 0 0 120 20 90 67 59 59
4737 0 0 60 40 0 4737 0 0 120 20 180 72 64 64
4737 0 0 60 40 0 4737 0 0 120 40 0 57 51 51
4737 0 0 60 40 0 4737 0 0 120 40 90 71 62 62
4737 0 0 60 40 0 4737 0 0 120 40 180 69 61 61
4737 0 0 60 40 0 4737 0 0 120 60 0 62 56 56
4737 0 0 60 40 0 4737 0 0 120 60 90 74 65 65
4737 0 0 60 40 0 4737 0 0 120 60 180 64 58 58
4737 0 0 60 40 0 4737 0 30 0 0 0 64 56 56
4737 0 0 60 40 0 4737 0 30 0 0 90 48 44 44
4737 0 0 60 40 0 4737 0 30 0 0 180 61 50 50
4737 0 0 60 40 0 4737 0 30 0 20 0 59 51 51
4737 0 0 60 40 0 4737 0 30 0 20 90 45 41 41
4737 0 0 60 40 0 4737 0 30 0 20 180 67 53 53
4737 0 0 60 40 0 4737 0 30 0 40 0 53 47 47
4737 0 0 60 40 0 4737 0 30 0 40 90 44 39 39
4737 0 0 60 40 0 4737 0 30 0 40 180 71 55 55
4737 0 0 60 40 0 4737 0 30 0 60 0 47 44 44
4737 0 0 60 40 0 4737 0 30 0 60 90 46 40 40
4737 0 0 60 40 0 4737 0 30 0 60 180 73 58 58
4737 0 0 60 40 0 4737 0 30 60 0 0 47 45 45
4737 0 0 60 40 0 4737 0 30 60 0 90 44 44 44
4737 0 0 60 40 0 4737 0 30 60 0 180 73 64 64
4737 0 0 60 40 0 4737 0 30 60 20 0 44 43 43
4737 0 0 60 40 0 4737 0 30 60 20 90 49 46 46
4737 0 0 60 40 0 4737 0 30 60 20 180 75 66 66
4737 0 0 60 40 0 4737 0 30 60 40 0 43 44 44
4737 0 0 60 40 0 4737 0 30 60 40 90 54 49 49
4737 0 0 60 40 0 4737 0 30 60 40 180 75 67 67
4737 0 0 60 40 0 4737 0 30 60 60 0 45 45 45
4737 0 0 60 40 0 4737 0 30 60 60 90 60 54 54
4737 0 0 60 40 0 4737 0 30 60 60 180 73 67 67
4737 0 0 60 40 0 4737 0 30 120 0 0 46 45 45
4737 0 0 60 40 0 4737 0 30 120 0 90 60 55 55
4737 0 0 60 40 0 4737 0 30 120 0 180 74 65 65
4737 0 0 60 40 0 4737 0 30 120 20 0 50 48 48
4737 0 0 60 40 0 4737 0 30 120 20 90 66 60 60
4737 0 0 60 40 0 4737 0 30 120 20 180 72 63 63
4737 0 0 60 40 0 4737 0 30 120 40 0 55 52 52
4737 0 0 60 40 0 4737 0 30 120 40 90 69 63 63
4737 0 0 60 40 0 4737 0 30 120 40 180 68 60 60
4737 0 0 60 40 0 4737 0 30 120 60 0 61 57 57
4737 0 0 60 40 0 4737 0 30 120 60 90 72 66 66
4737 0 0 60 40 0 4737 0 30 120 60 180 63 56 56
4737 0 0 60 40 0 4737 0 60 0 0 0 61 57 57
4737 0 0 60 40 0 4737 0 60 0 0 90 47 47 47
4737 0 0 60 40 0 4737 0 60 0 0 180 58 50 50
4737 0 0 60 40 0 4737 0 60 0 20 0 56 53 53
4737 0 0 60 40 0 4737 0 60 0 20 90 45 44 44
4737 0 0 60 40 0 4737 0 60 0 20 180 63 52 52
4737 0 0 60 40 0 4737 0 60 0 40 0 51 50 50
4737 0 0 60 40 0 4737 0 60 0 40 90 44 43 43
4737 0 0 60 40 0 4737 0 60 0 40 180 66 55 55
4737 0 0 60 40 0 4737 0 60 0 60 0 47 47 47
4737 0 0 60 40 0 4737 0 60 0 60 90 45 44 44
4737 0 0 60 40 0 4737 0 60 0 60 180 68 57 57
4737 0 0 60 40 0 4737 0 60 60 0 0 47 52 52
4737 0 0 60 40 0 4737 0 60 60 0 90 43 52 52
4737 0 0 60 40 0 4737 0 60 60 0 180 69 67 67
4737 0 0 60 40 0 4737 0 60 60 20 0 43 52 52
4737 0 0 60 40 0 4737 0 60 60 20 90 46 54 54
4737 0 0 60 40 0 4737 0 60 60 20 180 69 70 70
4737 0 0 60 40 0 4737 0 60 60 40 0 42 53 53
4737 0 0 60 40 0 4737 0 60 60 40 90 51 57 57
4737 0 0 60 40 0 4737 0 60 60 40 180 69 72 72
4737 0 0 60 40 0 4737 0 60 60 60 0 43 55 55
4737 0 0 60 40 0 4737 0 60 60 60 90 56 60 60
4737 0 0 60 40 0 4737 0 60 60 60 180 68 72 72
4737 0 0 60 40 0 4737 0 60 120 0 0 44 53 53
4737 0 0 60 40 0 4737 0 60 120 0 90 57 59 59
4737 0 0 60 40 0 4737 0 60 120 0 180 70 70 70
4737 0 0 60 40 0 4737 0 60 120 20 0 47 54 54
4737 0 0 60 40 0 4737 0 60 120 20 90 62 64 64
4737 0 0 60 40 0 4737 0 60 120 20 180 68 67 67
4737 0 0 60 40 0 4737 0 60 120 40 0 52 58 58
4737 0 0 60 40 0 4737 0 60 120 40 90 65 68 68
4737 0 0 60 40 0 4737 0 60 120 40 180 65 64 64
4737 0 0 60 40 0 4737 0 60 120 60 0 58 62 62
4737 0 0 60 40 0 4737 0 60 120 60 90 66 71 71
4737 0 0 60 40 0 4737 0 60 120 60 180 60 62 62
4737 0 0 60 40 0 4737 0 0 0 0 0 64 55 55
4737 0 0 60 40 0 4737 0 0 0 0 90 53 46 46
4737 0 0 60 40 0 4737 0 0 0 0 180 62 54 54
4737 0 0 60 40 0 4737 0 0 0 20 0 59 51 51
4737 0 0 60 40 0 4737 0 0 0 20 90 50 43 43
4737 0 0 60 40 0 4737 0 0 0 20 180 66 57 57
4737 0 0 60 40 0 4737 0 0 0 40 0 53 47 47
4737 0 0 60 40 0 4737 0 0 0 40 90 48 42 42
4737 0 0 60 40 0 4737 0 0 0 40 180 70 60 60
4737 0 0 60 40 0 4737 0 0 0 60 0 50 43 43
4737 0 0 60 40 0 4737 0 0 0 60 90 48 42 42
4737 0 0 60 40 0 4737 0 0 0 60 180 73 62 62
4737 0 0 60 40 0 4737 0 0 60 0 0 50 43 43
4737 0 0 60 40 0 4737 0 0 60 0 90 48 42 42
4737 0 0 60 40 0 4737 0 0 60 0 180 73 62 62
4737 0 0 60 40 0 4737 0 0 60 20 0 48 42 42
4737 0 0 60 40 0 4737 0 0 60 20 90 49 43 43
4737 0 0 60 40 0 4737 0 0 60 20 180 75 64 64
4737 0 0 60 40 0 4737 0 0 60 40 0 48 42 42
4737 0 0 60 40 0 4737 0 0 60 40 90 52 46 46
4737 0 0 60 40 0 4737 0 0 60 40 180 75 64 64
4737 0 0 60 40 0 4737 0 0 60 60 0 49 43 43
4737 0 0 60 40 0 4737 0 0 60 60 90 57 50 50
4737 0 0 60 40 0 4737 0 0 60 60 180 73 63 63
4737 0 0 60 40 0 4737 0 0 120 0 0 49 43 43
4737 0 0 60 40 0 4737 0 0 120 0 90 57 50 50
4737 0 0 60 40 0 4737 0 0 120 0 180 73 63 63
4737 0 0 60 40 0 4737 0 0 120 20 0 52 46 46
4737 0 0 60 40 0 4737 0 0 120 20 90 62 54 54
4737 0 0 60 40 0 4737 0 0 120 20 180 71 62 62
4737 0 0 60 40 0 4737 0 0 120 40 0 57 50 50
4737 0 0 60 40 0 4737 0 0 120 40 90 66 58 58
4737 0 0 60 40 0 4737 0 0 120 40 180 67 59 59
4737 0 0 60 40 0 4737 0 0 120 60 0 62 55 55
4737 0 0 60 40 0 4737 0 0 120 60 90 70 61 61
4737 0 0 60 40 0 4737 0 0 120 60 180 63 56 56
4737 0 0 60 40 0 4737 0 30 0 0 0 63 56 56
4737 0 0 60 40 0 4737 0 30 0 0 90 53 48 48
4737 0 0 60 40 0 4737 0 30 0 0 180 61 49 49
4737 0 0 60 40 0 4737 0 30 0 20 0 58 52 52
4737 0 0 60 40 0 4737 0 30 0 20 90 49 45 45
4737 0 0 60 40 0 4737 0 30 0 20 180 65 52 52
4737 0 0 60 40 0 4737 0 30 0 40 0 53 49 49
4737 0 0 60 40 0 4737 0 30 0 40 90 48 42 42
4737 0 0 60 40 0 4737 0 30 0 40 180 69 55 55
4737 0 0 60 40 0 4737 0 30 0 60 0 49 45 45
4737 0 0 60 40 0 4737 0 30 0 60 90 48 41 41
4737 0 0 60 40 0 4737 0 30 0 60 180 72 57 57
4737 0 0 60 40 0 4737 0 30 60 0 0 49 48 48
4737 0 0 60 40 0 4737 0 30 60 0 90 47 47 47
4737 0 0 60 40 0 4737 0 30 60 0 180 72 65 65
4737 0 0 60 40 0 4737 0 30 60 20 0 47 47 47
4737 0 0 60 40 0 4737 0 30 60 20 90 47 48 48
4737 0 0 60 40 0 4737 0 30 60 20 180 74 68 68
4737 0 0 60 40 0 4737 0 30 60 40 0 46 47 47
4737 0 0 60 40 0 4737 0 30 60 40 90 50 50 50
4737 0 0 60 40 0 4737 0 30 60 40 180 74 70 70
4737 0 0 60 40 0 4737 0 30 60 60 0 47 48 48
4737 0 0 60 40 0 4737 0 30 60 60 90 55 53 53
4737 0 0 60 40 0 4737 0 30 60 60 180 72 69 69
4737 0 0 60 40 0 4737 0 30 120 0 0 48 48 48
4737 0 0 60 40 0 4737 0 30 120 0 90 56 54 54
4737 0 0 60 40 0 4737 0 30 120 0 180 73 67 67
4737 0 0 60 40 0 4737 0 30 120 20 0 51 51 51
4737 0 0 60 40 0 4737 0 30 120 20 90 61 58 58
4737 0 0 60 40 0 4737 0 30 120 20 180 70 64 64
4737 0 0 60 40 0 4737 0 30 120 40 0 55 54 54
4737 0 0 60 40 0 4737 0 30 120 40 90 65 62 62
4737 0 0 60 40 0 4737 0 30 120 40 180 67 61 61
4737 0 0 60 40 0 4737 0 30 120 60 0 61 59 59
4737 0 0 60 40 0 4737 0 30 120 60 90 68 66 66
4737 0 0 60 40 0 4737 0 30 120 60 180 62 58 58
4737 0 0 60 40 0 4737 0 60 0 0 0 59 58 58
4737 0 0 60 40 0 4737 0 60 0 0 90 51 51 51
4737 0 0 60 40 0 4737 0 60 0 0 180 58 49 49
4737 0 0 60 40 0 4737 0 60 0 20 0 55 55 55
4737 0 0 60 40 0 4737 0 60 0 20 90 49 48 48
4737 0 0 60 40 0 4737 0 60 0 20 180 62 51 51
4737 0 0 60 40 0 4737 0 60 0 40 0 51 51 51
4737 0 0 60 40 0 4737 0 60 0 40 90 48 45 45
4737 0 0 60 40 0 4737 0 60 0 40 180 64 53 53
4737 0 0 60 40 0 4737 0 60 0 60 0 49 48 48
4737 0 0 60 40 0 4737 0 60 0 60 90 47 44 44
4737 0 0 60 40 0 4737 0 60 0 60 180 66 56 56
4737 0 0 60 40 0 4737 0 60 60 0 0 48 57 57
4737 0 0 60 40 0 4737 0 60 60 0 90 44 57 57
4737 0 0 60 40 0 4737 0 60 60 0 180 67 70 70
4737 0 0 60 40 0 4737 0 60 60 20 0 46 57 57
4737 0 0 60 40 0 4737 0 60 60 20 90 44 58 58
4737 0 0 60 40 0 4737 0 60 60 20 180 68 73 73
4737 0 0 60 40 0 4737 0 60 60 40 0 44 58 58
4737 0 0 60 40 0 4737 0 60 60 40 90 47 61 61
4737 0 0 60 40 0 4737 0 60 60 40 180 67 76 76
4737 0 0 60 40 0 4737 0 60 60 60 0 44 60 60
4737 0 0 60 40 0 4737 0 60 60 60 90 51 63 63
4737 0 0 60 40 0 4737 0 60 60 60 180 66 76 76
4737 0 0 60 40 0 4737 0 60 120 0 0 46 58 58
4737 0 0 60 40 0 4737 0 60 120 0 90 53 60 60
4737 0 0 60 40 0 4737 0 60 120 0 180 68 73 73
4737 0 0 60 40 0 4737 0 60 120 20 0 49 59 59
4737 0 0 60 40 0 4737 0 60 120 20 90 58 65 65
4737 0 0 60 40 0 4737 0 60 120 20 180 66 71 71
4737 0 0 60 40 0 4737 0 60 120 40 0 53 62 62
4737 0 0 60 40 0 4737 0 60 120 40 90 61 69 69
4737 0 0 60 40 0 4737 0 60 120 40 180 63 69 69
4737 0 0 60 40 0 4737 0 60 120 60 0 57 66 66
4737 0 0 60 40 0 4737 0 60 120 60 90 63 73 73
4737 0 0 60 40 0 4737 0 60 120 60 180 58 67 67
4737 0 0 60 60 0 4737 0 0 0 0 0 70 64 64
4737 0 0 60 60 0 4737 0 0 0 0 90 45 39 39
4737 0 0 60 60 0 4737 0 0 0 0 180 56 51 51
4737 0 0 60 60 0 4737 0 0 0 20 0 64 58 58
4737 0 0 60 60 0 4737 0 0 0 20 90 39 33 33
4737 0 0 60 60 0 4737 0 0 0 20 180 62 57 57
4737 0 0 60 60 0 4737 0 0 0 40 0 59 53 53
4737 0 0 60 60 0 4737 0 0 0 40 90 43 37 37
4737 0 0 60 60 0 4737 0 0 0 40 180 67 62 62
4737 0 0 60 60 0 4737 0 0 0 60 0 53 47 47
4737 0 0 60 60 0 4737 0 0 0 60 90 48 43 43
4737 0 0 60 60 0 4737 0 0 0 60 180 73 65 65
4737 0 0 60 60 0 4737 0 0 60 0 0 53 47 47
4737 0 0 60 60 0 4737 0 0 60 0 90 48 43 43
4737 0 0 60 60 0 4737 0 0 60 0 180 73 65 65
4737 0 0 60 60 0 4737 0 0 60 20 0 47 42 42
4737 0 0 60 60 0 4737 0 0 60 20 90 54 48 48
4737 0 0 60 60 0 4737 0 0 60 20 180 76 65 65
4737 0 0 60 60 0 4737 0 0 60 40 0 42 36 36
4737 0 0 60 60 0 4737 0 0 60 40 90 59 54 54
4737 0 0 60 60 0 4737 0 0 60 40 180 76 65 65
4737 0 0 60 60 0 4737 0 0 60 60 0 40 34 34
4737 0 0 60 60 0 4737 0 0 60 60 90 65 59 59
4737 0 0 60 60 0 4737 0 0 60 60 180 76 65 65
4737 0 0 60 60 0 4737 0 0 120 0 0 40 34 34
4737 0 0 60 60 0 4737 0 0 120 0 90 65 59 59
4737 0 0 60 60 0 4737 0 0 120 0 180 76 65 65
4737 0 0 60 60 0 4737 0 0 120 20 0 45 40 40
4737 0 0 60 60 0 4737 0 0 120 20 90 70 65 65
4737 0 0 60 60 0 4737 0 0 120 20 180 76 65 65
4737 0 0 60 60 0 4737 0 0 120 40 0 51 45 45
4737 0 0 60 60 0 4737 0 0 120 40 90 76 65 65
4737 0 0 60 60 0 4737 0 0 120 40 180 75 65 65
4737 0 0 60 60 0 4737 0 0 120 60 0 56 51 51
4737 0 0 60 60 0 4737 0 0 120 60 90 76 65 65
4737 0 0 60 60 0 4737 0 0 120 60 180 70 64 64
4737 0 0 60 60 0 4737 0 30 0 0 0 70 57 57
4737 0 0 60 60 0 4737 0 30 0 0 90 45 39 39
4737 0 0 60 60 0 4737 0 30 0 0 180 56 48 48
4737 0 0 60 60 0 4737 0 30 0 20 0 64 54 54
4737 0 0 60 60 0 4737 0 30 0 20 90 39 38 38
4737 0 0 60 60 0 4737 0 30 0 20 180 61 52 52
4737 0 0 60 60 0 4737 0 30 0 40 0 58 50 50
4737 0 0 60 60 0 4737 0 30 0 40 90 42 39 39
4737 0 0 60 60 0 4737 0 30 0 40 180 67 56 56
4737 0 0 60 60 0 4737 0 30 0 60 0 53 45 45
4737 0 0 60 60 0 4737 0 30 0 60 90 47 42 42
4737 0 0 60 60 0 4737 0 30 0 60 180 72 58 58
4737 0 0 60 60 0 4737 0 30 60 0 0 53 46 46
4737 0 0 60 60 0 4737 0 30 60 0 90 47 41 41
4737 0 0 60 60 0 4737 0 30 60 0 180 72 59 59
4737 0 0 60 60 0 4737 0 30 60 20 0 47 41 41
4737 0 0 60 60 0 4737 0 30 60 20 90 53 46 46
4737 0 0 60 60 0 4737 0 30 60 20 180 75 60 60
4737 0 0 60 60 0 4737 0 30 60 40 0 42 39 39
4737 0 0 60 60 0 4737 0 30 60 40 90 58 50 50
4737 0 0 60 60 0 4737 0 30 60 40 180 75 60 60
4737 0 0 60 60 0 4737 0 30 60 60 0 39 38 38
4737 0 0 60 60 0 4737 0 30 60 60 90 64 54 54
4737 0 0 60 60 0 4737 0 30 60 60 180 75 60 60
4737 0 0 60 60 0 4737 0 30 120 0 0 39 38 38
4737 0 0 60 60 0 4737 0 30 120 0 90 64 54 54
4737 0 0 60 60 0 4737 0 30 120 0 180 75 60 60
4737 0 0 60 60 0 4737 0 30 120 20 0 44 40 40
4737 0 0 60 60 0 4737 0 30 120 20 90 69 57 57
4737 0 0 60 60 0 4737 0 30 120 20 180 75 60 60
4737 0 0 60 60 0 4737 0 30 120 40 0 50 44 44
4737 0 0 60 60 0 4737 0 30 120 40 90 74 59 59
4737 0 0 60 60 0 4737 0 30 120 40 180 75 59 59
4737 0 0 60 60 0 4737 0 30 120 60 0 56 48 48
4737 0 0 60 60 0 4737 0 30 120 60 90 75 60 60
4737 0 0 60 60 0 4737 0 30 120 60 180 69 57 57
4737 0 0 60 60 0 4737 0 60 0 0 0 67 57 57
4737 0 0 60 60 0 4737 0 60 0 0 90 43 45 45
4737 0 0 60 60 0 4737 0 60 0 0 180 53 49 49
4737 0 0 60 60 0 4737 0 60 0 20 0 62 54 54
4737 0 0 60 60 0 4737 0 60 0 20 90 40 44 44
4737 0 0 60 60 0 4737 0 60 0 20 180 58 52 52
4737 0 0 60 60 0 4737 0 60 0 40 0 57 51 51
4737 0 0 60 60 0 4737 0 60 0 40 90 41 44 44
4737 0 0 60 60 0 4737 0 60 0 40 180 63 56 56
4737 0 0 60 60 0 4737 0 60 0 60 0 51 48 48
4737 0 0 60 60 0 4737 0 60 0 60 90 45 46 46
4737 0 0 60 60 0 4737 0 60 0 60 180 67 59 59
4737 0 0 60 60 0 4737 0 60 60 0 0 51 48 48
4737 0 0 60 60 0 4737 0 60 60 0 90 45 46 46
4737 0 0 60 60 0 4737 0 60 60 0 180 68 58 58
4737 0 0 60 60 0 4737 0 60 60 20 0 46 46 46
4737 0 0 60 60 0 4737 0 60 60 20 90 50 48 48
4737 0 0 60 60 0 4737 0 60 60 20 180 70 60 60
4737 0 0 60 60 0 4737 0 60 60 40 0 41 44 44
4737 0 0 60 60 0 4737 0 60 60 40 90 55 51 51
4737 0 0 60 60 0 4737 0 60 60 40 180 70 62 62
4737 0 0 60 60 0 4737 0 60 60 60 0 40 44 44
4737 0 0 60 60 0 4737 0 60 60 60 90 61 54 54
4737 0 0 60 60 0 4737 0 60 60 60 180 70 62 62
4737 0 0 60 60 0 4737 0 60 120 0 0 40 44 44
4737 0 0 60 60 0 4737 0 60 120 0 90 61 54 54
4737 0 0 60 60 0 4737 0 60 120 0 180 71 62 62
4737 0 0 60 60 0 4737 0 60 120 20 0 42 45 45
4737 0 0 60 60 0 4737 0 60 120 20 90 66 57 57
4737 0 0 60 60 0 4737 0 60 120 20 180 71 61 61
4737 0 0 60 60 0 4737 0 60 120 40 0 47 47 47
4737 0 0 60 60 0 4737 0 60 120 40 90 69 60 60
4737 0 0 60 60 0 4737 0 60 120 40 180 69 60 60
4737 0 0 60 60 0 4737 0 60 120 60 0 53 50 50
4737 0 0 60 60 0 4737 0 60 120 60 90 70 62 62
4737 0 0 60 60 0 4737 0 60 120 60 180 66 58 58
4737 0 0 60 60 0 4737 0 0 0 0 0 70 63 63
4737 0 0 60 60 0 4737 0 0 0 0 90 49 44 44
4737 0 0 60 60 0 4737 0 0 0 0 180 56 51 51
4737 0 0 60 60 0 4737 0 0 0 20 0 64 58 58
4737 0 0 60 60 0 4737 0 0 0 20 90 44 38 38
4737 0 0 60 60 0 4737 0 0 0 20 180 62 56 56
4737 0 0 60 60 0 4737 0 0 0 40 0 59 53 53
4737 0 0 60 60 0 4737 0 0 0 40 90 41 35 35
4737 0 0 60 60 0 4737 0 0 0 40 180 67 61 61
4737 0 0 60 60 0 4737 0 0 0 60 0 53 47 47
4737 0 0 60 60 0 4737 0 0 0 60 90 43 38 38
4737 0 0 60 60 0 4737 0 0 0 60 180 73 64 64
4737 0 0 60 60 0 4737 0 0 60 0 0 53 47 47
4737 0 0 60 60 0 4737 0 0 60 0 90 43 38 38
4737 0 0 60 60 0 4737 0 0 60 0 180 73 64 64
4737 0 0 60 60 0 4737 0 0 60 20 0 47 42 42
4737 0 0 60 60 0 4737 0 0 60 20 90 49 43 43
4737 0 0 60 60 0 4737 0 0 60 20 180 76 65 65
4737 0 0 60 60 0 4737 0 0 60 40 0 42 37 37
4737 0 0 60 60 0 4737 0 0 60 40 90 54 49 49
4737 0 0 60 60 0 4737 0 0 60 40 180 76 65 65
4737 0 0 60 60 0 4737 0 0 60 60 0 41 36 36
4737 0 0 60 60 0 4737 0 0 60 60 90 60 55 55
4737 0 0 60 60 0 4737 0 0 60 60 180 76 65 65
4737 0 0 60 60 0 4737 0 0 120 0 0 41 36 36
4737 0 0 60 60 0 4737 0 0 120 0 90 60 55 55
4737 0 0 60 60 0 4737 0 0 120 0 180 76 65 65
4737 0 0 60 60 0 4737 0 0 120 20 0 45 40 40
4737 0 0 60 60 0 4737 0 0 120 20 90 66 60 60
4737 0 0 60 60 0 4737 0 0 120 20 180 76 65 65
4737 0 0 60 60 0 4737 0 0 120 40 0 51 46 46
4737 0 0 60 60 0 4737 0 0 120 40 90 71 64 64
4737 0 0 60 60 0 4737 0 0 120 40 180 74 65 65
4737 0 0 60 60 0 4737 0 0 120 60 0 56 51 51
4737 0 0 60 60 0 4737 0 0 120 60 90 75 65 65
4737 0 0 60 60 0 4737 0 0 120 60 180 70 63 63
4737 0 0 60 60 0 4737 0 30 0 0 0 69 59 59
4737 0 0 60 60 0 4737 0 30 0 0 90 49 44 44
4737 0 0 60 60 0 4737 0 30 0 0 180 56 47 47
4737 0 0 60 60 0 4737 0 30 0 20 0 64 55 55
4737 0 0 60 60 0 4737 0 30 0 20 90 44 40 40
4737 0 0 60 60 0 4737 0 30 0 20 180 61 51 51
4737 0 0 60 60 0 4737 0 30 0 40 0 58 51 51
4737 0 0 60 60 0 4737 0 30 0 40 90 41 38 38
4737 0 0 60 60 0 4737 0 30 0 40 180 67 54 54
4737 0 0 60 60 0 4737 0 30 0 60 0 53 46 46
4737 0 0 60 60 0 4737 0 30 0 60 90 43 39 39
4737 0 0 60 60 0 4737 0 30 0 60 180 72 57 57
4737 0 0 60 60 0 4737 0 30 60 0 0 53 47 47
4737 0 0 60 60 0 4737 0 30 60 0 90 42 41 41
4737 0 0 60 60 0 4737 0 30 60 0 180 72 60 60
4737 0 0 60 60 0 4737 0 30 60 20 0 47 43 43
4737 0 0 60 60 0 4737 0 30 60 20 90 48 43 43
4737 0 0 60 60 0 4737 0 30 60 20 180 75 62 62
4737 0 0 60 60 0 4737 0 30 60 40 0 42 41 41
4737 0 0 60 60 0 4737 0 30 60 40 90 53 48 48
4737 0 0 60 60 0 4737 0 30 60 40 180 75 63 63
4737 0 0 60 60 0 4737 0 30 60 60 0 40 41 41
4737 0 0 60 60 0 4737 0 30 60 60 90 59 52 52
4737 0 0 60 60 0 4737 0 30 60 60 180 75 64 64
4737 0 0 60 60 0 4737 0 30 120 0 0 41 40 40
4737 0 0 60 60 0 4737 0 30 120 0 90 59 53 53
4737 0 0 60 60 0 4737 0 30 120 0 180 75 63 63
4737 0 0 60 60 0 4737 0 30 120 20 0 44 42 42
4737 0 0 60 60 0 4737 0 30 120 20 90 65 57 57
4737 0 0 60 60 0 4737 0 30 120 20 180 75 63 63
4737 0 0 60 60 0 4737 0 30 120 40 0 50 46 46
4737 0 0 60 60 0 4737 0 30 120 40 90 70 60 60
4737 0 0 60 60 0 4737 0 30 120 40 180 74 61 61
4737 0 0 60 60 0 4737 0 30 120 60 0 55 50 50
4737 0 0 60 60 0 4737 0 30 120 60 90 73 63 63
4737 0 0 60 60 0 4737 0 30 120 60 180 69 59 59
4737 0 0 60 60 0 4737 0 60 0 0 0 66 59 59
4737 0 0 60 60 0 4737 0 60 0 0 90 48 47 47
4737 0 0 60 60 0 4737 0 60 0 0 180 53 48 48
4737 0 0 60 60 0 4737 0 60 0 20 0 62 56 56
4737 0 0 60 60 0 4737 0 60 0 20 90 43 45 45
4737 0 0 60 60 0 4737 0 60 0 20 180 58 51 51
4737 0 0 60 60 0 4737 0 60 0 40 0 56 52 52
4737 0 0 60 60 0 4737 0 60 0 40 90 41 44 44
4737 0 0 60 60 0 4737 0 60 0 40 180 63 54 54
4737 0 0 60 60 0 4737 0 60 0 60 0 51 49 49
4737 0 0 60 60 0 4737 0 60 0 60 90 42 44 44
4737 0 0 60 60 0 4737 0 60 0 60 180 67 57 57
4737 0 0 60 60 0 4737 0 60 60 0 0 51 51 51
4737 0 0 60 60 0 4737 0 60 60 0 90 41 48 48
4737 0 0 60 60 0 4737 0 60 60 0 180 68 61 61
4737 0 0 60 60 0 4737 0 60 60 20 0 46 49 49
4737 0 0 60 60 0 4737 0 60 60 20 90 45 50 50
4737 0 0 60 60 0 4737 0 60 60 20 180 70 64 64
4737 0 0 60 60 0 4737 0 60 60 40 0 42 48 48
4737 0 0 60 60 0 4737 0 60 60 40 90 50 52 52
4737 0 0 60 60 0 4737 0 60 60 40 180 70 66 66
4737 0 0 60 60 0 4737 0 60 60 60 0 41 48 48
4737 0 0 60 60 0 4737 0 60 60 60 90 56 55 55
4737 0 0 60 60 0 4737 0 60 60 60 180 69 67 67
4737 0 0 60 60 0 4737 0 60 120 0 0 40 48 48
4737 0 0 60 60 0 4737 0 60 120 0 90 56 55 55
4737 0 0 60 60 0 4737 0 60 120 0 180 70 67 67
4737 0 0 60 60 0 4737 0 60 120 20 0 42 49 49
4737 0 0 60 60 0 4737 0 60 120 20 90 62 59 59
4737 0 0 60 60 0 4737 0 60 120 20 180 70 66 66
4737 0 0 60 60 0 4737 0 60 120 40 0 47 51 51
4737 0 0 60 60 0 4737 0 60 120 40 90 66 63 63
4737 0 0 60 60 0 4737 0 60 120 40 180 69 64 64
4737 0 0 60 60 0 4737 0 60 120 60 0 52 54 54
4737 0 0 60 60 0 4737 0 60 120 60 90 68 66 66
4737 0 0 60 60 0 4737 0 60 120 60 180 66 61 61
4737 0 0 60 60 0 4737 0 0 0 0 0 69 61 61
4737 0 0 60 60 0 4737 0 0 0 0 90 54 48 48
4737 0 0 60 60 0 4737 0 0 0 0 180 56 51 51
4737 0 0 60 60 0 4737 0 0 0 20 0 64 57 57
4737 0 0 60 60 0 4737 0 0 0 20 90 48 42 42
4737 0 0 60 60 0 4737 0 0 0 20 180 62 56 56
4737 0 0 60 60 0 4737 0 0 0 40 0 59 52 52
4737 0 0 60 60 0 4737 0 0 0 40 90 45 39 39
4737 0 0 60 60 0 4737 0 0 0 40 180 67 60 60
4737 0 0 60 60 0 4737 0 0 0 60 0 53 47 47
4737 0 0 60 60 0 4737 0 0 0 60 90 44 39 39
4737 0 0 60 60 0 4737 0 0 0 60 180 71 62 62
4737 0 0 60 60 0 4737 0 0 60 0 0 53 47 47
4737 0 0 60 60 0 4737 0 0 60 0 90 44 39 39
4737 0 0 60 60 0 4737 0 0 60 0 180 71 62 62
4737 0 0 60 60 0 4737 0 0 60 20 0 47 42 42
4737 0 0 60 60 0 4737 0 0 60 20 90 46 40 40
4737 0 0 60 60 0 4737 0 0 60 20 180 74 64 64
4737 0 0 60 60 0 4737 0 0 60 40 0 45 39 39
4737 0 0 60 60 0 4737 0 0 60 40 90 50 44 44
4737 0 0 60 60 0 4737 0 0 60 40 180 76 65 65
4737 0 0 60 60 0 4737 0 0 60 60 0 44 39 39
4737 0 0 60 60 0 4737 0 0 60 60 90 55 50 50
4737 0 0 60 60 0 4737 0 0 60 60 180 76 65 65
4737 0 0 60 60 0 4737 0 0 120 0 0 44 39 39
4737 0 0 60 60 0 4737 0 0 120 0 90 55 50 50
4737 0 0 60 60 0 4737 0 0 120 0 180 76 65 65
4737 0 0 60 60 0 4737 0 0 120 20 0 46 41 41
4737 0 0 60 60 0 4737 0 0 120 20 90 61 55 55
4737 0 0 60 60 0 4737 0 0 120 20 180 75 65 65
4737 0 0 60 60 0 4737 0 0 120 40 0 51 46 46
4737 0 0 60 60 0 4737 0 0 120 40 90 66 59 59
4737 0 0 60 60 0 4737 0 0 120 40 180 72 64 64
4737 0 0 60 60 0 4737 0 0 120 60 0 56 51 51
4737 0 0 60 60 0 4737 0 0 120 60 90 70 63 63
4737 0 0 60 60 0 4737 0 0 120 60 180 69 61 61
4737 0 0 60 60 0 4737 0 30 0 0 0 68 59 59
4737 0 0 60 60 0 4737 0 30 0 0 90 54 48 48
4737 0 0 60 60 0 4737 0 30 0 0 180 56 46 46
4737 0 0 60 60 0 4737 0 30 0 20 0 64 56 56
4737 0 0 60 60 0 4737 0 30 0 20 90 48 44 44
4737 0 0 60 60 0 4737 0 30 0 20 180 61 49 49
4737 0 0 60 60 0 4737 0 30 0 40 0 58 52 52
4737 0 0 60 60 0 4737 0 30 0 40 90 45 41 41
4737 0 0 60 60 0 4737 0 30 0 40 180 67 53 53
4737 0 0 60 60 0 4737 0 30 0 60 0 53 48 48
4737 0 0 60 60 0 4737 0 30 0 60 90 44 39 39
4737 0 0 60 60 0 4737 0 30 0 60 180 70 56 56
4737 0 0 60 60 0 4737 0 30 60 0 0 53 49 49
4737 0 0 60 60 0 4737 0 30 60 0 90 44 43 43
4737 0 0 60 60 0 4737 0 30 60 0 180 70 61 61
4737 0 0 60 60 0 4737 0 30 60 20 0 47 45 45
4737 0 0 60 60 0 4737 0 30 60 20 90 44 44 44
4737 0 0 60 60 0 4737 0 30 60 20 180 73 64 64
4737 0 0 60 60 0 4737 0 30 60 40 0 44 44 44
4737 0 0 60 60 0 4737 0 30 60 40 90 49 46 46
4737 0 0 60 60 0 4737 0 30 60 40 180 75 66 66
4737 0 0 60 60 0 4737 0 30 60 60 0 43 44 44
4737 0 0 60 60 0 4737 0 30 60 60 90 54 50 50
4737 0 0 60 60 0 4737 0 30 60 60 180 74 67 67
4737 0 0 60 60 0 4737 0 30 120 0 0 44 44 44
4737 0 0 60 60 0 4737 0 30 120 0 90 54 51 51
4737 0 0 60 60 0 4737 0 30 120 0 180 75 67 67
4737 0 0 60 60 0 4737 0 30 120 20 0 45 45 45
4737 0 0 60 60 0 4737 0 30 120 20 90 60 55 55
4737 0 0 60 60 0 4737 0 30 120 20 180 74 66 66
4737 0 0 60 60 0 4737 0 30 120 40 0 50 48 48
4737 0 0 60 60 0 4737 0 30 120 40 90 65 60 60
4737 0 0 60 60 0 4737 0 30 120 40 180 72 63 63
4737 0 0 60 60 0 4737 0 30 120 60 0 55 52 52
4737 0 0 60 60 0 4737 0 30 120 60 90 69 63 63
4737 0 0 60 60 0 4737 0 30 120 60 180 68 60 60
4737 0 0 60 60 0 4737 0 60 0 0 0 64 60 60
4737 0 0 60 60 0 4737 0 60 0 0 90 52 51 51
4737 0 0 60 60 0 4737 0 60 0 0 180 53 48 48
4737 0 0 60 60 0 4737 0 60 0 20 0 60 57 57
4737 0 0 60 60 0 4737 0 60 0 20 90 47 47 47
4737 0 0 60 60 0 4737 0 60 0 20 180 58 50 50
4737 0 0 60 60 0 4737 0 60 0 40 0 55 54 54
4737 0 0 60 60 0 4737 0 60 0 40 90 45 45 45
4737 0 0 60 60 0 4737 0 60 0 40 180 62 52 52
4737 0 0 60 60 0 4737 0 60 0 60 0 50 50 50
4737 0 0 60 60 0 4737 0 60 0 60 90 44 43 43
4737 0 0 60 60 0 4737 0 60 0 60 180 66 55 55
4737 0 0 60 60 0 4737 0 60 60 0 0 51 55 55
4737 0 0 60 60 0 4737 0 60 60 0 90 42 52 52
4737 0 0 60 60 0 4737 0 60 60 0 180 66 64 64
4737 0 0 60 60 0 4737 0 60 60 20 0 46 53 53
4737 0 0 60 60 0 4737 0 60 60 20 90 43 53 53
4737 0 0 60 60 0 4737 0 60 60 20 180 69 67 67
4737 0 0 60 60 0 4737 0 60 60 40 0 43 53 53
4737 0 0 60 60 0 4737 0 60 60 40 90 46 55 55
4737 0 0 60 60 0 4737 0 60 60 40 180 69 71 71
4737 0 0 60 60 0 4737 0 60 60 60 0 42 54 54
4737 0 0 60 60 0 4737 0 60 60 60 90 51 58 58
4737 0 0 60 60 0 4737 0 60 60 60 180 69 72 72
4737 0 0 60 60 0 4737 0 60 120 0 0 42 52 52
4737 0 0 60 60 0 4737 0 60 120 0 90 52 56 56
4737 0 0 60 60 0 4737 0 60 120 0 180 70 72 72
4737 0 0 60 60 0 4737 0 60 120 20 0 44 53 53
4737 0 0 60 60 0 4737 0 60 120 20 90 57 60 60
4737 0 0 60 60 0 4737 0 60 120 20 180 69 70 70
4737 0 0 60 60 0 4737 0 60 120 40 0 47 55 55
4737 0 0 60 60 0 4737 0 60 120 40 90 62 64 64
4737 0 0 60 60 0 4737 0 60 120 40 180 68 68 68
4737 0 0 60 60 0 4737 0 60 120 60 0 52 58 58
4737 0 0 60 60 0 4737 0 60 120 60 90 64 68 68
4737 0 0 60 60 0 4737 0 60 120 60 180 64 65 65
4737 0 0 60 60 0 4737 0 0 0 0 0 68 58 58
4737 0 0 60 60 0 4737 0 0 0 0 90 58 51 51
4737 0 0 60 60 0 4737 0 0 0 0 180 56 50 50
4737 0 0 60 60 0 4737 0 0 0 20 0 64 55 55
4737 0 0 60 60 0 4737 0 0 0 20 90 53 46 46
4737 0 0 60 60 0 4737 0 0 0 20 180 62 54 54
4737 0 0 60 60 0 4737 0 0 0 40 0 58 51 51
4737 0 0 60 60 0 4737 0 0 0 40 90 49 43 43
4737 0 0 60 60 0 4737 0 0 0 40 180 66 57 57
4737 0 0 60 60 0 4737 0 0 0 60 0 53 47 47
4737 0 0 60 60 0 4737 0 0 0 60 90 48 42 42
4737 0 0 60 60 0 4737 0 0 0 60 180 70 60 60
4737 0 0 60 60 0 4737 0 0 60 0 0 53 47 47
4737 0 0 60 60 0 4737 0 0 60 0 90 48 42 42
4737 0 0 60 60 0 4737 0 0 60 0 180 70 60 60
4737 0 0 60 60 0 4737 0 0 60 20 0 49 44 44
4737 0 0 60 60 0 4737 0 0 60 20 90 48 42 42
4737 0 0 60 60 0 4737 0 0 60 20 180 73 62 62
4737 0 0 60 60 0 4737 0 0 60 40 0 48 42 42
4737 0 0 60 60 0 4737 0 0 60 40 90 49 43 43
4737 0 0 60 60 0 4737 0 0 60 40 180 75 64 64
4737 0 0 60 60 0 4737 0 0 60 60 0 48 42 42
4737 0 0 60 60 0 4737 0 0 60 60 90 52 46 46
4737 0 0 60 60 0 4737 0 0 60 60 180 75 64 64
4737 0 0 60 60 0 4737 0 0 120 0 0 48 42 42
4737 0 0 60 60 0 4737 0 0 120 0 90 52 46 46
4737 0 0 60 60 0 4737 0 0 120 0 180 75 64 64
4737 0 0 60 60 0 4737 0 0 120 20 0 49 44 44
4737 0 0 60 60 0 4737 0 0 120 20 90 57 50 50
4737 0 0 60 60 0 4737 0 0 120 20 180 73 64 64
4737 0 0 60 60 0 4737 0 0 120 40 0 51 46 46
4737 0 0 60 60 0 4737 0 0 120 40 90 62 55 55
4737 0 0 60 60 0 4737 0 0 120 40 180 71 62 62
4737 0 0 60 60 0 4737 0 0 120 60 0 56 51 51
4737 0 0 60 60 0 4737 0 0 120 60 90 66 58 58
4737 0 0 60 60 0 4737 0 0 120 60 180 67 59 59
4737 0 0 60 60 0 4737 0 30 0 0 0 67 59 59
4737 0 0 60 60 0 4737 0 30 0 0 90 58 53 53
4737 0 0 60 60 0 4737 0 30 0 0 180 56 46 46
4737 0 0 60 60 0 4737 0 30 0 20 0 63 56 56
4737 0 0 60 60 0 4737 0 30 0 20 90 53 49 49
4737 0 0 60 60 0 4737 0 30 0 20 180 61 49 49
4737 0 0 60 60 0 4737 0 30 0 40 0 58 53 53
4737 0 0 60 60 0 4737 0 30 0 40 90 49 45 45
4737 0 0 60 60 0 4737 0 30 0 40 180 65 52 52
4737 0 0 60 60 0 4737 0 30 0 60 0 53 49 49
4737 0 0 60 60 0 4737 0 30 0 60 90 48 42 42
4737 0 0 60 60 0 4737 0 30 0 60 180 69 55 55
4737 0 0 60 60 0 4737 0 30 60 0 0 53 51 51
4737 0 0 60 60 0 4737 0 30 60 0 90 47 47 47
4737 0 0 60 60 0 4737 0 30 60 0 180 69 62 62
4737 0 0 60 60 0 4737 0 30 60 20 0 49 49 49
4737 0 0 60 60 0 4737 0 30 60 20 90 46 47 47
4737 0 0 60 60 0 4737 0 30 60 20 180 71 65 65
4737 0 0 60 60 0 4737 0 30 60 40 0 47 47 47
4737 0 0 60 60 0 4737 0 30 60 40 90 47 48 48
4737 0 0 60 60 0 4737 0 30 60 40 180 74 68 68
4737 0 0 60 60 0 4737 0 30 60 60 0 46 47 47
4737 0 0 60 60 0 4737 0 30 60 60 90 50 50 50
4737 0 0 60 60 0 4737 0 30 60 60 180 74 70 70
4737 0 0 60 60 0 4737 0 30 120 0 0 47 47 47
4737 0 0 60 60 0 4737 0 30 120 0 90 51 50 50
4737 0 0 60 60 0 4737 0 30 120 0 180 74 69 69
4737 0 0 60 60 0 4737 0 30 120 20 0 48 49 49
4737 0 0 60 60 0 4737 0 30 120 20 90 56 54 54
4737 0 0 60 60 0 4737 0 30 120 20 180 72 67 67
4737 0 0 60 60 0 4737 0 30 120 40 0 51 51 51
4737 0 0 60 60 0 4737 0 30 120 40 90 61 59 59
4737 0 0 60 60 0 4737 0 30 120 40 180 70 65 65
4737 0 0 60 60 0 4737 0 30 120 60 0 55 54 54
4737 0 0 60 60 0 4737 0 30 120 60 90 65 63 63
4737 0 0 60 60 0 4737 0 30 120 60 180 66 62 62
4737 0 0 60 60 0 4737 0 60 0 0 0 62 61 61
4737 0 0 60 60 0 4737 0 60 0 0 90 55 55 55
4737 0 0 60 60 0 4737 0 60 0 0 180 54 47 47
4737 0 0 60 60 0 4737 0 60 0 20 0 59 58 58
4737 0 0 60 60 0 4737 0 60 0 20 90 51 51 51
4737 0 0 60 60 0 4737 0 60 0 20 180 58 49 49
4737 0 0 60 60 0 4737 0 60 0 40 0 54 55 55
4737 0 0 60 60 0 4737 0 60 0 40 90 49 48 48
4737 0 0 60 60 0 4737 0 60 0 40 180 61 51 51
4737 0 0 60 60 0 4737 0 60 0 60 0 51 51 51
4737 0 0 60 60 0 4737 0 60 0 60 90 47 45 45
4737 0 0 60 60 0 4737 0 60 0 60 180 64 54 54
4737 0 0 60 60 0 4737 0 60 60 0 0 52 58 58
4737 0 0 60 60 0 4737 0 60 60 0 90 46 56 56
4737 0 0 60 60 0 4737 0 60 60 0 180 64 67 67
4737 0 0 60 60 0 4737 0 60 60 20 0 48 57 57
4737 0 0 60 60 0 4737 0 60 60 20 90 44 57 57
4737 0 0 60 60 0 4737 0 60 60 20 180 67 71 71
4737 0 0 60 60 0 4737 0 60 60 40 0 45 58 58
4737 0 0 60 60 0 4737 0 60 60 40 90 44 59 59
4737 0 0 60 60 0 4737 0 60 60 40 180 68 74 74
4737 0 0 60 60 0 4737 0 60 60 60 0 44 59 59
4737 0 0 60 60 0 4737 0 60 60 60 90 47 61 61
4737 0 0 60 60 0 4737 0 60 60 60 180 67 76 76
4737 0 0 60 60 0 4737 0 60 120 0 0 44 58 58
4737 0 0 60 60 0 4737 0 60 120 0 90 49 58 58
4737 0 0 60 60 0 4737 0 60 120 0 180 68 76 76
4737 0 0 60 60 0 4737 0 60 120 20 0 46 59 59
4737 0 0 60 60 0 4737 0 60 120 20 90 53 61 61
4737 0 0 60 60 0 4737 0 60 120 20 180 68 74 74
4737 0 0 60 60 0 4737 0 60 120 40 0 49 60 60
4737 0 0 60 60 0 4737 0 60 120 40 90 57 66 66
4737 0 0 60 60 0 4737 0 60 120 40 180 66 72 72
4737 0 0 60 60 0 4737 0 60 120 60 0 53 63 63
4737 0 0 60 60 0 4737 0 60 120 60 90 60 70 70
4737 0 0 60 60 0 4737 0 60 120 60 180 62 69 69
