5137 0.3 50 0 0 4737 0.0 0 0 0 0 60.2 52.9 52.9
5137 0.3 50 0 0 4737 0.0 0 0 0 30 60.4 53.0 53.0
5137 0.3 50 0 0 4737 0.0 0 0 0 60 60.6 53.0 53.0
5137 0.3 50 0 0 4737 0.0 0 0 0 90 60.6 53.2 53.2
5137 0.3 50 0 0 4737 0.0 0 0 0 120 60.6 53.3 53.3
5137 0.3 50 0 0 4737 0.0 0 0 0 150 60.5 53.3 53.3
5137 0.3 50 0 0 4737 0.0 0 0 0 180 60.5 53.4 53.4
5137 0.3 50 0 0 4737 0.0 10 0 0 0 60.2 52.4 52.4
5137 0.3 50 0 0 4737 0.0 10 0 0 30 60.4 52.5 52.5
5137 0.3 50 0 0 4737 0.0 10 0 0 60 60.5 52.5 52.5
5137 0.3 50 0 0 4737 0.0 10 0 0 90 60.5 52.7 52.7
5137 0.3 50 0 0 4737 0.0 10 0 0 120 60.5 52.8 52.8
5137 0.3 50 0 0 4737 0.0 10 0 0 150 60.4 52.9 52.9
5137 0.3 50 0 0 4737 0.0 10 0 0 180 60.4 53.0 53.0
5137 0.3 50 0 0 4737 0.0 20 0 0 0 60.0 50.9 50.9
5137 0.3 50 0 0 4737 0.0 20 0 0 30 60.2 51.0 51.0
5137 0.3 50 0 0 4737 0.0 20 0 0 60 60.3 51.2 51.2
5137 0.3 50 0 0 4737 0.0 20 0 0 90 60.3 51.3 51.3
5137 0.3 50 0 0 4737 0.0 20 0 0 120 60.3 51.5 51.5
5137 0.3 50 0 0 4737 0.0 20 0 0 150 60.2 51.6 51.6
5137 0.3 50 0 0 4737 0.0 20 0 0 180 60.2 51.6 51.6
5137 0.3 50 0 0 4737 0.0 30 0 0 0 59.7 47.9 47.9
5137 0.3 50 0 0 4737 0.0 30 0 0 30 59.8 48.1 48.1
5137 0.3 50 0 0 4737 0.0 30 0 0 60 60.0 48.3 48.3
5137 0.3 50 0 0 4737 0.0 30 0 0 90 60.0 48.6 48.6
5137 0.3 50 0 0 4737 0.0 30 0 0 120 60.0 49.0 49.0
5137 0.3 50 0 0 4737 0.0 30 0 0 150 59.9 49.2 49.2
5137 0.3 50 0 0 4737 0.0 30 0 0 180 59.9 49.2 49.2
5137 0.3 50 0 0 4737 0.0 40 0 0 0 59.1 47.9 47.9
5137 0.3 50 0 0 4737 0.0 40 0 0 30 59.2 48.0 48.0
5137 0.3 50 0 0 4737 0.0 40 0 0 60 59.4 48.3 48.3
5137 0.3 50 0 0 4737 0.0 40 0 0 90 59.4 48.6 48.6
5137 0.3 50 0 0 4737 0.0 40 0 0 120 59.4 48.9 48.9
5137 0.3 50 0 0 4737 0.0 40 0 0 150 59.3 49.1 49.1
5137 0.3 50 0 0 4737 0.0 40 0 0 180 59.3 49.0 49.0
5137 0.3 50 0 0 4737 0.0 50 0 0 0 58.3 48.6 48.6
5137 0.3 50 0 0 4737 0.0 50 0 0 30 58.4 48.7 48.7
5137 0.3 50 0 0 4737 0.0 50 0 0 60 58.6 48.8 48.8
5137 0.3 50 0 0 4737 0.0 50 0 0 90 58.6 49.1 49.1
5137 0.3 50 0 0 4737 0.0 50 0 0 120 58.5 49.4 49.4
5137 0.3 50 0 0 4737 0.0 50 0 0 150 58.5 49.5 49.5
5137 0.3 50 0 0 4737 0.0 50 0 0 180 58.4 49.6 49.6
5137 0.3 50 0 0 4737 0.0 60 0 0 0 56.8 50.2 50.2
5137 0.3 50 0 0 4737 0.0 60 0 0 30 57.0 50.2 50.2
5137 0.3 50 0 0 4737 0.0 60 0 0 60 57.1 50.3 50.3
5137 0.3 50 0 0 4737 0.0 60 0 0 90 57.1 50.5 50.5
5137 0.3 50 0 0 4737 0.0 60 0 0 120 57.0 50.6 50.6
5137 0.3 50 0 0 4737 0.0 60 0 0 150 57.0 50.7 50.7
5137 0.3 50 0 0 4737 0.0 60 0 0 180 57.0 50.6 50.6
5137 0.3 50 0 0 4737 0.1 0 0 0 0 59.6 52.1 52.1
5137 0.3 50 0 0 4737 0.1 0 0 0 30 59.7 52.1 52.1
5137 0.3 50 0 0 4737 0.1 0 0 0 60 59.9 52.2 52.2
5137 0.3 50 0 0 4737 0.1 0 0 0 90 60.0 52.3 52.3
5137 0.3 50 0 0 4737 0.1 0 0 0 120 59.9 52.5 52.5
5137 0.3 50 0 0 4737 0.1 0 0 0 150 59.9 52.6 52.6
5137 0.3 50 0 0 4737 0.1 0 0 0 180 59.8 52.6 52.6
5137 0.3 50 0 0 4737 0.1 10 0 0 0 59.5 51.6 51.6
5137 0.3 50 0 0 4737 0.1 10 0 0 30 59.7 51.6 51.6
5137 0.3 50 0 0 4737 0.1 10 0 0 60 59.8 51.7 51.7
5137 0.3 50 0 0 4737 0.1 10 0 0 90 59.9 51.8 51.8
5137 0.3 50 0 0 4737 0.1 10 0 0 120 59.8 51.9 51.9
5137 0.3 50 0 0 4737 0.1 10 0 0 150 59.8 52.1 52.1
5137 0.3 50 0 0 4737 0.1 10 0 0 180 59.8 52.2 52.2
5137 0.3 50 0 0 4737 0.1 20 0 0 0 59.3 50.1 50.1
5137 0.3 50 0 0 4737 0.1 20 0 0 30 59.5 50.2 50.2
5137 0.3 50 0 0 4737 0.1 20 0 0 60 59.7 50.2 50.2
5137 0.3 50 0 0 4737 0.1 20 0 0 90 59.7 50.4 50.4
5137 0.3 50 0 0 4737 0.1 20 0 0 120 59.6 50.6 50.6
5137 0.3 50 0 0 4737 0.1 20 0 0 150 59.6 50.7 50.7
5137 0.3 50 0 0 4737 0.1 20 0 0 180 59.6 50.8 50.8
5137 0.3 50 0 0 4737 0.1 30 0 0 0 59.0 47.2 47.2
5137 0.3 50 0 0 4737 0.1 30 0 0 30 59.1 47.2 47.2
5137 0.3 50 0 0 4737 0.1 30 0 0 60 59.3 47.4 47.4
5137 0.3 50 0 0 4737 0.1 30 0 0 90 59.3 47.6 47.6
5137 0.3 50 0 0 4737 0.1 30 0 0 120 59.3 47.9 47.9
5137 0.3 50 0 0 4737 0.1 30 0 0 150 59.3 48.3 48.3
5137 0.3 50 0 0 4737 0.1 30 0 0 180 59.2 48.4 48.4
5137 0.3 50 0 0 4737 0.1 40 0 0 0 58.5 47.2 47.2
5137 0.3 50 0 0 4737 0.1 40 0 0 30 58.5 47.3 47.3
5137 0.3 50 0 0 4737 0.1 40 0 0 60 58.8 47.4 47.4
5137 0.3 50 0 0 4737 0.1 40 0 0 90 58.7 47.6 47.6
5137 0.3 50 0 0 4737 0.1 40 0 0 120 58.7 47.9 47.9
5137 0.3 50 0 0 4737 0.1 40 0 0 150 58.7 48.3 48.3
5137 0.3 50 0 0 4737 0.1 40 0 0 180 58.6 48.3 48.3
5137 0.3 50 0 0 4737 0.1 50 0 0 0 57.6 48.0 48.0
5137 0.3 50 0 0 4737 0.1 50 0 0 30 57.6 48.0 48.0
5137 0.3 50 0 0 4737 0.1 50 0 0 60 57.9 48.2 48.2
5137 0.3 50 0 0 4737 0.1 50 0 0 90 57.8 48.3 48.3
5137 0.3 50 0 0 4737 0.1 50 0 0 120 57.9 48.5 48.5
5137 0.3 50 0 0 4737 0.1 50 0 0 150 57.8 48.7 48.7
5137 0.3 50 0 0 4737 0.1 50 0 0 180 57.7 48.8 48.8
5137 0.3 50 0 0 4737 0.1 60 0 0 0 56.1 49.4 49.4
5137 0.3 50 0 0 4737 0.1 60 0 0 30 56.3 49.6 49.6
5137 0.3 50 0 0 4737 0.1 60 0 0 60 56.4 49.6 49.6
5137 0.3 50 0 0 4737 0.1 60 0 0 90 56.3 49.8 49.8
5137 0.3 50 0 0 4737 0.1 60 0 0 120 56.3 49.9 49.9
5137 0.3 50 0 0 4737 0.1 60 0 0 150 56.2 50.0 50.0
5137 0.3 50 0 0 4737 0.1 60 0 0 180 56.1 49.9 49.9
5137 0.3 50 0 0 4737 0.2 0 0 0 0 59.0 51.2 51.2
5137 0.3 50 0 0 4737 0.2 0 0 0 30 59.1 51.3 51.3
5137 0.3 50 0 0 4737 0.2 0 0 0 60 59.3 51.3 51.3
5137 0.3 50 0 0 4737 0.2 0 0 0 90 59.2 51.4 51.4
5137 0.3 50 0 0 4737 0.2 0 0 0 120 59.3 51.6 51.6
5137 0.3 50 0 0 4737 0.2 0 0 0 150 59.2 51.8 51.8
5137 0.3 50 0 0 4737 0.2 0 0 0 180 59.2 51.9 51.9
5137 0.3 50 0 0 4737 0.2 10 0 0 0 58.9 50.7 50.7
5137 0.3 50 0 0 4737 0.2 10 0 0 30 59.0 50.8 50.8
5137 0.3 50 0 0 4737 0.2 10 0 0 60 59.2 50.8 50.8
5137 0.3 50 0 0 4737 0.2 10 0 0 90 59.2 50.9 50.9
5137 0.3 50 0 0 4737 0.2 10 0 0 120 59.2 51.1 51.1
5137 0.3 50 0 0 4737 0.2 10 0 0 150 59.2 51.3 51.3
5137 0.3 50 0 0 4737 0.2 10 0 0 180 59.1 51.3 51.3
5137 0.3 50 0 0 4737 0.2 20 0 0 0 58.7 49.2 49.2
5137 0.3 50 0 0 4737 0.2 20 0 0 30 58.8 49.1 49.1
5137 0.3 50 0 0 4737 0.2 20 0 0 60 59.0 49.3 49.3
5137 0.3 50 0 0 4737 0.2 20 0 0 90 59.0 49.3 49.3
5137 0.3 50 0 0 4737 0.2 20 0 0 120 59.0 49.5 49.5
5137 0.3 50 0 0 4737 0.2 20 0 0 150 59.0 49.8 49.8
5137 0.3 50 0 0 4737 0.2 20 0 0 180 58.9 49.8 49.8
5137 0.3 50 0 0 4737 0.2 30 0 0 0 58.3 46.6 46.6
5137 0.3 50 0 0 4737 0.2 30 0 0 30 58.4 46.5 46.5
5137 0.3 50 0 0 4737 0.2 30 0 0 60 58.6 46.8 46.8
5137 0.3 50 0 0 4737 0.2 30 0 0 90 58.6 46.7 46.7
5137 0.3 50 0 0 4737 0.2 30 0 0 120 58.7 47.0 47.0
5137 0.3 50 0 0 4737 0.2 30 0 0 150 58.6 47.5 47.5
5137 0.3 50 0 0 4737 0.2 30 0 0 180 58.5 47.7 47.7
5137 0.3 50 0 0 4737 0.2 40 0 0 0 57.7 46.6 46.6
5137 0.3 50 0 0 4737 0.2 40 0 0 30 57.9 46.6 46.6
5137 0.3 50 0 0 4737 0.2 40 0 0 60 58.0 46.8 46.8
5137 0.3 50 0 0 4737 0.2 40 0 0 90 58.0 46.8 46.8
5137 0.3 50 0 0 4737 0.2 40 0 0 120 58.1 47.1 47.1
5137 0.3 50 0 0 4737 0.2 40 0 0 150 58.0 47.6 47.6
5137 0.3 50 0 0 4737 0.2 40 0 0 180 57.9 47.7 47.7
5137 0.3 50 0 0 4737 0.2 50 0 0 0 56.9 47.3 47.3
5137 0.3 50 0 0 4737 0.2 50 0 0 30 57.0 47.4 47.4
5137 0.3 50 0 0 4737 0.2 50 0 0 60 57.1 47.5 47.5
5137 0.3 50 0 0 4737 0.2 50 0 0 90 57.1 47.5 47.5
5137 0.3 50 0 0 4737 0.2 50 0 0 120 57.1 47.7 47.7
5137 0.3 50 0 0 4737 0.2 50 0 0 150 57.0 48.0 48.0
5137 0.3 50 0 0 4737 0.2 50 0 0 180 57.0 48.0 48.0
5137 0.3 50 0 0 4737 0.2 60 0 0 0 55.4 48.7 48.7
5137 0.3 50 0 0 4737 0.2 60 0 0 30 55.5 48.8 48.8
5137 0.3 50 0 0 4737 0.2 60 0 0 60 55.6 48.9 48.9
5137 0.3 50 0 0 4737 0.2 60 0 0 90 55.6 48.9 48.9
5137 0.3 50 0 0 4737 0.2 60 0 0 120 55.5 49.1 49.1
5137 0.3 50 0 0 4737 0.2 60 0 0 150 55.4 49.3 49.3
5137 0.3 50 0 0 4737 0.2 60 0 0 180 55.3 49.2 49.2
5137 0.3 50 0 0 4737 0.3 0 0 0 0 58.3 50.4 50.4
5137 0.3 50 0 0 4737 0.3 0 0 0 30 58.4 50.4 50.4
5137 0.3 50 0 0 4737 0.3 0 0 0 60 58.6 50.5 50.5
5137 0.3 50 0 0 4737 0.3 0 0 0 90 58.6 50.5 50.5
5137 0.3 50 0 0 4737 0.3 0 0 0 120 58.7 50.7 50.7
5137 0.3 50 0 0 4737 0.3 0 0 0 150 58.5 51.0 51.0
5137 0.3 50 0 0 4737 0.3 0 0 0 180 58.5 51.0 51.0
5137 0.3 50 0 0 4737 0.3 10 0 0 0 58.2 49.8 49.8
5137 0.3 50 0 0 4737 0.3 10 0 0 30 58.4 49.8 49.8
5137 0.3 50 0 0 4737 0.3 10 0 0 60 58.5 49.9 49.9
5137 0.3 50 0 0 4737 0.3 10 0 0 90 58.5 49.9 49.9
5137 0.3 50 0 0 4737 0.3 10 0 0 120 58.6 50.1 50.1
5137 0.3 50 0 0 4737 0.3 10 0 0 150 58.5 50.4 50.4
5137 0.3 50 0 0 4737 0.3 10 0 0 180 58.4 50.5 50.5
5137 0.3 50 0 0 4737 0.3 20 0 0 0 58.0 48.0 48.0
5137 0.3 50 0 0 4737 0.3 20 0 0 30 58.1 48.0 48.0
5137 0.3 50 0 0 4737 0.3 20 0 0 60 58.3 48.1 48.1
5137 0.3 50 0 0 4737 0.3 20 0 0 90 58.3 48.1 48.1
5137 0.3 50 0 0 4737 0.3 20 0 0 120 58.4 48.3 48.3
5137 0.3 50 0 0 4737 0.3 20 0 0 150 58.2 48.6 48.6
5137 0.3 50 0 0 4737 0.3 20 0 0 180 58.2 48.6 48.6
5137 0.3 50 0 0 4737 0.3 30 0 0 0 57.6 46.0 46.0
5137 0.3 50 0 0 4737 0.3 30 0 0 30 57.7 46.0 46.0
5137 0.3 50 0 0 4737 0.3 30 0 0 60 57.9 46.1 46.1
5137 0.3 50 0 0 4737 0.3 30 0 0 90 57.9 46.1 46.1
5137 0.3 50 0 0 4737 0.3 30 0 0 120 58.0 46.3 46.3
5137 0.3 50 0 0 4737 0.3 30 0 0 150 57.8 46.7 46.7
5137 0.3 50 0 0 4737 0.3 30 0 0 180 57.8 47.0 47.0
5137 0.3 50 0 0 4737 0.3 40 0 0 0 57.0 46.1 46.1
5137 0.3 50 0 0 4737 0.3 40 0 0 30 57.1 46.1 46.1
5137 0.3 50 0 0 4737 0.3 40 0 0 60 57.3 46.1 46.1
5137 0.3 50 0 0 4737 0.3 40 0 0 90 57.2 46.2 46.2
5137 0.3 50 0 0 4737 0.3 40 0 0 120 57.3 46.4 46.4
5137 0.3 50 0 0 4737 0.3 40 0 0 150 57.2 46.8 46.8
5137 0.3 50 0 0 4737 0.3 40 0 0 180 57.1 47.0 47.0
5137 0.3 50 0 0 4737 0.3 50 0 0 0 56.1 46.9 46.9
5137 0.3 50 0 0 4737 0.3 50 0 0 30 56.2 47.0 47.0
5137 0.3 50 0 0 4737 0.3 50 0 0 60 56.4 47.0 47.0
5137 0.3 50 0 0 4737 0.3 50 0 0 90 56.3 47.0 47.0
5137 0.3 50 0 0 4737 0.3 50 0 0 120 56.4 47.1 47.1
5137 0.3 50 0 0 4737 0.3 50 0 0 150 56.3 47.4 47.4
5137 0.3 50 0 0 4737 0.3 50 0 0 180 56.2 47.3 47.3
5137 0.3 50 0 0 4737 0.3 60 0 0 0 54.7 47.9 47.9
5137 0.3 50 0 0 4737 0.3 60 0 0 30 54.7 48.0 48.0
5137 0.3 50 0 0 4737 0.3 60 0 0 60 54.7 48.1 48.1
5137 0.3 50 0 0 4737 0.3 60 0 0 90 54.7 48.3 48.3
5137 0.3 50 0 0 4737 0.3 60 0 0 120 54.5 48.3 48.3
5137 0.3 50 0 0 4737 0.3 60 0 0 150 54.4 48.6 48.6
5137 0.3 50 0 0 4737 0.3 60 0 0 180 54.4 48.4 48.4
5137 0.3 50 0 0 4737 0.4 0 0 0 0 57.6 49.4 49.4
5137 0.3 50 0 0 4737 0.4 0 0 0 30 57.8 49.4 49.4
5137 0.3 50 0 0 4737 0.4 0 0 0 60 57.9 49.5 49.5
5137 0.3 50 0 0 4737 0.4 0 0 0 90 57.9 49.5 49.5
5137 0.3 50 0 0 4737 0.4 0 0 0 120 58.0 49.7 49.7
5137 0.3 50 0 0 4737 0.4 0 0 0 150 57.9 49.9 49.9
5137 0.3 50 0 0 4737 0.4 0 0 0 180 57.8 50.0 50.0
5137 0.3 50 0 0 4737 0.4 10 0 0 0 57.5 48.8 48.8
5137 0.3 50 0 0 4737 0.4 10 0 0 30 57.7 48.8 48.8
5137 0.3 50 0 0 4737 0.4 10 0 0 60 57.8 48.8 48.8
5137 0.3 50 0 0 4737 0.4 10 0 0 90 57.8 48.9 48.9
5137 0.3 50 0 0 4737 0.4 10 0 0 120 57.9 49.0 49.0
5137 0.3 50 0 0 4737 0.4 10 0 0 150 57.8 49.2 49.2
5137 0.3 50 0 0 4737 0.4 10 0 0 180 57.7 49.4 49.4
5137 0.3 50 0 0 4737 0.4 20 0 0 0 57.3 46.6 46.6
5137 0.3 50 0 0 4737 0.4 20 0 0 30 57.4 46.6 46.6
5137 0.3 50 0 0 4737 0.4 20 0 0 60 57.6 46.6 46.6
5137 0.3 50 0 0 4737 0.4 20 0 0 90 57.6 46.6 46.6
5137 0.3 50 0 0 4737 0.4 20 0 0 120 57.7 46.7 46.7
5137 0.3 50 0 0 4737 0.4 20 0 0 150 57.6 47.0 47.0
5137 0.3 50 0 0 4737 0.4 20 0 0 180 57.5 47.2 47.2
5137 0.3 50 0 0 4737 0.4 30 0 0 0 56.9 45.7 45.7
5137 0.3 50 0 0 4737 0.4 30 0 0 30 57.1 45.8 45.8
5137 0.3 50 0 0 4737 0.4 30 0 0 60 57.2 45.8 45.8
5137 0.3 50 0 0 4737 0.4 30 0 0 90 57.2 45.7 45.7
5137 0.3 50 0 0 4737 0.4 30 0 0 120 57.3 45.8 45.8
5137 0.3 50 0 0 4737 0.4 30 0 0 150 57.1 46.1 46.1
5137 0.3 50 0 0 4737 0.4 30 0 0 180 57.0 46.4 46.4
5137 0.3 50 0 0 4737 0.4 40 0 0 0 56.3 45.9 45.9
5137 0.3 50 0 0 4737 0.4 40 0 0 30 56.5 45.9 45.9
5137 0.3 50 0 0 4737 0.4 40 0 0 60 56.5 45.9 45.9
5137 0.3 50 0 0 4737 0.4 40 0 0 90 56.5 45.9 45.9
5137 0.3 50 0 0 4737 0.4 40 0 0 120 56.6 46.0 46.0
5137 0.3 50 0 0 4737 0.4 40 0 0 150 56.4 46.3 46.3
5137 0.3 50 0 0 4737 0.4 40 0 0 180 56.4 46.5 46.5
5137 0.3 50 0 0 4737 0.4 50 0 0 0 55.4 46.5 46.5
5137 0.3 50 0 0 4737 0.4 50 0 0 30 55.6 46.5 46.5
5137 0.3 50 0 0 4737 0.4 50 0 0 60 55.6 46.6 46.6
5137 0.3 50 0 0 4737 0.4 50 0 0 90 55.6 46.6 46.6
5137 0.3 50 0 0 4737 0.4 50 0 0 120 55.6 46.7 46.7
5137 0.3 50 0 0 4737 0.4 50 0 0 150 55.4 46.9 46.9
5137 0.3 50 0 0 4737 0.4 50 0 0 180 55.4 46.9 46.9
5137 0.3 50 0 0 4737 0.4 60 0 0 0 53.7 47.2 47.2
5137 0.3 50 0 0 4737 0.4 60 0 0 30 53.8 47.3 47.3
5137 0.3 50 0 0 4737 0.4 60 0 0 60 53.8 47.5 47.5
5137 0.3 50 0 0 4737 0.4 60 0 0 90 53.7 47.6 47.6
5137 0.3 50 0 0 4737 0.4 60 0 0 120 53.5 47.7 47.7
5137 0.3 50 0 0 4737 0.4 60 0 0 150 53.3 47.9 47.9
5137 0.3 50 0 0 4737 0.4 60 0 0 180 53.3 47.7 47.7
5137 0.3 50 0 0 4737 0.5 0 0 0 0 56.9 48.0 48.0
5137 0.3 50 0 0 4737 0.5 0 0 0 30 57.0 48.0 48.0
5137 0.3 50 0 0 4737 0.5 0 0 0 60 57.2 48.1 48.1
5137 0.3 50 0 0 4737 0.5 0 0 0 90 57.2 48.1 48.1
5137 0.3 50 0 0 4737 0.5 0 0 0 120 57.3 48.2 48.2
5137 0.3 50 0 0 4737 0.5 0 0 0 150 57.2 48.4 48.4
5137 0.3 50 0 0 4737 0.5 0 0 0 180 57.0 48.5 48.5
5137 0.3 50 0 0 4737 0.5 10 0 0 0 56.9 47.2 47.2
5137 0.3 50 0 0 4737 0.5 10 0 0 30 57.0 47.2 47.2
5137 0.3 50 0 0 4737 0.5 10 0 0 60 57.1 47.2 47.2
5137 0.3 50 0 0 4737 0.5 10 0 0 90 57.1 47.2 47.2
5137 0.3 50 0 0 4737 0.5 10 0 0 120 57.2 47.3 47.3
5137 0.3 50 0 0 4737 0.5 10 0 0 150 57.1 47.6 47.6
5137 0.3 50 0 0 4737 0.5 10 0 0 180 56.9 47.7 47.7
5137 0.3 50 0 0 4737 0.5 20 0 0 0 56.6 46.1 46.1
5137 0.3 50 0 0 4737 0.5 20 0 0 30 56.7 46.1 46.1
5137 0.3 50 0 0 4737 0.5 20 0 0 60 56.9 46.1 46.1
5137 0.3 50 0 0 4737 0.5 20 0 0 90 56.9 46.2 46.2
5137 0.3 50 0 0 4737 0.5 20 0 0 120 56.9 46.1 46.1
5137 0.3 50 0 0 4737 0.5 20 0 0 150 56.8 46.5 46.5
5137 0.3 50 0 0 4737 0.5 20 0 0 180 56.7 46.6 46.6
5137 0.3 50 0 0 4737 0.5 30 0 0 0 56.2 45.7 45.7
5137 0.3 50 0 0 4737 0.5 30 0 0 30 56.3 45.7 45.7
5137 0.3 50 0 0 4737 0.5 30 0 0 60 56.5 45.7 45.7
5137 0.3 50 0 0 4737 0.5 30 0 0 90 56.4 45.7 45.7
5137 0.3 50 0 0 4737 0.5 30 0 0 120 56.5 45.7 45.7
5137 0.3 50 0 0 4737 0.5 30 0 0 150 56.4 46.0 46.0
5137 0.3 50 0 0 4737 0.5 30 0 0 180 56.3 46.2 46.2
5137 0.3 50 0 0 4737 0.5 40 0 0 0 55.6 45.9 45.9
5137 0.3 50 0 0 4737 0.5 40 0 0 30 55.7 45.8 45.8
5137 0.3 50 0 0 4737 0.5 40 0 0 60 55.8 45.9 45.9
5137 0.3 50 0 0 4737 0.5 40 0 0 90 55.7 45.9 45.9
5137 0.3 50 0 0 4737 0.5 40 0 0 120 55.8 45.8 45.8
5137 0.3 50 0 0 4737 0.5 40 0 0 150 55.6 46.1 46.1
5137 0.3 50 0 0 4737 0.5 40 0 0 180 55.5 46.2 46.2
5137 0.3 50 0 0 4737 0.5 50 0 0 0 54.6 46.4 46.4
5137 0.3 50 0 0 4737 0.5 50 0 0 30 54.7 46.4 46.4
5137 0.3 50 0 0 4737 0.5 50 0 0 60 54.8 46.3 46.3
5137 0.3 50 0 0 4737 0.5 50 0 0 90 54.7 46.2 46.2
5137 0.3 50 0 0 4737 0.5 50 0 0 120 54.7 46.3 46.3
5137 0.3 50 0 0 4737 0.5 50 0 0 150 54.5 46.5 46.5
5137 0.3 50 0 0 4737 0.5 50 0 0 180 54.4 46.5 46.5
5137 0.3 50 0 0 4737 0.5 60 0 0 0 53.1 46.7 46.7
5137 0.3 50 0 0 4737 0.5 60 0 0 30 53.2 46.7 46.7
5137 0.3 50 0 0 4737 0.5 60 0 0 60 53.3 46.8 46.8
5137 0.3 50 0 0 4737 0.5 60 0 0 90 53.2 47.0 47.0
5137 0.3 50 0 0 4737 0.5 60 0 0 120 53.0 47.2 47.2
5137 0.3 50 0 0 4737 0.5 60 0 0 150 52.5 47.4 47.4
5137 0.3 50 0 0 4737 0.5 60 0 0 180 52.4 47.1 47.1
5137 0.3 50 0 0 4937 0.0 0 0 0 0 60.5 54.5 54.5
5137 0.3 50 0 0 4937 0.0 0 0 0 30 61.0 54.9 54.9
5137 0.3 50 0 0 4937 0.0 0 0 0 60 61.2 54.9 54.9
5137 0.3 50 0 0 4937 0.0 0 0 0 90 61.4 54.8 54.8
5137 0.3 50 0 0 4937 0.0 0 0 0 120 61.4 54.5 54.5
5137 0.3 50 0 0 4937 0.0 0 0 0 150 61.2 53.9 53.9
5137 0.3 50 0 0 4937 0.0 0 0 0 180 61.0 53.2 53.2
5137 0.3 50 0 0 4937 0.0 10 0 0 0 60.5 53.8 53.8
5137 0.3 50 0 0 4937 0.0 10 0 0 30 60.9 54.3 54.3
5137 0.3 50 0 0 4937 0.0 10 0 0 60 61.2 54.4 54.4
5137 0.3 50 0 0 4937 0.0 10 0 0 90 61.3 54.3 54.3
5137 0.3 50 0 0 4937 0.0 10 0 0 120 61.3 54.1 54.1
5137 0.3 50 0 0 4937 0.0 10 0 0 150 61.1 53.7 53.7
5137 0.3 50 0 0 4937 0.0 10 0 0 180 60.9 53.0 53.0
5137 0.3 50 0 0 4937 0.0 20 0 0 0 60.3 52.4 52.4
5137 0.3 50 0 0 4937 0.0 20 0 0 30 60.7 52.7 52.7
5137 0.3 50 0 0 4937 0.0 20 0 0 60 61.0 52.9 52.9
5137 0.3 50 0 0 4937 0.0 20 0 0 90 61.1 53.0 53.0
5137 0.3 50 0 0 4937 0.0 20 0 0 120 61.1 52.9 52.9
5137 0.3 50 0 0 4937 0.0 20 0 0 150 61.0 52.5 52.5
5137 0.3 50 0 0 4937 0.0 20 0 0 180 60.8 51.9 51.9
5137 0.3 50 0 0 4937 0.0 30 0 0 0 60.0 49.2 49.2
5137 0.3 50 0 0 4937 0.0 30 0 0 30 60.4 49.5 49.5
5137 0.3 50 0 0 4937 0.0 30 0 0 60 60.6 49.8 49.8
5137 0.3 50 0 0 4937 0.0 30 0 0 90 60.8 49.9 49.9
5137 0.3 50 0 0 4937 0.0 30 0 0 120 60.8 49.9 49.9
5137 0.3 50 0 0 4937 0.0 30 0 0 150 60.6 49.5 49.5
5137 0.3 50 0 0 4937 0.0 30 0 0 180 60.4 49.1 49.1
5137 0.3 50 0 0 4937 0.0 40 0 0 0 59.4 48.8 48.8
5137 0.3 50 0 0 4937 0.0 40 0 0 30 59.9 49.4 49.4
5137 0.3 50 0 0 4937 0.0 40 0 0 60 60.1 49.7 49.7
5137 0.3 50 0 0 4937 0.0 40 0 0 90 60.3 49.9 49.9
5137 0.3 50 0 0 4937 0.0 40 0 0 120 60.2 49.8 49.8
5137 0.3 50 0 0 4937 0.0 40 0 0 150 60.1 49.6 49.6
5137 0.3 50 0 0 4937 0.0 40 0 0 180 59.9 49.1 49.1
5137 0.3 50 0 0 4937 0.0 50 0 0 0 58.6 49.2 49.2
5137 0.3 50 0 0 4937 0.0 50 0 0 30 59.1 49.9 49.9
5137 0.3 50 0 0 4937 0.0 50 0 0 60 59.4 50.6 50.6
5137 0.3 50 0 0 4937 0.0 50 0 0 90 59.5 50.8 50.8
5137 0.3 50 0 0 4937 0.0 50 0 0 120 59.4 50.7 50.7
5137 0.3 50 0 0 4937 0.0 50 0 0 150 59.3 50.4 50.4
5137 0.3 50 0 0 4937 0.0 50 0 0 180 59.1 49.9 49.9
5137 0.3 50 0 0 4937 0.0 60 0 0 0 57.3 50.0 50.0
5137 0.3 50 0 0 4937 0.0 60 0 0 30 57.8 50.8 50.8
5137 0.3 50 0 0 4937 0.0 60 0 0 60 58.0 51.7 51.7
5137 0.3 50 0 0 4937 0.0 60 0 0 90 58.0 52.3 52.3
5137 0.3 50 0 0 4937 0.0 60 0 0 120 58.0 52.5 52.5
5137 0.3 50 0 0 4937 0.0 60 0 0 150 57.9 52.2 52.2
5137 0.3 50 0 0 4937 0.0 60 0 0 180 57.8 51.6 51.6
5137 0.3 50 0 0 4937 0.1 0 0 0 0 59.9 53.6 53.6
5137 0.3 50 0 0 4937 0.1 0 0 0 30 60.3 54.1 54.1
5137 0.3 50 0 0 4937 0.1 0 0 0 60 60.5 54.2 54.2
5137 0.3 50 0 0 4937 0.1 0 0 0 90 60.7 54.2 54.2
5137 0.3 50 0 0 4937 0.1 0 0 0 120 60.7 53.9 53.9
5137 0.3 50 0 0 4937 0.1 0 0 0 150 60.5 53.4 53.4
5137 0.3 50 0 0 4937 0.1 0 0 0 180 60.3 52.5 52.5
5137 0.3 50 0 0 4937 0.1 10 0 0 0 59.9 53.1 53.1
5137 0.3 50 0 0 4937 0.1 10 0 0 30 60.2 53.5 53.5
5137 0.3 50 0 0 4937 0.1 10 0 0 60 60.5 53.6 53.6
5137 0.3 50 0 0 4937 0.1 10 0 0 90 60.6 53.7 53.7
5137 0.3 50 0 0 4937 0.1 10 0 0 120 60.6 53.5 53.5
5137 0.3 50 0 0 4937 0.1 10 0 0 150 60.5 53.1 53.1
5137 0.3 50 0 0 4937 0.1 10 0 0 180 60.3 52.2 52.2
5137 0.3 50 0 0 4937 0.1 20 0 0 0 59.7 51.6 51.6
5137 0.3 50 0 0 4937 0.1 20 0 0 30 60.0 52.0 52.0
5137 0.3 50 0 0 4937 0.1 20 0 0 60 60.3 52.2 52.2
5137 0.3 50 0 0 4937 0.1 20 0 0 90 60.4 52.4 52.4
5137 0.3 50 0 0 4937 0.1 20 0 0 120 60.4 52.2 52.2
5137 0.3 50 0 0 4937 0.1 20 0 0 150 60.3 51.8 51.8
5137 0.3 50 0 0 4937 0.1 20 0 0 180 60.1 51.0 51.0
5137 0.3 50 0 0 4937 0.1 30 0 0 0 59.3 48.5 48.5
5137 0.3 50 0 0 4937 0.1 30 0 0 30 59.7 49.0 49.0
5137 0.3 50 0 0 4937 0.1 30 0 0 60 59.9 49.2 49.2
5137 0.3 50 0 0 4937 0.1 30 0 0 90 60.1 49.3 49.3
5137 0.3 50 0 0 4937 0.1 30 0 0 120 60.1 49.3 49.3
5137 0.3 50 0 0 4937 0.1 30 0 0 150 59.9 48.9 48.9
5137 0.3 50 0 0 4937 0.1 30 0 0 180 59.7 48.2 48.2
5137 0.3 50 0 0 4937 0.1 40 0 0 0 58.8 48.1 48.1
5137 0.3 50 0 0 4937 0.1 40 0 0 30 59.2 48.7 48.7
5137 0.3 50 0 0 4937 0.1 40 0 0 60 59.4 49.2 49.2
5137 0.3 50 0 0 4937 0.1 40 0 0 90 59.6 49.3 49.3
5137 0.3 50 0 0 4937 0.1 40 0 0 120 59.5 49.3 49.3
5137 0.3 50 0 0 4937 0.1 40 0 0 150 59.4 48.9 48.9
5137 0.3 50 0 0 4937 0.1 40 0 0 180 59.1 48.3 48.3
5137 0.3 50 0 0 4937 0.1 50 0 0 0 58.0 48.4 48.4
5137 0.3 50 0 0 4937 0.1 50 0 0 30 58.4 49.0 49.0
5137 0.3 50 0 0 4937 0.1 50 0 0 60 58.6 49.7 49.7
5137 0.3 50 0 0 4937 0.1 50 0 0 90 58.7 50.2 50.2
5137 0.3 50 0 0 4937 0.1 50 0 0 120 58.7 50.2 50.2
5137 0.3 50 0 0 4937 0.1 50 0 0 150 58.5 50.0 50.0
5137 0.3 50 0 0 4937 0.1 50 0 0 180 58.3 49.3 49.3
5137 0.3 50 0 0 4937 0.1 60 0 0 0 56.6 49.2 49.2
5137 0.3 50 0 0 4937 0.1 60 0 0 30 57.0 49.8 49.8
5137 0.3 50 0 0 4937 0.1 60 0 0 60 57.2 50.6 50.6
5137 0.3 50 0 0 4937 0.1 60 0 0 90 57.3 51.3 51.3
5137 0.3 50 0 0 4937 0.1 60 0 0 120 57.2 51.8 51.8
5137 0.3 50 0 0 4937 0.1 60 0 0 150 57.2 51.7 51.7
5137 0.3 50 0 0 4937 0.1 60 0 0 180 57.0 51.0 51.0
5137 0.3 50 0 0 4937 0.2 0 0 0 0 59.3 52.8 52.8
5137 0.3 50 0 0 4937 0.2 0 0 0 30 59.6 53.2 53.2
5137 0.3 50 0 0 4937 0.2 0 0 0 60 59.8 53.4 53.4
5137 0.3 50 0 0 4937 0.2 0 0 0 90 60.0 53.5 53.5
5137 0.3 50 0 0 4937 0.2 0 0 0 120 60.0 53.4 53.4
5137 0.3 50 0 0 4937 0.2 0 0 0 150 59.9 52.8 52.8
5137 0.3 50 0 0 4937 0.2 0 0 0 180 59.6 51.7 51.7
5137 0.3 50 0 0 4937 0.2 10 0 0 0 59.3 52.2 52.2
5137 0.3 50 0 0 4937 0.2 10 0 0 30 59.6 52.6 52.6
5137 0.3 50 0 0 4937 0.2 10 0 0 60 59.8 52.9 52.9
5137 0.3 50 0 0 4937 0.2 10 0 0 90 60.0 53.0 53.0
5137 0.3 50 0 0 4937 0.2 10 0 0 120 60.0 52.9 52.9
5137 0.3 50 0 0 4937 0.2 10 0 0 150 59.8 52.4 52.4
5137 0.3 50 0 0 4937 0.2 10 0 0 180 59.5 51.4 51.4
5137 0.3 50 0 0 4937 0.2 20 0 0 0 59.1 50.8 50.8
5137 0.3 50 0 0 4937 0.2 20 0 0 30 59.4 51.3 51.3
5137 0.3 50 0 0 4937 0.2 20 0 0 60 59.6 51.5 51.5
5137 0.3 50 0 0 4937 0.2 20 0 0 90 59.7 51.7 51.7
5137 0.3 50 0 0 4937 0.2 20 0 0 120 59.7 51.5 51.5
5137 0.3 50 0 0 4937 0.2 20 0 0 150 59.6 51.1 51.1
5137 0.3 50 0 0 4937 0.2 20 0 0 180 59.3 50.1 50.1
5137 0.3 50 0 0 4937 0.2 30 0 0 0 58.8 47.8 47.8
5137 0.3 50 0 0 4937 0.2 30 0 0 30 59.1 48.3 48.3
5137 0.3 50 0 0 4937 0.2 30 0 0 60 59.3 48.7 48.7
5137 0.3 50 0 0 4937 0.2 30 0 0 90 59.4 48.9 48.9
5137 0.3 50 0 0 4937 0.2 30 0 0 120 59.4 48.8 48.8
5137 0.3 50 0 0 4937 0.2 30 0 0 150 59.2 48.4 48.4
5137 0.3 50 0 0 4937 0.2 30 0 0 180 58.9 47.5 47.5
5137 0.3 50 0 0 4937 0.2 40 0 0 0 58.2 47.5 47.5
5137 0.3 50 0 0 4937 0.2 40 0 0 30 58.5 48.0 48.0
5137 0.3 50 0 0 4937 0.2 40 0 0 60 58.7 48.6 48.6
5137 0.3 50 0 0 4937 0.2 40 0 0 90 58.9 48.9 48.9
5137 0.3 50 0 0 4937 0.2 40 0 0 120 58.8 49.0 49.0
5137 0.3 50 0 0 4937 0.2 40 0 0 150 58.7 48.6 48.6
5137 0.3 50 0 0 4937 0.2 40 0 0 180 58.4 47.7 47.7
5137 0.3 50 0 0 4937 0.2 50 0 0 0 57.4 47.6 47.6
5137 0.3 50 0 0 4937 0.2 50 0 0 30 57.7 48.2 48.2
5137 0.3 50 0 0 4937 0.2 50 0 0 60 57.9 48.9 48.9
5137 0.3 50 0 0 4937 0.2 50 0 0 90 58.0 49.6 49.6
5137 0.3 50 0 0 4937 0.2 50 0 0 120 58.0 49.9 49.9
5137 0.3 50 0 0 4937 0.2 50 0 0 150 57.8 49.6 49.6
5137 0.3 50 0 0 4937 0.2 50 0 0 180 57.5 48.7 48.7
5137 0.3 50 0 0 4937 0.2 60 0 0 0 55.9 48.3 48.3
5137 0.3 50 0 0 4937 0.2 60 0 0 30 56.3 48.8 48.8
5137 0.3 50 0 0 4937 0.2 60 0 0 60 56.5 49.5 49.5
5137 0.3 50 0 0 4937 0.2 60 0 0 90 56.5 50.3 50.3
5137 0.3 50 0 0 4937 0.2 60 0 0 120 56.5 51.0 51.0
5137 0.3 50 0 0 4937 0.2 60 0 0 150 56.5 51.2 51.2
5137 0.3 50 0 0 4937 0.2 60 0 0 180 56.2 50.2 50.2
5137 0.3 50 0 0 4937 0.3 0 0 0 0 58.8 52.0 52.0
5137 0.3 50 0 0 4937 0.3 0 0 0 30 59.1 52.4 52.4
5137 0.3 50 0 0 4937 0.3 0 0 0 60 59.2 52.7 52.7
5137 0.3 50 0 0 4937 0.3 0 0 0 90 59.3 52.8 52.8
5137 0.3 50 0 0 4937 0.3 0 0 0 120 59.4 52.8 52.8
5137 0.3 50 0 0 4937 0.3 0 0 0 150 59.2 52.2 52.2
5137 0.3 50 0 0 4937 0.3 0 0 0 180 58.9 50.8 50.8
5137 0.3 50 0 0 4937 0.3 10 0 0 0 58.7 51.4 51.4
5137 0.3 50 0 0 4937 0.3 10 0 0 30 59.0 51.8 51.8
5137 0.3 50 0 0 4937 0.3 10 0 0 60 59.1 52.2 52.2
5137 0.3 50 0 0 4937 0.3 10 0 0 90 59.3 52.3 52.3
5137 0.3 50 0 0 4937 0.3 10 0 0 120 59.3 52.2 52.2
5137 0.3 50 0 0 4937 0.3 10 0 0 150 59.1 51.7 51.7
5137 0.3 50 0 0 4937 0.3 10 0 0 180 58.8 50.4 50.4
5137 0.3 50 0 0 4937 0.3 20 0 0 0 58.5 49.8 49.8
5137 0.3 50 0 0 4937 0.3 20 0 0 30 58.8 50.3 50.3
5137 0.3 50 0 0 4937 0.3 20 0 0 60 59.0 50.7 50.7
5137 0.3 50 0 0 4937 0.3 20 0 0 90 59.1 50.8 50.8
5137 0.3 50 0 0 4937 0.3 20 0 0 120 59.1 50.8 50.8
5137 0.3 50 0 0 4937 0.3 20 0 0 150 58.9 50.3 50.3
5137 0.3 50 0 0 4937 0.3 20 0 0 180 58.6 49.0 49.0
5137 0.3 50 0 0 4937 0.3 30 0 0 0 58.2 47.3 47.3
5137 0.3 50 0 0 4937 0.3 30 0 0 30 58.4 47.8 47.8
5137 0.3 50 0 0 4937 0.3 30 0 0 60 58.6 48.3 48.3
5137 0.3 50 0 0 4937 0.3 30 0 0 90 58.7 48.7 48.7
5137 0.3 50 0 0 4937 0.3 30 0 0 120 58.7 48.6 48.6
5137 0.3 50 0 0 4937 0.3 30 0 0 150 58.5 48.2 48.2
5137 0.3 50 0 0 4937 0.3 30 0 0 180 58.2 46.8 46.8
5137 0.3 50 0 0 4937 0.3 40 0 0 0 57.6 46.9 46.9
5137 0.3 50 0 0 4937 0.3 40 0 0 30 57.9 47.4 47.4
5137 0.3 50 0 0 4937 0.3 40 0 0 60 58.1 47.9 47.9
5137 0.3 50 0 0 4937 0.3 40 0 0 90 58.2 48.6 48.6
5137 0.3 50 0 0 4937 0.3 40 0 0 120 58.2 48.8 48.8
5137 0.3 50 0 0 4937 0.3 40 0 0 150 57.9 48.3 48.3
5137 0.3 50 0 0 4937 0.3 40 0 0 180 57.6 47.2 47.2
5137 0.3 50 0 0 4937 0.3 50 0 0 0 56.8 47.0 47.0
5137 0.3 50 0 0 4937 0.3 50 0 0 30 57.0 47.4 47.4
5137 0.3 50 0 0 4937 0.3 50 0 0 60 57.2 48.0 48.0
5137 0.3 50 0 0 4937 0.3 50 0 0 90 57.3 48.8 48.8
5137 0.3 50 0 0 4937 0.3 50 0 0 120 57.3 49.4 49.4
5137 0.3 50 0 0 4937 0.3 50 0 0 150 57.1 49.3 49.3
5137 0.3 50 0 0 4937 0.3 50 0 0 180 56.7 48.2 48.2
5137 0.3 50 0 0 4937 0.3 60 0 0 0 55.2 47.5 47.5
5137 0.3 50 0 0 4937 0.3 60 0 0 30 55.5 48.0 48.0
5137 0.3 50 0 0 4937 0.3 60 0 0 60 55.7 48.5 48.5
5137 0.3 50 0 0 4937 0.3 60 0 0 90 55.8 49.2 49.2
5137 0.3 50 0 0 4937 0.3 60 0 0 120 55.7 50.0 50.0
5137 0.3 50 0 0 4937 0.3 60 0 0 150 55.6 50.6 50.6
5137 0.3 50 0 0 4937 0.3 60 0 0 180 55.5 49.7 49.7
5137 0.3 50 0 0 4937 0.4 0 0 0 0 58.3 51.1 51.1
5137 0.3 50 0 0 4937 0.4 0 0 0 30 58.4 51.5 51.5
5137 0.3 50 0 0 4937 0.4 0 0 0 60 58.6 51.9 51.9
5137 0.3 50 0 0 4937 0.4 0 0 0 90 58.7 52.1 52.1
5137 0.3 50 0 0 4937 0.4 0 0 0 120 58.7 52.1 52.1
5137 0.3 50 0 0 4937 0.4 0 0 0 150 58.5 51.6 51.6
5137 0.3 50 0 0 4937 0.4 0 0 0 180 58.0 49.7 49.7
5137 0.3 50 0 0 4937 0.4 10 0 0 0 58.2 50.5 50.5
5137 0.3 50 0 0 4937 0.4 10 0 0 30 58.4 50.9 50.9
5137 0.3 50 0 0 4937 0.4 10 0 0 60 58.5 51.3 51.3
5137 0.3 50 0 0 4937 0.4 10 0 0 90 58.6 51.6 51.6
5137 0.3 50 0 0 4937 0.4 10 0 0 120 58.6 51.6 51.6
5137 0.3 50 0 0 4937 0.4 10 0 0 150 58.4 51.0 51.0
5137 0.3 50 0 0 4937 0.4 10 0 0 180 58.0 49.3 49.3
5137 0.3 50 0 0 4937 0.4 20 0 0 0 58.0 48.3 48.3
5137 0.3 50 0 0 4937 0.4 20 0 0 30 58.2 48.8 48.8
5137 0.3 50 0 0 4937 0.4 20 0 0 60 58.3 49.2 49.2
5137 0.3 50 0 0 4937 0.4 20 0 0 90 58.4 49.6 49.6
5137 0.3 50 0 0 4937 0.4 20 0 0 120 58.4 49.6 49.6
5137 0.3 50 0 0 4937 0.4 20 0 0 150 58.2 49.0 49.0
5137 0.3 50 0 0 4937 0.4 20 0 0 180 57.8 47.3 47.3
5137 0.3 50 0 0 4937 0.4 30 0 0 0 57.6 47.0 47.0
5137 0.3 50 0 0 4937 0.4 30 0 0 30 57.8 47.4 47.4
5137 0.3 50 0 0 4937 0.4 30 0 0 60 57.9 47.9 47.9
5137 0.3 50 0 0 4937 0.4 30 0 0 90 58.1 48.4 48.4
5137 0.3 50 0 0 4937 0.4 30 0 0 120 58.1 48.6 48.6
5137 0.3 50 0 0 4937 0.4 30 0 0 150 57.8 48.1 48.1
5137 0.3 50 0 0 4937 0.4 30 0 0 180 57.4 46.5 46.5
5137 0.3 50 0 0 4937 0.4 40 0 0 0 57.0 46.6 46.6
5137 0.3 50 0 0 4937 0.4 40 0 0 30 57.3 47.0 47.0
5137 0.3 50 0 0 4937 0.4 40 0 0 60 57.4 47.4 47.4
5137 0.3 50 0 0 4937 0.4 40 0 0 90 57.5 48.0 48.0
5137 0.3 50 0 0 4937 0.4 40 0 0 120 57.5 48.7 48.7
5137 0.3 50 0 0 4937 0.4 40 0 0 150 57.3 48.4 48.4
5137 0.3 50 0 0 4937 0.4 40 0 0 180 56.8 46.9 46.9
5137 0.3 50 0 0 4937 0.4 50 0 0 0 56.1 46.4 46.4
5137 0.3 50 0 0 4937 0.4 50 0 0 30 56.3 46.8 46.8
5137 0.3 50 0 0 4937 0.4 50 0 0 60 56.5 47.4 47.4
5137 0.3 50 0 0 4937 0.4 50 0 0 90 56.7 48.0 48.0
5137 0.3 50 0 0 4937 0.4 50 0 0 120 56.7 48.8 48.8
5137 0.3 50 0 0 4937 0.4 50 0 0 150 56.4 49.1 49.1
5137 0.3 50 0 0 4937 0.4 50 0 0 180 55.9 47.7 47.7
5137 0.3 50 0 0 4937 0.4 60 0 0 0 54.1 46.9 46.9
5137 0.3 50 0 0 4937 0.4 60 0 0 30 54.4 47.2 47.2
5137 0.3 50 0 0 4937 0.4 60 0 0 60 54.6 47.6 47.6
5137 0.3 50 0 0 4937 0.4 60 0 0 90 54.8 48.3 48.3
5137 0.3 50 0 0 4937 0.4 60 0 0 120 54.7 49.2 49.2
5137 0.3 50 0 0 4937 0.4 60 0 0 150 54.6 49.9 49.9
5137 0.3 50 0 0 4937 0.4 60 0 0 180 54.7 49.0 49.0
5137 0.3 50 0 0 4937 0.5 0 0 0 0 57.7 50.1 50.1
5137 0.3 50 0 0 4937 0.5 0 0 0 30 57.9 50.5 50.5
5137 0.3 50 0 0 4937 0.5 0 0 0 60 58.0 50.9 50.9
5137 0.3 50 0 0 4937 0.5 0 0 0 90 58.1 51.3 51.3
5137 0.3 50 0 0 4937 0.5 0 0 0 120 58.1 51.4 51.4
5137 0.3 50 0 0 4937 0.5 0 0 0 150 57.8 50.7 50.7
5137 0.3 50 0 0 4937 0.5 0 0 0 180 57.2 48.2 48.2
5137 0.3 50 0 0 4937 0.5 10 0 0 0 57.6 49.3 49.3
5137 0.3 50 0 0 4937 0.5 10 0 0 30 57.8 49.6 49.6
5137 0.3 50 0 0 4937 0.5 10 0 0 60 57.9 50.0 50.0
5137 0.3 50 0 0 4937 0.5 10 0 0 90 58.0 50.5 50.5
5137 0.3 50 0 0 4937 0.5 10 0 0 120 58.1 50.6 50.6
5137 0.3 50 0 0 4937 0.5 10 0 0 150 57.8 49.9 49.9
5137 0.3 50 0 0 4937 0.5 10 0 0 180 57.1 47.5 47.5
5137 0.3 50 0 0 4937 0.5 20 0 0 0 57.4 47.7 47.7
5137 0.3 50 0 0 4937 0.5 20 0 0 30 57.5 48.1 48.1
5137 0.3 50 0 0 4937 0.5 20 0 0 60 57.7 48.5 48.5
5137 0.3 50 0 0 4937 0.5 20 0 0 90 57.8 49.1 49.1
5137 0.3 50 0 0 4937 0.5 20 0 0 120 57.9 49.4 49.4
5137 0.3 50 0 0 4937 0.5 20 0 0 150 57.6 48.8 48.8
5137 0.3 50 0 0 4937 0.5 20 0 0 180 56.9 46.4 46.4
5137 0.3 50 0 0 4937 0.5 30 0 0 0 57.0 46.7 46.7
5137 0.3 50 0 0 4937 0.5 30 0 0 30 57.2 47.1 47.1
5137 0.3 50 0 0 4937 0.5 30 0 0 60 57.3 47.6 47.6
5137 0.3 50 0 0 4937 0.5 30 0 0 90 57.4 48.2 48.2
5137 0.3 50 0 0 4937 0.5 30 0 0 120 57.5 48.8 48.8
5137 0.3 50 0 0 4937 0.5 30 0 0 150 57.2 48.4 48.4
5137 0.3 50 0 0 4937 0.5 30 0 0 180 56.5 46.2 46.2
5137 0.3 50 0 0 4937 0.5 40 0 0 0 56.4 46.3 46.3
5137 0.3 50 0 0 4937 0.5 40 0 0 30 56.5 46.7 46.7
5137 0.3 50 0 0 4937 0.5 40 0 0 60 56.7 47.1 47.1
5137 0.3 50 0 0 4937 0.5 40 0 0 90 56.8 47.7 47.7
5137 0.3 50 0 0 4937 0.5 40 0 0 120 57.0 48.4 48.4
5137 0.3 50 0 0 4937 0.5 40 0 0 150 56.6 48.6 48.6
5137 0.3 50 0 0 4937 0.5 40 0 0 180 55.9 46.6 46.6
5137 0.3 50 0 0 4937 0.5 50 0 0 0 55.3 46.1 46.1
5137 0.3 50 0 0 4937 0.5 50 0 0 30 55.5 46.5 46.5
5137 0.3 50 0 0 4937 0.5 50 0 0 60 55.7 46.9 46.9
5137 0.3 50 0 0 4937 0.5 50 0 0 90 55.9 47.4 47.4
5137 0.3 50 0 0 4937 0.5 50 0 0 120 56.0 48.3 48.3
5137 0.3 50 0 0 4937 0.5 50 0 0 150 55.7 49.0 49.0
5137 0.3 50 0 0 4937 0.5 50 0 0 180 55.1 47.3 47.3
5137 0.3 50 0 0 4937 0.5 60 0 0 0 53.3 46.4 46.4
5137 0.3 50 0 0 4937 0.5 60 0 0 30 53.5 46.6 46.6
5137 0.3 50 0 0 4937 0.5 60 0 0 60 53.8 46.9 46.9
5137 0.3 50 0 0 4937 0.5 60 0 0 90 54.0 47.5 47.5
5137 0.3 50 0 0 4937 0.5 60 0 0 120 54.1 48.3 48.3
5137 0.3 50 0 0 4937 0.5 60 0 0 150 53.9 49.2 49.2
5137 0.3 50 0 0 4937 0.5 60 0 0 180 53.7 48.3 48.3
5137 0.3 50 0 0 5137 0.0 0 0 0 0 44.9 43.3 43.3
5137 0.3 50 0 0 5137 0.0 0 0 0 30 48.5 47.4 47.4
5137 0.3 50 0 0 5137 0.0 0 0 0 60 56.3 52.8 52.8
5137 0.3 50 0 0 5137 0.0 0 0 0 90 64.0 58.4 58.4
5137 0.3 50 0 0 5137 0.0 0 0 0 120 69.8 63.6 63.6
5137 0.3 50 0 0 5137 0.0 0 0 0 150 73.5 63.9 63.9
5137 0.3 50 0 0 5137 0.0 0 0 0 180 75.0 62.2 62.2
5137 0.3 50 0 0 5137 0.0 10 0 0 0 44.8 41.9 41.9
5137 0.3 50 0 0 5137 0.0 10 0 0 30 48.4 46.2 46.2
5137 0.3 50 0 0 5137 0.0 10 0 0 60 56.2 51.8 51.8
5137 0.3 50 0 0 5137 0.0 10 0 0 90 63.9 57.7 57.7
5137 0.3 50 0 0 5137 0.0 10 0 0 120 69.8 63.2 63.2
5137 0.3 50 0 0 5137 0.0 10 0 0 150 73.4 64.0 64.0
5137 0.3 50 0 0 5137 0.0 10 0 0 180 74.9 62.8 62.8
5137 0.3 50 0 0 5137 0.0 20 0 0 0 44.7 40.1 40.1
5137 0.3 50 0 0 5137 0.0 20 0 0 30 48.1 44.2 44.2
5137 0.3 50 0 0 5137 0.0 20 0 0 60 55.9 50.0 50.0
5137 0.3 50 0 0 5137 0.0 20 0 0 90 63.7 56.2 56.2
5137 0.3 50 0 0 5137 0.0 20 0 0 120 69.6 61.5 61.5
5137 0.3 50 0 0 5137 0.0 20 0 0 150 73.2 62.9 62.9
5137 0.3 50 0 0 5137 0.0 20 0 0 180 74.7 62.6 62.6
5137 0.3 50 0 0 5137 0.0 30 0 0 0 44.4 36.7 36.7
5137 0.3 50 0 0 5137 0.0 30 0 0 30 47.7 40.2 40.2
5137 0.3 50 0 0 5137 0.0 30 0 0 60 55.6 46.3 46.3
5137 0.3 50 0 0 5137 0.0 30 0 0 90 63.4 52.7 52.7
5137 0.3 50 0 0 5137 0.0 30 0 0 120 69.3 57.7 57.7
5137 0.3 50 0 0 5137 0.0 30 0 0 150 72.8 59.7 59.7
5137 0.3 50 0 0 5137 0.0 30 0 0 180 74.2 59.8 59.8
5137 0.3 50 0 0 5137 0.0 40 0 0 0 44.0 36.4 36.4
5137 0.3 50 0 0 5137 0.0 40 0 0 30 47.0 39.3 39.3
5137 0.3 50 0 0 5137 0.0 40 0 0 60 55.0 45.6 45.6
5137 0.3 50 0 0 5137 0.0 40 0 0 90 62.9 52.0 52.0
5137 0.3 50 0 0 5137 0.0 40 0 0 120 68.8 56.9 56.9
5137 0.3 50 0 0 5137 0.0 40 0 0 150 72.1 59.4 59.4
5137 0.3 50 0 0 5137 0.0 40 0 0 180 73.5 59.7 59.7
5137 0.3 50 0 0 5137 0.0 50 0 0 0 43.4 36.9 36.9
5137 0.3 50 0 0 5137 0.0 50 0 0 30 46.2 39.6 39.6
5137 0.3 50 0 0 5137 0.0 50 0 0 60 54.3 45.9 45.9
5137 0.3 50 0 0 5137 0.0 50 0 0 90 62.2 52.2 52.2
5137 0.3 50 0 0 5137 0.0 50 0 0 120 67.9 57.2 57.2
5137 0.3 50 0 0 5137 0.0 50 0 0 150 71.0 60.0 60.0
5137 0.3 50 0 0 5137 0.0 50 0 0 180 72.4 60.6 60.6
5137 0.3 50 0 0 5137 0.0 60 0 0 0 42.6 37.7 37.7
5137 0.3 50 0 0 5137 0.0 60 0 0 30 45.2 40.5 40.5
5137 0.3 50 0 0 5137 0.0 60 0 0 60 53.2 46.6 46.6
5137 0.3 50 0 0 5137 0.0 60 0 0 90 60.9 53.1 53.1
5137 0.3 50 0 0 5137 0.0 60 0 0 120 66.3 58.2 58.2
5137 0.3 50 0 0 5137 0.0 60 0 0 150 69.2 61.4 61.4
5137 0.3 50 0 0 5137 0.0 60 0 0 180 70.5 62.4 62.4
5137 0.3 50 0 0 5137 0.1 0 0 0 0 43.0 42.6 42.6
5137 0.3 50 0 0 5137 0.1 0 0 0 30 46.6 45.5 45.5
5137 0.3 50 0 0 5137 0.1 0 0 0 60 53.6 50.3 50.3
5137 0.3 50 0 0 5137 0.1 0 0 0 90 61.2 55.8 55.8
5137 0.3 50 0 0 5137 0.1 0 0 0 120 67.4 61.9 61.9
5137 0.3 50 0 0 5137 0.1 0 0 0 150 72.0 63.6 63.6
5137 0.3 50 0 0 5137 0.1 0 0 0 180 74.2 61.2 61.2
5137 0.3 50 0 0 5137 0.1 10 0 0 0 42.9 40.8 40.8
5137 0.3 50 0 0 5137 0.1 10 0 0 30 46.5 44.3 44.3
5137 0.3 50 0 0 5137 0.1 10 0 0 60 53.5 49.3 49.3
5137 0.3 50 0 0 5137 0.1 10 0 0 90 61.1 55.1 55.1
5137 0.3 50 0 0 5137 0.1 10 0 0 120 67.3 61.3 61.3
5137 0.3 50 0 0 5137 0.1 10 0 0 150 71.9 63.8 63.8
5137 0.3 50 0 0 5137 0.1 10 0 0 180 74.2 61.8 61.8
5137 0.3 50 0 0 5137 0.1 20 0 0 0 42.7 38.5 38.5
5137 0.3 50 0 0 5137 0.1 20 0 0 30 46.3 42.3 42.3
5137 0.3 50 0 0 5137 0.1 20 0 0 60 53.3 47.5 47.5
5137 0.3 50 0 0 5137 0.1 20 0 0 90 60.9 53.4 53.4
5137 0.3 50 0 0 5137 0.1 20 0 0 120 67.2 59.4 59.4
5137 0.3 50 0 0 5137 0.1 20 0 0 150 71.7 62.4 62.4
5137 0.3 50 0 0 5137 0.1 20 0 0 180 74.0 61.7 61.7
5137 0.3 50 0 0 5137 0.1 30 0 0 0 42.3 34.7 34.7
5137 0.3 50 0 0 5137 0.1 30 0 0 30 45.8 38.3 38.3
5137 0.3 50 0 0 5137 0.1 30 0 0 60 52.9 43.7 43.7
5137 0.3 50 0 0 5137 0.1 30 0 0 90 60.5 49.9 49.9
5137 0.3 50 0 0 5137 0.1 30 0 0 120 66.9 55.5 55.5
5137 0.3 50 0 0 5137 0.1 30 0 0 150 71.3 58.9 58.9
5137 0.3 50 0 0 5137 0.1 30 0 0 180 73.6 59.6 59.6
5137 0.3 50 0 0 5137 0.1 40 0 0 0 41.9 34.5 34.5
5137 0.3 50 0 0 5137 0.1 40 0 0 30 45.2 37.4 37.4
5137 0.3 50 0 0 5137 0.1 40 0 0 60 52.4 43.0 43.0
5137 0.3 50 0 0 5137 0.1 40 0 0 90 60.1 49.1 49.1
5137 0.3 50 0 0 5137 0.1 40 0 0 120 66.4 54.6 54.6
5137 0.3 50 0 0 5137 0.1 40 0 0 150 70.6 58.2 58.2
5137 0.3 50 0 0 5137 0.1 40 0 0 180 73.0 59.5 59.5
5137 0.3 50 0 0 5137 0.1 50 0 0 0 41.2 34.9 34.9
5137 0.3 50 0 0 5137 0.1 50 0 0 30 44.5 37.5 37.5
5137 0.3 50 0 0 5137 0.1 50 0 0 60 51.7 43.0 43.0
5137 0.3 50 0 0 5137 0.1 50 0 0 90 59.3 49.1 49.1
5137 0.3 50 0 0 5137 0.1 50 0 0 120 65.5 54.6 54.6
5137 0.3 50 0 0 5137 0.1 50 0 0 150 69.5 58.6 58.6
5137 0.3 50 0 0 5137 0.1 50 0 0 180 71.9 60.4 60.4
5137 0.3 50 0 0 5137 0.1 60 0 0 0 40.3 35.7 35.7
5137 0.3 50 0 0 5137 0.1 60 0 0 30 43.4 38.4 38.4
5137 0.3 50 0 0 5137 0.1 60 0 0 60 50.6 43.6 43.6
5137 0.3 50 0 0 5137 0.1 60 0 0 90 58.1 49.8 49.8
5137 0.3 50 0 0 5137 0.1 60 0 0 120 64.0 55.5 55.5
5137 0.3 50 0 0 5137 0.1 60 0 0 150 67.7 59.7 59.7
5137 0.3 50 0 0 5137 0.1 60 0 0 180 70.1 62.1 62.1
5137 0.3 50 0 0 5137 0.2 0 0 0 0 41.5 42.4 42.4
5137 0.3 50 0 0 5137 0.2 0 0 0 30 45.2 44.0 44.0
5137 0.3 50 0 0 5137 0.2 0 0 0 60 51.2 47.8 47.8
5137 0.3 50 0 0 5137 0.2 0 0 0 90 58.3 53.0 53.0
5137 0.3 50 0 0 5137 0.2 0 0 0 120 64.8 59.5 59.5
5137 0.3 50 0 0 5137 0.2 0 0 0 150 70.2 63.0 63.0
5137 0.3 50 0 0 5137 0.2 0 0 0 180 73.0 60.1 60.1
5137 0.3 50 0 0 5137 0.2 10 0 0 0 41.4 40.3 40.3
5137 0.3 50 0 0 5137 0.2 10 0 0 30 45.1 42.5 42.5
5137 0.3 50 0 0 5137 0.2 10 0 0 60 51.1 46.8 46.8
5137 0.3 50 0 0 5137 0.2 10 0 0 90 58.2 52.2 52.2
5137 0.3 50 0 0 5137 0.2 10 0 0 120 64.7 58.8 58.8
5137 0.3 50 0 0 5137 0.2 10 0 0 150 70.2 62.7 62.7
5137 0.3 50 0 0 5137 0.2 10 0 0 180 72.9 60.7 60.7
5137 0.3 50 0 0 5137 0.2 20 0 0 0 41.1 37.5 37.5
5137 0.3 50 0 0 5137 0.2 20 0 0 30 44.8 40.4 40.4
5137 0.3 50 0 0 5137 0.2 20 0 0 60 50.9 44.9 44.9
5137 0.3 50 0 0 5137 0.2 20 0 0 90 57.9 50.5 50.5
5137 0.3 50 0 0 5137 0.2 20 0 0 120 64.5 56.8 56.8
5137 0.3 50 0 0 5137 0.2 20 0 0 150 69.9 61.1 61.1
5137 0.3 50 0 0 5137 0.2 20 0 0 180 72.7 60.6 60.6
5137 0.3 50 0 0 5137 0.2 30 0 0 0 40.5 33.3 33.3
5137 0.3 50 0 0 5137 0.2 30 0 0 30 44.4 36.7 36.7
5137 0.3 50 0 0 5137 0.2 30 0 0 60 50.5 41.4 41.4
5137 0.3 50 0 0 5137 0.2 30 0 0 90 57.6 47.0 47.0
5137 0.3 50 0 0 5137 0.2 30 0 0 120 64.2 53.1 53.1
5137 0.3 50 0 0 5137 0.2 30 0 0 150 69.5 57.5 57.5
5137 0.3 50 0 0 5137 0.2 30 0 0 180 72.3 58.8 58.8
5137 0.3 50 0 0 5137 0.2 40 0 0 0 39.8 32.5 32.5
5137 0.3 50 0 0 5137 0.2 40 0 0 30 43.9 35.7 35.7
5137 0.3 50 0 0 5137 0.2 40 0 0 60 50.0 40.5 40.5
5137 0.3 50 0 0 5137 0.2 40 0 0 90 57.1 46.0 46.0
5137 0.3 50 0 0 5137 0.2 40 0 0 120 63.7 52.0 52.0
5137 0.3 50 0 0 5137 0.2 40 0 0 150 68.8 56.8 56.8
5137 0.3 50 0 0 5137 0.2 40 0 0 180 71.6 59.2 59.2
5137 0.3 50 0 0 5137 0.2 50 0 0 0 39.0 33.0 33.0
5137 0.3 50 0 0 5137 0.2 50 0 0 30 43.2 35.7 35.7
5137 0.3 50 0 0 5137 0.2 50 0 0 60 49.2 40.5 40.5
5137 0.3 50 0 0 5137 0.2 50 0 0 90 56.3 46.0 46.0
5137 0.3 50 0 0 5137 0.2 50 0 0 120 62.9 52.0 52.0
5137 0.3 50 0 0 5137 0.2 50 0 0 150 67.8 57.0 57.0
5137 0.3 50 0 0 5137 0.2 50 0 0 180 70.6 60.3 60.3
5137 0.3 50 0 0 5137 0.2 60 0 0 0 38.2 33.9 33.9
5137 0.3 50 0 0 5137 0.2 60 0 0 30 42.1 36.4 36.4
5137 0.3 50 0 0 5137 0.2 60 0 0 60 48.2 40.8 40.8
5137 0.3 50 0 0 5137 0.2 60 0 0 90 55.2 46.5 46.5
5137 0.3 50 0 0 5137 0.2 60 0 0 120 61.4 52.6 52.6
5137 0.3 50 0 0 5137 0.2 60 0 0 150 66.0 57.9 57.9
5137 0.3 50 0 0 5137 0.2 60 0 0 180 68.7 61.7 61.7
5137 0.3 50 0 0 5137 0.3 0 0 0 0 40.7 42.3 42.3
5137 0.3 50 0 0 5137 0.3 0 0 0 30 44.0 43.3 43.3
5137 0.3 50 0 0 5137 0.3 0 0 0 60 49.0 45.5 45.5
5137 0.3 50 0 0 5137 0.3 0 0 0 90 55.3 50.1 50.1
5137 0.3 50 0 0 5137 0.3 0 0 0 120 62.0 56.7 56.7
5137 0.3 50 0 0 5137 0.3 0 0 0 150 68.2 61.6 61.6
5137 0.3 50 0 0 5137 0.3 0 0 0 180 71.5 58.9 58.9
5137 0.3 50 0 0 5137 0.3 10 0 0 0 40.5 40.1 40.1
5137 0.3 50 0 0 5137 0.3 10 0 0 30 43.9 41.5 41.5
5137 0.3 50 0 0 5137 0.3 10 0 0 60 48.9 44.4 44.4
5137 0.3 50 0 0 5137 0.3 10 0 0 90 55.1 49.3 49.3
5137 0.3 50 0 0 5137 0.3 10 0 0 120 61.9 55.9 55.9
5137 0.3 50 0 0 5137 0.3 10 0 0 150 68.2 61.1 61.1
5137 0.3 50 0 0 5137 0.3 10 0 0 180 71.4 59.5 59.5
5137 0.3 50 0 0 5137 0.3 20 0 0 0 40.1 37.1 37.1
5137 0.3 50 0 0 5137 0.3 20 0 0 30 43.7 39.0 39.0
5137 0.3 50 0 0 5137 0.3 20 0 0 60 48.6 42.4 42.4
5137 0.3 50 0 0 5137 0.3 20 0 0 90 54.9 47.4 47.4
5137 0.3 50 0 0 5137 0.3 20 0 0 120 61.7 53.8 53.8
5137 0.3 50 0 0 5137 0.3 20 0 0 150 67.9 59.3 59.3
5137 0.3 50 0 0 5137 0.3 20 0 0 180 71.1 59.3 59.3
5137 0.3 50 0 0 5137 0.3 30 0 0 0 39.5 33.0 33.0
5137 0.3 50 0 0 5137 0.3 30 0 0 30 43.3 35.3 35.3
5137 0.3 50 0 0 5137 0.3 30 0 0 60 48.3 39.2 39.2
5137 0.3 50 0 0 5137 0.3 30 0 0 90 54.5 44.2 44.2
5137 0.3 50 0 0 5137 0.3 30 0 0 120 61.4 50.4 50.4
5137 0.3 50 0 0 5137 0.3 30 0 0 150 67.5 56.1 56.1
5137 0.3 50 0 0 5137 0.3 30 0 0 180 70.7 58.0 58.0
5137 0.3 50 0 0 5137 0.3 40 0 0 0 38.6 31.5 31.5
5137 0.3 50 0 0 5137 0.3 40 0 0 30 42.8 34.4 34.4
5137 0.3 50 0 0 5137 0.3 40 0 0 60 47.7 38.4 38.4
5137 0.3 50 0 0 5137 0.3 40 0 0 90 54.0 43.3 43.3
5137 0.3 50 0 0 5137 0.3 40 0 0 120 60.9 49.5 49.5
5137 0.3 50 0 0 5137 0.3 40 0 0 150 66.8 55.3 55.3
5137 0.3 50 0 0 5137 0.3 40 0 0 180 70.0 58.7 58.7
5137 0.3 50 0 0 5137 0.3 50 0 0 0 37.6 31.2 31.2
5137 0.3 50 0 0 5137 0.3 50 0 0 30 42.1 34.2 34.2
5137 0.3 50 0 0 5137 0.3 50 0 0 60 47.0 38.1 38.1
5137 0.3 50 0 0 5137 0.3 50 0 0 90 53.3 43.1 43.1
5137 0.3 50 0 0 5137 0.3 50 0 0 120 60.1 49.1 49.1
5137 0.3 50 0 0 5137 0.3 50 0 0 150 65.7 55.2 55.2
5137 0.3 50 0 0 5137 0.3 50 0 0 180 68.9 59.6 59.6
5137 0.3 50 0 0 5137 0.3 60 0 0 0 37.2 32.4 32.4
5137 0.3 50 0 0 5137 0.3 60 0 0 30 40.9 34.6 34.6
5137 0.3 50 0 0 5137 0.3 60 0 0 60 45.9 38.3 38.3
5137 0.3 50 0 0 5137 0.3 60 0 0 90 52.2 43.2 43.2
5137 0.3 50 0 0 5137 0.3 60 0 0 120 58.6 49.5 49.5
5137 0.3 50 0 0 5137 0.3 60 0 0 150 63.9 55.9 55.9
5137 0.3 50 0 0 5137 0.3 60 0 0 180 66.9 60.8 60.8
5137 0.3 50 0 0 5137 0.4 0 0 0 0 41.1 42.1 42.1
5137 0.3 50 0 0 5137 0.4 0 0 0 30 43.3 43.0 43.0
5137 0.3 50 0 0 5137 0.4 0 0 0 60 47.0 44.5 44.5
5137 0.3 50 0 0 5137 0.4 0 0 0 90 52.3 47.2 47.2
5137 0.3 50 0 0 5137 0.4 0 0 0 120 59.0 53.5 53.5
5137 0.3 50 0 0 5137 0.4 0 0 0 150 65.9 59.6 59.6
5137 0.3 50 0 0 5137 0.4 0 0 0 180 69.8 57.6 57.6
5137 0.3 50 0 0 5137 0.4 10 0 0 0 40.9 40.0 40.0
5137 0.3 50 0 0 5137 0.4 10 0 0 30 43.2 41.1 41.1
5137 0.3 50 0 0 5137 0.4 10 0 0 60 46.9 42.9 42.9
5137 0.3 50 0 0 5137 0.4 10 0 0 90 52.2 46.2 46.2
5137 0.3 50 0 0 5137 0.4 10 0 0 120 59.0 52.6 52.6
5137 0.3 50 0 0 5137 0.4 10 0 0 150 65.9 59.0 59.0
5137 0.3 50 0 0 5137 0.4 10 0 0 180 69.7 58.2 58.2
5137 0.3 50 0 0 5137 0.4 20 0 0 0 40.7 36.6 36.6
5137 0.3 50 0 0 5137 0.4 20 0 0 30 42.9 38.0 38.0
5137 0.3 50 0 0 5137 0.4 20 0 0 60 46.6 40.0 40.0
5137 0.3 50 0 0 5137 0.4 20 0 0 90 52.0 43.9 43.9
5137 0.3 50 0 0 5137 0.4 20 0 0 120 58.8 50.1 50.1
5137 0.3 50 0 0 5137 0.4 20 0 0 150 65.7 56.7 56.7
5137 0.3 50 0 0 5137 0.4 20 0 0 180 69.4 57.5 57.5
5137 0.3 50 0 0 5137 0.4 30 0 0 0 40.2 33.5 33.5
5137 0.3 50 0 0 5137 0.4 30 0 0 30 42.4 35.1 35.1
5137 0.3 50 0 0 5137 0.4 30 0 0 60 46.3 37.5 37.5
5137 0.3 50 0 0 5137 0.4 30 0 0 90 51.6 41.6 41.6
5137 0.3 50 0 0 5137 0.4 30 0 0 120 58.4 47.7 47.7
5137 0.3 50 0 0 5137 0.4 30 0 0 150 65.2 54.4 54.4
5137 0.3 50 0 0 5137 0.4 30 0 0 180 68.9 57.1 57.1
5137 0.3 50 0 0 5137 0.4 40 0 0 0 39.7 32.2 32.2
5137 0.3 50 0 0 5137 0.4 40 0 0 30 41.8 33.7 33.7
5137 0.3 50 0 0 5137 0.4 40 0 0 60 45.7 36.5 36.5
5137 0.3 50 0 0 5137 0.4 40 0 0 90 51.0 40.7 40.7
5137 0.3 50 0 0 5137 0.4 40 0 0 120 57.9 46.6 46.6
5137 0.3 50 0 0 5137 0.4 40 0 0 150 64.5 53.6 53.6
5137 0.3 50 0 0 5137 0.4 40 0 0 180 68.1 57.7 57.7
5137 0.3 50 0 0 5137 0.4 50 0 0 0 39.1 31.8 31.8
5137 0.3 50 0 0 5137 0.4 50 0 0 30 41.0 32.9 32.9
5137 0.3 50 0 0 5137 0.4 50 0 0 60 45.0 36.0 36.0
5137 0.3 50 0 0 5137 0.4 50 0 0 90 50.3 40.2 40.2
5137 0.3 50 0 0 5137 0.4 50 0 0 120 57.1 46.3 46.3
5137 0.3 50 0 0 5137 0.4 50 0 0 150 63.4 53.3 53.3
5137 0.3 50 0 0 5137 0.4 50 0 0 180 66.9 58.5 58.5
5137 0.3 50 0 0 5137 0.4 60 0 0 0 38.8 32.5 32.5
5137 0.3 50 0 0 5137 0.4 60 0 0 30 40.5 33.3 33.3
5137 0.3 50 0 0 5137 0.4 60 0 0 60 43.9 36.0 36.0
5137 0.3 50 0 0 5137 0.4 60 0 0 90 49.1 40.2 40.2
5137 0.3 50 0 0 5137 0.4 60 0 0 120 55.5 46.3 46.3
5137 0.3 50 0 0 5137 0.4 60 0 0 150 61.4 53.6 53.6
5137 0.3 50 0 0 5137 0.4 60 0 0 180 64.8 59.6 59.6
5137 0.3 50 0 0 5137 0.5 0 0 0 0 42.4 42.0 42.0
5137 0.3 50 0 0 5137 0.5 0 0 0 30 43.4 42.8 42.8
5137 0.3 50 0 0 5137 0.5 0 0 0 60 45.5 44.0 44.0
5137 0.3 50 0 0 5137 0.5 0 0 0 90 49.5 45.8 45.8
5137 0.3 50 0 0 5137 0.5 0 0 0 120 55.9 49.9 49.9
5137 0.3 50 0 0 5137 0.5 0 0 0 150 63.4 57.1 57.1
5137 0.3 50 0 0 5137 0.5 0 0 0 180 67.9 56.0 56.0
5137 0.3 50 0 0 5137 0.5 10 0 0 0 42.3 39.9 39.9
5137 0.3 50 0 0 5137 0.5 10 0 0 30 43.3 40.8 40.8
5137 0.3 50 0 0 5137 0.5 10 0 0 60 45.3 42.1 42.1
5137 0.3 50 0 0 5137 0.5 10 0 0 90 49.4 44.2 44.2
5137 0.3 50 0 0 5137 0.5 10 0 0 120 55.8 48.9 48.9
5137 0.3 50 0 0 5137 0.5 10 0 0 150 63.3 56.3 56.3
5137 0.3 50 0 0 5137 0.5 10 0 0 180 67.8 56.5 56.5
5137 0.3 50 0 0 5137 0.5 20 0 0 0 42.1 37.0 37.0
5137 0.3 50 0 0 5137 0.5 20 0 0 30 43.1 38.0 38.0
5137 0.3 50 0 0 5137 0.5 20 0 0 60 45.0 39.3 39.3
5137 0.3 50 0 0 5137 0.5 20 0 0 90 49.2 41.6 41.6
5137 0.3 50 0 0 5137 0.5 20 0 0 120 55.6 46.5 46.5
5137 0.3 50 0 0 5137 0.5 20 0 0 150 63.1 54.1 54.1
5137 0.3 50 0 0 5137 0.5 20 0 0 180 67.5 55.8 55.8
5137 0.3 50 0 0 5137 0.5 30 0 0 0 41.9 35.1 35.1
5137 0.3 50 0 0 5137 0.5 30 0 0 30 42.7 35.8 35.8
5137 0.3 50 0 0 5137 0.5 30 0 0 60 44.6 37.2 37.2
5137 0.3 50 0 0 5137 0.5 30 0 0 90 48.8 39.6 39.6
5137 0.3 50 0 0 5137 0.5 30 0 0 120 55.2 44.8 44.8
5137 0.3 50 0 0 5137 0.5 30 0 0 150 62.6 52.6 52.6
5137 0.3 50 0 0 5137 0.5 30 0 0 180 67.0 56.0 56.0
5137 0.3 50 0 0 5137 0.5 40 0 0 0 41.6 33.9 33.9
5137 0.3 50 0 0 5137 0.5 40 0 0 30 42.3 34.4 34.4
5137 0.3 50 0 0 5137 0.5 40 0 0 60 44.0 35.8 35.8
5137 0.3 50 0 0 5137 0.5 40 0 0 90 48.2 38.4 38.4
5137 0.3 50 0 0 5137 0.5 40 0 0 120 54.7 43.9 43.9
5137 0.3 50 0 0 5137 0.5 40 0 0 150 61.8 51.7 51.7
5137 0.3 50 0 0 5137 0.5 40 0 0 180 66.1 56.6 56.6
5137 0.3 50 0 0 5137 0.5 50 0 0 0 41.3 33.5 33.5
5137 0.3 50 0 0 5137 0.5 50 0 0 30 41.9 33.6 33.6
5137 0.3 50 0 0 5137 0.5 50 0 0 60 43.3 34.7 34.7
5137 0.3 50 0 0 5137 0.5 50 0 0 90 47.4 37.7 37.7
5137 0.3 50 0 0 5137 0.5 50 0 0 120 53.8 43.3 43.3
5137 0.3 50 0 0 5137 0.5 50 0 0 150 60.7 51.3 51.3
5137 0.3 50 0 0 5137 0.5 50 0 0 180 64.8 57.4 57.4
5137 0.3 50 0 0 5137 0.5 60 0 0 0 41.2 33.7 33.7
5137 0.3 50 0 0 5137 0.5 60 0 0 30 41.7 33.7 33.7
5137 0.3 50 0 0 5137 0.5 60 0 0 60 43.1 34.5 34.5
5137 0.3 50 0 0 5137 0.5 60 0 0 90 46.5 37.4 37.4
5137 0.3 50 0 0 5137 0.5 60 0 0 120 52.0 43.0 43.0
5137 0.3 50 0 0 5137 0.5 60 0 0 150 58.5 51.2 51.2
5137 0.3 50 0 0 5137 0.5 60 0 0 180 62.3 58.2 58.2
