5137 0 60 0 0 4737 0 0 0 0 0 59 54 54
5137 0 60 0 0 4737 0 0 0 0 30 59 54 54
5137 0 60 0 0 4737 0 0 0 0 60 59 54 54
5137 0 60 0 0 4737 0 0 0 0 90 59 54 54
5137 0 60 0 0 4737 0 0 0 0 120 59 54 54
5137 0 60 0 0 4737 0 0 0 0 150 59 54 54
5137 0 60 0 0 4737 0 0 0 0 180 59 54 54
5137 0 60 0 0 4737 0 10 0 0 0 59 54 54
5137 0 60 0 0 4737 0 10 0 0 30 59 54 54
5137 0 60 0 0 4737 0 10 0 0 60 59 54 54
5137 0 60 0 0 4737 0 10 0 0 90 59 54 54
5137 0 60 0 0 4737 0 10 0 0 120 59 54 54
5137 0 60 0 0 4737 0 10 0 0 150 59 54 54
5137 0 60 0 0 4737 0 10 0 0 180 59 54 54
5137 0 60 0 0 4737 0 20 0 0 0 59 52 52
5137 0 60 0 0 4737 0 20 0 0 30 59 52 52
5137 0 60 0 0 4737 0 20 0 0 60 59 53 53
5137 0 60 0 0 4737 0 20 0 0 90 59 53 53
5137 0 60 0 0 4737 0 20 0 0 120 59 53 53
5137 0 60 0 0 4737 0 20 0 0 150 59 53 53
5137 0 60 0 0 4737 0 20 0 0 180 59 53 53
5137 0 60 0 0 4737 0 30 0 0 0 58 50 50
5137 0 60 0 0 4737 0 30 0 0 30 58 50 50
5137 0 60 0 0 4737 0 30 0 0 60 58 50 50
5137 0 60 0 0 4737 0 30 0 0 90 58 50 50
5137 0 60 0 0 4737 0 30 0 0 120 58 51 51
5137 0 60 0 0 4737 0 30 0 0 150 58 51 51
5137 0 60 0 0 4737 0 30 0 0 180 58 51 51
5137 0 60 0 0 4737 0 40 0 0 0 58 49 49
5137 0 60 0 0 4737 0 40 0 0 30 58 50 50
5137 0 60 0 0 4737 0 40 0 0 60 58 50 50
5137 0 60 0 0 4737 0 40 0 0 90 58 50 50
5137 0 60 0 0 4737 0 40 0 0 120 58 51 51
5137 0 60 0 0 4737 0 40 0 0 150 58 51 51
5137 0 60 0 0 4737 0 40 0 0 180 58 51 51
5137 0 60 0 0 4737 0 50 0 0 0 57 50 50
5137 0 60 0 0 4737 0 50 0 0 30 57 50 50
5137 0 60 0 0 4737 0 50 0 0 60 57 50 50
5137 0 60 0 0 4737 0 50 0 0 90 57 51 51
5137 0 60 0 0 4737 0 50 0 0 120 57 51 51
5137 0 60 0 0 4737 0 50 0 0 150 57 51 51
5137 0 60 0 0 4737 0 50 0 0 180 57 51 51
5137 0 60 0 0 4737 0 60 0 0 0 55 52 52
5137 0 60 0 0 4737 0 60 0 0 30 55 52 52
5137 0 60 0 0 4737 0 60 0 0 60 55 52 52
5137 0 60 0 0 4737 0 60 0 0 90 55 52 52
5137 0 60 0 0 4737 0 60 0 0 120 55 52 52
5137 0 60 0 0 4737 0 60 0 0 150 55 52 52
5137 0 60 0 0 4737 0 60 0 0 180 55 52 52
5137 0 60 0 0 4737 0 0 0 0 0 58 53 53
5137 0 60 0 0 4737 0 0 0 0 30 58 53 53
5137 0 60 0 0 4737 0 0 0 0 60 58 53 53
5137 0 60 0 0 4737 0 0 0 0 90 58 53 53
5137 0 60 0 0 4737 0 0 0 0 120 58 53 53
5137 0 60 0 0 4737 0 0 0 0 150 58 53 53
5137 0 60 0 0 4737 0 0 0 0 180 58 53 53
5137 0 60 0 0 4737 0 10 0 0 0 58 53 53
5137 0 60 0 0 4737 0 10 0 0 30 58 53 53
5137 0 60 0 0 4737 0 10 0 0 60 58 53 53
5137 0 60 0 0 4737 0 10 0 0 90 58 53 53
5137 0 60 0 0 4737 0 10 0 0 120 58 53 53
5137 0 60 0 0 4737 0 10 0 0 150 58 53 53
5137 0 60 0 0 4737 0 10 0 0 180 58 53 53
5137 0 60 0 0 4737 0 20 0 0 0 57 51 51
5137 0 60 0 0 4737 0 20 0 0 30 58 51 51
5137 0 60 0 0 4737 0 20 0 0 60 58 51 51
5137 0 60 0 0 4737 0 20 0 0 90 58 51 51
5137 0 60 0 0 4737 0 20 0 0 120 58 52 52
5137 0 60 0 0 4737 0 20 0 0 150 57 52 52
5137 0 60 0 0 4737 0 20 0 0 180 57 52 52
5137 0 60 0 0 4737 0 30 0 0 0 57 48 48
5137 0 60 0 0 4737 0 30 0 0 30 57 48 48
5137 0 60 0 0 4737 0 30 0 0 60 57 49 49
5137 0 60 0 0 4737 0 30 0 0 90 57 49 49
5137 0 60 0 0 4737 0 30 0 0 120 57 49 49
5137 0 60 0 0 4737 0 30 0 0 150 57 50 50
5137 0 60 0 0 4737 0 30 0 0 180 57 50 50
5137 0 60 0 0 4737 0 40 0 0 0 56 48 48
5137 0 60 0 0 4737 0 40 0 0 30 56 49 49
5137 0 60 0 0 4737 0 40 0 0 60 57 49 49
5137 0 60 0 0 4737 0 40 0 0 90 57 49 49
5137 0 60 0 0 4737 0 40 0 0 120 57 49 49
5137 0 60 0 0 4737 0 40 0 0 150 56 50 50
5137 0 60 0 0 4737 0 40 0 0 180 56 50 50
5137 0 60 0 0 4737 0 50 0 0 0 55 49 49
5137 0 60 0 0 4737 0 50 0 0 30 56 49 49
5137 0 60 0 0 4737 0 50 0 0 60 55 49 49
5137 0 60 0 0 4737 0 50 0 0 90 56 50 50
5137 0 60 0 0 4737 0 50 0 0 120 55 50 50
5137 0 60 0 0 4737 0 50 0 0 150 55 50 50
5137 0 60 0 0 4737 0 50 0 0 180 55 50 50
5137 0 60 0 0 4737 0 60 0 0 0 54 51 51
5137 0 60 0 0 4737 0 60 0 0 30 54 51 51
5137 0 60 0 0 4737 0 60 0 0 60 54 51 51
5137 0 60 0 0 4737 0 60 0 0 90 54 51 51
5137 0 60 0 0 4737 0 60 0 0 120 54 51 51
5137 0 60 0 0 4737 0 60 0 0 150 54 51 51
5137 0 60 0 0 4737 0 60 0 0 180 54 51 51
5137 0 60 0 0 4737 0 0 0 0 0 57 52 52
5137 0 60 0 0 4737 0 0 0 0 30 57 52 52
5137 0 60 0 0 4737 0 0 0 0 60 57 52 52
5137 0 60 0 0 4737 0 0 0 0 90 57 52 52
5137 0 60 0 0 4737 0 0 0 0 120 57 52 52
5137 0 60 0 0 4737 0 0 0 0 150 57 52 52
5137 0 60 0 0 4737 0 0 0 0 180 57 52 52
5137 0 60 0 0 4737 0 10 0 0 0 56 51 51
5137 0 60 0 0 4737 0 10 0 0 30 57 51 51
5137 0 60 0 0 4737 0 10 0 0 60 57 51 51
5137 0 60 0 0 4737 0 10 0 0 90 57 51 51
5137 0 60 0 0 4737 0 10 0 0 120 57 52 52
5137 0 60 0 0 4737 0 10 0 0 150 57 52 52
5137 0 60 0 0 4737 0 10 0 0 180 56 52 52
5137 0 60 0 0 4737 0 20 0 0 0 56 50 50
5137 0 60 0 0 4737 0 20 0 0 30 56 50 50
5137 0 60 0 0 4737 0 20 0 0 60 56 50 50
5137 0 60 0 0 4737 0 20 0 0 90 56 50 50
5137 0 60 0 0 4737 0 20 0 0 120 56 50 50
5137 0 60 0 0 4737 0 20 0 0 150 56 50 50
5137 0 60 0 0 4737 0 20 0 0 180 56 50 50
5137 0 60 0 0 4737 0 30 0 0 0 56 47 47
5137 0 60 0 0 4737 0 30 0 0 30 56 48 48
5137 0 60 0 0 4737 0 30 0 0 60 56 47 47
5137 0 60 0 0 4737 0 30 0 0 90 56 48 48
5137 0 60 0 0 4737 0 30 0 0 120 56 48 48
5137 0 60 0 0 4737 0 30 0 0 150 56 48 48
5137 0 60 0 0 4737 0 30 0 0 180 56 49 49
5137 0 60 0 0 4737 0 40 0 0 0 55 48 48
5137 0 60 0 0 4737 0 40 0 0 30 55 48 48
5137 0 60 0 0 4737 0 40 0 0 60 55 48 48
5137 0 60 0 0 4737 0 40 0 0 90 55 48 48
5137 0 60 0 0 4737 0 40 0 0 120 55 48 48
5137 0 60 0 0 4737 0 40 0 0 150 55 49 49
5137 0 60 0 0 4737 0 40 0 0 180 55 49 49
5137 0 60 0 0 4737 0 50 0 0 0 54 48 48
5137 0 60 0 0 4737 0 50 0 0 30 54 48 48
5137 0 60 0 0 4737 0 50 0 0 60 54 48 48
5137 0 60 0 0 4737 0 50 0 0 90 54 48 48
5137 0 60 0 0 4737 0 50 0 0 120 54 49 49
5137 0 60 0 0 4737 0 50 0 0 150 54 49 49
5137 0 60 0 0 4737 0 50 0 0 180 54 49 49
5137 0 60 0 0 4737 0 60 0 0 0 52 50 50
5137 0 60 0 0 4737 0 60 0 0 30 52 50 50
5137 0 60 0 0 4737 0 60 0 0 60 52 50 50
5137 0 60 0 0 4737 0 60 0 0 90 52 50 50
5137 0 60 0 0 4737 0 60 0 0 120 52 50 50
5137 0 60 0 0 4737 0 60 0 0 150 52 50 50
5137 0 60 0 0 4737 0 60 0 0 180 52 50 50
5137 0 60 0 0 4737 0 0 0 0 0 55 51 51
5137 0 60 0 0 4737 0 0 0 0 30 56 51 51
5137 0 60 0 0 4737 0 0 0 0 60 56 51 51
5137 0 60 0 0 4737 0 0 0 0 90 56 51 51
5137 0 60 0 0 4737 0 0 0 0 120 56 51 51
5137 0 60 0 0 4737 0 0 0 0 150 55 51 51
5137 0 60 0 0 4737 0 0 0 0 180 55 51 51
5137 0 60 0 0 4737 0 10 0 0 0 55 50 50
5137 0 60 0 0 4737 0 10 0 0 30 55 50 50
5137 0 60 0 0 4737 0 10 0 0 60 56 50 50
5137 0 60 0 0 4737 0 10 0 0 90 56 50 50
5137 0 60 0 0 4737 0 10 0 0 120 56 50 50
5137 0 60 0 0 4737 0 10 0 0 150 55 51 51
5137 0 60 0 0 4737 0 10 0 0 180 55 50 50
5137 0 60 0 0 4737 0 20 0 0 0 55 48 48
5137 0 60 0 0 4737 0 20 0 0 30 55 48 48
5137 0 60 0 0 4737 0 20 0 0 60 55 48 48
5137 0 60 0 0 4737 0 20 0 0 90 55 48 48
5137 0 60 0 0 4737 0 20 0 0 120 55 49 49
5137 0 60 0 0 4737 0 20 0 0 150 55 49 49
5137 0 60 0 0 4737 0 20 0 0 180 55 49 49
5137 0 60 0 0 4737 0 30 0 0 0 55 47 47
5137 0 60 0 0 4737 0 30 0 0 30 55 47 47
5137 0 60 0 0 4737 0 30 0 0 60 55 47 47
5137 0 60 0 0 4737 0 30 0 0 90 55 47 47
5137 0 60 0 0 4737 0 30 0 0 120 55 47 47
5137 0 60 0 0 4737 0 30 0 0 150 55 47 47
5137 0 60 0 0 4737 0 30 0 0 180 55 48 48
5137 0 60 0 0 4737 0 40 0 0 0 54 47 47
5137 0 60 0 0 4737 0 40 0 0 30 54 47 47
5137 0 60 0 0 4737 0 40 0 0 60 54 47 47
5137 0 60 0 0 4737 0 40 0 0 90 54 47 47
5137 0 60 0 0 4737 0 40 0 0 120 54 47 47
5137 0 60 0 0 4737 0 40 0 0 150 54 48 48
5137 0 60 0 0 4737 0 40 0 0 180 54 48 48
5137 0 60 0 0 4737 0 50 0 0 0 53 48 48
5137 0 60 0 0 4737 0 50 0 0 30 53 48 48
5137 0 60 0 0 4737 0 50 0 0 60 53 48 48
5137 0 60 0 0 4737 0 50 0 0 90 53 48 48
5137 0 60 0 0 4737 0 50 0 0 120 53 48 48
5137 0 60 0 0 4737 0 50 0 0 150 53 48 48
5137 0 60 0 0 4737 0 50 0 0 180 53 48 48
5137 0 60 0 0 4737 0 60 0 0 0 51 49 49
5137 0 60 0 0 4737 0 60 0 0 30 51 49 49
5137 0 60 0 0 4737 0 60 0 0 60 51 49 49
5137 0 60 0 0 4737 0 60 0 0 90 51 49 49
5137 0 60 0 0 4737 0 60 0 0 120 51 49 49
5137 0 60 0 0 4737 0 60 0 0 150 51 49 49
5137 0 60 0 0 4737 0 60 0 0 180 51 49 49
5137 0 60 0 0 4737 0 0 0 0 0 54 49 49
5137 0 60 0 0 4737 0 0 0 0 30 54 49 49
5137 0 60 0 0 4737 0 0 0 0 60 54 49 49
5137 0 60 0 0 4737 0 0 0 0 90 55 49 49
5137 0 60 0 0 4737 0 0 0 0 120 54 49 49
5137 0 60 0 0 4737 0 0 0 0 150 54 50 50
5137 0 60 0 0 4737 0 0 0 0 180 54 49 49
5137 0 60 0 0 4737 0 10 0 0 0 54 49 49
5137 0 60 0 0 4737 0 10 0 0 30 54 49 49
5137 0 60 0 0 4737 0 10 0 0 60 54 49 49
5137 0 60 0 0 4737 0 10 0 0 90 54 49 49
5137 0 60 0 0 4737 0 10 0 0 120 54 49 49
5137 0 60 0 0 4737 0 10 0 0 150 54 49 49
5137 0 60 0 0 4737 0 10 0 0 180 54 49 49
5137 0 60 0 0 4737 0 20 0 0 0 54 47 47
5137 0 60 0 0 4737 0 20 0 0 30 54 47 47
5137 0 60 0 0 4737 0 20 0 0 60 54 47 47
5137 0 60 0 0 4737 0 20 0 0 90 54 47 47
5137 0 60 0 0 4737 0 20 0 0 120 54 47 47
5137 0 60 0 0 4737 0 20 0 0 150 54 47 47
5137 0 60 0 0 4737 0 20 0 0 180 54 47 47
5137 0 60 0 0 4737 0 30 0 0 0 53 46 46
5137 0 60 0 0 4737 0 30 0 0 30 53 46 46
5137 0 60 0 0 4737 0 30 0 0 60 54 46 46
5137 0 60 0 0 4737 0 30 0 0 90 54 46 46
5137 0 60 0 0 4737 0 30 0 0 120 54 46 46
5137 0 60 0 0 4737 0 30 0 0 150 53 46 46
5137 0 60 0 0 4737 0 30 0 0 180 53 47 47
5137 0 60 0 0 4737 0 40 0 0 0 53 46 46
5137 0 60 0 0 4737 0 40 0 0 30 53 46 46
5137 0 60 0 0 4737 0 40 0 0 60 53 46 46
5137 0 60 0 0 4737 0 40 0 0 90 53 46 46
5137 0 60 0 0 4737 0 40 0 0 120 53 46 46
5137 0 60 0 0 4737 0 40 0 0 150 53 47 47
5137 0 60 0 0 4737 0 40 0 0 180 53 47 47
5137 0 60 0 0 4737 0 50 0 0 0 51 47 47
5137 0 60 0 0 4737 0 50 0 0 30 52 47 47
5137 0 60 0 0 4737 0 50 0 0 60 52 47 47
5137 0 60 0 0 4737 0 50 0 0 90 52 47 47
5137 0 60 0 0 4737 0 50 0 0 120 52 47 47
5137 0 60 0 0 4737 0 50 0 0 150 51 47 47
5137 0 60 0 0 4737 0 50 0 0 180 51 47 47
5137 0 60 0 0 4737 0 60 0 0 0 49 48 48
5137 0 60 0 0 4737 0 60 0 0 30 49 48 48
5137 0 60 0 0 4737 0 60 0 0 60 49 48 48
5137 0 60 0 0 4737 0 60 0 0 90 49 48 48
5137 0 60 0 0 4737 0 60 0 0 120 49 48 48
5137 0 60 0 0 4737 0 60 0 0 150 49 48 48
5137 0 60 0 0 4737 0 60 0 0 180 49 48 48
5137 0 60 0 0 4737 0 0 0 0 0 53 48 48
5137 0 60 0 0 4737 0 0 0 0 30 53 48 48
5137 0 60 0 0 4737 0 0 0 0 60 53 48 48
5137 0 60 0 0 4737 0 0 0 0 90 53 48 48
5137 0 60 0 0 4737 0 0 0 0 120 53 48 48
5137 0 60 0 0 4737 0 0 0 0 150 53 48 48
5137 0 60 0 0 4737 0 0 0 0 180 53 48 48
5137 0 60 0 0 4737 0 10 0 0 0 53 47 47
5137 0 60 0 0 4737 0 10 0 0 30 53 47 47
5137 0 60 0 0 4737 0 10 0 0 60 53 47 47
5137 0 60 0 0 4737 0 10 0 0 90 53 47 47
5137 0 60 0 0 4737 0 10 0 0 120 53 47 47
5137 0 60 0 0 4737 0 10 0 0 150 53 47 47
5137 0 60 0 0 4737 0 10 0 0 180 53 47 47
5137 0 60 0 0 4737 0 20 0 0 0 53 46 46
5137 0 60 0 0 4737 0 20 0 0 30 53 46 46
5137 0 60 0 0 4737 0 20 0 0 60 53 46 46
5137 0 60 0 0 4737 0 20 0 0 90 53 46 46
5137 0 60 0 0 4737 0 20 0 0 120 53 46 46
5137 0 60 0 0 4737 0 20 0 0 150 53 46 46
5137 0 60 0 0 4737 0 20 0 0 180 53 46 46
5137 0 60 0 0 4737 0 30 0 0 0 52 46 46
5137 0 60 0 0 4737 0 30 0 0 30 52 46 46
5137 0 60 0 0 4737 0 30 0 0 60 52 46 46
5137 0 60 0 0 4737 0 30 0 0 90 52 45 45
5137 0 60 0 0 4737 0 30 0 0 120 52 46 46
5137 0 60 0 0 4737 0 30 0 0 150 52 46 46
5137 0 60 0 0 4737 0 30 0 0 180 52 46 46
5137 0 60 0 0 4737 0 40 0 0 0 51 46 46
5137 0 60 0 0 4737 0 40 0 0 30 51 46 46
5137 0 60 0 0 4737 0 40 0 0 60 52 46 46
5137 0 60 0 0 4737 0 40 0 0 90 52 46 46
5137 0 60 0 0 4737 0 40 0 0 120 51 46 46
5137 0 60 0 0 4737 0 40 0 0 150 51 46 46
5137 0 60 0 0 4737 0 40 0 0 180 51 46 46
5137 0 60 0 0 4737 0 50 0 0 0 50 46 46
5137 0 60 0 0 4737 0 50 0 0 30 50 46 46
5137 0 60 0 0 4737 0 50 0 0 60 50 46 46
5137 0 60 0 0 4737 0 50 0 0 90 50 46 46
5137 0 60 0 0 4737 0 50 0 0 120 50 46 46
5137 0 60 0 0 4737 0 50 0 0 150 50 47 47
5137 0 60 0 0 4737 0 50 0 0 180 50 47 47
5137 0 60 0 0 4737 0 60 0 0 0 48 47 47
5137 0 60 0 0 4737 0 60 0 0 30 48 47 47
5137 0 60 0 0 4737 0 60 0 0 60 48 47 47
5137 0 60 0 0 4737 0 60 0 0 90 48 47 47
5137 0 60 0 0 4737 0 60 0 0 120 48 47 47
5137 0 60 0 0 4737 0 60 0 0 150 48 47 47
5137 0 60 0 0 4737 0 60 0 0 180 47 47 47
5137 0 60 0 0 4937 0 0 0 0 0 59 56 56
5137 0 60 0 0 4937 0 0 0 0 30 59 56 56
5137 0 60 0 0 4937 0 0 0 0 60 59 57 57
5137 0 60 0 0 4937 0 0 0 0 90 60 56 56
5137 0 60 0 0 4937 0 0 0 0 120 60 56 56
5137 0 60 0 0 4937 0 0 0 0 150 60 55 55
5137 0 60 0 0 4937 0 0 0 0 180 60 54 54
5137 0 60 0 0 4937 0 10 0 0 0 59 55 55
5137 0 60 0 0 4937 0 10 0 0 30 59 56 56
5137 0 60 0 0 4937 0 10 0 0 60 59 56 56
5137 0 60 0 0 4937 0 10 0 0 90 60 56 56
5137 0 60 0 0 4937 0 10 0 0 120 60 55 55
5137 0 60 0 0 4937 0 10 0 0 150 60 55 55
5137 0 60 0 0 4937 0 10 0 0 180 60 54 54
5137 0 60 0 0 4937 0 20 0 0 0 59 54 54
5137 0 60 0 0 4937 0 20 0 0 30 59 55 55
5137 0 60 0 0 4937 0 20 0 0 60 59 55 55
5137 0 60 0 0 4937 0 20 0 0 90 59 55 55
5137 0 60 0 0 4937 0 20 0 0 120 59 54 54
5137 0 60 0 0 4937 0 20 0 0 150 59 54 54
5137 0 60 0 0 4937 0 20 0 0 180 59 53 53
5137 0 60 0 0 4937 0 30 0 0 0 58 51 51
5137 0 60 0 0 4937 0 30 0 0 30 58 51 51
5137 0 60 0 0 4937 0 30 0 0 60 59 52 52
5137 0 60 0 0 4937 0 30 0 0 90 59 52 52
5137 0 60 0 0 4937 0 30 0 0 120 59 51 51
5137 0 60 0 0 4937 0 30 0 0 150 59 51 51
5137 0 60 0 0 4937 0 30 0 0 180 59 51 51
5137 0 60 0 0 4937 0 40 0 0 0 58 51 51
5137 0 60 0 0 4937 0 40 0 0 30 58 51 51
5137 0 60 0 0 4937 0 40 0 0 60 58 51 51
5137 0 60 0 0 4937 0 40 0 0 90 58 52 52
5137 0 60 0 0 4937 0 40 0 0 120 58 51 51
5137 0 60 0 0 4937 0 40 0 0 150 58 51 51
5137 0 60 0 0 4937 0 40 0 0 180 58 51 51
5137 0 60 0 0 4937 0 50 0 0 0 57 51 51
5137 0 60 0 0 4937 0 50 0 0 30 57 52 52
5137 0 60 0 0 4937 0 50 0 0 60 57 52 52
5137 0 60 0 0 4937 0 50 0 0 90 57 52 52
5137 0 60 0 0 4937 0 50 0 0 120 57 52 52
5137 0 60 0 0 4937 0 50 0 0 150 58 52 52
5137 0 60 0 0 4937 0 50 0 0 180 58 51 51
5137 0 60 0 0 4937 0 60 0 0 0 55 52 52
5137 0 60 0 0 4937 0 60 0 0 30 56 52 52
5137 0 60 0 0 4937 0 60 0 0 60 56 53 53
5137 0 60 0 0 4937 0 60 0 0 90 56 54 54
5137 0 60 0 0 4937 0 60 0 0 120 56 54 54
5137 0 60 0 0 4937 0 60 0 0 150 56 54 54
5137 0 60 0 0 4937 0 60 0 0 180 56 53 53
5137 0 60 0 0 4937 0 0 0 0 0 58 55 55
5137 0 60 0 0 4937 0 0 0 0 30 58 55 55
5137 0 60 0 0 4937 0 0 0 0 60 58 55 55
5137 0 60 0 0 4937 0 0 0 0 90 58 55 55
5137 0 60 0 0 4937 0 0 0 0 120 59 55 55
5137 0 60 0 0 4937 0 0 0 0 150 59 54 54
5137 0 60 0 0 4937 0 0 0 0 180 58 53 53
5137 0 60 0 0 4937 0 10 0 0 0 58 54 54
5137 0 60 0 0 4937 0 10 0 0 30 58 55 55
5137 0 60 0 0 4937 0 10 0 0 60 58 55 55
5137 0 60 0 0 4937 0 10 0 0 90 58 55 55
5137 0 60 0 0 4937 0 10 0 0 120 58 55 55
5137 0 60 0 0 4937 0 10 0 0 150 58 54 54
5137 0 60 0 0 4937 0 10 0 0 180 58 53 53
5137 0 60 0 0 4937 0 20 0 0 0 57 53 53
5137 0 60 0 0 4937 0 20 0 0 30 58 53 53
5137 0 60 0 0 4937 0 20 0 0 60 58 54 54
5137 0 60 0 0 4937 0 20 0 0 90 58 54 54
5137 0 60 0 0 4937 0 20 0 0 120 58 53 53
5137 0 60 0 0 4937 0 20 0 0 150 58 53 53
5137 0 60 0 0 4937 0 20 0 0 180 58 52 52
5137 0 60 0 0 4937 0 30 0 0 0 57 50 50
5137 0 60 0 0 4937 0 30 0 0 30 57 50 50
5137 0 60 0 0 4937 0 30 0 0 60 58 51 51
5137 0 60 0 0 4937 0 30 0 0 90 58 51 51
5137 0 60 0 0 4937 0 30 0 0 120 58 50 50
5137 0 60 0 0 4937 0 30 0 0 150 58 50 50
5137 0 60 0 0 4937 0 30 0 0 180 58 49 49
5137 0 60 0 0 4937 0 40 0 0 0 56 50 50
5137 0 60 0 0 4937 0 40 0 0 30 57 50 50
5137 0 60 0 0 4937 0 40 0 0 60 57 51 51
5137 0 60 0 0 4937 0 40 0 0 90 57 51 51
5137 0 60 0 0 4937 0 40 0 0 120 57 51 51
5137 0 60 0 0 4937 0 40 0 0 150 57 50 50
5137 0 60 0 0 4937 0 40 0 0 180 57 49 49
5137 0 60 0 0 4937 0 50 0 0 0 56 50 50
5137 0 60 0 0 4937 0 50 0 0 30 56 50 50
5137 0 60 0 0 4937 0 50 0 0 60 56 51 51
5137 0 60 0 0 4937 0 50 0 0 90 56 52 52
5137 0 60 0 0 4937 0 50 0 0 120 56 52 52
5137 0 60 0 0 4937 0 50 0 0 150 56 51 51
5137 0 60 0 0 4937 0 50 0 0 180 56 50 50
5137 0 60 0 0 4937 0 60 0 0 0 54 51 51
5137 0 60 0 0 4937 0 60 0 0 30 54 51 51
5137 0 60 0 0 4937 0 60 0 0 60 54 52 52
5137 0 60 0 0 4937 0 60 0 0 90 54 53 53
5137 0 60 0 0 4937 0 60 0 0 120 54 53 53
5137 0 60 0 0 4937 0 60 0 0 150 55 53 53
5137 0 60 0 0 4937 0 60 0 0 180 55 52 52
5137 0 60 0 0 4937 0 0 0 0 0 57 53 53
5137 0 60 0 0 4937 0 0 0 0 30 57 54 54
5137 0 60 0 0 4937 0 0 0 0 60 57 54 54
5137 0 60 0 0 4937 0 0 0 0 90 57 54 54
5137 0 60 0 0 4937 0 0 0 0 120 57 54 54
5137 0 60 0 0 4937 0 0 0 0 150 57 53 53
5137 0 60 0 0 4937 0 0 0 0 180 57 52 52
5137 0 60 0 0 4937 0 10 0 0 0 57 53 53
5137 0 60 0 0 4937 0 10 0 0 30 57 54 54
5137 0 60 0 0 4937 0 10 0 0 60 57 54 54
5137 0 60 0 0 4937 0 10 0 0 90 57 54 54
5137 0 60 0 0 4937 0 10 0 0 120 57 54 54
5137 0 60 0 0 4937 0 10 0 0 150 57 53 53
5137 0 60 0 0 4937 0 10 0 0 180 57 52 52
5137 0 60 0 0 4937 0 20 0 0 0 56 52 52
5137 0 60 0 0 4937 0 20 0 0 30 57 52 52
5137 0 60 0 0 4937 0 20 0 0 60 57 53 53
5137 0 60 0 0 4937 0 20 0 0 90 57 53 53
5137 0 60 0 0 4937 0 20 0 0 120 57 52 52
5137 0 60 0 0 4937 0 20 0 0 150 57 52 52
5137 0 60 0 0 4937 0 20 0 0 180 57 50 50
5137 0 60 0 0 4937 0 30 0 0 0 56 49 49
5137 0 60 0 0 4937 0 30 0 0 30 56 49 49
5137 0 60 0 0 4937 0 30 0 0 60 56 50 50
5137 0 60 0 0 4937 0 30 0 0 90 56 50 50
5137 0 60 0 0 4937 0 30 0 0 120 57 50 50
5137 0 60 0 0 4937 0 30 0 0 150 56 49 49
5137 0 60 0 0 4937 0 30 0 0 180 57 48 48
5137 0 60 0 0 4937 0 40 0 0 0 55 49 49
5137 0 60 0 0 4937 0 40 0 0 30 55 49 49
5137 0 60 0 0 4937 0 40 0 0 60 56 50 50
5137 0 60 0 0 4937 0 40 0 0 90 56 50 50
5137 0 60 0 0 4937 0 40 0 0 120 56 50 50
5137 0 60 0 0 4937 0 40 0 0 150 56 50 50
5137 0 60 0 0 4937 0 40 0 0 180 56 49 49
5137 0 60 0 0 4937 0 50 0 0 0 54 49 49
5137 0 60 0 0 4937 0 50 0 0 30 55 49 49
5137 0 60 0 0 4937 0 50 0 0 60 55 50 50
5137 0 60 0 0 4937 0 50 0 0 90 55 51 51
5137 0 60 0 0 4937 0 50 0 0 120 55 51 51
5137 0 60 0 0 4937 0 50 0 0 150 55 51 51
5137 0 60 0 0 4937 0 50 0 0 180 55 50 50
5137 0 60 0 0 4937 0 60 0 0 0 53 49 49
5137 0 60 0 0 4937 0 60 0 0 30 53 50 50
5137 0 60 0 0 4937 0 60 0 0 60 53 51 51
5137 0 60 0 0 4937 0 60 0 0 90 53 51 51
5137 0 60 0 0 4937 0 60 0 0 120 53 52 52
5137 0 60 0 0 4937 0 60 0 0 150 53 52 52
5137 0 60 0 0 4937 0 60 0 0 180 53 51 51
5137 0 60 0 0 4937 0 0 0 0 0 56 52 52
5137 0 60 0 0 4937 0 0 0 0 30 56 53 53
5137 0 60 0 0 4937 0 0 0 0 60 56 53 53
5137 0 60 0 0 4937 0 0 0 0 90 56 53 53
5137 0 60 0 0 4937 0 0 0 0 120 56 53 53
5137 0 60 0 0 4937 0 0 0 0 150 56 52 52
5137 0 60 0 0 4937 0 0 0 0 180 56 51 51
5137 0 60 0 0 4937 0 10 0 0 0 55 52 52
5137 0 60 0 0 4937 0 10 0 0 30 56 52 52
5137 0 60 0 0 4937 0 10 0 0 60 56 53 53
5137 0 60 0 0 4937 0 10 0 0 90 56 53 53
5137 0 60 0 0 4937 0 10 0 0 120 56 53 53
5137 0 60 0 0 4937 0 10 0 0 150 56 52 52
5137 0 60 0 0 4937 0 10 0 0 180 56 50 50
5137 0 60 0 0 4937 0 20 0 0 0 55 50 50
5137 0 60 0 0 4937 0 20 0 0 30 55 51 51
5137 0 60 0 0 4937 0 20 0 0 60 55 51 51
5137 0 60 0 0 4937 0 20 0 0 90 56 52 52
5137 0 60 0 0 4937 0 20 0 0 120 56 51 51
5137 0 60 0 0 4937 0 20 0 0 150 56 51 51
5137 0 60 0 0 4937 0 20 0 0 180 56 49 49
5137 0 60 0 0 4937 0 30 0 0 0 55 48 48
5137 0 60 0 0 4937 0 30 0 0 30 55 49 49
5137 0 60 0 0 4937 0 30 0 0 60 55 49 49
5137 0 60 0 0 4937 0 30 0 0 90 55 49 49
5137 0 60 0 0 4937 0 30 0 0 120 55 49 49
5137 0 60 0 0 4937 0 30 0 0 150 55 49 49
5137 0 60 0 0 4937 0 30 0 0 180 55 47 47
5137 0 60 0 0 4937 0 40 0 0 0 54 48 48
5137 0 60 0 0 4937 0 40 0 0 30 54 48 48
5137 0 60 0 0 4937 0 40 0 0 60 54 49 49
5137 0 60 0 0 4937 0 40 0 0 90 54 49 49
5137 0 60 0 0 4937 0 40 0 0 120 54 50 50
5137 0 60 0 0 4937 0 40 0 0 150 54 49 49
5137 0 60 0 0 4937 0 40 0 0 180 55 48 48
5137 0 60 0 0 4937 0 50 0 0 0 53 48 48
5137 0 60 0 0 4937 0 50 0 0 30 53 48 48
5137 0 60 0 0 4937 0 50 0 0 60 53 49 49
5137 0 60 0 0 4937 0 50 0 0 90 53 50 50
5137 0 60 0 0 4937 0 50 0 0 120 53 50 50
5137 0 60 0 0 4937 0 50 0 0 150 53 50 50
5137 0 60 0 0 4937 0 50 0 0 180 54 49 49
5137 0 60 0 0 4937 0 60 0 0 0 51 48 48
5137 0 60 0 0 4937 0 60 0 0 30 52 49 49
5137 0 60 0 0 4937 0 60 0 0 60 52 49 49
5137 0 60 0 0 4937 0 60 0 0 90 52 50 50
5137 0 60 0 0 4937 0 60 0 0 120 52 51 51
5137 0 60 0 0 4937 0 60 0 0 150 52 51 51
5137 0 60 0 0 4937 0 60 0 0 180 52 50 50
5137 0 60 0 0 4937 0 0 0 0 0 54 51 51
5137 0 60 0 0 4937 0 0 0 0 30 55 52 52
5137 0 60 0 0 4937 0 0 0 0 60 55 52 52
5137 0 60 0 0 4937 0 0 0 0 90 55 52 52
5137 0 60 0 0 4937 0 0 0 0 120 55 52 52
5137 0 60 0 0 4937 0 0 0 0 150 55 51 51
5137 0 60 0 0 4937 0 0 0 0 180 55 49 49
5137 0 60 0 0 4937 0 10 0 0 0 54 51 51
5137 0 60 0 0 4937 0 10 0 0 30 54 51 51
5137 0 60 0 0 4937 0 10 0 0 60 55 52 52
5137 0 60 0 0 4937 0 10 0 0 90 55 52 52
5137 0 60 0 0 4937 0 10 0 0 120 55 52 52
5137 0 60 0 0 4937 0 10 0 0 150 55 51 51
5137 0 60 0 0 4937 0 10 0 0 180 55 49 49
5137 0 60 0 0 4937 0 20 0 0 0 54 49 49
5137 0 60 0 0 4937 0 20 0 0 30 54 49 49
5137 0 60 0 0 4937 0 20 0 0 60 54 49 49
5137 0 60 0 0 4937 0 20 0 0 90 54 50 50
5137 0 60 0 0 4937 0 20 0 0 120 54 50 50
5137 0 60 0 0 4937 0 20 0 0 150 54 49 49
5137 0 60 0 0 4937 0 20 0 0 180 55 47 47
5137 0 60 0 0 4937 0 30 0 0 0 54 47 47
5137 0 60 0 0 4937 0 30 0 0 30 54 48 48
5137 0 60 0 0 4937 0 30 0 0 60 54 48 48
5137 0 60 0 0 4937 0 30 0 0 90 54 49 49
5137 0 60 0 0 4937 0 30 0 0 120 54 49 49
5137 0 60 0 0 4937 0 30 0 0 150 54 48 48
5137 0 60 0 0 4937 0 30 0 0 180 54 46 46
5137 0 60 0 0 4937 0 40 0 0 0 53 47 47
5137 0 60 0 0 4937 0 40 0 0 30 53 47 47
5137 0 60 0 0 4937 0 40 0 0 60 53 48 48
5137 0 60 0 0 4937 0 40 0 0 90 53 48 48
5137 0 60 0 0 4937 0 40 0 0 120 53 49 49
5137 0 60 0 0 4937 0 40 0 0 150 53 49 49
5137 0 60 0 0 4937 0 40 0 0 180 53 47 47
5137 0 60 0 0 4937 0 50 0 0 0 52 47 47
5137 0 60 0 0 4937 0 50 0 0 30 52 47 47
5137 0 60 0 0 4937 0 50 0 0 60 52 48 48
5137 0 60 0 0 4937 0 50 0 0 90 52 49 49
5137 0 60 0 0 4937 0 50 0 0 120 52 49 49
5137 0 60 0 0 4937 0 50 0 0 150 52 49 49
5137 0 60 0 0 4937 0 50 0 0 180 52 48 48
5137 0 60 0 0 4937 0 60 0 0 0 50 47 47
5137 0 60 0 0 4937 0 60 0 0 30 50 48 48
5137 0 60 0 0 4937 0 60 0 0 60 50 48 48
5137 0 60 0 0 4937 0 60 0 0 90 50 49 49
5137 0 60 0 0 4937 0 60 0 0 120 50 50 50
5137 0 60 0 0 4937 0 60 0 0 150 50 50 50
5137 0 60 0 0 4937 0 60 0 0 180 50 49 49
5137 0 60 0 0 4937 0 0 0 0 0 53 50 50
5137 0 60 0 0 4937 0 0 0 0 30 53 50 50
5137 0 60 0 0 4937 0 0 0 0 60 53 51 51
5137 0 60 0 0 4937 0 0 0 0 90 54 51 51
5137 0 60 0 0 4937 0 0 0 0 120 54 51 51
5137 0 60 0 0 4937 0 0 0 0 150 53 50 50
5137 0 60 0 0 4937 0 0 0 0 180 54 47 47
5137 0 60 0 0 4937 0 10 0 0 0 53 49 49
5137 0 60 0 0 4937 0 10 0 0 30 53 49 49
5137 0 60 0 0 4937 0 10 0 0 60 53 50 50
5137 0 60 0 0 4937 0 10 0 0 90 53 50 50
5137 0 60 0 0 4937 0 10 0 0 120 53 50 50
5137 0 60 0 0 4937 0 10 0 0 150 53 49 49
5137 0 60 0 0 4937 0 10 0 0 180 54 47 47
5137 0 60 0 0 4937 0 20 0 0 0 53 48 48
5137 0 60 0 0 4937 0 20 0 0 30 53 48 48
5137 0 60 0 0 4937 0 20 0 0 60 53 48 48
5137 0 60 0 0 4937 0 20 0 0 90 53 49 49
5137 0 60 0 0 4937 0 20 0 0 120 53 49 49
5137 0 60 0 0 4937 0 20 0 0 150 53 48 48
5137 0 60 0 0 4937 0 20 0 0 180 53 46 46
5137 0 60 0 0 4937 0 30 0 0 0 52 47 47
5137 0 60 0 0 4937 0 30 0 0 30 53 47 47
5137 0 60 0 0 4937 0 30 0 0 60 53 48 48
5137 0 60 0 0 4937 0 30 0 0 90 53 48 48
5137 0 60 0 0 4937 0 30 0 0 120 53 49 49
5137 0 60 0 0 4937 0 30 0 0 150 53 48 48
5137 0 60 0 0 4937 0 30 0 0 180 53 46 46
5137 0 60 0 0 4937 0 40 0 0 0 52 46 46
5137 0 60 0 0 4937 0 40 0 0 30 52 47 47
5137 0 60 0 0 4937 0 40 0 0 60 52 47 47
5137 0 60 0 0 4937 0 40 0 0 90 52 48 48
5137 0 60 0 0 4937 0 40 0 0 120 52 48 48
5137 0 60 0 0 4937 0 40 0 0 150 52 49 49
5137 0 60 0 0 4937 0 40 0 0 180 52 47 47
5137 0 60 0 0 4937 0 50 0 0 0 51 46 46
5137 0 60 0 0 4937 0 50 0 0 30 51 47 47
5137 0 60 0 0 4937 0 50 0 0 60 51 47 47
5137 0 60 0 0 4937 0 50 0 0 90 51 48 48
5137 0 60 0 0 4937 0 50 0 0 120 51 48 48
5137 0 60 0 0 4937 0 50 0 0 150 51 49 49
5137 0 60 0 0 4937 0 50 0 0 180 51 47 47
5137 0 60 0 0 4937 0 60 0 0 0 48 46 46
5137 0 60 0 0 4937 0 60 0 0 30 49 47 47
5137 0 60 0 0 4937 0 60 0 0 60 49 47 47
5137 0 60 0 0 4937 0 60 0 0 90 49 48 48
5137 0 60 0 0 4937 0 60 0 0 120 49 48 48
5137 0 60 0 0 4937 0 60 0 0 150 48 49 49
5137 0 60 0 0 4937 0 60 0 0 180 49 48 48
5137 0 60 0 0 5137 0 0 0 0 0 50 47 47
5137 0 60 0 0 5137 0 0 0 0 30 51 50 50
5137 0 60 0 0 5137 0 0 0 0 60 54 56 56
5137 0 60 0 0 5137 0 0 0 0 90 60 61 61
5137 0 60 0 0 5137 0 0 0 0 120 65 64 64
5137 0 60 0 0 5137 0 0 0 0 150 69 64 64
5137 0 60 0 0 5137 0 0 0 0 180 70 61 61
5137 0 60 0 0 5137 0 10 0 0 0 49 46 46
5137 0 60 0 0 5137 0 10 0 0 30 51 49 49
5137 0 60 0 0 5137 0 10 0 0 60 54 55 55
5137 0 60 0 0 5137 0 10 0 0 90 60 60 60
5137 0 60 0 0 5137 0 10 0 0 120 65 64 64
5137 0 60 0 0 5137 0 10 0 0 150 69 64 64
5137 0 60 0 0 5137 0 10 0 0 180 70 62 62
5137 0 60 0 0 5137 0 20 0 0 0 49 44 44
5137 0 60 0 0 5137 0 20 0 0 30 51 47 47
5137 0 60 0 0 5137 0 20 0 0 60 54 53 53
5137 0 60 0 0 5137 0 20 0 0 90 60 59 59
5137 0 60 0 0 5137 0 20 0 0 120 65 62 62
5137 0 60 0 0 5137 0 20 0 0 150 68 63 63
5137 0 60 0 0 5137 0 20 0 0 180 69 62 62
5137 0 60 0 0 5137 0 30 0 0 0 49 41 41
5137 0 60 0 0 5137 0 30 0 0 30 50 43 43
5137 0 60 0 0 5137 0 30 0 0 60 54 49 49
5137 0 60 0 0 5137 0 30 0 0 90 59 55 55
5137 0 60 0 0 5137 0 30 0 0 120 65 58 58
5137 0 60 0 0 5137 0 30 0 0 150 68 60 60
5137 0 60 0 0 5137 0 30 0 0 180 69 61 61
5137 0 60 0 0 5137 0 40 0 0 0 49 41 41
5137 0 60 0 0 5137 0 40 0 0 30 50 43 43
5137 0 60 0 0 5137 0 40 0 0 60 53 48 48
5137 0 60 0 0 5137 0 40 0 0 90 59 54 54
5137 0 60 0 0 5137 0 40 0 0 120 64 57 57
5137 0 60 0 0 5137 0 40 0 0 150 67 60 60
5137 0 60 0 0 5137 0 40 0 0 180 69 61 61
5137 0 60 0 0 5137 0 50 0 0 0 48 41 41
5137 0 60 0 0 5137 0 50 0 0 30 49 43 43
5137 0 60 0 0 5137 0 50 0 0 60 52 48 48
5137 0 60 0 0 5137 0 50 0 0 90 58 54 54
5137 0 60 0 0 5137 0 50 0 0 120 63 57 57
5137 0 60 0 0 5137 0 50 0 0 150 66 60 60
5137 0 60 0 0 5137 0 50 0 0 180 68 62 62
5137 0 60 0 0 5137 0 60 0 0 0 47 42 42
5137 0 60 0 0 5137 0 60 0 0 30 48 44 44
5137 0 60 0 0 5137 0 60 0 0 60 51 49 49
5137 0 60 0 0 5137 0 60 0 0 90 57 54 54
5137 0 60 0 0 5137 0 60 0 0 120 61 58 58
5137 0 60 0 0 5137 0 60 0 0 150 65 62 62
5137 0 60 0 0 5137 0 60 0 0 180 66 64 64
5137 0 60 0 0 5137 0 0 0 0 0 48 45 45
5137 0 60 0 0 5137 0 0 0 0 30 49 48 48
5137 0 60 0 0 5137 0 0 0 0 60 52 53 53
5137 0 60 0 0 5137 0 0 0 0 90 57 58 58
5137 0 60 0 0 5137 0 0 0 0 120 63 63 63
5137 0 60 0 0 5137 0 0 0 0 150 67 63 63
5137 0 60 0 0 5137 0 0 0 0 180 68 60 60
5137 0 60 0 0 5137 0 10 0 0 0 48 44 44
5137 0 60 0 0 5137 0 10 0 0 30 49 47 47
5137 0 60 0 0 5137 0 10 0 0 60 52 52 52
5137 0 60 0 0 5137 0 10 0 0 90 57 58 58
5137 0 60 0 0 5137 0 10 0 0 120 63 62 62
5137 0 60 0 0 5137 0 10 0 0 150 67 63 63
5137 0 60 0 0 5137 0 10 0 0 180 68 61 61
5137 0 60 0 0 5137 0 20 0 0 0 47 42 42
5137 0 60 0 0 5137 0 20 0 0 30 49 45 45
5137 0 60 0 0 5137 0 20 0 0 60 52 50 50
5137 0 60 0 0 5137 0 20 0 0 90 57 56 56
5137 0 60 0 0 5137 0 20 0 0 120 62 60 60
5137 0 60 0 0 5137 0 20 0 0 150 67 62 62
5137 0 60 0 0 5137 0 20 0 0 180 68 61 61
5137 0 60 0 0 5137 0 30 0 0 0 47 39 39
5137 0 60 0 0 5137 0 30 0 0 30 48 41 41
5137 0 60 0 0 5137 0 30 0 0 60 51 46 46
5137 0 60 0 0 5137 0 30 0 0 90 57 52 52
5137 0 60 0 0 5137 0 30 0 0 120 62 56 56
5137 0 60 0 0 5137 0 30 0 0 150 66 59 59
5137 0 60 0 0 5137 0 30 0 0 180 68 60 60
5137 0 60 0 0 5137 0 40 0 0 0 46 39 39
5137 0 60 0 0 5137 0 40 0 0 30 47 41 41
5137 0 60 0 0 5137 0 40 0 0 60 51 45 45
5137 0 60 0 0 5137 0 40 0 0 90 56 51 51
5137 0 60 0 0 5137 0 40 0 0 120 62 55 55
5137 0 60 0 0 5137 0 40 0 0 150 66 58 58
5137 0 60 0 0 5137 0 40 0 0 180 67 60 60
5137 0 60 0 0 5137 0 50 0 0 0 46 39 39
5137 0 60 0 0 5137 0 50 0 0 30 47 41 41
5137 0 60 0 0 5137 0 50 0 0 60 50 45 45
5137 0 60 0 0 5137 0 50 0 0 90 56 51 51
5137 0 60 0 0 5137 0 50 0 0 120 61 55 55
5137 0 60 0 0 5137 0 50 0 0 150 65 59 59
5137 0 60 0 0 5137 0 50 0 0 180 66 61 61
5137 0 60 0 0 5137 0 60 0 0 0 44 40 40
5137 0 60 0 0 5137 0 60 0 0 30 45 42 42
5137 0 60 0 0 5137 0 60 0 0 60 48 46 46
5137 0 60 0 0 5137 0 60 0 0 90 54 51 51
5137 0 60 0 0 5137 0 60 0 0 120 59 56 56
5137 0 60 0 0 5137 0 60 0 0 150 63 60 60
5137 0 60 0 0 5137 0 60 0 0 180 64 63 63
5137 0 60 0 0 5137 0 0 0 0 0 46 44 44
5137 0 60 0 0 5137 0 0 0 0 30 47 47 47
5137 0 60 0 0 5137 0 0 0 0 60 50 51 51
5137 0 60 0 0 5137 0 0 0 0 90 55 56 56
5137 0 60 0 0 5137 0 0 0 0 120 60 60 60
5137 0 60 0 0 5137 0 0 0 0 150 65 62 62
5137 0 60 0 0 5137 0 0 0 0 180 67 59 59
5137 0 60 0 0 5137 0 10 0 0 0 46 43 43
5137 0 60 0 0 5137 0 10 0 0 30 47 45 45
5137 0 60 0 0 5137 0 10 0 0 60 50 49 49
5137 0 60 0 0 5137 0 10 0 0 90 55 55 55
5137 0 60 0 0 5137 0 10 0 0 120 60 60 60
5137 0 60 0 0 5137 0 10 0 0 150 65 61 61
5137 0 60 0 0 5137 0 10 0 0 180 66 60 60
5137 0 60 0 0 5137 0 20 0 0 0 45 41 41
5137 0 60 0 0 5137 0 20 0 0 30 47 43 43
5137 0 60 0 0 5137 0 20 0 0 60 50 47 47
5137 0 60 0 0 5137 0 20 0 0 90 54 53 53
5137 0 60 0 0 5137 0 20 0 0 120 60 58 58
5137 0 60 0 0 5137 0 20 0 0 150 65 60 60
5137 0 60 0 0 5137 0 20 0 0 180 66 60 60
5137 0 60 0 0 5137 0 30 0 0 0 45 37 37
5137 0 60 0 0 5137 0 30 0 0 30 46 39 39
5137 0 60 0 0 5137 0 30 0 0 60 49 44 44
5137 0 60 0 0 5137 0 30 0 0 90 54 49 49
5137 0 60 0 0 5137 0 30 0 0 120 60 54 54
5137 0 60 0 0 5137 0 30 0 0 150 64 58 58
5137 0 60 0 0 5137 0 30 0 0 180 66 58 58
5137 0 60 0 0 5137 0 40 0 0 0 44 37 37
5137 0 60 0 0 5137 0 40 0 0 30 45 39 39
5137 0 60 0 0 5137 0 40 0 0 60 48 43 43
5137 0 60 0 0 5137 0 40 0 0 90 54 48 48
5137 0 60 0 0 5137 0 40 0 0 120 59 53 53
5137 0 60 0 0 5137 0 40 0 0 150 64 57 57
5137 0 60 0 0 5137 0 40 0 0 180 65 59 59
5137 0 60 0 0 5137 0 50 0 0 0 43 38 38
5137 0 60 0 0 5137 0 50 0 0 30 44 39 39
5137 0 60 0 0 5137 0 50 0 0 60 47 43 43
5137 0 60 0 0 5137 0 50 0 0 90 53 48 48
5137 0 60 0 0 5137 0 50 0 0 120 58 53 53
5137 0 60 0 0 5137 0 50 0 0 150 63 57 57
5137 0 60 0 0 5137 0 50 0 0 180 64 60 60
5137 0 60 0 0 5137 0 60 0 0 0 42 38 38
5137 0 60 0 0 5137 0 60 0 0 30 43 40 40
5137 0 60 0 0 5137 0 60 0 0 60 46 43 43
5137 0 60 0 0 5137 0 60 0 0 90 52 48 48
5137 0 60 0 0 5137 0 60 0 0 120 57 53 53
5137 0 60 0 0 5137 0 60 0 0 150 61 58 58
5137 0 60 0 0 5137 0 60 0 0 180 62 62 62
5137 0 60 0 0 5137 0 0 0 0 0 44 43 43
5137 0 60 0 0 5137 0 0 0 0 30 45 45 45
5137 0 60 0 0 5137 0 0 0 0 60 48 48 48
5137 0 60 0 0 5137 0 0 0 0 90 52 53 53
5137 0 60 0 0 5137 0 0 0 0 120 58 58 58
5137 0 60 0 0 5137 0 0 0 0 150 63 60 60
5137 0 60 0 0 5137 0 0 0 0 180 65 58 58
5137 0 60 0 0 5137 0 10 0 0 0 44 41 41
5137 0 60 0 0 5137 0 10 0 0 30 45 43 43
5137 0 60 0 0 5137 0 10 0 0 60 48 47 47
5137 0 60 0 0 5137 0 10 0 0 90 52 52 52
5137 0 60 0 0 5137 0 10 0 0 120 57 57 57
5137 0 60 0 0 5137 0 10 0 0 150 63 60 60
5137 0 60 0 0 5137 0 10 0 0 180 65 58 58
5137 0 60 0 0 5137 0 20 0 0 0 43 39 39
5137 0 60 0 0 5137 0 20 0 0 30 45 41 41
5137 0 60 0 0 5137 0 20 0 0 60 47 45 45
5137 0 60 0 0 5137 0 20 0 0 90 52 50 50
5137 0 60 0 0 5137 0 20 0 0 120 57 55 55
5137 0 60 0 0 5137 0 20 0 0 150 63 59 59
5137 0 60 0 0 5137 0 20 0 0 180 64 58 58
5137 0 60 0 0 5137 0 30 0 0 0 43 36 36
5137 0 60 0 0 5137 0 30 0 0 30 44 38 38
5137 0 60 0 0 5137 0 30 0 0 60 47 42 42
5137 0 60 0 0 5137 0 30 0 0 90 52 46 46
5137 0 60 0 0 5137 0 30 0 0 120 57 51 51
5137 0 60 0 0 5137 0 30 0 0 150 62 56 56
5137 0 60 0 0 5137 0 30 0 0 180 64 57 57
5137 0 60 0 0 5137 0 40 0 0 0 42 35 35
5137 0 60 0 0 5137 0 40 0 0 30 43 37 37
5137 0 60 0 0 5137 0 40 0 0 60 46 41 41
5137 0 60 0 0 5137 0 40 0 0 90 51 45 45
5137 0 60 0 0 5137 0 40 0 0 120 56 50 50
5137 0 60 0 0 5137 0 40 0 0 150 62 55 55
5137 0 60 0 0 5137 0 40 0 0 180 63 58 58
5137 0 60 0 0 5137 0 50 0 0 0 41 36 36
5137 0 60 0 0 5137 0 50 0 0 30 42 37 37
5137 0 60 0 0 5137 0 50 0 0 60 45 40 40
5137 0 60 0 0 5137 0 50 0 0 90 50 45 45
5137 0 60 0 0 5137 0 50 0 0 120 55 50 50
5137 0 60 0 0 5137 0 50 0 0 150 61 55 55
5137 0 60 0 0 5137 0 50 0 0 180 62 59 59
5137 0 60 0 0 5137 0 60 0 0 0 40 36 36
5137 0 60 0 0 5137 0 60 0 0 30 40 38 38
5137 0 60 0 0 5137 0 60 0 0 60 44 41 41
5137 0 60 0 0 5137 0 60 0 0 90 49 45 45
5137 0 60 0 0 5137 0 60 0 0 120 54 50 50
5137 0 60 0 0 5137 0 60 0 0 150 59 56 56
5137 0 60 0 0 5137 0 60 0 0 180 60 60 60
5137 0 60 0 0 5137 0 0 0 0 0 42 43 43
5137 0 60 0 0 5137 0 0 0 0 30 43 44 44
5137 0 60 0 0 5137 0 0 0 0 60 46 46 46
5137 0 60 0 0 5137 0 0 0 0 90 50 50 50
5137 0 60 0 0 5137 0 0 0 0 120 55 55 55
5137 0 60 0 0 5137 0 0 0 0 150 61 58 58
5137 0 60 0 0 5137 0 0 0 0 180 63 56 56
5137 0 60 0 0 5137 0 10 0 0 0 42 41 41
5137 0 60 0 0 5137 0 10 0 0 30 43 42 42
5137 0 60 0 0 5137 0 10 0 0 60 46 45 45
5137 0 60 0 0 5137 0 10 0 0 90 50 49 49
5137 0 60 0 0 5137 0 10 0 0 120 55 54 54
5137 0 60 0 0 5137 0 10 0 0 150 61 58 58
5137 0 60 0 0 5137 0 10 0 0 180 63 57 57
5137 0 60 0 0 5137 0 20 0 0 0 42 38 38
5137 0 60 0 0 5137 0 20 0 0 30 43 39 39
5137 0 60 0 0 5137 0 20 0 0 60 45 42 42
5137 0 60 0 0 5137 0 20 0 0 90 49 46 46
5137 0 60 0 0 5137 0 20 0 0 120 54 51 51
5137 0 60 0 0 5137 0 20 0 0 150 61 56 56
5137 0 60 0 0 5137 0 20 0 0 180 63 56 56
5137 0 60 0 0 5137 0 30 0 0 0 41 35 35
5137 0 60 0 0 5137 0 30 0 0 30 42 37 37
5137 0 60 0 0 5137 0 30 0 0 60 45 40 40
5137 0 60 0 0 5137 0 30 0 0 90 49 44 44
5137 0 60 0 0 5137 0 30 0 0 120 54 49 49
5137 0 60 0 0 5137 0 30 0 0 150 60 55 55
5137 0 60 0 0 5137 0 30 0 0 180 62 56 56
5137 0 60 0 0 5137 0 40 0 0 0 40 34 34
5137 0 60 0 0 5137 0 40 0 0 30 41 36 36
5137 0 60 0 0 5137 0 40 0 0 60 44 39 39
5137 0 60 0 0 5137 0 40 0 0 90 49 43 43
5137 0 60 0 0 5137 0 40 0 0 120 53 48 48
5137 0 60 0 0 5137 0 40 0 0 150 59 54 54
5137 0 60 0 0 5137 0 40 0 0 180 61 57 57
5137 0 60 0 0 5137 0 50 0 0 0 39 34 34
5137 0 60 0 0 5137 0 50 0 0 30 40 35 35
5137 0 60 0 0 5137 0 50 0 0 60 43 38 38
5137 0 60 0 0 5137 0 50 0 0 90 48 42 42
5137 0 60 0 0 5137 0 50 0 0 120 53 47 47
5137 0 60 0 0 5137 0 50 0 0 150 58 54 54
5137 0 60 0 0 5137 0 50 0 0 180 60 57 57
5137 0 60 0 0 5137 0 60 0 0 0 37 34 34
5137 0 60 0 0 5137 0 60 0 0 30 38 36 36
5137 0 60 0 0 5137 0 60 0 0 60 42 38 38
5137 0 60 0 0 5137 0 60 0 0 90 46 42 42
5137 0 60 0 0 5137 0 60 0 0 120 51 47 47
5137 0 60 0 0 5137 0 60 0 0 150 56 54 54
5137 0 60 0 0 5137 0 60 0 0 180 58 59 59
5137 0 60 0 0 5137 0 0 0 0 0 41 42 42
5137 0 60 0 0 5137 0 0 0 0 30 42 43 43
5137 0 60 0 0 5137 0 0 0 0 60 44 44 44
5137 0 60 0 0 5137 0 0 0 0 90 47 47 47
5137 0 60 0 0 5137 0 0 0 0 120 52 52 52
5137 0 60 0 0 5137 0 0 0 0 150 58 56 56
5137 0 60 0 0 5137 0 0 0 0 180 61 54 54
5137 0 60 0 0 5137 0 10 0 0 0 41 40 40
5137 0 60 0 0 5137 0 10 0 0 30 42 41 41
5137 0 60 0 0 5137 0 10 0 0 60 44 43 43
5137 0 60 0 0 5137 0 10 0 0 90 47 45 45
5137 0 60 0 0 5137 0 10 0 0 120 52 51 51
5137 0 60 0 0 5137 0 10 0 0 150 58 55 55
5137 0 60 0 0 5137 0 10 0 0 180 61 54 54
5137 0 60 0 0 5137 0 20 0 0 0 41 37 37
5137 0 60 0 0 5137 0 20 0 0 30 42 38 38
5137 0 60 0 0 5137 0 20 0 0 60 44 40 40
5137 0 60 0 0 5137 0 20 0 0 90 47 43 43
5137 0 60 0 0 5137 0 20 0 0 120 52 48 48
5137 0 60 0 0 5137 0 20 0 0 150 58 54 54
5137 0 60 0 0 5137 0 20 0 0 180 61 54 54
5137 0 60 0 0 5137 0 30 0 0 0 40 35 35
5137 0 60 0 0 5137 0 30 0 0 30 41 36 36
5137 0 60 0 0 5137 0 30 0 0 60 43 38 38
5137 0 60 0 0 5137 0 30 0 0 90 47 41 41
5137 0 60 0 0 5137 0 30 0 0 120 51 46 46
5137 0 60 0 0 5137 0 30 0 0 150 58 53 53
5137 0 60 0 0 5137 0 30 0 0 180 60 54 54
5137 0 60 0 0 5137 0 40 0 0 0 39 34 34
5137 0 60 0 0 5137 0 40 0 0 30 40 35 35
5137 0 60 0 0 5137 0 40 0 0 60 43 37 37
5137 0 60 0 0 5137 0 40 0 0 90 46 41 41
5137 0 60 0 0 5137 0 40 0 0 120 50 45 45
5137 0 60 0 0 5137 0 40 0 0 150 57 52 52
5137 0 60 0 0 5137 0 40 0 0 180 59 55 55
5137 0 60 0 0 5137 0 50 0 0 0 37 33 33
5137 0 60 0 0 5137 0 50 0 0 30 39 34 34
5137 0 60 0 0 5137 0 50 0 0 60 42 37 37
5137 0 60 0 0 5137 0 50 0 0 90 45 40 40
5137 0 60 0 0 5137 0 50 0 0 120 49 45 45
5137 0 60 0 0 5137 0 50 0 0 150 56 52 52
5137 0 60 0 0 5137 0 50 0 0 180 58 56 56
5137 0 60 0 0 5137 0 60 0 0 0 35 33 33
5137 0 60 0 0 5137 0 60 0 0 30 37 34 34
5137 0 60 0 0 5137 0 60 0 0 60 40 36 36
5137 0 60 0 0 5137 0 60 0 0 90 44 40 40
5137 0 60 0 0 5137 0 60 0 0 120 47 44 44
5137 0 60 0 0 5137 0 60 0 0 150 54 51 51
5137 0 60 0 0 5137 0 60 0 0 180 55 57 57
