
time:  28208.69891476631
================================
best:  [273.42703160336947, 279.8388506657168, 279.8388506657168, 281.0487851140525, 281.0487851140525, 282.48577570011605, 282.48577570011605, 283.33402984061877, 283.33402984061877, 283.33402984061877, 283.33402984061877, 283.33402984061877, 283.33402984061877, 283.33402984061877, 286.3937507339526, 
286.3937507339526, 287.85803544727946, 287.85803544727946, 287.85803544727946, 287.85803544727946, 287.861646315803, 287.861646315803, 288.7809715669285, 288.7809715669285, 288.7809715669285, 288.7809715669285, 288.7809715669285, 288.7809715669285, 288.7809715669285, 288.9698312027432, 288.9698312027432, 288.9698312027432, 288.9698312027432, 288.9698312027432, 288.9698312027432, 288.9698312027432, 288.9698312027432, 288.9698312027432, 289.1064721235083, 289.1064721235083, 289.1064721235083, 289.1064721235083, 289.1064721235083, 289.1064721235083, 289.1064721235083, 289.1064721235083, 289.1064721235083, 289.1064721235083, 289.1064721235083, 289.1064721235083, 289.1064721235083, 289.1064721235083, 289.1064721235083, 289.1064721235083, 289.1064721235083, 289.1064721235083, 289.1064721235083, 289.1064721235083, 289.1064721235083, 289.1064721235083, 289.1064721235083, 289.1064721235083, 289.1064721235083, 289.18727087866887, 289.18727087866887, 289.18727087866887, 289.18727087866887, 289.18727087866887, 289.18727087866887, 289.18727087866887, 289.18727087866887, 289.18727087866887, 289.18727087866887, 289.18727087866887, 289.18727087866887, 289.18727087866887, 289.18727087866887, 289.18727087866887, 289.18727087866887, 289.18727087866887, 289.18727087866887, 289.18727087866887, 289.18727087866887, 289.18727087866887, 289.18727087866887, 289.18727087866887, 289.18727087866887, 289.18727087866887, 
289.18727087866887, 289.1976654087853, 289.2110837397913, 289.2110837397913, 289.2110837397913, 289.2110837397913, 289.34769978985014, 289.34769978985014, 289.34769978985014, 289.34769978985014, 289.34769978985014, 289.34769978985014, 289.34769978985014]
ave:  [210.32529752549726, 214.61742798629285, 222.84453701978163, 228.45685260157217, 233.06284627435554, 233.8191141330523, 238.132641196173, 237.7561145643983, 237.83055336547025, 237.92276115287223, 234.7116240719216, 237.2726643394657, 238.80103557898187, 240.9066114926431, 242.29713523425505, 242.3362479251605, 242.87757303433474, 245.4446933605899, 246.91451339116222, 247.05231777612562, 248.62012740404296, 248.68870035565186, 250.87316254116547, 251.3023047156696, 249.5545023023208, 250.6018309766391, 251.08938059084477, 251.04379553271258, 249.91601045384115, 251.01069784322559, 250.89942448263508, 253.34609791231875, 251.36176156907686, 248.55703434249207, 251.86159116688785, 252.49297611165045, 252.3502467034648, 252.6125653922632, 254.44543453884233, 256.7624824679508, 257.1512932304266, 257.6404895821037, 256.36670054725874, 256.85708232978834, 257.3336659740303, 257.8105993536653, 258.29353746352945, 259.6077255958502, 259.8850751224654, 263.2534285066471, 262.6289151006013, 262.89841770454206, 263.96948469821467, 265.3498338378074, 264.55176384276984, 265.7895117742991, 265.6060168888373, 267.10982277061163, 268.07519601808514, 267.3793889505258, 268.2893707988302, 269.53841402471573, 268.4738464747315, 268.5271143671029, 268.6219377957104, 268.9469124455809, 268.66760649965215, 269.32464177361294, 270.07016355777824, 269.66713619576564, 270.8952936839277, 271.21976809587846, 
272.6947582993355, 273.60832630687094, 274.8080276595354, 274.0772474132039, 274.37780299220964, 276.1319628683779, 276.1876425800456, 275.81122702074714, 276.1035668347594, 276.7171895946055, 277.31637716159804, 277.3144629673574, 276.8835102385019, 276.9740230951285, 276.59146459282607, 277.16264509933853, 277.18495230961344, 277.6405579156538, 277.5365857883027, 277.4475990693318, 278.5797684706288, 278.59818898082216, 279.41609351868925, 279.2289736654407, 279.4530760919135, 279.67912286141626, 279.1903974175159, 279.56802526358825, 280.36382667109416]
items:  [[52.063259256249296, 90, 49.61836241513598, 50.15990268845889, 90, 263.648933142711, 301.249759396485, 40.992213308992866, 270, 319.9248000791115, 10.530884236831914], [50.61737882100273, 90, 80.66679062587214, 46.15936960378002, 90, 205.48361082930822, 186.66305085028284, 46.02419791828276, 90, 301.3351201722111, 227.8452867234909], [50.61737882100273, 90, 80.66679062587214, 46.15936960378002, 90, 205.48361082930822, 186.66305085028284, 46.02419791828276, 90, 301.3351201722111, 227.8452867234909], [40.64181485615431, 90, 289.11602025711005, 42.87853516427383, 90, 354.304057789293, 183.59354456814154, 45.95791262813866, 90, 61.09484511299003, 317.5557558999816], [40.64181485615431, 90, 289.11602025711005, 42.87853516427383, 90, 354.304057789293, 183.59354456814154, 45.95791262813866, 90, 
61.09484511299003, 317.5557558999816], [50.61737882100273, 90, 80.66679062587214, 46.15936960378002, 
90, 130.5509317683688, 186.66305085028284, 46.02419791828276, 90, 301.3351201722111, 227.8452867234909], [50.61737882100273, 90, 80.66679062587214, 46.15936960378002, 90, 130.5509317683688, 186.66305085028284, 46.02419791828276, 90, 301.3351201722111, 227.8452867234909], [46.158456265448386, 90, 273.3209187208456, 46.28891420118655, 90, 81.69999087489035, 113.0961988985118, 44.60212427216611, 90, 191.82451290880846, 203.1231968050053], [46.158456265448386, 90, 273.3209187208456, 46.28891420118655, 90, 81.69999087489035, 113.0961988985118, 44.60212427216611, 90, 191.82451290880846, 203.1231968050053], [46.158456265448386, 90, 273.3209187208456, 46.28891420118655, 90, 81.69999087489035, 113.0961988985118, 44.60212427216611, 90, 191.82451290880846, 203.1231968050053], [46.158456265448386, 90, 273.3209187208456, 46.28891420118655, 90, 81.69999087489035, 113.0961988985118, 44.60212427216611, 90, 191.82451290880846, 203.1231968050053], [46.158456265448386, 90, 273.3209187208456, 46.28891420118655, 90, 81.69999087489035, 113.0961988985118, 44.60212427216611, 90, 191.82451290880846, 203.1231968050053], [46.158456265448386, 90, 273.3209187208456, 46.28891420118655, 90, 81.69999087489035, 113.0961988985118, 44.60212427216611, 90, 191.82451290880846, 203.1231968050053], [46.158456265448386, 90, 273.3209187208456, 46.28891420118655, 90, 81.69999087489035, 113.0961988985118, 44.60212427216611, 90, 191.82451290880846, 203.1231968050053], [43.10825113620807, 90, 273.3209187208456, 46.28891420118655, 90, 81.69999087489035, 113.0961988985118, 44.60212427216611, 90, 191.82451290880846, 192.12251245505243], 
[43.10825113620807, 90, 273.3209187208456, 46.28891420118655, 90, 81.69999087489035, 113.0961988985118, 44.60212427216611, 90, 191.82451290880846, 192.12251245505243], [42.01435178802901, 90, 289.11602025711005, 42.87853516427383, 90, 81.69999087489035, 113.0961988985118, 44.60212427216611, 90, 191.82451290880846, 192.12251245505243], [42.01435178802901, 90, 289.11602025711005, 42.87853516427383, 90, 
81.69999087489035, 113.0961988985118, 44.60212427216611, 90, 191.82451290880846, 192.12251245505243], [42.01435178802901, 90, 289.11602025711005, 42.87853516427383, 90, 81.69999087489035, 113.0961988985118, 44.60212427216611, 90, 191.82451290880846, 192.12251245505243], [42.01435178802901, 90, 289.11602025711005, 42.87853516427383, 90, 81.69999087489035, 113.0961988985118, 44.60212427216611, 90, 191.82451290880846, 192.12251245505243], [42.23079648625329, 90, 289.11602025711005, 42.87853516427383, 90, 81.69999087489035, 113.0961988985118, 44.60212427216611, 90, 191.82451290880846, 192.12251245505243], [42.23079648625329, 90, 289.11602025711005, 42.87853516427383, 90, 81.69999087489035, 113.0961988985118, 44.60212427216611, 90, 191.82451290880846, 192.12251245505243], [43.10825113620807, 90, 285.5254097552347, 40.462530042980156, 90, 78.00311073539292, 113.0961988985118, 42.79387960182128, 90, 168.5389534850022, 216.19125593223401], [43.10825113620807, 90, 285.5254097552347, 40.462530042980156, 90, 78.00311073539292, 113.0961988985118, 42.79387960182128, 90, 168.5389534850022, 216.19125593223401], [43.10825113620807, 90, 285.5254097552347, 40.462530042980156, 90, 78.00311073539292, 113.0961988985118, 42.79387960182128, 90, 168.5389534850022, 216.19125593223401], [43.10825113620807, 90, 285.5254097552347, 40.462530042980156, 90, 78.00311073539292, 113.0961988985118, 42.79387960182128, 90, 168.5389534850022, 216.19125593223401], [43.10825113620807, 90, 285.5254097552347, 40.462530042980156, 90, 78.00311073539292, 113.0961988985118, 42.79387960182128, 90, 168.5389534850022, 216.19125593223401], [43.10825113620807, 90, 285.5254097552347, 40.462530042980156, 90, 78.00311073539292, 113.0961988985118, 42.79387960182128, 90, 168.5389534850022, 216.19125593223401], [43.10825113620807, 90, 285.5254097552347, 40.462530042980156, 90, 78.00311073539292, 113.0961988985118, 42.79387960182128, 90, 168.5389534850022, 216.19125593223401], [43.10825113620807, 90, 285.5254097552347, 40.462530042980156, 90, 78.00311073539292, 113.0961988985118, 41.81620464631207, 90, 168.5389534850022, 216.19125593223401], [43.10825113620807, 90, 285.5254097552347, 40.462530042980156, 90, 78.00311073539292, 113.0961988985118, 41.81620464631207, 90, 168.5389534850022, 216.19125593223401], [43.10825113620807, 90, 285.5254097552347, 40.462530042980156, 90, 78.00311073539292, 113.0961988985118, 41.81620464631207, 90, 168.5389534850022, 216.19125593223401], [43.10825113620807, 90, 285.5254097552347, 40.462530042980156, 90, 
78.00311073539292, 113.0961988985118, 41.81620464631207, 90, 168.5389534850022, 216.19125593223401], 
[43.10825113620807, 90, 285.5254097552347, 40.462530042980156, 90, 78.00311073539292, 113.0961988985118, 41.81620464631207, 90, 168.5389534850022, 216.19125593223401], [43.10825113620807, 90, 285.5254097552347, 40.462530042980156, 90, 78.00311073539292, 113.0961988985118, 41.81620464631207, 90, 168.5389534850022, 216.19125593223401], [43.10825113620807, 90, 285.5254097552347, 40.462530042980156, 90, 78.00311073539292, 113.0961988985118, 41.81620464631207, 90, 168.5389534850022, 216.19125593223401], [43.10825113620807, 90, 285.5254097552347, 40.462530042980156, 90, 78.00311073539292, 113.0961988985118, 41.81620464631207, 90, 168.5389534850022, 216.19125593223401], [43.10825113620807, 90, 285.5254097552347, 40.462530042980156, 90, 78.00311073539292, 113.0961988985118, 41.81620464631207, 90, 168.5389534850022, 216.19125593223401], [42.01435178802901, 90, 289.11602025711005, 40.462530042980156, 90, 78.00311073539292, 113.0961988985118, 41.247895142658415, 90, 168.5389534850022, 216.19125593223401], 
[42.01435178802901, 90, 289.11602025711005, 40.462530042980156, 90, 78.00311073539292, 113.0961988985118, 41.247895142658415, 90, 168.5389534850022, 216.19125593223401], [42.01435178802901, 90, 289.11602025711005, 40.462530042980156, 90, 78.00311073539292, 113.0961988985118, 41.247895142658415, 90, 168.5389534850022, 216.19125593223401], [42.01435178802901, 90, 289.11602025711005, 40.462530042980156, 
90, 78.00311073539292, 113.0961988985118, 41.247895142658415, 90, 168.5389534850022, 216.19125593223401], [42.01435178802901, 90, 289.11602025711005, 40.462530042980156, 90, 78.00311073539292, 113.0961988985118, 41.247895142658415, 90, 168.5389534850022, 216.19125593223401], [42.01435178802901, 90, 289.11602025711005, 40.462530042980156, 90, 78.00311073539292, 113.0961988985118, 41.247895142658415, 90, 168.5389534850022, 216.19125593223401], [42.01435178802901, 90, 289.11602025711005, 40.462530042980156, 90, 78.00311073539292, 113.0961988985118, 41.247895142658415, 90, 168.5389534850022, 216.19125593223401], [42.01435178802901, 90, 289.11602025711005, 40.462530042980156, 90, 78.00311073539292, 113.0961988985118, 41.247895142658415, 90, 168.5389534850022, 216.19125593223401], [42.01435178802901, 90, 289.11602025711005, 40.462530042980156, 90, 78.00311073539292, 113.0961988985118, 41.247895142658415, 90, 168.5389534850022, 216.19125593223401], [42.01435178802901, 90, 289.11602025711005, 40.462530042980156, 90, 78.00311073539292, 113.0961988985118, 41.247895142658415, 90, 168.5389534850022, 216.19125593223401], [42.01435178802901, 90, 289.11602025711005, 40.462530042980156, 90, 78.00311073539292, 113.0961988985118, 41.247895142658415, 90, 168.5389534850022, 216.19125593223401], [42.01435178802901, 90, 289.11602025711005, 40.462530042980156, 90, 78.00311073539292, 113.0961988985118, 41.247895142658415, 90, 168.5389534850022, 216.19125593223401], [42.01435178802901, 90, 289.11602025711005, 40.462530042980156, 90, 78.00311073539292, 113.0961988985118, 41.247895142658415, 90, 168.5389534850022, 216.19125593223401], [42.01435178802901, 90, 289.11602025711005, 40.462530042980156, 90, 78.00311073539292, 113.0961988985118, 41.247895142658415, 90, 168.5389534850022, 216.19125593223401], [42.01435178802901, 90, 289.11602025711005, 40.462530042980156, 90, 78.00311073539292, 113.0961988985118, 41.247895142658415, 90, 168.5389534850022, 216.19125593223401], [42.01435178802901, 90, 289.11602025711005, 
40.462530042980156, 90, 78.00311073539292, 113.0961988985118, 41.247895142658415, 90, 168.5389534850022, 216.19125593223401], [42.01435178802901, 90, 289.11602025711005, 40.462530042980156, 90, 78.00311073539292, 113.0961988985118, 41.247895142658415, 90, 168.5389534850022, 216.19125593223401], [42.01435178802901, 90, 289.11602025711005, 40.462530042980156, 90, 78.00311073539292, 113.0961988985118, 41.247895142658415, 90, 168.5389534850022, 216.19125593223401], [42.01435178802901, 90, 289.11602025711005, 40.462530042980156, 90, 78.00311073539292, 113.0961988985118, 41.247895142658415, 90, 168.5389534850022, 216.19125593223401], [42.01435178802901, 90, 289.11602025711005, 40.462530042980156, 90, 78.00311073539292, 113.0961988985118, 41.247895142658415, 90, 168.5389534850022, 216.19125593223401], [42.01435178802901, 90, 289.11602025711005, 40.462530042980156, 90, 78.00311073539292, 113.0961988985118, 41.247895142658415, 90, 168.5389534850022, 216.19125593223401], [42.01435178802901, 90, 289.11602025711005, 40.462530042980156, 90, 78.00311073539292, 113.0961988985118, 41.247895142658415, 90, 168.5389534850022, 216.19125593223401], [42.01435178802901, 90, 289.11602025711005, 40.462530042980156, 90, 78.00311073539292, 113.0961988985118, 41.247895142658415, 90, 168.5389534850022, 216.19125593223401], [42.01435178802901, 90, 289.11602025711005, 40.462530042980156, 90, 78.00311073539292, 113.0961988985118, 41.247895142658415, 90, 168.5389534850022, 216.19125593223401], [42.01435178802901, 90, 289.11602025711005, 40.462530042980156, 90, 78.00311073539292, 113.0961988985118, 41.247895142658415, 90, 
168.5389534850022, 216.19125593223401], [43.10825113620807, 90, 289.11602025711005, 40.462530042980156, 90, 78.00311073539292, 113.0961988985118, 41.247895142658415, 90, 168.5389534850022, 216.19125593223401], [43.10825113620807, 90, 289.11602025711005, 40.462530042980156, 90, 78.00311073539292, 113.0961988985118, 41.247895142658415, 90, 168.5389534850022, 216.19125593223401], [43.10825113620807, 90, 
289.11602025711005, 40.462530042980156, 90, 78.00311073539292, 113.0961988985118, 41.247895142658415, 90, 168.5389534850022, 216.19125593223401], [43.10825113620807, 90, 289.11602025711005, 40.462530042980156, 90, 78.00311073539292, 113.0961988985118, 41.247895142658415, 90, 168.5389534850022, 216.19125593223401], [43.10825113620807, 90, 289.11602025711005, 40.462530042980156, 90, 78.00311073539292, 113.0961988985118, 41.247895142658415, 90, 168.5389534850022, 216.19125593223401], [43.10825113620807, 90, 289.11602025711005, 40.462530042980156, 90, 78.00311073539292, 113.0961988985118, 41.247895142658415, 90, 168.5389534850022, 216.19125593223401], [43.10825113620807, 90, 289.11602025711005, 40.462530042980156, 90, 78.00311073539292, 113.0961988985118, 41.247895142658415, 90, 168.5389534850022, 216.19125593223401], [43.10825113620807, 90, 289.11602025711005, 40.462530042980156, 90, 78.00311073539292, 113.0961988985118, 41.247895142658415, 90, 168.5389534850022, 216.19125593223401], [43.10825113620807, 90, 289.11602025711005, 40.462530042980156, 90, 78.00311073539292, 113.0961988985118, 41.247895142658415, 90, 168.5389534850022, 216.19125593223401], [43.10825113620807, 90, 289.11602025711005, 40.462530042980156, 90, 78.00311073539292, 113.0961988985118, 41.247895142658415, 90, 168.5389534850022, 216.19125593223401], [43.10825113620807, 90, 289.11602025711005, 40.462530042980156, 90, 78.00311073539292, 113.0961988985118, 41.247895142658415, 90, 168.5389534850022, 216.19125593223401], [43.10825113620807, 90, 289.11602025711005, 40.462530042980156, 90, 78.00311073539292, 113.0961988985118, 41.247895142658415, 90, 168.5389534850022, 216.19125593223401], [43.10825113620807, 90, 289.11602025711005, 40.462530042980156, 90, 78.00311073539292, 113.0961988985118, 41.247895142658415, 90, 168.5389534850022, 216.19125593223401], [43.10825113620807, 90, 289.11602025711005, 40.462530042980156, 90, 78.00311073539292, 113.0961988985118, 41.247895142658415, 90, 168.5389534850022, 216.19125593223401], [43.10825113620807, 90, 289.11602025711005, 40.462530042980156, 90, 78.00311073539292, 113.0961988985118, 41.247895142658415, 90, 168.5389534850022, 216.19125593223401], [43.10825113620807, 90, 289.11602025711005, 40.462530042980156, 90, 78.00311073539292, 113.0961988985118, 41.247895142658415, 90, 168.5389534850022, 216.19125593223401], [43.10825113620807, 90, 289.11602025711005, 40.462530042980156, 90, 
78.00311073539292, 113.0961988985118, 41.247895142658415, 90, 168.5389534850022, 216.19125593223401], [43.10825113620807, 90, 289.11602025711005, 40.462530042980156, 90, 78.00311073539292, 113.0961988985118, 41.247895142658415, 90, 168.5389534850022, 216.19125593223401], [43.10825113620807, 90, 289.11602025711005, 40.462530042980156, 90, 78.00311073539292, 113.0961988985118, 41.247895142658415, 90, 168.5389534850022, 216.19125593223401], [43.10825113620807, 90, 289.11602025711005, 40.462530042980156, 90, 78.00311073539292, 113.0961988985118, 41.247895142658415, 90, 168.5389534850022, 216.19125593223401], [43.10825113620807, 90, 289.11602025711005, 40.462530042980156, 90, 78.00311073539292, 113.0961988985118, 41.247895142658415, 90, 168.5389534850022, 216.19125593223401], [43.10825113620807, 90, 289.11602025711005, 40.462530042980156, 90, 78.00311073539292, 113.0961988985118, 41.247895142658415, 90, 168.5389534850022, 216.19125593223401], [43.10825113620807, 90, 289.11602025711005, 40.462530042980156, 90, 78.00311073539292, 113.0961988985118, 41.247895142658415, 90, 168.5389534850022, 216.19125593223401], [43.10825113620807, 90, 289.11602025711005, 40.462530042980156, 90, 78.00311073539292, 113.0961988985118, 41.247895142658415, 90, 168.5389534850022, 216.19125593223401], [43.10825113620807, 90, 289.11602025711005, 40.462530042980156, 90, 78.00311073539292, 113.0961988985118, 41.247895142658415, 90, 168.5389534850022, 216.19125593223401], [43.10825113620807, 90, 289.11602025711005, 40.462530042980156, 90, 78.00311073539292, 113.0961988985118, 41.247895142658415, 90, 168.5389534850022, 216.19125593223401], [43.10825113620807, 90, 289.11602025711005, 40.462530042980156, 90, 78.00311073539292, 113.0961988985118, 41.78551786835222, 90, 168.5389534850022, 216.19125593223401], [43.10825113620807, 90, 289.11602025711005, 40.462530042980156, 90, 78.00311073539292, 113.0961988985118, 41.44415981936039, 90, 168.5389534850022, 216.19125593223401], [43.10825113620807, 90, 289.11602025711005, 40.462530042980156, 90, 78.00311073539292, 113.0961988985118, 41.44415981936039, 90, 168.5389534850022, 216.19125593223401], [43.10825113620807, 90, 289.11602025711005, 40.462530042980156, 90, 78.00311073539292, 113.0961988985118, 41.44415981936039, 90, 168.5389534850022, 216.19125593223401], [43.10825113620807, 90, 289.11602025711005, 40.462530042980156, 90, 78.00311073539292, 113.0961988985118, 41.44415981936039, 90, 168.5389534850022, 216.19125593223401], [43.10825113620807, 90, 289.11602025711005, 40.462530042980156, 90, 78.00311073539292, 113.0961988985118, 40.51084182176011, 90, 168.5389534850022, 227.8452867234909], [43.10825113620807, 90, 289.11602025711005, 40.462530042980156, 90, 78.00311073539292, 113.0961988985118, 40.51084182176011, 90, 168.5389534850022, 227.8452867234909], [43.10825113620807, 90, 289.11602025711005, 40.462530042980156, 90, 78.00311073539292, 113.0961988985118, 40.51084182176011, 90, 168.5389534850022, 227.8452867234909], [43.10825113620807, 90, 289.11602025711005, 40.462530042980156, 90, 78.00311073539292, 113.0961988985118, 40.51084182176011, 90, 168.5389534850022, 227.8452867234909], [43.10825113620807, 90, 289.11602025711005, 40.462530042980156, 90, 78.00311073539292, 113.0961988985118, 40.51084182176011, 90, 168.5389534850022, 227.8452867234909], [43.10825113620807, 90, 289.11602025711005, 40.462530042980156, 90, 78.00311073539292, 113.0961988985118, 40.51084182176011, 90, 168.5389534850022, 227.8452867234909], [43.10825113620807, 90, 289.11602025711005, 40.462530042980156, 90, 78.00311073539292, 113.0961988985118, 40.51084182176011, 90, 168.5389534850022, 227.8452867234909]]
