4937 0.1 60 0 0 4737 0.0 0 0 0 0 59.2 53.6 53.6
4937 0.1 60 0 0 4737 0.0 0 0 0 30 59.4 53.4 53.4
4937 0.1 60 0 0 4737 0.0 0 0 0 60 59.3 53.2 53.2
4937 0.1 60 0 0 4737 0.0 0 0 0 90 59.2 52.9 52.9
4937 0.1 60 0 0 4737 0.0 0 0 0 120 59.0 52.9 52.9
4937 0.1 60 0 0 4737 0.0 0 0 0 150 58.8 53.4 53.4
4937 0.1 60 0 0 4737 0.0 0 0 0 180 58.7 53.9 53.9
4937 0.1 60 0 0 4737 0.0 10 0 0 0 59.1 53.1 53.1
4937 0.1 60 0 0 4737 0.0 10 0 0 30 59.3 53.1 53.1
4937 0.1 60 0 0 4737 0.0 10 0 0 60 59.3 52.9 52.9
4937 0.1 60 0 0 4737 0.0 10 0 0 90 59.1 52.6 52.6
4937 0.1 60 0 0 4737 0.0 10 0 0 120 58.9 52.5 52.5
4937 0.1 60 0 0 4737 0.0 10 0 0 150 58.7 52.8 52.8
4937 0.1 60 0 0 4737 0.0 10 0 0 180 58.7 53.4 53.4
4937 0.1 60 0 0 4737 0.0 20 0 0 0 58.9 51.7 51.7
4937 0.1 60 0 0 4737 0.0 20 0 0 30 59.1 51.8 51.8
4937 0.1 60 0 0 4737 0.0 20 0 0 60 59.1 51.6 51.6
4937 0.1 60 0 0 4737 0.0 20 0 0 90 58.9 51.4 51.4
4937 0.1 60 0 0 4737 0.0 20 0 0 120 58.7 51.4 51.4
4937 0.1 60 0 0 4737 0.0 20 0 0 150 58.5 51.5 51.5
4937 0.1 60 0 0 4737 0.0 20 0 0 180 58.5 51.9 51.9
4937 0.1 60 0 0 4737 0.0 30 0 0 0 58.5 48.8 48.8
4937 0.1 60 0 0 4737 0.0 30 0 0 30 58.7 48.9 48.9
4937 0.1 60 0 0 4737 0.0 30 0 0 60 58.7 48.8 48.8
4937 0.1 60 0 0 4737 0.0 30 0 0 90 58.5 48.8 48.8
4937 0.1 60 0 0 4737 0.0 30 0 0 120 58.3 49.1 49.1
4937 0.1 60 0 0 4737 0.0 30 0 0 150 58.1 49.4 49.4
4937 0.1 60 0 0 4737 0.0 30 0 0 180 58.1 49.5 49.5
4937 0.1 60 0 0 4737 0.0 40 0 0 0 58.0 48.8 48.8
4937 0.1 60 0 0 4737 0.0 40 0 0 30 58.1 48.9 48.9
4937 0.1 60 0 0 4737 0.0 40 0 0 60 58.1 48.9 48.9
4937 0.1 60 0 0 4737 0.0 40 0 0 90 57.9 48.8 48.8
4937 0.1 60 0 0 4737 0.0 40 0 0 120 57.7 49.0 49.0
4937 0.1 60 0 0 4737 0.0 40 0 0 150 57.6 49.2 49.2
4937 0.1 60 0 0 4737 0.0 40 0 0 180 57.5 49.2 49.2
4937 0.1 60 0 0 4737 0.0 50 0 0 0 57.1 49.7 49.7
4937 0.1 60 0 0 4737 0.0 50 0 0 30 57.2 49.8 49.8
4937 0.1 60 0 0 4737 0.0 50 0 0 60 57.2 49.7 49.7
4937 0.1 60 0 0 4737 0.0 50 0 0 90 57.0 49.6 49.6
4937 0.1 60 0 0 4737 0.0 50 0 0 120 56.8 49.6 49.6
4937 0.1 60 0 0 4737 0.0 50 0 0 150 56.7 49.4 49.4
4937 0.1 60 0 0 4737 0.0 50 0 0 180 56.7 49.3 49.3
4937 0.1 60 0 0 4737 0.0 60 0 0 0 55.5 51.4 51.4
4937 0.1 60 0 0 4737 0.0 60 0 0 30 55.7 51.5 51.5
4937 0.1 60 0 0 4737 0.0 60 0 0 60 55.6 51.3 51.3
4937 0.1 60 0 0 4737 0.0 60 0 0 90 55.4 51.1 51.1
4937 0.1 60 0 0 4737 0.0 60 0 0 120 55.3 50.8 50.8
4937 0.1 60 0 0 4737 0.0 60 0 0 150 55.2 50.4 50.4
4937 0.1 60 0 0 4737 0.0 60 0 0 180 55.2 50.1 50.1
4937 0.1 60 0 0 4737 0.1 0 0 0 0 59.0 53.2 53.2
4937 0.1 60 0 0 4737 0.1 0 0 0 30 59.1 53.2 53.2
4937 0.1 60 0 0 4737 0.1 0 0 0 60 59.1 53.0 53.0
4937 0.1 60 0 0 4737 0.1 0 0 0 90 59.0 52.7 52.7
4937 0.1 60 0 0 4737 0.1 0 0 0 120 58.8 52.6 52.6
4937 0.1 60 0 0 4737 0.1 0 0 0 150 58.6 52.9 52.9
4937 0.1 60 0 0 4737 0.1 0 0 0 180 58.5 53.5 53.5
4937 0.1 60 0 0 4737 0.1 10 0 0 0 58.9 52.8 52.8
4937 0.1 60 0 0 4737 0.1 10 0 0 30 59.1 52.8 52.8
4937 0.1 60 0 0 4737 0.1 10 0 0 60 59.0 52.6 52.6
4937 0.1 60 0 0 4737 0.1 10 0 0 90 58.9 52.3 52.3
4937 0.1 60 0 0 4737 0.1 10 0 0 120 58.7 52.2 52.2
4937 0.1 60 0 0 4737 0.1 10 0 0 150 58.5 52.4 52.4
4937 0.1 60 0 0 4737 0.1 10 0 0 180 58.5 53.0 53.0
4937 0.1 60 0 0 4737 0.1 20 0 0 0 58.7 51.4 51.4
4937 0.1 60 0 0 4737 0.1 20 0 0 30 58.9 51.4 51.4
4937 0.1 60 0 0 4737 0.1 20 0 0 60 58.8 51.2 51.2
4937 0.1 60 0 0 4737 0.1 20 0 0 90 58.7 51.0 51.0
4937 0.1 60 0 0 4737 0.1 20 0 0 120 58.5 50.8 50.8
4937 0.1 60 0 0 4737 0.1 20 0 0 150 58.3 50.9 50.9
4937 0.1 60 0 0 4737 0.1 20 0 0 180 58.3 51.5 51.5
4937 0.1 60 0 0 4737 0.1 30 0 0 0 58.3 48.5 48.5
4937 0.1 60 0 0 4737 0.1 30 0 0 30 58.5 48.5 48.5
4937 0.1 60 0 0 4737 0.1 30 0 0 60 58.4 48.4 48.4
4937 0.1 60 0 0 4737 0.1 30 0 0 90 58.3 48.2 48.2
4937 0.1 60 0 0 4737 0.1 30 0 0 120 58.1 48.2 48.2
4937 0.1 60 0 0 4737 0.1 30 0 0 150 57.9 48.6 48.6
4937 0.1 60 0 0 4737 0.1 30 0 0 180 57.9 49.1 49.1
4937 0.1 60 0 0 4737 0.1 40 0 0 0 57.8 48.6 48.6
4937 0.1 60 0 0 4737 0.1 40 0 0 30 57.9 48.6 48.6
4937 0.1 60 0 0 4737 0.1 40 0 0 60 57.9 48.6 48.6
4937 0.1 60 0 0 4737 0.1 40 0 0 90 57.7 48.4 48.4
4937 0.1 60 0 0 4737 0.1 40 0 0 120 57.5 48.3 48.3
4937 0.1 60 0 0 4737 0.1 40 0 0 150 57.3 48.5 48.5
4937 0.1 60 0 0 4737 0.1 40 0 0 180 57.3 48.8 48.8
4937 0.1 60 0 0 4737 0.1 50 0 0 0 56.9 49.5 49.5
4937 0.1 60 0 0 4737 0.1 50 0 0 30 57.0 49.6 49.6
4937 0.1 60 0 0 4737 0.1 50 0 0 60 57.0 49.5 49.5
4937 0.1 60 0 0 4737 0.1 50 0 0 90 56.8 49.3 49.3
4937 0.1 60 0 0 4737 0.1 50 0 0 120 56.5 49.1 49.1
4937 0.1 60 0 0 4737 0.1 50 0 0 150 56.4 49.0 49.0
4937 0.1 60 0 0 4737 0.1 50 0 0 180 56.4 48.8 48.8
4937 0.1 60 0 0 4737 0.1 60 0 0 0 55.4 51.2 51.2
4937 0.1 60 0 0 4737 0.1 60 0 0 30 55.5 51.2 51.2
4937 0.1 60 0 0 4737 0.1 60 0 0 60 55.4 51.1 51.1
4937 0.1 60 0 0 4737 0.1 60 0 0 90 55.2 50.8 50.8
4937 0.1 60 0 0 4737 0.1 60 0 0 120 55.0 50.6 50.6
4937 0.1 60 0 0 4737 0.1 60 0 0 150 54.9 50.1 50.1
4937 0.1 60 0 0 4737 0.1 60 0 0 180 54.9 49.7 49.7
4937 0.1 60 0 0 4737 0.2 0 0 0 0 58.8 52.9 52.9
4937 0.1 60 0 0 4737 0.2 0 0 0 30 58.9 52.8 52.8
4937 0.1 60 0 0 4737 0.2 0 0 0 60 58.9 52.7 52.7
4937 0.1 60 0 0 4737 0.2 0 0 0 90 58.8 52.4 52.4
4937 0.1 60 0 0 4737 0.2 0 0 0 120 58.6 52.2 52.2
4937 0.1 60 0 0 4737 0.2 0 0 0 150 58.3 52.4 52.4
4937 0.1 60 0 0 4737 0.2 0 0 0 180 58.4 53.0 53.0
4937 0.1 60 0 0 4737 0.2 10 0 0 0 58.7 52.4 52.4
4937 0.1 60 0 0 4737 0.2 10 0 0 30 58.8 52.3 52.3
4937 0.1 60 0 0 4737 0.2 10 0 0 60 58.8 52.2 52.2
4937 0.1 60 0 0 4737 0.2 10 0 0 90 58.7 51.9 51.9
4937 0.1 60 0 0 4737 0.2 10 0 0 120 58.5 51.7 51.7
4937 0.1 60 0 0 4737 0.2 10 0 0 150 58.3 51.9 51.9
4937 0.1 60 0 0 4737 0.2 10 0 0 180 58.3 52.6 52.6
4937 0.1 60 0 0 4737 0.2 20 0 0 0 58.5 50.9 50.9
4937 0.1 60 0 0 4737 0.2 20 0 0 30 58.6 50.9 50.9
4937 0.1 60 0 0 4737 0.2 20 0 0 60 58.6 50.7 50.7
4937 0.1 60 0 0 4737 0.2 20 0 0 90 58.4 50.4 50.4
4937 0.1 60 0 0 4737 0.2 20 0 0 120 58.3 50.2 50.2
4937 0.1 60 0 0 4737 0.2 20 0 0 150 58.1 50.2 50.2
4937 0.1 60 0 0 4737 0.2 20 0 0 180 58.1 50.9 50.9
4937 0.1 60 0 0 4737 0.2 30 0 0 0 58.1 48.4 48.4
4937 0.1 60 0 0 4737 0.2 30 0 0 30 58.2 48.3 48.3
4937 0.1 60 0 0 4737 0.2 30 0 0 60 58.2 48.2 48.2
4937 0.1 60 0 0 4737 0.2 30 0 0 90 58.0 48.0 48.0
4937 0.1 60 0 0 4737 0.2 30 0 0 120 57.9 47.7 47.7
4937 0.1 60 0 0 4737 0.2 30 0 0 150 57.7 48.0 48.0
4937 0.1 60 0 0 4737 0.2 30 0 0 180 57.7 48.5 48.5
4937 0.1 60 0 0 4737 0.2 40 0 0 0 57.6 48.5 48.5
4937 0.1 60 0 0 4737 0.2 40 0 0 30 57.7 48.5 48.5
4937 0.1 60 0 0 4737 0.2 40 0 0 60 57.6 48.4 48.4
4937 0.1 60 0 0 4737 0.2 40 0 0 90 57.4 48.2 48.2
4937 0.1 60 0 0 4737 0.2 40 0 0 120 57.2 47.9 47.9
4937 0.1 60 0 0 4737 0.2 40 0 0 150 57.0 47.9 47.9
4937 0.1 60 0 0 4737 0.2 40 0 0 180 57.1 48.4 48.4
4937 0.1 60 0 0 4737 0.2 50 0 0 0 56.7 49.3 49.3
4937 0.1 60 0 0 4737 0.2 50 0 0 30 56.8 49.3 49.3
4937 0.1 60 0 0 4737 0.2 50 0 0 60 56.8 49.3 49.3
4937 0.1 60 0 0 4737 0.2 50 0 0 90 56.5 49.0 49.0
4937 0.1 60 0 0 4737 0.2 50 0 0 120 56.3 48.7 48.7
4937 0.1 60 0 0 4737 0.2 50 0 0 150 56.1 48.6 48.6
4937 0.1 60 0 0 4737 0.2 50 0 0 180 56.2 48.5 48.5
4937 0.1 60 0 0 4737 0.2 60 0 0 0 55.2 50.8 50.8
4937 0.1 60 0 0 4737 0.2 60 0 0 30 55.3 50.9 50.9
4937 0.1 60 0 0 4737 0.2 60 0 0 60 55.3 50.8 50.8
4937 0.1 60 0 0 4737 0.2 60 0 0 90 55.1 50.5 50.5
4937 0.1 60 0 0 4737 0.2 60 0 0 120 54.8 50.2 50.2
4937 0.1 60 0 0 4737 0.2 60 0 0 150 54.6 49.9 49.9
4937 0.1 60 0 0 4737 0.2 60 0 0 180 54.5 49.3 49.3
4937 0.1 60 0 0 4737 0.3 0 0 0 0 58.6 52.4 52.4
4937 0.1 60 0 0 4737 0.3 0 0 0 30 58.7 52.4 52.4
4937 0.1 60 0 0 4737 0.3 0 0 0 60 58.6 52.3 52.3
4937 0.1 60 0 0 4737 0.3 0 0 0 90 58.5 52.0 52.0
4937 0.1 60 0 0 4737 0.3 0 0 0 120 58.3 51.8 51.8
4937 0.1 60 0 0 4737 0.3 0 0 0 150 58.1 51.9 51.9
4937 0.1 60 0 0 4737 0.3 0 0 0 180 58.1 52.5 52.5
4937 0.1 60 0 0 4737 0.3 10 0 0 0 58.5 51.9 51.9
4937 0.1 60 0 0 4737 0.3 10 0 0 30 58.6 51.9 51.9
4937 0.1 60 0 0 4737 0.3 10 0 0 60 58.6 51.7 51.7
4937 0.1 60 0 0 4737 0.3 10 0 0 90 58.4 51.5 51.5
4937 0.1 60 0 0 4737 0.3 10 0 0 120 58.2 51.2 51.2
4937 0.1 60 0 0 4737 0.3 10 0 0 150 58.0 51.2 51.2
4937 0.1 60 0 0 4737 0.3 10 0 0 180 58.0 52.0 52.0
4937 0.1 60 0 0 4737 0.3 20 0 0 0 58.3 50.2 50.2
4937 0.1 60 0 0 4737 0.3 20 0 0 30 58.4 50.2 50.2
4937 0.1 60 0 0 4737 0.3 20 0 0 60 58.3 50.0 50.0
4937 0.1 60 0 0 4737 0.3 20 0 0 90 58.2 49.7 49.7
4937 0.1 60 0 0 4737 0.3 20 0 0 120 58.0 49.4 49.4
4937 0.1 60 0 0 4737 0.3 20 0 0 150 57.8 49.2 49.2
4937 0.1 60 0 0 4737 0.3 20 0 0 180 57.8 50.0 50.0
4937 0.1 60 0 0 4737 0.3 30 0 0 0 57.9 48.3 48.3
4937 0.1 60 0 0 4737 0.3 30 0 0 30 58.0 48.3 48.3
4937 0.1 60 0 0 4737 0.3 30 0 0 60 58.0 48.1 48.1
4937 0.1 60 0 0 4737 0.3 30 0 0 90 57.8 47.9 47.9
4937 0.1 60 0 0 4737 0.3 30 0 0 120 57.6 47.5 47.5
4937 0.1 60 0 0 4737 0.3 30 0 0 150 57.4 47.4 47.4
4937 0.1 60 0 0 4737 0.3 30 0 0 180 57.5 48.1 48.1
4937 0.1 60 0 0 4737 0.3 40 0 0 0 57.4 48.4 48.4
4937 0.1 60 0 0 4737 0.3 40 0 0 30 57.5 48.4 48.4
4937 0.1 60 0 0 4737 0.3 40 0 0 60 57.4 48.3 48.3
4937 0.1 60 0 0 4737 0.3 40 0 0 90 57.2 48.1 48.1
4937 0.1 60 0 0 4737 0.3 40 0 0 120 56.9 47.8 47.8
4937 0.1 60 0 0 4737 0.3 40 0 0 150 56.7 47.6 47.6
4937 0.1 60 0 0 4737 0.3 40 0 0 180 56.8 47.9 47.9
4937 0.1 60 0 0 4737 0.3 50 0 0 0 56.5 49.3 49.3
4937 0.1 60 0 0 4737 0.3 50 0 0 30 56.6 49.3 49.3
4937 0.1 60 0 0 4737 0.3 50 0 0 60 56.6 49.2 49.2
4937 0.1 60 0 0 4737 0.3 50 0 0 90 56.4 49.0 49.0
4937 0.1 60 0 0 4737 0.3 50 0 0 120 56.1 48.6 48.6
4937 0.1 60 0 0 4737 0.3 50 0 0 150 55.8 48.3 48.3
4937 0.1 60 0 0 4737 0.3 50 0 0 180 55.9 48.2 48.2
4937 0.1 60 0 0 4737 0.3 60 0 0 0 54.9 50.6 50.6
4937 0.1 60 0 0 4737 0.3 60 0 0 30 55.0 50.6 50.6
4937 0.1 60 0 0 4737 0.3 60 0 0 60 55.0 50.5 50.5
4937 0.1 60 0 0 4737 0.3 60 0 0 90 54.9 50.3 50.3
4937 0.1 60 0 0 4737 0.3 60 0 0 120 54.6 49.9 49.9
4937 0.1 60 0 0 4737 0.3 60 0 0 150 54.4 49.5 49.5
4937 0.1 60 0 0 4737 0.3 60 0 0 180 54.0 49.0 49.0
4937 0.1 60 0 0 4737 0.4 0 0 0 0 58.4 51.9 51.9
4937 0.1 60 0 0 4737 0.4 0 0 0 30 58.4 51.9 51.9
4937 0.1 60 0 0 4737 0.4 0 0 0 60 58.4 51.8 51.8
4937 0.1 60 0 0 4737 0.4 0 0 0 90 58.3 51.5 51.5
4937 0.1 60 0 0 4737 0.4 0 0 0 120 58.0 51.3 51.3
4937 0.1 60 0 0 4737 0.4 0 0 0 150 57.8 51.2 51.2
4937 0.1 60 0 0 4737 0.4 0 0 0 180 58.0 51.8 51.8
4937 0.1 60 0 0 4737 0.4 10 0 0 0 58.3 51.3 51.3
4937 0.1 60 0 0 4737 0.4 10 0 0 30 58.3 51.3 51.3
4937 0.1 60 0 0 4737 0.4 10 0 0 60 58.3 51.2 51.2
4937 0.1 60 0 0 4737 0.4 10 0 0 90 58.2 50.9 50.9
4937 0.1 60 0 0 4737 0.4 10 0 0 120 58.0 50.6 50.6
4937 0.1 60 0 0 4737 0.4 10 0 0 150 57.7 50.4 50.4
4937 0.1 60 0 0 4737 0.4 10 0 0 180 57.9 51.2 51.2
4937 0.1 60 0 0 4737 0.4 20 0 0 0 58.1 49.3 49.3
4937 0.1 60 0 0 4737 0.4 20 0 0 30 58.1 49.2 49.2
4937 0.1 60 0 0 4737 0.4 20 0 0 60 58.1 49.1 49.1
4937 0.1 60 0 0 4737 0.4 20 0 0 90 58.0 48.8 48.8
4937 0.1 60 0 0 4737 0.4 20 0 0 120 57.7 48.4 48.4
4937 0.1 60 0 0 4737 0.4 20 0 0 150 57.5 48.1 48.1
4937 0.1 60 0 0 4737 0.4 20 0 0 180 57.6 48.8 48.8
4937 0.1 60 0 0 4737 0.4 30 0 0 0 57.7 48.6 48.6
4937 0.1 60 0 0 4737 0.4 30 0 0 30 57.8 48.5 48.5
4937 0.1 60 0 0 4737 0.4 30 0 0 60 57.8 48.4 48.4
4937 0.1 60 0 0 4737 0.4 30 0 0 90 57.6 48.1 48.1
4937 0.1 60 0 0 4737 0.4 30 0 0 120 57.3 47.6 47.6
4937 0.1 60 0 0 4737 0.4 30 0 0 150 57.1 47.3 47.3
4937 0.1 60 0 0 4737 0.4 30 0 0 180 57.2 47.8 47.8
4937 0.1 60 0 0 4737 0.4 40 0 0 0 57.2 48.7 48.7
4937 0.1 60 0 0 4737 0.4 40 0 0 30 57.2 48.7 48.7
4937 0.1 60 0 0 4737 0.4 40 0 0 60 57.2 48.6 48.6
4937 0.1 60 0 0 4737 0.4 40 0 0 90 57.0 48.4 48.4
4937 0.1 60 0 0 4737 0.4 40 0 0 120 56.7 47.9 47.9
4937 0.1 60 0 0 4737 0.4 40 0 0 150 56.4 47.5 47.5
4937 0.1 60 0 0 4737 0.4 40 0 0 180 56.5 47.6 47.6
4937 0.1 60 0 0 4737 0.4 50 0 0 0 56.4 49.3 49.3
4937 0.1 60 0 0 4737 0.4 50 0 0 30 56.4 49.3 49.3
4937 0.1 60 0 0 4737 0.4 50 0 0 60 56.4 49.3 49.3
4937 0.1 60 0 0 4737 0.4 50 0 0 90 56.2 49.1 49.1
4937 0.1 60 0 0 4737 0.4 50 0 0 120 55.9 48.7 48.7
4937 0.1 60 0 0 4737 0.4 50 0 0 150 55.5 48.3 48.3
4937 0.1 60 0 0 4737 0.4 50 0 0 180 55.4 47.9 47.9
4937 0.1 60 0 0 4737 0.4 60 0 0 0 54.5 50.4 50.4
4937 0.1 60 0 0 4737 0.4 60 0 0 30 54.6 50.5 50.5
4937 0.1 60 0 0 4737 0.4 60 0 0 60 54.6 50.4 50.4
4937 0.1 60 0 0 4737 0.4 60 0 0 90 54.5 50.2 50.2
4937 0.1 60 0 0 4737 0.4 60 0 0 120 54.3 49.8 49.8
4937 0.1 60 0 0 4737 0.4 60 0 0 150 54.2 49.3 49.3
4937 0.1 60 0 0 4737 0.4 60 0 0 180 53.3 48.7 48.7
4937 0.1 60 0 0 4737 0.5 0 0 0 0 58.1 51.0 51.0
4937 0.1 60 0 0 4737 0.5 0 0 0 30 58.2 50.9 50.9
4937 0.1 60 0 0 4737 0.5 0 0 0 60 58.1 50.9 50.9
4937 0.1 60 0 0 4737 0.5 0 0 0 90 58.0 50.7 50.7
4937 0.1 60 0 0 4737 0.5 0 0 0 120 57.8 50.5 50.5
4937 0.1 60 0 0 4737 0.5 0 0 0 150 57.5 50.2 50.2
4937 0.1 60 0 0 4737 0.5 0 0 0 180 57.7 50.7 50.7
4937 0.1 60 0 0 4737 0.5 10 0 0 0 58.1 50.3 50.3
4937 0.1 60 0 0 4737 0.5 10 0 0 30 58.1 50.2 50.2
4937 0.1 60 0 0 4737 0.5 10 0 0 60 58.0 50.1 50.1
4937 0.1 60 0 0 4737 0.5 10 0 0 90 58.0 49.9 49.9
4937 0.1 60 0 0 4737 0.5 10 0 0 120 57.7 49.6 49.6
4937 0.1 60 0 0 4737 0.5 10 0 0 150 57.4 49.1 49.1
4937 0.1 60 0 0 4737 0.5 10 0 0 180 57.6 49.7 49.7
4937 0.1 60 0 0 4737 0.5 20 0 0 0 57.9 49.3 49.3
4937 0.1 60 0 0 4737 0.5 20 0 0 30 57.9 49.3 49.3
4937 0.1 60 0 0 4737 0.5 20 0 0 60 57.9 49.2 49.2
4937 0.1 60 0 0 4737 0.5 20 0 0 90 57.8 49.0 49.0
4937 0.1 60 0 0 4737 0.5 20 0 0 120 57.5 48.5 48.5
4937 0.1 60 0 0 4737 0.5 20 0 0 150 57.1 47.9 47.9
4937 0.1 60 0 0 4737 0.5 20 0 0 180 57.3 48.4 48.4
4937 0.1 60 0 0 4737 0.5 30 0 0 0 57.6 49.0 49.0
4937 0.1 60 0 0 4737 0.5 30 0 0 30 57.6 49.0 49.0
4937 0.1 60 0 0 4737 0.5 30 0 0 60 57.5 48.9 48.9
4937 0.1 60 0 0 4737 0.5 30 0 0 90 57.4 48.7 48.7
4937 0.1 60 0 0 4737 0.5 30 0 0 120 57.1 48.2 48.2
4937 0.1 60 0 0 4737 0.5 30 0 0 150 56.7 47.6 47.6
4937 0.1 60 0 0 4737 0.5 30 0 0 180 56.9 47.8 47.8
4937 0.1 60 0 0 4737 0.5 40 0 0 0 57.0 49.2 49.2
4937 0.1 60 0 0 4737 0.5 40 0 0 30 57.1 49.1 49.1
4937 0.1 60 0 0 4737 0.5 40 0 0 60 57.0 49.1 49.1
4937 0.1 60 0 0 4737 0.5 40 0 0 90 56.9 48.8 48.8
4937 0.1 60 0 0 4737 0.5 40 0 0 120 56.6 48.4 48.4
4937 0.1 60 0 0 4737 0.5 40 0 0 150 56.1 47.9 47.9
4937 0.1 60 0 0 4737 0.5 40 0 0 180 56.1 47.4 47.4
4937 0.1 60 0 0 4737 0.5 50 0 0 0 56.1 49.7 49.7
4937 0.1 60 0 0 4737 0.5 50 0 0 30 56.2 49.6 49.6
4937 0.1 60 0 0 4737 0.5 50 0 0 60 56.2 49.5 49.5
4937 0.1 60 0 0 4737 0.5 50 0 0 90 56.1 49.3 49.3
4937 0.1 60 0 0 4737 0.5 50 0 0 120 55.8 48.9 48.9
4937 0.1 60 0 0 4737 0.5 50 0 0 150 55.3 48.3 48.3
4937 0.1 60 0 0 4737 0.5 50 0 0 180 54.9 47.7 47.7
4937 0.1 60 0 0 4737 0.5 60 0 0 0 54.4 50.3 50.3
4937 0.1 60 0 0 4737 0.5 60 0 0 30 54.4 50.3 50.3
4937 0.1 60 0 0 4737 0.5 60 0 0 60 54.5 50.4 50.4
4937 0.1 60 0 0 4737 0.5 60 0 0 90 54.4 50.2 50.2
4937 0.1 60 0 0 4737 0.5 60 0 0 120 54.1 49.8 49.8
4937 0.1 60 0 0 4737 0.5 60 0 0 150 54.0 49.2 49.2
4937 0.1 60 0 0 4737 0.5 60 0 0 180 53.0 48.3 48.3
4937 0.1 60 0 0 4937 0.0 0 0 0 0 41.5 44.5 44.5
4937 0.1 60 0 0 4937 0.0 0 0 0 30 46.7 46.6 46.6
4937 0.1 60 0 0 4937 0.0 0 0 0 60 55.0 50.9 50.9
4937 0.1 60 0 0 4937 0.0 0 0 0 90 63.0 56.2 56.2
4937 0.1 60 0 0 4937 0.0 0 0 0 120 69.3 60.8 60.8
4937 0.1 60 0 0 4937 0.0 0 0 0 150 71.8 63.1 63.1
4937 0.1 60 0 0 4937 0.0 0 0 0 180 72.0 62.8 62.8
4937 0.1 60 0 0 4937 0.0 10 0 0 0 41.4 42.2 42.2
4937 0.1 60 0 0 4937 0.0 10 0 0 30 46.6 45.2 45.2
4937 0.1 60 0 0 4937 0.0 10 0 0 60 54.9 50.1 50.1
4937 0.1 60 0 0 4937 0.0 10 0 0 90 62.8 55.7 55.7
4937 0.1 60 0 0 4937 0.0 10 0 0 120 69.2 61.0 61.0
4937 0.1 60 0 0 4937 0.0 10 0 0 150 71.7 63.7 63.7
4937 0.1 60 0 0 4937 0.0 10 0 0 180 72.0 63.3 63.3
4937 0.1 60 0 0 4937 0.0 20 0 0 0 41.0 39.4 39.4
4937 0.1 60 0 0 4937 0.0 20 0 0 30 46.4 42.9 42.9
4937 0.1 60 0 0 4937 0.0 20 0 0 60 54.6 48.3 48.3
4937 0.1 60 0 0 4937 0.0 20 0 0 90 62.6 54.4 54.4
4937 0.1 60 0 0 4937 0.0 20 0 0 120 69.0 60.1 60.1
4937 0.1 60 0 0 4937 0.0 20 0 0 150 71.5 62.9 62.9
4937 0.1 60 0 0 4937 0.0 20 0 0 180 71.7 62.8 62.8
4937 0.1 60 0 0 4937 0.0 30 0 0 0 40.4 34.8 34.8
4937 0.1 60 0 0 4937 0.0 30 0 0 30 46.0 38.9 38.9
4937 0.1 60 0 0 4937 0.0 30 0 0 60 54.3 44.9 44.9
4937 0.1 60 0 0 4937 0.0 30 0 0 90 62.2 51.3 51.3
4937 0.1 60 0 0 4937 0.0 30 0 0 120 68.6 57.5 57.5
4937 0.1 60 0 0 4937 0.0 30 0 0 150 71.1 59.9 59.9
4937 0.1 60 0 0 4937 0.0 30 0 0 180 71.2 59.9 59.9
4937 0.1 60 0 0 4937 0.0 40 0 0 0 39.4 33.4 33.4
4937 0.1 60 0 0 4937 0.0 40 0 0 30 45.4 38.0 38.0
4937 0.1 60 0 0 4937 0.0 40 0 0 60 53.7 44.6 44.6
4937 0.1 60 0 0 4937 0.0 40 0 0 90 61.6 51.4 51.4
4937 0.1 60 0 0 4937 0.0 40 0 0 120 68.0 57.6 57.6
4937 0.1 60 0 0 4937 0.0 40 0 0 150 70.4 59.9 59.9
4937 0.1 60 0 0 4937 0.0 40 0 0 180 70.4 59.9 59.9
4937 0.1 60 0 0 4937 0.0 50 0 0 0 38.1 33.2 33.2
4937 0.1 60 0 0 4937 0.0 50 0 0 30 44.7 38.1 38.1
4937 0.1 60 0 0 4937 0.0 50 0 0 60 52.9 45.2 45.2
4937 0.1 60 0 0 4937 0.0 50 0 0 90 60.7 52.1 52.1
4937 0.1 60 0 0 4937 0.0 50 0 0 120 67.0 58.4 58.4
4937 0.1 60 0 0 4937 0.0 50 0 0 150 69.2 60.8 60.8
4937 0.1 60 0 0 4937 0.0 50 0 0 180 69.2 60.8 60.8
4937 0.1 60 0 0 4937 0.0 60 0 0 0 36.8 33.8 33.8
4937 0.1 60 0 0 4937 0.0 60 0 0 30 43.5 38.9 38.9
4937 0.1 60 0 0 4937 0.0 60 0 0 60 51.7 46.2 46.2
4937 0.1 60 0 0 4937 0.0 60 0 0 90 59.1 53.4 53.4
4937 0.1 60 0 0 4937 0.0 60 0 0 120 65.1 59.8 59.8
4937 0.1 60 0 0 4937 0.0 60 0 0 150 67.3 62.6 62.6
4937 0.1 60 0 0 4937 0.0 60 0 0 180 67.3 62.6 62.6
4937 0.1 60 0 0 4937 0.1 0 0 0 0 41.0 44.4 44.4
4937 0.1 60 0 0 4937 0.1 0 0 0 30 45.4 45.8 45.8
4937 0.1 60 0 0 4937 0.1 0 0 0 60 52.4 49.0 49.0
4937 0.1 60 0 0 4937 0.1 0 0 0 90 60.1 54.0 54.0
4937 0.1 60 0 0 4937 0.1 0 0 0 120 67.0 59.7 59.7
4937 0.1 60 0 0 4937 0.1 0 0 0 150 70.8 63.2 63.2
4937 0.1 60 0 0 4937 0.1 0 0 0 180 72.1 61.9 61.9
4937 0.1 60 0 0 4937 0.1 10 0 0 0 40.8 42.1 42.1
4937 0.1 60 0 0 4937 0.1 10 0 0 30 45.3 44.2 44.2
4937 0.1 60 0 0 4937 0.1 10 0 0 60 52.3 48.0 48.0
4937 0.1 60 0 0 4937 0.1 10 0 0 90 60.0 53.4 53.4
4937 0.1 60 0 0 4937 0.1 10 0 0 120 67.0 59.4 59.4
4937 0.1 60 0 0 4937 0.1 10 0 0 150 70.8 63.7 63.7
4937 0.1 60 0 0 4937 0.1 10 0 0 180 72.0 62.5 62.5
4937 0.1 60 0 0 4937 0.1 20 0 0 0 40.4 39.1 39.1
4937 0.1 60 0 0 4937 0.1 20 0 0 30 45.0 41.7 41.7
4937 0.1 60 0 0 4937 0.1 20 0 0 60 52.0 46.1 46.1
4937 0.1 60 0 0 4937 0.1 20 0 0 90 59.7 51.9 51.9
4937 0.1 60 0 0 4937 0.1 20 0 0 120 66.8 58.3 58.3
4937 0.1 60 0 0 4937 0.1 20 0 0 150 70.6 62.8 62.8
4937 0.1 60 0 0 4937 0.1 20 0 0 180 71.7 62.2 62.2
4937 0.1 60 0 0 4937 0.1 30 0 0 0 39.6 34.4 34.4
4937 0.1 60 0 0 4937 0.1 30 0 0 30 44.5 37.6 37.6
4937 0.1 60 0 0 4937 0.1 30 0 0 60 51.6 42.5 42.5
4937 0.1 60 0 0 4937 0.1 30 0 0 90 59.3 48.7 48.7
4937 0.1 60 0 0 4937 0.1 30 0 0 120 66.4 55.4 55.4
4937 0.1 60 0 0 4937 0.1 30 0 0 150 70.2 59.7 59.7
4937 0.1 60 0 0 4937 0.1 30 0 0 180 71.2 59.7 59.7
4937 0.1 60 0 0 4937 0.1 40 0 0 0 38.6 32.8 32.8
4937 0.1 60 0 0 4937 0.1 40 0 0 30 43.9 36.5 36.5
4937 0.1 60 0 0 4937 0.1 40 0 0 60 51.1 42.2 42.2
4937 0.1 60 0 0 4937 0.1 40 0 0 90 58.8 48.6 48.6
4937 0.1 60 0 0 4937 0.1 40 0 0 120 65.9 55.3 55.3
4937 0.1 60 0 0 4937 0.1 40 0 0 150 69.5 59.5 59.5
4937 0.1 60 0 0 4937 0.1 40 0 0 180 70.4 59.7 59.7
4937 0.1 60 0 0 4937 0.1 50 0 0 0 37.0 32.0 32.0
4937 0.1 60 0 0 4937 0.1 50 0 0 30 43.2 36.3 36.3
4937 0.1 60 0 0 4937 0.1 50 0 0 60 50.3 42.4 42.4
4937 0.1 60 0 0 4937 0.1 50 0 0 90 57.9 49.0 49.0
4937 0.1 60 0 0 4937 0.1 50 0 0 120 64.9 55.8 55.8
4937 0.1 60 0 0 4937 0.1 50 0 0 150 68.4 60.4 60.4
4937 0.1 60 0 0 4937 0.1 50 0 0 180 69.2 60.7 60.7
4937 0.1 60 0 0 4937 0.1 60 0 0 0 35.2 31.9 31.9
4937 0.1 60 0 0 4937 0.1 60 0 0 30 42.0 36.9 36.9
4937 0.1 60 0 0 4937 0.1 60 0 0 60 49.2 43.2 43.2
4937 0.1 60 0 0 4937 0.1 60 0 0 90 56.5 49.9 49.9
4937 0.1 60 0 0 4937 0.1 60 0 0 120 63.1 57.0 57.0
4937 0.1 60 0 0 4937 0.1 60 0 0 150 66.5 61.8 61.8
4937 0.1 60 0 0 4937 0.1 60 0 0 180 67.3 62.4 62.4
4937 0.1 60 0 0 4937 0.2 0 0 0 0 41.2 44.3 44.3
4937 0.1 60 0 0 4937 0.2 0 0 0 30 44.6 45.5 45.5
4937 0.1 60 0 0 4937 0.2 0 0 0 60 50.0 47.7 47.7
4937 0.1 60 0 0 4937 0.2 0 0 0 90 57.0 51.5 51.5
4937 0.1 60 0 0 4937 0.2 0 0 0 120 64.5 57.7 57.7
4937 0.1 60 0 0 4937 0.2 0 0 0 150 69.5 63.1 63.1
4937 0.1 60 0 0 4937 0.2 0 0 0 180 72.0 60.9 60.9
4937 0.1 60 0 0 4937 0.2 10 0 0 0 41.0 42.0 42.0
4937 0.1 60 0 0 4937 0.2 10 0 0 30 44.5 43.6 43.6
4937 0.1 60 0 0 4937 0.2 10 0 0 60 49.8 46.4 46.4
4937 0.1 60 0 0 4937 0.2 10 0 0 90 56.9 50.8 50.8
4937 0.1 60 0 0 4937 0.2 10 0 0 120 64.5 57.3 57.3
4937 0.1 60 0 0 4937 0.2 10 0 0 150 69.4 63.5 63.5
4937 0.1 60 0 0 4937 0.2 10 0 0 180 72.0 61.5 61.5
4937 0.1 60 0 0 4937 0.2 20 0 0 0 40.7 39.0 39.0
4937 0.1 60 0 0 4937 0.2 20 0 0 30 44.1 41.0 41.0
4937 0.1 60 0 0 4937 0.2 20 0 0 60 49.6 44.3 44.3
4937 0.1 60 0 0 4937 0.2 20 0 0 90 56.7 49.1 49.1
4937 0.1 60 0 0 4937 0.2 20 0 0 120 64.2 55.9 55.9
4937 0.1 60 0 0 4937 0.2 20 0 0 150 69.2 62.2 62.2
4937 0.1 60 0 0 4937 0.2 20 0 0 180 71.7 61.3 61.3
4937 0.1 60 0 0 4937 0.2 30 0 0 0 40.1 34.6 34.6
4937 0.1 60 0 0 4937 0.2 30 0 0 30 43.6 36.8 36.8
4937 0.1 60 0 0 4937 0.2 30 0 0 60 49.2 40.7 40.7
4937 0.1 60 0 0 4937 0.2 30 0 0 90 56.3 46.1 46.1
4937 0.1 60 0 0 4937 0.2 30 0 0 120 63.9 53.1 53.1
4937 0.1 60 0 0 4937 0.2 30 0 0 150 68.7 59.0 59.0
4937 0.1 60 0 0 4937 0.2 30 0 0 180 71.2 59.7 59.7
4937 0.1 60 0 0 4937 0.2 40 0 0 0 39.2 33.0 33.0
4937 0.1 60 0 0 4937 0.2 40 0 0 30 42.9 35.6 35.6
4937 0.1 60 0 0 4937 0.2 40 0 0 60 48.7 40.0 40.0
4937 0.1 60 0 0 4937 0.2 40 0 0 90 55.7 45.7 45.7
4937 0.1 60 0 0 4937 0.2 40 0 0 120 63.4 52.7 52.7
4937 0.1 60 0 0 4937 0.2 40 0 0 150 68.0 58.6 58.6
4937 0.1 60 0 0 4937 0.2 40 0 0 180 70.5 59.7 59.7
4937 0.1 60 0 0 4937 0.2 50 0 0 0 38.2 32.4 32.4
4937 0.1 60 0 0 4937 0.2 50 0 0 30 41.9 35.1 35.1
4937 0.1 60 0 0 4937 0.2 50 0 0 60 47.9 40.0 40.0
4937 0.1 60 0 0 4937 0.2 50 0 0 90 55.0 46.0 46.0
4937 0.1 60 0 0 4937 0.2 50 0 0 120 62.5 53.0 53.0
4937 0.1 60 0 0 4937 0.2 50 0 0 150 66.9 59.1 59.1
4937 0.1 60 0 0 4937 0.2 50 0 0 180 69.3 60.5 60.5
4937 0.1 60 0 0 4937 0.2 60 0 0 0 37.0 32.5 32.5
4937 0.1 60 0 0 4937 0.2 60 0 0 30 40.7 35.1 35.1
4937 0.1 60 0 0 4937 0.2 60 0 0 60 46.7 40.4 40.4
4937 0.1 60 0 0 4937 0.2 60 0 0 90 53.6 46.6 46.6
4937 0.1 60 0 0 4937 0.2 60 0 0 120 60.7 53.9 53.9
4937 0.1 60 0 0 4937 0.2 60 0 0 150 65.0 60.3 60.3
4937 0.1 60 0 0 4937 0.2 60 0 0 180 67.3 62.0 62.0
4937 0.1 60 0 0 4937 0.3 0 0 0 0 42.2 44.2 44.2
4937 0.1 60 0 0 4937 0.3 0 0 0 30 44.3 45.3 45.3
4937 0.1 60 0 0 4937 0.3 0 0 0 60 48.1 47.0 47.0
4937 0.1 60 0 0 4937 0.3 0 0 0 90 54.0 49.7 49.7
4937 0.1 60 0 0 4937 0.3 0 0 0 120 61.9 55.2 55.2
4937 0.1 60 0 0 4937 0.3 0 0 0 150 67.7 62.6 62.6
4937 0.1 60 0 0 4937 0.3 0 0 0 180 71.4 59.8 59.8
4937 0.1 60 0 0 4937 0.3 10 0 0 0 42.1 42.1 42.1
4937 0.1 60 0 0 4937 0.3 10 0 0 30 44.2 43.4 43.4
4937 0.1 60 0 0 4937 0.3 10 0 0 60 47.9 45.4 45.4
4937 0.1 60 0 0 4937 0.3 10 0 0 90 53.9 48.6 48.6
4937 0.1 60 0 0 4937 0.3 10 0 0 120 61.8 54.6 54.6
4937 0.1 60 0 0 4937 0.3 10 0 0 150 67.7 62.5 62.5
4937 0.1 60 0 0 4937 0.3 10 0 0 180 71.3 60.4 60.4
4937 0.1 60 0 0 4937 0.3 20 0 0 0 41.8 39.1 39.1
4937 0.1 60 0 0 4937 0.3 20 0 0 30 43.8 40.5 40.5
4937 0.1 60 0 0 4937 0.3 20 0 0 60 47.6 42.9 42.9
4937 0.1 60 0 0 4937 0.3 20 0 0 90 53.6 46.6 46.6
4937 0.1 60 0 0 4937 0.3 20 0 0 120 61.5 53.0 53.0
4937 0.1 60 0 0 4937 0.3 20 0 0 150 67.4 60.6 60.6
4937 0.1 60 0 0 4937 0.3 20 0 0 180 71.1 60.1 60.1
4937 0.1 60 0 0 4937 0.3 30 0 0 0 41.4 35.4 35.4
4937 0.1 60 0 0 4937 0.3 30 0 0 30 43.3 36.9 36.9
4937 0.1 60 0 0 4937 0.3 30 0 0 60 47.1 39.7 39.7
4937 0.1 60 0 0 4937 0.3 30 0 0 90 53.2 44.0 44.0
4937 0.1 60 0 0 4937 0.3 30 0 0 120 61.2 50.6 50.6
4937 0.1 60 0 0 4937 0.3 30 0 0 150 67.0 57.8 57.8
4937 0.1 60 0 0 4937 0.3 30 0 0 180 70.7 59.1 59.1
4937 0.1 60 0 0 4937 0.3 40 0 0 0 40.9 34.2 34.2
4937 0.1 60 0 0 4937 0.3 40 0 0 30 42.6 35.6 35.6
4937 0.1 60 0 0 4937 0.3 40 0 0 60 46.4 38.6 38.6
4937 0.1 60 0 0 4937 0.3 40 0 0 90 52.7 43.2 43.2
4937 0.1 60 0 0 4937 0.3 40 0 0 120 60.7 50.0 50.0
4937 0.1 60 0 0 4937 0.3 40 0 0 150 66.2 57.2 57.2
4937 0.1 60 0 0 4937 0.3 40 0 0 180 70.0 59.7 59.7
4937 0.1 60 0 0 4937 0.3 50 0 0 0 40.2 33.7 33.7
4937 0.1 60 0 0 4937 0.3 50 0 0 30 41.6 34.8 34.8
4937 0.1 60 0 0 4937 0.3 50 0 0 60 45.7 37.9 37.9
4937 0.1 60 0 0 4937 0.3 50 0 0 90 51.9 43.0 43.0
4937 0.1 60 0 0 4937 0.3 50 0 0 120 59.8 50.0 50.0
4937 0.1 60 0 0 4937 0.3 50 0 0 150 65.1 57.5 57.5
4937 0.1 60 0 0 4937 0.3 50 0 0 180 69.0 60.5 60.5
4937 0.1 60 0 0 4937 0.3 60 0 0 0 39.4 33.9 33.9
4937 0.1 60 0 0 4937 0.3 60 0 0 30 40.5 34.3 34.3
4937 0.1 60 0 0 4937 0.3 60 0 0 60 44.5 37.8 37.8
4937 0.1 60 0 0 4937 0.3 60 0 0 90 50.7 43.3 43.3
4937 0.1 60 0 0 4937 0.3 60 0 0 120 58.0 50.6 50.6
4937 0.1 60 0 0 4937 0.3 60 0 0 150 63.1 58.3 58.3
4937 0.1 60 0 0 4937 0.3 60 0 0 180 67.0 61.9 61.9
4937 0.1 60 0 0 4937 0.4 0 0 0 0 43.8 44.3 44.3
4937 0.1 60 0 0 4937 0.4 0 0 0 30 44.9 45.3 45.3
4937 0.1 60 0 0 4937 0.4 0 0 0 60 47.0 46.6 46.6
4937 0.1 60 0 0 4937 0.4 0 0 0 90 51.1 48.7 48.7
4937 0.1 60 0 0 4937 0.4 0 0 0 120 59.0 52.5 52.5
4937 0.1 60 0 0 4937 0.4 0 0 0 150 65.7 61.2 61.2
4937 0.1 60 0 0 4937 0.4 0 0 0 180 70.3 58.5 58.5
4937 0.1 60 0 0 4937 0.4 10 0 0 0 43.7 42.3 42.3
4937 0.1 60 0 0 4937 0.4 10 0 0 30 44.8 43.3 43.3
4937 0.1 60 0 0 4937 0.4 10 0 0 60 46.9 44.9 44.9
4937 0.1 60 0 0 4937 0.4 10 0 0 90 51.0 47.2 47.2
4937 0.1 60 0 0 4937 0.4 10 0 0 120 58.9 51.7 51.7
4937 0.1 60 0 0 4937 0.4 10 0 0 150 65.6 60.7 60.7
4937 0.1 60 0 0 4937 0.4 10 0 0 180 70.2 59.1 59.1
4937 0.1 60 0 0 4937 0.4 20 0 0 0 43.5 39.1 39.1
4937 0.1 60 0 0 4937 0.4 20 0 0 30 44.5 40.0 40.0
4937 0.1 60 0 0 4937 0.4 20 0 0 60 46.5 41.8 41.8
4937 0.1 60 0 0 4937 0.4 20 0 0 90 50.7 44.6 44.6
4937 0.1 60 0 0 4937 0.4 20 0 0 120 58.6 49.7 49.7
4937 0.1 60 0 0 4937 0.4 20 0 0 150 65.3 58.0 58.0
4937 0.1 60 0 0 4937 0.4 20 0 0 180 70.0 58.2 58.2
4937 0.1 60 0 0 4937 0.4 30 0 0 0 43.2 36.8 36.8
4937 0.1 60 0 0 4937 0.4 30 0 0 30 44.2 37.5 37.5
4937 0.1 60 0 0 4937 0.4 30 0 0 60 46.0 39.5 39.5
4937 0.1 60 0 0 4937 0.4 30 0 0 90 50.3 42.4 42.4
4937 0.1 60 0 0 4937 0.4 30 0 0 120 58.2 48.0 48.0
4937 0.1 60 0 0 4937 0.4 30 0 0 150 64.8 56.3 56.3
4937 0.1 60 0 0 4937 0.4 30 0 0 180 69.5 58.5 58.5
4937 0.1 60 0 0 4937 0.4 40 0 0 0 42.9 35.8 35.8
4937 0.1 60 0 0 4937 0.4 40 0 0 30 43.7 36.3 36.3
4937 0.1 60 0 0 4937 0.4 40 0 0 60 45.3 38.1 38.1
4937 0.1 60 0 0 4937 0.4 40 0 0 90 49.7 41.2 41.2
4937 0.1 60 0 0 4937 0.4 40 0 0 120 57.7 47.2 47.2
4937 0.1 60 0 0 4937 0.4 40 0 0 150 64.1 55.7 55.7
4937 0.1 60 0 0 4937 0.4 40 0 0 180 68.8 59.5 59.5
4937 0.1 60 0 0 4937 0.4 50 0 0 0 42.4 35.4 35.4
4937 0.1 60 0 0 4937 0.4 50 0 0 30 43.1 35.6 35.6
4937 0.1 60 0 0 4937 0.4 50 0 0 60 44.4 37.1 37.1
4937 0.1 60 0 0 4937 0.4 50 0 0 90 48.9 40.5 40.5
4937 0.1 60 0 0 4937 0.4 50 0 0 120 56.8 46.9 46.9
4937 0.1 60 0 0 4937 0.4 50 0 0 150 62.9 55.6 55.6
4937 0.1 60 0 0 4937 0.4 50 0 0 180 67.7 60.4 60.4
4937 0.1 60 0 0 4937 0.4 60 0 0 0 41.8 35.5 35.5
4937 0.1 60 0 0 4937 0.4 60 0 0 30 42.4 35.5 35.5
4937 0.1 60 0 0 4937 0.4 60 0 0 60 43.6 36.5 36.5
4937 0.1 60 0 0 4937 0.4 60 0 0 90 47.6 40.2 40.2
4937 0.1 60 0 0 4937 0.4 60 0 0 120 54.7 47.1 47.1
4937 0.1 60 0 0 4937 0.4 60 0 0 150 60.6 56.1 56.1
4937 0.1 60 0 0 4937 0.4 60 0 0 180 65.4 61.6 61.6
4937 0.1 60 0 0 4937 0.5 0 0 0 0 45.6 44.6 44.6
4937 0.1 60 0 0 4937 0.5 0 0 0 30 46.2 45.3 45.3
4937 0.1 60 0 0 4937 0.5 0 0 0 60 47.2 46.3 46.3
4937 0.1 60 0 0 4937 0.5 0 0 0 90 49.4 48.0 48.0
4937 0.1 60 0 0 4937 0.5 0 0 0 120 55.5 50.9 50.9
4937 0.1 60 0 0 4937 0.5 0 0 0 150 63.2 58.8 58.8
4937 0.1 60 0 0 4937 0.5 0 0 0 180 68.9 56.9 56.9
4937 0.1 60 0 0 4937 0.5 10 0 0 0 45.5 42.8 42.8
4937 0.1 60 0 0 4937 0.5 10 0 0 30 46.1 43.3 43.3
4937 0.1 60 0 0 4937 0.5 10 0 0 60 47.1 44.5 44.5
4937 0.1 60 0 0 4937 0.5 10 0 0 90 49.3 46.3 46.3
4937 0.1 60 0 0 4937 0.5 10 0 0 120 55.4 49.7 49.7
4937 0.1 60 0 0 4937 0.5 10 0 0 150 63.2 57.7 57.7
4937 0.1 60 0 0 4937 0.5 10 0 0 180 68.8 57.1 57.1
4937 0.1 60 0 0 4937 0.5 20 0 0 0 45.4 40.4 40.4
4937 0.1 60 0 0 4937 0.5 20 0 0 30 45.9 40.7 40.7
4937 0.1 60 0 0 4937 0.5 20 0 0 60 46.8 41.8 41.8
4937 0.1 60 0 0 4937 0.5 20 0 0 90 48.9 43.8 43.8
4937 0.1 60 0 0 4937 0.5 20 0 0 120 55.1 47.5 47.5
4937 0.1 60 0 0 4937 0.5 20 0 0 150 62.9 55.7 55.7
4937 0.1 60 0 0 4937 0.5 20 0 0 180 68.5 57.0 57.0
4937 0.1 60 0 0 4937 0.5 30 0 0 0 45.2 38.6 38.6
4937 0.1 60 0 0 4937 0.5 30 0 0 30 45.7 38.9 38.9
4937 0.1 60 0 0 4937 0.5 30 0 0 60 46.5 39.7 39.7
4937 0.1 60 0 0 4937 0.5 30 0 0 90 48.4 41.8 41.8
4937 0.1 60 0 0 4937 0.5 30 0 0 120 54.7 45.8 45.8
4937 0.1 60 0 0 4937 0.5 30 0 0 150 62.4 54.5 54.5
4937 0.1 60 0 0 4937 0.5 30 0 0 180 68.0 57.9 57.9
4937 0.1 60 0 0 4937 0.5 40 0 0 0 45.0 37.7 37.7
4937 0.1 60 0 0 4937 0.5 40 0 0 30 45.4 37.9 37.9
4937 0.1 60 0 0 4937 0.5 40 0 0 60 46.1 38.4 38.4
4937 0.1 60 0 0 4937 0.5 40 0 0 90 47.8 40.4 40.4
4937 0.1 60 0 0 4937 0.5 40 0 0 120 54.1 44.5 44.5
4937 0.1 60 0 0 4937 0.5 40 0 0 150 61.5 53.7 53.7
4937 0.1 60 0 0 4937 0.5 40 0 0 180 67.3 58.9 58.9
4937 0.1 60 0 0 4937 0.5 50 0 0 0 44.7 37.2 37.2
4937 0.1 60 0 0 4937 0.5 50 0 0 30 45.0 37.3 37.3
4937 0.1 60 0 0 4937 0.5 50 0 0 60 45.6 37.7 37.7
4937 0.1 60 0 0 4937 0.5 50 0 0 90 47.1 39.4 39.4
4937 0.1 60 0 0 4937 0.5 50 0 0 120 53.2 43.9 43.9
4937 0.1 60 0 0 4937 0.5 50 0 0 150 60.2 53.5 53.5
4937 0.1 60 0 0 4937 0.5 50 0 0 180 66.0 59.9 59.9
4937 0.1 60 0 0 4937 0.5 60 0 0 0 44.3 37.3 37.3
4937 0.1 60 0 0 4937 0.5 60 0 0 30 44.6 37.2 37.2
4937 0.1 60 0 0 4937 0.5 60 0 0 60 45.1 37.5 37.5
4937 0.1 60 0 0 4937 0.5 60 0 0 90 46.4 38.7 38.7
4937 0.1 60 0 0 4937 0.5 60 0 0 120 51.3 43.5 43.5
4937 0.1 60 0 0 4937 0.5 60 0 0 150 57.9 53.5 53.5
4937 0.1 60 0 0 4937 0.5 60 0 0 180 63.5 61.0 61.0
