5137 0.5 50 0 0 4737 0.0 0 0 0 0 60.1 53.8 53.8
5137 0.5 50 0 0 4737 0.0 0 0 0 30 60.3 53.7 53.7
5137 0.5 50 0 0 4737 0.0 0 0 0 60 60.4 53.8 53.8
5137 0.5 50 0 0 4737 0.0 0 0 0 90 60.5 53.7 53.7
5137 0.5 50 0 0 4737 0.0 0 0 0 120 60.4 53.8 53.8
5137 0.5 50 0 0 4737 0.0 0 0 0 150 60.4 53.8 53.8
5137 0.5 50 0 0 4737 0.0 0 0 0 180 60.3 53.6 53.6
5137 0.5 50 0 0 4737 0.0 10 0 0 0 60.1 53.3 53.3
5137 0.5 50 0 0 4737 0.0 10 0 0 30 60.3 53.3 53.3
5137 0.5 50 0 0 4737 0.0 10 0 0 60 60.3 53.3 53.3
5137 0.5 50 0 0 4737 0.0 10 0 0 90 60.5 53.3 53.3
5137 0.5 50 0 0 4737 0.0 10 0 0 120 60.4 53.4 53.4
5137 0.5 50 0 0 4737 0.0 10 0 0 150 60.3 53.4 53.4
5137 0.5 50 0 0 4737 0.0 10 0 0 180 60.3 53.3 53.3
5137 0.5 50 0 0 4737 0.0 20 0 0 0 59.9 51.9 51.9
5137 0.5 50 0 0 4737 0.0 20 0 0 30 60.1 51.9 51.9
5137 0.5 50 0 0 4737 0.0 20 0 0 60 60.1 51.9 51.9
5137 0.5 50 0 0 4737 0.0 20 0 0 90 60.3 52.0 52.0
5137 0.5 50 0 0 4737 0.0 20 0 0 120 60.2 52.2 52.2
5137 0.5 50 0 0 4737 0.0 20 0 0 150 60.1 52.2 52.2
5137 0.5 50 0 0 4737 0.0 20 0 0 180 60.0 52.2 52.2
5137 0.5 50 0 0 4737 0.0 30 0 0 0 59.5 49.0 49.0
5137 0.5 50 0 0 4737 0.0 30 0 0 30 59.7 49.0 49.0
5137 0.5 50 0 0 4737 0.0 30 0 0 60 59.8 49.3 49.3
5137 0.5 50 0 0 4737 0.0 30 0 0 90 59.9 49.5 49.5
5137 0.5 50 0 0 4737 0.0 30 0 0 120 59.8 49.9 49.9
5137 0.5 50 0 0 4737 0.0 30 0 0 150 59.8 50.0 50.0
5137 0.5 50 0 0 4737 0.0 30 0 0 180 59.7 50.1 50.1
5137 0.5 50 0 0 4737 0.0 40 0 0 0 58.9 48.9 48.9
5137 0.5 50 0 0 4737 0.0 40 0 0 30 59.2 49.0 49.0
5137 0.5 50 0 0 4737 0.0 40 0 0 60 59.2 49.3 49.3
5137 0.5 50 0 0 4737 0.0 40 0 0 90 59.3 49.4 49.4
5137 0.5 50 0 0 4737 0.0 40 0 0 120 59.2 49.8 49.8
5137 0.5 50 0 0 4737 0.0 40 0 0 150 59.2 49.9 49.9
5137 0.5 50 0 0 4737 0.0 40 0 0 180 59.1 50.0 50.0
5137 0.5 50 0 0 4737 0.0 50 0 0 0 58.0 49.5 49.5
5137 0.5 50 0 0 4737 0.0 50 0 0 30 58.3 49.6 49.6
5137 0.5 50 0 0 4737 0.0 50 0 0 60 58.3 49.7 49.7
5137 0.5 50 0 0 4737 0.0 50 0 0 90 58.4 49.9 49.9
5137 0.5 50 0 0 4737 0.0 50 0 0 120 58.4 50.3 50.3
5137 0.5 50 0 0 4737 0.0 50 0 0 150 58.3 50.4 50.4
5137 0.5 50 0 0 4737 0.0 50 0 0 180 58.3 50.5 50.5
5137 0.5 50 0 0 4737 0.0 60 0 0 0 56.6 51.0 51.0
5137 0.5 50 0 0 4737 0.0 60 0 0 30 56.9 51.1 51.1
5137 0.5 50 0 0 4737 0.0 60 0 0 60 56.9 51.1 51.1
5137 0.5 50 0 0 4737 0.0 60 0 0 90 57.0 51.2 51.2
5137 0.5 50 0 0 4737 0.0 60 0 0 120 56.8 51.4 51.4
5137 0.5 50 0 0 4737 0.0 60 0 0 150 56.8 51.4 51.4
5137 0.5 50 0 0 4737 0.0 60 0 0 180 56.8 51.5 51.5
5137 0.5 50 0 0 4737 0.1 0 0 0 0 59.0 52.6 52.6
5137 0.5 50 0 0 4737 0.1 0 0 0 30 59.2 52.6 52.6
5137 0.5 50 0 0 4737 0.1 0 0 0 60 59.3 52.5 52.5
5137 0.5 50 0 0 4737 0.1 0 0 0 90 59.4 52.5 52.5
5137 0.5 50 0 0 4737 0.1 0 0 0 120 59.4 52.7 52.7
5137 0.5 50 0 0 4737 0.1 0 0 0 150 59.3 52.7 52.7
5137 0.5 50 0 0 4737 0.1 0 0 0 180 59.2 52.6 52.6
5137 0.5 50 0 0 4737 0.1 10 0 0 0 59.0 52.1 52.1
5137 0.5 50 0 0 4737 0.1 10 0 0 30 59.2 52.1 52.1
5137 0.5 50 0 0 4737 0.1 10 0 0 60 59.3 52.1 52.1
5137 0.5 50 0 0 4737 0.1 10 0 0 90 59.3 52.1 52.1
5137 0.5 50 0 0 4737 0.1 10 0 0 120 59.3 52.2 52.2
5137 0.5 50 0 0 4737 0.1 10 0 0 150 59.3 52.3 52.3
5137 0.5 50 0 0 4737 0.1 10 0 0 180 59.2 52.2 52.2
5137 0.5 50 0 0 4737 0.1 20 0 0 0 58.8 50.7 50.7
5137 0.5 50 0 0 4737 0.1 20 0 0 30 59.0 50.7 50.7
5137 0.5 50 0 0 4737 0.1 20 0 0 60 59.0 50.7 50.7
5137 0.5 50 0 0 4737 0.1 20 0 0 90 59.1 50.7 50.7
5137 0.5 50 0 0 4737 0.1 20 0 0 120 59.1 50.9 50.9
5137 0.5 50 0 0 4737 0.1 20 0 0 150 59.0 51.0 51.0
5137 0.5 50 0 0 4737 0.1 20 0 0 180 58.9 51.0 51.0
5137 0.5 50 0 0 4737 0.1 30 0 0 0 58.4 47.8 47.8
5137 0.5 50 0 0 4737 0.1 30 0 0 30 58.6 47.9 47.9
5137 0.5 50 0 0 4737 0.1 30 0 0 60 58.6 47.9 47.9
5137 0.5 50 0 0 4737 0.1 30 0 0 90 58.8 48.1 48.1
5137 0.5 50 0 0 4737 0.1 30 0 0 120 58.7 48.4 48.4
5137 0.5 50 0 0 4737 0.1 30 0 0 150 58.6 48.8 48.8
5137 0.5 50 0 0 4737 0.1 30 0 0 180 58.6 48.9 48.9
5137 0.5 50 0 0 4737 0.1 40 0 0 0 57.8 47.8 47.8
5137 0.5 50 0 0 4737 0.1 40 0 0 30 58.0 47.9 47.9
5137 0.5 50 0 0 4737 0.1 40 0 0 60 58.0 47.9 47.9
5137 0.5 50 0 0 4737 0.1 40 0 0 90 58.2 48.2 48.2
5137 0.5 50 0 0 4737 0.1 40 0 0 120 58.1 48.5 48.5
5137 0.5 50 0 0 4737 0.1 40 0 0 150 58.0 48.8 48.8
5137 0.5 50 0 0 4737 0.1 40 0 0 180 58.0 48.9 48.9
5137 0.5 50 0 0 4737 0.1 50 0 0 0 56.9 48.6 48.6
5137 0.5 50 0 0 4737 0.1 50 0 0 30 57.1 48.7 48.7
5137 0.5 50 0 0 4737 0.1 50 0 0 60 57.1 48.7 48.7
5137 0.5 50 0 0 4737 0.1 50 0 0 90 57.3 48.8 48.8
5137 0.5 50 0 0 4737 0.1 50 0 0 120 57.1 49.0 49.0
5137 0.5 50 0 0 4737 0.1 50 0 0 150 57.0 49.3 49.3
5137 0.5 50 0 0 4737 0.1 50 0 0 180 57.0 49.5 49.5
5137 0.5 50 0 0 4737 0.1 60 0 0 0 55.4 49.9 49.9
5137 0.5 50 0 0 4737 0.1 60 0 0 30 55.6 50.0 50.0
5137 0.5 50 0 0 4737 0.1 60 0 0 60 55.6 50.2 50.2
5137 0.5 50 0 0 4737 0.1 60 0 0 90 55.7 50.2 50.2
5137 0.5 50 0 0 4737 0.1 60 0 0 120 55.5 50.3 50.3
5137 0.5 50 0 0 4737 0.1 60 0 0 150 55.5 50.4 50.4
5137 0.5 50 0 0 4737 0.1 60 0 0 180 55.5 50.5 50.5
5137 0.5 50 0 0 4737 0.2 0 0 0 0 57.9 51.4 51.4
5137 0.5 50 0 0 4737 0.2 0 0 0 30 58.1 51.4 51.4
5137 0.5 50 0 0 4737 0.2 0 0 0 60 58.2 51.4 51.4
5137 0.5 50 0 0 4737 0.2 0 0 0 90 58.3 51.3 51.3
5137 0.5 50 0 0 4737 0.2 0 0 0 120 58.4 51.4 51.4
5137 0.5 50 0 0 4737 0.2 0 0 0 150 58.2 51.6 51.6
5137 0.5 50 0 0 4737 0.2 0 0 0 180 58.1 51.4 51.4
5137 0.5 50 0 0 4737 0.2 10 0 0 0 57.9 50.9 50.9
5137 0.5 50 0 0 4737 0.2 10 0 0 30 58.1 50.9 50.9
5137 0.5 50 0 0 4737 0.2 10 0 0 60 58.1 50.9 50.9
5137 0.5 50 0 0 4737 0.2 10 0 0 90 58.2 50.8 50.8
5137 0.5 50 0 0 4737 0.2 10 0 0 120 58.3 51.0 51.0
5137 0.5 50 0 0 4737 0.2 10 0 0 150 58.1 51.1 51.1
5137 0.5 50 0 0 4737 0.2 10 0 0 180 58.1 51.0 51.0
5137 0.5 50 0 0 4737 0.2 20 0 0 0 57.6 49.3 49.3
5137 0.5 50 0 0 4737 0.2 20 0 0 30 57.8 49.4 49.4
5137 0.5 50 0 0 4737 0.2 20 0 0 60 57.9 49.3 49.3
5137 0.5 50 0 0 4737 0.2 20 0 0 90 58.0 49.4 49.4
5137 0.5 50 0 0 4737 0.2 20 0 0 120 58.1 49.6 49.6
5137 0.5 50 0 0 4737 0.2 20 0 0 150 57.9 49.7 49.7
5137 0.5 50 0 0 4737 0.2 20 0 0 180 57.8 49.7 49.7
5137 0.5 50 0 0 4737 0.2 30 0 0 0 57.2 46.8 46.8
5137 0.5 50 0 0 4737 0.2 30 0 0 30 57.4 46.9 46.9
5137 0.5 50 0 0 4737 0.2 30 0 0 60 57.5 46.8 46.8
5137 0.5 50 0 0 4737 0.2 30 0 0 90 57.6 47.0 47.0
5137 0.5 50 0 0 4737 0.2 30 0 0 120 57.6 47.1 47.1
5137 0.5 50 0 0 4737 0.2 30 0 0 150 57.5 47.6 47.6
5137 0.5 50 0 0 4737 0.2 30 0 0 180 57.4 47.7 47.7
5137 0.5 50 0 0 4737 0.2 40 0 0 0 56.6 46.9 46.9
5137 0.5 50 0 0 4737 0.2 40 0 0 30 56.8 46.9 46.9
5137 0.5 50 0 0 4737 0.2 40 0 0 60 56.9 47.0 47.0
5137 0.5 50 0 0 4737 0.2 40 0 0 90 56.9 47.0 47.0
5137 0.5 50 0 0 4737 0.2 40 0 0 120 57.0 47.3 47.3
5137 0.5 50 0 0 4737 0.2 40 0 0 150 56.8 47.8 47.8
5137 0.5 50 0 0 4737 0.2 40 0 0 180 56.8 47.9 47.9
5137 0.5 50 0 0 4737 0.2 50 0 0 0 55.7 47.7 47.7
5137 0.5 50 0 0 4737 0.2 50 0 0 30 55.8 47.7 47.7
5137 0.5 50 0 0 4737 0.2 50 0 0 60 56.0 47.7 47.7
5137 0.5 50 0 0 4737 0.2 50 0 0 90 56.0 47.7 47.7
5137 0.5 50 0 0 4737 0.2 50 0 0 120 56.0 47.9 47.9
5137 0.5 50 0 0 4737 0.2 50 0 0 150 55.8 48.2 48.2
5137 0.5 50 0 0 4737 0.2 50 0 0 180 55.8 48.4 48.4
5137 0.5 50 0 0 4737 0.2 60 0 0 0 54.2 48.8 48.8
5137 0.5 50 0 0 4737 0.2 60 0 0 30 54.3 49.0 49.0
5137 0.5 50 0 0 4737 0.2 60 0 0 60 54.3 49.1 49.1
5137 0.5 50 0 0 4737 0.2 60 0 0 90 54.4 49.1 49.1
5137 0.5 50 0 0 4737 0.2 60 0 0 120 54.2 49.3 49.3
5137 0.5 50 0 0 4737 0.2 60 0 0 150 54.1 49.5 49.5
5137 0.5 50 0 0 4737 0.2 60 0 0 180 54.1 49.4 49.4
5137 0.5 50 0 0 4737 0.3 0 0 0 0 56.9 50.1 50.1
5137 0.5 50 0 0 4737 0.3 0 0 0 30 57.0 50.1 50.1
5137 0.5 50 0 0 4737 0.3 0 0 0 60 57.1 50.1 50.1
5137 0.5 50 0 0 4737 0.3 0 0 0 90 57.2 50.1 50.1
5137 0.5 50 0 0 4737 0.3 0 0 0 120 57.2 50.2 50.2
5137 0.5 50 0 0 4737 0.3 0 0 0 150 57.0 50.3 50.3
5137 0.5 50 0 0 4737 0.3 0 0 0 180 57.0 50.2 50.2
5137 0.5 50 0 0 4737 0.3 10 0 0 0 56.8 49.6 49.6
5137 0.5 50 0 0 4737 0.3 10 0 0 30 56.9 49.6 49.6
5137 0.5 50 0 0 4737 0.3 10 0 0 60 57.0 49.6 49.6
5137 0.5 50 0 0 4737 0.3 10 0 0 90 57.1 49.6 49.6
5137 0.5 50 0 0 4737 0.3 10 0 0 120 57.1 49.7 49.7
5137 0.5 50 0 0 4737 0.3 10 0 0 150 57.0 49.9 49.9
5137 0.5 50 0 0 4737 0.3 10 0 0 180 56.9 49.8 49.8
5137 0.5 50 0 0 4737 0.3 20 0 0 0 56.6 47.8 47.8
5137 0.5 50 0 0 4737 0.3 20 0 0 30 56.7 47.8 47.8
5137 0.5 50 0 0 4737 0.3 20 0 0 60 56.8 47.8 47.8
5137 0.5 50 0 0 4737 0.3 20 0 0 90 56.9 47.8 47.8
5137 0.5 50 0 0 4737 0.3 20 0 0 120 56.9 47.9 47.9
5137 0.5 50 0 0 4737 0.3 20 0 0 150 56.7 48.2 48.2
5137 0.5 50 0 0 4737 0.3 20 0 0 180 56.7 48.2 48.2
5137 0.5 50 0 0 4737 0.3 30 0 0 0 56.1 45.9 45.9
5137 0.5 50 0 0 4737 0.3 30 0 0 30 56.3 45.9 45.9
5137 0.5 50 0 0 4737 0.3 30 0 0 60 56.4 45.9 45.9
5137 0.5 50 0 0 4737 0.3 30 0 0 90 56.5 45.9 45.9
5137 0.5 50 0 0 4737 0.3 30 0 0 120 56.4 46.1 46.1
5137 0.5 50 0 0 4737 0.3 30 0 0 150 56.3 46.5 46.5
5137 0.5 50 0 0 4737 0.3 30 0 0 180 56.3 46.8 46.8
5137 0.5 50 0 0 4737 0.3 40 0 0 0 55.5 46.1 46.1
5137 0.5 50 0 0 4737 0.3 40 0 0 30 55.6 46.1 46.1
5137 0.5 50 0 0 4737 0.3 40 0 0 60 55.7 46.1 46.1
5137 0.5 50 0 0 4737 0.3 40 0 0 90 55.8 46.1 46.1
5137 0.5 50 0 0 4737 0.3 40 0 0 120 55.7 46.3 46.3
5137 0.5 50 0 0 4737 0.3 40 0 0 150 55.6 46.7 46.7
5137 0.5 50 0 0 4737 0.3 40 0 0 180 55.6 47.0 47.0
5137 0.5 50 0 0 4737 0.3 50 0 0 0 54.5 47.0 47.0
5137 0.5 50 0 0 4737 0.3 50 0 0 30 54.7 47.0 47.0
5137 0.5 50 0 0 4737 0.3 50 0 0 60 54.7 46.9 46.9
5137 0.5 50 0 0 4737 0.3 50 0 0 90 54.8 46.9 46.9
5137 0.5 50 0 0 4737 0.3 50 0 0 120 54.7 47.0 47.0
5137 0.5 50 0 0 4737 0.3 50 0 0 150 54.5 47.2 47.2
5137 0.5 50 0 0 4737 0.3 50 0 0 180 54.5 47.3 47.3
5137 0.5 50 0 0 4737 0.3 60 0 0 0 52.8 47.8 47.8
5137 0.5 50 0 0 4737 0.3 60 0 0 30 53.0 47.9 47.9
5137 0.5 50 0 0 4737 0.3 60 0 0 60 52.9 48.0 48.0
5137 0.5 50 0 0 4737 0.3 60 0 0 90 53.0 48.1 48.1
5137 0.5 50 0 0 4737 0.3 60 0 0 120 52.8 48.2 48.2
5137 0.5 50 0 0 4737 0.3 60 0 0 150 52.7 48.4 48.4
5137 0.5 50 0 0 4737 0.3 60 0 0 180 52.6 48.3 48.3
5137 0.5 50 0 0 4737 0.4 0 0 0 0 55.8 48.8 48.8
5137 0.5 50 0 0 4737 0.4 0 0 0 30 55.8 48.8 48.8
5137 0.5 50 0 0 4737 0.4 0 0 0 60 55.9 48.7 48.7
5137 0.5 50 0 0 4737 0.4 0 0 0 90 56.1 48.7 48.7
5137 0.5 50 0 0 4737 0.4 0 0 0 120 56.0 48.8 48.8
5137 0.5 50 0 0 4737 0.4 0 0 0 150 55.9 49.0 49.0
5137 0.5 50 0 0 4737 0.4 0 0 0 180 55.9 48.8 48.8
5137 0.5 50 0 0 4737 0.4 10 0 0 0 55.7 48.1 48.1
5137 0.5 50 0 0 4737 0.4 10 0 0 30 55.8 48.1 48.1
5137 0.5 50 0 0 4737 0.4 10 0 0 60 55.9 48.2 48.2
5137 0.5 50 0 0 4737 0.4 10 0 0 90 56.0 48.1 48.1
5137 0.5 50 0 0 4737 0.4 10 0 0 120 55.9 48.2 48.2
5137 0.5 50 0 0 4737 0.4 10 0 0 150 55.9 48.4 48.4
5137 0.5 50 0 0 4737 0.4 10 0 0 180 55.8 48.3 48.3
5137 0.5 50 0 0 4737 0.4 20 0 0 0 55.5 46.1 46.1
5137 0.5 50 0 0 4737 0.4 20 0 0 30 55.5 45.9 45.9
5137 0.5 50 0 0 4737 0.4 20 0 0 60 55.6 46.0 46.0
5137 0.5 50 0 0 4737 0.4 20 0 0 90 55.7 46.0 46.0
5137 0.5 50 0 0 4737 0.4 20 0 0 120 55.7 46.1 46.1
5137 0.5 50 0 0 4737 0.4 20 0 0 150 55.6 46.3 46.3
5137 0.5 50 0 0 4737 0.4 20 0 0 180 55.5 46.3 46.3
5137 0.5 50 0 0 4737 0.4 30 0 0 0 55.0 45.3 45.3
5137 0.5 50 0 0 4737 0.4 30 0 0 30 55.1 45.2 45.2
5137 0.5 50 0 0 4737 0.4 30 0 0 60 55.1 45.2 45.2
5137 0.5 50 0 0 4737 0.4 30 0 0 90 55.3 45.3 45.3
5137 0.5 50 0 0 4737 0.4 30 0 0 120 55.2 45.2 45.2
5137 0.5 50 0 0 4737 0.4 30 0 0 150 55.1 45.5 45.5
5137 0.5 50 0 0 4737 0.4 30 0 0 180 55.1 46.0 46.0
5137 0.5 50 0 0 4737 0.4 40 0 0 0 54.3 45.5 45.5
5137 0.5 50 0 0 4737 0.4 40 0 0 30 54.4 45.6 45.6
5137 0.5 50 0 0 4737 0.4 40 0 0 60 54.5 45.5 45.5
5137 0.5 50 0 0 4737 0.4 40 0 0 90 54.6 45.5 45.5
5137 0.5 50 0 0 4737 0.4 40 0 0 120 54.5 45.5 45.5
5137 0.5 50 0 0 4737 0.4 40 0 0 150 54.3 45.7 45.7
5137 0.5 50 0 0 4737 0.4 40 0 0 180 54.3 46.1 46.1
5137 0.5 50 0 0 4737 0.4 50 0 0 0 53.3 46.2 46.2
5137 0.5 50 0 0 4737 0.4 50 0 0 30 53.3 46.3 46.3
5137 0.5 50 0 0 4737 0.4 50 0 0 60 53.4 46.2 46.2
5137 0.5 50 0 0 4737 0.4 50 0 0 90 53.5 46.2 46.2
5137 0.5 50 0 0 4737 0.4 50 0 0 120 53.3 46.2 46.2
5137 0.5 50 0 0 4737 0.4 50 0 0 150 53.2 46.5 46.5
5137 0.5 50 0 0 4737 0.4 50 0 0 180 53.2 46.4 46.4
5137 0.5 50 0 0 4737 0.4 60 0 0 0 51.4 46.8 46.8
5137 0.5 50 0 0 4737 0.4 60 0 0 30 51.5 46.9 46.9
5137 0.5 50 0 0 4737 0.4 60 0 0 60 51.4 47.0 47.0
5137 0.5 50 0 0 4737 0.4 60 0 0 90 51.4 47.1 47.1
5137 0.5 50 0 0 4737 0.4 60 0 0 120 51.2 47.3 47.3
5137 0.5 50 0 0 4737 0.4 60 0 0 150 50.9 47.5 47.5
5137 0.5 50 0 0 4737 0.4 60 0 0 180 51.0 47.3 47.3
5137 0.5 50 0 0 4737 0.5 0 0 0 0 54.7 47.0 47.0
5137 0.5 50 0 0 4737 0.5 0 0 0 30 54.7 46.9 46.9
5137 0.5 50 0 0 4737 0.5 0 0 0 60 54.7 46.9 46.9
5137 0.5 50 0 0 4737 0.5 0 0 0 90 54.9 47.0 47.0
5137 0.5 50 0 0 4737 0.5 0 0 0 120 54.9 46.9 46.9
5137 0.5 50 0 0 4737 0.5 0 0 0 150 54.8 47.1 47.1
5137 0.5 50 0 0 4737 0.5 0 0 0 180 54.7 47.0 47.0
5137 0.5 50 0 0 4737 0.5 10 0 0 0 54.6 46.1 46.1
5137 0.5 50 0 0 4737 0.5 10 0 0 30 54.6 46.1 46.1
5137 0.5 50 0 0 4737 0.5 10 0 0 60 54.6 46.1 46.1
5137 0.5 50 0 0 4737 0.5 10 0 0 90 54.8 46.1 46.1
5137 0.5 50 0 0 4737 0.5 10 0 0 120 54.8 46.1 46.1
5137 0.5 50 0 0 4737 0.5 10 0 0 150 54.7 46.3 46.3
5137 0.5 50 0 0 4737 0.5 10 0 0 180 54.6 46.2 46.2
5137 0.5 50 0 0 4737 0.5 20 0 0 0 54.3 45.1 45.1
5137 0.5 50 0 0 4737 0.5 20 0 0 30 54.3 45.1 45.1
5137 0.5 50 0 0 4737 0.5 20 0 0 60 54.4 45.1 45.1
5137 0.5 50 0 0 4737 0.5 20 0 0 90 54.5 45.0 45.0
5137 0.5 50 0 0 4737 0.5 20 0 0 120 54.5 45.2 45.2
5137 0.5 50 0 0 4737 0.5 20 0 0 150 54.4 45.4 45.4
5137 0.5 50 0 0 4737 0.5 20 0 0 180 54.3 45.3 45.3
5137 0.5 50 0 0 4737 0.5 30 0 0 0 53.8 44.9 44.9
5137 0.5 50 0 0 4737 0.5 30 0 0 30 53.8 44.8 44.8
5137 0.5 50 0 0 4737 0.5 30 0 0 60 53.9 44.8 44.8
5137 0.5 50 0 0 4737 0.5 30 0 0 90 54.1 44.8 44.8
5137 0.5 50 0 0 4737 0.5 30 0 0 120 54.0 44.8 44.8
5137 0.5 50 0 0 4737 0.5 30 0 0 150 53.9 45.0 45.0
5137 0.5 50 0 0 4737 0.5 30 0 0 180 53.8 45.3 45.3
5137 0.5 50 0 0 4737 0.5 40 0 0 0 53.1 45.2 45.2
5137 0.5 50 0 0 4737 0.5 40 0 0 30 53.1 45.2 45.2
5137 0.5 50 0 0 4737 0.5 40 0 0 60 53.2 45.1 45.1
5137 0.5 50 0 0 4737 0.5 40 0 0 90 53.3 45.0 45.0
5137 0.5 50 0 0 4737 0.5 40 0 0 120 53.2 45.1 45.1
5137 0.5 50 0 0 4737 0.5 40 0 0 150 53.1 45.2 45.2
5137 0.5 50 0 0 4737 0.5 40 0 0 180 53.0 45.4 45.4
5137 0.5 50 0 0 4737 0.5 50 0 0 0 52.0 45.5 45.5
5137 0.5 50 0 0 4737 0.5 50 0 0 30 52.0 45.6 45.6
5137 0.5 50 0 0 4737 0.5 50 0 0 60 52.0 45.7 45.7
5137 0.5 50 0 0 4737 0.5 50 0 0 90 52.2 45.6 45.6
5137 0.5 50 0 0 4737 0.5 50 0 0 120 52.0 45.6 45.6
5137 0.5 50 0 0 4737 0.5 50 0 0 150 51.8 45.8 45.8
5137 0.5 50 0 0 4737 0.5 50 0 0 180 51.8 45.7 45.7
5137 0.5 50 0 0 4737 0.5 60 0 0 0 50.3 45.9 45.9
5137 0.5 50 0 0 4737 0.5 60 0 0 30 50.3 46.0 46.0
5137 0.5 50 0 0 4737 0.5 60 0 0 60 50.4 46.0 46.0
5137 0.5 50 0 0 4737 0.5 60 0 0 90 50.4 46.1 46.1
5137 0.5 50 0 0 4737 0.5 60 0 0 120 50.1 46.3 46.3
5137 0.5 50 0 0 4737 0.5 60 0 0 150 49.7 46.6 46.6
5137 0.5 50 0 0 4737 0.5 60 0 0 180 49.6 46.4 46.4
5137 0.5 50 0 0 4937 0.0 0 0 0 0 60.4 54.9 54.9
5137 0.5 50 0 0 4937 0.0 0 0 0 30 60.8 55.8 55.8
5137 0.5 50 0 0 4937 0.0 0 0 0 60 61.1 56.2 56.2
5137 0.5 50 0 0 4937 0.0 0 0 0 90 61.3 56.0 56.0
5137 0.5 50 0 0 4937 0.0 0 0 0 120 61.3 55.5 55.5
5137 0.5 50 0 0 4937 0.0 0 0 0 150 61.1 54.7 54.7
5137 0.5 50 0 0 4937 0.0 0 0 0 180 60.9 53.8 53.8
5137 0.5 50 0 0 4937 0.0 10 0 0 0 60.4 54.4 54.4
5137 0.5 50 0 0 4937 0.0 10 0 0 30 60.8 55.3 55.3
5137 0.5 50 0 0 4937 0.0 10 0 0 60 61.1 55.7 55.7
5137 0.5 50 0 0 4937 0.0 10 0 0 90 61.2 55.5 55.5
5137 0.5 50 0 0 4937 0.0 10 0 0 120 61.3 55.1 55.1
5137 0.5 50 0 0 4937 0.0 10 0 0 150 61.1 54.5 54.5
5137 0.5 50 0 0 4937 0.0 10 0 0 180 60.8 53.6 53.6
5137 0.5 50 0 0 4937 0.0 20 0 0 0 60.2 53.0 53.0
5137 0.5 50 0 0 4937 0.0 20 0 0 30 60.6 53.9 53.9
5137 0.5 50 0 0 4937 0.0 20 0 0 60 60.9 54.3 54.3
5137 0.5 50 0 0 4937 0.0 20 0 0 90 61.0 54.2 54.2
5137 0.5 50 0 0 4937 0.0 20 0 0 120 61.1 53.9 53.9
5137 0.5 50 0 0 4937 0.0 20 0 0 150 60.9 53.4 53.4
5137 0.5 50 0 0 4937 0.0 20 0 0 180 60.6 52.6 52.6
5137 0.5 50 0 0 4937 0.0 30 0 0 0 59.8 50.3 50.3
5137 0.5 50 0 0 4937 0.0 30 0 0 30 60.3 50.9 50.9
5137 0.5 50 0 0 4937 0.0 30 0 0 60 60.6 51.1 51.1
5137 0.5 50 0 0 4937 0.0 30 0 0 90 60.7 51.1 51.1
5137 0.5 50 0 0 4937 0.0 30 0 0 120 60.7 50.9 50.9
5137 0.5 50 0 0 4937 0.0 30 0 0 150 60.5 50.5 50.5
5137 0.5 50 0 0 4937 0.0 30 0 0 180 60.3 49.9 49.9
5137 0.5 50 0 0 4937 0.0 40 0 0 0 59.3 50.0 50.0
5137 0.5 50 0 0 4937 0.0 40 0 0 30 59.7 50.6 50.6
5137 0.5 50 0 0 4937 0.0 40 0 0 60 60.0 51.0 51.0
5137 0.5 50 0 0 4937 0.0 40 0 0 90 60.2 51.0 51.0
5137 0.5 50 0 0 4937 0.0 40 0 0 120 60.1 50.9 50.9
5137 0.5 50 0 0 4937 0.0 40 0 0 150 60.0 50.5 50.5
5137 0.5 50 0 0 4937 0.0 40 0 0 180 59.8 49.9 49.9
5137 0.5 50 0 0 4937 0.0 50 0 0 0 58.5 50.3 50.3
5137 0.5 50 0 0 4937 0.0 50 0 0 30 58.9 50.9 50.9
5137 0.5 50 0 0 4937 0.0 50 0 0 60 59.2 51.6 51.6
5137 0.5 50 0 0 4937 0.0 50 0 0 90 59.3 51.9 51.9
5137 0.5 50 0 0 4937 0.0 50 0 0 120 59.3 51.8 51.8
5137 0.5 50 0 0 4937 0.0 50 0 0 150 59.2 51.4 51.4
5137 0.5 50 0 0 4937 0.0 50 0 0 180 59.0 50.7 50.7
5137 0.5 50 0 0 4937 0.0 60 0 0 0 57.1 51.1 51.1
5137 0.5 50 0 0 4937 0.0 60 0 0 30 57.6 51.8 51.8
5137 0.5 50 0 0 4937 0.0 60 0 0 60 57.8 52.5 52.5
5137 0.5 50 0 0 4937 0.0 60 0 0 90 57.9 53.0 53.0
5137 0.5 50 0 0 4937 0.0 60 0 0 120 57.8 53.3 53.3
5137 0.5 50 0 0 4937 0.0 60 0 0 150 57.8 53.1 53.1
5137 0.5 50 0 0 4937 0.0 60 0 0 180 57.6 52.3 52.3
5137 0.5 50 0 0 4937 0.1 0 0 0 0 59.4 53.7 53.7
5137 0.5 50 0 0 4937 0.1 0 0 0 30 59.7 54.5 54.5
5137 0.5 50 0 0 4937 0.1 0 0 0 60 60.0 55.1 55.1
5137 0.5 50 0 0 4937 0.1 0 0 0 90 60.2 55.0 55.0
5137 0.5 50 0 0 4937 0.1 0 0 0 120 60.2 54.6 54.6
5137 0.5 50 0 0 4937 0.1 0 0 0 150 60.0 53.8 53.8
5137 0.5 50 0 0 4937 0.1 0 0 0 180 59.8 52.7 52.7
5137 0.5 50 0 0 4937 0.1 10 0 0 0 59.3 53.2 53.2
5137 0.5 50 0 0 4937 0.1 10 0 0 30 59.6 54.0 54.0
5137 0.5 50 0 0 4937 0.1 10 0 0 60 60.0 54.6 54.6
5137 0.5 50 0 0 4937 0.1 10 0 0 90 60.1 54.5 54.5
5137 0.5 50 0 0 4937 0.1 10 0 0 120 60.1 54.1 54.1
5137 0.5 50 0 0 4937 0.1 10 0 0 150 59.9 53.5 53.5
5137 0.5 50 0 0 4937 0.1 10 0 0 180 59.7 52.5 52.5
5137 0.5 50 0 0 4937 0.1 20 0 0 0 59.1 51.9 51.9
5137 0.5 50 0 0 4937 0.1 20 0 0 30 59.4 52.7 52.7
5137 0.5 50 0 0 4937 0.1 20 0 0 60 59.7 53.2 53.2
5137 0.5 50 0 0 4937 0.1 20 0 0 90 59.9 53.2 53.2
5137 0.5 50 0 0 4937 0.1 20 0 0 120 59.9 52.9 52.9
5137 0.5 50 0 0 4937 0.1 20 0 0 150 59.7 52.4 52.4
5137 0.5 50 0 0 4937 0.1 20 0 0 180 59.5 51.4 51.4
5137 0.5 50 0 0 4937 0.1 30 0 0 0 58.7 49.1 49.1
5137 0.5 50 0 0 4937 0.1 30 0 0 30 59.1 49.7 49.7
5137 0.5 50 0 0 4937 0.1 30 0 0 60 59.4 50.2 50.2
5137 0.5 50 0 0 4937 0.1 30 0 0 90 59.5 50.2 50.2
5137 0.5 50 0 0 4937 0.1 30 0 0 120 59.5 50.0 50.0
5137 0.5 50 0 0 4937 0.1 30 0 0 150 59.3 49.5 49.5
5137 0.5 50 0 0 4937 0.1 30 0 0 180 59.1 48.7 48.7
5137 0.5 50 0 0 4937 0.1 40 0 0 0 58.2 48.8 48.8
5137 0.5 50 0 0 4937 0.1 40 0 0 30 58.6 49.4 49.4
5137 0.5 50 0 0 4937 0.1 40 0 0 60 58.8 50.0 50.0
5137 0.5 50 0 0 4937 0.1 40 0 0 90 59.0 50.2 50.2
5137 0.5 50 0 0 4937 0.1 40 0 0 120 58.9 50.0 50.0
5137 0.5 50 0 0 4937 0.1 40 0 0 150 58.8 49.5 49.5
5137 0.5 50 0 0 4937 0.1 40 0 0 180 58.6 48.8 48.8
5137 0.5 50 0 0 4937 0.1 50 0 0 0 57.3 49.1 49.1
5137 0.5 50 0 0 4937 0.1 50 0 0 30 57.7 49.7 49.7
5137 0.5 50 0 0 4937 0.1 50 0 0 60 58.0 50.3 50.3
5137 0.5 50 0 0 4937 0.1 50 0 0 90 58.1 50.9 50.9
5137 0.5 50 0 0 4937 0.1 50 0 0 120 58.1 51.0 51.0
5137 0.5 50 0 0 4937 0.1 50 0 0 150 57.9 50.6 50.6
5137 0.5 50 0 0 4937 0.1 50 0 0 180 57.7 49.8 49.8
5137 0.5 50 0 0 4937 0.1 60 0 0 0 55.9 49.8 49.8
5137 0.5 50 0 0 4937 0.1 60 0 0 30 56.3 50.4 50.4
5137 0.5 50 0 0 4937 0.1 60 0 0 60 56.5 51.1 51.1
5137 0.5 50 0 0 4937 0.1 60 0 0 90 56.6 51.8 51.8
5137 0.5 50 0 0 4937 0.1 60 0 0 120 56.6 52.2 52.2
5137 0.5 50 0 0 4937 0.1 60 0 0 150 56.5 52.3 52.3
5137 0.5 50 0 0 4937 0.1 60 0 0 180 56.3 51.5 51.5
5137 0.5 50 0 0 4937 0.2 0 0 0 0 58.3 52.5 52.5
5137 0.5 50 0 0 4937 0.2 0 0 0 30 58.6 53.2 53.2
5137 0.5 50 0 0 4937 0.2 0 0 0 60 58.9 53.8 53.8
5137 0.5 50 0 0 4937 0.2 0 0 0 90 59.0 54.0 54.0
5137 0.5 50 0 0 4937 0.2 0 0 0 120 59.1 53.6 53.6
5137 0.5 50 0 0 4937 0.2 0 0 0 150 58.9 52.9 52.9
5137 0.5 50 0 0 4937 0.2 0 0 0 180 58.6 51.6 51.6
5137 0.5 50 0 0 4937 0.2 10 0 0 0 58.3 52.1 52.1
5137 0.5 50 0 0 4937 0.2 10 0 0 30 58.5 52.8 52.8
5137 0.5 50 0 0 4937 0.2 10 0 0 60 58.8 53.3 53.3
5137 0.5 50 0 0 4937 0.2 10 0 0 90 58.9 53.5 53.5
5137 0.5 50 0 0 4937 0.2 10 0 0 120 59.0 53.2 53.2
5137 0.5 50 0 0 4937 0.2 10 0 0 150 58.8 52.5 52.5
5137 0.5 50 0 0 4937 0.2 10 0 0 180 58.5 51.2 51.2
5137 0.5 50 0 0 4937 0.2 20 0 0 0 58.1 50.7 50.7
5137 0.5 50 0 0 4937 0.2 20 0 0 30 58.3 51.4 51.4
5137 0.5 50 0 0 4937 0.2 20 0 0 60 58.6 52.0 52.0
5137 0.5 50 0 0 4937 0.2 20 0 0 90 58.7 52.2 52.2
5137 0.5 50 0 0 4937 0.2 20 0 0 120 58.8 51.9 51.9
5137 0.5 50 0 0 4937 0.2 20 0 0 150 58.6 51.2 51.2
5137 0.5 50 0 0 4937 0.2 20 0 0 180 58.3 50.1 50.1
5137 0.5 50 0 0 4937 0.2 30 0 0 0 57.7 48.0 48.0
5137 0.5 50 0 0 4937 0.2 30 0 0 30 58.0 48.6 48.6
5137 0.5 50 0 0 4937 0.2 30 0 0 60 58.2 49.2 49.2
5137 0.5 50 0 0 4937 0.2 30 0 0 90 58.3 49.4 49.4
5137 0.5 50 0 0 4937 0.2 30 0 0 120 58.4 49.2 49.2
5137 0.5 50 0 0 4937 0.2 30 0 0 150 58.2 48.7 48.7
5137 0.5 50 0 0 4937 0.2 30 0 0 180 57.9 47.6 47.6
5137 0.5 50 0 0 4937 0.2 40 0 0 0 57.1 47.7 47.7
5137 0.5 50 0 0 4937 0.2 40 0 0 30 57.4 48.3 48.3
5137 0.5 50 0 0 4937 0.2 40 0 0 60 57.6 48.9 48.9
5137 0.5 50 0 0 4937 0.2 40 0 0 90 57.8 49.4 49.4
5137 0.5 50 0 0 4937 0.2 40 0 0 120 57.8 49.4 49.4
5137 0.5 50 0 0 4937 0.2 40 0 0 150 57.6 48.9 48.9
5137 0.5 50 0 0 4937 0.2 40 0 0 180 57.3 47.9 47.9
5137 0.5 50 0 0 4937 0.2 50 0 0 0 56.2 48.0 48.0
5137 0.5 50 0 0 4937 0.2 50 0 0 30 56.5 48.5 48.5
5137 0.5 50 0 0 4937 0.2 50 0 0 60 56.7 49.1 49.1
5137 0.5 50 0 0 4937 0.2 50 0 0 90 56.9 49.8 49.8
5137 0.5 50 0 0 4937 0.2 50 0 0 120 56.8 50.2 50.2
5137 0.5 50 0 0 4937 0.2 50 0 0 150 56.7 50.0 50.0
5137 0.5 50 0 0 4937 0.2 50 0 0 180 56.4 48.9 48.9
5137 0.5 50 0 0 4937 0.2 60 0 0 0 54.6 48.6 48.6
5137 0.5 50 0 0 4937 0.2 60 0 0 30 55.0 49.1 49.1
5137 0.5 50 0 0 4937 0.2 60 0 0 60 55.2 49.7 49.7
5137 0.5 50 0 0 4937 0.2 60 0 0 90 55.3 50.5 50.5
5137 0.5 50 0 0 4937 0.2 60 0 0 120 55.3 51.0 51.0
5137 0.5 50 0 0 4937 0.2 60 0 0 150 55.2 51.3 51.3
5137 0.5 50 0 0 4937 0.2 60 0 0 180 55.0 50.5 50.5
5137 0.5 50 0 0 4937 0.3 0 0 0 0 57.3 51.4 51.4
5137 0.5 50 0 0 4937 0.3 0 0 0 30 57.5 52.0 52.0
5137 0.5 50 0 0 4937 0.3 0 0 0 60 57.7 52.6 52.6
5137 0.5 50 0 0 4937 0.3 0 0 0 90 57.8 53.0 53.0
5137 0.5 50 0 0 4937 0.3 0 0 0 120 58.0 52.7 52.7
5137 0.5 50 0 0 4937 0.3 0 0 0 150 57.8 51.9 51.9
5137 0.5 50 0 0 4937 0.3 0 0 0 180 57.4 50.3 50.3
5137 0.5 50 0 0 4937 0.3 10 0 0 0 57.2 50.8 50.8
5137 0.5 50 0 0 4937 0.3 10 0 0 30 57.4 51.5 51.5
5137 0.5 50 0 0 4937 0.3 10 0 0 60 57.6 52.0 52.0
5137 0.5 50 0 0 4937 0.3 10 0 0 90 57.8 52.4 52.4
5137 0.5 50 0 0 4937 0.3 10 0 0 120 57.9 52.2 52.2
5137 0.5 50 0 0 4937 0.3 10 0 0 150 57.7 51.5 51.5
5137 0.5 50 0 0 4937 0.3 10 0 0 180 57.4 50.0 50.0
5137 0.5 50 0 0 4937 0.3 20 0 0 0 57.0 49.3 49.3
5137 0.5 50 0 0 4937 0.3 20 0 0 30 57.2 50.0 50.0
5137 0.5 50 0 0 4937 0.3 20 0 0 60 57.4 50.5 50.5
5137 0.5 50 0 0 4937 0.3 20 0 0 90 57.6 51.0 51.0
5137 0.5 50 0 0 4937 0.3 20 0 0 120 57.6 50.8 50.8
5137 0.5 50 0 0 4937 0.3 20 0 0 150 57.4 50.1 50.1
5137 0.5 50 0 0 4937 0.3 20 0 0 180 57.1 48.6 48.6
5137 0.5 50 0 0 4937 0.3 30 0 0 0 56.6 47.0 47.0
5137 0.5 50 0 0 4937 0.3 30 0 0 30 56.8 47.6 47.6
5137 0.5 50 0 0 4937 0.3 30 0 0 60 57.0 48.1 48.1
5137 0.5 50 0 0 4937 0.3 30 0 0 90 57.2 48.7 48.7
5137 0.5 50 0 0 4937 0.3 30 0 0 120 57.2 48.7 48.7
5137 0.5 50 0 0 4937 0.3 30 0 0 150 57.0 48.1 48.1
5137 0.5 50 0 0 4937 0.3 30 0 0 180 56.7 46.6 46.6
5137 0.5 50 0 0 4937 0.3 40 0 0 0 56.0 46.8 46.8
5137 0.5 50 0 0 4937 0.3 40 0 0 30 56.3 47.3 47.3
5137 0.5 50 0 0 4937 0.3 40 0 0 60 56.4 47.8 47.8
5137 0.5 50 0 0 4937 0.3 40 0 0 90 56.6 48.4 48.4
5137 0.5 50 0 0 4937 0.3 40 0 0 120 56.6 48.9 48.9
5137 0.5 50 0 0 4937 0.3 40 0 0 150 56.4 48.4 48.4
5137 0.5 50 0 0 4937 0.3 40 0 0 180 56.1 47.1 47.1
5137 0.5 50 0 0 4937 0.3 50 0 0 0 55.0 47.0 47.0
5137 0.5 50 0 0 4937 0.3 50 0 0 30 55.3 47.4 47.4
5137 0.5 50 0 0 4937 0.3 50 0 0 60 55.5 47.9 47.9
5137 0.5 50 0 0 4937 0.3 50 0 0 90 55.7 48.6 48.6
5137 0.5 50 0 0 4937 0.3 50 0 0 120 55.7 49.3 49.3
5137 0.5 50 0 0 4937 0.3 50 0 0 150 55.5 49.4 49.4
5137 0.5 50 0 0 4937 0.3 50 0 0 180 55.1 48.1 48.1
5137 0.5 50 0 0 4937 0.3 60 0 0 0 53.4 47.5 47.5
5137 0.5 50 0 0 4937 0.3 60 0 0 30 53.7 47.9 47.9
5137 0.5 50 0 0 4937 0.3 60 0 0 60 53.9 48.4 48.4
5137 0.5 50 0 0 4937 0.3 60 0 0 90 54.0 49.1 49.1
5137 0.5 50 0 0 4937 0.3 60 0 0 120 54.0 49.8 49.8
5137 0.5 50 0 0 4937 0.3 60 0 0 150 53.9 50.3 50.3
5137 0.5 50 0 0 4937 0.3 60 0 0 180 53.7 49.7 49.7
5137 0.5 50 0 0 4937 0.4 0 0 0 0 56.3 50.2 50.2
5137 0.5 50 0 0 4937 0.4 0 0 0 30 56.4 50.7 50.7
5137 0.5 50 0 0 4937 0.4 0 0 0 60 56.6 51.3 51.3
5137 0.5 50 0 0 4937 0.4 0 0 0 90 56.8 51.7 51.7
5137 0.5 50 0 0 4937 0.4 0 0 0 120 56.8 51.7 51.7
5137 0.5 50 0 0 4937 0.4 0 0 0 150 56.6 50.9 50.9
5137 0.5 50 0 0 4937 0.4 0 0 0 180 56.2 48.8 48.8
5137 0.5 50 0 0 4937 0.4 10 0 0 0 56.2 49.6 49.6
5137 0.5 50 0 0 4937 0.4 10 0 0 30 56.4 50.1 50.1
5137 0.5 50 0 0 4937 0.4 10 0 0 60 56.5 50.6 50.6
5137 0.5 50 0 0 4937 0.4 10 0 0 90 56.7 51.1 51.1
5137 0.5 50 0 0 4937 0.4 10 0 0 120 56.8 51.2 51.2
5137 0.5 50 0 0 4937 0.4 10 0 0 150 56.6 50.4 50.4
5137 0.5 50 0 0 4937 0.4 10 0 0 180 56.2 48.5 48.5
5137 0.5 50 0 0 4937 0.4 20 0 0 0 55.9 47.4 47.4
5137 0.5 50 0 0 4937 0.4 20 0 0 30 56.1 47.9 47.9
5137 0.5 50 0 0 4937 0.4 20 0 0 60 56.3 48.5 48.5
5137 0.5 50 0 0 4937 0.4 20 0 0 90 56.4 49.0 49.0
5137 0.5 50 0 0 4937 0.4 20 0 0 120 56.5 49.3 49.3
5137 0.5 50 0 0 4937 0.4 20 0 0 150 56.3 48.5 48.5
5137 0.5 50 0 0 4937 0.4 20 0 0 180 55.9 46.6 46.6
5137 0.5 50 0 0 4937 0.4 30 0 0 0 55.5 46.1 46.1
5137 0.5 50 0 0 4937 0.4 30 0 0 30 55.7 46.6 46.6
5137 0.5 50 0 0 4937 0.4 30 0 0 60 55.9 47.2 47.2
5137 0.5 50 0 0 4937 0.4 30 0 0 90 56.1 47.8 47.8
5137 0.5 50 0 0 4937 0.4 30 0 0 120 56.1 48.3 48.3
5137 0.5 50 0 0 4937 0.4 30 0 0 150 55.9 47.8 47.8
5137 0.5 50 0 0 4937 0.4 30 0 0 180 55.5 45.9 45.9
5137 0.5 50 0 0 4937 0.4 40 0 0 0 54.9 46.0 46.0
5137 0.5 50 0 0 4937 0.4 40 0 0 30 55.1 46.4 46.4
5137 0.5 50 0 0 4937 0.4 40 0 0 60 55.2 46.9 46.9
5137 0.5 50 0 0 4937 0.4 40 0 0 90 55.4 47.5 47.5
5137 0.5 50 0 0 4937 0.4 40 0 0 120 55.5 48.1 48.1
5137 0.5 50 0 0 4937 0.4 40 0 0 150 55.2 48.2 48.2
5137 0.5 50 0 0 4937 0.4 40 0 0 180 54.8 46.5 46.5
5137 0.5 50 0 0 4937 0.4 50 0 0 0 53.8 46.1 46.1
5137 0.5 50 0 0 4937 0.4 50 0 0 30 54.1 46.5 46.5
5137 0.5 50 0 0 4937 0.4 50 0 0 60 54.3 46.9 46.9
5137 0.5 50 0 0 4937 0.4 50 0 0 90 54.5 47.5 47.5
5137 0.5 50 0 0 4937 0.4 50 0 0 120 54.5 48.3 48.3
5137 0.5 50 0 0 4937 0.4 50 0 0 150 54.3 48.7 48.7
5137 0.5 50 0 0 4937 0.4 50 0 0 180 53.9 47.4 47.4
5137 0.5 50 0 0 4937 0.4 60 0 0 0 51.8 46.5 46.5
5137 0.5 50 0 0 4937 0.4 60 0 0 30 52.0 46.8 46.8
5137 0.5 50 0 0 4937 0.4 60 0 0 60 52.3 47.2 47.2
5137 0.5 50 0 0 4937 0.4 60 0 0 90 52.5 47.8 47.8
5137 0.5 50 0 0 4937 0.4 60 0 0 120 52.5 48.6 48.6
5137 0.5 50 0 0 4937 0.4 60 0 0 150 52.3 49.3 49.3
5137 0.5 50 0 0 4937 0.4 60 0 0 180 52.4 48.7 48.7
5137 0.5 50 0 0 4937 0.5 0 0 0 0 55.2 48.8 48.8
5137 0.5 50 0 0 4937 0.5 0 0 0 30 55.4 49.3 49.3
5137 0.5 50 0 0 4937 0.5 0 0 0 60 55.5 49.7 49.7
5137 0.5 50 0 0 4937 0.5 0 0 0 90 55.6 50.2 50.2
5137 0.5 50 0 0 4937 0.5 0 0 0 120 55.7 50.6 50.6
5137 0.5 50 0 0 4937 0.5 0 0 0 150 55.5 49.7 49.7
5137 0.5 50 0 0 4937 0.5 0 0 0 180 55.0 47.0 47.0
5137 0.5 50 0 0 4937 0.5 10 0 0 0 55.1 47.9 47.9
5137 0.5 50 0 0 4937 0.5 10 0 0 30 55.3 48.3 48.3
5137 0.5 50 0 0 4937 0.5 10 0 0 60 55.4 48.7 48.7
5137 0.5 50 0 0 4937 0.5 10 0 0 90 55.5 49.2 49.2
5137 0.5 50 0 0 4937 0.5 10 0 0 120 55.6 49.7 49.7
5137 0.5 50 0 0 4937 0.5 10 0 0 150 55.4 49.0 49.0
5137 0.5 50 0 0 4937 0.5 10 0 0 180 54.9 46.4 46.4
5137 0.5 50 0 0 4937 0.5 20 0 0 0 54.9 46.4 46.4
5137 0.5 50 0 0 4937 0.5 20 0 0 30 55.0 46.8 46.8
5137 0.5 50 0 0 4937 0.5 20 0 0 60 55.1 47.2 47.2
5137 0.5 50 0 0 4937 0.5 20 0 0 90 55.3 47.8 47.8
5137 0.5 50 0 0 4937 0.5 20 0 0 120 55.4 48.4 48.4
5137 0.5 50 0 0 4937 0.5 20 0 0 150 55.2 47.9 47.9
5137 0.5 50 0 0 4937 0.5 20 0 0 180 54.7 45.4 45.4
5137 0.5 50 0 0 4937 0.5 30 0 0 0 54.4 45.6 45.6
5137 0.5 50 0 0 4937 0.5 30 0 0 30 54.6 45.9 45.9
5137 0.5 50 0 0 4937 0.5 30 0 0 60 54.7 46.4 46.4
5137 0.5 50 0 0 4937 0.5 30 0 0 90 54.9 47.0 47.0
5137 0.5 50 0 0 4937 0.5 30 0 0 120 55.0 47.7 47.7
5137 0.5 50 0 0 4937 0.5 30 0 0 150 54.8 47.7 47.7
5137 0.5 50 0 0 4937 0.5 30 0 0 180 54.2 45.3 45.3
5137 0.5 50 0 0 4937 0.5 40 0 0 0 53.7 45.3 45.3
5137 0.5 50 0 0 4937 0.5 40 0 0 30 53.9 45.7 45.7
5137 0.5 50 0 0 4937 0.5 40 0 0 60 54.0 46.1 46.1
5137 0.5 50 0 0 4937 0.5 40 0 0 90 54.2 46.7 46.7
5137 0.5 50 0 0 4937 0.5 40 0 0 120 54.3 47.4 47.4
5137 0.5 50 0 0 4937 0.5 40 0 0 150 54.1 47.8 47.8
5137 0.5 50 0 0 4937 0.5 40 0 0 180 53.5 45.9 45.9
5137 0.5 50 0 0 4937 0.5 50 0 0 0 52.5 45.2 45.2
5137 0.5 50 0 0 4937 0.5 50 0 0 30 52.7 45.6 45.6
5137 0.5 50 0 0 4937 0.5 50 0 0 60 52.9 46.0 46.0
5137 0.5 50 0 0 4937 0.5 50 0 0 90 53.1 46.5 46.5
5137 0.5 50 0 0 4937 0.5 50 0 0 120 53.3 47.3 47.3
5137 0.5 50 0 0 4937 0.5 50 0 0 150 53.0 48.1 48.1
5137 0.5 50 0 0 4937 0.5 50 0 0 180 52.5 46.7 46.7
5137 0.5 50 0 0 4937 0.5 60 0 0 0 50.4 45.5 45.5
5137 0.5 50 0 0 4937 0.5 60 0 0 30 50.6 45.8 45.8
5137 0.5 50 0 0 4937 0.5 60 0 0 60 50.9 46.1 46.1
5137 0.5 50 0 0 4937 0.5 60 0 0 90 51.1 46.6 46.6
5137 0.5 50 0 0 4937 0.5 60 0 0 120 51.3 47.4 47.4
5137 0.5 50 0 0 4937 0.5 60 0 0 150 51.0 48.3 48.3
5137 0.5 50 0 0 4937 0.5 60 0 0 180 50.8 47.8 47.8
5137 0.5 50 0 0 5137 0.0 0 0 0 0 49.6 45.9 45.9
5137 0.5 50 0 0 5137 0.0 0 0 0 30 51.6 49.4 49.4
5137 0.5 50 0 0 5137 0.0 0 0 0 60 56.0 54.7 54.7
5137 0.5 50 0 0 5137 0.0 0 0 0 90 62.2 60.5 60.5
5137 0.5 50 0 0 5137 0.0 0 0 0 120 67.4 64.0 64.0
5137 0.5 50 0 0 5137 0.0 0 0 0 150 71.2 63.7 63.7
5137 0.5 50 0 0 5137 0.0 0 0 0 180 72.4 61.4 61.4
5137 0.5 50 0 0 5137 0.0 10 0 0 0 49.5 45.1 45.1
5137 0.5 50 0 0 5137 0.0 10 0 0 30 51.5 48.2 48.2
5137 0.5 50 0 0 5137 0.0 10 0 0 60 55.9 53.7 53.7
5137 0.5 50 0 0 5137 0.0 10 0 0 90 62.1 59.6 59.6
5137 0.5 50 0 0 5137 0.0 10 0 0 120 67.4 63.0 63.0
5137 0.5 50 0 0 5137 0.0 10 0 0 150 71.2 64.1 64.1
5137 0.5 50 0 0 5137 0.0 10 0 0 180 72.4 62.1 62.1
5137 0.5 50 0 0 5137 0.0 20 0 0 0 49.4 43.8 43.8
5137 0.5 50 0 0 5137 0.0 20 0 0 30 51.3 46.3 46.3
5137 0.5 50 0 0 5137 0.0 20 0 0 60 55.7 51.8 51.8
5137 0.5 50 0 0 5137 0.0 20 0 0 90 62.0 57.6 57.6
5137 0.5 50 0 0 5137 0.0 20 0 0 120 67.2 61.0 61.0
5137 0.5 50 0 0 5137 0.0 20 0 0 150 71.0 63.2 63.2
5137 0.5 50 0 0 5137 0.0 20 0 0 180 72.2 62.1 62.1
5137 0.5 50 0 0 5137 0.0 30 0 0 0 49.1 41.0 41.0
5137 0.5 50 0 0 5137 0.0 30 0 0 30 50.9 42.9 42.9
5137 0.5 50 0 0 5137 0.0 30 0 0 60 55.3 48.0 48.0
5137 0.5 50 0 0 5137 0.0 30 0 0 90 61.7 53.5 53.5
5137 0.5 50 0 0 5137 0.0 30 0 0 120 66.9 57.0 57.0
5137 0.5 50 0 0 5137 0.0 30 0 0 150 70.6 59.5 59.5
5137 0.5 50 0 0 5137 0.0 30 0 0 180 71.9 60.2 60.2
5137 0.5 50 0 0 5137 0.0 40 0 0 0 48.7 40.7 40.7
5137 0.5 50 0 0 5137 0.0 40 0 0 30 50.4 42.6 42.6
5137 0.5 50 0 0 5137 0.0 40 0 0 60 54.7 47.2 47.2
5137 0.5 50 0 0 5137 0.0 40 0 0 90 61.3 52.4 52.4
5137 0.5 50 0 0 5137 0.0 40 0 0 120 66.3 56.1 56.1
5137 0.5 50 0 0 5137 0.0 40 0 0 150 70.0 58.9 58.9
5137 0.5 50 0 0 5137 0.0 40 0 0 180 71.3 60.4 60.4
5137 0.5 50 0 0 5137 0.0 50 0 0 0 48.2 41.1 41.1
5137 0.5 50 0 0 5137 0.0 50 0 0 30 49.7 43.0 43.0
5137 0.5 50 0 0 5137 0.0 50 0 0 60 53.9 47.4 47.4
5137 0.5 50 0 0 5137 0.0 50 0 0 90 60.6 52.4 52.4
5137 0.5 50 0 0 5137 0.0 50 0 0 120 65.5 56.2 56.2
5137 0.5 50 0 0 5137 0.0 50 0 0 150 68.9 59.1 59.1
5137 0.5 50 0 0 5137 0.0 50 0 0 180 70.3 61.2 61.2
5137 0.5 50 0 0 5137 0.0 60 0 0 0 47.3 42.0 42.0
5137 0.5 50 0 0 5137 0.0 60 0 0 30 48.7 43.9 43.9
5137 0.5 50 0 0 5137 0.0 60 0 0 60 52.7 48.1 48.1
5137 0.5 50 0 0 5137 0.0 60 0 0 90 59.5 53.0 53.0
5137 0.5 50 0 0 5137 0.0 60 0 0 120 63.9 57.0 57.0
5137 0.5 50 0 0 5137 0.0 60 0 0 150 67.2 60.2 60.2
5137 0.5 50 0 0 5137 0.0 60 0 0 180 68.6 62.7 62.7
5137 0.5 50 0 0 5137 0.1 0 0 0 0 47.5 44.1 44.1
5137 0.5 50 0 0 5137 0.1 0 0 0 30 49.4 47.5 47.5
5137 0.5 50 0 0 5137 0.1 0 0 0 60 53.5 52.1 52.1
5137 0.5 50 0 0 5137 0.1 0 0 0 90 59.5 57.7 57.7
5137 0.5 50 0 0 5137 0.1 0 0 0 120 65.0 62.1 62.1
5137 0.5 50 0 0 5137 0.1 0 0 0 150 69.5 63.0 63.0
5137 0.5 50 0 0 5137 0.1 0 0 0 180 70.9 60.3 60.3
5137 0.5 50 0 0 5137 0.1 10 0 0 0 47.5 43.3 43.3
5137 0.5 50 0 0 5137 0.1 10 0 0 30 49.3 46.2 46.2
5137 0.5 50 0 0 5137 0.1 10 0 0 60 53.5 51.1 51.1
5137 0.5 50 0 0 5137 0.1 10 0 0 90 59.4 56.8 56.8
5137 0.5 50 0 0 5137 0.1 10 0 0 120 64.9 60.9 60.9
5137 0.5 50 0 0 5137 0.1 10 0 0 150 69.5 62.9 62.9
5137 0.5 50 0 0 5137 0.1 10 0 0 180 70.8 61.0 61.0
5137 0.5 50 0 0 5137 0.1 20 0 0 0 47.3 41.8 41.8
5137 0.5 50 0 0 5137 0.1 20 0 0 30 49.1 44.2 44.2
5137 0.5 50 0 0 5137 0.1 20 0 0 60 53.2 49.1 49.1
5137 0.5 50 0 0 5137 0.1 20 0 0 90 59.2 54.8 54.8
5137 0.5 50 0 0 5137 0.1 20 0 0 120 64.8 58.8 58.8
5137 0.5 50 0 0 5137 0.1 20 0 0 150 69.3 61.8 61.8
5137 0.5 50 0 0 5137 0.1 20 0 0 180 70.6 61.0 61.0
5137 0.5 50 0 0 5137 0.1 30 0 0 0 47.0 38.8 38.8
5137 0.5 50 0 0 5137 0.1 30 0 0 30 48.7 40.5 40.5
5137 0.5 50 0 0 5137 0.1 30 0 0 60 52.8 45.3 45.3
5137 0.5 50 0 0 5137 0.1 30 0 0 90 59.0 50.7 50.7
5137 0.5 50 0 0 5137 0.1 30 0 0 120 64.4 54.8 54.8
5137 0.5 50 0 0 5137 0.1 30 0 0 150 68.9 58.2 58.2
5137 0.5 50 0 0 5137 0.1 30 0 0 180 70.2 59.3 59.3
5137 0.5 50 0 0 5137 0.1 40 0 0 0 46.5 38.8 38.8
5137 0.5 50 0 0 5137 0.1 40 0 0 30 48.1 40.4 40.4
5137 0.5 50 0 0 5137 0.1 40 0 0 60 52.2 44.4 44.4
5137 0.5 50 0 0 5137 0.1 40 0 0 90 58.5 49.6 49.6
5137 0.5 50 0 0 5137 0.1 40 0 0 120 63.9 53.8 53.8
5137 0.5 50 0 0 5137 0.1 40 0 0 150 68.3 57.4 57.4
5137 0.5 50 0 0 5137 0.1 40 0 0 180 69.6 59.6 59.6
5137 0.5 50 0 0 5137 0.1 50 0 0 0 45.8 39.2 39.2
5137 0.5 50 0 0 5137 0.1 50 0 0 30 47.3 40.8 40.8
5137 0.5 50 0 0 5137 0.1 50 0 0 60 51.4 44.5 44.5
5137 0.5 50 0 0 5137 0.1 50 0 0 90 57.9 49.4 49.4
5137 0.5 50 0 0 5137 0.1 50 0 0 120 63.0 53.7 53.7
5137 0.5 50 0 0 5137 0.1 50 0 0 150 67.3 57.5 57.5
5137 0.5 50 0 0 5137 0.1 50 0 0 180 68.6 60.4 60.4
5137 0.5 50 0 0 5137 0.1 60 0 0 0 44.8 40.0 40.0
5137 0.5 50 0 0 5137 0.1 60 0 0 30 46.2 41.6 41.6
5137 0.5 50 0 0 5137 0.1 60 0 0 60 50.3 45.3 45.3
5137 0.5 50 0 0 5137 0.1 60 0 0 90 56.7 49.9 49.9
5137 0.5 50 0 0 5137 0.1 60 0 0 120 61.5 54.4 54.4
5137 0.5 50 0 0 5137 0.1 60 0 0 150 65.5 58.4 58.4
5137 0.5 50 0 0 5137 0.1 60 0 0 180 66.9 61.7 61.7
5137 0.5 50 0 0 5137 0.2 0 0 0 0 45.5 42.5 42.5
5137 0.5 50 0 0 5137 0.2 0 0 0 30 47.3 45.6 45.6
5137 0.5 50 0 0 5137 0.2 0 0 0 60 51.2 49.6 49.6
5137 0.5 50 0 0 5137 0.2 0 0 0 90 56.8 54.8 54.8
5137 0.5 50 0 0 5137 0.2 0 0 0 120 62.4 59.8 59.8
5137 0.5 50 0 0 5137 0.2 0 0 0 150 67.6 61.6 61.6
5137 0.5 50 0 0 5137 0.2 0 0 0 180 69.2 59.2 59.2
5137 0.5 50 0 0 5137 0.2 10 0 0 0 45.5 41.5 41.5
5137 0.5 50 0 0 5137 0.2 10 0 0 30 47.2 44.3 44.3
5137 0.5 50 0 0 5137 0.2 10 0 0 60 51.1 48.5 48.5
5137 0.5 50 0 0 5137 0.2 10 0 0 90 56.7 53.8 53.8
5137 0.5 50 0 0 5137 0.2 10 0 0 120 62.4 58.5 58.5
5137 0.5 50 0 0 5137 0.2 10 0 0 150 67.6 61.3 61.3
5137 0.5 50 0 0 5137 0.2 10 0 0 180 69.1 59.9 59.9
5137 0.5 50 0 0 5137 0.2 20 0 0 0 45.2 39.8 39.8
5137 0.5 50 0 0 5137 0.2 20 0 0 30 46.9 42.2 42.2
5137 0.5 50 0 0 5137 0.2 20 0 0 60 50.9 46.5 46.5
5137 0.5 50 0 0 5137 0.2 20 0 0 90 56.5 51.8 51.8
5137 0.5 50 0 0 5137 0.2 20 0 0 120 62.2 56.4 56.4
5137 0.5 50 0 0 5137 0.2 20 0 0 150 67.4 60.1 60.1
5137 0.5 50 0 0 5137 0.2 20 0 0 180 68.9 59.7 59.7
5137 0.5 50 0 0 5137 0.2 30 0 0 0 44.9 36.7 36.7
5137 0.5 50 0 0 5137 0.2 30 0 0 30 46.5 38.5 38.5
5137 0.5 50 0 0 5137 0.2 30 0 0 60 50.5 42.9 42.9
5137 0.5 50 0 0 5137 0.2 30 0 0 90 56.2 48.0 48.0
5137 0.5 50 0 0 5137 0.2 30 0 0 120 61.8 52.5 52.5
5137 0.5 50 0 0 5137 0.2 30 0 0 150 67.0 56.7 56.7
5137 0.5 50 0 0 5137 0.2 30 0 0 180 68.5 57.9 57.9
5137 0.5 50 0 0 5137 0.2 40 0 0 0 44.3 36.8 36.8
5137 0.5 50 0 0 5137 0.2 40 0 0 30 45.8 38.2 38.2
5137 0.5 50 0 0 5137 0.2 40 0 0 60 49.9 41.9 41.9
5137 0.5 50 0 0 5137 0.2 40 0 0 90 55.8 46.8 46.8
5137 0.5 50 0 0 5137 0.2 40 0 0 120 61.3 51.4 51.4
5137 0.5 50 0 0 5137 0.2 40 0 0 150 66.4 55.8 55.8
5137 0.5 50 0 0 5137 0.2 40 0 0 180 67.8 58.3 58.3
5137 0.5 50 0 0 5137 0.2 50 0 0 0 43.5 37.2 37.2
5137 0.5 50 0 0 5137 0.2 50 0 0 30 44.9 38.6 38.6
5137 0.5 50 0 0 5137 0.2 50 0 0 60 49.1 41.9 41.9
5137 0.5 50 0 0 5137 0.2 50 0 0 90 55.1 46.6 46.6
5137 0.5 50 0 0 5137 0.2 50 0 0 120 60.4 51.3 51.3
5137 0.5 50 0 0 5137 0.2 50 0 0 150 65.4 55.9 55.9
5137 0.5 50 0 0 5137 0.2 50 0 0 180 66.7 59.2 59.2
5137 0.5 50 0 0 5137 0.2 60 0 0 0 42.4 38.0 38.0
5137 0.5 50 0 0 5137 0.2 60 0 0 30 43.7 39.4 39.4
5137 0.5 50 0 0 5137 0.2 60 0 0 60 48.0 42.5 42.5
5137 0.5 50 0 0 5137 0.2 60 0 0 90 54.0 46.9 46.9
5137 0.5 50 0 0 5137 0.2 60 0 0 120 58.9 51.7 51.7
5137 0.5 50 0 0 5137 0.2 60 0 0 150 63.6 56.5 56.5
5137 0.5 50 0 0 5137 0.2 60 0 0 180 64.9 60.5 60.5
5137 0.5 50 0 0 5137 0.3 0 0 0 0 43.6 41.5 41.5
5137 0.5 50 0 0 5137 0.3 0 0 0 30 45.3 43.7 43.7
5137 0.5 50 0 0 5137 0.3 0 0 0 60 49.0 47.1 47.1
5137 0.5 50 0 0 5137 0.3 0 0 0 90 54.1 51.7 51.7
5137 0.5 50 0 0 5137 0.3 0 0 0 120 59.7 57.0 57.0
5137 0.5 50 0 0 5137 0.3 0 0 0 150 65.5 59.8 59.8
5137 0.5 50 0 0 5137 0.3 0 0 0 180 67.4 57.9 57.9
5137 0.5 50 0 0 5137 0.3 10 0 0 0 43.5 39.9 39.9
5137 0.5 50 0 0 5137 0.3 10 0 0 30 45.2 42.5 42.5
5137 0.5 50 0 0 5137 0.3 10 0 0 60 48.9 46.0 46.0
5137 0.5 50 0 0 5137 0.3 10 0 0 90 54.0 50.7 50.7
5137 0.5 50 0 0 5137 0.3 10 0 0 120 59.6 55.8 55.8
5137 0.5 50 0 0 5137 0.3 10 0 0 150 65.5 59.4 59.4
5137 0.5 50 0 0 5137 0.3 10 0 0 180 67.3 58.5 58.5
5137 0.5 50 0 0 5137 0.3 20 0 0 0 43.2 37.9 37.9
5137 0.5 50 0 0 5137 0.3 20 0 0 30 44.9 40.3 40.3
5137 0.5 50 0 0 5137 0.3 20 0 0 60 48.6 43.9 43.9
5137 0.5 50 0 0 5137 0.3 20 0 0 90 53.9 48.7 48.7
5137 0.5 50 0 0 5137 0.3 20 0 0 120 59.5 53.5 53.5
5137 0.5 50 0 0 5137 0.3 20 0 0 150 65.3 58.1 58.1
5137 0.5 50 0 0 5137 0.3 20 0 0 180 67.0 58.0 58.0
5137 0.5 50 0 0 5137 0.3 30 0 0 0 42.8 34.9 34.9
5137 0.5 50 0 0 5137 0.3 30 0 0 30 44.4 36.9 36.9
5137 0.5 50 0 0 5137 0.3 30 0 0 60 48.2 40.6 40.6
5137 0.5 50 0 0 5137 0.3 30 0 0 90 53.5 45.2 45.2
5137 0.5 50 0 0 5137 0.3 30 0 0 120 59.1 50.1 50.1
5137 0.5 50 0 0 5137 0.3 30 0 0 150 64.9 55.2 55.2
5137 0.5 50 0 0 5137 0.3 30 0 0 180 66.6 56.6 56.6
5137 0.5 50 0 0 5137 0.3 40 0 0 0 42.1 34.9 34.9
5137 0.5 50 0 0 5137 0.3 40 0 0 30 43.6 36.2 36.2
5137 0.5 50 0 0 5137 0.3 40 0 0 60 47.7 39.7 39.7
5137 0.5 50 0 0 5137 0.3 40 0 0 90 53.1 44.2 44.2
5137 0.5 50 0 0 5137 0.3 40 0 0 120 58.5 49.0 49.0
5137 0.5 50 0 0 5137 0.3 40 0 0 150 64.2 54.2 54.2
5137 0.5 50 0 0 5137 0.3 40 0 0 180 65.9 57.1 57.1
5137 0.5 50 0 0 5137 0.3 50 0 0 0 41.3 35.4 35.4
5137 0.5 50 0 0 5137 0.3 50 0 0 30 42.7 36.6 36.6
5137 0.5 50 0 0 5137 0.3 50 0 0 60 47.0 39.5 39.5
5137 0.5 50 0 0 5137 0.3 50 0 0 90 52.4 43.8 43.8
5137 0.5 50 0 0 5137 0.3 50 0 0 120 57.7 48.7 48.7
5137 0.5 50 0 0 5137 0.3 50 0 0 150 63.2 54.0 54.0
5137 0.5 50 0 0 5137 0.3 50 0 0 180 64.7 57.9 57.9
5137 0.5 50 0 0 5137 0.3 60 0 0 0 40.1 36.0 36.0
5137 0.5 50 0 0 5137 0.3 60 0 0 30 41.5 37.3 37.3
5137 0.5 50 0 0 5137 0.3 60 0 0 60 45.8 40.0 40.0
5137 0.5 50 0 0 5137 0.3 60 0 0 90 51.3 43.9 43.9
5137 0.5 50 0 0 5137 0.3 60 0 0 120 56.1 48.8 48.8
5137 0.5 50 0 0 5137 0.3 60 0 0 150 61.4 54.5 54.5
5137 0.5 50 0 0 5137 0.3 60 0 0 180 62.8 59.1 59.1
5137 0.5 50 0 0 5137 0.4 0 0 0 0 41.8 41.2 41.2
5137 0.5 50 0 0 5137 0.4 0 0 0 30 43.5 42.3 42.3
5137 0.5 50 0 0 5137 0.4 0 0 0 60 46.9 44.7 44.7
5137 0.5 50 0 0 5137 0.4 0 0 0 90 51.5 48.7 48.7
5137 0.5 50 0 0 5137 0.4 0 0 0 120 56.9 54.0 54.0
5137 0.5 50 0 0 5137 0.4 0 0 0 150 63.3 57.7 57.7
5137 0.5 50 0 0 5137 0.4 0 0 0 180 65.5 56.5 56.5
5137 0.5 50 0 0 5137 0.4 10 0 0 0 41.7 39.1 39.1
5137 0.5 50 0 0 5137 0.4 10 0 0 30 43.4 40.7 40.7
5137 0.5 50 0 0 5137 0.4 10 0 0 60 46.8 43.6 43.6
5137 0.5 50 0 0 5137 0.4 10 0 0 90 51.5 47.6 47.6
5137 0.5 50 0 0 5137 0.4 10 0 0 120 56.8 52.7 52.7
5137 0.5 50 0 0 5137 0.4 10 0 0 150 63.2 57.2 57.2
5137 0.5 50 0 0 5137 0.4 10 0 0 180 65.4 56.8 56.8
5137 0.5 50 0 0 5137 0.4 20 0 0 0 41.3 36.1 36.1
5137 0.5 50 0 0 5137 0.4 20 0 0 30 43.1 38.1 38.1
5137 0.5 50 0 0 5137 0.4 20 0 0 60 46.6 41.0 41.0
5137 0.5 50 0 0 5137 0.4 20 0 0 90 51.3 45.1 45.1
5137 0.5 50 0 0 5137 0.4 20 0 0 120 56.6 50.1 50.1
5137 0.5 50 0 0 5137 0.4 20 0 0 150 63.0 55.4 55.4
5137 0.5 50 0 0 5137 0.4 20 0 0 180 65.1 55.7 55.7
5137 0.5 50 0 0 5137 0.4 30 0 0 0 40.8 33.4 33.4
5137 0.5 50 0 0 5137 0.4 30 0 0 30 42.6 35.6 35.6
5137 0.5 50 0 0 5137 0.4 30 0 0 60 46.2 38.6 38.6
5137 0.5 50 0 0 5137 0.4 30 0 0 90 50.9 42.6 42.6
5137 0.5 50 0 0 5137 0.4 30 0 0 120 56.2 47.5 47.5
5137 0.5 50 0 0 5137 0.4 30 0 0 150 62.6 53.5 53.5
5137 0.5 50 0 0 5137 0.4 30 0 0 180 64.6 55.1 55.1
5137 0.5 50 0 0 5137 0.4 40 0 0 0 40.0 33.1 33.1
5137 0.5 50 0 0 5137 0.4 40 0 0 30 41.9 34.7 34.7
5137 0.5 50 0 0 5137 0.4 40 0 0 60 45.7 37.7 37.7
5137 0.5 50 0 0 5137 0.4 40 0 0 90 50.4 41.6 41.6
5137 0.5 50 0 0 5137 0.4 40 0 0 120 55.6 46.5 46.5
5137 0.5 50 0 0 5137 0.4 40 0 0 150 61.9 52.5 52.5
5137 0.5 50 0 0 5137 0.4 40 0 0 180 63.8 55.8 55.8
5137 0.5 50 0 0 5137 0.4 50 0 0 0 39.1 33.6 33.6
5137 0.5 50 0 0 5137 0.4 50 0 0 30 41.0 34.8 34.8
5137 0.5 50 0 0 5137 0.4 50 0 0 60 44.9 37.4 37.4
5137 0.5 50 0 0 5137 0.4 50 0 0 90 49.7 41.1 41.1
5137 0.5 50 0 0 5137 0.4 50 0 0 120 54.7 46.0 46.0
5137 0.5 50 0 0 5137 0.4 50 0 0 150 60.8 52.1 52.1
5137 0.5 50 0 0 5137 0.4 50 0 0 180 62.6 56.4 56.4
5137 0.5 50 0 0 5137 0.4 60 0 0 0 38.0 34.2 34.2
5137 0.5 50 0 0 5137 0.4 60 0 0 30 39.8 35.3 35.3
5137 0.5 50 0 0 5137 0.4 60 0 0 60 43.7 37.6 37.6
5137 0.5 50 0 0 5137 0.4 60 0 0 90 48.5 41.1 41.1
5137 0.5 50 0 0 5137 0.4 60 0 0 120 53.0 45.9 45.9
5137 0.5 50 0 0 5137 0.4 60 0 0 150 58.9 52.3 52.3
5137 0.5 50 0 0 5137 0.4 60 0 0 180 60.5 57.5 57.5
5137 0.5 50 0 0 5137 0.5 0 0 0 0 40.6 40.8 40.8
5137 0.5 50 0 0 5137 0.5 0 0 0 30 42.2 41.7 41.7
5137 0.5 50 0 0 5137 0.5 0 0 0 60 45.2 43.0 43.0
5137 0.5 50 0 0 5137 0.5 0 0 0 90 49.1 45.5 45.5
5137 0.5 50 0 0 5137 0.5 0 0 0 120 53.9 50.5 50.5
5137 0.5 50 0 0 5137 0.5 0 0 0 150 60.8 55.2 55.2
5137 0.5 50 0 0 5137 0.5 0 0 0 180 63.5 54.5 54.5
5137 0.5 50 0 0 5137 0.5 10 0 0 0 40.5 38.6 38.6
5137 0.5 50 0 0 5137 0.5 10 0 0 30 42.1 39.6 39.6
5137 0.5 50 0 0 5137 0.5 10 0 0 60 45.1 41.2 41.2
5137 0.5 50 0 0 5137 0.5 10 0 0 90 49.0 44.3 44.3
5137 0.5 50 0 0 5137 0.5 10 0 0 120 53.8 49.1 49.1
5137 0.5 50 0 0 5137 0.5 10 0 0 150 60.7 54.5 54.5
5137 0.5 50 0 0 5137 0.5 10 0 0 180 63.4 54.6 54.6
5137 0.5 50 0 0 5137 0.5 20 0 0 0 40.1 35.6 35.6
5137 0.5 50 0 0 5137 0.5 20 0 0 30 41.8 36.8 36.8
5137 0.5 50 0 0 5137 0.5 20 0 0 60 44.8 38.7 38.7
5137 0.5 50 0 0 5137 0.5 20 0 0 90 48.7 41.9 41.9
5137 0.5 50 0 0 5137 0.5 20 0 0 120 53.6 46.7 46.7
5137 0.5 50 0 0 5137 0.5 20 0 0 150 60.5 52.8 52.8
5137 0.5 50 0 0 5137 0.5 20 0 0 180 63.1 53.6 53.6
5137 0.5 50 0 0 5137 0.5 30 0 0 0 39.4 33.5 33.5
5137 0.5 50 0 0 5137 0.5 30 0 0 30 41.4 34.9 34.9
5137 0.5 50 0 0 5137 0.5 30 0 0 60 44.4 37.0 37.0
5137 0.5 50 0 0 5137 0.5 30 0 0 90 48.4 40.2 40.2
5137 0.5 50 0 0 5137 0.5 30 0 0 120 53.2 45.0 45.0
5137 0.5 50 0 0 5137 0.5 30 0 0 150 60.0 51.7 51.7
5137 0.5 50 0 0 5137 0.5 30 0 0 180 62.5 53.8 53.8
5137 0.5 50 0 0 5137 0.5 40 0 0 0 38.6 32.2 32.2
5137 0.5 50 0 0 5137 0.5 40 0 0 30 40.9 33.8 33.8
5137 0.5 50 0 0 5137 0.5 40 0 0 60 43.8 36.1 36.1
5137 0.5 50 0 0 5137 0.5 40 0 0 90 47.9 39.3 39.3
5137 0.5 50 0 0 5137 0.5 40 0 0 120 52.6 44.0 44.0
5137 0.5 50 0 0 5137 0.5 40 0 0 150 59.3 50.6 50.6
5137 0.5 50 0 0 5137 0.5 40 0 0 180 61.7 54.4 54.4
5137 0.5 50 0 0 5137 0.5 50 0 0 0 37.6 31.9 31.9
5137 0.5 50 0 0 5137 0.5 50 0 0 30 40.1 33.4 33.4
5137 0.5 50 0 0 5137 0.5 50 0 0 60 43.1 35.5 35.5
5137 0.5 50 0 0 5137 0.5 50 0 0 90 47.1 38.6 38.6
5137 0.5 50 0 0 5137 0.5 50 0 0 120 51.6 43.3 43.3
5137 0.5 50 0 0 5137 0.5 50 0 0 150 58.1 50.2 50.2
5137 0.5 50 0 0 5137 0.5 50 0 0 180 60.4 55.1 55.1
5137 0.5 50 0 0 5137 0.5 60 0 0 0 37.2 32.7 32.7
5137 0.5 50 0 0 5137 0.5 60 0 0 30 39.1 33.6 33.6
5137 0.5 50 0 0 5137 0.5 60 0 0 60 41.8 35.4 35.4
5137 0.5 50 0 0 5137 0.5 60 0 0 90 45.6 38.4 38.4
5137 0.5 50 0 0 5137 0.5 60 0 0 120 49.7 43.0 43.0
5137 0.5 50 0 0 5137 0.5 60 0 0 150 55.9 50.0 50.0
5137 0.5 50 0 0 5137 0.5 60 0 0 180 57.9 55.9 55.9
