5337 0.1 10 0 0 4737 0.0 0 0 0 0 62.4 55.4 55.4
5337 0.1 10 0 0 4737 0.0 0 0 0 30 62.3 55.6 55.6
5337 0.1 10 0 0 4737 0.0 0 0 0 60 62.6 55.4 55.4
5337 0.1 10 0 0 4737 0.0 0 0 0 90 62.4 55.9 55.9
5337 0.1 10 0 0 4737 0.0 0 0 0 120 62.6 55.6 55.6
5337 0.1 10 0 0 4737 0.0 0 0 0 150 62.4 55.9 55.9
5337 0.1 10 0 0 4737 0.0 0 0 0 180 62.4 55.9 55.9
5337 0.1 10 0 0 4737 0.0 10 0 0 0 62.3 55.1 55.1
5337 0.1 10 0 0 4737 0.0 10 0 0 30 62.3 55.1 55.1
5337 0.1 10 0 0 4737 0.0 10 0 0 60 62.5 55.3 55.3
5337 0.1 10 0 0 4737 0.0 10 0 0 90 62.3 55.3 55.3
5337 0.1 10 0 0 4737 0.0 10 0 0 120 62.5 55.6 55.6
5337 0.1 10 0 0 4737 0.0 10 0 0 150 62.4 55.6 55.6
5337 0.1 10 0 0 4737 0.0 10 0 0 180 62.4 55.6 55.6
5337 0.1 10 0 0 4737 0.0 20 0 0 0 62.1 54.1 54.1
5337 0.1 10 0 0 4737 0.0 20 0 0 30 62.1 54.1 54.1
5337 0.1 10 0 0 4737 0.0 20 0 0 60 62.4 54.4 54.4
5337 0.1 10 0 0 4737 0.0 20 0 0 90 62.2 54.1 54.1
5337 0.1 10 0 0 4737 0.0 20 0 0 120 62.3 54.7 54.7
5337 0.1 10 0 0 4737 0.0 20 0 0 150 62.2 54.5 54.5
5337 0.1 10 0 0 4737 0.0 20 0 0 180 62.2 54.6 54.6
5337 0.1 10 0 0 4737 0.0 30 0 0 0 61.9 52.1 52.1
5337 0.1 10 0 0 4737 0.0 30 0 0 30 61.7 52.0 52.0
5337 0.1 10 0 0 4737 0.0 30 0 0 60 62.1 52.3 52.3
5337 0.1 10 0 0 4737 0.0 30 0 0 90 61.8 52.1 52.1
5337 0.1 10 0 0 4737 0.0 30 0 0 120 62.0 52.6 52.6
5337 0.1 10 0 0 4737 0.0 30 0 0 150 61.9 52.5 52.5
5337 0.1 10 0 0 4737 0.0 30 0 0 180 61.9 52.6 52.6
5337 0.1 10 0 0 4737 0.0 40 0 0 0 61.4 52.1 52.1
5337 0.1 10 0 0 4737 0.0 40 0 0 30 61.2 52.1 52.1
5337 0.1 10 0 0 4737 0.0 40 0 0 60 61.6 52.2 52.2
5337 0.1 10 0 0 4737 0.0 40 0 0 90 61.2 52.1 52.1
5337 0.1 10 0 0 4737 0.0 40 0 0 120 61.6 52.3 52.3
5337 0.1 10 0 0 4737 0.0 40 0 0 150 61.4 52.5 52.5
5337 0.1 10 0 0 4737 0.0 40 0 0 180 61.4 52.6 52.6
5337 0.1 10 0 0 4737 0.0 50 0 0 0 60.6 52.7 52.7
5337 0.1 10 0 0 4737 0.0 50 0 0 30 60.5 52.8 52.8
5337 0.1 10 0 0 4737 0.0 50 0 0 60 60.8 52.8 52.8
5337 0.1 10 0 0 4737 0.0 50 0 0 90 60.5 53.0 53.0
5337 0.1 10 0 0 4737 0.0 50 0 0 120 60.8 53.1 53.1
5337 0.1 10 0 0 4737 0.0 50 0 0 150 60.6 53.3 53.3
5337 0.1 10 0 0 4737 0.0 50 0 0 180 60.6 53.3 53.3
5337 0.1 10 0 0 4737 0.0 60 0 0 0 59.3 53.8 53.8
5337 0.1 10 0 0 4737 0.0 60 0 0 30 59.3 53.9 53.9
5337 0.1 10 0 0 4737 0.0 60 0 0 60 59.5 54.0 54.0
5337 0.1 10 0 0 4737 0.0 60 0 0 90 59.3 54.1 54.1
5337 0.1 10 0 0 4737 0.0 60 0 0 120 59.4 54.1 54.1
5337 0.1 10 0 0 4737 0.0 60 0 0 150 59.3 54.4 54.4
5337 0.1 10 0 0 4737 0.0 60 0 0 180 59.3 54.5 54.5
5337 0.1 10 0 0 4737 0.1 0 0 0 0 62.1 55.1 55.1
5337 0.1 10 0 0 4737 0.1 0 0 0 30 62.3 55.2 55.2
5337 0.1 10 0 0 4737 0.1 0 0 0 60 62.2 55.0 55.0
5337 0.1 10 0 0 4737 0.1 0 0 0 90 62.3 55.4 55.4
5337 0.1 10 0 0 4737 0.1 0 0 0 120 62.3 55.3 55.3
5337 0.1 10 0 0 4737 0.1 0 0 0 150 62.2 55.6 55.6
5337 0.1 10 0 0 4737 0.1 0 0 0 180 62.2 55.5 55.5
5337 0.1 10 0 0 4737 0.1 10 0 0 0 62.1 54.9 54.9
5337 0.1 10 0 0 4737 0.1 10 0 0 30 62.2 54.8 54.8
5337 0.1 10 0 0 4737 0.1 10 0 0 60 62.2 54.8 54.8
5337 0.1 10 0 0 4737 0.1 10 0 0 90 62.3 55.0 55.0
5337 0.1 10 0 0 4737 0.1 10 0 0 120 62.2 55.1 55.1
5337 0.1 10 0 0 4737 0.1 10 0 0 150 62.2 55.4 55.4
5337 0.1 10 0 0 4737 0.1 10 0 0 180 62.1 55.3 55.3
5337 0.1 10 0 0 4737 0.1 20 0 0 0 61.9 53.7 53.7
5337 0.1 10 0 0 4737 0.1 20 0 0 30 62.0 53.7 53.7
5337 0.1 10 0 0 4737 0.1 20 0 0 60 62.0 54.0 54.0
5337 0.1 10 0 0 4737 0.1 20 0 0 90 62.1 53.8 53.8
5337 0.1 10 0 0 4737 0.1 20 0 0 120 62.0 54.0 54.0
5337 0.1 10 0 0 4737 0.1 20 0 0 150 62.0 54.2 54.2
5337 0.1 10 0 0 4737 0.1 20 0 0 180 61.9 54.2 54.2
5337 0.1 10 0 0 4737 0.1 30 0 0 0 61.6 51.8 51.8
5337 0.1 10 0 0 4737 0.1 30 0 0 30 61.7 51.8 51.8
5337 0.1 10 0 0 4737 0.1 30 0 0 60 61.7 51.9 51.9
5337 0.1 10 0 0 4737 0.1 30 0 0 90 61.8 51.9 51.9
5337 0.1 10 0 0 4737 0.1 30 0 0 120 61.7 52.0 52.0
5337 0.1 10 0 0 4737 0.1 30 0 0 150 61.7 52.2 52.2
5337 0.1 10 0 0 4737 0.1 30 0 0 180 61.6 52.2 52.2
5337 0.1 10 0 0 4737 0.1 40 0 0 0 61.1 51.8 51.8
5337 0.1 10 0 0 4737 0.1 40 0 0 30 61.1 51.8 51.8
5337 0.1 10 0 0 4737 0.1 40 0 0 60 61.2 51.9 51.9
5337 0.1 10 0 0 4737 0.1 40 0 0 90 61.3 51.8 51.8
5337 0.1 10 0 0 4737 0.1 40 0 0 120 61.1 52.0 52.0
5337 0.1 10 0 0 4737 0.1 40 0 0 150 61.2 52.1 52.1
5337 0.1 10 0 0 4737 0.1 40 0 0 180 61.1 52.2 52.2
5337 0.1 10 0 0 4737 0.1 50 0 0 0 60.3 52.3 52.3
5337 0.1 10 0 0 4737 0.1 50 0 0 30 60.4 52.5 52.5
5337 0.1 10 0 0 4737 0.1 50 0 0 60 60.5 52.6 52.6
5337 0.1 10 0 0 4737 0.1 50 0 0 90 60.5 52.5 52.5
5337 0.1 10 0 0 4737 0.1 50 0 0 120 60.4 52.9 52.9
5337 0.1 10 0 0 4737 0.1 50 0 0 150 60.4 52.8 52.8
5337 0.1 10 0 0 4737 0.1 50 0 0 180 60.3 53.0 53.0
5337 0.1 10 0 0 4737 0.1 60 0 0 0 59.0 53.4 53.4
5337 0.1 10 0 0 4737 0.1 60 0 0 30 59.1 53.6 53.6
5337 0.1 10 0 0 4737 0.1 60 0 0 60 59.2 53.7 53.7
5337 0.1 10 0 0 4737 0.1 60 0 0 90 59.2 53.6 53.6
5337 0.1 10 0 0 4737 0.1 60 0 0 120 59.1 53.8 53.8
5337 0.1 10 0 0 4737 0.1 60 0 0 150 59.1 54.0 54.0
5337 0.1 10 0 0 4737 0.1 60 0 0 180 59.1 54.1 54.1
5337 0.1 10 0 0 4737 0.2 0 0 0 0 61.9 54.8 54.8
5337 0.1 10 0 0 4737 0.2 0 0 0 30 62.2 54.6 54.6
5337 0.1 10 0 0 4737 0.2 0 0 0 60 62.0 54.6 54.6
5337 0.1 10 0 0 4737 0.2 0 0 0 90 62.1 54.9 54.9
5337 0.1 10 0 0 4737 0.2 0 0 0 120 62.2 54.9 54.9
5337 0.1 10 0 0 4737 0.2 0 0 0 150 62.0 55.2 55.2
5337 0.1 10 0 0 4737 0.2 0 0 0 180 62.0 55.1 55.1
5337 0.1 10 0 0 4737 0.2 10 0 0 0 61.9 54.5 54.5
5337 0.1 10 0 0 4737 0.2 10 0 0 30 62.1 54.5 54.5
5337 0.1 10 0 0 4737 0.2 10 0 0 60 61.9 54.3 54.3
5337 0.1 10 0 0 4737 0.2 10 0 0 90 62.0 54.6 54.6
5337 0.1 10 0 0 4737 0.2 10 0 0 120 62.2 54.7 54.7
5337 0.1 10 0 0 4737 0.2 10 0 0 150 61.9 55.0 55.0
5337 0.1 10 0 0 4737 0.2 10 0 0 180 62.0 54.8 54.8
5337 0.1 10 0 0 4737 0.2 20 0 0 0 61.7 53.3 53.3
5337 0.1 10 0 0 4737 0.2 20 0 0 30 61.9 53.5 53.5
5337 0.1 10 0 0 4737 0.2 20 0 0 60 61.7 53.3 53.3
5337 0.1 10 0 0 4737 0.2 20 0 0 90 61.8 53.4 53.4
5337 0.1 10 0 0 4737 0.2 20 0 0 120 62.0 53.7 53.7
5337 0.1 10 0 0 4737 0.2 20 0 0 150 61.7 53.7 53.7
5337 0.1 10 0 0 4737 0.2 20 0 0 180 61.8 53.9 53.9
5337 0.1 10 0 0 4737 0.2 30 0 0 0 61.4 51.6 51.6
5337 0.1 10 0 0 4737 0.2 30 0 0 30 61.6 51.7 51.7
5337 0.1 10 0 0 4737 0.2 30 0 0 60 61.4 51.6 51.6
5337 0.1 10 0 0 4737 0.2 30 0 0 90 61.5 51.7 51.7
5337 0.1 10 0 0 4737 0.2 30 0 0 120 61.6 51.8 51.8
5337 0.1 10 0 0 4737 0.2 30 0 0 150 61.4 51.9 51.9
5337 0.1 10 0 0 4737 0.2 30 0 0 180 61.4 51.9 51.9
5337 0.1 10 0 0 4737 0.2 40 0 0 0 60.9 51.6 51.6
5337 0.1 10 0 0 4737 0.2 40 0 0 30 61.1 51.8 51.8
5337 0.1 10 0 0 4737 0.2 40 0 0 60 60.9 51.9 51.9
5337 0.1 10 0 0 4737 0.2 40 0 0 90 61.0 51.7 51.7
5337 0.1 10 0 0 4737 0.2 40 0 0 120 61.1 51.8 51.8
5337 0.1 10 0 0 4737 0.2 40 0 0 150 60.9 51.8 51.8
5337 0.1 10 0 0 4737 0.2 40 0 0 180 60.9 51.9 51.9
5337 0.1 10 0 0 4737 0.2 50 0 0 0 60.1 52.0 52.0
5337 0.1 10 0 0 4737 0.2 50 0 0 30 60.3 52.1 52.1
5337 0.1 10 0 0 4737 0.2 50 0 0 60 60.2 52.4 52.4
5337 0.1 10 0 0 4737 0.2 50 0 0 90 60.2 52.3 52.3
5337 0.1 10 0 0 4737 0.2 50 0 0 120 60.3 52.5 52.5
5337 0.1 10 0 0 4737 0.2 50 0 0 150 60.1 52.6 52.6
5337 0.1 10 0 0 4737 0.2 50 0 0 180 60.1 52.8 52.8
5337 0.1 10 0 0 4737 0.2 60 0 0 0 58.8 52.9 52.9
5337 0.1 10 0 0 4737 0.2 60 0 0 30 58.9 53.0 53.0
5337 0.1 10 0 0 4737 0.2 60 0 0 60 58.9 53.3 53.3
5337 0.1 10 0 0 4737 0.2 60 0 0 90 58.9 53.1 53.1
5337 0.1 10 0 0 4737 0.2 60 0 0 120 58.8 53.3 53.3
5337 0.1 10 0 0 4737 0.2 60 0 0 150 58.8 53.6 53.6
5337 0.1 10 0 0 4737 0.2 60 0 0 180 58.8 53.8 53.8
5337 0.1 10 0 0 4737 0.3 0 0 0 0 61.8 54.2 54.2
5337 0.1 10 0 0 4737 0.3 0 0 0 30 62.0 54.1 54.1
5337 0.1 10 0 0 4737 0.3 0 0 0 60 61.9 54.2 54.2
5337 0.1 10 0 0 4737 0.3 0 0 0 90 61.7 54.4 54.4
5337 0.1 10 0 0 4737 0.3 0 0 0 120 62.1 54.4 54.4
5337 0.1 10 0 0 4737 0.3 0 0 0 150 61.7 54.8 54.8
5337 0.1 10 0 0 4737 0.3 0 0 0 180 61.8 54.6 54.6
5337 0.1 10 0 0 4737 0.3 10 0 0 0 61.7 53.9 53.9
5337 0.1 10 0 0 4737 0.3 10 0 0 30 61.9 54.1 54.1
5337 0.1 10 0 0 4737 0.3 10 0 0 60 61.8 54.0 54.0
5337 0.1 10 0 0 4737 0.3 10 0 0 90 61.7 54.0 54.0
5337 0.1 10 0 0 4737 0.3 10 0 0 120 62.0 54.3 54.3
5337 0.1 10 0 0 4737 0.3 10 0 0 150 61.6 54.4 54.4
5337 0.1 10 0 0 4737 0.3 10 0 0 180 61.8 54.4 54.4
5337 0.1 10 0 0 4737 0.3 20 0 0 0 61.6 52.7 52.7
5337 0.1 10 0 0 4737 0.3 20 0 0 30 61.7 53.0 53.0
5337 0.1 10 0 0 4737 0.3 20 0 0 60 61.6 52.8 52.8
5337 0.1 10 0 0 4737 0.3 20 0 0 90 61.5 52.5 52.5
5337 0.1 10 0 0 4737 0.3 20 0 0 120 61.8 53.2 53.2
5337 0.1 10 0 0 4737 0.3 20 0 0 150 61.4 52.9 52.9
5337 0.1 10 0 0 4737 0.3 20 0 0 180 61.6 53.2 53.2
5337 0.1 10 0 0 4737 0.3 30 0 0 0 61.2 51.3 51.3
5337 0.1 10 0 0 4737 0.3 30 0 0 30 61.4 51.5 51.5
5337 0.1 10 0 0 4737 0.3 30 0 0 60 61.3 51.6 51.6
5337 0.1 10 0 0 4737 0.3 30 0 0 90 61.2 51.4 51.4
5337 0.1 10 0 0 4737 0.3 30 0 0 120 61.5 51.9 51.9
5337 0.1 10 0 0 4737 0.3 30 0 0 150 61.1 51.7 51.7
5337 0.1 10 0 0 4737 0.3 30 0 0 180 61.3 51.9 51.9
5337 0.1 10 0 0 4737 0.3 40 0 0 0 60.7 51.4 51.4
5337 0.1 10 0 0 4737 0.3 40 0 0 30 60.9 51.6 51.6
5337 0.1 10 0 0 4737 0.3 40 0 0 60 60.8 51.7 51.7
5337 0.1 10 0 0 4737 0.3 40 0 0 90 60.7 51.7 51.7
5337 0.1 10 0 0 4737 0.3 40 0 0 120 60.9 51.8 51.8
5337 0.1 10 0 0 4737 0.3 40 0 0 150 60.6 51.9 51.9
5337 0.1 10 0 0 4737 0.3 40 0 0 180 60.7 52.0 52.0
5337 0.1 10 0 0 4737 0.3 50 0 0 0 59.9 51.8 51.8
5337 0.1 10 0 0 4737 0.3 50 0 0 30 60.1 51.9 51.9
5337 0.1 10 0 0 4737 0.3 50 0 0 60 60.0 52.1 52.1
5337 0.1 10 0 0 4737 0.3 50 0 0 90 60.0 52.2 52.2
5337 0.1 10 0 0 4737 0.3 50 0 0 120 60.1 52.1 52.1
5337 0.1 10 0 0 4737 0.3 50 0 0 150 59.8 52.5 52.5
5337 0.1 10 0 0 4737 0.3 50 0 0 180 60.0 52.5 52.5
5337 0.1 10 0 0 4737 0.3 60 0 0 0 58.5 52.7 52.7
5337 0.1 10 0 0 4737 0.3 60 0 0 30 58.6 52.6 52.6
5337 0.1 10 0 0 4737 0.3 60 0 0 60 58.6 52.9 52.9
5337 0.1 10 0 0 4737 0.3 60 0 0 90 58.6 52.9 52.9
5337 0.1 10 0 0 4737 0.3 60 0 0 120 58.6 52.7 52.7
5337 0.1 10 0 0 4737 0.3 60 0 0 150 58.5 53.2 53.2
5337 0.1 10 0 0 4737 0.3 60 0 0 180 58.5 53.4 53.4
5337 0.1 10 0 0 4737 0.4 0 0 0 0 61.5 53.6 53.6
5337 0.1 10 0 0 4737 0.4 0 0 0 30 61.7 53.6 53.6
5337 0.1 10 0 0 4737 0.4 0 0 0 60 61.7 53.7 53.7
5337 0.1 10 0 0 4737 0.4 0 0 0 90 61.7 53.8 53.8
5337 0.1 10 0 0 4737 0.4 0 0 0 120 61.7 53.8 53.8
5337 0.1 10 0 0 4737 0.4 0 0 0 150 61.6 54.3 54.3
5337 0.1 10 0 0 4737 0.4 0 0 0 180 61.6 54.3 54.3
5337 0.1 10 0 0 4737 0.4 10 0 0 0 61.5 53.4 53.4
5337 0.1 10 0 0 4737 0.4 10 0 0 30 61.6 53.4 53.4
5337 0.1 10 0 0 4737 0.4 10 0 0 60 61.6 53.5 53.5
5337 0.1 10 0 0 4737 0.4 10 0 0 90 61.6 53.4 53.4
5337 0.1 10 0 0 4737 0.4 10 0 0 120 61.7 53.6 53.6
5337 0.1 10 0 0 4737 0.4 10 0 0 150 61.5 53.8 53.8
5337 0.1 10 0 0 4737 0.4 10 0 0 180 61.5 53.9 53.9
5337 0.1 10 0 0 4737 0.4 20 0 0 0 61.3 51.8 51.8
5337 0.1 10 0 0 4737 0.4 20 0 0 30 61.4 52.0 52.0
5337 0.1 10 0 0 4737 0.4 20 0 0 60 61.4 52.1 52.1
5337 0.1 10 0 0 4737 0.4 20 0 0 90 61.4 51.9 51.9
5337 0.1 10 0 0 4737 0.4 20 0 0 120 61.5 52.0 52.0
5337 0.1 10 0 0 4737 0.4 20 0 0 150 61.3 52.2 52.2
5337 0.1 10 0 0 4737 0.4 20 0 0 180 61.4 52.4 52.4
5337 0.1 10 0 0 4737 0.4 30 0 0 0 61.0 51.1 51.1
5337 0.1 10 0 0 4737 0.4 30 0 0 30 61.1 51.4 51.4
5337 0.1 10 0 0 4737 0.4 30 0 0 60 61.1 51.5 51.5
5337 0.1 10 0 0 4737 0.4 30 0 0 90 61.1 51.4 51.4
5337 0.1 10 0 0 4737 0.4 30 0 0 120 61.1 51.6 51.6
5337 0.1 10 0 0 4737 0.4 30 0 0 150 61.0 51.8 51.8
5337 0.1 10 0 0 4737 0.4 30 0 0 180 61.0 52.0 52.0
5337 0.1 10 0 0 4737 0.4 40 0 0 0 60.4 51.3 51.3
5337 0.1 10 0 0 4737 0.4 40 0 0 30 60.6 51.5 51.5
5337 0.1 10 0 0 4737 0.4 40 0 0 60 60.6 51.6 51.6
5337 0.1 10 0 0 4737 0.4 40 0 0 90 60.6 51.5 51.5
5337 0.1 10 0 0 4737 0.4 40 0 0 120 60.6 51.7 51.7
5337 0.1 10 0 0 4737 0.4 40 0 0 150 60.5 51.9 51.9
5337 0.1 10 0 0 4737 0.4 40 0 0 180 60.5 52.0 52.0
5337 0.1 10 0 0 4737 0.4 50 0 0 0 59.6 51.6 51.6
5337 0.1 10 0 0 4737 0.4 50 0 0 30 59.7 51.7 51.7
5337 0.1 10 0 0 4737 0.4 50 0 0 60 59.8 51.7 51.7
5337 0.1 10 0 0 4737 0.4 50 0 0 90 59.7 51.8 51.8
5337 0.1 10 0 0 4737 0.4 50 0 0 120 59.7 52.0 52.0
5337 0.1 10 0 0 4737 0.4 50 0 0 150 59.7 52.3 52.3
5337 0.1 10 0 0 4737 0.4 50 0 0 180 59.6 52.5 52.5
5337 0.1 10 0 0 4737 0.4 60 0 0 0 58.1 52.5 52.5
5337 0.1 10 0 0 4737 0.4 60 0 0 30 58.2 52.5 52.5
5337 0.1 10 0 0 4737 0.4 60 0 0 60 58.2 52.6 52.6
5337 0.1 10 0 0 4737 0.4 60 0 0 90 58.2 52.6 52.6
5337 0.1 10 0 0 4737 0.4 60 0 0 120 58.0 52.6 52.6
5337 0.1 10 0 0 4737 0.4 60 0 0 150 58.0 52.8 52.8
5337 0.1 10 0 0 4737 0.4 60 0 0 180 57.9 53.0 53.0
5337 0.1 10 0 0 4737 0.5 0 0 0 0 61.3 52.7 52.7
5337 0.1 10 0 0 4737 0.5 0 0 0 30 61.4 52.7 52.7
5337 0.1 10 0 0 4737 0.5 0 0 0 60 61.4 52.8 52.8
5337 0.1 10 0 0 4737 0.5 0 0 0 90 61.4 52.9 52.9
5337 0.1 10 0 0 4737 0.5 0 0 0 120 61.5 53.0 53.0
5337 0.1 10 0 0 4737 0.5 0 0 0 150 61.4 53.3 53.3
5337 0.1 10 0 0 4737 0.5 0 0 0 180 61.3 53.4 53.4
5337 0.1 10 0 0 4737 0.5 10 0 0 0 61.3 52.3 52.3
5337 0.1 10 0 0 4737 0.5 10 0 0 30 61.3 52.3 52.3
5337 0.1 10 0 0 4737 0.5 10 0 0 60 61.3 52.3 52.3
5337 0.1 10 0 0 4737 0.5 10 0 0 90 61.4 52.5 52.5
5337 0.1 10 0 0 4737 0.5 10 0 0 120 61.5 52.5 52.5
5337 0.1 10 0 0 4737 0.5 10 0 0 150 61.3 52.9 52.9
5337 0.1 10 0 0 4737 0.5 10 0 0 180 61.3 52.9 52.9
5337 0.1 10 0 0 4737 0.5 20 0 0 0 61.1 51.6 51.6
5337 0.1 10 0 0 4737 0.5 20 0 0 30 61.1 51.6 51.6
5337 0.1 10 0 0 4737 0.5 20 0 0 60 61.1 51.6 51.6
5337 0.1 10 0 0 4737 0.5 20 0 0 90 61.2 51.8 51.8
5337 0.1 10 0 0 4737 0.5 20 0 0 120 61.3 51.8 51.8
5337 0.1 10 0 0 4737 0.5 20 0 0 150 61.1 52.2 52.2
5337 0.1 10 0 0 4737 0.5 20 0 0 180 61.1 52.4 52.4
5337 0.1 10 0 0 4737 0.5 30 0 0 0 60.7 51.2 51.2
5337 0.1 10 0 0 4737 0.5 30 0 0 30 60.8 51.3 51.3
5337 0.1 10 0 0 4737 0.5 30 0 0 60 60.8 51.4 51.4
5337 0.1 10 0 0 4737 0.5 30 0 0 90 60.8 51.6 51.6
5337 0.1 10 0 0 4737 0.5 30 0 0 120 60.9 51.7 51.7
5337 0.1 10 0 0 4737 0.5 30 0 0 150 60.8 52.1 52.1
5337 0.1 10 0 0 4737 0.5 30 0 0 180 60.7 52.1 52.1
5337 0.1 10 0 0 4737 0.5 40 0 0 0 60.2 51.3 51.3
5337 0.1 10 0 0 4737 0.5 40 0 0 30 60.2 51.4 51.4
5337 0.1 10 0 0 4737 0.5 40 0 0 60 60.2 51.5 51.5
5337 0.1 10 0 0 4737 0.5 40 0 0 90 60.3 51.6 51.6
5337 0.1 10 0 0 4737 0.5 40 0 0 120 60.4 51.7 51.7
5337 0.1 10 0 0 4737 0.5 40 0 0 150 60.2 52.1 52.1
5337 0.1 10 0 0 4737 0.5 40 0 0 180 60.2 52.1 52.1
5337 0.1 10 0 0 4737 0.5 50 0 0 0 59.3 51.6 51.6
5337 0.1 10 0 0 4737 0.5 50 0 0 30 59.4 51.7 51.7
5337 0.1 10 0 0 4737 0.5 50 0 0 60 59.4 51.7 51.7
5337 0.1 10 0 0 4737 0.5 50 0 0 90 59.4 51.6 51.6
5337 0.1 10 0 0 4737 0.5 50 0 0 120 59.4 51.7 51.7
5337 0.1 10 0 0 4737 0.5 50 0 0 150 59.3 52.2 52.2
5337 0.1 10 0 0 4737 0.5 50 0 0 180 59.3 52.5 52.5
5337 0.1 10 0 0 4737 0.5 60 0 0 0 58.1 52.2 52.2
5337 0.1 10 0 0 4737 0.5 60 0 0 30 58.1 52.3 52.3
5337 0.1 10 0 0 4737 0.5 60 0 0 60 58.1 52.4 52.4
5337 0.1 10 0 0 4737 0.5 60 0 0 90 58.0 52.3 52.3
5337 0.1 10 0 0 4737 0.5 60 0 0 120 57.9 52.3 52.3
5337 0.1 10 0 0 4737 0.5 60 0 0 150 57.6 52.5 52.5
5337 0.1 10 0 0 4737 0.5 60 0 0 180 57.6 52.7 52.7
5337 0.1 10 0 0 4937 0.0 0 0 0 0 62.6 55.8 55.8
5337 0.1 10 0 0 4937 0.0 0 0 0 30 62.9 56.2 56.2
5337 0.1 10 0 0 4937 0.0 0 0 0 60 63.0 56.4 56.4
5337 0.1 10 0 0 4937 0.0 0 0 0 90 63.1 56.6 56.6
5337 0.1 10 0 0 4937 0.0 0 0 0 120 63.1 56.9 56.9
5337 0.1 10 0 0 4937 0.0 0 0 0 150 63.0 56.7 56.7
5337 0.1 10 0 0 4937 0.0 0 0 0 180 62.9 56.5 56.5
5337 0.1 10 0 0 4937 0.0 10 0 0 0 62.5 55.5 55.5
5337 0.1 10 0 0 4937 0.0 10 0 0 30 62.8 55.9 55.9
5337 0.1 10 0 0 4937 0.0 10 0 0 60 63.0 56.1 56.1
5337 0.1 10 0 0 4937 0.0 10 0 0 90 63.1 56.4 56.4
5337 0.1 10 0 0 4937 0.0 10 0 0 120 63.1 56.6 56.6
5337 0.1 10 0 0 4937 0.0 10 0 0 150 62.9 56.5 56.5
5337 0.1 10 0 0 4937 0.0 10 0 0 180 62.8 56.3 56.3
5337 0.1 10 0 0 4937 0.0 20 0 0 0 62.4 54.6 54.6
5337 0.1 10 0 0 4937 0.0 20 0 0 30 62.7 54.8 54.8
5337 0.1 10 0 0 4937 0.0 20 0 0 60 62.8 55.2 55.2
5337 0.1 10 0 0 4937 0.0 20 0 0 90 62.9 55.4 55.4
5337 0.1 10 0 0 4937 0.0 20 0 0 120 62.9 55.6 55.6
5337 0.1 10 0 0 4937 0.0 20 0 0 150 62.8 55.7 55.7
5337 0.1 10 0 0 4937 0.0 20 0 0 180 62.6 55.5 55.5
5337 0.1 10 0 0 4937 0.0 30 0 0 0 62.1 52.4 52.4
5337 0.1 10 0 0 4937 0.0 30 0 0 30 62.3 52.8 52.8
5337 0.1 10 0 0 4937 0.0 30 0 0 60 62.5 53.2 53.2
5337 0.1 10 0 0 4937 0.0 30 0 0 90 62.6 53.5 53.5
5337 0.1 10 0 0 4937 0.0 30 0 0 120 62.6 53.6 53.6
5337 0.1 10 0 0 4937 0.0 30 0 0 150 62.5 53.6 53.6
5337 0.1 10 0 0 4937 0.0 30 0 0 180 62.3 53.4 53.4
5337 0.1 10 0 0 4937 0.0 40 0 0 0 61.6 52.2 52.2
5337 0.1 10 0 0 4937 0.0 40 0 0 30 61.9 52.7 52.7
5337 0.1 10 0 0 4937 0.0 40 0 0 60 62.1 53.2 53.2
5337 0.1 10 0 0 4937 0.0 40 0 0 90 62.1 53.5 53.5
5337 0.1 10 0 0 4937 0.0 40 0 0 120 62.1 53.7 53.7
5337 0.1 10 0 0 4937 0.0 40 0 0 150 62.0 53.6 53.6
5337 0.1 10 0 0 4937 0.0 40 0 0 180 61.8 53.4 53.4
5337 0.1 10 0 0 4937 0.0 50 0 0 0 60.9 52.9 52.9
5337 0.1 10 0 0 4937 0.0 50 0 0 30 61.2 53.3 53.3
5337 0.1 10 0 0 4937 0.0 50 0 0 60 61.3 53.6 53.6
5337 0.1 10 0 0 4937 0.0 50 0 0 90 61.3 53.9 53.9
5337 0.1 10 0 0 4937 0.0 50 0 0 120 61.4 54.1 54.1
5337 0.1 10 0 0 4937 0.0 50 0 0 150 61.3 54.1 54.1
5337 0.1 10 0 0 4937 0.0 50 0 0 180 61.1 54.0 54.0
5337 0.1 10 0 0 4937 0.0 60 0 0 0 59.7 54.1 54.1
5337 0.1 10 0 0 4937 0.0 60 0 0 30 59.9 54.3 54.3
5337 0.1 10 0 0 4937 0.0 60 0 0 60 60.0 54.6 54.6
5337 0.1 10 0 0 4937 0.0 60 0 0 90 60.2 54.9 54.9
5337 0.1 10 0 0 4937 0.0 60 0 0 120 60.1 55.0 55.0
5337 0.1 10 0 0 4937 0.0 60 0 0 150 60.0 55.1 55.1
5337 0.1 10 0 0 4937 0.0 60 0 0 180 60.0 55.0 55.0
5337 0.1 10 0 0 4937 0.1 0 0 0 0 62.4 55.4 55.4
5337 0.1 10 0 0 4937 0.1 0 0 0 30 62.6 55.7 55.7
5337 0.1 10 0 0 4937 0.1 0 0 0 60 62.8 56.0 56.0
5337 0.1 10 0 0 4937 0.1 0 0 0 90 62.9 56.3 56.3
5337 0.1 10 0 0 4937 0.1 0 0 0 120 62.9 56.5 56.5
5337 0.1 10 0 0 4937 0.1 0 0 0 150 62.8 56.4 56.4
5337 0.1 10 0 0 4937 0.1 0 0 0 180 62.7 56.2 56.2
5337 0.1 10 0 0 4937 0.1 10 0 0 0 62.4 55.1 55.1
5337 0.1 10 0 0 4937 0.1 10 0 0 30 62.6 55.4 55.4
5337 0.1 10 0 0 4937 0.1 10 0 0 60 62.8 55.6 55.6
5337 0.1 10 0 0 4937 0.1 10 0 0 90 62.8 56.0 56.0
5337 0.1 10 0 0 4937 0.1 10 0 0 120 62.9 56.2 56.2
5337 0.1 10 0 0 4937 0.1 10 0 0 150 62.8 56.2 56.2
5337 0.1 10 0 0 4937 0.1 10 0 0 180 62.6 56.0 56.0
5337 0.1 10 0 0 4937 0.1 20 0 0 0 62.2 54.1 54.1
5337 0.1 10 0 0 4937 0.1 20 0 0 30 62.4 54.4 54.4
5337 0.1 10 0 0 4937 0.1 20 0 0 60 62.6 54.7 54.7
5337 0.1 10 0 0 4937 0.1 20 0 0 90 62.7 55.0 55.0
5337 0.1 10 0 0 4937 0.1 20 0 0 120 62.7 55.3 55.3
5337 0.1 10 0 0 4937 0.1 20 0 0 150 62.6 55.3 55.3
5337 0.1 10 0 0 4937 0.1 20 0 0 180 62.4 55.1 55.1
5337 0.1 10 0 0 4937 0.1 30 0 0 0 61.9 51.8 51.8
5337 0.1 10 0 0 4937 0.1 30 0 0 30 62.2 52.2 52.2
5337 0.1 10 0 0 4937 0.1 30 0 0 60 62.3 52.5 52.5
5337 0.1 10 0 0 4937 0.1 30 0 0 90 62.4 53.0 53.0
5337 0.1 10 0 0 4937 0.1 30 0 0 120 62.4 53.3 53.3
5337 0.1 10 0 0 4937 0.1 30 0 0 150 62.3 53.4 53.4
5337 0.1 10 0 0 4937 0.1 30 0 0 180 62.1 53.1 53.1
5337 0.1 10 0 0 4937 0.1 40 0 0 0 61.4 51.8 51.8
5337 0.1 10 0 0 4937 0.1 40 0 0 30 61.7 52.0 52.0
5337 0.1 10 0 0 4937 0.1 40 0 0 60 61.8 52.5 52.5
5337 0.1 10 0 0 4937 0.1 40 0 0 90 61.9 53.0 53.0
5337 0.1 10 0 0 4937 0.1 40 0 0 120 61.9 53.4 53.4
5337 0.1 10 0 0 4937 0.1 40 0 0 150 61.8 53.5 53.5
5337 0.1 10 0 0 4937 0.1 40 0 0 180 61.6 53.2 53.2
5337 0.1 10 0 0 4937 0.1 50 0 0 0 60.7 52.5 52.5
5337 0.1 10 0 0 4937 0.1 50 0 0 30 61.0 52.7 52.7
5337 0.1 10 0 0 4937 0.1 50 0 0 60 61.1 53.0 53.0
5337 0.1 10 0 0 4937 0.1 50 0 0 90 61.1 53.4 53.4
5337 0.1 10 0 0 4937 0.1 50 0 0 120 61.2 53.7 53.7
5337 0.1 10 0 0 4937 0.1 50 0 0 150 61.0 53.8 53.8
5337 0.1 10 0 0 4937 0.1 50 0 0 180 60.9 53.8 53.8
5337 0.1 10 0 0 4937 0.1 60 0 0 0 59.5 53.9 53.9
5337 0.1 10 0 0 4937 0.1 60 0 0 30 59.7 54.0 54.0
5337 0.1 10 0 0 4937 0.1 60 0 0 60 59.8 54.2 54.2
5337 0.1 10 0 0 4937 0.1 60 0 0 90 59.9 54.4 54.4
5337 0.1 10 0 0 4937 0.1 60 0 0 120 59.9 54.6 54.6
5337 0.1 10 0 0 4937 0.1 60 0 0 150 59.9 54.7 54.7
5337 0.1 10 0 0 4937 0.1 60 0 0 180 59.7 54.7 54.7
5337 0.1 10 0 0 4937 0.2 0 0 0 0 62.3 55.0 55.0
5337 0.1 10 0 0 4937 0.2 0 0 0 30 62.4 55.2 55.2
5337 0.1 10 0 0 4937 0.2 0 0 0 60 62.6 55.5 55.5
5337 0.1 10 0 0 4937 0.2 0 0 0 90 62.6 55.7 55.7
5337 0.1 10 0 0 4937 0.2 0 0 0 120 62.8 56.2 56.2
5337 0.1 10 0 0 4937 0.2 0 0 0 150 62.7 56.2 56.2
5337 0.1 10 0 0 4937 0.2 0 0 0 180 62.5 55.9 55.9
5337 0.1 10 0 0 4937 0.2 10 0 0 0 62.3 54.7 54.7
5337 0.1 10 0 0 4937 0.2 10 0 0 30 62.4 54.9 54.9
5337 0.1 10 0 0 4937 0.2 10 0 0 60 62.6 55.2 55.2
5337 0.1 10 0 0 4937 0.2 10 0 0 90 62.6 55.5 55.5
5337 0.1 10 0 0 4937 0.2 10 0 0 120 62.7 55.8 55.8
5337 0.1 10 0 0 4937 0.2 10 0 0 150 62.6 55.9 55.9
5337 0.1 10 0 0 4937 0.2 10 0 0 180 62.4 55.7 55.7
5337 0.1 10 0 0 4937 0.2 20 0 0 0 62.1 53.7 53.7
5337 0.1 10 0 0 4937 0.2 20 0 0 30 62.2 53.9 53.9
5337 0.1 10 0 0 4937 0.2 20 0 0 60 62.4 54.2 54.2
5337 0.1 10 0 0 4937 0.2 20 0 0 90 62.4 54.5 54.5
5337 0.1 10 0 0 4937 0.2 20 0 0 120 62.5 54.7 54.7
5337 0.1 10 0 0 4937 0.2 20 0 0 150 62.4 54.9 54.9
5337 0.1 10 0 0 4937 0.2 20 0 0 180 62.2 54.7 54.7
5337 0.1 10 0 0 4937 0.2 30 0 0 0 61.8 51.5 51.5
5337 0.1 10 0 0 4937 0.2 30 0 0 30 61.9 51.7 51.7
5337 0.1 10 0 0 4937 0.2 30 0 0 60 62.1 51.9 51.9
5337 0.1 10 0 0 4937 0.2 30 0 0 90 62.1 52.4 52.4
5337 0.1 10 0 0 4937 0.2 30 0 0 120 62.2 52.8 52.8
5337 0.1 10 0 0 4937 0.2 30 0 0 150 62.1 53.2 53.2
5337 0.1 10 0 0 4937 0.2 30 0 0 180 61.9 53.2 53.2
5337 0.1 10 0 0 4937 0.2 40 0 0 0 61.3 51.4 51.4
5337 0.1 10 0 0 4937 0.2 40 0 0 30 61.5 51.6 51.6
5337 0.1 10 0 0 4937 0.2 40 0 0 60 61.6 51.9 51.9
5337 0.1 10 0 0 4937 0.2 40 0 0 90 61.7 52.3 52.3
5337 0.1 10 0 0 4937 0.2 40 0 0 120 61.7 52.9 52.9
5337 0.1 10 0 0 4937 0.2 40 0 0 150 61.6 53.2 53.2
5337 0.1 10 0 0 4937 0.2 40 0 0 180 61.4 53.2 53.2
5337 0.1 10 0 0 4937 0.2 50 0 0 0 60.6 52.2 52.2
5337 0.1 10 0 0 4937 0.2 50 0 0 30 60.7 52.3 52.3
5337 0.1 10 0 0 4937 0.2 50 0 0 60 60.9 52.6 52.6
5337 0.1 10 0 0 4937 0.2 50 0 0 90 60.9 53.0 53.0
5337 0.1 10 0 0 4937 0.2 50 0 0 120 60.9 53.3 53.3
5337 0.1 10 0 0 4937 0.2 50 0 0 150 60.8 53.6 53.6
5337 0.1 10 0 0 4937 0.2 50 0 0 180 60.6 53.5 53.5
5337 0.1 10 0 0 4937 0.2 60 0 0 0 59.3 53.6 53.6
5337 0.1 10 0 0 4937 0.2 60 0 0 30 59.5 53.8 53.8
5337 0.1 10 0 0 4937 0.2 60 0 0 60 59.6 53.9 53.9
5337 0.1 10 0 0 4937 0.2 60 0 0 90 59.7 54.1 54.1
5337 0.1 10 0 0 4937 0.2 60 0 0 120 59.7 54.3 54.3
5337 0.1 10 0 0 4937 0.2 60 0 0 150 59.6 54.4 54.4
5337 0.1 10 0 0 4937 0.2 60 0 0 180 59.4 54.2 54.2
5337 0.1 10 0 0 4937 0.3 0 0 0 0 62.2 54.5 54.5
5337 0.1 10 0 0 4937 0.3 0 0 0 30 62.3 54.8 54.8
5337 0.1 10 0 0 4937 0.3 0 0 0 60 62.4 54.9 54.9
5337 0.1 10 0 0 4937 0.3 0 0 0 90 62.5 55.3 55.3
5337 0.1 10 0 0 4937 0.3 0 0 0 120 62.6 55.6 55.6
5337 0.1 10 0 0 4937 0.3 0 0 0 150 62.5 55.8 55.8
5337 0.1 10 0 0 4937 0.3 0 0 0 180 62.2 55.4 55.4
5337 0.1 10 0 0 4937 0.3 10 0 0 0 62.1 54.3 54.3
5337 0.1 10 0 0 4937 0.3 10 0 0 30 62.2 54.4 54.4
5337 0.1 10 0 0 4937 0.3 10 0 0 60 62.3 54.7 54.7
5337 0.1 10 0 0 4937 0.3 10 0 0 90 62.4 55.0 55.0
5337 0.1 10 0 0 4937 0.3 10 0 0 120 62.5 55.3 55.3
5337 0.1 10 0 0 4937 0.3 10 0 0 150 62.4 55.5 55.5
5337 0.1 10 0 0 4937 0.3 10 0 0 180 62.2 55.3 55.3
5337 0.1 10 0 0 4937 0.3 20 0 0 0 61.9 53.2 53.2
5337 0.1 10 0 0 4937 0.3 20 0 0 30 62.0 53.4 53.4
5337 0.1 10 0 0 4937 0.3 20 0 0 60 62.2 53.6 53.6
5337 0.1 10 0 0 4937 0.3 20 0 0 90 62.2 53.9 53.9
5337 0.1 10 0 0 4937 0.3 20 0 0 120 62.3 54.2 54.2
5337 0.1 10 0 0 4937 0.3 20 0 0 150 62.2 54.4 54.4
5337 0.1 10 0 0 4937 0.3 20 0 0 180 62.0 54.3 54.3
5337 0.1 10 0 0 4937 0.3 30 0 0 0 61.6 51.4 51.4
5337 0.1 10 0 0 4937 0.3 30 0 0 30 61.7 51.4 51.4
5337 0.1 10 0 0 4937 0.3 30 0 0 60 61.9 51.7 51.7
5337 0.1 10 0 0 4937 0.3 30 0 0 90 61.9 51.9 51.9
5337 0.1 10 0 0 4937 0.3 30 0 0 120 62.0 52.4 52.4
5337 0.1 10 0 0 4937 0.3 30 0 0 150 61.9 52.9 52.9
5337 0.1 10 0 0 4937 0.3 30 0 0 180 61.7 53.1 53.1
5337 0.1 10 0 0 4937 0.3 40 0 0 0 61.2 51.3 51.3
5337 0.1 10 0 0 4937 0.3 40 0 0 30 61.2 51.4 51.4
5337 0.1 10 0 0 4937 0.3 40 0 0 60 61.4 51.7 51.7
5337 0.1 10 0 0 4937 0.3 40 0 0 90 61.4 51.9 51.9
5337 0.1 10 0 0 4937 0.3 40 0 0 120 61.5 52.4 52.4
5337 0.1 10 0 0 4937 0.3 40 0 0 150 61.4 52.9 52.9
5337 0.1 10 0 0 4937 0.3 40 0 0 180 61.1 53.0 53.0
5337 0.1 10 0 0 4937 0.3 50 0 0 0 60.4 51.9 51.9
5337 0.1 10 0 0 4937 0.3 50 0 0 30 60.6 52.0 52.0
5337 0.1 10 0 0 4937 0.3 50 0 0 60 60.6 52.2 52.2
5337 0.1 10 0 0 4937 0.3 50 0 0 90 60.7 52.5 52.5
5337 0.1 10 0 0 4937 0.3 50 0 0 120 60.7 52.9 52.9
5337 0.1 10 0 0 4937 0.3 50 0 0 150 60.6 53.2 53.2
5337 0.1 10 0 0 4937 0.3 50 0 0 180 60.4 53.3 53.3
5337 0.1 10 0 0 4937 0.3 60 0 0 0 59.0 53.2 53.2
5337 0.1 10 0 0 4937 0.3 60 0 0 30 59.2 53.3 53.3
5337 0.1 10 0 0 4937 0.3 60 0 0 60 59.3 53.5 53.5
5337 0.1 10 0 0 4937 0.3 60 0 0 90 59.4 53.8 53.8
5337 0.1 10 0 0 4937 0.3 60 0 0 120 59.4 54.1 54.1
5337 0.1 10 0 0 4937 0.3 60 0 0 150 59.4 54.2 54.2
5337 0.1 10 0 0 4937 0.3 60 0 0 180 59.2 54.0 54.0
5337 0.1 10 0 0 4937 0.4 0 0 0 0 62.0 54.0 54.0
5337 0.1 10 0 0 4937 0.4 0 0 0 30 62.1 54.2 54.2
5337 0.1 10 0 0 4937 0.4 0 0 0 60 62.2 54.5 54.5
5337 0.1 10 0 0 4937 0.4 0 0 0 90 62.3 54.6 54.6
5337 0.1 10 0 0 4937 0.4 0 0 0 120 62.3 55.1 55.1
5337 0.1 10 0 0 4937 0.4 0 0 0 150 62.2 55.3 55.3
5337 0.1 10 0 0 4937 0.4 0 0 0 180 61.9 54.9 54.9
5337 0.1 10 0 0 4937 0.4 10 0 0 0 61.9 53.7 53.7
5337 0.1 10 0 0 4937 0.4 10 0 0 30 62.0 53.9 53.9
5337 0.1 10 0 0 4937 0.4 10 0 0 60 62.1 54.1 54.1
5337 0.1 10 0 0 4937 0.4 10 0 0 90 62.2 54.3 54.3
5337 0.1 10 0 0 4937 0.4 10 0 0 120 62.3 54.7 54.7
5337 0.1 10 0 0 4937 0.4 10 0 0 150 62.2 55.0 55.0
5337 0.1 10 0 0 4937 0.4 10 0 0 180 61.9 54.7 54.7
5337 0.1 10 0 0 4937 0.4 20 0 0 0 61.7 52.5 52.5
5337 0.1 10 0 0 4937 0.4 20 0 0 30 61.8 52.5 52.5
5337 0.1 10 0 0 4937 0.4 20 0 0 60 61.9 52.6 52.6
5337 0.1 10 0 0 4937 0.4 20 0 0 90 62.0 52.9 52.9
5337 0.1 10 0 0 4937 0.4 20 0 0 120 62.1 53.1 53.1
5337 0.1 10 0 0 4937 0.4 20 0 0 150 62.0 53.4 53.4
5337 0.1 10 0 0 4937 0.4 20 0 0 180 61.7 53.3 53.3
5337 0.1 10 0 0 4937 0.4 30 0 0 0 61.4 51.3 51.3
5337 0.1 10 0 0 4937 0.4 30 0 0 30 61.5 51.4 51.4
5337 0.1 10 0 0 4937 0.4 30 0 0 60 61.6 51.5 51.5
5337 0.1 10 0 0 4937 0.4 30 0 0 90 61.7 51.8 51.8
5337 0.1 10 0 0 4937 0.4 30 0 0 120 61.8 52.0 52.0
5337 0.1 10 0 0 4937 0.4 30 0 0 150 61.7 52.6 52.6
5337 0.1 10 0 0 4937 0.4 30 0 0 180 61.4 52.9 52.9
5337 0.1 10 0 0 4937 0.4 40 0 0 0 60.9 51.3 51.3
5337 0.1 10 0 0 4937 0.4 40 0 0 30 61.1 51.4 51.4
5337 0.1 10 0 0 4937 0.4 40 0 0 60 61.2 51.6 51.6
5337 0.1 10 0 0 4937 0.4 40 0 0 90 61.2 51.8 51.8
5337 0.1 10 0 0 4937 0.4 40 0 0 120 61.3 52.1 52.1
5337 0.1 10 0 0 4937 0.4 40 0 0 150 61.1 52.6 52.6
5337 0.1 10 0 0 4937 0.4 40 0 0 180 60.9 52.9 52.9
5337 0.1 10 0 0 4937 0.4 50 0 0 0 60.2 51.9 51.9
5337 0.1 10 0 0 4937 0.4 50 0 0 30 60.3 51.9 51.9
5337 0.1 10 0 0 4937 0.4 50 0 0 60 60.5 52.1 52.1
5337 0.1 10 0 0 4937 0.4 50 0 0 90 60.4 52.4 52.4
5337 0.1 10 0 0 4937 0.4 50 0 0 120 60.5 52.6 52.6
5337 0.1 10 0 0 4937 0.4 50 0 0 150 60.4 52.9 52.9
5337 0.1 10 0 0 4937 0.4 50 0 0 180 60.1 53.1 53.1
5337 0.1 10 0 0 4937 0.4 60 0 0 0 58.5 52.8 52.8
5337 0.1 10 0 0 4937 0.4 60 0 0 30 58.7 52.9 52.9
5337 0.1 10 0 0 4937 0.4 60 0 0 60 58.8 53.1 53.1
5337 0.1 10 0 0 4937 0.4 60 0 0 90 58.9 53.3 53.3
5337 0.1 10 0 0 4937 0.4 60 0 0 120 59.0 53.6 53.6
5337 0.1 10 0 0 4937 0.4 60 0 0 150 59.0 53.9 53.9
5337 0.1 10 0 0 4937 0.4 60 0 0 180 58.8 53.7 53.7
5337 0.1 10 0 0 4937 0.5 0 0 0 0 61.8 53.4 53.4
5337 0.1 10 0 0 4937 0.5 0 0 0 30 61.9 53.5 53.5
5337 0.1 10 0 0 4937 0.5 0 0 0 60 61.9 53.7 53.7
5337 0.1 10 0 0 4937 0.5 0 0 0 90 62.1 53.9 53.9
5337 0.1 10 0 0 4937 0.5 0 0 0 120 62.1 54.2 54.2
5337 0.1 10 0 0 4937 0.5 0 0 0 150 62.0 54.6 54.6
5337 0.1 10 0 0 4937 0.5 0 0 0 180 61.7 54.2 54.2
5337 0.1 10 0 0 4937 0.5 10 0 0 0 61.7 52.9 52.9
5337 0.1 10 0 0 4937 0.5 10 0 0 30 61.8 53.0 53.0
5337 0.1 10 0 0 4937 0.5 10 0 0 60 61.9 53.2 53.2
5337 0.1 10 0 0 4937 0.5 10 0 0 90 62.0 53.4 53.4
5337 0.1 10 0 0 4937 0.5 10 0 0 120 62.0 53.7 53.7
5337 0.1 10 0 0 4937 0.5 10 0 0 150 62.0 54.0 54.0
5337 0.1 10 0 0 4937 0.5 10 0 0 180 61.6 53.8 53.8
5337 0.1 10 0 0 4937 0.5 20 0 0 0 61.6 52.1 52.1
5337 0.1 10 0 0 4937 0.5 20 0 0 30 61.6 52.1 52.1
5337 0.1 10 0 0 4937 0.5 20 0 0 60 61.7 52.3 52.3
5337 0.1 10 0 0 4937 0.5 20 0 0 90 61.8 52.4 52.4
5337 0.1 10 0 0 4937 0.5 20 0 0 120 61.9 52.6 52.6
5337 0.1 10 0 0 4937 0.5 20 0 0 150 61.8 53.0 53.0
5337 0.1 10 0 0 4937 0.5 20 0 0 180 61.4 52.9 52.9
5337 0.1 10 0 0 4937 0.5 30 0 0 0 61.2 51.3 51.3
5337 0.1 10 0 0 4937 0.5 30 0 0 30 61.3 51.4 51.4
5337 0.1 10 0 0 4937 0.5 30 0 0 60 61.4 51.6 51.6
5337 0.1 10 0 0 4937 0.5 30 0 0 90 61.5 51.7 51.7
5337 0.1 10 0 0 4937 0.5 30 0 0 120 61.6 52.0 52.0
5337 0.1 10 0 0 4937 0.5 30 0 0 150 61.4 52.6 52.6
5337 0.1 10 0 0 4937 0.5 30 0 0 180 61.1 52.9 52.9
5337 0.1 10 0 0 4937 0.5 40 0 0 0 60.7 51.6 51.6
5337 0.1 10 0 0 4937 0.5 40 0 0 30 60.8 51.6 51.6
5337 0.1 10 0 0 4937 0.5 40 0 0 60 60.9 51.7 51.7
5337 0.1 10 0 0 4937 0.5 40 0 0 90 61.0 51.8 51.8
5337 0.1 10 0 0 4937 0.5 40 0 0 120 61.1 52.0 52.0
5337 0.1 10 0 0 4937 0.5 40 0 0 150 60.9 52.5 52.5
5337 0.1 10 0 0 4937 0.5 40 0 0 180 60.6 52.9 52.9
5337 0.1 10 0 0 4937 0.5 50 0 0 0 59.9 52.0 52.0
5337 0.1 10 0 0 4937 0.5 50 0 0 30 60.1 52.1 52.1
5337 0.1 10 0 0 4937 0.5 50 0 0 60 60.1 52.2 52.2
5337 0.1 10 0 0 4937 0.5 50 0 0 90 60.1 52.3 52.3
5337 0.1 10 0 0 4937 0.5 50 0 0 120 60.2 52.5 52.5
5337 0.1 10 0 0 4937 0.5 50 0 0 150 60.1 52.9 52.9
5337 0.1 10 0 0 4937 0.5 50 0 0 180 59.8 52.8 52.8
5337 0.1 10 0 0 4937 0.5 60 0 0 0 58.3 52.5 52.5
5337 0.1 10 0 0 4937 0.5 60 0 0 30 58.5 52.6 52.6
5337 0.1 10 0 0 4937 0.5 60 0 0 60 58.5 52.8 52.8
5337 0.1 10 0 0 4937 0.5 60 0 0 90 58.5 53.0 53.0
5337 0.1 10 0 0 4937 0.5 60 0 0 120 58.5 53.2 53.2
5337 0.1 10 0 0 4937 0.5 60 0 0 150 58.5 53.5 53.5
5337 0.1 10 0 0 4937 0.5 60 0 0 180 58.5 53.4 53.4
5337 0.1 10 0 0 5137 0.0 0 0 0 0 63.2 56.8 56.8
5337 0.1 10 0 0 5137 0.0 0 0 0 30 63.2 56.7 56.7
5337 0.1 10 0 0 5137 0.0 0 0 0 60 63.1 56.7 56.7
5337 0.1 10 0 0 5137 0.0 0 0 0 90 63.0 56.5 56.5
5337 0.1 10 0 0 5137 0.0 0 0 0 120 62.9 56.4 56.4
5337 0.1 10 0 0 5137 0.0 0 0 0 150 62.8 56.4 56.4
5337 0.1 10 0 0 5137 0.0 0 0 0 180 62.8 56.5 56.5
5337 0.1 10 0 0 5137 0.0 10 0 0 0 63.2 56.5 56.5
5337 0.1 10 0 0 5137 0.0 10 0 0 30 63.1 56.5 56.5
5337 0.1 10 0 0 5137 0.0 10 0 0 60 63.1 56.4 56.4
5337 0.1 10 0 0 5137 0.0 10 0 0 90 62.9 56.3 56.3
5337 0.1 10 0 0 5137 0.0 10 0 0 120 62.9 56.2 56.2
5337 0.1 10 0 0 5137 0.0 10 0 0 150 62.8 56.2 56.2
5337 0.1 10 0 0 5137 0.0 10 0 0 180 62.7 56.2 56.2
5337 0.1 10 0 0 5137 0.0 20 0 0 0 63.0 55.7 55.7
5337 0.1 10 0 0 5137 0.0 20 0 0 30 63.0 55.6 55.6
5337 0.1 10 0 0 5137 0.0 20 0 0 60 62.9 55.6 55.6
5337 0.1 10 0 0 5137 0.0 20 0 0 90 62.8 55.5 55.5
5337 0.1 10 0 0 5137 0.0 20 0 0 120 62.7 55.5 55.5
5337 0.1 10 0 0 5137 0.0 20 0 0 150 62.6 55.4 55.4
5337 0.1 10 0 0 5137 0.0 20 0 0 180 62.6 55.5 55.5
5337 0.1 10 0 0 5137 0.0 30 0 0 0 62.7 52.9 52.9
5337 0.1 10 0 0 5137 0.0 30 0 0 30 62.7 52.9 52.9
5337 0.1 10 0 0 5137 0.0 30 0 0 60 62.6 53.1 53.1
5337 0.1 10 0 0 5137 0.0 30 0 0 90 62.5 53.4 53.4
5337 0.1 10 0 0 5137 0.0 30 0 0 120 62.4 53.7 53.7
5337 0.1 10 0 0 5137 0.0 30 0 0 150 62.3 53.9 53.9
5337 0.1 10 0 0 5137 0.0 30 0 0 180 62.3 54.2 54.2
5337 0.1 10 0 0 5137 0.0 40 0 0 0 62.3 52.7 52.7
5337 0.1 10 0 0 5137 0.0 40 0 0 30 62.2 52.7 52.7
5337 0.1 10 0 0 5137 0.0 40 0 0 60 62.2 52.9 52.9
5337 0.1 10 0 0 5137 0.0 40 0 0 90 62.1 53.2 53.2
5337 0.1 10 0 0 5137 0.0 40 0 0 120 62.0 53.5 53.5
5337 0.1 10 0 0 5137 0.0 40 0 0 150 61.9 53.7 53.7
5337 0.1 10 0 0 5137 0.0 40 0 0 180 61.9 54.0 54.0
5337 0.1 10 0 0 5137 0.0 50 0 0 0 61.5 53.6 53.6
5337 0.1 10 0 0 5137 0.0 50 0 0 30 61.5 53.6 53.6
5337 0.1 10 0 0 5137 0.0 50 0 0 60 61.5 53.6 53.6
5337 0.1 10 0 0 5137 0.0 50 0 0 90 61.4 53.6 53.6
5337 0.1 10 0 0 5137 0.0 50 0 0 120 61.4 53.9 53.9
5337 0.1 10 0 0 5137 0.0 50 0 0 150 61.3 54.2 54.2
5337 0.1 10 0 0 5137 0.0 50 0 0 180 61.2 54.4 54.4
5337 0.1 10 0 0 5137 0.0 60 0 0 0 60.3 55.3 55.3
5337 0.1 10 0 0 5137 0.0 60 0 0 30 60.4 55.3 55.3
5337 0.1 10 0 0 5137 0.0 60 0 0 60 60.4 55.2 55.2
5337 0.1 10 0 0 5137 0.0 60 0 0 90 60.3 55.1 55.1
5337 0.1 10 0 0 5137 0.0 60 0 0 120 60.2 54.9 54.9
5337 0.1 10 0 0 5137 0.0 60 0 0 150 60.1 54.7 54.7
5337 0.1 10 0 0 5137 0.0 60 0 0 180 60.2 54.7 54.7
5337 0.1 10 0 0 5137 0.1 0 0 0 0 63.0 56.5 56.5
5337 0.1 10 0 0 5137 0.1 0 0 0 30 63.0 56.4 56.4
5337 0.1 10 0 0 5137 0.1 0 0 0 60 62.9 56.4 56.4
5337 0.1 10 0 0 5137 0.1 0 0 0 90 62.8 56.2 56.2
5337 0.1 10 0 0 5137 0.1 0 0 0 120 62.8 56.1 56.1
5337 0.1 10 0 0 5137 0.1 0 0 0 150 62.6 56.0 56.0
5337 0.1 10 0 0 5137 0.1 0 0 0 180 62.6 56.1 56.1
5337 0.1 10 0 0 5137 0.1 10 0 0 0 63.0 56.3 56.3
5337 0.1 10 0 0 5137 0.1 10 0 0 30 63.0 56.2 56.2
5337 0.1 10 0 0 5137 0.1 10 0 0 60 62.9 56.1 56.1
5337 0.1 10 0 0 5137 0.1 10 0 0 90 62.8 56.0 56.0
5337 0.1 10 0 0 5137 0.1 10 0 0 120 62.7 55.9 55.9
5337 0.1 10 0 0 5137 0.1 10 0 0 150 62.6 55.8 55.8
5337 0.1 10 0 0 5137 0.1 10 0 0 180 62.6 55.9 55.9
5337 0.1 10 0 0 5137 0.1 20 0 0 0 62.8 55.3 55.3
5337 0.1 10 0 0 5137 0.1 20 0 0 30 62.8 55.2 55.2
5337 0.1 10 0 0 5137 0.1 20 0 0 60 62.7 55.2 55.2
5337 0.1 10 0 0 5137 0.1 20 0 0 90 62.6 55.1 55.1
5337 0.1 10 0 0 5137 0.1 20 0 0 120 62.5 55.0 55.0
5337 0.1 10 0 0 5137 0.1 20 0 0 150 62.4 55.0 55.0
5337 0.1 10 0 0 5137 0.1 20 0 0 180 62.4 55.2 55.2
5337 0.1 10 0 0 5137 0.1 30 0 0 0 62.5 52.5 52.5
5337 0.1 10 0 0 5137 0.1 30 0 0 30 62.5 52.4 52.4
5337 0.1 10 0 0 5137 0.1 30 0 0 60 62.4 52.4 52.4
5337 0.1 10 0 0 5137 0.1 30 0 0 90 62.3 52.6 52.6
5337 0.1 10 0 0 5137 0.1 30 0 0 120 62.2 53.1 53.1
5337 0.1 10 0 0 5137 0.1 30 0 0 150 62.1 53.4 53.4
5337 0.1 10 0 0 5137 0.1 30 0 0 180 62.1 53.9 53.9
5337 0.1 10 0 0 5137 0.1 40 0 0 0 62.0 52.5 52.5
5337 0.1 10 0 0 5137 0.1 40 0 0 30 62.0 52.4 52.4
5337 0.1 10 0 0 5137 0.1 40 0 0 60 62.0 52.4 52.4
5337 0.1 10 0 0 5137 0.1 40 0 0 90 61.9 52.5 52.5
5337 0.1 10 0 0 5137 0.1 40 0 0 120 61.8 52.8 52.8
5337 0.1 10 0 0 5137 0.1 40 0 0 150 61.7 53.2 53.2
5337 0.1 10 0 0 5137 0.1 40 0 0 180 61.7 53.5 53.5
5337 0.1 10 0 0 5137 0.1 50 0 0 0 61.2 53.3 53.3
5337 0.1 10 0 0 5137 0.1 50 0 0 30 61.2 53.3 53.3
5337 0.1 10 0 0 5137 0.1 50 0 0 60 61.2 53.2 53.2
5337 0.1 10 0 0 5137 0.1 50 0 0 90 61.2 53.1 53.1
5337 0.1 10 0 0 5137 0.1 50 0 0 120 61.1 53.2 53.2
5337 0.1 10 0 0 5137 0.1 50 0 0 150 61.1 53.5 53.5
5337 0.1 10 0 0 5137 0.1 50 0 0 180 61.1 53.9 53.9
5337 0.1 10 0 0 5137 0.1 60 0 0 0 60.0 55.0 55.0
5337 0.1 10 0 0 5137 0.1 60 0 0 30 60.0 55.0 55.0
5337 0.1 10 0 0 5137 0.1 60 0 0 60 60.1 54.8 54.8
5337 0.1 10 0 0 5137 0.1 60 0 0 90 60.1 54.7 54.7
5337 0.1 10 0 0 5137 0.1 60 0 0 120 60.0 54.7 54.7
5337 0.1 10 0 0 5137 0.1 60 0 0 150 60.0 54.4 54.4
5337 0.1 10 0 0 5137 0.1 60 0 0 180 60.0 54.3 54.3
5337 0.1 10 0 0 5137 0.2 0 0 0 0 62.8 56.1 56.1
5337 0.1 10 0 0 5137 0.2 0 0 0 30 62.8 56.1 56.1
5337 0.1 10 0 0 5137 0.2 0 0 0 60 62.7 56.0 56.0
5337 0.1 10 0 0 5137 0.2 0 0 0 90 62.6 55.9 55.9
5337 0.1 10 0 0 5137 0.2 0 0 0 120 62.6 55.8 55.8
5337 0.1 10 0 0 5137 0.2 0 0 0 150 62.4 55.7 55.7
5337 0.1 10 0 0 5137 0.2 0 0 0 180 62.4 55.7 55.7
5337 0.1 10 0 0 5137 0.2 10 0 0 0 62.8 55.8 55.8
5337 0.1 10 0 0 5137 0.2 10 0 0 30 62.7 55.8 55.8
5337 0.1 10 0 0 5137 0.2 10 0 0 60 62.7 55.7 55.7
5337 0.1 10 0 0 5137 0.2 10 0 0 90 62.6 55.6 55.6
5337 0.1 10 0 0 5137 0.2 10 0 0 120 62.5 55.6 55.6
5337 0.1 10 0 0 5137 0.2 10 0 0 150 62.4 55.5 55.5
5337 0.1 10 0 0 5137 0.2 10 0 0 180 62.4 55.5 55.5
5337 0.1 10 0 0 5137 0.2 20 0 0 0 62.6 54.9 54.9
5337 0.1 10 0 0 5137 0.2 20 0 0 30 62.6 54.8 54.8
5337 0.1 10 0 0 5137 0.2 20 0 0 60 62.5 54.7 54.7
5337 0.1 10 0 0 5137 0.2 20 0 0 90 62.4 54.6 54.6
5337 0.1 10 0 0 5137 0.2 20 0 0 120 62.4 54.5 54.5
5337 0.1 10 0 0 5137 0.2 20 0 0 150 62.2 54.6 54.6
5337 0.1 10 0 0 5137 0.2 20 0 0 180 62.2 54.8 54.8
5337 0.1 10 0 0 5137 0.2 30 0 0 0 62.3 52.3 52.3
5337 0.1 10 0 0 5137 0.2 30 0 0 30 62.3 52.2 52.2
5337 0.1 10 0 0 5137 0.2 30 0 0 60 62.2 52.1 52.1
5337 0.1 10 0 0 5137 0.2 30 0 0 90 62.1 52.1 52.1
5337 0.1 10 0 0 5137 0.2 30 0 0 120 62.1 52.4 52.4
5337 0.1 10 0 0 5137 0.2 30 0 0 150 62.0 52.9 52.9
5337 0.1 10 0 0 5137 0.2 30 0 0 180 62.0 53.4 53.4
5337 0.1 10 0 0 5137 0.2 40 0 0 0 61.7 52.3 52.3
5337 0.1 10 0 0 5137 0.2 40 0 0 30 61.8 52.2 52.2
5337 0.1 10 0 0 5137 0.2 40 0 0 60 61.7 52.1 52.1
5337 0.1 10 0 0 5137 0.2 40 0 0 90 61.7 52.0 52.0
5337 0.1 10 0 0 5137 0.2 40 0 0 120 61.6 52.2 52.2
5337 0.1 10 0 0 5137 0.2 40 0 0 150 61.6 52.7 52.7
5337 0.1 10 0 0 5137 0.2 40 0 0 180 61.6 53.1 53.1
5337 0.1 10 0 0 5137 0.2 50 0 0 0 60.9 53.1 53.1
5337 0.1 10 0 0 5137 0.2 50 0 0 30 60.9 53.0 53.0
5337 0.1 10 0 0 5137 0.2 50 0 0 60 60.9 52.9 52.9
5337 0.1 10 0 0 5137 0.2 50 0 0 90 61.0 52.8 52.8
5337 0.1 10 0 0 5137 0.2 50 0 0 120 60.9 52.8 52.8
5337 0.1 10 0 0 5137 0.2 50 0 0 150 60.9 52.9 52.9
5337 0.1 10 0 0 5137 0.2 50 0 0 180 61.0 53.4 53.4
5337 0.1 10 0 0 5137 0.2 60 0 0 0 59.6 54.7 54.7
5337 0.1 10 0 0 5137 0.2 60 0 0 30 59.7 54.6 54.6
5337 0.1 10 0 0 5137 0.2 60 0 0 60 59.7 54.5 54.5
5337 0.1 10 0 0 5137 0.2 60 0 0 90 59.8 54.3 54.3
5337 0.1 10 0 0 5137 0.2 60 0 0 120 59.7 54.3 54.3
5337 0.1 10 0 0 5137 0.2 60 0 0 150 59.8 54.2 54.2
5337 0.1 10 0 0 5137 0.2 60 0 0 180 59.8 54.0 54.0
5337 0.1 10 0 0 5137 0.3 0 0 0 0 62.6 55.6 55.6
5337 0.1 10 0 0 5137 0.3 0 0 0 30 62.6 55.7 55.7
5337 0.1 10 0 0 5137 0.3 0 0 0 60 62.5 55.6 55.6
5337 0.1 10 0 0 5137 0.3 0 0 0 90 62.5 55.5 55.5
5337 0.1 10 0 0 5137 0.3 0 0 0 120 62.4 55.5 55.5
5337 0.1 10 0 0 5137 0.3 0 0 0 150 62.3 55.4 55.4
5337 0.1 10 0 0 5137 0.3 0 0 0 180 62.3 55.3 55.3
5337 0.1 10 0 0 5137 0.3 10 0 0 0 62.5 55.4 55.4
5337 0.1 10 0 0 5137 0.3 10 0 0 30 62.5 55.4 55.4
5337 0.1 10 0 0 5137 0.3 10 0 0 60 62.5 55.3 55.3
5337 0.1 10 0 0 5137 0.3 10 0 0 90 62.4 55.2 55.2
5337 0.1 10 0 0 5137 0.3 10 0 0 120 62.4 55.1 55.1
5337 0.1 10 0 0 5137 0.3 10 0 0 150 62.3 55.1 55.1
5337 0.1 10 0 0 5137 0.3 10 0 0 180 62.2 55.1 55.1
5337 0.1 10 0 0 5137 0.3 20 0 0 0 62.3 54.3 54.3
5337 0.1 10 0 0 5137 0.3 20 0 0 30 62.3 54.2 54.2
5337 0.1 10 0 0 5137 0.3 20 0 0 60 62.3 54.1 54.1
5337 0.1 10 0 0 5137 0.3 20 0 0 90 62.3 54.0 54.0
5337 0.1 10 0 0 5137 0.3 20 0 0 120 62.2 53.9 53.9
5337 0.1 10 0 0 5137 0.3 20 0 0 150 62.1 53.9 53.9
5337 0.1 10 0 0 5137 0.3 20 0 0 180 62.1 54.4 54.4
5337 0.1 10 0 0 5137 0.3 30 0 0 0 62.0 52.2 52.2
5337 0.1 10 0 0 5137 0.3 30 0 0 30 62.0 52.0 52.0
5337 0.1 10 0 0 5137 0.3 30 0 0 60 62.0 51.9 51.9
5337 0.1 10 0 0 5137 0.3 30 0 0 90 62.0 51.8 51.8
5337 0.1 10 0 0 5137 0.3 30 0 0 120 61.9 51.8 51.8
5337 0.1 10 0 0 5137 0.3 30 0 0 150 61.8 52.4 52.4
5337 0.1 10 0 0 5137 0.3 30 0 0 180 61.8 53.2 53.2
5337 0.1 10 0 0 5137 0.3 40 0 0 0 61.4 52.3 52.3
5337 0.1 10 0 0 5137 0.3 40 0 0 30 61.4 52.2 52.2
5337 0.1 10 0 0 5137 0.3 40 0 0 60 61.4 52.1 52.1
5337 0.1 10 0 0 5137 0.3 40 0 0 90 61.5 52.0 52.0
5337 0.1 10 0 0 5137 0.3 40 0 0 120 61.4 51.9 51.9
5337 0.1 10 0 0 5137 0.3 40 0 0 150 61.4 52.2 52.2
5337 0.1 10 0 0 5137 0.3 40 0 0 180 61.5 52.8 52.8
5337 0.1 10 0 0 5137 0.3 50 0 0 0 60.5 53.0 53.0
5337 0.1 10 0 0 5137 0.3 50 0 0 30 60.6 52.9 52.9
5337 0.1 10 0 0 5137 0.3 50 0 0 60 60.6 52.7 52.7
5337 0.1 10 0 0 5137 0.3 50 0 0 90 60.7 52.6 52.6
5337 0.1 10 0 0 5137 0.3 50 0 0 120 60.8 52.5 52.5
5337 0.1 10 0 0 5137 0.3 50 0 0 150 60.8 52.5 52.5
5337 0.1 10 0 0 5137 0.3 50 0 0 180 60.9 53.0 53.0
5337 0.1 10 0 0 5137 0.3 60 0 0 0 59.2 54.4 54.4
5337 0.1 10 0 0 5137 0.3 60 0 0 30 59.2 54.3 54.3
5337 0.1 10 0 0 5137 0.3 60 0 0 60 59.4 54.2 54.2
5337 0.1 10 0 0 5137 0.3 60 0 0 90 59.5 54.0 54.0
5337 0.1 10 0 0 5137 0.3 60 0 0 120 59.5 53.8 53.8
5337 0.1 10 0 0 5137 0.3 60 0 0 150 59.5 53.7 53.7
5337 0.1 10 0 0 5137 0.3 60 0 0 180 59.7 53.7 53.7
5337 0.1 10 0 0 5137 0.4 0 0 0 0 62.3 55.2 55.2
5337 0.1 10 0 0 5137 0.4 0 0 0 30 62.3 55.2 55.2
5337 0.1 10 0 0 5137 0.4 0 0 0 60 62.3 55.1 55.1
5337 0.1 10 0 0 5137 0.4 0 0 0 90 62.3 55.1 55.1
5337 0.1 10 0 0 5137 0.4 0 0 0 120 62.3 55.1 55.1
5337 0.1 10 0 0 5137 0.4 0 0 0 150 62.2 55.0 55.0
5337 0.1 10 0 0 5137 0.4 0 0 0 180 62.2 54.9 54.9
5337 0.1 10 0 0 5137 0.4 10 0 0 0 62.2 54.9 54.9
5337 0.1 10 0 0 5137 0.4 10 0 0 30 62.2 54.9 54.9
5337 0.1 10 0 0 5137 0.4 10 0 0 60 62.2 54.8 54.8
5337 0.1 10 0 0 5137 0.4 10 0 0 90 62.3 54.7 54.7
5337 0.1 10 0 0 5137 0.4 10 0 0 120 62.2 54.6 54.6
5337 0.1 10 0 0 5137 0.4 10 0 0 150 62.2 54.5 54.5
5337 0.1 10 0 0 5137 0.4 10 0 0 180 62.1 54.7 54.7
5337 0.1 10 0 0 5137 0.4 20 0 0 0 62.0 53.5 53.5
5337 0.1 10 0 0 5137 0.4 20 0 0 30 62.0 53.3 53.3
5337 0.1 10 0 0 5137 0.4 20 0 0 60 62.0 53.2 53.2
5337 0.1 10 0 0 5137 0.4 20 0 0 90 62.1 53.0 53.0
5337 0.1 10 0 0 5137 0.4 20 0 0 120 62.1 52.8 52.8
5337 0.1 10 0 0 5137 0.4 20 0 0 150 62.0 52.8 52.8
5337 0.1 10 0 0 5137 0.4 20 0 0 180 62.0 53.7 53.7
5337 0.1 10 0 0 5137 0.4 30 0 0 0 61.6 52.3 52.3
5337 0.1 10 0 0 5137 0.4 30 0 0 30 61.6 52.1 52.1
5337 0.1 10 0 0 5137 0.4 30 0 0 60 61.7 52.0 52.0
5337 0.1 10 0 0 5137 0.4 30 0 0 90 61.7 51.8 51.8
5337 0.1 10 0 0 5137 0.4 30 0 0 120 61.8 51.6 51.6
5337 0.1 10 0 0 5137 0.4 30 0 0 150 61.8 52.0 52.0
5337 0.1 10 0 0 5137 0.4 30 0 0 180 61.8 53.0 53.0
5337 0.1 10 0 0 5137 0.4 40 0 0 0 61.0 52.4 52.4
5337 0.1 10 0 0 5137 0.4 40 0 0 30 61.0 52.3 52.3
5337 0.1 10 0 0 5137 0.4 40 0 0 60 61.1 52.2 52.2
5337 0.1 10 0 0 5137 0.4 40 0 0 90 61.2 52.0 52.0
5337 0.1 10 0 0 5137 0.4 40 0 0 120 61.3 51.8 51.8
5337 0.1 10 0 0 5137 0.4 40 0 0 150 61.3 51.8 51.8
5337 0.1 10 0 0 5137 0.4 40 0 0 180 61.4 52.6 52.6
5337 0.1 10 0 0 5137 0.4 50 0 0 0 60.0 53.1 53.1
5337 0.1 10 0 0 5137 0.4 50 0 0 30 60.1 53.0 53.0
5337 0.1 10 0 0 5137 0.4 50 0 0 60 60.2 52.9 52.9
5337 0.1 10 0 0 5137 0.4 50 0 0 90 60.4 52.7 52.7
5337 0.1 10 0 0 5137 0.4 50 0 0 120 60.6 52.5 52.5
5337 0.1 10 0 0 5137 0.4 50 0 0 150 60.7 52.2 52.2
5337 0.1 10 0 0 5137 0.4 50 0 0 180 60.8 52.5 52.5
5337 0.1 10 0 0 5137 0.4 60 0 0 0 58.7 54.1 54.1
5337 0.1 10 0 0 5137 0.4 60 0 0 30 58.6 54.0 54.0
5337 0.1 10 0 0 5137 0.4 60 0 0 60 58.8 54.0 54.0
5337 0.1 10 0 0 5137 0.4 60 0 0 90 59.0 53.8 53.8
5337 0.1 10 0 0 5137 0.4 60 0 0 120 59.2 53.6 53.6
5337 0.1 10 0 0 5137 0.4 60 0 0 150 59.2 53.3 53.3
5337 0.1 10 0 0 5137 0.4 60 0 0 180 59.3 53.2 53.2
5337 0.1 10 0 0 5137 0.5 0 0 0 0 61.9 54.5 54.5
5337 0.1 10 0 0 5137 0.5 0 0 0 30 61.9 54.5 54.5
5337 0.1 10 0 0 5137 0.5 0 0 0 60 62.0 54.5 54.5
5337 0.1 10 0 0 5137 0.5 0 0 0 90 62.0 54.5 54.5
5337 0.1 10 0 0 5137 0.5 0 0 0 120 62.1 54.5 54.5
5337 0.1 10 0 0 5137 0.5 0 0 0 150 62.2 54.5 54.5
5337 0.1 10 0 0 5137 0.5 0 0 0 180 62.1 54.3 54.3
5337 0.1 10 0 0 5137 0.5 10 0 0 0 61.8 54.2 54.2
5337 0.1 10 0 0 5137 0.5 10 0 0 30 61.9 54.2 54.2
5337 0.1 10 0 0 5137 0.5 10 0 0 60 61.9 54.1 54.1
5337 0.1 10 0 0 5137 0.5 10 0 0 90 62.0 54.0 54.0
5337 0.1 10 0 0 5137 0.5 10 0 0 120 62.0 53.9 53.9
5337 0.1 10 0 0 5137 0.5 10 0 0 150 62.1 53.7 53.7
5337 0.1 10 0 0 5137 0.5 10 0 0 180 62.1 54.0 54.0
5337 0.1 10 0 0 5137 0.5 20 0 0 0 61.5 52.9 52.9
5337 0.1 10 0 0 5137 0.5 20 0 0 30 61.6 52.8 52.8
5337 0.1 10 0 0 5137 0.5 20 0 0 60 61.7 52.7 52.7
5337 0.1 10 0 0 5137 0.5 20 0 0 90 61.7 52.6 52.6
5337 0.1 10 0 0 5137 0.5 20 0 0 120 61.9 52.4 52.4
5337 0.1 10 0 0 5137 0.5 20 0 0 150 62.0 52.1 52.1
5337 0.1 10 0 0 5137 0.5 20 0 0 180 62.0 53.3 53.3
5337 0.1 10 0 0 5137 0.5 30 0 0 0 61.1 52.4 52.4
5337 0.1 10 0 0 5137 0.5 30 0 0 30 61.2 52.3 52.3
5337 0.1 10 0 0 5137 0.5 30 0 0 60 61.2 52.2 52.2
5337 0.1 10 0 0 5137 0.5 30 0 0 90 61.4 52.1 52.1
5337 0.1 10 0 0 5137 0.5 30 0 0 120 61.5 51.9 51.9
5337 0.1 10 0 0 5137 0.5 30 0 0 150 61.7 51.9 51.9
5337 0.1 10 0 0 5137 0.5 30 0 0 180 61.8 53.0 53.0
5337 0.1 10 0 0 5137 0.5 40 0 0 0 60.4 52.7 52.7
5337 0.1 10 0 0 5137 0.5 40 0 0 30 60.5 52.6 52.6
5337 0.1 10 0 0 5137 0.5 40 0 0 60 60.6 52.6 52.6
5337 0.1 10 0 0 5137 0.5 40 0 0 90 60.8 52.4 52.4
5337 0.1 10 0 0 5137 0.5 40 0 0 120 61.0 52.2 52.2
5337 0.1 10 0 0 5137 0.5 40 0 0 150 61.2 51.9 51.9
5337 0.1 10 0 0 5137 0.5 40 0 0 180 61.4 52.5 52.5
5337 0.1 10 0 0 5137 0.5 50 0 0 0 59.4 53.3 53.3
5337 0.1 10 0 0 5137 0.5 50 0 0 30 59.6 53.2 53.2
5337 0.1 10 0 0 5137 0.5 50 0 0 60 59.7 53.1 53.1
5337 0.1 10 0 0 5137 0.5 50 0 0 90 59.9 53.0 53.0
5337 0.1 10 0 0 5137 0.5 50 0 0 120 60.3 52.7 52.7
5337 0.1 10 0 0 5137 0.5 50 0 0 150 60.5 52.4 52.4
5337 0.1 10 0 0 5137 0.5 50 0 0 180 60.7 52.3 52.3
5337 0.1 10 0 0 5137 0.5 60 0 0 0 58.2 54.0 54.0
5337 0.1 10 0 0 5137 0.5 60 0 0 30 58.2 53.9 53.9
5337 0.1 10 0 0 5137 0.5 60 0 0 60 58.2 53.9 53.9
5337 0.1 10 0 0 5137 0.5 60 0 0 90 58.4 53.7 53.7
5337 0.1 10 0 0 5137 0.5 60 0 0 120 58.8 53.5 53.5
5337 0.1 10 0 0 5137 0.5 60 0 0 150 58.8 53.2 53.2
5337 0.1 10 0 0 5137 0.5 60 0 0 180 59.0 52.8 52.8
5337 0.1 10 0 0 5337 0.0 0 0 0 0 41.8 37.6 37.6
5337 0.1 10 0 0 5337 0.0 0 0 0 30 49.5 44.5 44.5
5337 0.1 10 0 0 5337 0.0 0 0 0 60 57.9 52.8 52.8
5337 0.1 10 0 0 5337 0.0 0 0 0 90 66.2 61.1 61.1
5337 0.1 10 0 0 5337 0.0 0 0 0 120 74.5 68.6 68.6
5337 0.1 10 0 0 5337 0.0 0 0 0 150 78.7 68.9 68.9
5337 0.1 10 0 0 5337 0.0 0 0 0 180 78.7 68.9 68.9
5337 0.1 10 0 0 5337 0.0 10 0 0 0 41.7 37.0 37.0
5337 0.1 10 0 0 5337 0.0 10 0 0 30 49.4 44.3 44.3
5337 0.1 10 0 0 5337 0.0 10 0 0 60 57.7 52.6 52.6
5337 0.1 10 0 0 5337 0.0 10 0 0 90 66.1 60.9 60.9
5337 0.1 10 0 0 5337 0.0 10 0 0 120 74.4 67.5 67.5
5337 0.1 10 0 0 5337 0.0 10 0 0 150 78.6 68.6 68.6
5337 0.1 10 0 0 5337 0.0 10 0 0 180 78.6 68.7 68.7
5337 0.1 10 0 0 5337 0.0 20 0 0 0 41.6 37.1 37.1
5337 0.1 10 0 0 5337 0.0 20 0 0 30 49.2 43.6 43.6
5337 0.1 10 0 0 5337 0.0 20 0 0 60 57.5 51.9 51.9
5337 0.1 10 0 0 5337 0.0 20 0 0 90 65.8 60.1 60.1
5337 0.1 10 0 0 5337 0.0 20 0 0 120 74.1 65.6 65.6
5337 0.1 10 0 0 5337 0.0 20 0 0 150 78.4 67.5 67.5
5337 0.1 10 0 0 5337 0.0 20 0 0 180 78.4 67.5 67.5
5337 0.1 10 0 0 5337 0.0 30 0 0 0 41.4 37.9 37.9
5337 0.1 10 0 0 5337 0.0 30 0 0 30 48.8 43.2 43.2
5337 0.1 10 0 0 5337 0.0 30 0 0 60 57.2 49.9 49.9
5337 0.1 10 0 0 5337 0.0 30 0 0 90 65.5 56.4 56.4
5337 0.1 10 0 0 5337 0.0 30 0 0 120 73.8 61.5 61.5
5337 0.1 10 0 0 5337 0.0 30 0 0 150 77.9 64.2 64.2
5337 0.1 10 0 0 5337 0.0 30 0 0 180 77.9 64.4 64.4
5337 0.1 10 0 0 5337 0.0 40 0 0 0 41.2 39.6 39.6
5337 0.1 10 0 0 5337 0.0 40 0 0 30 48.3 43.6 43.6
5337 0.1 10 0 0 5337 0.0 40 0 0 60 56.7 49.5 49.5
5337 0.1 10 0 0 5337 0.0 40 0 0 90 65.0 55.4 55.4
5337 0.1 10 0 0 5337 0.0 40 0 0 120 73.3 60.3 60.3
5337 0.1 10 0 0 5337 0.0 40 0 0 150 77.2 63.4 63.4
5337 0.1 10 0 0 5337 0.0 40 0 0 180 77.2 64.1 64.1
5337 0.1 10 0 0 5337 0.0 50 0 0 0 41.3 41.4 41.4
5337 0.1 10 0 0 5337 0.0 50 0 0 30 47.6 44.5 44.5
5337 0.1 10 0 0 5337 0.0 50 0 0 60 56.0 49.8 49.8
5337 0.1 10 0 0 5337 0.0 50 0 0 90 64.3 55.3 55.3
5337 0.1 10 0 0 5337 0.0 50 0 0 120 72.5 60.1 60.1
5337 0.1 10 0 0 5337 0.0 50 0 0 150 76.0 63.4 63.4
5337 0.1 10 0 0 5337 0.0 50 0 0 180 76.1 65.0 65.0
5337 0.1 10 0 0 5337 0.0 60 0 0 0 41.7 43.9 43.9
5337 0.1 10 0 0 5337 0.0 60 0 0 30 46.6 46.6 46.6
5337 0.1 10 0 0 5337 0.0 60 0 0 60 55.0 50.9 50.9
5337 0.1 10 0 0 5337 0.0 60 0 0 90 63.3 56.0 56.0
5337 0.1 10 0 0 5337 0.0 60 0 0 120 70.8 60.7 60.7
5337 0.1 10 0 0 5337 0.0 60 0 0 150 74.2 64.1 64.1
5337 0.1 10 0 0 5337 0.0 60 0 0 180 74.4 65.9 65.9
5337 0.1 10 0 0 5337 0.1 0 0 0 0 41.2 36.8 36.8
5337 0.1 10 0 0 5337 0.1 0 0 0 30 48.0 42.9 42.9
5337 0.1 10 0 0 5337 0.1 0 0 0 60 55.2 50.0 50.0
5337 0.1 10 0 0 5337 0.1 0 0 0 90 63.0 57.8 57.8
5337 0.1 10 0 0 5337 0.1 0 0 0 120 71.6 66.1 66.1
5337 0.1 10 0 0 5337 0.1 0 0 0 150 77.6 68.6 68.6
5337 0.1 10 0 0 5337 0.1 0 0 0 180 78.7 68.7 68.7
5337 0.1 10 0 0 5337 0.1 10 0 0 0 41.1 35.8 35.8
5337 0.1 10 0 0 5337 0.1 10 0 0 30 47.9 42.7 42.7
5337 0.1 10 0 0 5337 0.1 10 0 0 60 55.1 49.8 49.8
5337 0.1 10 0 0 5337 0.1 10 0 0 90 62.9 57.6 57.6
5337 0.1 10 0 0 5337 0.1 10 0 0 120 71.5 64.9 64.9
5337 0.1 10 0 0 5337 0.1 10 0 0 150 77.6 68.4 68.4
5337 0.1 10 0 0 5337 0.1 10 0 0 180 78.6 68.5 68.5
5337 0.1 10 0 0 5337 0.1 20 0 0 0 40.8 36.2 36.2
5337 0.1 10 0 0 5337 0.1 20 0 0 30 47.7 42.0 42.0
5337 0.1 10 0 0 5337 0.1 20 0 0 60 54.9 49.2 49.2
5337 0.1 10 0 0 5337 0.1 20 0 0 90 62.7 56.8 56.8
5337 0.1 10 0 0 5337 0.1 20 0 0 120 71.3 62.9 62.9
5337 0.1 10 0 0 5337 0.1 20 0 0 150 77.4 66.8 66.8
5337 0.1 10 0 0 5337 0.1 20 0 0 180 78.4 67.4 67.4
5337 0.1 10 0 0 5337 0.1 30 0 0 0 40.5 37.7 37.7
5337 0.1 10 0 0 5337 0.1 30 0 0 30 47.3 41.2 41.2
5337 0.1 10 0 0 5337 0.1 30 0 0 60 54.5 47.1 47.1
5337 0.1 10 0 0 5337 0.1 30 0 0 90 62.3 53.3 53.3
5337 0.1 10 0 0 5337 0.1 30 0 0 120 70.9 58.9 58.9
5337 0.1 10 0 0 5337 0.1 30 0 0 150 77.0 63.0 63.0
5337 0.1 10 0 0 5337 0.1 30 0 0 180 77.9 64.2 64.2
5337 0.1 10 0 0 5337 0.1 40 0 0 0 40.5 39.4 39.4
5337 0.1 10 0 0 5337 0.1 40 0 0 30 46.9 41.8 41.8
5337 0.1 10 0 0 5337 0.1 40 0 0 60 54.0 46.7 46.7
5337 0.1 10 0 0 5337 0.1 40 0 0 90 61.8 52.2 52.2
5337 0.1 10 0 0 5337 0.1 40 0 0 120 70.5 57.6 57.6
5337 0.1 10 0 0 5337 0.1 40 0 0 150 76.2 61.9 61.9
5337 0.1 10 0 0 5337 0.1 40 0 0 180 77.2 63.9 63.9
5337 0.1 10 0 0 5337 0.1 50 0 0 0 40.7 41.3 41.3
5337 0.1 10 0 0 5337 0.1 50 0 0 30 46.2 43.2 43.2
5337 0.1 10 0 0 5337 0.1 50 0 0 60 53.3 47.0 47.0
5337 0.1 10 0 0 5337 0.1 50 0 0 90 61.1 52.2 52.2
5337 0.1 10 0 0 5337 0.1 50 0 0 120 69.8 57.4 57.4
5337 0.1 10 0 0 5337 0.1 50 0 0 150 75.1 61.7 61.7
5337 0.1 10 0 0 5337 0.1 50 0 0 180 76.1 64.5 64.5
5337 0.1 10 0 0 5337 0.1 60 0 0 0 41.3 43.6 43.6
5337 0.1 10 0 0 5337 0.1 60 0 0 30 45.5 45.4 45.4
5337 0.1 10 0 0 5337 0.1 60 0 0 60 52.3 48.7 48.7
5337 0.1 10 0 0 5337 0.1 60 0 0 90 60.1 52.9 52.9
5337 0.1 10 0 0 5337 0.1 60 0 0 120 68.5 57.8 57.8
5337 0.1 10 0 0 5337 0.1 60 0 0 150 73.2 62.2 62.2
5337 0.1 10 0 0 5337 0.1 60 0 0 180 74.4 65.3 65.3
5337 0.1 10 0 0 5337 0.2 0 0 0 0 41.8 37.2 37.2
5337 0.1 10 0 0 5337 0.2 0 0 0 30 46.7 41.5 41.5
5337 0.1 10 0 0 5337 0.2 0 0 0 60 52.8 47.5 47.5
5337 0.1 10 0 0 5337 0.2 0 0 0 90 59.9 54.6 54.6
5337 0.1 10 0 0 5337 0.2 0 0 0 120 68.6 63.0 63.0
5337 0.1 10 0 0 5337 0.2 0 0 0 150 75.8 68.2 68.2
5337 0.1 10 0 0 5337 0.2 0 0 0 180 78.7 68.5 68.5
5337 0.1 10 0 0 5337 0.2 10 0 0 0 41.8 36.4 36.4
5337 0.1 10 0 0 5337 0.2 10 0 0 30 46.6 41.3 41.3
5337 0.1 10 0 0 5337 0.2 10 0 0 60 52.7 47.3 47.3
5337 0.1 10 0 0 5337 0.2 10 0 0 90 59.8 54.4 54.4
5337 0.1 10 0 0 5337 0.2 10 0 0 120 68.5 61.9 61.9
5337 0.1 10 0 0 5337 0.2 10 0 0 150 75.8 67.2 67.2
5337 0.1 10 0 0 5337 0.2 10 0 0 180 78.6 68.2 68.2
5337 0.1 10 0 0 5337 0.2 20 0 0 0 41.7 36.2 36.2
5337 0.1 10 0 0 5337 0.2 20 0 0 30 46.4 40.6 40.6
5337 0.1 10 0 0 5337 0.2 20 0 0 60 52.4 46.6 46.6
5337 0.1 10 0 0 5337 0.2 20 0 0 90 59.5 53.5 53.5
5337 0.1 10 0 0 5337 0.2 20 0 0 120 68.3 60.0 60.0
5337 0.1 10 0 0 5337 0.2 20 0 0 150 75.6 65.2 65.2
5337 0.1 10 0 0 5337 0.2 20 0 0 180 78.3 67.1 67.1
5337 0.1 10 0 0 5337 0.2 30 0 0 0 41.6 37.5 37.5
5337 0.1 10 0 0 5337 0.2 30 0 0 30 46.1 39.8 39.8
5337 0.1 10 0 0 5337 0.2 30 0 0 60 52.1 44.5 44.5
5337 0.1 10 0 0 5337 0.2 30 0 0 90 59.2 50.1 50.1
5337 0.1 10 0 0 5337 0.2 30 0 0 120 67.9 56.0 56.0
5337 0.1 10 0 0 5337 0.2 30 0 0 150 75.2 61.3 61.3
5337 0.1 10 0 0 5337 0.2 30 0 0 180 77.8 64.1 64.1
5337 0.1 10 0 0 5337 0.2 40 0 0 0 41.6 39.1 39.1
5337 0.1 10 0 0 5337 0.2 40 0 0 30 45.6 40.8 40.8
5337 0.1 10 0 0 5337 0.2 40 0 0 60 51.6 44.2 44.2
5337 0.1 10 0 0 5337 0.2 40 0 0 90 58.7 49.2 49.2
5337 0.1 10 0 0 5337 0.2 40 0 0 120 67.4 54.8 54.8
5337 0.1 10 0 0 5337 0.2 40 0 0 150 74.6 60.1 60.1
5337 0.1 10 0 0 5337 0.2 40 0 0 180 77.1 63.7 63.7
5337 0.1 10 0 0 5337 0.2 50 0 0 0 41.6 41.0 41.0
5337 0.1 10 0 0 5337 0.2 50 0 0 30 45.2 42.4 42.4
5337 0.1 10 0 0 5337 0.2 50 0 0 60 50.9 45.1 45.1
5337 0.1 10 0 0 5337 0.2 50 0 0 90 58.0 49.2 49.2
5337 0.1 10 0 0 5337 0.2 50 0 0 120 66.7 54.6 54.6
5337 0.1 10 0 0 5337 0.2 50 0 0 150 73.5 59.9 59.9
5337 0.1 10 0 0 5337 0.2 50 0 0 180 75.9 63.8 63.8
5337 0.1 10 0 0 5337 0.2 60 0 0 0 42.0 43.2 43.2
5337 0.1 10 0 0 5337 0.2 60 0 0 30 45.0 44.5 44.5
5337 0.1 10 0 0 5337 0.2 60 0 0 60 50.0 46.9 46.9
5337 0.1 10 0 0 5337 0.2 60 0 0 90 57.0 50.4 50.4
5337 0.1 10 0 0 5337 0.2 60 0 0 120 65.6 55.0 55.0
5337 0.1 10 0 0 5337 0.2 60 0 0 150 71.8 60.2 60.2
5337 0.1 10 0 0 5337 0.2 60 0 0 180 74.0 64.4 64.4
5337 0.1 10 0 0 5337 0.3 0 0 0 0 43.8 38.4 38.4
5337 0.1 10 0 0 5337 0.3 0 0 0 30 45.7 41.0 41.0
5337 0.1 10 0 0 5337 0.3 0 0 0 60 50.6 45.1 45.1
5337 0.1 10 0 0 5337 0.3 0 0 0 90 56.8 51.4 51.4
5337 0.1 10 0 0 5337 0.3 0 0 0 120 65.4 59.6 59.6
5337 0.1 10 0 0 5337 0.3 0 0 0 150 73.7 66.4 66.4
5337 0.1 10 0 0 5337 0.3 0 0 0 180 78.0 68.0 68.0
5337 0.1 10 0 0 5337 0.3 10 0 0 0 43.7 38.2 38.2
5337 0.1 10 0 0 5337 0.3 10 0 0 30 45.6 40.1 40.1
5337 0.1 10 0 0 5337 0.3 10 0 0 60 50.4 44.9 44.9
5337 0.1 10 0 0 5337 0.3 10 0 0 90 56.7 51.2 51.2
5337 0.1 10 0 0 5337 0.3 10 0 0 120 65.2 58.6 58.6
5337 0.1 10 0 0 5337 0.3 10 0 0 150 73.6 65.2 65.2
5337 0.1 10 0 0 5337 0.3 10 0 0 180 77.9 68.0 68.0
5337 0.1 10 0 0 5337 0.3 20 0 0 0 43.7 37.7 37.7
5337 0.1 10 0 0 5337 0.3 20 0 0 30 45.5 39.8 39.8
5337 0.1 10 0 0 5337 0.3 20 0 0 60 50.2 44.3 44.3
5337 0.1 10 0 0 5337 0.3 20 0 0 90 56.5 50.2 50.2
5337 0.1 10 0 0 5337 0.3 20 0 0 120 65.0 56.7 56.7
5337 0.1 10 0 0 5337 0.3 20 0 0 150 73.4 63.1 63.1
5337 0.1 10 0 0 5337 0.3 20 0 0 180 77.7 66.8 66.8
5337 0.1 10 0 0 5337 0.3 30 0 0 0 43.6 37.9 37.9
5337 0.1 10 0 0 5337 0.3 30 0 0 30 45.4 39.5 39.5
5337 0.1 10 0 0 5337 0.3 30 0 0 60 49.9 42.4 42.4
5337 0.1 10 0 0 5337 0.3 30 0 0 90 56.1 47.2 47.2
5337 0.1 10 0 0 5337 0.3 30 0 0 120 64.7 53.2 53.2
5337 0.1 10 0 0 5337 0.3 30 0 0 150 73.0 59.5 59.5
5337 0.1 10 0 0 5337 0.3 30 0 0 180 77.1 64.0 64.0
5337 0.1 10 0 0 5337 0.3 40 0 0 0 43.6 39.2 39.2
5337 0.1 10 0 0 5337 0.3 40 0 0 30 45.3 40.4 40.4
5337 0.1 10 0 0 5337 0.3 40 0 0 60 49.4 42.6 42.6
5337 0.1 10 0 0 5337 0.3 40 0 0 90 55.6 46.4 46.4
5337 0.1 10 0 0 5337 0.3 40 0 0 120 64.2 52.0 52.0
5337 0.1 10 0 0 5337 0.3 40 0 0 150 72.4 58.3 58.3
5337 0.1 10 0 0 5337 0.3 40 0 0 180 76.3 63.1 63.1
5337 0.1 10 0 0 5337 0.3 50 0 0 0 43.6 40.7 40.7
5337 0.1 10 0 0 5337 0.3 50 0 0 30 45.3 41.7 41.7
5337 0.1 10 0 0 5337 0.3 50 0 0 60 49.0 43.7 43.7
5337 0.1 10 0 0 5337 0.3 50 0 0 90 54.9 46.8 46.8
5337 0.1 10 0 0 5337 0.3 50 0 0 120 63.5 51.7 51.7
5337 0.1 10 0 0 5337 0.3 50 0 0 150 71.5 57.9 57.9
5337 0.1 10 0 0 5337 0.3 50 0 0 180 75.1 63.1 63.1
5337 0.1 10 0 0 5337 0.3 60 0 0 0 43.7 42.7 42.7
5337 0.1 10 0 0 5337 0.3 60 0 0 30 45.4 43.7 43.7
5337 0.1 10 0 0 5337 0.3 60 0 0 60 48.7 45.4 45.4
5337 0.1 10 0 0 5337 0.3 60 0 0 90 54.0 48.2 48.2
5337 0.1 10 0 0 5337 0.3 60 0 0 120 62.3 52.3 52.3
5337 0.1 10 0 0 5337 0.3 60 0 0 150 69.8 58.1 58.1
5337 0.1 10 0 0 5337 0.3 60 0 0 180 73.0 63.4 63.4
5337 0.1 10 0 0 5337 0.4 0 0 0 0 45.8 40.3 40.3
5337 0.1 10 0 0 5337 0.4 0 0 0 30 46.6 41.3 41.3
5337 0.1 10 0 0 5337 0.4 0 0 0 60 48.7 43.8 43.8
5337 0.1 10 0 0 5337 0.4 0 0 0 90 53.9 48.3 48.3
5337 0.1 10 0 0 5337 0.4 0 0 0 120 61.9 56.0 56.0
5337 0.1 10 0 0 5337 0.4 0 0 0 150 71.2 64.0 64.0
5337 0.1 10 0 0 5337 0.4 0 0 0 180 76.6 67.0 67.0
5337 0.1 10 0 0 5337 0.4 10 0 0 0 45.8 40.2 40.2
5337 0.1 10 0 0 5337 0.4 10 0 0 30 46.6 40.9 40.9
5337 0.1 10 0 0 5337 0.4 10 0 0 60 48.6 43.0 43.0
5337 0.1 10 0 0 5337 0.4 10 0 0 90 53.8 48.1 48.1
5337 0.1 10 0 0 5337 0.4 10 0 0 120 61.8 55.1 55.1
5337 0.1 10 0 0 5337 0.4 10 0 0 150 71.1 62.7 62.7
5337 0.1 10 0 0 5337 0.4 10 0 0 180 76.5 67.3 67.3
5337 0.1 10 0 0 5337 0.4 20 0 0 0 45.8 39.7 39.7
5337 0.1 10 0 0 5337 0.4 20 0 0 30 46.6 40.3 40.3
5337 0.1 10 0 0 5337 0.4 20 0 0 60 48.5 42.4 42.4
5337 0.1 10 0 0 5337 0.4 20 0 0 90 53.5 46.8 46.8
5337 0.1 10 0 0 5337 0.4 20 0 0 120 61.6 53.0 53.0
5337 0.1 10 0 0 5337 0.4 20 0 0 150 70.9 60.4 60.4
5337 0.1 10 0 0 5337 0.4 20 0 0 180 76.2 66.1 66.1
5337 0.1 10 0 0 5337 0.4 30 0 0 0 45.8 39.6 39.6
5337 0.1 10 0 0 5337 0.4 30 0 0 30 46.6 39.7 39.7
5337 0.1 10 0 0 5337 0.4 30 0 0 60 48.5 41.4 41.4
5337 0.1 10 0 0 5337 0.4 30 0 0 90 53.2 44.5 44.5
5337 0.1 10 0 0 5337 0.4 30 0 0 120 61.2 50.2 50.2
5337 0.1 10 0 0 5337 0.4 30 0 0 150 70.5 57.5 57.5
5337 0.1 10 0 0 5337 0.4 30 0 0 180 75.7 63.7 63.7
5337 0.1 10 0 0 5337 0.4 40 0 0 0 45.8 40.0 40.0
5337 0.1 10 0 0 5337 0.4 40 0 0 30 46.6 40.3 40.3
5337 0.1 10 0 0 5337 0.4 40 0 0 60 48.4 41.8 41.8
5337 0.1 10 0 0 5337 0.4 40 0 0 90 52.7 44.4 44.4
5337 0.1 10 0 0 5337 0.4 40 0 0 120 60.7 49.2 49.2
5337 0.1 10 0 0 5337 0.4 40 0 0 150 69.9 56.4 56.4
5337 0.1 10 0 0 5337 0.4 40 0 0 180 74.9 62.9 62.9
5337 0.1 10 0 0 5337 0.4 50 0 0 0 45.8 41.2 41.2
5337 0.1 10 0 0 5337 0.4 50 0 0 30 46.6 41.5 41.5
5337 0.1 10 0 0 5337 0.4 50 0 0 60 48.4 42.8 42.8
5337 0.1 10 0 0 5337 0.4 50 0 0 90 52.3 45.0 45.0
5337 0.1 10 0 0 5337 0.4 50 0 0 120 60.0 49.0 49.0
5337 0.1 10 0 0 5337 0.4 50 0 0 150 69.0 55.8 55.8
5337 0.1 10 0 0 5337 0.4 50 0 0 180 73.6 62.5 62.5
5337 0.1 10 0 0 5337 0.4 60 0 0 0 45.8 42.8 42.8
5337 0.1 10 0 0 5337 0.4 60 0 0 30 46.7 43.0 43.0
5337 0.1 10 0 0 5337 0.4 60 0 0 60 48.4 44.3 44.3
5337 0.1 10 0 0 5337 0.4 60 0 0 90 52.0 46.3 46.3
5337 0.1 10 0 0 5337 0.4 60 0 0 120 58.9 49.9 49.9
5337 0.1 10 0 0 5337 0.4 60 0 0 150 67.3 55.7 55.7
5337 0.1 10 0 0 5337 0.4 60 0 0 180 71.4 62.5 62.5
5337 0.1 10 0 0 5337 0.5 0 0 0 0 48.0 42.3 42.3
5337 0.1 10 0 0 5337 0.5 0 0 0 30 48.4 42.7 42.7
5337 0.1 10 0 0 5337 0.5 0 0 0 60 49.3 43.7 43.7
5337 0.1 10 0 0 5337 0.5 0 0 0 90 51.5 46.4 46.4
5337 0.1 10 0 0 5337 0.5 0 0 0 120 58.3 52.1 52.1
5337 0.1 10 0 0 5337 0.5 0 0 0 150 68.3 60.9 60.9
5337 0.1 10 0 0 5337 0.5 0 0 0 180 74.9 65.7 65.7
5337 0.1 10 0 0 5337 0.5 10 0 0 0 48.0 42.2 42.2
5337 0.1 10 0 0 5337 0.5 10 0 0 30 48.4 42.5 42.5
5337 0.1 10 0 0 5337 0.5 10 0 0 60 49.2 43.4 43.4
5337 0.1 10 0 0 5337 0.5 10 0 0 90 51.4 45.6 45.6
5337 0.1 10 0 0 5337 0.5 10 0 0 120 58.2 51.2 51.2
5337 0.1 10 0 0 5337 0.5 10 0 0 150 68.3 59.7 59.7
5337 0.1 10 0 0 5337 0.5 10 0 0 180 74.8 65.9 65.9
5337 0.1 10 0 0 5337 0.5 20 0 0 0 48.0 41.8 41.8
5337 0.1 10 0 0 5337 0.5 20 0 0 30 48.4 41.9 41.9
5337 0.1 10 0 0 5337 0.5 20 0 0 60 49.2 42.4 42.4
5337 0.1 10 0 0 5337 0.5 20 0 0 90 51.4 43.9 43.9
5337 0.1 10 0 0 5337 0.5 20 0 0 120 58.0 48.9 48.9
5337 0.1 10 0 0 5337 0.5 20 0 0 150 68.0 57.1 57.1
5337 0.1 10 0 0 5337 0.5 20 0 0 180 74.5 64.4 64.4
5337 0.1 10 0 0 5337 0.5 30 0 0 0 48.0 41.5 41.5
5337 0.1 10 0 0 5337 0.5 30 0 0 30 48.4 41.5 41.5
5337 0.1 10 0 0 5337 0.5 30 0 0 60 49.2 41.7 41.7
5337 0.1 10 0 0 5337 0.5 30 0 0 90 51.3 43.2 43.2
5337 0.1 10 0 0 5337 0.5 30 0 0 120 57.6 47.3 47.3
5337 0.1 10 0 0 5337 0.5 30 0 0 150 67.6 55.4 55.4
5337 0.1 10 0 0 5337 0.5 30 0 0 180 73.9 63.4 63.4
5337 0.1 10 0 0 5337 0.5 40 0 0 0 48.0 41.7 41.7
5337 0.1 10 0 0 5337 0.5 40 0 0 30 48.4 41.5 41.5
5337 0.1 10 0 0 5337 0.5 40 0 0 60 49.3 41.7 41.7
5337 0.1 10 0 0 5337 0.5 40 0 0 90 51.3 43.3 43.3
5337 0.1 10 0 0 5337 0.5 40 0 0 120 57.1 46.8 46.8
5337 0.1 10 0 0 5337 0.5 40 0 0 150 66.9 54.2 54.2
5337 0.1 10 0 0 5337 0.5 40 0 0 180 73.1 62.6 62.6
5337 0.1 10 0 0 5337 0.5 50 0 0 0 48.1 42.4 42.4
5337 0.1 10 0 0 5337 0.5 50 0 0 30 48.5 42.2 42.2
5337 0.1 10 0 0 5337 0.5 50 0 0 60 49.3 42.5 42.5
5337 0.1 10 0 0 5337 0.5 50 0 0 90 51.3 43.9 43.9
5337 0.1 10 0 0 5337 0.5 50 0 0 120 56.7 47.0 47.0
5337 0.1 10 0 0 5337 0.5 50 0 0 150 66.0 53.6 53.6
5337 0.1 10 0 0 5337 0.5 50 0 0 180 71.7 62.0 62.0
5337 0.1 10 0 0 5337 0.5 60 0 0 0 48.2 43.4 43.4
5337 0.1 10 0 0 5337 0.5 60 0 0 30 48.6 43.2 43.2
5337 0.1 10 0 0 5337 0.5 60 0 0 60 49.5 43.5 43.5
5337 0.1 10 0 0 5337 0.5 60 0 0 90 51.3 44.9 44.9
5337 0.1 10 0 0 5337 0.5 60 0 0 120 56.1 47.8 47.8
5337 0.1 10 0 0 5337 0.5 60 0 0 150 64.2 53.5 53.5
5337 0.1 10 0 0 5337 0.5 60 0 0 180 69.2 61.8 61.8
