4737 0.4 0 0 0 4737 0.0 0 0 0 0 46.6 41.0 41.0
4737 0.4 0 0 0 4737 0.0 0 0 0 30 49.1 43.3 43.3
4737 0.4 0 0 0 4737 0.0 0 0 0 60 56.4 50.3 50.3
4737 0.4 0 0 0 4737 0.0 0 0 0 90 64.5 56.8 56.8
4737 0.4 0 0 0 4737 0.0 0 0 0 120 70.2 61.4 61.4
4737 0.4 0 0 0 4737 0.0 0 0 0 150 74.1 64.1 64.1
4737 0.4 0 0 0 4737 0.0 0 0 0 180 75.6 64.3 64.3
4737 0.4 0 0 0 4737 0.0 10 0 0 0 46.6 40.9 40.9
4737 0.4 0 0 0 4737 0.0 10 0 0 30 49.1 43.3 43.3
4737 0.4 0 0 0 4737 0.0 10 0 0 60 56.3 50.0 50.0
4737 0.4 0 0 0 4737 0.0 10 0 0 90 64.4 56.0 56.0
4737 0.4 0 0 0 4737 0.0 10 0 0 120 70.2 60.3 60.3
4737 0.4 0 0 0 4737 0.0 10 0 0 150 74.1 63.1 63.1
4737 0.4 0 0 0 4737 0.0 10 0 0 180 75.5 64.0 64.0
4737 0.4 0 0 0 4737 0.0 20 0 0 0 46.4 40.8 40.8
4737 0.4 0 0 0 4737 0.0 20 0 0 30 48.8 43.6 43.6
4737 0.4 0 0 0 4737 0.0 20 0 0 60 56.0 49.2 49.2
4737 0.4 0 0 0 4737 0.0 20 0 0 90 64.2 54.2 54.2
4737 0.4 0 0 0 4737 0.0 20 0 0 120 70.0 58.1 58.1
4737 0.4 0 0 0 4737 0.0 20 0 0 150 73.8 60.9 60.9
4737 0.4 0 0 0 4737 0.0 20 0 0 180 75.2 62.6 62.6
4737 0.4 0 0 0 4737 0.0 30 0 0 0 46.1 40.9 40.9
4737 0.4 0 0 0 4737 0.0 30 0 0 30 48.5 44.0 44.0
4737 0.4 0 0 0 4737 0.0 30 0 0 60 55.6 48.0 48.0
4737 0.4 0 0 0 4737 0.0 30 0 0 90 63.9 50.9 50.9
4737 0.4 0 0 0 4737 0.0 30 0 0 120 69.6 54.3 54.3
4737 0.4 0 0 0 4737 0.0 30 0 0 150 73.3 57.2 57.2
4737 0.4 0 0 0 4737 0.0 30 0 0 180 74.7 59.3 59.3
4737 0.4 0 0 0 4737 0.0 40 0 0 0 45.8 41.4 41.4
4737 0.4 0 0 0 4737 0.0 40 0 0 30 48.0 44.6 44.6
4737 0.4 0 0 0 4737 0.0 40 0 0 60 55.0 47.9 47.9
4737 0.4 0 0 0 4737 0.0 40 0 0 90 63.4 50.5 50.5
4737 0.4 0 0 0 4737 0.0 40 0 0 120 69.1 53.5 53.5
4737 0.4 0 0 0 4737 0.0 40 0 0 150 72.5 56.3 56.3
4737 0.4 0 0 0 4737 0.0 40 0 0 180 73.9 58.7 58.7
4737 0.4 0 0 0 4737 0.0 50 0 0 0 45.2 42.5 42.5
4737 0.4 0 0 0 4737 0.0 50 0 0 30 47.5 45.1 45.1
4737 0.4 0 0 0 4737 0.0 50 0 0 60 54.2 48.3 48.3
4737 0.4 0 0 0 4737 0.0 50 0 0 90 62.5 50.8 50.8
4737 0.4 0 0 0 4737 0.0 50 0 0 120 68.1 53.6 53.6
4737 0.4 0 0 0 4737 0.0 50 0 0 150 71.3 56.4 56.4
4737 0.4 0 0 0 4737 0.0 50 0 0 180 72.6 58.9 58.9
4737 0.4 0 0 0 4737 0.0 60 0 0 0 44.6 44.5 44.5
4737 0.4 0 0 0 4737 0.0 60 0 0 30 46.7 46.4 46.4
4737 0.4 0 0 0 4737 0.0 60 0 0 60 53.0 49.0 49.0
4737 0.4 0 0 0 4737 0.0 60 0 0 90 61.1 51.4 51.4
4737 0.4 0 0 0 4737 0.0 60 0 0 120 66.2 54.1 54.1
4737 0.4 0 0 0 4737 0.0 60 0 0 150 69.1 56.9 56.9
4737 0.4 0 0 0 4737 0.0 60 0 0 180 70.4 59.5 59.5
4737 0.4 0 0 0 4737 0.1 0 0 0 0 44.6 38.8 38.8
4737 0.4 0 0 0 4737 0.1 0 0 0 30 47.0 41.0 41.0
4737 0.4 0 0 0 4737 0.1 0 0 0 60 53.8 47.5 47.5
4737 0.4 0 0 0 4737 0.1 0 0 0 90 61.5 53.9 53.9
4737 0.4 0 0 0 4737 0.1 0 0 0 120 67.7 59.0 59.0
4737 0.4 0 0 0 4737 0.1 0 0 0 150 72.5 62.8 62.8
4737 0.4 0 0 0 4737 0.1 0 0 0 180 74.6 64.1 64.1
4737 0.4 0 0 0 4737 0.1 10 0 0 0 44.5 38.7 38.7
4737 0.4 0 0 0 4737 0.1 10 0 0 30 46.9 41.1 41.1
4737 0.4 0 0 0 4737 0.1 10 0 0 60 53.7 47.2 47.2
4737 0.4 0 0 0 4737 0.1 10 0 0 90 61.4 53.1 53.1
4737 0.4 0 0 0 4737 0.1 10 0 0 120 67.6 57.9 57.9
4737 0.4 0 0 0 4737 0.1 10 0 0 150 72.5 61.6 61.6
4737 0.4 0 0 0 4737 0.1 10 0 0 180 74.5 63.8 63.8
4737 0.4 0 0 0 4737 0.1 20 0 0 0 44.3 38.8 38.8
4737 0.4 0 0 0 4737 0.1 20 0 0 30 46.7 41.5 41.5
4737 0.4 0 0 0 4737 0.1 20 0 0 60 53.4 46.3 46.3
4737 0.4 0 0 0 4737 0.1 20 0 0 90 61.1 51.3 51.3
4737 0.4 0 0 0 4737 0.1 20 0 0 120 67.4 55.6 55.6
4737 0.4 0 0 0 4737 0.1 20 0 0 150 72.2 59.4 59.4
4737 0.4 0 0 0 4737 0.1 20 0 0 180 74.2 62.0 62.0
4737 0.4 0 0 0 4737 0.1 30 0 0 0 44.0 39.2 39.2
4737 0.4 0 0 0 4737 0.1 30 0 0 30 46.3 42.0 42.0
4737 0.4 0 0 0 4737 0.1 30 0 0 60 53.0 45.2 45.2
4737 0.4 0 0 0 4737 0.1 30 0 0 90 60.8 48.1 48.1
4737 0.4 0 0 0 4737 0.1 30 0 0 120 67.1 51.9 51.9
4737 0.4 0 0 0 4737 0.1 30 0 0 150 71.8 55.6 55.6
4737 0.4 0 0 0 4737 0.1 30 0 0 180 73.7 58.5 58.5
4737 0.4 0 0 0 4737 0.1 40 0 0 0 43.6 40.0 40.0
4737 0.4 0 0 0 4737 0.1 40 0 0 30 45.8 42.5 42.5
4737 0.4 0 0 0 4737 0.1 40 0 0 60 52.4 45.3 45.3
4737 0.4 0 0 0 4737 0.1 40 0 0 90 60.2 47.8 47.8
4737 0.4 0 0 0 4737 0.1 40 0 0 120 66.6 51.2 51.2
4737 0.4 0 0 0 4737 0.1 40 0 0 150 71.0 54.7 54.7
4737 0.4 0 0 0 4737 0.1 40 0 0 180 72.9 57.8 57.8
4737 0.4 0 0 0 4737 0.1 50 0 0 0 42.9 41.6 41.6
4737 0.4 0 0 0 4737 0.1 50 0 0 30 45.2 43.2 43.2
4737 0.4 0 0 0 4737 0.1 50 0 0 60 51.6 45.7 45.7
4737 0.4 0 0 0 4737 0.1 50 0 0 90 59.4 48.2 48.2
4737 0.4 0 0 0 4737 0.1 50 0 0 120 65.7 51.2 51.2
4737 0.4 0 0 0 4737 0.1 50 0 0 150 69.8 54.6 54.6
4737 0.4 0 0 0 4737 0.1 50 0 0 180 71.5 57.8 57.8
4737 0.4 0 0 0 4737 0.1 60 0 0 0 42.6 43.6 43.6
4737 0.4 0 0 0 4737 0.1 60 0 0 30 44.4 44.9 44.9
4737 0.4 0 0 0 4737 0.1 60 0 0 60 50.4 46.7 46.7
4737 0.4 0 0 0 4737 0.1 60 0 0 90 58.2 48.8 48.8
4737 0.4 0 0 0 4737 0.1 60 0 0 120 63.9 51.7 51.7
4737 0.4 0 0 0 4737 0.1 60 0 0 150 67.7 55.0 55.0
4737 0.4 0 0 0 4737 0.1 60 0 0 180 69.3 58.3 58.3
4737 0.4 0 0 0 4737 0.2 0 0 0 0 42.6 36.6 36.6
4737 0.4 0 0 0 4737 0.2 0 0 0 30 45.4 39.0 39.0
4737 0.4 0 0 0 4737 0.2 0 0 0 60 51.4 45.0 45.0
4737 0.4 0 0 0 4737 0.2 0 0 0 90 58.4 50.9 50.9
4737 0.4 0 0 0 4737 0.2 0 0 0 120 64.9 56.3 56.3
4737 0.4 0 0 0 4737 0.2 0 0 0 150 70.7 61.0 61.0
4737 0.4 0 0 0 4737 0.2 0 0 0 180 73.1 63.4 63.4
4737 0.4 0 0 0 4737 0.2 10 0 0 0 42.5 36.7 36.7
4737 0.4 0 0 0 4737 0.2 10 0 0 30 45.2 39.2 39.2
4737 0.4 0 0 0 4737 0.2 10 0 0 60 51.2 44.7 44.7
4737 0.4 0 0 0 4737 0.2 10 0 0 90 58.3 50.1 50.1
4737 0.4 0 0 0 4737 0.2 10 0 0 120 64.9 55.2 55.2
4737 0.4 0 0 0 4737 0.2 10 0 0 150 70.6 59.8 59.8
4737 0.4 0 0 0 4737 0.2 10 0 0 180 73.0 63.2 63.2
4737 0.4 0 0 0 4737 0.2 20 0 0 0 42.3 37.0 37.0
4737 0.4 0 0 0 4737 0.2 20 0 0 30 45.0 39.6 39.6
4737 0.4 0 0 0 4737 0.2 20 0 0 60 51.0 43.6 43.6
4737 0.4 0 0 0 4737 0.2 20 0 0 90 58.1 48.3 48.3
4737 0.4 0 0 0 4737 0.2 20 0 0 120 64.7 52.9 52.9
4737 0.4 0 0 0 4737 0.2 20 0 0 150 70.4 57.5 57.5
4737 0.4 0 0 0 4737 0.2 20 0 0 180 72.7 61.1 61.1
4737 0.4 0 0 0 4737 0.2 30 0 0 0 41.9 37.7 37.7
4737 0.4 0 0 0 4737 0.2 30 0 0 30 44.6 40.0 40.0
4737 0.4 0 0 0 4737 0.2 30 0 0 60 50.6 42.6 42.6
4737 0.4 0 0 0 4737 0.2 30 0 0 90 57.7 45.5 45.5
4737 0.4 0 0 0 4737 0.2 30 0 0 120 64.3 49.5 49.5
4737 0.4 0 0 0 4737 0.2 30 0 0 150 69.9 53.8 53.8
4737 0.4 0 0 0 4737 0.2 30 0 0 180 72.2 57.7 57.7
4737 0.4 0 0 0 4737 0.2 40 0 0 0 41.4 39.2 39.2
4737 0.4 0 0 0 4737 0.2 40 0 0 30 44.0 40.5 40.5
4737 0.4 0 0 0 4737 0.2 40 0 0 60 50.0 42.8 42.8
4737 0.4 0 0 0 4737 0.2 40 0 0 90 57.1 45.3 45.3
4737 0.4 0 0 0 4737 0.2 40 0 0 120 63.8 48.8 48.8
4737 0.4 0 0 0 4737 0.2 40 0 0 150 69.2 53.0 53.0
4737 0.4 0 0 0 4737 0.2 40 0 0 180 71.3 56.9 56.9
4737 0.4 0 0 0 4737 0.2 50 0 0 0 41.0 40.8 40.8
4737 0.4 0 0 0 4737 0.2 50 0 0 30 43.3 41.7 41.7
4737 0.4 0 0 0 4737 0.2 50 0 0 60 49.2 43.3 43.3
4737 0.4 0 0 0 4737 0.2 50 0 0 90 56.3 45.6 45.6
4737 0.4 0 0 0 4737 0.2 50 0 0 120 62.9 48.8 48.8
4737 0.4 0 0 0 4737 0.2 50 0 0 150 68.0 52.9 52.9
4737 0.4 0 0 0 4737 0.2 50 0 0 180 70.0 56.9 56.9
4737 0.4 0 0 0 4737 0.2 60 0 0 0 41.0 42.8 42.8
4737 0.4 0 0 0 4737 0.2 60 0 0 30 42.7 43.4 43.4
4737 0.4 0 0 0 4737 0.2 60 0 0 60 47.9 44.7 44.7
4737 0.4 0 0 0 4737 0.2 60 0 0 90 55.0 46.3 46.3
4737 0.4 0 0 0 4737 0.2 60 0 0 120 61.3 49.2 49.2
4737 0.4 0 0 0 4737 0.2 60 0 0 150 66.0 53.1 53.1
4737 0.4 0 0 0 4737 0.2 60 0 0 180 67.7 57.2 57.2
4737 0.4 0 0 0 4737 0.3 0 0 0 0 40.6 34.4 34.4
4737 0.4 0 0 0 4737 0.3 0 0 0 30 44.2 37.7 37.7
4737 0.4 0 0 0 4737 0.3 0 0 0 60 49.2 42.6 42.6
4737 0.4 0 0 0 4737 0.3 0 0 0 90 55.4 47.8 47.8
4737 0.4 0 0 0 4737 0.3 0 0 0 120 62.0 53.3 53.3
4737 0.4 0 0 0 4737 0.3 0 0 0 150 68.6 59.0 59.0
4737 0.4 0 0 0 4737 0.3 0 0 0 180 71.4 62.0 62.0
4737 0.4 0 0 0 4737 0.3 10 0 0 0 40.5 34.8 34.8
4737 0.4 0 0 0 4737 0.3 10 0 0 30 44.1 37.5 37.5
4737 0.4 0 0 0 4737 0.3 10 0 0 60 49.0 42.3 42.3
4737 0.4 0 0 0 4737 0.3 10 0 0 90 55.3 47.1 47.1
4737 0.4 0 0 0 4737 0.3 10 0 0 120 61.9 52.2 52.2
4737 0.4 0 0 0 4737 0.3 10 0 0 150 68.6 57.8 57.8
4737 0.4 0 0 0 4737 0.3 10 0 0 180 71.3 61.8 61.8
4737 0.4 0 0 0 4737 0.3 20 0 0 0 40.3 35.7 35.7
4737 0.4 0 0 0 4737 0.3 20 0 0 30 43.8 37.6 37.6
4737 0.4 0 0 0 4737 0.3 20 0 0 60 48.8 40.9 40.9
4737 0.4 0 0 0 4737 0.3 20 0 0 90 55.0 45.1 45.1
4737 0.4 0 0 0 4737 0.3 20 0 0 120 61.7 49.8 49.8
4737 0.4 0 0 0 4737 0.3 20 0 0 150 68.3 55.1 55.1
4737 0.4 0 0 0 4737 0.3 20 0 0 180 71.0 59.8 59.8
4737 0.4 0 0 0 4737 0.3 30 0 0 0 40.0 37.1 37.1
4737 0.4 0 0 0 4737 0.3 30 0 0 30 43.4 38.0 38.0
4737 0.4 0 0 0 4737 0.3 30 0 0 60 48.3 40.1 40.1
4737 0.4 0 0 0 4737 0.3 30 0 0 90 54.6 42.9 42.9
4737 0.4 0 0 0 4737 0.3 30 0 0 120 61.4 47.1 47.1
4737 0.4 0 0 0 4737 0.3 30 0 0 150 67.9 52.2 52.2
4737 0.4 0 0 0 4737 0.3 30 0 0 180 70.4 57.1 57.1
4737 0.4 0 0 0 4737 0.3 40 0 0 0 39.7 38.6 38.6
4737 0.4 0 0 0 4737 0.3 40 0 0 30 42.8 39.0 39.0
4737 0.4 0 0 0 4737 0.3 40 0 0 60 47.8 40.4 40.4
4737 0.4 0 0 0 4737 0.3 40 0 0 90 54.0 42.7 42.7
4737 0.4 0 0 0 4737 0.3 40 0 0 120 60.8 46.4 46.4
4737 0.4 0 0 0 4737 0.3 40 0 0 150 67.1 51.3 51.3
4737 0.4 0 0 0 4737 0.3 40 0 0 180 69.6 56.3 56.3
4737 0.4 0 0 0 4737 0.3 50 0 0 0 39.7 40.3 40.3
4737 0.4 0 0 0 4737 0.3 50 0 0 30 42.0 40.5 40.5
4737 0.4 0 0 0 4737 0.3 50 0 0 60 46.9 41.4 41.4
4737 0.4 0 0 0 4737 0.3 50 0 0 90 53.2 43.0 43.0
4737 0.4 0 0 0 4737 0.3 50 0 0 120 59.9 46.4 46.4
4737 0.4 0 0 0 4737 0.3 50 0 0 150 66.0 51.1 51.1
4737 0.4 0 0 0 4737 0.3 50 0 0 180 68.2 56.1 56.1
4737 0.4 0 0 0 4737 0.3 60 0 0 0 40.0 42.1 42.1
4737 0.4 0 0 0 4737 0.3 60 0 0 30 41.7 42.3 42.3
4737 0.4 0 0 0 4737 0.3 60 0 0 60 45.9 43.0 43.0
4737 0.4 0 0 0 4737 0.3 60 0 0 90 51.9 44.2 44.2
4737 0.4 0 0 0 4737 0.3 60 0 0 120 58.3 46.7 46.7
4737 0.4 0 0 0 4737 0.3 60 0 0 150 63.8 51.1 51.1
4737 0.4 0 0 0 4737 0.3 60 0 0 180 65.8 56.2 56.2
4737 0.4 0 0 0 4737 0.4 0 0 0 0 39.9 33.1 33.1
4737 0.4 0 0 0 4737 0.4 0 0 0 30 43.3 36.5 36.5
4737 0.4 0 0 0 4737 0.4 0 0 0 60 47.2 40.4 40.4
4737 0.4 0 0 0 4737 0.4 0 0 0 90 52.5 44.8 44.8
4737 0.4 0 0 0 4737 0.4 0 0 0 120 58.9 50.1 50.1
4737 0.4 0 0 0 4737 0.4 0 0 0 150 66.3 56.5 56.5
4737 0.4 0 0 0 4737 0.4 0 0 0 180 69.5 60.2 60.2
4737 0.4 0 0 0 4737 0.4 10 0 0 0 39.7 33.6 33.6
4737 0.4 0 0 0 4737 0.4 10 0 0 30 43.1 36.2 36.2
4737 0.4 0 0 0 4737 0.4 10 0 0 60 47.1 40.0 40.0
4737 0.4 0 0 0 4737 0.4 10 0 0 90 52.4 44.0 44.0
4737 0.4 0 0 0 4737 0.4 10 0 0 120 58.8 49.0 49.0
4737 0.4 0 0 0 4737 0.4 10 0 0 150 66.2 55.3 55.3
4737 0.4 0 0 0 4737 0.4 10 0 0 180 69.4 59.9 59.9
4737 0.4 0 0 0 4737 0.4 20 0 0 0 39.5 35.1 35.1
4737 0.4 0 0 0 4737 0.4 20 0 0 30 42.9 35.8 35.8
4737 0.4 0 0 0 4737 0.4 20 0 0 60 46.8 38.1 38.1
4737 0.4 0 0 0 4737 0.4 20 0 0 90 52.1 41.6 41.6
4737 0.4 0 0 0 4737 0.4 20 0 0 120 58.6 46.2 46.2
4737 0.4 0 0 0 4737 0.4 20 0 0 150 66.0 52.3 52.3
4737 0.4 0 0 0 4737 0.4 20 0 0 180 69.1 57.7 57.7
4737 0.4 0 0 0 4737 0.4 30 0 0 0 39.2 36.6 36.6
4737 0.4 0 0 0 4737 0.4 30 0 0 30 42.4 36.8 36.8
4737 0.4 0 0 0 4737 0.4 30 0 0 60 46.3 37.9 37.9
4737 0.4 0 0 0 4737 0.4 30 0 0 90 51.7 40.5 40.5
4737 0.4 0 0 0 4737 0.4 30 0 0 120 58.2 44.7 44.7
4737 0.4 0 0 0 4737 0.4 30 0 0 150 65.5 50.4 50.4
4737 0.4 0 0 0 4737 0.4 30 0 0 180 68.5 56.4 56.4
4737 0.4 0 0 0 4737 0.4 40 0 0 0 39.2 38.1 38.1
4737 0.4 0 0 0 4737 0.4 40 0 0 30 41.9 38.1 38.1
4737 0.4 0 0 0 4737 0.4 40 0 0 60 45.7 38.7 38.7
4737 0.4 0 0 0 4737 0.4 40 0 0 90 51.0 40.4 40.4
4737 0.4 0 0 0 4737 0.4 40 0 0 120 57.6 44.1 44.1
4737 0.4 0 0 0 4737 0.4 40 0 0 150 64.7 49.6 49.6
4737 0.4 0 0 0 4737 0.4 40 0 0 180 67.6 55.8 55.8
4737 0.4 0 0 0 4737 0.4 50 0 0 0 39.4 39.6 39.6
4737 0.4 0 0 0 4737 0.4 50 0 0 30 41.6 39.5 39.5
4737 0.4 0 0 0 4737 0.4 50 0 0 60 45.0 40.0 40.0
4737 0.4 0 0 0 4737 0.4 50 0 0 90 50.2 41.1 41.1
4737 0.4 0 0 0 4737 0.4 50 0 0 120 56.7 43.9 43.9
4737 0.4 0 0 0 4737 0.4 50 0 0 150 63.5 49.2 49.2
4737 0.4 0 0 0 4737 0.4 50 0 0 180 66.2 55.4 55.4
4737 0.4 0 0 0 4737 0.4 60 0 0 0 39.9 41.3 41.3
4737 0.4 0 0 0 4737 0.4 60 0 0 30 41.3 41.2 41.2
4737 0.4 0 0 0 4737 0.4 60 0 0 60 44.6 41.5 41.5
4737 0.4 0 0 0 4737 0.4 60 0 0 90 49.2 42.4 42.4
4737 0.4 0 0 0 4737 0.4 60 0 0 120 54.9 44.5 44.5
4737 0.4 0 0 0 4737 0.4 60 0 0 150 61.1 49.1 49.1
4737 0.4 0 0 0 4737 0.4 60 0 0 180 63.5 55.3 55.3
4737 0.4 0 0 0 4737 0.5 0 0 0 0 40.7 33.7 33.7
4737 0.4 0 0 0 4737 0.5 0 0 0 30 42.4 35.3 35.3
4737 0.4 0 0 0 4737 0.5 0 0 0 60 45.4 38.0 38.0
4737 0.4 0 0 0 4737 0.5 0 0 0 90 49.7 41.4 41.4
4737 0.4 0 0 0 4737 0.5 0 0 0 120 55.6 46.2 46.2
4737 0.4 0 0 0 4737 0.5 0 0 0 150 63.6 53.3 53.3
4737 0.4 0 0 0 4737 0.5 0 0 0 180 67.6 57.7 57.7
4737 0.4 0 0 0 4737 0.5 10 0 0 0 40.7 33.8 33.8
4737 0.4 0 0 0 4737 0.5 10 0 0 30 42.3 34.9 34.9
4737 0.4 0 0 0 4737 0.5 10 0 0 60 45.3 37.2 37.2
4737 0.4 0 0 0 4737 0.5 10 0 0 90 49.6 40.3 40.3
4737 0.4 0 0 0 4737 0.5 10 0 0 120 55.5 45.0 45.0
4737 0.4 0 0 0 4737 0.5 10 0 0 150 63.5 51.9 51.9
4737 0.4 0 0 0 4737 0.5 10 0 0 180 67.4 57.1 57.1
4737 0.4 0 0 0 4737 0.5 20 0 0 0 40.6 34.9 34.9
4737 0.4 0 0 0 4737 0.5 20 0 0 30 42.1 35.2 35.2
4737 0.4 0 0 0 4737 0.5 20 0 0 60 45.0 36.5 36.5
4737 0.4 0 0 0 4737 0.5 20 0 0 90 49.3 39.1 39.1
4737 0.4 0 0 0 4737 0.5 20 0 0 120 55.3 43.4 43.4
4737 0.4 0 0 0 4737 0.5 20 0 0 150 63.2 50.1 50.1
4737 0.4 0 0 0 4737 0.5 20 0 0 180 67.1 56.2 56.2
4737 0.4 0 0 0 4737 0.5 30 0 0 0 40.6 36.3 36.3
4737 0.4 0 0 0 4737 0.5 30 0 0 30 42.0 36.3 36.3
4737 0.4 0 0 0 4737 0.5 30 0 0 60 44.5 36.8 36.8
4737 0.4 0 0 0 4737 0.5 30 0 0 90 48.8 38.5 38.5
4737 0.4 0 0 0 4737 0.5 30 0 0 120 54.8 42.3 42.3
4737 0.4 0 0 0 4737 0.5 30 0 0 150 62.7 48.8 48.8
4737 0.4 0 0 0 4737 0.5 30 0 0 180 66.5 55.5 55.5
4737 0.4 0 0 0 4737 0.5 40 0 0 0 40.6 37.7 37.7
4737 0.4 0 0 0 4737 0.5 40 0 0 30 41.8 37.5 37.5
4737 0.4 0 0 0 4737 0.5 40 0 0 60 44.2 37.8 37.8
4737 0.4 0 0 0 4737 0.5 40 0 0 90 48.2 38.8 38.8
4737 0.4 0 0 0 4737 0.5 40 0 0 120 54.2 41.7 41.7
4737 0.4 0 0 0 4737 0.5 40 0 0 150 61.9 47.8 47.8
4737 0.4 0 0 0 4737 0.5 40 0 0 180 65.5 55.1 55.1
4737 0.4 0 0 0 4737 0.5 50 0 0 0 40.8 39.0 39.0
4737 0.4 0 0 0 4737 0.5 50 0 0 30 41.8 38.8 38.8
4737 0.4 0 0 0 4737 0.5 50 0 0 60 44.0 39.0 39.0
4737 0.4 0 0 0 4737 0.5 50 0 0 90 47.6 39.7 39.7
4737 0.4 0 0 0 4737 0.5 50 0 0 120 53.1 41.8 41.8
4737 0.4 0 0 0 4737 0.5 50 0 0 150 60.6 47.3 47.3
4737 0.4 0 0 0 4737 0.5 50 0 0 180 64.0 54.8 54.8
4737 0.4 0 0 0 4737 0.5 60 0 0 0 41.2 40.4 40.4
4737 0.4 0 0 0 4737 0.5 60 0 0 30 41.9 40.2 40.2
4737 0.4 0 0 0 4737 0.5 60 0 0 60 43.8 40.3 40.3
4737 0.4 0 0 0 4737 0.5 60 0 0 90 47.2 40.9 40.9
4737 0.4 0 0 0 4737 0.5 60 0 0 120 51.9 42.5 42.5
4737 0.4 0 0 0 4737 0.5 60 0 0 150 58.4 46.9 46.9
4737 0.4 0 0 0 4737 0.5 60 0 0 180 61.4 54.5 54.5
