5137 0.1 20 0 0 4737 0.0 0 0 0 0 61.8 54.1 54.1
5137 0.1 20 0 0 4737 0.0 0 0 0 30 61.9 54.3 54.3
5137 0.1 20 0 0 4737 0.0 0 0 0 60 62.1 54.2 54.2
5137 0.1 20 0 0 4737 0.0 0 0 0 90 62.1 54.5 54.5
5137 0.1 20 0 0 4737 0.0 0 0 0 120 62.2 54.7 54.7
5137 0.1 20 0 0 4737 0.0 0 0 0 150 62.1 54.6 54.6
5137 0.1 20 0 0 4737 0.0 0 0 0 180 62.1 54.8 54.8
5137 0.1 20 0 0 4737 0.0 10 0 0 0 61.7 53.7 53.7
5137 0.1 20 0 0 4737 0.0 10 0 0 30 61.9 53.8 53.8
5137 0.1 20 0 0 4737 0.0 10 0 0 60 62.0 53.9 53.9
5137 0.1 20 0 0 4737 0.0 10 0 0 90 62.1 54.1 54.1
5137 0.1 20 0 0 4737 0.0 10 0 0 120 62.1 54.3 54.3
5137 0.1 20 0 0 4737 0.0 10 0 0 150 62.0 54.3 54.3
5137 0.1 20 0 0 4737 0.0 10 0 0 180 62.0 54.4 54.4
5137 0.1 20 0 0 4737 0.0 20 0 0 0 61.5 52.5 52.5
5137 0.1 20 0 0 4737 0.0 20 0 0 30 61.7 52.6 52.6
5137 0.1 20 0 0 4737 0.0 20 0 0 60 61.9 52.8 52.8
5137 0.1 20 0 0 4737 0.0 20 0 0 90 61.9 52.9 52.9
5137 0.1 20 0 0 4737 0.0 20 0 0 120 61.9 53.1 53.1
5137 0.1 20 0 0 4737 0.0 20 0 0 150 61.9 53.2 53.2
5137 0.1 20 0 0 4737 0.0 20 0 0 180 61.9 53.2 53.2
5137 0.1 20 0 0 4737 0.0 30 0 0 0 61.2 50.0 50.0
5137 0.1 20 0 0 4737 0.0 30 0 0 30 61.4 50.1 50.1
5137 0.1 20 0 0 4737 0.0 30 0 0 60 61.5 50.2 50.2
5137 0.1 20 0 0 4737 0.0 30 0 0 90 61.6 50.4 50.4
5137 0.1 20 0 0 4737 0.0 30 0 0 120 61.6 50.6 50.6
5137 0.1 20 0 0 4737 0.0 30 0 0 150 61.5 50.8 50.8
5137 0.1 20 0 0 4737 0.0 30 0 0 180 61.5 51.0 51.0
5137 0.1 20 0 0 4737 0.0 40 0 0 0 60.7 50.0 50.0
5137 0.1 20 0 0 4737 0.0 40 0 0 30 60.9 50.1 50.1
5137 0.1 20 0 0 4737 0.0 40 0 0 60 61.0 50.2 50.2
5137 0.1 20 0 0 4737 0.0 40 0 0 90 61.1 50.4 50.4
5137 0.1 20 0 0 4737 0.0 40 0 0 120 61.1 50.5 50.5
5137 0.1 20 0 0 4737 0.0 40 0 0 150 61.0 50.7 50.7
5137 0.1 20 0 0 4737 0.0 40 0 0 180 61.0 51.0 51.0
5137 0.1 20 0 0 4737 0.0 50 0 0 0 59.9 50.6 50.6
5137 0.1 20 0 0 4737 0.0 50 0 0 30 60.2 50.8 50.8
5137 0.1 20 0 0 4737 0.0 50 0 0 60 60.2 50.9 50.9
5137 0.1 20 0 0 4737 0.0 50 0 0 90 60.3 51.1 51.1
5137 0.1 20 0 0 4737 0.0 50 0 0 120 60.3 51.2 51.2
5137 0.1 20 0 0 4737 0.0 50 0 0 150 60.2 51.4 51.4
5137 0.1 20 0 0 4737 0.0 50 0 0 180 60.2 51.5 51.5
5137 0.1 20 0 0 4737 0.0 60 0 0 0 58.6 52.0 52.0
5137 0.1 20 0 0 4737 0.0 60 0 0 30 58.9 52.3 52.3
5137 0.1 20 0 0 4737 0.0 60 0 0 60 59.0 52.3 52.3
5137 0.1 20 0 0 4737 0.0 60 0 0 90 59.0 52.6 52.6
5137 0.1 20 0 0 4737 0.0 60 0 0 120 58.9 52.7 52.7
5137 0.1 20 0 0 4737 0.0 60 0 0 150 58.8 52.8 52.8
5137 0.1 20 0 0 4737 0.0 60 0 0 180 58.9 52.8 52.8
5137 0.1 20 0 0 4737 0.1 0 0 0 0 61.6 53.7 53.7
5137 0.1 20 0 0 4737 0.1 0 0 0 30 61.8 53.8 53.8
5137 0.1 20 0 0 4737 0.1 0 0 0 60 61.8 53.9 53.9
5137 0.1 20 0 0 4737 0.1 0 0 0 90 62.0 54.1 54.1
5137 0.1 20 0 0 4737 0.1 0 0 0 120 62.0 54.2 54.2
5137 0.1 20 0 0 4737 0.1 0 0 0 150 61.9 54.3 54.3
5137 0.1 20 0 0 4737 0.1 0 0 0 180 61.8 54.4 54.4
5137 0.1 20 0 0 4737 0.1 10 0 0 0 61.5 53.3 53.3
5137 0.1 20 0 0 4737 0.1 10 0 0 30 61.7 53.4 53.4
5137 0.1 20 0 0 4737 0.1 10 0 0 60 61.8 53.5 53.5
5137 0.1 20 0 0 4737 0.1 10 0 0 90 61.9 53.7 53.7
5137 0.1 20 0 0 4737 0.1 10 0 0 120 61.9 53.8 53.8
5137 0.1 20 0 0 4737 0.1 10 0 0 150 61.8 54.0 54.0
5137 0.1 20 0 0 4737 0.1 10 0 0 180 61.8 54.0 54.0
5137 0.1 20 0 0 4737 0.1 20 0 0 0 61.3 52.0 52.0
5137 0.1 20 0 0 4737 0.1 20 0 0 30 61.5 52.2 52.2
5137 0.1 20 0 0 4737 0.1 20 0 0 60 61.6 52.3 52.3
5137 0.1 20 0 0 4737 0.1 20 0 0 90 61.7 52.5 52.5
5137 0.1 20 0 0 4737 0.1 20 0 0 120 61.7 52.7 52.7
5137 0.1 20 0 0 4737 0.1 20 0 0 150 61.6 52.8 52.8
5137 0.1 20 0 0 4737 0.1 20 0 0 180 61.6 52.8 52.8
5137 0.1 20 0 0 4737 0.1 30 0 0 0 61.0 49.7 49.7
5137 0.1 20 0 0 4737 0.1 30 0 0 30 61.2 49.8 49.8
5137 0.1 20 0 0 4737 0.1 30 0 0 60 61.3 49.8 49.8
5137 0.1 20 0 0 4737 0.1 30 0 0 90 61.4 50.0 50.0
5137 0.1 20 0 0 4737 0.1 30 0 0 120 61.4 50.1 50.1
5137 0.1 20 0 0 4737 0.1 30 0 0 150 61.3 50.3 50.3
5137 0.1 20 0 0 4737 0.1 30 0 0 180 61.3 50.4 50.4
5137 0.1 20 0 0 4737 0.1 40 0 0 0 60.5 49.8 49.8
5137 0.1 20 0 0 4737 0.1 40 0 0 30 60.7 49.9 49.9
5137 0.1 20 0 0 4737 0.1 40 0 0 60 60.8 49.9 49.9
5137 0.1 20 0 0 4737 0.1 40 0 0 90 60.9 49.9 49.9
5137 0.1 20 0 0 4737 0.1 40 0 0 120 60.9 50.1 50.1
5137 0.1 20 0 0 4737 0.1 40 0 0 150 60.8 50.3 50.3
5137 0.1 20 0 0 4737 0.1 40 0 0 180 60.7 50.5 50.5
5137 0.1 20 0 0 4737 0.1 50 0 0 0 59.7 50.5 50.5
5137 0.1 20 0 0 4737 0.1 50 0 0 30 59.9 50.6 50.6
5137 0.1 20 0 0 4737 0.1 50 0 0 60 60.0 50.6 50.6
5137 0.1 20 0 0 4737 0.1 50 0 0 90 60.1 50.8 50.8
5137 0.1 20 0 0 4737 0.1 50 0 0 120 60.0 50.8 50.8
5137 0.1 20 0 0 4737 0.1 50 0 0 150 60.0 51.0 51.0
5137 0.1 20 0 0 4737 0.1 50 0 0 180 59.9 51.0 51.0
5137 0.1 20 0 0 4737 0.1 60 0 0 0 58.4 51.5 51.5
5137 0.1 20 0 0 4737 0.1 60 0 0 30 58.7 51.8 51.8
5137 0.1 20 0 0 4737 0.1 60 0 0 60 58.7 51.8 51.8
5137 0.1 20 0 0 4737 0.1 60 0 0 90 58.8 52.2 52.2
5137 0.1 20 0 0 4737 0.1 60 0 0 120 58.6 52.3 52.3
5137 0.1 20 0 0 4737 0.1 60 0 0 150 58.6 52.5 52.5
5137 0.1 20 0 0 4737 0.1 60 0 0 180 58.6 52.4 52.4
5137 0.1 20 0 0 4737 0.2 0 0 0 0 61.4 53.2 53.2
5137 0.1 20 0 0 4737 0.2 0 0 0 30 61.6 53.3 53.3
5137 0.1 20 0 0 4737 0.2 0 0 0 60 61.6 53.4 53.4
5137 0.1 20 0 0 4737 0.2 0 0 0 90 61.8 53.5 53.5
5137 0.1 20 0 0 4737 0.2 0 0 0 120 61.7 53.8 53.8
5137 0.1 20 0 0 4737 0.2 0 0 0 150 61.7 54.0 54.0
5137 0.1 20 0 0 4737 0.2 0 0 0 180 61.7 53.9 53.9
5137 0.1 20 0 0 4737 0.2 10 0 0 0 61.3 52.8 52.8
5137 0.1 20 0 0 4737 0.2 10 0 0 30 61.5 52.9 52.9
5137 0.1 20 0 0 4737 0.2 10 0 0 60 61.6 53.0 53.0
5137 0.1 20 0 0 4737 0.2 10 0 0 90 61.7 53.2 53.2
5137 0.1 20 0 0 4737 0.2 10 0 0 120 61.7 53.4 53.4
5137 0.1 20 0 0 4737 0.2 10 0 0 150 61.6 53.6 53.6
5137 0.1 20 0 0 4737 0.2 10 0 0 180 61.6 53.6 53.6
5137 0.1 20 0 0 4737 0.2 20 0 0 0 61.1 51.6 51.6
5137 0.1 20 0 0 4737 0.2 20 0 0 30 61.3 51.7 51.7
5137 0.1 20 0 0 4737 0.2 20 0 0 60 61.4 51.8 51.8
5137 0.1 20 0 0 4737 0.2 20 0 0 90 61.5 51.9 51.9
5137 0.1 20 0 0 4737 0.2 20 0 0 120 61.5 52.1 52.1
5137 0.1 20 0 0 4737 0.2 20 0 0 150 61.4 52.3 52.3
5137 0.1 20 0 0 4737 0.2 20 0 0 180 61.4 52.4 52.4
5137 0.1 20 0 0 4737 0.2 30 0 0 0 60.8 49.6 49.6
5137 0.1 20 0 0 4737 0.2 30 0 0 30 61.0 49.6 49.6
5137 0.1 20 0 0 4737 0.2 30 0 0 60 61.1 49.7 49.7
5137 0.1 20 0 0 4737 0.2 30 0 0 90 61.2 49.7 49.7
5137 0.1 20 0 0 4737 0.2 30 0 0 120 61.2 49.8 49.8
5137 0.1 20 0 0 4737 0.2 30 0 0 150 61.1 50.0 50.0
5137 0.1 20 0 0 4737 0.2 30 0 0 180 61.1 50.0 50.0
5137 0.1 20 0 0 4737 0.2 40 0 0 0 60.3 49.6 49.6
5137 0.1 20 0 0 4737 0.2 40 0 0 30 60.5 49.7 49.7
5137 0.1 20 0 0 4737 0.2 40 0 0 60 60.6 49.7 49.7
5137 0.1 20 0 0 4737 0.2 40 0 0 90 60.7 49.8 49.8
5137 0.1 20 0 0 4737 0.2 40 0 0 120 60.6 49.8 49.8
5137 0.1 20 0 0 4737 0.2 40 0 0 150 60.6 49.9 49.9
5137 0.1 20 0 0 4737 0.2 40 0 0 180 60.6 50.0 50.0
5137 0.1 20 0 0 4737 0.2 50 0 0 0 59.6 50.4 50.4
5137 0.1 20 0 0 4737 0.2 50 0 0 30 59.7 50.4 50.4
5137 0.1 20 0 0 4737 0.2 50 0 0 60 59.8 50.3 50.3
5137 0.1 20 0 0 4737 0.2 50 0 0 90 59.8 50.5 50.5
5137 0.1 20 0 0 4737 0.2 50 0 0 120 59.8 50.5 50.5
5137 0.1 20 0 0 4737 0.2 50 0 0 150 59.7 50.7 50.7
5137 0.1 20 0 0 4737 0.2 50 0 0 180 59.7 50.7 50.7
5137 0.1 20 0 0 4737 0.2 60 0 0 0 58.3 51.1 51.1
5137 0.1 20 0 0 4737 0.2 60 0 0 30 58.5 51.3 51.3
5137 0.1 20 0 0 4737 0.2 60 0 0 60 58.5 51.4 51.4
5137 0.1 20 0 0 4737 0.2 60 0 0 90 58.5 51.6 51.6
5137 0.1 20 0 0 4737 0.2 60 0 0 120 58.4 51.8 51.8
5137 0.1 20 0 0 4737 0.2 60 0 0 150 58.3 52.1 52.1
5137 0.1 20 0 0 4737 0.2 60 0 0 180 58.2 52.1 52.1
5137 0.1 20 0 0 4737 0.3 0 0 0 0 61.2 52.8 52.8
5137 0.1 20 0 0 4737 0.3 0 0 0 30 61.3 52.8 52.8
5137 0.1 20 0 0 4737 0.3 0 0 0 60 61.5 52.9 52.9
5137 0.1 20 0 0 4737 0.3 0 0 0 90 61.5 53.0 53.0
5137 0.1 20 0 0 4737 0.3 0 0 0 120 61.6 53.2 53.2
5137 0.1 20 0 0 4737 0.3 0 0 0 150 61.5 53.5 53.5
5137 0.1 20 0 0 4737 0.3 0 0 0 180 61.5 53.4 53.4
5137 0.1 20 0 0 4737 0.3 10 0 0 0 61.1 52.4 52.4
5137 0.1 20 0 0 4737 0.3 10 0 0 30 61.3 52.4 52.4
5137 0.1 20 0 0 4737 0.3 10 0 0 60 61.4 52.5 52.5
5137 0.1 20 0 0 4737 0.3 10 0 0 90 61.4 52.6 52.6
5137 0.1 20 0 0 4737 0.3 10 0 0 120 61.5 52.8 52.8
5137 0.1 20 0 0 4737 0.3 10 0 0 150 61.5 53.1 53.1
5137 0.1 20 0 0 4737 0.3 10 0 0 180 61.4 53.1 53.1
5137 0.1 20 0 0 4737 0.3 20 0 0 0 61.0 50.9 50.9
5137 0.1 20 0 0 4737 0.3 20 0 0 30 61.1 51.0 51.0
5137 0.1 20 0 0 4737 0.3 20 0 0 60 61.2 51.0 51.0
5137 0.1 20 0 0 4737 0.3 20 0 0 90 61.2 51.2 51.2
5137 0.1 20 0 0 4737 0.3 20 0 0 120 61.3 51.4 51.4
5137 0.1 20 0 0 4737 0.3 20 0 0 150 61.3 51.7 51.7
5137 0.1 20 0 0 4737 0.3 20 0 0 180 61.2 51.7 51.7
5137 0.1 20 0 0 4737 0.3 30 0 0 0 60.6 49.5 49.5
5137 0.1 20 0 0 4737 0.3 30 0 0 30 60.8 49.5 49.5
5137 0.1 20 0 0 4737 0.3 30 0 0 60 60.9 49.5 49.5
5137 0.1 20 0 0 4737 0.3 30 0 0 90 60.9 49.6 49.6
5137 0.1 20 0 0 4737 0.3 30 0 0 120 61.0 49.7 49.7
5137 0.1 20 0 0 4737 0.3 30 0 0 150 60.9 49.9 49.9
5137 0.1 20 0 0 4737 0.3 30 0 0 180 60.9 49.9 49.9
5137 0.1 20 0 0 4737 0.3 40 0 0 0 60.1 49.5 49.5
5137 0.1 20 0 0 4737 0.3 40 0 0 30 60.3 49.5 49.5
5137 0.1 20 0 0 4737 0.3 40 0 0 60 60.3 49.6 49.6
5137 0.1 20 0 0 4737 0.3 40 0 0 90 60.4 49.6 49.6
5137 0.1 20 0 0 4737 0.3 40 0 0 120 60.4 49.8 49.8
5137 0.1 20 0 0 4737 0.3 40 0 0 150 60.3 50.0 50.0
5137 0.1 20 0 0 4737 0.3 40 0 0 180 60.3 50.0 50.0
5137 0.1 20 0 0 4737 0.3 50 0 0 0 59.4 50.2 50.2
5137 0.1 20 0 0 4737 0.3 50 0 0 30 59.5 50.2 50.2
5137 0.1 20 0 0 4737 0.3 50 0 0 60 59.5 50.3 50.3
5137 0.1 20 0 0 4737 0.3 50 0 0 90 59.6 50.4 50.4
5137 0.1 20 0 0 4737 0.3 50 0 0 120 59.5 50.4 50.4
5137 0.1 20 0 0 4737 0.3 50 0 0 150 59.5 50.6 50.6
5137 0.1 20 0 0 4737 0.3 50 0 0 180 59.4 50.5 50.5
5137 0.1 20 0 0 4737 0.3 60 0 0 0 58.2 50.8 50.8
5137 0.1 20 0 0 4737 0.3 60 0 0 30 58.3 50.9 50.9
5137 0.1 20 0 0 4737 0.3 60 0 0 60 58.2 50.9 50.9
5137 0.1 20 0 0 4737 0.3 60 0 0 90 58.3 51.1 51.1
5137 0.1 20 0 0 4737 0.3 60 0 0 120 58.0 51.3 51.3
5137 0.1 20 0 0 4737 0.3 60 0 0 150 57.8 51.7 51.7
5137 0.1 20 0 0 4737 0.3 60 0 0 180 57.8 51.7 51.7
5137 0.1 20 0 0 4737 0.4 0 0 0 0 61.0 52.2 52.2
5137 0.1 20 0 0 4737 0.4 0 0 0 30 61.1 52.1 52.1
5137 0.1 20 0 0 4737 0.4 0 0 0 60 61.3 52.3 52.3
5137 0.1 20 0 0 4737 0.4 0 0 0 90 61.3 52.5 52.5
5137 0.1 20 0 0 4737 0.4 0 0 0 120 61.4 52.6 52.6
5137 0.1 20 0 0 4737 0.4 0 0 0 150 61.3 53.0 53.0
5137 0.1 20 0 0 4737 0.4 0 0 0 180 61.3 52.8 52.8
5137 0.1 20 0 0 4737 0.4 10 0 0 0 60.9 51.8 51.8
5137 0.1 20 0 0 4737 0.4 10 0 0 30 61.0 51.8 51.8
5137 0.1 20 0 0 4737 0.4 10 0 0 60 61.2 51.8 51.8
5137 0.1 20 0 0 4737 0.4 10 0 0 90 61.2 52.0 52.0
5137 0.1 20 0 0 4737 0.4 10 0 0 120 61.3 52.1 52.1
5137 0.1 20 0 0 4737 0.4 10 0 0 150 61.2 52.5 52.5
5137 0.1 20 0 0 4737 0.4 10 0 0 180 61.2 52.4 52.4
5137 0.1 20 0 0 4737 0.4 20 0 0 0 60.8 50.0 50.0
5137 0.1 20 0 0 4737 0.4 20 0 0 30 60.8 50.1 50.1
5137 0.1 20 0 0 4737 0.4 20 0 0 60 61.0 50.1 50.1
5137 0.1 20 0 0 4737 0.4 20 0 0 90 61.0 50.2 50.2
5137 0.1 20 0 0 4737 0.4 20 0 0 120 61.1 50.5 50.5
5137 0.1 20 0 0 4737 0.4 20 0 0 150 61.0 50.9 50.9
5137 0.1 20 0 0 4737 0.4 20 0 0 180 61.0 50.8 50.8
5137 0.1 20 0 0 4737 0.4 30 0 0 0 60.4 49.6 49.6
5137 0.1 20 0 0 4737 0.4 30 0 0 30 60.5 49.5 49.5
5137 0.1 20 0 0 4737 0.4 30 0 0 60 60.7 49.6 49.6
5137 0.1 20 0 0 4737 0.4 30 0 0 90 60.7 49.6 49.6
5137 0.1 20 0 0 4737 0.4 30 0 0 120 60.8 49.6 49.6
5137 0.1 20 0 0 4737 0.4 30 0 0 150 60.7 49.9 49.9
5137 0.1 20 0 0 4737 0.4 30 0 0 180 60.6 49.9 49.9
5137 0.1 20 0 0 4737 0.4 40 0 0 0 59.9 49.7 49.7
5137 0.1 20 0 0 4737 0.4 40 0 0 30 60.0 49.6 49.6
5137 0.1 20 0 0 4737 0.4 40 0 0 60 60.2 49.6 49.6
5137 0.1 20 0 0 4737 0.4 40 0 0 90 60.2 49.7 49.7
5137 0.1 20 0 0 4737 0.4 40 0 0 120 60.2 49.7 49.7
5137 0.1 20 0 0 4737 0.4 40 0 0 150 60.1 49.9 49.9
5137 0.1 20 0 0 4737 0.4 40 0 0 180 60.1 50.0 50.0
5137 0.1 20 0 0 4737 0.4 50 0 0 0 59.2 50.0 50.0
5137 0.1 20 0 0 4737 0.4 50 0 0 30 59.3 50.0 50.0
5137 0.1 20 0 0 4737 0.4 50 0 0 60 59.4 50.1 50.1
5137 0.1 20 0 0 4737 0.4 50 0 0 90 59.3 50.3 50.3
5137 0.1 20 0 0 4737 0.4 50 0 0 120 59.3 50.3 50.3
5137 0.1 20 0 0 4737 0.4 50 0 0 150 59.2 50.6 50.6
5137 0.1 20 0 0 4737 0.4 50 0 0 180 59.1 50.5 50.5
5137 0.1 20 0 0 4737 0.4 60 0 0 0 57.9 50.5 50.5
5137 0.1 20 0 0 4737 0.4 60 0 0 30 58.0 50.6 50.6
5137 0.1 20 0 0 4737 0.4 60 0 0 60 57.9 50.6 50.6
5137 0.1 20 0 0 4737 0.4 60 0 0 90 57.8 50.8 50.8
5137 0.1 20 0 0 4737 0.4 60 0 0 120 57.6 50.9 50.9
5137 0.1 20 0 0 4737 0.4 60 0 0 150 57.3 51.4 51.4
5137 0.1 20 0 0 4737 0.4 60 0 0 180 57.2 51.4 51.4
5137 0.1 20 0 0 4737 0.5 0 0 0 0 60.8 51.2 51.2
5137 0.1 20 0 0 4737 0.5 0 0 0 30 60.9 51.3 51.3
5137 0.1 20 0 0 4737 0.5 0 0 0 60 61.0 51.3 51.3
5137 0.1 20 0 0 4737 0.5 0 0 0 90 61.1 51.4 51.4
5137 0.1 20 0 0 4737 0.5 0 0 0 120 61.1 51.6 51.6
5137 0.1 20 0 0 4737 0.5 0 0 0 150 61.0 52.0 52.0
5137 0.1 20 0 0 4737 0.5 0 0 0 180 61.0 51.8 51.8
5137 0.1 20 0 0 4737 0.5 10 0 0 0 60.7 50.7 50.7
5137 0.1 20 0 0 4737 0.5 10 0 0 30 60.8 50.7 50.7
5137 0.1 20 0 0 4737 0.5 10 0 0 60 60.9 50.7 50.7
5137 0.1 20 0 0 4737 0.5 10 0 0 90 61.1 50.8 50.8
5137 0.1 20 0 0 4737 0.5 10 0 0 120 61.0 51.0 51.0
5137 0.1 20 0 0 4737 0.5 10 0 0 150 61.0 51.5 51.5
5137 0.1 20 0 0 4737 0.5 10 0 0 180 60.9 51.3 51.3
5137 0.1 20 0 0 4737 0.5 20 0 0 0 60.5 49.9 49.9
5137 0.1 20 0 0 4737 0.5 20 0 0 30 60.6 50.0 50.0
5137 0.1 20 0 0 4737 0.5 20 0 0 60 60.7 50.0 50.0
5137 0.1 20 0 0 4737 0.5 20 0 0 90 60.9 50.2 50.2
5137 0.1 20 0 0 4737 0.5 20 0 0 120 60.8 50.4 50.4
5137 0.1 20 0 0 4737 0.5 20 0 0 150 60.7 50.7 50.7
5137 0.1 20 0 0 4737 0.5 20 0 0 180 60.7 50.5 50.5
5137 0.1 20 0 0 4737 0.5 30 0 0 0 60.2 49.9 49.9
5137 0.1 20 0 0 4737 0.5 30 0 0 30 60.3 49.8 49.8
5137 0.1 20 0 0 4737 0.5 30 0 0 60 60.4 49.8 49.8
5137 0.1 20 0 0 4737 0.5 30 0 0 90 60.5 49.9 49.9
5137 0.1 20 0 0 4737 0.5 30 0 0 120 60.4 49.9 49.9
5137 0.1 20 0 0 4737 0.5 30 0 0 150 60.3 50.1 50.1
5137 0.1 20 0 0 4737 0.5 30 0 0 180 60.3 49.9 49.9
5137 0.1 20 0 0 4737 0.5 40 0 0 0 59.7 49.9 49.9
5137 0.1 20 0 0 4737 0.5 40 0 0 30 59.8 49.9 49.9
5137 0.1 20 0 0 4737 0.5 40 0 0 60 59.9 49.9 49.9
5137 0.1 20 0 0 4737 0.5 40 0 0 90 59.9 49.9 49.9
5137 0.1 20 0 0 4737 0.5 40 0 0 120 59.9 49.9 49.9
5137 0.1 20 0 0 4737 0.5 40 0 0 150 59.7 50.1 50.1
5137 0.1 20 0 0 4737 0.5 40 0 0 180 59.7 50.1 50.1
5137 0.1 20 0 0 4737 0.5 50 0 0 0 59.0 49.9 49.9
5137 0.1 20 0 0 4737 0.5 50 0 0 30 59.0 49.9 49.9
5137 0.1 20 0 0 4737 0.5 50 0 0 60 59.1 50.0 50.0
5137 0.1 20 0 0 4737 0.5 50 0 0 90 59.1 50.2 50.2
5137 0.1 20 0 0 4737 0.5 50 0 0 120 58.9 50.2 50.2
5137 0.1 20 0 0 4737 0.5 50 0 0 150 58.7 50.5 50.5
5137 0.1 20 0 0 4737 0.5 50 0 0 180 58.7 50.5 50.5
5137 0.1 20 0 0 4737 0.5 60 0 0 0 57.9 50.3 50.3
5137 0.1 20 0 0 4737 0.5 60 0 0 30 57.8 50.2 50.2
5137 0.1 20 0 0 4737 0.5 60 0 0 60 57.9 50.3 50.3
5137 0.1 20 0 0 4737 0.5 60 0 0 90 57.9 50.4 50.4
5137 0.1 20 0 0 4737 0.5 60 0 0 120 57.6 50.5 50.5
5137 0.1 20 0 0 4737 0.5 60 0 0 150 57.1 51.0 51.0
5137 0.1 20 0 0 4737 0.5 60 0 0 180 56.8 51.2 51.2
5137 0.1 20 0 0 4937 0.0 0 0 0 0 62.0 54.5 54.5
5137 0.1 20 0 0 4937 0.0 0 0 0 30 62.6 55.1 55.1
5137 0.1 20 0 0 4937 0.0 0 0 0 60 63.0 55.7 55.7
5137 0.1 20 0 0 4937 0.0 0 0 0 90 63.2 56.0 56.0
5137 0.1 20 0 0 4937 0.0 0 0 0 120 63.2 56.1 56.1
5137 0.1 20 0 0 4937 0.0 0 0 0 150 62.9 55.9 55.9
5137 0.1 20 0 0 4937 0.0 0 0 0 180 62.5 55.4 55.4
5137 0.1 20 0 0 4937 0.0 10 0 0 0 62.0 54.1 54.1
5137 0.1 20 0 0 4937 0.0 10 0 0 30 62.6 54.7 54.7
5137 0.1 20 0 0 4937 0.0 10 0 0 60 62.9 55.3 55.3
5137 0.1 20 0 0 4937 0.0 10 0 0 90 63.2 55.7 55.7
5137 0.1 20 0 0 4937 0.0 10 0 0 120 63.1 55.8 55.8
5137 0.1 20 0 0 4937 0.0 10 0 0 150 62.9 55.6 55.6
5137 0.1 20 0 0 4937 0.0 10 0 0 180 62.5 55.2 55.2
5137 0.1 20 0 0 4937 0.0 20 0 0 0 61.8 52.9 52.9
5137 0.1 20 0 0 4937 0.0 20 0 0 30 62.4 53.6 53.6
5137 0.1 20 0 0 4937 0.0 20 0 0 60 62.8 54.2 54.2
5137 0.1 20 0 0 4937 0.0 20 0 0 90 63.0 54.7 54.7
5137 0.1 20 0 0 4937 0.0 20 0 0 120 63.0 54.7 54.7
5137 0.1 20 0 0 4937 0.0 20 0 0 150 62.7 54.6 54.6
5137 0.1 20 0 0 4937 0.0 20 0 0 180 62.3 54.1 54.1
5137 0.1 20 0 0 4937 0.0 30 0 0 0 61.5 50.7 50.7
5137 0.1 20 0 0 4937 0.0 30 0 0 30 62.1 51.5 51.5
5137 0.1 20 0 0 4937 0.0 30 0 0 60 62.5 52.2 52.2
5137 0.1 20 0 0 4937 0.0 30 0 0 90 62.7 52.5 52.5
5137 0.1 20 0 0 4937 0.0 30 0 0 120 62.7 52.6 52.6
5137 0.1 20 0 0 4937 0.0 30 0 0 150 62.4 52.3 52.3
5137 0.1 20 0 0 4937 0.0 30 0 0 180 62.0 51.6 51.6
5137 0.1 20 0 0 4937 0.0 40 0 0 0 61.1 50.5 50.5
5137 0.1 20 0 0 4937 0.0 40 0 0 30 61.7 51.3 51.3
5137 0.1 20 0 0 4937 0.0 40 0 0 60 62.0 52.1 52.1
5137 0.1 20 0 0 4937 0.0 40 0 0 90 62.2 52.4 52.4
5137 0.1 20 0 0 4937 0.0 40 0 0 120 62.2 52.5 52.5
5137 0.1 20 0 0 4937 0.0 40 0 0 150 61.9 52.3 52.3
5137 0.1 20 0 0 4937 0.0 40 0 0 180 61.5 51.6 51.6
5137 0.1 20 0 0 4937 0.0 50 0 0 0 60.4 50.9 50.9
5137 0.1 20 0 0 4937 0.0 50 0 0 30 61.0 51.8 51.8
5137 0.1 20 0 0 4937 0.0 50 0 0 60 61.3 52.6 52.6
5137 0.1 20 0 0 4937 0.0 50 0 0 90 61.5 53.2 53.2
5137 0.1 20 0 0 4937 0.0 50 0 0 120 61.5 53.4 53.4
5137 0.1 20 0 0 4937 0.0 50 0 0 150 61.2 53.0 53.0
5137 0.1 20 0 0 4937 0.0 50 0 0 180 60.7 52.3 52.3
5137 0.1 20 0 0 4937 0.0 60 0 0 0 59.2 52.2 52.2
5137 0.1 20 0 0 4937 0.0 60 0 0 30 59.7 52.9 52.9
5137 0.1 20 0 0 4937 0.0 60 0 0 60 60.0 53.5 53.5
5137 0.1 20 0 0 4937 0.0 60 0 0 90 60.2 53.9 53.9
5137 0.1 20 0 0 4937 0.0 60 0 0 120 60.2 54.1 54.1
5137 0.1 20 0 0 4937 0.0 60 0 0 150 59.9 54.1 54.1
5137 0.1 20 0 0 4937 0.0 60 0 0 180 59.5 53.7 53.7
5137 0.1 20 0 0 4937 0.1 0 0 0 0 61.9 54.0 54.0
5137 0.1 20 0 0 4937 0.1 0 0 0 30 62.4 54.6 54.6
5137 0.1 20 0 0 4937 0.1 0 0 0 60 62.7 55.2 55.2
5137 0.1 20 0 0 4937 0.1 0 0 0 90 62.9 55.6 55.6
5137 0.1 20 0 0 4937 0.1 0 0 0 120 63.0 55.8 55.8
5137 0.1 20 0 0 4937 0.1 0 0 0 150 62.7 55.7 55.7
5137 0.1 20 0 0 4937 0.1 0 0 0 180 62.3 55.1 55.1
5137 0.1 20 0 0 4937 0.1 10 0 0 0 61.9 53.6 53.6
5137 0.1 20 0 0 4937 0.1 10 0 0 30 62.4 54.2 54.2
5137 0.1 20 0 0 4937 0.1 10 0 0 60 62.7 54.8 54.8
5137 0.1 20 0 0 4937 0.1 10 0 0 90 62.9 55.2 55.2
5137 0.1 20 0 0 4937 0.1 10 0 0 120 63.0 55.5 55.5
5137 0.1 20 0 0 4937 0.1 10 0 0 150 62.7 55.4 55.4
5137 0.1 20 0 0 4937 0.1 10 0 0 180 62.3 54.8 54.8
5137 0.1 20 0 0 4937 0.1 20 0 0 0 61.7 52.4 52.4
5137 0.1 20 0 0 4937 0.1 20 0 0 30 62.2 53.0 53.0
5137 0.1 20 0 0 4937 0.1 20 0 0 60 62.5 53.7 53.7
5137 0.1 20 0 0 4937 0.1 20 0 0 90 62.7 54.2 54.2
5137 0.1 20 0 0 4937 0.1 20 0 0 120 62.8 54.5 54.5
5137 0.1 20 0 0 4937 0.1 20 0 0 150 62.5 54.4 54.4
5137 0.1 20 0 0 4937 0.1 20 0 0 180 62.1 53.8 53.8
5137 0.1 20 0 0 4937 0.1 30 0 0 0 61.4 50.1 50.1
5137 0.1 20 0 0 4937 0.1 30 0 0 30 61.9 50.9 50.9
5137 0.1 20 0 0 4937 0.1 30 0 0 60 62.2 51.6 51.6
5137 0.1 20 0 0 4937 0.1 30 0 0 90 62.4 52.1 52.1
5137 0.1 20 0 0 4937 0.1 30 0 0 120 62.5 52.3 52.3
5137 0.1 20 0 0 4937 0.1 30 0 0 150 62.2 52.1 52.1
5137 0.1 20 0 0 4937 0.1 30 0 0 180 61.7 51.4 51.4
5137 0.1 20 0 0 4937 0.1 40 0 0 0 60.9 49.9 49.9
5137 0.1 20 0 0 4937 0.1 40 0 0 30 61.4 50.7 50.7
5137 0.1 20 0 0 4937 0.1 40 0 0 60 61.8 51.4 51.4
5137 0.1 20 0 0 4937 0.1 40 0 0 90 62.0 52.1 52.1
5137 0.1 20 0 0 4937 0.1 40 0 0 120 62.0 52.2 52.2
5137 0.1 20 0 0 4937 0.1 40 0 0 150 61.7 52.0 52.0
5137 0.1 20 0 0 4937 0.1 40 0 0 180 61.2 51.4 51.4
5137 0.1 20 0 0 4937 0.1 50 0 0 0 60.2 50.3 50.3
5137 0.1 20 0 0 4937 0.1 50 0 0 30 60.8 51.0 51.0
5137 0.1 20 0 0 4937 0.1 50 0 0 60 61.1 51.8 51.8
5137 0.1 20 0 0 4937 0.1 50 0 0 90 61.3 52.6 52.6
5137 0.1 20 0 0 4937 0.1 50 0 0 120 61.3 53.1 53.1
5137 0.1 20 0 0 4937 0.1 50 0 0 150 61.0 52.9 52.9
5137 0.1 20 0 0 4937 0.1 50 0 0 180 60.5 52.2 52.2
5137 0.1 20 0 0 4937 0.1 60 0 0 0 59.0 51.6 51.6
5137 0.1 20 0 0 4937 0.1 60 0 0 30 59.5 52.2 52.2
5137 0.1 20 0 0 4937 0.1 60 0 0 60 59.8 52.8 52.8
5137 0.1 20 0 0 4937 0.1 60 0 0 90 60.0 53.4 53.4
5137 0.1 20 0 0 4937 0.1 60 0 0 120 60.0 53.8 53.8
5137 0.1 20 0 0 4937 0.1 60 0 0 150 59.8 53.8 53.8
5137 0.1 20 0 0 4937 0.1 60 0 0 180 59.3 53.5 53.5
5137 0.1 20 0 0 4937 0.2 0 0 0 0 61.8 53.6 53.6
5137 0.1 20 0 0 4937 0.2 0 0 0 30 62.2 54.1 54.1
5137 0.1 20 0 0 4937 0.2 0 0 0 60 62.5 54.6 54.6
5137 0.1 20 0 0 4937 0.2 0 0 0 90 62.7 55.2 55.2
5137 0.1 20 0 0 4937 0.2 0 0 0 120 62.8 55.5 55.5
5137 0.1 20 0 0 4937 0.2 0 0 0 150 62.6 55.4 55.4
5137 0.1 20 0 0 4937 0.2 0 0 0 180 62.0 54.7 54.7
5137 0.1 20 0 0 4937 0.2 10 0 0 0 61.8 53.1 53.1
5137 0.1 20 0 0 4937 0.2 10 0 0 30 62.2 53.6 53.6
5137 0.1 20 0 0 4937 0.2 10 0 0 60 62.5 54.2 54.2
5137 0.1 20 0 0 4937 0.2 10 0 0 90 62.7 54.7 54.7
5137 0.1 20 0 0 4937 0.2 10 0 0 120 62.8 55.1 55.1
5137 0.1 20 0 0 4937 0.2 10 0 0 150 62.5 55.1 55.1
5137 0.1 20 0 0 4937 0.2 10 0 0 180 62.0 54.4 54.4
5137 0.1 20 0 0 4937 0.2 20 0 0 0 61.6 51.9 51.9
5137 0.1 20 0 0 4937 0.2 20 0 0 30 62.0 52.4 52.4
5137 0.1 20 0 0 4937 0.2 20 0 0 60 62.3 53.0 53.0
5137 0.1 20 0 0 4937 0.2 20 0 0 90 62.5 53.6 53.6
5137 0.1 20 0 0 4937 0.2 20 0 0 120 62.6 54.1 54.1
5137 0.1 20 0 0 4937 0.2 20 0 0 150 62.3 54.1 54.1
5137 0.1 20 0 0 4937 0.2 20 0 0 180 61.8 53.4 53.4
5137 0.1 20 0 0 4937 0.2 30 0 0 0 61.3 49.7 49.7
5137 0.1 20 0 0 4937 0.2 30 0 0 30 61.7 50.4 50.4
5137 0.1 20 0 0 4937 0.2 30 0 0 60 62.0 51.1 51.1
5137 0.1 20 0 0 4937 0.2 30 0 0 90 62.2 51.8 51.8
5137 0.1 20 0 0 4937 0.2 30 0 0 120 62.3 52.1 52.1
5137 0.1 20 0 0 4937 0.2 30 0 0 150 62.0 51.9 51.9
5137 0.1 20 0 0 4937 0.2 30 0 0 180 61.5 51.3 51.3
5137 0.1 20 0 0 4937 0.2 40 0 0 0 60.8 49.5 49.5
5137 0.1 20 0 0 4937 0.2 40 0 0 30 61.3 50.1 50.1
5137 0.1 20 0 0 4937 0.2 40 0 0 60 61.6 50.9 50.9
5137 0.1 20 0 0 4937 0.2 40 0 0 90 61.8 51.6 51.6
5137 0.1 20 0 0 4937 0.2 40 0 0 120 61.9 52.1 52.1
5137 0.1 20 0 0 4937 0.2 40 0 0 150 61.6 52.0 52.0
5137 0.1 20 0 0 4937 0.2 40 0 0 180 61.0 51.3 51.3
5137 0.1 20 0 0 4937 0.2 50 0 0 0 60.1 49.8 49.8
5137 0.1 20 0 0 4937 0.2 50 0 0 30 60.5 50.3 50.3
5137 0.1 20 0 0 4937 0.2 50 0 0 60 60.9 51.1 51.1
5137 0.1 20 0 0 4937 0.2 50 0 0 90 61.1 51.9 51.9
5137 0.1 20 0 0 4937 0.2 50 0 0 120 61.2 52.5 52.5
5137 0.1 20 0 0 4937 0.2 50 0 0 150 60.9 52.8 52.8
5137 0.1 20 0 0 4937 0.2 50 0 0 180 60.2 52.1 52.1
5137 0.1 20 0 0 4937 0.2 60 0 0 0 58.8 51.2 51.2
5137 0.1 20 0 0 4937 0.2 60 0 0 30 59.2 51.6 51.6
5137 0.1 20 0 0 4937 0.2 60 0 0 60 59.5 52.2 52.2
5137 0.1 20 0 0 4937 0.2 60 0 0 90 59.8 52.8 52.8
5137 0.1 20 0 0 4937 0.2 60 0 0 120 59.9 53.3 53.3
5137 0.1 20 0 0 4937 0.2 60 0 0 150 59.7 53.5 53.5
5137 0.1 20 0 0 4937 0.2 60 0 0 180 59.1 53.1 53.1
5137 0.1 20 0 0 4937 0.3 0 0 0 0 61.8 53.1 53.1
5137 0.1 20 0 0 4937 0.3 0 0 0 30 62.1 53.6 53.6
5137 0.1 20 0 0 4937 0.3 0 0 0 60 62.3 54.1 54.1
5137 0.1 20 0 0 4937 0.3 0 0 0 90 62.5 54.7 54.7
5137 0.1 20 0 0 4937 0.3 0 0 0 120 62.6 55.1 55.1
5137 0.1 20 0 0 4937 0.3 0 0 0 150 62.4 55.2 55.2
5137 0.1 20 0 0 4937 0.3 0 0 0 180 61.7 54.2 54.2
5137 0.1 20 0 0 4937 0.3 10 0 0 0 61.7 52.6 52.6
5137 0.1 20 0 0 4937 0.3 10 0 0 30 62.0 53.1 53.1
5137 0.1 20 0 0 4937 0.3 10 0 0 60 62.2 53.6 53.6
5137 0.1 20 0 0 4937 0.3 10 0 0 90 62.5 54.2 54.2
5137 0.1 20 0 0 4937 0.3 10 0 0 120 62.6 54.7 54.7
5137 0.1 20 0 0 4937 0.3 10 0 0 150 62.3 54.8 54.8
5137 0.1 20 0 0 4937 0.3 10 0 0 180 61.7 53.9 53.9
5137 0.1 20 0 0 4937 0.3 20 0 0 0 61.5 51.2 51.2
5137 0.1 20 0 0 4937 0.3 20 0 0 30 61.9 51.6 51.6
5137 0.1 20 0 0 4937 0.3 20 0 0 60 62.1 52.2 52.2
5137 0.1 20 0 0 4937 0.3 20 0 0 90 62.3 52.9 52.9
5137 0.1 20 0 0 4937 0.3 20 0 0 120 62.4 53.6 53.6
5137 0.1 20 0 0 4937 0.3 20 0 0 150 62.2 53.8 53.8
5137 0.1 20 0 0 4937 0.3 20 0 0 180 61.5 52.9 52.9
5137 0.1 20 0 0 4937 0.3 30 0 0 0 61.2 49.3 49.3
5137 0.1 20 0 0 4937 0.3 30 0 0 30 61.6 49.9 49.9
5137 0.1 20 0 0 4937 0.3 30 0 0 60 61.8 50.6 50.6
5137 0.1 20 0 0 4937 0.3 30 0 0 90 62.1 51.4 51.4
5137 0.1 20 0 0 4937 0.3 30 0 0 120 62.2 52.1 52.1
5137 0.1 20 0 0 4937 0.3 30 0 0 150 61.9 52.0 52.0
5137 0.1 20 0 0 4937 0.3 30 0 0 180 61.2 51.0 51.0
5137 0.1 20 0 0 4937 0.3 40 0 0 0 60.7 49.1 49.1
5137 0.1 20 0 0 4937 0.3 40 0 0 30 61.1 49.6 49.6
5137 0.1 20 0 0 4937 0.3 40 0 0 60 61.4 50.3 50.3
5137 0.1 20 0 0 4937 0.3 40 0 0 90 61.6 51.1 51.1
5137 0.1 20 0 0 4937 0.3 40 0 0 120 61.7 51.8 51.8
5137 0.1 20 0 0 4937 0.3 40 0 0 150 61.4 52.0 52.0
5137 0.1 20 0 0 4937 0.3 40 0 0 180 60.7 51.1 51.1
5137 0.1 20 0 0 4937 0.3 50 0 0 0 60.0 49.5 49.5
5137 0.1 20 0 0 4937 0.3 50 0 0 30 60.3 49.9 49.9
5137 0.1 20 0 0 4937 0.3 50 0 0 60 60.6 50.4 50.4
5137 0.1 20 0 0 4937 0.3 50 0 0 90 60.9 51.2 51.2
5137 0.1 20 0 0 4937 0.3 50 0 0 120 61.1 52.0 52.0
5137 0.1 20 0 0 4937 0.3 50 0 0 150 60.8 52.6 52.6
5137 0.1 20 0 0 4937 0.3 50 0 0 180 60.0 52.0 52.0
5137 0.1 20 0 0 4937 0.3 60 0 0 0 58.5 50.7 50.7
5137 0.1 20 0 0 4937 0.3 60 0 0 30 58.9 51.1 51.1
5137 0.1 20 0 0 4937 0.3 60 0 0 60 59.2 51.5 51.5
5137 0.1 20 0 0 4937 0.3 60 0 0 90 59.5 52.1 52.1
5137 0.1 20 0 0 4937 0.3 60 0 0 120 59.6 52.7 52.7
5137 0.1 20 0 0 4937 0.3 60 0 0 150 59.5 53.2 53.2
5137 0.1 20 0 0 4937 0.3 60 0 0 180 59.0 52.8 52.8
5137 0.1 20 0 0 4937 0.4 0 0 0 0 61.7 52.7 52.7
5137 0.1 20 0 0 4937 0.4 0 0 0 30 61.9 53.1 53.1
5137 0.1 20 0 0 4937 0.4 0 0 0 60 62.2 53.5 53.5
5137 0.1 20 0 0 4937 0.4 0 0 0 90 62.4 54.1 54.1
5137 0.1 20 0 0 4937 0.4 0 0 0 120 62.5 54.7 54.7
5137 0.1 20 0 0 4937 0.4 0 0 0 150 62.3 54.8 54.8
5137 0.1 20 0 0 4937 0.4 0 0 0 180 61.4 53.5 53.5
5137 0.1 20 0 0 4937 0.4 10 0 0 0 61.6 52.1 52.1
5137 0.1 20 0 0 4937 0.4 10 0 0 30 61.9 52.5 52.5
5137 0.1 20 0 0 4937 0.4 10 0 0 60 62.1 52.9 52.9
5137 0.1 20 0 0 4937 0.4 10 0 0 90 62.3 53.5 53.5
5137 0.1 20 0 0 4937 0.4 10 0 0 120 62.5 54.2 54.2
5137 0.1 20 0 0 4937 0.4 10 0 0 150 62.2 54.4 54.4
5137 0.1 20 0 0 4937 0.4 10 0 0 180 61.3 53.4 53.4
5137 0.1 20 0 0 4937 0.4 20 0 0 0 61.4 50.0 50.0
5137 0.1 20 0 0 4937 0.4 20 0 0 30 61.7 50.4 50.4
5137 0.1 20 0 0 4937 0.4 20 0 0 60 62.0 50.9 50.9
5137 0.1 20 0 0 4937 0.4 20 0 0 90 62.2 51.6 51.6
5137 0.1 20 0 0 4937 0.4 20 0 0 120 62.3 52.6 52.6
5137 0.1 20 0 0 4937 0.4 20 0 0 150 62.1 53.2 53.2
5137 0.1 20 0 0 4937 0.4 20 0 0 180 61.1 52.0 52.0
5137 0.1 20 0 0 4937 0.4 30 0 0 0 61.1 49.2 49.2
5137 0.1 20 0 0 4937 0.4 30 0 0 30 61.4 49.6 49.6
5137 0.1 20 0 0 4937 0.4 30 0 0 60 61.7 50.2 50.2
5137 0.1 20 0 0 4937 0.4 30 0 0 90 61.9 51.0 51.0
5137 0.1 20 0 0 4937 0.4 30 0 0 120 62.1 51.9 51.9
5137 0.1 20 0 0 4937 0.4 30 0 0 150 61.8 52.2 52.2
5137 0.1 20 0 0 4937 0.4 30 0 0 180 60.8 50.9 50.9
5137 0.1 20 0 0 4937 0.4 40 0 0 0 60.6 49.0 49.0
5137 0.1 20 0 0 4937 0.4 40 0 0 30 60.9 49.4 49.4
5137 0.1 20 0 0 4937 0.4 40 0 0 60 61.2 50.0 50.0
5137 0.1 20 0 0 4937 0.4 40 0 0 90 61.4 50.6 50.6
5137 0.1 20 0 0 4937 0.4 40 0 0 120 61.7 51.6 51.6
5137 0.1 20 0 0 4937 0.4 40 0 0 150 61.4 52.2 52.2
5137 0.1 20 0 0 4937 0.4 40 0 0 180 60.4 51.1 51.1
5137 0.1 20 0 0 4937 0.4 50 0 0 0 59.8 49.5 49.5
5137 0.1 20 0 0 4937 0.4 50 0 0 30 60.1 49.8 49.8
5137 0.1 20 0 0 4937 0.4 50 0 0 60 60.4 50.2 50.2
5137 0.1 20 0 0 4937 0.4 50 0 0 90 60.7 50.7 50.7
5137 0.1 20 0 0 4937 0.4 50 0 0 120 60.9 51.5 51.5
5137 0.1 20 0 0 4937 0.4 50 0 0 150 60.7 52.3 52.3
5137 0.1 20 0 0 4937 0.4 50 0 0 180 59.7 51.8 51.8
5137 0.1 20 0 0 4937 0.4 60 0 0 0 58.0 50.4 50.4
5137 0.1 20 0 0 4937 0.4 60 0 0 30 58.3 50.7 50.7
5137 0.1 20 0 0 4937 0.4 60 0 0 60 58.6 51.0 51.0
5137 0.1 20 0 0 4937 0.4 60 0 0 90 58.9 51.5 51.5
5137 0.1 20 0 0 4937 0.4 60 0 0 120 59.1 52.2 52.2
5137 0.1 20 0 0 4937 0.4 60 0 0 150 59.1 52.7 52.7
5137 0.1 20 0 0 4937 0.4 60 0 0 180 58.7 52.5 52.5
5137 0.1 20 0 0 4937 0.5 0 0 0 0 61.6 52.0 52.0
5137 0.1 20 0 0 4937 0.5 0 0 0 30 61.8 52.4 52.4
5137 0.1 20 0 0 4937 0.5 0 0 0 60 62.1 52.7 52.7
5137 0.1 20 0 0 4937 0.5 0 0 0 90 62.3 53.3 53.3
5137 0.1 20 0 0 4937 0.5 0 0 0 120 62.4 53.9 53.9
5137 0.1 20 0 0 4937 0.5 0 0 0 150 62.2 54.3 54.3
5137 0.1 20 0 0 4937 0.5 0 0 0 180 61.0 52.6 52.6
5137 0.1 20 0 0 4937 0.5 10 0 0 0 61.6 51.2 51.2
5137 0.1 20 0 0 4937 0.5 10 0 0 30 61.8 51.5 51.5
5137 0.1 20 0 0 4937 0.5 10 0 0 60 62.0 51.9 51.9
5137 0.1 20 0 0 4937 0.5 10 0 0 90 62.2 52.4 52.4
5137 0.1 20 0 0 4937 0.5 10 0 0 120 62.4 53.1 53.1
5137 0.1 20 0 0 4937 0.5 10 0 0 150 62.2 53.7 53.7
5137 0.1 20 0 0 4937 0.5 10 0 0 180 60.9 52.3 52.3
5137 0.1 20 0 0 4937 0.5 20 0 0 0 61.4 49.7 49.7
5137 0.1 20 0 0 4937 0.5 20 0 0 30 61.6 50.1 50.1
5137 0.1 20 0 0 4937 0.5 20 0 0 60 61.8 50.5 50.5
5137 0.1 20 0 0 4937 0.5 20 0 0 90 62.0 51.1 51.1
5137 0.1 20 0 0 4937 0.5 20 0 0 120 62.2 52.2 52.2
5137 0.1 20 0 0 4937 0.5 20 0 0 150 62.1 53.3 53.3
5137 0.1 20 0 0 4937 0.5 20 0 0 180 60.8 51.4 51.4
5137 0.1 20 0 0 4937 0.5 30 0 0 0 61.0 49.3 49.3
5137 0.1 20 0 0 4937 0.5 30 0 0 30 61.2 49.7 49.7
5137 0.1 20 0 0 4937 0.5 30 0 0 60 61.5 50.2 50.2
5137 0.1 20 0 0 4937 0.5 30 0 0 90 61.7 50.9 50.9
5137 0.1 20 0 0 4937 0.5 30 0 0 120 62.0 51.8 51.8
5137 0.1 20 0 0 4937 0.5 30 0 0 150 61.8 52.6 52.6
5137 0.1 20 0 0 4937 0.5 30 0 0 180 60.5 51.0 51.0
5137 0.1 20 0 0 4937 0.5 40 0 0 0 60.4 49.3 49.3
5137 0.1 20 0 0 4937 0.5 40 0 0 30 60.7 49.5 49.5
5137 0.1 20 0 0 4937 0.5 40 0 0 60 61.0 49.9 49.9
5137 0.1 20 0 0 4937 0.5 40 0 0 90 61.2 50.4 50.4
5137 0.1 20 0 0 4937 0.5 40 0 0 120 61.5 51.4 51.4
5137 0.1 20 0 0 4937 0.5 40 0 0 150 61.4 52.3 52.3
5137 0.1 20 0 0 4937 0.5 40 0 0 180 60.1 51.2 51.2
5137 0.1 20 0 0 4937 0.5 50 0 0 0 59.5 49.6 49.6
5137 0.1 20 0 0 4937 0.5 50 0 0 30 59.7 49.8 49.8
5137 0.1 20 0 0 4937 0.5 50 0 0 60 60.0 50.1 50.1
5137 0.1 20 0 0 4937 0.5 50 0 0 90 60.3 50.5 50.5
5137 0.1 20 0 0 4937 0.5 50 0 0 120 60.6 51.2 51.2
5137 0.1 20 0 0 4937 0.5 50 0 0 150 60.6 52.1 52.1
5137 0.1 20 0 0 4937 0.5 50 0 0 180 59.5 51.7 51.7
5137 0.1 20 0 0 4937 0.5 60 0 0 0 57.7 50.2 50.2
5137 0.1 20 0 0 4937 0.5 60 0 0 30 57.9 50.4 50.4
5137 0.1 20 0 0 4937 0.5 60 0 0 60 58.2 50.6 50.6
5137 0.1 20 0 0 4937 0.5 60 0 0 90 58.6 51.0 51.0
5137 0.1 20 0 0 4937 0.5 60 0 0 120 58.8 51.7 51.7
5137 0.1 20 0 0 4937 0.5 60 0 0 150 58.8 52.4 52.4
5137 0.1 20 0 0 4937 0.5 60 0 0 180 58.4 52.0 52.0
5137 0.1 20 0 0 5137 0.0 0 0 0 0 41.2 38.1 38.1
5137 0.1 20 0 0 5137 0.0 0 0 0 30 49.0 43.5 43.5
5137 0.1 20 0 0 5137 0.0 0 0 0 60 57.3 51.6 51.6
5137 0.1 20 0 0 5137 0.0 0 0 0 90 65.6 59.9 59.9
5137 0.1 20 0 0 5137 0.0 0 0 0 120 73.9 65.7 65.7
5137 0.1 20 0 0 5137 0.0 0 0 0 150 77.5 66.3 66.3
5137 0.1 20 0 0 5137 0.0 0 0 0 180 77.5 66.3 66.3
5137 0.1 20 0 0 5137 0.0 10 0 0 0 41.2 36.6 36.6
5137 0.1 20 0 0 5137 0.0 10 0 0 30 48.8 43.0 43.0
5137 0.1 20 0 0 5137 0.0 10 0 0 60 57.2 51.3 51.3
5137 0.1 20 0 0 5137 0.0 10 0 0 90 65.5 59.5 59.5
5137 0.1 20 0 0 5137 0.0 10 0 0 120 73.8 65.2 65.2
5137 0.1 20 0 0 5137 0.0 10 0 0 150 77.5 66.0 66.0
5137 0.1 20 0 0 5137 0.0 10 0 0 180 77.4 66.0 66.0
5137 0.1 20 0 0 5137 0.0 20 0 0 0 41.0 35.4 35.4
5137 0.1 20 0 0 5137 0.0 20 0 0 30 48.6 42.3 42.3
5137 0.1 20 0 0 5137 0.0 20 0 0 60 56.9 50.6 50.6
5137 0.1 20 0 0 5137 0.0 20 0 0 90 65.3 58.0 58.0
5137 0.1 20 0 0 5137 0.0 20 0 0 120 73.6 63.5 63.5
5137 0.1 20 0 0 5137 0.0 20 0 0 150 77.2 64.8 64.8
5137 0.1 20 0 0 5137 0.0 20 0 0 180 77.2 64.8 64.8
5137 0.1 20 0 0 5137 0.0 30 0 0 0 40.8 35.3 35.3
5137 0.1 20 0 0 5137 0.0 30 0 0 30 48.2 40.9 40.9
5137 0.1 20 0 0 5137 0.0 30 0 0 60 56.6 47.8 47.8
5137 0.1 20 0 0 5137 0.0 30 0 0 90 64.9 54.3 54.3
5137 0.1 20 0 0 5137 0.0 30 0 0 120 73.2 59.6 59.6
5137 0.1 20 0 0 5137 0.0 30 0 0 150 76.7 61.6 61.6
5137 0.1 20 0 0 5137 0.0 30 0 0 180 76.7 61.7 61.7
5137 0.1 20 0 0 5137 0.0 40 0 0 0 40.6 36.1 36.1
5137 0.1 20 0 0 5137 0.0 40 0 0 30 47.7 41.0 41.0
5137 0.1 20 0 0 5137 0.0 40 0 0 60 56.0 47.3 47.3
5137 0.1 20 0 0 5137 0.0 40 0 0 90 64.4 53.4 53.4
5137 0.1 20 0 0 5137 0.0 40 0 0 120 72.7 58.6 58.6
5137 0.1 20 0 0 5137 0.0 40 0 0 150 76.0 61.4 61.4
5137 0.1 20 0 0 5137 0.0 40 0 0 180 76.0 61.5 61.5
5137 0.1 20 0 0 5137 0.0 50 0 0 0 40.5 37.9 37.9
5137 0.1 20 0 0 5137 0.0 50 0 0 30 47.0 41.7 41.7
5137 0.1 20 0 0 5137 0.0 50 0 0 60 55.3 47.5 47.5
5137 0.1 20 0 0 5137 0.0 50 0 0 90 63.6 53.4 53.4
5137 0.1 20 0 0 5137 0.0 50 0 0 120 71.7 58.6 58.6
5137 0.1 20 0 0 5137 0.0 50 0 0 150 74.8 61.8 61.8
5137 0.1 20 0 0 5137 0.0 50 0 0 180 74.8 62.4 62.4
5137 0.1 20 0 0 5137 0.0 60 0 0 0 40.8 40.2 40.2
5137 0.1 20 0 0 5137 0.0 60 0 0 30 45.9 43.4 43.4
5137 0.1 20 0 0 5137 0.0 60 0 0 60 54.2 48.4 48.4
5137 0.1 20 0 0 5137 0.0 60 0 0 90 62.6 54.0 54.0
5137 0.1 20 0 0 5137 0.0 60 0 0 120 69.8 59.2 59.2
5137 0.1 20 0 0 5137 0.0 60 0 0 150 72.8 62.6 62.6
5137 0.1 20 0 0 5137 0.0 60 0 0 180 73.0 64.2 64.2
5137 0.1 20 0 0 5137 0.1 0 0 0 0 40.6 37.8 37.8
5137 0.1 20 0 0 5137 0.1 0 0 0 30 47.5 41.7 41.7
5137 0.1 20 0 0 5137 0.1 0 0 0 60 54.6 48.8 48.8
5137 0.1 20 0 0 5137 0.1 0 0 0 90 62.5 56.6 56.6
5137 0.1 20 0 0 5137 0.1 0 0 0 120 71.1 64.0 64.0
5137 0.1 20 0 0 5137 0.1 0 0 0 150 76.6 66.0 66.0
5137 0.1 20 0 0 5137 0.1 0 0 0 180 77.5 66.1 66.1
5137 0.1 20 0 0 5137 0.1 10 0 0 0 40.5 35.7 35.7
5137 0.1 20 0 0 5137 0.1 10 0 0 30 47.4 41.4 41.4
5137 0.1 20 0 0 5137 0.1 10 0 0 60 54.5 48.6 48.6
5137 0.1 20 0 0 5137 0.1 10 0 0 90 62.3 56.4 56.4
5137 0.1 20 0 0 5137 0.1 10 0 0 120 71.0 63.0 63.0
5137 0.1 20 0 0 5137 0.1 10 0 0 150 76.5 65.8 65.8
5137 0.1 20 0 0 5137 0.1 10 0 0 180 77.5 65.8 65.8
5137 0.1 20 0 0 5137 0.1 20 0 0 0 40.2 33.9 33.9
5137 0.1 20 0 0 5137 0.1 20 0 0 30 47.1 40.7 40.7
5137 0.1 20 0 0 5137 0.1 20 0 0 60 54.3 47.9 47.9
5137 0.1 20 0 0 5137 0.1 20 0 0 90 62.1 55.0 55.0
5137 0.1 20 0 0 5137 0.1 20 0 0 120 70.7 61.0 61.0
5137 0.1 20 0 0 5137 0.1 20 0 0 150 76.3 64.5 64.5
5137 0.1 20 0 0 5137 0.1 20 0 0 180 77.2 64.6 64.6
5137 0.1 20 0 0 5137 0.1 30 0 0 0 39.9 34.2 34.2
5137 0.1 20 0 0 5137 0.1 30 0 0 30 46.8 39.0 39.0
5137 0.1 20 0 0 5137 0.1 30 0 0 60 53.9 45.0 45.0
5137 0.1 20 0 0 5137 0.1 30 0 0 90 61.7 51.2 51.2
5137 0.1 20 0 0 5137 0.1 30 0 0 120 70.4 57.0 57.0
5137 0.1 20 0 0 5137 0.1 30 0 0 150 75.9 61.0 61.0
5137 0.1 20 0 0 5137 0.1 30 0 0 180 76.7 61.5 61.5
5137 0.1 20 0 0 5137 0.1 40 0 0 0 39.6 35.8 35.8
5137 0.1 20 0 0 5137 0.1 40 0 0 30 46.2 39.1 39.1
5137 0.1 20 0 0 5137 0.1 40 0 0 60 53.4 44.5 44.5
5137 0.1 20 0 0 5137 0.1 40 0 0 90 61.2 50.3 50.3
5137 0.1 20 0 0 5137 0.1 40 0 0 120 69.8 55.9 55.9
5137 0.1 20 0 0 5137 0.1 40 0 0 150 75.1 60.2 60.2
5137 0.1 20 0 0 5137 0.1 40 0 0 180 76.0 61.3 61.3
5137 0.1 20 0 0 5137 0.1 50 0 0 0 39.8 37.6 37.6
5137 0.1 20 0 0 5137 0.1 50 0 0 30 45.5 40.1 40.1
5137 0.1 20 0 0 5137 0.1 50 0 0 60 52.7 44.7 44.7
5137 0.1 20 0 0 5137 0.1 50 0 0 90 60.5 50.2 50.2
5137 0.1 20 0 0 5137 0.1 50 0 0 120 69.1 55.8 55.8
5137 0.1 20 0 0 5137 0.1 50 0 0 150 73.9 60.2 60.2
5137 0.1 20 0 0 5137 0.1 50 0 0 180 74.8 62.2 62.2
5137 0.1 20 0 0 5137 0.1 60 0 0 0 40.3 39.9 39.9
5137 0.1 20 0 0 5137 0.1 60 0 0 30 44.7 42.1 42.1
5137 0.1 20 0 0 5137 0.1 60 0 0 60 51.6 46.0 46.0
5137 0.1 20 0 0 5137 0.1 60 0 0 90 59.4 50.8 50.8
5137 0.1 20 0 0 5137 0.1 60 0 0 120 67.7 56.2 56.2
5137 0.1 20 0 0 5137 0.1 60 0 0 150 71.9 60.8 60.8
5137 0.1 20 0 0 5137 0.1 60 0 0 180 73.0 63.6 63.6
5137 0.1 20 0 0 5137 0.2 0 0 0 0 41.3 37.7 37.7
5137 0.1 20 0 0 5137 0.2 0 0 0 30 46.2 40.5 40.5
5137 0.1 20 0 0 5137 0.2 0 0 0 60 52.2 46.3 46.3
5137 0.1 20 0 0 5137 0.2 0 0 0 90 59.3 53.4 53.4
5137 0.1 20 0 0 5137 0.2 0 0 0 120 68.0 61.3 61.3
5137 0.1 20 0 0 5137 0.2 0 0 0 150 74.8 65.8 65.8
5137 0.1 20 0 0 5137 0.2 0 0 0 180 77.6 65.8 65.8
5137 0.1 20 0 0 5137 0.2 10 0 0 0 41.2 35.8 35.8
5137 0.1 20 0 0 5137 0.2 10 0 0 30 46.1 40.0 40.0
5137 0.1 20 0 0 5137 0.2 10 0 0 60 52.1 46.1 46.1
5137 0.1 20 0 0 5137 0.2 10 0 0 90 59.2 53.2 53.2
5137 0.1 20 0 0 5137 0.2 10 0 0 120 67.9 60.3 60.3
5137 0.1 20 0 0 5137 0.2 10 0 0 150 74.8 65.1 65.1
5137 0.1 20 0 0 5137 0.2 10 0 0 180 77.5 65.6 65.6
5137 0.1 20 0 0 5137 0.2 20 0 0 0 41.1 34.6 34.6
5137 0.1 20 0 0 5137 0.2 20 0 0 30 45.8 39.3 39.3
5137 0.1 20 0 0 5137 0.2 20 0 0 60 51.9 45.3 45.3
5137 0.1 20 0 0 5137 0.2 20 0 0 90 59.0 51.8 51.8
5137 0.1 20 0 0 5137 0.2 20 0 0 120 67.7 58.1 58.1
5137 0.1 20 0 0 5137 0.2 20 0 0 150 74.6 63.2 63.2
5137 0.1 20 0 0 5137 0.2 20 0 0 180 77.2 64.4 64.4
5137 0.1 20 0 0 5137 0.2 30 0 0 0 40.9 34.2 34.2
5137 0.1 20 0 0 5137 0.2 30 0 0 30 45.5 37.5 37.5
5137 0.1 20 0 0 5137 0.2 30 0 0 60 51.5 42.5 42.5
5137 0.1 20 0 0 5137 0.2 30 0 0 90 58.6 48.2 48.2
5137 0.1 20 0 0 5137 0.2 30 0 0 120 67.3 54.3 54.3
5137 0.1 20 0 0 5137 0.2 30 0 0 150 74.2 59.5 59.5
5137 0.1 20 0 0 5137 0.2 30 0 0 180 76.7 61.4 61.4
5137 0.1 20 0 0 5137 0.2 40 0 0 0 40.9 35.6 35.6
5137 0.1 20 0 0 5137 0.2 40 0 0 30 44.9 37.8 37.8
5137 0.1 20 0 0 5137 0.2 40 0 0 60 51.0 42.0 42.0
5137 0.1 20 0 0 5137 0.2 40 0 0 90 58.1 47.3 47.3
5137 0.1 20 0 0 5137 0.2 40 0 0 120 66.8 53.1 53.1
5137 0.1 20 0 0 5137 0.2 40 0 0 150 73.5 58.6 58.6
5137 0.1 20 0 0 5137 0.2 40 0 0 180 76.0 61.3 61.3
5137 0.1 20 0 0 5137 0.2 50 0 0 0 40.8 37.3 37.3
5137 0.1 20 0 0 5137 0.2 50 0 0 30 44.5 39.1 39.1
5137 0.1 20 0 0 5137 0.2 50 0 0 60 50.2 42.4 42.4
5137 0.1 20 0 0 5137 0.2 50 0 0 90 57.3 47.2 47.2
5137 0.1 20 0 0 5137 0.2 50 0 0 120 66.1 52.9 52.9
5137 0.1 20 0 0 5137 0.2 50 0 0 150 72.4 58.5 58.5
5137 0.1 20 0 0 5137 0.2 50 0 0 180 74.8 62.1 62.1
5137 0.1 20 0 0 5137 0.2 60 0 0 0 41.1 39.4 39.4
5137 0.1 20 0 0 5137 0.2 60 0 0 30 44.2 41.0 41.0
5137 0.1 20 0 0 5137 0.2 60 0 0 60 49.3 43.9 43.9
5137 0.1 20 0 0 5137 0.2 60 0 0 90 56.3 48.0 48.0
5137 0.1 20 0 0 5137 0.2 60 0 0 120 64.8 53.2 53.2
5137 0.1 20 0 0 5137 0.2 60 0 0 150 70.5 58.9 58.9
5137 0.1 20 0 0 5137 0.2 60 0 0 180 72.8 62.8 62.8
5137 0.1 20 0 0 5137 0.3 0 0 0 0 43.2 38.0 38.0
5137 0.1 20 0 0 5137 0.3 0 0 0 30 45.2 40.5 40.5
5137 0.1 20 0 0 5137 0.3 0 0 0 60 50.0 44.1 44.1
5137 0.1 20 0 0 5137 0.3 0 0 0 90 56.3 50.2 50.2
5137 0.1 20 0 0 5137 0.3 0 0 0 120 64.8 58.2 58.2
5137 0.1 20 0 0 5137 0.3 0 0 0 150 72.7 64.5 64.5
5137 0.1 20 0 0 5137 0.3 0 0 0 180 77.1 64.9 64.9
5137 0.1 20 0 0 5137 0.3 10 0 0 0 43.1 37.1 37.1
5137 0.1 20 0 0 5137 0.3 10 0 0 30 45.0 39.5 39.5
5137 0.1 20 0 0 5137 0.3 10 0 0 60 49.9 43.7 43.7
5137 0.1 20 0 0 5137 0.3 10 0 0 90 56.1 50.0 50.0
5137 0.1 20 0 0 5137 0.3 10 0 0 120 64.7 57.1 57.1
5137 0.1 20 0 0 5137 0.3 10 0 0 150 72.7 63.4 63.4
5137 0.1 20 0 0 5137 0.3 10 0 0 180 77.0 65.2 65.2
5137 0.1 20 0 0 5137 0.3 20 0 0 0 43.1 36.4 36.4
5137 0.1 20 0 0 5137 0.3 20 0 0 30 44.9 38.2 38.2
5137 0.1 20 0 0 5137 0.3 20 0 0 60 49.6 42.9 42.9
5137 0.1 20 0 0 5137 0.3 20 0 0 90 55.9 48.4 48.4
5137 0.1 20 0 0 5137 0.3 20 0 0 120 64.4 54.9 54.9
5137 0.1 20 0 0 5137 0.3 20 0 0 150 72.5 61.2 61.2
5137 0.1 20 0 0 5137 0.3 20 0 0 180 76.7 64.0 64.0
5137 0.1 20 0 0 5137 0.3 30 0 0 0 43.0 35.5 35.5
5137 0.1 20 0 0 5137 0.3 30 0 0 30 44.7 36.7 36.7
5137 0.1 20 0 0 5137 0.3 30 0 0 60 49.3 40.3 40.3
5137 0.1 20 0 0 5137 0.3 30 0 0 90 55.5 45.3 45.3
5137 0.1 20 0 0 5137 0.3 30 0 0 120 64.1 51.4 51.4
5137 0.1 20 0 0 5137 0.3 30 0 0 150 72.1 57.9 57.9
5137 0.1 20 0 0 5137 0.3 30 0 0 180 76.2 61.5 61.5
5137 0.1 20 0 0 5137 0.3 40 0 0 0 42.9 36.2 36.2
5137 0.1 20 0 0 5137 0.3 40 0 0 30 44.6 37.3 37.3
5137 0.1 20 0 0 5137 0.3 40 0 0 60 48.7 40.0 40.0
5137 0.1 20 0 0 5137 0.3 40 0 0 90 55.0 44.4 44.4
5137 0.1 20 0 0 5137 0.3 40 0 0 120 63.5 50.4 50.4
5137 0.1 20 0 0 5137 0.3 40 0 0 150 71.4 56.9 56.9
5137 0.1 20 0 0 5137 0.3 40 0 0 180 75.3 61.3 61.3
5137 0.1 20 0 0 5137 0.3 50 0 0 0 42.8 37.5 37.5
5137 0.1 20 0 0 5137 0.3 50 0 0 30 44.5 38.5 38.5
5137 0.1 20 0 0 5137 0.3 50 0 0 60 48.2 40.7 40.7
5137 0.1 20 0 0 5137 0.3 50 0 0 90 54.3 44.4 44.4
5137 0.1 20 0 0 5137 0.3 50 0 0 120 62.8 50.0 50.0
5137 0.1 20 0 0 5137 0.3 50 0 0 150 70.4 56.5 56.5
5137 0.1 20 0 0 5137 0.3 50 0 0 180 74.0 61.5 61.5
5137 0.1 20 0 0 5137 0.3 60 0 0 0 42.9 39.4 39.4
5137 0.1 20 0 0 5137 0.3 60 0 0 30 44.5 40.3 40.3
5137 0.1 20 0 0 5137 0.3 60 0 0 60 47.9 42.3 42.3
5137 0.1 20 0 0 5137 0.3 60 0 0 90 53.3 45.5 45.5
5137 0.1 20 0 0 5137 0.3 60 0 0 120 61.5 50.3 50.3
5137 0.1 20 0 0 5137 0.3 60 0 0 150 68.5 56.7 56.7
5137 0.1 20 0 0 5137 0.3 60 0 0 180 71.8 62.0 62.0
5137 0.1 20 0 0 5137 0.4 0 0 0 0 45.2 39.2 39.2
5137 0.1 20 0 0 5137 0.4 0 0 0 30 46.0 40.8 40.8
5137 0.1 20 0 0 5137 0.4 0 0 0 60 48.1 43.3 43.3
5137 0.1 20 0 0 5137 0.4 0 0 0 90 53.3 47.3 47.3
5137 0.1 20 0 0 5137 0.4 0 0 0 120 61.4 54.6 54.6
5137 0.1 20 0 0 5137 0.4 0 0 0 150 70.3 62.2 62.2
5137 0.1 20 0 0 5137 0.4 0 0 0 180 75.7 63.8 63.8
5137 0.1 20 0 0 5137 0.4 10 0 0 0 45.2 38.9 38.9
5137 0.1 20 0 0 5137 0.4 10 0 0 30 46.0 39.9 39.9
5137 0.1 20 0 0 5137 0.4 10 0 0 60 48.0 42.4 42.4
5137 0.1 20 0 0 5137 0.4 10 0 0 90 53.2 46.8 46.8
5137 0.1 20 0 0 5137 0.4 10 0 0 120 61.3 53.5 53.5
5137 0.1 20 0 0 5137 0.4 10 0 0 150 70.2 61.0 61.0
5137 0.1 20 0 0 5137 0.4 10 0 0 180 75.6 64.2 64.2
5137 0.1 20 0 0 5137 0.4 20 0 0 0 45.2 38.2 38.2
5137 0.1 20 0 0 5137 0.4 20 0 0 30 46.0 38.8 38.8
5137 0.1 20 0 0 5137 0.4 20 0 0 60 47.9 40.5 40.5
5137 0.1 20 0 0 5137 0.4 20 0 0 90 53.0 44.8 44.8
5137 0.1 20 0 0 5137 0.4 20 0 0 120 61.0 51.0 51.0
5137 0.1 20 0 0 5137 0.4 20 0 0 150 70.0 58.4 58.4
5137 0.1 20 0 0 5137 0.4 20 0 0 180 75.3 63.1 63.1
5137 0.1 20 0 0 5137 0.4 30 0 0 0 45.1 37.5 37.5
5137 0.1 20 0 0 5137 0.4 30 0 0 30 45.9 37.6 37.6
5137 0.1 20 0 0 5137 0.4 30 0 0 60 47.8 38.8 38.8
5137 0.1 20 0 0 5137 0.4 30 0 0 90 52.6 42.5 42.5
5137 0.1 20 0 0 5137 0.4 30 0 0 120 60.6 48.5 48.5
5137 0.1 20 0 0 5137 0.4 30 0 0 150 69.6 55.9 55.9
5137 0.1 20 0 0 5137 0.4 30 0 0 180 74.8 61.6 61.6
5137 0.1 20 0 0 5137 0.4 40 0 0 0 45.1 37.6 37.6
5137 0.1 20 0 0 5137 0.4 40 0 0 30 45.9 37.7 37.7
5137 0.1 20 0 0 5137 0.4 40 0 0 60 47.6 39.0 39.0
5137 0.1 20 0 0 5137 0.4 40 0 0 90 52.0 42.0 42.0
5137 0.1 20 0 0 5137 0.4 40 0 0 120 60.1 47.5 47.5
5137 0.1 20 0 0 5137 0.4 40 0 0 150 68.9 54.9 54.9
5137 0.1 20 0 0 5137 0.4 40 0 0 180 73.9 61.1 61.1
5137 0.1 20 0 0 5137 0.4 50 0 0 0 45.1 38.5 38.5
5137 0.1 20 0 0 5137 0.4 50 0 0 30 45.9 38.5 38.5
5137 0.1 20 0 0 5137 0.4 50 0 0 60 47.6 39.8 39.8
5137 0.1 20 0 0 5137 0.4 50 0 0 90 51.6 42.5 42.5
5137 0.1 20 0 0 5137 0.4 50 0 0 120 59.3 47.1 47.1
5137 0.1 20 0 0 5137 0.4 50 0 0 150 67.9 54.4 54.4
5137 0.1 20 0 0 5137 0.4 50 0 0 180 72.6 60.9 60.9
5137 0.1 20 0 0 5137 0.4 60 0 0 0 45.1 39.8 39.8
5137 0.1 20 0 0 5137 0.4 60 0 0 30 45.9 39.9 39.9
5137 0.1 20 0 0 5137 0.4 60 0 0 60 47.6 41.1 41.1
5137 0.1 20 0 0 5137 0.4 60 0 0 90 51.2 43.5 43.5
5137 0.1 20 0 0 5137 0.4 60 0 0 120 58.0 47.7 47.7
5137 0.1 20 0 0 5137 0.4 60 0 0 150 66.0 54.3 54.3
5137 0.1 20 0 0 5137 0.4 60 0 0 180 70.2 61.2 61.2
5137 0.1 20 0 0 5137 0.5 0 0 0 0 47.4 41.0 41.0
5137 0.1 20 0 0 5137 0.5 0 0 0 30 47.8 41.6 41.6
5137 0.1 20 0 0 5137 0.5 0 0 0 60 48.6 43.0 43.0
5137 0.1 20 0 0 5137 0.5 0 0 0 90 50.9 45.9 45.9
5137 0.1 20 0 0 5137 0.5 0 0 0 120 57.8 50.9 50.9
5137 0.1 20 0 0 5137 0.5 0 0 0 150 67.4 59.2 59.2
5137 0.1 20 0 0 5137 0.5 0 0 0 180 74.0 62.4 62.4
5137 0.1 20 0 0 5137 0.5 10 0 0 0 47.4 40.9 40.9
5137 0.1 20 0 0 5137 0.5 10 0 0 30 47.8 41.3 41.3
5137 0.1 20 0 0 5137 0.5 10 0 0 60 48.6 42.3 42.3
5137 0.1 20 0 0 5137 0.5 10 0 0 90 50.8 44.7 44.7
5137 0.1 20 0 0 5137 0.5 10 0 0 120 57.7 49.5 49.5
5137 0.1 20 0 0 5137 0.5 10 0 0 150 67.4 57.9 57.9
5137 0.1 20 0 0 5137 0.5 10 0 0 180 73.9 62.7 62.7
5137 0.1 20 0 0 5137 0.5 20 0 0 0 47.4 40.2 40.2
5137 0.1 20 0 0 5137 0.5 20 0 0 30 47.7 40.3 40.3
5137 0.1 20 0 0 5137 0.5 20 0 0 60 48.6 40.8 40.8
5137 0.1 20 0 0 5137 0.5 20 0 0 90 50.7 42.2 42.2
5137 0.1 20 0 0 5137 0.5 20 0 0 120 57.4 47.2 47.2
5137 0.1 20 0 0 5137 0.5 20 0 0 150 67.2 55.5 55.5
5137 0.1 20 0 0 5137 0.5 20 0 0 180 73.6 61.8 61.8
5137 0.1 20 0 0 5137 0.5 30 0 0 0 47.4 39.5 39.5
5137 0.1 20 0 0 5137 0.5 30 0 0 30 47.7 39.5 39.5
5137 0.1 20 0 0 5137 0.5 30 0 0 60 48.6 39.8 39.8
5137 0.1 20 0 0 5137 0.5 30 0 0 90 50.6 40.9 40.9
5137 0.1 20 0 0 5137 0.5 30 0 0 120 57.0 45.5 45.5
5137 0.1 20 0 0 5137 0.5 30 0 0 150 66.7 53.8 53.8
5137 0.1 20 0 0 5137 0.5 30 0 0 180 73.0 61.3 61.3
5137 0.1 20 0 0 5137 0.5 40 0 0 0 47.4 39.5 39.5
5137 0.1 20 0 0 5137 0.5 40 0 0 30 47.7 39.4 39.4
5137 0.1 20 0 0 5137 0.5 40 0 0 60 48.6 39.5 39.5
5137 0.1 20 0 0 5137 0.5 40 0 0 90 50.5 40.7 40.7
5137 0.1 20 0 0 5137 0.5 40 0 0 120 56.5 44.7 44.7
5137 0.1 20 0 0 5137 0.5 40 0 0 150 66.0 52.8 52.8
5137 0.1 20 0 0 5137 0.5 40 0 0 180 72.2 60.9 60.9
5137 0.1 20 0 0 5137 0.5 50 0 0 0 47.4 39.9 39.9
5137 0.1 20 0 0 5137 0.5 50 0 0 30 47.8 39.7 39.7
5137 0.1 20 0 0 5137 0.5 50 0 0 60 48.6 39.9 39.9
5137 0.1 20 0 0 5137 0.5 50 0 0 90 50.5 41.1 41.1
5137 0.1 20 0 0 5137 0.5 50 0 0 120 55.9 44.8 44.8
5137 0.1 20 0 0 5137 0.5 50 0 0 150 65.0 52.2 52.2
5137 0.1 20 0 0 5137 0.5 50 0 0 180 70.7 60.6 60.6
5137 0.1 20 0 0 5137 0.5 60 0 0 0 47.4 40.7 40.7
5137 0.1 20 0 0 5137 0.5 60 0 0 30 47.8 40.5 40.5
5137 0.1 20 0 0 5137 0.5 60 0 0 60 48.7 40.8 40.8
5137 0.1 20 0 0 5137 0.5 60 0 0 90 50.5 41.9 41.9
5137 0.1 20 0 0 5137 0.5 60 0 0 120 55.2 45.3 45.3
5137 0.1 20 0 0 5137 0.5 60 0 0 150 63.0 52.0 52.0
5137 0.1 20 0 0 5137 0.5 60 0 0 180 68.1 60.5 60.5
