5337 0.1 50 0 0 4737 0.0 0 0 0 0 60.7 53.2 53.2
5337 0.1 50 0 0 4737 0.0 0 0 0 30 60.8 53.4 53.4
5337 0.1 50 0 0 4737 0.0 0 0 0 60 60.9 53.4 53.4
5337 0.1 50 0 0 4737 0.0 0 0 0 90 60.9 53.4 53.4
5337 0.1 50 0 0 4737 0.0 0 0 0 120 60.9 53.4 53.4
5337 0.1 50 0 0 4737 0.0 0 0 0 150 60.8 53.5 53.5
5337 0.1 50 0 0 4737 0.0 0 0 0 180 60.8 53.4 53.4
5337 0.1 50 0 0 4737 0.0 10 0 0 0 60.7 52.6 52.6
5337 0.1 50 0 0 4737 0.0 10 0 0 30 60.7 52.9 52.9
5337 0.1 50 0 0 4737 0.0 10 0 0 60 60.9 52.8 52.8
5337 0.1 50 0 0 4737 0.0 10 0 0 90 60.8 52.9 52.9
5337 0.1 50 0 0 4737 0.0 10 0 0 120 60.8 52.9 52.9
5337 0.1 50 0 0 4737 0.0 10 0 0 150 60.8 52.9 52.9
5337 0.1 50 0 0 4737 0.0 10 0 0 180 60.7 52.9 52.9
5337 0.1 50 0 0 4737 0.0 20 0 0 0 60.5 51.1 51.1
5337 0.1 50 0 0 4737 0.0 20 0 0 30 60.6 51.4 51.4
5337 0.1 50 0 0 4737 0.0 20 0 0 60 60.7 51.2 51.2
5337 0.1 50 0 0 4737 0.0 20 0 0 90 60.6 51.4 51.4
5337 0.1 50 0 0 4737 0.0 20 0 0 120 60.6 51.4 51.4
5337 0.1 50 0 0 4737 0.0 20 0 0 150 60.6 51.4 51.4
5337 0.1 50 0 0 4737 0.0 20 0 0 180 60.5 51.5 51.5
5337 0.1 50 0 0 4737 0.0 30 0 0 0 60.1 48.0 48.0
5337 0.1 50 0 0 4737 0.0 30 0 0 30 60.2 48.4 48.4
5337 0.1 50 0 0 4737 0.0 30 0 0 60 60.3 48.1 48.1
5337 0.1 50 0 0 4737 0.0 30 0 0 90 60.3 48.4 48.4
5337 0.1 50 0 0 4737 0.0 30 0 0 120 60.3 48.4 48.4
5337 0.1 50 0 0 4737 0.0 30 0 0 150 60.2 48.5 48.5
5337 0.1 50 0 0 4737 0.0 30 0 0 180 60.2 48.7 48.7
5337 0.1 50 0 0 4737 0.0 40 0 0 0 59.6 47.9 47.9
5337 0.1 50 0 0 4737 0.0 40 0 0 30 59.7 48.3 48.3
5337 0.1 50 0 0 4737 0.0 40 0 0 60 59.8 48.0 48.0
5337 0.1 50 0 0 4737 0.0 40 0 0 90 59.7 48.2 48.2
5337 0.1 50 0 0 4737 0.0 40 0 0 120 59.7 48.3 48.3
5337 0.1 50 0 0 4737 0.0 40 0 0 150 59.7 48.4 48.4
5337 0.1 50 0 0 4737 0.0 40 0 0 180 59.7 48.7 48.7
5337 0.1 50 0 0 4737 0.0 50 0 0 0 58.7 48.7 48.7
5337 0.1 50 0 0 4737 0.0 50 0 0 30 58.8 48.9 48.9
5337 0.1 50 0 0 4737 0.0 50 0 0 60 59.0 48.8 48.8
5337 0.1 50 0 0 4737 0.0 50 0 0 90 58.8 48.9 48.9
5337 0.1 50 0 0 4737 0.0 50 0 0 120 59.0 49.0 49.0
5337 0.1 50 0 0 4737 0.0 50 0 0 150 58.8 49.0 49.0
5337 0.1 50 0 0 4737 0.0 50 0 0 180 58.8 49.3 49.3
5337 0.1 50 0 0 4737 0.0 60 0 0 0 57.3 50.1 50.1
5337 0.1 50 0 0 4737 0.0 60 0 0 30 57.4 50.3 50.3
5337 0.1 50 0 0 4737 0.0 60 0 0 60 57.6 50.3 50.3
5337 0.1 50 0 0 4737 0.0 60 0 0 90 57.3 50.3 50.3
5337 0.1 50 0 0 4737 0.0 60 0 0 120 57.6 50.4 50.4
5337 0.1 50 0 0 4737 0.0 60 0 0 150 57.3 50.5 50.5
5337 0.1 50 0 0 4737 0.0 60 0 0 180 57.4 50.6 50.6
5337 0.1 50 0 0 4737 0.1 0 0 0 0 60.5 52.8 52.8
5337 0.1 50 0 0 4737 0.1 0 0 0 30 60.7 53.0 53.0
5337 0.1 50 0 0 4737 0.1 0 0 0 60 60.6 53.0 53.0
5337 0.1 50 0 0 4737 0.1 0 0 0 90 60.7 52.9 52.9
5337 0.1 50 0 0 4737 0.1 0 0 0 120 60.7 53.1 53.1
5337 0.1 50 0 0 4737 0.1 0 0 0 150 60.6 53.0 53.0
5337 0.1 50 0 0 4737 0.1 0 0 0 180 60.6 53.0 53.0
5337 0.1 50 0 0 4737 0.1 10 0 0 0 60.4 52.2 52.2
5337 0.1 50 0 0 4737 0.1 10 0 0 30 60.6 52.5 52.5
5337 0.1 50 0 0 4737 0.1 10 0 0 60 60.6 52.5 52.5
5337 0.1 50 0 0 4737 0.1 10 0 0 90 60.6 52.3 52.3
5337 0.1 50 0 0 4737 0.1 10 0 0 120 60.6 52.6 52.6
5337 0.1 50 0 0 4737 0.1 10 0 0 150 60.5 52.4 52.4
5337 0.1 50 0 0 4737 0.1 10 0 0 180 60.5 52.6 52.6
5337 0.1 50 0 0 4737 0.1 20 0 0 0 60.2 50.7 50.7
5337 0.1 50 0 0 4737 0.1 20 0 0 30 60.5 50.9 50.9
5337 0.1 50 0 0 4737 0.1 20 0 0 60 60.4 50.9 50.9
5337 0.1 50 0 0 4737 0.1 20 0 0 90 60.4 50.8 50.8
5337 0.1 50 0 0 4737 0.1 20 0 0 120 60.5 51.0 51.0
5337 0.1 50 0 0 4737 0.1 20 0 0 150 60.3 51.0 51.0
5337 0.1 50 0 0 4737 0.1 20 0 0 180 60.4 51.1 51.1
5337 0.1 50 0 0 4737 0.1 30 0 0 0 59.9 47.7 47.7
5337 0.1 50 0 0 4737 0.1 30 0 0 30 60.1 47.9 47.9
5337 0.1 50 0 0 4737 0.1 30 0 0 60 60.0 47.8 47.8
5337 0.1 50 0 0 4737 0.1 30 0 0 90 60.1 47.8 47.8
5337 0.1 50 0 0 4737 0.1 30 0 0 120 60.1 48.0 48.0
5337 0.1 50 0 0 4737 0.1 30 0 0 150 60.0 48.1 48.1
5337 0.1 50 0 0 4737 0.1 30 0 0 180 60.0 48.3 48.3
5337 0.1 50 0 0 4737 0.1 40 0 0 0 59.3 47.7 47.7
5337 0.1 50 0 0 4737 0.1 40 0 0 30 59.6 47.9 47.9
5337 0.1 50 0 0 4737 0.1 40 0 0 60 59.5 47.7 47.7
5337 0.1 50 0 0 4737 0.1 40 0 0 90 59.5 47.7 47.7
5337 0.1 50 0 0 4737 0.1 40 0 0 120 59.6 48.0 48.0
5337 0.1 50 0 0 4737 0.1 40 0 0 150 59.4 48.0 48.0
5337 0.1 50 0 0 4737 0.1 40 0 0 180 59.5 48.2 48.2
5337 0.1 50 0 0 4737 0.1 50 0 0 0 58.4 48.5 48.5
5337 0.1 50 0 0 4737 0.1 50 0 0 30 58.8 48.6 48.6
5337 0.1 50 0 0 4737 0.1 50 0 0 60 58.7 48.5 48.5
5337 0.1 50 0 0 4737 0.1 50 0 0 90 58.6 48.5 48.5
5337 0.1 50 0 0 4737 0.1 50 0 0 120 58.7 48.7 48.7
5337 0.1 50 0 0 4737 0.1 50 0 0 150 58.5 48.7 48.7
5337 0.1 50 0 0 4737 0.1 50 0 0 180 58.6 48.8 48.8
5337 0.1 50 0 0 4737 0.1 60 0 0 0 57.0 49.7 49.7
5337 0.1 50 0 0 4737 0.1 60 0 0 30 57.3 49.7 49.7
5337 0.1 50 0 0 4737 0.1 60 0 0 60 57.3 49.7 49.7
5337 0.1 50 0 0 4737 0.1 60 0 0 90 57.2 49.9 49.9
5337 0.1 50 0 0 4737 0.1 60 0 0 120 57.2 50.0 50.0
5337 0.1 50 0 0 4737 0.1 60 0 0 150 57.1 50.2 50.2
5337 0.1 50 0 0 4737 0.1 60 0 0 180 57.2 50.2 50.2
5337 0.1 50 0 0 4737 0.2 0 0 0 0 60.3 52.3 52.3
5337 0.1 50 0 0 4737 0.2 0 0 0 30 60.5 52.5 52.5
5337 0.1 50 0 0 4737 0.2 0 0 0 60 60.5 52.6 52.6
5337 0.1 50 0 0 4737 0.2 0 0 0 90 60.4 52.5 52.5
5337 0.1 50 0 0 4737 0.2 0 0 0 120 60.6 52.7 52.7
5337 0.1 50 0 0 4737 0.2 0 0 0 150 60.3 52.6 52.6
5337 0.1 50 0 0 4737 0.2 0 0 0 180 60.4 52.6 52.6
5337 0.1 50 0 0 4737 0.2 10 0 0 0 60.2 51.8 51.8
5337 0.1 50 0 0 4737 0.2 10 0 0 30 60.4 51.9 51.9
5337 0.1 50 0 0 4737 0.2 10 0 0 60 60.4 52.0 52.0
5337 0.1 50 0 0 4737 0.2 10 0 0 90 60.4 51.9 51.9
5337 0.1 50 0 0 4737 0.2 10 0 0 120 60.5 52.1 52.1
5337 0.1 50 0 0 4737 0.2 10 0 0 150 60.2 52.0 52.0
5337 0.1 50 0 0 4737 0.2 10 0 0 180 60.3 52.1 52.1
5337 0.1 50 0 0 4737 0.2 20 0 0 0 60.0 50.2 50.2
5337 0.1 50 0 0 4737 0.2 20 0 0 30 60.2 50.3 50.3
5337 0.1 50 0 0 4737 0.2 20 0 0 60 60.2 50.4 50.4
5337 0.1 50 0 0 4737 0.2 20 0 0 90 60.1 50.3 50.3
5337 0.1 50 0 0 4737 0.2 20 0 0 120 60.3 50.4 50.4
5337 0.1 50 0 0 4737 0.2 20 0 0 150 60.0 50.5 50.5
5337 0.1 50 0 0 4737 0.2 20 0 0 180 60.1 50.5 50.5
5337 0.1 50 0 0 4737 0.2 30 0 0 0 59.6 47.6 47.6
5337 0.1 50 0 0 4737 0.2 30 0 0 30 59.9 47.6 47.6
5337 0.1 50 0 0 4737 0.2 30 0 0 60 59.9 47.6 47.6
5337 0.1 50 0 0 4737 0.2 30 0 0 90 59.7 47.7 47.7
5337 0.1 50 0 0 4737 0.2 30 0 0 120 60.0 47.6 47.6
5337 0.1 50 0 0 4737 0.2 30 0 0 150 59.6 47.8 47.8
5337 0.1 50 0 0 4737 0.2 30 0 0 180 59.8 47.8 47.8
5337 0.1 50 0 0 4737 0.2 40 0 0 0 59.0 47.6 47.6
5337 0.1 50 0 0 4737 0.2 40 0 0 30 59.4 47.6 47.6
5337 0.1 50 0 0 4737 0.2 40 0 0 60 59.3 47.5 47.5
5337 0.1 50 0 0 4737 0.2 40 0 0 90 59.2 47.6 47.6
5337 0.1 50 0 0 4737 0.2 40 0 0 120 59.5 47.7 47.7
5337 0.1 50 0 0 4737 0.2 40 0 0 150 59.0 47.8 47.8
5337 0.1 50 0 0 4737 0.2 40 0 0 180 59.3 47.7 47.7
5337 0.1 50 0 0 4737 0.2 50 0 0 0 58.2 48.3 48.3
5337 0.1 50 0 0 4737 0.2 50 0 0 30 58.6 48.3 48.3
5337 0.1 50 0 0 4737 0.2 50 0 0 60 58.5 48.2 48.2
5337 0.1 50 0 0 4737 0.2 50 0 0 90 58.3 48.2 48.2
5337 0.1 50 0 0 4737 0.2 50 0 0 120 58.6 48.4 48.4
5337 0.1 50 0 0 4737 0.2 50 0 0 150 58.2 48.5 48.5
5337 0.1 50 0 0 4737 0.2 50 0 0 180 58.5 48.5 48.5
5337 0.1 50 0 0 4737 0.2 60 0 0 0 56.8 49.2 49.2
5337 0.1 50 0 0 4737 0.2 60 0 0 30 57.1 49.3 49.3
5337 0.1 50 0 0 4737 0.2 60 0 0 60 57.0 49.2 49.2
5337 0.1 50 0 0 4737 0.2 60 0 0 90 56.9 49.3 49.3
5337 0.1 50 0 0 4737 0.2 60 0 0 120 57.0 49.6 49.6
5337 0.1 50 0 0 4737 0.2 60 0 0 150 56.8 49.7 49.7
5337 0.1 50 0 0 4737 0.2 60 0 0 180 56.9 49.7 49.7
5337 0.1 50 0 0 4737 0.3 0 0 0 0 60.1 51.8 51.8
5337 0.1 50 0 0 4737 0.3 0 0 0 30 60.2 51.9 51.9
5337 0.1 50 0 0 4737 0.3 0 0 0 60 60.3 52.1 52.1
5337 0.1 50 0 0 4737 0.3 0 0 0 90 60.2 52.0 52.0
5337 0.1 50 0 0 4737 0.3 0 0 0 120 60.3 52.0 52.0
5337 0.1 50 0 0 4737 0.3 0 0 0 150 60.1 52.1 52.1
5337 0.1 50 0 0 4737 0.3 0 0 0 180 60.1 52.1 52.1
5337 0.1 50 0 0 4737 0.3 10 0 0 0 60.0 51.3 51.3
5337 0.1 50 0 0 4737 0.3 10 0 0 30 60.2 51.4 51.4
5337 0.1 50 0 0 4737 0.3 10 0 0 60 60.2 51.5 51.5
5337 0.1 50 0 0 4737 0.3 10 0 0 90 60.1 51.4 51.4
5337 0.1 50 0 0 4737 0.3 10 0 0 120 60.3 51.4 51.4
5337 0.1 50 0 0 4737 0.3 10 0 0 150 60.0 51.6 51.6
5337 0.1 50 0 0 4737 0.3 10 0 0 180 60.1 51.6 51.6
5337 0.1 50 0 0 4737 0.3 20 0 0 0 59.8 49.5 49.5
5337 0.1 50 0 0 4737 0.3 20 0 0 30 60.0 49.5 49.5
5337 0.1 50 0 0 4737 0.3 20 0 0 60 60.0 49.5 49.5
5337 0.1 50 0 0 4737 0.3 20 0 0 90 59.9 49.6 49.6
5337 0.1 50 0 0 4737 0.3 20 0 0 120 60.1 49.5 49.5
5337 0.1 50 0 0 4737 0.3 20 0 0 150 59.8 49.8 49.8
5337 0.1 50 0 0 4737 0.3 20 0 0 180 59.9 49.7 49.7
5337 0.1 50 0 0 4737 0.3 30 0 0 0 59.4 47.5 47.5
5337 0.1 50 0 0 4737 0.3 30 0 0 30 59.7 47.3 47.3
5337 0.1 50 0 0 4737 0.3 30 0 0 60 59.7 47.3 47.3
5337 0.1 50 0 0 4737 0.3 30 0 0 90 59.5 47.5 47.5
5337 0.1 50 0 0 4737 0.3 30 0 0 120 59.7 47.4 47.4
5337 0.1 50 0 0 4737 0.3 30 0 0 150 59.4 47.8 47.8
5337 0.1 50 0 0 4737 0.3 30 0 0 180 59.5 47.7 47.7
5337 0.1 50 0 0 4737 0.3 40 0 0 0 58.9 47.5 47.5
5337 0.1 50 0 0 4737 0.3 40 0 0 30 59.1 47.4 47.4
5337 0.1 50 0 0 4737 0.3 40 0 0 60 59.2 47.3 47.3
5337 0.1 50 0 0 4737 0.3 40 0 0 90 58.9 47.5 47.5
5337 0.1 50 0 0 4737 0.3 40 0 0 120 59.1 47.5 47.5
5337 0.1 50 0 0 4737 0.3 40 0 0 150 58.8 47.8 47.8
5337 0.1 50 0 0 4737 0.3 40 0 0 180 59.0 47.7 47.7
5337 0.1 50 0 0 4737 0.3 50 0 0 0 58.0 48.0 48.0
5337 0.1 50 0 0 4737 0.3 50 0 0 30 58.3 48.0 48.0
5337 0.1 50 0 0 4737 0.3 50 0 0 60 58.3 48.0 48.0
5337 0.1 50 0 0 4737 0.3 50 0 0 90 58.0 48.1 48.1
5337 0.1 50 0 0 4737 0.3 50 0 0 120 58.3 48.2 48.2
5337 0.1 50 0 0 4737 0.3 50 0 0 150 57.9 48.3 48.3
5337 0.1 50 0 0 4737 0.3 50 0 0 180 58.2 48.2 48.2
5337 0.1 50 0 0 4737 0.3 60 0 0 0 56.5 48.8 48.8
5337 0.1 50 0 0 4737 0.3 60 0 0 30 56.8 49.0 49.0
5337 0.1 50 0 0 4737 0.3 60 0 0 60 56.6 48.9 48.9
5337 0.1 50 0 0 4737 0.3 60 0 0 90 56.5 48.8 48.8
5337 0.1 50 0 0 4737 0.3 60 0 0 120 56.7 49.1 49.1
5337 0.1 50 0 0 4737 0.3 60 0 0 150 56.4 49.3 49.3
5337 0.1 50 0 0 4737 0.3 60 0 0 180 56.6 49.4 49.4
5337 0.1 50 0 0 4737 0.4 0 0 0 0 59.9 51.3 51.3
5337 0.1 50 0 0 4737 0.4 0 0 0 30 60.0 51.3 51.3
5337 0.1 50 0 0 4737 0.4 0 0 0 60 60.0 51.4 51.4
5337 0.1 50 0 0 4737 0.4 0 0 0 90 60.0 51.4 51.4
5337 0.1 50 0 0 4737 0.4 0 0 0 120 60.1 51.4 51.4
5337 0.1 50 0 0 4737 0.4 0 0 0 150 59.9 51.6 51.6
5337 0.1 50 0 0 4737 0.4 0 0 0 180 59.8 51.5 51.5
5337 0.1 50 0 0 4737 0.4 10 0 0 0 59.9 50.7 50.7
5337 0.1 50 0 0 4737 0.4 10 0 0 30 59.9 50.8 50.8
5337 0.1 50 0 0 4737 0.4 10 0 0 60 59.9 50.7 50.7
5337 0.1 50 0 0 4737 0.4 10 0 0 90 59.9 50.7 50.7
5337 0.1 50 0 0 4737 0.4 10 0 0 120 60.0 50.8 50.8
5337 0.1 50 0 0 4737 0.4 10 0 0 150 59.9 50.9 50.9
5337 0.1 50 0 0 4737 0.4 10 0 0 180 59.8 50.9 50.9
5337 0.1 50 0 0 4737 0.4 20 0 0 0 59.7 48.5 48.5
5337 0.1 50 0 0 4737 0.4 20 0 0 30 59.7 48.5 48.5
5337 0.1 50 0 0 4737 0.4 20 0 0 60 59.7 48.5 48.5
5337 0.1 50 0 0 4737 0.4 20 0 0 90 59.7 48.5 48.5
5337 0.1 50 0 0 4737 0.4 20 0 0 120 59.8 48.6 48.6
5337 0.1 50 0 0 4737 0.4 20 0 0 150 59.6 48.7 48.7
5337 0.1 50 0 0 4737 0.4 20 0 0 180 59.6 48.7 48.7
5337 0.1 50 0 0 4737 0.4 30 0 0 0 59.3 47.6 47.6
5337 0.1 50 0 0 4737 0.4 30 0 0 30 59.3 47.5 47.5
5337 0.1 50 0 0 4737 0.4 30 0 0 60 59.4 47.5 47.5
5337 0.1 50 0 0 4737 0.4 30 0 0 90 59.3 47.6 47.6
5337 0.1 50 0 0 4737 0.4 30 0 0 120 59.4 47.5 47.5
5337 0.1 50 0 0 4737 0.4 30 0 0 150 59.3 47.7 47.7
5337 0.1 50 0 0 4737 0.4 30 0 0 180 59.2 47.6 47.6
5337 0.1 50 0 0 4737 0.4 40 0 0 0 58.7 47.7 47.7
5337 0.1 50 0 0 4737 0.4 40 0 0 30 58.8 47.5 47.5
5337 0.1 50 0 0 4737 0.4 40 0 0 60 58.8 47.5 47.5
5337 0.1 50 0 0 4737 0.4 40 0 0 90 58.8 47.5 47.5
5337 0.1 50 0 0 4737 0.4 40 0 0 120 58.8 47.6 47.6
5337 0.1 50 0 0 4737 0.4 40 0 0 150 58.7 47.7 47.7
5337 0.1 50 0 0 4737 0.4 40 0 0 180 58.7 47.7 47.7
5337 0.1 50 0 0 4737 0.4 50 0 0 0 57.8 47.9 47.9
5337 0.1 50 0 0 4737 0.4 50 0 0 30 57.9 47.8 47.8
5337 0.1 50 0 0 4737 0.4 50 0 0 60 57.9 47.9 47.9
5337 0.1 50 0 0 4737 0.4 50 0 0 90 57.8 48.0 48.0
5337 0.1 50 0 0 4737 0.4 50 0 0 120 57.9 48.2 48.2
5337 0.1 50 0 0 4737 0.4 50 0 0 150 57.7 48.3 48.3
5337 0.1 50 0 0 4737 0.4 50 0 0 180 57.8 48.2 48.2
5337 0.1 50 0 0 4737 0.4 60 0 0 0 56.1 48.6 48.6
5337 0.1 50 0 0 4737 0.4 60 0 0 30 56.2 48.5 48.5
5337 0.1 50 0 0 4737 0.4 60 0 0 60 56.1 48.6 48.6
5337 0.1 50 0 0 4737 0.4 60 0 0 90 56.0 48.6 48.6
5337 0.1 50 0 0 4737 0.4 60 0 0 120 56.1 48.8 48.8
5337 0.1 50 0 0 4737 0.4 60 0 0 150 55.9 49.0 49.0
5337 0.1 50 0 0 4737 0.4 60 0 0 180 56.0 49.1 49.1
5337 0.1 50 0 0 4737 0.5 0 0 0 0 59.7 50.3 50.3
5337 0.1 50 0 0 4737 0.5 0 0 0 30 59.7 50.3 50.3
5337 0.1 50 0 0 4737 0.5 0 0 0 60 59.7 50.4 50.4
5337 0.1 50 0 0 4737 0.5 0 0 0 90 59.7 50.4 50.4
5337 0.1 50 0 0 4737 0.5 0 0 0 120 59.8 50.5 50.5
5337 0.1 50 0 0 4737 0.5 0 0 0 150 59.6 50.5 50.5
5337 0.1 50 0 0 4737 0.5 0 0 0 180 59.6 50.4 50.4
5337 0.1 50 0 0 4737 0.5 10 0 0 0 59.7 49.5 49.5
5337 0.1 50 0 0 4737 0.5 10 0 0 30 59.7 49.5 49.5
5337 0.1 50 0 0 4737 0.5 10 0 0 60 59.6 49.5 49.5
5337 0.1 50 0 0 4737 0.5 10 0 0 90 59.6 49.5 49.5
5337 0.1 50 0 0 4737 0.5 10 0 0 120 59.8 49.6 49.6
5337 0.1 50 0 0 4737 0.5 10 0 0 150 59.5 49.7 49.7
5337 0.1 50 0 0 4737 0.5 10 0 0 180 59.5 49.6 49.6
5337 0.1 50 0 0 4737 0.5 20 0 0 0 59.5 48.3 48.3
5337 0.1 50 0 0 4737 0.5 20 0 0 30 59.5 48.3 48.3
5337 0.1 50 0 0 4737 0.5 20 0 0 60 59.4 48.4 48.4
5337 0.1 50 0 0 4737 0.5 20 0 0 90 59.4 48.4 48.4
5337 0.1 50 0 0 4737 0.5 20 0 0 120 59.6 48.4 48.4
5337 0.1 50 0 0 4737 0.5 20 0 0 150 59.3 48.6 48.6
5337 0.1 50 0 0 4737 0.5 20 0 0 180 59.3 48.5 48.5
5337 0.1 50 0 0 4737 0.5 30 0 0 0 59.1 47.8 47.8
5337 0.1 50 0 0 4737 0.5 30 0 0 30 59.1 47.8 47.8
5337 0.1 50 0 0 4737 0.5 30 0 0 60 59.0 47.9 47.9
5337 0.1 50 0 0 4737 0.5 30 0 0 90 59.0 47.9 47.9
5337 0.1 50 0 0 4737 0.5 30 0 0 120 59.2 47.8 47.8
5337 0.1 50 0 0 4737 0.5 30 0 0 150 58.9 48.0 48.0
5337 0.1 50 0 0 4737 0.5 30 0 0 180 58.9 47.9 47.9
5337 0.1 50 0 0 4737 0.5 40 0 0 0 58.5 47.7 47.7
5337 0.1 50 0 0 4737 0.5 40 0 0 30 58.5 47.7 47.7
5337 0.1 50 0 0 4737 0.5 40 0 0 60 58.4 47.8 47.8
5337 0.1 50 0 0 4737 0.5 40 0 0 90 58.4 47.9 47.9
5337 0.1 50 0 0 4737 0.5 40 0 0 120 58.6 47.9 47.9
5337 0.1 50 0 0 4737 0.5 40 0 0 150 58.3 48.0 48.0
5337 0.1 50 0 0 4737 0.5 40 0 0 180 58.3 48.0 48.0
5337 0.1 50 0 0 4737 0.5 50 0 0 0 57.6 47.8 47.8
5337 0.1 50 0 0 4737 0.5 50 0 0 30 57.6 47.8 47.8
5337 0.1 50 0 0 4737 0.5 50 0 0 60 57.4 47.9 47.9
5337 0.1 50 0 0 4737 0.5 50 0 0 90 57.4 48.0 48.0
5337 0.1 50 0 0 4737 0.5 50 0 0 120 57.6 48.1 48.1
5337 0.1 50 0 0 4737 0.5 50 0 0 150 57.3 48.3 48.3
5337 0.1 50 0 0 4737 0.5 50 0 0 180 57.3 48.3 48.3
5337 0.1 50 0 0 4737 0.5 60 0 0 0 56.1 48.3 48.3
5337 0.1 50 0 0 4737 0.5 60 0 0 30 56.0 48.2 48.2
5337 0.1 50 0 0 4737 0.5 60 0 0 60 55.9 48.3 48.3
5337 0.1 50 0 0 4737 0.5 60 0 0 90 55.8 48.4 48.4
5337 0.1 50 0 0 4737 0.5 60 0 0 120 56.0 48.5 48.5
5337 0.1 50 0 0 4737 0.5 60 0 0 150 55.5 48.8 48.8
5337 0.1 50 0 0 4737 0.5 60 0 0 180 55.5 48.9 48.9
5337 0.1 50 0 0 4937 0.0 0 0 0 0 61.0 53.2 53.2
5337 0.1 50 0 0 4937 0.0 0 0 0 30 61.2 53.7 53.7
5337 0.1 50 0 0 4937 0.0 0 0 0 60 61.4 54.1 54.1
5337 0.1 50 0 0 4937 0.0 0 0 0 90 61.4 54.5 54.5
5337 0.1 50 0 0 4937 0.0 0 0 0 120 61.4 54.6 54.6
5337 0.1 50 0 0 4937 0.0 0 0 0 150 61.4 54.6 54.6
5337 0.1 50 0 0 4937 0.0 0 0 0 180 61.2 54.3 54.3
5337 0.1 50 0 0 4937 0.0 10 0 0 0 61.0 52.6 52.6
5337 0.1 50 0 0 4937 0.0 10 0 0 30 61.2 53.1 53.1
5337 0.1 50 0 0 4937 0.0 10 0 0 60 61.4 53.6 53.6
5337 0.1 50 0 0 4937 0.0 10 0 0 90 61.4 54.0 54.0
5337 0.1 50 0 0 4937 0.0 10 0 0 120 61.4 54.2 54.2
5337 0.1 50 0 0 4937 0.0 10 0 0 150 61.3 54.2 54.2
5337 0.1 50 0 0 4937 0.0 10 0 0 180 61.2 53.9 53.9
5337 0.1 50 0 0 4937 0.0 20 0 0 0 60.8 51.3 51.3
5337 0.1 50 0 0 4937 0.0 20 0 0 30 61.0 51.6 51.6
5337 0.1 50 0 0 4937 0.0 20 0 0 60 61.2 52.2 52.2
5337 0.1 50 0 0 4937 0.0 20 0 0 90 61.2 52.6 52.6
5337 0.1 50 0 0 4937 0.0 20 0 0 120 61.2 52.8 52.8
5337 0.1 50 0 0 4937 0.0 20 0 0 150 61.1 52.8 52.8
5337 0.1 50 0 0 4937 0.0 20 0 0 180 61.0 52.6 52.6
5337 0.1 50 0 0 4937 0.0 30 0 0 0 60.5 48.5 48.5
5337 0.1 50 0 0 4937 0.0 30 0 0 30 60.7 48.9 48.9
5337 0.1 50 0 0 4937 0.0 30 0 0 60 60.9 49.4 49.4
5337 0.1 50 0 0 4937 0.0 30 0 0 90 60.9 49.6 49.6
5337 0.1 50 0 0 4937 0.0 30 0 0 120 60.9 49.6 49.6
5337 0.1 50 0 0 4937 0.0 30 0 0 150 60.8 49.6 49.6
5337 0.1 50 0 0 4937 0.0 30 0 0 180 60.6 49.4 49.4
5337 0.1 50 0 0 4937 0.0 40 0 0 0 59.9 48.4 48.4
5337 0.1 50 0 0 4937 0.0 40 0 0 30 60.2 48.8 48.8
5337 0.1 50 0 0 4937 0.0 40 0 0 60 60.3 49.1 49.1
5337 0.1 50 0 0 4937 0.0 40 0 0 90 60.3 49.4 49.4
5337 0.1 50 0 0 4937 0.0 40 0 0 120 60.4 49.6 49.6
5337 0.1 50 0 0 4937 0.0 40 0 0 150 60.3 49.5 49.5
5337 0.1 50 0 0 4937 0.0 40 0 0 180 60.1 49.3 49.3
5337 0.1 50 0 0 4937 0.0 50 0 0 0 59.1 48.8 48.8
5337 0.1 50 0 0 4937 0.0 50 0 0 30 59.5 49.3 49.3
5337 0.1 50 0 0 4937 0.0 50 0 0 60 59.5 49.7 49.7
5337 0.1 50 0 0 4937 0.0 50 0 0 90 59.6 50.1 50.1
5337 0.1 50 0 0 4937 0.0 50 0 0 120 59.6 50.4 50.4
5337 0.1 50 0 0 4937 0.0 50 0 0 150 59.4 50.2 50.2
5337 0.1 50 0 0 4937 0.0 50 0 0 180 59.3 50.1 50.1
5337 0.1 50 0 0 4937 0.0 60 0 0 0 57.8 50.2 50.2
5337 0.1 50 0 0 4937 0.0 60 0 0 30 58.1 50.5 50.5
5337 0.1 50 0 0 4937 0.0 60 0 0 60 58.2 50.9 50.9
5337 0.1 50 0 0 4937 0.0 60 0 0 90 58.2 51.3 51.3
5337 0.1 50 0 0 4937 0.0 60 0 0 120 58.2 51.5 51.5
5337 0.1 50 0 0 4937 0.0 60 0 0 150 58.1 51.7 51.7
5337 0.1 50 0 0 4937 0.0 60 0 0 180 58.1 51.6 51.6
5337 0.1 50 0 0 4937 0.1 0 0 0 0 60.8 52.7 52.7
5337 0.1 50 0 0 4937 0.1 0 0 0 30 61.0 53.2 53.2
5337 0.1 50 0 0 4937 0.1 0 0 0 60 61.2 53.6 53.6
5337 0.1 50 0 0 4937 0.1 0 0 0 90 61.2 54.0 54.0
5337 0.1 50 0 0 4937 0.1 0 0 0 120 61.3 54.3 54.3
5337 0.1 50 0 0 4937 0.1 0 0 0 150 61.1 54.3 54.3
5337 0.1 50 0 0 4937 0.1 0 0 0 180 61.0 53.9 53.9
5337 0.1 50 0 0 4937 0.1 10 0 0 0 60.8 52.2 52.2
5337 0.1 50 0 0 4937 0.1 10 0 0 30 61.0 52.6 52.6
5337 0.1 50 0 0 4937 0.1 10 0 0 60 61.1 53.1 53.1
5337 0.1 50 0 0 4937 0.1 10 0 0 90 61.2 53.6 53.6
5337 0.1 50 0 0 4937 0.1 10 0 0 120 61.2 53.9 53.9
5337 0.1 50 0 0 4937 0.1 10 0 0 150 61.1 53.8 53.8
5337 0.1 50 0 0 4937 0.1 10 0 0 180 60.9 53.4 53.4
5337 0.1 50 0 0 4937 0.1 20 0 0 0 60.6 50.8 50.8
5337 0.1 50 0 0 4937 0.1 20 0 0 30 60.8 51.1 51.1
5337 0.1 50 0 0 4937 0.1 20 0 0 60 60.9 51.7 51.7
5337 0.1 50 0 0 4937 0.1 20 0 0 90 61.0 52.2 52.2
5337 0.1 50 0 0 4937 0.1 20 0 0 120 61.0 52.5 52.5
5337 0.1 50 0 0 4937 0.1 20 0 0 150 60.9 52.5 52.5
5337 0.1 50 0 0 4937 0.1 20 0 0 180 60.7 52.1 52.1
5337 0.1 50 0 0 4937 0.1 30 0 0 0 60.3 48.0 48.0
5337 0.1 50 0 0 4937 0.1 30 0 0 30 60.5 48.4 48.4
5337 0.1 50 0 0 4937 0.1 30 0 0 60 60.6 48.8 48.8
5337 0.1 50 0 0 4937 0.1 30 0 0 90 60.7 49.2 49.2
5337 0.1 50 0 0 4937 0.1 30 0 0 120 60.7 49.3 49.3
5337 0.1 50 0 0 4937 0.1 30 0 0 150 60.5 49.3 49.3
5337 0.1 50 0 0 4937 0.1 30 0 0 180 60.4 49.1 49.1
5337 0.1 50 0 0 4937 0.1 40 0 0 0 59.8 47.9 47.9
5337 0.1 50 0 0 4937 0.1 40 0 0 30 60.0 48.2 48.2
5337 0.1 50 0 0 4937 0.1 40 0 0 60 60.1 48.7 48.7
5337 0.1 50 0 0 4937 0.1 40 0 0 90 60.2 49.1 49.1
5337 0.1 50 0 0 4937 0.1 40 0 0 120 60.1 49.2 49.2
5337 0.1 50 0 0 4937 0.1 40 0 0 150 60.0 49.1 49.1
5337 0.1 50 0 0 4937 0.1 40 0 0 180 59.9 48.9 48.9
5337 0.1 50 0 0 4937 0.1 50 0 0 0 59.0 48.4 48.4
5337 0.1 50 0 0 4937 0.1 50 0 0 30 59.2 48.6 48.6
5337 0.1 50 0 0 4937 0.1 50 0 0 60 59.3 49.0 49.0
5337 0.1 50 0 0 4937 0.1 50 0 0 90 59.4 49.6 49.6
5337 0.1 50 0 0 4937 0.1 50 0 0 120 59.3 49.9 49.9
5337 0.1 50 0 0 4937 0.1 50 0 0 150 59.2 50.0 50.0
5337 0.1 50 0 0 4937 0.1 50 0 0 180 59.1 49.8 49.8
5337 0.1 50 0 0 4937 0.1 60 0 0 0 57.6 49.7 49.7
5337 0.1 50 0 0 4937 0.1 60 0 0 30 57.9 50.0 50.0
5337 0.1 50 0 0 4937 0.1 60 0 0 60 57.9 50.2 50.2
5337 0.1 50 0 0 4937 0.1 60 0 0 90 58.0 50.6 50.6
5337 0.1 50 0 0 4937 0.1 60 0 0 120 57.9 51.0 51.0
5337 0.1 50 0 0 4937 0.1 60 0 0 150 57.9 51.1 51.1
5337 0.1 50 0 0 4937 0.1 60 0 0 180 57.8 51.2 51.2
5337 0.1 50 0 0 4937 0.2 0 0 0 0 60.6 52.3 52.3
5337 0.1 50 0 0 4937 0.2 0 0 0 30 60.8 52.7 52.7
5337 0.1 50 0 0 4937 0.2 0 0 0 60 60.9 53.1 53.1
5337 0.1 50 0 0 4937 0.2 0 0 0 90 61.0 53.6 53.6
5337 0.1 50 0 0 4937 0.2 0 0 0 120 61.0 53.9 53.9
5337 0.1 50 0 0 4937 0.2 0 0 0 150 60.9 53.9 53.9
5337 0.1 50 0 0 4937 0.2 0 0 0 180 60.8 53.5 53.5
5337 0.1 50 0 0 4937 0.2 10 0 0 0 60.6 51.7 51.7
5337 0.1 50 0 0 4937 0.2 10 0 0 30 60.8 52.1 52.1
5337 0.1 50 0 0 4937 0.2 10 0 0 60 60.9 52.5 52.5
5337 0.1 50 0 0 4937 0.2 10 0 0 90 61.0 53.0 53.0
5337 0.1 50 0 0 4937 0.2 10 0 0 120 61.0 53.5 53.5
5337 0.1 50 0 0 4937 0.2 10 0 0 150 60.9 53.5 53.5
5337 0.1 50 0 0 4937 0.2 10 0 0 180 60.7 53.1 53.1
5337 0.1 50 0 0 4937 0.2 20 0 0 0 60.4 50.3 50.3
5337 0.1 50 0 0 4937 0.2 20 0 0 30 60.6 50.6 50.6
5337 0.1 50 0 0 4937 0.2 20 0 0 60 60.7 51.0 51.0
5337 0.1 50 0 0 4937 0.2 20 0 0 90 60.8 51.6 51.6
5337 0.1 50 0 0 4937 0.2 20 0 0 120 60.8 52.0 52.0
5337 0.1 50 0 0 4937 0.2 20 0 0 150 60.7 52.0 52.0
5337 0.1 50 0 0 4937 0.2 20 0 0 180 60.5 51.6 51.6
5337 0.1 50 0 0 4937 0.2 30 0 0 0 60.1 47.6 47.6
5337 0.1 50 0 0 4937 0.2 30 0 0 30 60.3 47.9 47.9
5337 0.1 50 0 0 4937 0.2 30 0 0 60 60.4 48.3 48.3
5337 0.1 50 0 0 4937 0.2 30 0 0 90 60.4 48.8 48.8
5337 0.1 50 0 0 4937 0.2 30 0 0 120 60.4 49.2 49.2
5337 0.1 50 0 0 4937 0.2 30 0 0 150 60.3 49.1 49.1
5337 0.1 50 0 0 4937 0.2 30 0 0 180 60.2 48.8 48.8
5337 0.1 50 0 0 4937 0.2 40 0 0 0 59.6 47.5 47.5
5337 0.1 50 0 0 4937 0.2 40 0 0 30 59.7 47.8 47.8
5337 0.1 50 0 0 4937 0.2 40 0 0 60 59.9 48.2 48.2
5337 0.1 50 0 0 4937 0.2 40 0 0 90 59.9 48.7 48.7
5337 0.1 50 0 0 4937 0.2 40 0 0 120 59.9 49.1 49.1
5337 0.1 50 0 0 4937 0.2 40 0 0 150 59.8 49.0 49.0
5337 0.1 50 0 0 4937 0.2 40 0 0 180 59.7 48.7 48.7
5337 0.1 50 0 0 4937 0.2 50 0 0 0 58.8 48.0 48.0
5337 0.1 50 0 0 4937 0.2 50 0 0 30 58.9 48.2 48.2
5337 0.1 50 0 0 4937 0.2 50 0 0 60 59.1 48.5 48.5
5337 0.1 50 0 0 4937 0.2 50 0 0 90 59.1 49.0 49.0
5337 0.1 50 0 0 4937 0.2 50 0 0 120 59.1 49.5 49.5
5337 0.1 50 0 0 4937 0.2 50 0 0 150 58.9 49.7 49.7
5337 0.1 50 0 0 4937 0.2 50 0 0 180 58.8 49.5 49.5
5337 0.1 50 0 0 4937 0.2 60 0 0 0 57.4 49.3 49.3
5337 0.1 50 0 0 4937 0.2 60 0 0 30 57.6 49.5 49.5
5337 0.1 50 0 0 4937 0.2 60 0 0 60 57.7 49.7 49.7
5337 0.1 50 0 0 4937 0.2 60 0 0 90 57.7 50.1 50.1
5337 0.1 50 0 0 4937 0.2 60 0 0 120 57.7 50.5 50.5
5337 0.1 50 0 0 4937 0.2 60 0 0 150 57.6 50.7 50.7
5337 0.1 50 0 0 4937 0.2 60 0 0 180 57.5 50.7 50.7
5337 0.1 50 0 0 4937 0.3 0 0 0 0 60.5 51.9 51.9
5337 0.1 50 0 0 4937 0.3 0 0 0 30 60.6 52.2 52.2
5337 0.1 50 0 0 4937 0.3 0 0 0 60 60.7 52.5 52.5
5337 0.1 50 0 0 4937 0.3 0 0 0 90 60.8 53.0 53.0
5337 0.1 50 0 0 4937 0.3 0 0 0 120 60.8 53.4 53.4
5337 0.1 50 0 0 4937 0.3 0 0 0 150 60.7 53.5 53.5
5337 0.1 50 0 0 4937 0.3 0 0 0 180 60.6 52.9 52.9
5337 0.1 50 0 0 4937 0.3 10 0 0 0 60.4 51.2 51.2
5337 0.1 50 0 0 4937 0.3 10 0 0 30 60.5 51.6 51.6
5337 0.1 50 0 0 4937 0.3 10 0 0 60 60.7 51.9 51.9
5337 0.1 50 0 0 4937 0.3 10 0 0 90 60.7 52.4 52.4
5337 0.1 50 0 0 4937 0.3 10 0 0 120 60.7 52.9 52.9
5337 0.1 50 0 0 4937 0.3 10 0 0 150 60.7 53.1 53.1
5337 0.1 50 0 0 4937 0.3 10 0 0 180 60.5 52.6 52.6
5337 0.1 50 0 0 4937 0.3 20 0 0 0 60.3 49.6 49.6
5337 0.1 50 0 0 4937 0.3 20 0 0 30 60.3 50.0 50.0
5337 0.1 50 0 0 4937 0.3 20 0 0 60 60.5 50.3 50.3
5337 0.1 50 0 0 4937 0.3 20 0 0 90 60.5 50.8 50.8
5337 0.1 50 0 0 4937 0.3 20 0 0 120 60.5 51.3 51.3
5337 0.1 50 0 0 4937 0.3 20 0 0 150 60.5 51.5 51.5
5337 0.1 50 0 0 4937 0.3 20 0 0 180 60.3 51.0 51.0
5337 0.1 50 0 0 4937 0.3 30 0 0 0 59.9 47.4 47.4
5337 0.1 50 0 0 4937 0.3 30 0 0 30 60.0 47.6 47.6
5337 0.1 50 0 0 4937 0.3 30 0 0 60 60.1 47.9 47.9
5337 0.1 50 0 0 4937 0.3 30 0 0 90 60.2 48.4 48.4
5337 0.1 50 0 0 4937 0.3 30 0 0 120 60.2 49.0 49.0
5337 0.1 50 0 0 4937 0.3 30 0 0 150 60.1 49.1 49.1
5337 0.1 50 0 0 4937 0.3 30 0 0 180 60.0 48.5 48.5
5337 0.1 50 0 0 4937 0.3 40 0 0 0 59.4 47.3 47.3
5337 0.1 50 0 0 4937 0.3 40 0 0 30 59.5 47.4 47.4
5337 0.1 50 0 0 4937 0.3 40 0 0 60 59.6 47.8 47.8
5337 0.1 50 0 0 4937 0.3 40 0 0 90 59.7 48.2 48.2
5337 0.1 50 0 0 4937 0.3 40 0 0 120 59.6 48.8 48.8
5337 0.1 50 0 0 4937 0.3 40 0 0 150 59.5 49.0 49.0
5337 0.1 50 0 0 4937 0.3 40 0 0 180 59.4 48.6 48.6
5337 0.1 50 0 0 4937 0.3 50 0 0 0 58.6 47.7 47.7
5337 0.1 50 0 0 4937 0.3 50 0 0 30 58.8 47.9 47.9
5337 0.1 50 0 0 4937 0.3 50 0 0 60 58.8 48.1 48.1
5337 0.1 50 0 0 4937 0.3 50 0 0 90 58.9 48.5 48.5
5337 0.1 50 0 0 4937 0.3 50 0 0 120 58.8 48.9 48.9
5337 0.1 50 0 0 4937 0.3 50 0 0 150 58.7 49.4 49.4
5337 0.1 50 0 0 4937 0.3 50 0 0 180 58.5 49.4 49.4
5337 0.1 50 0 0 4937 0.3 60 0 0 0 57.2 48.9 48.9
5337 0.1 50 0 0 4937 0.3 60 0 0 30 57.3 49.1 49.1
5337 0.1 50 0 0 4937 0.3 60 0 0 60 57.3 49.3 49.3
5337 0.1 50 0 0 4937 0.3 60 0 0 90 57.4 49.6 49.6
5337 0.1 50 0 0 4937 0.3 60 0 0 120 57.4 49.9 49.9
5337 0.1 50 0 0 4937 0.3 60 0 0 150 57.3 50.2 50.2
5337 0.1 50 0 0 4937 0.3 60 0 0 180 57.2 50.3 50.3
5337 0.1 50 0 0 4937 0.4 0 0 0 0 60.3 51.3 51.3
5337 0.1 50 0 0 4937 0.4 0 0 0 30 60.4 51.6 51.6
5337 0.1 50 0 0 4937 0.4 0 0 0 60 60.5 51.9 51.9
5337 0.1 50 0 0 4937 0.4 0 0 0 90 60.5 52.2 52.2
5337 0.1 50 0 0 4937 0.4 0 0 0 120 60.6 52.8 52.8
5337 0.1 50 0 0 4937 0.4 0 0 0 150 60.5 53.0 53.0
5337 0.1 50 0 0 4937 0.4 0 0 0 180 60.3 52.4 52.4
5337 0.1 50 0 0 4937 0.4 10 0 0 0 60.2 50.7 50.7
5337 0.1 50 0 0 4937 0.4 10 0 0 30 60.3 51.0 51.0
5337 0.1 50 0 0 4937 0.4 10 0 0 60 60.4 51.3 51.3
5337 0.1 50 0 0 4937 0.4 10 0 0 90 60.5 51.6 51.6
5337 0.1 50 0 0 4937 0.4 10 0 0 120 60.6 52.3 52.3
5337 0.1 50 0 0 4937 0.4 10 0 0 150 60.4 52.6 52.6
5337 0.1 50 0 0 4937 0.4 10 0 0 180 60.2 51.9 51.9
5337 0.1 50 0 0 4937 0.4 20 0 0 0 60.0 48.6 48.6
5337 0.1 50 0 0 4937 0.4 20 0 0 30 60.1 48.8 48.8
5337 0.1 50 0 0 4937 0.4 20 0 0 60 60.2 49.1 49.1
5337 0.1 50 0 0 4937 0.4 20 0 0 90 60.3 49.5 49.5
5337 0.1 50 0 0 4937 0.4 20 0 0 120 60.3 50.1 50.1
5337 0.1 50 0 0 4937 0.4 20 0 0 150 60.2 50.5 50.5
5337 0.1 50 0 0 4937 0.4 20 0 0 180 60.0 49.8 49.8
5337 0.1 50 0 0 4937 0.4 30 0 0 0 59.7 47.3 47.3
5337 0.1 50 0 0 4937 0.4 30 0 0 30 59.8 47.5 47.5
5337 0.1 50 0 0 4937 0.4 30 0 0 60 59.9 47.8 47.8
5337 0.1 50 0 0 4937 0.4 30 0 0 90 59.9 48.1 48.1
5337 0.1 50 0 0 4937 0.4 30 0 0 120 60.0 48.8 48.8
5337 0.1 50 0 0 4937 0.4 30 0 0 150 59.9 49.3 49.3
5337 0.1 50 0 0 4937 0.4 30 0 0 180 59.7 48.7 48.7
5337 0.1 50 0 0 4937 0.4 40 0 0 0 59.2 47.3 47.3
5337 0.1 50 0 0 4937 0.4 40 0 0 30 59.3 47.4 47.4
5337 0.1 50 0 0 4937 0.4 40 0 0 60 59.4 47.7 47.7
5337 0.1 50 0 0 4937 0.4 40 0 0 90 59.4 48.0 48.0
5337 0.1 50 0 0 4937 0.4 40 0 0 120 59.4 48.6 48.6
5337 0.1 50 0 0 4937 0.4 40 0 0 150 59.3 49.2 49.2
5337 0.1 50 0 0 4937 0.4 40 0 0 180 59.1 48.7 48.7
5337 0.1 50 0 0 4937 0.4 50 0 0 0 58.4 47.8 47.8
5337 0.1 50 0 0 4937 0.4 50 0 0 30 58.5 47.8 47.8
5337 0.1 50 0 0 4937 0.4 50 0 0 60 58.5 48.1 48.1
5337 0.1 50 0 0 4937 0.4 50 0 0 90 58.6 48.3 48.3
5337 0.1 50 0 0 4937 0.4 50 0 0 120 58.5 48.7 48.7
5337 0.1 50 0 0 4937 0.4 50 0 0 150 58.4 49.2 49.2
5337 0.1 50 0 0 4937 0.4 50 0 0 180 58.2 49.3 49.3
5337 0.1 50 0 0 4937 0.4 60 0 0 0 56.6 48.6 48.6
5337 0.1 50 0 0 4937 0.4 60 0 0 30 56.8 48.7 48.7
5337 0.1 50 0 0 4937 0.4 60 0 0 60 56.8 48.9 48.9
5337 0.1 50 0 0 4937 0.4 60 0 0 90 56.9 49.2 49.2
5337 0.1 50 0 0 4937 0.4 60 0 0 120 56.9 49.5 49.5
5337 0.1 50 0 0 4937 0.4 60 0 0 150 56.9 49.9 49.9
5337 0.1 50 0 0 4937 0.4 60 0 0 180 56.8 49.9 49.9
5337 0.1 50 0 0 4937 0.5 0 0 0 0 60.1 50.6 50.6
5337 0.1 50 0 0 4937 0.5 0 0 0 30 60.1 50.8 50.8
5337 0.1 50 0 0 4937 0.5 0 0 0 60 60.3 51.1 51.1
5337 0.1 50 0 0 4937 0.5 0 0 0 90 60.3 51.4 51.4
5337 0.1 50 0 0 4937 0.5 0 0 0 120 60.3 51.9 51.9
5337 0.1 50 0 0 4937 0.5 0 0 0 150 60.2 52.4 52.4
5337 0.1 50 0 0 4937 0.5 0 0 0 180 60.0 51.5 51.5
5337 0.1 50 0 0 4937 0.5 10 0 0 0 60.0 49.7 49.7
5337 0.1 50 0 0 4937 0.5 10 0 0 30 60.1 49.9 49.9
5337 0.1 50 0 0 4937 0.5 10 0 0 60 60.2 50.2 50.2
5337 0.1 50 0 0 4937 0.5 10 0 0 90 60.2 50.5 50.5
5337 0.1 50 0 0 4937 0.5 10 0 0 120 60.3 51.1 51.1
5337 0.1 50 0 0 4937 0.5 10 0 0 150 60.1 51.6 51.6
5337 0.1 50 0 0 4937 0.5 10 0 0 180 59.9 50.8 50.8
5337 0.1 50 0 0 4937 0.5 20 0 0 0 59.8 48.2 48.2
5337 0.1 50 0 0 4937 0.5 20 0 0 30 59.9 48.4 48.4
5337 0.1 50 0 0 4937 0.5 20 0 0 60 60.0 48.6 48.6
5337 0.1 50 0 0 4937 0.5 20 0 0 90 60.0 49.0 49.0
5337 0.1 50 0 0 4937 0.5 20 0 0 120 60.1 49.6 49.6
5337 0.1 50 0 0 4937 0.5 20 0 0 150 59.9 50.2 50.2
5337 0.1 50 0 0 4937 0.5 20 0 0 180 59.7 49.5 49.5
5337 0.1 50 0 0 4937 0.5 30 0 0 0 59.5 47.3 47.3
5337 0.1 50 0 0 4937 0.5 30 0 0 30 59.6 47.5 47.5
5337 0.1 50 0 0 4937 0.5 30 0 0 60 59.7 47.7 47.7
5337 0.1 50 0 0 4937 0.5 30 0 0 90 59.7 48.0 48.0
5337 0.1 50 0 0 4937 0.5 30 0 0 120 59.7 48.6 48.6
5337 0.1 50 0 0 4937 0.5 30 0 0 150 59.5 49.5 49.5
5337 0.1 50 0 0 4937 0.5 30 0 0 180 59.3 49.0 49.0
5337 0.1 50 0 0 4937 0.5 40 0 0 0 58.9 47.4 47.4
5337 0.1 50 0 0 4937 0.5 40 0 0 30 59.0 47.5 47.5
5337 0.1 50 0 0 4937 0.5 40 0 0 60 59.1 47.7 47.7
5337 0.1 50 0 0 4937 0.5 40 0 0 90 59.1 47.9 47.9
5337 0.1 50 0 0 4937 0.5 40 0 0 120 59.1 48.4 48.4
5337 0.1 50 0 0 4937 0.5 40 0 0 150 58.9 49.2 49.2
5337 0.1 50 0 0 4937 0.5 40 0 0 180 58.7 49.0 49.0
5337 0.1 50 0 0 4937 0.5 50 0 0 0 58.1 47.8 47.8
5337 0.1 50 0 0 4937 0.5 50 0 0 30 58.2 47.9 47.9
5337 0.1 50 0 0 4937 0.5 50 0 0 60 58.2 48.0 48.0
5337 0.1 50 0 0 4937 0.5 50 0 0 90 58.2 48.3 48.3
5337 0.1 50 0 0 4937 0.5 50 0 0 120 58.3 48.6 48.6
5337 0.1 50 0 0 4937 0.5 50 0 0 150 58.1 49.1 49.1
5337 0.1 50 0 0 4937 0.5 50 0 0 180 57.9 49.2 49.2
5337 0.1 50 0 0 4937 0.5 60 0 0 0 56.4 48.5 48.5
5337 0.1 50 0 0 4937 0.5 60 0 0 30 56.4 48.6 48.6
5337 0.1 50 0 0 4937 0.5 60 0 0 60 56.5 48.6 48.6
5337 0.1 50 0 0 4937 0.5 60 0 0 90 56.5 48.8 48.8
5337 0.1 50 0 0 4937 0.5 60 0 0 120 56.4 49.1 49.1
5337 0.1 50 0 0 4937 0.5 60 0 0 150 56.4 49.5 49.5
5337 0.1 50 0 0 4937 0.5 60 0 0 180 56.4 49.6 49.6
5337 0.1 50 0 0 5137 0.0 0 0 0 0 61.7 54.8 54.8
5337 0.1 50 0 0 5137 0.0 0 0 0 30 61.7 55.1 55.1
5337 0.1 50 0 0 5137 0.0 0 0 0 60 61.6 55.0 55.0
5337 0.1 50 0 0 5137 0.0 0 0 0 90 61.4 54.8 54.8
5337 0.1 50 0 0 5137 0.0 0 0 0 120 61.2 54.3 54.3
5337 0.1 50 0 0 5137 0.0 0 0 0 150 61.1 54.0 54.0
5337 0.1 50 0 0 5137 0.0 0 0 0 180 61.1 53.8 53.8
5337 0.1 50 0 0 5137 0.0 10 0 0 0 61.7 54.2 54.2
5337 0.1 50 0 0 5137 0.0 10 0 0 30 61.6 54.4 54.4
5337 0.1 50 0 0 5137 0.0 10 0 0 60 61.5 54.5 54.5
5337 0.1 50 0 0 5137 0.0 10 0 0 90 61.3 54.2 54.2
5337 0.1 50 0 0 5137 0.0 10 0 0 120 61.2 53.9 53.9
5337 0.1 50 0 0 5137 0.0 10 0 0 150 61.0 53.6 53.6
5337 0.1 50 0 0 5137 0.0 10 0 0 180 61.0 53.4 53.4
5337 0.1 50 0 0 5137 0.0 20 0 0 0 61.5 52.8 52.8
5337 0.1 50 0 0 5137 0.0 20 0 0 30 61.5 52.9 52.9
5337 0.1 50 0 0 5137 0.0 20 0 0 60 61.3 53.0 53.0
5337 0.1 50 0 0 5137 0.0 20 0 0 90 61.1 53.0 53.0
5337 0.1 50 0 0 5137 0.0 20 0 0 120 61.0 52.7 52.7
5337 0.1 50 0 0 5137 0.0 20 0 0 150 60.8 52.4 52.4
5337 0.1 50 0 0 5137 0.0 20 0 0 180 60.8 52.3 52.3
5337 0.1 50 0 0 5137 0.0 30 0 0 0 61.3 49.8 49.8
5337 0.1 50 0 0 5137 0.0 30 0 0 30 61.2 49.8 49.8
5337 0.1 50 0 0 5137 0.0 30 0 0 60 61.0 49.8 49.8
5337 0.1 50 0 0 5137 0.0 30 0 0 90 60.8 49.8 49.8
5337 0.1 50 0 0 5137 0.0 30 0 0 120 60.6 49.5 49.5
5337 0.1 50 0 0 5137 0.0 30 0 0 150 60.5 49.2 49.2
5337 0.1 50 0 0 5137 0.0 30 0 0 180 60.5 49.2 49.2
5337 0.1 50 0 0 5137 0.0 40 0 0 0 60.8 49.2 49.2
5337 0.1 50 0 0 5137 0.0 40 0 0 30 60.7 49.2 49.2
5337 0.1 50 0 0 5137 0.0 40 0 0 60 60.5 49.3 49.3
5337 0.1 50 0 0 5137 0.0 40 0 0 90 60.3 49.5 49.5
5337 0.1 50 0 0 5137 0.0 40 0 0 120 60.1 49.4 49.4
5337 0.1 50 0 0 5137 0.0 40 0 0 150 60.0 49.1 49.1
5337 0.1 50 0 0 5137 0.0 40 0 0 180 60.0 49.1 49.1
5337 0.1 50 0 0 5137 0.0 50 0 0 0 60.0 49.6 49.6
5337 0.1 50 0 0 5137 0.0 50 0 0 30 60.0 49.5 49.5
5337 0.1 50 0 0 5137 0.0 50 0 0 60 59.8 49.6 49.6
5337 0.1 50 0 0 5137 0.0 50 0 0 90 59.6 49.8 49.8
5337 0.1 50 0 0 5137 0.0 50 0 0 120 59.4 50.0 50.0
5337 0.1 50 0 0 5137 0.0 50 0 0 150 59.3 50.1 50.1
5337 0.1 50 0 0 5137 0.0 50 0 0 180 59.2 50.0 50.0
5337 0.1 50 0 0 5137 0.0 60 0 0 0 58.8 51.1 51.1
5337 0.1 50 0 0 5137 0.0 60 0 0 30 58.8 50.9 50.9
5337 0.1 50 0 0 5137 0.0 60 0 0 60 58.6 50.7 50.7
5337 0.1 50 0 0 5137 0.0 60 0 0 90 58.3 50.8 50.8
5337 0.1 50 0 0 5137 0.0 60 0 0 120 58.1 51.0 51.0
5337 0.1 50 0 0 5137 0.0 60 0 0 150 58.0 51.2 51.2
5337 0.1 50 0 0 5137 0.0 60 0 0 180 58.0 51.7 51.7
5337 0.1 50 0 0 5137 0.1 0 0 0 0 61.6 54.5 54.5
5337 0.1 50 0 0 5137 0.1 0 0 0 30 61.5 54.7 54.7
5337 0.1 50 0 0 5137 0.1 0 0 0 60 61.4 54.7 54.7
5337 0.1 50 0 0 5137 0.1 0 0 0 90 61.2 54.5 54.5
5337 0.1 50 0 0 5137 0.1 0 0 0 120 61.1 54.2 54.2
5337 0.1 50 0 0 5137 0.1 0 0 0 150 60.8 53.6 53.6
5337 0.1 50 0 0 5137 0.1 0 0 0 180 60.9 53.4 53.4
5337 0.1 50 0 0 5137 0.1 10 0 0 0 61.5 53.8 53.8
5337 0.1 50 0 0 5137 0.1 10 0 0 30 61.5 54.1 54.1
5337 0.1 50 0 0 5137 0.1 10 0 0 60 61.3 54.2 54.2
5337 0.1 50 0 0 5137 0.1 10 0 0 90 61.2 54.0 54.0
5337 0.1 50 0 0 5137 0.1 10 0 0 120 61.0 53.9 53.9
5337 0.1 50 0 0 5137 0.1 10 0 0 150 60.8 53.3 53.3
5337 0.1 50 0 0 5137 0.1 10 0 0 180 60.8 53.1 53.1
5337 0.1 50 0 0 5137 0.1 20 0 0 0 61.3 52.3 52.3
5337 0.1 50 0 0 5137 0.1 20 0 0 30 61.3 52.5 52.5
5337 0.1 50 0 0 5137 0.1 20 0 0 60 61.2 52.6 52.6
5337 0.1 50 0 0 5137 0.1 20 0 0 90 61.0 52.8 52.8
5337 0.1 50 0 0 5137 0.1 20 0 0 120 60.8 52.7 52.7
5337 0.1 50 0 0 5137 0.1 20 0 0 150 60.6 52.2 52.2
5337 0.1 50 0 0 5137 0.1 20 0 0 180 60.6 51.9 51.9
5337 0.1 50 0 0 5137 0.1 30 0 0 0 61.1 49.1 49.1
5337 0.1 50 0 0 5137 0.1 30 0 0 30 61.0 49.2 49.2
5337 0.1 50 0 0 5137 0.1 30 0 0 60 60.8 49.3 49.3
5337 0.1 50 0 0 5137 0.1 30 0 0 90 60.7 49.5 49.5
5337 0.1 50 0 0 5137 0.1 30 0 0 120 60.5 49.6 49.6
5337 0.1 50 0 0 5137 0.1 30 0 0 150 60.3 49.2 49.2
5337 0.1 50 0 0 5137 0.1 30 0 0 180 60.3 49.0 49.0
5337 0.1 50 0 0 5137 0.1 40 0 0 0 60.6 48.7 48.7
5337 0.1 50 0 0 5137 0.1 40 0 0 30 60.5 48.7 48.7
5337 0.1 50 0 0 5137 0.1 40 0 0 60 60.3 48.9 48.9
5337 0.1 50 0 0 5137 0.1 40 0 0 90 60.2 49.0 49.0
5337 0.1 50 0 0 5137 0.1 40 0 0 120 60.0 49.2 49.2
5337 0.1 50 0 0 5137 0.1 40 0 0 150 59.8 49.1 49.1
5337 0.1 50 0 0 5137 0.1 40 0 0 180 59.8 48.8 48.8
5337 0.1 50 0 0 5137 0.1 50 0 0 0 59.8 49.2 49.2
5337 0.1 50 0 0 5137 0.1 50 0 0 30 59.7 49.1 49.1
5337 0.1 50 0 0 5137 0.1 50 0 0 60 59.6 49.0 49.0
5337 0.1 50 0 0 5137 0.1 50 0 0 90 59.4 49.2 49.2
5337 0.1 50 0 0 5137 0.1 50 0 0 120 59.2 49.5 49.5
5337 0.1 50 0 0 5137 0.1 50 0 0 150 59.1 49.7 49.7
5337 0.1 50 0 0 5137 0.1 50 0 0 180 59.1 49.8 49.8
5337 0.1 50 0 0 5137 0.1 60 0 0 0 58.5 50.7 50.7
5337 0.1 50 0 0 5137 0.1 60 0 0 30 58.5 50.5 50.5
5337 0.1 50 0 0 5137 0.1 60 0 0 60 58.3 50.4 50.4
5337 0.1 50 0 0 5137 0.1 60 0 0 90 58.1 50.3 50.3
5337 0.1 50 0 0 5137 0.1 60 0 0 120 57.9 50.4 50.4
5337 0.1 50 0 0 5137 0.1 60 0 0 150 57.8 50.6 50.6
5337 0.1 50 0 0 5137 0.1 60 0 0 180 57.9 51.2 51.2
5337 0.1 50 0 0 5137 0.2 0 0 0 0 61.4 54.0 54.0
5337 0.1 50 0 0 5137 0.2 0 0 0 30 61.4 54.2 54.2
5337 0.1 50 0 0 5137 0.2 0 0 0 60 61.2 54.2 54.2
5337 0.1 50 0 0 5137 0.2 0 0 0 90 61.1 54.2 54.2
5337 0.1 50 0 0 5137 0.2 0 0 0 120 60.9 53.9 53.9
5337 0.1 50 0 0 5137 0.2 0 0 0 150 60.7 53.4 53.4
5337 0.1 50 0 0 5137 0.2 0 0 0 180 60.6 53.1 53.1
5337 0.1 50 0 0 5137 0.2 10 0 0 0 61.4 53.4 53.4
5337 0.1 50 0 0 5137 0.2 10 0 0 30 61.3 53.6 53.6
5337 0.1 50 0 0 5137 0.2 10 0 0 60 61.2 53.7 53.7
5337 0.1 50 0 0 5137 0.2 10 0 0 90 61.0 53.7 53.7
5337 0.1 50 0 0 5137 0.2 10 0 0 120 60.8 53.7 53.7
5337 0.1 50 0 0 5137 0.2 10 0 0 150 60.6 53.2 53.2
5337 0.1 50 0 0 5137 0.2 10 0 0 180 60.6 52.7 52.7
5337 0.1 50 0 0 5137 0.2 20 0 0 0 61.2 51.7 51.7
5337 0.1 50 0 0 5137 0.2 20 0 0 30 61.2 51.9 51.9
5337 0.1 50 0 0 5137 0.2 20 0 0 60 61.0 52.1 52.1
5337 0.1 50 0 0 5137 0.2 20 0 0 90 60.9 52.3 52.3
5337 0.1 50 0 0 5137 0.2 20 0 0 120 60.7 52.5 52.5
5337 0.1 50 0 0 5137 0.2 20 0 0 150 60.4 52.1 52.1
5337 0.1 50 0 0 5137 0.2 20 0 0 180 60.4 51.6 51.6
5337 0.1 50 0 0 5137 0.2 30 0 0 0 60.9 48.6 48.6
5337 0.1 50 0 0 5137 0.2 30 0 0 30 60.8 48.6 48.6
5337 0.1 50 0 0 5137 0.2 30 0 0 60 60.7 48.8 48.8
5337 0.1 50 0 0 5137 0.2 30 0 0 90 60.5 49.2 49.2
5337 0.1 50 0 0 5137 0.2 30 0 0 120 60.3 49.5 49.5
5337 0.1 50 0 0 5137 0.2 30 0 0 150 60.1 49.2 49.2
5337 0.1 50 0 0 5137 0.2 30 0 0 180 60.1 48.7 48.7
5337 0.1 50 0 0 5137 0.2 40 0 0 0 60.3 48.4 48.4
5337 0.1 50 0 0 5137 0.2 40 0 0 30 60.3 48.3 48.3
5337 0.1 50 0 0 5137 0.2 40 0 0 60 60.2 48.4 48.4
5337 0.1 50 0 0 5137 0.2 40 0 0 90 60.0 48.6 48.6
5337 0.1 50 0 0 5137 0.2 40 0 0 120 59.8 48.9 48.9
5337 0.1 50 0 0 5137 0.2 40 0 0 150 59.6 49.0 49.0
5337 0.1 50 0 0 5137 0.2 40 0 0 180 59.6 48.7 48.7
5337 0.1 50 0 0 5137 0.2 50 0 0 0 59.5 48.9 48.9
5337 0.1 50 0 0 5137 0.2 50 0 0 30 59.5 48.8 48.8
5337 0.1 50 0 0 5137 0.2 50 0 0 60 59.4 48.7 48.7
5337 0.1 50 0 0 5137 0.2 50 0 0 90 59.2 48.8 48.8
5337 0.1 50 0 0 5137 0.2 50 0 0 120 59.0 49.1 49.1
5337 0.1 50 0 0 5137 0.2 50 0 0 150 58.9 49.4 49.4
5337 0.1 50 0 0 5137 0.2 50 0 0 180 58.9 49.6 49.6
5337 0.1 50 0 0 5137 0.2 60 0 0 0 58.1 50.3 50.3
5337 0.1 50 0 0 5137 0.2 60 0 0 30 58.2 50.1 50.1
5337 0.1 50 0 0 5137 0.2 60 0 0 60 58.1 50.0 50.0
5337 0.1 50 0 0 5137 0.2 60 0 0 90 57.9 49.9 49.9
5337 0.1 50 0 0 5137 0.2 60 0 0 120 57.7 50.0 50.0
5337 0.1 50 0 0 5137 0.2 60 0 0 150 57.6 50.2 50.2
5337 0.1 50 0 0 5137 0.2 60 0 0 180 57.6 50.7 50.7
5337 0.1 50 0 0 5137 0.3 0 0 0 0 61.2 53.5 53.5
5337 0.1 50 0 0 5137 0.3 0 0 0 30 61.2 53.6 53.6
5337 0.1 50 0 0 5137 0.3 0 0 0 60 61.1 53.7 53.7
5337 0.1 50 0 0 5137 0.3 0 0 0 90 60.9 53.7 53.7
5337 0.1 50 0 0 5137 0.3 0 0 0 120 60.7 53.7 53.7
5337 0.1 50 0 0 5137 0.3 0 0 0 150 60.5 53.3 53.3
5337 0.1 50 0 0 5137 0.3 0 0 0 180 60.3 52.7 52.7
5337 0.1 50 0 0 5137 0.3 10 0 0 0 61.2 52.8 52.8
5337 0.1 50 0 0 5137 0.3 10 0 0 30 61.1 52.9 52.9
5337 0.1 50 0 0 5137 0.3 10 0 0 60 61.0 53.0 53.0
5337 0.1 50 0 0 5137 0.3 10 0 0 90 60.9 53.1 53.1
5337 0.1 50 0 0 5137 0.3 10 0 0 120 60.7 53.4 53.4
5337 0.1 50 0 0 5137 0.3 10 0 0 150 60.4 53.1 53.1
5337 0.1 50 0 0 5137 0.3 10 0 0 180 60.3 52.4 52.4
5337 0.1 50 0 0 5137 0.3 20 0 0 0 61.0 50.9 50.9
5337 0.1 50 0 0 5137 0.3 20 0 0 30 60.9 51.1 51.1
5337 0.1 50 0 0 5137 0.3 20 0 0 60 60.8 51.3 51.3
5337 0.1 50 0 0 5137 0.3 20 0 0 90 60.7 51.7 51.7
5337 0.1 50 0 0 5137 0.3 20 0 0 120 60.5 52.0 52.0
5337 0.1 50 0 0 5137 0.3 20 0 0 150 60.2 52.0 52.0
5337 0.1 50 0 0 5137 0.3 20 0 0 180 60.1 51.1 51.1
5337 0.1 50 0 0 5137 0.3 30 0 0 0 60.6 48.2 48.2
5337 0.1 50 0 0 5137 0.3 30 0 0 30 60.6 48.2 48.2
5337 0.1 50 0 0 5137 0.3 30 0 0 60 60.5 48.4 48.4
5337 0.1 50 0 0 5137 0.3 30 0 0 90 60.4 48.8 48.8
5337 0.1 50 0 0 5137 0.3 30 0 0 120 60.2 49.3 49.3
5337 0.1 50 0 0 5137 0.3 30 0 0 150 59.9 49.5 49.5
5337 0.1 50 0 0 5137 0.3 30 0 0 180 59.8 48.8 48.8
5337 0.1 50 0 0 5137 0.3 40 0 0 0 60.1 48.2 48.2
5337 0.1 50 0 0 5137 0.3 40 0 0 30 60.1 48.2 48.2
5337 0.1 50 0 0 5137 0.3 40 0 0 60 59.9 48.2 48.2
5337 0.1 50 0 0 5137 0.3 40 0 0 90 59.8 48.3 48.3
5337 0.1 50 0 0 5137 0.3 40 0 0 120 59.7 48.7 48.7
5337 0.1 50 0 0 5137 0.3 40 0 0 150 59.4 49.1 49.1
5337 0.1 50 0 0 5137 0.3 40 0 0 180 59.4 48.7 48.7
5337 0.1 50 0 0 5137 0.3 50 0 0 0 59.1 48.8 48.8
5337 0.1 50 0 0 5137 0.3 50 0 0 30 59.2 48.6 48.6
5337 0.1 50 0 0 5137 0.3 50 0 0 60 59.1 48.5 48.5
5337 0.1 50 0 0 5137 0.3 50 0 0 90 59.1 48.5 48.5
5337 0.1 50 0 0 5137 0.3 50 0 0 120 58.9 48.6 48.6
5337 0.1 50 0 0 5137 0.3 50 0 0 150 58.7 49.1 49.1
5337 0.1 50 0 0 5137 0.3 50 0 0 180 58.7 49.4 49.4
5337 0.1 50 0 0 5137 0.3 60 0 0 0 57.7 50.0 50.0
5337 0.1 50 0 0 5137 0.3 60 0 0 30 57.7 49.9 49.9
5337 0.1 50 0 0 5137 0.3 60 0 0 60 57.8 49.7 49.7
5337 0.1 50 0 0 5137 0.3 60 0 0 90 57.7 49.6 49.6
5337 0.1 50 0 0 5137 0.3 60 0 0 120 57.5 49.5 49.5
5337 0.1 50 0 0 5137 0.3 60 0 0 150 57.3 49.7 49.7
5337 0.1 50 0 0 5137 0.3 60 0 0 180 57.4 50.3 50.3
5337 0.1 50 0 0 5137 0.4 0 0 0 0 61.0 52.7 52.7
5337 0.1 50 0 0 5137 0.4 0 0 0 30 61.0 52.9 52.9
5337 0.1 50 0 0 5137 0.4 0 0 0 60 60.9 53.0 53.0
5337 0.1 50 0 0 5137 0.4 0 0 0 90 60.8 53.1 53.1
5337 0.1 50 0 0 5137 0.4 0 0 0 120 60.6 53.3 53.3
5337 0.1 50 0 0 5137 0.4 0 0 0 150 60.3 53.3 53.3
5337 0.1 50 0 0 5137 0.4 0 0 0 180 60.1 52.3 52.3
5337 0.1 50 0 0 5137 0.4 10 0 0 0 60.9 51.9 51.9
5337 0.1 50 0 0 5137 0.4 10 0 0 30 60.9 52.1 52.1
5337 0.1 50 0 0 5137 0.4 10 0 0 60 60.8 52.2 52.2
5337 0.1 50 0 0 5137 0.4 10 0 0 90 60.7 52.4 52.4
5337 0.1 50 0 0 5137 0.4 10 0 0 120 60.6 52.9 52.9
5337 0.1 50 0 0 5137 0.4 10 0 0 150 60.3 53.0 53.0
5337 0.1 50 0 0 5137 0.4 10 0 0 180 60.1 51.9 51.9
5337 0.1 50 0 0 5137 0.4 20 0 0 0 60.7 49.8 49.8
5337 0.1 50 0 0 5137 0.4 20 0 0 30 60.7 49.9 49.9
5337 0.1 50 0 0 5137 0.4 20 0 0 60 60.6 50.1 50.1
5337 0.1 50 0 0 5137 0.4 20 0 0 90 60.6 50.5 50.5
5337 0.1 50 0 0 5137 0.4 20 0 0 120 60.4 51.0 51.0
5337 0.1 50 0 0 5137 0.4 20 0 0 150 60.1 51.3 51.3
5337 0.1 50 0 0 5137 0.4 20 0 0 180 59.9 50.3 50.3
5337 0.1 50 0 0 5137 0.4 30 0 0 0 60.3 47.9 47.9
5337 0.1 50 0 0 5137 0.4 30 0 0 30 60.3 48.0 48.0
5337 0.1 50 0 0 5137 0.4 30 0 0 60 60.3 48.2 48.2
5337 0.1 50 0 0 5137 0.4 30 0 0 90 60.2 48.6 48.6
5337 0.1 50 0 0 5137 0.4 30 0 0 120 60.1 49.1 49.1
5337 0.1 50 0 0 5137 0.4 30 0 0 150 59.8 49.6 49.6
5337 0.1 50 0 0 5137 0.4 30 0 0 180 59.7 48.9 48.9
5337 0.1 50 0 0 5137 0.4 40 0 0 0 59.7 48.0 48.0
5337 0.1 50 0 0 5137 0.4 40 0 0 30 59.7 48.1 48.1
5337 0.1 50 0 0 5137 0.4 40 0 0 60 59.7 48.1 48.1
5337 0.1 50 0 0 5137 0.4 40 0 0 90 59.7 48.2 48.2
5337 0.1 50 0 0 5137 0.4 40 0 0 120 59.6 48.5 48.5
5337 0.1 50 0 0 5137 0.4 40 0 0 150 59.3 49.0 49.0
5337 0.1 50 0 0 5137 0.4 40 0 0 180 59.2 48.9 48.9
5337 0.1 50 0 0 5137 0.4 50 0 0 0 58.7 48.8 48.8
5337 0.1 50 0 0 5137 0.4 50 0 0 30 58.8 48.8 48.8
5337 0.1 50 0 0 5137 0.4 50 0 0 60 58.8 48.7 48.7
5337 0.1 50 0 0 5137 0.4 50 0 0 90 58.8 48.6 48.6
5337 0.1 50 0 0 5137 0.4 50 0 0 120 58.7 48.6 48.6
5337 0.1 50 0 0 5137 0.4 50 0 0 150 58.5 48.8 48.8
5337 0.1 50 0 0 5137 0.4 50 0 0 180 58.5 49.2 49.2
5337 0.1 50 0 0 5137 0.4 60 0 0 0 57.1 49.7 49.7
5337 0.1 50 0 0 5137 0.4 60 0 0 30 57.2 49.6 49.6
5337 0.1 50 0 0 5137 0.4 60 0 0 60 57.3 49.5 49.5
5337 0.1 50 0 0 5137 0.4 60 0 0 90 57.4 49.4 49.4
5337 0.1 50 0 0 5137 0.4 60 0 0 120 57.2 49.3 49.3
5337 0.1 50 0 0 5137 0.4 60 0 0 150 57.0 49.3 49.3
5337 0.1 50 0 0 5137 0.4 60 0 0 180 57.1 49.8 49.8
5337 0.1 50 0 0 5137 0.5 0 0 0 0 60.7 51.8 51.8
5337 0.1 50 0 0 5137 0.5 0 0 0 30 60.7 51.9 51.9
5337 0.1 50 0 0 5137 0.5 0 0 0 60 60.7 52.0 52.0
5337 0.1 50 0 0 5137 0.5 0 0 0 90 60.6 52.2 52.2
5337 0.1 50 0 0 5137 0.5 0 0 0 120 60.5 52.7 52.7
5337 0.1 50 0 0 5137 0.5 0 0 0 150 60.3 53.1 53.1
5337 0.1 50 0 0 5137 0.5 0 0 0 180 60.0 51.8 51.8
5337 0.1 50 0 0 5137 0.5 10 0 0 0 60.6 50.9 50.9
5337 0.1 50 0 0 5137 0.5 10 0 0 30 60.6 51.0 51.0
5337 0.1 50 0 0 5137 0.5 10 0 0 60 60.6 51.1 51.1
5337 0.1 50 0 0 5137 0.5 10 0 0 90 60.6 51.4 51.4
5337 0.1 50 0 0 5137 0.5 10 0 0 120 60.5 52.0 52.0
5337 0.1 50 0 0 5137 0.5 10 0 0 150 60.2 52.5 52.5
5337 0.1 50 0 0 5137 0.5 10 0 0 180 59.9 51.3 51.3
5337 0.1 50 0 0 5137 0.5 20 0 0 0 60.3 48.9 48.9
5337 0.1 50 0 0 5137 0.5 20 0 0 30 60.4 49.0 49.0
5337 0.1 50 0 0 5137 0.5 20 0 0 60 60.4 49.2 49.2
5337 0.1 50 0 0 5137 0.5 20 0 0 90 60.3 49.6 49.6
5337 0.1 50 0 0 5137 0.5 20 0 0 120 60.3 50.2 50.2
5337 0.1 50 0 0 5137 0.5 20 0 0 150 60.0 50.9 50.9
5337 0.1 50 0 0 5137 0.5 20 0 0 180 59.8 49.8 49.8
5337 0.1 50 0 0 5137 0.5 30 0 0 0 59.9 47.9 47.9
5337 0.1 50 0 0 5137 0.5 30 0 0 30 60.0 48.0 48.0
5337 0.1 50 0 0 5137 0.5 30 0 0 60 60.0 48.1 48.1
5337 0.1 50 0 0 5137 0.5 30 0 0 90 60.0 48.3 48.3
5337 0.1 50 0 0 5137 0.5 30 0 0 120 59.9 48.9 48.9
5337 0.1 50 0 0 5137 0.5 30 0 0 150 59.7 49.8 49.8
5337 0.1 50 0 0 5137 0.5 30 0 0 180 59.5 49.2 49.2
5337 0.1 50 0 0 5137 0.5 40 0 0 0 59.2 48.1 48.1
5337 0.1 50 0 0 5137 0.5 40 0 0 30 59.3 48.2 48.2
5337 0.1 50 0 0 5137 0.5 40 0 0 60 59.3 48.2 48.2
5337 0.1 50 0 0 5137 0.5 40 0 0 90 59.4 48.3 48.3
5337 0.1 50 0 0 5137 0.5 40 0 0 120 59.4 48.5 48.5
5337 0.1 50 0 0 5137 0.5 40 0 0 150 59.2 49.1 49.1
5337 0.1 50 0 0 5137 0.5 40 0 0 180 59.1 49.2 49.2
5337 0.1 50 0 0 5137 0.5 50 0 0 0 58.2 48.7 48.7
5337 0.1 50 0 0 5137 0.5 50 0 0 30 58.3 48.7 48.7
5337 0.1 50 0 0 5137 0.5 50 0 0 60 58.4 48.8 48.8
5337 0.1 50 0 0 5137 0.5 50 0 0 90 58.5 48.8 48.8
5337 0.1 50 0 0 5137 0.5 50 0 0 120 58.5 48.7 48.7
5337 0.1 50 0 0 5137 0.5 50 0 0 150 58.3 48.8 48.8
5337 0.1 50 0 0 5137 0.5 50 0 0 180 58.4 49.2 49.2
5337 0.1 50 0 0 5137 0.5 60 0 0 0 56.5 49.5 49.5
5337 0.1 50 0 0 5137 0.5 60 0 0 30 56.5 49.5 49.5
5337 0.1 50 0 0 5137 0.5 60 0 0 60 56.6 49.5 49.5
5337 0.1 50 0 0 5137 0.5 60 0 0 90 56.8 49.4 49.4
5337 0.1 50 0 0 5137 0.5 60 0 0 120 56.9 49.2 49.2
5337 0.1 50 0 0 5137 0.5 60 0 0 150 56.6 49.2 49.2
5337 0.1 50 0 0 5137 0.5 60 0 0 180 56.6 49.5 49.5
5337 0.1 50 0 0 5337 0.0 0 0 0 0 41.8 43.8 43.8
5337 0.1 50 0 0 5337 0.0 0 0 0 30 48.5 46.2 46.2
5337 0.1 50 0 0 5337 0.0 0 0 0 60 56.8 51.5 51.5
5337 0.1 50 0 0 5337 0.0 0 0 0 90 65.1 57.0 57.0
5337 0.1 50 0 0 5337 0.0 0 0 0 120 72.5 61.9 61.9
5337 0.1 50 0 0 5337 0.0 0 0 0 150 75.9 64.8 64.8
5337 0.1 50 0 0 5337 0.0 0 0 0 180 76.1 64.4 64.4
5337 0.1 50 0 0 5337 0.0 10 0 0 0 41.7 41.6 41.6
5337 0.1 50 0 0 5337 0.0 10 0 0 30 48.3 45.0 45.0
5337 0.1 50 0 0 5337 0.0 10 0 0 60 56.7 50.7 50.7
5337 0.1 50 0 0 5337 0.0 10 0 0 90 65.0 56.6 56.6
5337 0.1 50 0 0 5337 0.0 10 0 0 120 72.4 62.0 62.0
5337 0.1 50 0 0 5337 0.0 10 0 0 150 75.8 65.0 65.0
5337 0.1 50 0 0 5337 0.0 10 0 0 180 76.0 64.8 64.8
5337 0.1 50 0 0 5337 0.0 20 0 0 0 41.3 38.9 38.9
5337 0.1 50 0 0 5337 0.0 20 0 0 30 48.1 43.1 43.1
5337 0.1 50 0 0 5337 0.0 20 0 0 60 56.4 49.2 49.2
5337 0.1 50 0 0 5337 0.0 20 0 0 90 64.7 55.4 55.4
5337 0.1 50 0 0 5337 0.0 20 0 0 120 72.2 61.2 61.2
5337 0.1 50 0 0 5337 0.0 20 0 0 150 75.6 63.9 63.9
5337 0.1 50 0 0 5337 0.0 20 0 0 180 75.8 64.0 64.0
5337 0.1 50 0 0 5337 0.0 30 0 0 0 40.8 34.4 34.4
5337 0.1 50 0 0 5337 0.0 30 0 0 30 47.8 39.3 39.3
5337 0.1 50 0 0 5337 0.0 30 0 0 60 56.1 45.6 45.6
5337 0.1 50 0 0 5337 0.0 30 0 0 90 64.4 52.1 52.1
5337 0.1 50 0 0 5337 0.0 30 0 0 120 71.9 58.1 58.1
5337 0.1 50 0 0 5337 0.0 30 0 0 150 75.2 60.8 60.8
5337 0.1 50 0 0 5337 0.0 30 0 0 180 75.3 60.9 60.9
5337 0.1 50 0 0 5337 0.0 40 0 0 0 40.2 33.2 33.2
5337 0.1 50 0 0 5337 0.0 40 0 0 30 47.3 38.3 38.3
5337 0.1 50 0 0 5337 0.0 40 0 0 60 55.6 45.0 45.0
5337 0.1 50 0 0 5337 0.0 40 0 0 90 63.9 51.7 51.7
5337 0.1 50 0 0 5337 0.0 40 0 0 120 71.4 57.8 57.8
5337 0.1 50 0 0 5337 0.0 40 0 0 150 74.5 60.5 60.5
5337 0.1 50 0 0 5337 0.0 40 0 0 180 74.6 60.6 60.6
5337 0.1 50 0 0 5337 0.0 50 0 0 0 39.6 33.6 33.6
5337 0.1 50 0 0 5337 0.0 50 0 0 30 46.6 38.5 38.5
5337 0.1 50 0 0 5337 0.0 50 0 0 60 54.9 45.4 45.4
5337 0.1 50 0 0 5337 0.0 50 0 0 90 63.2 52.2 52.2
5337 0.1 50 0 0 5337 0.0 50 0 0 120 70.6 58.3 58.3
5337 0.1 50 0 0 5337 0.0 50 0 0 150 73.5 61.4 61.4
5337 0.1 50 0 0 5337 0.0 50 0 0 180 73.5 61.5 61.5
5337 0.1 50 0 0 5337 0.0 60 0 0 0 38.9 34.6 34.6
5337 0.1 50 0 0 5337 0.0 60 0 0 30 45.6 39.4 39.4
5337 0.1 50 0 0 5337 0.0 60 0 0 60 53.9 46.4 46.4
5337 0.1 50 0 0 5337 0.0 60 0 0 90 62.1 53.4 53.4
5337 0.1 50 0 0 5337 0.0 60 0 0 120 68.9 59.7 59.7
5337 0.1 50 0 0 5337 0.0 60 0 0 150 71.7 63.3 63.3
5337 0.1 50 0 0 5337 0.0 60 0 0 180 71.8 63.3 63.3
5337 0.1 50 0 0 5337 0.1 0 0 0 0 41.2 43.7 43.7
5337 0.1 50 0 0 5337 0.1 0 0 0 30 47.0 45.3 45.3
5337 0.1 50 0 0 5337 0.1 0 0 0 60 54.1 49.1 49.1
5337 0.1 50 0 0 5337 0.1 0 0 0 90 61.9 54.7 54.7
5337 0.1 50 0 0 5337 0.1 0 0 0 120 70.0 60.5 60.5
5337 0.1 50 0 0 5337 0.1 0 0 0 150 74.8 64.8 64.8
5337 0.1 50 0 0 5337 0.1 0 0 0 180 76.1 63.5 63.5
5337 0.1 50 0 0 5337 0.1 10 0 0 0 41.0 41.5 41.5
5337 0.1 50 0 0 5337 0.1 10 0 0 30 46.9 43.7 43.7
5337 0.1 50 0 0 5337 0.1 10 0 0 60 54.0 48.3 48.3
5337 0.1 50 0 0 5337 0.1 10 0 0 90 61.8 54.1 54.1
5337 0.1 50 0 0 5337 0.1 10 0 0 120 69.9 60.3 60.3
5337 0.1 50 0 0 5337 0.1 10 0 0 150 74.7 64.8 64.8
5337 0.1 50 0 0 5337 0.1 10 0 0 180 76.0 64.0 64.0
5337 0.1 50 0 0 5337 0.1 20 0 0 0 40.6 38.7 38.7
5337 0.1 50 0 0 5337 0.1 20 0 0 30 46.6 41.6 41.6
5337 0.1 50 0 0 5337 0.1 20 0 0 60 53.8 46.7 46.7
5337 0.1 50 0 0 5337 0.1 20 0 0 90 61.6 52.8 52.8
5337 0.1 50 0 0 5337 0.1 20 0 0 120 69.7 59.2 59.2
5337 0.1 50 0 0 5337 0.1 20 0 0 150 74.5 63.7 63.7
5337 0.1 50 0 0 5337 0.1 20 0 0 180 75.8 63.7 63.7
5337 0.1 50 0 0 5337 0.1 30 0 0 0 40.0 33.8 33.8
5337 0.1 50 0 0 5337 0.1 30 0 0 30 46.3 37.5 37.5
5337 0.1 50 0 0 5337 0.1 30 0 0 60 53.4 43.1 43.1
5337 0.1 50 0 0 5337 0.1 30 0 0 90 61.2 49.4 49.4
5337 0.1 50 0 0 5337 0.1 30 0 0 120 69.4 56.0 56.0
5337 0.1 50 0 0 5337 0.1 30 0 0 150 74.1 60.5 60.5
5337 0.1 50 0 0 5337 0.1 30 0 0 180 75.3 60.7 60.7
5337 0.1 50 0 0 5337 0.1 40 0 0 0 39.1 32.0 32.0
5337 0.1 50 0 0 5337 0.1 40 0 0 30 45.8 36.5 36.5
5337 0.1 50 0 0 5337 0.1 40 0 0 60 52.9 42.4 42.4
5337 0.1 50 0 0 5337 0.1 40 0 0 90 60.7 48.8 48.8
5337 0.1 50 0 0 5337 0.1 40 0 0 120 69.0 55.3 55.3
5337 0.1 50 0 0 5337 0.1 40 0 0 150 73.5 60.0 60.0
5337 0.1 50 0 0 5337 0.1 40 0 0 180 74.6 60.4 60.4
5337 0.1 50 0 0 5337 0.1 50 0 0 0 38.2 31.6 31.6
5337 0.1 50 0 0 5337 0.1 50 0 0 30 45.1 36.6 36.6
5337 0.1 50 0 0 5337 0.1 50 0 0 60 52.3 42.6 42.6
5337 0.1 50 0 0 5337 0.1 50 0 0 90 60.1 49.0 49.0
5337 0.1 50 0 0 5337 0.1 50 0 0 120 68.3 55.6 55.6
5337 0.1 50 0 0 5337 0.1 50 0 0 150 72.5 60.5 60.5
5337 0.1 50 0 0 5337 0.1 50 0 0 180 73.5 61.3 61.3
5337 0.1 50 0 0 5337 0.1 60 0 0 0 37.8 33.3 33.3
5337 0.1 50 0 0 5337 0.1 60 0 0 30 44.1 37.5 37.5
5337 0.1 50 0 0 5337 0.1 60 0 0 60 51.2 43.5 43.5
5337 0.1 50 0 0 5337 0.1 60 0 0 90 59.0 50.0 50.0
5337 0.1 50 0 0 5337 0.1 60 0 0 120 66.8 56.7 56.7
5337 0.1 50 0 0 5337 0.1 60 0 0 150 70.7 62.0 62.0
5337 0.1 50 0 0 5337 0.1 60 0 0 180 71.8 63.1 63.1
5337 0.1 50 0 0 5337 0.2 0 0 0 0 41.7 43.6 43.6
5337 0.1 50 0 0 5337 0.2 0 0 0 30 45.7 44.9 44.9
5337 0.1 50 0 0 5337 0.2 0 0 0 60 51.7 47.3 47.3
5337 0.1 50 0 0 5337 0.2 0 0 0 90 58.8 52.1 52.1
5337 0.1 50 0 0 5337 0.2 0 0 0 120 67.3 58.5 58.5
5337 0.1 50 0 0 5337 0.2 0 0 0 150 73.2 64.8 64.8
5337 0.1 50 0 0 5337 0.2 0 0 0 180 76.1 62.6 62.6
5337 0.1 50 0 0 5337 0.2 10 0 0 0 41.6 41.4 41.4
5337 0.1 50 0 0 5337 0.2 10 0 0 30 45.6 43.1 43.1
5337 0.1 50 0 0 5337 0.2 10 0 0 60 51.6 46.2 46.2
5337 0.1 50 0 0 5337 0.2 10 0 0 90 58.7 51.4 51.4
5337 0.1 50 0 0 5337 0.2 10 0 0 120 67.2 58.0 58.0
5337 0.1 50 0 0 5337 0.2 10 0 0 150 73.2 64.4 64.4
5337 0.1 50 0 0 5337 0.2 10 0 0 180 76.0 63.1 63.1
5337 0.1 50 0 0 5337 0.2 20 0 0 0 41.3 38.6 38.6
5337 0.1 50 0 0 5337 0.2 20 0 0 30 45.3 40.7 40.7
5337 0.1 50 0 0 5337 0.2 20 0 0 60 51.4 44.3 44.3
5337 0.1 50 0 0 5337 0.2 20 0 0 90 58.5 49.9 49.9
5337 0.1 50 0 0 5337 0.2 20 0 0 120 67.0 56.8 56.8
5337 0.1 50 0 0 5337 0.2 20 0 0 150 72.9 62.8 62.8
5337 0.1 50 0 0 5337 0.2 20 0 0 180 75.7 62.9 62.9
5337 0.1 50 0 0 5337 0.2 30 0 0 0 40.9 34.1 34.1
5337 0.1 50 0 0 5337 0.2 30 0 0 30 45.0 36.5 36.5
5337 0.1 50 0 0 5337 0.2 30 0 0 60 51.0 40.8 40.8
5337 0.1 50 0 0 5337 0.2 30 0 0 90 58.1 46.6 46.6
5337 0.1 50 0 0 5337 0.2 30 0 0 120 66.7 53.4 53.4
5337 0.1 50 0 0 5337 0.2 30 0 0 150 72.5 59.4 59.4
5337 0.1 50 0 0 5337 0.2 30 0 0 180 75.3 60.6 60.6
5337 0.1 50 0 0 5337 0.2 40 0 0 0 40.3 32.4 32.4
5337 0.1 50 0 0 5337 0.2 40 0 0 30 44.5 35.1 35.1
5337 0.1 50 0 0 5337 0.2 40 0 0 60 50.5 40.0 40.0
5337 0.1 50 0 0 5337 0.2 40 0 0 90 57.6 45.8 45.8
5337 0.1 50 0 0 5337 0.2 40 0 0 120 66.3 52.6 52.6
5337 0.1 50 0 0 5337 0.2 40 0 0 150 71.9 58.7 58.7
5337 0.1 50 0 0 5337 0.2 40 0 0 180 74.6 60.3 60.3
5337 0.1 50 0 0 5337 0.2 50 0 0 0 39.7 32.1 32.1
5337 0.1 50 0 0 5337 0.2 50 0 0 30 43.8 35.0 35.0
5337 0.1 50 0 0 5337 0.2 50 0 0 60 49.8 40.1 40.1
5337 0.1 50 0 0 5337 0.2 50 0 0 90 56.9 46.0 46.0
5337 0.1 50 0 0 5337 0.2 50 0 0 120 65.6 52.8 52.8
5337 0.1 50 0 0 5337 0.2 50 0 0 150 70.9 59.1 59.1
5337 0.1 50 0 0 5337 0.2 50 0 0 180 73.5 61.1 61.1
5337 0.1 50 0 0 5337 0.2 60 0 0 0 39.3 33.4 33.4
5337 0.1 50 0 0 5337 0.2 60 0 0 30 42.8 35.8 35.8
5337 0.1 50 0 0 5337 0.2 60 0 0 60 48.8 40.8 40.8
5337 0.1 50 0 0 5337 0.2 60 0 0 90 55.9 46.7 46.7
5337 0.1 50 0 0 5337 0.2 60 0 0 120 64.2 53.7 53.7
5337 0.1 50 0 0 5337 0.2 60 0 0 150 69.1 60.2 60.2
5337 0.1 50 0 0 5337 0.2 60 0 0 180 71.8 62.8 62.8
5337 0.1 50 0 0 5337 0.3 0 0 0 0 43.1 43.6 43.6
5337 0.1 50 0 0 5337 0.3 0 0 0 30 45.3 44.7 44.7
5337 0.1 50 0 0 5337 0.3 0 0 0 60 49.5 46.5 46.5
5337 0.1 50 0 0 5337 0.3 0 0 0 90 55.7 49.5 49.5
5337 0.1 50 0 0 5337 0.3 0 0 0 120 64.3 55.9 55.9
5337 0.1 50 0 0 5337 0.3 0 0 0 150 71.3 63.8 63.8
5337 0.1 50 0 0 5337 0.3 0 0 0 180 75.3 61.4 61.4
5337 0.1 50 0 0 5337 0.3 10 0 0 0 43.0 41.5 41.5
5337 0.1 50 0 0 5337 0.3 10 0 0 30 45.1 42.9 42.9
5337 0.1 50 0 0 5337 0.3 10 0 0 60 49.4 45.0 45.0
5337 0.1 50 0 0 5337 0.3 10 0 0 90 55.6 48.6 48.6
5337 0.1 50 0 0 5337 0.3 10 0 0 120 64.2 55.3 55.3
5337 0.1 50 0 0 5337 0.3 10 0 0 150 71.2 62.9 62.9
5337 0.1 50 0 0 5337 0.3 10 0 0 180 75.3 62.0 62.0
5337 0.1 50 0 0 5337 0.3 20 0 0 0 42.8 38.9 38.9
5337 0.1 50 0 0 5337 0.3 20 0 0 30 44.8 40.3 40.3
5337 0.1 50 0 0 5337 0.3 20 0 0 60 49.1 42.8 42.8
5337 0.1 50 0 0 5337 0.3 20 0 0 90 55.4 47.0 47.0
5337 0.1 50 0 0 5337 0.3 20 0 0 120 63.9 53.9 53.9
5337 0.1 50 0 0 5337 0.3 20 0 0 150 71.0 61.2 61.2
5337 0.1 50 0 0 5337 0.3 20 0 0 180 75.0 61.8 61.8
5337 0.1 50 0 0 5337 0.3 30 0 0 0 42.6 35.0 35.0
5337 0.1 50 0 0 5337 0.3 30 0 0 30 44.4 36.4 36.4
5337 0.1 50 0 0 5337 0.3 30 0 0 60 48.8 39.2 39.2
5337 0.1 50 0 0 5337 0.3 30 0 0 90 55.0 44.0 44.0
5337 0.1 50 0 0 5337 0.3 30 0 0 120 63.6 50.8 50.8
5337 0.1 50 0 0 5337 0.3 30 0 0 150 70.6 58.0 58.0
5337 0.1 50 0 0 5337 0.3 30 0 0 180 74.7 60.2 60.2
5337 0.1 50 0 0 5337 0.3 40 0 0 0 42.2 33.7 33.7
5337 0.1 50 0 0 5337 0.3 40 0 0 30 43.8 35.0 35.0
5337 0.1 50 0 0 5337 0.3 40 0 0 60 48.3 38.0 38.0
5337 0.1 50 0 0 5337 0.3 40 0 0 90 54.6 43.1 43.1
5337 0.1 50 0 0 5337 0.3 40 0 0 120 63.1 49.9 49.9
5337 0.1 50 0 0 5337 0.3 40 0 0 150 69.9 57.1 57.1
5337 0.1 50 0 0 5337 0.3 40 0 0 180 74.0 60.3 60.3
5337 0.1 50 0 0 5337 0.3 50 0 0 0 41.9 33.5 33.5
5337 0.1 50 0 0 5337 0.3 50 0 0 30 43.2 34.2 34.2
5337 0.1 50 0 0 5337 0.3 50 0 0 60 47.6 37.8 37.8
5337 0.1 50 0 0 5337 0.3 50 0 0 90 53.9 42.9 42.9
5337 0.1 50 0 0 5337 0.3 50 0 0 120 62.4 49.8 49.8
5337 0.1 50 0 0 5337 0.3 50 0 0 150 68.9 57.3 57.3
5337 0.1 50 0 0 5337 0.3 50 0 0 180 72.9 61.1 61.1
5337 0.1 50 0 0 5337 0.3 60 0 0 0 41.5 34.4 34.4
5337 0.1 50 0 0 5337 0.3 60 0 0 30 42.9 35.0 35.0
5337 0.1 50 0 0 5337 0.3 60 0 0 60 46.6 38.3 38.3
5337 0.1 50 0 0 5337 0.3 60 0 0 90 52.8 43.5 43.5
5337 0.1 50 0 0 5337 0.3 60 0 0 120 61.2 50.4 50.4
5337 0.1 50 0 0 5337 0.3 60 0 0 150 67.2 58.1 58.1
5337 0.1 50 0 0 5337 0.3 60 0 0 180 71.1 62.5 62.5
5337 0.1 50 0 0 5337 0.4 0 0 0 0 44.9 43.7 43.7
5337 0.1 50 0 0 5337 0.4 0 0 0 30 45.9 44.7 44.7
5337 0.1 50 0 0 5337 0.4 0 0 0 60 48.1 46.1 46.1
5337 0.1 50 0 0 5337 0.4 0 0 0 90 52.8 48.3 48.3
5337 0.1 50 0 0 5337 0.4 0 0 0 120 60.9 52.8 52.8
5337 0.1 50 0 0 5337 0.4 0 0 0 150 69.0 61.9 61.9
5337 0.1 50 0 0 5337 0.4 0 0 0 180 74.1 60.2 60.2
5337 0.1 50 0 0 5337 0.4 10 0 0 0 44.8 41.9 41.9
5337 0.1 50 0 0 5337 0.4 10 0 0 30 45.8 42.9 42.9
5337 0.1 50 0 0 5337 0.4 10 0 0 60 47.9 44.4 44.4
5337 0.1 50 0 0 5337 0.4 10 0 0 90 52.7 46.9 46.9
5337 0.1 50 0 0 5337 0.4 10 0 0 120 60.7 52.2 52.2
5337 0.1 50 0 0 5337 0.4 10 0 0 150 69.0 60.9 60.9
5337 0.1 50 0 0 5337 0.4 10 0 0 180 74.0 60.8 60.8
5337 0.1 50 0 0 5337 0.4 20 0 0 0 44.7 39.4 39.4
5337 0.1 50 0 0 5337 0.4 20 0 0 30 45.6 40.2 40.2
5337 0.1 50 0 0 5337 0.4 20 0 0 60 47.6 41.9 41.9
5337 0.1 50 0 0 5337 0.4 20 0 0 90 52.5 44.7 44.7
5337 0.1 50 0 0 5337 0.4 20 0 0 120 60.5 50.4 50.4
5337 0.1 50 0 0 5337 0.4 20 0 0 150 68.7 58.8 58.8
5337 0.1 50 0 0 5337 0.4 20 0 0 180 73.8 60.4 60.4
5337 0.1 50 0 0 5337 0.4 30 0 0 0 44.5 36.5 36.5
5337 0.1 50 0 0 5337 0.4 30 0 0 30 45.4 37.0 37.0
5337 0.1 50 0 0 5337 0.4 30 0 0 60 47.2 38.9 38.9
5337 0.1 50 0 0 5337 0.4 30 0 0 90 52.1 41.9 41.9
5337 0.1 50 0 0 5337 0.4 30 0 0 120 60.1 47.9 47.9
5337 0.1 50 0 0 5337 0.4 30 0 0 150 68.3 56.2 56.2
5337 0.1 50 0 0 5337 0.4 30 0 0 180 73.3 59.5 59.5
5337 0.1 50 0 0 5337 0.4 40 0 0 0 44.4 35.5 35.5
5337 0.1 50 0 0 5337 0.4 40 0 0 30 45.1 35.8 35.8
5337 0.1 50 0 0 5337 0.4 40 0 0 60 46.7 37.4 37.4
5337 0.1 50 0 0 5337 0.4 40 0 0 90 51.6 40.6 40.6
5337 0.1 50 0 0 5337 0.4 40 0 0 120 59.6 47.0 47.0
5337 0.1 50 0 0 5337 0.4 40 0 0 150 67.6 55.4 55.4
5337 0.1 50 0 0 5337 0.4 40 0 0 180 72.6 60.2 60.2
5337 0.1 50 0 0 5337 0.4 50 0 0 0 44.2 35.3 35.3
5337 0.1 50 0 0 5337 0.4 50 0 0 30 44.8 35.4 35.4
5337 0.1 50 0 0 5337 0.4 50 0 0 60 46.3 36.4 36.4
5337 0.1 50 0 0 5337 0.4 50 0 0 90 50.9 40.1 40.1
5337 0.1 50 0 0 5337 0.4 50 0 0 120 59.0 46.6 46.6
5337 0.1 50 0 0 5337 0.4 50 0 0 150 66.6 55.2 55.2
5337 0.1 50 0 0 5337 0.4 50 0 0 180 71.5 61.0 61.0
5337 0.1 50 0 0 5337 0.4 60 0 0 0 44.0 35.8 35.8
5337 0.1 50 0 0 5337 0.4 60 0 0 30 44.6 35.9 35.9
5337 0.1 50 0 0 5337 0.4 60 0 0 60 46.0 36.9 36.9
5337 0.1 50 0 0 5337 0.4 60 0 0 90 50.0 40.4 40.4
5337 0.1 50 0 0 5337 0.4 60 0 0 120 57.7 47.0 47.0
5337 0.1 50 0 0 5337 0.4 60 0 0 150 64.8 55.7 55.7
5337 0.1 50 0 0 5337 0.4 60 0 0 180 69.5 62.2 62.2
5337 0.1 50 0 0 5337 0.5 0 0 0 0 46.8 44.0 44.0
5337 0.1 50 0 0 5337 0.5 0 0 0 30 47.3 44.7 44.7
5337 0.1 50 0 0 5337 0.5 0 0 0 60 48.3 45.8 45.8
5337 0.1 50 0 0 5337 0.5 0 0 0 90 50.6 47.5 47.5
5337 0.1 50 0 0 5337 0.5 0 0 0 120 57.3 50.7 50.7
5337 0.1 50 0 0 5337 0.5 0 0 0 150 66.4 59.3 59.3
5337 0.1 50 0 0 5337 0.5 0 0 0 180 72.5 58.8 58.8
5337 0.1 50 0 0 5337 0.5 10 0 0 0 46.8 42.6 42.6
5337 0.1 50 0 0 5337 0.5 10 0 0 30 47.3 42.9 42.9
5337 0.1 50 0 0 5337 0.5 10 0 0 60 48.2 44.1 44.1
5337 0.1 50 0 0 5337 0.5 10 0 0 90 50.4 45.9 45.9
5337 0.1 50 0 0 5337 0.5 10 0 0 120 57.2 49.5 49.5
5337 0.1 50 0 0 5337 0.5 10 0 0 150 66.3 58.1 58.1
5337 0.1 50 0 0 5337 0.5 10 0 0 180 72.4 59.3 59.3
5337 0.1 50 0 0 5337 0.5 20 0 0 0 46.7 40.1 40.1
5337 0.1 50 0 0 5337 0.5 20 0 0 30 47.2 40.4 40.4
5337 0.1 50 0 0 5337 0.5 20 0 0 60 48.0 41.4 41.4
5337 0.1 50 0 0 5337 0.5 20 0 0 90 50.2 43.4 43.4
5337 0.1 50 0 0 5337 0.5 20 0 0 120 56.9 47.2 47.2
5337 0.1 50 0 0 5337 0.5 20 0 0 150 66.1 55.8 55.8
5337 0.1 50 0 0 5337 0.5 20 0 0 180 72.1 58.6 58.6
5337 0.1 50 0 0 5337 0.5 30 0 0 0 46.7 38.3 38.3
5337 0.1 50 0 0 5337 0.5 30 0 0 30 47.1 38.5 38.5
5337 0.1 50 0 0 5337 0.5 30 0 0 60 47.9 39.2 39.2
5337 0.1 50 0 0 5337 0.5 30 0 0 90 49.8 41.2 41.2
5337 0.1 50 0 0 5337 0.5 30 0 0 120 56.5 45.2 45.2
5337 0.1 50 0 0 5337 0.5 30 0 0 150 65.6 54.2 54.2
5337 0.1 50 0 0 5337 0.5 30 0 0 180 71.7 58.9 58.9
5337 0.1 50 0 0 5337 0.5 40 0 0 0 46.6 37.5 37.5
5337 0.1 50 0 0 5337 0.5 40 0 0 30 47.0 37.5 37.5
5337 0.1 50 0 0 5337 0.5 40 0 0 60 47.7 37.9 37.9
5337 0.1 50 0 0 5337 0.5 40 0 0 90 49.4 39.6 39.6
5337 0.1 50 0 0 5337 0.5 40 0 0 120 56.0 44.0 44.0
5337 0.1 50 0 0 5337 0.5 40 0 0 150 64.9 53.3 53.3
5337 0.1 50 0 0 5337 0.5 40 0 0 180 70.9 59.6 59.6
5337 0.1 50 0 0 5337 0.5 50 0 0 0 46.5 37.3 37.3
5337 0.1 50 0 0 5337 0.5 50 0 0 30 46.8 37.2 37.2
5337 0.1 50 0 0 5337 0.5 50 0 0 60 47.5 37.5 37.5
5337 0.1 50 0 0 5337 0.5 50 0 0 90 49.1 38.7 38.7
5337 0.1 50 0 0 5337 0.5 50 0 0 120 55.3 43.5 43.5
5337 0.1 50 0 0 5337 0.5 50 0 0 150 63.8 53.0 53.0
5337 0.1 50 0 0 5337 0.5 50 0 0 180 69.6 60.3 60.3
5337 0.1 50 0 0 5337 0.5 60 0 0 0 46.4 37.6 37.6
5337 0.1 50 0 0 5337 0.5 60 0 0 30 46.7 37.5 37.5
5337 0.1 50 0 0 5337 0.5 60 0 0 60 47.4 37.8 37.8
5337 0.1 50 0 0 5337 0.5 60 0 0 90 49.0 38.8 38.8
5337 0.1 50 0 0 5337 0.5 60 0 0 120 54.1 43.5 43.5
5337 0.1 50 0 0 5337 0.5 60 0 0 150 61.8 53.1 53.1
5337 0.1 50 0 0 5337 0.5 60 0 0 180 67.3 61.3 61.3
