4937 0.2 40 0 0 4737 0.0 0 0 0 0 61.5 52.0 52.0
4937 0.2 40 0 0 4737 0.0 0 0 0 30 61.6 51.8 51.8
4937 0.2 40 0 0 4737 0.0 0 0 0 60 61.5 51.6 51.6
4937 0.2 40 0 0 4737 0.0 0 0 0 90 61.2 51.2 51.2
4937 0.2 40 0 0 4737 0.0 0 0 0 120 60.9 51.1 51.1
4937 0.2 40 0 0 4737 0.0 0 0 0 150 60.6 51.2 51.2
4937 0.2 40 0 0 4737 0.0 0 0 0 180 60.5 51.6 51.6
4937 0.2 40 0 0 4737 0.0 10 0 0 0 61.4 51.6 51.6
4937 0.2 40 0 0 4737 0.0 10 0 0 30 61.6 51.4 51.4
4937 0.2 40 0 0 4737 0.0 10 0 0 60 61.5 51.2 51.2
4937 0.2 40 0 0 4737 0.0 10 0 0 90 61.2 50.9 50.9
4937 0.2 40 0 0 4737 0.0 10 0 0 120 60.9 50.7 50.7
4937 0.2 40 0 0 4737 0.0 10 0 0 150 60.6 50.7 50.7
4937 0.2 40 0 0 4737 0.0 10 0 0 180 60.5 51.0 51.0
4937 0.2 40 0 0 4737 0.0 20 0 0 0 61.2 50.0 50.0
4937 0.2 40 0 0 4737 0.0 20 0 0 30 61.4 50.0 50.0
4937 0.2 40 0 0 4737 0.0 20 0 0 60 61.3 49.8 49.8
4937 0.2 40 0 0 4737 0.0 20 0 0 90 61.0 49.5 49.5
4937 0.2 40 0 0 4737 0.0 20 0 0 120 60.7 49.4 49.4
4937 0.2 40 0 0 4737 0.0 20 0 0 150 60.4 49.3 49.3
4937 0.2 40 0 0 4737 0.0 20 0 0 180 60.3 49.5 49.5
4937 0.2 40 0 0 4737 0.0 30 0 0 0 60.9 47.0 47.0
4937 0.2 40 0 0 4737 0.0 30 0 0 30 61.1 47.0 47.0
4937 0.2 40 0 0 4737 0.0 30 0 0 60 60.9 46.8 46.8
4937 0.2 40 0 0 4737 0.0 30 0 0 90 60.6 46.7 46.7
4937 0.2 40 0 0 4737 0.0 30 0 0 120 60.3 46.6 46.6
4937 0.2 40 0 0 4737 0.0 30 0 0 150 60.0 46.8 46.8
4937 0.2 40 0 0 4737 0.0 30 0 0 180 59.9 47.0 47.0
4937 0.2 40 0 0 4737 0.0 40 0 0 0 60.3 47.0 47.0
4937 0.2 40 0 0 4737 0.0 40 0 0 30 60.5 47.0 47.0
4937 0.2 40 0 0 4737 0.0 40 0 0 60 60.4 46.8 46.8
4937 0.2 40 0 0 4737 0.0 40 0 0 90 60.1 46.6 46.6
4937 0.2 40 0 0 4737 0.0 40 0 0 120 59.8 46.5 46.5
4937 0.2 40 0 0 4737 0.0 40 0 0 150 59.5 46.6 46.6
4937 0.2 40 0 0 4737 0.0 40 0 0 180 59.4 46.8 46.8
4937 0.2 40 0 0 4737 0.0 50 0 0 0 59.5 47.8 47.8
4937 0.2 40 0 0 4737 0.0 50 0 0 30 59.7 47.9 47.9
4937 0.2 40 0 0 4737 0.0 50 0 0 60 59.6 47.7 47.7
4937 0.2 40 0 0 4737 0.0 50 0 0 90 59.2 47.5 47.5
4937 0.2 40 0 0 4737 0.0 50 0 0 120 58.9 47.3 47.3
4937 0.2 40 0 0 4737 0.0 50 0 0 150 58.7 47.3 47.3
4937 0.2 40 0 0 4737 0.0 50 0 0 180 58.6 47.2 47.2
4937 0.2 40 0 0 4737 0.0 60 0 0 0 58.1 49.6 49.6
4937 0.2 40 0 0 4737 0.0 60 0 0 30 58.4 49.5 49.5
4937 0.2 40 0 0 4737 0.0 60 0 0 60 58.2 49.3 49.3
4937 0.2 40 0 0 4737 0.0 60 0 0 90 57.9 49.0 49.0
4937 0.2 40 0 0 4737 0.0 60 0 0 120 57.5 48.8 48.8
4937 0.2 40 0 0 4737 0.0 60 0 0 150 57.4 48.6 48.6
4937 0.2 40 0 0 4737 0.0 60 0 0 180 57.4 48.4 48.4
4937 0.2 40 0 0 4737 0.1 0 0 0 0 61.1 51.5 51.5
4937 0.2 40 0 0 4737 0.1 0 0 0 30 61.2 51.4 51.4
4937 0.2 40 0 0 4737 0.1 0 0 0 60 61.2 51.1 51.1
4937 0.2 40 0 0 4737 0.1 0 0 0 90 60.9 50.8 50.8
4937 0.2 40 0 0 4737 0.1 0 0 0 120 60.6 50.6 50.6
4937 0.2 40 0 0 4737 0.1 0 0 0 150 60.2 50.6 50.6
4937 0.2 40 0 0 4737 0.1 0 0 0 180 60.1 51.0 51.0
4937 0.2 40 0 0 4737 0.1 10 0 0 0 61.0 50.9 50.9
4937 0.2 40 0 0 4737 0.1 10 0 0 30 61.2 50.9 50.9
4937 0.2 40 0 0 4737 0.1 10 0 0 60 61.1 50.7 50.7
4937 0.2 40 0 0 4737 0.1 10 0 0 90 60.8 50.4 50.4
4937 0.2 40 0 0 4737 0.1 10 0 0 120 60.5 50.1 50.1
4937 0.2 40 0 0 4737 0.1 10 0 0 150 60.2 50.1 50.1
4937 0.2 40 0 0 4737 0.1 10 0 0 180 60.1 50.4 50.4
4937 0.2 40 0 0 4737 0.1 20 0 0 0 60.8 49.4 49.4
4937 0.2 40 0 0 4737 0.1 20 0 0 30 61.0 49.4 49.4
4937 0.2 40 0 0 4737 0.1 20 0 0 60 60.9 49.2 49.2
4937 0.2 40 0 0 4737 0.1 20 0 0 90 60.6 48.9 48.9
4937 0.2 40 0 0 4737 0.1 20 0 0 120 60.3 48.7 48.7
4937 0.2 40 0 0 4737 0.1 20 0 0 150 60.0 48.6 48.6
4937 0.2 40 0 0 4737 0.1 20 0 0 180 59.9 48.8 48.8
4937 0.2 40 0 0 4737 0.1 30 0 0 0 60.5 46.5 46.5
4937 0.2 40 0 0 4737 0.1 30 0 0 30 60.6 46.5 46.5
4937 0.2 40 0 0 4737 0.1 30 0 0 60 60.6 46.3 46.3
4937 0.2 40 0 0 4737 0.1 30 0 0 90 60.3 46.0 46.0
4937 0.2 40 0 0 4737 0.1 30 0 0 120 59.9 45.9 45.9
4937 0.2 40 0 0 4737 0.1 30 0 0 150 59.6 45.9 45.9
4937 0.2 40 0 0 4737 0.1 30 0 0 180 59.5 46.2 46.2
4937 0.2 40 0 0 4737 0.1 40 0 0 0 60.0 46.5 46.5
4937 0.2 40 0 0 4737 0.1 40 0 0 30 60.1 46.5 46.5
4937 0.2 40 0 0 4737 0.1 40 0 0 60 60.0 46.4 46.4
4937 0.2 40 0 0 4737 0.1 40 0 0 90 59.7 46.1 46.1
4937 0.2 40 0 0 4737 0.1 40 0 0 120 59.4 45.9 45.9
4937 0.2 40 0 0 4737 0.1 40 0 0 150 59.1 45.8 45.8
4937 0.2 40 0 0 4737 0.1 40 0 0 180 58.9 46.0 46.0
4937 0.2 40 0 0 4737 0.1 50 0 0 0 59.2 47.5 47.5
4937 0.2 40 0 0 4737 0.1 50 0 0 30 59.3 47.5 47.5
4937 0.2 40 0 0 4737 0.1 50 0 0 60 59.2 47.4 47.4
4937 0.2 40 0 0 4737 0.1 50 0 0 90 58.9 47.1 47.1
4937 0.2 40 0 0 4737 0.1 50 0 0 120 58.6 46.8 46.8
4937 0.2 40 0 0 4737 0.1 50 0 0 150 58.2 46.6 46.6
4937 0.2 40 0 0 4737 0.1 50 0 0 180 58.1 46.4 46.4
4937 0.2 40 0 0 4737 0.1 60 0 0 0 57.7 49.0 49.0
4937 0.2 40 0 0 4737 0.1 60 0 0 30 58.0 49.1 49.1
4937 0.2 40 0 0 4737 0.1 60 0 0 60 57.9 49.0 49.0
4937 0.2 40 0 0 4737 0.1 60 0 0 90 57.6 48.6 48.6
4937 0.2 40 0 0 4737 0.1 60 0 0 120 57.2 48.3 48.3
4937 0.2 40 0 0 4737 0.1 60 0 0 150 56.9 48.1 48.1
4937 0.2 40 0 0 4737 0.1 60 0 0 180 56.8 47.8 47.8
4937 0.2 40 0 0 4737 0.2 0 0 0 0 60.7 50.9 50.9
4937 0.2 40 0 0 4737 0.2 0 0 0 30 60.8 50.8 50.8
4937 0.2 40 0 0 4737 0.2 0 0 0 60 60.8 50.6 50.6
4937 0.2 40 0 0 4737 0.2 0 0 0 90 60.5 50.3 50.3
4937 0.2 40 0 0 4737 0.2 0 0 0 120 60.2 50.1 50.1
4937 0.2 40 0 0 4737 0.2 0 0 0 150 59.8 50.0 50.0
4937 0.2 40 0 0 4737 0.2 0 0 0 180 59.7 50.3 50.3
4937 0.2 40 0 0 4737 0.2 10 0 0 0 60.6 50.3 50.3
4937 0.2 40 0 0 4737 0.2 10 0 0 30 60.7 50.3 50.3
4937 0.2 40 0 0 4737 0.2 10 0 0 60 60.7 50.1 50.1
4937 0.2 40 0 0 4737 0.2 10 0 0 90 60.5 49.8 49.8
4937 0.2 40 0 0 4737 0.2 10 0 0 120 60.2 49.5 49.5
4937 0.2 40 0 0 4737 0.2 10 0 0 150 59.7 49.5 49.5
4937 0.2 40 0 0 4737 0.2 10 0 0 180 59.6 49.7 49.7
4937 0.2 40 0 0 4737 0.2 20 0 0 0 60.4 48.8 48.8
4937 0.2 40 0 0 4737 0.2 20 0 0 30 60.6 48.7 48.7
4937 0.2 40 0 0 4737 0.2 20 0 0 60 60.5 48.6 48.6
4937 0.2 40 0 0 4737 0.2 20 0 0 90 60.3 48.2 48.2
4937 0.2 40 0 0 4737 0.2 20 0 0 120 60.0 48.0 48.0
4937 0.2 40 0 0 4737 0.2 20 0 0 150 59.5 47.8 47.8
4937 0.2 40 0 0 4737 0.2 20 0 0 180 59.4 48.0 48.0
4937 0.2 40 0 0 4737 0.2 30 0 0 0 60.1 46.1 46.1
4937 0.2 40 0 0 4737 0.2 30 0 0 30 60.2 46.1 46.1
4937 0.2 40 0 0 4737 0.2 30 0 0 60 60.2 46.0 46.0
4937 0.2 40 0 0 4737 0.2 30 0 0 90 59.9 45.7 45.7
4937 0.2 40 0 0 4737 0.2 30 0 0 120 59.6 45.3 45.3
4937 0.2 40 0 0 4737 0.2 30 0 0 150 59.2 45.1 45.1
4937 0.2 40 0 0 4737 0.2 30 0 0 180 59.1 45.3 45.3
4937 0.2 40 0 0 4737 0.2 40 0 0 0 59.6 46.3 46.3
4937 0.2 40 0 0 4737 0.2 40 0 0 30 59.7 46.3 46.3
4937 0.2 40 0 0 4737 0.2 40 0 0 60 59.7 46.1 46.1
4937 0.2 40 0 0 4737 0.2 40 0 0 90 59.4 45.8 45.8
4937 0.2 40 0 0 4737 0.2 40 0 0 120 59.0 45.5 45.5
4937 0.2 40 0 0 4737 0.2 40 0 0 150 58.6 45.2 45.2
4937 0.2 40 0 0 4737 0.2 40 0 0 180 58.5 45.3 45.3
4937 0.2 40 0 0 4737 0.2 50 0 0 0 58.8 47.1 47.1
4937 0.2 40 0 0 4737 0.2 50 0 0 30 59.0 47.1 47.1
4937 0.2 40 0 0 4737 0.2 50 0 0 60 58.9 47.0 47.0
4937 0.2 40 0 0 4737 0.2 50 0 0 90 58.6 46.7 46.7
4937 0.2 40 0 0 4737 0.2 50 0 0 120 58.2 46.3 46.3
4937 0.2 40 0 0 4737 0.2 50 0 0 150 57.7 46.1 46.1
4937 0.2 40 0 0 4737 0.2 50 0 0 180 57.6 45.9 45.9
4937 0.2 40 0 0 4737 0.2 60 0 0 0 57.3 48.4 48.4
4937 0.2 40 0 0 4737 0.2 60 0 0 30 57.5 48.6 48.6
4937 0.2 40 0 0 4737 0.2 60 0 0 60 57.6 48.5 48.5
4937 0.2 40 0 0 4737 0.2 60 0 0 90 57.4 48.2 48.2
4937 0.2 40 0 0 4737 0.2 60 0 0 120 57.0 47.9 47.9
4937 0.2 40 0 0 4737 0.2 60 0 0 150 56.5 47.5 47.5
4937 0.2 40 0 0 4737 0.2 60 0 0 180 56.1 47.2 47.2
4937 0.2 40 0 0 4737 0.3 0 0 0 0 60.3 50.2 50.2
4937 0.2 40 0 0 4737 0.3 0 0 0 30 60.4 50.1 50.1
4937 0.2 40 0 0 4737 0.3 0 0 0 60 60.3 50.0 50.0
4937 0.2 40 0 0 4737 0.3 0 0 0 90 60.2 49.7 49.7
4937 0.2 40 0 0 4737 0.3 0 0 0 120 59.8 49.5 49.5
4937 0.2 40 0 0 4737 0.3 0 0 0 150 59.4 49.3 49.3
4937 0.2 40 0 0 4737 0.3 0 0 0 180 59.3 49.5 49.5
4937 0.2 40 0 0 4737 0.3 10 0 0 0 60.2 49.6 49.6
4937 0.2 40 0 0 4737 0.3 10 0 0 30 60.3 49.6 49.6
4937 0.2 40 0 0 4737 0.3 10 0 0 60 60.3 49.5 49.5
4937 0.2 40 0 0 4737 0.3 10 0 0 90 60.1 49.2 49.2
4937 0.2 40 0 0 4737 0.3 10 0 0 120 59.8 48.9 48.9
4937 0.2 40 0 0 4737 0.3 10 0 0 150 59.3 48.7 48.7
4937 0.2 40 0 0 4737 0.3 10 0 0 180 59.2 48.9 48.9
4937 0.2 40 0 0 4737 0.3 20 0 0 0 60.0 47.9 47.9
4937 0.2 40 0 0 4737 0.3 20 0 0 30 60.1 47.8 47.8
4937 0.2 40 0 0 4737 0.3 20 0 0 60 60.1 47.7 47.7
4937 0.2 40 0 0 4737 0.3 20 0 0 90 59.9 47.4 47.4
4937 0.2 40 0 0 4737 0.3 20 0 0 120 59.6 47.0 47.0
4937 0.2 40 0 0 4737 0.3 20 0 0 150 59.1 46.7 46.7
4937 0.2 40 0 0 4737 0.3 20 0 0 180 59.0 46.9 46.9
4937 0.2 40 0 0 4737 0.3 30 0 0 0 59.7 45.9 45.9
4937 0.2 40 0 0 4737 0.3 30 0 0 30 59.8 45.9 45.9
4937 0.2 40 0 0 4737 0.3 30 0 0 60 59.8 45.7 45.7
4937 0.2 40 0 0 4737 0.3 30 0 0 90 59.6 45.5 45.5
4937 0.2 40 0 0 4737 0.3 30 0 0 120 59.2 45.1 45.1
4937 0.2 40 0 0 4737 0.3 30 0 0 150 58.8 44.7 44.7
4937 0.2 40 0 0 4737 0.3 30 0 0 180 58.6 44.7 44.7
4937 0.2 40 0 0 4737 0.3 40 0 0 0 59.2 46.0 46.0
4937 0.2 40 0 0 4737 0.3 40 0 0 30 59.3 46.0 46.0
4937 0.2 40 0 0 4737 0.3 40 0 0 60 59.3 45.9 45.9
4937 0.2 40 0 0 4737 0.3 40 0 0 90 59.1 45.7 45.7
4937 0.2 40 0 0 4737 0.3 40 0 0 120 58.7 45.3 45.3
4937 0.2 40 0 0 4737 0.3 40 0 0 150 58.2 44.9 44.9
4937 0.2 40 0 0 4737 0.3 40 0 0 180 58.0 44.8 44.8
4937 0.2 40 0 0 4737 0.3 50 0 0 0 58.4 46.9 46.9
4937 0.2 40 0 0 4737 0.3 50 0 0 30 58.6 46.9 46.9
4937 0.2 40 0 0 4737 0.3 50 0 0 60 58.6 46.8 46.8
4937 0.2 40 0 0 4737 0.3 50 0 0 90 58.4 46.6 46.6
4937 0.2 40 0 0 4737 0.3 50 0 0 120 58.0 46.1 46.1
4937 0.2 40 0 0 4737 0.3 50 0 0 150 57.3 45.7 45.7
4937 0.2 40 0 0 4737 0.3 50 0 0 180 57.1 45.3 45.3
4937 0.2 40 0 0 4737 0.3 60 0 0 0 56.8 48.0 48.0
4937 0.2 40 0 0 4737 0.3 60 0 0 30 57.0 48.1 48.1
4937 0.2 40 0 0 4737 0.3 60 0 0 60 57.1 48.1 48.1
4937 0.2 40 0 0 4737 0.3 60 0 0 90 57.1 47.9 47.9
4937 0.2 40 0 0 4737 0.3 60 0 0 120 56.9 47.4 47.4
4937 0.2 40 0 0 4737 0.3 60 0 0 150 56.1 47.0 47.0
4937 0.2 40 0 0 4737 0.3 60 0 0 180 55.5 46.6 46.6
4937 0.2 40 0 0 4737 0.4 0 0 0 0 59.9 49.5 49.5
4937 0.2 40 0 0 4737 0.4 0 0 0 30 60.0 49.4 49.4
4937 0.2 40 0 0 4737 0.4 0 0 0 60 59.9 49.3 49.3
4937 0.2 40 0 0 4737 0.4 0 0 0 90 59.8 49.1 49.1
4937 0.2 40 0 0 4737 0.4 0 0 0 120 59.5 48.7 48.7
4937 0.2 40 0 0 4737 0.4 0 0 0 150 59.0 48.5 48.5
4937 0.2 40 0 0 4737 0.4 0 0 0 180 58.9 48.6 48.6
4937 0.2 40 0 0 4737 0.4 10 0 0 0 59.8 48.9 48.9
4937 0.2 40 0 0 4737 0.4 10 0 0 30 59.9 48.8 48.8
4937 0.2 40 0 0 4737 0.4 10 0 0 60 59.9 48.7 48.7
4937 0.2 40 0 0 4737 0.4 10 0 0 90 59.8 48.5 48.5
4937 0.2 40 0 0 4737 0.4 10 0 0 120 59.4 48.1 48.1
4937 0.2 40 0 0 4737 0.4 10 0 0 150 58.9 47.8 47.8
4937 0.2 40 0 0 4737 0.4 10 0 0 180 58.8 47.9 47.9
4937 0.2 40 0 0 4737 0.4 20 0 0 0 59.6 46.7 46.7
4937 0.2 40 0 0 4737 0.4 20 0 0 30 59.7 46.7 46.7
4937 0.2 40 0 0 4737 0.4 20 0 0 60 59.7 46.5 46.5
4937 0.2 40 0 0 4737 0.4 20 0 0 90 59.6 46.3 46.3
4937 0.2 40 0 0 4737 0.4 20 0 0 120 59.2 45.9 45.9
4937 0.2 40 0 0 4737 0.4 20 0 0 150 58.7 45.4 45.4
4937 0.2 40 0 0 4737 0.4 20 0 0 180 58.6 45.5 45.5
4937 0.2 40 0 0 4737 0.4 30 0 0 0 59.3 46.0 46.0
4937 0.2 40 0 0 4737 0.4 30 0 0 30 59.4 45.9 45.9
4937 0.2 40 0 0 4737 0.4 30 0 0 60 59.4 45.8 45.8
4937 0.2 40 0 0 4737 0.4 30 0 0 90 59.3 45.5 45.5
4937 0.2 40 0 0 4737 0.4 30 0 0 120 58.9 45.0 45.0
4937 0.2 40 0 0 4737 0.4 30 0 0 150 58.3 44.5 44.5
4937 0.2 40 0 0 4737 0.4 30 0 0 180 58.1 44.3 44.3
4937 0.2 40 0 0 4737 0.4 40 0 0 0 58.8 46.2 46.2
4937 0.2 40 0 0 4737 0.4 40 0 0 30 58.9 46.1 46.1
4937 0.2 40 0 0 4737 0.4 40 0 0 60 58.9 46.0 46.0
4937 0.2 40 0 0 4737 0.4 40 0 0 90 58.8 45.8 45.8
4937 0.2 40 0 0 4737 0.4 40 0 0 120 58.5 45.3 45.3
4937 0.2 40 0 0 4737 0.4 40 0 0 150 57.7 44.7 44.7
4937 0.2 40 0 0 4737 0.4 40 0 0 180 57.5 44.3 44.3
4937 0.2 40 0 0 4737 0.4 50 0 0 0 58.0 46.8 46.8
4937 0.2 40 0 0 4737 0.4 50 0 0 30 58.2 46.8 46.8
4937 0.2 40 0 0 4737 0.4 50 0 0 60 58.2 46.7 46.7
4937 0.2 40 0 0 4737 0.4 50 0 0 90 58.1 46.5 46.5
4937 0.2 40 0 0 4737 0.4 50 0 0 120 57.8 46.1 46.1
4937 0.2 40 0 0 4737 0.4 50 0 0 150 57.0 45.5 45.5
4937 0.2 40 0 0 4737 0.4 50 0 0 180 56.4 45.0 45.0
4937 0.2 40 0 0 4737 0.4 60 0 0 0 56.1 47.5 47.5
4937 0.2 40 0 0 4737 0.4 60 0 0 30 56.3 47.6 47.6
4937 0.2 40 0 0 4737 0.4 60 0 0 60 56.5 47.7 47.7
4937 0.2 40 0 0 4737 0.4 60 0 0 90 56.6 47.7 47.7
4937 0.2 40 0 0 4737 0.4 60 0 0 120 56.5 47.2 47.2
4937 0.2 40 0 0 4737 0.4 60 0 0 150 55.9 46.6 46.6
4937 0.2 40 0 0 4737 0.4 60 0 0 180 54.7 45.9 45.9
4937 0.2 40 0 0 4737 0.5 0 0 0 0 59.5 48.3 48.3
4937 0.2 40 0 0 4737 0.5 0 0 0 30 59.5 48.3 48.3
4937 0.2 40 0 0 4737 0.5 0 0 0 60 59.6 48.2 48.2
4937 0.2 40 0 0 4737 0.5 0 0 0 90 59.4 48.0 48.0
4937 0.2 40 0 0 4737 0.5 0 0 0 120 59.2 47.8 47.8
4937 0.2 40 0 0 4737 0.5 0 0 0 150 58.6 47.4 47.4
4937 0.2 40 0 0 4737 0.5 0 0 0 180 58.4 47.3 47.3
4937 0.2 40 0 0 4737 0.5 10 0 0 0 59.5 47.5 47.5
4937 0.2 40 0 0 4737 0.5 10 0 0 30 59.5 47.5 47.5
4937 0.2 40 0 0 4737 0.5 10 0 0 60 59.5 47.4 47.4
4937 0.2 40 0 0 4737 0.5 10 0 0 90 59.4 47.2 47.2
4937 0.2 40 0 0 4737 0.5 10 0 0 120 59.1 46.9 46.9
4937 0.2 40 0 0 4737 0.5 10 0 0 150 58.5 46.3 46.3
4937 0.2 40 0 0 4737 0.5 10 0 0 180 58.3 46.3 46.3
4937 0.2 40 0 0 4737 0.5 20 0 0 0 59.3 46.6 46.6
4937 0.2 40 0 0 4737 0.5 20 0 0 30 59.3 46.5 46.5
4937 0.2 40 0 0 4737 0.5 20 0 0 60 59.4 46.5 46.5
4937 0.2 40 0 0 4737 0.5 20 0 0 90 59.2 46.2 46.2
4937 0.2 40 0 0 4737 0.5 20 0 0 120 59.0 45.8 45.8
4937 0.2 40 0 0 4737 0.5 20 0 0 150 58.3 45.1 45.1
4937 0.2 40 0 0 4737 0.5 20 0 0 180 58.0 45.0 45.0
4937 0.2 40 0 0 4737 0.5 30 0 0 0 59.0 46.3 46.3
4937 0.2 40 0 0 4737 0.5 30 0 0 30 59.0 46.2 46.2
4937 0.2 40 0 0 4737 0.5 30 0 0 60 59.1 46.1 46.1
4937 0.2 40 0 0 4737 0.5 30 0 0 90 59.0 45.9 45.9
4937 0.2 40 0 0 4737 0.5 30 0 0 120 58.7 45.4 45.4
4937 0.2 40 0 0 4737 0.5 30 0 0 150 58.0 44.7 44.7
4937 0.2 40 0 0 4737 0.5 30 0 0 180 57.5 44.0 44.0
4937 0.2 40 0 0 4737 0.5 40 0 0 0 58.4 46.4 46.4
4937 0.2 40 0 0 4737 0.5 40 0 0 30 58.5 46.3 46.3
4937 0.2 40 0 0 4737 0.5 40 0 0 60 58.6 46.2 46.2
4937 0.2 40 0 0 4737 0.5 40 0 0 90 58.6 46.1 46.1
4937 0.2 40 0 0 4737 0.5 40 0 0 120 58.3 45.6 45.6
4937 0.2 40 0 0 4737 0.5 40 0 0 150 57.5 45.0 45.0
4937 0.2 40 0 0 4737 0.5 40 0 0 180 56.8 44.3 44.3
4937 0.2 40 0 0 4737 0.5 50 0 0 0 57.5 46.8 46.8
4937 0.2 40 0 0 4737 0.5 50 0 0 30 57.7 46.8 46.8
4937 0.2 40 0 0 4737 0.5 50 0 0 60 57.8 46.8 46.8
4937 0.2 40 0 0 4737 0.5 50 0 0 90 57.8 46.5 46.5
4937 0.2 40 0 0 4737 0.5 50 0 0 120 57.7 46.1 46.1
4937 0.2 40 0 0 4737 0.5 50 0 0 150 56.8 45.5 45.5
4937 0.2 40 0 0 4737 0.5 50 0 0 180 55.6 44.7 44.7
4937 0.2 40 0 0 4737 0.5 60 0 0 0 55.8 47.2 47.2
4937 0.2 40 0 0 4737 0.5 60 0 0 30 55.9 47.2 47.2
4937 0.2 40 0 0 4737 0.5 60 0 0 60 56.1 47.4 47.4
4937 0.2 40 0 0 4737 0.5 60 0 0 90 56.3 47.4 47.4
4937 0.2 40 0 0 4737 0.5 60 0 0 120 56.2 47.1 47.1
4937 0.2 40 0 0 4737 0.5 60 0 0 150 55.7 46.4 46.4
4937 0.2 40 0 0 4737 0.5 60 0 0 180 54.1 45.4 45.4
4937 0.2 40 0 0 4937 0.0 0 0 0 0 42.7 40.3 40.3
4937 0.2 40 0 0 4937 0.0 0 0 0 30 48.2 44.6 44.6
4937 0.2 40 0 0 4937 0.0 0 0 0 60 56.5 50.3 50.3
4937 0.2 40 0 0 4937 0.0 0 0 0 90 64.8 56.2 56.2
4937 0.2 40 0 0 4937 0.0 0 0 0 120 71.4 61.3 61.3
4937 0.2 40 0 0 4937 0.0 0 0 0 150 74.9 62.0 62.0
4937 0.2 40 0 0 4937 0.0 0 0 0 180 75.4 61.4 61.4
4937 0.2 40 0 0 4937 0.0 10 0 0 0 42.7 38.6 38.6
4937 0.2 40 0 0 4937 0.0 10 0 0 30 48.1 43.4 43.4
4937 0.2 40 0 0 4937 0.0 10 0 0 60 56.4 49.3 49.3
4937 0.2 40 0 0 4937 0.0 10 0 0 90 64.7 55.5 55.5
4937 0.2 40 0 0 4937 0.0 10 0 0 120 71.4 61.0 61.0
4937 0.2 40 0 0 4937 0.0 10 0 0 150 74.8 61.7 61.7
4937 0.2 40 0 0 4937 0.0 10 0 0 180 75.3 61.7 61.7
4937 0.2 40 0 0 4937 0.0 20 0 0 0 42.5 36.6 36.6
4937 0.2 40 0 0 4937 0.0 20 0 0 30 47.9 41.3 41.3
4937 0.2 40 0 0 4937 0.0 20 0 0 60 56.1 47.5 47.5
4937 0.2 40 0 0 4937 0.0 20 0 0 90 64.4 53.9 53.9
4937 0.2 40 0 0 4937 0.0 20 0 0 120 71.2 59.3 59.3
4937 0.2 40 0 0 4937 0.0 20 0 0 150 74.6 60.4 60.4
4937 0.2 40 0 0 4937 0.0 20 0 0 180 75.0 60.4 60.4
4937 0.2 40 0 0 4937 0.0 30 0 0 0 42.2 33.5 33.5
4937 0.2 40 0 0 4937 0.0 30 0 0 30 47.5 37.6 37.6
4937 0.2 40 0 0 4937 0.0 30 0 0 60 55.8 44.0 44.0
4937 0.2 40 0 0 4937 0.0 30 0 0 90 64.0 50.4 50.4
4937 0.2 40 0 0 4937 0.0 30 0 0 120 70.9 55.6 55.6
4937 0.2 40 0 0 4937 0.0 30 0 0 150 74.1 57.3 57.3
4937 0.2 40 0 0 4937 0.0 30 0 0 180 74.5 57.4 57.4
4937 0.2 40 0 0 4937 0.0 40 0 0 0 41.8 33.3 33.3
4937 0.2 40 0 0 4937 0.0 40 0 0 30 46.9 36.9 36.9
4937 0.2 40 0 0 4937 0.0 40 0 0 60 55.2 43.4 43.4
4937 0.2 40 0 0 4937 0.0 40 0 0 90 63.5 49.8 49.8
4937 0.2 40 0 0 4937 0.0 40 0 0 120 70.4 55.0 55.0
4937 0.2 40 0 0 4937 0.0 40 0 0 150 73.4 57.3 57.3
4937 0.2 40 0 0 4937 0.0 40 0 0 180 73.7 57.3 57.3
4937 0.2 40 0 0 4937 0.0 50 0 0 0 41.3 33.7 33.7
4937 0.2 40 0 0 4937 0.0 50 0 0 30 46.2 37.3 37.3
4937 0.2 40 0 0 4937 0.0 50 0 0 60 54.4 43.6 43.6
4937 0.2 40 0 0 4937 0.0 50 0 0 90 62.7 49.9 49.9
4937 0.2 40 0 0 4937 0.0 50 0 0 120 69.4 55.2 55.2
4937 0.2 40 0 0 4937 0.0 50 0 0 150 72.1 58.1 58.1
4937 0.2 40 0 0 4937 0.0 50 0 0 180 72.5 58.2 58.2
4937 0.2 40 0 0 4937 0.0 60 0 0 0 40.6 34.9 34.9
4937 0.2 40 0 0 4937 0.0 60 0 0 30 45.0 38.2 38.2
4937 0.2 40 0 0 4937 0.0 60 0 0 60 53.3 44.3 44.3
4937 0.2 40 0 0 4937 0.0 60 0 0 90 61.4 50.7 50.7
4937 0.2 40 0 0 4937 0.0 60 0 0 120 67.6 56.2 56.2
4937 0.2 40 0 0 4937 0.0 60 0 0 150 70.1 59.4 59.4
4937 0.2 40 0 0 4937 0.0 60 0 0 180 70.6 60.0 60.0
4937 0.2 40 0 0 4937 0.1 0 0 0 0 41.0 40.1 40.1
4937 0.2 40 0 0 4937 0.1 0 0 0 30 46.8 42.7 42.7
4937 0.2 40 0 0 4937 0.1 0 0 0 60 53.9 47.8 47.8
4937 0.2 40 0 0 4937 0.1 0 0 0 90 61.6 53.6 53.6
4937 0.2 40 0 0 4937 0.1 0 0 0 120 68.9 59.7 59.7
4937 0.2 40 0 0 4937 0.1 0 0 0 150 73.5 61.8 61.8
4937 0.2 40 0 0 4937 0.1 0 0 0 180 75.4 60.6 60.6
4937 0.2 40 0 0 4937 0.1 10 0 0 0 40.9 37.9 37.9
4937 0.2 40 0 0 4937 0.1 10 0 0 30 46.6 41.5 41.5
4937 0.2 40 0 0 4937 0.1 10 0 0 60 53.8 46.8 46.8
4937 0.2 40 0 0 4937 0.1 10 0 0 90 61.5 52.8 52.8
4937 0.2 40 0 0 4937 0.1 10 0 0 120 68.9 59.1 59.1
4937 0.2 40 0 0 4937 0.1 10 0 0 150 73.5 61.5 61.5
4937 0.2 40 0 0 4937 0.1 10 0 0 180 75.3 61.1 61.1
4937 0.2 40 0 0 4937 0.1 20 0 0 0 40.6 35.2 35.2
4937 0.2 40 0 0 4937 0.1 20 0 0 30 46.4 39.4 39.4
4937 0.2 40 0 0 4937 0.1 20 0 0 60 53.5 45.0 45.0
4937 0.2 40 0 0 4937 0.1 20 0 0 90 61.3 51.1 51.1
4937 0.2 40 0 0 4937 0.1 20 0 0 120 68.7 57.1 57.1
4937 0.2 40 0 0 4937 0.1 20 0 0 150 73.3 60.2 60.2
4937 0.2 40 0 0 4937 0.1 20 0 0 180 75.0 60.2 60.2
4937 0.2 40 0 0 4937 0.1 30 0 0 0 40.2 31.4 31.4
4937 0.2 40 0 0 4937 0.1 30 0 0 30 46.0 35.7 35.7
4937 0.2 40 0 0 4937 0.1 30 0 0 60 53.1 41.4 41.4
4937 0.2 40 0 0 4937 0.1 30 0 0 90 60.9 47.5 47.5
4937 0.2 40 0 0 4937 0.1 30 0 0 120 68.4 53.3 53.3
4937 0.2 40 0 0 4937 0.1 30 0 0 150 72.8 56.8 56.8
4937 0.2 40 0 0 4937 0.1 30 0 0 180 74.5 57.1 57.1
4937 0.2 40 0 0 4937 0.1 40 0 0 0 39.7 31.3 31.3
4937 0.2 40 0 0 4937 0.1 40 0 0 30 45.4 35.0 35.0
4937 0.2 40 0 0 4937 0.1 40 0 0 60 52.6 40.7 40.7
4937 0.2 40 0 0 4937 0.1 40 0 0 90 60.3 46.8 46.8
4937 0.2 40 0 0 4937 0.1 40 0 0 120 67.9 52.5 52.5
4937 0.2 40 0 0 4937 0.1 40 0 0 150 72.1 56.3 56.3
4937 0.2 40 0 0 4937 0.1 40 0 0 180 73.7 57.1 57.1
4937 0.2 40 0 0 4937 0.1 50 0 0 0 39.2 31.7 31.7
4937 0.2 40 0 0 4937 0.1 50 0 0 30 44.7 35.3 35.3
4937 0.2 40 0 0 4937 0.1 50 0 0 60 51.8 40.8 40.8
4937 0.2 40 0 0 4937 0.1 50 0 0 90 59.6 46.8 46.8
4937 0.2 40 0 0 4937 0.1 50 0 0 120 67.1 52.6 52.6
4937 0.2 40 0 0 4937 0.1 50 0 0 150 70.9 56.8 56.8
4937 0.2 40 0 0 4937 0.1 50 0 0 180 72.6 58.1 58.1
4937 0.2 40 0 0 4937 0.1 60 0 0 0 39.0 33.4 33.4
4937 0.2 40 0 0 4937 0.1 60 0 0 30 43.5 36.3 36.3
4937 0.2 40 0 0 4937 0.1 60 0 0 60 50.7 41.4 41.4
4937 0.2 40 0 0 4937 0.1 60 0 0 90 58.4 47.3 47.3
4937 0.2 40 0 0 4937 0.1 60 0 0 120 65.4 53.3 53.3
4937 0.2 40 0 0 4937 0.1 60 0 0 150 68.9 57.9 57.9
4937 0.2 40 0 0 4937 0.1 60 0 0 180 70.6 59.8 59.8
4937 0.2 40 0 0 4937 0.2 0 0 0 0 40.2 39.9 39.9
4937 0.2 40 0 0 4937 0.2 0 0 0 30 45.5 41.4 41.4
4937 0.2 40 0 0 4937 0.2 0 0 0 60 51.5 45.3 45.3
4937 0.2 40 0 0 4937 0.2 0 0 0 90 58.5 50.8 50.8
4937 0.2 40 0 0 4937 0.2 0 0 0 120 66.2 57.4 57.4
4937 0.2 40 0 0 4937 0.2 0 0 0 150 71.8 61.6 61.6
4937 0.2 40 0 0 4937 0.2 0 0 0 180 75.0 59.6 59.6
4937 0.2 40 0 0 4937 0.2 10 0 0 0 40.1 37.7 37.7
4937 0.2 40 0 0 4937 0.2 10 0 0 30 45.3 39.8 39.8
4937 0.2 40 0 0 4937 0.2 10 0 0 60 51.3 44.3 44.3
4937 0.2 40 0 0 4937 0.2 10 0 0 90 58.4 50.0 50.0
4937 0.2 40 0 0 4937 0.2 10 0 0 120 66.2 56.5 56.5
4937 0.2 40 0 0 4937 0.2 10 0 0 150 71.8 60.9 60.9
4937 0.2 40 0 0 4937 0.2 10 0 0 180 74.9 60.2 60.2
4937 0.2 40 0 0 4937 0.2 20 0 0 0 39.7 34.7 34.7
4937 0.2 40 0 0 4937 0.2 20 0 0 30 45.1 37.6 37.6
4937 0.2 40 0 0 4937 0.2 20 0 0 60 51.1 42.4 42.4
4937 0.2 40 0 0 4937 0.2 20 0 0 90 58.2 48.1 48.1
4937 0.2 40 0 0 4937 0.2 20 0 0 120 66.0 54.4 54.4
4937 0.2 40 0 0 4937 0.2 20 0 0 150 71.6 59.1 59.1
4937 0.2 40 0 0 4937 0.2 20 0 0 180 74.6 59.7 59.7
4937 0.2 40 0 0 4937 0.2 30 0 0 0 39.2 30.4 30.4
4937 0.2 40 0 0 4937 0.2 30 0 0 30 44.7 34.1 34.1
4937 0.2 40 0 0 4937 0.2 30 0 0 60 50.7 39.0 39.0
4937 0.2 40 0 0 4937 0.2 30 0 0 90 57.8 44.6 44.6
4937 0.2 40 0 0 4937 0.2 30 0 0 120 65.7 50.8 50.8
4937 0.2 40 0 0 4937 0.2 30 0 0 150 71.1 55.7 55.7
4937 0.2 40 0 0 4937 0.2 30 0 0 180 74.2 57.1 57.1
4937 0.2 40 0 0 4937 0.2 40 0 0 0 38.6 29.5 29.5
4937 0.2 40 0 0 4937 0.2 40 0 0 30 44.1 33.4 33.4
4937 0.2 40 0 0 4937 0.2 40 0 0 60 50.2 38.3 38.3
4937 0.2 40 0 0 4937 0.2 40 0 0 90 57.2 43.8 43.8
4937 0.2 40 0 0 4937 0.2 40 0 0 120 65.2 49.9 49.9
4937 0.2 40 0 0 4937 0.2 40 0 0 150 70.4 55.0 55.0
4937 0.2 40 0 0 4937 0.2 40 0 0 180 73.4 57.1 57.1
4937 0.2 40 0 0 4937 0.2 50 0 0 0 38.1 30.4 30.4
4937 0.2 40 0 0 4937 0.2 50 0 0 30 43.4 33.5 33.5
4937 0.2 40 0 0 4937 0.2 50 0 0 60 49.4 38.2 38.2
4937 0.2 40 0 0 4937 0.2 50 0 0 90 56.5 43.7 43.7
4937 0.2 40 0 0 4937 0.2 50 0 0 120 64.4 49.9 49.9
4937 0.2 40 0 0 4937 0.2 50 0 0 150 69.3 55.2 55.2
4937 0.2 40 0 0 4937 0.2 50 0 0 180 72.2 58.0 58.0
4937 0.2 40 0 0 4937 0.2 60 0 0 0 38.3 32.4 32.4
4937 0.2 40 0 0 4937 0.2 60 0 0 30 42.4 34.7 34.7
4937 0.2 40 0 0 4937 0.2 60 0 0 60 48.2 38.8 38.8
4937 0.2 40 0 0 4937 0.2 60 0 0 90 55.3 44.2 44.2
4937 0.2 40 0 0 4937 0.2 60 0 0 120 62.9 50.4 50.4
4937 0.2 40 0 0 4937 0.2 60 0 0 150 67.3 56.0 56.0
4937 0.2 40 0 0 4937 0.2 60 0 0 180 70.1 59.4 59.4
4937 0.2 40 0 0 4937 0.3 0 0 0 0 41.0 39.8 39.8
4937 0.2 40 0 0 4937 0.3 0 0 0 30 44.3 41.1 41.1
4937 0.2 40 0 0 4937 0.3 0 0 0 60 49.3 43.3 43.3
4937 0.2 40 0 0 4937 0.3 0 0 0 90 55.5 47.9 47.9
4937 0.2 40 0 0 4937 0.3 0 0 0 120 63.3 54.5 54.5
4937 0.2 40 0 0 4937 0.3 0 0 0 150 69.8 60.4 60.4
4937 0.2 40 0 0 4937 0.3 0 0 0 180 73.8 58.5 58.5
4937 0.2 40 0 0 4937 0.3 10 0 0 0 40.9 37.6 37.6
4937 0.2 40 0 0 4937 0.3 10 0 0 30 44.2 39.2 39.2
4937 0.2 40 0 0 4937 0.3 10 0 0 60 49.1 41.9 41.9
4937 0.2 40 0 0 4937 0.3 10 0 0 90 55.4 47.0 47.0
4937 0.2 40 0 0 4937 0.3 10 0 0 120 63.2 53.6 53.6
4937 0.2 40 0 0 4937 0.3 10 0 0 150 69.8 59.4 59.4
4937 0.2 40 0 0 4937 0.3 10 0 0 180 73.7 59.1 59.1
4937 0.2 40 0 0 4937 0.3 20 0 0 0 40.6 34.5 34.5
4937 0.2 40 0 0 4937 0.3 20 0 0 30 44.0 36.4 36.4
4937 0.2 40 0 0 4937 0.3 20 0 0 60 48.9 39.8 39.8
4937 0.2 40 0 0 4937 0.3 20 0 0 90 55.1 44.9 44.9
4937 0.2 40 0 0 4937 0.3 20 0 0 120 63.0 51.3 51.3
4937 0.2 40 0 0 4937 0.3 20 0 0 150 69.6 57.2 57.2
4937 0.2 40 0 0 4937 0.3 20 0 0 180 73.4 58.5 58.5
4937 0.2 40 0 0 4937 0.3 30 0 0 0 40.2 30.8 30.8
4937 0.2 40 0 0 4937 0.3 30 0 0 30 43.6 32.9 32.9
4937 0.2 40 0 0 4937 0.3 30 0 0 60 48.5 36.9 36.9
4937 0.2 40 0 0 4937 0.3 30 0 0 90 54.7 41.9 41.9
4937 0.2 40 0 0 4937 0.3 30 0 0 120 62.7 48.1 48.1
4937 0.2 40 0 0 4937 0.3 30 0 0 150 69.1 54.2 54.2
4937 0.2 40 0 0 4937 0.3 30 0 0 180 73.0 56.9 56.9
4937 0.2 40 0 0 4937 0.3 40 0 0 0 39.8 29.8 29.8
4937 0.2 40 0 0 4937 0.3 40 0 0 30 43.0 32.0 32.0
4937 0.2 40 0 0 4937 0.3 40 0 0 60 47.9 36.1 36.1
4937 0.2 40 0 0 4937 0.3 40 0 0 90 54.2 41.0 41.0
4937 0.2 40 0 0 4937 0.3 40 0 0 120 62.2 47.2 47.2
4937 0.2 40 0 0 4937 0.3 40 0 0 150 68.4 53.4 53.4
4937 0.2 40 0 0 4937 0.3 40 0 0 180 72.2 57.2 57.2
4937 0.2 40 0 0 4937 0.3 50 0 0 0 39.6 30.4 30.4
4937 0.2 40 0 0 4937 0.3 50 0 0 30 42.3 32.1 32.1
4937 0.2 40 0 0 4937 0.3 50 0 0 60 47.2 35.8 35.8
4937 0.2 40 0 0 4937 0.3 50 0 0 90 53.4 40.7 40.7
4937 0.2 40 0 0 4937 0.3 50 0 0 120 61.4 46.9 46.9
4937 0.2 40 0 0 4937 0.3 50 0 0 150 67.3 53.4 53.4
4937 0.2 40 0 0 4937 0.3 50 0 0 180 70.9 57.9 57.9
4937 0.2 40 0 0 4937 0.3 60 0 0 0 39.6 32.1 32.1
4937 0.2 40 0 0 4937 0.3 60 0 0 30 41.9 33.5 33.5
4937 0.2 40 0 0 4937 0.3 60 0 0 60 46.1 36.6 36.6
4937 0.2 40 0 0 4937 0.3 60 0 0 90 52.2 41.1 41.1
4937 0.2 40 0 0 4937 0.3 60 0 0 120 60.0 47.3 47.3
4937 0.2 40 0 0 4937 0.3 60 0 0 150 65.3 54.0 54.0
4937 0.2 40 0 0 4937 0.3 60 0 0 180 68.7 58.9 58.9
4937 0.2 40 0 0 4937 0.4 0 0 0 0 42.5 39.8 39.8
4937 0.2 40 0 0 4937 0.4 0 0 0 30 44.0 40.9 40.9
4937 0.2 40 0 0 4937 0.4 0 0 0 60 47.3 42.5 42.5
4937 0.2 40 0 0 4937 0.4 0 0 0 90 52.6 45.2 45.2
4937 0.2 40 0 0 4937 0.4 0 0 0 120 60.1 51.3 51.3
4937 0.2 40 0 0 4937 0.4 0 0 0 150 67.5 58.4 58.4
4937 0.2 40 0 0 4937 0.4 0 0 0 180 72.3 57.2 57.2
4937 0.2 40 0 0 4937 0.4 10 0 0 0 42.5 37.7 37.7
4937 0.2 40 0 0 4937 0.4 10 0 0 30 43.9 39.0 39.0
4937 0.2 40 0 0 4937 0.4 10 0 0 60 47.2 40.8 40.8
4937 0.2 40 0 0 4937 0.4 10 0 0 90 52.4 43.9 43.9
4937 0.2 40 0 0 4937 0.4 10 0 0 120 60.1 50.2 50.2
4937 0.2 40 0 0 4937 0.4 10 0 0 150 67.5 57.3 57.3
4937 0.2 40 0 0 4937 0.4 10 0 0 180 72.2 57.7 57.7
4937 0.2 40 0 0 4937 0.4 20 0 0 0 42.3 34.4 34.4
4937 0.2 40 0 0 4937 0.4 20 0 0 30 43.6 35.6 35.6
4937 0.2 40 0 0 4937 0.4 20 0 0 60 46.9 37.6 37.6
4937 0.2 40 0 0 4937 0.4 20 0 0 90 52.2 41.3 41.3
4937 0.2 40 0 0 4937 0.4 20 0 0 120 59.9 47.4 47.4
4937 0.2 40 0 0 4937 0.4 20 0 0 150 67.2 54.5 54.5
4937 0.2 40 0 0 4937 0.4 20 0 0 180 71.9 56.7 56.7
4937 0.2 40 0 0 4937 0.4 30 0 0 0 42.1 32.2 32.2
4937 0.2 40 0 0 4937 0.4 30 0 0 30 43.3 33.2 33.2
4937 0.2 40 0 0 4937 0.4 30 0 0 60 46.5 35.3 35.3
4937 0.2 40 0 0 4937 0.4 30 0 0 90 51.8 39.3 39.3
4937 0.2 40 0 0 4937 0.4 30 0 0 120 59.5 45.3 45.3
4937 0.2 40 0 0 4937 0.4 30 0 0 150 66.8 52.6 52.6
4937 0.2 40 0 0 4937 0.4 30 0 0 180 71.4 56.4 56.4
4937 0.2 40 0 0 4937 0.4 40 0 0 0 41.9 31.5 31.5
4937 0.2 40 0 0 4937 0.4 40 0 0 30 42.9 32.0 32.0
4937 0.2 40 0 0 4937 0.4 40 0 0 60 45.9 34.2 34.2
4937 0.2 40 0 0 4937 0.4 40 0 0 90 51.2 38.4 38.4
4937 0.2 40 0 0 4937 0.4 40 0 0 120 58.9 44.4 44.4
4937 0.2 40 0 0 4937 0.4 40 0 0 150 66.0 51.8 51.8
4937 0.2 40 0 0 4937 0.4 40 0 0 180 70.5 56.9 56.9
4937 0.2 40 0 0 4937 0.4 50 0 0 0 41.8 31.8 31.8
4937 0.2 40 0 0 4937 0.4 50 0 0 30 42.8 32.0 32.0
4937 0.2 40 0 0 4937 0.4 50 0 0 60 45.3 33.9 33.9
4937 0.2 40 0 0 4937 0.4 50 0 0 90 50.4 37.9 37.9
4937 0.2 40 0 0 4937 0.4 50 0 0 120 58.1 43.9 43.9
4937 0.2 40 0 0 4937 0.4 50 0 0 150 64.9 51.4 51.4
4937 0.2 40 0 0 4937 0.4 50 0 0 180 69.2 57.4 57.4
4937 0.2 40 0 0 4937 0.4 60 0 0 0 41.7 32.8 32.8
4937 0.2 40 0 0 4937 0.4 60 0 0 30 42.7 33.0 33.0
4937 0.2 40 0 0 4937 0.4 60 0 0 60 44.9 34.8 34.8
4937 0.2 40 0 0 4937 0.4 60 0 0 90 49.5 38.4 38.4
4937 0.2 40 0 0 4937 0.4 60 0 0 120 56.4 44.1 44.1
4937 0.2 40 0 0 4937 0.4 60 0 0 150 62.7 51.7 51.7
4937 0.2 40 0 0 4937 0.4 60 0 0 180 66.7 58.2 58.2
4937 0.2 40 0 0 4937 0.5 0 0 0 0 44.4 39.9 39.9
4937 0.2 40 0 0 4937 0.5 0 0 0 30 45.1 40.8 40.8
4937 0.2 40 0 0 4937 0.5 0 0 0 60 46.3 42.0 42.0
4937 0.2 40 0 0 4937 0.5 0 0 0 90 49.8 44.0 44.0
4937 0.2 40 0 0 4937 0.5 0 0 0 120 56.7 47.9 47.9
4937 0.2 40 0 0 4937 0.5 0 0 0 150 64.9 55.6 55.6
4937 0.2 40 0 0 4937 0.5 0 0 0 180 70.5 55.6 55.6
4937 0.2 40 0 0 4937 0.5 10 0 0 0 44.4 38.0 38.0
4937 0.2 40 0 0 4937 0.5 10 0 0 30 45.0 38.8 38.8
4937 0.2 40 0 0 4937 0.5 10 0 0 60 46.2 40.1 40.1
4937 0.2 40 0 0 4937 0.5 10 0 0 90 49.7 42.2 42.2
4937 0.2 40 0 0 4937 0.5 10 0 0 120 56.7 46.2 46.2
4937 0.2 40 0 0 4937 0.5 10 0 0 150 64.8 54.1 54.1
4937 0.2 40 0 0 4937 0.5 10 0 0 180 70.4 55.8 55.8
4937 0.2 40 0 0 4937 0.5 20 0 0 0 44.3 35.7 35.7
4937 0.2 40 0 0 4937 0.5 20 0 0 30 44.9 36.1 36.1
4937 0.2 40 0 0 4937 0.5 20 0 0 60 46.0 37.4 37.4
4937 0.2 40 0 0 4937 0.5 20 0 0 90 49.4 39.6 39.6
4937 0.2 40 0 0 4937 0.5 20 0 0 120 56.4 44.1 44.1
4937 0.2 40 0 0 4937 0.5 20 0 0 150 64.6 52.1 52.1
4937 0.2 40 0 0 4937 0.5 20 0 0 180 70.1 55.5 55.5
4937 0.2 40 0 0 4937 0.5 30 0 0 0 44.3 34.1 34.1
4937 0.2 40 0 0 4937 0.5 30 0 0 30 44.7 34.3 34.3
4937 0.2 40 0 0 4937 0.5 30 0 0 60 45.8 35.3 35.3
4937 0.2 40 0 0 4937 0.5 30 0 0 90 49.0 37.5 37.5
4937 0.2 40 0 0 4937 0.5 30 0 0 120 56.0 42.5 42.5
4937 0.2 40 0 0 4937 0.5 30 0 0 150 64.1 50.7 50.7
4937 0.2 40 0 0 4937 0.5 30 0 0 180 69.5 55.7 55.7
4937 0.2 40 0 0 4937 0.5 40 0 0 0 44.2 33.5 33.5
4937 0.2 40 0 0 4937 0.5 40 0 0 30 44.6 33.6 33.6
4937 0.2 40 0 0 4937 0.5 40 0 0 60 45.6 34.1 34.1
4937 0.2 40 0 0 4937 0.5 40 0 0 90 48.4 36.2 36.2
4937 0.2 40 0 0 4937 0.5 40 0 0 120 55.4 41.5 41.5
4937 0.2 40 0 0 4937 0.5 40 0 0 150 63.3 49.8 49.8
4937 0.2 40 0 0 4937 0.5 40 0 0 180 68.6 56.1 56.1
4937 0.2 40 0 0 4937 0.5 50 0 0 0 44.1 33.5 33.5
4937 0.2 40 0 0 4937 0.5 50 0 0 30 44.5 33.5 33.5
4937 0.2 40 0 0 4937 0.5 50 0 0 60 45.5 33.9 33.9
4937 0.2 40 0 0 4937 0.5 50 0 0 90 48.0 35.6 35.6
4937 0.2 40 0 0 4937 0.5 50 0 0 120 54.4 40.9 40.9
4937 0.2 40 0 0 4937 0.5 50 0 0 150 62.1 49.4 49.4
4937 0.2 40 0 0 4937 0.5 50 0 0 180 67.2 56.5 56.5
4937 0.2 40 0 0 4937 0.5 60 0 0 0 44.1 34.0 34.0
4937 0.2 40 0 0 4937 0.5 60 0 0 30 44.5 33.9 33.9
4937 0.2 40 0 0 4937 0.5 60 0 0 60 45.4 34.3 34.3
4937 0.2 40 0 0 4937 0.5 60 0 0 90 47.7 36.1 36.1
4937 0.2 40 0 0 4937 0.5 60 0 0 120 53.1 41.0 41.0
4937 0.2 40 0 0 4937 0.5 60 0 0 150 59.9 49.3 49.3
4937 0.2 40 0 0 4937 0.5 60 0 0 180 64.6 57.2 57.2
