5337 0.3 40 0 0 4737 0.0 0 0 0 0 61.4 52.7 52.7
5337 0.3 40 0 0 4737 0.0 0 0 0 30 61.5 53.0 53.0
5337 0.3 40 0 0 4737 0.0 0 0 0 60 61.6 52.9 52.9
5337 0.3 40 0 0 4737 0.0 0 0 0 90 61.6 53.3 53.3
5337 0.3 40 0 0 4737 0.0 0 0 0 120 61.6 53.3 53.3
5337 0.3 40 0 0 4737 0.0 0 0 0 150 61.5 53.4 53.4
5337 0.3 40 0 0 4737 0.0 0 0 0 180 61.5 53.4 53.4
5337 0.3 40 0 0 4737 0.0 10 0 0 0 61.3 52.2 52.2
5337 0.3 40 0 0 4737 0.0 10 0 0 30 61.5 52.3 52.3
5337 0.3 40 0 0 4737 0.0 10 0 0 60 61.5 52.5 52.5
5337 0.3 40 0 0 4737 0.0 10 0 0 90 61.5 52.8 52.8
5337 0.3 40 0 0 4737 0.0 10 0 0 120 61.5 52.9 52.9
5337 0.3 40 0 0 4737 0.0 10 0 0 150 61.5 53.0 53.0
5337 0.3 40 0 0 4737 0.0 10 0 0 180 61.4 52.9 52.9
5337 0.3 40 0 0 4737 0.0 20 0 0 0 61.1 50.9 50.9
5337 0.3 40 0 0 4737 0.0 20 0 0 30 61.3 50.8 50.8
5337 0.3 40 0 0 4737 0.0 20 0 0 60 61.3 51.1 51.1
5337 0.3 40 0 0 4737 0.0 20 0 0 90 61.4 51.2 51.2
5337 0.3 40 0 0 4737 0.0 20 0 0 120 61.3 51.4 51.4
5337 0.3 40 0 0 4737 0.0 20 0 0 150 61.3 51.6 51.6
5337 0.3 40 0 0 4737 0.0 20 0 0 180 61.2 51.4 51.4
5337 0.3 40 0 0 4737 0.0 30 0 0 0 60.8 48.3 48.3
5337 0.3 40 0 0 4737 0.0 30 0 0 30 60.9 48.1 48.1
5337 0.3 40 0 0 4737 0.0 30 0 0 60 61.0 48.3 48.3
5337 0.3 40 0 0 4737 0.0 30 0 0 90 61.0 48.2 48.2
5337 0.3 40 0 0 4737 0.0 30 0 0 120 61.0 48.5 48.5
5337 0.3 40 0 0 4737 0.0 30 0 0 150 60.9 48.8 48.8
5337 0.3 40 0 0 4737 0.0 30 0 0 180 60.9 48.7 48.7
5337 0.3 40 0 0 4737 0.0 40 0 0 0 60.2 48.1 48.1
5337 0.3 40 0 0 4737 0.0 40 0 0 30 60.5 48.0 48.0
5337 0.3 40 0 0 4737 0.0 40 0 0 60 60.4 48.2 48.2
5337 0.3 40 0 0 4737 0.0 40 0 0 90 60.5 48.1 48.1
5337 0.3 40 0 0 4737 0.0 40 0 0 120 60.4 48.4 48.4
5337 0.3 40 0 0 4737 0.0 40 0 0 150 60.4 48.7 48.7
5337 0.3 40 0 0 4737 0.0 40 0 0 180 60.4 48.6 48.6
5337 0.3 40 0 0 4737 0.0 50 0 0 0 59.3 48.8 48.8
5337 0.3 40 0 0 4737 0.0 50 0 0 30 59.7 48.8 48.8
5337 0.3 40 0 0 4737 0.0 50 0 0 60 59.6 48.9 48.9
5337 0.3 40 0 0 4737 0.0 50 0 0 90 59.6 49.0 49.0
5337 0.3 40 0 0 4737 0.0 50 0 0 120 59.6 49.1 49.1
5337 0.3 40 0 0 4737 0.0 50 0 0 150 59.5 49.3 49.3
5337 0.3 40 0 0 4737 0.0 50 0 0 180 59.7 49.3 49.3
5337 0.3 40 0 0 4737 0.0 60 0 0 0 57.9 50.0 50.0
5337 0.3 40 0 0 4737 0.0 60 0 0 30 58.4 50.1 50.1
5337 0.3 40 0 0 4737 0.0 60 0 0 60 58.2 50.2 50.2
5337 0.3 40 0 0 4737 0.0 60 0 0 90 58.2 50.3 50.3
5337 0.3 40 0 0 4737 0.0 60 0 0 120 58.3 50.5 50.5
5337 0.3 40 0 0 4737 0.0 60 0 0 150 58.0 50.7 50.7
5337 0.3 40 0 0 4737 0.0 60 0 0 180 58.4 50.6 50.6
5337 0.3 40 0 0 4737 0.1 0 0 0 0 60.8 51.9 51.9
5337 0.3 40 0 0 4737 0.1 0 0 0 30 60.8 52.2 52.2
5337 0.3 40 0 0 4737 0.1 0 0 0 60 61.0 52.0 52.0
5337 0.3 40 0 0 4737 0.1 0 0 0 90 60.9 52.4 52.4
5337 0.3 40 0 0 4737 0.1 0 0 0 120 61.0 52.6 52.6
5337 0.3 40 0 0 4737 0.1 0 0 0 150 60.9 52.7 52.7
5337 0.3 40 0 0 4737 0.1 0 0 0 180 60.8 52.6 52.6
5337 0.3 40 0 0 4737 0.1 10 0 0 0 60.7 51.5 51.5
5337 0.3 40 0 0 4737 0.1 10 0 0 30 60.7 51.6 51.6
5337 0.3 40 0 0 4737 0.1 10 0 0 60 60.9 51.6 51.6
5337 0.3 40 0 0 4737 0.1 10 0 0 90 60.9 51.9 51.9
5337 0.3 40 0 0 4737 0.1 10 0 0 120 60.9 52.0 52.0
5337 0.3 40 0 0 4737 0.1 10 0 0 150 60.8 52.2 52.2
5337 0.3 40 0 0 4737 0.1 10 0 0 180 60.8 52.1 52.1
5337 0.3 40 0 0 4737 0.1 20 0 0 0 60.5 50.1 50.1
5337 0.3 40 0 0 4737 0.1 20 0 0 30 60.6 50.0 50.0
5337 0.3 40 0 0 4737 0.1 20 0 0 60 60.7 50.2 50.2
5337 0.3 40 0 0 4737 0.1 20 0 0 90 60.7 50.4 50.4
5337 0.3 40 0 0 4737 0.1 20 0 0 120 60.7 50.5 50.5
5337 0.3 40 0 0 4737 0.1 20 0 0 150 60.6 50.8 50.8
5337 0.3 40 0 0 4737 0.1 20 0 0 180 60.6 50.5 50.5
5337 0.3 40 0 0 4737 0.1 30 0 0 0 60.1 47.5 47.5
5337 0.3 40 0 0 4737 0.1 30 0 0 30 60.2 47.3 47.3
5337 0.3 40 0 0 4737 0.1 30 0 0 60 60.4 47.5 47.5
5337 0.3 40 0 0 4737 0.1 30 0 0 90 60.3 47.5 47.5
5337 0.3 40 0 0 4737 0.1 30 0 0 120 60.4 47.6 47.6
5337 0.3 40 0 0 4737 0.1 30 0 0 150 60.2 47.9 47.9
5337 0.3 40 0 0 4737 0.1 30 0 0 180 60.3 47.8 47.8
5337 0.3 40 0 0 4737 0.1 40 0 0 0 59.5 47.5 47.5
5337 0.3 40 0 0 4737 0.1 40 0 0 30 59.7 47.3 47.3
5337 0.3 40 0 0 4737 0.1 40 0 0 60 59.9 47.4 47.4
5337 0.3 40 0 0 4737 0.1 40 0 0 90 59.7 47.5 47.5
5337 0.3 40 0 0 4737 0.1 40 0 0 120 59.9 47.5 47.5
5337 0.3 40 0 0 4737 0.1 40 0 0 150 59.7 47.9 47.9
5337 0.3 40 0 0 4737 0.1 40 0 0 180 59.8 47.8 47.8
5337 0.3 40 0 0 4737 0.1 50 0 0 0 58.6 48.1 48.1
5337 0.3 40 0 0 4737 0.1 50 0 0 30 58.8 48.1 48.1
5337 0.3 40 0 0 4737 0.1 50 0 0 60 59.1 48.3 48.3
5337 0.3 40 0 0 4737 0.1 50 0 0 90 58.8 48.3 48.3
5337 0.3 40 0 0 4737 0.1 50 0 0 120 59.1 48.3 48.3
5337 0.3 40 0 0 4737 0.1 50 0 0 150 58.8 48.6 48.6
5337 0.3 40 0 0 4737 0.1 50 0 0 180 59.0 48.4 48.4
5337 0.3 40 0 0 4737 0.1 60 0 0 0 57.2 49.3 49.3
5337 0.3 40 0 0 4737 0.1 60 0 0 30 57.4 49.2 49.2
5337 0.3 40 0 0 4737 0.1 60 0 0 60 57.8 49.4 49.4
5337 0.3 40 0 0 4737 0.1 60 0 0 90 57.3 49.4 49.4
5337 0.3 40 0 0 4737 0.1 60 0 0 120 57.7 49.6 49.6
5337 0.3 40 0 0 4737 0.1 60 0 0 150 57.3 50.0 50.0
5337 0.3 40 0 0 4737 0.1 60 0 0 180 57.6 49.9 49.9
5337 0.3 40 0 0 4737 0.2 0 0 0 0 60.1 51.1 51.1
5337 0.3 40 0 0 4737 0.2 0 0 0 30 60.1 51.3 51.3
5337 0.3 40 0 0 4737 0.2 0 0 0 60 60.3 51.3 51.3
5337 0.3 40 0 0 4737 0.2 0 0 0 90 60.3 51.4 51.4
5337 0.3 40 0 0 4737 0.2 0 0 0 120 60.2 51.7 51.7
5337 0.3 40 0 0 4737 0.2 0 0 0 150 60.3 51.8 51.8
5337 0.3 40 0 0 4737 0.2 0 0 0 180 60.2 51.7 51.7
5337 0.3 40 0 0 4737 0.2 10 0 0 0 60.0 50.6 50.6
5337 0.3 40 0 0 4737 0.2 10 0 0 30 60.1 50.7 50.7
5337 0.3 40 0 0 4737 0.2 10 0 0 60 60.3 50.7 50.7
5337 0.3 40 0 0 4737 0.2 10 0 0 90 60.3 50.9 50.9
5337 0.3 40 0 0 4737 0.2 10 0 0 120 60.2 51.2 51.2
5337 0.3 40 0 0 4737 0.2 10 0 0 150 60.2 51.3 51.3
5337 0.3 40 0 0 4737 0.2 10 0 0 180 60.2 51.2 51.2
5337 0.3 40 0 0 4737 0.2 20 0 0 0 59.8 49.1 49.1
5337 0.3 40 0 0 4737 0.2 20 0 0 30 59.9 49.1 49.1
5337 0.3 40 0 0 4737 0.2 20 0 0 60 60.1 49.2 49.2
5337 0.3 40 0 0 4737 0.2 20 0 0 90 60.0 49.4 49.4
5337 0.3 40 0 0 4737 0.2 20 0 0 120 60.0 49.6 49.6
5337 0.3 40 0 0 4737 0.2 20 0 0 150 60.0 49.7 49.7
5337 0.3 40 0 0 4737 0.2 20 0 0 180 60.0 49.7 49.7
5337 0.3 40 0 0 4737 0.2 30 0 0 0 59.4 46.8 46.8
5337 0.3 40 0 0 4737 0.2 30 0 0 30 59.5 46.8 46.8
5337 0.3 40 0 0 4737 0.2 30 0 0 60 59.8 46.8 46.8
5337 0.3 40 0 0 4737 0.2 30 0 0 90 59.7 46.9 46.9
5337 0.3 40 0 0 4737 0.2 30 0 0 120 59.6 46.9 46.9
5337 0.3 40 0 0 4737 0.2 30 0 0 150 59.6 47.1 47.1
5337 0.3 40 0 0 4737 0.2 30 0 0 180 59.6 47.0 47.0
5337 0.3 40 0 0 4737 0.2 40 0 0 0 58.8 46.9 46.9
5337 0.3 40 0 0 4737 0.2 40 0 0 30 58.9 46.9 46.9
5337 0.3 40 0 0 4737 0.2 40 0 0 60 59.2 46.8 46.8
5337 0.3 40 0 0 4737 0.2 40 0 0 90 59.1 46.9 46.9
5337 0.3 40 0 0 4737 0.2 40 0 0 120 59.0 46.8 46.8
5337 0.3 40 0 0 4737 0.2 40 0 0 150 59.0 47.1 47.1
5337 0.3 40 0 0 4737 0.2 40 0 0 180 59.1 47.0 47.0
5337 0.3 40 0 0 4737 0.2 50 0 0 0 57.9 47.5 47.5
5337 0.3 40 0 0 4737 0.2 50 0 0 30 58.0 47.4 47.4
5337 0.3 40 0 0 4737 0.2 50 0 0 60 58.4 47.6 47.6
5337 0.3 40 0 0 4737 0.2 50 0 0 90 58.2 47.7 47.7
5337 0.3 40 0 0 4737 0.2 50 0 0 120 58.1 47.6 47.6
5337 0.3 40 0 0 4737 0.2 50 0 0 150 58.2 48.0 48.0
5337 0.3 40 0 0 4737 0.2 50 0 0 180 58.2 47.8 47.8
5337 0.3 40 0 0 4737 0.2 60 0 0 0 56.6 48.5 48.5
5337 0.3 40 0 0 4737 0.2 60 0 0 30 56.5 48.3 48.3
5337 0.3 40 0 0 4737 0.2 60 0 0 60 56.9 48.4 48.4
5337 0.3 40 0 0 4737 0.2 60 0 0 90 56.8 48.7 48.7
5337 0.3 40 0 0 4737 0.2 60 0 0 120 56.5 48.6 48.6
5337 0.3 40 0 0 4737 0.2 60 0 0 150 56.8 49.2 49.2
5337 0.3 40 0 0 4737 0.2 60 0 0 180 56.7 49.1 49.1
5337 0.3 40 0 0 4737 0.3 0 0 0 0 59.5 50.2 50.2
5337 0.3 40 0 0 4737 0.3 0 0 0 30 59.5 50.2 50.2
5337 0.3 40 0 0 4737 0.3 0 0 0 60 59.7 50.4 50.4
5337 0.3 40 0 0 4737 0.3 0 0 0 90 59.6 50.5 50.5
5337 0.3 40 0 0 4737 0.3 0 0 0 120 59.6 50.7 50.7
5337 0.3 40 0 0 4737 0.3 0 0 0 150 59.6 51.0 51.0
5337 0.3 40 0 0 4737 0.3 0 0 0 180 59.6 50.8 50.8
5337 0.3 40 0 0 4737 0.3 10 0 0 0 59.4 49.6 49.6
5337 0.3 40 0 0 4737 0.3 10 0 0 30 59.5 49.7 49.7
5337 0.3 40 0 0 4737 0.3 10 0 0 60 59.6 49.9 49.9
5337 0.3 40 0 0 4737 0.3 10 0 0 90 59.6 49.9 49.9
5337 0.3 40 0 0 4737 0.3 10 0 0 120 59.6 50.2 50.2
5337 0.3 40 0 0 4737 0.3 10 0 0 150 59.5 50.4 50.4
5337 0.3 40 0 0 4737 0.3 10 0 0 180 59.5 50.3 50.3
5337 0.3 40 0 0 4737 0.3 20 0 0 0 59.2 47.8 47.8
5337 0.3 40 0 0 4737 0.3 20 0 0 30 59.2 47.9 47.9
5337 0.3 40 0 0 4737 0.3 20 0 0 60 59.4 48.0 48.0
5337 0.3 40 0 0 4737 0.3 20 0 0 90 59.4 48.1 48.1
5337 0.3 40 0 0 4737 0.3 20 0 0 120 59.3 48.4 48.4
5337 0.3 40 0 0 4737 0.3 20 0 0 150 59.3 48.5 48.5
5337 0.3 40 0 0 4737 0.3 20 0 0 180 59.3 48.5 48.5
5337 0.3 40 0 0 4737 0.3 30 0 0 0 58.8 46.2 46.2
5337 0.3 40 0 0 4737 0.3 30 0 0 30 58.8 46.3 46.3
5337 0.3 40 0 0 4737 0.3 30 0 0 60 59.0 46.4 46.4
5337 0.3 40 0 0 4737 0.3 30 0 0 90 59.0 46.3 46.3
5337 0.3 40 0 0 4737 0.3 30 0 0 120 59.0 46.3 46.3
5337 0.3 40 0 0 4737 0.3 30 0 0 150 59.0 46.5 46.5
5337 0.3 40 0 0 4737 0.3 30 0 0 180 58.9 46.5 46.5
5337 0.3 40 0 0 4737 0.3 40 0 0 0 58.2 46.3 46.3
5337 0.3 40 0 0 4737 0.3 40 0 0 30 58.2 46.4 46.4
5337 0.3 40 0 0 4737 0.3 40 0 0 60 58.4 46.4 46.4
5337 0.3 40 0 0 4737 0.3 40 0 0 90 58.5 46.4 46.4
5337 0.3 40 0 0 4737 0.3 40 0 0 120 58.3 46.4 46.4
5337 0.3 40 0 0 4737 0.3 40 0 0 150 58.4 46.7 46.7
5337 0.3 40 0 0 4737 0.3 40 0 0 180 58.3 46.6 46.6
5337 0.3 40 0 0 4737 0.3 50 0 0 0 57.4 46.8 46.8
5337 0.3 40 0 0 4737 0.3 50 0 0 30 57.3 46.8 46.8
5337 0.3 40 0 0 4737 0.3 50 0 0 60 57.4 46.9 46.9
5337 0.3 40 0 0 4737 0.3 50 0 0 90 57.6 47.1 47.1
5337 0.3 40 0 0 4737 0.3 50 0 0 120 57.4 47.0 47.0
5337 0.3 40 0 0 4737 0.3 50 0 0 150 57.5 47.4 47.4
5337 0.3 40 0 0 4737 0.3 50 0 0 180 57.4 47.2 47.2
5337 0.3 40 0 0 4737 0.3 60 0 0 0 56.0 47.8 47.8
5337 0.3 40 0 0 4737 0.3 60 0 0 30 55.8 47.7 47.7
5337 0.3 40 0 0 4737 0.3 60 0 0 60 55.8 47.6 47.6
5337 0.3 40 0 0 4737 0.3 60 0 0 90 56.0 47.9 47.9
5337 0.3 40 0 0 4737 0.3 60 0 0 120 55.8 47.8 47.8
5337 0.3 40 0 0 4737 0.3 60 0 0 150 55.9 48.4 48.4
5337 0.3 40 0 0 4737 0.3 60 0 0 180 55.7 48.3 48.3
5337 0.3 40 0 0 4737 0.4 0 0 0 0 58.9 49.2 49.2
5337 0.3 40 0 0 4737 0.4 0 0 0 30 59.0 49.2 49.2
5337 0.3 40 0 0 4737 0.4 0 0 0 60 59.0 49.3 49.3
5337 0.3 40 0 0 4737 0.4 0 0 0 90 59.0 49.5 49.5
5337 0.3 40 0 0 4737 0.4 0 0 0 120 59.0 49.6 49.6
5337 0.3 40 0 0 4737 0.4 0 0 0 150 58.9 50.1 50.1
5337 0.3 40 0 0 4737 0.4 0 0 0 180 58.9 49.8 49.8
5337 0.3 40 0 0 4737 0.4 10 0 0 0 58.8 48.6 48.6
5337 0.3 40 0 0 4737 0.4 10 0 0 30 58.9 48.6 48.6
5337 0.3 40 0 0 4737 0.4 10 0 0 60 58.9 48.7 48.7
5337 0.3 40 0 0 4737 0.4 10 0 0 90 58.9 48.9 48.9
5337 0.3 40 0 0 4737 0.4 10 0 0 120 59.0 49.0 49.0
5337 0.3 40 0 0 4737 0.4 10 0 0 150 58.8 49.4 49.4
5337 0.3 40 0 0 4737 0.4 10 0 0 180 58.8 49.2 49.2
5337 0.3 40 0 0 4737 0.4 20 0 0 0 58.6 46.4 46.4
5337 0.3 40 0 0 4737 0.4 20 0 0 30 58.7 46.4 46.4
5337 0.3 40 0 0 4737 0.4 20 0 0 60 58.7 46.6 46.6
5337 0.3 40 0 0 4737 0.4 20 0 0 90 58.7 46.6 46.6
5337 0.3 40 0 0 4737 0.4 20 0 0 120 58.7 46.8 46.8
5337 0.3 40 0 0 4737 0.4 20 0 0 150 58.6 47.1 47.1
5337 0.3 40 0 0 4737 0.4 20 0 0 180 58.6 47.0 47.0
5337 0.3 40 0 0 4737 0.4 30 0 0 0 58.2 45.8 45.8
5337 0.3 40 0 0 4737 0.4 30 0 0 30 58.3 45.8 45.8
5337 0.3 40 0 0 4737 0.4 30 0 0 60 58.3 45.9 45.9
5337 0.3 40 0 0 4737 0.4 30 0 0 90 58.3 46.0 46.0
5337 0.3 40 0 0 4737 0.4 30 0 0 120 58.3 45.9 45.9
5337 0.3 40 0 0 4737 0.4 30 0 0 150 58.2 46.1 46.1
5337 0.3 40 0 0 4737 0.4 30 0 0 180 58.2 46.1 46.1
5337 0.3 40 0 0 4737 0.4 40 0 0 0 57.7 45.9 45.9
5337 0.3 40 0 0 4737 0.4 40 0 0 30 57.7 45.9 45.9
5337 0.3 40 0 0 4737 0.4 40 0 0 60 57.7 46.0 46.0
5337 0.3 40 0 0 4737 0.4 40 0 0 90 57.6 46.1 46.1
5337 0.3 40 0 0 4737 0.4 40 0 0 120 57.8 46.1 46.1
5337 0.3 40 0 0 4737 0.4 40 0 0 150 57.5 46.2 46.2
5337 0.3 40 0 0 4737 0.4 40 0 0 180 57.6 46.3 46.3
5337 0.3 40 0 0 4737 0.4 50 0 0 0 56.8 46.2 46.2
5337 0.3 40 0 0 4737 0.4 50 0 0 30 56.8 46.3 46.3
5337 0.3 40 0 0 4737 0.4 50 0 0 60 56.7 46.3 46.3
5337 0.3 40 0 0 4737 0.4 50 0 0 90 56.6 46.5 46.5
5337 0.3 40 0 0 4737 0.4 50 0 0 120 56.9 46.6 46.6
5337 0.3 40 0 0 4737 0.4 50 0 0 150 56.5 47.0 47.0
5337 0.3 40 0 0 4737 0.4 50 0 0 180 56.6 46.8 46.8
5337 0.3 40 0 0 4737 0.4 60 0 0 0 55.1 47.0 47.0
5337 0.3 40 0 0 4737 0.4 60 0 0 30 55.0 47.0 47.0
5337 0.3 40 0 0 4737 0.4 60 0 0 60 54.8 47.0 47.0
5337 0.3 40 0 0 4737 0.4 60 0 0 90 54.8 47.1 47.1
5337 0.3 40 0 0 4737 0.4 60 0 0 120 55.1 47.1 47.1
5337 0.3 40 0 0 4737 0.4 60 0 0 150 54.6 47.5 47.5
5337 0.3 40 0 0 4737 0.4 60 0 0 180 54.6 47.7 47.7
5337 0.3 40 0 0 4737 0.5 0 0 0 0 58.2 47.8 47.8
5337 0.3 40 0 0 4737 0.5 0 0 0 30 58.3 47.8 47.8
5337 0.3 40 0 0 4737 0.5 0 0 0 60 58.3 47.8 47.8
5337 0.3 40 0 0 4737 0.5 0 0 0 90 58.3 48.0 48.0
5337 0.3 40 0 0 4737 0.5 0 0 0 120 58.2 48.2 48.2
5337 0.3 40 0 0 4737 0.5 0 0 0 150 58.3 48.6 48.6
5337 0.3 40 0 0 4737 0.5 0 0 0 180 58.1 48.4 48.4
5337 0.3 40 0 0 4737 0.5 10 0 0 0 58.1 47.0 47.0
5337 0.3 40 0 0 4737 0.5 10 0 0 30 58.3 46.9 46.9
5337 0.3 40 0 0 4737 0.5 10 0 0 60 58.3 46.9 46.9
5337 0.3 40 0 0 4737 0.5 10 0 0 90 58.2 47.1 47.1
5337 0.3 40 0 0 4737 0.5 10 0 0 120 58.1 47.4 47.4
5337 0.3 40 0 0 4737 0.5 10 0 0 150 58.2 47.7 47.7
5337 0.3 40 0 0 4737 0.5 10 0 0 180 58.1 47.6 47.6
5337 0.3 40 0 0 4737 0.5 20 0 0 0 57.9 45.9 45.9
5337 0.3 40 0 0 4737 0.5 20 0 0 30 58.0 45.8 45.8
5337 0.3 40 0 0 4737 0.5 20 0 0 60 58.0 45.9 45.9
5337 0.3 40 0 0 4737 0.5 20 0 0 90 58.0 46.1 46.1
5337 0.3 40 0 0 4737 0.5 20 0 0 120 57.9 46.3 46.3
5337 0.3 40 0 0 4737 0.5 20 0 0 150 57.9 46.6 46.6
5337 0.3 40 0 0 4737 0.5 20 0 0 180 57.8 46.5 46.5
5337 0.3 40 0 0 4737 0.5 30 0 0 0 57.5 45.6 45.6
5337 0.3 40 0 0 4737 0.5 30 0 0 30 57.7 45.5 45.5
5337 0.3 40 0 0 4737 0.5 30 0 0 60 57.6 45.6 45.6
5337 0.3 40 0 0 4737 0.5 30 0 0 90 57.6 45.9 45.9
5337 0.3 40 0 0 4737 0.5 30 0 0 120 57.5 46.0 46.0
5337 0.3 40 0 0 4737 0.5 30 0 0 150 57.5 46.1 46.1
5337 0.3 40 0 0 4737 0.5 30 0 0 180 57.4 45.9 45.9
5337 0.3 40 0 0 4737 0.5 40 0 0 0 56.9 45.7 45.7
5337 0.3 40 0 0 4737 0.5 40 0 0 30 57.0 45.7 45.7
5337 0.3 40 0 0 4737 0.5 40 0 0 60 57.0 45.7 45.7
5337 0.3 40 0 0 4737 0.5 40 0 0 90 56.9 45.9 45.9
5337 0.3 40 0 0 4737 0.5 40 0 0 120 56.9 46.1 46.1
5337 0.3 40 0 0 4737 0.5 40 0 0 150 56.8 46.2 46.2
5337 0.3 40 0 0 4737 0.5 40 0 0 180 56.7 46.1 46.1
5337 0.3 40 0 0 4737 0.5 50 0 0 0 55.9 45.9 45.9
5337 0.3 40 0 0 4737 0.5 50 0 0 30 56.0 45.9 45.9
5337 0.3 40 0 0 4737 0.5 50 0 0 60 56.1 45.8 45.8
5337 0.3 40 0 0 4737 0.5 50 0 0 90 55.8 46.0 46.0
5337 0.3 40 0 0 4737 0.5 50 0 0 120 55.8 46.1 46.1
5337 0.3 40 0 0 4737 0.5 50 0 0 150 55.7 46.5 46.5
5337 0.3 40 0 0 4737 0.5 50 0 0 180 55.7 46.5 46.5
5337 0.3 40 0 0 4737 0.5 60 0 0 0 54.4 46.4 46.4
5337 0.3 40 0 0 4737 0.5 60 0 0 30 54.4 46.4 46.4
5337 0.3 40 0 0 4737 0.5 60 0 0 60 54.4 46.4 46.4
5337 0.3 40 0 0 4737 0.5 60 0 0 90 54.2 46.5 46.5
5337 0.3 40 0 0 4737 0.5 60 0 0 120 54.2 46.5 46.5
5337 0.3 40 0 0 4737 0.5 60 0 0 150 53.8 46.9 46.9
5337 0.3 40 0 0 4737 0.5 60 0 0 180 53.9 47.1 47.1
5337 0.3 40 0 0 4937 0.0 0 0 0 0 61.7 53.2 53.2
5337 0.3 40 0 0 4937 0.0 0 0 0 30 61.9 53.5 53.5
5337 0.3 40 0 0 4937 0.0 0 0 0 60 62.1 53.7 53.7
5337 0.3 40 0 0 4937 0.0 0 0 0 90 62.1 54.2 54.2
5337 0.3 40 0 0 4937 0.0 0 0 0 120 62.2 54.3 54.3
5337 0.3 40 0 0 4937 0.0 0 0 0 150 62.1 54.3 54.3
5337 0.3 40 0 0 4937 0.0 0 0 0 180 61.9 54.2 54.2
5337 0.3 40 0 0 4937 0.0 10 0 0 0 61.6 52.7 52.7
5337 0.3 40 0 0 4937 0.0 10 0 0 30 61.8 53.0 53.0
5337 0.3 40 0 0 4937 0.0 10 0 0 60 62.1 53.2 53.2
5337 0.3 40 0 0 4937 0.0 10 0 0 90 62.1 53.6 53.6
5337 0.3 40 0 0 4937 0.0 10 0 0 120 62.1 53.9 53.9
5337 0.3 40 0 0 4937 0.0 10 0 0 150 62.0 53.9 53.9
5337 0.3 40 0 0 4937 0.0 10 0 0 180 61.8 53.8 53.8
5337 0.3 40 0 0 4937 0.0 20 0 0 0 61.5 51.4 51.4
5337 0.3 40 0 0 4937 0.0 20 0 0 30 61.6 51.7 51.7
5337 0.3 40 0 0 4937 0.0 20 0 0 60 61.9 52.0 52.0
5337 0.3 40 0 0 4937 0.0 20 0 0 90 61.9 52.2 52.2
5337 0.3 40 0 0 4937 0.0 20 0 0 120 61.9 52.5 52.5
5337 0.3 40 0 0 4937 0.0 20 0 0 150 61.8 52.7 52.7
5337 0.3 40 0 0 4937 0.0 20 0 0 180 61.7 52.5 52.5
5337 0.3 40 0 0 4937 0.0 30 0 0 0 61.1 48.7 48.7
5337 0.3 40 0 0 4937 0.0 30 0 0 30 61.3 49.0 49.0
5337 0.3 40 0 0 4937 0.0 30 0 0 60 61.6 49.4 49.4
5337 0.3 40 0 0 4937 0.0 30 0 0 90 61.6 49.7 49.7
5337 0.3 40 0 0 4937 0.0 30 0 0 120 61.6 49.7 49.7
5337 0.3 40 0 0 4937 0.0 30 0 0 150 61.5 49.7 49.7
5337 0.3 40 0 0 4937 0.0 30 0 0 180 61.3 49.4 49.4
5337 0.3 40 0 0 4937 0.0 40 0 0 0 60.7 48.5 48.5
5337 0.3 40 0 0 4937 0.0 40 0 0 30 60.8 48.8 48.8
5337 0.3 40 0 0 4937 0.0 40 0 0 60 61.1 49.2 49.2
5337 0.3 40 0 0 4937 0.0 40 0 0 90 61.0 49.5 49.5
5337 0.3 40 0 0 4937 0.0 40 0 0 120 61.1 49.6 49.6
5337 0.3 40 0 0 4937 0.0 40 0 0 150 61.0 49.5 49.5
5337 0.3 40 0 0 4937 0.0 40 0 0 180 60.8 49.3 49.3
5337 0.3 40 0 0 4937 0.0 50 0 0 0 59.9 48.9 48.9
5337 0.3 40 0 0 4937 0.0 50 0 0 30 60.1 49.2 49.2
5337 0.3 40 0 0 4937 0.0 50 0 0 60 60.2 49.7 49.7
5337 0.3 40 0 0 4937 0.0 50 0 0 90 60.3 50.0 50.0
5337 0.3 40 0 0 4937 0.0 50 0 0 120 60.3 50.3 50.3
5337 0.3 40 0 0 4937 0.0 50 0 0 150 60.2 50.3 50.3
5337 0.3 40 0 0 4937 0.0 50 0 0 180 60.1 50.1 50.1
5337 0.3 40 0 0 4937 0.0 60 0 0 0 58.6 50.3 50.3
5337 0.3 40 0 0 4937 0.0 60 0 0 30 58.9 50.5 50.5
5337 0.3 40 0 0 4937 0.0 60 0 0 60 58.9 50.8 50.8
5337 0.3 40 0 0 4937 0.0 60 0 0 90 59.0 51.1 51.1
5337 0.3 40 0 0 4937 0.0 60 0 0 120 58.9 51.4 51.4
5337 0.3 40 0 0 4937 0.0 60 0 0 150 59.0 51.4 51.4
5337 0.3 40 0 0 4937 0.0 60 0 0 180 58.8 51.3 51.3
5337 0.3 40 0 0 4937 0.1 0 0 0 0 61.1 52.4 52.4
5337 0.3 40 0 0 4937 0.1 0 0 0 30 61.2 52.6 52.6
5337 0.3 40 0 0 4937 0.1 0 0 0 60 61.5 52.9 52.9
5337 0.3 40 0 0 4937 0.1 0 0 0 90 61.5 53.2 53.2
5337 0.3 40 0 0 4937 0.1 0 0 0 120 61.5 53.5 53.5
5337 0.3 40 0 0 4937 0.1 0 0 0 150 61.4 53.7 53.7
5337 0.3 40 0 0 4937 0.1 0 0 0 180 61.3 53.5 53.5
5337 0.3 40 0 0 4937 0.1 10 0 0 0 61.1 51.8 51.8
5337 0.3 40 0 0 4937 0.1 10 0 0 30 61.2 52.1 52.1
5337 0.3 40 0 0 4937 0.1 10 0 0 60 61.4 52.3 52.3
5337 0.3 40 0 0 4937 0.1 10 0 0 90 61.4 52.6 52.6
5337 0.3 40 0 0 4937 0.1 10 0 0 120 61.5 53.0 53.0
5337 0.3 40 0 0 4937 0.1 10 0 0 150 61.4 53.2 53.2
5337 0.3 40 0 0 4937 0.1 10 0 0 180 61.2 53.1 53.1
5337 0.3 40 0 0 4937 0.1 20 0 0 0 60.9 50.5 50.5
5337 0.3 40 0 0 4937 0.1 20 0 0 30 61.0 50.8 50.8
5337 0.3 40 0 0 4937 0.1 20 0 0 60 61.2 51.0 51.0
5337 0.3 40 0 0 4937 0.1 20 0 0 90 61.2 51.4 51.4
5337 0.3 40 0 0 4937 0.1 20 0 0 120 61.3 51.7 51.7
5337 0.3 40 0 0 4937 0.1 20 0 0 150 61.2 51.8 51.8
5337 0.3 40 0 0 4937 0.1 20 0 0 180 61.0 51.7 51.7
5337 0.3 40 0 0 4937 0.1 30 0 0 0 60.5 47.7 47.7
5337 0.3 40 0 0 4937 0.1 30 0 0 30 60.7 48.0 48.0
5337 0.3 40 0 0 4937 0.1 30 0 0 60 60.9 48.3 48.3
5337 0.3 40 0 0 4937 0.1 30 0 0 90 60.9 48.9 48.9
5337 0.3 40 0 0 4937 0.1 30 0 0 120 61.0 49.0 49.0
5337 0.3 40 0 0 4937 0.1 30 0 0 150 60.8 49.0 49.0
5337 0.3 40 0 0 4937 0.1 30 0 0 180 60.7 48.6 48.6
5337 0.3 40 0 0 4937 0.1 40 0 0 0 60.0 47.6 47.6
5337 0.3 40 0 0 4937 0.1 40 0 0 30 60.2 47.9 47.9
5337 0.3 40 0 0 4937 0.1 40 0 0 60 60.4 48.3 48.3
5337 0.3 40 0 0 4937 0.1 40 0 0 90 60.4 48.7 48.7
5337 0.3 40 0 0 4937 0.1 40 0 0 120 60.5 48.9 48.9
5337 0.3 40 0 0 4937 0.1 40 0 0 150 60.3 48.9 48.9
5337 0.3 40 0 0 4937 0.1 40 0 0 180 60.2 48.5 48.5
5337 0.3 40 0 0 4937 0.1 50 0 0 0 59.3 48.1 48.1
5337 0.3 40 0 0 4937 0.1 50 0 0 30 59.4 48.2 48.2
5337 0.3 40 0 0 4937 0.1 50 0 0 60 59.6 48.7 48.7
5337 0.3 40 0 0 4937 0.1 50 0 0 90 59.6 49.1 49.1
5337 0.3 40 0 0 4937 0.1 50 0 0 120 59.6 49.4 49.4
5337 0.3 40 0 0 4937 0.1 50 0 0 150 59.5 49.6 49.6
5337 0.3 40 0 0 4937 0.1 50 0 0 180 59.3 49.5 49.5
5337 0.3 40 0 0 4937 0.1 60 0 0 0 57.9 49.5 49.5
5337 0.3 40 0 0 4937 0.1 60 0 0 30 58.1 49.6 49.6
5337 0.3 40 0 0 4937 0.1 60 0 0 60 58.2 49.9 49.9
5337 0.3 40 0 0 4937 0.1 60 0 0 90 58.2 50.2 50.2
5337 0.3 40 0 0 4937 0.1 60 0 0 120 58.2 50.4 50.4
5337 0.3 40 0 0 4937 0.1 60 0 0 150 58.2 50.6 50.6
5337 0.3 40 0 0 4937 0.1 60 0 0 180 58.1 50.6 50.6
5337 0.3 40 0 0 4937 0.2 0 0 0 0 60.5 51.5 51.5
5337 0.3 40 0 0 4937 0.2 0 0 0 30 60.6 51.7 51.7
5337 0.3 40 0 0 4937 0.2 0 0 0 60 60.8 51.9 51.9
5337 0.3 40 0 0 4937 0.2 0 0 0 90 60.9 52.3 52.3
5337 0.3 40 0 0 4937 0.2 0 0 0 120 60.9 52.7 52.7
5337 0.3 40 0 0 4937 0.2 0 0 0 150 60.8 52.8 52.8
5337 0.3 40 0 0 4937 0.2 0 0 0 180 60.6 52.6 52.6
5337 0.3 40 0 0 4937 0.2 10 0 0 0 60.4 50.9 50.9
5337 0.3 40 0 0 4937 0.2 10 0 0 30 60.6 51.1 51.1
5337 0.3 40 0 0 4937 0.2 10 0 0 60 60.7 51.4 51.4
5337 0.3 40 0 0 4937 0.2 10 0 0 90 60.8 51.7 51.7
5337 0.3 40 0 0 4937 0.2 10 0 0 120 60.8 52.2 52.2
5337 0.3 40 0 0 4937 0.2 10 0 0 150 60.7 52.4 52.4
5337 0.3 40 0 0 4937 0.2 10 0 0 180 60.5 52.2 52.2
5337 0.3 40 0 0 4937 0.2 20 0 0 0 60.2 49.5 49.5
5337 0.3 40 0 0 4937 0.2 20 0 0 30 60.4 49.7 49.7
5337 0.3 40 0 0 4937 0.2 20 0 0 60 60.5 50.0 50.0
5337 0.3 40 0 0 4937 0.2 20 0 0 90 60.6 50.3 50.3
5337 0.3 40 0 0 4937 0.2 20 0 0 120 60.6 50.7 50.7
5337 0.3 40 0 0 4937 0.2 20 0 0 150 60.5 51.1 51.1
5337 0.3 40 0 0 4937 0.2 20 0 0 180 60.3 50.9 50.9
5337 0.3 40 0 0 4937 0.2 30 0 0 0 59.9 46.8 46.8
5337 0.3 40 0 0 4937 0.2 30 0 0 30 60.0 47.0 47.0
5337 0.3 40 0 0 4937 0.2 30 0 0 60 60.2 47.4 47.4
5337 0.3 40 0 0 4937 0.2 30 0 0 90 60.3 47.9 47.9
5337 0.3 40 0 0 4937 0.2 30 0 0 120 60.3 48.2 48.2
5337 0.3 40 0 0 4937 0.2 30 0 0 150 60.1 48.5 48.5
5337 0.3 40 0 0 4937 0.2 30 0 0 180 60.0 48.1 48.1
5337 0.3 40 0 0 4937 0.2 40 0 0 0 59.3 46.8 46.8
5337 0.3 40 0 0 4937 0.2 40 0 0 30 59.5 47.0 47.0
5337 0.3 40 0 0 4937 0.2 40 0 0 60 59.6 47.4 47.4
5337 0.3 40 0 0 4937 0.2 40 0 0 90 59.7 47.8 47.8
5337 0.3 40 0 0 4937 0.2 40 0 0 120 59.7 48.2 48.2
5337 0.3 40 0 0 4937 0.2 40 0 0 150 59.5 48.4 48.4
5337 0.3 40 0 0 4937 0.2 40 0 0 180 59.4 48.1 48.1
5337 0.3 40 0 0 4937 0.2 50 0 0 0 58.5 47.4 47.4
5337 0.3 40 0 0 4937 0.2 50 0 0 30 58.7 47.4 47.4
5337 0.3 40 0 0 4937 0.2 50 0 0 60 58.8 47.8 47.8
5337 0.3 40 0 0 4937 0.2 50 0 0 90 58.9 48.1 48.1
5337 0.3 40 0 0 4937 0.2 50 0 0 120 58.8 48.6 48.6
5337 0.3 40 0 0 4937 0.2 50 0 0 150 58.7 48.9 48.9
5337 0.3 40 0 0 4937 0.2 50 0 0 180 58.6 48.8 48.8
5337 0.3 40 0 0 4937 0.2 60 0 0 0 57.2 48.7 48.7
5337 0.3 40 0 0 4937 0.2 60 0 0 30 57.4 48.8 48.8
5337 0.3 40 0 0 4937 0.2 60 0 0 60 57.4 49.1 49.1
5337 0.3 40 0 0 4937 0.2 60 0 0 90 57.5 49.3 49.3
5337 0.3 40 0 0 4937 0.2 60 0 0 120 57.5 49.7 49.7
5337 0.3 40 0 0 4937 0.2 60 0 0 150 57.4 49.8 49.8
5337 0.3 40 0 0 4937 0.2 60 0 0 180 57.3 49.7 49.7
5337 0.3 40 0 0 4937 0.3 0 0 0 0 59.8 50.6 50.6
5337 0.3 40 0 0 4937 0.3 0 0 0 30 60.0 50.8 50.8
5337 0.3 40 0 0 4937 0.3 0 0 0 60 60.1 51.0 51.0
5337 0.3 40 0 0 4937 0.3 0 0 0 90 60.2 51.2 51.2
5337 0.3 40 0 0 4937 0.3 0 0 0 120 60.2 51.7 51.7
5337 0.3 40 0 0 4937 0.3 0 0 0 150 60.1 52.0 52.0
5337 0.3 40 0 0 4937 0.3 0 0 0 180 59.9 51.7 51.7
5337 0.3 40 0 0 4937 0.3 10 0 0 0 59.8 50.0 50.0
5337 0.3 40 0 0 4937 0.3 10 0 0 30 59.9 50.1 50.1
5337 0.3 40 0 0 4937 0.3 10 0 0 60 60.1 50.4 50.4
5337 0.3 40 0 0 4937 0.3 10 0 0 90 60.1 50.6 50.6
5337 0.3 40 0 0 4937 0.3 10 0 0 120 60.2 51.1 51.1
5337 0.3 40 0 0 4937 0.3 10 0 0 150 60.1 51.5 51.5
5337 0.3 40 0 0 4937 0.3 10 0 0 180 59.9 51.3 51.3
5337 0.3 40 0 0 4937 0.3 20 0 0 0 59.6 48.4 48.4
5337 0.3 40 0 0 4937 0.3 20 0 0 30 59.7 48.5 48.5
5337 0.3 40 0 0 4937 0.3 20 0 0 60 59.9 48.8 48.8
5337 0.3 40 0 0 4937 0.3 20 0 0 90 59.9 49.1 49.1
5337 0.3 40 0 0 4937 0.3 20 0 0 120 60.0 49.6 49.6
5337 0.3 40 0 0 4937 0.3 20 0 0 150 59.9 50.0 50.0
5337 0.3 40 0 0 4937 0.3 20 0 0 180 59.7 49.9 49.9
5337 0.3 40 0 0 4937 0.3 30 0 0 0 59.3 46.1 46.1
5337 0.3 40 0 0 4937 0.3 30 0 0 30 59.3 46.3 46.3
5337 0.3 40 0 0 4937 0.3 30 0 0 60 59.5 46.5 46.5
5337 0.3 40 0 0 4937 0.3 30 0 0 90 59.5 47.0 47.0
5337 0.3 40 0 0 4937 0.3 30 0 0 120 59.6 47.5 47.5
5337 0.3 40 0 0 4937 0.3 30 0 0 150 59.5 47.9 47.9
5337 0.3 40 0 0 4937 0.3 30 0 0 180 59.3 47.5 47.5
5337 0.3 40 0 0 4937 0.3 40 0 0 0 58.7 46.1 46.1
5337 0.3 40 0 0 4937 0.3 40 0 0 30 58.8 46.2 46.2
5337 0.3 40 0 0 4937 0.3 40 0 0 60 59.0 46.6 46.6
5337 0.3 40 0 0 4937 0.3 40 0 0 90 59.0 47.0 47.0
5337 0.3 40 0 0 4937 0.3 40 0 0 120 59.0 47.6 47.6
5337 0.3 40 0 0 4937 0.3 40 0 0 150 58.9 47.9 47.9
5337 0.3 40 0 0 4937 0.3 40 0 0 180 58.7 47.6 47.6
5337 0.3 40 0 0 4937 0.3 50 0 0 0 57.9 46.7 46.7
5337 0.3 40 0 0 4937 0.3 50 0 0 30 58.0 46.8 46.8
5337 0.3 40 0 0 4937 0.3 50 0 0 60 58.1 47.0 47.0
5337 0.3 40 0 0 4937 0.3 50 0 0 90 58.2 47.3 47.3
5337 0.3 40 0 0 4937 0.3 50 0 0 120 58.2 47.8 47.8
5337 0.3 40 0 0 4937 0.3 50 0 0 150 58.0 48.2 48.2
5337 0.3 40 0 0 4937 0.3 50 0 0 180 57.9 48.2 48.2
5337 0.3 40 0 0 4937 0.3 60 0 0 0 56.4 48.0 48.0
5337 0.3 40 0 0 4937 0.3 60 0 0 30 56.5 48.0 48.0
5337 0.3 40 0 0 4937 0.3 60 0 0 60 56.6 48.3 48.3
5337 0.3 40 0 0 4937 0.3 60 0 0 90 56.7 48.5 48.5
5337 0.3 40 0 0 4937 0.3 60 0 0 120 56.7 48.9 48.9
5337 0.3 40 0 0 4937 0.3 60 0 0 150 56.6 49.0 49.0
5337 0.3 40 0 0 4937 0.3 60 0 0 180 56.5 48.9 48.9
5337 0.3 40 0 0 4937 0.4 0 0 0 0 59.3 49.6 49.6
5337 0.3 40 0 0 4937 0.4 0 0 0 30 59.4 49.7 49.7
5337 0.3 40 0 0 4937 0.4 0 0 0 60 59.4 49.9 49.9
5337 0.3 40 0 0 4937 0.4 0 0 0 90 59.5 50.1 50.1
5337 0.3 40 0 0 4937 0.4 0 0 0 120 59.5 50.7 50.7
5337 0.3 40 0 0 4937 0.4 0 0 0 150 59.4 51.1 51.1
5337 0.3 40 0 0 4937 0.4 0 0 0 180 59.3 50.8 50.8
5337 0.3 40 0 0 4937 0.4 10 0 0 0 59.2 49.0 49.0
5337 0.3 40 0 0 4937 0.4 10 0 0 30 59.3 49.1 49.1
5337 0.3 40 0 0 4937 0.4 10 0 0 60 59.3 49.3 49.3
5337 0.3 40 0 0 4937 0.4 10 0 0 90 59.5 49.5 49.5
5337 0.3 40 0 0 4937 0.4 10 0 0 120 59.5 50.0 50.0
5337 0.3 40 0 0 4937 0.4 10 0 0 150 59.4 50.6 50.6
5337 0.3 40 0 0 4937 0.4 10 0 0 180 59.2 50.4 50.4
5337 0.3 40 0 0 4937 0.4 20 0 0 0 59.0 46.8 46.8
5337 0.3 40 0 0 4937 0.4 20 0 0 30 59.1 46.9 46.9
5337 0.3 40 0 0 4937 0.4 20 0 0 60 59.1 47.1 47.1
5337 0.3 40 0 0 4937 0.4 20 0 0 90 59.3 47.4 47.4
5337 0.3 40 0 0 4937 0.4 20 0 0 120 59.3 47.9 47.9
5337 0.3 40 0 0 4937 0.4 20 0 0 150 59.1 48.5 48.5
5337 0.3 40 0 0 4937 0.4 20 0 0 180 59.0 48.4 48.4
5337 0.3 40 0 0 4937 0.4 30 0 0 0 58.7 45.6 45.6
5337 0.3 40 0 0 4937 0.4 30 0 0 30 58.7 45.8 45.8
5337 0.3 40 0 0 4937 0.4 30 0 0 60 58.8 45.9 45.9
5337 0.3 40 0 0 4937 0.4 30 0 0 90 58.9 46.3 46.3
5337 0.3 40 0 0 4937 0.4 30 0 0 120 58.9 46.8 46.8
5337 0.3 40 0 0 4937 0.4 30 0 0 150 58.8 47.4 47.4
5337 0.3 40 0 0 4937 0.4 30 0 0 180 58.6 47.3 47.3
5337 0.3 40 0 0 4937 0.4 40 0 0 0 58.1 45.6 45.6
5337 0.3 40 0 0 4937 0.4 40 0 0 30 58.2 45.8 45.8
5337 0.3 40 0 0 4937 0.4 40 0 0 60 58.2 46.0 46.0
5337 0.3 40 0 0 4937 0.4 40 0 0 90 58.4 46.3 46.3
5337 0.3 40 0 0 4937 0.4 40 0 0 120 58.3 46.8 46.8
5337 0.3 40 0 0 4937 0.4 40 0 0 150 58.1 47.4 47.4
5337 0.3 40 0 0 4937 0.4 40 0 0 180 58.1 47.4 47.4
5337 0.3 40 0 0 4937 0.4 50 0 0 0 57.2 46.2 46.2
5337 0.3 40 0 0 4937 0.4 50 0 0 30 57.3 46.4 46.4
5337 0.3 40 0 0 4937 0.4 50 0 0 60 57.4 46.6 46.6
5337 0.3 40 0 0 4937 0.4 50 0 0 90 57.5 46.7 46.7
5337 0.3 40 0 0 4937 0.4 50 0 0 120 57.4 47.1 47.1
5337 0.3 40 0 0 4937 0.4 50 0 0 150 57.3 47.6 47.6
5337 0.3 40 0 0 4937 0.4 50 0 0 180 57.1 47.6 47.6
5337 0.3 40 0 0 4937 0.4 60 0 0 0 55.4 47.3 47.3
5337 0.3 40 0 0 4937 0.4 60 0 0 30 55.5 47.4 47.4
5337 0.3 40 0 0 4937 0.4 60 0 0 60 55.6 47.6 47.6
5337 0.3 40 0 0 4937 0.4 60 0 0 90 55.7 47.7 47.7
5337 0.3 40 0 0 4937 0.4 60 0 0 120 55.7 48.1 48.1
5337 0.3 40 0 0 4937 0.4 60 0 0 150 55.8 48.4 48.4
5337 0.3 40 0 0 4937 0.4 60 0 0 180 55.6 48.2 48.2
5337 0.3 40 0 0 4937 0.5 0 0 0 0 58.7 48.4 48.4
5337 0.3 40 0 0 4937 0.5 0 0 0 30 58.8 48.5 48.5
5337 0.3 40 0 0 4937 0.5 0 0 0 60 58.7 48.6 48.6
5337 0.3 40 0 0 4937 0.5 0 0 0 90 58.8 48.8 48.8
5337 0.3 40 0 0 4937 0.5 0 0 0 120 58.9 49.3 49.3
5337 0.3 40 0 0 4937 0.5 0 0 0 150 58.8 49.9 49.9
5337 0.3 40 0 0 4937 0.5 0 0 0 180 58.6 49.6 49.6
5337 0.3 40 0 0 4937 0.5 10 0 0 0 58.6 47.4 47.4
5337 0.3 40 0 0 4937 0.5 10 0 0 30 58.7 47.6 47.6
5337 0.3 40 0 0 4937 0.5 10 0 0 60 58.6 47.7 47.7
5337 0.3 40 0 0 4937 0.5 10 0 0 90 58.8 47.9 47.9
5337 0.3 40 0 0 4937 0.5 10 0 0 120 58.8 48.4 48.4
5337 0.3 40 0 0 4937 0.5 10 0 0 150 58.7 49.1 49.1
5337 0.3 40 0 0 4937 0.5 10 0 0 180 58.5 48.9 48.9
5337 0.3 40 0 0 4937 0.5 20 0 0 0 58.4 46.0 46.0
5337 0.3 40 0 0 4937 0.5 20 0 0 30 58.5 46.1 46.1
5337 0.3 40 0 0 4937 0.5 20 0 0 60 58.4 46.3 46.3
5337 0.3 40 0 0 4937 0.5 20 0 0 90 58.5 46.5 46.5
5337 0.3 40 0 0 4937 0.5 20 0 0 120 58.6 46.9 46.9
5337 0.3 40 0 0 4937 0.5 20 0 0 150 58.5 47.6 47.6
5337 0.3 40 0 0 4937 0.5 20 0 0 180 58.3 47.7 47.7
5337 0.3 40 0 0 4937 0.5 30 0 0 0 58.0 45.2 45.2
5337 0.3 40 0 0 4937 0.5 30 0 0 30 58.1 45.4 45.4
5337 0.3 40 0 0 4937 0.5 30 0 0 60 58.1 45.6 45.6
5337 0.3 40 0 0 4937 0.5 30 0 0 90 58.1 45.8 45.8
5337 0.3 40 0 0 4937 0.5 30 0 0 120 58.2 46.3 46.3
5337 0.3 40 0 0 4937 0.5 30 0 0 150 58.1 47.1 47.1
5337 0.3 40 0 0 4937 0.5 30 0 0 180 57.9 47.2 47.2
5337 0.3 40 0 0 4937 0.5 40 0 0 0 57.4 45.4 45.4
5337 0.3 40 0 0 4937 0.5 40 0 0 30 57.5 45.6 45.6
5337 0.3 40 0 0 4937 0.5 40 0 0 60 57.5 45.7 45.7
5337 0.3 40 0 0 4937 0.5 40 0 0 90 57.6 45.8 45.8
5337 0.3 40 0 0 4937 0.5 40 0 0 120 57.6 46.3 46.3
5337 0.3 40 0 0 4937 0.5 40 0 0 150 57.4 47.1 47.1
5337 0.3 40 0 0 4937 0.5 40 0 0 180 57.2 47.1 47.1
5337 0.3 40 0 0 4937 0.5 50 0 0 0 56.5 45.9 45.9
5337 0.3 40 0 0 4937 0.5 50 0 0 30 56.6 46.1 46.1
5337 0.3 40 0 0 4937 0.5 50 0 0 60 56.6 46.2 46.2
5337 0.3 40 0 0 4937 0.5 50 0 0 90 56.6 46.3 46.3
5337 0.3 40 0 0 4937 0.5 50 0 0 120 56.7 46.8 46.8
5337 0.3 40 0 0 4937 0.5 50 0 0 150 56.5 47.2 47.2
5337 0.3 40 0 0 4937 0.5 50 0 0 180 56.3 47.2 47.2
5337 0.3 40 0 0 4937 0.5 60 0 0 0 54.7 46.7 46.7
5337 0.3 40 0 0 4937 0.5 60 0 0 30 54.8 46.8 46.8
5337 0.3 40 0 0 4937 0.5 60 0 0 60 54.8 46.9 46.9
5337 0.3 40 0 0 4937 0.5 60 0 0 90 54.8 47.0 47.0
5337 0.3 40 0 0 4937 0.5 60 0 0 120 54.8 47.4 47.4
5337 0.3 40 0 0 4937 0.5 60 0 0 150 54.8 47.7 47.7
5337 0.3 40 0 0 4937 0.5 60 0 0 180 54.8 47.6 47.6
5337 0.3 40 0 0 5137 0.0 0 0 0 0 62.3 54.0 54.0
5337 0.3 40 0 0 5137 0.0 0 0 0 30 62.3 54.1 54.1
5337 0.3 40 0 0 5137 0.0 0 0 0 60 62.2 54.4 54.4
5337 0.3 40 0 0 5137 0.0 0 0 0 90 62.1 54.6 54.6
5337 0.3 40 0 0 5137 0.0 0 0 0 120 62.0 54.5 54.5
5337 0.3 40 0 0 5137 0.0 0 0 0 150 61.9 54.4 54.4
5337 0.3 40 0 0 5137 0.0 0 0 0 180 61.9 54.2 54.2
5337 0.3 40 0 0 5137 0.0 10 0 0 0 62.2 53.6 53.6
5337 0.3 40 0 0 5137 0.0 10 0 0 30 62.2 53.7 53.7
5337 0.3 40 0 0 5137 0.0 10 0 0 60 62.2 53.9 53.9
5337 0.3 40 0 0 5137 0.0 10 0 0 90 62.0 54.1 54.1
5337 0.3 40 0 0 5137 0.0 10 0 0 120 61.9 54.1 54.1
5337 0.3 40 0 0 5137 0.0 10 0 0 150 61.8 54.0 54.0
5337 0.3 40 0 0 5137 0.0 10 0 0 180 61.8 53.8 53.8
5337 0.3 40 0 0 5137 0.0 20 0 0 0 62.1 52.5 52.5
5337 0.3 40 0 0 5137 0.0 20 0 0 30 62.1 52.5 52.5
5337 0.3 40 0 0 5137 0.0 20 0 0 60 62.0 52.5 52.5
5337 0.3 40 0 0 5137 0.0 20 0 0 90 61.8 52.7 52.7
5337 0.3 40 0 0 5137 0.0 20 0 0 120 61.8 52.8 52.8
5337 0.3 40 0 0 5137 0.0 20 0 0 150 61.7 52.8 52.8
5337 0.3 40 0 0 5137 0.0 20 0 0 180 61.7 52.6 52.6
5337 0.3 40 0 0 5137 0.0 30 0 0 0 61.8 49.8 49.8
5337 0.3 40 0 0 5137 0.0 30 0 0 30 61.8 49.9 49.9
5337 0.3 40 0 0 5137 0.0 30 0 0 60 61.7 49.9 49.9
5337 0.3 40 0 0 5137 0.0 30 0 0 90 61.5 49.9 49.9
5337 0.3 40 0 0 5137 0.0 30 0 0 120 61.4 49.9 49.9
5337 0.3 40 0 0 5137 0.0 30 0 0 150 61.3 49.7 49.7
5337 0.3 40 0 0 5137 0.0 30 0 0 180 61.4 49.5 49.5
5337 0.3 40 0 0 5137 0.0 40 0 0 0 61.3 49.3 49.3
5337 0.3 40 0 0 5137 0.0 40 0 0 30 61.3 49.5 49.5
5337 0.3 40 0 0 5137 0.0 40 0 0 60 61.2 49.5 49.5
5337 0.3 40 0 0 5137 0.0 40 0 0 90 61.1 49.5 49.5
5337 0.3 40 0 0 5137 0.0 40 0 0 120 61.0 49.6 49.6
5337 0.3 40 0 0 5137 0.0 40 0 0 150 60.9 49.5 49.5
5337 0.3 40 0 0 5137 0.0 40 0 0 180 60.9 49.3 49.3
5337 0.3 40 0 0 5137 0.0 50 0 0 0 60.6 49.9 49.9
5337 0.3 40 0 0 5137 0.0 50 0 0 30 60.6 49.8 49.8
5337 0.3 40 0 0 5137 0.0 50 0 0 60 60.5 49.8 49.8
5337 0.3 40 0 0 5137 0.0 50 0 0 90 60.4 49.8 49.8
5337 0.3 40 0 0 5137 0.0 50 0 0 120 60.3 49.9 49.9
5337 0.3 40 0 0 5137 0.0 50 0 0 150 60.2 50.0 50.0
5337 0.3 40 0 0 5137 0.0 50 0 0 180 60.2 50.1 50.1
5337 0.3 40 0 0 5137 0.0 60 0 0 0 59.4 51.4 51.4
5337 0.3 40 0 0 5137 0.0 60 0 0 30 59.4 51.2 51.2
5337 0.3 40 0 0 5137 0.0 60 0 0 60 59.3 50.9 50.9
5337 0.3 40 0 0 5137 0.0 60 0 0 90 59.2 50.9 50.9
5337 0.3 40 0 0 5137 0.0 60 0 0 120 59.0 50.8 50.8
5337 0.3 40 0 0 5137 0.0 60 0 0 150 59.0 50.9 50.9
5337 0.3 40 0 0 5137 0.0 60 0 0 180 59.0 51.2 51.2
5337 0.3 40 0 0 5137 0.1 0 0 0 0 61.7 53.2 53.2
5337 0.3 40 0 0 5137 0.1 0 0 0 30 61.7 53.4 53.4
5337 0.3 40 0 0 5137 0.1 0 0 0 60 61.6 53.6 53.6
5337 0.3 40 0 0 5137 0.1 0 0 0 90 61.5 53.8 53.8
5337 0.3 40 0 0 5137 0.1 0 0 0 120 61.4 53.8 53.8
5337 0.3 40 0 0 5137 0.1 0 0 0 150 61.3 53.7 53.7
5337 0.3 40 0 0 5137 0.1 0 0 0 180 61.3 53.4 53.4
5337 0.3 40 0 0 5137 0.1 10 0 0 0 61.6 52.7 52.7
5337 0.3 40 0 0 5137 0.1 10 0 0 30 61.6 52.9 52.9
5337 0.3 40 0 0 5137 0.1 10 0 0 60 61.5 53.1 53.1
5337 0.3 40 0 0 5137 0.1 10 0 0 90 61.4 53.3 53.3
5337 0.3 40 0 0 5137 0.1 10 0 0 120 61.3 53.4 53.4
5337 0.3 40 0 0 5137 0.1 10 0 0 150 61.2 53.3 53.3
5337 0.3 40 0 0 5137 0.1 10 0 0 180 61.2 53.0 53.0
5337 0.3 40 0 0 5137 0.1 20 0 0 0 61.5 51.6 51.6
5337 0.3 40 0 0 5137 0.1 20 0 0 30 61.5 51.6 51.6
5337 0.3 40 0 0 5137 0.1 20 0 0 60 61.4 51.7 51.7
5337 0.3 40 0 0 5137 0.1 20 0 0 90 61.2 51.8 51.8
5337 0.3 40 0 0 5137 0.1 20 0 0 120 61.1 52.2 52.2
5337 0.3 40 0 0 5137 0.1 20 0 0 150 61.0 52.3 52.3
5337 0.3 40 0 0 5137 0.1 20 0 0 180 61.0 51.9 51.9
5337 0.3 40 0 0 5137 0.1 30 0 0 0 61.2 48.6 48.6
5337 0.3 40 0 0 5137 0.1 30 0 0 30 61.2 48.8 48.8
5337 0.3 40 0 0 5137 0.1 30 0 0 60 61.0 48.9 48.9
5337 0.3 40 0 0 5137 0.1 30 0 0 90 60.9 49.0 49.0
5337 0.3 40 0 0 5137 0.1 30 0 0 120 60.8 49.1 49.1
5337 0.3 40 0 0 5137 0.1 30 0 0 150 60.7 49.3 49.3
5337 0.3 40 0 0 5137 0.1 30 0 0 180 60.7 48.9 48.9
5337 0.3 40 0 0 5137 0.1 40 0 0 0 60.6 48.4 48.4
5337 0.3 40 0 0 5137 0.1 40 0 0 30 60.6 48.5 48.5
5337 0.3 40 0 0 5137 0.1 40 0 0 60 60.5 48.6 48.6
5337 0.3 40 0 0 5137 0.1 40 0 0 90 60.4 48.6 48.6
5337 0.3 40 0 0 5137 0.1 40 0 0 120 60.3 48.8 48.8
5337 0.3 40 0 0 5137 0.1 40 0 0 150 60.2 48.8 48.8
5337 0.3 40 0 0 5137 0.1 40 0 0 180 60.2 48.8 48.8
5337 0.3 40 0 0 5137 0.1 50 0 0 0 59.8 49.1 49.1
5337 0.3 40 0 0 5137 0.1 50 0 0 30 59.9 49.0 49.0
5337 0.3 40 0 0 5137 0.1 50 0 0 60 59.8 48.8 48.8
5337 0.3 40 0 0 5137 0.1 50 0 0 90 59.7 48.8 48.8
5337 0.3 40 0 0 5137 0.1 50 0 0 120 59.6 49.0 49.0
5337 0.3 40 0 0 5137 0.1 50 0 0 150 59.5 49.2 49.2
5337 0.3 40 0 0 5137 0.1 50 0 0 180 59.5 49.4 49.4
5337 0.3 40 0 0 5137 0.1 60 0 0 0 58.5 50.7 50.7
5337 0.3 40 0 0 5137 0.1 60 0 0 30 58.6 50.5 50.5
5337 0.3 40 0 0 5137 0.1 60 0 0 60 58.5 50.2 50.2
5337 0.3 40 0 0 5137 0.1 60 0 0 90 58.4 50.1 50.1
5337 0.3 40 0 0 5137 0.1 60 0 0 120 58.3 49.9 49.9
5337 0.3 40 0 0 5137 0.1 60 0 0 150 58.2 50.0 50.0
5337 0.3 40 0 0 5137 0.1 60 0 0 180 58.3 50.3 50.3
5337 0.3 40 0 0 5137 0.2 0 0 0 0 61.1 52.3 52.3
5337 0.3 40 0 0 5137 0.2 0 0 0 30 61.1 52.5 52.5
5337 0.3 40 0 0 5137 0.2 0 0 0 60 61.0 52.7 52.7
5337 0.3 40 0 0 5137 0.2 0 0 0 90 60.9 53.0 53.0
5337 0.3 40 0 0 5137 0.2 0 0 0 120 60.8 53.0 53.0
5337 0.3 40 0 0 5137 0.2 0 0 0 150 60.6 53.0 53.0
5337 0.3 40 0 0 5137 0.2 0 0 0 180 60.6 52.6 52.6
5337 0.3 40 0 0 5137 0.2 10 0 0 0 61.0 51.8 51.8
5337 0.3 40 0 0 5137 0.2 10 0 0 30 61.0 51.9 51.9
5337 0.3 40 0 0 5137 0.2 10 0 0 60 60.9 52.1 52.1
5337 0.3 40 0 0 5137 0.2 10 0 0 90 60.8 52.4 52.4
5337 0.3 40 0 0 5137 0.2 10 0 0 120 60.7 52.5 52.5
5337 0.3 40 0 0 5137 0.2 10 0 0 150 60.6 52.7 52.7
5337 0.3 40 0 0 5137 0.2 10 0 0 180 60.6 52.3 52.3
5337 0.3 40 0 0 5137 0.2 20 0 0 0 60.8 50.5 50.5
5337 0.3 40 0 0 5137 0.2 20 0 0 30 60.8 50.6 50.6
5337 0.3 40 0 0 5137 0.2 20 0 0 60 60.8 50.6 50.6
5337 0.3 40 0 0 5137 0.2 20 0 0 90 60.7 50.9 50.9
5337 0.3 40 0 0 5137 0.2 20 0 0 120 60.5 51.3 51.3
5337 0.3 40 0 0 5137 0.2 20 0 0 150 60.4 51.6 51.6
5337 0.3 40 0 0 5137 0.2 20 0 0 180 60.4 51.2 51.2
5337 0.3 40 0 0 5137 0.2 30 0 0 0 60.5 47.7 47.7
5337 0.3 40 0 0 5137 0.2 30 0 0 30 60.5 47.8 47.8
5337 0.3 40 0 0 5137 0.2 30 0 0 60 60.4 47.9 47.9
5337 0.3 40 0 0 5137 0.2 30 0 0 90 60.3 48.1 48.1
5337 0.3 40 0 0 5137 0.2 30 0 0 120 60.2 48.4 48.4
5337 0.3 40 0 0 5137 0.2 30 0 0 150 60.1 48.6 48.6
5337 0.3 40 0 0 5137 0.2 30 0 0 180 60.0 48.3 48.3
5337 0.3 40 0 0 5137 0.2 40 0 0 0 60.0 47.7 47.7
5337 0.3 40 0 0 5137 0.2 40 0 0 30 60.0 47.6 47.6
5337 0.3 40 0 0 5137 0.2 40 0 0 60 59.9 47.7 47.7
5337 0.3 40 0 0 5137 0.2 40 0 0 90 59.8 47.8 47.8
5337 0.3 40 0 0 5137 0.2 40 0 0 120 59.7 48.0 48.0
5337 0.3 40 0 0 5137 0.2 40 0 0 150 59.5 48.2 48.2
5337 0.3 40 0 0 5137 0.2 40 0 0 180 59.6 48.3 48.3
5337 0.3 40 0 0 5137 0.2 50 0 0 0 59.1 48.4 48.4
5337 0.3 40 0 0 5137 0.2 50 0 0 30 59.1 48.3 48.3
5337 0.3 40 0 0 5137 0.2 50 0 0 60 59.1 48.1 48.1
5337 0.3 40 0 0 5137 0.2 50 0 0 90 59.0 48.1 48.1
5337 0.3 40 0 0 5137 0.2 50 0 0 120 58.9 48.2 48.2
5337 0.3 40 0 0 5137 0.2 50 0 0 150 58.8 48.5 48.5
5337 0.3 40 0 0 5137 0.2 50 0 0 180 58.9 48.7 48.7
5337 0.3 40 0 0 5137 0.2 60 0 0 0 57.7 50.0 50.0
5337 0.3 40 0 0 5137 0.2 60 0 0 30 57.8 49.8 49.8
5337 0.3 40 0 0 5137 0.2 60 0 0 60 57.8 49.5 49.5
5337 0.3 40 0 0 5137 0.2 60 0 0 90 57.7 49.3 49.3
5337 0.3 40 0 0 5137 0.2 60 0 0 120 57.6 49.2 49.2
5337 0.3 40 0 0 5137 0.2 60 0 0 150 57.5 49.3 49.3
5337 0.3 40 0 0 5137 0.2 60 0 0 180 57.6 49.5 49.5
5337 0.3 40 0 0 5137 0.3 0 0 0 0 60.5 51.3 51.3
5337 0.3 40 0 0 5137 0.3 0 0 0 30 60.5 51.5 51.5
5337 0.3 40 0 0 5137 0.3 0 0 0 60 60.4 51.7 51.7
5337 0.3 40 0 0 5137 0.3 0 0 0 90 60.3 52.0 52.0
5337 0.3 40 0 0 5137 0.3 0 0 0 120 60.2 52.2 52.2
5337 0.3 40 0 0 5137 0.3 0 0 0 150 60.0 52.3 52.3
5337 0.3 40 0 0 5137 0.3 0 0 0 180 59.9 51.9 51.9
5337 0.3 40 0 0 5137 0.3 10 0 0 0 60.4 50.8 50.8
5337 0.3 40 0 0 5137 0.3 10 0 0 30 60.4 50.9 50.9
5337 0.3 40 0 0 5137 0.3 10 0 0 60 60.3 51.1 51.1
5337 0.3 40 0 0 5137 0.3 10 0 0 90 60.2 51.4 51.4
5337 0.3 40 0 0 5137 0.3 10 0 0 120 60.1 51.6 51.6
5337 0.3 40 0 0 5137 0.3 10 0 0 150 59.9 51.9 51.9
5337 0.3 40 0 0 5137 0.3 10 0 0 180 59.9 51.5 51.5
5337 0.3 40 0 0 5137 0.3 20 0 0 0 60.2 49.3 49.3
5337 0.3 40 0 0 5137 0.3 20 0 0 30 60.2 49.4 49.4
5337 0.3 40 0 0 5137 0.3 20 0 0 60 60.1 49.5 49.5
5337 0.3 40 0 0 5137 0.3 20 0 0 90 60.0 49.7 49.7
5337 0.3 40 0 0 5137 0.3 20 0 0 120 59.9 50.2 50.2
5337 0.3 40 0 0 5137 0.3 20 0 0 150 59.8 50.7 50.7
5337 0.3 40 0 0 5137 0.3 20 0 0 180 59.7 50.4 50.4
5337 0.3 40 0 0 5137 0.3 30 0 0 0 59.8 46.8 46.8
5337 0.3 40 0 0 5137 0.3 30 0 0 30 59.8 46.8 46.8
5337 0.3 40 0 0 5137 0.3 30 0 0 60 59.7 47.0 47.0
5337 0.3 40 0 0 5137 0.3 30 0 0 90 59.7 47.2 47.2
5337 0.3 40 0 0 5137 0.3 30 0 0 120 59.6 47.6 47.6
5337 0.3 40 0 0 5137 0.3 30 0 0 150 59.4 48.1 48.1
5337 0.3 40 0 0 5137 0.3 30 0 0 180 59.4 48.0 48.0
5337 0.3 40 0 0 5137 0.3 40 0 0 0 59.2 47.0 47.0
5337 0.3 40 0 0 5137 0.3 40 0 0 30 59.2 47.0 47.0
5337 0.3 40 0 0 5137 0.3 40 0 0 60 59.2 46.9 46.9
5337 0.3 40 0 0 5137 0.3 40 0 0 90 59.1 47.0 47.0
5337 0.3 40 0 0 5137 0.3 40 0 0 120 59.1 47.3 47.3
5337 0.3 40 0 0 5137 0.3 40 0 0 150 58.9 47.6 47.6
5337 0.3 40 0 0 5137 0.3 40 0 0 180 58.9 47.8 47.8
5337 0.3 40 0 0 5137 0.3 50 0 0 0 58.3 47.8 47.8
5337 0.3 40 0 0 5137 0.3 50 0 0 30 58.3 47.7 47.7
5337 0.3 40 0 0 5137 0.3 50 0 0 60 58.3 47.4 47.4
5337 0.3 40 0 0 5137 0.3 50 0 0 90 58.3 47.4 47.4
5337 0.3 40 0 0 5137 0.3 50 0 0 120 58.3 47.4 47.4
5337 0.3 40 0 0 5137 0.3 50 0 0 150 58.2 47.7 47.7
5337 0.3 40 0 0 5137 0.3 50 0 0 180 58.2 48.1 48.1
5337 0.3 40 0 0 5137 0.3 60 0 0 0 56.8 49.2 49.2
5337 0.3 40 0 0 5137 0.3 60 0 0 30 56.9 49.1 49.1
5337 0.3 40 0 0 5137 0.3 60 0 0 60 56.9 48.9 48.9
5337 0.3 40 0 0 5137 0.3 60 0 0 90 57.0 48.7 48.7
5337 0.3 40 0 0 5137 0.3 60 0 0 120 56.9 48.5 48.5
5337 0.3 40 0 0 5137 0.3 60 0 0 150 56.8 48.5 48.5
5337 0.3 40 0 0 5137 0.3 60 0 0 180 56.9 48.7 48.7
5337 0.3 40 0 0 5137 0.4 0 0 0 0 59.8 50.2 50.2
5337 0.3 40 0 0 5137 0.4 0 0 0 30 59.8 50.4 50.4
5337 0.3 40 0 0 5137 0.4 0 0 0 60 59.7 50.6 50.6
5337 0.3 40 0 0 5137 0.4 0 0 0 90 59.7 51.0 51.0
5337 0.3 40 0 0 5137 0.4 0 0 0 120 59.6 51.3 51.3
5337 0.3 40 0 0 5137 0.4 0 0 0 150 59.4 51.6 51.6
5337 0.3 40 0 0 5137 0.4 0 0 0 180 59.3 51.1 51.1
5337 0.3 40 0 0 5137 0.4 10 0 0 0 59.7 49.6 49.6
5337 0.3 40 0 0 5137 0.4 10 0 0 30 59.7 49.7 49.7
5337 0.3 40 0 0 5137 0.4 10 0 0 60 59.7 49.9 49.9
5337 0.3 40 0 0 5137 0.4 10 0 0 90 59.6 50.2 50.2
5337 0.3 40 0 0 5137 0.4 10 0 0 120 59.6 50.6 50.6
5337 0.3 40 0 0 5137 0.4 10 0 0 150 59.4 51.1 51.1
5337 0.3 40 0 0 5137 0.4 10 0 0 180 59.3 50.7 50.7
5337 0.3 40 0 0 5137 0.4 20 0 0 0 59.5 47.7 47.7
5337 0.3 40 0 0 5137 0.4 20 0 0 30 59.5 47.7 47.7
5337 0.3 40 0 0 5137 0.4 20 0 0 60 59.5 47.8 47.8
5337 0.3 40 0 0 5137 0.4 20 0 0 90 59.4 48.1 48.1
5337 0.3 40 0 0 5137 0.4 20 0 0 120 59.3 48.6 48.6
5337 0.3 40 0 0 5137 0.4 20 0 0 150 59.2 49.3 49.3
5337 0.3 40 0 0 5137 0.4 20 0 0 180 59.1 49.2 49.2
5337 0.3 40 0 0 5137 0.4 30 0 0 0 59.1 46.1 46.1
5337 0.3 40 0 0 5137 0.4 30 0 0 30 59.1 46.2 46.2
5337 0.3 40 0 0 5137 0.4 30 0 0 60 59.1 46.2 46.2
5337 0.3 40 0 0 5137 0.4 30 0 0 90 59.0 46.4 46.4
5337 0.3 40 0 0 5137 0.4 30 0 0 120 59.0 46.9 46.9
5337 0.3 40 0 0 5137 0.4 30 0 0 150 58.8 47.5 47.5
5337 0.3 40 0 0 5137 0.4 30 0 0 180 58.8 47.8 47.8
5337 0.3 40 0 0 5137 0.4 40 0 0 0 58.4 46.4 46.4
5337 0.3 40 0 0 5137 0.4 40 0 0 30 58.4 46.4 46.4
5337 0.3 40 0 0 5137 0.4 40 0 0 60 58.4 46.4 46.4
5337 0.3 40 0 0 5137 0.4 40 0 0 90 58.4 46.4 46.4
5337 0.3 40 0 0 5137 0.4 40 0 0 120 58.4 46.6 46.6
5337 0.3 40 0 0 5137 0.4 40 0 0 150 58.3 47.1 47.1
5337 0.3 40 0 0 5137 0.4 40 0 0 180 58.3 47.5 47.5
5337 0.3 40 0 0 5137 0.4 50 0 0 0 57.4 47.4 47.4
5337 0.3 40 0 0 5137 0.4 50 0 0 30 57.4 47.3 47.3
5337 0.3 40 0 0 5137 0.4 50 0 0 60 57.5 47.2 47.2
5337 0.3 40 0 0 5137 0.4 50 0 0 90 57.6 47.0 47.0
5337 0.3 40 0 0 5137 0.4 50 0 0 120 57.6 47.0 47.0
5337 0.3 40 0 0 5137 0.4 50 0 0 150 57.5 47.0 47.0
5337 0.3 40 0 0 5137 0.4 50 0 0 180 57.6 47.5 47.5
5337 0.3 40 0 0 5137 0.4 60 0 0 0 55.7 48.6 48.6
5337 0.3 40 0 0 5137 0.4 60 0 0 30 55.8 48.4 48.4
5337 0.3 40 0 0 5137 0.4 60 0 0 60 55.9 48.3 48.3
5337 0.3 40 0 0 5137 0.4 60 0 0 90 56.1 48.1 48.1
5337 0.3 40 0 0 5137 0.4 60 0 0 120 56.2 47.9 47.9
5337 0.3 40 0 0 5137 0.4 60 0 0 150 56.0 47.8 47.8
5337 0.3 40 0 0 5137 0.4 60 0 0 180 56.0 47.9 47.9
5337 0.3 40 0 0 5137 0.5 0 0 0 0 59.0 48.9 48.9
5337 0.3 40 0 0 5137 0.5 0 0 0 30 59.0 49.0 49.0
5337 0.3 40 0 0 5137 0.5 0 0 0 60 59.0 49.3 49.3
5337 0.3 40 0 0 5137 0.5 0 0 0 90 59.0 49.6 49.6
5337 0.3 40 0 0 5137 0.5 0 0 0 120 59.0 50.1 50.1
5337 0.3 40 0 0 5137 0.5 0 0 0 150 58.9 50.7 50.7
5337 0.3 40 0 0 5137 0.5 0 0 0 180 58.7 50.2 50.2
5337 0.3 40 0 0 5137 0.5 10 0 0 0 58.9 48.1 48.1
5337 0.3 40 0 0 5137 0.5 10 0 0 30 58.9 48.2 48.2
5337 0.3 40 0 0 5137 0.5 10 0 0 60 59.0 48.4 48.4
5337 0.3 40 0 0 5137 0.5 10 0 0 90 58.9 48.7 48.7
5337 0.3 40 0 0 5137 0.5 10 0 0 120 58.9 49.2 49.2
5337 0.3 40 0 0 5137 0.5 10 0 0 150 58.9 49.9 49.9
5337 0.3 40 0 0 5137 0.5 10 0 0 180 58.7 49.7 49.7
5337 0.3 40 0 0 5137 0.5 20 0 0 0 58.7 46.4 46.4
5337 0.3 40 0 0 5137 0.5 20 0 0 30 58.7 46.4 46.4
5337 0.3 40 0 0 5137 0.5 20 0 0 60 58.7 46.5 46.5
5337 0.3 40 0 0 5137 0.5 20 0 0 90 58.7 46.7 46.7
5337 0.3 40 0 0 5137 0.5 20 0 0 120 58.7 47.3 47.3
5337 0.3 40 0 0 5137 0.5 20 0 0 150 58.7 48.2 48.2
5337 0.3 40 0 0 5137 0.5 20 0 0 180 58.5 48.4 48.4
5337 0.3 40 0 0 5137 0.5 30 0 0 0 58.2 45.8 45.8
5337 0.3 40 0 0 5137 0.5 30 0 0 30 58.2 45.8 45.8
5337 0.3 40 0 0 5137 0.5 30 0 0 60 58.3 45.8 45.8
5337 0.3 40 0 0 5137 0.5 30 0 0 90 58.3 45.8 45.8
5337 0.3 40 0 0 5137 0.5 30 0 0 120 58.4 46.3 46.3
5337 0.3 40 0 0 5137 0.5 30 0 0 150 58.3 47.1 47.1
5337 0.3 40 0 0 5137 0.5 30 0 0 180 58.3 47.6 47.6
5337 0.3 40 0 0 5137 0.5 40 0 0 0 57.5 46.2 46.2
5337 0.3 40 0 0 5137 0.5 40 0 0 30 57.6 46.2 46.2
5337 0.3 40 0 0 5137 0.5 40 0 0 60 57.6 46.2 46.2
5337 0.3 40 0 0 5137 0.5 40 0 0 90 57.7 46.2 46.2
5337 0.3 40 0 0 5137 0.5 40 0 0 120 57.8 46.2 46.2
5337 0.3 40 0 0 5137 0.5 40 0 0 150 57.7 46.7 46.7
5337 0.3 40 0 0 5137 0.5 40 0 0 180 57.8 47.2 47.2
5337 0.3 40 0 0 5137 0.5 50 0 0 0 56.4 46.9 46.9
5337 0.3 40 0 0 5137 0.5 50 0 0 30 56.5 46.9 46.9
5337 0.3 40 0 0 5137 0.5 50 0 0 60 56.5 46.9 46.9
5337 0.3 40 0 0 5137 0.5 50 0 0 90 56.7 46.8 46.8
5337 0.3 40 0 0 5137 0.5 50 0 0 120 57.0 46.7 46.7
5337 0.3 40 0 0 5137 0.5 50 0 0 150 56.9 46.6 46.6
5337 0.3 40 0 0 5137 0.5 50 0 0 180 57.0 47.0 47.0
5337 0.3 40 0 0 5137 0.5 60 0 0 0 54.5 47.9 47.9
5337 0.3 40 0 0 5137 0.5 60 0 0 30 54.6 47.9 47.9
5337 0.3 40 0 0 5137 0.5 60 0 0 60 54.7 47.7 47.7
5337 0.3 40 0 0 5137 0.5 60 0 0 90 55.0 47.6 47.6
5337 0.3 40 0 0 5137 0.5 60 0 0 120 55.3 47.5 47.5
5337 0.3 40 0 0 5137 0.5 60 0 0 150 55.1 47.2 47.2
5337 0.3 40 0 0 5137 0.5 60 0 0 180 55.1 47.2 47.2
5337 0.3 40 0 0 5337 0.0 0 0 0 0 45.6 42.6 42.6
5337 0.3 40 0 0 5337 0.0 0 0 0 30 49.1 47.2 47.2
5337 0.3 40 0 0 5337 0.0 0 0 0 60 57.3 52.8 52.8
5337 0.3 40 0 0 5337 0.0 0 0 0 90 65.5 58.8 58.8
5337 0.3 40 0 0 5337 0.0 0 0 0 120 71.6 64.4 64.4
5337 0.3 40 0 0 5337 0.0 0 0 0 150 75.6 64.9 64.9
5337 0.3 40 0 0 5337 0.0 0 0 0 180 77.1 63.5 63.5
5337 0.3 40 0 0 5337 0.0 10 0 0 0 45.5 41.7 41.7
5337 0.3 40 0 0 5337 0.0 10 0 0 30 49.0 46.0 46.0
5337 0.3 40 0 0 5337 0.0 10 0 0 60 57.1 51.9 51.9
5337 0.3 40 0 0 5337 0.0 10 0 0 90 65.4 58.1 58.1
5337 0.3 40 0 0 5337 0.0 10 0 0 120 71.6 63.5 63.5
5337 0.3 40 0 0 5337 0.0 10 0 0 150 75.5 64.7 64.7
5337 0.3 40 0 0 5337 0.0 10 0 0 180 77.1 64.1 64.1
5337 0.3 40 0 0 5337 0.0 20 0 0 0 45.4 40.2 40.2
5337 0.3 40 0 0 5337 0.0 20 0 0 30 48.8 44.1 44.1
5337 0.3 40 0 0 5337 0.0 20 0 0 60 56.9 50.2 50.2
5337 0.3 40 0 0 5337 0.0 20 0 0 90 65.2 56.6 56.6
5337 0.3 40 0 0 5337 0.0 20 0 0 120 71.4 61.7 61.7
5337 0.3 40 0 0 5337 0.0 20 0 0 150 75.3 63.6 63.6
5337 0.3 40 0 0 5337 0.0 20 0 0 180 76.8 63.7 63.7
5337 0.3 40 0 0 5337 0.0 30 0 0 0 45.2 37.3 37.3
5337 0.3 40 0 0 5337 0.0 30 0 0 30 48.4 40.3 40.3
5337 0.3 40 0 0 5337 0.0 30 0 0 60 56.6 46.5 46.5
5337 0.3 40 0 0 5337 0.0 30 0 0 90 64.9 52.9 52.9
5337 0.3 40 0 0 5337 0.0 30 0 0 120 71.2 57.7 57.7
5337 0.3 40 0 0 5337 0.0 30 0 0 150 74.9 60.3 60.3
5337 0.3 40 0 0 5337 0.0 30 0 0 180 76.4 60.5 60.5
5337 0.3 40 0 0 5337 0.0 40 0 0 0 44.8 37.0 37.0
5337 0.3 40 0 0 5337 0.0 40 0 0 30 47.9 39.7 39.7
5337 0.3 40 0 0 5337 0.0 40 0 0 60 56.1 45.7 45.7
5337 0.3 40 0 0 5337 0.0 40 0 0 90 64.4 51.9 51.9
5337 0.3 40 0 0 5337 0.0 40 0 0 120 70.7 56.7 56.7
5337 0.3 40 0 0 5337 0.0 40 0 0 150 74.3 59.6 59.6
5337 0.3 40 0 0 5337 0.0 40 0 0 180 75.7 60.2 60.2
5337 0.3 40 0 0 5337 0.0 50 0 0 0 44.3 37.4 37.4
5337 0.3 40 0 0 5337 0.0 50 0 0 30 47.2 40.1 40.1
5337 0.3 40 0 0 5337 0.0 50 0 0 60 55.4 45.9 45.9
5337 0.3 40 0 0 5337 0.0 50 0 0 90 63.7 51.9 51.9
5337 0.3 40 0 0 5337 0.0 50 0 0 120 69.9 56.8 56.8
5337 0.3 40 0 0 5337 0.0 50 0 0 150 73.2 60.0 60.0
5337 0.3 40 0 0 5337 0.0 50 0 0 180 74.6 61.1 61.1
5337 0.3 40 0 0 5337 0.0 60 0 0 0 43.5 38.4 38.4
5337 0.3 40 0 0 5337 0.0 60 0 0 30 46.5 41.1 41.1
5337 0.3 40 0 0 5337 0.0 60 0 0 60 54.4 46.6 46.6
5337 0.3 40 0 0 5337 0.0 60 0 0 90 62.5 52.6 52.6
5337 0.3 40 0 0 5337 0.0 60 0 0 120 68.4 57.7 57.7
5337 0.3 40 0 0 5337 0.0 60 0 0 150 71.4 61.1 61.1
5337 0.3 40 0 0 5337 0.0 60 0 0 180 72.9 63.0 63.0
5337 0.3 40 0 0 5337 0.1 0 0 0 0 43.6 41.6 41.6
5337 0.3 40 0 0 5337 0.1 0 0 0 30 47.5 45.2 45.2
5337 0.3 40 0 0 5337 0.1 0 0 0 60 54.6 50.2 50.2
5337 0.3 40 0 0 5337 0.1 0 0 0 90 62.4 56.0 56.0
5337 0.3 40 0 0 5337 0.1 0 0 0 120 69.1 62.4 62.4
5337 0.3 40 0 0 5337 0.1 0 0 0 150 74.0 64.6 64.6
5337 0.3 40 0 0 5337 0.1 0 0 0 180 76.4 62.5 62.5
5337 0.3 40 0 0 5337 0.1 10 0 0 0 43.5 40.1 40.1
5337 0.3 40 0 0 5337 0.1 10 0 0 30 47.3 44.1 44.1
5337 0.3 40 0 0 5337 0.1 10 0 0 60 54.5 49.3 49.3
5337 0.3 40 0 0 5337 0.1 10 0 0 90 62.3 55.3 55.3
5337 0.3 40 0 0 5337 0.1 10 0 0 120 69.1 61.4 61.4
5337 0.3 40 0 0 5337 0.1 10 0 0 150 73.9 64.3 64.3
5337 0.3 40 0 0 5337 0.1 10 0 0 180 76.3 63.1 63.1
5337 0.3 40 0 0 5337 0.1 20 0 0 0 43.4 38.4 38.4
5337 0.3 40 0 0 5337 0.1 20 0 0 30 47.1 42.2 42.2
5337 0.3 40 0 0 5337 0.1 20 0 0 60 54.3 47.6 47.6
5337 0.3 40 0 0 5337 0.1 20 0 0 90 62.1 53.7 53.7
5337 0.3 40 0 0 5337 0.1 20 0 0 120 68.9 59.4 59.4
5337 0.3 40 0 0 5337 0.1 20 0 0 150 73.7 62.8 62.8
5337 0.3 40 0 0 5337 0.1 20 0 0 180 76.1 63.0 63.0
5337 0.3 40 0 0 5337 0.1 30 0 0 0 43.1 35.1 35.1
5337 0.3 40 0 0 5337 0.1 30 0 0 30 46.8 38.3 38.3
5337 0.3 40 0 0 5337 0.1 30 0 0 60 53.9 43.9 43.9
5337 0.3 40 0 0 5337 0.1 30 0 0 90 61.7 50.0 50.0
5337 0.3 40 0 0 5337 0.1 30 0 0 120 68.6 55.5 55.5
5337 0.3 40 0 0 5337 0.1 30 0 0 150 73.3 59.2 59.2
5337 0.3 40 0 0 5337 0.1 30 0 0 180 75.7 60.3 60.3
5337 0.3 40 0 0 5337 0.1 40 0 0 0 42.6 35.0 35.0
5337 0.3 40 0 0 5337 0.1 40 0 0 30 46.3 37.6 37.6
5337 0.3 40 0 0 5337 0.1 40 0 0 60 53.4 43.0 43.0
5337 0.3 40 0 0 5337 0.1 40 0 0 90 61.2 48.9 48.9
5337 0.3 40 0 0 5337 0.1 40 0 0 120 68.2 54.3 54.3
5337 0.3 40 0 0 5337 0.1 40 0 0 150 72.7 58.2 58.2
5337 0.3 40 0 0 5337 0.1 40 0 0 180 75.1 60.0 60.0
5337 0.3 40 0 0 5337 0.1 50 0 0 0 42.1 35.4 35.4
5337 0.3 40 0 0 5337 0.1 50 0 0 30 45.6 38.0 38.0
5337 0.3 40 0 0 5337 0.1 50 0 0 60 52.7 43.0 43.0
5337 0.3 40 0 0 5337 0.1 50 0 0 90 60.5 48.8 48.8
5337 0.3 40 0 0 5337 0.1 50 0 0 120 67.5 54.2 54.2
5337 0.3 40 0 0 5337 0.1 50 0 0 150 71.7 58.4 58.4
5337 0.3 40 0 0 5337 0.1 50 0 0 180 74.0 60.9 60.9
5337 0.3 40 0 0 5337 0.1 60 0 0 0 41.4 36.8 36.8
5337 0.3 40 0 0 5337 0.1 60 0 0 30 44.6 39.1 39.1
5337 0.3 40 0 0 5337 0.1 60 0 0 60 51.7 43.7 43.7
5337 0.3 40 0 0 5337 0.1 60 0 0 90 59.5 49.3 49.3
5337 0.3 40 0 0 5337 0.1 60 0 0 120 66.1 54.8 54.8
5337 0.3 40 0 0 5337 0.1 60 0 0 150 70.0 59.3 59.3
5337 0.3 40 0 0 5337 0.1 60 0 0 180 72.1 62.4 62.4
5337 0.3 40 0 0 5337 0.2 0 0 0 0 41.8 41.4 41.4
5337 0.3 40 0 0 5337 0.2 0 0 0 30 46.2 43.4 43.4
5337 0.3 40 0 0 5337 0.2 0 0 0 60 52.2 47.7 47.7
5337 0.3 40 0 0 5337 0.2 0 0 0 90 59.3 53.1 53.1
5337 0.3 40 0 0 5337 0.2 0 0 0 120 66.4 59.8 59.8
5337 0.3 40 0 0 5337 0.2 0 0 0 150 72.2 63.9 63.9
5337 0.3 40 0 0 5337 0.2 0 0 0 180 75.1 61.4 61.4
5337 0.3 40 0 0 5337 0.2 10 0 0 0 41.7 39.3 39.3
5337 0.3 40 0 0 5337 0.2 10 0 0 30 46.0 42.3 42.3
5337 0.3 40 0 0 5337 0.2 10 0 0 60 52.1 46.7 46.7
5337 0.3 40 0 0 5337 0.2 10 0 0 90 59.2 52.3 52.3
5337 0.3 40 0 0 5337 0.2 10 0 0 120 66.3 58.8 58.8
5337 0.3 40 0 0 5337 0.2 10 0 0 150 72.1 63.1 63.1
5337 0.3 40 0 0 5337 0.2 10 0 0 180 75.0 62.1 62.1
5337 0.3 40 0 0 5337 0.2 20 0 0 0 41.5 36.8 36.8
5337 0.3 40 0 0 5337 0.2 20 0 0 30 45.8 40.3 40.3
5337 0.3 40 0 0 5337 0.2 20 0 0 60 51.8 45.0 45.0
5337 0.3 40 0 0 5337 0.2 20 0 0 90 58.9 50.7 50.7
5337 0.3 40 0 0 5337 0.2 20 0 0 120 66.2 56.8 56.8
5337 0.3 40 0 0 5337 0.2 20 0 0 150 71.9 61.3 61.3
5337 0.3 40 0 0 5337 0.2 20 0 0 180 74.8 61.9 61.9
5337 0.3 40 0 0 5337 0.2 30 0 0 0 41.1 33.1 33.1
5337 0.3 40 0 0 5337 0.2 30 0 0 30 45.5 36.6 36.6
5337 0.3 40 0 0 5337 0.2 30 0 0 60 51.5 41.4 41.4
5337 0.3 40 0 0 5337 0.2 30 0 0 90 58.6 47.0 47.0
5337 0.3 40 0 0 5337 0.2 30 0 0 120 65.9 52.8 52.8
5337 0.3 40 0 0 5337 0.2 30 0 0 150 71.5 57.6 57.6
5337 0.3 40 0 0 5337 0.2 30 0 0 180 74.3 59.8 59.8
5337 0.3 40 0 0 5337 0.2 40 0 0 0 40.6 33.0 33.0
5337 0.3 40 0 0 5337 0.2 40 0 0 30 45.0 35.8 35.8
5337 0.3 40 0 0 5337 0.2 40 0 0 60 51.0 40.4 40.4
5337 0.3 40 0 0 5337 0.2 40 0 0 90 58.1 45.9 45.9
5337 0.3 40 0 0 5337 0.2 40 0 0 120 65.5 51.6 51.6
5337 0.3 40 0 0 5337 0.2 40 0 0 150 70.9 56.6 56.6
5337 0.3 40 0 0 5337 0.2 40 0 0 180 73.7 59.9 59.9
5337 0.3 40 0 0 5337 0.2 50 0 0 0 40.0 33.5 33.5
5337 0.3 40 0 0 5337 0.2 50 0 0 30 44.3 36.1 36.1
5337 0.3 40 0 0 5337 0.2 50 0 0 60 50.3 40.4 40.4
5337 0.3 40 0 0 5337 0.2 50 0 0 90 57.4 45.7 45.7
5337 0.3 40 0 0 5337 0.2 50 0 0 120 64.8 51.5 51.5
5337 0.3 40 0 0 5337 0.2 50 0 0 150 69.9 56.7 56.7
5337 0.3 40 0 0 5337 0.2 50 0 0 180 72.6 60.5 60.5
5337 0.3 40 0 0 5337 0.2 60 0 0 0 39.8 35.2 35.2
5337 0.3 40 0 0 5337 0.2 60 0 0 30 43.3 37.3 37.3
5337 0.3 40 0 0 5337 0.2 60 0 0 60 49.3 41.1 41.1
5337 0.3 40 0 0 5337 0.2 60 0 0 90 56.4 46.1 46.1
5337 0.3 40 0 0 5337 0.2 60 0 0 120 63.5 51.9 51.9
5337 0.3 40 0 0 5337 0.2 60 0 0 150 68.2 57.4 57.4
5337 0.3 40 0 0 5337 0.2 60 0 0 180 70.7 61.6 61.6
5337 0.3 40 0 0 5337 0.3 0 0 0 0 40.9 41.2 41.2
5337 0.3 40 0 0 5337 0.3 0 0 0 30 45.0 42.5 42.5
5337 0.3 40 0 0 5337 0.3 0 0 0 60 50.0 45.2 45.2
5337 0.3 40 0 0 5337 0.3 0 0 0 90 56.2 50.1 50.1
5337 0.3 40 0 0 5337 0.3 0 0 0 120 63.5 56.9 56.9
5337 0.3 40 0 0 5337 0.3 0 0 0 150 70.1 62.2 62.2
5337 0.3 40 0 0 5337 0.3 0 0 0 180 73.5 60.3 60.3
5337 0.3 40 0 0 5337 0.3 10 0 0 0 40.8 39.1 39.1
5337 0.3 40 0 0 5337 0.3 10 0 0 30 44.9 40.8 40.8
5337 0.3 40 0 0 5337 0.3 10 0 0 60 49.9 44.3 44.3
5337 0.3 40 0 0 5337 0.3 10 0 0 90 56.1 49.3 49.3
5337 0.3 40 0 0 5337 0.3 10 0 0 120 63.5 55.8 55.8
5337 0.3 40 0 0 5337 0.3 10 0 0 150 70.1 61.4 61.4
5337 0.3 40 0 0 5337 0.3 10 0 0 180 73.4 60.9 60.9
5337 0.3 40 0 0 5337 0.3 20 0 0 0 40.4 36.3 36.3
5337 0.3 40 0 0 5337 0.3 20 0 0 30 44.7 38.6 38.6
5337 0.3 40 0 0 5337 0.3 20 0 0 60 49.6 42.5 42.5
5337 0.3 40 0 0 5337 0.3 20 0 0 90 55.9 47.5 47.5
5337 0.3 40 0 0 5337 0.3 20 0 0 120 63.3 53.7 53.7
5337 0.3 40 0 0 5337 0.3 20 0 0 150 69.9 59.4 59.4
5337 0.3 40 0 0 5337 0.3 20 0 0 180 73.1 60.7 60.7
5337 0.3 40 0 0 5337 0.3 30 0 0 0 40.0 32.2 32.2
5337 0.3 40 0 0 5337 0.3 30 0 0 30 44.3 35.2 35.2
5337 0.3 40 0 0 5337 0.3 30 0 0 60 49.3 39.2 39.2
5337 0.3 40 0 0 5337 0.3 30 0 0 90 55.5 44.2 44.2
5337 0.3 40 0 0 5337 0.3 30 0 0 120 63.0 50.2 50.2
5337 0.3 40 0 0 5337 0.3 30 0 0 150 69.5 56.0 56.0
5337 0.3 40 0 0 5337 0.3 30 0 0 180 72.7 59.0 59.0
5337 0.3 40 0 0 5337 0.3 40 0 0 0 39.4 31.2 31.2
5337 0.3 40 0 0 5337 0.3 40 0 0 30 43.8 34.3 34.3
5337 0.3 40 0 0 5337 0.3 40 0 0 60 48.8 38.2 38.2
5337 0.3 40 0 0 5337 0.3 40 0 0 90 55.0 43.1 43.1
5337 0.3 40 0 0 5337 0.3 40 0 0 120 62.5 49.0 49.0
5337 0.3 40 0 0 5337 0.3 40 0 0 150 68.8 54.9 54.9
5337 0.3 40 0 0 5337 0.3 40 0 0 180 71.9 59.0 59.0
5337 0.3 40 0 0 5337 0.3 50 0 0 0 38.9 32.1 32.1
5337 0.3 40 0 0 5337 0.3 50 0 0 30 43.1 34.4 34.4
5337 0.3 40 0 0 5337 0.3 50 0 0 60 48.1 38.1 38.1
5337 0.3 40 0 0 5337 0.3 50 0 0 90 54.4 42.8 42.8
5337 0.3 40 0 0 5337 0.3 50 0 0 120 61.8 48.6 48.6
5337 0.3 40 0 0 5337 0.3 50 0 0 150 67.8 54.8 54.8
5337 0.3 40 0 0 5337 0.3 50 0 0 180 70.8 59.7 59.7
5337 0.3 40 0 0 5337 0.3 60 0 0 0 39.2 34.0 34.0
5337 0.3 40 0 0 5337 0.3 60 0 0 30 42.4 35.7 35.7
5337 0.3 40 0 0 5337 0.3 60 0 0 60 47.1 38.7 38.7
5337 0.3 40 0 0 5337 0.3 60 0 0 90 53.3 43.1 43.1
5337 0.3 40 0 0 5337 0.3 60 0 0 120 60.6 48.8 48.8
5337 0.3 40 0 0 5337 0.3 60 0 0 150 66.1 55.2 55.2
5337 0.3 40 0 0 5337 0.3 60 0 0 180 68.9 60.7 60.7
5337 0.3 40 0 0 5337 0.4 0 0 0 0 41.7 41.1 41.1
5337 0.3 40 0 0 5337 0.4 0 0 0 30 44.1 42.1 42.1
5337 0.3 40 0 0 5337 0.4 0 0 0 60 48.0 43.8 43.8
5337 0.3 40 0 0 5337 0.4 0 0 0 90 53.3 47.1 47.1
5337 0.3 40 0 0 5337 0.4 0 0 0 120 60.4 53.6 53.6
5337 0.3 40 0 0 5337 0.4 0 0 0 150 67.8 60.1 60.1
5337 0.3 40 0 0 5337 0.4 0 0 0 180 71.7 59.0 59.0
5337 0.3 40 0 0 5337 0.4 10 0 0 0 41.6 39.0 39.0
5337 0.3 40 0 0 5337 0.4 10 0 0 30 43.9 40.3 40.3
5337 0.3 40 0 0 5337 0.4 10 0 0 60 47.9 42.2 42.2
5337 0.3 40 0 0 5337 0.4 10 0 0 90 53.2 46.2 46.2
5337 0.3 40 0 0 5337 0.4 10 0 0 120 60.4 52.5 52.5
5337 0.3 40 0 0 5337 0.4 10 0 0 150 67.7 59.2 59.2
5337 0.3 40 0 0 5337 0.4 10 0 0 180 71.6 59.6 59.6
5337 0.3 40 0 0 5337 0.4 20 0 0 0 41.3 36.1 36.1
5337 0.3 40 0 0 5337 0.4 20 0 0 30 43.7 37.5 37.5
5337 0.3 40 0 0 5337 0.4 20 0 0 60 47.6 39.9 39.9
5337 0.3 40 0 0 5337 0.4 20 0 0 90 52.9 44.2 44.2
5337 0.3 40 0 0 5337 0.4 20 0 0 120 60.2 50.2 50.2
5337 0.3 40 0 0 5337 0.4 20 0 0 150 67.5 57.0 57.0
5337 0.3 40 0 0 5337 0.4 20 0 0 180 71.3 59.1 59.1
5337 0.3 40 0 0 5337 0.4 30 0 0 0 41.0 32.7 32.7
5337 0.3 40 0 0 5337 0.4 30 0 0 30 43.3 34.3 34.3
5337 0.3 40 0 0 5337 0.4 30 0 0 60 47.3 37.2 37.2
5337 0.3 40 0 0 5337 0.4 30 0 0 90 52.6 41.5 41.5
5337 0.3 40 0 0 5337 0.4 30 0 0 120 59.9 47.3 47.3
5337 0.3 40 0 0 5337 0.4 30 0 0 150 67.1 54.2 54.2
5337 0.3 40 0 0 5337 0.4 30 0 0 180 70.8 57.9 57.9
5337 0.3 40 0 0 5337 0.4 40 0 0 0 40.7 31.7 31.7
5337 0.3 40 0 0 5337 0.4 40 0 0 30 42.8 33.1 33.1
5337 0.3 40 0 0 5337 0.4 40 0 0 60 46.8 36.3 36.3
5337 0.3 40 0 0 5337 0.4 40 0 0 90 52.1 40.4 40.4
5337 0.3 40 0 0 5337 0.4 40 0 0 120 59.4 46.2 46.2
5337 0.3 40 0 0 5337 0.4 40 0 0 150 66.4 53.2 53.2
5337 0.3 40 0 0 5337 0.4 40 0 0 180 70.1 58.1 58.1
5337 0.3 40 0 0 5337 0.4 50 0 0 0 40.5 32.2 32.2
5337 0.3 40 0 0 5337 0.4 50 0 0 30 42.4 33.2 33.2
5337 0.3 40 0 0 5337 0.4 50 0 0 60 46.1 35.9 35.9
5337 0.3 40 0 0 5337 0.4 50 0 0 90 51.4 39.9 39.9
5337 0.3 40 0 0 5337 0.4 50 0 0 120 58.7 45.7 45.7
5337 0.3 40 0 0 5337 0.4 50 0 0 150 65.4 52.7 52.7
5337 0.3 40 0 0 5337 0.4 50 0 0 180 68.9 58.6 58.6
5337 0.3 40 0 0 5337 0.4 60 0 0 0 40.6 33.7 33.7
5337 0.3 40 0 0 5337 0.4 60 0 0 30 42.2 34.5 34.5
5337 0.3 40 0 0 5337 0.4 60 0 0 60 45.4 36.7 36.7
5337 0.3 40 0 0 5337 0.4 60 0 0 90 50.3 40.2 40.2
5337 0.3 40 0 0 5337 0.4 60 0 0 120 57.4 45.6 45.6
5337 0.3 40 0 0 5337 0.4 60 0 0 150 63.7 52.9 52.9
5337 0.3 40 0 0 5337 0.4 60 0 0 180 66.8 59.4 59.4
5337 0.3 40 0 0 5337 0.5 0 0 0 0 43.2 41.0 41.0
5337 0.3 40 0 0 5337 0.5 0 0 0 30 44.1 41.9 41.9
5337 0.3 40 0 0 5337 0.5 0 0 0 60 46.2 43.1 43.1
5337 0.3 40 0 0 5337 0.5 0 0 0 90 50.5 45.2 45.2
5337 0.3 40 0 0 5337 0.5 0 0 0 120 57.1 49.9 49.9
5337 0.3 40 0 0 5337 0.5 0 0 0 150 65.2 57.5 57.5
5337 0.3 40 0 0 5337 0.5 0 0 0 180 69.8 57.5 57.5
5337 0.3 40 0 0 5337 0.5 10 0 0 0 43.1 39.1 39.1
5337 0.3 40 0 0 5337 0.5 10 0 0 30 44.0 40.1 40.1
5337 0.3 40 0 0 5337 0.5 10 0 0 60 46.1 41.4 41.4
5337 0.3 40 0 0 5337 0.5 10 0 0 90 50.4 43.6 43.6
5337 0.3 40 0 0 5337 0.5 10 0 0 120 57.1 48.7 48.7
5337 0.3 40 0 0 5337 0.5 10 0 0 150 65.1 56.4 56.4
5337 0.3 40 0 0 5337 0.5 10 0 0 180 69.7 57.9 57.9
5337 0.3 40 0 0 5337 0.5 20 0 0 0 43.0 36.3 36.3
5337 0.3 40 0 0 5337 0.5 20 0 0 30 43.8 37.2 37.2
5337 0.3 40 0 0 5337 0.5 20 0 0 60 45.9 38.6 38.6
5337 0.3 40 0 0 5337 0.5 20 0 0 90 50.1 40.9 40.9
5337 0.3 40 0 0 5337 0.5 20 0 0 120 56.9 46.2 46.2
5337 0.3 40 0 0 5337 0.5 20 0 0 150 64.9 53.9 53.9
5337 0.3 40 0 0 5337 0.5 20 0 0 180 69.4 56.8 56.8
5337 0.3 40 0 0 5337 0.5 30 0 0 0 42.9 34.3 34.3
5337 0.3 40 0 0 5337 0.5 30 0 0 30 43.6 34.9 34.9
5337 0.3 40 0 0 5337 0.5 30 0 0 60 45.5 36.3 36.3
5337 0.3 40 0 0 5337 0.5 30 0 0 90 49.8 39.0 39.0
5337 0.3 40 0 0 5337 0.5 30 0 0 120 56.5 44.4 44.4
5337 0.3 40 0 0 5337 0.5 30 0 0 150 64.4 52.2 52.2
5337 0.3 40 0 0 5337 0.5 30 0 0 180 68.8 56.7 56.7
5337 0.3 40 0 0 5337 0.5 40 0 0 0 42.8 33.6 33.6
5337 0.3 40 0 0 5337 0.5 40 0 0 30 43.4 33.8 33.8
5337 0.3 40 0 0 5337 0.5 40 0 0 60 45.1 34.9 34.9
5337 0.3 40 0 0 5337 0.5 40 0 0 90 49.3 38.0 38.0
5337 0.3 40 0 0 5337 0.5 40 0 0 120 56.0 43.3 43.3
5337 0.3 40 0 0 5337 0.5 40 0 0 150 63.7 51.1 51.1
5337 0.3 40 0 0 5337 0.5 40 0 0 180 68.0 57.0 57.0
5337 0.3 40 0 0 5337 0.5 50 0 0 0 42.7 33.7 33.7
5337 0.3 40 0 0 5337 0.5 50 0 0 30 43.4 33.7 33.7
5337 0.3 40 0 0 5337 0.5 50 0 0 60 44.9 34.5 34.5
5337 0.3 40 0 0 5337 0.5 50 0 0 90 48.5 37.4 37.4
5337 0.3 40 0 0 5337 0.5 50 0 0 120 55.2 42.7 42.7
5337 0.3 40 0 0 5337 0.5 50 0 0 150 62.7 50.6 50.6
5337 0.3 40 0 0 5337 0.5 50 0 0 180 66.7 57.3 57.3
5337 0.3 40 0 0 5337 0.5 60 0 0 0 42.8 34.5 34.5
5337 0.3 40 0 0 5337 0.5 60 0 0 30 43.4 34.5 34.5
5337 0.3 40 0 0 5337 0.5 60 0 0 60 44.9 35.3 35.3
5337 0.3 40 0 0 5337 0.5 60 0 0 90 48.1 37.8 37.8
5337 0.3 40 0 0 5337 0.5 60 0 0 120 53.8 42.5 42.5
5337 0.3 40 0 0 5337 0.5 60 0 0 150 60.6 50.4 50.4
5337 0.3 40 0 0 5337 0.5 60 0 0 180 64.3 58.0 58.0
