5137 0.4 0 0 0 4737 0.0 0 0 0 0 62.0 54.9 54.9
5137 0.4 0 0 0 4737 0.0 0 0 0 30 62.1 54.9 54.9
5137 0.4 0 0 0 4737 0.0 0 0 0 60 62.3 55.2 55.2
5137 0.4 0 0 0 4737 0.0 0 0 0 90 62.3 55.3 55.3
5137 0.4 0 0 0 4737 0.0 0 0 0 120 62.3 55.5 55.5
5137 0.4 0 0 0 4737 0.0 0 0 0 150 62.3 55.6 55.6
5137 0.4 0 0 0 4737 0.0 0 0 0 180 62.2 55.6 55.6
5137 0.4 0 0 0 4737 0.0 10 0 0 0 61.9 54.7 54.7
5137 0.4 0 0 0 4737 0.0 10 0 0 30 62.0 54.8 54.8
5137 0.4 0 0 0 4737 0.0 10 0 0 60 62.3 55.0 55.0
5137 0.4 0 0 0 4737 0.0 10 0 0 90 62.3 55.0 55.0
5137 0.4 0 0 0 4737 0.0 10 0 0 120 62.3 55.3 55.3
5137 0.4 0 0 0 4737 0.0 10 0 0 150 62.2 55.4 55.4
5137 0.4 0 0 0 4737 0.0 10 0 0 180 62.1 55.4 55.4
5137 0.4 0 0 0 4737 0.0 20 0 0 0 61.7 53.8 53.8
5137 0.4 0 0 0 4737 0.0 20 0 0 30 61.8 53.9 53.9
5137 0.4 0 0 0 4737 0.0 20 0 0 60 62.1 54.0 54.0
5137 0.4 0 0 0 4737 0.0 20 0 0 90 62.1 54.2 54.2
5137 0.4 0 0 0 4737 0.0 20 0 0 120 62.1 54.4 54.4
5137 0.4 0 0 0 4737 0.0 20 0 0 150 62.1 54.6 54.6
5137 0.4 0 0 0 4737 0.0 20 0 0 180 61.9 54.5 54.5
5137 0.4 0 0 0 4737 0.0 30 0 0 0 61.4 51.7 51.7
5137 0.4 0 0 0 4737 0.0 30 0 0 30 61.5 51.8 51.8
5137 0.4 0 0 0 4737 0.0 30 0 0 60 61.8 51.9 51.9
5137 0.4 0 0 0 4737 0.0 30 0 0 90 61.7 52.0 52.0
5137 0.4 0 0 0 4737 0.0 30 0 0 120 61.8 52.3 52.3
5137 0.4 0 0 0 4737 0.0 30 0 0 150 61.7 52.6 52.6
5137 0.4 0 0 0 4737 0.0 30 0 0 180 61.6 52.8 52.8
5137 0.4 0 0 0 4737 0.0 40 0 0 0 60.9 51.8 51.8
5137 0.4 0 0 0 4737 0.0 40 0 0 30 61.0 51.8 51.8
5137 0.4 0 0 0 4737 0.0 40 0 0 60 61.3 51.9 51.9
5137 0.4 0 0 0 4737 0.0 40 0 0 90 61.2 52.0 52.0
5137 0.4 0 0 0 4737 0.0 40 0 0 120 61.3 52.3 52.3
5137 0.4 0 0 0 4737 0.0 40 0 0 150 61.2 52.6 52.6
5137 0.4 0 0 0 4737 0.0 40 0 0 180 61.1 52.7 52.7
5137 0.4 0 0 0 4737 0.0 50 0 0 0 60.1 52.5 52.5
5137 0.4 0 0 0 4737 0.0 50 0 0 30 60.2 52.6 52.6
5137 0.4 0 0 0 4737 0.0 50 0 0 60 60.5 52.6 52.6
5137 0.4 0 0 0 4737 0.0 50 0 0 90 60.4 52.7 52.7
5137 0.4 0 0 0 4737 0.0 50 0 0 120 60.4 52.9 52.9
5137 0.4 0 0 0 4737 0.0 50 0 0 150 60.4 53.2 53.2
5137 0.4 0 0 0 4737 0.0 50 0 0 180 60.3 53.2 53.2
5137 0.4 0 0 0 4737 0.0 60 0 0 0 58.9 53.5 53.5
5137 0.4 0 0 0 4737 0.0 60 0 0 30 59.0 53.7 53.7
5137 0.4 0 0 0 4737 0.0 60 0 0 60 59.2 53.9 53.9
5137 0.4 0 0 0 4737 0.0 60 0 0 90 59.2 54.1 54.1
5137 0.4 0 0 0 4737 0.0 60 0 0 120 59.0 54.3 54.3
5137 0.4 0 0 0 4737 0.0 60 0 0 150 59.1 54.5 54.5
5137 0.4 0 0 0 4737 0.0 60 0 0 180 59.0 54.4 54.4
5137 0.4 0 0 0 4737 0.1 0 0 0 0 61.3 53.9 53.9
5137 0.4 0 0 0 4737 0.1 0 0 0 30 61.2 53.9 53.9
5137 0.4 0 0 0 4737 0.1 0 0 0 60 61.5 54.2 54.2
5137 0.4 0 0 0 4737 0.1 0 0 0 90 61.5 54.2 54.2
5137 0.4 0 0 0 4737 0.1 0 0 0 120 61.5 54.5 54.5
5137 0.4 0 0 0 4737 0.1 0 0 0 150 61.5 54.6 54.6
5137 0.4 0 0 0 4737 0.1 0 0 0 180 61.5 54.6 54.6
5137 0.4 0 0 0 4737 0.1 10 0 0 0 61.2 53.7 53.7
5137 0.4 0 0 0 4737 0.1 10 0 0 30 61.1 53.8 53.8
5137 0.4 0 0 0 4737 0.1 10 0 0 60 61.5 53.9 53.9
5137 0.4 0 0 0 4737 0.1 10 0 0 90 61.4 54.0 54.0
5137 0.4 0 0 0 4737 0.1 10 0 0 120 61.5 54.3 54.3
5137 0.4 0 0 0 4737 0.1 10 0 0 150 61.5 54.5 54.5
5137 0.4 0 0 0 4737 0.1 10 0 0 180 61.4 54.5 54.5
5137 0.4 0 0 0 4737 0.1 20 0 0 0 61.0 52.8 52.8
5137 0.4 0 0 0 4737 0.1 20 0 0 30 60.9 52.8 52.8
5137 0.4 0 0 0 4737 0.1 20 0 0 60 61.3 53.0 53.0
5137 0.4 0 0 0 4737 0.1 20 0 0 90 61.2 53.1 53.1
5137 0.4 0 0 0 4737 0.1 20 0 0 120 61.3 53.3 53.3
5137 0.4 0 0 0 4737 0.1 20 0 0 150 61.3 53.6 53.6
5137 0.4 0 0 0 4737 0.1 20 0 0 180 61.2 53.6 53.6
5137 0.4 0 0 0 4737 0.1 30 0 0 0 60.6 51.0 51.0
5137 0.4 0 0 0 4737 0.1 30 0 0 30 60.6 50.9 50.9
5137 0.4 0 0 0 4737 0.1 30 0 0 60 60.9 51.0 51.0
5137 0.4 0 0 0 4737 0.1 30 0 0 90 60.9 51.0 51.0
5137 0.4 0 0 0 4737 0.1 30 0 0 120 60.9 51.3 51.3
5137 0.4 0 0 0 4737 0.1 30 0 0 150 60.9 51.5 51.5
5137 0.4 0 0 0 4737 0.1 30 0 0 180 60.9 51.6 51.6
5137 0.4 0 0 0 4737 0.1 40 0 0 0 60.1 51.1 51.1
5137 0.4 0 0 0 4737 0.1 40 0 0 30 60.1 51.0 51.0
5137 0.4 0 0 0 4737 0.1 40 0 0 60 60.4 51.0 51.0
5137 0.4 0 0 0 4737 0.1 40 0 0 90 60.3 51.1 51.1
5137 0.4 0 0 0 4737 0.1 40 0 0 120 60.4 51.3 51.3
5137 0.4 0 0 0 4737 0.1 40 0 0 150 60.4 51.5 51.5
5137 0.4 0 0 0 4737 0.1 40 0 0 180 60.3 51.6 51.6
5137 0.4 0 0 0 4737 0.1 50 0 0 0 59.3 51.8 51.8
5137 0.4 0 0 0 4737 0.1 50 0 0 30 59.4 51.8 51.8
5137 0.4 0 0 0 4737 0.1 50 0 0 60 59.5 51.8 51.8
5137 0.4 0 0 0 4737 0.1 50 0 0 90 59.5 51.9 51.9
5137 0.4 0 0 0 4737 0.1 50 0 0 120 59.6 52.0 52.0
5137 0.4 0 0 0 4737 0.1 50 0 0 150 59.5 52.2 52.2
5137 0.4 0 0 0 4737 0.1 50 0 0 180 59.5 52.2 52.2
5137 0.4 0 0 0 4737 0.1 60 0 0 0 58.0 52.6 52.6
5137 0.4 0 0 0 4737 0.1 60 0 0 30 58.1 52.7 52.7
5137 0.4 0 0 0 4737 0.1 60 0 0 60 58.2 52.9 52.9
5137 0.4 0 0 0 4737 0.1 60 0 0 90 58.2 53.1 53.1
5137 0.4 0 0 0 4737 0.1 60 0 0 120 58.1 53.3 53.3
5137 0.4 0 0 0 4737 0.1 60 0 0 150 58.1 53.7 53.7
5137 0.4 0 0 0 4737 0.1 60 0 0 180 58.0 53.6 53.6
5137 0.4 0 0 0 4737 0.2 0 0 0 0 60.4 52.9 52.9
5137 0.4 0 0 0 4737 0.2 0 0 0 30 60.4 52.9 52.9
5137 0.4 0 0 0 4737 0.2 0 0 0 60 60.6 53.1 53.1
5137 0.4 0 0 0 4737 0.2 0 0 0 90 60.6 53.1 53.1
5137 0.4 0 0 0 4737 0.2 0 0 0 120 60.8 53.4 53.4
5137 0.4 0 0 0 4737 0.2 0 0 0 150 60.7 53.7 53.7
5137 0.4 0 0 0 4737 0.2 0 0 0 180 60.6 53.6 53.6
5137 0.4 0 0 0 4737 0.2 10 0 0 0 60.3 52.7 52.7
5137 0.4 0 0 0 4737 0.2 10 0 0 30 60.4 52.7 52.7
5137 0.4 0 0 0 4737 0.2 10 0 0 60 60.6 52.9 52.9
5137 0.4 0 0 0 4737 0.2 10 0 0 90 60.6 52.9 52.9
5137 0.4 0 0 0 4737 0.2 10 0 0 120 60.7 53.2 53.2
5137 0.4 0 0 0 4737 0.2 10 0 0 150 60.6 53.6 53.6
5137 0.4 0 0 0 4737 0.2 10 0 0 180 60.6 53.5 53.5
5137 0.4 0 0 0 4737 0.2 20 0 0 0 60.1 51.7 51.7
5137 0.4 0 0 0 4737 0.2 20 0 0 30 60.2 51.8 51.8
5137 0.4 0 0 0 4737 0.2 20 0 0 60 60.4 51.9 51.9
5137 0.4 0 0 0 4737 0.2 20 0 0 90 60.4 52.0 52.0
5137 0.4 0 0 0 4737 0.2 20 0 0 120 60.5 52.2 52.2
5137 0.4 0 0 0 4737 0.2 20 0 0 150 60.4 52.5 52.5
5137 0.4 0 0 0 4737 0.2 20 0 0 180 60.4 52.5 52.5
5137 0.4 0 0 0 4737 0.2 30 0 0 0 59.8 50.4 50.4
5137 0.4 0 0 0 4737 0.2 30 0 0 30 59.8 50.3 50.3
5137 0.4 0 0 0 4737 0.2 30 0 0 60 60.0 50.3 50.3
5137 0.4 0 0 0 4737 0.2 30 0 0 90 60.0 50.2 50.2
5137 0.4 0 0 0 4737 0.2 30 0 0 120 60.1 50.4 50.4
5137 0.4 0 0 0 4737 0.2 30 0 0 150 60.1 50.5 50.5
5137 0.4 0 0 0 4737 0.2 30 0 0 180 60.0 50.5 50.5
5137 0.4 0 0 0 4737 0.2 40 0 0 0 59.2 50.5 50.5
5137 0.4 0 0 0 4737 0.2 40 0 0 30 59.3 50.5 50.5
5137 0.4 0 0 0 4737 0.2 40 0 0 60 59.5 50.4 50.4
5137 0.4 0 0 0 4737 0.2 40 0 0 90 59.5 50.4 50.4
5137 0.4 0 0 0 4737 0.2 40 0 0 120 59.5 50.5 50.5
5137 0.4 0 0 0 4737 0.2 40 0 0 150 59.5 50.5 50.5
5137 0.4 0 0 0 4737 0.2 40 0 0 180 59.4 50.7 50.7
5137 0.4 0 0 0 4737 0.2 50 0 0 0 58.4 51.1 51.1
5137 0.4 0 0 0 4737 0.2 50 0 0 30 58.5 51.1 51.1
5137 0.4 0 0 0 4737 0.2 50 0 0 60 58.6 51.1 51.1
5137 0.4 0 0 0 4737 0.2 50 0 0 90 58.7 51.1 51.1
5137 0.4 0 0 0 4737 0.2 50 0 0 120 58.6 51.2 51.2
5137 0.4 0 0 0 4737 0.2 50 0 0 150 58.6 51.4 51.4
5137 0.4 0 0 0 4737 0.2 50 0 0 180 58.5 51.4 51.4
5137 0.4 0 0 0 4737 0.2 60 0 0 0 57.1 51.6 51.6
5137 0.4 0 0 0 4737 0.2 60 0 0 30 57.2 51.7 51.7
5137 0.4 0 0 0 4737 0.2 60 0 0 60 57.2 51.9 51.9
5137 0.4 0 0 0 4737 0.2 60 0 0 90 57.3 52.1 52.1
5137 0.4 0 0 0 4737 0.2 60 0 0 120 57.2 52.3 52.3
5137 0.4 0 0 0 4737 0.2 60 0 0 150 57.1 52.7 52.7
5137 0.4 0 0 0 4737 0.2 60 0 0 180 57.0 52.7 52.7
5137 0.4 0 0 0 4737 0.3 0 0 0 0 59.6 51.8 51.8
5137 0.4 0 0 0 4737 0.3 0 0 0 30 59.7 51.8 51.8
5137 0.4 0 0 0 4737 0.3 0 0 0 60 59.7 52.0 52.0
5137 0.4 0 0 0 4737 0.3 0 0 0 90 59.9 52.1 52.1
5137 0.4 0 0 0 4737 0.3 0 0 0 120 59.9 52.4 52.4
5137 0.4 0 0 0 4737 0.3 0 0 0 150 59.8 52.6 52.6
5137 0.4 0 0 0 4737 0.3 0 0 0 180 59.7 52.6 52.6
5137 0.4 0 0 0 4737 0.3 10 0 0 0 59.5 51.6 51.6
5137 0.4 0 0 0 4737 0.3 10 0 0 30 59.6 51.6 51.6
5137 0.4 0 0 0 4737 0.3 10 0 0 60 59.7 51.7 51.7
5137 0.4 0 0 0 4737 0.3 10 0 0 90 59.8 51.9 51.9
5137 0.4 0 0 0 4737 0.3 10 0 0 120 59.8 52.1 52.1
5137 0.4 0 0 0 4737 0.3 10 0 0 150 59.7 52.4 52.4
5137 0.4 0 0 0 4737 0.3 10 0 0 180 59.7 52.4 52.4
5137 0.4 0 0 0 4737 0.3 20 0 0 0 59.3 50.5 50.5
5137 0.4 0 0 0 4737 0.3 20 0 0 30 59.4 50.5 50.5
5137 0.4 0 0 0 4737 0.3 20 0 0 60 59.5 50.5 50.5
5137 0.4 0 0 0 4737 0.3 20 0 0 90 59.6 50.8 50.8
5137 0.4 0 0 0 4737 0.3 20 0 0 120 59.6 50.9 50.9
5137 0.4 0 0 0 4737 0.3 20 0 0 150 59.5 51.2 51.2
5137 0.4 0 0 0 4737 0.3 20 0 0 180 59.5 51.3 51.3
5137 0.4 0 0 0 4737 0.3 30 0 0 0 58.9 49.6 49.6
5137 0.4 0 0 0 4737 0.3 30 0 0 30 59.0 49.6 49.6
5137 0.4 0 0 0 4737 0.3 30 0 0 60 59.1 49.6 49.6
5137 0.4 0 0 0 4737 0.3 30 0 0 90 59.2 49.6 49.6
5137 0.4 0 0 0 4737 0.3 30 0 0 120 59.2 49.6 49.6
5137 0.4 0 0 0 4737 0.3 30 0 0 150 59.2 49.8 49.8
5137 0.4 0 0 0 4737 0.3 30 0 0 180 59.1 49.8 49.8
5137 0.4 0 0 0 4737 0.3 40 0 0 0 58.4 49.7 49.7
5137 0.4 0 0 0 4737 0.3 40 0 0 30 58.5 49.8 49.8
5137 0.4 0 0 0 4737 0.3 40 0 0 60 58.6 49.7 49.7
5137 0.4 0 0 0 4737 0.3 40 0 0 90 58.7 49.8 49.8
5137 0.4 0 0 0 4737 0.3 40 0 0 120 58.7 49.8 49.8
5137 0.4 0 0 0 4737 0.3 40 0 0 150 58.6 50.0 50.0
5137 0.4 0 0 0 4737 0.3 40 0 0 180 58.5 50.0 50.0
5137 0.4 0 0 0 4737 0.3 50 0 0 0 57.5 50.2 50.2
5137 0.4 0 0 0 4737 0.3 50 0 0 30 57.6 50.3 50.3
5137 0.4 0 0 0 4737 0.3 50 0 0 60 57.7 50.3 50.3
5137 0.4 0 0 0 4737 0.3 50 0 0 90 57.8 50.6 50.6
5137 0.4 0 0 0 4737 0.3 50 0 0 120 57.8 50.5 50.5
5137 0.4 0 0 0 4737 0.3 50 0 0 150 57.7 50.6 50.6
5137 0.4 0 0 0 4737 0.3 50 0 0 180 57.6 50.6 50.6
5137 0.4 0 0 0 4737 0.3 60 0 0 0 56.2 50.8 50.8
5137 0.4 0 0 0 4737 0.3 60 0 0 30 56.3 50.9 50.9
5137 0.4 0 0 0 4737 0.3 60 0 0 60 56.3 50.8 50.8
5137 0.4 0 0 0 4737 0.3 60 0 0 90 56.3 51.1 51.1
5137 0.4 0 0 0 4737 0.3 60 0 0 120 56.1 51.2 51.2
5137 0.4 0 0 0 4737 0.3 60 0 0 150 55.9 51.7 51.7
5137 0.4 0 0 0 4737 0.3 60 0 0 180 55.9 51.9 51.9
5137 0.4 0 0 0 4737 0.4 0 0 0 0 58.8 50.6 50.6
5137 0.4 0 0 0 4737 0.4 0 0 0 30 58.9 50.7 50.7
5137 0.4 0 0 0 4737 0.4 0 0 0 60 58.9 50.7 50.7
5137 0.4 0 0 0 4737 0.4 0 0 0 90 59.0 50.9 50.9
5137 0.4 0 0 0 4737 0.4 0 0 0 120 59.0 51.0 51.0
5137 0.4 0 0 0 4737 0.4 0 0 0 150 59.0 51.4 51.4
5137 0.4 0 0 0 4737 0.4 0 0 0 180 58.9 51.4 51.4
5137 0.4 0 0 0 4737 0.4 10 0 0 0 58.7 50.4 50.4
5137 0.4 0 0 0 4737 0.4 10 0 0 30 58.8 50.4 50.4
5137 0.4 0 0 0 4737 0.4 10 0 0 60 58.8 50.6 50.6
5137 0.4 0 0 0 4737 0.4 10 0 0 90 59.0 50.6 50.6
5137 0.4 0 0 0 4737 0.4 10 0 0 120 58.9 50.8 50.8
5137 0.4 0 0 0 4737 0.4 10 0 0 150 59.0 51.2 51.2
5137 0.4 0 0 0 4737 0.4 10 0 0 180 58.8 51.2 51.2
5137 0.4 0 0 0 4737 0.4 20 0 0 0 58.5 48.9 48.9
5137 0.4 0 0 0 4737 0.4 20 0 0 30 58.6 49.0 49.0
5137 0.4 0 0 0 4737 0.4 20 0 0 60 58.6 49.1 49.1
5137 0.4 0 0 0 4737 0.4 20 0 0 90 58.7 49.2 49.2
5137 0.4 0 0 0 4737 0.4 20 0 0 120 58.7 49.5 49.5
5137 0.4 0 0 0 4737 0.4 20 0 0 150 58.7 49.9 49.9
5137 0.4 0 0 0 4737 0.4 20 0 0 180 58.6 49.9 49.9
5137 0.4 0 0 0 4737 0.4 30 0 0 0 58.1 48.9 48.9
5137 0.4 0 0 0 4737 0.4 30 0 0 30 58.3 49.0 49.0
5137 0.4 0 0 0 4737 0.4 30 0 0 60 58.2 49.1 49.1
5137 0.4 0 0 0 4737 0.4 30 0 0 90 58.4 49.0 49.0
5137 0.4 0 0 0 4737 0.4 30 0 0 120 58.3 49.0 49.0
5137 0.4 0 0 0 4737 0.4 30 0 0 150 58.3 49.2 49.2
5137 0.4 0 0 0 4737 0.4 30 0 0 180 58.2 49.1 49.1
5137 0.4 0 0 0 4737 0.4 40 0 0 0 57.5 49.1 49.1
5137 0.4 0 0 0 4737 0.4 40 0 0 30 57.7 49.2 49.2
5137 0.4 0 0 0 4737 0.4 40 0 0 60 57.6 49.2 49.2
5137 0.4 0 0 0 4737 0.4 40 0 0 90 57.8 49.3 49.3
5137 0.4 0 0 0 4737 0.4 40 0 0 120 57.7 49.3 49.3
5137 0.4 0 0 0 4737 0.4 40 0 0 150 57.7 49.4 49.4
5137 0.4 0 0 0 4737 0.4 40 0 0 180 57.6 49.4 49.4
5137 0.4 0 0 0 4737 0.4 50 0 0 0 56.7 49.4 49.4
5137 0.4 0 0 0 4737 0.4 50 0 0 30 56.8 49.5 49.5
5137 0.4 0 0 0 4737 0.4 50 0 0 60 56.8 49.6 49.6
5137 0.4 0 0 0 4737 0.4 50 0 0 90 56.9 49.7 49.7
5137 0.4 0 0 0 4737 0.4 50 0 0 120 56.8 49.9 49.9
5137 0.4 0 0 0 4737 0.4 50 0 0 150 56.7 50.2 50.2
5137 0.4 0 0 0 4737 0.4 50 0 0 180 56.6 50.0 50.0
5137 0.4 0 0 0 4737 0.4 60 0 0 0 55.3 49.9 49.9
5137 0.4 0 0 0 4737 0.4 60 0 0 30 55.3 50.0 50.0
5137 0.4 0 0 0 4737 0.4 60 0 0 60 55.3 50.0 50.0
5137 0.4 0 0 0 4737 0.4 60 0 0 90 55.2 50.1 50.1
5137 0.4 0 0 0 4737 0.4 60 0 0 120 55.0 50.4 50.4
5137 0.4 0 0 0 4737 0.4 60 0 0 150 54.6 50.8 50.8
5137 0.4 0 0 0 4737 0.4 60 0 0 180 54.6 51.0 51.0
5137 0.4 0 0 0 4737 0.5 0 0 0 0 58.0 49.1 49.1
5137 0.4 0 0 0 4737 0.5 0 0 0 30 58.0 49.1 49.1
5137 0.4 0 0 0 4737 0.5 0 0 0 60 58.1 49.2 49.2
5137 0.4 0 0 0 4737 0.5 0 0 0 90 58.1 49.2 49.2
5137 0.4 0 0 0 4737 0.5 0 0 0 120 58.2 49.5 49.5
5137 0.4 0 0 0 4737 0.5 0 0 0 150 58.2 49.8 49.8
5137 0.4 0 0 0 4737 0.5 0 0 0 180 58.0 49.8 49.8
5137 0.4 0 0 0 4737 0.5 10 0 0 0 57.9 48.6 48.6
5137 0.4 0 0 0 4737 0.5 10 0 0 30 58.0 48.7 48.7
5137 0.4 0 0 0 4737 0.5 10 0 0 60 58.0 48.8 48.8
5137 0.4 0 0 0 4737 0.5 10 0 0 90 58.1 48.9 48.9
5137 0.4 0 0 0 4737 0.5 10 0 0 120 58.2 49.1 49.1
5137 0.4 0 0 0 4737 0.5 10 0 0 150 58.1 49.4 49.4
5137 0.4 0 0 0 4737 0.5 10 0 0 180 57.9 49.4 49.4
5137 0.4 0 0 0 4737 0.5 20 0 0 0 57.6 48.2 48.2
5137 0.4 0 0 0 4737 0.5 20 0 0 30 57.8 48.3 48.3
5137 0.4 0 0 0 4737 0.5 20 0 0 60 57.8 48.4 48.4
5137 0.4 0 0 0 4737 0.5 20 0 0 90 57.8 48.6 48.6
5137 0.4 0 0 0 4737 0.5 20 0 0 120 57.9 48.8 48.8
5137 0.4 0 0 0 4737 0.5 20 0 0 150 57.9 49.2 49.2
5137 0.4 0 0 0 4737 0.5 20 0 0 180 57.7 49.0 49.0
5137 0.4 0 0 0 4737 0.5 30 0 0 0 57.2 48.5 48.5
5137 0.4 0 0 0 4737 0.5 30 0 0 30 57.3 48.6 48.6
5137 0.4 0 0 0 4737 0.5 30 0 0 60 57.4 48.7 48.7
5137 0.4 0 0 0 4737 0.5 30 0 0 90 57.4 48.8 48.8
5137 0.4 0 0 0 4737 0.5 30 0 0 120 57.5 48.8 48.8
5137 0.4 0 0 0 4737 0.5 30 0 0 150 57.4 48.9 48.9
5137 0.4 0 0 0 4737 0.5 30 0 0 180 57.3 48.6 48.6
5137 0.4 0 0 0 4737 0.5 40 0 0 0 56.7 48.6 48.6
5137 0.4 0 0 0 4737 0.5 40 0 0 30 56.7 48.7 48.7
5137 0.4 0 0 0 4737 0.5 40 0 0 60 56.8 48.8 48.8
5137 0.4 0 0 0 4737 0.5 40 0 0 90 56.8 48.8 48.8
5137 0.4 0 0 0 4737 0.5 40 0 0 120 56.9 49.0 49.0
5137 0.4 0 0 0 4737 0.5 40 0 0 150 56.7 49.1 49.1
5137 0.4 0 0 0 4737 0.5 40 0 0 180 56.6 49.0 49.0
5137 0.4 0 0 0 4737 0.5 50 0 0 0 55.8 48.7 48.7
5137 0.4 0 0 0 4737 0.5 50 0 0 30 55.8 48.8 48.8
5137 0.4 0 0 0 4737 0.5 50 0 0 60 55.9 48.9 48.9
5137 0.4 0 0 0 4737 0.5 50 0 0 90 55.9 49.0 49.0
5137 0.4 0 0 0 4737 0.5 50 0 0 120 55.8 49.2 49.2
5137 0.4 0 0 0 4737 0.5 50 0 0 150 55.6 49.5 49.5
5137 0.4 0 0 0 4737 0.5 50 0 0 180 55.5 49.5 49.5
5137 0.4 0 0 0 4737 0.5 60 0 0 0 54.5 49.0 49.0
5137 0.4 0 0 0 4737 0.5 60 0 0 30 54.6 49.0 49.0
5137 0.4 0 0 0 4737 0.5 60 0 0 60 54.6 49.1 49.1
5137 0.4 0 0 0 4737 0.5 60 0 0 90 54.5 49.3 49.3
5137 0.4 0 0 0 4737 0.5 60 0 0 120 54.3 49.4 49.4
5137 0.4 0 0 0 4737 0.5 60 0 0 150 53.8 49.9 49.9
5137 0.4 0 0 0 4737 0.5 60 0 0 180 53.5 50.2 50.2
5137 0.4 0 0 0 4937 0.0 0 0 0 0 62.2 55.2 55.2
5137 0.4 0 0 0 4937 0.0 0 0 0 30 62.8 55.8 55.8
5137 0.4 0 0 0 4937 0.0 0 0 0 60 63.1 56.4 56.4
5137 0.4 0 0 0 4937 0.0 0 0 0 90 63.3 56.8 56.8
5137 0.4 0 0 0 4937 0.0 0 0 0 120 63.4 56.9 56.9
5137 0.4 0 0 0 4937 0.0 0 0 0 150 63.1 56.7 56.7
5137 0.4 0 0 0 4937 0.0 0 0 0 180 62.8 56.2 56.2
5137 0.4 0 0 0 4937 0.0 10 0 0 0 62.1 54.9 54.9
5137 0.4 0 0 0 4937 0.0 10 0 0 30 62.7 55.5 55.5
5137 0.4 0 0 0 4937 0.0 10 0 0 60 63.1 56.1 56.1
5137 0.4 0 0 0 4937 0.0 10 0 0 90 63.3 56.6 56.6
5137 0.4 0 0 0 4937 0.0 10 0 0 120 63.3 56.8 56.8
5137 0.4 0 0 0 4937 0.0 10 0 0 150 63.1 56.7 56.7
5137 0.4 0 0 0 4937 0.0 10 0 0 180 62.7 56.2 56.2
5137 0.4 0 0 0 4937 0.0 20 0 0 0 61.9 54.1 54.1
5137 0.4 0 0 0 4937 0.0 20 0 0 30 62.5 54.7 54.7
5137 0.4 0 0 0 4937 0.0 20 0 0 60 62.9 55.3 55.3
5137 0.4 0 0 0 4937 0.0 20 0 0 90 63.1 55.8 55.8
5137 0.4 0 0 0 4937 0.0 20 0 0 120 63.1 56.0 56.0
5137 0.4 0 0 0 4937 0.0 20 0 0 150 62.9 55.9 55.9
5137 0.4 0 0 0 4937 0.0 20 0 0 180 62.6 55.4 55.4
5137 0.4 0 0 0 4937 0.0 30 0 0 0 61.6 52.2 52.2
5137 0.4 0 0 0 4937 0.0 30 0 0 30 62.2 53.0 53.0
5137 0.4 0 0 0 4937 0.0 30 0 0 60 62.6 53.9 53.9
5137 0.4 0 0 0 4937 0.0 30 0 0 90 62.8 54.5 54.5
5137 0.4 0 0 0 4937 0.0 30 0 0 120 62.8 54.6 54.6
5137 0.4 0 0 0 4937 0.0 30 0 0 150 62.6 54.3 54.3
5137 0.4 0 0 0 4937 0.0 30 0 0 180 62.2 53.5 53.5
5137 0.4 0 0 0 4937 0.0 40 0 0 0 61.2 52.0 52.0
5137 0.4 0 0 0 4937 0.0 40 0 0 30 61.8 52.8 52.8
5137 0.4 0 0 0 4937 0.0 40 0 0 60 62.2 53.7 53.7
5137 0.4 0 0 0 4937 0.0 40 0 0 90 62.4 54.4 54.4
5137 0.4 0 0 0 4937 0.0 40 0 0 120 62.3 54.6 54.6
5137 0.4 0 0 0 4937 0.0 40 0 0 150 62.1 54.3 54.3
5137 0.4 0 0 0 4937 0.0 40 0 0 180 61.7 53.5 53.5
5137 0.4 0 0 0 4937 0.0 50 0 0 0 60.5 52.4 52.4
5137 0.4 0 0 0 4937 0.0 50 0 0 30 61.1 53.2 53.2
5137 0.4 0 0 0 4937 0.0 50 0 0 60 61.5 54.1 54.1
5137 0.4 0 0 0 4937 0.0 50 0 0 90 61.7 54.8 54.8
5137 0.4 0 0 0 4937 0.0 50 0 0 120 61.6 55.1 55.1
5137 0.4 0 0 0 4937 0.0 50 0 0 150 61.3 54.9 54.9
5137 0.4 0 0 0 4937 0.0 50 0 0 180 60.9 54.1 54.1
5137 0.4 0 0 0 4937 0.0 60 0 0 0 59.2 53.6 53.6
5137 0.4 0 0 0 4937 0.0 60 0 0 30 59.9 54.1 54.1
5137 0.4 0 0 0 4937 0.0 60 0 0 60 60.2 54.7 54.7
5137 0.4 0 0 0 4937 0.0 60 0 0 90 60.4 55.3 55.3
5137 0.4 0 0 0 4937 0.0 60 0 0 120 60.3 55.5 55.5
5137 0.4 0 0 0 4937 0.0 60 0 0 150 60.1 55.5 55.5
5137 0.4 0 0 0 4937 0.0 60 0 0 180 59.7 55.3 55.3
5137 0.4 0 0 0 4937 0.1 0 0 0 0 61.4 54.2 54.2
5137 0.4 0 0 0 4937 0.1 0 0 0 30 61.9 54.7 54.7
5137 0.4 0 0 0 4937 0.1 0 0 0 60 62.2 55.2 55.2
5137 0.4 0 0 0 4937 0.1 0 0 0 90 62.5 55.8 55.8
5137 0.4 0 0 0 4937 0.1 0 0 0 120 62.5 56.1 56.1
5137 0.4 0 0 0 4937 0.1 0 0 0 150 62.3 56.0 56.0
5137 0.4 0 0 0 4937 0.1 0 0 0 180 61.9 55.4 55.4
5137 0.4 0 0 0 4937 0.1 10 0 0 0 61.4 53.9 53.9
5137 0.4 0 0 0 4937 0.1 10 0 0 30 61.9 54.4 54.4
5137 0.4 0 0 0 4937 0.1 10 0 0 60 62.2 55.0 55.0
5137 0.4 0 0 0 4937 0.1 10 0 0 90 62.5 55.5 55.5
5137 0.4 0 0 0 4937 0.1 10 0 0 120 62.5 55.8 55.8
5137 0.4 0 0 0 4937 0.1 10 0 0 150 62.2 55.8 55.8
5137 0.4 0 0 0 4937 0.1 10 0 0 180 61.9 55.3 55.3
5137 0.4 0 0 0 4937 0.1 20 0 0 0 61.2 52.9 52.9
5137 0.4 0 0 0 4937 0.1 20 0 0 30 61.7 53.5 53.5
5137 0.4 0 0 0 4937 0.1 20 0 0 60 62.0 54.1 54.1
5137 0.4 0 0 0 4937 0.1 20 0 0 90 62.3 54.7 54.7
5137 0.4 0 0 0 4937 0.1 20 0 0 120 62.3 55.1 55.1
5137 0.4 0 0 0 4937 0.1 20 0 0 150 62.1 55.2 55.2
5137 0.4 0 0 0 4937 0.1 20 0 0 180 61.7 54.6 54.6
5137 0.4 0 0 0 4937 0.1 30 0 0 0 60.9 51.0 51.0
5137 0.4 0 0 0 4937 0.1 30 0 0 30 61.4 51.7 51.7
5137 0.4 0 0 0 4937 0.1 30 0 0 60 61.7 52.5 52.5
5137 0.4 0 0 0 4937 0.1 30 0 0 90 62.0 53.3 53.3
5137 0.4 0 0 0 4937 0.1 30 0 0 120 62.0 53.8 53.8
5137 0.4 0 0 0 4937 0.1 30 0 0 150 61.7 53.6 53.6
5137 0.4 0 0 0 4937 0.1 30 0 0 180 61.3 52.7 52.7
5137 0.4 0 0 0 4937 0.1 40 0 0 0 60.4 50.9 50.9
5137 0.4 0 0 0 4937 0.1 40 0 0 30 60.9 51.5 51.5
5137 0.4 0 0 0 4937 0.1 40 0 0 60 61.3 52.3 52.3
5137 0.4 0 0 0 4937 0.1 40 0 0 90 61.5 53.1 53.1
5137 0.4 0 0 0 4937 0.1 40 0 0 120 61.5 53.7 53.7
5137 0.4 0 0 0 4937 0.1 40 0 0 150 61.2 53.6 53.6
5137 0.4 0 0 0 4937 0.1 40 0 0 180 60.8 52.9 52.9
5137 0.4 0 0 0 4937 0.1 50 0 0 0 59.7 51.2 51.2
5137 0.4 0 0 0 4937 0.1 50 0 0 30 60.2 51.9 51.9
5137 0.4 0 0 0 4937 0.1 50 0 0 60 60.6 52.7 52.7
5137 0.4 0 0 0 4937 0.1 50 0 0 90 60.8 53.5 53.5
5137 0.4 0 0 0 4937 0.1 50 0 0 120 60.8 54.1 54.1
5137 0.4 0 0 0 4937 0.1 50 0 0 150 60.5 54.3 54.3
5137 0.4 0 0 0 4937 0.1 50 0 0 180 60.0 53.7 53.7
5137 0.4 0 0 0 4937 0.1 60 0 0 0 58.4 52.6 52.6
5137 0.4 0 0 0 4937 0.1 60 0 0 30 58.9 53.0 53.0
5137 0.4 0 0 0 4937 0.1 60 0 0 60 59.3 53.6 53.6
5137 0.4 0 0 0 4937 0.1 60 0 0 90 59.5 54.2 54.2
5137 0.4 0 0 0 4937 0.1 60 0 0 120 59.5 54.6 54.6
5137 0.4 0 0 0 4937 0.1 60 0 0 150 59.3 54.7 54.7
5137 0.4 0 0 0 4937 0.1 60 0 0 180 58.9 54.5 54.5
5137 0.4 0 0 0 4937 0.2 0 0 0 0 60.7 53.1 53.1
5137 0.4 0 0 0 4937 0.2 0 0 0 30 61.1 53.5 53.5
5137 0.4 0 0 0 4937 0.2 0 0 0 60 61.4 54.1 54.1
5137 0.4 0 0 0 4937 0.2 0 0 0 90 61.7 54.7 54.7
5137 0.4 0 0 0 4937 0.2 0 0 0 120 61.8 55.1 55.1
5137 0.4 0 0 0 4937 0.2 0 0 0 150 61.5 55.1 55.1
5137 0.4 0 0 0 4937 0.2 0 0 0 180 61.0 54.5 54.5
5137 0.4 0 0 0 4937 0.2 10 0 0 0 60.6 52.8 52.8
5137 0.4 0 0 0 4937 0.2 10 0 0 30 61.0 53.2 53.2
5137 0.4 0 0 0 4937 0.2 10 0 0 60 61.4 53.7 53.7
5137 0.4 0 0 0 4937 0.2 10 0 0 90 61.6 54.4 54.4
5137 0.4 0 0 0 4937 0.2 10 0 0 120 61.7 54.8 54.8
5137 0.4 0 0 0 4937 0.2 10 0 0 150 61.5 55.0 55.0
5137 0.4 0 0 0 4937 0.2 10 0 0 180 61.0 54.4 54.4
5137 0.4 0 0 0 4937 0.2 20 0 0 0 60.5 51.7 51.7
5137 0.4 0 0 0 4937 0.2 20 0 0 30 60.9 52.2 52.2
5137 0.4 0 0 0 4937 0.2 20 0 0 60 61.2 52.8 52.8
5137 0.4 0 0 0 4937 0.2 20 0 0 90 61.4 53.5 53.5
5137 0.4 0 0 0 4937 0.2 20 0 0 120 61.5 54.1 54.1
5137 0.4 0 0 0 4937 0.2 20 0 0 150 61.3 54.4 54.4
5137 0.4 0 0 0 4937 0.2 20 0 0 180 60.8 53.8 53.8
5137 0.4 0 0 0 4937 0.2 30 0 0 0 60.1 49.9 49.9
5137 0.4 0 0 0 4937 0.2 30 0 0 30 60.6 50.5 50.5
5137 0.4 0 0 0 4937 0.2 30 0 0 60 60.9 51.2 51.2
5137 0.4 0 0 0 4937 0.2 30 0 0 90 61.1 52.1 52.1
5137 0.4 0 0 0 4937 0.2 30 0 0 120 61.2 52.8 52.8
5137 0.4 0 0 0 4937 0.2 30 0 0 150 60.9 53.0 53.0
5137 0.4 0 0 0 4937 0.2 30 0 0 180 60.4 52.2 52.2
5137 0.4 0 0 0 4937 0.2 40 0 0 0 59.6 49.9 49.9
5137 0.4 0 0 0 4937 0.2 40 0 0 30 60.1 50.4 50.4
5137 0.4 0 0 0 4937 0.2 40 0 0 60 60.4 51.1 51.1
5137 0.4 0 0 0 4937 0.2 40 0 0 90 60.7 52.0 52.0
5137 0.4 0 0 0 4937 0.2 40 0 0 120 60.7 52.7 52.7
5137 0.4 0 0 0 4937 0.2 40 0 0 150 60.4 53.0 53.0
5137 0.4 0 0 0 4937 0.2 40 0 0 180 59.9 52.4 52.4
5137 0.4 0 0 0 4937 0.2 50 0 0 0 58.9 50.2 50.2
5137 0.4 0 0 0 4937 0.2 50 0 0 30 59.3 50.7 50.7
5137 0.4 0 0 0 4937 0.2 50 0 0 60 59.7 51.4 51.4
5137 0.4 0 0 0 4937 0.2 50 0 0 90 59.9 52.3 52.3
5137 0.4 0 0 0 4937 0.2 50 0 0 120 60.0 53.0 53.0
5137 0.4 0 0 0 4937 0.2 50 0 0 150 59.7 53.5 53.5
5137 0.4 0 0 0 4937 0.2 50 0 0 180 59.1 53.1 53.1
5137 0.4 0 0 0 4937 0.2 60 0 0 0 57.5 51.6 51.6
5137 0.4 0 0 0 4937 0.2 60 0 0 30 57.9 51.9 51.9
5137 0.4 0 0 0 4937 0.2 60 0 0 60 58.3 52.4 52.4
5137 0.4 0 0 0 4937 0.2 60 0 0 90 58.6 53.1 53.1
5137 0.4 0 0 0 4937 0.2 60 0 0 120 58.6 53.7 53.7
5137 0.4 0 0 0 4937 0.2 60 0 0 150 58.5 53.9 53.9
5137 0.4 0 0 0 4937 0.2 60 0 0 180 57.9 53.7 53.7
5137 0.4 0 0 0 4937 0.3 0 0 0 0 60.0 52.0 52.0
5137 0.4 0 0 0 4937 0.3 0 0 0 30 60.4 52.4 52.4
5137 0.4 0 0 0 4937 0.3 0 0 0 60 60.6 52.9 52.9
5137 0.4 0 0 0 4937 0.3 0 0 0 90 60.9 53.5 53.5
5137 0.4 0 0 0 4937 0.3 0 0 0 120 61.0 54.0 54.0
5137 0.4 0 0 0 4937 0.3 0 0 0 150 60.7 54.2 54.2
5137 0.4 0 0 0 4937 0.3 0 0 0 180 60.1 53.4 53.4
5137 0.4 0 0 0 4937 0.3 10 0 0 0 59.9 51.6 51.6
5137 0.4 0 0 0 4937 0.3 10 0 0 30 60.3 52.0 52.0
5137 0.4 0 0 0 4937 0.3 10 0 0 60 60.6 52.5 52.5
5137 0.4 0 0 0 4937 0.3 10 0 0 90 60.8 53.1 53.1
5137 0.4 0 0 0 4937 0.3 10 0 0 120 60.9 53.7 53.7
5137 0.4 0 0 0 4937 0.3 10 0 0 150 60.7 54.1 54.1
5137 0.4 0 0 0 4937 0.3 10 0 0 180 60.1 53.5 53.5
5137 0.4 0 0 0 4937 0.3 20 0 0 0 59.8 50.3 50.3
5137 0.4 0 0 0 4937 0.3 20 0 0 30 60.1 50.8 50.8
5137 0.4 0 0 0 4937 0.3 20 0 0 60 60.4 51.3 51.3
5137 0.4 0 0 0 4937 0.3 20 0 0 90 60.6 52.0 52.0
5137 0.4 0 0 0 4937 0.3 20 0 0 120 60.7 52.8 52.8
5137 0.4 0 0 0 4937 0.3 20 0 0 150 60.5 53.5 53.5
5137 0.4 0 0 0 4937 0.3 20 0 0 180 59.9 53.0 53.0
5137 0.4 0 0 0 4937 0.3 30 0 0 0 59.4 48.9 48.9
5137 0.4 0 0 0 4937 0.3 30 0 0 30 59.8 49.4 49.4
5137 0.4 0 0 0 4937 0.3 30 0 0 60 60.1 50.0 50.0
5137 0.4 0 0 0 4937 0.3 30 0 0 90 60.3 50.8 50.8
5137 0.4 0 0 0 4937 0.3 30 0 0 120 60.4 51.8 51.8
5137 0.4 0 0 0 4937 0.3 30 0 0 150 60.2 52.4 52.4
5137 0.4 0 0 0 4937 0.3 30 0 0 180 59.5 51.4 51.4
5137 0.4 0 0 0 4937 0.3 40 0 0 0 58.9 48.9 48.9
5137 0.4 0 0 0 4937 0.3 40 0 0 30 59.2 49.4 49.4
5137 0.4 0 0 0 4937 0.3 40 0 0 60 59.6 50.0 50.0
5137 0.4 0 0 0 4937 0.3 40 0 0 90 59.8 50.8 50.8
5137 0.4 0 0 0 4937 0.3 40 0 0 120 59.9 51.7 51.7
5137 0.4 0 0 0 4937 0.3 40 0 0 150 59.7 52.3 52.3
5137 0.4 0 0 0 4937 0.3 40 0 0 180 59.0 51.7 51.7
5137 0.4 0 0 0 4937 0.3 50 0 0 0 58.0 49.3 49.3
5137 0.4 0 0 0 4937 0.3 50 0 0 30 58.4 49.7 49.7
5137 0.4 0 0 0 4937 0.3 50 0 0 60 58.7 50.2 50.2
5137 0.4 0 0 0 4937 0.3 50 0 0 90 59.0 50.9 50.9
5137 0.4 0 0 0 4937 0.3 50 0 0 120 59.2 51.9 51.9
5137 0.4 0 0 0 4937 0.3 50 0 0 150 59.0 52.6 52.6
5137 0.4 0 0 0 4937 0.3 50 0 0 180 58.2 52.4 52.4
5137 0.4 0 0 0 4937 0.3 60 0 0 0 56.5 50.7 50.7
5137 0.4 0 0 0 4937 0.3 60 0 0 30 56.9 50.9 50.9
5137 0.4 0 0 0 4937 0.3 60 0 0 60 57.3 51.3 51.3
5137 0.4 0 0 0 4937 0.3 60 0 0 90 57.6 51.8 51.8
5137 0.4 0 0 0 4937 0.3 60 0 0 120 57.7 52.5 52.5
5137 0.4 0 0 0 4937 0.3 60 0 0 150 57.6 53.0 53.0
5137 0.4 0 0 0 4937 0.3 60 0 0 180 57.1 52.9 52.9
5137 0.4 0 0 0 4937 0.4 0 0 0 0 59.3 50.9 50.9
5137 0.4 0 0 0 4937 0.4 0 0 0 30 59.6 51.3 51.3
5137 0.4 0 0 0 4937 0.4 0 0 0 60 59.9 51.6 51.6
5137 0.4 0 0 0 4937 0.4 0 0 0 90 60.1 52.2 52.2
5137 0.4 0 0 0 4937 0.4 0 0 0 120 60.2 52.8 52.8
5137 0.4 0 0 0 4937 0.4 0 0 0 150 60.0 53.2 53.2
5137 0.4 0 0 0 4937 0.4 0 0 0 180 59.2 52.3 52.3
5137 0.4 0 0 0 4937 0.4 10 0 0 0 59.3 50.4 50.4
5137 0.4 0 0 0 4937 0.4 10 0 0 30 59.5 50.8 50.8
5137 0.4 0 0 0 4937 0.4 10 0 0 60 59.8 51.1 51.1
5137 0.4 0 0 0 4937 0.4 10 0 0 90 60.0 51.7 51.7
5137 0.4 0 0 0 4937 0.4 10 0 0 120 60.2 52.5 52.5
5137 0.4 0 0 0 4937 0.4 10 0 0 150 60.0 53.1 53.1
5137 0.4 0 0 0 4937 0.4 10 0 0 180 59.1 52.4 52.4
5137 0.4 0 0 0 4937 0.4 20 0 0 0 59.0 48.5 48.5
5137 0.4 0 0 0 4937 0.4 20 0 0 30 59.3 48.9 48.9
5137 0.4 0 0 0 4937 0.4 20 0 0 60 59.6 49.3 49.3
5137 0.4 0 0 0 4937 0.4 20 0 0 90 59.8 50.0 50.0
5137 0.4 0 0 0 4937 0.4 20 0 0 120 60.0 51.1 51.1
5137 0.4 0 0 0 4937 0.4 20 0 0 150 59.8 52.2 52.2
5137 0.4 0 0 0 4937 0.4 20 0 0 180 58.9 51.7 51.7
5137 0.4 0 0 0 4937 0.4 30 0 0 0 58.7 48.0 48.0
5137 0.4 0 0 0 4937 0.4 30 0 0 30 59.0 48.5 48.5
5137 0.4 0 0 0 4937 0.4 30 0 0 60 59.2 49.0 49.0
5137 0.4 0 0 0 4937 0.4 30 0 0 90 59.5 49.8 49.8
5137 0.4 0 0 0 4937 0.4 30 0 0 120 59.7 50.8 50.8
5137 0.4 0 0 0 4937 0.4 30 0 0 150 59.5 51.7 51.7
5137 0.4 0 0 0 4937 0.4 30 0 0 180 58.5 50.9 50.9
5137 0.4 0 0 0 4937 0.4 40 0 0 0 58.1 48.1 48.1
5137 0.4 0 0 0 4937 0.4 40 0 0 30 58.4 48.5 48.5
5137 0.4 0 0 0 4937 0.4 40 0 0 60 58.7 49.0 49.0
5137 0.4 0 0 0 4937 0.4 40 0 0 90 59.0 49.7 49.7
5137 0.4 0 0 0 4937 0.4 40 0 0 120 59.2 50.7 50.7
5137 0.4 0 0 0 4937 0.4 40 0 0 150 59.0 51.6 51.6
5137 0.4 0 0 0 4937 0.4 40 0 0 180 58.0 51.2 51.2
5137 0.4 0 0 0 4937 0.4 50 0 0 0 57.2 48.7 48.7
5137 0.4 0 0 0 4937 0.4 50 0 0 30 57.5 49.0 49.0
5137 0.4 0 0 0 4937 0.4 50 0 0 60 57.8 49.3 49.3
5137 0.4 0 0 0 4937 0.4 50 0 0 90 58.1 49.8 49.8
5137 0.4 0 0 0 4937 0.4 50 0 0 120 58.4 50.7 50.7
5137 0.4 0 0 0 4937 0.4 50 0 0 150 58.3 51.7 51.7
5137 0.4 0 0 0 4937 0.4 50 0 0 180 57.3 51.6 51.6
5137 0.4 0 0 0 4937 0.4 60 0 0 0 55.3 49.7 49.7
5137 0.4 0 0 0 4937 0.4 60 0 0 30 55.6 50.0 50.0
5137 0.4 0 0 0 4937 0.4 60 0 0 60 55.9 50.2 50.2
5137 0.4 0 0 0 4937 0.4 60 0 0 90 56.3 50.7 50.7
5137 0.4 0 0 0 4937 0.4 60 0 0 120 56.5 51.4 51.4
5137 0.4 0 0 0 4937 0.4 60 0 0 150 56.5 52.0 52.0
5137 0.4 0 0 0 4937 0.4 60 0 0 180 56.1 52.0 52.0
5137 0.4 0 0 0 4937 0.5 0 0 0 0 58.7 49.6 49.6
5137 0.4 0 0 0 4937 0.5 0 0 0 30 58.9 49.8 49.8
5137 0.4 0 0 0 4937 0.5 0 0 0 60 59.1 50.2 50.2
5137 0.4 0 0 0 4937 0.5 0 0 0 90 59.3 50.7 50.7
5137 0.4 0 0 0 4937 0.5 0 0 0 120 59.5 51.4 51.4
5137 0.4 0 0 0 4937 0.5 0 0 0 150 59.4 52.0 52.0
5137 0.4 0 0 0 4937 0.5 0 0 0 180 58.2 50.9 50.9
5137 0.4 0 0 0 4937 0.5 10 0 0 0 58.6 48.8 48.8
5137 0.4 0 0 0 4937 0.5 10 0 0 30 58.8 49.1 49.1
5137 0.4 0 0 0 4937 0.5 10 0 0 60 59.0 49.4 49.4
5137 0.4 0 0 0 4937 0.5 10 0 0 90 59.2 49.9 49.9
5137 0.4 0 0 0 4937 0.5 10 0 0 120 59.4 50.6 50.6
5137 0.4 0 0 0 4937 0.5 10 0 0 150 59.3 51.6 51.6
5137 0.4 0 0 0 4937 0.5 10 0 0 180 58.2 51.0 51.0
5137 0.4 0 0 0 4937 0.5 20 0 0 0 58.3 47.5 47.5
5137 0.4 0 0 0 4937 0.5 20 0 0 30 58.5 47.9 47.9
5137 0.4 0 0 0 4937 0.5 20 0 0 60 58.8 48.3 48.3
5137 0.4 0 0 0 4937 0.5 20 0 0 90 59.0 49.0 49.0
5137 0.4 0 0 0 4937 0.5 20 0 0 120 59.3 50.0 50.0
5137 0.4 0 0 0 4937 0.5 20 0 0 150 59.1 51.3 51.3
5137 0.4 0 0 0 4937 0.5 20 0 0 180 58.0 50.6 50.6
5137 0.4 0 0 0 4937 0.5 30 0 0 0 57.9 47.5 47.5
5137 0.4 0 0 0 4937 0.5 30 0 0 30 58.2 47.9 47.9
5137 0.4 0 0 0 4937 0.5 30 0 0 60 58.4 48.4 48.4
5137 0.4 0 0 0 4937 0.5 30 0 0 90 58.6 48.9 48.9
5137 0.4 0 0 0 4937 0.5 30 0 0 120 58.9 49.9 49.9
5137 0.4 0 0 0 4937 0.5 30 0 0 150 58.8 51.1 51.1
5137 0.4 0 0 0 4937 0.5 30 0 0 180 57.6 50.4 50.4
5137 0.4 0 0 0 4937 0.5 40 0 0 0 57.3 47.7 47.7
5137 0.4 0 0 0 4937 0.5 40 0 0 30 57.5 47.9 47.9
5137 0.4 0 0 0 4937 0.5 40 0 0 60 57.8 48.3 48.3
5137 0.4 0 0 0 4937 0.5 40 0 0 90 58.1 48.8 48.8
5137 0.4 0 0 0 4937 0.5 40 0 0 120 58.4 49.8 49.8
5137 0.4 0 0 0 4937 0.5 40 0 0 150 58.3 50.9 50.9
5137 0.4 0 0 0 4937 0.5 40 0 0 180 57.1 50.6 50.6
5137 0.4 0 0 0 4937 0.5 50 0 0 0 56.2 48.2 48.2
5137 0.4 0 0 0 4937 0.5 50 0 0 30 56.5 48.4 48.4
5137 0.4 0 0 0 4937 0.5 50 0 0 60 56.7 48.6 48.6
5137 0.4 0 0 0 4937 0.5 50 0 0 90 57.1 49.0 49.0
5137 0.4 0 0 0 4937 0.5 50 0 0 120 57.5 49.7 49.7
5137 0.4 0 0 0 4937 0.5 50 0 0 150 57.5 50.8 50.8
5137 0.4 0 0 0 4937 0.5 50 0 0 180 56.3 50.8 50.8
5137 0.4 0 0 0 4937 0.5 60 0 0 0 54.2 49.0 49.0
5137 0.4 0 0 0 4937 0.5 60 0 0 30 54.5 49.1 49.1
5137 0.4 0 0 0 4937 0.5 60 0 0 60 54.8 49.3 49.3
5137 0.4 0 0 0 4937 0.5 60 0 0 90 55.2 49.7 49.7
5137 0.4 0 0 0 4937 0.5 60 0 0 120 55.7 50.3 50.3
5137 0.4 0 0 0 4937 0.5 60 0 0 150 55.6 51.0 51.0
5137 0.4 0 0 0 4937 0.5 60 0 0 180 55.1 51.0 51.0
5137 0.4 0 0 0 5137 0.0 0 0 0 0 47.4 42.5 42.5
5137 0.4 0 0 0 5137 0.0 0 0 0 30 50.0 44.9 44.9
5137 0.4 0 0 0 5137 0.0 0 0 0 60 57.3 52.0 52.0
5137 0.4 0 0 0 5137 0.0 0 0 0 90 65.6 59.1 59.1
5137 0.4 0 0 0 5137 0.0 0 0 0 120 71.5 64.0 64.0
5137 0.4 0 0 0 5137 0.0 0 0 0 150 75.7 66.9 66.9
5137 0.4 0 0 0 5137 0.0 0 0 0 180 77.3 67.5 67.5
5137 0.4 0 0 0 5137 0.0 10 0 0 0 47.4 42.5 42.5
5137 0.4 0 0 0 5137 0.0 10 0 0 30 49.9 44.9 44.9
5137 0.4 0 0 0 5137 0.0 10 0 0 60 57.2 51.8 51.8
5137 0.4 0 0 0 5137 0.0 10 0 0 90 65.5 58.4 58.4
5137 0.4 0 0 0 5137 0.0 10 0 0 120 71.5 62.9 62.9
5137 0.4 0 0 0 5137 0.0 10 0 0 150 75.6 65.9 65.9
5137 0.4 0 0 0 5137 0.0 10 0 0 180 77.2 67.2 67.2
5137 0.4 0 0 0 5137 0.0 20 0 0 0 47.2 42.4 42.4
5137 0.4 0 0 0 5137 0.0 20 0 0 30 49.7 45.3 45.3
5137 0.4 0 0 0 5137 0.0 20 0 0 60 57.0 51.2 51.2
5137 0.4 0 0 0 5137 0.0 20 0 0 90 65.3 56.9 56.9
5137 0.4 0 0 0 5137 0.0 20 0 0 120 71.4 61.0 61.0
5137 0.4 0 0 0 5137 0.0 20 0 0 150 75.4 64.0 64.0
5137 0.4 0 0 0 5137 0.0 20 0 0 180 76.9 65.9 65.9
5137 0.4 0 0 0 5137 0.0 30 0 0 0 47.0 42.5 42.5
5137 0.4 0 0 0 5137 0.0 30 0 0 30 49.4 45.8 45.8
5137 0.4 0 0 0 5137 0.0 30 0 0 60 56.6 50.4 50.4
5137 0.4 0 0 0 5137 0.0 30 0 0 90 64.9 53.5 53.5
5137 0.4 0 0 0 5137 0.0 30 0 0 120 71.1 57.0 57.0
5137 0.4 0 0 0 5137 0.0 30 0 0 150 75.0 60.0 60.0
5137 0.4 0 0 0 5137 0.0 30 0 0 180 76.4 62.3 62.3
5137 0.4 0 0 0 5137 0.0 40 0 0 0 46.6 43.0 43.0
5137 0.4 0 0 0 5137 0.0 40 0 0 30 49.0 46.3 46.3
5137 0.4 0 0 0 5137 0.0 40 0 0 60 56.1 50.2 50.2
5137 0.4 0 0 0 5137 0.0 40 0 0 90 64.4 53.0 53.0
5137 0.4 0 0 0 5137 0.0 40 0 0 120 70.6 56.0 56.0
5137 0.4 0 0 0 5137 0.0 40 0 0 150 74.3 58.9 58.9
5137 0.4 0 0 0 5137 0.0 40 0 0 180 75.7 61.4 61.4
5137 0.4 0 0 0 5137 0.0 50 0 0 0 46.1 44.3 44.3
5137 0.4 0 0 0 5137 0.0 50 0 0 30 48.5 47.1 47.1
5137 0.4 0 0 0 5137 0.0 50 0 0 60 55.4 50.5 50.5
5137 0.4 0 0 0 5137 0.0 50 0 0 90 63.7 53.1 53.1
5137 0.4 0 0 0 5137 0.0 50 0 0 120 69.8 56.0 56.0
5137 0.4 0 0 0 5137 0.0 50 0 0 150 73.2 58.8 58.8
5137 0.4 0 0 0 5137 0.0 50 0 0 180 74.5 61.4 61.4
5137 0.4 0 0 0 5137 0.0 60 0 0 0 45.5 46.4 46.4
5137 0.4 0 0 0 5137 0.0 60 0 0 30 47.8 48.5 48.5
5137 0.4 0 0 0 5137 0.0 60 0 0 60 54.3 51.3 51.3
5137 0.4 0 0 0 5137 0.0 60 0 0 90 62.6 53.9 53.9
5137 0.4 0 0 0 5137 0.0 60 0 0 120 68.2 56.6 56.6
5137 0.4 0 0 0 5137 0.0 60 0 0 150 71.3 59.4 59.4
5137 0.4 0 0 0 5137 0.0 60 0 0 180 72.5 62.1 62.1
5137 0.4 0 0 0 5137 0.1 0 0 0 0 45.4 40.3 40.3
5137 0.4 0 0 0 5137 0.1 0 0 0 30 47.9 42.7 42.7
5137 0.4 0 0 0 5137 0.1 0 0 0 60 54.7 49.3 49.3
5137 0.4 0 0 0 5137 0.1 0 0 0 90 62.5 56.1 56.1
5137 0.4 0 0 0 5137 0.1 0 0 0 120 69.0 61.5 61.5
5137 0.4 0 0 0 5137 0.1 0 0 0 150 74.0 65.5 65.5
5137 0.4 0 0 0 5137 0.1 0 0 0 180 76.0 67.1 67.1
5137 0.4 0 0 0 5137 0.1 10 0 0 0 45.3 40.3 40.3
5137 0.4 0 0 0 5137 0.1 10 0 0 30 47.8 42.8 42.8
5137 0.4 0 0 0 5137 0.1 10 0 0 60 54.6 49.0 49.0
5137 0.4 0 0 0 5137 0.1 10 0 0 90 62.4 55.4 55.4
5137 0.4 0 0 0 5137 0.1 10 0 0 120 68.9 60.4 60.4
5137 0.4 0 0 0 5137 0.1 10 0 0 150 74.0 64.4 64.4
5137 0.4 0 0 0 5137 0.1 10 0 0 180 75.9 66.9 66.9
5137 0.4 0 0 0 5137 0.1 20 0 0 0 45.2 40.4 40.4
5137 0.4 0 0 0 5137 0.1 20 0 0 30 47.6 43.3 43.3
5137 0.4 0 0 0 5137 0.1 20 0 0 60 54.3 48.4 48.4
5137 0.4 0 0 0 5137 0.1 20 0 0 90 62.1 54.0 54.0
5137 0.4 0 0 0 5137 0.1 20 0 0 120 68.8 58.5 58.5
5137 0.4 0 0 0 5137 0.1 20 0 0 150 73.8 62.3 62.3
5137 0.4 0 0 0 5137 0.1 20 0 0 180 75.7 65.2 65.2
5137 0.4 0 0 0 5137 0.1 30 0 0 0 44.9 40.8 40.8
5137 0.4 0 0 0 5137 0.1 30 0 0 30 47.2 43.7 43.7
5137 0.4 0 0 0 5137 0.1 30 0 0 60 54.0 47.5 47.5
5137 0.4 0 0 0 5137 0.1 30 0 0 90 61.8 50.7 50.7
5137 0.4 0 0 0 5137 0.1 30 0 0 120 68.5 54.6 54.6
5137 0.4 0 0 0 5137 0.1 30 0 0 150 73.4 58.3 58.3
5137 0.4 0 0 0 5137 0.1 30 0 0 180 75.2 61.4 61.4
5137 0.4 0 0 0 5137 0.1 40 0 0 0 44.5 41.7 41.7
5137 0.4 0 0 0 5137 0.1 40 0 0 30 46.8 44.3 44.3
5137 0.4 0 0 0 5137 0.1 40 0 0 60 53.4 47.5 47.5
5137 0.4 0 0 0 5137 0.1 40 0 0 90 61.2 50.2 50.2
5137 0.4 0 0 0 5137 0.1 40 0 0 120 68.0 53.6 53.6
5137 0.4 0 0 0 5137 0.1 40 0 0 150 72.7 57.2 57.2
5137 0.4 0 0 0 5137 0.1 40 0 0 180 74.5 60.4 60.4
5137 0.4 0 0 0 5137 0.1 50 0 0 0 43.9 43.3 43.3
5137 0.4 0 0 0 5137 0.1 50 0 0 30 46.3 45.1 45.1
5137 0.4 0 0 0 5137 0.1 50 0 0 60 52.7 47.8 47.8
5137 0.4 0 0 0 5137 0.1 50 0 0 90 60.5 50.4 50.4
5137 0.4 0 0 0 5137 0.1 50 0 0 120 67.3 53.6 53.6
5137 0.4 0 0 0 5137 0.1 50 0 0 150 71.6 57.1 57.1
5137 0.4 0 0 0 5137 0.1 50 0 0 180 73.2 60.4 60.4
5137 0.4 0 0 0 5137 0.1 60 0 0 0 43.5 45.5 45.5
5137 0.4 0 0 0 5137 0.1 60 0 0 30 45.6 46.9 46.9
5137 0.4 0 0 0 5137 0.1 60 0 0 60 51.6 49.0 49.0
5137 0.4 0 0 0 5137 0.1 60 0 0 90 59.4 51.2 51.2
5137 0.4 0 0 0 5137 0.1 60 0 0 120 65.9 54.1 54.1
5137 0.4 0 0 0 5137 0.1 60 0 0 150 69.8 57.5 57.5
5137 0.4 0 0 0 5137 0.1 60 0 0 180 71.2 60.9 60.9
5137 0.4 0 0 0 5137 0.2 0 0 0 0 43.4 38.2 38.2
5137 0.4 0 0 0 5137 0.2 0 0 0 30 46.2 40.7 40.7
5137 0.4 0 0 0 5137 0.2 0 0 0 60 52.3 46.7 46.7
5137 0.4 0 0 0 5137 0.2 0 0 0 90 59.4 53.1 53.1
5137 0.4 0 0 0 5137 0.2 0 0 0 120 66.2 58.7 58.7
5137 0.4 0 0 0 5137 0.2 0 0 0 150 72.1 63.7 63.7
5137 0.4 0 0 0 5137 0.2 0 0 0 180 74.4 66.2 66.2
5137 0.4 0 0 0 5137 0.2 10 0 0 0 43.3 38.3 38.3
5137 0.4 0 0 0 5137 0.2 10 0 0 30 46.1 40.9 40.9
5137 0.4 0 0 0 5137 0.2 10 0 0 60 52.1 46.5 46.5
5137 0.4 0 0 0 5137 0.2 10 0 0 90 59.2 52.4 52.4
5137 0.4 0 0 0 5137 0.2 10 0 0 120 66.1 57.7 57.7
5137 0.4 0 0 0 5137 0.2 10 0 0 150 72.1 62.5 62.5
5137 0.4 0 0 0 5137 0.2 10 0 0 180 74.3 66.0 66.0
5137 0.4 0 0 0 5137 0.2 20 0 0 0 43.1 38.7 38.7
5137 0.4 0 0 0 5137 0.2 20 0 0 30 45.9 41.3 41.3
5137 0.4 0 0 0 5137 0.2 20 0 0 60 51.9 45.8 45.8
5137 0.4 0 0 0 5137 0.2 20 0 0 90 59.0 51.0 51.0
5137 0.4 0 0 0 5137 0.2 20 0 0 120 66.0 55.8 55.8
5137 0.4 0 0 0 5137 0.2 20 0 0 150 71.9 60.4 60.4
5137 0.4 0 0 0 5137 0.2 20 0 0 180 74.1 64.3 64.3
5137 0.4 0 0 0 5137 0.2 30 0 0 0 42.8 39.4 39.4
5137 0.4 0 0 0 5137 0.2 30 0 0 30 45.5 41.8 41.8
5137 0.4 0 0 0 5137 0.2 30 0 0 60 51.5 44.8 44.8
5137 0.4 0 0 0 5137 0.2 30 0 0 90 58.6 47.9 47.9
5137 0.4 0 0 0 5137 0.2 30 0 0 120 65.7 52.1 52.1
5137 0.4 0 0 0 5137 0.2 30 0 0 150 71.5 56.5 56.5
5137 0.4 0 0 0 5137 0.2 30 0 0 180 73.6 60.5 60.5
5137 0.4 0 0 0 5137 0.2 40 0 0 0 42.4 40.8 40.8
5137 0.4 0 0 0 5137 0.2 40 0 0 30 45.0 42.3 42.3
5137 0.4 0 0 0 5137 0.2 40 0 0 60 51.0 44.9 44.9
5137 0.4 0 0 0 5137 0.2 40 0 0 90 58.1 47.5 47.5
5137 0.4 0 0 0 5137 0.2 40 0 0 120 65.2 51.2 51.2
5137 0.4 0 0 0 5137 0.2 40 0 0 150 70.8 55.5 55.5
5137 0.4 0 0 0 5137 0.2 40 0 0 180 72.8 59.6 59.6
5137 0.4 0 0 0 5137 0.2 50 0 0 0 41.9 42.5 42.5
5137 0.4 0 0 0 5137 0.2 50 0 0 30 44.4 43.5 43.5
5137 0.4 0 0 0 5137 0.2 50 0 0 60 50.3 45.4 45.4
5137 0.4 0 0 0 5137 0.2 50 0 0 90 57.4 47.8 47.8
5137 0.4 0 0 0 5137 0.2 50 0 0 120 64.5 51.2 51.2
5137 0.4 0 0 0 5137 0.2 50 0 0 150 69.8 55.3 55.3
5137 0.4 0 0 0 5137 0.2 50 0 0 180 71.6 59.4 59.4
5137 0.4 0 0 0 5137 0.2 60 0 0 0 41.9 44.7 44.7
5137 0.4 0 0 0 5137 0.2 60 0 0 30 43.8 45.5 45.5
5137 0.4 0 0 0 5137 0.2 60 0 0 60 49.2 46.9 46.9
5137 0.4 0 0 0 5137 0.2 60 0 0 90 56.3 48.7 48.7
5137 0.4 0 0 0 5137 0.2 60 0 0 120 63.2 51.6 51.6
5137 0.4 0 0 0 5137 0.2 60 0 0 150 68.0 55.6 55.6
5137 0.4 0 0 0 5137 0.2 60 0 0 180 69.6 59.8 59.8
5137 0.4 0 0 0 5137 0.3 0 0 0 0 41.4 36.1 36.1
5137 0.4 0 0 0 5137 0.3 0 0 0 30 45.1 39.4 39.4
5137 0.4 0 0 0 5137 0.3 0 0 0 60 50.0 44.4 44.4
5137 0.4 0 0 0 5137 0.3 0 0 0 90 56.3 50.0 50.0
5137 0.4 0 0 0 5137 0.3 0 0 0 120 63.2 55.7 55.7
5137 0.4 0 0 0 5137 0.3 0 0 0 150 70.0 61.6 61.6
5137 0.4 0 0 0 5137 0.3 0 0 0 180 72.7 64.6 64.6
5137 0.4 0 0 0 5137 0.3 10 0 0 0 41.4 36.5 36.5
5137 0.4 0 0 0 5137 0.3 10 0 0 30 45.0 39.3 39.3
5137 0.4 0 0 0 5137 0.3 10 0 0 60 49.9 44.1 44.1
5137 0.4 0 0 0 5137 0.3 10 0 0 90 56.2 49.4 49.4
5137 0.4 0 0 0 5137 0.3 10 0 0 120 63.2 54.8 54.8
5137 0.4 0 0 0 5137 0.3 10 0 0 150 70.0 60.4 60.4
5137 0.4 0 0 0 5137 0.3 10 0 0 180 72.6 64.4 64.4
5137 0.4 0 0 0 5137 0.3 20 0 0 0 41.2 37.3 37.3
5137 0.4 0 0 0 5137 0.3 20 0 0 30 44.7 39.5 39.5
5137 0.4 0 0 0 5137 0.3 20 0 0 60 49.7 43.3 43.3
5137 0.4 0 0 0 5137 0.3 20 0 0 90 55.9 47.9 47.9
5137 0.4 0 0 0 5137 0.3 20 0 0 120 63.0 52.8 52.8
5137 0.4 0 0 0 5137 0.3 20 0 0 150 69.8 58.2 58.2
5137 0.4 0 0 0 5137 0.3 20 0 0 180 72.3 63.0 63.0
5137 0.4 0 0 0 5137 0.3 30 0 0 0 40.9 38.7 38.7
5137 0.4 0 0 0 5137 0.3 30 0 0 30 44.4 39.8 39.8
5137 0.4 0 0 0 5137 0.3 30 0 0 60 49.3 42.2 42.2
5137 0.4 0 0 0 5137 0.3 30 0 0 90 55.6 45.2 45.2
5137 0.4 0 0 0 5137 0.3 30 0 0 120 62.7 49.6 49.6
5137 0.4 0 0 0 5137 0.3 30 0 0 150 69.4 54.8 54.8
5137 0.4 0 0 0 5137 0.3 30 0 0 180 71.8 59.9 59.9
5137 0.4 0 0 0 5137 0.3 40 0 0 0 40.6 40.3 40.3
5137 0.4 0 0 0 5137 0.3 40 0 0 30 43.8 40.9 40.9
5137 0.4 0 0 0 5137 0.3 40 0 0 60 48.8 42.4 42.4
5137 0.4 0 0 0 5137 0.3 40 0 0 90 55.1 45.0 45.0
5137 0.4 0 0 0 5137 0.3 40 0 0 120 62.2 48.8 48.8
5137 0.4 0 0 0 5137 0.3 40 0 0 150 68.7 53.7 53.7
5137 0.4 0 0 0 5137 0.3 40 0 0 180 71.0 58.9 58.9
5137 0.4 0 0 0 5137 0.3 50 0 0 0 40.7 42.0 42.0
5137 0.4 0 0 0 5137 0.3 50 0 0 30 43.1 42.3 42.3
5137 0.4 0 0 0 5137 0.3 50 0 0 60 48.1 43.4 43.4
5137 0.4 0 0 0 5137 0.3 50 0 0 90 54.3 45.2 45.2
5137 0.4 0 0 0 5137 0.3 50 0 0 120 61.4 48.7 48.7
5137 0.4 0 0 0 5137 0.3 50 0 0 150 67.7 53.4 53.4
5137 0.4 0 0 0 5137 0.3 50 0 0 180 69.8 58.6 58.6
5137 0.4 0 0 0 5137 0.3 60 0 0 0 41.0 43.9 43.9
5137 0.4 0 0 0 5137 0.3 60 0 0 30 42.7 44.2 44.2
5137 0.4 0 0 0 5137 0.3 60 0 0 60 47.1 45.1 45.1
5137 0.4 0 0 0 5137 0.3 60 0 0 90 53.2 46.5 46.5
5137 0.4 0 0 0 5137 0.3 60 0 0 120 60.2 49.1 49.1
5137 0.4 0 0 0 5137 0.3 60 0 0 150 65.9 53.5 53.5
5137 0.4 0 0 0 5137 0.3 60 0 0 180 67.7 58.7 58.7
5137 0.4 0 0 0 5137 0.4 0 0 0 0 40.7 34.9 34.9
5137 0.4 0 0 0 5137 0.4 0 0 0 30 44.1 38.3 38.3
5137 0.4 0 0 0 5137 0.4 0 0 0 60 48.0 42.2 42.2
5137 0.4 0 0 0 5137 0.4 0 0 0 90 53.4 47.0 47.0
5137 0.4 0 0 0 5137 0.4 0 0 0 120 60.1 52.5 52.5
5137 0.4 0 0 0 5137 0.4 0 0 0 150 67.7 59.1 59.1
5137 0.4 0 0 0 5137 0.4 0 0 0 180 70.8 62.7 62.7
5137 0.4 0 0 0 5137 0.4 10 0 0 0 40.6 35.4 35.4
5137 0.4 0 0 0 5137 0.4 10 0 0 30 44.0 38.0 38.0
5137 0.4 0 0 0 5137 0.4 10 0 0 60 47.9 42.0 42.0
5137 0.4 0 0 0 5137 0.4 10 0 0 90 53.2 46.4 46.4
5137 0.4 0 0 0 5137 0.4 10 0 0 120 60.0 51.6 51.6
5137 0.4 0 0 0 5137 0.4 10 0 0 150 67.6 58.0 58.0
5137 0.4 0 0 0 5137 0.4 10 0 0 180 70.7 62.5 62.5
5137 0.4 0 0 0 5137 0.4 20 0 0 0 40.4 36.8 36.8
5137 0.4 0 0 0 5137 0.4 20 0 0 30 43.8 37.6 37.6
5137 0.4 0 0 0 5137 0.4 20 0 0 60 47.7 40.6 40.6
5137 0.4 0 0 0 5137 0.4 20 0 0 90 53.0 44.4 44.4
5137 0.4 0 0 0 5137 0.4 20 0 0 120 59.8 49.2 49.2
5137 0.4 0 0 0 5137 0.4 20 0 0 150 67.4 55.4 55.4
5137 0.4 0 0 0 5137 0.4 20 0 0 180 70.4 60.8 60.8
5137 0.4 0 0 0 5137 0.4 30 0 0 0 40.1 38.3 38.3
5137 0.4 0 0 0 5137 0.4 30 0 0 30 43.4 38.6 38.6
5137 0.4 0 0 0 5137 0.4 30 0 0 60 47.3 39.9 39.9
5137 0.4 0 0 0 5137 0.4 30 0 0 90 52.6 42.7 42.7
5137 0.4 0 0 0 5137 0.4 30 0 0 120 59.5 47.1 47.1
5137 0.4 0 0 0 5137 0.4 30 0 0 150 67.0 53.0 53.0
5137 0.4 0 0 0 5137 0.4 30 0 0 180 69.9 58.9 58.9
5137 0.4 0 0 0 5137 0.4 40 0 0 0 40.1 39.8 39.8
5137 0.4 0 0 0 5137 0.4 40 0 0 30 42.9 40.0 40.0
5137 0.4 0 0 0 5137 0.4 40 0 0 60 46.8 40.7 40.7
5137 0.4 0 0 0 5137 0.4 40 0 0 90 52.1 42.5 42.5
5137 0.4 0 0 0 5137 0.4 40 0 0 120 58.9 46.3 46.3
5137 0.4 0 0 0 5137 0.4 40 0 0 150 66.3 51.9 51.9
5137 0.4 0 0 0 5137 0.4 40 0 0 180 69.0 58.3 58.3
5137 0.4 0 0 0 5137 0.4 50 0 0 0 40.4 41.4 41.4
5137 0.4 0 0 0 5137 0.4 50 0 0 30 42.6 41.5 41.5
5137 0.4 0 0 0 5137 0.4 50 0 0 60 46.1 42.0 42.0
5137 0.4 0 0 0 5137 0.4 50 0 0 90 51.4 43.2 43.2
5137 0.4 0 0 0 5137 0.4 50 0 0 120 58.2 46.2 46.2
5137 0.4 0 0 0 5137 0.4 50 0 0 150 65.3 51.5 51.5
5137 0.4 0 0 0 5137 0.4 50 0 0 180 67.8 57.8 57.8
5137 0.4 0 0 0 5137 0.4 60 0 0 0 40.9 43.1 43.1
5137 0.4 0 0 0 5137 0.4 60 0 0 30 42.4 43.1 43.1
5137 0.4 0 0 0 5137 0.4 60 0 0 60 45.7 43.6 43.6
5137 0.4 0 0 0 5137 0.4 60 0 0 90 50.4 44.6 44.6
5137 0.4 0 0 0 5137 0.4 60 0 0 120 56.8 46.8 46.8
5137 0.4 0 0 0 5137 0.4 60 0 0 150 63.3 51.4 51.4
5137 0.4 0 0 0 5137 0.4 60 0 0 180 65.5 57.8 57.8
5137 0.4 0 0 0 5137 0.5 0 0 0 0 41.5 35.5 35.5
5137 0.4 0 0 0 5137 0.5 0 0 0 30 43.3 37.2 37.2
5137 0.4 0 0 0 5137 0.5 0 0 0 60 46.3 40.1 40.1
5137 0.4 0 0 0 5137 0.5 0 0 0 90 50.6 43.9 43.9
5137 0.4 0 0 0 5137 0.5 0 0 0 120 56.7 49.0 49.0
5137 0.4 0 0 0 5137 0.5 0 0 0 150 65.0 56.2 56.2
5137 0.4 0 0 0 5137 0.5 0 0 0 180 68.8 60.5 60.5
5137 0.4 0 0 0 5137 0.5 10 0 0 0 41.5 35.6 35.6
5137 0.4 0 0 0 5137 0.5 10 0 0 30 43.2 37.1 37.1
5137 0.4 0 0 0 5137 0.5 10 0 0 60 46.2 39.8 39.8
5137 0.4 0 0 0 5137 0.5 10 0 0 90 50.5 43.1 43.1
5137 0.4 0 0 0 5137 0.5 10 0 0 120 56.7 48.0 48.0
5137 0.4 0 0 0 5137 0.5 10 0 0 150 64.9 55.0 55.0
5137 0.4 0 0 0 5137 0.5 10 0 0 180 68.7 60.2 60.2
5137 0.4 0 0 0 5137 0.5 20 0 0 0 41.5 36.6 36.6
5137 0.4 0 0 0 5137 0.5 20 0 0 30 43.0 37.0 37.0
5137 0.4 0 0 0 5137 0.5 20 0 0 60 45.9 38.5 38.5
5137 0.4 0 0 0 5137 0.5 20 0 0 90 50.2 41.4 41.4
5137 0.4 0 0 0 5137 0.5 20 0 0 120 56.5 45.9 45.9
5137 0.4 0 0 0 5137 0.5 20 0 0 150 64.7 52.6 52.6
5137 0.4 0 0 0 5137 0.5 20 0 0 180 68.4 58.7 58.7
5137 0.4 0 0 0 5137 0.5 30 0 0 0 41.5 38.0 38.0
5137 0.4 0 0 0 5137 0.5 30 0 0 30 42.9 38.0 38.0
5137 0.4 0 0 0 5137 0.5 30 0 0 60 45.5 38.8 38.8
5137 0.4 0 0 0 5137 0.5 30 0 0 90 49.8 40.6 40.6
5137 0.4 0 0 0 5137 0.5 30 0 0 120 56.1 44.6 44.6
5137 0.4 0 0 0 5137 0.5 30 0 0 150 64.2 51.0 51.0
5137 0.4 0 0 0 5137 0.5 30 0 0 180 67.8 57.8 57.8
5137 0.4 0 0 0 5137 0.5 40 0 0 0 41.5 39.3 39.3
5137 0.4 0 0 0 5137 0.5 40 0 0 30 42.8 39.3 39.3
5137 0.4 0 0 0 5137 0.5 40 0 0 60 45.2 39.7 39.7
5137 0.4 0 0 0 5137 0.5 40 0 0 90 49.3 40.9 40.9
5137 0.4 0 0 0 5137 0.5 40 0 0 120 55.5 43.9 43.9
5137 0.4 0 0 0 5137 0.5 40 0 0 150 63.5 50.1 50.1
5137 0.4 0 0 0 5137 0.5 40 0 0 180 66.9 57.3 57.3
5137 0.4 0 0 0 5137 0.5 50 0 0 0 41.8 40.7 40.7
5137 0.4 0 0 0 5137 0.5 50 0 0 30 42.8 40.7 40.7
5137 0.4 0 0 0 5137 0.5 50 0 0 60 45.0 40.9 40.9
5137 0.4 0 0 0 5137 0.5 50 0 0 90 48.7 41.8 41.8
5137 0.4 0 0 0 5137 0.5 50 0 0 120 54.7 44.0 44.0
5137 0.4 0 0 0 5137 0.5 50 0 0 150 62.4 49.5 49.5
5137 0.4 0 0 0 5137 0.5 50 0 0 180 65.6 57.0 57.0
5137 0.4 0 0 0 5137 0.5 60 0 0 0 42.2 42.1 42.1
5137 0.4 0 0 0 5137 0.5 60 0 0 30 42.9 42.1 42.1
5137 0.4 0 0 0 5137 0.5 60 0 0 60 44.9 42.3 42.3
5137 0.4 0 0 0 5137 0.5 60 0 0 90 48.4 43.0 43.0
5137 0.4 0 0 0 5137 0.5 60 0 0 120 53.5 44.8 44.8
5137 0.4 0 0 0 5137 0.5 60 0 0 150 60.3 49.3 49.3
5137 0.4 0 0 0 5137 0.5 60 0 0 180 63.0 56.8 56.8
