5137 0.5 0 0 0 4737 0.0 0 0 0 0 61.9 54.6 54.6
5137 0.5 0 0 0 4737 0.0 0 0 0 30 62.1 54.7 54.7
5137 0.5 0 0 0 4737 0.0 0 0 0 60 62.2 54.8 54.8
5137 0.5 0 0 0 4737 0.0 0 0 0 90 62.3 55.0 55.0
5137 0.5 0 0 0 4737 0.0 0 0 0 120 62.3 55.2 55.2
5137 0.5 0 0 0 4737 0.0 0 0 0 150 62.2 55.3 55.3
5137 0.5 0 0 0 4737 0.0 0 0 0 180 62.2 55.3 55.3
5137 0.5 0 0 0 4737 0.0 10 0 0 0 61.8 54.4 54.4
5137 0.5 0 0 0 4737 0.0 10 0 0 30 62.1 54.5 54.5
5137 0.5 0 0 0 4737 0.0 10 0 0 60 62.1 54.6 54.6
5137 0.5 0 0 0 4737 0.0 10 0 0 90 62.3 54.7 54.7
5137 0.5 0 0 0 4737 0.0 10 0 0 120 62.2 55.0 55.0
5137 0.5 0 0 0 4737 0.0 10 0 0 150 62.2 55.2 55.2
5137 0.5 0 0 0 4737 0.0 10 0 0 180 62.1 55.1 55.1
5137 0.5 0 0 0 4737 0.0 20 0 0 0 61.6 53.5 53.5
5137 0.5 0 0 0 4737 0.0 20 0 0 30 61.9 53.6 53.6
5137 0.5 0 0 0 4737 0.0 20 0 0 60 61.9 53.7 53.7
5137 0.5 0 0 0 4737 0.0 20 0 0 90 62.1 53.9 53.9
5137 0.5 0 0 0 4737 0.0 20 0 0 120 62.1 54.0 54.0
5137 0.5 0 0 0 4737 0.0 20 0 0 150 62.0 54.3 54.3
5137 0.5 0 0 0 4737 0.0 20 0 0 180 62.0 54.2 54.2
5137 0.5 0 0 0 4737 0.0 30 0 0 0 61.3 51.5 51.5
5137 0.5 0 0 0 4737 0.0 30 0 0 30 61.5 51.5 51.5
5137 0.5 0 0 0 4737 0.0 30 0 0 60 61.6 51.5 51.5
5137 0.5 0 0 0 4737 0.0 30 0 0 90 61.7 51.8 51.8
5137 0.5 0 0 0 4737 0.0 30 0 0 120 61.7 52.0 52.0
5137 0.5 0 0 0 4737 0.0 30 0 0 150 61.7 52.3 52.3
5137 0.5 0 0 0 4737 0.0 30 0 0 180 61.6 52.5 52.5
5137 0.5 0 0 0 4737 0.0 40 0 0 0 60.8 51.5 51.5
5137 0.5 0 0 0 4737 0.0 40 0 0 30 61.0 51.5 51.5
5137 0.5 0 0 0 4737 0.0 40 0 0 60 61.2 51.5 51.5
5137 0.5 0 0 0 4737 0.0 40 0 0 90 61.2 51.7 51.7
5137 0.5 0 0 0 4737 0.0 40 0 0 120 61.2 52.0 52.0
5137 0.5 0 0 0 4737 0.0 40 0 0 150 61.1 52.3 52.3
5137 0.5 0 0 0 4737 0.0 40 0 0 180 61.1 52.3 52.3
5137 0.5 0 0 0 4737 0.0 50 0 0 0 60.1 52.2 52.2
5137 0.5 0 0 0 4737 0.0 50 0 0 30 60.2 52.2 52.2
5137 0.5 0 0 0 4737 0.0 50 0 0 60 60.4 52.3 52.3
5137 0.5 0 0 0 4737 0.0 50 0 0 90 60.4 52.4 52.4
5137 0.5 0 0 0 4737 0.0 50 0 0 120 60.4 52.6 52.6
5137 0.5 0 0 0 4737 0.0 50 0 0 150 60.3 52.8 52.8
5137 0.5 0 0 0 4737 0.0 50 0 0 180 60.3 52.8 52.8
5137 0.5 0 0 0 4737 0.0 60 0 0 0 58.8 53.2 53.2
5137 0.5 0 0 0 4737 0.0 60 0 0 30 59.0 53.4 53.4
5137 0.5 0 0 0 4737 0.0 60 0 0 60 59.0 53.6 53.6
5137 0.5 0 0 0 4737 0.0 60 0 0 90 59.1 53.7 53.7
5137 0.5 0 0 0 4737 0.0 60 0 0 120 59.1 54.0 54.0
5137 0.5 0 0 0 4737 0.0 60 0 0 150 58.9 54.1 54.1
5137 0.5 0 0 0 4737 0.0 60 0 0 180 58.9 54.0 54.0
5137 0.5 0 0 0 4737 0.1 0 0 0 0 60.9 53.3 53.3
5137 0.5 0 0 0 4737 0.1 0 0 0 30 61.0 53.5 53.5
5137 0.5 0 0 0 4737 0.1 0 0 0 60 61.2 53.5 53.5
5137 0.5 0 0 0 4737 0.1 0 0 0 90 61.3 53.7 53.7
5137 0.5 0 0 0 4737 0.1 0 0 0 120 61.3 53.9 53.9
5137 0.5 0 0 0 4737 0.1 0 0 0 150 61.2 54.1 54.1
5137 0.5 0 0 0 4737 0.1 0 0 0 180 61.2 54.1 54.1
5137 0.5 0 0 0 4737 0.1 10 0 0 0 60.9 53.2 53.2
5137 0.5 0 0 0 4737 0.1 10 0 0 30 61.0 53.2 53.2
5137 0.5 0 0 0 4737 0.1 10 0 0 60 61.1 53.4 53.4
5137 0.5 0 0 0 4737 0.1 10 0 0 90 61.2 53.4 53.4
5137 0.5 0 0 0 4737 0.1 10 0 0 120 61.2 53.8 53.8
5137 0.5 0 0 0 4737 0.1 10 0 0 150 61.1 54.0 54.0
5137 0.5 0 0 0 4737 0.1 10 0 0 180 61.1 53.9 53.9
5137 0.5 0 0 0 4737 0.1 20 0 0 0 60.7 52.3 52.3
5137 0.5 0 0 0 4737 0.1 20 0 0 30 60.8 52.3 52.3
5137 0.5 0 0 0 4737 0.1 20 0 0 60 60.9 52.5 52.5
5137 0.5 0 0 0 4737 0.1 20 0 0 90 61.0 52.5 52.5
5137 0.5 0 0 0 4737 0.1 20 0 0 120 61.0 52.7 52.7
5137 0.5 0 0 0 4737 0.1 20 0 0 150 60.9 53.1 53.1
5137 0.5 0 0 0 4737 0.1 20 0 0 180 60.9 53.1 53.1
5137 0.5 0 0 0 4737 0.1 30 0 0 0 60.3 50.6 50.6
5137 0.5 0 0 0 4737 0.1 30 0 0 30 60.4 50.4 50.4
5137 0.5 0 0 0 4737 0.1 30 0 0 60 60.6 50.5 50.5
5137 0.5 0 0 0 4737 0.1 30 0 0 90 60.7 50.5 50.5
5137 0.5 0 0 0 4737 0.1 30 0 0 120 60.7 50.6 50.6
5137 0.5 0 0 0 4737 0.1 30 0 0 150 60.6 51.0 51.0
5137 0.5 0 0 0 4737 0.1 30 0 0 180 60.6 51.1 51.1
5137 0.5 0 0 0 4737 0.1 40 0 0 0 59.8 50.6 50.6
5137 0.5 0 0 0 4737 0.1 40 0 0 30 59.9 50.5 50.5
5137 0.5 0 0 0 4737 0.1 40 0 0 60 60.0 50.5 50.5
5137 0.5 0 0 0 4737 0.1 40 0 0 90 60.1 50.6 50.6
5137 0.5 0 0 0 4737 0.1 40 0 0 120 60.1 50.7 50.7
5137 0.5 0 0 0 4737 0.1 40 0 0 150 60.0 51.0 51.0
5137 0.5 0 0 0 4737 0.1 40 0 0 180 60.0 51.2 51.2
5137 0.5 0 0 0 4737 0.1 50 0 0 0 58.9 51.3 51.3
5137 0.5 0 0 0 4737 0.1 50 0 0 30 59.1 51.3 51.3
5137 0.5 0 0 0 4737 0.1 50 0 0 60 59.2 51.4 51.4
5137 0.5 0 0 0 4737 0.1 50 0 0 90 59.3 51.3 51.3
5137 0.5 0 0 0 4737 0.1 50 0 0 120 59.3 51.5 51.5
5137 0.5 0 0 0 4737 0.1 50 0 0 150 59.2 51.6 51.6
5137 0.5 0 0 0 4737 0.1 50 0 0 180 59.2 51.7 51.7
5137 0.5 0 0 0 4737 0.1 60 0 0 0 57.7 52.0 52.0
5137 0.5 0 0 0 4737 0.1 60 0 0 30 57.8 52.2 52.2
5137 0.5 0 0 0 4737 0.1 60 0 0 60 57.9 52.4 52.4
5137 0.5 0 0 0 4737 0.1 60 0 0 90 57.9 52.6 52.6
5137 0.5 0 0 0 4737 0.1 60 0 0 120 57.8 52.8 52.8
5137 0.5 0 0 0 4737 0.1 60 0 0 150 57.7 53.0 53.0
5137 0.5 0 0 0 4737 0.1 60 0 0 180 57.7 53.1 53.1
5137 0.5 0 0 0 4737 0.2 0 0 0 0 59.9 52.1 52.1
5137 0.5 0 0 0 4737 0.2 0 0 0 30 60.0 52.1 52.1
5137 0.5 0 0 0 4737 0.2 0 0 0 60 60.2 52.3 52.3
5137 0.5 0 0 0 4737 0.2 0 0 0 90 60.2 52.3 52.3
5137 0.5 0 0 0 4737 0.2 0 0 0 120 60.3 52.7 52.7
5137 0.5 0 0 0 4737 0.2 0 0 0 150 60.2 52.9 52.9
5137 0.5 0 0 0 4737 0.2 0 0 0 180 60.1 52.9 52.9
5137 0.5 0 0 0 4737 0.2 10 0 0 0 59.9 52.0 52.0
5137 0.5 0 0 0 4737 0.2 10 0 0 30 59.9 51.9 51.9
5137 0.5 0 0 0 4737 0.2 10 0 0 60 60.1 52.2 52.2
5137 0.5 0 0 0 4737 0.2 10 0 0 90 60.1 52.1 52.1
5137 0.5 0 0 0 4737 0.2 10 0 0 120 60.3 52.5 52.5
5137 0.5 0 0 0 4737 0.2 10 0 0 150 60.1 52.7 52.7
5137 0.5 0 0 0 4737 0.2 10 0 0 180 60.0 52.7 52.7
5137 0.5 0 0 0 4737 0.2 20 0 0 0 59.7 50.9 50.9
5137 0.5 0 0 0 4737 0.2 20 0 0 30 59.7 51.0 51.0
5137 0.5 0 0 0 4737 0.2 20 0 0 60 59.9 51.1 51.1
5137 0.5 0 0 0 4737 0.2 20 0 0 90 59.9 51.2 51.2
5137 0.5 0 0 0 4737 0.2 20 0 0 120 60.1 51.4 51.4
5137 0.5 0 0 0 4737 0.2 20 0 0 150 59.9 51.7 51.7
5137 0.5 0 0 0 4737 0.2 20 0 0 180 59.8 51.8 51.8
5137 0.5 0 0 0 4737 0.2 30 0 0 0 59.3 49.6 49.6
5137 0.5 0 0 0 4737 0.2 30 0 0 30 59.4 49.6 49.6
5137 0.5 0 0 0 4737 0.2 30 0 0 60 59.5 49.5 49.5
5137 0.5 0 0 0 4737 0.2 30 0 0 90 59.6 49.5 49.5
5137 0.5 0 0 0 4737 0.2 30 0 0 120 59.7 49.6 49.6
5137 0.5 0 0 0 4737 0.2 30 0 0 150 59.5 49.7 49.7
5137 0.5 0 0 0 4737 0.2 30 0 0 180 59.5 49.9 49.9
5137 0.5 0 0 0 4737 0.2 40 0 0 0 58.7 49.8 49.8
5137 0.5 0 0 0 4737 0.2 40 0 0 30 58.8 49.7 49.7
5137 0.5 0 0 0 4737 0.2 40 0 0 60 59.0 49.7 49.7
5137 0.5 0 0 0 4737 0.2 40 0 0 90 59.0 49.6 49.6
5137 0.5 0 0 0 4737 0.2 40 0 0 120 59.1 49.7 49.7
5137 0.5 0 0 0 4737 0.2 40 0 0 150 58.9 49.9 49.9
5137 0.5 0 0 0 4737 0.2 40 0 0 180 58.9 50.1 50.1
5137 0.5 0 0 0 4737 0.2 50 0 0 0 57.9 50.3 50.3
5137 0.5 0 0 0 4737 0.2 50 0 0 30 58.0 50.4 50.4
5137 0.5 0 0 0 4737 0.2 50 0 0 60 58.2 50.4 50.4
5137 0.5 0 0 0 4737 0.2 50 0 0 90 58.1 50.4 50.4
5137 0.5 0 0 0 4737 0.2 50 0 0 120 58.1 50.5 50.5
5137 0.5 0 0 0 4737 0.2 50 0 0 150 58.1 50.7 50.7
5137 0.5 0 0 0 4737 0.2 50 0 0 180 58.0 50.8 50.8
5137 0.5 0 0 0 4737 0.2 60 0 0 0 56.6 50.9 50.9
5137 0.5 0 0 0 4737 0.2 60 0 0 30 56.6 51.0 51.0
5137 0.5 0 0 0 4737 0.2 60 0 0 60 56.7 51.2 51.2
5137 0.5 0 0 0 4737 0.2 60 0 0 90 56.7 51.3 51.3
5137 0.5 0 0 0 4737 0.2 60 0 0 120 56.7 51.6 51.6
5137 0.5 0 0 0 4737 0.2 60 0 0 150 56.5 51.9 51.9
5137 0.5 0 0 0 4737 0.2 60 0 0 180 56.5 52.1 52.1
5137 0.5 0 0 0 4737 0.3 0 0 0 0 58.9 50.8 50.8
5137 0.5 0 0 0 4737 0.3 0 0 0 30 59.0 50.8 50.8
5137 0.5 0 0 0 4737 0.3 0 0 0 60 59.0 50.9 50.9
5137 0.5 0 0 0 4737 0.3 0 0 0 90 59.3 51.1 51.1
5137 0.5 0 0 0 4737 0.3 0 0 0 120 59.2 51.3 51.3
5137 0.5 0 0 0 4737 0.3 0 0 0 150 59.1 51.6 51.6
5137 0.5 0 0 0 4737 0.3 0 0 0 180 59.1 51.6 51.6
5137 0.5 0 0 0 4737 0.3 10 0 0 0 58.8 50.6 50.6
5137 0.5 0 0 0 4737 0.3 10 0 0 30 59.0 50.6 50.6
5137 0.5 0 0 0 4737 0.3 10 0 0 60 59.0 50.7 50.7
5137 0.5 0 0 0 4737 0.3 10 0 0 90 59.2 50.9 50.9
5137 0.5 0 0 0 4737 0.3 10 0 0 120 59.2 51.1 51.1
5137 0.5 0 0 0 4737 0.3 10 0 0 150 59.1 51.4 51.4
5137 0.5 0 0 0 4737 0.3 10 0 0 180 59.0 51.4 51.4
5137 0.5 0 0 0 4737 0.3 20 0 0 0 58.6 49.4 49.4
5137 0.5 0 0 0 4737 0.3 20 0 0 30 58.8 49.6 49.6
5137 0.5 0 0 0 4737 0.3 20 0 0 60 58.8 49.5 49.5
5137 0.5 0 0 0 4737 0.3 20 0 0 90 59.0 49.8 49.8
5137 0.5 0 0 0 4737 0.3 20 0 0 120 59.0 49.8 49.8
5137 0.5 0 0 0 4737 0.3 20 0 0 150 58.8 50.2 50.2
5137 0.5 0 0 0 4737 0.3 20 0 0 180 58.8 50.3 50.3
5137 0.5 0 0 0 4737 0.3 30 0 0 0 58.2 48.6 48.6
5137 0.5 0 0 0 4737 0.3 30 0 0 30 58.4 48.6 48.6
5137 0.5 0 0 0 4737 0.3 30 0 0 60 58.4 48.6 48.6
5137 0.5 0 0 0 4737 0.3 30 0 0 90 58.6 48.6 48.6
5137 0.5 0 0 0 4737 0.3 30 0 0 120 58.6 48.6 48.6
5137 0.5 0 0 0 4737 0.3 30 0 0 150 58.4 48.8 48.8
5137 0.5 0 0 0 4737 0.3 30 0 0 180 58.4 48.9 48.9
5137 0.5 0 0 0 4737 0.3 40 0 0 0 57.7 48.8 48.8
5137 0.5 0 0 0 4737 0.3 40 0 0 30 57.8 48.8 48.8
5137 0.5 0 0 0 4737 0.3 40 0 0 60 57.8 48.8 48.8
5137 0.5 0 0 0 4737 0.3 40 0 0 90 58.0 48.9 48.9
5137 0.5 0 0 0 4737 0.3 40 0 0 120 58.0 48.8 48.8
5137 0.5 0 0 0 4737 0.3 40 0 0 150 57.8 49.0 49.0
5137 0.5 0 0 0 4737 0.3 40 0 0 180 57.8 49.1 49.1
5137 0.5 0 0 0 4737 0.3 50 0 0 0 56.8 49.2 49.2
5137 0.5 0 0 0 4737 0.3 50 0 0 30 56.9 49.4 49.4
5137 0.5 0 0 0 4737 0.3 50 0 0 60 57.0 49.4 49.4
5137 0.5 0 0 0 4737 0.3 50 0 0 90 57.0 49.5 49.5
5137 0.5 0 0 0 4737 0.3 50 0 0 120 57.0 49.7 49.7
5137 0.5 0 0 0 4737 0.3 50 0 0 150 56.9 49.7 49.7
5137 0.5 0 0 0 4737 0.3 50 0 0 180 56.9 49.7 49.7
5137 0.5 0 0 0 4737 0.3 60 0 0 0 55.4 49.9 49.9
5137 0.5 0 0 0 4737 0.3 60 0 0 30 55.6 49.9 49.9
5137 0.5 0 0 0 4737 0.3 60 0 0 60 55.4 49.9 49.9
5137 0.5 0 0 0 4737 0.3 60 0 0 90 55.5 50.2 50.2
5137 0.5 0 0 0 4737 0.3 60 0 0 120 55.3 50.4 50.4
5137 0.5 0 0 0 4737 0.3 60 0 0 150 55.2 50.8 50.8
5137 0.5 0 0 0 4737 0.3 60 0 0 180 55.2 51.0 51.0
5137 0.5 0 0 0 4737 0.4 0 0 0 0 57.9 49.4 49.4
5137 0.5 0 0 0 4737 0.4 0 0 0 30 58.0 49.5 49.5
5137 0.5 0 0 0 4737 0.4 0 0 0 60 58.0 49.6 49.6
5137 0.5 0 0 0 4737 0.4 0 0 0 90 58.2 49.6 49.6
5137 0.5 0 0 0 4737 0.4 0 0 0 120 58.1 49.8 49.8
5137 0.5 0 0 0 4737 0.4 0 0 0 150 58.1 50.1 50.1
5137 0.5 0 0 0 4737 0.4 0 0 0 180 58.1 50.2 50.2
5137 0.5 0 0 0 4737 0.4 10 0 0 0 57.8 49.1 49.1
5137 0.5 0 0 0 4737 0.4 10 0 0 30 57.9 49.3 49.3
5137 0.5 0 0 0 4737 0.4 10 0 0 60 58.0 49.3 49.3
5137 0.5 0 0 0 4737 0.4 10 0 0 90 58.1 49.4 49.4
5137 0.5 0 0 0 4737 0.4 10 0 0 120 58.1 49.6 49.6
5137 0.5 0 0 0 4737 0.4 10 0 0 150 58.0 49.9 49.9
5137 0.5 0 0 0 4737 0.4 10 0 0 180 58.0 50.0 50.0
5137 0.5 0 0 0 4737 0.4 20 0 0 0 57.6 47.7 47.7
5137 0.5 0 0 0 4737 0.4 20 0 0 30 57.7 47.8 47.8
5137 0.5 0 0 0 4737 0.4 20 0 0 60 57.7 47.8 47.8
5137 0.5 0 0 0 4737 0.4 20 0 0 90 57.9 48.0 48.0
5137 0.5 0 0 0 4737 0.4 20 0 0 120 57.9 48.2 48.2
5137 0.5 0 0 0 4737 0.4 20 0 0 150 57.8 48.6 48.6
5137 0.5 0 0 0 4737 0.4 20 0 0 180 57.7 48.7 48.7
5137 0.5 0 0 0 4737 0.4 30 0 0 0 57.2 47.8 47.8
5137 0.5 0 0 0 4737 0.4 30 0 0 30 57.3 47.8 47.8
5137 0.5 0 0 0 4737 0.4 30 0 0 60 57.3 47.9 47.9
5137 0.5 0 0 0 4737 0.4 30 0 0 90 57.5 47.9 47.9
5137 0.5 0 0 0 4737 0.4 30 0 0 120 57.4 47.8 47.8
5137 0.5 0 0 0 4737 0.4 30 0 0 150 57.4 48.0 48.0
5137 0.5 0 0 0 4737 0.4 30 0 0 180 57.3 48.0 48.0
5137 0.5 0 0 0 4737 0.4 40 0 0 0 56.6 47.9 47.9
5137 0.5 0 0 0 4737 0.4 40 0 0 30 56.7 48.0 48.0
5137 0.5 0 0 0 4737 0.4 40 0 0 60 56.7 48.1 48.1
5137 0.5 0 0 0 4737 0.4 40 0 0 90 56.8 48.2 48.2
5137 0.5 0 0 0 4737 0.4 40 0 0 120 56.8 48.1 48.1
5137 0.5 0 0 0 4737 0.4 40 0 0 150 56.7 48.3 48.3
5137 0.5 0 0 0 4737 0.4 40 0 0 180 56.7 48.2 48.2
5137 0.5 0 0 0 4737 0.4 50 0 0 0 55.7 48.3 48.3
5137 0.5 0 0 0 4737 0.4 50 0 0 30 55.8 48.3 48.3
5137 0.5 0 0 0 4737 0.4 50 0 0 60 55.9 48.4 48.4
5137 0.5 0 0 0 4737 0.4 50 0 0 90 55.9 48.6 48.6
5137 0.5 0 0 0 4737 0.4 50 0 0 120 55.8 48.8 48.8
5137 0.5 0 0 0 4737 0.4 50 0 0 150 55.7 49.1 49.1
5137 0.5 0 0 0 4737 0.4 50 0 0 180 55.7 48.9 48.9
5137 0.5 0 0 0 4737 0.4 60 0 0 0 54.2 48.8 48.8
5137 0.5 0 0 0 4737 0.4 60 0 0 30 54.3 48.9 48.9
5137 0.5 0 0 0 4737 0.4 60 0 0 60 54.2 48.9 48.9
5137 0.5 0 0 0 4737 0.4 60 0 0 90 54.1 49.0 49.0
5137 0.5 0 0 0 4737 0.4 60 0 0 120 53.9 49.2 49.2
5137 0.5 0 0 0 4737 0.4 60 0 0 150 53.6 49.7 49.7
5137 0.5 0 0 0 4737 0.4 60 0 0 180 53.6 49.9 49.9
5137 0.5 0 0 0 4737 0.5 0 0 0 0 56.8 47.5 47.5
5137 0.5 0 0 0 4737 0.5 0 0 0 30 56.9 47.6 47.6
5137 0.5 0 0 0 4737 0.5 0 0 0 60 57.0 47.7 47.7
5137 0.5 0 0 0 4737 0.5 0 0 0 90 57.2 47.7 47.7
5137 0.5 0 0 0 4737 0.5 0 0 0 120 57.1 48.0 48.0
5137 0.5 0 0 0 4737 0.5 0 0 0 150 57.1 48.3 48.3
5137 0.5 0 0 0 4737 0.5 0 0 0 180 56.9 48.3 48.3
5137 0.5 0 0 0 4737 0.5 10 0 0 0 56.7 47.1 47.1
5137 0.5 0 0 0 4737 0.5 10 0 0 30 56.8 47.2 47.2
5137 0.5 0 0 0 4737 0.5 10 0 0 60 56.9 47.3 47.3
5137 0.5 0 0 0 4737 0.5 10 0 0 90 57.1 47.4 47.4
5137 0.5 0 0 0 4737 0.5 10 0 0 120 57.0 47.6 47.6
5137 0.5 0 0 0 4737 0.5 10 0 0 150 57.0 47.9 47.9
5137 0.5 0 0 0 4737 0.5 10 0 0 180 56.9 48.0 48.0
5137 0.5 0 0 0 4737 0.5 20 0 0 0 56.5 46.7 46.7
5137 0.5 0 0 0 4737 0.5 20 0 0 30 56.6 46.8 46.8
5137 0.5 0 0 0 4737 0.5 20 0 0 60 56.6 47.0 47.0
5137 0.5 0 0 0 4737 0.5 20 0 0 90 56.8 47.1 47.1
5137 0.5 0 0 0 4737 0.5 20 0 0 120 56.7 47.4 47.4
5137 0.5 0 0 0 4737 0.5 20 0 0 150 56.7 47.7 47.7
5137 0.5 0 0 0 4737 0.5 20 0 0 180 56.6 47.6 47.6
5137 0.5 0 0 0 4737 0.5 30 0 0 0 56.1 47.1 47.1
5137 0.5 0 0 0 4737 0.5 30 0 0 30 56.1 47.2 47.2
5137 0.5 0 0 0 4737 0.5 30 0 0 60 56.3 47.3 47.3
5137 0.5 0 0 0 4737 0.5 30 0 0 90 56.4 47.3 47.3
5137 0.5 0 0 0 4737 0.5 30 0 0 120 56.3 47.4 47.4
5137 0.5 0 0 0 4737 0.5 30 0 0 150 56.3 47.5 47.5
5137 0.5 0 0 0 4737 0.5 30 0 0 180 56.1 47.2 47.2
5137 0.5 0 0 0 4737 0.5 40 0 0 0 55.4 47.3 47.3
5137 0.5 0 0 0 4737 0.5 40 0 0 30 55.5 47.3 47.3
5137 0.5 0 0 0 4737 0.5 40 0 0 60 55.6 47.4 47.4
5137 0.5 0 0 0 4737 0.5 40 0 0 90 55.7 47.5 47.5
5137 0.5 0 0 0 4737 0.5 40 0 0 120 55.7 47.6 47.6
5137 0.5 0 0 0 4737 0.5 40 0 0 150 55.6 47.7 47.7
5137 0.5 0 0 0 4737 0.5 40 0 0 180 55.4 47.6 47.6
5137 0.5 0 0 0 4737 0.5 50 0 0 0 54.5 47.5 47.5
5137 0.5 0 0 0 4737 0.5 50 0 0 30 54.6 47.5 47.5
5137 0.5 0 0 0 4737 0.5 50 0 0 60 54.7 47.5 47.5
5137 0.5 0 0 0 4737 0.5 50 0 0 90 54.7 47.6 47.6
5137 0.5 0 0 0 4737 0.5 50 0 0 120 54.5 47.9 47.9
5137 0.5 0 0 0 4737 0.5 50 0 0 150 54.3 48.2 48.2
5137 0.5 0 0 0 4737 0.5 50 0 0 180 54.3 48.2 48.2
5137 0.5 0 0 0 4737 0.5 60 0 0 0 53.3 47.8 47.8
5137 0.5 0 0 0 4737 0.5 60 0 0 30 53.2 47.8 47.8
5137 0.5 0 0 0 4737 0.5 60 0 0 60 53.3 47.8 47.8
5137 0.5 0 0 0 4737 0.5 60 0 0 90 53.3 47.9 47.9
5137 0.5 0 0 0 4737 0.5 60 0 0 120 53.0 48.1 48.1
5137 0.5 0 0 0 4737 0.5 60 0 0 150 52.5 48.6 48.6
5137 0.5 0 0 0 4737 0.5 60 0 0 180 52.2 48.9 48.9
5137 0.5 0 0 0 4937 0.0 0 0 0 0 62.1 54.9 54.9
5137 0.5 0 0 0 4937 0.0 0 0 0 30 62.7 55.4 55.4
5137 0.5 0 0 0 4937 0.0 0 0 0 60 63.1 56.0 56.0
5137 0.5 0 0 0 4937 0.0 0 0 0 90 63.3 56.5 56.5
5137 0.5 0 0 0 4937 0.0 0 0 0 120 63.3 56.6 56.6
5137 0.5 0 0 0 4937 0.0 0 0 0 150 63.0 56.5 56.5
5137 0.5 0 0 0 4937 0.0 0 0 0 180 62.7 55.9 55.9
5137 0.5 0 0 0 4937 0.0 10 0 0 0 62.0 54.6 54.6
5137 0.5 0 0 0 4937 0.0 10 0 0 30 62.7 55.1 55.1
5137 0.5 0 0 0 4937 0.0 10 0 0 60 63.0 55.7 55.7
5137 0.5 0 0 0 4937 0.0 10 0 0 90 63.2 56.3 56.3
5137 0.5 0 0 0 4937 0.0 10 0 0 120 63.2 56.5 56.5
5137 0.5 0 0 0 4937 0.0 10 0 0 150 63.0 56.4 56.4
5137 0.5 0 0 0 4937 0.0 10 0 0 180 62.7 55.9 55.9
5137 0.5 0 0 0 4937 0.0 20 0 0 0 61.9 53.8 53.8
5137 0.5 0 0 0 4937 0.0 20 0 0 30 62.5 54.3 54.3
5137 0.5 0 0 0 4937 0.0 20 0 0 60 62.9 55.0 55.0
5137 0.5 0 0 0 4937 0.0 20 0 0 90 63.0 55.5 55.5
5137 0.5 0 0 0 4937 0.0 20 0 0 120 63.1 55.7 55.7
5137 0.5 0 0 0 4937 0.0 20 0 0 150 62.8 55.6 55.6
5137 0.5 0 0 0 4937 0.0 20 0 0 180 62.5 55.1 55.1
5137 0.5 0 0 0 4937 0.0 30 0 0 0 61.6 51.9 51.9
5137 0.5 0 0 0 4937 0.0 30 0 0 30 62.2 52.6 52.6
5137 0.5 0 0 0 4937 0.0 30 0 0 60 62.6 53.4 53.4
5137 0.5 0 0 0 4937 0.0 30 0 0 90 62.7 54.1 54.1
5137 0.5 0 0 0 4937 0.0 30 0 0 120 62.7 54.3 54.3
5137 0.5 0 0 0 4937 0.0 30 0 0 150 62.5 54.0 54.0
5137 0.5 0 0 0 4937 0.0 30 0 0 180 62.2 53.2 53.2
5137 0.5 0 0 0 4937 0.0 40 0 0 0 61.1 51.7 51.7
5137 0.5 0 0 0 4937 0.0 40 0 0 30 61.8 52.4 52.4
5137 0.5 0 0 0 4937 0.0 40 0 0 60 62.1 53.3 53.3
5137 0.5 0 0 0 4937 0.0 40 0 0 90 62.3 53.9 53.9
5137 0.5 0 0 0 4937 0.0 40 0 0 120 62.2 54.2 54.2
5137 0.5 0 0 0 4937 0.0 40 0 0 150 62.0 54.0 54.0
5137 0.5 0 0 0 4937 0.0 40 0 0 180 61.6 53.3 53.3
5137 0.5 0 0 0 4937 0.0 50 0 0 0 60.4 52.1 52.1
5137 0.5 0 0 0 4937 0.0 50 0 0 30 61.1 52.8 52.8
5137 0.5 0 0 0 4937 0.0 50 0 0 60 61.4 53.7 53.7
5137 0.5 0 0 0 4937 0.0 50 0 0 90 61.6 54.4 54.4
5137 0.5 0 0 0 4937 0.0 50 0 0 120 61.5 54.8 54.8
5137 0.5 0 0 0 4937 0.0 50 0 0 150 61.2 54.6 54.6
5137 0.5 0 0 0 4937 0.0 50 0 0 180 60.9 53.8 53.8
5137 0.5 0 0 0 4937 0.0 60 0 0 0 59.2 53.2 53.2
5137 0.5 0 0 0 4937 0.0 60 0 0 30 59.8 53.8 53.8
5137 0.5 0 0 0 4937 0.0 60 0 0 60 60.1 54.4 54.4
5137 0.5 0 0 0 4937 0.0 60 0 0 90 60.3 54.9 54.9
5137 0.5 0 0 0 4937 0.0 60 0 0 120 60.2 55.2 55.2
5137 0.5 0 0 0 4937 0.0 60 0 0 150 60.0 55.2 55.2
5137 0.5 0 0 0 4937 0.0 60 0 0 180 59.7 54.9 54.9
5137 0.5 0 0 0 4937 0.1 0 0 0 0 61.2 53.5 53.5
5137 0.5 0 0 0 4937 0.1 0 0 0 30 61.7 54.0 54.0
5137 0.5 0 0 0 4937 0.1 0 0 0 60 62.0 54.7 54.7
5137 0.5 0 0 0 4937 0.1 0 0 0 90 62.2 55.2 55.2
5137 0.5 0 0 0 4937 0.1 0 0 0 120 62.3 55.5 55.5
5137 0.5 0 0 0 4937 0.1 0 0 0 150 62.0 55.5 55.5
5137 0.5 0 0 0 4937 0.1 0 0 0 180 61.7 54.8 54.8
5137 0.5 0 0 0 4937 0.1 10 0 0 0 61.1 53.3 53.3
5137 0.5 0 0 0 4937 0.1 10 0 0 30 61.6 53.7 53.7
5137 0.5 0 0 0 4937 0.1 10 0 0 60 61.9 54.4 54.4
5137 0.5 0 0 0 4937 0.1 10 0 0 90 62.2 54.9 54.9
5137 0.5 0 0 0 4937 0.1 10 0 0 120 62.2 55.3 55.3
5137 0.5 0 0 0 4937 0.1 10 0 0 150 62.0 55.3 55.3
5137 0.5 0 0 0 4937 0.1 10 0 0 180 61.6 54.8 54.8
5137 0.5 0 0 0 4937 0.1 20 0 0 0 61.0 52.4 52.4
5137 0.5 0 0 0 4937 0.1 20 0 0 30 61.4 52.9 52.9
5137 0.5 0 0 0 4937 0.1 20 0 0 60 61.8 53.5 53.5
5137 0.5 0 0 0 4937 0.1 20 0 0 90 62.0 54.1 54.1
5137 0.5 0 0 0 4937 0.1 20 0 0 120 62.0 54.6 54.6
5137 0.5 0 0 0 4937 0.1 20 0 0 150 61.8 54.7 54.7
5137 0.5 0 0 0 4937 0.1 20 0 0 180 61.4 54.1 54.1
5137 0.5 0 0 0 4937 0.1 30 0 0 0 60.6 50.5 50.5
5137 0.5 0 0 0 4937 0.1 30 0 0 30 61.1 51.1 51.1
5137 0.5 0 0 0 4937 0.1 30 0 0 60 61.5 51.9 51.9
5137 0.5 0 0 0 4937 0.1 30 0 0 90 61.7 52.7 52.7
5137 0.5 0 0 0 4937 0.1 30 0 0 120 61.7 53.2 53.2
5137 0.5 0 0 0 4937 0.1 30 0 0 150 61.4 53.1 53.1
5137 0.5 0 0 0 4937 0.1 30 0 0 180 61.1 52.3 52.3
5137 0.5 0 0 0 4937 0.1 40 0 0 0 60.1 50.4 50.4
5137 0.5 0 0 0 4937 0.1 40 0 0 30 60.7 51.0 51.0
5137 0.5 0 0 0 4937 0.1 40 0 0 60 61.0 51.8 51.8
5137 0.5 0 0 0 4937 0.1 40 0 0 90 61.2 52.6 52.6
5137 0.5 0 0 0 4937 0.1 40 0 0 120 61.2 53.1 53.1
5137 0.5 0 0 0 4937 0.1 40 0 0 150 60.9 53.0 53.0
5137 0.5 0 0 0 4937 0.1 40 0 0 180 60.5 52.4 52.4
5137 0.5 0 0 0 4937 0.1 50 0 0 0 59.4 50.8 50.8
5137 0.5 0 0 0 4937 0.1 50 0 0 30 59.9 51.4 51.4
5137 0.5 0 0 0 4937 0.1 50 0 0 60 60.3 52.1 52.1
5137 0.5 0 0 0 4937 0.1 50 0 0 90 60.5 53.0 53.0
5137 0.5 0 0 0 4937 0.1 50 0 0 120 60.5 53.6 53.6
5137 0.5 0 0 0 4937 0.1 50 0 0 150 60.2 53.8 53.8
5137 0.5 0 0 0 4937 0.1 50 0 0 180 59.8 53.2 53.2
5137 0.5 0 0 0 4937 0.1 60 0 0 0 58.0 52.1 52.1
5137 0.5 0 0 0 4937 0.1 60 0 0 30 58.6 52.4 52.4
5137 0.5 0 0 0 4937 0.1 60 0 0 60 58.9 53.0 53.0
5137 0.5 0 0 0 4937 0.1 60 0 0 90 59.1 53.7 53.7
5137 0.5 0 0 0 4937 0.1 60 0 0 120 59.1 54.1 54.1
5137 0.5 0 0 0 4937 0.1 60 0 0 150 59.0 54.2 54.2
5137 0.5 0 0 0 4937 0.1 60 0 0 180 58.5 54.0 54.0
5137 0.5 0 0 0 4937 0.2 0 0 0 0 60.3 52.3 52.3
5137 0.5 0 0 0 4937 0.2 0 0 0 30 60.7 52.7 52.7
5137 0.5 0 0 0 4937 0.2 0 0 0 60 61.0 53.3 53.3
5137 0.5 0 0 0 4937 0.2 0 0 0 90 61.2 53.8 53.8
5137 0.5 0 0 0 4937 0.2 0 0 0 120 61.3 54.3 54.3
5137 0.5 0 0 0 4937 0.2 0 0 0 150 61.0 54.4 54.4
5137 0.5 0 0 0 4937 0.2 0 0 0 180 60.6 53.6 53.6
5137 0.5 0 0 0 4937 0.2 10 0 0 0 60.2 52.0 52.0
5137 0.5 0 0 0 4937 0.2 10 0 0 30 60.6 52.4 52.4
5137 0.5 0 0 0 4937 0.2 10 0 0 60 60.9 52.9 52.9
5137 0.5 0 0 0 4937 0.2 10 0 0 90 61.1 53.6 53.6
5137 0.5 0 0 0 4937 0.2 10 0 0 120 61.2 54.1 54.1
5137 0.5 0 0 0 4937 0.2 10 0 0 150 61.0 54.2 54.2
5137 0.5 0 0 0 4937 0.2 10 0 0 180 60.5 53.7 53.7
5137 0.5 0 0 0 4937 0.2 20 0 0 0 60.0 51.0 51.0
5137 0.5 0 0 0 4937 0.2 20 0 0 30 60.4 51.3 51.3
5137 0.5 0 0 0 4937 0.2 20 0 0 60 60.7 52.0 52.0
5137 0.5 0 0 0 4937 0.2 20 0 0 90 61.0 52.7 52.7
5137 0.5 0 0 0 4937 0.2 20 0 0 120 61.0 53.3 53.3
5137 0.5 0 0 0 4937 0.2 20 0 0 150 60.8 53.6 53.6
5137 0.5 0 0 0 4937 0.2 20 0 0 180 60.3 53.1 53.1
5137 0.5 0 0 0 4937 0.2 30 0 0 0 59.7 49.2 49.2
5137 0.5 0 0 0 4937 0.2 30 0 0 30 60.1 49.7 49.7
5137 0.5 0 0 0 4937 0.2 30 0 0 60 60.4 50.4 50.4
5137 0.5 0 0 0 4937 0.2 30 0 0 90 60.6 51.3 51.3
5137 0.5 0 0 0 4937 0.2 30 0 0 120 60.7 52.0 52.0
5137 0.5 0 0 0 4937 0.2 30 0 0 150 60.4 52.3 52.3
5137 0.5 0 0 0 4937 0.2 30 0 0 180 59.9 51.3 51.3
5137 0.5 0 0 0 4937 0.2 40 0 0 0 59.2 49.2 49.2
5137 0.5 0 0 0 4937 0.2 40 0 0 30 59.6 49.7 49.7
5137 0.5 0 0 0 4937 0.2 40 0 0 60 59.9 50.4 50.4
5137 0.5 0 0 0 4937 0.2 40 0 0 90 60.1 51.2 51.2
5137 0.5 0 0 0 4937 0.2 40 0 0 120 60.2 51.9 51.9
5137 0.5 0 0 0 4937 0.2 40 0 0 150 59.9 52.2 52.2
5137 0.5 0 0 0 4937 0.2 40 0 0 180 59.4 51.5 51.5
5137 0.5 0 0 0 4937 0.2 50 0 0 0 58.3 49.6 49.6
5137 0.5 0 0 0 4937 0.2 50 0 0 30 58.8 50.0 50.0
5137 0.5 0 0 0 4937 0.2 50 0 0 60 59.1 50.7 50.7
5137 0.5 0 0 0 4937 0.2 50 0 0 90 59.4 51.5 51.5
5137 0.5 0 0 0 4937 0.2 50 0 0 120 59.4 52.2 52.2
5137 0.5 0 0 0 4937 0.2 50 0 0 150 59.2 52.7 52.7
5137 0.5 0 0 0 4937 0.2 50 0 0 180 58.6 52.4 52.4
5137 0.5 0 0 0 4937 0.2 60 0 0 0 56.9 50.9 50.9
5137 0.5 0 0 0 4937 0.2 60 0 0 30 57.4 51.2 51.2
5137 0.5 0 0 0 4937 0.2 60 0 0 60 57.7 51.6 51.6
5137 0.5 0 0 0 4937 0.2 60 0 0 90 58.0 52.3 52.3
5137 0.5 0 0 0 4937 0.2 60 0 0 120 58.0 52.9 52.9
5137 0.5 0 0 0 4937 0.2 60 0 0 150 58.0 53.3 53.3
5137 0.5 0 0 0 4937 0.2 60 0 0 180 57.4 53.0 53.0
5137 0.5 0 0 0 4937 0.3 0 0 0 0 59.3 51.0 51.0
5137 0.5 0 0 0 4937 0.3 0 0 0 30 59.7 51.4 51.4
5137 0.5 0 0 0 4937 0.3 0 0 0 60 59.9 51.9 51.9
5137 0.5 0 0 0 4937 0.3 0 0 0 90 60.2 52.4 52.4
5137 0.5 0 0 0 4937 0.3 0 0 0 120 60.3 53.0 53.0
5137 0.5 0 0 0 4937 0.3 0 0 0 150 60.0 53.2 53.2
5137 0.5 0 0 0 4937 0.3 0 0 0 180 59.5 52.4 52.4
5137 0.5 0 0 0 4937 0.3 10 0 0 0 59.2 50.7 50.7
5137 0.5 0 0 0 4937 0.3 10 0 0 30 59.6 51.0 51.0
5137 0.5 0 0 0 4937 0.3 10 0 0 60 59.9 51.4 51.4
5137 0.5 0 0 0 4937 0.3 10 0 0 90 60.1 52.1 52.1
5137 0.5 0 0 0 4937 0.3 10 0 0 120 60.2 52.7 52.7
5137 0.5 0 0 0 4937 0.3 10 0 0 150 60.0 53.1 53.1
5137 0.5 0 0 0 4937 0.3 10 0 0 180 59.4 52.5 52.5
5137 0.5 0 0 0 4937 0.3 20 0 0 0 59.0 49.4 49.4
5137 0.5 0 0 0 4937 0.3 20 0 0 30 59.4 49.7 49.7
5137 0.5 0 0 0 4937 0.3 20 0 0 60 59.7 50.3 50.3
5137 0.5 0 0 0 4937 0.3 20 0 0 90 59.9 51.0 51.0
5137 0.5 0 0 0 4937 0.3 20 0 0 120 60.0 51.8 51.8
5137 0.5 0 0 0 4937 0.3 20 0 0 150 59.8 52.4 52.4
5137 0.5 0 0 0 4937 0.3 20 0 0 180 59.2 51.9 51.9
5137 0.5 0 0 0 4937 0.3 30 0 0 0 58.7 47.9 47.9
5137 0.5 0 0 0 4937 0.3 30 0 0 30 59.0 48.4 48.4
5137 0.5 0 0 0 4937 0.3 30 0 0 60 59.4 49.1 49.1
5137 0.5 0 0 0 4937 0.3 30 0 0 90 59.6 49.8 49.8
5137 0.5 0 0 0 4937 0.3 30 0 0 120 59.7 50.8 50.8
5137 0.5 0 0 0 4937 0.3 30 0 0 150 59.4 51.4 51.4
5137 0.5 0 0 0 4937 0.3 30 0 0 180 58.8 50.4 50.4
5137 0.5 0 0 0 4937 0.3 40 0 0 0 58.1 48.0 48.0
5137 0.5 0 0 0 4937 0.3 40 0 0 30 58.5 48.4 48.4
5137 0.5 0 0 0 4937 0.3 40 0 0 60 58.8 49.0 49.0
5137 0.5 0 0 0 4937 0.3 40 0 0 90 59.1 49.8 49.8
5137 0.5 0 0 0 4937 0.3 40 0 0 120 59.2 50.7 50.7
5137 0.5 0 0 0 4937 0.3 40 0 0 150 58.9 51.2 51.2
5137 0.5 0 0 0 4937 0.3 40 0 0 180 58.3 50.7 50.7
5137 0.5 0 0 0 4937 0.3 50 0 0 0 57.3 48.5 48.5
5137 0.5 0 0 0 4937 0.3 50 0 0 30 57.6 48.8 48.8
5137 0.5 0 0 0 4937 0.3 50 0 0 60 58.0 49.3 49.3
5137 0.5 0 0 0 4937 0.3 50 0 0 90 58.3 50.0 50.0
5137 0.5 0 0 0 4937 0.3 50 0 0 120 58.4 50.9 50.9
5137 0.5 0 0 0 4937 0.3 50 0 0 150 58.2 51.6 51.6
5137 0.5 0 0 0 4937 0.3 50 0 0 180 57.5 51.5 51.5
5137 0.5 0 0 0 4937 0.3 60 0 0 0 55.7 49.8 49.8
5137 0.5 0 0 0 4937 0.3 60 0 0 30 56.1 50.0 50.0
5137 0.5 0 0 0 4937 0.3 60 0 0 60 56.5 50.3 50.3
5137 0.5 0 0 0 4937 0.3 60 0 0 90 56.7 50.9 50.9
5137 0.5 0 0 0 4937 0.3 60 0 0 120 56.9 51.5 51.5
5137 0.5 0 0 0 4937 0.3 60 0 0 150 56.8 52.1 52.1
5137 0.5 0 0 0 4937 0.3 60 0 0 180 56.3 52.0 52.0
5137 0.5 0 0 0 4937 0.4 0 0 0 0 58.4 49.7 49.7
5137 0.5 0 0 0 4937 0.4 0 0 0 30 58.7 50.0 50.0
5137 0.5 0 0 0 4937 0.4 0 0 0 60 58.9 50.4 50.4
5137 0.5 0 0 0 4937 0.4 0 0 0 90 59.2 51.0 51.0
5137 0.5 0 0 0 4937 0.4 0 0 0 120 59.3 51.6 51.6
5137 0.5 0 0 0 4937 0.4 0 0 0 150 59.1 52.0 52.0
5137 0.5 0 0 0 4937 0.4 0 0 0 180 58.3 51.1 51.1
5137 0.5 0 0 0 4937 0.4 10 0 0 0 58.3 49.2 49.2
5137 0.5 0 0 0 4937 0.4 10 0 0 30 58.7 49.5 49.5
5137 0.5 0 0 0 4937 0.4 10 0 0 60 58.9 49.9 49.9
5137 0.5 0 0 0 4937 0.4 10 0 0 90 59.1 50.5 50.5
5137 0.5 0 0 0 4937 0.4 10 0 0 120 59.3 51.2 51.2
5137 0.5 0 0 0 4937 0.4 10 0 0 150 59.0 51.8 51.8
5137 0.5 0 0 0 4937 0.4 10 0 0 180 58.3 51.2 51.2
5137 0.5 0 0 0 4937 0.4 20 0 0 0 58.1 47.3 47.3
5137 0.5 0 0 0 4937 0.4 20 0 0 30 58.4 47.6 47.6
5137 0.5 0 0 0 4937 0.4 20 0 0 60 58.7 48.1 48.1
5137 0.5 0 0 0 4937 0.4 20 0 0 90 58.9 48.8 48.8
5137 0.5 0 0 0 4937 0.4 20 0 0 120 59.1 49.8 49.8
5137 0.5 0 0 0 4937 0.4 20 0 0 150 58.8 50.9 50.9
5137 0.5 0 0 0 4937 0.4 20 0 0 180 58.1 50.5 50.5
5137 0.5 0 0 0 4937 0.4 30 0 0 0 57.7 46.9 46.9
5137 0.5 0 0 0 4937 0.4 30 0 0 30 58.0 47.3 47.3
5137 0.5 0 0 0 4937 0.4 30 0 0 60 58.3 47.8 47.8
5137 0.5 0 0 0 4937 0.4 30 0 0 90 58.5 48.6 48.6
5137 0.5 0 0 0 4937 0.4 30 0 0 120 58.8 49.5 49.5
5137 0.5 0 0 0 4937 0.4 30 0 0 150 58.5 50.5 50.5
5137 0.5 0 0 0 4937 0.4 30 0 0 180 57.7 49.7 49.7
5137 0.5 0 0 0 4937 0.4 40 0 0 0 57.1 47.0 47.0
5137 0.5 0 0 0 4937 0.4 40 0 0 30 57.4 47.4 47.4
5137 0.5 0 0 0 4937 0.4 40 0 0 60 57.7 47.9 47.9
5137 0.5 0 0 0 4937 0.4 40 0 0 90 58.0 48.6 48.6
5137 0.5 0 0 0 4937 0.4 40 0 0 120 58.3 49.5 49.5
5137 0.5 0 0 0 4937 0.4 40 0 0 150 58.0 50.4 50.4
5137 0.5 0 0 0 4937 0.4 40 0 0 180 57.1 50.1 50.1
5137 0.5 0 0 0 4937 0.4 50 0 0 0 56.2 47.7 47.7
5137 0.5 0 0 0 4937 0.4 50 0 0 30 56.5 47.9 47.9
5137 0.5 0 0 0 4937 0.4 50 0 0 60 56.8 48.2 48.2
5137 0.5 0 0 0 4937 0.4 50 0 0 90 57.1 48.7 48.7
5137 0.5 0 0 0 4937 0.4 50 0 0 120 57.4 49.6 49.6
5137 0.5 0 0 0 4937 0.4 50 0 0 150 57.3 50.5 50.5
5137 0.5 0 0 0 4937 0.4 50 0 0 180 56.3 50.5 50.5
5137 0.5 0 0 0 4937 0.4 60 0 0 0 54.2 48.7 48.7
5137 0.5 0 0 0 4937 0.4 60 0 0 30 54.5 48.9 48.9
5137 0.5 0 0 0 4937 0.4 60 0 0 60 54.9 49.2 49.2
5137 0.5 0 0 0 4937 0.4 60 0 0 90 55.2 49.6 49.6
5137 0.5 0 0 0 4937 0.4 60 0 0 120 55.5 50.2 50.2
5137 0.5 0 0 0 4937 0.4 60 0 0 150 55.4 50.9 50.9
5137 0.5 0 0 0 4937 0.4 60 0 0 180 55.1 50.9 50.9
5137 0.5 0 0 0 4937 0.5 0 0 0 0 57.5 48.1 48.1
5137 0.5 0 0 0 4937 0.5 0 0 0 30 57.8 48.4 48.4
5137 0.5 0 0 0 4937 0.5 0 0 0 60 57.9 48.7 48.7
5137 0.5 0 0 0 4937 0.5 0 0 0 90 58.2 49.2 49.2
5137 0.5 0 0 0 4937 0.5 0 0 0 120 58.4 49.9 49.9
5137 0.5 0 0 0 4937 0.5 0 0 0 150 58.2 50.5 50.5
5137 0.5 0 0 0 4937 0.5 0 0 0 180 57.1 49.5 49.5
5137 0.5 0 0 0 4937 0.5 10 0 0 0 57.4 47.3 47.3
5137 0.5 0 0 0 4937 0.5 10 0 0 30 57.7 47.6 47.6
5137 0.5 0 0 0 4937 0.5 10 0 0 60 57.8 47.9 47.9
5137 0.5 0 0 0 4937 0.5 10 0 0 90 58.1 48.4 48.4
5137 0.5 0 0 0 4937 0.5 10 0 0 120 58.3 49.1 49.1
5137 0.5 0 0 0 4937 0.5 10 0 0 150 58.2 50.0 50.0
5137 0.5 0 0 0 4937 0.5 10 0 0 180 57.1 49.5 49.5
5137 0.5 0 0 0 4937 0.5 20 0 0 0 57.2 46.1 46.1
5137 0.5 0 0 0 4937 0.5 20 0 0 30 57.4 46.4 46.4
5137 0.5 0 0 0 4937 0.5 20 0 0 60 57.6 46.8 46.8
5137 0.5 0 0 0 4937 0.5 20 0 0 90 57.9 47.5 47.5
5137 0.5 0 0 0 4937 0.5 20 0 0 120 58.1 48.5 48.5
5137 0.5 0 0 0 4937 0.5 20 0 0 150 58.0 49.8 49.8
5137 0.5 0 0 0 4937 0.5 20 0 0 180 56.9 49.2 49.2
5137 0.5 0 0 0 4937 0.5 30 0 0 0 56.7 46.1 46.1
5137 0.5 0 0 0 4937 0.5 30 0 0 30 57.0 46.5 46.5
5137 0.5 0 0 0 4937 0.5 30 0 0 60 57.2 46.9 46.9
5137 0.5 0 0 0 4937 0.5 30 0 0 90 57.5 47.5 47.5
5137 0.5 0 0 0 4937 0.5 30 0 0 120 57.8 48.5 48.5
5137 0.5 0 0 0 4937 0.5 30 0 0 150 57.7 49.6 49.6
5137 0.5 0 0 0 4937 0.5 30 0 0 180 56.5 49.1 49.1
5137 0.5 0 0 0 4937 0.5 40 0 0 0 56.1 46.3 46.3
5137 0.5 0 0 0 4937 0.5 40 0 0 30 56.3 46.5 46.5
5137 0.5 0 0 0 4937 0.5 40 0 0 60 56.6 46.9 46.9
5137 0.5 0 0 0 4937 0.5 40 0 0 90 56.9 47.5 47.5
5137 0.5 0 0 0 4937 0.5 40 0 0 120 57.2 48.4 48.4
5137 0.5 0 0 0 4937 0.5 40 0 0 150 57.1 49.5 49.5
5137 0.5 0 0 0 4937 0.5 40 0 0 180 55.9 49.3 49.3
5137 0.5 0 0 0 4937 0.5 50 0 0 0 54.9 46.8 46.8
5137 0.5 0 0 0 4937 0.5 50 0 0 30 55.2 47.0 47.0
5137 0.5 0 0 0 4937 0.5 50 0 0 60 55.5 47.3 47.3
5137 0.5 0 0 0 4937 0.5 50 0 0 90 55.8 47.7 47.7
5137 0.5 0 0 0 4937 0.5 50 0 0 120 56.2 48.4 48.4
5137 0.5 0 0 0 4937 0.5 50 0 0 150 56.2 49.5 49.5
5137 0.5 0 0 0 4937 0.5 50 0 0 180 55.1 49.5 49.5
5137 0.5 0 0 0 4937 0.5 60 0 0 0 53.0 47.7 47.7
5137 0.5 0 0 0 4937 0.5 60 0 0 30 53.2 47.8 47.8
5137 0.5 0 0 0 4937 0.5 60 0 0 60 53.6 48.0 48.0
5137 0.5 0 0 0 4937 0.5 60 0 0 90 53.9 48.4 48.4
5137 0.5 0 0 0 4937 0.5 60 0 0 120 54.4 49.0 49.0
5137 0.5 0 0 0 4937 0.5 60 0 0 150 54.3 49.7 49.7
5137 0.5 0 0 0 4937 0.5 60 0 0 180 53.7 49.7 49.7
5137 0.5 0 0 0 5137 0.0 0 0 0 0 49.6 44.6 44.6
5137 0.5 0 0 0 5137 0.0 0 0 0 30 51.6 46.5 46.5
5137 0.5 0 0 0 5137 0.0 0 0 0 60 57.2 51.5 51.5
5137 0.5 0 0 0 5137 0.0 0 0 0 90 64.8 57.7 57.7
5137 0.5 0 0 0 5137 0.0 0 0 0 120 70.4 62.4 62.4
5137 0.5 0 0 0 5137 0.0 0 0 0 150 74.6 65.6 65.6
5137 0.5 0 0 0 5137 0.0 0 0 0 180 75.9 66.8 66.8
5137 0.5 0 0 0 5137 0.0 10 0 0 0 49.5 44.5 44.5
5137 0.5 0 0 0 5137 0.0 10 0 0 30 51.5 46.4 46.4
5137 0.5 0 0 0 5137 0.0 10 0 0 60 57.1 51.2 51.2
5137 0.5 0 0 0 5137 0.0 10 0 0 90 64.8 56.9 56.9
5137 0.5 0 0 0 5137 0.0 10 0 0 120 70.4 61.3 61.3
5137 0.5 0 0 0 5137 0.0 10 0 0 150 74.5 64.5 64.5
5137 0.5 0 0 0 5137 0.0 10 0 0 180 75.8 66.5 66.5
5137 0.5 0 0 0 5137 0.0 20 0 0 0 49.4 44.3 44.3
5137 0.5 0 0 0 5137 0.0 20 0 0 30 51.3 46.3 46.3
5137 0.5 0 0 0 5137 0.0 20 0 0 60 56.9 50.9 50.9
5137 0.5 0 0 0 5137 0.0 20 0 0 90 64.6 55.4 55.4
5137 0.5 0 0 0 5137 0.0 20 0 0 120 70.2 59.4 59.4
5137 0.5 0 0 0 5137 0.0 20 0 0 150 74.3 62.5 62.5
5137 0.5 0 0 0 5137 0.0 20 0 0 180 75.6 64.8 64.8
5137 0.5 0 0 0 5137 0.0 30 0 0 0 49.1 44.3 44.3
5137 0.5 0 0 0 5137 0.0 30 0 0 30 51.0 46.5 46.5
5137 0.5 0 0 0 5137 0.0 30 0 0 60 56.5 50.1 50.1
5137 0.5 0 0 0 5137 0.0 30 0 0 90 64.4 52.2 52.2
5137 0.5 0 0 0 5137 0.0 30 0 0 120 69.9 55.5 55.5
5137 0.5 0 0 0 5137 0.0 30 0 0 150 73.9 58.5 58.5
5137 0.5 0 0 0 5137 0.0 30 0 0 180 75.2 61.0 61.0
5137 0.5 0 0 0 5137 0.0 40 0 0 0 48.8 44.6 44.6
5137 0.5 0 0 0 5137 0.0 40 0 0 30 50.6 47.0 47.0
5137 0.5 0 0 0 5137 0.0 40 0 0 60 56.0 49.8 49.8
5137 0.5 0 0 0 5137 0.0 40 0 0 90 64.0 51.8 51.8
5137 0.5 0 0 0 5137 0.0 40 0 0 120 69.5 54.6 54.6
5137 0.5 0 0 0 5137 0.0 40 0 0 150 73.3 57.5 57.5
5137 0.5 0 0 0 5137 0.0 40 0 0 180 74.4 60.1 60.1
5137 0.5 0 0 0 5137 0.0 50 0 0 0 48.3 45.4 45.4
5137 0.5 0 0 0 5137 0.0 50 0 0 30 50.0 47.7 47.7
5137 0.5 0 0 0 5137 0.0 50 0 0 60 55.3 50.2 50.2
5137 0.5 0 0 0 5137 0.0 50 0 0 90 63.5 52.1 52.1
5137 0.5 0 0 0 5137 0.0 50 0 0 120 68.6 54.6 54.6
5137 0.5 0 0 0 5137 0.0 50 0 0 150 72.2 57.4 57.4
5137 0.5 0 0 0 5137 0.0 50 0 0 180 73.3 60.1 60.1
5137 0.5 0 0 0 5137 0.0 60 0 0 0 47.5 47.3 47.3
5137 0.5 0 0 0 5137 0.0 60 0 0 30 49.3 48.9 48.9
5137 0.5 0 0 0 5137 0.0 60 0 0 60 54.2 51.0 51.0
5137 0.5 0 0 0 5137 0.0 60 0 0 90 62.4 52.9 52.9
5137 0.5 0 0 0 5137 0.0 60 0 0 120 67.1 55.2 55.2
5137 0.5 0 0 0 5137 0.0 60 0 0 150 70.4 57.9 57.9
5137 0.5 0 0 0 5137 0.0 60 0 0 180 71.3 60.7 60.7
5137 0.5 0 0 0 5137 0.1 0 0 0 0 47.5 42.4 42.4
5137 0.5 0 0 0 5137 0.1 0 0 0 30 49.3 44.1 44.1
5137 0.5 0 0 0 5137 0.1 0 0 0 60 54.6 48.8 48.8
5137 0.5 0 0 0 5137 0.1 0 0 0 90 61.9 54.8 54.8
5137 0.5 0 0 0 5137 0.1 0 0 0 120 67.9 59.9 59.9
5137 0.5 0 0 0 5137 0.1 0 0 0 150 72.9 64.0 64.0
5137 0.5 0 0 0 5137 0.1 0 0 0 180 74.3 65.8 65.8
5137 0.5 0 0 0 5137 0.1 10 0 0 0 47.5 42.4 42.4
5137 0.5 0 0 0 5137 0.1 10 0 0 30 49.3 44.0 44.0
5137 0.5 0 0 0 5137 0.1 10 0 0 60 54.5 48.5 48.5
5137 0.5 0 0 0 5137 0.1 10 0 0 90 61.8 54.0 54.0
5137 0.5 0 0 0 5137 0.1 10 0 0 120 67.8 58.8 58.8
5137 0.5 0 0 0 5137 0.1 10 0 0 150 72.8 62.9 62.9
5137 0.5 0 0 0 5137 0.1 10 0 0 180 74.2 65.6 65.6
5137 0.5 0 0 0 5137 0.1 20 0 0 0 47.3 42.2 42.2
5137 0.5 0 0 0 5137 0.1 20 0 0 30 49.0 44.0 44.0
5137 0.5 0 0 0 5137 0.1 20 0 0 60 54.2 48.1 48.1
5137 0.5 0 0 0 5137 0.1 20 0 0 90 61.6 52.6 52.6
5137 0.5 0 0 0 5137 0.1 20 0 0 120 67.7 57.0 57.0
5137 0.5 0 0 0 5137 0.1 20 0 0 150 72.6 60.8 60.8
5137 0.5 0 0 0 5137 0.1 20 0 0 180 74.0 63.9 63.9
5137 0.5 0 0 0 5137 0.1 30 0 0 0 47.0 42.4 42.4
5137 0.5 0 0 0 5137 0.1 30 0 0 30 48.7 44.4 44.4
5137 0.5 0 0 0 5137 0.1 30 0 0 60 53.9 47.3 47.3
5137 0.5 0 0 0 5137 0.1 30 0 0 90 61.4 49.4 49.4
5137 0.5 0 0 0 5137 0.1 30 0 0 120 67.4 53.1 53.1
5137 0.5 0 0 0 5137 0.1 30 0 0 150 72.3 56.8 56.8
5137 0.5 0 0 0 5137 0.1 30 0 0 180 73.6 60.1 60.1
5137 0.5 0 0 0 5137 0.1 40 0 0 0 46.6 42.9 42.9
5137 0.5 0 0 0 5137 0.1 40 0 0 30 48.2 45.0 45.0
5137 0.5 0 0 0 5137 0.1 40 0 0 60 53.3 47.3 47.3
5137 0.5 0 0 0 5137 0.1 40 0 0 90 61.0 49.2 49.2
5137 0.5 0 0 0 5137 0.1 40 0 0 120 66.9 52.2 52.2
5137 0.5 0 0 0 5137 0.1 40 0 0 150 71.6 55.7 55.7
5137 0.5 0 0 0 5137 0.1 40 0 0 180 72.8 59.1 59.1
5137 0.5 0 0 0 5137 0.1 50 0 0 0 46.0 44.1 44.1
5137 0.5 0 0 0 5137 0.1 50 0 0 30 47.6 45.5 45.5
5137 0.5 0 0 0 5137 0.1 50 0 0 60 52.6 47.6 47.6
5137 0.5 0 0 0 5137 0.1 50 0 0 90 60.4 49.5 49.5
5137 0.5 0 0 0 5137 0.1 50 0 0 120 66.1 52.2 52.2
5137 0.5 0 0 0 5137 0.1 50 0 0 150 70.6 55.6 55.6
5137 0.5 0 0 0 5137 0.1 50 0 0 180 71.7 59.0 59.0
5137 0.5 0 0 0 5137 0.1 60 0 0 0 45.2 46.2 46.2
5137 0.5 0 0 0 5137 0.1 60 0 0 30 46.8 47.2 47.2
5137 0.5 0 0 0 5137 0.1 60 0 0 60 51.5 48.7 48.7
5137 0.5 0 0 0 5137 0.1 60 0 0 90 59.3 50.3 50.3
5137 0.5 0 0 0 5137 0.1 60 0 0 120 64.7 52.8 52.8
5137 0.5 0 0 0 5137 0.1 60 0 0 150 68.8 56.0 56.0
5137 0.5 0 0 0 5137 0.1 60 0 0 180 69.8 59.5 59.5
5137 0.5 0 0 0 5137 0.2 0 0 0 0 45.5 40.2 40.2
5137 0.5 0 0 0 5137 0.2 0 0 0 30 47.2 41.8 41.8
5137 0.5 0 0 0 5137 0.2 0 0 0 60 52.2 46.3 46.3
5137 0.5 0 0 0 5137 0.2 0 0 0 90 58.9 51.8 51.8
5137 0.5 0 0 0 5137 0.2 0 0 0 120 65.2 57.2 57.2
5137 0.5 0 0 0 5137 0.2 0 0 0 150 70.9 62.1 62.1
5137 0.5 0 0 0 5137 0.2 0 0 0 180 72.6 64.3 64.3
5137 0.5 0 0 0 5137 0.2 10 0 0 0 45.4 40.2 40.2
5137 0.5 0 0 0 5137 0.2 10 0 0 30 47.1 41.7 41.7
5137 0.5 0 0 0 5137 0.2 10 0 0 60 52.0 45.9 45.9
5137 0.5 0 0 0 5137 0.2 10 0 0 90 58.8 51.1 51.1
5137 0.5 0 0 0 5137 0.2 10 0 0 120 65.1 56.2 56.2
5137 0.5 0 0 0 5137 0.2 10 0 0 150 70.9 61.0 61.0
5137 0.5 0 0 0 5137 0.2 10 0 0 180 72.5 64.1 64.1
5137 0.5 0 0 0 5137 0.2 20 0 0 0 45.2 40.3 40.3
5137 0.5 0 0 0 5137 0.2 20 0 0 30 46.9 42.0 42.0
5137 0.5 0 0 0 5137 0.2 20 0 0 60 51.8 45.5 45.5
5137 0.5 0 0 0 5137 0.2 20 0 0 90 58.7 49.6 49.6
5137 0.5 0 0 0 5137 0.2 20 0 0 120 64.9 54.3 54.3
5137 0.5 0 0 0 5137 0.2 20 0 0 150 70.7 58.9 58.9
5137 0.5 0 0 0 5137 0.2 20 0 0 180 72.2 62.8 62.8
5137 0.5 0 0 0 5137 0.2 30 0 0 0 44.9 40.6 40.6
5137 0.5 0 0 0 5137 0.2 30 0 0 30 46.5 42.5 42.5
5137 0.5 0 0 0 5137 0.2 30 0 0 60 51.4 44.7 44.7
5137 0.5 0 0 0 5137 0.2 30 0 0 90 58.4 46.7 46.7
5137 0.5 0 0 0 5137 0.2 30 0 0 120 64.6 50.7 50.7
5137 0.5 0 0 0 5137 0.2 30 0 0 150 70.3 55.0 55.0
5137 0.5 0 0 0 5137 0.2 30 0 0 180 71.8 59.1 59.1
5137 0.5 0 0 0 5137 0.2 40 0 0 0 44.4 41.4 41.4
5137 0.5 0 0 0 5137 0.2 40 0 0 30 46.0 42.9 42.9
5137 0.5 0 0 0 5137 0.2 40 0 0 60 50.9 44.8 44.8
5137 0.5 0 0 0 5137 0.2 40 0 0 90 57.9 46.7 46.7
5137 0.5 0 0 0 5137 0.2 40 0 0 120 64.2 49.8 49.8
5137 0.5 0 0 0 5137 0.2 40 0 0 150 69.6 54.0 54.0
5137 0.5 0 0 0 5137 0.2 40 0 0 180 71.0 58.1 58.1
5137 0.5 0 0 0 5137 0.2 50 0 0 0 43.7 42.9 42.9
5137 0.5 0 0 0 5137 0.2 50 0 0 30 45.4 43.8 43.8
5137 0.5 0 0 0 5137 0.2 50 0 0 60 50.2 45.3 45.3
5137 0.5 0 0 0 5137 0.2 50 0 0 90 57.3 47.1 47.1
5137 0.5 0 0 0 5137 0.2 50 0 0 120 63.4 49.8 49.8
5137 0.5 0 0 0 5137 0.2 50 0 0 150 68.6 53.8 53.8
5137 0.5 0 0 0 5137 0.2 50 0 0 180 69.9 58.0 58.0
5137 0.5 0 0 0 5137 0.2 60 0 0 0 43.2 45.0 45.0
5137 0.5 0 0 0 5137 0.2 60 0 0 30 44.6 45.6 45.6
5137 0.5 0 0 0 5137 0.2 60 0 0 60 49.1 46.6 46.6
5137 0.5 0 0 0 5137 0.2 60 0 0 90 56.2 47.9 47.9
5137 0.5 0 0 0 5137 0.2 60 0 0 120 62.0 50.3 50.3
5137 0.5 0 0 0 5137 0.2 60 0 0 150 66.8 54.1 54.1
5137 0.5 0 0 0 5137 0.2 60 0 0 180 67.9 58.3 58.3
5137 0.5 0 0 0 5137 0.3 0 0 0 0 43.5 38.0 38.0
5137 0.5 0 0 0 5137 0.3 0 0 0 30 45.2 39.6 39.6
5137 0.5 0 0 0 5137 0.3 0 0 0 60 50.0 43.9 43.9
5137 0.5 0 0 0 5137 0.3 0 0 0 90 56.0 48.9 48.9
5137 0.5 0 0 0 5137 0.3 0 0 0 120 62.3 54.3 54.3
5137 0.5 0 0 0 5137 0.3 0 0 0 150 68.7 60.0 60.0
5137 0.5 0 0 0 5137 0.3 0 0 0 180 70.7 62.5 62.5
5137 0.5 0 0 0 5137 0.3 10 0 0 0 43.4 38.1 38.1
5137 0.5 0 0 0 5137 0.3 10 0 0 30 45.1 39.7 39.7
5137 0.5 0 0 0 5137 0.3 10 0 0 60 49.8 43.6 43.6
5137 0.5 0 0 0 5137 0.3 10 0 0 90 55.9 48.2 48.2
5137 0.5 0 0 0 5137 0.3 10 0 0 120 62.2 53.3 53.3
5137 0.5 0 0 0 5137 0.3 10 0 0 150 68.7 58.9 58.9
5137 0.5 0 0 0 5137 0.3 10 0 0 180 70.6 62.3 62.3
5137 0.5 0 0 0 5137 0.3 20 0 0 0 43.2 38.5 38.5
5137 0.5 0 0 0 5137 0.3 20 0 0 30 44.9 40.1 40.1
5137 0.5 0 0 0 5137 0.3 20 0 0 60 49.6 42.8 42.8
5137 0.5 0 0 0 5137 0.3 20 0 0 90 55.7 46.7 46.7
5137 0.5 0 0 0 5137 0.3 20 0 0 120 62.0 51.4 51.4
5137 0.5 0 0 0 5137 0.3 20 0 0 150 68.5 56.7 56.7
5137 0.5 0 0 0 5137 0.3 20 0 0 180 70.4 61.0 61.0
5137 0.5 0 0 0 5137 0.3 30 0 0 0 42.8 39.1 39.1
5137 0.5 0 0 0 5137 0.3 30 0 0 30 44.5 40.5 40.5
5137 0.5 0 0 0 5137 0.3 30 0 0 60 49.2 42.1 42.1
5137 0.5 0 0 0 5137 0.3 30 0 0 90 55.4 44.1 44.1
5137 0.5 0 0 0 5137 0.3 30 0 0 120 61.7 48.2 48.2
5137 0.5 0 0 0 5137 0.3 30 0 0 150 68.1 53.3 53.3
5137 0.5 0 0 0 5137 0.3 30 0 0 180 69.9 58.2 58.2
5137 0.5 0 0 0 5137 0.3 40 0 0 0 42.3 40.4 40.4
5137 0.5 0 0 0 5137 0.3 40 0 0 30 44.0 41.1 41.1
5137 0.5 0 0 0 5137 0.3 40 0 0 60 48.7 42.4 42.4
5137 0.5 0 0 0 5137 0.3 40 0 0 90 54.9 44.2 44.2
5137 0.5 0 0 0 5137 0.3 40 0 0 120 61.2 47.5 47.5
5137 0.5 0 0 0 5137 0.3 40 0 0 150 67.4 52.2 52.2
5137 0.5 0 0 0 5137 0.3 40 0 0 180 69.1 57.4 57.4
5137 0.5 0 0 0 5137 0.3 50 0 0 0 41.7 42.1 42.1
5137 0.5 0 0 0 5137 0.3 50 0 0 30 43.4 42.3 42.3
5137 0.5 0 0 0 5137 0.3 50 0 0 60 48.0 43.1 43.1
5137 0.5 0 0 0 5137 0.3 50 0 0 90 54.2 44.6 44.6
5137 0.5 0 0 0 5137 0.3 50 0 0 120 60.4 47.4 47.4
5137 0.5 0 0 0 5137 0.3 50 0 0 150 66.4 51.9 51.9
5137 0.5 0 0 0 5137 0.3 50 0 0 180 67.9 57.1 57.1
5137 0.5 0 0 0 5137 0.3 60 0 0 0 41.7 44.0 44.0
5137 0.5 0 0 0 5137 0.3 60 0 0 30 43.0 44.1 44.1
5137 0.5 0 0 0 5137 0.3 60 0 0 60 46.9 44.7 44.7
5137 0.5 0 0 0 5137 0.3 60 0 0 90 53.1 45.7 45.7
5137 0.5 0 0 0 5137 0.3 60 0 0 120 59.1 47.8 47.8
5137 0.5 0 0 0 5137 0.3 60 0 0 150 64.5 52.1 52.1
5137 0.5 0 0 0 5137 0.3 60 0 0 180 65.9 57.3 57.3
5137 0.5 0 0 0 5137 0.4 0 0 0 0 41.5 35.8 35.8
5137 0.5 0 0 0 5137 0.4 0 0 0 30 44.0 37.9 37.9
5137 0.5 0 0 0 5137 0.4 0 0 0 60 48.0 41.7 41.7
5137 0.5 0 0 0 5137 0.4 0 0 0 90 53.1 45.9 45.9
5137 0.5 0 0 0 5137 0.4 0 0 0 120 59.2 51.1 51.1
5137 0.5 0 0 0 5137 0.4 0 0 0 150 66.3 57.6 57.6
5137 0.5 0 0 0 5137 0.4 0 0 0 180 68.8 60.6 60.6
5137 0.5 0 0 0 5137 0.4 10 0 0 0 41.4 36.2 36.2
5137 0.5 0 0 0 5137 0.4 10 0 0 30 43.9 38.0 38.0
5137 0.5 0 0 0 5137 0.4 10 0 0 60 47.8 41.3 41.3
5137 0.5 0 0 0 5137 0.4 10 0 0 90 53.1 45.2 45.2
5137 0.5 0 0 0 5137 0.4 10 0 0 120 59.1 50.2 50.2
5137 0.5 0 0 0 5137 0.4 10 0 0 150 66.3 56.4 56.4
5137 0.5 0 0 0 5137 0.4 10 0 0 180 68.7 60.3 60.3
5137 0.5 0 0 0 5137 0.4 20 0 0 0 41.2 37.0 37.0
5137 0.5 0 0 0 5137 0.4 20 0 0 30 43.7 38.2 38.2
5137 0.5 0 0 0 5137 0.4 20 0 0 60 47.6 39.9 39.9
5137 0.5 0 0 0 5137 0.4 20 0 0 90 52.8 43.3 43.3
5137 0.5 0 0 0 5137 0.4 20 0 0 120 58.9 47.9 47.9
5137 0.5 0 0 0 5137 0.4 20 0 0 150 66.0 53.9 53.9
5137 0.5 0 0 0 5137 0.4 20 0 0 180 68.4 58.6 58.6
5137 0.5 0 0 0 5137 0.4 30 0 0 0 40.9 38.3 38.3
5137 0.5 0 0 0 5137 0.4 30 0 0 30 43.3 38.6 38.6
5137 0.5 0 0 0 5137 0.4 30 0 0 60 47.2 39.8 39.8
5137 0.5 0 0 0 5137 0.4 30 0 0 90 52.5 41.7 41.7
5137 0.5 0 0 0 5137 0.4 30 0 0 120 58.6 45.8 45.8
5137 0.5 0 0 0 5137 0.4 30 0 0 150 65.6 51.4 51.4
5137 0.5 0 0 0 5137 0.4 30 0 0 180 67.9 56.9 56.9
5137 0.5 0 0 0 5137 0.4 40 0 0 0 40.5 39.8 39.8
5137 0.5 0 0 0 5137 0.4 40 0 0 30 42.7 39.7 39.7
5137 0.5 0 0 0 5137 0.4 40 0 0 60 46.7 40.3 40.3
5137 0.5 0 0 0 5137 0.4 40 0 0 90 52.0 41.8 41.8
5137 0.5 0 0 0 5137 0.4 40 0 0 120 58.1 45.1 45.1
5137 0.5 0 0 0 5137 0.4 40 0 0 150 64.9 50.5 50.5
5137 0.5 0 0 0 5137 0.4 40 0 0 180 67.1 56.4 56.4
5137 0.5 0 0 0 5137 0.4 50 0 0 0 40.5 41.3 41.3
5137 0.5 0 0 0 5137 0.4 50 0 0 30 42.1 41.1 41.1
5137 0.5 0 0 0 5137 0.4 50 0 0 60 45.9 41.5 41.5
5137 0.5 0 0 0 5137 0.4 50 0 0 90 51.3 42.4 42.4
5137 0.5 0 0 0 5137 0.4 50 0 0 120 57.3 45.0 45.0
5137 0.5 0 0 0 5137 0.4 50 0 0 150 63.8 50.0 50.0
5137 0.5 0 0 0 5137 0.4 50 0 0 180 65.8 56.1 56.1
5137 0.5 0 0 0 5137 0.4 60 0 0 0 40.8 43.0 43.0
5137 0.5 0 0 0 5137 0.4 60 0 0 30 42.0 42.7 42.7
5137 0.5 0 0 0 5137 0.4 60 0 0 60 45.2 43.1 43.1
5137 0.5 0 0 0 5137 0.4 60 0 0 90 50.1 43.7 43.7
5137 0.5 0 0 0 5137 0.4 60 0 0 120 55.9 45.5 45.5
5137 0.5 0 0 0 5137 0.4 60 0 0 150 61.9 50.0 50.0
5137 0.5 0 0 0 5137 0.4 60 0 0 180 63.6 56.2 56.2
5137 0.5 0 0 0 5137 0.5 0 0 0 0 40.7 34.4 34.4
5137 0.5 0 0 0 5137 0.5 0 0 0 30 43.2 36.8 36.8
5137 0.5 0 0 0 5137 0.5 0 0 0 60 46.2 39.6 39.6
5137 0.5 0 0 0 5137 0.5 0 0 0 90 50.4 42.9 42.9
5137 0.5 0 0 0 5137 0.5 0 0 0 120 56.0 47.6 47.6
5137 0.5 0 0 0 5137 0.5 0 0 0 150 63.7 54.6 54.6
5137 0.5 0 0 0 5137 0.5 0 0 0 180 66.7 58.2 58.2
5137 0.5 0 0 0 5137 0.5 10 0 0 0 40.6 34.9 34.9
5137 0.5 0 0 0 5137 0.5 10 0 0 30 43.1 36.6 36.6
5137 0.5 0 0 0 5137 0.5 10 0 0 60 46.1 39.0 39.0
5137 0.5 0 0 0 5137 0.5 10 0 0 90 50.3 42.1 42.1
5137 0.5 0 0 0 5137 0.5 10 0 0 120 55.9 46.7 46.7
5137 0.5 0 0 0 5137 0.5 10 0 0 150 63.6 53.4 53.4
5137 0.5 0 0 0 5137 0.5 10 0 0 180 66.6 57.9 57.9
5137 0.5 0 0 0 5137 0.5 20 0 0 0 40.3 36.2 36.2
5137 0.5 0 0 0 5137 0.5 20 0 0 30 42.8 36.3 36.3
5137 0.5 0 0 0 5137 0.5 20 0 0 60 45.8 37.6 37.6
5137 0.5 0 0 0 5137 0.5 20 0 0 90 50.1 40.4 40.4
5137 0.5 0 0 0 5137 0.5 20 0 0 120 55.7 44.6 44.6
5137 0.5 0 0 0 5137 0.5 20 0 0 150 63.4 51.1 51.1
5137 0.5 0 0 0 5137 0.5 20 0 0 180 66.3 56.4 56.4
5137 0.5 0 0 0 5137 0.5 30 0 0 0 40.1 37.7 37.7
5137 0.5 0 0 0 5137 0.5 30 0 0 30 42.4 37.5 37.5
5137 0.5 0 0 0 5137 0.5 30 0 0 60 45.4 37.9 37.9
5137 0.5 0 0 0 5137 0.5 30 0 0 90 49.7 39.6 39.6
5137 0.5 0 0 0 5137 0.5 30 0 0 120 55.3 43.4 43.4
5137 0.5 0 0 0 5137 0.5 30 0 0 150 62.9 49.5 49.5
5137 0.5 0 0 0 5137 0.5 30 0 0 180 65.8 55.7 55.7
5137 0.5 0 0 0 5137 0.5 40 0 0 0 40.1 39.1 39.1
5137 0.5 0 0 0 5137 0.5 40 0 0 30 42.0 38.8 38.8
5137 0.5 0 0 0 5137 0.5 40 0 0 60 44.9 39.0 39.0
5137 0.5 0 0 0 5137 0.5 40 0 0 90 49.2 39.8 39.8
5137 0.5 0 0 0 5137 0.5 40 0 0 120 54.8 42.8 42.8
5137 0.5 0 0 0 5137 0.5 40 0 0 150 62.2 48.6 48.6
5137 0.5 0 0 0 5137 0.5 40 0 0 180 64.9 55.2 55.2
5137 0.5 0 0 0 5137 0.5 50 0 0 0 40.3 40.5 40.5
5137 0.5 0 0 0 5137 0.5 50 0 0 30 41.9 40.2 40.2
5137 0.5 0 0 0 5137 0.5 50 0 0 60 44.4 40.2 40.2
5137 0.5 0 0 0 5137 0.5 50 0 0 90 48.4 40.8 40.8
5137 0.5 0 0 0 5137 0.5 50 0 0 120 53.9 42.7 42.7
5137 0.5 0 0 0 5137 0.5 50 0 0 150 61.0 48.1 48.1
5137 0.5 0 0 0 5137 0.5 50 0 0 180 63.5 55.0 55.0
5137 0.5 0 0 0 5137 0.5 60 0 0 0 40.8 41.9 41.9
5137 0.5 0 0 0 5137 0.5 60 0 0 30 41.7 41.6 41.6
5137 0.5 0 0 0 5137 0.5 60 0 0 60 44.1 41.6 41.6
5137 0.5 0 0 0 5137 0.5 60 0 0 90 47.9 42.0 42.0
5137 0.5 0 0 0 5137 0.5 60 0 0 120 52.4 43.4 43.4
5137 0.5 0 0 0 5137 0.5 60 0 0 150 58.8 47.8 47.8
5137 0.5 0 0 0 5137 0.5 60 0 0 180 61.1 54.9 54.9
