4737 0.5 60 0 0 4737 0.0 0 0 0 0 48.6 45.2 45.2
4737 0.5 60 0 0 4737 0.0 0 0 0 30 49.8 48.8 48.8
4737 0.5 60 0 0 4737 0.0 0 0 0 60 53.1 54.0 54.0
4737 0.5 60 0 0 4737 0.0 0 0 0 90 58.4 59.4 59.4
4737 0.5 60 0 0 4737 0.0 0 0 0 120 63.2 62.1 62.1
4737 0.5 60 0 0 4737 0.0 0 0 0 150 66.6 61.1 61.1
4737 0.5 60 0 0 4737 0.0 0 0 0 180 67.7 58.9 58.9
4737 0.5 60 0 0 4737 0.0 10 0 0 0 48.5 44.2 44.2
4737 0.5 60 0 0 4737 0.0 10 0 0 30 49.7 47.5 47.5
4737 0.5 60 0 0 4737 0.0 10 0 0 60 53.0 52.8 52.8
4737 0.5 60 0 0 4737 0.0 10 0 0 90 58.3 58.4 58.4
4737 0.5 60 0 0 4737 0.0 10 0 0 120 63.1 61.4 61.4
4737 0.5 60 0 0 4737 0.0 10 0 0 150 66.6 61.6 61.6
4737 0.5 60 0 0 4737 0.0 10 0 0 180 67.6 59.5 59.5
4737 0.5 60 0 0 4737 0.0 20 0 0 0 48.3 42.5 42.5
4737 0.5 60 0 0 4737 0.0 20 0 0 30 49.5 45.2 45.2
4737 0.5 60 0 0 4737 0.0 20 0 0 60 52.7 50.7 50.7
4737 0.5 60 0 0 4737 0.0 20 0 0 90 58.1 56.3 56.3
4737 0.5 60 0 0 4737 0.0 20 0 0 120 62.9 59.4 59.4
4737 0.5 60 0 0 4737 0.0 20 0 0 150 66.3 61.0 61.0
4737 0.5 60 0 0 4737 0.0 20 0 0 180 67.5 59.4 59.4
4737 0.5 60 0 0 4737 0.0 30 0 0 0 48.0 39.6 39.6
4737 0.5 60 0 0 4737 0.0 30 0 0 30 49.1 41.6 41.6
4737 0.5 60 0 0 4737 0.0 30 0 0 60 52.3 47.1 47.1
4737 0.5 60 0 0 4737 0.0 30 0 0 90 57.8 52.5 52.5
4737 0.5 60 0 0 4737 0.0 30 0 0 120 62.5 55.7 55.7
4737 0.5 60 0 0 4737 0.0 30 0 0 150 65.9 58.0 58.0
4737 0.5 60 0 0 4737 0.0 30 0 0 180 67.1 58.1 58.1
4737 0.5 60 0 0 4737 0.0 40 0 0 0 47.5 39.5 39.5
4737 0.5 60 0 0 4737 0.0 40 0 0 30 48.4 41.4 41.4
4737 0.5 60 0 0 4737 0.0 40 0 0 60 51.5 46.5 46.5
4737 0.5 60 0 0 4737 0.0 40 0 0 90 57.3 51.6 51.6
4737 0.5 60 0 0 4737 0.0 40 0 0 120 61.9 55.1 55.1
4737 0.5 60 0 0 4737 0.0 40 0 0 150 65.2 57.6 57.6
4737 0.5 60 0 0 4737 0.0 40 0 0 180 66.5 58.5 58.5
4737 0.5 60 0 0 4737 0.0 50 0 0 0 46.7 39.9 39.9
4737 0.5 60 0 0 4737 0.0 50 0 0 30 47.5 41.8 41.8
4737 0.5 60 0 0 4737 0.0 50 0 0 60 50.5 46.6 46.6
4737 0.5 60 0 0 4737 0.0 50 0 0 90 56.5 51.7 51.7
4737 0.5 60 0 0 4737 0.0 50 0 0 120 60.8 55.3 55.3
4737 0.5 60 0 0 4737 0.0 50 0 0 150 64.0 58.1 58.1
4737 0.5 60 0 0 4737 0.0 50 0 0 180 65.5 59.6 59.6
4737 0.5 60 0 0 4737 0.0 60 0 0 0 45.4 40.6 40.6
4737 0.5 60 0 0 4737 0.0 60 0 0 30 46.0 42.6 42.6
4737 0.5 60 0 0 4737 0.0 60 0 0 60 48.8 47.2 47.2
4737 0.5 60 0 0 4737 0.0 60 0 0 90 55.0 52.4 52.4
4737 0.5 60 0 0 4737 0.0 60 0 0 120 58.9 56.2 56.2
4737 0.5 60 0 0 4737 0.0 60 0 0 150 62.0 59.3 59.3
4737 0.5 60 0 0 4737 0.0 60 0 0 180 63.6 61.2 61.2
4737 0.5 60 0 0 4737 0.1 0 0 0 0 46.7 43.5 43.5
4737 0.5 60 0 0 4737 0.1 0 0 0 30 47.8 46.9 46.9
4737 0.5 60 0 0 4737 0.1 0 0 0 60 50.9 51.4 51.4
4737 0.5 60 0 0 4737 0.1 0 0 0 90 55.8 56.8 56.8
4737 0.5 60 0 0 4737 0.1 0 0 0 120 60.8 60.5 60.5
4737 0.5 60 0 0 4737 0.1 0 0 0 150 65.0 60.7 60.7
4737 0.5 60 0 0 4737 0.1 0 0 0 180 66.3 57.7 57.7
4737 0.5 60 0 0 4737 0.1 10 0 0 0 46.6 42.5 42.5
4737 0.5 60 0 0 4737 0.1 10 0 0 30 47.7 45.6 45.6
4737 0.5 60 0 0 4737 0.1 10 0 0 60 50.8 50.3 50.3
4737 0.5 60 0 0 4737 0.1 10 0 0 90 55.7 55.8 55.8
4737 0.5 60 0 0 4737 0.1 10 0 0 120 60.8 59.6 59.6
4737 0.5 60 0 0 4737 0.1 10 0 0 150 65.0 60.7 60.7
4737 0.5 60 0 0 4737 0.1 10 0 0 180 66.2 58.4 58.4
4737 0.5 60 0 0 4737 0.1 20 0 0 0 46.3 40.5 40.5
4737 0.5 60 0 0 4737 0.1 20 0 0 30 47.5 43.2 43.2
4737 0.5 60 0 0 4737 0.1 20 0 0 60 50.5 48.1 48.1
4737 0.5 60 0 0 4737 0.1 20 0 0 90 55.5 53.7 53.7
4737 0.5 60 0 0 4737 0.1 20 0 0 120 60.6 57.4 57.4
4737 0.5 60 0 0 4737 0.1 20 0 0 150 64.7 59.8 59.8
4737 0.5 60 0 0 4737 0.1 20 0 0 180 66.0 58.3 58.3
4737 0.5 60 0 0 4737 0.1 30 0 0 0 45.9 37.4 37.4
4737 0.5 60 0 0 4737 0.1 30 0 0 30 47.0 39.5 39.5
4737 0.5 60 0 0 4737 0.1 30 0 0 60 50.0 44.4 44.4
4737 0.5 60 0 0 4737 0.1 30 0 0 90 55.1 49.8 49.8
4737 0.5 60 0 0 4737 0.1 30 0 0 120 60.2 53.6 53.6
4737 0.5 60 0 0 4737 0.1 30 0 0 150 64.3 56.8 56.8
4737 0.5 60 0 0 4737 0.1 30 0 0 180 65.6 57.2 57.2
4737 0.5 60 0 0 4737 0.1 40 0 0 0 45.3 37.5 37.5
4737 0.5 60 0 0 4737 0.1 40 0 0 30 46.2 39.2 39.2
4737 0.5 60 0 0 4737 0.1 40 0 0 60 49.2 43.8 43.8
4737 0.5 60 0 0 4737 0.1 40 0 0 90 54.6 49.0 49.0
4737 0.5 60 0 0 4737 0.1 40 0 0 120 59.5 52.9 52.9
4737 0.5 60 0 0 4737 0.1 40 0 0 150 63.6 56.3 56.3
4737 0.5 60 0 0 4737 0.1 40 0 0 180 65.0 58.0 58.0
4737 0.5 60 0 0 4737 0.1 50 0 0 0 44.4 38.0 38.0
4737 0.5 60 0 0 4737 0.1 50 0 0 30 45.2 39.7 39.7
4737 0.5 60 0 0 4737 0.1 50 0 0 60 48.1 43.9 43.9
4737 0.5 60 0 0 4737 0.1 50 0 0 90 53.8 49.0 49.0
4737 0.5 60 0 0 4737 0.1 50 0 0 120 58.5 53.1 53.1
4737 0.5 60 0 0 4737 0.1 50 0 0 150 62.4 56.6 56.6
4737 0.5 60 0 0 4737 0.1 50 0 0 180 63.9 59.0 59.0
4737 0.5 60 0 0 4737 0.1 60 0 0 0 42.9 38.7 38.7
4737 0.5 60 0 0 4737 0.1 60 0 0 30 43.6 40.4 40.4
4737 0.5 60 0 0 4737 0.1 60 0 0 60 46.4 44.4 44.4
4737 0.5 60 0 0 4737 0.1 60 0 0 90 52.4 49.5 49.5
4737 0.5 60 0 0 4737 0.1 60 0 0 120 56.6 53.8 53.8
4737 0.5 60 0 0 4737 0.1 60 0 0 150 60.4 57.6 57.6
4737 0.5 60 0 0 4737 0.1 60 0 0 180 62.0 60.5 60.5
4737 0.5 60 0 0 4737 0.2 0 0 0 0 44.8 42.1 42.1
4737 0.5 60 0 0 4737 0.2 0 0 0 30 45.9 45.0 45.0
4737 0.5 60 0 0 4737 0.2 0 0 0 60 48.7 48.9 48.9
4737 0.5 60 0 0 4737 0.2 0 0 0 90 53.2 53.9 53.9
4737 0.5 60 0 0 4737 0.2 0 0 0 120 58.4 58.4 58.4
4737 0.5 60 0 0 4737 0.2 0 0 0 150 63.2 59.5 59.5
4737 0.5 60 0 0 4737 0.2 0 0 0 180 64.6 56.5 56.5
4737 0.5 60 0 0 4737 0.2 10 0 0 0 44.7 40.8 40.8
4737 0.5 60 0 0 4737 0.2 10 0 0 30 45.8 43.7 43.7
4737 0.5 60 0 0 4737 0.2 10 0 0 60 48.6 47.7 47.7
4737 0.5 60 0 0 4737 0.2 10 0 0 90 53.1 52.9 52.9
4737 0.5 60 0 0 4737 0.2 10 0 0 120 58.3 57.4 57.4
4737 0.5 60 0 0 4737 0.2 10 0 0 150 63.1 59.3 59.3
4737 0.5 60 0 0 4737 0.2 10 0 0 180 64.6 57.2 57.2
4737 0.5 60 0 0 4737 0.2 20 0 0 0 44.4 38.6 38.6
4737 0.5 60 0 0 4737 0.2 20 0 0 30 45.5 41.2 41.2
4737 0.5 60 0 0 4737 0.2 20 0 0 60 48.3 45.5 45.5
4737 0.5 60 0 0 4737 0.2 20 0 0 90 52.9 50.8 50.8
4737 0.5 60 0 0 4737 0.2 20 0 0 120 58.1 55.0 55.0
4737 0.5 60 0 0 4737 0.2 20 0 0 150 62.9 58.2 58.2
4737 0.5 60 0 0 4737 0.2 20 0 0 180 64.3 57.0 57.0
4737 0.5 60 0 0 4737 0.2 30 0 0 0 43.9 35.6 35.6
4737 0.5 60 0 0 4737 0.2 30 0 0 30 44.9 37.7 37.7
4737 0.5 60 0 0 4737 0.2 30 0 0 60 47.8 42.1 42.1
4737 0.5 60 0 0 4737 0.2 30 0 0 90 52.5 47.2 47.2
4737 0.5 60 0 0 4737 0.2 30 0 0 120 57.7 51.5 51.5
4737 0.5 60 0 0 4737 0.2 30 0 0 150 62.5 55.4 55.4
4737 0.5 60 0 0 4737 0.2 30 0 0 180 63.9 56.2 56.2
4737 0.5 60 0 0 4737 0.2 40 0 0 0 43.2 35.6 35.6
4737 0.5 60 0 0 4737 0.2 40 0 0 30 44.1 37.1 37.1
4737 0.5 60 0 0 4737 0.2 40 0 0 60 47.0 41.3 41.3
4737 0.5 60 0 0 4737 0.2 40 0 0 90 52.0 46.3 46.3
4737 0.5 60 0 0 4737 0.2 40 0 0 120 57.0 50.7 50.7
4737 0.5 60 0 0 4737 0.2 40 0 0 150 61.8 54.8 54.8
4737 0.5 60 0 0 4737 0.2 40 0 0 180 63.2 57.0 57.0
4737 0.5 60 0 0 4737 0.2 50 0 0 0 42.1 36.1 36.1
4737 0.5 60 0 0 4737 0.2 50 0 0 30 42.9 37.6 37.6
4737 0.5 60 0 0 4737 0.2 50 0 0 60 45.9 41.3 41.3
4737 0.5 60 0 0 4737 0.2 50 0 0 90 51.2 46.2 46.2
4737 0.5 60 0 0 4737 0.2 50 0 0 120 56.0 50.6 50.6
4737 0.5 60 0 0 4737 0.2 50 0 0 150 60.6 55.1 55.1
4737 0.5 60 0 0 4737 0.2 50 0 0 180 62.1 58.1 58.1
4737 0.5 60 0 0 4737 0.2 60 0 0 0 40.5 36.8 36.8
4737 0.5 60 0 0 4737 0.2 60 0 0 30 41.2 38.3 38.3
4737 0.5 60 0 0 4737 0.2 60 0 0 60 44.2 41.7 41.7
4737 0.5 60 0 0 4737 0.2 60 0 0 90 49.7 46.5 46.5
4737 0.5 60 0 0 4737 0.2 60 0 0 120 54.1 51.1 51.1
4737 0.5 60 0 0 4737 0.2 60 0 0 150 58.5 55.8 55.8
4737 0.5 60 0 0 4737 0.2 60 0 0 180 60.1 59.5 59.5
4737 0.5 60 0 0 4737 0.3 0 0 0 0 43.0 41.3 41.3
4737 0.5 60 0 0 4737 0.3 0 0 0 30 44.1 43.1 43.1
4737 0.5 60 0 0 4737 0.3 0 0 0 60 46.6 46.4 46.4
4737 0.5 60 0 0 4737 0.3 0 0 0 90 50.7 51.0 51.0
4737 0.5 60 0 0 4737 0.3 0 0 0 120 55.8 56.0 56.0
4737 0.5 60 0 0 4737 0.3 0 0 0 150 61.2 57.9 57.9
4737 0.5 60 0 0 4737 0.3 0 0 0 180 62.9 55.3 55.3
4737 0.5 60 0 0 4737 0.3 10 0 0 0 42.9 39.6 39.6
4737 0.5 60 0 0 4737 0.3 10 0 0 30 44.0 41.8 41.8
4737 0.5 60 0 0 4737 0.3 10 0 0 60 46.5 45.3 45.3
4737 0.5 60 0 0 4737 0.3 10 0 0 90 50.6 49.9 49.9
4737 0.5 60 0 0 4737 0.3 10 0 0 120 55.7 54.8 54.8
4737 0.5 60 0 0 4737 0.3 10 0 0 150 61.1 57.6 57.6
4737 0.5 60 0 0 4737 0.3 10 0 0 180 62.8 55.9 55.9
4737 0.5 60 0 0 4737 0.3 20 0 0 0 42.5 36.8 36.8
4737 0.5 60 0 0 4737 0.3 20 0 0 30 43.6 39.2 39.2
4737 0.5 60 0 0 4737 0.3 20 0 0 60 46.2 42.7 42.7
4737 0.5 60 0 0 4737 0.3 20 0 0 90 50.4 47.5 47.5
4737 0.5 60 0 0 4737 0.3 20 0 0 120 55.5 52.1 52.1
4737 0.5 60 0 0 4737 0.3 20 0 0 150 60.9 56.1 56.1
4737 0.5 60 0 0 4737 0.3 20 0 0 180 62.6 55.3 55.3
4737 0.5 60 0 0 4737 0.3 30 0 0 0 42.0 33.9 33.9
4737 0.5 60 0 0 4737 0.3 30 0 0 30 43.0 36.2 36.2
4737 0.5 60 0 0 4737 0.3 30 0 0 60 45.7 39.9 39.9
4737 0.5 60 0 0 4737 0.3 30 0 0 90 50.0 44.6 44.6
4737 0.5 60 0 0 4737 0.3 30 0 0 120 55.1 49.2 49.2
4737 0.5 60 0 0 4737 0.3 30 0 0 150 60.4 54.1 54.1
4737 0.5 60 0 0 4737 0.3 30 0 0 180 62.1 55.0 55.0
4737 0.5 60 0 0 4737 0.3 40 0 0 0 41.1 33.7 33.7
4737 0.5 60 0 0 4737 0.3 40 0 0 30 42.1 35.4 35.4
4737 0.5 60 0 0 4737 0.3 40 0 0 60 44.9 39.1 39.1
4737 0.5 60 0 0 4737 0.3 40 0 0 90 49.4 43.7 43.7
4737 0.5 60 0 0 4737 0.3 40 0 0 120 54.4 48.4 48.4
4737 0.5 60 0 0 4737 0.3 40 0 0 150 59.7 53.4 53.4
4737 0.5 60 0 0 4737 0.3 40 0 0 180 61.3 55.9 55.9
4737 0.5 60 0 0 4737 0.3 50 0 0 0 39.9 34.2 34.2
4737 0.5 60 0 0 4737 0.3 50 0 0 30 40.8 35.6 35.6
4737 0.5 60 0 0 4737 0.3 50 0 0 60 43.9 38.9 38.9
4737 0.5 60 0 0 4737 0.3 50 0 0 90 48.6 43.4 43.4
4737 0.5 60 0 0 4737 0.3 50 0 0 120 53.3 48.2 48.2
4737 0.5 60 0 0 4737 0.3 50 0 0 150 58.5 53.4 53.4
4737 0.5 60 0 0 4737 0.3 50 0 0 180 60.2 56.8 56.8
4737 0.5 60 0 0 4737 0.3 60 0 0 0 38.0 34.8 34.8
4737 0.5 60 0 0 4737 0.3 60 0 0 30 38.8 36.2 36.2
4737 0.5 60 0 0 4737 0.3 60 0 0 60 42.1 39.1 39.1
4737 0.5 60 0 0 4737 0.3 60 0 0 90 47.0 43.5 43.5
4737 0.5 60 0 0 4737 0.3 60 0 0 120 51.3 48.4 48.4
4737 0.5 60 0 0 4737 0.3 60 0 0 150 56.4 53.8 53.8
4737 0.5 60 0 0 4737 0.3 60 0 0 180 58.0 58.1 58.1
4737 0.5 60 0 0 4737 0.4 0 0 0 0 41.4 40.9 40.9
4737 0.5 60 0 0 4737 0.4 0 0 0 30 42.5 42.0 42.0
4737 0.5 60 0 0 4737 0.4 0 0 0 60 44.7 44.0 44.0
4737 0.5 60 0 0 4737 0.4 0 0 0 90 48.3 47.9 47.9
4737 0.5 60 0 0 4737 0.4 0 0 0 120 53.0 53.1 53.1
4737 0.5 60 0 0 4737 0.4 0 0 0 150 59.0 56.0 56.0
4737 0.5 60 0 0 4737 0.4 0 0 0 180 61.1 53.9 53.9
4737 0.5 60 0 0 4737 0.4 10 0 0 0 41.2 38.7 38.7
4737 0.5 60 0 0 4737 0.4 10 0 0 30 42.4 40.2 40.2
4737 0.5 60 0 0 4737 0.4 10 0 0 60 44.6 42.8 42.8
4737 0.5 60 0 0 4737 0.4 10 0 0 90 48.2 46.8 46.8
4737 0.5 60 0 0 4737 0.4 10 0 0 120 53.0 51.8 51.8
4737 0.5 60 0 0 4737 0.4 10 0 0 150 58.9 55.5 55.5
4737 0.5 60 0 0 4737 0.4 10 0 0 180 61.0 54.3 54.3
4737 0.5 60 0 0 4737 0.4 20 0 0 0 40.8 35.3 35.3
4737 0.5 60 0 0 4737 0.4 20 0 0 30 42.0 37.0 37.0
4737 0.5 60 0 0 4737 0.4 20 0 0 60 44.3 39.8 39.8
4737 0.5 60 0 0 4737 0.4 20 0 0 90 47.9 43.9 43.9
4737 0.5 60 0 0 4737 0.4 20 0 0 120 52.7 48.7 48.7
4737 0.5 60 0 0 4737 0.4 20 0 0 150 58.7 53.5 53.5
4737 0.5 60 0 0 4737 0.4 20 0 0 180 60.7 53.1 53.1
4737 0.5 60 0 0 4737 0.4 30 0 0 0 40.2 33.2 33.2
4737 0.5 60 0 0 4737 0.4 30 0 0 30 41.3 35.1 35.1
4737 0.5 60 0 0 4737 0.4 30 0 0 60 43.8 38.1 38.1
4737 0.5 60 0 0 4737 0.4 30 0 0 90 47.5 42.1 42.1
4737 0.5 60 0 0 4737 0.4 30 0 0 120 52.3 46.8 46.8
4737 0.5 60 0 0 4737 0.4 30 0 0 150 58.2 52.5 52.5
4737 0.5 60 0 0 4737 0.4 30 0 0 180 60.2 53.7 53.7
4737 0.5 60 0 0 4737 0.4 40 0 0 0 39.2 32.2 32.2
4737 0.5 60 0 0 4737 0.4 40 0 0 30 40.3 34.2 34.2
4737 0.5 60 0 0 4737 0.4 40 0 0 60 43.0 37.3 37.3
4737 0.5 60 0 0 4737 0.4 40 0 0 90 46.9 41.2 41.2
4737 0.5 60 0 0 4737 0.4 40 0 0 120 51.5 46.0 46.0
4737 0.5 60 0 0 4737 0.4 40 0 0 150 57.4 51.8 51.8
4737 0.5 60 0 0 4737 0.4 40 0 0 180 59.4 54.6 54.6
4737 0.5 60 0 0 4737 0.4 50 0 0 0 37.7 32.4 32.4
4737 0.5 60 0 0 4737 0.4 50 0 0 30 38.9 33.9 33.9
4737 0.5 60 0 0 4737 0.4 50 0 0 60 41.9 36.9 36.9
4737 0.5 60 0 0 4737 0.4 50 0 0 90 46.0 40.7 40.7
4737 0.5 60 0 0 4737 0.4 50 0 0 120 50.4 45.6 45.6
4737 0.5 60 0 0 4737 0.4 50 0 0 150 56.2 51.7 51.7
4737 0.5 60 0 0 4737 0.4 50 0 0 180 58.1 55.6 55.6
4737 0.5 60 0 0 4737 0.4 60 0 0 0 35.4 32.9 32.9
4737 0.5 60 0 0 4737 0.4 60 0 0 30 36.6 34.2 34.2
4737 0.5 60 0 0 4737 0.4 60 0 0 60 40.0 36.8 36.8
4737 0.5 60 0 0 4737 0.4 60 0 0 90 44.0 40.6 40.6
4737 0.5 60 0 0 4737 0.4 60 0 0 120 48.1 45.5 45.5
4737 0.5 60 0 0 4737 0.4 60 0 0 150 53.7 51.8 51.8
4737 0.5 60 0 0 4737 0.4 60 0 0 180 55.5 56.6 56.6
4737 0.5 60 0 0 4737 0.5 0 0 0 0 40.2 40.3 40.3
4737 0.5 60 0 0 4737 0.5 0 0 0 30 41.2 41.3 41.3
4737 0.5 60 0 0 4737 0.5 0 0 0 60 43.1 42.6 42.6
4737 0.5 60 0 0 4737 0.5 0 0 0 90 46.0 44.7 44.7
4737 0.5 60 0 0 4737 0.5 0 0 0 120 50.2 49.4 49.4
4737 0.5 60 0 0 4737 0.5 0 0 0 150 56.6 53.3 53.3
4737 0.5 60 0 0 4737 0.5 0 0 0 180 59.2 51.8 51.8
4737 0.5 60 0 0 4737 0.5 10 0 0 0 40.1 37.8 37.8
4737 0.5 60 0 0 4737 0.5 10 0 0 30 41.1 39.0 39.0
4737 0.5 60 0 0 4737 0.5 10 0 0 60 43.0 40.5 40.5
4737 0.5 60 0 0 4737 0.5 10 0 0 90 45.9 43.2 43.2
4737 0.5 60 0 0 4737 0.5 10 0 0 120 50.1 47.8 47.8
4737 0.5 60 0 0 4737 0.5 10 0 0 150 56.5 52.5 52.5
4737 0.5 60 0 0 4737 0.5 10 0 0 180 59.1 51.8 51.8
4737 0.5 60 0 0 4737 0.5 20 0 0 0 39.6 35.3 35.3
4737 0.5 60 0 0 4737 0.5 20 0 0 30 40.7 36.6 36.6
4737 0.5 60 0 0 4737 0.5 20 0 0 60 42.6 38.4 38.4
4737 0.5 60 0 0 4737 0.5 20 0 0 90 45.6 41.3 41.3
4737 0.5 60 0 0 4737 0.5 20 0 0 120 49.8 46.0 46.0
4737 0.5 60 0 0 4737 0.5 20 0 0 150 56.2 51.7 51.7
4737 0.5 60 0 0 4737 0.5 20 0 0 180 58.7 51.6 51.6
4737 0.5 60 0 0 4737 0.5 30 0 0 0 38.9 33.5 33.5
4737 0.5 60 0 0 4737 0.5 30 0 0 30 40.0 34.9 34.9
4737 0.5 60 0 0 4737 0.5 30 0 0 60 42.1 36.8 36.8
4737 0.5 60 0 0 4737 0.5 30 0 0 90 45.1 39.9 39.9
4737 0.5 60 0 0 4737 0.5 30 0 0 120 49.3 44.6 44.6
4737 0.5 60 0 0 4737 0.5 30 0 0 150 55.7 51.0 51.0
4737 0.5 60 0 0 4737 0.5 30 0 0 180 58.1 52.6 52.6
4737 0.5 60 0 0 4737 0.5 40 0 0 0 37.7 32.2 32.2
4737 0.5 60 0 0 4737 0.5 40 0 0 30 39.1 33.7 33.7
4737 0.5 60 0 0 4737 0.5 40 0 0 60 41.3 35.8 35.8
4737 0.5 60 0 0 4737 0.5 40 0 0 90 44.5 38.9 38.9
4737 0.5 60 0 0 4737 0.5 40 0 0 120 48.6 43.6 43.6
4737 0.5 60 0 0 4737 0.5 40 0 0 150 54.8 50.2 50.2
4737 0.5 60 0 0 4737 0.5 40 0 0 180 57.2 53.5 53.5
4737 0.5 60 0 0 4737 0.5 50 0 0 0 36.1 31.3 31.3
4737 0.5 60 0 0 4737 0.5 50 0 0 30 37.7 32.9 32.9
4737 0.5 60 0 0 4737 0.5 50 0 0 60 40.2 35.1 35.1
4737 0.5 60 0 0 4737 0.5 50 0 0 90 43.4 38.3 38.3
4737 0.5 60 0 0 4737 0.5 50 0 0 120 47.3 43.0 43.0
4737 0.5 60 0 0 4737 0.5 50 0 0 150 53.5 49.7 49.7
4737 0.5 60 0 0 4737 0.5 50 0 0 180 55.8 54.3 54.3
4737 0.5 60 0 0 4737 0.5 60 0 0 0 33.8 31.1 31.1
4737 0.5 60 0 0 4737 0.5 60 0 0 30 35.8 32.6 32.6
4737 0.5 60 0 0 4737 0.5 60 0 0 60 38.4 34.7 34.7
4737 0.5 60 0 0 4737 0.5 60 0 0 90 41.5 37.9 37.9
4737 0.5 60 0 0 4737 0.5 60 0 0 120 45.1 42.6 42.6
4737 0.5 60 0 0 4737 0.5 60 0 0 150 51.1 49.6 49.6
4737 0.5 60 0 0 4737 0.5 60 0 0 180 53.3 55.1 55.1
