5137 0.0 30 0 0 4737 0.0 0 0 0 0 61.4 52.2 52.2
5137 0.0 30 0 0 4737 0.0 0 0 0 30 61.7 52.3 52.3
5137 0.0 30 0 0 4737 0.0 0 0 0 60 61.8 52.3 52.3
5137 0.0 30 0 0 4737 0.0 0 0 0 90 61.8 52.3 52.3
5137 0.0 30 0 0 4737 0.0 0 0 0 120 61.8 52.4 52.4
5137 0.0 30 0 0 4737 0.0 0 0 0 150 61.8 52.4 52.4
5137 0.0 30 0 0 4737 0.0 0 0 0 180 61.8 52.5 52.5
5137 0.0 30 0 0 4737 0.0 10 0 0 0 61.4 51.6 51.6
5137 0.0 30 0 0 4737 0.0 10 0 0 30 61.6 51.8 51.8
5137 0.0 30 0 0 4737 0.0 10 0 0 60 61.8 51.7 51.7
5137 0.0 30 0 0 4737 0.0 10 0 0 90 61.8 51.8 51.8
5137 0.0 30 0 0 4737 0.0 10 0 0 120 61.8 51.9 51.9
5137 0.0 30 0 0 4737 0.0 10 0 0 150 61.8 51.9 51.9
5137 0.0 30 0 0 4737 0.0 10 0 0 180 61.7 52.0 52.0
5137 0.0 30 0 0 4737 0.0 20 0 0 0 61.2 50.1 50.1
5137 0.0 30 0 0 4737 0.0 20 0 0 30 61.4 50.1 50.1
5137 0.0 30 0 0 4737 0.0 20 0 0 60 61.6 50.2 50.2
5137 0.0 30 0 0 4737 0.0 20 0 0 90 61.6 50.3 50.3
5137 0.0 30 0 0 4737 0.0 20 0 0 120 61.6 50.4 50.4
5137 0.0 30 0 0 4737 0.0 20 0 0 150 61.6 50.4 50.4
5137 0.0 30 0 0 4737 0.0 20 0 0 180 61.5 50.5 50.5
5137 0.0 30 0 0 4737 0.0 30 0 0 0 60.9 46.9 46.9
5137 0.0 30 0 0 4737 0.0 30 0 0 30 61.1 47.0 47.0
5137 0.0 30 0 0 4737 0.0 30 0 0 60 61.2 47.1 47.1
5137 0.0 30 0 0 4737 0.0 30 0 0 90 61.3 47.3 47.3
5137 0.0 30 0 0 4737 0.0 30 0 0 120 61.3 47.4 47.4
5137 0.0 30 0 0 4737 0.0 30 0 0 150 61.2 47.7 47.7
5137 0.0 30 0 0 4737 0.0 30 0 0 180 61.2 47.8 47.8
5137 0.0 30 0 0 4737 0.0 40 0 0 0 60.4 46.9 46.9
5137 0.0 30 0 0 4737 0.0 40 0 0 30 60.6 46.9 46.9
5137 0.0 30 0 0 4737 0.0 40 0 0 60 60.7 47.0 47.0
5137 0.0 30 0 0 4737 0.0 40 0 0 90 60.7 47.2 47.2
5137 0.0 30 0 0 4737 0.0 40 0 0 120 60.8 47.3 47.3
5137 0.0 30 0 0 4737 0.0 40 0 0 150 60.7 47.5 47.5
5137 0.0 30 0 0 4737 0.0 40 0 0 180 60.6 47.7 47.7
5137 0.0 30 0 0 4737 0.0 50 0 0 0 59.6 47.6 47.6
5137 0.0 30 0 0 4737 0.0 50 0 0 30 59.8 47.6 47.6
5137 0.0 30 0 0 4737 0.0 50 0 0 60 59.9 47.7 47.7
5137 0.0 30 0 0 4737 0.0 50 0 0 90 59.9 47.9 47.9
5137 0.0 30 0 0 4737 0.0 50 0 0 120 60.0 48.0 48.0
5137 0.0 30 0 0 4737 0.0 50 0 0 150 59.9 48.2 48.2
5137 0.0 30 0 0 4737 0.0 50 0 0 180 59.8 48.2 48.2
5137 0.0 30 0 0 4737 0.0 60 0 0 0 58.3 49.1 49.1
5137 0.0 30 0 0 4737 0.0 60 0 0 30 58.5 49.1 49.1
5137 0.0 30 0 0 4737 0.0 60 0 0 60 58.7 49.1 49.1
5137 0.0 30 0 0 4737 0.0 60 0 0 90 58.6 49.4 49.4
5137 0.0 30 0 0 4737 0.0 60 0 0 120 58.6 49.4 49.4
5137 0.0 30 0 0 4737 0.0 60 0 0 150 58.5 49.7 49.7
5137 0.0 30 0 0 4737 0.0 60 0 0 180 58.5 49.6 49.6
5137 0.0 30 0 0 4737 0.1 0 0 0 0 61.5 52.0 52.0
5137 0.0 30 0 0 4737 0.1 0 0 0 30 61.7 52.0 52.0
5137 0.0 30 0 0 4737 0.1 0 0 0 60 61.8 52.1 52.1
5137 0.0 30 0 0 4737 0.1 0 0 0 90 61.8 52.1 52.1
5137 0.0 30 0 0 4737 0.1 0 0 0 120 61.9 52.1 52.1
5137 0.0 30 0 0 4737 0.1 0 0 0 150 61.8 52.2 52.2
5137 0.0 30 0 0 4737 0.1 0 0 0 180 61.8 52.3 52.3
5137 0.0 30 0 0 4737 0.1 10 0 0 0 61.4 51.4 51.4
5137 0.0 30 0 0 4737 0.1 10 0 0 30 61.6 51.5 51.5
5137 0.0 30 0 0 4737 0.1 10 0 0 60 61.7 51.4 51.4
5137 0.0 30 0 0 4737 0.1 10 0 0 90 61.8 51.5 51.5
5137 0.0 30 0 0 4737 0.1 10 0 0 120 61.8 51.6 51.6
5137 0.0 30 0 0 4737 0.1 10 0 0 150 61.7 51.7 51.7
5137 0.0 30 0 0 4737 0.1 10 0 0 180 61.7 51.8 51.8
5137 0.0 30 0 0 4737 0.1 20 0 0 0 61.2 49.8 49.8
5137 0.0 30 0 0 4737 0.1 20 0 0 30 61.4 49.9 49.9
5137 0.0 30 0 0 4737 0.1 20 0 0 60 61.5 49.9 49.9
5137 0.0 30 0 0 4737 0.1 20 0 0 90 61.6 50.0 50.0
5137 0.0 30 0 0 4737 0.1 20 0 0 120 61.7 50.1 50.1
5137 0.0 30 0 0 4737 0.1 20 0 0 150 61.5 50.2 50.2
5137 0.0 30 0 0 4737 0.1 20 0 0 180 61.5 50.2 50.2
5137 0.0 30 0 0 4737 0.1 30 0 0 0 60.9 46.7 46.7
5137 0.0 30 0 0 4737 0.1 30 0 0 30 61.1 46.8 46.8
5137 0.0 30 0 0 4737 0.1 30 0 0 60 61.2 46.9 46.9
5137 0.0 30 0 0 4737 0.1 30 0 0 90 61.3 47.0 47.0
5137 0.0 30 0 0 4737 0.1 30 0 0 120 61.3 47.2 47.2
5137 0.0 30 0 0 4737 0.1 30 0 0 150 61.2 47.4 47.4
5137 0.0 30 0 0 4737 0.1 30 0 0 180 61.2 47.4 47.4
5137 0.0 30 0 0 4737 0.1 40 0 0 0 60.4 46.7 46.7
5137 0.0 30 0 0 4737 0.1 40 0 0 30 60.6 46.8 46.8
5137 0.0 30 0 0 4737 0.1 40 0 0 60 60.7 46.8 46.8
5137 0.0 30 0 0 4737 0.1 40 0 0 90 60.8 46.9 46.9
5137 0.0 30 0 0 4737 0.1 40 0 0 120 60.8 47.1 47.1
5137 0.0 30 0 0 4737 0.1 40 0 0 150 60.6 47.3 47.3
5137 0.0 30 0 0 4737 0.1 40 0 0 180 60.7 47.4 47.4
5137 0.0 30 0 0 4737 0.1 50 0 0 0 59.6 47.5 47.5
5137 0.0 30 0 0 4737 0.1 50 0 0 30 59.8 47.5 47.5
5137 0.0 30 0 0 4737 0.1 50 0 0 60 59.9 47.6 47.6
5137 0.0 30 0 0 4737 0.1 50 0 0 90 60.0 47.7 47.7
5137 0.0 30 0 0 4737 0.1 50 0 0 120 60.0 47.8 47.8
5137 0.0 30 0 0 4737 0.1 50 0 0 150 59.8 48.0 48.0
5137 0.0 30 0 0 4737 0.1 50 0 0 180 59.9 48.0 48.0
5137 0.0 30 0 0 4737 0.1 60 0 0 0 58.3 48.7 48.7
5137 0.0 30 0 0 4737 0.1 60 0 0 30 58.6 48.9 48.9
5137 0.0 30 0 0 4737 0.1 60 0 0 60 58.6 49.0 49.0
5137 0.0 30 0 0 4737 0.1 60 0 0 90 58.7 49.1 49.1
5137 0.0 30 0 0 4737 0.1 60 0 0 120 58.6 49.2 49.2
5137 0.0 30 0 0 4737 0.1 60 0 0 150 58.4 49.4 49.4
5137 0.0 30 0 0 4737 0.1 60 0 0 180 58.4 49.3 49.3
5137 0.0 30 0 0 4737 0.2 0 0 0 0 61.5 51.7 51.7
5137 0.0 30 0 0 4737 0.2 0 0 0 30 61.7 51.7 51.7
5137 0.0 30 0 0 4737 0.2 0 0 0 60 61.7 51.7 51.7
5137 0.0 30 0 0 4737 0.2 0 0 0 90 61.9 51.7 51.7
5137 0.0 30 0 0 4737 0.2 0 0 0 120 61.9 51.9 51.9
5137 0.0 30 0 0 4737 0.2 0 0 0 150 61.8 52.0 52.0
5137 0.0 30 0 0 4737 0.2 0 0 0 180 61.7 52.1 52.1
5137 0.0 30 0 0 4737 0.2 10 0 0 0 61.4 51.1 51.1
5137 0.0 30 0 0 4737 0.2 10 0 0 30 61.6 51.1 51.1
5137 0.0 30 0 0 4737 0.2 10 0 0 60 61.7 51.1 51.1
5137 0.0 30 0 0 4737 0.2 10 0 0 90 61.8 51.2 51.2
5137 0.0 30 0 0 4737 0.2 10 0 0 120 61.8 51.4 51.4
5137 0.0 30 0 0 4737 0.2 10 0 0 150 61.7 51.5 51.5
5137 0.0 30 0 0 4737 0.2 10 0 0 180 61.7 51.5 51.5
5137 0.0 30 0 0 4737 0.2 20 0 0 0 61.3 49.4 49.4
5137 0.0 30 0 0 4737 0.2 20 0 0 30 61.5 49.5 49.5
5137 0.0 30 0 0 4737 0.2 20 0 0 60 61.5 49.5 49.5
5137 0.0 30 0 0 4737 0.2 20 0 0 90 61.7 49.6 49.6
5137 0.0 30 0 0 4737 0.2 20 0 0 120 61.6 49.7 49.7
5137 0.0 30 0 0 4737 0.2 20 0 0 150 61.5 49.9 49.9
5137 0.0 30 0 0 4737 0.2 20 0 0 180 61.5 49.9 49.9
5137 0.0 30 0 0 4737 0.2 30 0 0 0 61.0 46.7 46.7
5137 0.0 30 0 0 4737 0.2 30 0 0 30 61.1 46.8 46.8
5137 0.0 30 0 0 4737 0.2 30 0 0 60 61.2 46.8 46.8
5137 0.0 30 0 0 4737 0.2 30 0 0 90 61.3 46.9 46.9
5137 0.0 30 0 0 4737 0.2 30 0 0 120 61.3 47.0 47.0
5137 0.0 30 0 0 4737 0.2 30 0 0 150 61.2 47.1 47.1
5137 0.0 30 0 0 4737 0.2 30 0 0 180 61.1 47.2 47.2
5137 0.0 30 0 0 4737 0.2 40 0 0 0 60.5 46.6 46.6
5137 0.0 30 0 0 4737 0.2 40 0 0 30 60.6 46.8 46.8
5137 0.0 30 0 0 4737 0.2 40 0 0 60 60.7 46.9 46.9
5137 0.0 30 0 0 4737 0.2 40 0 0 90 60.8 46.9 46.9
5137 0.0 30 0 0 4737 0.2 40 0 0 120 60.7 47.0 47.0
5137 0.0 30 0 0 4737 0.2 40 0 0 150 60.7 47.1 47.1
5137 0.0 30 0 0 4737 0.2 40 0 0 180 60.6 47.2 47.2
5137 0.0 30 0 0 4737 0.2 50 0 0 0 59.7 47.3 47.3
5137 0.0 30 0 0 4737 0.2 50 0 0 30 59.8 47.4 47.4
5137 0.0 30 0 0 4737 0.2 50 0 0 60 59.9 47.5 47.5
5137 0.0 30 0 0 4737 0.2 50 0 0 90 59.9 47.5 47.5
5137 0.0 30 0 0 4737 0.2 50 0 0 120 59.9 47.6 47.6
5137 0.0 30 0 0 4737 0.2 50 0 0 150 59.8 47.9 47.9
5137 0.0 30 0 0 4737 0.2 50 0 0 180 59.8 47.9 47.9
5137 0.0 30 0 0 4737 0.2 60 0 0 0 58.4 48.4 48.4
5137 0.0 30 0 0 4737 0.2 60 0 0 30 58.6 48.6 48.6
5137 0.0 30 0 0 4737 0.2 60 0 0 60 58.7 48.7 48.7
5137 0.0 30 0 0 4737 0.2 60 0 0 90 58.7 48.9 48.9
5137 0.0 30 0 0 4737 0.2 60 0 0 120 58.5 48.9 48.9
5137 0.0 30 0 0 4737 0.2 60 0 0 150 58.4 49.2 49.2
5137 0.0 30 0 0 4737 0.2 60 0 0 180 58.4 49.2 49.2
5137 0.0 30 0 0 4737 0.3 0 0 0 0 61.5 51.3 51.3
5137 0.0 30 0 0 4737 0.3 0 0 0 30 61.7 51.4 51.4
5137 0.0 30 0 0 4737 0.3 0 0 0 60 61.8 51.3 51.3
5137 0.0 30 0 0 4737 0.3 0 0 0 90 61.8 51.4 51.4
5137 0.0 30 0 0 4737 0.3 0 0 0 120 61.9 51.5 51.5
5137 0.0 30 0 0 4737 0.3 0 0 0 150 61.8 51.7 51.7
5137 0.0 30 0 0 4737 0.3 0 0 0 180 61.7 51.6 51.6
5137 0.0 30 0 0 4737 0.3 10 0 0 0 61.5 50.7 50.7
5137 0.0 30 0 0 4737 0.3 10 0 0 30 61.6 50.7 50.7
5137 0.0 30 0 0 4737 0.3 10 0 0 60 61.8 50.7 50.7
5137 0.0 30 0 0 4737 0.3 10 0 0 90 61.7 50.8 50.8
5137 0.0 30 0 0 4737 0.3 10 0 0 120 61.8 50.9 50.9
5137 0.0 30 0 0 4737 0.3 10 0 0 150 61.8 51.2 51.2
5137 0.0 30 0 0 4737 0.3 10 0 0 180 61.7 51.2 51.2
5137 0.0 30 0 0 4737 0.3 20 0 0 0 61.3 48.8 48.8
5137 0.0 30 0 0 4737 0.3 20 0 0 30 61.4 48.8 48.8
5137 0.0 30 0 0 4737 0.3 20 0 0 60 61.6 48.9 48.9
5137 0.0 30 0 0 4737 0.3 20 0 0 90 61.6 48.9 48.9
5137 0.0 30 0 0 4737 0.3 20 0 0 120 61.6 49.1 49.1
5137 0.0 30 0 0 4737 0.3 20 0 0 150 61.6 49.4 49.4
5137 0.0 30 0 0 4737 0.3 20 0 0 180 61.5 49.4 49.4
5137 0.0 30 0 0 4737 0.3 30 0 0 0 61.0 46.7 46.7
5137 0.0 30 0 0 4737 0.3 30 0 0 30 61.1 46.7 46.7
5137 0.0 30 0 0 4737 0.3 30 0 0 60 61.2 46.8 46.8
5137 0.0 30 0 0 4737 0.3 30 0 0 90 61.2 46.8 46.8
5137 0.0 30 0 0 4737 0.3 30 0 0 120 61.3 47.1 47.1
5137 0.0 30 0 0 4737 0.3 30 0 0 150 61.2 47.4 47.4
5137 0.0 30 0 0 4737 0.3 30 0 0 180 61.2 47.4 47.4
5137 0.0 30 0 0 4737 0.3 40 0 0 0 60.5 46.7 46.7
5137 0.0 30 0 0 4737 0.3 40 0 0 30 60.6 46.7 46.7
5137 0.0 30 0 0 4737 0.3 40 0 0 60 60.7 46.8 46.8
5137 0.0 30 0 0 4737 0.3 40 0 0 90 60.8 46.8 46.8
5137 0.0 30 0 0 4737 0.3 40 0 0 120 60.8 47.1 47.1
5137 0.0 30 0 0 4737 0.3 40 0 0 150 60.7 47.4 47.4
5137 0.0 30 0 0 4737 0.3 40 0 0 180 60.7 47.4 47.4
5137 0.0 30 0 0 4737 0.3 50 0 0 0 59.8 47.4 47.4
5137 0.0 30 0 0 4737 0.3 50 0 0 30 59.9 47.4 47.4
5137 0.0 30 0 0 4737 0.3 50 0 0 60 59.9 47.6 47.6
5137 0.0 30 0 0 4737 0.3 50 0 0 90 60.0 47.5 47.5
5137 0.0 30 0 0 4737 0.3 50 0 0 120 60.0 47.7 47.7
5137 0.0 30 0 0 4737 0.3 50 0 0 150 59.8 47.9 47.9
5137 0.0 30 0 0 4737 0.3 50 0 0 180 59.8 47.8 47.8
5137 0.0 30 0 0 4737 0.3 60 0 0 0 58.5 48.2 48.2
5137 0.0 30 0 0 4737 0.3 60 0 0 30 58.6 48.4 48.4
5137 0.0 30 0 0 4737 0.3 60 0 0 60 58.6 48.5 48.5
5137 0.0 30 0 0 4737 0.3 60 0 0 90 58.6 48.5 48.5
5137 0.0 30 0 0 4737 0.3 60 0 0 120 58.4 48.7 48.7
5137 0.0 30 0 0 4737 0.3 60 0 0 150 58.2 49.1 49.1
5137 0.0 30 0 0 4737 0.3 60 0 0 180 58.2 49.0 49.0
5137 0.0 30 0 0 4737 0.4 0 0 0 0 61.6 50.8 50.8
5137 0.0 30 0 0 4737 0.4 0 0 0 30 61.7 50.8 50.8
5137 0.0 30 0 0 4737 0.4 0 0 0 60 61.8 50.9 50.9
5137 0.0 30 0 0 4737 0.4 0 0 0 90 61.8 50.9 50.9
5137 0.0 30 0 0 4737 0.4 0 0 0 120 61.9 51.1 51.1
5137 0.0 30 0 0 4737 0.4 0 0 0 150 61.8 51.4 51.4
5137 0.0 30 0 0 4737 0.4 0 0 0 180 61.7 51.2 51.2
5137 0.0 30 0 0 4737 0.4 10 0 0 0 61.6 50.2 50.2
5137 0.0 30 0 0 4737 0.4 10 0 0 30 61.6 50.2 50.2
5137 0.0 30 0 0 4737 0.4 10 0 0 60 61.7 50.3 50.3
5137 0.0 30 0 0 4737 0.4 10 0 0 90 61.8 50.3 50.3
5137 0.0 30 0 0 4737 0.4 10 0 0 120 61.8 50.5 50.5
5137 0.0 30 0 0 4737 0.4 10 0 0 150 61.7 50.8 50.8
5137 0.0 30 0 0 4737 0.4 10 0 0 180 61.7 50.7 50.7
5137 0.0 30 0 0 4737 0.4 20 0 0 0 61.4 48.0 48.0
5137 0.0 30 0 0 4737 0.4 20 0 0 30 61.4 48.0 48.0
5137 0.0 30 0 0 4737 0.4 20 0 0 60 61.5 48.0 48.0
5137 0.0 30 0 0 4737 0.4 20 0 0 90 61.6 48.1 48.1
5137 0.0 30 0 0 4737 0.4 20 0 0 120 61.6 48.2 48.2
5137 0.0 30 0 0 4737 0.4 20 0 0 150 61.5 48.6 48.6
5137 0.0 30 0 0 4737 0.4 20 0 0 180 61.5 48.7 48.7
5137 0.0 30 0 0 4737 0.4 30 0 0 0 61.0 47.0 47.0
5137 0.0 30 0 0 4737 0.4 30 0 0 30 61.1 47.0 47.0
5137 0.0 30 0 0 4737 0.4 30 0 0 60 61.2 47.0 47.0
5137 0.0 30 0 0 4737 0.4 30 0 0 90 61.3 47.1 47.1
5137 0.0 30 0 0 4737 0.4 30 0 0 120 61.3 47.1 47.1
5137 0.0 30 0 0 4737 0.4 30 0 0 150 61.2 47.5 47.5
5137 0.0 30 0 0 4737 0.4 30 0 0 180 61.2 47.6 47.6
5137 0.0 30 0 0 4737 0.4 40 0 0 0 60.5 47.0 47.0
5137 0.0 30 0 0 4737 0.4 40 0 0 30 60.7 47.0 47.0
5137 0.0 30 0 0 4737 0.4 40 0 0 60 60.7 47.0 47.0
5137 0.0 30 0 0 4737 0.4 40 0 0 90 60.8 47.1 47.1
5137 0.0 30 0 0 4737 0.4 40 0 0 120 60.8 47.1 47.1
5137 0.0 30 0 0 4737 0.4 40 0 0 150 60.6 47.4 47.4
5137 0.0 30 0 0 4737 0.4 40 0 0 180 60.6 47.6 47.6
5137 0.0 30 0 0 4737 0.4 50 0 0 0 59.8 47.5 47.5
5137 0.0 30 0 0 4737 0.4 50 0 0 30 59.9 47.5 47.5
5137 0.0 30 0 0 4737 0.4 50 0 0 60 59.9 47.5 47.5
5137 0.0 30 0 0 4737 0.4 50 0 0 90 59.9 47.6 47.6
5137 0.0 30 0 0 4737 0.4 50 0 0 120 59.9 47.7 47.7
5137 0.0 30 0 0 4737 0.4 50 0 0 150 59.7 48.1 48.1
5137 0.0 30 0 0 4737 0.4 50 0 0 180 59.7 48.1 48.1
5137 0.0 30 0 0 4737 0.4 60 0 0 0 58.5 48.2 48.2
5137 0.0 30 0 0 4737 0.4 60 0 0 30 58.6 48.3 48.3
5137 0.0 30 0 0 4737 0.4 60 0 0 60 58.5 48.4 48.4
5137 0.0 30 0 0 4737 0.4 60 0 0 90 58.5 48.5 48.5
5137 0.0 30 0 0 4737 0.4 60 0 0 120 58.2 48.6 48.6
5137 0.0 30 0 0 4737 0.4 60 0 0 150 57.8 48.9 48.9
5137 0.0 30 0 0 4737 0.4 60 0 0 180 57.8 48.9 48.9
5137 0.0 30 0 0 4737 0.5 0 0 0 0 61.6 50.0 50.0
5137 0.0 30 0 0 4737 0.5 0 0 0 30 61.7 50.1 50.1
5137 0.0 30 0 0 4737 0.5 0 0 0 60 61.8 50.0 50.0
5137 0.0 30 0 0 4737 0.5 0 0 0 90 61.8 50.1 50.1
5137 0.0 30 0 0 4737 0.5 0 0 0 120 61.9 50.2 50.2
5137 0.0 30 0 0 4737 0.5 0 0 0 150 61.8 50.6 50.6
5137 0.0 30 0 0 4737 0.5 0 0 0 180 61.7 50.5 50.5
5137 0.0 30 0 0 4737 0.5 10 0 0 0 61.5 49.2 49.2
5137 0.0 30 0 0 4737 0.5 10 0 0 30 61.6 49.1 49.1
5137 0.0 30 0 0 4737 0.5 10 0 0 60 61.7 49.2 49.2
5137 0.0 30 0 0 4737 0.5 10 0 0 90 61.7 49.3 49.3
5137 0.0 30 0 0 4737 0.5 10 0 0 120 61.8 49.4 49.4
5137 0.0 30 0 0 4737 0.5 10 0 0 150 61.8 49.8 49.8
5137 0.0 30 0 0 4737 0.5 10 0 0 180 61.6 49.7 49.7
5137 0.0 30 0 0 4737 0.5 20 0 0 0 61.3 48.0 48.0
5137 0.0 30 0 0 4737 0.5 20 0 0 30 61.5 48.0 48.0
5137 0.0 30 0 0 4737 0.5 20 0 0 60 61.5 48.1 48.1
5137 0.0 30 0 0 4737 0.5 20 0 0 90 61.5 48.1 48.1
5137 0.0 30 0 0 4737 0.5 20 0 0 120 61.6 48.2 48.2
5137 0.0 30 0 0 4737 0.5 20 0 0 150 61.6 48.6 48.6
5137 0.0 30 0 0 4737 0.5 20 0 0 180 61.4 48.5 48.5
5137 0.0 30 0 0 4737 0.5 30 0 0 0 61.0 47.5 47.5
5137 0.0 30 0 0 4737 0.5 30 0 0 30 61.1 47.5 47.5
5137 0.0 30 0 0 4737 0.5 30 0 0 60 61.2 47.5 47.5
5137 0.0 30 0 0 4737 0.5 30 0 0 90 61.2 47.6 47.6
5137 0.0 30 0 0 4737 0.5 30 0 0 120 61.3 47.6 47.6
5137 0.0 30 0 0 4737 0.5 30 0 0 150 61.2 47.9 47.9
5137 0.0 30 0 0 4737 0.5 30 0 0 180 61.0 47.8 47.8
5137 0.0 30 0 0 4737 0.5 40 0 0 0 60.5 47.4 47.4
5137 0.0 30 0 0 4737 0.5 40 0 0 30 60.6 47.5 47.5
5137 0.0 30 0 0 4737 0.5 40 0 0 60 60.7 47.5 47.5
5137 0.0 30 0 0 4737 0.5 40 0 0 90 60.6 47.5 47.5
5137 0.0 30 0 0 4737 0.5 40 0 0 120 60.7 47.6 47.6
5137 0.0 30 0 0 4737 0.5 40 0 0 150 60.6 47.8 47.8
5137 0.0 30 0 0 4737 0.5 40 0 0 180 60.5 47.9 47.9
5137 0.0 30 0 0 4737 0.5 50 0 0 0 59.8 47.7 47.7
5137 0.0 30 0 0 4737 0.5 50 0 0 30 59.9 47.8 47.8
5137 0.0 30 0 0 4737 0.5 50 0 0 60 59.9 47.8 47.8
5137 0.0 30 0 0 4737 0.5 50 0 0 90 59.9 47.7 47.7
5137 0.0 30 0 0 4737 0.5 50 0 0 120 59.8 47.8 47.8
5137 0.0 30 0 0 4737 0.5 50 0 0 150 59.6 48.1 48.1
5137 0.0 30 0 0 4737 0.5 50 0 0 180 59.5 48.2 48.2
5137 0.0 30 0 0 4737 0.5 60 0 0 0 58.6 48.1 48.1
5137 0.0 30 0 0 4737 0.5 60 0 0 30 58.7 48.2 48.2
5137 0.0 30 0 0 4737 0.5 60 0 0 60 58.8 48.2 48.2
5137 0.0 30 0 0 4737 0.5 60 0 0 90 58.7 48.3 48.3
5137 0.0 30 0 0 4737 0.5 60 0 0 120 58.5 48.5 48.5
5137 0.0 30 0 0 4737 0.5 60 0 0 150 58.0 48.9 48.9
5137 0.0 30 0 0 4737 0.5 60 0 0 180 57.6 48.9 48.9
5137 0.0 30 0 0 4937 0.0 0 0 0 0 61.8 52.6 52.6
5137 0.0 30 0 0 4937 0.0 0 0 0 30 62.3 53.2 53.2
5137 0.0 30 0 0 4937 0.0 0 0 0 60 62.6 53.8 53.8
5137 0.0 30 0 0 4937 0.0 0 0 0 90 62.9 54.0 54.0
5137 0.0 30 0 0 4937 0.0 0 0 0 120 62.9 54.0 54.0
5137 0.0 30 0 0 4937 0.0 0 0 0 150 62.6 53.8 53.8
5137 0.0 30 0 0 4937 0.0 0 0 0 180 62.2 53.4 53.4
5137 0.0 30 0 0 4937 0.0 10 0 0 0 61.7 51.9 51.9
5137 0.0 30 0 0 4937 0.0 10 0 0 30 62.3 52.6 52.6
5137 0.0 30 0 0 4937 0.0 10 0 0 60 62.6 53.2 53.2
5137 0.0 30 0 0 4937 0.0 10 0 0 90 62.8 53.5 53.5
5137 0.0 30 0 0 4937 0.0 10 0 0 120 62.8 53.6 53.6
5137 0.0 30 0 0 4937 0.0 10 0 0 150 62.5 53.4 53.4
5137 0.0 30 0 0 4937 0.0 10 0 0 180 62.2 53.0 53.0
5137 0.0 30 0 0 4937 0.0 20 0 0 0 61.6 50.4 50.4
5137 0.0 30 0 0 4937 0.0 20 0 0 30 62.1 51.2 51.2
5137 0.0 30 0 0 4937 0.0 20 0 0 60 62.4 51.8 51.8
5137 0.0 30 0 0 4937 0.0 20 0 0 90 62.7 52.1 52.1
5137 0.0 30 0 0 4937 0.0 20 0 0 120 62.6 52.2 52.2
5137 0.0 30 0 0 4937 0.0 20 0 0 150 62.3 52.1 52.1
5137 0.0 30 0 0 4937 0.0 20 0 0 180 62.0 51.8 51.8
5137 0.0 30 0 0 4937 0.0 30 0 0 0 61.2 47.6 47.6
5137 0.0 30 0 0 4937 0.0 30 0 0 30 61.8 48.2 48.2
5137 0.0 30 0 0 4937 0.0 30 0 0 60 62.1 48.6 48.6
5137 0.0 30 0 0 4937 0.0 30 0 0 90 62.3 48.9 48.9
5137 0.0 30 0 0 4937 0.0 30 0 0 120 62.3 49.1 49.1
5137 0.0 30 0 0 4937 0.0 30 0 0 150 62.0 49.0 49.0
5137 0.0 30 0 0 4937 0.0 30 0 0 180 61.7 48.7 48.7
5137 0.0 30 0 0 4937 0.0 40 0 0 0 60.8 47.3 47.3
5137 0.0 30 0 0 4937 0.0 40 0 0 30 61.3 48.0 48.0
5137 0.0 30 0 0 4937 0.0 40 0 0 60 61.7 48.5 48.5
5137 0.0 30 0 0 4937 0.0 40 0 0 90 61.9 48.9 48.9
5137 0.0 30 0 0 4937 0.0 40 0 0 120 61.8 49.0 49.0
5137 0.0 30 0 0 4937 0.0 40 0 0 150 61.5 48.9 48.9
5137 0.0 30 0 0 4937 0.0 40 0 0 180 61.2 48.6 48.6
5137 0.0 30 0 0 4937 0.0 50 0 0 0 60.1 47.8 47.8
5137 0.0 30 0 0 4937 0.0 50 0 0 30 60.7 48.6 48.6
5137 0.0 30 0 0 4937 0.0 50 0 0 60 61.0 49.4 49.4
5137 0.0 30 0 0 4937 0.0 50 0 0 90 61.1 49.8 49.8
5137 0.0 30 0 0 4937 0.0 50 0 0 120 61.1 49.9 49.9
5137 0.0 30 0 0 4937 0.0 50 0 0 150 60.8 49.8 49.8
5137 0.0 30 0 0 4937 0.0 50 0 0 180 60.4 49.2 49.2
5137 0.0 30 0 0 4937 0.0 60 0 0 0 58.9 49.0 49.0
5137 0.0 30 0 0 4937 0.0 60 0 0 30 59.4 49.8 49.8
5137 0.0 30 0 0 4937 0.0 60 0 0 60 59.7 50.5 50.5
5137 0.0 30 0 0 4937 0.0 60 0 0 90 59.8 51.2 51.2
5137 0.0 30 0 0 4937 0.0 60 0 0 120 59.8 51.6 51.6
5137 0.0 30 0 0 4937 0.0 60 0 0 150 59.6 51.4 51.4
5137 0.0 30 0 0 4937 0.0 60 0 0 180 59.2 50.8 50.8
5137 0.0 30 0 0 4937 0.1 0 0 0 0 61.8 52.3 52.3
5137 0.0 30 0 0 4937 0.1 0 0 0 30 62.3 52.9 52.9
5137 0.0 30 0 0 4937 0.1 0 0 0 60 62.6 53.5 53.5
5137 0.0 30 0 0 4937 0.1 0 0 0 90 62.8 53.8 53.8
5137 0.0 30 0 0 4937 0.1 0 0 0 120 62.9 53.9 53.9
5137 0.0 30 0 0 4937 0.1 0 0 0 150 62.6 53.7 53.7
5137 0.0 30 0 0 4937 0.1 0 0 0 180 62.2 53.2 53.2
5137 0.0 30 0 0 4937 0.1 10 0 0 0 61.8 51.7 51.7
5137 0.0 30 0 0 4937 0.1 10 0 0 30 62.2 52.4 52.4
5137 0.0 30 0 0 4937 0.1 10 0 0 60 62.5 53.0 53.0
5137 0.0 30 0 0 4937 0.1 10 0 0 90 62.8 53.3 53.3
5137 0.0 30 0 0 4937 0.1 10 0 0 120 62.8 53.4 53.4
5137 0.0 30 0 0 4937 0.1 10 0 0 150 62.6 53.3 53.3
5137 0.0 30 0 0 4937 0.1 10 0 0 180 62.1 52.8 52.8
5137 0.0 30 0 0 4937 0.1 20 0 0 0 61.6 50.3 50.3
5137 0.0 30 0 0 4937 0.1 20 0 0 30 62.1 50.9 50.9
5137 0.0 30 0 0 4937 0.1 20 0 0 60 62.4 51.5 51.5
5137 0.0 30 0 0 4937 0.1 20 0 0 90 62.6 51.9 51.9
5137 0.0 30 0 0 4937 0.1 20 0 0 120 62.7 52.0 52.0
5137 0.0 30 0 0 4937 0.1 20 0 0 150 62.4 51.9 51.9
5137 0.0 30 0 0 4937 0.1 20 0 0 180 61.9 51.4 51.4
5137 0.0 30 0 0 4937 0.1 30 0 0 0 61.4 47.3 47.3
5137 0.0 30 0 0 4937 0.1 30 0 0 30 61.8 48.0 48.0
5137 0.0 30 0 0 4937 0.1 30 0 0 60 62.1 48.4 48.4
5137 0.0 30 0 0 4937 0.1 30 0 0 90 62.3 48.8 48.8
5137 0.0 30 0 0 4937 0.1 30 0 0 120 62.4 48.9 48.9
5137 0.0 30 0 0 4937 0.1 30 0 0 150 62.0 48.8 48.8
5137 0.0 30 0 0 4937 0.1 30 0 0 180 61.6 48.4 48.4
5137 0.0 30 0 0 4937 0.1 40 0 0 0 60.9 47.0 47.0
5137 0.0 30 0 0 4937 0.1 40 0 0 30 61.3 47.7 47.7
5137 0.0 30 0 0 4937 0.1 40 0 0 60 61.7 48.4 48.4
5137 0.0 30 0 0 4937 0.1 40 0 0 90 61.9 48.7 48.7
5137 0.0 30 0 0 4937 0.1 40 0 0 120 61.9 48.9 48.9
5137 0.0 30 0 0 4937 0.1 40 0 0 150 61.6 48.7 48.7
5137 0.0 30 0 0 4937 0.1 40 0 0 180 61.1 48.3 48.3
5137 0.0 30 0 0 4937 0.1 50 0 0 0 60.2 47.3 47.3
5137 0.0 30 0 0 4937 0.1 50 0 0 30 60.6 48.0 48.0
5137 0.0 30 0 0 4937 0.1 50 0 0 60 60.9 48.8 48.8
5137 0.0 30 0 0 4937 0.1 50 0 0 90 61.2 49.5 49.5
5137 0.0 30 0 0 4937 0.1 50 0 0 120 61.2 49.8 49.8
5137 0.0 30 0 0 4937 0.1 50 0 0 150 60.9 49.7 49.7
5137 0.0 30 0 0 4937 0.1 50 0 0 180 60.3 49.2 49.2
5137 0.0 30 0 0 4937 0.1 60 0 0 0 58.9 48.7 48.7
5137 0.0 30 0 0 4937 0.1 60 0 0 30 59.4 49.3 49.3
5137 0.0 30 0 0 4937 0.1 60 0 0 60 59.7 49.9 49.9
5137 0.0 30 0 0 4937 0.1 60 0 0 90 59.8 50.5 50.5
5137 0.0 30 0 0 4937 0.1 60 0 0 120 59.9 51.1 51.1
5137 0.0 30 0 0 4937 0.1 60 0 0 150 59.6 51.3 51.3
5137 0.0 30 0 0 4937 0.1 60 0 0 180 59.2 50.6 50.6
5137 0.0 30 0 0 4937 0.2 0 0 0 0 62.0 52.0 52.0
5137 0.0 30 0 0 4937 0.2 0 0 0 30 62.3 52.6 52.6
5137 0.0 30 0 0 4937 0.2 0 0 0 60 62.6 53.1 53.1
5137 0.0 30 0 0 4937 0.2 0 0 0 90 62.8 53.6 53.6
5137 0.0 30 0 0 4937 0.2 0 0 0 120 62.9 53.8 53.8
5137 0.0 30 0 0 4937 0.2 0 0 0 150 62.6 53.6 53.6
5137 0.0 30 0 0 4937 0.2 0 0 0 180 62.1 52.9 52.9
5137 0.0 30 0 0 4937 0.2 10 0 0 0 61.9 51.4 51.4
5137 0.0 30 0 0 4937 0.2 10 0 0 30 62.3 52.1 52.1
5137 0.0 30 0 0 4937 0.2 10 0 0 60 62.5 52.6 52.6
5137 0.0 30 0 0 4937 0.2 10 0 0 90 62.8 53.0 53.0
5137 0.0 30 0 0 4937 0.2 10 0 0 120 62.9 53.3 53.3
5137 0.0 30 0 0 4937 0.2 10 0 0 150 62.6 53.1 53.1
5137 0.0 30 0 0 4937 0.2 10 0 0 180 62.1 52.4 52.4
5137 0.0 30 0 0 4937 0.2 20 0 0 0 61.8 50.0 50.0
5137 0.0 30 0 0 4937 0.2 20 0 0 30 62.1 50.6 50.6
5137 0.0 30 0 0 4937 0.2 20 0 0 60 62.4 51.2 51.2
5137 0.0 30 0 0 4937 0.2 20 0 0 90 62.6 51.6 51.6
5137 0.0 30 0 0 4937 0.2 20 0 0 120 62.7 51.8 51.8
5137 0.0 30 0 0 4937 0.2 20 0 0 150 62.4 51.7 51.7
5137 0.0 30 0 0 4937 0.2 20 0 0 180 61.9 51.0 51.0
5137 0.0 30 0 0 4937 0.2 30 0 0 0 61.5 47.2 47.2
5137 0.0 30 0 0 4937 0.2 30 0 0 30 61.8 47.8 47.8
5137 0.0 30 0 0 4937 0.2 30 0 0 60 62.1 48.4 48.4
5137 0.0 30 0 0 4937 0.2 30 0 0 90 62.3 48.7 48.7
5137 0.0 30 0 0 4937 0.2 30 0 0 120 62.4 48.9 48.9
5137 0.0 30 0 0 4937 0.2 30 0 0 150 62.1 48.8 48.8
5137 0.0 30 0 0 4937 0.2 30 0 0 180 61.5 48.2 48.2
5137 0.0 30 0 0 4937 0.2 40 0 0 0 61.0 46.8 46.8
5137 0.0 30 0 0 4937 0.2 40 0 0 30 61.4 47.4 47.4
5137 0.0 30 0 0 4937 0.2 40 0 0 60 61.7 48.1 48.1
5137 0.0 30 0 0 4937 0.2 40 0 0 90 61.9 48.6 48.6
5137 0.0 30 0 0 4937 0.2 40 0 0 120 61.9 48.9 48.9
5137 0.0 30 0 0 4937 0.2 40 0 0 150 61.6 48.8 48.8
5137 0.0 30 0 0 4937 0.2 40 0 0 180 61.0 48.3 48.3
5137 0.0 30 0 0 4937 0.2 50 0 0 0 60.3 47.1 47.1
5137 0.0 30 0 0 4937 0.2 50 0 0 30 60.7 47.6 47.6
5137 0.0 30 0 0 4937 0.2 50 0 0 60 61.0 48.4 48.4
5137 0.0 30 0 0 4937 0.2 50 0 0 90 61.2 49.1 49.1
5137 0.0 30 0 0 4937 0.2 50 0 0 120 61.2 49.7 49.7
5137 0.0 30 0 0 4937 0.2 50 0 0 150 60.9 49.7 49.7
5137 0.0 30 0 0 4937 0.2 50 0 0 180 60.3 49.1 49.1
5137 0.0 30 0 0 4937 0.2 60 0 0 0 58.9 48.4 48.4
5137 0.0 30 0 0 4937 0.2 60 0 0 30 59.4 48.9 48.9
5137 0.0 30 0 0 4937 0.2 60 0 0 60 59.7 49.4 49.4
5137 0.0 30 0 0 4937 0.2 60 0 0 90 59.9 50.1 50.1
5137 0.0 30 0 0 4937 0.2 60 0 0 120 59.9 50.7 50.7
5137 0.0 30 0 0 4937 0.2 60 0 0 150 59.8 51.0 51.0
5137 0.0 30 0 0 4937 0.2 60 0 0 180 59.2 50.4 50.4
5137 0.0 30 0 0 4937 0.3 0 0 0 0 62.1 51.8 51.8
5137 0.0 30 0 0 4937 0.3 0 0 0 30 62.4 52.3 52.3
5137 0.0 30 0 0 4937 0.3 0 0 0 60 62.6 52.8 52.8
5137 0.0 30 0 0 4937 0.3 0 0 0 90 62.8 53.4 53.4
5137 0.0 30 0 0 4937 0.3 0 0 0 120 62.9 53.6 53.6
5137 0.0 30 0 0 4937 0.3 0 0 0 150 62.7 53.5 53.5
5137 0.0 30 0 0 4937 0.3 0 0 0 180 62.0 52.5 52.5
5137 0.0 30 0 0 4937 0.3 10 0 0 0 62.0 51.2 51.2
5137 0.0 30 0 0 4937 0.3 10 0 0 30 62.3 51.7 51.7
5137 0.0 30 0 0 4937 0.3 10 0 0 60 62.6 52.3 52.3
5137 0.0 30 0 0 4937 0.3 10 0 0 90 62.8 52.8 52.8
5137 0.0 30 0 0 4937 0.3 10 0 0 120 62.9 53.1 53.1
5137 0.0 30 0 0 4937 0.3 10 0 0 150 62.6 52.9 52.9
5137 0.0 30 0 0 4937 0.3 10 0 0 180 62.0 52.0 52.0
5137 0.0 30 0 0 4937 0.3 20 0 0 0 61.9 49.6 49.6
5137 0.0 30 0 0 4937 0.3 20 0 0 30 62.2 50.2 50.2
5137 0.0 30 0 0 4937 0.3 20 0 0 60 62.4 50.7 50.7
5137 0.0 30 0 0 4937 0.3 20 0 0 90 62.6 51.2 51.2
5137 0.0 30 0 0 4937 0.3 20 0 0 120 62.7 51.5 51.5
5137 0.0 30 0 0 4937 0.3 20 0 0 150 62.5 51.4 51.4
5137 0.0 30 0 0 4937 0.3 20 0 0 180 61.8 50.5 50.5
5137 0.0 30 0 0 4937 0.3 30 0 0 0 61.6 47.1 47.1
5137 0.0 30 0 0 4937 0.3 30 0 0 30 61.9 47.7 47.7
5137 0.0 30 0 0 4937 0.3 30 0 0 60 62.1 48.4 48.4
5137 0.0 30 0 0 4937 0.3 30 0 0 90 62.4 48.9 48.9
5137 0.0 30 0 0 4937 0.3 30 0 0 120 62.4 49.1 49.1
5137 0.0 30 0 0 4937 0.3 30 0 0 150 62.2 49.0 49.0
5137 0.0 30 0 0 4937 0.3 30 0 0 180 61.5 48.1 48.1
5137 0.0 30 0 0 4937 0.3 40 0 0 0 61.1 46.7 46.7
5137 0.0 30 0 0 4937 0.3 40 0 0 30 61.5 47.2 47.2
5137 0.0 30 0 0 4937 0.3 40 0 0 60 61.7 47.9 47.9
5137 0.0 30 0 0 4937 0.3 40 0 0 90 61.9 48.6 48.6
5137 0.0 30 0 0 4937 0.3 40 0 0 120 62.0 49.1 49.1
5137 0.0 30 0 0 4937 0.3 40 0 0 150 61.7 48.9 48.9
5137 0.0 30 0 0 4937 0.3 40 0 0 180 61.0 48.2 48.2
5137 0.0 30 0 0 4937 0.3 50 0 0 0 60.3 47.0 47.0
5137 0.0 30 0 0 4937 0.3 50 0 0 30 60.7 47.4 47.4
5137 0.0 30 0 0 4937 0.3 50 0 0 60 61.0 47.9 47.9
5137 0.0 30 0 0 4937 0.3 50 0 0 90 61.2 48.7 48.7
5137 0.0 30 0 0 4937 0.3 50 0 0 120 61.3 49.5 49.5
5137 0.0 30 0 0 4937 0.3 50 0 0 150 61.1 49.8 49.8
5137 0.0 30 0 0 4937 0.3 50 0 0 180 60.3 49.1 49.1
5137 0.0 30 0 0 4937 0.3 60 0 0 0 58.9 48.1 48.1
5137 0.0 30 0 0 4937 0.3 60 0 0 30 59.3 48.5 48.5
5137 0.0 30 0 0 4937 0.3 60 0 0 60 59.6 49.0 49.0
5137 0.0 30 0 0 4937 0.3 60 0 0 90 59.8 49.6 49.6
5137 0.0 30 0 0 4937 0.3 60 0 0 120 59.9 50.2 50.2
5137 0.0 30 0 0 4937 0.3 60 0 0 150 59.8 50.8 50.8
5137 0.0 30 0 0 4937 0.3 60 0 0 180 59.3 50.3 50.3
5137 0.0 30 0 0 4937 0.4 0 0 0 0 62.3 51.6 51.6
5137 0.0 30 0 0 4937 0.4 0 0 0 30 62.5 52.0 52.0
5137 0.0 30 0 0 4937 0.4 0 0 0 60 62.7 52.5 52.5
5137 0.0 30 0 0 4937 0.4 0 0 0 90 62.9 53.0 53.0
5137 0.0 30 0 0 4937 0.4 0 0 0 120 63.0 53.4 53.4
5137 0.0 30 0 0 4937 0.4 0 0 0 150 62.7 53.3 53.3
5137 0.0 30 0 0 4937 0.4 0 0 0 180 61.9 51.9 51.9
5137 0.0 30 0 0 4937 0.4 10 0 0 0 62.2 50.9 50.9
5137 0.0 30 0 0 4937 0.4 10 0 0 30 62.4 51.4 51.4
5137 0.0 30 0 0 4937 0.4 10 0 0 60 62.6 51.8 51.8
5137 0.0 30 0 0 4937 0.4 10 0 0 90 62.8 52.4 52.4
5137 0.0 30 0 0 4937 0.4 10 0 0 120 63.0 52.8 52.8
5137 0.0 30 0 0 4937 0.4 10 0 0 150 62.7 52.7 52.7
5137 0.0 30 0 0 4937 0.4 10 0 0 180 61.9 51.5 51.5
5137 0.0 30 0 0 4937 0.4 20 0 0 0 62.0 48.7 48.7
5137 0.0 30 0 0 4937 0.4 20 0 0 30 62.3 49.2 49.2
5137 0.0 30 0 0 4937 0.4 20 0 0 60 62.5 49.7 49.7
5137 0.0 30 0 0 4937 0.4 20 0 0 90 62.7 50.3 50.3
5137 0.0 30 0 0 4937 0.4 20 0 0 120 62.8 50.7 50.7
5137 0.0 30 0 0 4937 0.4 20 0 0 150 62.5 50.6 50.6
5137 0.0 30 0 0 4937 0.4 20 0 0 180 61.7 49.4 49.4
5137 0.0 30 0 0 4937 0.4 30 0 0 0 61.7 47.3 47.3
5137 0.0 30 0 0 4937 0.4 30 0 0 30 62.0 47.7 47.7
5137 0.0 30 0 0 4937 0.4 30 0 0 60 62.2 48.3 48.3
5137 0.0 30 0 0 4937 0.4 30 0 0 90 62.4 49.0 49.0
5137 0.0 30 0 0 4937 0.4 30 0 0 120 62.6 49.5 49.5
5137 0.0 30 0 0 4937 0.4 30 0 0 150 62.3 49.4 49.4
5137 0.0 30 0 0 4937 0.4 30 0 0 180 61.4 48.3 48.3
5137 0.0 30 0 0 4937 0.4 40 0 0 0 61.2 46.9 46.9
5137 0.0 30 0 0 4937 0.4 40 0 0 30 61.5 47.3 47.3
5137 0.0 30 0 0 4937 0.4 40 0 0 60 61.8 47.8 47.8
5137 0.0 30 0 0 4937 0.4 40 0 0 90 62.0 48.5 48.5
5137 0.0 30 0 0 4937 0.4 40 0 0 120 62.1 49.3 49.3
5137 0.0 30 0 0 4937 0.4 40 0 0 150 61.9 49.4 49.4
5137 0.0 30 0 0 4937 0.4 40 0 0 180 60.9 48.4 48.4
5137 0.0 30 0 0 4937 0.4 50 0 0 0 60.4 47.2 47.2
5137 0.0 30 0 0 4937 0.4 50 0 0 30 60.7 47.5 47.5
5137 0.0 30 0 0 4937 0.4 50 0 0 60 61.0 47.9 47.9
5137 0.0 30 0 0 4937 0.4 50 0 0 90 61.2 48.5 48.5
5137 0.0 30 0 0 4937 0.4 50 0 0 120 61.4 49.3 49.3
5137 0.0 30 0 0 4937 0.4 50 0 0 150 61.2 49.8 49.8
5137 0.0 30 0 0 4937 0.4 50 0 0 180 60.2 49.0 49.0
5137 0.0 30 0 0 4937 0.4 60 0 0 0 58.6 48.0 48.0
5137 0.0 30 0 0 4937 0.4 60 0 0 30 58.9 48.3 48.3
5137 0.0 30 0 0 4937 0.4 60 0 0 60 59.2 48.7 48.7
5137 0.0 30 0 0 4937 0.4 60 0 0 90 59.5 49.2 49.2
5137 0.0 30 0 0 4937 0.4 60 0 0 120 59.6 49.9 49.9
5137 0.0 30 0 0 4937 0.4 60 0 0 150 59.6 50.5 50.5
5137 0.0 30 0 0 4937 0.4 60 0 0 180 59.3 50.1 50.1
5137 0.0 30 0 0 4937 0.5 0 0 0 0 62.4 51.2 51.2
5137 0.0 30 0 0 4937 0.5 0 0 0 30 62.6 51.5 51.5
5137 0.0 30 0 0 4937 0.5 0 0 0 60 62.8 52.0 52.0
5137 0.0 30 0 0 4937 0.5 0 0 0 90 63.0 52.5 52.5
5137 0.0 30 0 0 4937 0.5 0 0 0 120 63.1 53.1 53.1
5137 0.0 30 0 0 4937 0.5 0 0 0 150 62.9 53.0 53.0
5137 0.0 30 0 0 4937 0.5 0 0 0 180 61.7 51.0 51.0
5137 0.0 30 0 0 4937 0.5 10 0 0 0 62.4 50.4 50.4
5137 0.0 30 0 0 4937 0.5 10 0 0 30 62.5 50.7 50.7
5137 0.0 30 0 0 4937 0.5 10 0 0 60 62.7 51.1 51.1
5137 0.0 30 0 0 4937 0.5 10 0 0 90 62.9 51.7 51.7
5137 0.0 30 0 0 4937 0.5 10 0 0 120 63.1 52.3 52.3
5137 0.0 30 0 0 4937 0.5 10 0 0 150 62.8 52.1 52.1
5137 0.0 30 0 0 4937 0.5 10 0 0 180 61.6 50.3 50.3
5137 0.0 30 0 0 4937 0.5 20 0 0 0 62.2 48.7 48.7
5137 0.0 30 0 0 4937 0.5 20 0 0 30 62.4 49.1 49.1
5137 0.0 30 0 0 4937 0.5 20 0 0 60 62.5 49.5 49.5
5137 0.0 30 0 0 4937 0.5 20 0 0 90 62.8 50.1 50.1
5137 0.0 30 0 0 4937 0.5 20 0 0 120 62.9 50.9 50.9
5137 0.0 30 0 0 4937 0.5 20 0 0 150 62.7 50.7 50.7
5137 0.0 30 0 0 4937 0.5 20 0 0 180 61.5 49.0 49.0
5137 0.0 30 0 0 4937 0.5 30 0 0 0 61.8 47.6 47.6
5137 0.0 30 0 0 4937 0.5 30 0 0 30 62.1 48.0 48.0
5137 0.0 30 0 0 4937 0.5 30 0 0 60 62.2 48.4 48.4
5137 0.0 30 0 0 4937 0.5 30 0 0 90 62.5 49.1 49.1
5137 0.0 30 0 0 4937 0.5 30 0 0 120 62.7 50.0 50.0
5137 0.0 30 0 0 4937 0.5 30 0 0 150 62.5 50.1 50.1
5137 0.0 30 0 0 4937 0.5 30 0 0 180 61.2 48.5 48.5
5137 0.0 30 0 0 4937 0.5 40 0 0 0 61.3 47.4 47.4
5137 0.0 30 0 0 4937 0.5 40 0 0 30 61.5 47.7 47.7
5137 0.0 30 0 0 4937 0.5 40 0 0 60 61.7 47.9 47.9
5137 0.0 30 0 0 4937 0.5 40 0 0 90 62.0 48.5 48.5
5137 0.0 30 0 0 4937 0.5 40 0 0 120 62.2 49.3 49.3
5137 0.0 30 0 0 4937 0.5 40 0 0 150 62.1 50.0 50.0
5137 0.0 30 0 0 4937 0.5 40 0 0 180 60.8 48.6 48.6
5137 0.0 30 0 0 4937 0.5 50 0 0 0 60.4 47.6 47.6
5137 0.0 30 0 0 4937 0.5 50 0 0 30 60.6 47.8 47.8
5137 0.0 30 0 0 4937 0.5 50 0 0 60 60.9 48.1 48.1
5137 0.0 30 0 0 4937 0.5 50 0 0 90 61.1 48.5 48.5
5137 0.0 30 0 0 4937 0.5 50 0 0 120 61.4 49.2 49.2
5137 0.0 30 0 0 4937 0.5 50 0 0 150 61.3 50.0 50.0
5137 0.0 30 0 0 4937 0.5 50 0 0 180 60.3 49.0 49.0
5137 0.0 30 0 0 4937 0.5 60 0 0 0 58.5 48.0 48.0
5137 0.0 30 0 0 4937 0.5 60 0 0 30 58.8 48.3 48.3
5137 0.0 30 0 0 4937 0.5 60 0 0 60 59.1 48.5 48.5
5137 0.0 30 0 0 4937 0.5 60 0 0 90 59.4 48.9 48.9
5137 0.0 30 0 0 4937 0.5 60 0 0 120 59.6 49.6 49.6
5137 0.0 30 0 0 4937 0.5 60 0 0 150 59.6 50.4 50.4
5137 0.0 30 0 0 4937 0.5 60 0 0 180 59.2 49.9 49.9
5137 0.0 30 0 0 5137 0.0 0 0 0 0 40.5 39.6 39.6
5137 0.0 30 0 0 5137 0.0 0 0 0 30 48.8 43.1 43.1
5137 0.0 30 0 0 5137 0.0 0 0 0 60 57.1 49.7 49.7
5137 0.0 30 0 0 5137 0.0 0 0 0 90 65.4 55.9 55.9
5137 0.0 30 0 0 5137 0.0 0 0 0 120 73.8 60.8 60.8
5137 0.0 30 0 0 5137 0.0 0 0 0 150 77.0 63.2 63.2
5137 0.0 30 0 0 5137 0.0 0 0 0 180 77.0 63.3 63.3
5137 0.0 30 0 0 5137 0.0 10 0 0 0 40.3 37.4 37.4
5137 0.0 30 0 0 5137 0.0 10 0 0 30 48.7 42.3 42.3
5137 0.0 30 0 0 5137 0.0 10 0 0 60 57.0 49.1 49.1
5137 0.0 30 0 0 5137 0.0 10 0 0 90 65.3 55.6 55.6
5137 0.0 30 0 0 5137 0.0 10 0 0 120 73.6 60.9 60.9
5137 0.0 30 0 0 5137 0.0 10 0 0 150 77.0 62.9 62.9
5137 0.0 30 0 0 5137 0.0 10 0 0 180 76.9 63.0 63.0
5137 0.0 30 0 0 5137 0.0 20 0 0 0 40.0 34.6 34.6
5137 0.0 30 0 0 5137 0.0 20 0 0 30 48.4 40.7 40.7
5137 0.0 30 0 0 5137 0.0 20 0 0 60 56.7 47.8 47.8
5137 0.0 30 0 0 5137 0.0 20 0 0 90 65.1 54.3 54.3
5137 0.0 30 0 0 5137 0.0 20 0 0 120 73.4 59.9 59.9
5137 0.0 30 0 0 5137 0.0 20 0 0 150 76.7 61.7 61.7
5137 0.0 30 0 0 5137 0.0 20 0 0 180 76.7 61.8 61.8
5137 0.0 30 0 0 5137 0.0 30 0 0 0 39.7 30.7 30.7
5137 0.0 30 0 0 5137 0.0 30 0 0 30 48.0 37.5 37.5
5137 0.0 30 0 0 5137 0.0 30 0 0 60 56.4 44.4 44.4
5137 0.0 30 0 0 5137 0.0 30 0 0 90 64.7 50.9 50.9
5137 0.0 30 0 0 5137 0.0 30 0 0 120 73.0 56.5 56.5
5137 0.0 30 0 0 5137 0.0 30 0 0 150 76.2 58.5 58.5
5137 0.0 30 0 0 5137 0.0 30 0 0 180 76.2 58.7 58.7
5137 0.0 30 0 0 5137 0.0 40 0 0 0 39.2 31.2 31.2
5137 0.0 30 0 0 5137 0.0 40 0 0 30 47.5 37.1 37.1
5137 0.0 30 0 0 5137 0.0 40 0 0 60 55.9 43.8 43.8
5137 0.0 30 0 0 5137 0.0 40 0 0 90 64.2 50.3 50.3
5137 0.0 30 0 0 5137 0.0 40 0 0 120 72.5 56.0 56.0
5137 0.0 30 0 0 5137 0.0 40 0 0 150 75.5 58.4 58.4
5137 0.0 30 0 0 5137 0.0 40 0 0 180 75.5 58.5 58.5
5137 0.0 30 0 0 5137 0.0 50 0 0 0 39.2 33.0 33.0
5137 0.0 30 0 0 5137 0.0 50 0 0 30 46.8 37.5 37.5
5137 0.0 30 0 0 5137 0.0 50 0 0 60 55.1 44.0 44.0
5137 0.0 30 0 0 5137 0.0 50 0 0 90 63.5 50.5 50.5
5137 0.0 30 0 0 5137 0.0 50 0 0 120 71.5 56.4 56.4
5137 0.0 30 0 0 5137 0.0 50 0 0 150 74.3 59.3 59.3
5137 0.0 30 0 0 5137 0.0 50 0 0 180 74.3 59.4 59.4
5137 0.0 30 0 0 5137 0.0 60 0 0 0 39.6 35.3 35.3
5137 0.0 30 0 0 5137 0.0 60 0 0 30 45.7 39.2 39.2
5137 0.0 30 0 0 5137 0.0 60 0 0 60 54.0 44.9 44.9
5137 0.0 30 0 0 5137 0.0 60 0 0 90 62.4 51.2 51.2
5137 0.0 30 0 0 5137 0.0 60 0 0 120 69.5 57.3 57.3
5137 0.0 30 0 0 5137 0.0 60 0 0 150 72.5 61.1 61.1
5137 0.0 30 0 0 5137 0.0 60 0 0 180 72.5 61.2 61.2
5137 0.0 30 0 0 5137 0.1 0 0 0 0 41.3 39.5 39.5
5137 0.0 30 0 0 5137 0.1 0 0 0 30 47.3 41.8 41.8
5137 0.0 30 0 0 5137 0.1 0 0 0 60 54.5 47.2 47.2
5137 0.0 30 0 0 5137 0.1 0 0 0 90 62.3 53.6 53.6
5137 0.0 30 0 0 5137 0.1 0 0 0 120 70.9 59.6 59.6
5137 0.0 30 0 0 5137 0.1 0 0 0 150 76.8 63.0 63.0
5137 0.0 30 0 0 5137 0.1 0 0 0 180 77.0 63.1 63.1
5137 0.0 30 0 0 5137 0.1 10 0 0 0 41.2 37.4 37.4
5137 0.0 30 0 0 5137 0.1 10 0 0 30 47.2 40.6 40.6
5137 0.0 30 0 0 5137 0.1 10 0 0 60 54.3 46.6 46.6
5137 0.0 30 0 0 5137 0.1 10 0 0 90 62.1 53.0 53.0
5137 0.0 30 0 0 5137 0.1 10 0 0 120 70.8 59.3 59.3
5137 0.0 30 0 0 5137 0.1 10 0 0 150 76.8 62.7 62.7
5137 0.0 30 0 0 5137 0.1 10 0 0 180 77.0 62.8 62.8
5137 0.0 30 0 0 5137 0.1 20 0 0 0 40.9 34.6 34.6
5137 0.0 30 0 0 5137 0.1 20 0 0 30 46.9 39.1 39.1
5137 0.0 30 0 0 5137 0.1 20 0 0 60 54.1 45.2 45.2
5137 0.0 30 0 0 5137 0.1 20 0 0 90 61.9 51.6 51.6
5137 0.0 30 0 0 5137 0.1 20 0 0 120 70.5 57.9 57.9
5137 0.0 30 0 0 5137 0.1 20 0 0 150 76.6 61.5 61.5
5137 0.0 30 0 0 5137 0.1 20 0 0 180 76.7 61.6 61.6
5137 0.0 30 0 0 5137 0.1 30 0 0 0 40.7 30.9 30.9
5137 0.0 30 0 0 5137 0.1 30 0 0 30 46.6 35.8 35.8
5137 0.0 30 0 0 5137 0.1 30 0 0 60 53.7 41.8 41.8
5137 0.0 30 0 0 5137 0.1 30 0 0 90 61.5 48.0 48.0
5137 0.0 30 0 0 5137 0.1 30 0 0 120 70.2 54.3 54.3
5137 0.0 30 0 0 5137 0.1 30 0 0 150 76.1 58.4 58.4
5137 0.0 30 0 0 5137 0.1 30 0 0 180 76.2 58.5 58.5
5137 0.0 30 0 0 5137 0.1 40 0 0 0 40.4 31.4 31.4
5137 0.0 30 0 0 5137 0.1 40 0 0 30 46.0 35.3 35.3
5137 0.0 30 0 0 5137 0.1 40 0 0 60 53.2 41.1 41.1
5137 0.0 30 0 0 5137 0.1 40 0 0 90 61.0 47.3 47.3
5137 0.0 30 0 0 5137 0.1 40 0 0 120 69.7 53.5 53.5
5137 0.0 30 0 0 5137 0.1 40 0 0 150 75.3 58.1 58.1
5137 0.0 30 0 0 5137 0.1 40 0 0 180 75.5 58.3 58.3
5137 0.0 30 0 0 5137 0.1 50 0 0 0 40.3 33.0 33.0
5137 0.0 30 0 0 5137 0.1 50 0 0 30 45.3 36.0 36.0
5137 0.0 30 0 0 5137 0.1 50 0 0 60 52.5 41.2 41.2
5137 0.0 30 0 0 5137 0.1 50 0 0 90 60.3 47.2 47.2
5137 0.0 30 0 0 5137 0.1 50 0 0 120 68.9 53.6 53.6
5137 0.0 30 0 0 5137 0.1 50 0 0 150 74.1 58.6 58.6
5137 0.0 30 0 0 5137 0.1 50 0 0 180 74.3 59.2 59.2
5137 0.0 30 0 0 5137 0.1 60 0 0 0 40.3 35.2 35.2
5137 0.0 30 0 0 5137 0.1 60 0 0 30 44.7 37.9 37.9
5137 0.0 30 0 0 5137 0.1 60 0 0 60 51.4 42.4 42.4
5137 0.0 30 0 0 5137 0.1 60 0 0 90 59.2 48.0 48.0
5137 0.0 30 0 0 5137 0.1 60 0 0 120 67.5 54.3 54.3
5137 0.0 30 0 0 5137 0.1 60 0 0 150 72.1 59.7 59.7
5137 0.0 30 0 0 5137 0.1 60 0 0 180 72.5 60.9 60.9
5137 0.0 30 0 0 5137 0.2 0 0 0 0 43.0 39.6 39.6
5137 0.0 30 0 0 5137 0.2 0 0 0 30 46.0 41.5 41.5
5137 0.0 30 0 0 5137 0.2 0 0 0 60 52.0 45.0 45.0
5137 0.0 30 0 0 5137 0.2 0 0 0 90 59.1 50.8 50.8
5137 0.0 30 0 0 5137 0.2 0 0 0 120 67.9 57.6 57.6
5137 0.0 30 0 0 5137 0.2 0 0 0 150 75.3 62.8 62.8
5137 0.0 30 0 0 5137 0.2 0 0 0 180 77.1 62.8 62.8
5137 0.0 30 0 0 5137 0.2 10 0 0 0 43.0 37.7 37.7
5137 0.0 30 0 0 5137 0.2 10 0 0 30 45.9 40.0 40.0
5137 0.0 30 0 0 5137 0.2 10 0 0 60 51.9 44.2 44.2
5137 0.0 30 0 0 5137 0.2 10 0 0 90 59.0 50.2 50.2
5137 0.0 30 0 0 5137 0.2 10 0 0 120 67.7 57.0 57.0
5137 0.0 30 0 0 5137 0.2 10 0 0 150 75.3 62.4 62.4
5137 0.0 30 0 0 5137 0.2 10 0 0 180 77.0 62.6 62.6
5137 0.0 30 0 0 5137 0.2 20 0 0 0 42.8 35.6 35.6
5137 0.0 30 0 0 5137 0.2 20 0 0 30 45.6 37.9 37.9
5137 0.0 30 0 0 5137 0.2 20 0 0 60 51.7 42.7 42.7
5137 0.0 30 0 0 5137 0.2 20 0 0 90 58.8 48.7 48.7
5137 0.0 30 0 0 5137 0.2 20 0 0 120 67.5 55.3 55.3
5137 0.0 30 0 0 5137 0.2 20 0 0 150 75.1 60.8 60.8
5137 0.0 30 0 0 5137 0.2 20 0 0 180 76.7 61.3 61.3
5137 0.0 30 0 0 5137 0.2 30 0 0 0 42.7 32.5 32.5
5137 0.0 30 0 0 5137 0.2 30 0 0 30 45.3 34.4 34.4
5137 0.0 30 0 0 5137 0.2 30 0 0 60 51.3 39.4 39.4
5137 0.0 30 0 0 5137 0.2 30 0 0 90 58.4 45.2 45.2
5137 0.0 30 0 0 5137 0.2 30 0 0 120 67.1 51.7 51.7
5137 0.0 30 0 0 5137 0.2 30 0 0 150 74.7 57.4 57.4
5137 0.0 30 0 0 5137 0.2 30 0 0 180 76.2 58.3 58.3
5137 0.0 30 0 0 5137 0.2 40 0 0 0 42.5 32.5 32.5
5137 0.0 30 0 0 5137 0.2 40 0 0 30 44.9 34.2 34.2
5137 0.0 30 0 0 5137 0.2 40 0 0 60 50.8 38.6 38.6
5137 0.0 30 0 0 5137 0.2 40 0 0 90 57.9 44.2 44.2
5137 0.0 30 0 0 5137 0.2 40 0 0 120 66.6 50.7 50.7
5137 0.0 30 0 0 5137 0.2 40 0 0 150 74.0 56.8 56.8
5137 0.0 30 0 0 5137 0.2 40 0 0 180 75.5 58.2 58.2
5137 0.0 30 0 0 5137 0.2 50 0 0 0 42.3 33.6 33.6
5137 0.0 30 0 0 5137 0.2 50 0 0 30 44.6 35.2 35.2
5137 0.0 30 0 0 5137 0.2 50 0 0 60 50.1 38.9 38.9
5137 0.0 30 0 0 5137 0.2 50 0 0 90 57.2 44.2 44.2
5137 0.0 30 0 0 5137 0.2 50 0 0 120 65.9 50.7 50.7
5137 0.0 30 0 0 5137 0.2 50 0 0 150 72.8 57.0 57.0
5137 0.0 30 0 0 5137 0.2 50 0 0 180 74.4 59.1 59.1
5137 0.0 30 0 0 5137 0.2 60 0 0 0 42.1 35.6 35.6
5137 0.0 30 0 0 5137 0.2 60 0 0 30 44.5 37.0 37.0
5137 0.0 30 0 0 5137 0.2 60 0 0 60 49.2 40.3 40.3
5137 0.0 30 0 0 5137 0.2 60 0 0 90 56.1 45.1 45.1
5137 0.0 30 0 0 5137 0.2 60 0 0 120 64.7 51.2 51.2
5137 0.0 30 0 0 5137 0.2 60 0 0 150 70.9 57.8 57.8
5137 0.0 30 0 0 5137 0.2 60 0 0 180 72.5 60.7 60.7
5137 0.0 30 0 0 5137 0.3 0 0 0 0 45.0 39.9 39.9
5137 0.0 30 0 0 5137 0.3 0 0 0 30 46.3 41.5 41.5
5137 0.0 30 0 0 5137 0.3 0 0 0 60 49.8 44.0 44.0
5137 0.0 30 0 0 5137 0.3 0 0 0 90 56.1 47.9 47.9
5137 0.0 30 0 0 5137 0.3 0 0 0 120 64.6 54.8 54.8
5137 0.0 30 0 0 5137 0.3 0 0 0 150 73.3 61.9 61.9
5137 0.0 30 0 0 5137 0.3 0 0 0 180 77.1 62.0 62.0
5137 0.0 30 0 0 5137 0.3 10 0 0 0 45.0 38.7 38.7
5137 0.0 30 0 0 5137 0.3 10 0 0 30 46.2 40.0 40.0
5137 0.0 30 0 0 5137 0.3 10 0 0 60 49.7 42.7 42.7
5137 0.0 30 0 0 5137 0.3 10 0 0 90 56.0 47.3 47.3
5137 0.0 30 0 0 5137 0.3 10 0 0 120 64.5 54.1 54.1
5137 0.0 30 0 0 5137 0.3 10 0 0 150 73.2 61.0 61.0
5137 0.0 30 0 0 5137 0.3 10 0 0 180 77.0 62.2 62.2
5137 0.0 30 0 0 5137 0.3 20 0 0 0 44.9 36.9 36.9
5137 0.0 30 0 0 5137 0.3 20 0 0 30 46.1 37.8 37.8
5137 0.0 30 0 0 5137 0.3 20 0 0 60 49.4 40.6 40.6
5137 0.0 30 0 0 5137 0.3 20 0 0 90 55.7 45.5 45.5
5137 0.0 30 0 0 5137 0.3 20 0 0 120 64.3 52.2 52.2
5137 0.0 30 0 0 5137 0.3 20 0 0 150 73.0 59.1 59.1
5137 0.0 30 0 0 5137 0.3 20 0 0 180 76.7 61.0 61.0
5137 0.0 30 0 0 5137 0.3 30 0 0 0 44.8 34.4 34.4
5137 0.0 30 0 0 5137 0.3 30 0 0 30 45.9 34.8 34.8
5137 0.0 30 0 0 5137 0.3 30 0 0 60 49.1 37.3 37.3
5137 0.0 30 0 0 5137 0.3 30 0 0 90 55.3 42.4 42.4
5137 0.0 30 0 0 5137 0.3 30 0 0 120 63.9 48.9 48.9
5137 0.0 30 0 0 5137 0.3 30 0 0 150 72.6 55.9 55.9
5137 0.0 30 0 0 5137 0.3 30 0 0 180 76.2 58.5 58.5
5137 0.0 30 0 0 5137 0.3 40 0 0 0 44.7 34.2 34.2
5137 0.0 30 0 0 5137 0.3 40 0 0 30 45.8 34.5 34.5
5137 0.0 30 0 0 5137 0.3 40 0 0 60 48.6 36.7 36.7
5137 0.0 30 0 0 5137 0.3 40 0 0 90 54.8 41.5 41.5
5137 0.0 30 0 0 5137 0.3 40 0 0 120 63.4 48.0 48.0
5137 0.0 30 0 0 5137 0.3 40 0 0 150 71.9 55.2 55.2
5137 0.0 30 0 0 5137 0.3 40 0 0 180 75.5 58.3 58.3
5137 0.0 30 0 0 5137 0.3 50 0 0 0 44.5 34.8 34.8
5137 0.0 30 0 0 5137 0.3 50 0 0 30 45.6 35.1 35.1
5137 0.0 30 0 0 5137 0.3 50 0 0 60 48.3 37.3 37.3
5137 0.0 30 0 0 5137 0.3 50 0 0 90 54.1 41.4 41.4
5137 0.0 30 0 0 5137 0.3 50 0 0 120 62.6 47.6 47.6
5137 0.0 30 0 0 5137 0.3 50 0 0 150 70.9 55.0 55.0
5137 0.0 30 0 0 5137 0.3 50 0 0 180 74.3 59.1 59.1
5137 0.0 30 0 0 5137 0.3 60 0 0 0 44.4 36.3 36.3
5137 0.0 30 0 0 5137 0.3 60 0 0 30 45.6 36.6 36.6
5137 0.0 30 0 0 5137 0.3 60 0 0 60 48.1 38.8 38.8
5137 0.0 30 0 0 5137 0.3 60 0 0 90 53.2 42.5 42.5
5137 0.0 30 0 0 5137 0.3 60 0 0 120 61.4 48.1 48.1
5137 0.0 30 0 0 5137 0.3 60 0 0 150 69.0 55.5 55.5
5137 0.0 30 0 0 5137 0.3 60 0 0 180 72.3 60.4 60.4
5137 0.0 30 0 0 5137 0.4 0 0 0 0 47.1 40.9 40.9
5137 0.0 30 0 0 5137 0.4 0 0 0 30 47.7 41.7 41.7
5137 0.0 30 0 0 5137 0.4 0 0 0 60 49.2 43.5 43.5
5137 0.0 30 0 0 5137 0.4 0 0 0 90 53.1 46.4 46.4
5137 0.0 30 0 0 5137 0.4 0 0 0 120 61.2 51.7 51.7
5137 0.0 30 0 0 5137 0.4 0 0 0 150 70.8 59.9 59.9
5137 0.0 30 0 0 5137 0.4 0 0 0 180 76.6 60.9 60.9
5137 0.0 30 0 0 5137 0.4 10 0 0 0 47.1 40.0 40.0
5137 0.0 30 0 0 5137 0.4 10 0 0 30 47.7 40.4 40.4
5137 0.0 30 0 0 5137 0.4 10 0 0 60 49.1 42.1 42.1
5137 0.0 30 0 0 5137 0.4 10 0 0 90 53.0 45.0 45.0
5137 0.0 30 0 0 5137 0.4 10 0 0 120 61.1 50.8 50.8
5137 0.0 30 0 0 5137 0.4 10 0 0 150 70.8 58.9 58.9
5137 0.0 30 0 0 5137 0.4 10 0 0 180 76.5 61.3 61.3
5137 0.0 30 0 0 5137 0.4 20 0 0 0 47.0 38.2 38.2
5137 0.0 30 0 0 5137 0.4 20 0 0 30 47.6 38.4 38.4
5137 0.0 30 0 0 5137 0.4 20 0 0 60 49.0 39.4 39.4
5137 0.0 30 0 0 5137 0.4 20 0 0 90 52.8 42.4 42.4
5137 0.0 30 0 0 5137 0.4 20 0 0 120 60.8 48.4 48.4
5137 0.0 30 0 0 5137 0.4 20 0 0 150 70.6 56.4 56.4
5137 0.0 30 0 0 5137 0.4 20 0 0 180 76.2 60.1 60.1
5137 0.0 30 0 0 5137 0.4 30 0 0 0 47.0 36.5 36.5
5137 0.0 30 0 0 5137 0.4 30 0 0 30 47.6 36.5 36.5
5137 0.0 30 0 0 5137 0.4 30 0 0 60 48.9 37.2 37.2
5137 0.0 30 0 0 5137 0.4 30 0 0 90 52.4 39.8 39.8
5137 0.0 30 0 0 5137 0.4 30 0 0 120 60.4 46.0 46.0
5137 0.0 30 0 0 5137 0.4 30 0 0 150 70.2 54.1 54.1
5137 0.0 30 0 0 5137 0.4 30 0 0 180 75.7 58.7 58.7
5137 0.0 30 0 0 5137 0.4 40 0 0 0 46.9 36.1 36.1
5137 0.0 30 0 0 5137 0.4 40 0 0 30 47.5 36.1 36.1
5137 0.0 30 0 0 5137 0.4 40 0 0 60 48.7 36.7 36.7
5137 0.0 30 0 0 5137 0.4 40 0 0 90 52.0 39.0 39.0
5137 0.0 30 0 0 5137 0.4 40 0 0 120 59.9 45.0 45.0
5137 0.0 30 0 0 5137 0.4 40 0 0 150 69.5 53.2 53.2
5137 0.0 30 0 0 5137 0.4 40 0 0 180 74.9 58.6 58.6
5137 0.0 30 0 0 5137 0.4 50 0 0 0 46.8 36.5 36.5
5137 0.0 30 0 0 5137 0.4 50 0 0 30 47.4 36.4 36.4
5137 0.0 30 0 0 5137 0.4 50 0 0 60 48.7 37.0 37.0
5137 0.0 30 0 0 5137 0.4 50 0 0 90 51.6 39.4 39.4
5137 0.0 30 0 0 5137 0.4 50 0 0 120 59.2 44.6 44.6
5137 0.0 30 0 0 5137 0.4 50 0 0 150 68.5 52.9 52.9
5137 0.0 30 0 0 5137 0.4 50 0 0 180 73.6 59.0 59.0
5137 0.0 30 0 0 5137 0.4 60 0 0 0 46.7 37.3 37.3
5137 0.0 30 0 0 5137 0.4 60 0 0 30 47.4 37.3 37.3
5137 0.0 30 0 0 5137 0.4 60 0 0 60 48.6 38.0 38.0
5137 0.0 30 0 0 5137 0.4 60 0 0 90 51.4 40.4 40.4
5137 0.0 30 0 0 5137 0.4 60 0 0 120 58.0 45.3 45.3
5137 0.0 30 0 0 5137 0.4 60 0 0 150 66.6 53.1 53.1
5137 0.0 30 0 0 5137 0.4 60 0 0 180 71.2 59.9 59.9
5137 0.0 30 0 0 5137 0.5 0 0 0 0 49.2 42.3 42.3
5137 0.0 30 0 0 5137 0.5 0 0 0 30 49.6 42.5 42.5
5137 0.0 30 0 0 5137 0.5 0 0 0 60 50.3 43.3 43.3
5137 0.0 30 0 0 5137 0.5 0 0 0 90 51.9 45.4 45.4
5137 0.0 30 0 0 5137 0.5 0 0 0 120 57.6 49.2 49.2
5137 0.0 30 0 0 5137 0.5 0 0 0 150 68.0 57.1 57.1
5137 0.0 30 0 0 5137 0.5 0 0 0 180 75.3 59.4 59.4
5137 0.0 30 0 0 5137 0.5 10 0 0 0 49.2 41.5 41.5
5137 0.0 30 0 0 5137 0.5 10 0 0 30 49.6 41.6 41.6
5137 0.0 30 0 0 5137 0.5 10 0 0 60 50.2 42.2 42.2
5137 0.0 30 0 0 5137 0.5 10 0 0 90 51.9 43.8 43.8
5137 0.0 30 0 0 5137 0.5 10 0 0 120 57.5 47.6 47.6
5137 0.0 30 0 0 5137 0.5 10 0 0 150 67.9 55.9 55.9
5137 0.0 30 0 0 5137 0.5 10 0 0 180 75.2 59.8 59.8
5137 0.0 30 0 0 5137 0.5 20 0 0 0 49.2 39.8 39.8
5137 0.0 30 0 0 5137 0.5 20 0 0 30 49.5 39.9 39.9
5137 0.0 30 0 0 5137 0.5 20 0 0 60 50.2 40.2 40.2
5137 0.0 30 0 0 5137 0.5 20 0 0 90 51.8 41.2 41.2
5137 0.0 30 0 0 5137 0.5 20 0 0 120 57.2 44.9 44.9
5137 0.0 30 0 0 5137 0.5 20 0 0 150 67.7 53.6 53.6
5137 0.0 30 0 0 5137 0.5 20 0 0 180 74.8 59.0 59.0
5137 0.0 30 0 0 5137 0.5 30 0 0 0 49.2 38.7 38.7
5137 0.0 30 0 0 5137 0.5 30 0 0 30 49.5 38.6 38.6
5137 0.0 30 0 0 5137 0.5 30 0 0 60 50.2 38.8 38.8
5137 0.0 30 0 0 5137 0.5 30 0 0 90 51.7 39.5 39.5
5137 0.0 30 0 0 5137 0.5 30 0 0 120 56.8 43.1 43.1
5137 0.0 30 0 0 5137 0.5 30 0 0 150 67.2 52.0 52.0
5137 0.0 30 0 0 5137 0.5 30 0 0 180 74.3 58.8 58.8
5137 0.0 30 0 0 5137 0.5 40 0 0 0 49.2 38.2 38.2
5137 0.0 30 0 0 5137 0.5 40 0 0 30 49.5 38.1 38.1
5137 0.0 30 0 0 5137 0.5 40 0 0 60 50.1 38.2 38.2
5137 0.0 30 0 0 5137 0.5 40 0 0 90 51.6 38.9 38.9
5137 0.0 30 0 0 5137 0.5 40 0 0 120 56.3 42.2 42.2
5137 0.0 30 0 0 5137 0.5 40 0 0 150 66.5 51.0 51.0
5137 0.0 30 0 0 5137 0.5 40 0 0 180 73.4 58.9 58.9
5137 0.0 30 0 0 5137 0.5 50 0 0 0 49.2 38.3 38.3
5137 0.0 30 0 0 5137 0.5 50 0 0 30 49.5 38.2 38.2
5137 0.0 30 0 0 5137 0.5 50 0 0 60 50.1 38.3 38.3
5137 0.0 30 0 0 5137 0.5 50 0 0 90 51.5 38.9 38.9
5137 0.0 30 0 0 5137 0.5 50 0 0 120 55.9 42.1 42.1
5137 0.0 30 0 0 5137 0.5 50 0 0 150 65.5 50.6 50.6
5137 0.0 30 0 0 5137 0.5 50 0 0 180 72.0 59.0 59.0
5137 0.0 30 0 0 5137 0.5 60 0 0 0 49.2 38.8 38.8
5137 0.0 30 0 0 5137 0.5 60 0 0 30 49.5 38.6 38.6
5137 0.0 30 0 0 5137 0.5 60 0 0 60 50.1 38.7 38.7
5137 0.0 30 0 0 5137 0.5 60 0 0 90 51.5 39.4 39.4
5137 0.0 30 0 0 5137 0.5 60 0 0 120 55.4 42.7 42.7
5137 0.0 30 0 0 5137 0.5 60 0 0 150 63.5 50.6 50.6
5137 0.0 30 0 0 5137 0.5 60 0 0 180 69.4 59.3 59.3
