4937 0.3 40 0 0 4737 0.0 0 0 0 0 61.4 52.5 52.5
4937 0.3 40 0 0 4737 0.0 0 0 0 30 61.6 52.2 52.2
4937 0.3 40 0 0 4737 0.0 0 0 0 60 61.5 51.9 51.9
4937 0.3 40 0 0 4737 0.0 0 0 0 90 61.2 51.5 51.5
4937 0.3 40 0 0 4737 0.0 0 0 0 120 60.9 51.3 51.3
4937 0.3 40 0 0 4737 0.0 0 0 0 150 60.6 51.3 51.3
4937 0.3 40 0 0 4737 0.0 0 0 0 180 60.5 51.4 51.4
4937 0.3 40 0 0 4737 0.0 10 0 0 0 61.4 52.0 52.0
4937 0.3 40 0 0 4737 0.0 10 0 0 30 61.6 51.8 51.8
4937 0.3 40 0 0 4737 0.0 10 0 0 60 61.5 51.5 51.5
4937 0.3 40 0 0 4737 0.0 10 0 0 90 61.2 51.2 51.2
4937 0.3 40 0 0 4737 0.0 10 0 0 120 60.9 51.0 51.0
4937 0.3 40 0 0 4737 0.0 10 0 0 150 60.5 50.9 50.9
4937 0.3 40 0 0 4737 0.0 10 0 0 180 60.5 50.9 50.9
4937 0.3 40 0 0 4737 0.0 20 0 0 0 61.2 50.5 50.5
4937 0.3 40 0 0 4737 0.0 20 0 0 30 61.4 50.4 50.4
4937 0.3 40 0 0 4737 0.0 20 0 0 60 61.3 50.2 50.2
4937 0.3 40 0 0 4737 0.0 20 0 0 90 61.0 49.9 49.9
4937 0.3 40 0 0 4737 0.0 20 0 0 120 60.7 49.7 49.7
4937 0.3 40 0 0 4737 0.0 20 0 0 150 60.4 49.6 49.6
4937 0.3 40 0 0 4737 0.0 20 0 0 180 60.3 49.7 49.7
4937 0.3 40 0 0 4737 0.0 30 0 0 0 60.9 47.5 47.5
4937 0.3 40 0 0 4737 0.0 30 0 0 30 61.0 47.4 47.4
4937 0.3 40 0 0 4737 0.0 30 0 0 60 61.0 47.2 47.2
4937 0.3 40 0 0 4737 0.0 30 0 0 90 60.6 47.0 47.0
4937 0.3 40 0 0 4737 0.0 30 0 0 120 60.3 47.0 47.0
4937 0.3 40 0 0 4737 0.0 30 0 0 150 60.0 47.1 47.1
4937 0.3 40 0 0 4737 0.0 30 0 0 180 59.9 47.3 47.3
4937 0.3 40 0 0 4737 0.0 40 0 0 0 60.3 47.5 47.5
4937 0.3 40 0 0 4737 0.0 40 0 0 30 60.5 47.5 47.5
4937 0.3 40 0 0 4737 0.0 40 0 0 60 60.4 47.2 47.2
4937 0.3 40 0 0 4737 0.0 40 0 0 90 60.1 47.0 47.0
4937 0.3 40 0 0 4737 0.0 40 0 0 120 59.8 46.9 46.9
4937 0.3 40 0 0 4737 0.0 40 0 0 150 59.4 47.0 47.0
4937 0.3 40 0 0 4737 0.0 40 0 0 180 59.4 47.2 47.2
4937 0.3 40 0 0 4737 0.0 50 0 0 0 59.5 48.3 48.3
4937 0.3 40 0 0 4737 0.0 50 0 0 30 59.7 48.3 48.3
4937 0.3 40 0 0 4737 0.0 50 0 0 60 59.6 48.1 48.1
4937 0.3 40 0 0 4737 0.0 50 0 0 90 59.2 47.8 47.8
4937 0.3 40 0 0 4737 0.0 50 0 0 120 58.9 47.6 47.6
4937 0.3 40 0 0 4737 0.0 50 0 0 150 58.6 47.5 47.5
4937 0.3 40 0 0 4737 0.0 50 0 0 180 58.6 47.6 47.6
4937 0.3 40 0 0 4737 0.0 60 0 0 0 58.1 49.9 49.9
4937 0.3 40 0 0 4737 0.0 60 0 0 30 58.3 50.0 50.0
4937 0.3 40 0 0 4737 0.0 60 0 0 60 58.2 49.7 49.7
4937 0.3 40 0 0 4737 0.0 60 0 0 90 57.9 49.4 49.4
4937 0.3 40 0 0 4737 0.0 60 0 0 120 57.5 49.1 49.1
4937 0.3 40 0 0 4737 0.0 60 0 0 150 57.3 48.9 48.9
4937 0.3 40 0 0 4737 0.0 60 0 0 180 57.3 48.8 48.8
4937 0.3 40 0 0 4737 0.1 0 0 0 0 60.8 51.7 51.7
4937 0.3 40 0 0 4737 0.1 0 0 0 30 61.0 51.6 51.6
4937 0.3 40 0 0 4737 0.1 0 0 0 60 60.9 51.3 51.3
4937 0.3 40 0 0 4737 0.1 0 0 0 90 60.7 50.9 50.9
4937 0.3 40 0 0 4737 0.1 0 0 0 120 60.3 50.7 50.7
4937 0.3 40 0 0 4737 0.1 0 0 0 150 60.0 50.5 50.5
4937 0.3 40 0 0 4737 0.1 0 0 0 180 59.9 50.7 50.7
4937 0.3 40 0 0 4737 0.1 10 0 0 0 60.8 51.2 51.2
4937 0.3 40 0 0 4737 0.1 10 0 0 30 60.9 51.1 51.1
4937 0.3 40 0 0 4737 0.1 10 0 0 60 60.9 50.8 50.8
4937 0.3 40 0 0 4737 0.1 10 0 0 90 60.6 50.5 50.5
4937 0.3 40 0 0 4737 0.1 10 0 0 120 60.3 50.2 50.2
4937 0.3 40 0 0 4737 0.1 10 0 0 150 59.9 50.0 50.0
4937 0.3 40 0 0 4737 0.1 10 0 0 180 59.8 50.1 50.1
4937 0.3 40 0 0 4737 0.1 20 0 0 0 60.6 49.7 49.7
4937 0.3 40 0 0 4737 0.1 20 0 0 30 60.7 49.6 49.6
4937 0.3 40 0 0 4737 0.1 20 0 0 60 60.7 49.4 49.4
4937 0.3 40 0 0 4737 0.1 20 0 0 90 60.4 49.1 49.1
4937 0.3 40 0 0 4737 0.1 20 0 0 120 60.1 48.8 48.8
4937 0.3 40 0 0 4737 0.1 20 0 0 150 59.7 48.7 48.7
4937 0.3 40 0 0 4737 0.1 20 0 0 180 59.6 48.7 48.7
4937 0.3 40 0 0 4737 0.1 30 0 0 0 60.2 46.8 46.8
4937 0.3 40 0 0 4737 0.1 30 0 0 30 60.4 46.8 46.8
4937 0.3 40 0 0 4737 0.1 30 0 0 60 60.3 46.5 46.5
4937 0.3 40 0 0 4737 0.1 30 0 0 90 60.1 46.2 46.2
4937 0.3 40 0 0 4737 0.1 30 0 0 120 59.7 46.1 46.1
4937 0.3 40 0 0 4737 0.1 30 0 0 150 59.4 46.1 46.1
4937 0.3 40 0 0 4737 0.1 30 0 0 180 59.3 46.3 46.3
4937 0.3 40 0 0 4737 0.1 40 0 0 0 59.7 46.9 46.9
4937 0.3 40 0 0 4737 0.1 40 0 0 30 59.9 46.8 46.8
4937 0.3 40 0 0 4737 0.1 40 0 0 60 59.8 46.6 46.6
4937 0.3 40 0 0 4737 0.1 40 0 0 90 59.5 46.3 46.3
4937 0.3 40 0 0 4737 0.1 40 0 0 120 59.1 46.1 46.1
4937 0.3 40 0 0 4737 0.1 40 0 0 150 58.8 46.0 46.0
4937 0.3 40 0 0 4737 0.1 40 0 0 180 58.7 46.2 46.2
4937 0.3 40 0 0 4737 0.1 50 0 0 0 58.9 47.8 47.8
4937 0.3 40 0 0 4737 0.1 50 0 0 30 59.1 47.8 47.8
4937 0.3 40 0 0 4737 0.1 50 0 0 60 59.0 47.6 47.6
4937 0.3 40 0 0 4737 0.1 50 0 0 90 58.7 47.3 47.3
4937 0.3 40 0 0 4737 0.1 50 0 0 120 58.3 47.0 47.0
4937 0.3 40 0 0 4737 0.1 50 0 0 150 57.9 46.7 46.7
4937 0.3 40 0 0 4737 0.1 50 0 0 180 57.8 46.7 46.7
4937 0.3 40 0 0 4737 0.1 60 0 0 0 57.4 49.2 49.2
4937 0.3 40 0 0 4737 0.1 60 0 0 30 57.7 49.4 49.4
4937 0.3 40 0 0 4737 0.1 60 0 0 60 57.6 49.3 49.3
4937 0.3 40 0 0 4737 0.1 60 0 0 90 57.4 48.9 48.9
4937 0.3 40 0 0 4737 0.1 60 0 0 120 57.0 48.5 48.5
4937 0.3 40 0 0 4737 0.1 60 0 0 150 56.6 48.2 48.2
4937 0.3 40 0 0 4737 0.1 60 0 0 180 56.5 48.0 48.0
4937 0.3 40 0 0 4737 0.2 0 0 0 0 60.2 51.0 51.0
4937 0.3 40 0 0 4737 0.2 0 0 0 30 60.3 50.8 50.8
4937 0.3 40 0 0 4737 0.2 0 0 0 60 60.3 50.6 50.6
4937 0.3 40 0 0 4737 0.2 0 0 0 90 60.1 50.2 50.2
4937 0.3 40 0 0 4737 0.2 0 0 0 120 59.8 49.9 49.9
4937 0.3 40 0 0 4737 0.2 0 0 0 150 59.4 49.7 49.7
4937 0.3 40 0 0 4737 0.2 0 0 0 180 59.3 49.8 49.8
4937 0.3 40 0 0 4737 0.2 10 0 0 0 60.1 50.4 50.4
4937 0.3 40 0 0 4737 0.2 10 0 0 30 60.3 50.3 50.3
4937 0.3 40 0 0 4737 0.2 10 0 0 60 60.3 50.1 50.1
4937 0.3 40 0 0 4737 0.2 10 0 0 90 60.0 49.7 49.7
4937 0.3 40 0 0 4737 0.2 10 0 0 120 59.7 49.5 49.5
4937 0.3 40 0 0 4737 0.2 10 0 0 150 59.3 49.2 49.2
4937 0.3 40 0 0 4737 0.2 10 0 0 180 59.2 49.3 49.3
4937 0.3 40 0 0 4737 0.2 20 0 0 0 59.9 48.9 48.9
4937 0.3 40 0 0 4737 0.2 20 0 0 30 60.1 48.8 48.8
4937 0.3 40 0 0 4737 0.2 20 0 0 60 60.1 48.6 48.6
4937 0.3 40 0 0 4737 0.2 20 0 0 90 59.8 48.2 48.2
4937 0.3 40 0 0 4737 0.2 20 0 0 120 59.5 47.9 47.9
4937 0.3 40 0 0 4737 0.2 20 0 0 150 59.1 47.7 47.7
4937 0.3 40 0 0 4737 0.2 20 0 0 180 59.0 47.7 47.7
4937 0.3 40 0 0 4737 0.2 30 0 0 0 59.6 46.3 46.3
4937 0.3 40 0 0 4737 0.2 30 0 0 30 59.7 46.2 46.2
4937 0.3 40 0 0 4737 0.2 30 0 0 60 59.7 46.0 46.0
4937 0.3 40 0 0 4737 0.2 30 0 0 90 59.5 45.7 45.7
4937 0.3 40 0 0 4737 0.2 30 0 0 120 59.2 45.4 45.4
4937 0.3 40 0 0 4737 0.2 30 0 0 150 58.7 45.1 45.1
4937 0.3 40 0 0 4737 0.2 30 0 0 180 58.6 45.3 45.3
4937 0.3 40 0 0 4737 0.2 40 0 0 0 59.1 46.5 46.5
4937 0.3 40 0 0 4737 0.2 40 0 0 30 59.2 46.4 46.4
4937 0.3 40 0 0 4737 0.2 40 0 0 60 59.2 46.2 46.2
4937 0.3 40 0 0 4737 0.2 40 0 0 90 58.9 45.9 45.9
4937 0.3 40 0 0 4737 0.2 40 0 0 120 58.6 45.5 45.5
4937 0.3 40 0 0 4737 0.2 40 0 0 150 58.1 45.2 45.2
4937 0.3 40 0 0 4737 0.2 40 0 0 180 58.0 45.3 45.3
4937 0.3 40 0 0 4737 0.2 50 0 0 0 58.2 47.3 47.3
4937 0.3 40 0 0 4737 0.2 50 0 0 30 58.4 47.3 47.3
4937 0.3 40 0 0 4737 0.2 50 0 0 60 58.4 47.1 47.1
4937 0.3 40 0 0 4737 0.2 50 0 0 90 58.1 46.8 46.8
4937 0.3 40 0 0 4737 0.2 50 0 0 120 57.7 46.4 46.4
4937 0.3 40 0 0 4737 0.2 50 0 0 150 57.3 46.1 46.1
4937 0.3 40 0 0 4737 0.2 50 0 0 180 57.1 45.9 45.9
4937 0.3 40 0 0 4737 0.2 60 0 0 0 56.8 48.5 48.5
4937 0.3 40 0 0 4737 0.2 60 0 0 30 57.0 48.7 48.7
4937 0.3 40 0 0 4737 0.2 60 0 0 60 57.0 48.7 48.7
4937 0.3 40 0 0 4737 0.2 60 0 0 90 56.9 48.4 48.4
4937 0.3 40 0 0 4737 0.2 60 0 0 120 56.5 47.9 47.9
4937 0.3 40 0 0 4737 0.2 60 0 0 150 55.9 47.5 47.5
4937 0.3 40 0 0 4737 0.2 60 0 0 180 55.6 47.2 47.2
4937 0.3 40 0 0 4737 0.3 0 0 0 0 59.6 50.1 50.1
4937 0.3 40 0 0 4737 0.3 0 0 0 30 59.7 50.0 50.0
4937 0.3 40 0 0 4737 0.3 0 0 0 60 59.7 49.8 49.8
4937 0.3 40 0 0 4737 0.3 0 0 0 90 59.5 49.5 49.5
4937 0.3 40 0 0 4737 0.3 0 0 0 120 59.2 49.1 49.1
4937 0.3 40 0 0 4737 0.3 0 0 0 150 58.8 48.8 48.8
4937 0.3 40 0 0 4737 0.3 0 0 0 180 58.6 48.9 48.9
4937 0.3 40 0 0 4737 0.3 10 0 0 0 59.5 49.5 49.5
4937 0.3 40 0 0 4737 0.3 10 0 0 30 59.6 49.4 49.4
4937 0.3 40 0 0 4737 0.3 10 0 0 60 59.6 49.3 49.3
4937 0.3 40 0 0 4737 0.3 10 0 0 90 59.5 49.0 49.0
4937 0.3 40 0 0 4737 0.3 10 0 0 120 59.1 48.6 48.6
4937 0.3 40 0 0 4737 0.3 10 0 0 150 58.7 48.3 48.3
4937 0.3 40 0 0 4737 0.3 10 0 0 180 58.6 48.3 48.3
4937 0.3 40 0 0 4737 0.3 20 0 0 0 59.3 47.8 47.8
4937 0.3 40 0 0 4737 0.3 20 0 0 30 59.4 47.7 47.7
4937 0.3 40 0 0 4737 0.3 20 0 0 60 59.4 47.5 47.5
4937 0.3 40 0 0 4737 0.3 20 0 0 90 59.2 47.2 47.2
4937 0.3 40 0 0 4737 0.3 20 0 0 120 58.9 46.8 46.8
4937 0.3 40 0 0 4737 0.3 20 0 0 150 58.5 46.5 46.5
4937 0.3 40 0 0 4737 0.3 20 0 0 180 58.3 46.4 46.4
4937 0.3 40 0 0 4737 0.3 30 0 0 0 59.0 45.9 45.9
4937 0.3 40 0 0 4737 0.3 30 0 0 30 59.1 45.8 45.8
4937 0.3 40 0 0 4737 0.3 30 0 0 60 59.1 45.6 45.6
4937 0.3 40 0 0 4737 0.3 30 0 0 90 58.9 45.3 45.3
4937 0.3 40 0 0 4737 0.3 30 0 0 120 58.6 44.9 44.9
4937 0.3 40 0 0 4737 0.3 30 0 0 150 58.1 44.5 44.5
4937 0.3 40 0 0 4737 0.3 30 0 0 180 57.9 44.5 44.5
4937 0.3 40 0 0 4737 0.3 40 0 0 0 58.5 46.1 46.1
4937 0.3 40 0 0 4737 0.3 40 0 0 30 58.6 46.0 46.0
4937 0.3 40 0 0 4737 0.3 40 0 0 60 58.6 45.8 45.8
4937 0.3 40 0 0 4737 0.3 40 0 0 90 58.4 45.6 45.6
4937 0.3 40 0 0 4737 0.3 40 0 0 120 58.0 45.2 45.2
4937 0.3 40 0 0 4737 0.3 40 0 0 150 57.5 44.8 44.8
4937 0.3 40 0 0 4737 0.3 40 0 0 180 57.3 44.6 44.6
4937 0.3 40 0 0 4737 0.3 50 0 0 0 57.6 47.0 47.0
4937 0.3 40 0 0 4737 0.3 50 0 0 30 57.8 47.0 47.0
4937 0.3 40 0 0 4737 0.3 50 0 0 60 57.8 46.8 46.8
4937 0.3 40 0 0 4737 0.3 50 0 0 90 57.7 46.5 46.5
4937 0.3 40 0 0 4737 0.3 50 0 0 120 57.2 46.0 46.0
4937 0.3 40 0 0 4737 0.3 50 0 0 150 56.6 45.6 45.6
4937 0.3 40 0 0 4737 0.3 50 0 0 180 56.3 45.1 45.1
4937 0.3 40 0 0 4737 0.3 60 0 0 0 56.0 47.7 47.7
4937 0.3 40 0 0 4737 0.3 60 0 0 30 56.2 47.9 47.9
4937 0.3 40 0 0 4737 0.3 60 0 0 60 56.3 48.1 48.1
4937 0.3 40 0 0 4737 0.3 60 0 0 90 56.4 47.9 47.9
4937 0.3 40 0 0 4737 0.3 60 0 0 120 56.1 47.4 47.4
4937 0.3 40 0 0 4737 0.3 60 0 0 150 55.3 46.9 46.9
4937 0.3 40 0 0 4737 0.3 60 0 0 180 54.6 46.4 46.4
4937 0.3 40 0 0 4737 0.4 0 0 0 0 59.0 49.1 49.1
4937 0.3 40 0 0 4737 0.4 0 0 0 30 59.1 49.0 49.0
4937 0.3 40 0 0 4737 0.4 0 0 0 60 59.1 48.9 48.9
4937 0.3 40 0 0 4737 0.4 0 0 0 90 59.0 48.7 48.7
4937 0.3 40 0 0 4737 0.4 0 0 0 120 58.6 48.3 48.3
4937 0.3 40 0 0 4737 0.4 0 0 0 150 58.2 47.9 47.9
4937 0.3 40 0 0 4737 0.4 0 0 0 180 58.0 47.9 47.9
4937 0.3 40 0 0 4737 0.4 10 0 0 0 58.9 48.6 48.6
4937 0.3 40 0 0 4737 0.4 10 0 0 30 59.0 48.5 48.5
4937 0.3 40 0 0 4737 0.4 10 0 0 60 59.0 48.3 48.3
4937 0.3 40 0 0 4737 0.4 10 0 0 90 58.9 48.1 48.1
4937 0.3 40 0 0 4737 0.4 10 0 0 120 58.6 47.6 47.6
4937 0.3 40 0 0 4737 0.4 10 0 0 150 58.1 47.3 47.3
4937 0.3 40 0 0 4737 0.4 10 0 0 180 57.9 47.2 47.2
4937 0.3 40 0 0 4737 0.4 20 0 0 0 58.7 46.4 46.4
4937 0.3 40 0 0 4737 0.4 20 0 0 30 58.8 46.3 46.3
4937 0.3 40 0 0 4737 0.4 20 0 0 60 58.8 46.2 46.2
4937 0.3 40 0 0 4737 0.4 20 0 0 90 58.7 46.0 46.0
4937 0.3 40 0 0 4737 0.4 20 0 0 120 58.4 45.5 45.5
4937 0.3 40 0 0 4737 0.4 20 0 0 150 57.9 45.0 45.0
4937 0.3 40 0 0 4737 0.4 20 0 0 180 57.6 44.8 44.8
4937 0.3 40 0 0 4737 0.4 30 0 0 0 58.4 45.7 45.7
4937 0.3 40 0 0 4737 0.4 30 0 0 30 58.5 45.6 45.6
4937 0.3 40 0 0 4737 0.4 30 0 0 60 58.5 45.5 45.5
4937 0.3 40 0 0 4737 0.4 30 0 0 90 58.4 45.2 45.2
4937 0.3 40 0 0 4737 0.4 30 0 0 120 58.0 44.6 44.6
4937 0.3 40 0 0 4737 0.4 30 0 0 150 57.4 44.1 44.1
4937 0.3 40 0 0 4737 0.4 30 0 0 180 57.2 43.9 43.9
4937 0.3 40 0 0 4737 0.4 40 0 0 0 57.8 46.0 46.0
4937 0.3 40 0 0 4737 0.4 40 0 0 30 58.0 45.9 45.9
4937 0.3 40 0 0 4737 0.4 40 0 0 60 58.0 45.8 45.8
4937 0.3 40 0 0 4737 0.4 40 0 0 90 57.9 45.5 45.5
4937 0.3 40 0 0 4737 0.4 40 0 0 120 57.5 45.0 45.0
4937 0.3 40 0 0 4737 0.4 40 0 0 150 56.8 44.4 44.4
4937 0.3 40 0 0 4737 0.4 40 0 0 180 56.5 44.0 44.0
4937 0.3 40 0 0 4737 0.4 50 0 0 0 57.0 46.6 46.6
4937 0.3 40 0 0 4737 0.4 50 0 0 30 57.2 46.6 46.6
4937 0.3 40 0 0 4737 0.4 50 0 0 60 57.2 46.6 46.6
4937 0.3 40 0 0 4737 0.4 50 0 0 90 57.2 46.4 46.4
4937 0.3 40 0 0 4737 0.4 50 0 0 120 56.8 45.9 45.9
4937 0.3 40 0 0 4737 0.4 50 0 0 150 56.0 45.3 45.3
4937 0.3 40 0 0 4737 0.4 50 0 0 180 55.5 44.6 44.6
4937 0.3 40 0 0 4737 0.4 60 0 0 0 55.0 47.1 47.1
4937 0.3 40 0 0 4737 0.4 60 0 0 30 55.2 47.2 47.2
4937 0.3 40 0 0 4737 0.4 60 0 0 60 55.4 47.4 47.4
4937 0.3 40 0 0 4737 0.4 60 0 0 90 55.6 47.5 47.5
4937 0.3 40 0 0 4737 0.4 60 0 0 120 55.5 47.1 47.1
4937 0.3 40 0 0 4737 0.4 60 0 0 150 54.8 46.4 46.4
4937 0.3 40 0 0 4737 0.4 60 0 0 180 53.6 45.6 45.6
4937 0.3 40 0 0 4737 0.5 0 0 0 0 58.4 47.8 47.8
4937 0.3 40 0 0 4737 0.5 0 0 0 30 58.4 47.7 47.7
4937 0.3 40 0 0 4737 0.5 0 0 0 60 58.5 47.6 47.6
4937 0.3 40 0 0 4737 0.5 0 0 0 90 58.4 47.4 47.4
4937 0.3 40 0 0 4737 0.5 0 0 0 120 58.1 47.1 47.1
4937 0.3 40 0 0 4737 0.5 0 0 0 150 57.5 46.6 46.6
4937 0.3 40 0 0 4737 0.5 0 0 0 180 57.3 46.4 46.4
4937 0.3 40 0 0 4737 0.5 10 0 0 0 58.3 47.0 47.0
4937 0.3 40 0 0 4737 0.5 10 0 0 30 58.4 46.9 46.9
4937 0.3 40 0 0 4737 0.5 10 0 0 60 58.4 46.8 46.8
4937 0.3 40 0 0 4737 0.5 10 0 0 90 58.3 46.6 46.6
4937 0.3 40 0 0 4737 0.5 10 0 0 120 58.1 46.2 46.2
4937 0.3 40 0 0 4737 0.5 10 0 0 150 57.4 45.6 45.6
4937 0.3 40 0 0 4737 0.5 10 0 0 180 57.2 45.4 45.4
4937 0.3 40 0 0 4737 0.5 20 0 0 0 58.1 46.1 46.1
4937 0.3 40 0 0 4737 0.5 20 0 0 30 58.2 46.0 46.0
4937 0.3 40 0 0 4737 0.5 20 0 0 60 58.2 45.9 45.9
4937 0.3 40 0 0 4737 0.5 20 0 0 90 58.1 45.7 45.7
4937 0.3 40 0 0 4737 0.5 20 0 0 120 57.9 45.2 45.2
4937 0.3 40 0 0 4737 0.5 20 0 0 150 57.2 44.5 44.5
4937 0.3 40 0 0 4737 0.5 20 0 0 180 56.9 44.1 44.1
4937 0.3 40 0 0 4737 0.5 30 0 0 0 57.8 45.9 45.9
4937 0.3 40 0 0 4737 0.5 30 0 0 30 57.9 45.8 45.8
4937 0.3 40 0 0 4737 0.5 30 0 0 60 57.9 45.7 45.7
4937 0.3 40 0 0 4737 0.5 30 0 0 90 57.8 45.4 45.4
4937 0.3 40 0 0 4737 0.5 30 0 0 120 57.6 44.9 44.9
4937 0.3 40 0 0 4737 0.5 30 0 0 150 56.8 44.1 44.1
4937 0.3 40 0 0 4737 0.5 30 0 0 180 56.4 43.5 43.5
4937 0.3 40 0 0 4737 0.5 40 0 0 0 57.2 46.1 46.1
4937 0.3 40 0 0 4737 0.5 40 0 0 30 57.3 46.0 46.0
4937 0.3 40 0 0 4737 0.5 40 0 0 60 57.4 45.9 45.9
4937 0.3 40 0 0 4737 0.5 40 0 0 90 57.4 45.7 45.7
4937 0.3 40 0 0 4737 0.5 40 0 0 120 57.2 45.2 45.2
4937 0.3 40 0 0 4737 0.5 40 0 0 150 56.2 44.5 44.5
4937 0.3 40 0 0 4737 0.5 40 0 0 180 55.7 43.7 43.7
4937 0.3 40 0 0 4737 0.5 50 0 0 0 56.2 46.3 46.3
4937 0.3 40 0 0 4737 0.5 50 0 0 30 56.4 46.4 46.4
4937 0.3 40 0 0 4737 0.5 50 0 0 60 56.5 46.4 46.4
4937 0.3 40 0 0 4737 0.5 50 0 0 90 56.6 46.2 46.2
4937 0.3 40 0 0 4737 0.5 50 0 0 120 56.5 45.8 45.8
4937 0.3 40 0 0 4737 0.5 50 0 0 150 55.5 45.1 45.1
4937 0.3 40 0 0 4737 0.5 50 0 0 180 54.4 44.2 44.2
4937 0.3 40 0 0 4737 0.5 60 0 0 0 54.4 46.5 46.5
4937 0.3 40 0 0 4737 0.5 60 0 0 30 54.6 46.6 46.6
4937 0.3 40 0 0 4737 0.5 60 0 0 60 54.8 46.8 46.8
4937 0.3 40 0 0 4737 0.5 60 0 0 90 55.0 46.9 46.9
4937 0.3 40 0 0 4737 0.5 60 0 0 120 54.9 46.8 46.8
4937 0.3 40 0 0 4737 0.5 60 0 0 150 54.4 46.0 46.0
4937 0.3 40 0 0 4737 0.5 60 0 0 180 52.8 44.9 44.9
4937 0.3 40 0 0 4937 0.0 0 0 0 0 44.9 41.1 41.1
4937 0.3 40 0 0 4937 0.0 0 0 0 30 48.4 45.6 45.6
4937 0.3 40 0 0 4937 0.0 0 0 0 60 56.5 51.3 51.3
4937 0.3 40 0 0 4937 0.0 0 0 0 90 64.5 57.3 57.3
4937 0.3 40 0 0 4937 0.0 0 0 0 120 70.3 62.2 62.2
4937 0.3 40 0 0 4937 0.0 0 0 0 150 74.0 62.4 62.4
4937 0.3 40 0 0 4937 0.0 0 0 0 180 75.3 61.2 61.2
4937 0.3 40 0 0 4937 0.0 10 0 0 0 44.8 40.1 40.1
4937 0.3 40 0 0 4937 0.0 10 0 0 30 48.3 44.4 44.4
4937 0.3 40 0 0 4937 0.0 10 0 0 60 56.4 50.3 50.3
4937 0.3 40 0 0 4937 0.0 10 0 0 90 64.4 56.5 56.5
4937 0.3 40 0 0 4937 0.0 10 0 0 120 70.3 61.3 61.3
4937 0.3 40 0 0 4937 0.0 10 0 0 150 73.9 62.1 62.1
4937 0.3 40 0 0 4937 0.0 10 0 0 180 75.2 61.7 61.7
4937 0.3 40 0 0 4937 0.0 20 0 0 0 44.7 38.4 38.4
4937 0.3 40 0 0 4937 0.0 20 0 0 30 48.0 42.3 42.3
4937 0.3 40 0 0 4937 0.0 20 0 0 60 56.1 48.4 48.4
4937 0.3 40 0 0 4937 0.0 20 0 0 90 64.2 54.7 54.7
4937 0.3 40 0 0 4937 0.0 20 0 0 120 70.1 59.3 59.3
4937 0.3 40 0 0 4937 0.0 20 0 0 150 73.7 60.8 60.8
4937 0.3 40 0 0 4937 0.0 20 0 0 180 75.0 60.8 60.8
4937 0.3 40 0 0 4937 0.0 30 0 0 0 44.4 35.7 35.7
4937 0.3 40 0 0 4937 0.0 30 0 0 30 47.6 38.5 38.5
4937 0.3 40 0 0 4937 0.0 30 0 0 60 55.7 44.8 44.8
4937 0.3 40 0 0 4937 0.0 30 0 0 90 63.9 51.0 51.0
4937 0.3 40 0 0 4937 0.0 30 0 0 120 69.8 55.5 55.5
4937 0.3 40 0 0 4937 0.0 30 0 0 150 73.3 57.7 57.7
4937 0.3 40 0 0 4937 0.0 30 0 0 180 74.5 57.7 57.7
4937 0.3 40 0 0 4937 0.0 40 0 0 0 44.0 35.5 35.5
4937 0.3 40 0 0 4937 0.0 40 0 0 30 47.0 38.1 38.1
4937 0.3 40 0 0 4937 0.0 40 0 0 60 55.2 44.1 44.1
4937 0.3 40 0 0 4937 0.0 40 0 0 90 63.4 50.3 50.3
4937 0.3 40 0 0 4937 0.0 40 0 0 120 69.2 54.8 54.8
4937 0.3 40 0 0 4937 0.0 40 0 0 150 72.5 57.4 57.4
4937 0.3 40 0 0 4937 0.0 40 0 0 180 73.7 57.7 57.7
4937 0.3 40 0 0 4937 0.0 50 0 0 0 43.4 35.9 35.9
4937 0.3 40 0 0 4937 0.0 50 0 0 30 46.3 38.6 38.6
4937 0.3 40 0 0 4937 0.0 50 0 0 60 54.4 44.3 44.3
4937 0.3 40 0 0 4937 0.0 50 0 0 90 62.6 50.3 50.3
4937 0.3 40 0 0 4937 0.0 50 0 0 120 68.3 54.9 54.9
4937 0.3 40 0 0 4937 0.0 50 0 0 150 71.4 57.8 57.8
4937 0.3 40 0 0 4937 0.0 50 0 0 180 72.5 58.6 58.6
4937 0.3 40 0 0 4937 0.0 60 0 0 0 42.6 36.8 36.8
4937 0.3 40 0 0 4937 0.0 60 0 0 30 45.5 39.5 39.5
4937 0.3 40 0 0 4937 0.0 60 0 0 60 53.3 45.0 45.0
4937 0.3 40 0 0 4937 0.0 60 0 0 90 61.2 50.9 50.9
4937 0.3 40 0 0 4937 0.0 60 0 0 120 66.5 55.8 55.8
4937 0.3 40 0 0 4937 0.0 60 0 0 150 69.4 59.0 59.0
4937 0.3 40 0 0 4937 0.0 60 0 0 180 70.6 60.4 60.4
4937 0.3 40 0 0 4937 0.1 0 0 0 0 42.9 40.1 40.1
4937 0.3 40 0 0 4937 0.1 0 0 0 30 46.7 43.7 43.7
4937 0.3 40 0 0 4937 0.1 0 0 0 60 53.9 48.7 48.7
4937 0.3 40 0 0 4937 0.1 0 0 0 90 61.6 54.5 54.5
4937 0.3 40 0 0 4937 0.1 0 0 0 120 67.9 60.5 60.5
4937 0.3 40 0 0 4937 0.1 0 0 0 150 72.5 62.2 62.2
4937 0.3 40 0 0 4937 0.1 0 0 0 180 74.9 60.2 60.2
4937 0.3 40 0 0 4937 0.1 10 0 0 0 42.8 38.5 38.5
4937 0.3 40 0 0 4937 0.1 10 0 0 30 46.6 42.5 42.5
4937 0.3 40 0 0 4937 0.1 10 0 0 60 53.7 47.7 47.7
4937 0.3 40 0 0 4937 0.1 10 0 0 90 61.5 53.7 53.7
4937 0.3 40 0 0 4937 0.1 10 0 0 120 67.8 59.3 59.3
4937 0.3 40 0 0 4937 0.1 10 0 0 150 72.4 61.9 61.9
4937 0.3 40 0 0 4937 0.1 10 0 0 180 74.8 60.8 60.8
4937 0.3 40 0 0 4937 0.1 20 0 0 0 42.6 36.5 36.5
4937 0.3 40 0 0 4937 0.1 20 0 0 30 46.4 40.4 40.4
4937 0.3 40 0 0 4937 0.1 20 0 0 60 53.5 45.8 45.8
4937 0.3 40 0 0 4937 0.1 20 0 0 90 61.2 51.8 51.8
4937 0.3 40 0 0 4937 0.1 20 0 0 120 67.6 57.2 57.2
4937 0.3 40 0 0 4937 0.1 20 0 0 150 72.2 60.3 60.3
4937 0.3 40 0 0 4937 0.1 20 0 0 180 74.5 60.4 60.4
4937 0.3 40 0 0 4937 0.1 30 0 0 0 42.3 33.4 33.4
4937 0.3 40 0 0 4937 0.1 30 0 0 30 46.0 36.6 36.6
4937 0.3 40 0 0 4937 0.1 30 0 0 60 53.1 42.1 42.1
4937 0.3 40 0 0 4937 0.1 30 0 0 90 60.9 48.1 48.1
4937 0.3 40 0 0 4937 0.1 30 0 0 120 67.3 53.3 53.3
4937 0.3 40 0 0 4937 0.1 30 0 0 150 71.8 56.7 56.7
4937 0.3 40 0 0 4937 0.1 30 0 0 180 74.1 57.5 57.5
4937 0.3 40 0 0 4937 0.1 40 0 0 0 41.8 33.5 33.5
4937 0.3 40 0 0 4937 0.1 40 0 0 30 45.4 36.0 36.0
4937 0.3 40 0 0 4937 0.1 40 0 0 60 52.6 41.4 41.4
4937 0.3 40 0 0 4937 0.1 40 0 0 90 60.3 47.2 47.2
4937 0.3 40 0 0 4937 0.1 40 0 0 120 66.8 52.4 52.4
4937 0.3 40 0 0 4937 0.1 40 0 0 150 71.1 56.1 56.1
4937 0.3 40 0 0 4937 0.1 40 0 0 180 73.4 57.5 57.5
4937 0.3 40 0 0 4937 0.1 50 0 0 0 41.2 33.9 33.9
4937 0.3 40 0 0 4937 0.1 50 0 0 30 44.7 36.5 36.5
4937 0.3 40 0 0 4937 0.1 50 0 0 60 51.8 41.4 41.4
4937 0.3 40 0 0 4937 0.1 50 0 0 90 59.6 47.1 47.1
4937 0.3 40 0 0 4937 0.1 50 0 0 120 65.9 52.4 52.4
4937 0.3 40 0 0 4937 0.1 50 0 0 150 69.9 56.4 56.4
4937 0.3 40 0 0 4937 0.1 50 0 0 180 72.2 58.5 58.5
4937 0.3 40 0 0 4937 0.1 60 0 0 0 40.4 35.1 35.1
4937 0.3 40 0 0 4937 0.1 60 0 0 30 43.6 37.4 37.4
4937 0.3 40 0 0 4937 0.1 60 0 0 60 50.6 42.0 42.0
4937 0.3 40 0 0 4937 0.1 60 0 0 90 58.3 47.6 47.6
4937 0.3 40 0 0 4937 0.1 60 0 0 120 64.3 53.0 53.0
4937 0.3 40 0 0 4937 0.1 60 0 0 150 68.0 57.3 57.3
4937 0.3 40 0 0 4937 0.1 60 0 0 180 70.1 60.1 60.1
4937 0.3 40 0 0 4937 0.2 0 0 0 0 41.1 39.8 39.8
4937 0.3 40 0 0 4937 0.2 0 0 0 30 45.4 41.9 41.9
4937 0.3 40 0 0 4937 0.2 0 0 0 60 51.4 46.2 46.2
4937 0.3 40 0 0 4937 0.2 0 0 0 90 58.5 51.6 51.6
4937 0.3 40 0 0 4937 0.2 0 0 0 120 65.2 58.1 58.1
4937 0.3 40 0 0 4937 0.2 0 0 0 150 70.7 61.7 61.7
4937 0.3 40 0 0 4937 0.2 0 0 0 180 73.7 59.2 59.2
4937 0.3 40 0 0 4937 0.2 10 0 0 0 41.0 37.7 37.7
4937 0.3 40 0 0 4937 0.2 10 0 0 30 45.3 40.6 40.6
4937 0.3 40 0 0 4937 0.2 10 0 0 60 51.3 45.1 45.1
4937 0.3 40 0 0 4937 0.2 10 0 0 90 58.4 50.7 50.7
4937 0.3 40 0 0 4937 0.2 10 0 0 120 65.2 56.8 56.8
4937 0.3 40 0 0 4937 0.2 10 0 0 150 70.7 60.9 60.9
4937 0.3 40 0 0 4937 0.2 10 0 0 180 73.6 59.8 59.8
4937 0.3 40 0 0 4937 0.2 20 0 0 0 40.7 35.0 35.0
4937 0.3 40 0 0 4937 0.2 20 0 0 30 45.1 38.5 38.5
4937 0.3 40 0 0 4937 0.2 20 0 0 60 51.1 43.2 43.2
4937 0.3 40 0 0 4937 0.2 20 0 0 90 58.1 48.8 48.8
4937 0.3 40 0 0 4937 0.2 20 0 0 120 65.0 54.5 54.5
4937 0.3 40 0 0 4937 0.2 20 0 0 150 70.4 58.9 58.9
4937 0.3 40 0 0 4937 0.2 20 0 0 180 73.3 59.4 59.4
4937 0.3 40 0 0 4937 0.2 30 0 0 0 40.3 31.4 31.4
4937 0.3 40 0 0 4937 0.2 30 0 0 30 44.7 34.9 34.9
4937 0.3 40 0 0 4937 0.2 30 0 0 60 50.7 39.6 39.6
4937 0.3 40 0 0 4937 0.2 30 0 0 90 57.7 45.1 45.1
4937 0.3 40 0 0 4937 0.2 30 0 0 120 64.7 50.8 50.8
4937 0.3 40 0 0 4937 0.2 30 0 0 150 70.0 55.4 55.4
4937 0.3 40 0 0 4937 0.2 30 0 0 180 72.9 57.3 57.3
4937 0.3 40 0 0 4937 0.2 40 0 0 0 39.8 31.5 31.5
4937 0.3 40 0 0 4937 0.2 40 0 0 30 44.1 34.3 34.3
4937 0.3 40 0 0 4937 0.2 40 0 0 60 50.1 38.9 38.9
4937 0.3 40 0 0 4937 0.2 40 0 0 90 57.2 44.2 44.2
4937 0.3 40 0 0 4937 0.2 40 0 0 120 64.1 49.8 49.8
4937 0.3 40 0 0 4937 0.2 40 0 0 150 69.3 54.7 54.7
4937 0.3 40 0 0 4937 0.2 40 0 0 180 72.1 57.5 57.5
4937 0.3 40 0 0 4937 0.2 50 0 0 0 39.1 32.0 32.0
4937 0.3 40 0 0 4937 0.2 50 0 0 30 43.4 34.5 34.5
4937 0.3 40 0 0 4937 0.2 50 0 0 60 49.4 38.9 38.9
4937 0.3 40 0 0 4937 0.2 50 0 0 90 56.4 44.1 44.1
4937 0.3 40 0 0 4937 0.2 50 0 0 120 63.3 49.7 49.7
4937 0.3 40 0 0 4937 0.2 50 0 0 150 68.2 54.8 54.8
4937 0.3 40 0 0 4937 0.2 50 0 0 180 70.9 58.2 58.2
4937 0.3 40 0 0 4937 0.2 60 0 0 0 38.9 33.6 33.6
4937 0.3 40 0 0 4937 0.2 60 0 0 30 42.2 35.6 35.6
4937 0.3 40 0 0 4937 0.2 60 0 0 60 48.2 39.4 39.4
4937 0.3 40 0 0 4937 0.2 60 0 0 90 55.3 44.4 44.4
4937 0.3 40 0 0 4937 0.2 60 0 0 120 61.7 50.1 50.1
4937 0.3 40 0 0 4937 0.2 60 0 0 150 66.3 55.4 55.4
4937 0.3 40 0 0 4937 0.2 60 0 0 180 68.8 59.3 59.3
4937 0.3 40 0 0 4937 0.3 0 0 0 0 40.2 39.6 39.6
4937 0.3 40 0 0 4937 0.3 0 0 0 30 44.3 40.9 40.9
4937 0.3 40 0 0 4937 0.3 0 0 0 60 49.2 43.7 43.7
4937 0.3 40 0 0 4937 0.3 0 0 0 90 55.5 48.6 48.6
4937 0.3 40 0 0 4937 0.3 0 0 0 120 62.4 55.1 55.1
4937 0.3 40 0 0 4937 0.3 0 0 0 150 68.7 60.2 60.2
4937 0.3 40 0 0 4937 0.3 0 0 0 180 72.1 58.0 58.0
4937 0.3 40 0 0 4937 0.3 10 0 0 0 40.1 37.4 37.4
4937 0.3 40 0 0 4937 0.3 10 0 0 30 44.2 39.1 39.1
4937 0.3 40 0 0 4937 0.3 10 0 0 60 49.1 42.7 42.7
4937 0.3 40 0 0 4937 0.3 10 0 0 90 55.4 47.7 47.7
4937 0.3 40 0 0 4937 0.3 10 0 0 120 62.3 53.9 53.9
4937 0.3 40 0 0 4937 0.3 10 0 0 150 68.7 59.2 59.2
4937 0.3 40 0 0 4937 0.3 10 0 0 180 72.0 58.6 58.6
4937 0.3 40 0 0 4937 0.3 20 0 0 0 39.7 34.3 34.3
4937 0.3 40 0 0 4937 0.3 20 0 0 30 43.9 36.6 36.6
4937 0.3 40 0 0 4937 0.3 20 0 0 60 48.9 40.5 40.5
4937 0.3 40 0 0 4937 0.3 20 0 0 90 55.1 45.5 45.5
4937 0.3 40 0 0 4937 0.3 20 0 0 120 62.1 51.5 51.5
4937 0.3 40 0 0 4937 0.3 20 0 0 150 68.4 57.0 57.0
4937 0.3 40 0 0 4937 0.3 20 0 0 180 71.8 58.1 58.1
4937 0.3 40 0 0 4937 0.3 30 0 0 0 39.2 30.6 30.6
4937 0.3 40 0 0 4937 0.3 30 0 0 30 43.5 33.5 33.5
4937 0.3 40 0 0 4937 0.3 30 0 0 60 48.5 37.5 37.5
4937 0.3 40 0 0 4937 0.3 30 0 0 90 54.7 42.4 42.4
4937 0.3 40 0 0 4937 0.3 30 0 0 120 61.8 48.2 48.2
4937 0.3 40 0 0 4937 0.3 30 0 0 150 68.0 53.9 53.9
4937 0.3 40 0 0 4937 0.3 30 0 0 180 71.3 56.7 56.7
4937 0.3 40 0 0 4937 0.3 40 0 0 0 38.6 29.8 29.8
4937 0.3 40 0 0 4937 0.3 40 0 0 30 43.0 32.8 32.8
4937 0.3 40 0 0 4937 0.3 40 0 0 60 47.9 36.6 36.6
4937 0.3 40 0 0 4937 0.3 40 0 0 90 54.2 41.4 41.4
4937 0.3 40 0 0 4937 0.3 40 0 0 120 61.2 47.2 47.2
4937 0.3 40 0 0 4937 0.3 40 0 0 150 67.2 53.0 53.0
4937 0.3 40 0 0 4937 0.3 40 0 0 180 70.5 57.0 57.0
4937 0.3 40 0 0 4937 0.3 50 0 0 0 38.1 30.6 30.6
4937 0.3 40 0 0 4937 0.3 50 0 0 30 42.2 32.8 32.8
4937 0.3 40 0 0 4937 0.3 50 0 0 60 47.1 36.5 36.5
4937 0.3 40 0 0 4937 0.3 50 0 0 90 53.4 41.1 41.1
4937 0.3 40 0 0 4937 0.3 50 0 0 120 60.4 46.9 46.9
4937 0.3 40 0 0 4937 0.3 50 0 0 150 66.1 52.9 52.9
4937 0.3 40 0 0 4937 0.3 50 0 0 180 69.3 57.7 57.7
4937 0.3 40 0 0 4937 0.3 60 0 0 0 38.3 32.4 32.4
4937 0.3 40 0 0 4937 0.3 60 0 0 30 41.4 34.0 34.0
4937 0.3 40 0 0 4937 0.3 60 0 0 60 46.0 37.0 37.0
4937 0.3 40 0 0 4937 0.3 60 0 0 90 52.2 41.3 41.3
4937 0.3 40 0 0 4937 0.3 60 0 0 120 58.8 47.0 47.0
4937 0.3 40 0 0 4937 0.3 60 0 0 150 64.2 53.4 53.4
4937 0.3 40 0 0 4937 0.3 60 0 0 180 67.1 58.6 58.6
4937 0.3 40 0 0 4937 0.4 0 0 0 0 41.0 39.5 39.5
4937 0.3 40 0 0 4937 0.4 0 0 0 30 43.4 40.6 40.6
4937 0.3 40 0 0 4937 0.4 0 0 0 60 47.3 42.3 42.3
4937 0.3 40 0 0 4937 0.4 0 0 0 90 52.6 45.6 45.6
4937 0.3 40 0 0 4937 0.4 0 0 0 120 59.3 51.8 51.8
4937 0.3 40 0 0 4937 0.4 0 0 0 150 66.4 58.1 58.1
4937 0.3 40 0 0 4937 0.4 0 0 0 180 70.4 56.7 56.7
4937 0.3 40 0 0 4937 0.4 10 0 0 0 40.9 37.3 37.3
4937 0.3 40 0 0 4937 0.4 10 0 0 30 43.2 38.6 38.6
4937 0.3 40 0 0 4937 0.4 10 0 0 60 47.1 40.6 40.6
4937 0.3 40 0 0 4937 0.4 10 0 0 90 52.4 44.5 44.5
4937 0.3 40 0 0 4937 0.4 10 0 0 120 59.3 50.5 50.5
4937 0.3 40 0 0 4937 0.4 10 0 0 150 66.4 57.0 57.0
4937 0.3 40 0 0 4937 0.4 10 0 0 180 70.3 57.3 57.3
4937 0.3 40 0 0 4937 0.4 20 0 0 0 40.6 33.7 33.7
4937 0.3 40 0 0 4937 0.4 20 0 0 30 43.0 35.2 35.2
4937 0.3 40 0 0 4937 0.4 20 0 0 60 46.9 37.5 37.5
4937 0.3 40 0 0 4937 0.4 20 0 0 90 52.2 41.8 41.8
4937 0.3 40 0 0 4937 0.4 20 0 0 120 59.1 47.6 47.6
4937 0.3 40 0 0 4937 0.4 20 0 0 150 66.1 54.2 54.2
4937 0.3 40 0 0 4937 0.4 20 0 0 180 70.0 56.2 56.2
4937 0.3 40 0 0 4937 0.4 30 0 0 0 40.2 31.1 31.1
4937 0.3 40 0 0 4937 0.4 30 0 0 30 42.6 32.7 32.7
4937 0.3 40 0 0 4937 0.4 30 0 0 60 46.5 35.6 35.6
4937 0.3 40 0 0 4937 0.4 30 0 0 90 51.8 39.8 39.8
4937 0.3 40 0 0 4937 0.4 30 0 0 120 58.7 45.5 45.5
4937 0.3 40 0 0 4937 0.4 30 0 0 150 65.7 52.2 52.2
4937 0.3 40 0 0 4937 0.4 30 0 0 180 69.5 55.8 55.8
4937 0.3 40 0 0 4937 0.4 40 0 0 0 39.8 30.3 30.3
4937 0.3 40 0 0 4937 0.4 40 0 0 30 42.0 31.6 31.6
4937 0.3 40 0 0 4937 0.4 40 0 0 60 45.9 34.7 34.7
4937 0.3 40 0 0 4937 0.4 40 0 0 90 51.2 38.8 38.8
4937 0.3 40 0 0 4937 0.4 40 0 0 120 58.1 44.5 44.5
4937 0.3 40 0 0 4937 0.4 40 0 0 150 64.9 51.4 51.4
4937 0.3 40 0 0 4937 0.4 40 0 0 180 68.7 56.2 56.2
4937 0.3 40 0 0 4937 0.4 50 0 0 0 39.6 30.8 30.8
4937 0.3 40 0 0 4937 0.4 50 0 0 30 41.5 31.7 31.7
4937 0.3 40 0 0 4937 0.4 50 0 0 60 45.1 34.4 34.4
4937 0.3 40 0 0 4937 0.4 50 0 0 90 50.4 38.4 38.4
4937 0.3 40 0 0 4937 0.4 50 0 0 120 57.3 44.0 44.0
4937 0.3 40 0 0 4937 0.4 50 0 0 150 63.8 51.0 51.0
4937 0.3 40 0 0 4937 0.4 50 0 0 180 67.4 56.7 56.7
4937 0.3 40 0 0 4937 0.4 60 0 0 0 39.7 32.1 32.1
4937 0.3 40 0 0 4937 0.4 60 0 0 30 41.2 32.9 32.9
4937 0.3 40 0 0 4937 0.4 60 0 0 60 44.4 35.0 35.0
4937 0.3 40 0 0 4937 0.4 60 0 0 90 49.2 38.5 38.5
4937 0.3 40 0 0 4937 0.4 60 0 0 120 55.5 43.9 43.9
4937 0.3 40 0 0 4937 0.4 60 0 0 150 61.6 51.1 51.1
4937 0.3 40 0 0 4937 0.4 60 0 0 180 64.9 57.5 57.5
4937 0.3 40 0 0 4937 0.5 0 0 0 0 42.5 39.4 39.4
4937 0.3 40 0 0 4937 0.5 0 0 0 30 43.4 40.3 40.3
4937 0.3 40 0 0 4937 0.5 0 0 0 60 45.5 41.6 41.6
4937 0.3 40 0 0 4937 0.5 0 0 0 90 49.8 43.6 43.6
4937 0.3 40 0 0 4937 0.5 0 0 0 120 56.1 48.0 48.0
4937 0.3 40 0 0 4937 0.5 0 0 0 150 63.8 55.3 55.3
4937 0.3 40 0 0 4937 0.5 0 0 0 180 68.5 55.1 55.1
4937 0.3 40 0 0 4937 0.5 10 0 0 0 42.4 37.1 37.1
4937 0.3 40 0 0 4937 0.5 10 0 0 30 43.3 38.2 38.2
4937 0.3 40 0 0 4937 0.5 10 0 0 60 45.4 39.6 39.6
4937 0.3 40 0 0 4937 0.5 10 0 0 90 49.7 41.7 41.7
4937 0.3 40 0 0 4937 0.5 10 0 0 120 56.0 46.5 46.5
4937 0.3 40 0 0 4937 0.5 10 0 0 150 63.8 53.9 53.9
4937 0.3 40 0 0 4937 0.5 10 0 0 180 68.4 55.3 55.3
4937 0.3 40 0 0 4937 0.5 20 0 0 0 42.3 34.6 34.6
4937 0.3 40 0 0 4937 0.5 20 0 0 30 43.1 35.5 35.5
4937 0.3 40 0 0 4937 0.5 20 0 0 60 45.1 36.9 36.9
4937 0.3 40 0 0 4937 0.5 20 0 0 90 49.4 39.2 39.2
4937 0.3 40 0 0 4937 0.5 20 0 0 120 55.8 44.3 44.3
4937 0.3 40 0 0 4937 0.5 20 0 0 150 63.5 51.8 51.8
4937 0.3 40 0 0 4937 0.5 20 0 0 180 68.1 54.7 54.7
4937 0.3 40 0 0 4937 0.5 30 0 0 0 42.1 32.8 32.8
4937 0.3 40 0 0 4937 0.5 30 0 0 30 42.8 33.3 33.3
4937 0.3 40 0 0 4937 0.5 30 0 0 60 44.7 34.8 34.8
4937 0.3 40 0 0 4937 0.5 30 0 0 90 49.0 37.4 37.4
4937 0.3 40 0 0 4937 0.5 30 0 0 120 55.4 42.8 42.8
4937 0.3 40 0 0 4937 0.5 30 0 0 150 63.0 50.4 50.4
4937 0.3 40 0 0 4937 0.5 30 0 0 180 67.5 54.8 54.8
4937 0.3 40 0 0 4937 0.5 40 0 0 0 42.0 32.1 32.1
4937 0.3 40 0 0 4937 0.5 40 0 0 30 42.6 32.3 32.3
4937 0.3 40 0 0 4937 0.5 40 0 0 60 44.2 33.5 33.5
4937 0.3 40 0 0 4937 0.5 40 0 0 90 48.4 36.5 36.5
4937 0.3 40 0 0 4937 0.5 40 0 0 120 54.8 41.7 41.7
4937 0.3 40 0 0 4937 0.5 40 0 0 150 62.2 49.4 49.4
4937 0.3 40 0 0 4937 0.5 40 0 0 180 66.6 55.2 55.2
4937 0.3 40 0 0 4937 0.5 50 0 0 0 41.9 32.2 32.2
4937 0.3 40 0 0 4937 0.5 50 0 0 30 42.5 32.2 32.2
4937 0.3 40 0 0 4937 0.5 50 0 0 60 43.9 33.0 33.0
4937 0.3 40 0 0 4937 0.5 50 0 0 90 47.6 35.8 35.8
4937 0.3 40 0 0 4937 0.5 50 0 0 120 53.9 41.1 41.1
4937 0.3 40 0 0 4937 0.5 50 0 0 150 61.0 49.0 49.0
4937 0.3 40 0 0 4937 0.5 50 0 0 180 65.2 55.6 55.6
4937 0.3 40 0 0 4937 0.5 60 0 0 0 41.9 32.9 32.9
4937 0.3 40 0 0 4937 0.5 60 0 0 30 42.4 32.9 32.9
4937 0.3 40 0 0 4937 0.5 60 0 0 60 43.9 33.6 33.6
4937 0.3 40 0 0 4937 0.5 60 0 0 90 47.1 36.1 36.1
4937 0.3 40 0 0 4937 0.5 60 0 0 120 52.3 40.8 40.8
4937 0.3 40 0 0 4937 0.5 60 0 0 150 58.8 48.7 48.7
4937 0.3 40 0 0 4937 0.5 60 0 0 180 62.7 56.2 56.2
