4937 0.3 60 0 0 4737 0.0 0 0 0 0 59.1 53.7 53.7
4937 0.3 60 0 0 4737 0.0 0 0 0 30 59.3 53.4 53.4
4937 0.3 60 0 0 4737 0.0 0 0 0 60 59.4 53.1 53.1
4937 0.3 60 0 0 4737 0.0 0 0 0 90 59.2 52.7 52.7
4937 0.3 60 0 0 4737 0.0 0 0 0 120 59.0 52.5 52.5
4937 0.3 60 0 0 4737 0.0 0 0 0 150 58.7 52.8 52.8
4937 0.3 60 0 0 4737 0.0 0 0 0 180 58.6 53.5 53.5
4937 0.3 60 0 0 4737 0.0 10 0 0 0 59.0 53.3 53.3
4937 0.3 60 0 0 4737 0.0 10 0 0 30 59.3 53.1 53.1
4937 0.3 60 0 0 4737 0.0 10 0 0 60 59.3 52.8 52.8
4937 0.3 60 0 0 4737 0.0 10 0 0 90 59.2 52.4 52.4
4937 0.3 60 0 0 4737 0.0 10 0 0 120 58.9 52.2 52.2
4937 0.3 60 0 0 4737 0.0 10 0 0 150 58.7 52.3 52.3
4937 0.3 60 0 0 4737 0.0 10 0 0 180 58.6 53.0 53.0
4937 0.3 60 0 0 4737 0.0 20 0 0 0 58.8 52.0 52.0
4937 0.3 60 0 0 4737 0.0 20 0 0 30 59.0 51.8 51.8
4937 0.3 60 0 0 4737 0.0 20 0 0 60 59.1 51.6 51.6
4937 0.3 60 0 0 4737 0.0 20 0 0 90 59.0 51.3 51.3
4937 0.3 60 0 0 4737 0.0 20 0 0 120 58.7 51.2 51.2
4937 0.3 60 0 0 4737 0.0 20 0 0 150 58.5 51.2 51.2
4937 0.3 60 0 0 4737 0.0 20 0 0 180 58.4 51.5 51.5
4937 0.3 60 0 0 4737 0.0 30 0 0 0 58.4 49.0 49.0
4937 0.3 60 0 0 4737 0.0 30 0 0 30 58.7 49.0 49.0
4937 0.3 60 0 0 4737 0.0 30 0 0 60 58.7 48.9 48.9
4937 0.3 60 0 0 4737 0.0 30 0 0 90 58.6 49.0 49.0
4937 0.3 60 0 0 4737 0.0 30 0 0 120 58.4 49.2 49.2
4937 0.3 60 0 0 4737 0.0 30 0 0 150 58.1 49.3 49.3
4937 0.3 60 0 0 4737 0.0 30 0 0 180 58.0 49.6 49.6
4937 0.3 60 0 0 4737 0.0 40 0 0 0 57.8 49.0 49.0
4937 0.3 60 0 0 4737 0.0 40 0 0 30 58.1 49.1 49.1
4937 0.3 60 0 0 4737 0.0 40 0 0 60 58.1 48.9 48.9
4937 0.3 60 0 0 4737 0.0 40 0 0 90 58.0 48.9 48.9
4937 0.3 60 0 0 4737 0.0 40 0 0 120 57.7 49.0 49.0
4937 0.3 60 0 0 4737 0.0 40 0 0 150 57.5 49.2 49.2
4937 0.3 60 0 0 4737 0.0 40 0 0 180 57.4 49.3 49.3
4937 0.3 60 0 0 4737 0.0 50 0 0 0 56.9 49.9 49.9
4937 0.3 60 0 0 4737 0.0 50 0 0 30 57.2 49.9 49.9
4937 0.3 60 0 0 4737 0.0 50 0 0 60 57.2 49.8 49.8
4937 0.3 60 0 0 4737 0.0 50 0 0 90 57.1 49.6 49.6
4937 0.3 60 0 0 4737 0.0 50 0 0 120 56.8 49.5 49.5
4937 0.3 60 0 0 4737 0.0 50 0 0 150 56.6 49.6 49.6
4937 0.3 60 0 0 4737 0.0 50 0 0 180 56.5 49.6 49.6
4937 0.3 60 0 0 4737 0.0 60 0 0 0 55.3 51.6 51.6
4937 0.3 60 0 0 4737 0.0 60 0 0 30 55.6 51.6 51.6
4937 0.3 60 0 0 4737 0.0 60 0 0 60 55.6 51.3 51.3
4937 0.3 60 0 0 4737 0.0 60 0 0 90 55.5 51.0 51.0
4937 0.3 60 0 0 4737 0.0 60 0 0 120 55.2 50.9 50.9
4937 0.3 60 0 0 4737 0.0 60 0 0 150 55.0 50.6 50.6
4937 0.3 60 0 0 4737 0.0 60 0 0 180 54.9 50.4 50.4
4937 0.3 60 0 0 4737 0.1 0 0 0 0 58.4 53.0 53.0
4937 0.3 60 0 0 4737 0.1 0 0 0 30 58.6 52.8 52.8
4937 0.3 60 0 0 4737 0.1 0 0 0 60 58.7 52.5 52.5
4937 0.3 60 0 0 4737 0.1 0 0 0 90 58.6 52.1 52.1
4937 0.3 60 0 0 4737 0.1 0 0 0 120 58.4 51.9 51.9
4937 0.3 60 0 0 4737 0.1 0 0 0 150 58.1 52.0 52.0
4937 0.3 60 0 0 4737 0.1 0 0 0 180 58.0 52.7 52.7
4937 0.3 60 0 0 4737 0.1 10 0 0 0 58.3 52.6 52.6
4937 0.3 60 0 0 4737 0.1 10 0 0 30 58.5 52.4 52.4
4937 0.3 60 0 0 4737 0.1 10 0 0 60 58.6 52.1 52.1
4937 0.3 60 0 0 4737 0.1 10 0 0 90 58.5 51.8 51.8
4937 0.3 60 0 0 4737 0.1 10 0 0 120 58.3 51.5 51.5
4937 0.3 60 0 0 4737 0.1 10 0 0 150 58.1 51.6 51.6
4937 0.3 60 0 0 4737 0.1 10 0 0 180 57.9 52.3 52.3
4937 0.3 60 0 0 4737 0.1 20 0 0 0 58.1 51.2 51.2
4937 0.3 60 0 0 4737 0.1 20 0 0 30 58.3 51.1 51.1
4937 0.3 60 0 0 4737 0.1 20 0 0 60 58.4 50.9 50.9
4937 0.3 60 0 0 4737 0.1 20 0 0 90 58.3 50.5 50.5
4937 0.3 60 0 0 4737 0.1 20 0 0 120 58.1 50.3 50.3
4937 0.3 60 0 0 4737 0.1 20 0 0 150 57.8 50.3 50.3
4937 0.3 60 0 0 4737 0.1 20 0 0 180 57.7 50.8 50.8
4937 0.3 60 0 0 4737 0.1 30 0 0 0 57.7 48.4 48.4
4937 0.3 60 0 0 4737 0.1 30 0 0 30 57.9 48.3 48.3
4937 0.3 60 0 0 4737 0.1 30 0 0 60 58.0 48.1 48.1
4937 0.3 60 0 0 4737 0.1 30 0 0 90 57.9 47.9 47.9
4937 0.3 60 0 0 4737 0.1 30 0 0 120 57.7 48.1 48.1
4937 0.3 60 0 0 4737 0.1 30 0 0 150 57.4 48.4 48.4
4937 0.3 60 0 0 4737 0.1 30 0 0 180 57.3 48.7 48.7
4937 0.3 60 0 0 4737 0.1 40 0 0 0 57.1 48.5 48.5
4937 0.3 60 0 0 4737 0.1 40 0 0 30 57.3 48.5 48.5
4937 0.3 60 0 0 4737 0.1 40 0 0 60 57.4 48.3 48.3
4937 0.3 60 0 0 4737 0.1 40 0 0 90 57.3 48.1 48.1
4937 0.3 60 0 0 4737 0.1 40 0 0 120 57.1 48.1 48.1
4937 0.3 60 0 0 4737 0.1 40 0 0 150 56.8 48.3 48.3
4937 0.3 60 0 0 4737 0.1 40 0 0 180 56.7 48.5 48.5
4937 0.3 60 0 0 4737 0.1 50 0 0 0 56.1 49.5 49.5
4937 0.3 60 0 0 4737 0.1 50 0 0 30 56.4 49.4 49.4
4937 0.3 60 0 0 4737 0.1 50 0 0 60 56.5 49.3 49.3
4937 0.3 60 0 0 4737 0.1 50 0 0 90 56.3 49.0 49.0
4937 0.3 60 0 0 4737 0.1 50 0 0 120 56.1 48.8 48.8
4937 0.3 60 0 0 4737 0.1 50 0 0 150 55.9 48.7 48.7
4937 0.3 60 0 0 4737 0.1 50 0 0 180 55.7 48.8 48.8
4937 0.3 60 0 0 4737 0.1 60 0 0 0 54.6 51.1 51.1
4937 0.3 60 0 0 4737 0.1 60 0 0 30 54.9 51.1 51.1
4937 0.3 60 0 0 4737 0.1 60 0 0 60 54.9 50.9 50.9
4937 0.3 60 0 0 4737 0.1 60 0 0 90 54.7 50.6 50.6
4937 0.3 60 0 0 4737 0.1 60 0 0 120 54.5 50.2 50.2
4937 0.3 60 0 0 4737 0.1 60 0 0 150 54.3 50.0 50.0
4937 0.3 60 0 0 4737 0.1 60 0 0 180 54.1 49.6 49.6
4937 0.3 60 0 0 4737 0.2 0 0 0 0 57.7 52.3 52.3
4937 0.3 60 0 0 4737 0.2 0 0 0 30 57.9 52.1 52.1
4937 0.3 60 0 0 4737 0.2 0 0 0 60 58.0 51.9 51.9
4937 0.3 60 0 0 4737 0.2 0 0 0 90 57.9 51.5 51.5
4937 0.3 60 0 0 4737 0.2 0 0 0 120 57.7 51.2 51.2
4937 0.3 60 0 0 4737 0.2 0 0 0 150 57.4 51.2 51.2
4937 0.3 60 0 0 4737 0.2 0 0 0 180 57.3 51.9 51.9
4937 0.3 60 0 0 4737 0.2 10 0 0 0 57.6 51.8 51.8
4937 0.3 60 0 0 4737 0.2 10 0 0 30 57.8 51.7 51.7
4937 0.3 60 0 0 4737 0.2 10 0 0 60 57.9 51.4 51.4
4937 0.3 60 0 0 4737 0.2 10 0 0 90 57.8 51.1 51.1
4937 0.3 60 0 0 4737 0.2 10 0 0 120 57.7 50.8 50.8
4937 0.3 60 0 0 4737 0.2 10 0 0 150 57.4 50.8 50.8
4937 0.3 60 0 0 4737 0.2 10 0 0 180 57.2 51.5 51.5
4937 0.3 60 0 0 4737 0.2 20 0 0 0 57.4 50.3 50.3
4937 0.3 60 0 0 4737 0.2 20 0 0 30 57.5 50.2 50.2
4937 0.3 60 0 0 4737 0.2 20 0 0 60 57.6 50.0 50.0
4937 0.3 60 0 0 4737 0.2 20 0 0 90 57.6 49.7 49.7
4937 0.3 60 0 0 4737 0.2 20 0 0 120 57.4 49.3 49.3
4937 0.3 60 0 0 4737 0.2 20 0 0 150 57.1 49.3 49.3
4937 0.3 60 0 0 4737 0.2 20 0 0 180 57.0 49.9 49.9
4937 0.3 60 0 0 4737 0.2 30 0 0 0 57.0 47.9 47.9
4937 0.3 60 0 0 4737 0.2 30 0 0 30 57.1 47.8 47.8
4937 0.3 60 0 0 4737 0.2 30 0 0 60 57.2 47.6 47.6
4937 0.3 60 0 0 4737 0.2 30 0 0 90 57.2 47.3 47.3
4937 0.3 60 0 0 4737 0.2 30 0 0 120 57.0 47.1 47.1
4937 0.3 60 0 0 4737 0.2 30 0 0 150 56.7 47.4 47.4
4937 0.3 60 0 0 4737 0.2 30 0 0 180 56.6 47.8 47.8
4937 0.3 60 0 0 4737 0.2 40 0 0 0 56.4 48.1 48.1
4937 0.3 60 0 0 4737 0.2 40 0 0 30 56.5 48.0 48.0
4937 0.3 60 0 0 4737 0.2 40 0 0 60 56.6 47.9 47.9
4937 0.3 60 0 0 4737 0.2 40 0 0 90 56.5 47.6 47.6
4937 0.3 60 0 0 4737 0.2 40 0 0 120 56.3 47.3 47.3
4937 0.3 60 0 0 4737 0.2 40 0 0 150 56.1 47.4 47.4
4937 0.3 60 0 0 4737 0.2 40 0 0 180 56.0 47.7 47.7
4937 0.3 60 0 0 4737 0.2 50 0 0 0 55.4 48.9 48.9
4937 0.3 60 0 0 4737 0.2 50 0 0 30 55.7 48.9 48.9
4937 0.3 60 0 0 4737 0.2 50 0 0 60 55.7 48.8 48.8
4937 0.3 60 0 0 4737 0.2 50 0 0 90 55.5 48.5 48.5
4937 0.3 60 0 0 4737 0.2 50 0 0 120 55.4 48.2 48.2
4937 0.3 60 0 0 4737 0.2 50 0 0 150 55.1 47.9 47.9
4937 0.3 60 0 0 4737 0.2 50 0 0 180 55.0 48.0 48.0
4937 0.3 60 0 0 4737 0.2 60 0 0 0 53.8 50.5 50.5
4937 0.3 60 0 0 4737 0.2 60 0 0 30 54.1 50.5 50.5
4937 0.3 60 0 0 4737 0.2 60 0 0 60 54.1 50.4 50.4
4937 0.3 60 0 0 4737 0.2 60 0 0 90 53.9 50.0 50.0
4937 0.3 60 0 0 4737 0.2 60 0 0 120 53.7 49.6 49.6
4937 0.3 60 0 0 4737 0.2 60 0 0 150 53.5 49.3 49.3
4937 0.3 60 0 0 4737 0.2 60 0 0 180 53.2 48.9 48.9
4937 0.3 60 0 0 4737 0.3 0 0 0 0 57.1 51.5 51.5
4937 0.3 60 0 0 4737 0.3 0 0 0 30 57.2 51.3 51.3
4937 0.3 60 0 0 4737 0.3 0 0 0 60 57.2 51.2 51.2
4937 0.3 60 0 0 4737 0.3 0 0 0 90 57.2 50.8 50.8
4937 0.3 60 0 0 4737 0.3 0 0 0 120 57.0 50.4 50.4
4937 0.3 60 0 0 4737 0.3 0 0 0 150 56.7 50.4 50.4
4937 0.3 60 0 0 4737 0.3 0 0 0 180 56.6 51.1 51.1
4937 0.3 60 0 0 4737 0.3 10 0 0 0 57.0 51.0 51.0
4937 0.3 60 0 0 4737 0.3 10 0 0 30 57.1 50.9 50.9
4937 0.3 60 0 0 4737 0.3 10 0 0 60 57.1 50.6 50.6
4937 0.3 60 0 0 4737 0.3 10 0 0 90 57.1 50.3 50.3
4937 0.3 60 0 0 4737 0.3 10 0 0 120 57.0 49.9 49.9
4937 0.3 60 0 0 4737 0.3 10 0 0 150 56.7 49.8 49.8
4937 0.3 60 0 0 4737 0.3 10 0 0 180 56.6 50.6 50.6
4937 0.3 60 0 0 4737 0.3 20 0 0 0 56.7 49.3 49.3
4937 0.3 60 0 0 4737 0.3 20 0 0 30 56.8 49.2 49.2
4937 0.3 60 0 0 4737 0.3 20 0 0 60 56.9 49.0 49.0
4937 0.3 60 0 0 4737 0.3 20 0 0 90 56.9 48.6 48.6
4937 0.3 60 0 0 4737 0.3 20 0 0 120 56.7 48.2 48.2
4937 0.3 60 0 0 4737 0.3 20 0 0 150 56.4 48.0 48.0
4937 0.3 60 0 0 4737 0.3 20 0 0 180 56.3 48.8 48.8
4937 0.3 60 0 0 4737 0.3 30 0 0 0 56.3 47.5 47.5
4937 0.3 60 0 0 4737 0.3 30 0 0 30 56.4 47.4 47.4
4937 0.3 60 0 0 4737 0.3 30 0 0 60 56.5 47.2 47.2
4937 0.3 60 0 0 4737 0.3 30 0 0 90 56.4 46.9 46.9
4937 0.3 60 0 0 4737 0.3 30 0 0 120 56.3 46.5 46.5
4937 0.3 60 0 0 4737 0.3 30 0 0 150 56.0 46.6 46.6
4937 0.3 60 0 0 4737 0.3 30 0 0 180 55.9 47.1 47.1
4937 0.3 60 0 0 4737 0.3 40 0 0 0 55.7 47.7 47.7
4937 0.3 60 0 0 4737 0.3 40 0 0 30 55.8 47.7 47.7
4937 0.3 60 0 0 4737 0.3 40 0 0 60 55.9 47.5 47.5
4937 0.3 60 0 0 4737 0.3 40 0 0 90 55.8 47.2 47.2
4937 0.3 60 0 0 4737 0.3 40 0 0 120 55.6 46.9 46.9
4937 0.3 60 0 0 4737 0.3 40 0 0 150 55.3 46.7 46.7
4937 0.3 60 0 0 4737 0.3 40 0 0 180 55.3 47.0 47.0
4937 0.3 60 0 0 4737 0.3 50 0 0 0 54.8 48.7 48.7
4937 0.3 60 0 0 4737 0.3 50 0 0 30 54.9 48.6 48.6
4937 0.3 60 0 0 4737 0.3 50 0 0 60 55.0 48.5 48.5
4937 0.3 60 0 0 4737 0.3 50 0 0 90 54.8 48.2 48.2
4937 0.3 60 0 0 4737 0.3 50 0 0 120 54.6 47.8 47.8
4937 0.3 60 0 0 4737 0.3 50 0 0 150 54.3 47.4 47.4
4937 0.3 60 0 0 4737 0.3 50 0 0 180 54.2 47.2 47.2
4937 0.3 60 0 0 4737 0.3 60 0 0 0 53.0 50.0 50.0
4937 0.3 60 0 0 4737 0.3 60 0 0 30 53.2 50.0 50.0
4937 0.3 60 0 0 4737 0.3 60 0 0 60 53.3 49.9 49.9
4937 0.3 60 0 0 4737 0.3 60 0 0 90 53.2 49.6 49.6
4937 0.3 60 0 0 4737 0.3 60 0 0 120 53.0 49.1 49.1
4937 0.3 60 0 0 4737 0.3 60 0 0 150 52.6 48.6 48.6
4937 0.3 60 0 0 4737 0.3 60 0 0 180 52.2 48.1 48.1
4937 0.3 60 0 0 4737 0.4 0 0 0 0 56.3 50.6 50.6
4937 0.3 60 0 0 4737 0.4 0 0 0 30 56.4 50.5 50.5
4937 0.3 60 0 0 4737 0.4 0 0 0 60 56.5 50.3 50.3
4937 0.3 60 0 0 4737 0.4 0 0 0 90 56.5 50.0 50.0
4937 0.3 60 0 0 4737 0.4 0 0 0 120 56.3 49.6 49.6
4937 0.3 60 0 0 4737 0.4 0 0 0 150 56.0 49.4 49.4
4937 0.3 60 0 0 4737 0.4 0 0 0 180 56.0 50.1 50.1
4937 0.3 60 0 0 4737 0.4 10 0 0 0 56.2 50.0 50.0
4937 0.3 60 0 0 4737 0.4 10 0 0 30 56.3 49.9 49.9
4937 0.3 60 0 0 4737 0.4 10 0 0 60 56.4 49.7 49.7
4937 0.3 60 0 0 4737 0.4 10 0 0 90 56.4 49.5 49.5
4937 0.3 60 0 0 4737 0.4 10 0 0 120 56.2 49.0 49.0
4937 0.3 60 0 0 4737 0.4 10 0 0 150 55.9 48.7 48.7
4937 0.3 60 0 0 4737 0.4 10 0 0 180 55.9 49.6 49.6
4937 0.3 60 0 0 4737 0.4 20 0 0 0 56.0 48.0 48.0
4937 0.3 60 0 0 4737 0.4 20 0 0 30 56.1 47.9 47.9
4937 0.3 60 0 0 4737 0.4 20 0 0 60 56.2 47.7 47.7
4937 0.3 60 0 0 4737 0.4 20 0 0 90 56.1 47.4 47.4
4937 0.3 60 0 0 4737 0.4 20 0 0 120 56.0 46.8 46.8
4937 0.3 60 0 0 4737 0.4 20 0 0 150 55.7 46.4 46.4
4937 0.3 60 0 0 4737 0.4 20 0 0 180 55.6 47.3 47.3
4937 0.3 60 0 0 4737 0.4 30 0 0 0 55.6 47.4 47.4
4937 0.3 60 0 0 4737 0.4 30 0 0 30 55.7 47.2 47.2
4937 0.3 60 0 0 4737 0.4 30 0 0 60 55.8 47.1 47.1
4937 0.3 60 0 0 4737 0.4 30 0 0 90 55.7 46.8 46.8
4937 0.3 60 0 0 4737 0.4 30 0 0 120 55.5 46.2 46.2
4937 0.3 60 0 0 4737 0.4 30 0 0 150 55.2 45.9 45.9
4937 0.3 60 0 0 4737 0.4 30 0 0 180 55.2 46.6 46.6
4937 0.3 60 0 0 4737 0.4 40 0 0 0 55.0 47.7 47.7
4937 0.3 60 0 0 4737 0.4 40 0 0 30 55.1 47.6 47.6
4937 0.3 60 0 0 4737 0.4 40 0 0 60 55.2 47.5 47.5
4937 0.3 60 0 0 4737 0.4 40 0 0 90 55.1 47.2 47.2
4937 0.3 60 0 0 4737 0.4 40 0 0 120 54.9 46.7 46.7
4937 0.3 60 0 0 4737 0.4 40 0 0 150 54.5 46.2 46.2
4937 0.3 60 0 0 4737 0.4 40 0 0 180 54.4 46.5 46.5
4937 0.3 60 0 0 4737 0.4 50 0 0 0 54.0 48.4 48.4
4937 0.3 60 0 0 4737 0.4 50 0 0 30 54.2 48.3 48.3
4937 0.3 60 0 0 4737 0.4 50 0 0 60 54.2 48.3 48.3
4937 0.3 60 0 0 4737 0.4 50 0 0 90 54.1 48.0 48.0
4937 0.3 60 0 0 4737 0.4 50 0 0 120 53.9 47.6 47.6
4937 0.3 60 0 0 4737 0.4 50 0 0 150 53.5 47.0 47.0
4937 0.3 60 0 0 4737 0.4 50 0 0 180 53.3 46.6 46.6
4937 0.3 60 0 0 4737 0.4 60 0 0 0 52.0 49.4 49.4
4937 0.3 60 0 0 4737 0.4 60 0 0 30 52.2 49.5 49.5
4937 0.3 60 0 0 4737 0.4 60 0 0 60 52.3 49.5 49.5
4937 0.3 60 0 0 4737 0.4 60 0 0 90 52.2 49.3 49.3
4937 0.3 60 0 0 4737 0.4 60 0 0 120 52.0 48.8 48.8
4937 0.3 60 0 0 4737 0.4 60 0 0 150 51.8 48.1 48.1
4937 0.3 60 0 0 4737 0.4 60 0 0 180 50.9 47.5 47.5
4937 0.3 60 0 0 4737 0.5 0 0 0 0 55.6 49.2 49.2
4937 0.3 60 0 0 4737 0.5 0 0 0 30 55.7 49.2 49.2
4937 0.3 60 0 0 4737 0.5 0 0 0 60 55.7 49.1 49.1
4937 0.3 60 0 0 4737 0.5 0 0 0 90 55.7 48.8 48.8
4937 0.3 60 0 0 4737 0.5 0 0 0 120 55.6 48.5 48.5
4937 0.3 60 0 0 4737 0.5 0 0 0 150 55.3 48.0 48.0
4937 0.3 60 0 0 4737 0.5 0 0 0 180 55.2 48.7 48.7
4937 0.3 60 0 0 4737 0.5 10 0 0 0 55.5 48.5 48.5
4937 0.3 60 0 0 4737 0.5 10 0 0 30 55.6 48.4 48.4
4937 0.3 60 0 0 4737 0.5 10 0 0 60 55.7 48.3 48.3
4937 0.3 60 0 0 4737 0.5 10 0 0 90 55.6 48.1 48.1
4937 0.3 60 0 0 4737 0.5 10 0 0 120 55.5 47.6 47.6
4937 0.3 60 0 0 4737 0.5 10 0 0 150 55.2 47.0 47.0
4937 0.3 60 0 0 4737 0.5 10 0 0 180 55.1 47.8 47.8
4937 0.3 60 0 0 4737 0.5 20 0 0 0 55.3 47.7 47.7
4937 0.3 60 0 0 4737 0.5 20 0 0 30 55.4 47.5 47.5
4937 0.3 60 0 0 4737 0.5 20 0 0 60 55.4 47.5 47.5
4937 0.3 60 0 0 4737 0.5 20 0 0 90 55.4 47.2 47.2
4937 0.3 60 0 0 4737 0.5 20 0 0 120 55.2 46.6 46.6
4937 0.3 60 0 0 4737 0.5 20 0 0 150 54.9 45.9 45.9
4937 0.3 60 0 0 4737 0.5 20 0 0 180 54.8 46.7 46.7
4937 0.3 60 0 0 4737 0.5 30 0 0 0 54.9 47.5 47.5
4937 0.3 60 0 0 4737 0.5 30 0 0 30 55.0 47.4 47.4
4937 0.3 60 0 0 4737 0.5 30 0 0 60 55.0 47.3 47.3
4937 0.3 60 0 0 4737 0.5 30 0 0 90 55.0 47.0 47.0
4937 0.3 60 0 0 4737 0.5 30 0 0 120 54.8 46.5 46.5
4937 0.3 60 0 0 4737 0.5 30 0 0 150 54.5 45.8 45.8
4937 0.3 60 0 0 4737 0.5 30 0 0 180 54.3 46.2 46.2
4937 0.3 60 0 0 4737 0.5 40 0 0 0 54.3 47.8 47.8
4937 0.3 60 0 0 4737 0.5 40 0 0 30 54.4 47.7 47.7
4937 0.3 60 0 0 4737 0.5 40 0 0 60 54.4 47.6 47.6
4937 0.3 60 0 0 4737 0.5 40 0 0 90 54.4 47.3 47.3
4937 0.3 60 0 0 4737 0.5 40 0 0 120 54.2 46.9 46.9
4937 0.3 60 0 0 4737 0.5 40 0 0 150 53.8 46.2 46.2
4937 0.3 60 0 0 4737 0.5 40 0 0 180 53.5 46.0 46.0
4937 0.3 60 0 0 4737 0.5 50 0 0 0 53.3 48.4 48.4
4937 0.3 60 0 0 4737 0.5 50 0 0 30 53.4 48.3 48.3
4937 0.3 60 0 0 4737 0.5 50 0 0 60 53.4 48.2 48.2
4937 0.3 60 0 0 4737 0.5 50 0 0 90 53.4 47.9 47.9
4937 0.3 60 0 0 4737 0.5 50 0 0 120 53.2 47.5 47.5
4937 0.3 60 0 0 4737 0.5 50 0 0 150 52.7 46.8 46.8
4937 0.3 60 0 0 4737 0.5 50 0 0 180 52.2 46.1 46.1
4937 0.3 60 0 0 4737 0.5 60 0 0 0 51.4 48.9 48.9
4937 0.3 60 0 0 4737 0.5 60 0 0 30 51.5 49.0 49.0
4937 0.3 60 0 0 4737 0.5 60 0 0 60 51.6 49.1 49.1
4937 0.3 60 0 0 4737 0.5 60 0 0 90 51.6 49.0 49.0
4937 0.3 60 0 0 4737 0.5 60 0 0 120 51.3 48.5 48.5
4937 0.3 60 0 0 4737 0.5 60 0 0 150 51.2 47.7 47.7
4937 0.3 60 0 0 4737 0.5 60 0 0 180 50.0 46.7 46.7
4937 0.3 60 0 0 4937 0.0 0 0 0 0 44.7 44.3 44.3
4937 0.3 60 0 0 4937 0.0 0 0 0 30 47.8 47.7 47.7
4937 0.3 60 0 0 4937 0.0 0 0 0 60 54.7 52.9 52.9
4937 0.3 60 0 0 4937 0.0 0 0 0 90 61.6 58.4 58.4
4937 0.3 60 0 0 4937 0.0 0 0 0 120 67.1 63.2 63.2
4937 0.3 60 0 0 4937 0.0 0 0 0 150 70.2 63.3 63.3
4937 0.3 60 0 0 4937 0.0 0 0 0 180 71.7 61.3 61.3
4937 0.3 60 0 0 4937 0.0 10 0 0 0 44.6 42.7 42.7
4937 0.3 60 0 0 4937 0.0 10 0 0 30 47.7 46.4 46.4
4937 0.3 60 0 0 4937 0.0 10 0 0 60 54.6 51.9 51.9
4937 0.3 60 0 0 4937 0.0 10 0 0 90 61.5 57.7 57.7
4937 0.3 60 0 0 4937 0.0 10 0 0 120 67.1 63.0 63.0
4937 0.3 60 0 0 4937 0.0 10 0 0 150 70.2 63.6 63.6
4937 0.3 60 0 0 4937 0.0 10 0 0 180 71.7 61.9 61.9
4937 0.3 60 0 0 4937 0.0 20 0 0 0 44.4 40.5 40.5
4937 0.3 60 0 0 4937 0.0 20 0 0 30 47.4 44.3 44.3
4937 0.3 60 0 0 4937 0.0 20 0 0 60 54.4 50.0 50.0
4937 0.3 60 0 0 4937 0.0 20 0 0 90 61.3 56.1 56.1
4937 0.3 60 0 0 4937 0.0 20 0 0 120 66.9 61.7 61.7
4937 0.3 60 0 0 4937 0.0 20 0 0 150 70.0 62.9 62.9
4937 0.3 60 0 0 4937 0.0 20 0 0 180 71.4 61.8 61.8
4937 0.3 60 0 0 4937 0.0 30 0 0 0 44.0 36.7 36.7
4937 0.3 60 0 0 4937 0.0 30 0 0 30 46.9 40.4 40.4
4937 0.3 60 0 0 4937 0.0 30 0 0 60 54.0 46.4 46.4
4937 0.3 60 0 0 4937 0.0 30 0 0 90 60.9 52.9 52.9
4937 0.3 60 0 0 4937 0.0 30 0 0 120 66.5 58.2 58.2
4937 0.3 60 0 0 4937 0.0 30 0 0 150 69.6 59.8 59.8
4937 0.3 60 0 0 4937 0.0 30 0 0 180 71.0 59.9 59.9
4937 0.3 60 0 0 4937 0.0 40 0 0 0 43.4 36.3 36.3
4937 0.3 60 0 0 4937 0.0 40 0 0 30 46.2 39.5 39.5
4937 0.3 60 0 0 4937 0.0 40 0 0 60 53.4 45.9 45.9
4937 0.3 60 0 0 4937 0.0 40 0 0 90 60.4 52.6 52.6
4937 0.3 60 0 0 4937 0.0 40 0 0 120 65.9 57.6 57.6
4937 0.3 60 0 0 4937 0.0 40 0 0 150 68.9 59.8 59.8
4937 0.3 60 0 0 4937 0.0 40 0 0 180 70.3 59.9 59.9
4937 0.3 60 0 0 4937 0.0 50 0 0 0 42.6 36.7 36.7
4937 0.3 60 0 0 4937 0.0 50 0 0 30 45.2 39.6 39.6
4937 0.3 60 0 0 4937 0.0 50 0 0 60 52.5 46.3 46.3
4937 0.3 60 0 0 4937 0.0 50 0 0 90 59.6 53.0 53.0
4937 0.3 60 0 0 4937 0.0 50 0 0 120 64.9 58.0 58.0
4937 0.3 60 0 0 4937 0.0 50 0 0 150 67.8 60.5 60.5
4937 0.3 60 0 0 4937 0.0 50 0 0 180 69.1 60.8 60.8
4937 0.3 60 0 0 4937 0.0 60 0 0 0 41.6 37.5 37.5
4937 0.3 60 0 0 4937 0.0 60 0 0 30 43.8 40.4 40.4
4937 0.3 60 0 0 4937 0.0 60 0 0 60 51.1 47.2 47.2
4937 0.3 60 0 0 4937 0.0 60 0 0 90 58.2 54.0 54.0
4937 0.3 60 0 0 4937 0.0 60 0 0 120 63.1 59.1 59.1
4937 0.3 60 0 0 4937 0.0 60 0 0 150 65.9 62.0 62.0
4937 0.3 60 0 0 4937 0.0 60 0 0 180 67.1 62.5 62.5
4937 0.3 60 0 0 4937 0.1 0 0 0 0 43.1 43.7 43.7
4937 0.3 60 0 0 4937 0.1 0 0 0 30 45.9 46.1 46.1
4937 0.3 60 0 0 4937 0.1 0 0 0 60 52.3 50.5 50.5
4937 0.3 60 0 0 4937 0.1 0 0 0 90 58.9 55.9 55.9
4937 0.3 60 0 0 4937 0.1 0 0 0 120 64.8 61.9 61.9
4937 0.3 60 0 0 4937 0.1 0 0 0 150 68.8 63.0 63.0
4937 0.3 60 0 0 4937 0.1 0 0 0 180 70.9 60.2 60.2
4937 0.3 60 0 0 4937 0.1 10 0 0 0 43.0 41.8 41.8
4937 0.3 60 0 0 4937 0.1 10 0 0 30 45.8 44.7 44.7
4937 0.3 60 0 0 4937 0.1 10 0 0 60 52.2 49.4 49.4
4937 0.3 60 0 0 4937 0.1 10 0 0 90 58.8 55.1 55.1
4937 0.3 60 0 0 4937 0.1 10 0 0 120 64.7 61.3 61.3
4937 0.3 60 0 0 4937 0.1 10 0 0 150 68.8 63.3 63.3
4937 0.3 60 0 0 4937 0.1 10 0 0 180 70.9 60.9 60.9
4937 0.3 60 0 0 4937 0.1 20 0 0 0 42.6 39.2 39.2
4937 0.3 60 0 0 4937 0.1 20 0 0 30 45.5 42.4 42.4
4937 0.3 60 0 0 4937 0.1 20 0 0 60 51.9 47.5 47.5
4937 0.3 60 0 0 4937 0.1 20 0 0 90 58.6 53.4 53.4
4937 0.3 60 0 0 4937 0.1 20 0 0 120 64.5 59.8 59.8
4937 0.3 60 0 0 4937 0.1 20 0 0 150 68.6 62.5 62.5
4937 0.3 60 0 0 4937 0.1 20 0 0 180 70.7 60.9 60.9
4937 0.3 60 0 0 4937 0.1 30 0 0 0 42.1 35.1 35.1
4937 0.3 60 0 0 4937 0.1 30 0 0 30 45.0 38.5 38.5
4937 0.3 60 0 0 4937 0.1 30 0 0 60 51.5 43.9 43.9
4937 0.3 60 0 0 4937 0.1 30 0 0 90 58.3 50.1 50.1
4937 0.3 60 0 0 4937 0.1 30 0 0 120 64.2 56.1 56.1
4937 0.3 60 0 0 4937 0.1 30 0 0 150 68.2 59.2 59.2
4937 0.3 60 0 0 4937 0.1 30 0 0 180 70.3 59.4 59.4
4937 0.3 60 0 0 4937 0.1 40 0 0 0 41.4 34.4 34.4
4937 0.3 60 0 0 4937 0.1 40 0 0 30 44.3 37.6 37.6
4937 0.3 60 0 0 4937 0.1 40 0 0 60 50.9 43.3 43.3
4937 0.3 60 0 0 4937 0.1 40 0 0 90 57.7 49.6 49.6
4937 0.3 60 0 0 4937 0.1 40 0 0 120 63.6 55.4 55.4
4937 0.3 60 0 0 4937 0.1 40 0 0 150 67.5 58.7 58.7
4937 0.3 60 0 0 4937 0.1 40 0 0 180 69.7 59.6 59.6
4937 0.3 60 0 0 4937 0.1 50 0 0 0 40.3 34.7 34.7
4937 0.3 60 0 0 4937 0.1 50 0 0 30 43.3 37.6 37.6
4937 0.3 60 0 0 4937 0.1 50 0 0 60 50.1 43.4 43.4
4937 0.3 60 0 0 4937 0.1 50 0 0 90 56.9 49.8 49.8
4937 0.3 60 0 0 4937 0.1 50 0 0 120 62.6 55.6 55.6
4937 0.3 60 0 0 4937 0.1 50 0 0 150 66.3 59.3 59.3
4937 0.3 60 0 0 4937 0.1 50 0 0 180 68.7 60.6 60.6
4937 0.3 60 0 0 4937 0.1 60 0 0 0 39.1 35.5 35.5
4937 0.3 60 0 0 4937 0.1 60 0 0 30 42.0 38.3 38.3
4937 0.3 60 0 0 4937 0.1 60 0 0 60 48.7 44.1 44.1
4937 0.3 60 0 0 4937 0.1 60 0 0 90 55.6 50.6 50.6
4937 0.3 60 0 0 4937 0.1 60 0 0 120 60.8 56.5 56.5
4937 0.3 60 0 0 4937 0.1 60 0 0 150 64.5 60.5 60.5
4937 0.3 60 0 0 4937 0.1 60 0 0 180 66.9 62.3 62.3
4937 0.3 60 0 0 4937 0.2 0 0 0 0 41.8 43.5 43.5
4937 0.3 60 0 0 4937 0.2 0 0 0 30 44.3 45.0 45.0
4937 0.3 60 0 0 4937 0.2 0 0 0 60 49.9 48.1 48.1
4937 0.3 60 0 0 4937 0.2 0 0 0 90 56.3 53.2 53.2
4937 0.3 60 0 0 4937 0.2 0 0 0 120 62.3 59.6 59.6
4937 0.3 60 0 0 4937 0.2 0 0 0 150 67.2 62.5 62.5
4937 0.3 60 0 0 4937 0.2 0 0 0 180 69.7 59.1 59.1
4937 0.3 60 0 0 4937 0.2 10 0 0 0 41.6 41.3 41.3
4937 0.3 60 0 0 4937 0.2 10 0 0 30 44.2 43.4 43.4
4937 0.3 60 0 0 4937 0.2 10 0 0 60 49.8 47.0 47.0
4937 0.3 60 0 0 4937 0.2 10 0 0 90 56.2 52.3 52.3
4937 0.3 60 0 0 4937 0.2 10 0 0 120 62.2 59.0 59.0
4937 0.3 60 0 0 4937 0.2 10 0 0 150 67.1 62.4 62.4
4937 0.3 60 0 0 4937 0.2 10 0 0 180 69.7 59.8 59.8
4937 0.3 60 0 0 4937 0.2 20 0 0 0 41.3 38.5 38.5
4937 0.3 60 0 0 4937 0.2 20 0 0 30 43.8 40.9 40.9
4937 0.3 60 0 0 4937 0.2 20 0 0 60 49.5 45.0 45.0
4937 0.3 60 0 0 4937 0.2 20 0 0 90 55.9 50.6 50.6
4937 0.3 60 0 0 4937 0.2 20 0 0 120 62.0 57.4 57.4
4937 0.3 60 0 0 4937 0.2 20 0 0 150 66.9 61.3 61.3
4937 0.3 60 0 0 4937 0.2 20 0 0 180 69.5 59.7 59.7
4937 0.3 60 0 0 4937 0.2 30 0 0 0 40.6 34.2 34.2
4937 0.3 60 0 0 4937 0.2 30 0 0 30 43.3 37.0 37.0
4937 0.3 60 0 0 4937 0.2 30 0 0 60 49.1 41.5 41.5
4937 0.3 60 0 0 4937 0.2 30 0 0 90 55.6 47.3 47.3
4937 0.3 60 0 0 4937 0.2 30 0 0 120 61.6 53.8 53.8
4937 0.3 60 0 0 4937 0.2 30 0 0 150 66.5 58.1 58.1
4937 0.3 60 0 0 4937 0.2 30 0 0 180 69.1 58.6 58.6
4937 0.3 60 0 0 4937 0.2 40 0 0 0 39.6 32.9 32.9
4937 0.3 60 0 0 4937 0.2 40 0 0 30 42.7 36.0 36.0
4937 0.3 60 0 0 4937 0.2 40 0 0 60 48.6 40.9 40.9
4937 0.3 60 0 0 4937 0.2 40 0 0 90 55.0 46.7 46.7
4937 0.3 60 0 0 4937 0.2 40 0 0 120 61.1 53.0 53.0
4937 0.3 60 0 0 4937 0.2 40 0 0 150 65.7 57.5 57.5
4937 0.3 60 0 0 4937 0.2 40 0 0 180 68.5 59.4 59.4
4937 0.3 60 0 0 4937 0.2 50 0 0 0 38.3 32.8 32.8
4937 0.3 60 0 0 4937 0.2 50 0 0 30 41.8 35.9 35.9
4937 0.3 60 0 0 4937 0.2 50 0 0 60 47.8 40.9 40.9
4937 0.3 60 0 0 4937 0.2 50 0 0 90 54.2 46.8 46.8
4937 0.3 60 0 0 4937 0.2 50 0 0 120 60.1 53.0 53.0
4937 0.3 60 0 0 4937 0.2 50 0 0 150 64.6 57.9 57.9
4937 0.3 60 0 0 4937 0.2 50 0 0 180 67.4 60.5 60.5
4937 0.3 60 0 0 4937 0.2 60 0 0 0 36.8 33.5 33.5
4937 0.3 60 0 0 4937 0.2 60 0 0 30 40.7 36.3 36.3
4937 0.3 60 0 0 4937 0.2 60 0 0 60 46.5 41.3 41.3
4937 0.3 60 0 0 4937 0.2 60 0 0 90 52.8 47.3 47.3
4937 0.3 60 0 0 4937 0.2 60 0 0 120 58.3 53.7 53.7
4937 0.3 60 0 0 4937 0.2 60 0 0 150 62.7 58.8 58.8
4937 0.3 60 0 0 4937 0.2 60 0 0 180 65.6 62.0 62.0
4937 0.3 60 0 0 4937 0.3 0 0 0 0 40.9 43.3 43.3
4937 0.3 60 0 0 4937 0.3 0 0 0 30 43.2 44.4 44.4
4937 0.3 60 0 0 4937 0.3 0 0 0 60 47.7 46.4 46.4
4937 0.3 60 0 0 4937 0.3 0 0 0 90 53.7 50.4 50.4
4937 0.3 60 0 0 4937 0.3 0 0 0 120 59.6 56.9 56.9
4937 0.3 60 0 0 4937 0.3 0 0 0 150 65.3 61.3 61.3
4937 0.3 60 0 0 4937 0.3 0 0 0 180 68.3 57.9 57.9
4937 0.3 60 0 0 4937 0.3 10 0 0 0 40.8 41.1 41.1
4937 0.3 60 0 0 4937 0.3 10 0 0 30 43.1 42.5 42.5
4937 0.3 60 0 0 4937 0.3 10 0 0 60 47.6 45.0 45.0
4937 0.3 60 0 0 4937 0.3 10 0 0 90 53.5 49.4 49.4
4937 0.3 60 0 0 4937 0.3 10 0 0 120 59.5 56.2 56.2
4937 0.3 60 0 0 4937 0.3 10 0 0 150 65.2 61.0 61.0
4937 0.3 60 0 0 4937 0.3 10 0 0 180 68.3 58.6 58.6
4937 0.3 60 0 0 4937 0.3 20 0 0 0 40.4 38.0 38.0
4937 0.3 60 0 0 4937 0.3 20 0 0 30 42.7 39.7 39.7
4937 0.3 60 0 0 4937 0.3 20 0 0 60 47.3 42.7 42.7
4937 0.3 60 0 0 4937 0.3 20 0 0 90 53.3 47.5 47.5
4937 0.3 60 0 0 4937 0.3 20 0 0 120 59.3 54.3 54.3
4937 0.3 60 0 0 4937 0.3 20 0 0 150 65.0 59.6 59.6
4937 0.3 60 0 0 4937 0.3 20 0 0 180 68.0 58.3 58.3
4937 0.3 60 0 0 4937 0.3 30 0 0 0 39.6 34.1 34.1
4937 0.3 60 0 0 4937 0.3 30 0 0 30 42.2 36.2 36.2
4937 0.3 60 0 0 4937 0.3 30 0 0 60 46.9 39.7 39.7
4937 0.3 60 0 0 4937 0.3 30 0 0 90 52.9 44.7 44.7
4937 0.3 60 0 0 4937 0.3 30 0 0 120 59.0 51.2 51.2
4937 0.3 60 0 0 4937 0.3 30 0 0 150 64.5 56.7 56.7
4937 0.3 60 0 0 4937 0.3 30 0 0 180 67.6 57.7 57.7
4937 0.3 60 0 0 4937 0.3 40 0 0 0 38.6 32.6 32.6
4937 0.3 60 0 0 4937 0.3 40 0 0 30 41.5 35.0 35.0
4937 0.3 60 0 0 4937 0.3 40 0 0 60 46.4 38.9 38.9
4937 0.3 60 0 0 4937 0.3 40 0 0 90 52.3 44.0 44.0
4937 0.3 60 0 0 4937 0.3 40 0 0 120 58.4 50.4 50.4
4937 0.3 60 0 0 4937 0.3 40 0 0 150 63.8 56.1 56.1
4937 0.3 60 0 0 4937 0.3 40 0 0 180 66.9 58.7 58.7
4937 0.3 60 0 0 4937 0.3 50 0 0 0 37.0 31.8 31.8
4937 0.3 60 0 0 4937 0.3 50 0 0 30 40.7 34.5 34.5
4937 0.3 60 0 0 4937 0.3 50 0 0 60 45.6 38.6 38.6
4937 0.3 60 0 0 4937 0.3 50 0 0 90 51.5 43.7 43.7
4937 0.3 60 0 0 4937 0.3 50 0 0 120 57.4 50.2 50.2
4937 0.3 60 0 0 4937 0.3 50 0 0 150 62.6 56.2 56.2
4937 0.3 60 0 0 4937 0.3 50 0 0 180 65.8 60.0 60.0
4937 0.3 60 0 0 4937 0.3 60 0 0 0 35.1 31.7 31.7
4937 0.3 60 0 0 4937 0.3 60 0 0 30 39.5 34.6 34.6
4937 0.3 60 0 0 4937 0.3 60 0 0 60 44.4 38.7 38.7
4937 0.3 60 0 0 4937 0.3 60 0 0 90 50.1 44.0 44.0
4937 0.3 60 0 0 4937 0.3 60 0 0 120 55.6 50.6 50.6
4937 0.3 60 0 0 4937 0.3 60 0 0 150 60.7 56.9 56.9
4937 0.3 60 0 0 4937 0.3 60 0 0 180 63.8 61.4 61.4
4937 0.3 60 0 0 4937 0.4 0 0 0 0 40.8 43.2 43.2
4937 0.3 60 0 0 4937 0.4 0 0 0 30 42.7 44.1 44.1
4937 0.3 60 0 0 4937 0.4 0 0 0 60 45.8 45.5 45.5
4937 0.3 60 0 0 4937 0.4 0 0 0 90 51.0 47.9 47.9
4937 0.3 60 0 0 4937 0.4 0 0 0 120 56.8 53.7 53.7
4937 0.3 60 0 0 4937 0.4 0 0 0 150 63.1 59.5 59.5
4937 0.3 60 0 0 4937 0.4 0 0 0 180 66.7 56.6 56.6
4937 0.3 60 0 0 4937 0.4 10 0 0 0 40.7 41.0 41.0
4937 0.3 60 0 0 4937 0.4 10 0 0 30 42.6 42.1 42.1
4937 0.3 60 0 0 4937 0.4 10 0 0 60 45.7 43.8 43.8
4937 0.3 60 0 0 4937 0.4 10 0 0 90 50.9 46.7 46.7
4937 0.3 60 0 0 4937 0.4 10 0 0 120 56.7 52.9 52.9
4937 0.3 60 0 0 4937 0.4 10 0 0 150 63.1 59.0 59.0
4937 0.3 60 0 0 4937 0.4 10 0 0 180 66.6 57.2 57.2
4937 0.3 60 0 0 4937 0.4 20 0 0 0 40.4 37.3 37.3
4937 0.3 60 0 0 4937 0.4 20 0 0 30 42.2 38.7 38.7
4937 0.3 60 0 0 4937 0.4 20 0 0 60 45.4 40.7 40.7
4937 0.3 60 0 0 4937 0.4 20 0 0 90 50.6 44.2 44.2
4937 0.3 60 0 0 4937 0.4 20 0 0 120 56.5 50.5 50.5
4937 0.3 60 0 0 4937 0.4 20 0 0 150 62.8 57.0 57.0
4937 0.3 60 0 0 4937 0.4 20 0 0 180 66.4 56.4 56.4
4937 0.3 60 0 0 4937 0.4 30 0 0 0 39.8 34.6 34.6
4937 0.3 60 0 0 4937 0.4 30 0 0 30 41.7 36.2 36.2
4937 0.3 60 0 0 4937 0.4 30 0 0 60 44.9 38.5 38.5
4937 0.3 60 0 0 4937 0.4 30 0 0 90 50.2 42.3 42.3
4937 0.3 60 0 0 4937 0.4 30 0 0 120 56.1 48.5 48.5
4937 0.3 60 0 0 4937 0.4 30 0 0 150 62.3 55.3 55.3
4937 0.3 60 0 0 4937 0.4 30 0 0 180 65.9 56.9 56.9
4937 0.3 60 0 0 4937 0.4 40 0 0 0 39.0 33.3 33.3
4937 0.3 60 0 0 4937 0.4 40 0 0 30 40.9 34.8 34.8
4937 0.3 60 0 0 4937 0.4 40 0 0 60 44.4 37.3 37.3
4937 0.3 60 0 0 4937 0.4 40 0 0 90 49.6 41.4 41.4
4937 0.3 60 0 0 4937 0.4 40 0 0 120 55.5 47.6 47.6
4937 0.3 60 0 0 4937 0.4 40 0 0 150 61.6 54.6 54.6
4937 0.3 60 0 0 4937 0.4 40 0 0 180 65.1 58.0 58.0
4937 0.3 60 0 0 4937 0.4 50 0 0 0 38.1 32.5 32.5
4937 0.3 60 0 0 4937 0.4 50 0 0 30 39.9 33.9 33.9
4937 0.3 60 0 0 4937 0.4 50 0 0 60 43.6 36.6 36.6
4937 0.3 60 0 0 4937 0.4 50 0 0 90 48.8 41.0 41.0
4937 0.3 60 0 0 4937 0.4 50 0 0 120 54.5 47.3 47.3
4937 0.3 60 0 0 4937 0.4 50 0 0 150 60.4 54.3 54.3
4937 0.3 60 0 0 4937 0.4 50 0 0 180 63.9 59.0 59.0
4937 0.3 60 0 0 4937 0.4 60 0 0 0 37.0 32.4 32.4
4937 0.3 60 0 0 4937 0.4 60 0 0 30 38.4 33.3 33.3
4937 0.3 60 0 0 4937 0.4 60 0 0 60 42.2 36.4 36.4
4937 0.3 60 0 0 4937 0.4 60 0 0 90 47.1 40.9 40.9
4937 0.3 60 0 0 4937 0.4 60 0 0 120 52.4 47.3 47.3
4937 0.3 60 0 0 4937 0.4 60 0 0 150 58.1 54.7 54.7
4937 0.3 60 0 0 4937 0.4 60 0 0 180 61.6 60.2 60.2
4937 0.3 60 0 0 4937 0.5 0 0 0 0 41.8 43.0 43.0
4937 0.3 60 0 0 4937 0.5 0 0 0 30 42.8 43.9 43.9
4937 0.3 60 0 0 4937 0.5 0 0 0 60 44.7 45.0 45.0
4937 0.3 60 0 0 4937 0.5 0 0 0 90 48.2 46.7 46.7
4937 0.3 60 0 0 4937 0.5 0 0 0 120 53.9 50.3 50.3
4937 0.3 60 0 0 4937 0.5 0 0 0 150 60.7 57.1 57.1
4937 0.3 60 0 0 4937 0.5 0 0 0 180 65.0 54.9 54.9
4937 0.3 60 0 0 4937 0.5 10 0 0 0 41.7 40.7 40.7
4937 0.3 60 0 0 4937 0.5 10 0 0 30 42.7 41.7 41.7
4937 0.3 60 0 0 4937 0.5 10 0 0 60 44.6 43.0 43.0
4937 0.3 60 0 0 4937 0.5 10 0 0 90 48.1 45.1 45.1
4937 0.3 60 0 0 4937 0.5 10 0 0 120 53.8 49.3 49.3
4937 0.3 60 0 0 4937 0.5 10 0 0 150 60.6 56.3 56.3
4937 0.3 60 0 0 4937 0.5 10 0 0 180 64.9 55.3 55.3
4937 0.3 60 0 0 4937 0.5 20 0 0 0 41.4 38.0 38.0
4937 0.3 60 0 0 4937 0.5 20 0 0 30 42.4 39.0 39.0
4937 0.3 60 0 0 4937 0.5 20 0 0 60 44.3 40.4 40.4
4937 0.3 60 0 0 4937 0.5 20 0 0 90 47.8 42.6 42.6
4937 0.3 60 0 0 4937 0.5 20 0 0 120 53.6 47.2 47.2
4937 0.3 60 0 0 4937 0.5 20 0 0 150 60.3 54.8 54.8
4937 0.3 60 0 0 4937 0.5 20 0 0 180 64.6 55.0 55.0
4937 0.3 60 0 0 4937 0.5 30 0 0 0 41.1 36.0 36.0
4937 0.3 60 0 0 4937 0.5 30 0 0 30 42.0 36.9 36.9
4937 0.3 60 0 0 4937 0.5 30 0 0 60 43.7 38.3 38.3
4937 0.3 60 0 0 4937 0.5 30 0 0 90 47.4 40.7 40.7
4937 0.3 60 0 0 4937 0.5 30 0 0 120 53.2 45.7 45.7
4937 0.3 60 0 0 4937 0.5 30 0 0 150 59.8 53.6 53.6
4937 0.3 60 0 0 4937 0.5 30 0 0 180 64.0 56.0 56.0
4937 0.3 60 0 0 4937 0.5 40 0 0 0 40.6 34.8 34.8
4937 0.3 60 0 0 4937 0.5 40 0 0 30 41.4 35.5 35.5
4937 0.3 60 0 0 4937 0.5 40 0 0 60 43.0 37.0 37.0
4937 0.3 60 0 0 4937 0.5 40 0 0 90 46.8 39.4 39.4
4937 0.3 60 0 0 4937 0.5 40 0 0 120 52.5 44.7 44.7
4937 0.3 60 0 0 4937 0.5 40 0 0 150 59.0 52.7 52.7
4937 0.3 60 0 0 4937 0.5 40 0 0 180 63.2 57.0 57.0
4937 0.3 60 0 0 4937 0.5 50 0 0 0 40.0 34.1 34.1
4937 0.3 60 0 0 4937 0.5 50 0 0 30 40.6 34.5 34.5
4937 0.3 60 0 0 4937 0.5 50 0 0 60 42.0 35.9 35.9
4937 0.3 60 0 0 4937 0.5 50 0 0 90 46.0 38.6 38.6
4937 0.3 60 0 0 4937 0.5 50 0 0 120 51.4 44.2 44.2
4937 0.3 60 0 0 4937 0.5 50 0 0 150 57.7 52.4 52.4
4937 0.3 60 0 0 4937 0.5 50 0 0 180 61.9 57.8 57.8
4937 0.3 60 0 0 4937 0.5 60 0 0 0 39.3 34.0 34.0
4937 0.3 60 0 0 4937 0.5 60 0 0 30 39.8 34.0 34.0
4937 0.3 60 0 0 4937 0.5 60 0 0 60 40.9 35.1 35.1
4937 0.3 60 0 0 4937 0.5 60 0 0 90 44.5 38.0 38.0
4937 0.3 60 0 0 4937 0.5 60 0 0 120 49.3 43.9 43.9
4937 0.3 60 0 0 4937 0.5 60 0 0 150 55.4 52.4 52.4
4937 0.3 60 0 0 4937 0.5 60 0 0 180 59.4 58.9 58.9
