5337 0.2 20 0 0 4737 0.0 0 0 0 0 62.1 54.7 54.7
5337 0.2 20 0 0 4737 0.0 0 0 0 30 62.2 54.7 54.7
5337 0.2 20 0 0 4737 0.0 0 0 0 60 62.3 54.6 54.6
5337 0.2 20 0 0 4737 0.0 0 0 0 90 62.3 55.1 55.1
5337 0.2 20 0 0 4737 0.0 0 0 0 120 62.4 54.7 54.7
5337 0.2 20 0 0 4737 0.0 0 0 0 150 62.2 55.3 55.3
5337 0.2 20 0 0 4737 0.0 0 0 0 180 62.3 55.0 55.0
5337 0.2 20 0 0 4737 0.0 10 0 0 0 62.0 54.2 54.2
5337 0.2 20 0 0 4737 0.0 10 0 0 30 62.2 54.3 54.3
5337 0.2 20 0 0 4737 0.0 10 0 0 60 62.3 54.3 54.3
5337 0.2 20 0 0 4737 0.0 10 0 0 90 62.3 54.6 54.6
5337 0.2 20 0 0 4737 0.0 10 0 0 120 62.3 54.5 54.5
5337 0.2 20 0 0 4737 0.0 10 0 0 150 62.2 54.8 54.8
5337 0.2 20 0 0 4737 0.0 10 0 0 180 62.2 54.7 54.7
5337 0.2 20 0 0 4737 0.0 20 0 0 0 61.8 53.1 53.1
5337 0.2 20 0 0 4737 0.0 20 0 0 30 62.0 53.2 53.2
5337 0.2 20 0 0 4737 0.0 20 0 0 60 62.1 53.3 53.3
5337 0.2 20 0 0 4737 0.0 20 0 0 90 62.1 53.3 53.3
5337 0.2 20 0 0 4737 0.0 20 0 0 120 62.2 53.5 53.5
5337 0.2 20 0 0 4737 0.0 20 0 0 150 62.0 53.6 53.6
5337 0.2 20 0 0 4737 0.0 20 0 0 180 62.1 53.7 53.7
5337 0.2 20 0 0 4737 0.0 30 0 0 0 61.5 50.9 50.9
5337 0.2 20 0 0 4737 0.0 30 0 0 30 61.7 50.8 50.8
5337 0.2 20 0 0 4737 0.0 30 0 0 60 61.8 51.0 51.0
5337 0.2 20 0 0 4737 0.0 30 0 0 90 61.8 50.9 50.9
5337 0.2 20 0 0 4737 0.0 30 0 0 120 61.9 51.3 51.3
5337 0.2 20 0 0 4737 0.0 30 0 0 150 61.6 51.3 51.3
5337 0.2 20 0 0 4737 0.0 30 0 0 180 61.7 51.4 51.4
5337 0.2 20 0 0 4737 0.0 40 0 0 0 61.0 50.8 50.8
5337 0.2 20 0 0 4737 0.0 40 0 0 30 61.2 50.8 50.8
5337 0.2 20 0 0 4737 0.0 40 0 0 60 61.3 51.0 51.0
5337 0.2 20 0 0 4737 0.0 40 0 0 90 61.2 50.8 50.8
5337 0.2 20 0 0 4737 0.0 40 0 0 120 61.4 51.2 51.2
5337 0.2 20 0 0 4737 0.0 40 0 0 150 61.1 51.2 51.2
5337 0.2 20 0 0 4737 0.0 40 0 0 180 61.2 51.3 51.3
5337 0.2 20 0 0 4737 0.0 50 0 0 0 60.2 51.5 51.5
5337 0.2 20 0 0 4737 0.0 50 0 0 30 60.4 51.5 51.5
5337 0.2 20 0 0 4737 0.0 50 0 0 60 60.6 51.7 51.7
5337 0.2 20 0 0 4737 0.0 50 0 0 90 60.4 51.6 51.6
5337 0.2 20 0 0 4737 0.0 50 0 0 120 60.6 51.9 51.9
5337 0.2 20 0 0 4737 0.0 50 0 0 150 60.3 52.0 52.0
5337 0.2 20 0 0 4737 0.0 50 0 0 180 60.5 52.0 52.0
5337 0.2 20 0 0 4737 0.0 60 0 0 0 58.9 52.6 52.6
5337 0.2 20 0 0 4737 0.0 60 0 0 30 59.2 52.7 52.7
5337 0.2 20 0 0 4737 0.0 60 0 0 60 59.3 52.8 52.8
5337 0.2 20 0 0 4737 0.0 60 0 0 90 59.1 52.9 52.9
5337 0.2 20 0 0 4737 0.0 60 0 0 120 59.2 53.1 53.1
5337 0.2 20 0 0 4737 0.0 60 0 0 150 59.0 53.2 53.2
5337 0.2 20 0 0 4737 0.0 60 0 0 180 59.1 53.3 53.3
5337 0.2 20 0 0 4737 0.1 0 0 0 0 61.6 54.1 54.1
5337 0.2 20 0 0 4737 0.1 0 0 0 30 61.9 54.2 54.2
5337 0.2 20 0 0 4737 0.1 0 0 0 60 61.9 53.9 53.9
5337 0.2 20 0 0 4737 0.1 0 0 0 90 61.9 54.4 54.4
5337 0.2 20 0 0 4737 0.1 0 0 0 120 62.1 54.3 54.3
5337 0.2 20 0 0 4737 0.1 0 0 0 150 61.7 54.6 54.6
5337 0.2 20 0 0 4737 0.1 0 0 0 180 62.0 54.4 54.4
5337 0.2 20 0 0 4737 0.1 10 0 0 0 61.5 53.7 53.7
5337 0.2 20 0 0 4737 0.1 10 0 0 30 61.9 53.8 53.8
5337 0.2 20 0 0 4737 0.1 10 0 0 60 61.9 53.6 53.6
5337 0.2 20 0 0 4737 0.1 10 0 0 90 61.8 53.9 53.9
5337 0.2 20 0 0 4737 0.1 10 0 0 120 62.0 53.9 53.9
5337 0.2 20 0 0 4737 0.1 10 0 0 150 61.7 54.3 54.3
5337 0.2 20 0 0 4737 0.1 10 0 0 180 61.9 54.1 54.1
5337 0.2 20 0 0 4737 0.1 20 0 0 0 61.3 52.5 52.5
5337 0.2 20 0 0 4737 0.1 20 0 0 30 61.7 52.5 52.5
5337 0.2 20 0 0 4737 0.1 20 0 0 60 61.7 52.6 52.6
5337 0.2 20 0 0 4737 0.1 20 0 0 90 61.6 52.7 52.7
5337 0.2 20 0 0 4737 0.1 20 0 0 120 61.8 52.8 52.8
5337 0.2 20 0 0 4737 0.1 20 0 0 150 61.5 53.0 53.0
5337 0.2 20 0 0 4737 0.1 20 0 0 180 61.8 53.0 53.0
5337 0.2 20 0 0 4737 0.1 30 0 0 0 61.0 50.4 50.4
5337 0.2 20 0 0 4737 0.1 30 0 0 30 61.3 50.2 50.2
5337 0.2 20 0 0 4737 0.1 30 0 0 60 61.4 50.5 50.5
5337 0.2 20 0 0 4737 0.1 30 0 0 90 61.2 50.4 50.4
5337 0.2 20 0 0 4737 0.1 30 0 0 120 61.5 50.5 50.5
5337 0.2 20 0 0 4737 0.1 30 0 0 150 61.1 50.8 50.8
5337 0.2 20 0 0 4737 0.1 30 0 0 180 61.4 50.7 50.7
5337 0.2 20 0 0 4737 0.1 40 0 0 0 60.5 50.5 50.5
5337 0.2 20 0 0 4737 0.1 40 0 0 30 60.7 50.2 50.2
5337 0.2 20 0 0 4737 0.1 40 0 0 60 61.0 50.5 50.5
5337 0.2 20 0 0 4737 0.1 40 0 0 90 60.7 50.4 50.4
5337 0.2 20 0 0 4737 0.1 40 0 0 120 61.0 50.5 50.5
5337 0.2 20 0 0 4737 0.1 40 0 0 150 60.6 50.7 50.7
5337 0.2 20 0 0 4737 0.1 40 0 0 180 60.9 50.7 50.7
5337 0.2 20 0 0 4737 0.1 50 0 0 0 59.7 51.0 51.0
5337 0.2 20 0 0 4737 0.1 50 0 0 30 59.9 51.0 51.0
5337 0.2 20 0 0 4737 0.1 50 0 0 60 60.2 51.2 51.2
5337 0.2 20 0 0 4737 0.1 50 0 0 90 59.9 51.1 51.1
5337 0.2 20 0 0 4737 0.1 50 0 0 120 60.2 51.3 51.3
5337 0.2 20 0 0 4737 0.1 50 0 0 150 59.8 51.4 51.4
5337 0.2 20 0 0 4737 0.1 50 0 0 180 60.1 51.4 51.4
5337 0.2 20 0 0 4737 0.1 60 0 0 0 58.4 52.0 52.0
5337 0.2 20 0 0 4737 0.1 60 0 0 30 58.6 52.0 52.0
5337 0.2 20 0 0 4737 0.1 60 0 0 60 58.9 52.3 52.3
5337 0.2 20 0 0 4737 0.1 60 0 0 90 58.5 52.2 52.2
5337 0.2 20 0 0 4737 0.1 60 0 0 120 58.8 52.5 52.5
5337 0.2 20 0 0 4737 0.1 60 0 0 150 58.5 52.5 52.5
5337 0.2 20 0 0 4737 0.1 60 0 0 180 58.7 52.7 52.7
5337 0.2 20 0 0 4737 0.2 0 0 0 0 61.2 53.4 53.4
5337 0.2 20 0 0 4737 0.2 0 0 0 30 61.5 53.4 53.4
5337 0.2 20 0 0 4737 0.2 0 0 0 60 61.6 53.4 53.4
5337 0.2 20 0 0 4737 0.2 0 0 0 90 61.4 53.5 53.5
5337 0.2 20 0 0 4737 0.2 0 0 0 120 61.7 53.7 53.7
5337 0.2 20 0 0 4737 0.2 0 0 0 150 61.4 53.9 53.9
5337 0.2 20 0 0 4737 0.2 0 0 0 180 61.6 53.8 53.8
5337 0.2 20 0 0 4737 0.2 10 0 0 0 61.2 53.1 53.1
5337 0.2 20 0 0 4737 0.2 10 0 0 30 61.4 53.1 53.1
5337 0.2 20 0 0 4737 0.2 10 0 0 60 61.5 53.0 53.0
5337 0.2 20 0 0 4737 0.2 10 0 0 90 61.4 53.2 53.2
5337 0.2 20 0 0 4737 0.2 10 0 0 120 61.6 53.3 53.3
5337 0.2 20 0 0 4737 0.2 10 0 0 150 61.3 53.6 53.6
5337 0.2 20 0 0 4737 0.2 10 0 0 180 61.5 53.5 53.5
5337 0.2 20 0 0 4737 0.2 20 0 0 0 61.0 51.9 51.9
5337 0.2 20 0 0 4737 0.2 20 0 0 30 61.2 51.9 51.9
5337 0.2 20 0 0 4737 0.2 20 0 0 60 61.3 51.8 51.8
5337 0.2 20 0 0 4737 0.2 20 0 0 90 61.2 52.0 52.0
5337 0.2 20 0 0 4737 0.2 20 0 0 120 61.4 52.1 52.1
5337 0.2 20 0 0 4737 0.2 20 0 0 150 61.1 52.3 52.3
5337 0.2 20 0 0 4737 0.2 20 0 0 180 61.4 52.3 52.3
5337 0.2 20 0 0 4737 0.2 30 0 0 0 60.6 49.9 49.9
5337 0.2 20 0 0 4737 0.2 30 0 0 30 60.9 49.9 49.9
5337 0.2 20 0 0 4737 0.2 30 0 0 60 61.0 49.9 49.9
5337 0.2 20 0 0 4737 0.2 30 0 0 90 60.9 50.1 50.1
5337 0.2 20 0 0 4737 0.2 30 0 0 120 61.0 50.0 50.0
5337 0.2 20 0 0 4737 0.2 30 0 0 150 60.8 50.3 50.3
5337 0.2 20 0 0 4737 0.2 30 0 0 180 61.0 50.1 50.1
5337 0.2 20 0 0 4737 0.2 40 0 0 0 60.1 50.1 50.1
5337 0.2 20 0 0 4737 0.2 40 0 0 30 60.3 50.0 50.0
5337 0.2 20 0 0 4737 0.2 40 0 0 60 60.5 50.1 50.1
5337 0.2 20 0 0 4737 0.2 40 0 0 90 60.4 50.1 50.1
5337 0.2 20 0 0 4737 0.2 40 0 0 120 60.4 50.0 50.0
5337 0.2 20 0 0 4737 0.2 40 0 0 150 60.3 50.3 50.3
5337 0.2 20 0 0 4737 0.2 40 0 0 180 60.5 50.1 50.1
5337 0.2 20 0 0 4737 0.2 50 0 0 0 59.4 50.5 50.5
5337 0.2 20 0 0 4737 0.2 50 0 0 30 59.4 50.5 50.5
5337 0.2 20 0 0 4737 0.2 50 0 0 60 59.7 50.6 50.6
5337 0.2 20 0 0 4737 0.2 50 0 0 90 59.6 50.7 50.7
5337 0.2 20 0 0 4737 0.2 50 0 0 120 59.5 50.8 50.8
5337 0.2 20 0 0 4737 0.2 50 0 0 150 59.5 51.0 51.0
5337 0.2 20 0 0 4737 0.2 50 0 0 180 59.6 51.0 51.0
5337 0.2 20 0 0 4737 0.2 60 0 0 0 58.1 51.4 51.4
5337 0.2 20 0 0 4737 0.2 60 0 0 30 58.1 51.4 51.4
5337 0.2 20 0 0 4737 0.2 60 0 0 60 58.3 51.6 51.6
5337 0.2 20 0 0 4737 0.2 60 0 0 90 58.2 51.6 51.6
5337 0.2 20 0 0 4737 0.2 60 0 0 120 58.1 51.7 51.7
5337 0.2 20 0 0 4737 0.2 60 0 0 150 58.1 52.0 52.0
5337 0.2 20 0 0 4737 0.2 60 0 0 180 58.2 52.2 52.2
5337 0.2 20 0 0 4737 0.3 0 0 0 0 60.9 52.6 52.6
5337 0.2 20 0 0 4737 0.3 0 0 0 30 61.1 52.6 52.6
5337 0.2 20 0 0 4737 0.3 0 0 0 60 61.1 52.8 52.8
5337 0.2 20 0 0 4737 0.3 0 0 0 90 61.1 53.0 53.0
5337 0.2 20 0 0 4737 0.3 0 0 0 120 61.2 52.8 52.8
5337 0.2 20 0 0 4737 0.3 0 0 0 150 61.0 53.4 53.4
5337 0.2 20 0 0 4737 0.3 0 0 0 180 61.1 53.2 53.2
5337 0.2 20 0 0 4737 0.3 10 0 0 0 60.8 52.3 52.3
5337 0.2 20 0 0 4737 0.3 10 0 0 30 61.0 52.3 52.3
5337 0.2 20 0 0 4737 0.3 10 0 0 60 61.1 52.4 52.4
5337 0.2 20 0 0 4737 0.3 10 0 0 90 61.0 52.5 52.5
5337 0.2 20 0 0 4737 0.3 10 0 0 120 61.1 52.5 52.5
5337 0.2 20 0 0 4737 0.3 10 0 0 150 61.0 52.9 52.9
5337 0.2 20 0 0 4737 0.3 10 0 0 180 61.0 52.8 52.8
5337 0.2 20 0 0 4737 0.3 20 0 0 0 60.6 51.0 51.0
5337 0.2 20 0 0 4737 0.3 20 0 0 30 60.8 51.0 51.0
5337 0.2 20 0 0 4737 0.3 20 0 0 60 60.9 51.0 51.0
5337 0.2 20 0 0 4737 0.3 20 0 0 90 60.8 50.9 50.9
5337 0.2 20 0 0 4737 0.3 20 0 0 120 60.9 51.2 51.2
5337 0.2 20 0 0 4737 0.3 20 0 0 150 60.8 51.3 51.3
5337 0.2 20 0 0 4737 0.3 20 0 0 180 60.8 51.4 51.4
5337 0.2 20 0 0 4737 0.3 30 0 0 0 60.3 49.5 49.5
5337 0.2 20 0 0 4737 0.3 30 0 0 30 60.5 49.5 49.5
5337 0.2 20 0 0 4737 0.3 30 0 0 60 60.5 49.6 49.6
5337 0.2 20 0 0 4737 0.3 30 0 0 90 60.5 49.6 49.6
5337 0.2 20 0 0 4737 0.3 30 0 0 120 60.6 49.9 49.9
5337 0.2 20 0 0 4737 0.3 30 0 0 150 60.4 49.9 49.9
5337 0.2 20 0 0 4737 0.3 30 0 0 180 60.5 49.9 49.9
5337 0.2 20 0 0 4737 0.3 40 0 0 0 59.8 49.6 49.6
5337 0.2 20 0 0 4737 0.3 40 0 0 30 59.9 49.7 49.7
5337 0.2 20 0 0 4737 0.3 40 0 0 60 60.0 49.8 49.8
5337 0.2 20 0 0 4737 0.3 40 0 0 90 60.0 49.8 49.8
5337 0.2 20 0 0 4737 0.3 40 0 0 120 60.0 49.9 49.9
5337 0.2 20 0 0 4737 0.3 40 0 0 150 59.9 50.0 50.0
5337 0.2 20 0 0 4737 0.3 40 0 0 180 59.9 50.0 50.0
5337 0.2 20 0 0 4737 0.3 50 0 0 0 59.0 50.0 50.0
5337 0.2 20 0 0 4737 0.3 50 0 0 30 59.1 50.0 50.0
5337 0.2 20 0 0 4737 0.3 50 0 0 60 59.1 50.2 50.2
5337 0.2 20 0 0 4737 0.3 50 0 0 90 59.2 50.3 50.3
5337 0.2 20 0 0 4737 0.3 50 0 0 120 59.1 50.4 50.4
5337 0.2 20 0 0 4737 0.3 50 0 0 150 59.1 50.6 50.6
5337 0.2 20 0 0 4737 0.3 50 0 0 180 59.0 50.6 50.6
5337 0.2 20 0 0 4737 0.3 60 0 0 0 57.6 51.0 51.0
5337 0.2 20 0 0 4737 0.3 60 0 0 30 57.6 50.9 50.9
5337 0.2 20 0 0 4737 0.3 60 0 0 60 57.7 51.0 51.0
5337 0.2 20 0 0 4737 0.3 60 0 0 90 57.6 51.1 51.1
5337 0.2 20 0 0 4737 0.3 60 0 0 120 57.6 51.0 51.0
5337 0.2 20 0 0 4737 0.3 60 0 0 150 57.5 51.4 51.4
5337 0.2 20 0 0 4737 0.3 60 0 0 180 57.6 51.5 51.5
5337 0.2 20 0 0 4737 0.4 0 0 0 0 60.6 51.8 51.8
5337 0.2 20 0 0 4737 0.4 0 0 0 30 60.7 51.7 51.7
5337 0.2 20 0 0 4737 0.4 0 0 0 60 60.6 51.9 51.9
5337 0.2 20 0 0 4737 0.4 0 0 0 90 60.7 52.2 52.2
5337 0.2 20 0 0 4737 0.4 0 0 0 120 60.8 52.0 52.0
5337 0.2 20 0 0 4737 0.4 0 0 0 150 60.6 52.7 52.7
5337 0.2 20 0 0 4737 0.4 0 0 0 180 60.5 52.5 52.5
5337 0.2 20 0 0 4737 0.4 10 0 0 0 60.5 51.4 51.4
5337 0.2 20 0 0 4737 0.4 10 0 0 30 60.6 51.3 51.3
5337 0.2 20 0 0 4737 0.4 10 0 0 60 60.6 51.5 51.5
5337 0.2 20 0 0 4737 0.4 10 0 0 90 60.6 51.8 51.8
5337 0.2 20 0 0 4737 0.4 10 0 0 120 60.7 51.6 51.6
5337 0.2 20 0 0 4737 0.4 10 0 0 150 60.6 52.2 52.2
5337 0.2 20 0 0 4737 0.4 10 0 0 180 60.5 52.0 52.0
5337 0.2 20 0 0 4737 0.4 20 0 0 0 60.3 49.8 49.8
5337 0.2 20 0 0 4737 0.4 20 0 0 30 60.4 49.8 49.8
5337 0.2 20 0 0 4737 0.4 20 0 0 60 60.4 49.9 49.9
5337 0.2 20 0 0 4737 0.4 20 0 0 90 60.4 49.9 49.9
5337 0.2 20 0 0 4737 0.4 20 0 0 120 60.5 49.9 49.9
5337 0.2 20 0 0 4737 0.4 20 0 0 150 60.3 50.2 50.2
5337 0.2 20 0 0 4737 0.4 20 0 0 180 60.2 50.3 50.3
5337 0.2 20 0 0 4737 0.4 30 0 0 0 60.0 49.1 49.1
5337 0.2 20 0 0 4737 0.4 30 0 0 30 60.1 49.2 49.2
5337 0.2 20 0 0 4737 0.4 30 0 0 60 60.0 49.4 49.4
5337 0.2 20 0 0 4737 0.4 30 0 0 90 60.0 49.4 49.4
5337 0.2 20 0 0 4737 0.4 30 0 0 120 60.2 49.5 49.5
5337 0.2 20 0 0 4737 0.4 30 0 0 150 59.9 49.7 49.7
5337 0.2 20 0 0 4737 0.4 30 0 0 180 59.9 49.8 49.8
5337 0.2 20 0 0 4737 0.4 40 0 0 0 59.5 49.3 49.3
5337 0.2 20 0 0 4737 0.4 40 0 0 30 59.6 49.4 49.4
5337 0.2 20 0 0 4737 0.4 40 0 0 60 59.4 49.5 49.5
5337 0.2 20 0 0 4737 0.4 40 0 0 90 59.4 49.5 49.5
5337 0.2 20 0 0 4737 0.4 40 0 0 120 59.6 49.6 49.6
5337 0.2 20 0 0 4737 0.4 40 0 0 150 59.3 49.7 49.7
5337 0.2 20 0 0 4737 0.4 40 0 0 180 59.3 49.9 49.9
5337 0.2 20 0 0 4737 0.4 50 0 0 0 58.6 49.6 49.6
5337 0.2 20 0 0 4737 0.4 50 0 0 30 58.7 49.6 49.6
5337 0.2 20 0 0 4737 0.4 50 0 0 60 58.6 49.8 49.8
5337 0.2 20 0 0 4737 0.4 50 0 0 90 58.5 49.8 49.8
5337 0.2 20 0 0 4737 0.4 50 0 0 120 58.7 50.0 50.0
5337 0.2 20 0 0 4737 0.4 50 0 0 150 58.4 50.3 50.3
5337 0.2 20 0 0 4737 0.4 50 0 0 180 58.5 50.5 50.5
5337 0.2 20 0 0 4737 0.4 60 0 0 0 57.0 50.5 50.5
5337 0.2 20 0 0 4737 0.4 60 0 0 30 57.1 50.5 50.5
5337 0.2 20 0 0 4737 0.4 60 0 0 60 57.0 50.6 50.6
5337 0.2 20 0 0 4737 0.4 60 0 0 90 56.9 50.5 50.5
5337 0.2 20 0 0 4737 0.4 60 0 0 120 56.9 50.6 50.6
5337 0.2 20 0 0 4737 0.4 60 0 0 150 56.7 50.7 50.7
5337 0.2 20 0 0 4737 0.4 60 0 0 180 56.7 51.0 51.0
5337 0.2 20 0 0 4737 0.5 0 0 0 0 60.2 50.7 50.7
5337 0.2 20 0 0 4737 0.5 0 0 0 30 60.3 50.6 50.6
5337 0.2 20 0 0 4737 0.5 0 0 0 60 60.2 50.7 50.7
5337 0.2 20 0 0 4737 0.5 0 0 0 90 60.2 50.9 50.9
5337 0.2 20 0 0 4737 0.5 0 0 0 120 60.3 51.1 51.1
5337 0.2 20 0 0 4737 0.5 0 0 0 150 60.1 51.3 51.3
5337 0.2 20 0 0 4737 0.5 0 0 0 180 60.1 51.3 51.3
5337 0.2 20 0 0 4737 0.5 10 0 0 0 60.2 50.1 50.1
5337 0.2 20 0 0 4737 0.5 10 0 0 30 60.2 50.0 50.0
5337 0.2 20 0 0 4737 0.5 10 0 0 60 60.1 50.1 50.1
5337 0.2 20 0 0 4737 0.5 10 0 0 90 60.1 50.3 50.3
5337 0.2 20 0 0 4737 0.5 10 0 0 120 60.2 50.4 50.4
5337 0.2 20 0 0 4737 0.5 10 0 0 150 60.1 50.7 50.7
5337 0.2 20 0 0 4737 0.5 10 0 0 180 60.0 50.7 50.7
5337 0.2 20 0 0 4737 0.5 20 0 0 0 60.0 49.3 49.3
5337 0.2 20 0 0 4737 0.5 20 0 0 30 60.0 49.2 49.2
5337 0.2 20 0 0 4737 0.5 20 0 0 60 59.9 49.3 49.3
5337 0.2 20 0 0 4737 0.5 20 0 0 90 59.9 49.5 49.5
5337 0.2 20 0 0 4737 0.5 20 0 0 120 60.0 49.6 49.6
5337 0.2 20 0 0 4737 0.5 20 0 0 150 59.9 49.9 49.9
5337 0.2 20 0 0 4737 0.5 20 0 0 180 59.8 50.1 50.1
5337 0.2 20 0 0 4737 0.5 30 0 0 0 59.6 48.9 48.9
5337 0.2 20 0 0 4737 0.5 30 0 0 30 59.7 49.0 49.0
5337 0.2 20 0 0 4737 0.5 30 0 0 60 59.6 49.1 49.1
5337 0.2 20 0 0 4737 0.5 30 0 0 90 59.5 49.3 49.3
5337 0.2 20 0 0 4737 0.5 30 0 0 120 59.6 49.4 49.4
5337 0.2 20 0 0 4737 0.5 30 0 0 150 59.5 49.9 49.9
5337 0.2 20 0 0 4737 0.5 30 0 0 180 59.4 49.8 49.8
5337 0.2 20 0 0 4737 0.5 40 0 0 0 59.0 49.0 49.0
5337 0.2 20 0 0 4737 0.5 40 0 0 30 59.1 49.1 49.1
5337 0.2 20 0 0 4737 0.5 40 0 0 60 59.0 49.3 49.3
5337 0.2 20 0 0 4737 0.5 40 0 0 90 58.9 49.5 49.5
5337 0.2 20 0 0 4737 0.5 40 0 0 120 59.0 49.5 49.5
5337 0.2 20 0 0 4737 0.5 40 0 0 150 58.9 50.0 50.0
5337 0.2 20 0 0 4737 0.5 40 0 0 180 58.8 49.9 49.9
5337 0.2 20 0 0 4737 0.5 50 0 0 0 58.0 49.4 49.4
5337 0.2 20 0 0 4737 0.5 50 0 0 30 58.2 49.4 49.4
5337 0.2 20 0 0 4737 0.5 50 0 0 60 58.2 49.4 49.4
5337 0.2 20 0 0 4737 0.5 50 0 0 90 58.0 49.5 49.5
5337 0.2 20 0 0 4737 0.5 50 0 0 120 58.0 49.6 49.6
5337 0.2 20 0 0 4737 0.5 50 0 0 150 57.9 50.0 50.0
5337 0.2 20 0 0 4737 0.5 50 0 0 180 57.9 50.3 50.3
5337 0.2 20 0 0 4737 0.5 60 0 0 0 56.7 50.0 50.0
5337 0.2 20 0 0 4737 0.5 60 0 0 30 56.8 50.1 50.1
5337 0.2 20 0 0 4737 0.5 60 0 0 60 56.7 50.1 50.1
5337 0.2 20 0 0 4737 0.5 60 0 0 90 56.5 50.2 50.2
5337 0.2 20 0 0 4737 0.5 60 0 0 120 56.5 50.1 50.1
5337 0.2 20 0 0 4737 0.5 60 0 0 150 56.2 50.4 50.4
5337 0.2 20 0 0 4737 0.5 60 0 0 180 56.1 50.6 50.6
5337 0.2 20 0 0 4937 0.0 0 0 0 0 62.4 55.1 55.1
5337 0.2 20 0 0 4937 0.0 0 0 0 30 62.7 55.3 55.3
5337 0.2 20 0 0 4937 0.0 0 0 0 60 62.9 55.6 55.6
5337 0.2 20 0 0 4937 0.0 0 0 0 90 62.9 55.9 55.9
5337 0.2 20 0 0 4937 0.0 0 0 0 120 63.0 56.0 56.0
5337 0.2 20 0 0 4937 0.0 0 0 0 150 62.8 55.9 55.9
5337 0.2 20 0 0 4937 0.0 0 0 0 180 62.7 55.7 55.7
5337 0.2 20 0 0 4937 0.0 10 0 0 0 62.3 54.6 54.6
5337 0.2 20 0 0 4937 0.0 10 0 0 30 62.6 54.9 54.9
5337 0.2 20 0 0 4937 0.0 10 0 0 60 62.8 55.3 55.3
5337 0.2 20 0 0 4937 0.0 10 0 0 90 62.9 55.6 55.6
5337 0.2 20 0 0 4937 0.0 10 0 0 120 62.9 55.6 55.6
5337 0.2 20 0 0 4937 0.0 10 0 0 150 62.8 55.7 55.7
5337 0.2 20 0 0 4937 0.0 10 0 0 180 62.6 55.4 55.4
5337 0.2 20 0 0 4937 0.0 20 0 0 0 62.2 53.6 53.6
5337 0.2 20 0 0 4937 0.0 20 0 0 30 62.5 53.9 53.9
5337 0.2 20 0 0 4937 0.0 20 0 0 60 62.6 54.3 54.3
5337 0.2 20 0 0 4937 0.0 20 0 0 90 62.7 54.5 54.5
5337 0.2 20 0 0 4937 0.0 20 0 0 120 62.7 54.7 54.7
5337 0.2 20 0 0 4937 0.0 20 0 0 150 62.6 54.7 54.7
5337 0.2 20 0 0 4937 0.0 20 0 0 180 62.4 54.5 54.5
5337 0.2 20 0 0 4937 0.0 30 0 0 0 61.9 51.1 51.1
5337 0.2 20 0 0 4937 0.0 30 0 0 30 62.2 51.6 51.6
5337 0.2 20 0 0 4937 0.0 30 0 0 60 62.3 52.0 52.0
5337 0.2 20 0 0 4937 0.0 30 0 0 90 62.4 52.4 52.4
5337 0.2 20 0 0 4937 0.0 30 0 0 120 62.4 52.5 52.5
5337 0.2 20 0 0 4937 0.0 30 0 0 150 62.3 52.4 52.4
5337 0.2 20 0 0 4937 0.0 30 0 0 180 62.1 52.2 52.2
5337 0.2 20 0 0 4937 0.0 40 0 0 0 61.4 51.0 51.0
5337 0.2 20 0 0 4937 0.0 40 0 0 30 61.7 51.5 51.5
5337 0.2 20 0 0 4937 0.0 40 0 0 60 61.9 51.9 51.9
5337 0.2 20 0 0 4937 0.0 40 0 0 90 61.9 52.3 52.3
5337 0.2 20 0 0 4937 0.0 40 0 0 120 61.9 52.5 52.5
5337 0.2 20 0 0 4937 0.0 40 0 0 150 61.8 52.4 52.4
5337 0.2 20 0 0 4937 0.0 40 0 0 180 61.7 52.1 52.1
5337 0.2 20 0 0 4937 0.0 50 0 0 0 60.7 51.7 51.7
5337 0.2 20 0 0 4937 0.0 50 0 0 30 61.0 52.0 52.0
5337 0.2 20 0 0 4937 0.0 50 0 0 60 61.1 52.4 52.4
5337 0.2 20 0 0 4937 0.0 50 0 0 90 61.2 52.7 52.7
5337 0.2 20 0 0 4937 0.0 50 0 0 120 61.1 52.9 52.9
5337 0.2 20 0 0 4937 0.0 50 0 0 150 61.1 52.9 52.9
5337 0.2 20 0 0 4937 0.0 50 0 0 180 60.9 52.8 52.8
5337 0.2 20 0 0 4937 0.0 60 0 0 0 59.4 53.0 53.0
5337 0.2 20 0 0 4937 0.0 60 0 0 30 59.8 53.2 53.2
5337 0.2 20 0 0 4937 0.0 60 0 0 60 59.9 53.5 53.5
5337 0.2 20 0 0 4937 0.0 60 0 0 90 59.9 53.7 53.7
5337 0.2 20 0 0 4937 0.0 60 0 0 120 59.9 54.0 54.0
5337 0.2 20 0 0 4937 0.0 60 0 0 150 59.9 54.0 54.0
5337 0.2 20 0 0 4937 0.0 60 0 0 180 59.8 53.8 53.8
5337 0.2 20 0 0 4937 0.1 0 0 0 0 62.0 54.4 54.4
5337 0.2 20 0 0 4937 0.1 0 0 0 30 62.4 54.7 54.7
5337 0.2 20 0 0 4937 0.1 0 0 0 60 62.3 55.0 55.0
5337 0.2 20 0 0 4937 0.1 0 0 0 90 62.6 55.2 55.2
5337 0.2 20 0 0 4937 0.1 0 0 0 120 62.6 55.4 55.4
5337 0.2 20 0 0 4937 0.1 0 0 0 150 62.3 55.5 55.5
5337 0.2 20 0 0 4937 0.1 0 0 0 180 62.2 55.1 55.1
5337 0.2 20 0 0 4937 0.1 10 0 0 0 61.9 54.0 54.0
5337 0.2 20 0 0 4937 0.1 10 0 0 30 62.3 54.3 54.3
5337 0.2 20 0 0 4937 0.1 10 0 0 60 62.3 54.6 54.6
5337 0.2 20 0 0 4937 0.1 10 0 0 90 62.6 54.9 54.9
5337 0.2 20 0 0 4937 0.1 10 0 0 120 62.5 55.1 55.1
5337 0.2 20 0 0 4937 0.1 10 0 0 150 62.3 55.1 55.1
5337 0.2 20 0 0 4937 0.1 10 0 0 180 62.2 54.9 54.9
5337 0.2 20 0 0 4937 0.1 20 0 0 0 61.8 52.9 52.9
5337 0.2 20 0 0 4937 0.1 20 0 0 30 62.1 53.2 53.2
5337 0.2 20 0 0 4937 0.1 20 0 0 60 62.1 53.4 53.4
5337 0.2 20 0 0 4937 0.1 20 0 0 90 62.4 53.9 53.9
5337 0.2 20 0 0 4937 0.1 20 0 0 120 62.3 54.1 54.1
5337 0.2 20 0 0 4937 0.1 20 0 0 150 62.1 54.0 54.0
5337 0.2 20 0 0 4937 0.1 20 0 0 180 62.0 53.9 53.9
5337 0.2 20 0 0 4937 0.1 30 0 0 0 61.5 50.4 50.4
5337 0.2 20 0 0 4937 0.1 30 0 0 30 61.8 50.7 50.7
5337 0.2 20 0 0 4937 0.1 30 0 0 60 61.8 51.1 51.1
5337 0.2 20 0 0 4937 0.1 30 0 0 90 62.0 51.6 51.6
5337 0.2 20 0 0 4937 0.1 30 0 0 120 62.0 51.9 51.9
5337 0.2 20 0 0 4937 0.1 30 0 0 150 61.8 52.0 52.0
5337 0.2 20 0 0 4937 0.1 30 0 0 180 61.7 51.7 51.7
5337 0.2 20 0 0 4937 0.1 40 0 0 0 61.0 50.4 50.4
5337 0.2 20 0 0 4937 0.1 40 0 0 30 61.3 50.6 50.6
5337 0.2 20 0 0 4937 0.1 40 0 0 60 61.4 51.1 51.1
5337 0.2 20 0 0 4937 0.1 40 0 0 90 61.5 51.5 51.5
5337 0.2 20 0 0 4937 0.1 40 0 0 120 61.5 51.9 51.9
5337 0.2 20 0 0 4937 0.1 40 0 0 150 61.3 52.1 52.1
5337 0.2 20 0 0 4937 0.1 40 0 0 180 61.2 51.6 51.6
5337 0.2 20 0 0 4937 0.1 50 0 0 0 60.3 51.0 51.0
5337 0.2 20 0 0 4937 0.1 50 0 0 30 60.5 51.2 51.2
5337 0.2 20 0 0 4937 0.1 50 0 0 60 60.7 51.5 51.5
5337 0.2 20 0 0 4937 0.1 50 0 0 90 60.7 51.9 51.9
5337 0.2 20 0 0 4937 0.1 50 0 0 120 60.7 52.4 52.4
5337 0.2 20 0 0 4937 0.1 50 0 0 150 60.6 52.5 52.5
5337 0.2 20 0 0 4937 0.1 50 0 0 180 60.5 52.3 52.3
5337 0.2 20 0 0 4937 0.1 60 0 0 0 59.1 52.5 52.5
5337 0.2 20 0 0 4937 0.1 60 0 0 30 59.2 52.6 52.6
5337 0.2 20 0 0 4937 0.1 60 0 0 60 59.4 52.8 52.8
5337 0.2 20 0 0 4937 0.1 60 0 0 90 59.5 53.1 53.1
5337 0.2 20 0 0 4937 0.1 60 0 0 120 59.4 53.3 53.3
5337 0.2 20 0 0 4937 0.1 60 0 0 150 59.4 53.4 53.4
5337 0.2 20 0 0 4937 0.1 60 0 0 180 59.3 53.3 53.3
5337 0.2 20 0 0 4937 0.2 0 0 0 0 61.7 53.7 53.7
5337 0.2 20 0 0 4937 0.2 0 0 0 30 61.9 54.0 54.0
5337 0.2 20 0 0 4937 0.2 0 0 0 60 62.0 54.3 54.3
5337 0.2 20 0 0 4937 0.2 0 0 0 90 62.1 54.6 54.6
5337 0.2 20 0 0 4937 0.2 0 0 0 120 62.1 54.9 54.9
5337 0.2 20 0 0 4937 0.2 0 0 0 150 62.1 54.9 54.9
5337 0.2 20 0 0 4937 0.2 0 0 0 180 61.9 54.5 54.5
5337 0.2 20 0 0 4937 0.2 10 0 0 0 61.6 53.3 53.3
5337 0.2 20 0 0 4937 0.2 10 0 0 30 61.8 53.6 53.6
5337 0.2 20 0 0 4937 0.2 10 0 0 60 62.0 53.9 53.9
5337 0.2 20 0 0 4937 0.2 10 0 0 90 62.0 54.2 54.2
5337 0.2 20 0 0 4937 0.2 10 0 0 120 62.0 54.4 54.4
5337 0.2 20 0 0 4937 0.2 10 0 0 150 62.0 54.5 54.5
5337 0.2 20 0 0 4937 0.2 10 0 0 180 61.8 54.2 54.2
5337 0.2 20 0 0 4937 0.2 20 0 0 0 61.5 52.2 52.2
5337 0.2 20 0 0 4937 0.2 20 0 0 30 61.6 52.5 52.5
5337 0.2 20 0 0 4937 0.2 20 0 0 60 61.8 52.7 52.7
5337 0.2 20 0 0 4937 0.2 20 0 0 90 61.8 53.1 53.1
5337 0.2 20 0 0 4937 0.2 20 0 0 120 61.8 53.3 53.3
5337 0.2 20 0 0 4937 0.2 20 0 0 150 61.8 53.4 53.4
5337 0.2 20 0 0 4937 0.2 20 0 0 180 61.6 53.2 53.2
5337 0.2 20 0 0 4937 0.2 30 0 0 0 61.1 49.8 49.8
5337 0.2 20 0 0 4937 0.2 30 0 0 30 61.3 50.0 50.0
5337 0.2 20 0 0 4937 0.2 30 0 0 60 61.5 50.3 50.3
5337 0.2 20 0 0 4937 0.2 30 0 0 90 61.5 50.8 50.8
5337 0.2 20 0 0 4937 0.2 30 0 0 120 61.5 51.2 51.2
5337 0.2 20 0 0 4937 0.2 30 0 0 150 61.5 51.6 51.6
5337 0.2 20 0 0 4937 0.2 30 0 0 180 61.3 51.4 51.4
5337 0.2 20 0 0 4937 0.2 40 0 0 0 60.6 49.7 49.7
5337 0.2 20 0 0 4937 0.2 40 0 0 30 60.8 49.9 49.9
5337 0.2 20 0 0 4937 0.2 40 0 0 60 61.0 50.3 50.3
5337 0.2 20 0 0 4937 0.2 40 0 0 90 61.0 50.7 50.7
5337 0.2 20 0 0 4937 0.2 40 0 0 120 61.0 51.3 51.3
5337 0.2 20 0 0 4937 0.2 40 0 0 150 60.9 51.5 51.5
5337 0.2 20 0 0 4937 0.2 40 0 0 180 60.8 51.4 51.4
5337 0.2 20 0 0 4937 0.2 50 0 0 0 59.9 50.5 50.5
5337 0.2 20 0 0 4937 0.2 50 0 0 30 60.1 50.6 50.6
5337 0.2 20 0 0 4937 0.2 50 0 0 60 60.2 51.0 51.0
5337 0.2 20 0 0 4937 0.2 50 0 0 90 60.3 51.3 51.3
5337 0.2 20 0 0 4937 0.2 50 0 0 120 60.2 51.7 51.7
5337 0.2 20 0 0 4937 0.2 50 0 0 150 60.1 51.9 51.9
5337 0.2 20 0 0 4937 0.2 50 0 0 180 60.0 51.8 51.8
5337 0.2 20 0 0 4937 0.2 60 0 0 0 58.7 51.9 51.9
5337 0.2 20 0 0 4937 0.2 60 0 0 30 58.7 52.1 52.1
5337 0.2 20 0 0 4937 0.2 60 0 0 60 58.9 52.3 52.3
5337 0.2 20 0 0 4937 0.2 60 0 0 90 58.9 52.6 52.6
5337 0.2 20 0 0 4937 0.2 60 0 0 120 59.0 52.8 52.8
5337 0.2 20 0 0 4937 0.2 60 0 0 150 59.0 52.9 52.9
5337 0.2 20 0 0 4937 0.2 60 0 0 180 58.8 52.6 52.6
5337 0.2 20 0 0 4937 0.3 0 0 0 0 61.4 53.1 53.1
5337 0.2 20 0 0 4937 0.3 0 0 0 30 61.5 53.3 53.3
5337 0.2 20 0 0 4937 0.3 0 0 0 60 61.5 53.6 53.6
5337 0.2 20 0 0 4937 0.3 0 0 0 90 61.7 53.8 53.8
5337 0.2 20 0 0 4937 0.3 0 0 0 120 61.8 54.2 54.2
5337 0.2 20 0 0 4937 0.3 0 0 0 150 61.7 54.3 54.3
5337 0.2 20 0 0 4937 0.3 0 0 0 180 61.5 53.8 53.8
5337 0.2 20 0 0 4937 0.3 10 0 0 0 61.3 52.7 52.7
5337 0.2 20 0 0 4937 0.3 10 0 0 30 61.4 52.9 52.9
5337 0.2 20 0 0 4937 0.3 10 0 0 60 61.5 53.1 53.1
5337 0.2 20 0 0 4937 0.3 10 0 0 90 61.7 53.4 53.4
5337 0.2 20 0 0 4937 0.3 10 0 0 120 61.7 53.7 53.7
5337 0.2 20 0 0 4937 0.3 10 0 0 150 61.6 53.9 53.9
5337 0.2 20 0 0 4937 0.3 10 0 0 180 61.4 53.6 53.6
5337 0.2 20 0 0 4937 0.3 20 0 0 0 61.1 51.5 51.5
5337 0.2 20 0 0 4937 0.3 20 0 0 30 61.2 51.6 51.6
5337 0.2 20 0 0 4937 0.3 20 0 0 60 61.3 51.9 51.9
5337 0.2 20 0 0 4937 0.3 20 0 0 90 61.5 52.1 52.1
5337 0.2 20 0 0 4937 0.3 20 0 0 120 61.5 52.5 52.5
5337 0.2 20 0 0 4937 0.3 20 0 0 150 61.4 52.7 52.7
5337 0.2 20 0 0 4937 0.3 20 0 0 180 61.2 52.4 52.4
5337 0.2 20 0 0 4937 0.3 30 0 0 0 60.8 49.4 49.4
5337 0.2 20 0 0 4937 0.3 30 0 0 30 60.9 49.5 49.5
5337 0.2 20 0 0 4937 0.3 30 0 0 60 61.0 49.8 49.8
5337 0.2 20 0 0 4937 0.3 30 0 0 90 61.1 50.1 50.1
5337 0.2 20 0 0 4937 0.3 30 0 0 120 61.2 50.5 50.5
5337 0.2 20 0 0 4937 0.3 30 0 0 150 61.0 51.0 51.0
5337 0.2 20 0 0 4937 0.3 30 0 0 180 60.9 51.0 51.0
5337 0.2 20 0 0 4937 0.3 40 0 0 0 60.3 49.4 49.4
5337 0.2 20 0 0 4937 0.3 40 0 0 30 60.4 49.6 49.6
5337 0.2 20 0 0 4937 0.3 40 0 0 60 60.5 49.9 49.9
5337 0.2 20 0 0 4937 0.3 40 0 0 90 60.6 50.1 50.1
5337 0.2 20 0 0 4937 0.3 40 0 0 120 60.6 50.6 50.6
5337 0.2 20 0 0 4937 0.3 40 0 0 150 60.5 51.1 51.1
5337 0.2 20 0 0 4937 0.3 40 0 0 180 60.3 51.1 51.1
5337 0.2 20 0 0 4937 0.3 50 0 0 0 59.5 50.0 50.0
5337 0.2 20 0 0 4937 0.3 50 0 0 30 59.7 50.1 50.1
5337 0.2 20 0 0 4937 0.3 50 0 0 60 59.8 50.4 50.4
5337 0.2 20 0 0 4937 0.3 50 0 0 90 59.8 50.6 50.6
5337 0.2 20 0 0 4937 0.3 50 0 0 120 59.8 51.1 51.1
5337 0.2 20 0 0 4937 0.3 50 0 0 150 59.7 51.4 51.4
5337 0.2 20 0 0 4937 0.3 50 0 0 180 59.5 51.5 51.5
5337 0.2 20 0 0 4937 0.3 60 0 0 0 58.1 51.4 51.4
5337 0.2 20 0 0 4937 0.3 60 0 0 30 58.3 51.4 51.4
5337 0.2 20 0 0 4937 0.3 60 0 0 60 58.3 51.7 51.7
5337 0.2 20 0 0 4937 0.3 60 0 0 90 58.5 51.9 51.9
5337 0.2 20 0 0 4937 0.3 60 0 0 120 58.5 52.3 52.3
5337 0.2 20 0 0 4937 0.3 60 0 0 150 58.4 52.4 52.4
5337 0.2 20 0 0 4937 0.3 60 0 0 180 58.2 52.2 52.2
5337 0.2 20 0 0 4937 0.4 0 0 0 0 61.0 52.4 52.4
5337 0.2 20 0 0 4937 0.4 0 0 0 30 61.1 52.5 52.5
5337 0.2 20 0 0 4937 0.4 0 0 0 60 61.1 52.7 52.7
5337 0.2 20 0 0 4937 0.4 0 0 0 90 61.3 53.0 53.0
5337 0.2 20 0 0 4937 0.4 0 0 0 120 61.2 53.4 53.4
5337 0.2 20 0 0 4937 0.4 0 0 0 150 61.1 53.6 53.6
5337 0.2 20 0 0 4937 0.4 0 0 0 180 61.0 53.1 53.1
5337 0.2 20 0 0 4937 0.4 10 0 0 0 60.9 52.0 52.0
5337 0.2 20 0 0 4937 0.4 10 0 0 30 61.0 52.2 52.2
5337 0.2 20 0 0 4937 0.4 10 0 0 60 61.1 52.3 52.3
5337 0.2 20 0 0 4937 0.4 10 0 0 90 61.2 52.6 52.6
5337 0.2 20 0 0 4937 0.4 10 0 0 120 61.2 52.9 52.9
5337 0.2 20 0 0 4937 0.4 10 0 0 150 61.1 53.1 53.1
5337 0.2 20 0 0 4937 0.4 10 0 0 180 60.9 52.9 52.9
5337 0.2 20 0 0 4937 0.4 20 0 0 0 60.7 50.3 50.3
5337 0.2 20 0 0 4937 0.4 20 0 0 30 60.8 50.5 50.5
5337 0.2 20 0 0 4937 0.4 20 0 0 60 60.9 50.5 50.5
5337 0.2 20 0 0 4937 0.4 20 0 0 90 61.0 50.8 50.8
5337 0.2 20 0 0 4937 0.4 20 0 0 120 61.0 51.1 51.1
5337 0.2 20 0 0 4937 0.4 20 0 0 150 60.9 51.4 51.4
5337 0.2 20 0 0 4937 0.4 20 0 0 180 60.7 51.2 51.2
5337 0.2 20 0 0 4937 0.4 30 0 0 0 60.4 49.2 49.2
5337 0.2 20 0 0 4937 0.4 30 0 0 30 60.5 49.3 49.3
5337 0.2 20 0 0 4937 0.4 30 0 0 60 60.6 49.5 49.5
5337 0.2 20 0 0 4937 0.4 30 0 0 90 60.7 49.6 49.6
5337 0.2 20 0 0 4937 0.4 30 0 0 120 60.7 50.0 50.0
5337 0.2 20 0 0 4937 0.4 30 0 0 150 60.6 50.6 50.6
5337 0.2 20 0 0 4937 0.4 30 0 0 180 60.4 50.7 50.7
5337 0.2 20 0 0 4937 0.4 40 0 0 0 59.9 49.2 49.2
5337 0.2 20 0 0 4937 0.4 40 0 0 30 60.0 49.4 49.4
5337 0.2 20 0 0 4937 0.4 40 0 0 60 60.1 49.5 49.5
5337 0.2 20 0 0 4937 0.4 40 0 0 90 60.2 49.7 49.7
5337 0.2 20 0 0 4937 0.4 40 0 0 120 60.2 50.2 50.2
5337 0.2 20 0 0 4937 0.4 40 0 0 150 60.0 50.7 50.7
5337 0.2 20 0 0 4937 0.4 40 0 0 180 59.8 50.8 50.8
5337 0.2 20 0 0 4937 0.4 50 0 0 0 59.0 49.8 49.8
5337 0.2 20 0 0 4937 0.4 50 0 0 30 59.2 49.9 49.9
5337 0.2 20 0 0 4937 0.4 50 0 0 60 59.3 50.1 50.1
5337 0.2 20 0 0 4937 0.4 50 0 0 90 59.3 50.3 50.3
5337 0.2 20 0 0 4937 0.4 50 0 0 120 59.4 50.6 50.6
5337 0.2 20 0 0 4937 0.4 50 0 0 150 59.2 50.9 50.9
5337 0.2 20 0 0 4937 0.4 50 0 0 180 59.0 51.0 51.0
5337 0.2 20 0 0 4937 0.4 60 0 0 0 57.3 50.8 50.8
5337 0.2 20 0 0 4937 0.4 60 0 0 30 57.6 50.9 50.9
5337 0.2 20 0 0 4937 0.4 60 0 0 60 57.7 51.1 51.1
5337 0.2 20 0 0 4937 0.4 60 0 0 90 57.6 51.3 51.3
5337 0.2 20 0 0 4937 0.4 60 0 0 120 57.8 51.6 51.6
5337 0.2 20 0 0 4937 0.4 60 0 0 150 57.9 51.9 51.9
5337 0.2 20 0 0 4937 0.4 60 0 0 180 57.6 51.7 51.7
5337 0.2 20 0 0 4937 0.5 0 0 0 0 60.5 51.5 51.5
5337 0.2 20 0 0 4937 0.5 0 0 0 30 60.5 51.7 51.7
5337 0.2 20 0 0 4937 0.5 0 0 0 60 60.7 51.8 51.8
5337 0.2 20 0 0 4937 0.5 0 0 0 90 60.9 51.9 51.9
5337 0.2 20 0 0 4937 0.5 0 0 0 120 60.8 52.4 52.4
5337 0.2 20 0 0 4937 0.5 0 0 0 150 60.8 52.6 52.6
5337 0.2 20 0 0 4937 0.5 0 0 0 180 60.4 52.1 52.1
5337 0.2 20 0 0 4937 0.5 10 0 0 0 60.5 50.8 50.8
5337 0.2 20 0 0 4937 0.5 10 0 0 30 60.5 50.9 50.9
5337 0.2 20 0 0 4937 0.5 10 0 0 60 60.7 51.1 51.1
5337 0.2 20 0 0 4937 0.5 10 0 0 90 60.8 51.3 51.3
5337 0.2 20 0 0 4937 0.5 10 0 0 120 60.8 51.6 51.6
5337 0.2 20 0 0 4937 0.5 10 0 0 150 60.7 51.9 51.9
5337 0.2 20 0 0 4937 0.5 10 0 0 180 60.4 51.7 51.7
5337 0.2 20 0 0 4937 0.5 20 0 0 0 60.3 49.8 49.8
5337 0.2 20 0 0 4937 0.5 20 0 0 30 60.3 49.8 49.8
5337 0.2 20 0 0 4937 0.5 20 0 0 60 60.5 50.0 50.0
5337 0.2 20 0 0 4937 0.5 20 0 0 90 60.6 50.1 50.1
5337 0.2 20 0 0 4937 0.5 20 0 0 120 60.6 50.4 50.4
5337 0.2 20 0 0 4937 0.5 20 0 0 150 60.5 50.8 50.8
5337 0.2 20 0 0 4937 0.5 20 0 0 180 60.2 50.7 50.7
5337 0.2 20 0 0 4937 0.5 30 0 0 0 60.0 49.0 49.0
5337 0.2 20 0 0 4937 0.5 30 0 0 30 60.0 49.2 49.2
5337 0.2 20 0 0 4937 0.5 30 0 0 60 60.1 49.3 49.3
5337 0.2 20 0 0 4937 0.5 30 0 0 90 60.3 49.5 49.5
5337 0.2 20 0 0 4937 0.5 30 0 0 120 60.2 49.8 49.8
5337 0.2 20 0 0 4937 0.5 30 0 0 150 60.1 50.4 50.4
5337 0.2 20 0 0 4937 0.5 30 0 0 180 59.8 50.7 50.7
5337 0.2 20 0 0 4937 0.5 40 0 0 0 59.4 49.3 49.3
5337 0.2 20 0 0 4937 0.5 40 0 0 30 59.5 49.3 49.3
5337 0.2 20 0 0 4937 0.5 40 0 0 60 59.6 49.4 49.4
5337 0.2 20 0 0 4937 0.5 40 0 0 90 59.7 49.5 49.5
5337 0.2 20 0 0 4937 0.5 40 0 0 120 59.7 49.9 49.9
5337 0.2 20 0 0 4937 0.5 40 0 0 150 59.6 50.4 50.4
5337 0.2 20 0 0 4937 0.5 40 0 0 180 59.3 50.6 50.6
5337 0.2 20 0 0 4937 0.5 50 0 0 0 58.6 49.7 49.7
5337 0.2 20 0 0 4937 0.5 50 0 0 30 58.7 49.9 49.9
5337 0.2 20 0 0 4937 0.5 50 0 0 60 58.8 50.0 50.0
5337 0.2 20 0 0 4937 0.5 50 0 0 90 58.8 50.1 50.1
5337 0.2 20 0 0 4937 0.5 50 0 0 120 58.8 50.4 50.4
5337 0.2 20 0 0 4937 0.5 50 0 0 150 58.7 50.7 50.7
5337 0.2 20 0 0 4937 0.5 50 0 0 180 58.4 50.6 50.6
5337 0.2 20 0 0 4937 0.5 60 0 0 0 57.0 50.3 50.3
5337 0.2 20 0 0 4937 0.5 60 0 0 30 57.0 50.5 50.5
5337 0.2 20 0 0 4937 0.5 60 0 0 60 57.1 50.7 50.7
5337 0.2 20 0 0 4937 0.5 60 0 0 90 57.1 50.8 50.8
5337 0.2 20 0 0 4937 0.5 60 0 0 120 57.1 51.1 51.1
5337 0.2 20 0 0 4937 0.5 60 0 0 150 57.1 51.4 51.4
5337 0.2 20 0 0 4937 0.5 60 0 0 180 57.0 51.1 51.1
5337 0.2 20 0 0 5137 0.0 0 0 0 0 63.0 56.0 56.0
5337 0.2 20 0 0 5137 0.0 0 0 0 30 63.0 55.9 55.9
5337 0.2 20 0 0 5137 0.0 0 0 0 60 62.9 55.8 55.8
5337 0.2 20 0 0 5137 0.0 0 0 0 90 62.9 55.6 55.6
5337 0.2 20 0 0 5137 0.0 0 0 0 120 62.7 55.5 55.5
5337 0.2 20 0 0 5137 0.0 0 0 0 150 62.6 55.6 55.6
5337 0.2 20 0 0 5137 0.0 0 0 0 180 62.6 55.6 55.6
5337 0.2 20 0 0 5137 0.0 10 0 0 0 63.0 55.7 55.7
5337 0.2 20 0 0 5137 0.0 10 0 0 30 63.0 55.6 55.6
5337 0.2 20 0 0 5137 0.0 10 0 0 60 62.9 55.4 55.4
5337 0.2 20 0 0 5137 0.0 10 0 0 90 62.8 55.4 55.4
5337 0.2 20 0 0 5137 0.0 10 0 0 120 62.7 55.3 55.3
5337 0.2 20 0 0 5137 0.0 10 0 0 150 62.6 55.2 55.2
5337 0.2 20 0 0 5137 0.0 10 0 0 180 62.6 55.4 55.4
5337 0.2 20 0 0 5137 0.0 20 0 0 0 62.8 54.7 54.7
5337 0.2 20 0 0 5137 0.0 20 0 0 30 62.8 54.6 54.6
5337 0.2 20 0 0 5137 0.0 20 0 0 60 62.7 54.5 54.5
5337 0.2 20 0 0 5137 0.0 20 0 0 90 62.6 54.5 54.5
5337 0.2 20 0 0 5137 0.0 20 0 0 120 62.5 54.4 54.4
5337 0.2 20 0 0 5137 0.0 20 0 0 150 62.4 54.4 54.4
5337 0.2 20 0 0 5137 0.0 20 0 0 180 62.4 54.5 54.5
5337 0.2 20 0 0 5137 0.0 30 0 0 0 62.5 51.8 51.8
5337 0.2 20 0 0 5137 0.0 30 0 0 30 62.5 51.8 51.8
5337 0.2 20 0 0 5137 0.0 30 0 0 60 62.4 52.1 52.1
5337 0.2 20 0 0 5137 0.0 30 0 0 90 62.3 52.3 52.3
5337 0.2 20 0 0 5137 0.0 30 0 0 120 62.2 52.5 52.5
5337 0.2 20 0 0 5137 0.0 30 0 0 150 62.1 52.6 52.6
5337 0.2 20 0 0 5137 0.0 30 0 0 180 62.1 52.7 52.7
5337 0.2 20 0 0 5137 0.0 40 0 0 0 62.1 51.5 51.5
5337 0.2 20 0 0 5137 0.0 40 0 0 30 62.1 51.6 51.6
5337 0.2 20 0 0 5137 0.0 40 0 0 60 62.0 51.8 51.8
5337 0.2 20 0 0 5137 0.0 40 0 0 90 61.9 52.0 52.0
5337 0.2 20 0 0 5137 0.0 40 0 0 120 61.8 52.2 52.2
5337 0.2 20 0 0 5137 0.0 40 0 0 150 61.7 52.4 52.4
5337 0.2 20 0 0 5137 0.0 40 0 0 180 61.7 52.5 52.5
5337 0.2 20 0 0 5137 0.0 50 0 0 0 61.3 52.4 52.4
5337 0.2 20 0 0 5137 0.0 50 0 0 30 61.4 52.4 52.4
5337 0.2 20 0 0 5137 0.0 50 0 0 60 61.3 52.3 52.3
5337 0.2 20 0 0 5137 0.0 50 0 0 90 61.2 52.4 52.4
5337 0.2 20 0 0 5137 0.0 50 0 0 120 61.2 52.6 52.6
5337 0.2 20 0 0 5137 0.0 50 0 0 150 61.1 52.8 52.8
5337 0.2 20 0 0 5137 0.0 50 0 0 180 61.1 53.0 53.0
5337 0.2 20 0 0 5137 0.0 60 0 0 0 60.1 54.1 54.1
5337 0.2 20 0 0 5137 0.0 60 0 0 30 60.2 54.0 54.0
5337 0.2 20 0 0 5137 0.0 60 0 0 60 60.2 53.9 53.9
5337 0.2 20 0 0 5137 0.0 60 0 0 90 60.1 53.8 53.8
5337 0.2 20 0 0 5137 0.0 60 0 0 120 60.0 53.7 53.7
5337 0.2 20 0 0 5137 0.0 60 0 0 150 60.0 53.6 53.6
5337 0.2 20 0 0 5137 0.0 60 0 0 180 59.9 53.6 53.6
5337 0.2 20 0 0 5137 0.1 0 0 0 0 62.7 55.4 55.4
5337 0.2 20 0 0 5137 0.1 0 0 0 30 62.6 55.3 55.3
5337 0.2 20 0 0 5137 0.1 0 0 0 60 62.5 55.2 55.2
5337 0.2 20 0 0 5137 0.1 0 0 0 90 62.5 55.1 55.1
5337 0.2 20 0 0 5137 0.1 0 0 0 120 62.4 55.0 55.0
5337 0.2 20 0 0 5137 0.1 0 0 0 150 62.3 55.0 55.0
5337 0.2 20 0 0 5137 0.1 0 0 0 180 62.2 55.1 55.1
5337 0.2 20 0 0 5137 0.1 10 0 0 0 62.6 55.1 55.1
5337 0.2 20 0 0 5137 0.1 10 0 0 30 62.6 55.0 55.0
5337 0.2 20 0 0 5137 0.1 10 0 0 60 62.5 54.9 54.9
5337 0.2 20 0 0 5137 0.1 10 0 0 90 62.4 54.8 54.8
5337 0.2 20 0 0 5137 0.1 10 0 0 120 62.3 54.8 54.8
5337 0.2 20 0 0 5137 0.1 10 0 0 150 62.2 54.7 54.7
5337 0.2 20 0 0 5137 0.1 10 0 0 180 62.2 54.8 54.8
5337 0.2 20 0 0 5137 0.1 20 0 0 0 62.4 54.0 54.0
5337 0.2 20 0 0 5137 0.1 20 0 0 30 62.4 53.9 53.9
5337 0.2 20 0 0 5137 0.1 20 0 0 60 62.3 53.9 53.9
5337 0.2 20 0 0 5137 0.1 20 0 0 90 62.3 53.8 53.8
5337 0.2 20 0 0 5137 0.1 20 0 0 120 62.1 53.8 53.8
5337 0.2 20 0 0 5137 0.1 20 0 0 150 62.0 53.8 53.8
5337 0.2 20 0 0 5137 0.1 20 0 0 180 62.0 54.0 54.0
5337 0.2 20 0 0 5137 0.1 30 0 0 0 62.1 51.1 51.1
5337 0.2 20 0 0 5137 0.1 30 0 0 30 62.1 51.1 51.1
5337 0.2 20 0 0 5137 0.1 30 0 0 60 62.0 51.2 51.2
5337 0.2 20 0 0 5137 0.1 30 0 0 90 62.0 51.4 51.4
5337 0.2 20 0 0 5137 0.1 30 0 0 120 61.9 51.7 51.7
5337 0.2 20 0 0 5137 0.1 30 0 0 150 61.7 51.9 51.9
5337 0.2 20 0 0 5137 0.1 30 0 0 180 61.7 52.3 52.3
5337 0.2 20 0 0 5137 0.1 40 0 0 0 61.6 51.1 51.1
5337 0.2 20 0 0 5137 0.1 40 0 0 30 61.6 51.0 51.0
5337 0.2 20 0 0 5137 0.1 40 0 0 60 61.5 51.0 51.0
5337 0.2 20 0 0 5137 0.1 40 0 0 90 61.5 51.2 51.2
5337 0.2 20 0 0 5137 0.1 40 0 0 120 61.4 51.5 51.5
5337 0.2 20 0 0 5137 0.1 40 0 0 150 61.3 51.7 51.7
5337 0.2 20 0 0 5137 0.1 40 0 0 180 61.3 51.9 51.9
5337 0.2 20 0 0 5137 0.1 50 0 0 0 60.8 51.9 51.9
5337 0.2 20 0 0 5137 0.1 50 0 0 30 60.9 51.8 51.8
5337 0.2 20 0 0 5137 0.1 50 0 0 60 60.8 51.7 51.7
5337 0.2 20 0 0 5137 0.1 50 0 0 90 60.8 51.6 51.6
5337 0.2 20 0 0 5137 0.1 50 0 0 120 60.7 51.7 51.7
5337 0.2 20 0 0 5137 0.1 50 0 0 150 60.7 52.0 52.0
5337 0.2 20 0 0 5137 0.1 50 0 0 180 60.7 52.3 52.3
5337 0.2 20 0 0 5137 0.1 60 0 0 0 59.6 53.6 53.6
5337 0.2 20 0 0 5137 0.1 60 0 0 30 59.6 53.5 53.5
5337 0.2 20 0 0 5137 0.1 60 0 0 60 59.6 53.3 53.3
5337 0.2 20 0 0 5137 0.1 60 0 0 90 59.6 53.2 53.2
5337 0.2 20 0 0 5137 0.1 60 0 0 120 59.5 53.1 53.1
5337 0.2 20 0 0 5137 0.1 60 0 0 150 59.5 53.0 53.0
5337 0.2 20 0 0 5137 0.1 60 0 0 180 59.6 53.0 53.0
5337 0.2 20 0 0 5137 0.2 0 0 0 0 62.3 54.8 54.8
5337 0.2 20 0 0 5137 0.2 0 0 0 30 62.2 54.7 54.7
5337 0.2 20 0 0 5137 0.2 0 0 0 60 62.2 54.6 54.6
5337 0.2 20 0 0 5137 0.2 0 0 0 90 62.1 54.5 54.5
5337 0.2 20 0 0 5137 0.2 0 0 0 120 62.0 54.5 54.5
5337 0.2 20 0 0 5137 0.2 0 0 0 150 61.9 54.4 54.4
5337 0.2 20 0 0 5137 0.2 0 0 0 180 61.8 54.5 54.5
5337 0.2 20 0 0 5137 0.2 10 0 0 0 62.2 54.4 54.4
5337 0.2 20 0 0 5137 0.2 10 0 0 30 62.2 54.4 54.4
5337 0.2 20 0 0 5137 0.2 10 0 0 60 62.1 54.3 54.3
5337 0.2 20 0 0 5137 0.2 10 0 0 90 62.1 54.2 54.2
5337 0.2 20 0 0 5137 0.2 10 0 0 120 61.9 54.2 54.2
5337 0.2 20 0 0 5137 0.2 10 0 0 150 61.8 54.2 54.2
5337 0.2 20 0 0 5137 0.2 10 0 0 180 61.8 54.3 54.3
5337 0.2 20 0 0 5137 0.2 20 0 0 0 62.0 53.3 53.3
5337 0.2 20 0 0 5137 0.2 20 0 0 30 62.0 53.3 53.3
5337 0.2 20 0 0 5137 0.2 20 0 0 60 61.9 53.2 53.2
5337 0.2 20 0 0 5137 0.2 20 0 0 90 61.9 53.1 53.1
5337 0.2 20 0 0 5137 0.2 20 0 0 120 61.7 53.1 53.1
5337 0.2 20 0 0 5137 0.2 20 0 0 150 61.7 53.2 53.2
5337 0.2 20 0 0 5137 0.2 20 0 0 180 61.6 53.4 53.4
5337 0.2 20 0 0 5137 0.2 30 0 0 0 61.7 50.7 50.7
5337 0.2 20 0 0 5137 0.2 30 0 0 30 61.7 50.6 50.6
5337 0.2 20 0 0 5137 0.2 30 0 0 60 61.6 50.5 50.5
5337 0.2 20 0 0 5137 0.2 30 0 0 90 61.6 50.5 50.5
5337 0.2 20 0 0 5137 0.2 30 0 0 120 61.4 50.9 50.9
5337 0.2 20 0 0 5137 0.2 30 0 0 150 61.4 51.3 51.3
5337 0.2 20 0 0 5137 0.2 30 0 0 180 61.4 51.7 51.7
5337 0.2 20 0 0 5137 0.2 40 0 0 0 61.1 50.7 50.7
5337 0.2 20 0 0 5137 0.2 40 0 0 30 61.1 50.6 50.6
5337 0.2 20 0 0 5137 0.2 40 0 0 60 61.1 50.5 50.5
5337 0.2 20 0 0 5137 0.2 40 0 0 90 61.1 50.4 50.4
5337 0.2 20 0 0 5137 0.2 40 0 0 120 61.0 50.7 50.7
5337 0.2 20 0 0 5137 0.2 40 0 0 150 60.9 51.0 51.0
5337 0.2 20 0 0 5137 0.2 40 0 0 180 60.9 51.4 51.4
5337 0.2 20 0 0 5137 0.2 50 0 0 0 60.3 51.4 51.4
5337 0.2 20 0 0 5137 0.2 50 0 0 30 60.3 51.3 51.3
5337 0.2 20 0 0 5137 0.2 50 0 0 60 60.3 51.2 51.2
5337 0.2 20 0 0 5137 0.2 50 0 0 90 60.3 51.2 51.2
5337 0.2 20 0 0 5137 0.2 50 0 0 120 60.3 51.2 51.2
5337 0.2 20 0 0 5137 0.2 50 0 0 150 60.3 51.3 51.3
5337 0.2 20 0 0 5137 0.2 50 0 0 180 60.3 51.7 51.7
5337 0.2 20 0 0 5137 0.2 60 0 0 0 59.0 53.0 53.0
5337 0.2 20 0 0 5137 0.2 60 0 0 30 59.0 52.9 52.9
5337 0.2 20 0 0 5137 0.2 60 0 0 60 59.1 52.8 52.8
5337 0.2 20 0 0 5137 0.2 60 0 0 90 59.1 52.7 52.7
5337 0.2 20 0 0 5137 0.2 60 0 0 120 59.1 52.6 52.6
5337 0.2 20 0 0 5137 0.2 60 0 0 150 59.0 52.5 52.5
5337 0.2 20 0 0 5137 0.2 60 0 0 180 59.1 52.5 52.5
5337 0.2 20 0 0 5137 0.3 0 0 0 0 61.8 54.1 54.1
5337 0.2 20 0 0 5137 0.3 0 0 0 30 61.8 54.0 54.0
5337 0.2 20 0 0 5137 0.3 0 0 0 60 61.8 54.0 54.0
5337 0.2 20 0 0 5137 0.3 0 0 0 90 61.7 54.0 54.0
5337 0.2 20 0 0 5137 0.3 0 0 0 120 61.6 53.9 53.9
5337 0.2 20 0 0 5137 0.3 0 0 0 150 61.5 53.9 53.9
5337 0.2 20 0 0 5137 0.3 0 0 0 180 61.5 53.9 53.9
5337 0.2 20 0 0 5137 0.3 10 0 0 0 61.8 53.7 53.7
5337 0.2 20 0 0 5137 0.3 10 0 0 30 61.8 53.7 53.7
5337 0.2 20 0 0 5137 0.3 10 0 0 60 61.7 53.6 53.6
5337 0.2 20 0 0 5137 0.3 10 0 0 90 61.7 53.6 53.6
5337 0.2 20 0 0 5137 0.3 10 0 0 120 61.5 53.5 53.5
5337 0.2 20 0 0 5137 0.3 10 0 0 150 61.5 53.6 53.6
5337 0.2 20 0 0 5137 0.3 10 0 0 180 61.4 53.7 53.7
5337 0.2 20 0 0 5137 0.3 20 0 0 0 61.6 52.5 52.5
5337 0.2 20 0 0 5137 0.3 20 0 0 30 61.6 52.4 52.4
5337 0.2 20 0 0 5137 0.3 20 0 0 60 61.5 52.3 52.3
5337 0.2 20 0 0 5137 0.3 20 0 0 90 61.5 52.3 52.3
5337 0.2 20 0 0 5137 0.3 20 0 0 120 61.4 52.2 52.2
5337 0.2 20 0 0 5137 0.3 20 0 0 150 61.3 52.4 52.4
5337 0.2 20 0 0 5137 0.3 20 0 0 180 61.3 52.8 52.8
5337 0.2 20 0 0 5137 0.3 30 0 0 0 61.2 50.3 50.3
5337 0.2 20 0 0 5137 0.3 30 0 0 30 61.2 50.1 50.1
5337 0.2 20 0 0 5137 0.3 30 0 0 60 61.2 50.0 50.0
5337 0.2 20 0 0 5137 0.3 30 0 0 90 61.1 50.0 50.0
5337 0.2 20 0 0 5137 0.3 30 0 0 120 61.1 50.1 50.1
5337 0.2 20 0 0 5137 0.3 30 0 0 150 61.0 50.7 50.7
5337 0.2 20 0 0 5137 0.3 30 0 0 180 61.0 51.3 51.3
5337 0.2 20 0 0 5137 0.3 40 0 0 0 60.6 50.4 50.4
5337 0.2 20 0 0 5137 0.3 40 0 0 30 60.6 50.3 50.3
5337 0.2 20 0 0 5137 0.3 40 0 0 60 60.6 50.2 50.2
5337 0.2 20 0 0 5137 0.3 40 0 0 90 60.6 50.1 50.1
5337 0.2 20 0 0 5137 0.3 40 0 0 120 60.6 50.1 50.1
5337 0.2 20 0 0 5137 0.3 40 0 0 150 60.6 50.5 50.5
5337 0.2 20 0 0 5137 0.3 40 0 0 180 60.6 51.0 51.0
5337 0.2 20 0 0 5137 0.3 50 0 0 0 59.7 51.2 51.2
5337 0.2 20 0 0 5137 0.3 50 0 0 30 59.7 51.0 51.0
5337 0.2 20 0 0 5137 0.3 50 0 0 60 59.8 50.8 50.8
5337 0.2 20 0 0 5137 0.3 50 0 0 90 59.8 50.7 50.7
5337 0.2 20 0 0 5137 0.3 50 0 0 120 59.9 50.6 50.6
5337 0.2 20 0 0 5137 0.3 50 0 0 150 59.9 50.7 50.7
5337 0.2 20 0 0 5137 0.3 50 0 0 180 60.0 51.1 51.1
5337 0.2 20 0 0 5137 0.3 60 0 0 0 58.3 52.6 52.6
5337 0.2 20 0 0 5137 0.3 60 0 0 30 58.3 52.4 52.4
5337 0.2 20 0 0 5137 0.3 60 0 0 60 58.5 52.3 52.3
5337 0.2 20 0 0 5137 0.3 60 0 0 90 58.6 52.2 52.2
5337 0.2 20 0 0 5137 0.3 60 0 0 120 58.6 52.0 52.0
5337 0.2 20 0 0 5137 0.3 60 0 0 150 58.6 51.9 51.9
5337 0.2 20 0 0 5137 0.3 60 0 0 180 58.7 51.9 51.9
5337 0.2 20 0 0 5137 0.4 0 0 0 0 61.3 53.3 53.3
5337 0.2 20 0 0 5137 0.4 0 0 0 30 61.3 53.3 53.3
5337 0.2 20 0 0 5137 0.4 0 0 0 60 61.3 53.3 53.3
5337 0.2 20 0 0 5137 0.4 0 0 0 90 61.3 53.3 53.3
5337 0.2 20 0 0 5137 0.4 0 0 0 120 61.3 53.3 53.3
5337 0.2 20 0 0 5137 0.4 0 0 0 150 61.2 53.3 53.3
5337 0.2 20 0 0 5137 0.4 0 0 0 180 61.1 53.2 53.2
5337 0.2 20 0 0 5137 0.4 10 0 0 0 61.2 52.9 52.9
5337 0.2 20 0 0 5137 0.4 10 0 0 30 61.3 52.9 52.9
5337 0.2 20 0 0 5137 0.4 10 0 0 60 61.3 52.9 52.9
5337 0.2 20 0 0 5137 0.4 10 0 0 90 61.2 52.8 52.8
5337 0.2 20 0 0 5137 0.4 10 0 0 120 61.2 52.8 52.8
5337 0.2 20 0 0 5137 0.4 10 0 0 150 61.2 52.8 52.8
5337 0.2 20 0 0 5137 0.4 10 0 0 180 61.1 53.0 53.0
5337 0.2 20 0 0 5137 0.4 20 0 0 0 61.0 51.4 51.4
5337 0.2 20 0 0 5137 0.4 20 0 0 30 61.0 51.2 51.2
5337 0.2 20 0 0 5137 0.4 20 0 0 60 61.0 51.1 51.1
5337 0.2 20 0 0 5137 0.4 20 0 0 90 61.0 51.1 51.1
5337 0.2 20 0 0 5137 0.4 20 0 0 120 61.1 51.0 51.0
5337 0.2 20 0 0 5137 0.4 20 0 0 150 61.0 51.1 51.1
5337 0.2 20 0 0 5137 0.4 20 0 0 180 61.0 51.8 51.8
5337 0.2 20 0 0 5137 0.4 30 0 0 0 60.6 50.1 50.1
5337 0.2 20 0 0 5137 0.4 30 0 0 30 60.7 50.0 50.0
5337 0.2 20 0 0 5137 0.4 30 0 0 60 60.7 49.9 49.9
5337 0.2 20 0 0 5137 0.4 30 0 0 90 60.7 49.7 49.7
5337 0.2 20 0 0 5137 0.4 30 0 0 120 60.7 49.7 49.7
5337 0.2 20 0 0 5137 0.4 30 0 0 150 60.7 50.2 50.2
5337 0.2 20 0 0 5137 0.4 30 0 0 180 60.7 51.0 51.0
5337 0.2 20 0 0 5137 0.4 40 0 0 0 59.9 50.3 50.3
5337 0.2 20 0 0 5137 0.4 40 0 0 30 60.0 50.2 50.2
5337 0.2 20 0 0 5137 0.4 40 0 0 60 60.1 50.0 50.0
5337 0.2 20 0 0 5137 0.4 40 0 0 90 60.1 49.9 49.9
5337 0.2 20 0 0 5137 0.4 40 0 0 120 60.2 49.8 49.8
5337 0.2 20 0 0 5137 0.4 40 0 0 150 60.2 49.9 49.9
5337 0.2 20 0 0 5137 0.4 40 0 0 180 60.3 50.6 50.6
5337 0.2 20 0 0 5137 0.4 50 0 0 0 59.0 51.1 51.1
5337 0.2 20 0 0 5137 0.4 50 0 0 30 59.1 50.9 50.9
5337 0.2 20 0 0 5137 0.4 50 0 0 60 59.2 50.8 50.8
5337 0.2 20 0 0 5137 0.4 50 0 0 90 59.3 50.7 50.7
5337 0.2 20 0 0 5137 0.4 50 0 0 120 59.5 50.4 50.4
5337 0.2 20 0 0 5137 0.4 50 0 0 150 59.5 50.3 50.3
5337 0.2 20 0 0 5137 0.4 50 0 0 180 59.7 50.5 50.5
5337 0.2 20 0 0 5137 0.4 60 0 0 0 57.5 52.1 52.1
5337 0.2 20 0 0 5137 0.4 60 0 0 30 57.5 52.0 52.0
5337 0.2 20 0 0 5137 0.4 60 0 0 60 57.7 51.9 51.9
5337 0.2 20 0 0 5137 0.4 60 0 0 90 57.9 51.8 51.8
5337 0.2 20 0 0 5137 0.4 60 0 0 120 58.1 51.6 51.6
5337 0.2 20 0 0 5137 0.4 60 0 0 150 58.0 51.3 51.3
5337 0.2 20 0 0 5137 0.4 60 0 0 180 58.2 51.2 51.2
5337 0.2 20 0 0 5137 0.5 0 0 0 0 60.7 52.3 52.3
5337 0.2 20 0 0 5137 0.5 0 0 0 30 60.8 52.3 52.3
5337 0.2 20 0 0 5137 0.5 0 0 0 60 60.8 52.4 52.4
5337 0.2 20 0 0 5137 0.5 0 0 0 90 60.9 52.4 52.4
5337 0.2 20 0 0 5137 0.5 0 0 0 120 61.0 52.5 52.5
5337 0.2 20 0 0 5137 0.5 0 0 0 150 61.0 52.6 52.6
5337 0.2 20 0 0 5137 0.5 0 0 0 180 60.8 52.5 52.5
5337 0.2 20 0 0 5137 0.5 10 0 0 0 60.6 51.9 51.9
5337 0.2 20 0 0 5137 0.5 10 0 0 30 60.7 51.8 51.8
5337 0.2 20 0 0 5137 0.5 10 0 0 60 60.7 51.9 51.9
5337 0.2 20 0 0 5137 0.5 10 0 0 90 60.8 51.8 51.8
5337 0.2 20 0 0 5137 0.5 10 0 0 120 60.9 51.8 51.8
5337 0.2 20 0 0 5137 0.5 10 0 0 150 60.9 51.8 51.8
5337 0.2 20 0 0 5137 0.5 10 0 0 180 60.8 52.1 52.1
5337 0.2 20 0 0 5137 0.5 20 0 0 0 60.4 50.5 50.5
5337 0.2 20 0 0 5137 0.5 20 0 0 30 60.4 50.4 50.4
5337 0.2 20 0 0 5137 0.5 20 0 0 60 60.5 50.3 50.3
5337 0.2 20 0 0 5137 0.5 20 0 0 90 60.6 50.3 50.3
5337 0.2 20 0 0 5137 0.5 20 0 0 120 60.7 50.2 50.2
5337 0.2 20 0 0 5137 0.5 20 0 0 150 60.7 50.2 50.2
5337 0.2 20 0 0 5137 0.5 20 0 0 180 60.7 51.2 51.2
5337 0.2 20 0 0 5137 0.5 30 0 0 0 59.9 50.0 50.0
5337 0.2 20 0 0 5137 0.5 30 0 0 30 60.0 49.9 49.9
5337 0.2 20 0 0 5137 0.5 30 0 0 60 60.1 49.8 49.8
5337 0.2 20 0 0 5137 0.5 30 0 0 90 60.2 49.7 49.7
5337 0.2 20 0 0 5137 0.5 30 0 0 120 60.3 49.6 49.6
5337 0.2 20 0 0 5137 0.5 30 0 0 150 60.4 49.9 49.9
5337 0.2 20 0 0 5137 0.5 30 0 0 180 60.4 50.8 50.8
5337 0.2 20 0 0 5137 0.5 40 0 0 0 59.2 50.3 50.3
5337 0.2 20 0 0 5137 0.5 40 0 0 30 59.3 50.2 50.2
5337 0.2 20 0 0 5137 0.5 40 0 0 60 59.4 50.2 50.2
5337 0.2 20 0 0 5137 0.5 40 0 0 90 59.6 50.1 50.1
5337 0.2 20 0 0 5137 0.5 40 0 0 120 59.8 49.9 49.9
5337 0.2 20 0 0 5137 0.5 40 0 0 150 59.9 49.7 49.7
5337 0.2 20 0 0 5137 0.5 40 0 0 180 60.0 50.4 50.4
5337 0.2 20 0 0 5137 0.5 50 0 0 0 58.2 50.9 50.9
5337 0.2 20 0 0 5137 0.5 50 0 0 30 58.3 50.9 50.9
5337 0.2 20 0 0 5137 0.5 50 0 0 60 58.4 50.8 50.8
5337 0.2 20 0 0 5137 0.5 50 0 0 90 58.6 50.7 50.7
5337 0.2 20 0 0 5137 0.5 50 0 0 120 59.0 50.4 50.4
5337 0.2 20 0 0 5137 0.5 50 0 0 150 59.1 50.2 50.2
5337 0.2 20 0 0 5137 0.5 50 0 0 180 59.3 50.1 50.1
5337 0.2 20 0 0 5137 0.5 60 0 0 0 56.8 51.7 51.7
5337 0.2 20 0 0 5137 0.5 60 0 0 30 56.7 51.7 51.7
5337 0.2 20 0 0 5137 0.5 60 0 0 60 56.8 51.6 51.6
5337 0.2 20 0 0 5137 0.5 60 0 0 90 57.0 51.5 51.5
5337 0.2 20 0 0 5137 0.5 60 0 0 120 57.4 51.3 51.3
5337 0.2 20 0 0 5137 0.5 60 0 0 150 57.3 51.0 51.0
5337 0.2 20 0 0 5137 0.5 60 0 0 180 57.5 50.6 50.6
5337 0.2 20 0 0 5337 0.0 0 0 0 0 43.7 39.6 39.6
5337 0.2 20 0 0 5337 0.0 0 0 0 30 49.4 44.8 44.8
5337 0.2 20 0 0 5337 0.0 0 0 0 60 57.7 52.2 52.2
5337 0.2 20 0 0 5337 0.0 0 0 0 90 66.1 60.5 60.5
5337 0.2 20 0 0 5337 0.0 0 0 0 120 73.7 67.2 67.2
5337 0.2 20 0 0 5337 0.0 0 0 0 150 77.8 67.6 67.6
5337 0.2 20 0 0 5337 0.0 0 0 0 180 78.4 67.7 67.7
5337 0.2 20 0 0 5337 0.0 10 0 0 0 43.6 38.9 38.9
5337 0.2 20 0 0 5337 0.0 10 0 0 30 49.3 43.9 43.9
5337 0.2 20 0 0 5337 0.0 10 0 0 60 57.6 52.0 52.0
5337 0.2 20 0 0 5337 0.0 10 0 0 90 65.9 60.3 60.3
5337 0.2 20 0 0 5337 0.0 10 0 0 120 73.7 66.1 66.1
5337 0.2 20 0 0 5337 0.0 10 0 0 150 77.8 67.3 67.3
5337 0.2 20 0 0 5337 0.0 10 0 0 180 78.3 67.4 67.4
5337 0.2 20 0 0 5337 0.0 20 0 0 0 43.5 38.1 38.1
5337 0.2 20 0 0 5337 0.0 20 0 0 30 49.1 43.0 43.0
5337 0.2 20 0 0 5337 0.0 20 0 0 60 57.4 51.3 51.3
5337 0.2 20 0 0 5337 0.0 20 0 0 90 65.7 59.0 59.0
5337 0.2 20 0 0 5337 0.0 20 0 0 120 73.6 64.2 64.2
5337 0.2 20 0 0 5337 0.0 20 0 0 150 77.6 66.2 66.2
5337 0.2 20 0 0 5337 0.0 20 0 0 180 78.1 66.3 66.3
5337 0.2 20 0 0 5337 0.0 30 0 0 0 43.3 37.8 37.8
5337 0.2 20 0 0 5337 0.0 30 0 0 30 48.7 42.1 42.1
5337 0.2 20 0 0 5337 0.0 30 0 0 60 57.0 48.8 48.8
5337 0.2 20 0 0 5337 0.0 30 0 0 90 65.4 55.2 55.2
5337 0.2 20 0 0 5337 0.0 30 0 0 120 73.3 60.1 60.1
5337 0.2 20 0 0 5337 0.0 30 0 0 150 77.1 62.9 62.9
5337 0.2 20 0 0 5337 0.0 30 0 0 180 77.6 63.2 63.2
5337 0.2 20 0 0 5337 0.0 40 0 0 0 42.9 38.1 38.1
5337 0.2 20 0 0 5337 0.0 40 0 0 30 48.2 42.4 42.4
5337 0.2 20 0 0 5337 0.0 40 0 0 60 56.6 48.3 48.3
5337 0.2 20 0 0 5337 0.0 40 0 0 90 64.9 54.1 54.1
5337 0.2 20 0 0 5337 0.0 40 0 0 120 73.0 58.9 58.9
5337 0.2 20 0 0 5337 0.0 40 0 0 150 76.4 62.0 62.0
5337 0.2 20 0 0 5337 0.0 40 0 0 180 76.9 62.8 62.8
5337 0.2 20 0 0 5337 0.0 50 0 0 0 42.5 39.4 39.4
5337 0.2 20 0 0 5337 0.0 50 0 0 30 47.5 43.1 43.1
5337 0.2 20 0 0 5337 0.0 50 0 0 60 55.9 48.5 48.5
5337 0.2 20 0 0 5337 0.0 50 0 0 90 64.2 54.1 54.1
5337 0.2 20 0 0 5337 0.0 50 0 0 120 72.2 58.8 58.8
5337 0.2 20 0 0 5337 0.0 50 0 0 150 75.2 62.1 62.1
5337 0.2 20 0 0 5337 0.0 50 0 0 180 75.8 63.7 63.7
5337 0.2 20 0 0 5337 0.0 60 0 0 0 42.5 41.6 41.6
5337 0.2 20 0 0 5337 0.0 60 0 0 30 46.6 44.7 44.7
5337 0.2 20 0 0 5337 0.0 60 0 0 60 54.8 49.4 49.4
5337 0.2 20 0 0 5337 0.0 60 0 0 90 63.2 54.7 54.7
5337 0.2 20 0 0 5337 0.0 60 0 0 120 70.4 59.4 59.4
5337 0.2 20 0 0 5337 0.0 60 0 0 150 73.3 62.8 62.8
5337 0.2 20 0 0 5337 0.0 60 0 0 180 74.1 65.1 65.1
5337 0.2 20 0 0 5337 0.1 0 0 0 0 41.8 38.5 38.5
5337 0.2 20 0 0 5337 0.1 0 0 0 30 47.9 42.9 42.9
5337 0.2 20 0 0 5337 0.1 0 0 0 60 55.1 49.4 49.4
5337 0.2 20 0 0 5337 0.1 0 0 0 90 62.9 57.2 57.2
5337 0.2 20 0 0 5337 0.1 0 0 0 120 71.0 64.9 64.9
5337 0.2 20 0 0 5337 0.1 0 0 0 150 76.3 67.4 67.4
5337 0.2 20 0 0 5337 0.1 0 0 0 180 78.4 67.3 67.3
5337 0.2 20 0 0 5337 0.1 10 0 0 0 41.7 37.1 37.1
5337 0.2 20 0 0 5337 0.1 10 0 0 30 47.8 42.1 42.1
5337 0.2 20 0 0 5337 0.1 10 0 0 60 55.0 49.2 49.2
5337 0.2 20 0 0 5337 0.1 10 0 0 90 62.8 57.0 57.0
5337 0.2 20 0 0 5337 0.1 10 0 0 120 71.0 63.7 63.7
5337 0.2 20 0 0 5337 0.1 10 0 0 150 76.3 67.0 67.0
5337 0.2 20 0 0 5337 0.1 10 0 0 180 78.3 67.2 67.2
5337 0.2 20 0 0 5337 0.1 20 0 0 0 41.5 36.0 36.0
5337 0.2 20 0 0 5337 0.1 20 0 0 30 47.6 41.4 41.4
5337 0.2 20 0 0 5337 0.1 20 0 0 60 54.8 48.6 48.6
5337 0.2 20 0 0 5337 0.1 20 0 0 90 62.6 55.8 55.8
5337 0.2 20 0 0 5337 0.1 20 0 0 120 70.9 61.6 61.6
5337 0.2 20 0 0 5337 0.1 20 0 0 150 76.1 65.4 65.4
5337 0.2 20 0 0 5337 0.1 20 0 0 180 78.1 66.1 66.1
5337 0.2 20 0 0 5337 0.1 30 0 0 0 41.3 35.9 35.9
5337 0.2 20 0 0 5337 0.1 30 0 0 30 47.2 40.1 40.1
5337 0.2 20 0 0 5337 0.1 30 0 0 60 54.4 46.0 46.0
5337 0.2 20 0 0 5337 0.1 30 0 0 90 62.2 52.1 52.1
5337 0.2 20 0 0 5337 0.1 30 0 0 120 70.6 57.6 57.6
5337 0.2 20 0 0 5337 0.1 30 0 0 150 75.7 61.6 61.6
5337 0.2 20 0 0 5337 0.1 30 0 0 180 77.6 63.0 63.0
5337 0.2 20 0 0 5337 0.1 40 0 0 0 41.0 36.8 36.8
5337 0.2 20 0 0 5337 0.1 40 0 0 30 46.7 40.4 40.4
5337 0.2 20 0 0 5337 0.1 40 0 0 60 53.9 45.5 45.5
5337 0.2 20 0 0 5337 0.1 40 0 0 90 61.7 51.0 51.0
5337 0.2 20 0 0 5337 0.1 40 0 0 120 70.2 56.3 56.3
5337 0.2 20 0 0 5337 0.1 40 0 0 150 75.0 60.5 60.5
5337 0.2 20 0 0 5337 0.1 40 0 0 180 76.9 62.6 62.6
5337 0.2 20 0 0 5337 0.1 50 0 0 0 40.9 38.5 38.5
5337 0.2 20 0 0 5337 0.1 50 0 0 30 46.1 41.2 41.2
5337 0.2 20 0 0 5337 0.1 50 0 0 60 53.2 45.7 45.7
5337 0.2 20 0 0 5337 0.1 50 0 0 90 61.0 50.9 50.9
5337 0.2 20 0 0 5337 0.1 50 0 0 120 69.5 56.1 56.1
5337 0.2 20 0 0 5337 0.1 50 0 0 150 73.9 60.4 60.4
5337 0.2 20 0 0 5337 0.1 50 0 0 180 75.7 63.3 63.3
5337 0.2 20 0 0 5337 0.1 60 0 0 0 41.3 40.9 40.9
5337 0.2 20 0 0 5337 0.1 60 0 0 30 45.1 43.2 43.2
5337 0.2 20 0 0 5337 0.1 60 0 0 60 52.2 46.9 46.9
5337 0.2 20 0 0 5337 0.1 60 0 0 90 60.0 51.5 51.5
5337 0.2 20 0 0 5337 0.1 60 0 0 120 68.1 56.5 56.5
5337 0.2 20 0 0 5337 0.1 60 0 0 150 72.1 60.9 60.9
5337 0.2 20 0 0 5337 0.1 60 0 0 180 73.9 64.2 64.2
5337 0.2 20 0 0 5337 0.2 0 0 0 0 41.1 38.2 38.2
5337 0.2 20 0 0 5337 0.2 0 0 0 30 46.6 41.1 41.1
5337 0.2 20 0 0 5337 0.2 0 0 0 60 52.7 46.9 46.9
5337 0.2 20 0 0 5337 0.2 0 0 0 90 59.8 54.0 54.0
5337 0.2 20 0 0 5337 0.2 0 0 0 120 68.1 62.0 62.0
5337 0.2 20 0 0 5337 0.2 0 0 0 150 74.5 66.7 66.7
5337 0.2 20 0 0 5337 0.2 0 0 0 180 77.8 66.4 66.4
5337 0.2 20 0 0 5337 0.2 10 0 0 0 41.0 36.2 36.2
5337 0.2 20 0 0 5337 0.2 10 0 0 30 46.5 40.6 40.6
5337 0.2 20 0 0 5337 0.2 10 0 0 60 52.6 46.7 46.7
5337 0.2 20 0 0 5337 0.2 10 0 0 90 59.7 53.8 53.8
5337 0.2 20 0 0 5337 0.2 10 0 0 120 68.1 60.8 60.8
5337 0.2 20 0 0 5337 0.2 10 0 0 150 74.5 65.7 65.7
5337 0.2 20 0 0 5337 0.2 10 0 0 180 77.7 66.8 66.8
5337 0.2 20 0 0 5337 0.2 20 0 0 0 40.7 34.5 34.5
5337 0.2 20 0 0 5337 0.2 20 0 0 30 46.3 40.0 40.0
5337 0.2 20 0 0 5337 0.2 20 0 0 60 52.3 46.0 46.0
5337 0.2 20 0 0 5337 0.2 20 0 0 90 59.4 52.6 52.6
5337 0.2 20 0 0 5337 0.2 20 0 0 120 67.9 58.7 58.7
5337 0.2 20 0 0 5337 0.2 20 0 0 150 74.3 63.8 63.8
5337 0.2 20 0 0 5337 0.2 20 0 0 180 77.4 65.9 65.9
5337 0.2 20 0 0 5337 0.2 30 0 0 0 40.4 34.7 34.7
5337 0.2 20 0 0 5337 0.2 30 0 0 30 45.9 38.5 38.5
5337 0.2 20 0 0 5337 0.2 30 0 0 60 52.0 43.4 43.4
5337 0.2 20 0 0 5337 0.2 30 0 0 90 59.1 49.0 49.0
5337 0.2 20 0 0 5337 0.2 30 0 0 120 67.6 54.8 54.8
5337 0.2 20 0 0 5337 0.2 30 0 0 150 73.9 59.9 59.9
5337 0.2 20 0 0 5337 0.2 30 0 0 180 77.0 62.8 62.8
5337 0.2 20 0 0 5337 0.2 40 0 0 0 40.2 36.3 36.3
5337 0.2 20 0 0 5337 0.2 40 0 0 30 45.5 38.6 38.6
5337 0.2 20 0 0 5337 0.2 40 0 0 60 51.5 42.9 42.9
5337 0.2 20 0 0 5337 0.2 40 0 0 90 58.6 48.0 48.0
5337 0.2 20 0 0 5337 0.2 40 0 0 120 67.2 53.5 53.5
5337 0.2 20 0 0 5337 0.2 40 0 0 150 73.2 58.7 58.7
5337 0.2 20 0 0 5337 0.2 40 0 0 180 76.2 62.4 62.4
5337 0.2 20 0 0 5337 0.2 50 0 0 0 40.4 38.1 38.1
5337 0.2 20 0 0 5337 0.2 50 0 0 30 44.8 39.8 39.8
5337 0.2 20 0 0 5337 0.2 50 0 0 60 50.8 43.2 43.2
5337 0.2 20 0 0 5337 0.2 50 0 0 90 57.9 47.9 47.9
5337 0.2 20 0 0 5337 0.2 50 0 0 120 66.5 53.3 53.3
5337 0.2 20 0 0 5337 0.2 50 0 0 150 72.2 58.5 58.5
5337 0.2 20 0 0 5337 0.2 50 0 0 180 75.0 62.6 62.6
5337 0.2 20 0 0 5337 0.2 60 0 0 0 40.9 40.3 40.3
5337 0.2 20 0 0 5337 0.2 60 0 0 30 44.3 41.8 41.8
5337 0.2 20 0 0 5337 0.2 60 0 0 60 49.8 44.7 44.7
5337 0.2 20 0 0 5337 0.2 60 0 0 90 56.9 48.7 48.7
5337 0.2 20 0 0 5337 0.2 60 0 0 120 65.2 53.6 53.6
5337 0.2 20 0 0 5337 0.2 60 0 0 150 70.5 58.9 58.9
5337 0.2 20 0 0 5337 0.2 60 0 0 180 73.0 63.2 63.2
5337 0.2 20 0 0 5337 0.3 0 0 0 0 41.8 38.2 38.2
5337 0.2 20 0 0 5337 0.3 0 0 0 30 45.5 40.2 40.2
5337 0.2 20 0 0 5337 0.3 0 0 0 60 50.5 44.5 44.5
5337 0.2 20 0 0 5337 0.3 0 0 0 90 56.7 50.8 50.8
5337 0.2 20 0 0 5337 0.3 0 0 0 120 65.0 58.7 58.7
5337 0.2 20 0 0 5337 0.3 0 0 0 150 72.4 65.0 65.0
5337 0.2 20 0 0 5337 0.3 0 0 0 180 76.4 65.4 65.4
5337 0.2 20 0 0 5337 0.3 10 0 0 0 41.7 36.4 36.4
5337 0.2 20 0 0 5337 0.3 10 0 0 30 45.4 39.4 39.4
5337 0.2 20 0 0 5337 0.3 10 0 0 60 50.3 44.3 44.3
5337 0.2 20 0 0 5337 0.3 10 0 0 90 56.6 50.6 50.6
5337 0.2 20 0 0 5337 0.3 10 0 0 120 64.9 57.6 57.6
5337 0.2 20 0 0 5337 0.3 10 0 0 150 72.3 63.8 63.8
5337 0.2 20 0 0 5337 0.3 10 0 0 180 76.3 65.9 65.9
5337 0.2 20 0 0 5337 0.3 20 0 0 0 41.6 35.2 35.2
5337 0.2 20 0 0 5337 0.3 20 0 0 30 45.2 38.7 38.7
5337 0.2 20 0 0 5337 0.3 20 0 0 60 50.1 43.6 43.6
5337 0.2 20 0 0 5337 0.3 20 0 0 90 56.4 49.3 49.3
5337 0.2 20 0 0 5337 0.3 20 0 0 120 64.7 55.5 55.5
5337 0.2 20 0 0 5337 0.3 20 0 0 150 72.1 61.7 61.7
5337 0.2 20 0 0 5337 0.3 20 0 0 180 76.1 65.3 65.3
5337 0.2 20 0 0 5337 0.3 30 0 0 0 41.5 34.8 34.8
5337 0.2 20 0 0 5337 0.3 30 0 0 30 44.8 37.1 37.1
5337 0.2 20 0 0 5337 0.3 30 0 0 60 49.8 41.1 41.1
5337 0.2 20 0 0 5337 0.3 30 0 0 90 56.0 46.1 46.1
5337 0.2 20 0 0 5337 0.3 30 0 0 120 64.4 52.0 52.0
5337 0.2 20 0 0 5337 0.3 30 0 0 150 71.7 58.1 58.1
5337 0.2 20 0 0 5337 0.3 30 0 0 180 75.6 62.7 62.7
5337 0.2 20 0 0 5337 0.3 40 0 0 0 41.5 36.1 36.1
5337 0.2 20 0 0 5337 0.3 40 0 0 30 44.4 37.6 37.6
5337 0.2 20 0 0 5337 0.3 40 0 0 60 49.3 40.6 40.6
5337 0.2 20 0 0 5337 0.3 40 0 0 90 55.5 45.1 45.1
5337 0.2 20 0 0 5337 0.3 40 0 0 120 63.9 50.8 50.8
5337 0.2 20 0 0 5337 0.3 40 0 0 150 71.1 56.9 56.9
5337 0.2 20 0 0 5337 0.3 40 0 0 180 74.8 61.8 61.8
5337 0.2 20 0 0 5337 0.3 50 0 0 0 41.5 37.6 37.6
5337 0.2 20 0 0 5337 0.3 50 0 0 30 44.1 38.9 38.9
5337 0.2 20 0 0 5337 0.3 50 0 0 60 48.6 41.3 41.3
5337 0.2 20 0 0 5337 0.3 50 0 0 90 54.8 45.0 45.0
5337 0.2 20 0 0 5337 0.3 50 0 0 120 63.2 50.5 50.5
5337 0.2 20 0 0 5337 0.3 50 0 0 150 70.1 56.6 56.6
5337 0.2 20 0 0 5337 0.3 50 0 0 180 73.5 61.9 61.9
5337 0.2 20 0 0 5337 0.3 60 0 0 0 41.8 39.7 39.7
5337 0.2 20 0 0 5337 0.3 60 0 0 30 44.0 40.8 40.8
5337 0.2 20 0 0 5337 0.3 60 0 0 60 48.0 42.9 42.9
5337 0.2 20 0 0 5337 0.3 60 0 0 90 53.8 46.1 46.1
5337 0.2 20 0 0 5337 0.3 60 0 0 120 61.9 50.8 50.8
5337 0.2 20 0 0 5337 0.3 60 0 0 150 68.5 56.7 56.7
5337 0.2 20 0 0 5337 0.3 60 0 0 180 71.5 62.2 62.2
5337 0.2 20 0 0 5337 0.4 0 0 0 0 43.7 38.5 38.5
5337 0.2 20 0 0 5337 0.4 0 0 0 30 44.9 40.4 40.4
5337 0.2 20 0 0 5337 0.4 0 0 0 60 48.5 43.1 43.1
5337 0.2 20 0 0 5337 0.4 0 0 0 90 53.8 47.7 47.7
5337 0.2 20 0 0 5337 0.4 0 0 0 120 61.6 55.1 55.1
5337 0.2 20 0 0 5337 0.4 0 0 0 150 70.0 62.6 62.6
5337 0.2 20 0 0 5337 0.4 0 0 0 180 74.8 64.2 64.2
5337 0.2 20 0 0 5337 0.4 10 0 0 0 43.6 37.6 37.6
5337 0.2 20 0 0 5337 0.4 10 0 0 30 44.9 39.4 39.4
5337 0.2 20 0 0 5337 0.4 10 0 0 60 48.3 42.3 42.3
5337 0.2 20 0 0 5337 0.4 10 0 0 90 53.7 47.5 47.5
5337 0.2 20 0 0 5337 0.4 10 0 0 120 61.6 54.1 54.1
5337 0.2 20 0 0 5337 0.4 10 0 0 150 69.9 61.4 61.4
5337 0.2 20 0 0 5337 0.4 10 0 0 180 74.7 64.7 64.7
5337 0.2 20 0 0 5337 0.4 20 0 0 0 43.6 36.9 36.9
5337 0.2 20 0 0 5337 0.4 20 0 0 30 44.8 38.1 38.1
5337 0.2 20 0 0 5337 0.4 20 0 0 60 48.1 41.2 41.2
5337 0.2 20 0 0 5337 0.4 20 0 0 90 53.4 45.8 45.8
5337 0.2 20 0 0 5337 0.4 20 0 0 120 61.4 51.9 51.9
5337 0.2 20 0 0 5337 0.4 20 0 0 150 69.7 59.1 59.1
5337 0.2 20 0 0 5337 0.4 20 0 0 180 74.4 63.9 63.9
5337 0.2 20 0 0 5337 0.4 30 0 0 0 43.6 36.3 36.3
5337 0.2 20 0 0 5337 0.4 30 0 0 30 44.7 36.8 36.8
5337 0.2 20 0 0 5337 0.4 30 0 0 60 47.8 39.1 39.1
5337 0.2 20 0 0 5337 0.4 30 0 0 90 53.1 43.3 43.3
5337 0.2 20 0 0 5337 0.4 30 0 0 120 61.0 49.1 49.1
5337 0.2 20 0 0 5337 0.4 30 0 0 150 69.3 56.2 56.2
5337 0.2 20 0 0 5337 0.4 30 0 0 180 73.9 62.0 62.0
5337 0.2 20 0 0 5337 0.4 40 0 0 0 43.5 36.7 36.7
5337 0.2 20 0 0 5337 0.4 40 0 0 30 44.7 37.3 37.3
5337 0.2 20 0 0 5337 0.4 40 0 0 60 47.4 39.2 39.2
5337 0.2 20 0 0 5337 0.4 40 0 0 90 52.6 42.5 42.5
5337 0.2 20 0 0 5337 0.4 40 0 0 120 60.5 48.0 48.0
5337 0.2 20 0 0 5337 0.4 40 0 0 150 68.7 55.1 55.1
5337 0.2 20 0 0 5337 0.4 40 0 0 180 73.0 61.5 61.5
5337 0.2 20 0 0 5337 0.4 50 0 0 0 43.6 37.9 37.9
5337 0.2 20 0 0 5337 0.4 50 0 0 30 44.7 38.5 38.5
5337 0.2 20 0 0 5337 0.4 50 0 0 60 47.2 40.0 40.0
5337 0.2 20 0 0 5337 0.4 50 0 0 90 51.9 42.7 42.7
5337 0.2 20 0 0 5337 0.4 50 0 0 120 59.7 47.5 47.5
5337 0.2 20 0 0 5337 0.4 50 0 0 150 67.7 54.5 54.5
5337 0.2 20 0 0 5337 0.4 50 0 0 180 71.8 61.3 61.3
5337 0.2 20 0 0 5337 0.4 60 0 0 0 43.7 39.6 39.6
5337 0.2 20 0 0 5337 0.4 60 0 0 30 44.8 40.0 40.0
5337 0.2 20 0 0 5337 0.4 60 0 0 60 47.1 41.4 41.4
5337 0.2 20 0 0 5337 0.4 60 0 0 90 51.4 43.9 43.9
5337 0.2 20 0 0 5337 0.4 60 0 0 120 58.4 48.1 48.1
5337 0.2 20 0 0 5337 0.4 60 0 0 150 66.0 54.4 54.4
5337 0.2 20 0 0 5337 0.4 60 0 0 180 69.6 61.3 61.3
5337 0.2 20 0 0 5337 0.5 0 0 0 0 45.8 39.7 39.7
5337 0.2 20 0 0 5337 0.5 0 0 0 30 46.3 40.8 40.8
5337 0.2 20 0 0 5337 0.5 0 0 0 60 47.5 42.6 42.6
5337 0.2 20 0 0 5337 0.5 0 0 0 90 51.0 45.6 45.6
5337 0.2 20 0 0 5337 0.5 0 0 0 120 58.1 51.3 51.3
5337 0.2 20 0 0 5337 0.5 0 0 0 150 67.2 59.6 59.6
5337 0.2 20 0 0 5337 0.5 0 0 0 180 72.9 62.8 62.8
5337 0.2 20 0 0 5337 0.5 10 0 0 0 45.8 39.5 39.5
5337 0.2 20 0 0 5337 0.5 10 0 0 30 46.3 40.1 40.1
5337 0.2 20 0 0 5337 0.5 10 0 0 60 47.5 41.7 41.7
5337 0.2 20 0 0 5337 0.5 10 0 0 90 50.9 44.7 44.7
5337 0.2 20 0 0 5337 0.5 10 0 0 120 58.0 50.2 50.2
5337 0.2 20 0 0 5337 0.5 10 0 0 150 67.1 58.4 58.4
5337 0.2 20 0 0 5337 0.5 10 0 0 180 72.8 63.0 63.0
5337 0.2 20 0 0 5337 0.5 20 0 0 0 45.7 38.8 38.8
5337 0.2 20 0 0 5337 0.5 20 0 0 30 46.3 39.1 39.1
5337 0.2 20 0 0 5337 0.5 20 0 0 60 47.4 39.8 39.8
5337 0.2 20 0 0 5337 0.5 20 0 0 90 50.6 42.3 42.3
5337 0.2 20 0 0 5337 0.5 20 0 0 120 57.8 47.8 47.8
5337 0.2 20 0 0 5337 0.5 20 0 0 150 66.9 55.8 55.8
5337 0.2 20 0 0 5337 0.5 20 0 0 180 72.5 61.7 61.7
5337 0.2 20 0 0 5337 0.5 30 0 0 0 45.8 38.3 38.3
5337 0.2 20 0 0 5337 0.5 30 0 0 30 46.3 38.3 38.3
5337 0.2 20 0 0 5337 0.5 30 0 0 60 47.4 38.8 38.8
5337 0.2 20 0 0 5337 0.5 30 0 0 90 50.3 40.9 40.9
5337 0.2 20 0 0 5337 0.5 30 0 0 120 57.5 46.1 46.1
5337 0.2 20 0 0 5337 0.5 30 0 0 150 66.5 54.1 54.1
5337 0.2 20 0 0 5337 0.5 30 0 0 180 71.9 61.0 61.0
5337 0.2 20 0 0 5337 0.5 40 0 0 0 45.8 38.4 38.4
5337 0.2 20 0 0 5337 0.5 40 0 0 30 46.3 38.3 38.3
5337 0.2 20 0 0 5337 0.5 40 0 0 60 47.4 38.7 38.7
5337 0.2 20 0 0 5337 0.5 40 0 0 90 50.1 40.7 40.7
5337 0.2 20 0 0 5337 0.5 40 0 0 120 56.9 45.1 45.1
5337 0.2 20 0 0 5337 0.5 40 0 0 150 65.8 52.9 52.9
5337 0.2 20 0 0 5337 0.5 40 0 0 180 71.1 60.7 60.7
5337 0.2 20 0 0 5337 0.5 50 0 0 0 45.8 39.0 39.0
5337 0.2 20 0 0 5337 0.5 50 0 0 30 46.3 38.9 38.9
5337 0.2 20 0 0 5337 0.5 50 0 0 60 47.4 39.4 39.4
5337 0.2 20 0 0 5337 0.5 50 0 0 90 49.9 41.2 41.2
5337 0.2 20 0 0 5337 0.5 50 0 0 120 56.1 45.0 45.0
5337 0.2 20 0 0 5337 0.5 50 0 0 150 64.8 52.3 52.3
5337 0.2 20 0 0 5337 0.5 50 0 0 180 69.8 60.4 60.4
5337 0.2 20 0 0 5337 0.5 60 0 0 0 46.0 40.1 40.1
5337 0.2 20 0 0 5337 0.5 60 0 0 30 46.4 40.0 40.0
5337 0.2 20 0 0 5337 0.5 60 0 0 60 47.6 40.4 40.4
5337 0.2 20 0 0 5337 0.5 60 0 0 90 49.9 42.1 42.1
5337 0.2 20 0 0 5337 0.5 60 0 0 120 55.3 45.6 45.6
5337 0.2 20 0 0 5337 0.5 60 0 0 150 62.9 52.1 52.1
5337 0.2 20 0 0 5337 0.5 60 0 0 180 67.3 60.4 60.4
