5137 0.2 20 0 0 4737 0.0 0 0 0 0 61.8 54.1 54.1
5137 0.2 20 0 0 4737 0.0 0 0 0 30 61.9 54.1 54.1
5137 0.2 20 0 0 4737 0.0 0 0 0 60 62.1 54.3 54.3
5137 0.2 20 0 0 4737 0.0 0 0 0 90 62.1 54.5 54.5
5137 0.2 20 0 0 4737 0.0 0 0 0 120 62.2 54.5 54.5
5137 0.2 20 0 0 4737 0.0 0 0 0 150 62.1 54.7 54.7
5137 0.2 20 0 0 4737 0.0 0 0 0 180 62.1 54.7 54.7
5137 0.2 20 0 0 4737 0.0 10 0 0 0 61.7 53.6 53.6
5137 0.2 20 0 0 4737 0.0 10 0 0 30 61.9 53.8 53.8
5137 0.2 20 0 0 4737 0.0 10 0 0 60 62.0 53.9 53.9
5137 0.2 20 0 0 4737 0.0 10 0 0 90 62.1 54.1 54.1
5137 0.2 20 0 0 4737 0.0 10 0 0 120 62.1 54.2 54.2
5137 0.2 20 0 0 4737 0.0 10 0 0 150 62.0 54.3 54.3
5137 0.2 20 0 0 4737 0.0 10 0 0 180 62.0 54.3 54.3
5137 0.2 20 0 0 4737 0.0 20 0 0 0 61.5 52.5 52.5
5137 0.2 20 0 0 4737 0.0 20 0 0 30 61.7 52.7 52.7
5137 0.2 20 0 0 4737 0.0 20 0 0 60 61.8 52.7 52.7
5137 0.2 20 0 0 4737 0.0 20 0 0 90 61.9 52.9 52.9
5137 0.2 20 0 0 4737 0.0 20 0 0 120 62.0 53.1 53.1
5137 0.2 20 0 0 4737 0.0 20 0 0 150 61.8 53.2 53.2
5137 0.2 20 0 0 4737 0.0 20 0 0 180 61.8 53.2 53.2
5137 0.2 20 0 0 4737 0.0 30 0 0 0 61.2 50.0 50.0
5137 0.2 20 0 0 4737 0.0 30 0 0 30 61.4 50.2 50.2
5137 0.2 20 0 0 4737 0.0 30 0 0 60 61.5 50.2 50.2
5137 0.2 20 0 0 4737 0.0 30 0 0 90 61.6 50.4 50.4
5137 0.2 20 0 0 4737 0.0 30 0 0 120 61.6 50.7 50.7
5137 0.2 20 0 0 4737 0.0 30 0 0 150 61.5 50.9 50.9
5137 0.2 20 0 0 4737 0.0 30 0 0 180 61.5 51.0 51.0
5137 0.2 20 0 0 4737 0.0 40 0 0 0 60.7 50.0 50.0
5137 0.2 20 0 0 4737 0.0 40 0 0 30 60.9 50.1 50.1
5137 0.2 20 0 0 4737 0.0 40 0 0 60 61.0 50.2 50.2
5137 0.2 20 0 0 4737 0.0 40 0 0 90 61.1 50.3 50.3
5137 0.2 20 0 0 4737 0.0 40 0 0 120 61.1 50.6 50.6
5137 0.2 20 0 0 4737 0.0 40 0 0 150 61.0 50.8 50.8
5137 0.2 20 0 0 4737 0.0 40 0 0 180 61.0 50.9 50.9
5137 0.2 20 0 0 4737 0.0 50 0 0 0 59.9 50.8 50.8
5137 0.2 20 0 0 4737 0.0 50 0 0 30 60.1 50.8 50.8
5137 0.2 20 0 0 4737 0.0 50 0 0 60 60.2 50.9 50.9
5137 0.2 20 0 0 4737 0.0 50 0 0 90 60.3 51.1 51.1
5137 0.2 20 0 0 4737 0.0 50 0 0 120 60.2 51.3 51.3
5137 0.2 20 0 0 4737 0.0 50 0 0 150 60.2 51.4 51.4
5137 0.2 20 0 0 4737 0.0 50 0 0 180 60.2 51.5 51.5
5137 0.2 20 0 0 4737 0.0 60 0 0 0 58.6 52.0 52.0
5137 0.2 20 0 0 4737 0.0 60 0 0 30 58.9 52.2 52.2
5137 0.2 20 0 0 4737 0.0 60 0 0 60 59.0 52.4 52.4
5137 0.2 20 0 0 4737 0.0 60 0 0 90 59.0 52.5 52.5
5137 0.2 20 0 0 4737 0.0 60 0 0 120 58.9 52.7 52.7
5137 0.2 20 0 0 4737 0.0 60 0 0 150 58.8 52.8 52.8
5137 0.2 20 0 0 4737 0.0 60 0 0 180 58.9 52.7 52.7
5137 0.2 20 0 0 4737 0.1 0 0 0 0 61.3 53.4 53.4
5137 0.2 20 0 0 4737 0.1 0 0 0 30 61.6 53.5 53.5
5137 0.2 20 0 0 4737 0.1 0 0 0 60 61.6 53.7 53.7
5137 0.2 20 0 0 4737 0.1 0 0 0 90 61.7 53.8 53.8
5137 0.2 20 0 0 4737 0.1 0 0 0 120 61.8 54.0 54.0
5137 0.2 20 0 0 4737 0.1 0 0 0 150 61.7 54.1 54.1
5137 0.2 20 0 0 4737 0.1 0 0 0 180 61.7 54.1 54.1
5137 0.2 20 0 0 4737 0.1 10 0 0 0 61.3 53.1 53.1
5137 0.2 20 0 0 4737 0.1 10 0 0 30 61.5 53.1 53.1
5137 0.2 20 0 0 4737 0.1 10 0 0 60 61.6 53.3 53.3
5137 0.2 20 0 0 4737 0.1 10 0 0 90 61.7 53.4 53.4
5137 0.2 20 0 0 4737 0.1 10 0 0 120 61.7 53.6 53.6
5137 0.2 20 0 0 4737 0.1 10 0 0 150 61.6 53.8 53.8
5137 0.2 20 0 0 4737 0.1 10 0 0 180 61.6 53.8 53.8
5137 0.2 20 0 0 4737 0.1 20 0 0 0 61.1 51.9 51.9
5137 0.2 20 0 0 4737 0.1 20 0 0 30 61.3 51.9 51.9
5137 0.2 20 0 0 4737 0.1 20 0 0 60 61.4 52.1 52.1
5137 0.2 20 0 0 4737 0.1 20 0 0 90 61.5 52.3 52.3
5137 0.2 20 0 0 4737 0.1 20 0 0 120 61.5 52.4 52.4
5137 0.2 20 0 0 4737 0.1 20 0 0 150 61.4 52.6 52.6
5137 0.2 20 0 0 4737 0.1 20 0 0 180 61.4 52.6 52.6
5137 0.2 20 0 0 4737 0.1 30 0 0 0 60.8 49.6 49.6
5137 0.2 20 0 0 4737 0.1 30 0 0 30 60.9 49.6 49.6
5137 0.2 20 0 0 4737 0.1 30 0 0 60 61.1 49.6 49.6
5137 0.2 20 0 0 4737 0.1 30 0 0 90 61.2 49.8 49.8
5137 0.2 20 0 0 4737 0.1 30 0 0 120 61.2 50.0 50.0
5137 0.2 20 0 0 4737 0.1 30 0 0 150 61.1 50.1 50.1
5137 0.2 20 0 0 4737 0.1 30 0 0 180 61.1 50.2 50.2
5137 0.2 20 0 0 4737 0.1 40 0 0 0 60.3 49.6 49.6
5137 0.2 20 0 0 4737 0.1 40 0 0 30 60.4 49.6 49.6
5137 0.2 20 0 0 4737 0.1 40 0 0 60 60.6 49.6 49.6
5137 0.2 20 0 0 4737 0.1 40 0 0 90 60.6 49.7 49.7
5137 0.2 20 0 0 4737 0.1 40 0 0 120 60.7 50.0 50.0
5137 0.2 20 0 0 4737 0.1 40 0 0 150 60.5 50.1 50.1
5137 0.2 20 0 0 4737 0.1 40 0 0 180 60.6 50.2 50.2
5137 0.2 20 0 0 4737 0.1 50 0 0 0 59.5 50.4 50.4
5137 0.2 20 0 0 4737 0.1 50 0 0 30 59.6 50.4 50.4
5137 0.2 20 0 0 4737 0.1 50 0 0 60 59.8 50.4 50.4
5137 0.2 20 0 0 4737 0.1 50 0 0 90 59.8 50.5 50.5
5137 0.2 20 0 0 4737 0.1 50 0 0 120 59.8 50.7 50.7
5137 0.2 20 0 0 4737 0.1 50 0 0 150 59.7 50.8 50.8
5137 0.2 20 0 0 4737 0.1 50 0 0 180 59.7 50.8 50.8
5137 0.2 20 0 0 4737 0.1 60 0 0 0 58.2 51.4 51.4
5137 0.2 20 0 0 4737 0.1 60 0 0 30 58.4 51.6 51.6
5137 0.2 20 0 0 4737 0.1 60 0 0 60 58.5 51.7 51.7
5137 0.2 20 0 0 4737 0.1 60 0 0 90 58.5 51.9 51.9
5137 0.2 20 0 0 4737 0.1 60 0 0 120 58.4 52.1 52.1
5137 0.2 20 0 0 4737 0.1 60 0 0 150 58.4 52.3 52.3
5137 0.2 20 0 0 4737 0.1 60 0 0 180 58.3 52.2 52.2
5137 0.2 20 0 0 4737 0.2 0 0 0 0 61.0 52.7 52.7
5137 0.2 20 0 0 4737 0.2 0 0 0 30 61.1 52.8 52.8
5137 0.2 20 0 0 4737 0.2 0 0 0 60 61.2 53.0 53.0
5137 0.2 20 0 0 4737 0.2 0 0 0 90 61.3 53.1 53.1
5137 0.2 20 0 0 4737 0.2 0 0 0 120 61.4 53.3 53.3
5137 0.2 20 0 0 4737 0.2 0 0 0 150 61.3 53.5 53.5
5137 0.2 20 0 0 4737 0.2 0 0 0 180 61.3 53.4 53.4
5137 0.2 20 0 0 4737 0.2 10 0 0 0 60.9 52.4 52.4
5137 0.2 20 0 0 4737 0.2 10 0 0 30 61.1 52.4 52.4
5137 0.2 20 0 0 4737 0.2 10 0 0 60 61.2 52.6 52.6
5137 0.2 20 0 0 4737 0.2 10 0 0 90 61.2 52.7 52.7
5137 0.2 20 0 0 4737 0.2 10 0 0 120 61.3 52.9 52.9
5137 0.2 20 0 0 4737 0.2 10 0 0 150 61.2 53.2 53.2
5137 0.2 20 0 0 4737 0.2 10 0 0 180 61.2 53.1 53.1
5137 0.2 20 0 0 4737 0.2 20 0 0 0 60.7 51.1 51.1
5137 0.2 20 0 0 4737 0.2 20 0 0 30 60.9 51.2 51.2
5137 0.2 20 0 0 4737 0.2 20 0 0 60 61.0 51.3 51.3
5137 0.2 20 0 0 4737 0.2 20 0 0 90 61.1 51.4 51.4
5137 0.2 20 0 0 4737 0.2 20 0 0 120 61.1 51.7 51.7
5137 0.2 20 0 0 4737 0.2 20 0 0 150 61.0 51.9 51.9
5137 0.2 20 0 0 4737 0.2 20 0 0 180 61.0 51.9 51.9
5137 0.2 20 0 0 4737 0.2 30 0 0 0 60.4 49.3 49.3
5137 0.2 20 0 0 4737 0.2 30 0 0 30 60.6 49.2 49.2
5137 0.2 20 0 0 4737 0.2 30 0 0 60 60.6 49.3 49.3
5137 0.2 20 0 0 4737 0.2 30 0 0 90 60.7 49.2 49.2
5137 0.2 20 0 0 4737 0.2 30 0 0 120 60.8 49.4 49.4
5137 0.2 20 0 0 4737 0.2 30 0 0 150 60.7 49.6 49.6
5137 0.2 20 0 0 4737 0.2 30 0 0 180 60.7 49.6 49.6
5137 0.2 20 0 0 4737 0.2 40 0 0 0 59.9 49.3 49.3
5137 0.2 20 0 0 4737 0.2 40 0 0 30 60.0 49.3 49.3
5137 0.2 20 0 0 4737 0.2 40 0 0 60 60.1 49.4 49.4
5137 0.2 20 0 0 4737 0.2 40 0 0 90 60.2 49.3 49.3
5137 0.2 20 0 0 4737 0.2 40 0 0 120 60.3 49.4 49.4
5137 0.2 20 0 0 4737 0.2 40 0 0 150 60.1 49.6 49.6
5137 0.2 20 0 0 4737 0.2 40 0 0 180 60.1 49.6 49.6
5137 0.2 20 0 0 4737 0.2 50 0 0 0 59.1 49.9 49.9
5137 0.2 20 0 0 4737 0.2 50 0 0 30 59.2 50.0 50.0
5137 0.2 20 0 0 4737 0.2 50 0 0 60 59.3 50.0 50.0
5137 0.2 20 0 0 4737 0.2 50 0 0 90 59.4 50.0 50.0
5137 0.2 20 0 0 4737 0.2 50 0 0 120 59.3 50.1 50.1
5137 0.2 20 0 0 4737 0.2 50 0 0 150 59.2 50.4 50.4
5137 0.2 20 0 0 4737 0.2 50 0 0 180 59.2 50.3 50.3
5137 0.2 20 0 0 4737 0.2 60 0 0 0 57.8 50.7 50.7
5137 0.2 20 0 0 4737 0.2 60 0 0 30 58.0 50.8 50.8
5137 0.2 20 0 0 4737 0.2 60 0 0 60 58.0 51.1 51.1
5137 0.2 20 0 0 4737 0.2 60 0 0 90 58.0 51.2 51.2
5137 0.2 20 0 0 4737 0.2 60 0 0 120 57.9 51.4 51.4
5137 0.2 20 0 0 4737 0.2 60 0 0 150 57.8 51.7 51.7
5137 0.2 20 0 0 4737 0.2 60 0 0 180 57.7 51.7 51.7
5137 0.2 20 0 0 4737 0.3 0 0 0 0 60.6 52.0 52.0
5137 0.2 20 0 0 4737 0.3 0 0 0 30 60.7 52.1 52.1
5137 0.2 20 0 0 4737 0.3 0 0 0 60 60.8 52.3 52.3
5137 0.2 20 0 0 4737 0.3 0 0 0 90 60.9 52.3 52.3
5137 0.2 20 0 0 4737 0.3 0 0 0 120 61.0 52.6 52.6
5137 0.2 20 0 0 4737 0.3 0 0 0 150 60.9 52.9 52.9
5137 0.2 20 0 0 4737 0.3 0 0 0 180 60.9 52.7 52.7
5137 0.2 20 0 0 4737 0.3 10 0 0 0 60.5 51.7 51.7
5137 0.2 20 0 0 4737 0.3 10 0 0 30 60.7 51.7 51.7
5137 0.2 20 0 0 4737 0.3 10 0 0 60 60.8 51.8 51.8
5137 0.2 20 0 0 4737 0.3 10 0 0 90 60.8 52.0 52.0
5137 0.2 20 0 0 4737 0.3 10 0 0 120 60.9 52.1 52.1
5137 0.2 20 0 0 4737 0.3 10 0 0 150 60.8 52.4 52.4
5137 0.2 20 0 0 4737 0.3 10 0 0 180 60.8 52.4 52.4
5137 0.2 20 0 0 4737 0.3 20 0 0 0 60.3 50.2 50.2
5137 0.2 20 0 0 4737 0.3 20 0 0 30 60.5 50.3 50.3
5137 0.2 20 0 0 4737 0.3 20 0 0 60 60.6 50.4 50.4
5137 0.2 20 0 0 4737 0.3 20 0 0 90 60.6 50.5 50.5
5137 0.2 20 0 0 4737 0.3 20 0 0 120 60.7 50.7 50.7
5137 0.2 20 0 0 4737 0.3 20 0 0 150 60.6 51.0 51.0
5137 0.2 20 0 0 4737 0.3 20 0 0 180 60.6 51.0 51.0
5137 0.2 20 0 0 4737 0.3 30 0 0 0 59.9 48.8 48.8
5137 0.2 20 0 0 4737 0.3 30 0 0 30 60.1 48.8 48.8
5137 0.2 20 0 0 4737 0.3 30 0 0 60 60.2 48.9 48.9
5137 0.2 20 0 0 4737 0.3 30 0 0 90 60.3 48.9 48.9
5137 0.2 20 0 0 4737 0.3 30 0 0 120 60.3 49.1 49.1
5137 0.2 20 0 0 4737 0.3 30 0 0 150 60.3 49.3 49.3
5137 0.2 20 0 0 4737 0.3 30 0 0 180 60.2 49.3 49.3
5137 0.2 20 0 0 4737 0.3 40 0 0 0 59.4 48.9 48.9
5137 0.2 20 0 0 4737 0.3 40 0 0 30 59.6 48.9 48.9
5137 0.2 20 0 0 4737 0.3 40 0 0 60 59.7 49.0 49.0
5137 0.2 20 0 0 4737 0.3 40 0 0 90 59.7 49.0 49.0
5137 0.2 20 0 0 4737 0.3 40 0 0 120 59.8 49.2 49.2
5137 0.2 20 0 0 4737 0.3 40 0 0 150 59.7 49.4 49.4
5137 0.2 20 0 0 4737 0.3 40 0 0 180 59.6 49.4 49.4
5137 0.2 20 0 0 4737 0.3 50 0 0 0 58.7 49.6 49.6
5137 0.2 20 0 0 4737 0.3 50 0 0 30 58.8 49.6 49.6
5137 0.2 20 0 0 4737 0.3 50 0 0 60 58.9 49.8 49.8
5137 0.2 20 0 0 4737 0.3 50 0 0 90 58.9 49.8 49.8
5137 0.2 20 0 0 4737 0.3 50 0 0 120 58.9 49.9 49.9
5137 0.2 20 0 0 4737 0.3 50 0 0 150 58.8 50.0 50.0
5137 0.2 20 0 0 4737 0.3 50 0 0 180 58.7 49.9 49.9
5137 0.2 20 0 0 4737 0.3 60 0 0 0 57.4 50.2 50.2
5137 0.2 20 0 0 4737 0.3 60 0 0 30 57.5 50.3 50.3
5137 0.2 20 0 0 4737 0.3 60 0 0 60 57.5 50.4 50.4
5137 0.2 20 0 0 4737 0.3 60 0 0 90 57.5 50.5 50.5
5137 0.2 20 0 0 4737 0.3 60 0 0 120 57.3 50.8 50.8
5137 0.2 20 0 0 4737 0.3 60 0 0 150 57.1 51.2 51.2
5137 0.2 20 0 0 4737 0.3 60 0 0 180 57.0 51.1 51.1
5137 0.2 20 0 0 4737 0.4 0 0 0 0 60.1 51.3 51.3
5137 0.2 20 0 0 4737 0.4 0 0 0 30 60.3 51.3 51.3
5137 0.2 20 0 0 4737 0.4 0 0 0 60 60.4 51.3 51.3
5137 0.2 20 0 0 4737 0.4 0 0 0 90 60.4 51.6 51.6
5137 0.2 20 0 0 4737 0.4 0 0 0 120 60.5 51.6 51.6
5137 0.2 20 0 0 4737 0.4 0 0 0 150 60.5 52.0 52.0
5137 0.2 20 0 0 4737 0.4 0 0 0 180 60.4 52.0 52.0
5137 0.2 20 0 0 4737 0.4 10 0 0 0 60.0 50.9 50.9
5137 0.2 20 0 0 4737 0.4 10 0 0 30 60.2 50.9 50.9
5137 0.2 20 0 0 4737 0.4 10 0 0 60 60.4 50.9 50.9
5137 0.2 20 0 0 4737 0.4 10 0 0 90 60.3 51.1 51.1
5137 0.2 20 0 0 4737 0.4 10 0 0 120 60.5 51.2 51.2
5137 0.2 20 0 0 4737 0.4 10 0 0 150 60.4 51.6 51.6
5137 0.2 20 0 0 4737 0.4 10 0 0 180 60.3 51.5 51.5
5137 0.2 20 0 0 4737 0.4 20 0 0 0 59.8 49.0 49.0
5137 0.2 20 0 0 4737 0.4 20 0 0 30 60.0 49.1 49.1
5137 0.2 20 0 0 4737 0.4 20 0 0 60 60.2 49.2 49.2
5137 0.2 20 0 0 4737 0.4 20 0 0 90 60.1 49.3 49.3
5137 0.2 20 0 0 4737 0.4 20 0 0 120 60.3 49.6 49.6
5137 0.2 20 0 0 4737 0.4 20 0 0 150 60.2 50.0 50.0
5137 0.2 20 0 0 4737 0.4 20 0 0 180 60.1 49.9 49.9
5137 0.2 20 0 0 4737 0.4 30 0 0 0 59.5 48.7 48.7
5137 0.2 20 0 0 4737 0.4 30 0 0 30 59.6 48.7 48.7
5137 0.2 20 0 0 4737 0.4 30 0 0 60 59.8 48.8 48.8
5137 0.2 20 0 0 4737 0.4 30 0 0 90 59.8 48.7 48.7
5137 0.2 20 0 0 4737 0.4 30 0 0 120 59.9 48.8 48.8
5137 0.2 20 0 0 4737 0.4 30 0 0 150 59.8 49.0 49.0
5137 0.2 20 0 0 4737 0.4 30 0 0 180 59.7 49.0 49.0
5137 0.2 20 0 0 4737 0.4 40 0 0 0 59.0 48.8 48.8
5137 0.2 20 0 0 4737 0.4 40 0 0 30 59.1 48.8 48.8
5137 0.2 20 0 0 4737 0.4 40 0 0 60 59.3 48.9 48.9
5137 0.2 20 0 0 4737 0.4 40 0 0 90 59.3 48.9 48.9
5137 0.2 20 0 0 4737 0.4 40 0 0 120 59.3 48.9 48.9
5137 0.2 20 0 0 4737 0.4 40 0 0 150 59.2 49.1 49.1
5137 0.2 20 0 0 4737 0.4 40 0 0 180 59.1 49.1 49.1
5137 0.2 20 0 0 4737 0.4 50 0 0 0 58.2 49.1 49.1
5137 0.2 20 0 0 4737 0.4 50 0 0 30 58.3 49.3 49.3
5137 0.2 20 0 0 4737 0.4 50 0 0 60 58.4 49.4 49.4
5137 0.2 20 0 0 4737 0.4 50 0 0 90 58.4 49.5 49.5
5137 0.2 20 0 0 4737 0.4 50 0 0 120 58.4 49.5 49.5
5137 0.2 20 0 0 4737 0.4 50 0 0 150 58.2 49.8 49.8
5137 0.2 20 0 0 4737 0.4 50 0 0 180 58.2 49.7 49.7
5137 0.2 20 0 0 4737 0.4 60 0 0 0 56.9 49.7 49.7
5137 0.2 20 0 0 4737 0.4 60 0 0 30 57.0 49.8 49.8
5137 0.2 20 0 0 4737 0.4 60 0 0 60 57.0 49.9 49.9
5137 0.2 20 0 0 4737 0.4 60 0 0 90 56.9 49.9 49.9
5137 0.2 20 0 0 4737 0.4 60 0 0 120 56.6 50.2 50.2
5137 0.2 20 0 0 4737 0.4 60 0 0 150 56.3 50.6 50.6
5137 0.2 20 0 0 4737 0.4 60 0 0 180 56.2 50.6 50.6
5137 0.2 20 0 0 4737 0.5 0 0 0 0 59.8 50.1 50.1
5137 0.2 20 0 0 4737 0.5 0 0 0 30 59.8 50.1 50.1
5137 0.2 20 0 0 4737 0.5 0 0 0 60 59.9 50.2 50.2
5137 0.2 20 0 0 4737 0.5 0 0 0 90 60.1 50.3 50.3
5137 0.2 20 0 0 4737 0.5 0 0 0 120 60.0 50.5 50.5
5137 0.2 20 0 0 4737 0.5 0 0 0 150 60.0 50.9 50.9
5137 0.2 20 0 0 4737 0.5 0 0 0 180 59.9 50.7 50.7
5137 0.2 20 0 0 4737 0.5 10 0 0 0 59.7 49.5 49.5
5137 0.2 20 0 0 4737 0.5 10 0 0 30 59.7 49.5 49.5
5137 0.2 20 0 0 4737 0.5 10 0 0 60 59.9 49.5 49.5
5137 0.2 20 0 0 4737 0.5 10 0 0 90 60.0 49.7 49.7
5137 0.2 20 0 0 4737 0.5 10 0 0 120 59.9 49.8 49.8
5137 0.2 20 0 0 4737 0.5 10 0 0 150 59.9 50.3 50.3
5137 0.2 20 0 0 4737 0.5 10 0 0 180 59.8 50.2 50.2
5137 0.2 20 0 0 4737 0.5 20 0 0 0 59.5 48.8 48.8
5137 0.2 20 0 0 4737 0.5 20 0 0 30 59.5 48.8 48.8
5137 0.2 20 0 0 4737 0.5 20 0 0 60 59.6 48.9 48.9
5137 0.2 20 0 0 4737 0.5 20 0 0 90 59.8 49.1 49.1
5137 0.2 20 0 0 4737 0.5 20 0 0 120 59.7 49.3 49.3
5137 0.2 20 0 0 4737 0.5 20 0 0 150 59.7 49.6 49.6
5137 0.2 20 0 0 4737 0.5 20 0 0 180 59.6 49.4 49.4
5137 0.2 20 0 0 4737 0.5 30 0 0 0 59.2 48.8 48.8
5137 0.2 20 0 0 4737 0.5 30 0 0 30 59.2 48.9 48.9
5137 0.2 20 0 0 4737 0.5 30 0 0 60 59.3 48.9 48.9
5137 0.2 20 0 0 4737 0.5 30 0 0 90 59.4 48.9 48.9
5137 0.2 20 0 0 4737 0.5 30 0 0 120 59.3 48.9 48.9
5137 0.2 20 0 0 4737 0.5 30 0 0 150 59.2 49.0 49.0
5137 0.2 20 0 0 4737 0.5 30 0 0 180 59.2 48.8 48.8
5137 0.2 20 0 0 4737 0.5 40 0 0 0 58.6 48.8 48.8
5137 0.2 20 0 0 4737 0.5 40 0 0 30 58.7 48.9 48.9
5137 0.2 20 0 0 4737 0.5 40 0 0 60 58.7 49.0 49.0
5137 0.2 20 0 0 4737 0.5 40 0 0 90 58.8 49.0 49.0
5137 0.2 20 0 0 4737 0.5 40 0 0 120 58.8 48.9 48.9
5137 0.2 20 0 0 4737 0.5 40 0 0 150 58.6 49.1 49.1
5137 0.2 20 0 0 4737 0.5 40 0 0 180 58.6 49.1 49.1
5137 0.2 20 0 0 4737 0.5 50 0 0 0 57.8 48.9 48.9
5137 0.2 20 0 0 4737 0.5 50 0 0 30 57.9 48.9 48.9
5137 0.2 20 0 0 4737 0.5 50 0 0 60 57.9 49.1 49.1
5137 0.2 20 0 0 4737 0.5 50 0 0 90 57.9 49.2 49.2
5137 0.2 20 0 0 4737 0.5 50 0 0 120 57.8 49.2 49.2
5137 0.2 20 0 0 4737 0.5 50 0 0 150 57.6 49.5 49.5
5137 0.2 20 0 0 4737 0.5 50 0 0 180 57.5 49.5 49.5
5137 0.2 20 0 0 4737 0.5 60 0 0 0 56.7 49.2 49.2
5137 0.2 20 0 0 4737 0.5 60 0 0 30 56.7 49.2 49.2
5137 0.2 20 0 0 4737 0.5 60 0 0 60 56.7 49.4 49.4
5137 0.2 20 0 0 4737 0.5 60 0 0 90 56.7 49.5 49.5
5137 0.2 20 0 0 4737 0.5 60 0 0 120 56.4 49.5 49.5
5137 0.2 20 0 0 4737 0.5 60 0 0 150 55.9 50.1 50.1
5137 0.2 20 0 0 4737 0.5 60 0 0 180 55.6 50.2 50.2
5137 0.2 20 0 0 4937 0.0 0 0 0 0 62.0 54.4 54.4
5137 0.2 20 0 0 4937 0.0 0 0 0 30 62.6 55.1 55.1
5137 0.2 20 0 0 4937 0.0 0 0 0 60 63.0 55.6 55.6
5137 0.2 20 0 0 4937 0.0 0 0 0 90 63.2 56.0 56.0
5137 0.2 20 0 0 4937 0.0 0 0 0 120 63.2 56.0 56.0
5137 0.2 20 0 0 4937 0.0 0 0 0 150 62.9 55.8 55.8
5137 0.2 20 0 0 4937 0.0 0 0 0 180 62.6 55.3 55.3
5137 0.2 20 0 0 4937 0.0 10 0 0 0 61.9 54.0 54.0
5137 0.2 20 0 0 4937 0.0 10 0 0 30 62.5 54.6 54.6
5137 0.2 20 0 0 4937 0.0 10 0 0 60 62.9 55.2 55.2
5137 0.2 20 0 0 4937 0.0 10 0 0 90 63.1 55.6 55.6
5137 0.2 20 0 0 4937 0.0 10 0 0 120 63.1 55.8 55.8
5137 0.2 20 0 0 4937 0.0 10 0 0 150 62.8 55.6 55.6
5137 0.2 20 0 0 4937 0.0 10 0 0 180 62.5 55.1 55.1
5137 0.2 20 0 0 4937 0.0 20 0 0 0 61.8 52.9 52.9
5137 0.2 20 0 0 4937 0.0 20 0 0 30 62.4 53.5 53.5
5137 0.2 20 0 0 4937 0.0 20 0 0 60 62.7 54.2 54.2
5137 0.2 20 0 0 4937 0.0 20 0 0 90 63.0 54.6 54.6
5137 0.2 20 0 0 4937 0.0 20 0 0 120 63.0 54.8 54.8
5137 0.2 20 0 0 4937 0.0 20 0 0 150 62.6 54.6 54.6
5137 0.2 20 0 0 4937 0.0 20 0 0 180 62.3 54.1 54.1
5137 0.2 20 0 0 4937 0.0 30 0 0 0 61.5 50.7 50.7
5137 0.2 20 0 0 4937 0.0 30 0 0 30 62.1 51.5 51.5
5137 0.2 20 0 0 4937 0.0 30 0 0 60 62.5 52.2 52.2
5137 0.2 20 0 0 4937 0.0 30 0 0 90 62.7 52.5 52.5
5137 0.2 20 0 0 4937 0.0 30 0 0 120 62.6 52.5 52.5
5137 0.2 20 0 0 4937 0.0 30 0 0 150 62.3 52.3 52.3
5137 0.2 20 0 0 4937 0.0 30 0 0 180 62.0 51.6 51.6
5137 0.2 20 0 0 4937 0.0 40 0 0 0 61.0 50.5 50.5
5137 0.2 20 0 0 4937 0.0 40 0 0 30 61.6 51.3 51.3
5137 0.2 20 0 0 4937 0.0 40 0 0 60 62.0 52.0 52.0
5137 0.2 20 0 0 4937 0.0 40 0 0 90 62.2 52.4 52.4
5137 0.2 20 0 0 4937 0.0 40 0 0 120 62.2 52.5 52.5
5137 0.2 20 0 0 4937 0.0 40 0 0 150 61.9 52.3 52.3
5137 0.2 20 0 0 4937 0.0 40 0 0 180 61.5 51.6 51.6
5137 0.2 20 0 0 4937 0.0 50 0 0 0 60.3 50.9 50.9
5137 0.2 20 0 0 4937 0.0 50 0 0 30 61.0 51.7 51.7
5137 0.2 20 0 0 4937 0.0 50 0 0 60 61.3 52.6 52.6
5137 0.2 20 0 0 4937 0.0 50 0 0 90 61.5 53.1 53.1
5137 0.2 20 0 0 4937 0.0 50 0 0 120 61.4 53.3 53.3
5137 0.2 20 0 0 4937 0.0 50 0 0 150 61.1 53.0 53.0
5137 0.2 20 0 0 4937 0.0 50 0 0 180 60.7 52.3 52.3
5137 0.2 20 0 0 4937 0.0 60 0 0 0 59.1 52.1 52.1
5137 0.2 20 0 0 4937 0.0 60 0 0 30 59.7 52.8 52.8
5137 0.2 20 0 0 4937 0.0 60 0 0 60 60.1 53.5 53.5
5137 0.2 20 0 0 4937 0.0 60 0 0 90 60.2 53.9 53.9
5137 0.2 20 0 0 4937 0.0 60 0 0 120 60.1 54.1 54.1
5137 0.2 20 0 0 4937 0.0 60 0 0 150 59.9 54.1 54.1
5137 0.2 20 0 0 4937 0.0 60 0 0 180 59.5 53.7 53.7
5137 0.2 20 0 0 4937 0.1 0 0 0 0 61.7 53.8 53.8
5137 0.2 20 0 0 4937 0.1 0 0 0 30 62.1 54.3 54.3
5137 0.2 20 0 0 4937 0.1 0 0 0 60 62.5 54.9 54.9
5137 0.2 20 0 0 4937 0.1 0 0 0 90 62.8 55.4 55.4
5137 0.2 20 0 0 4937 0.1 0 0 0 120 62.8 55.6 55.6
5137 0.2 20 0 0 4937 0.1 0 0 0 150 62.5 55.4 55.4
5137 0.2 20 0 0 4937 0.1 0 0 0 180 62.1 54.8 54.8
5137 0.2 20 0 0 4937 0.1 10 0 0 0 61.6 53.3 53.3
5137 0.2 20 0 0 4937 0.1 10 0 0 30 62.1 53.9 53.9
5137 0.2 20 0 0 4937 0.1 10 0 0 60 62.4 54.5 54.5
5137 0.2 20 0 0 4937 0.1 10 0 0 90 62.7 55.0 55.0
5137 0.2 20 0 0 4937 0.1 10 0 0 120 62.8 55.3 55.3
5137 0.2 20 0 0 4937 0.1 10 0 0 150 62.5 55.2 55.2
5137 0.2 20 0 0 4937 0.1 10 0 0 180 62.0 54.6 54.6
5137 0.2 20 0 0 4937 0.1 20 0 0 0 61.5 52.1 52.1
5137 0.2 20 0 0 4937 0.1 20 0 0 30 61.9 52.8 52.8
5137 0.2 20 0 0 4937 0.1 20 0 0 60 62.3 53.4 53.4
5137 0.2 20 0 0 4937 0.1 20 0 0 90 62.5 54.0 54.0
5137 0.2 20 0 0 4937 0.1 20 0 0 120 62.6 54.3 54.3
5137 0.2 20 0 0 4937 0.1 20 0 0 150 62.3 54.2 54.2
5137 0.2 20 0 0 4937 0.1 20 0 0 180 61.9 53.6 53.6
5137 0.2 20 0 0 4937 0.1 30 0 0 0 61.1 49.9 49.9
5137 0.2 20 0 0 4937 0.1 30 0 0 30 61.6 50.7 50.7
5137 0.2 20 0 0 4937 0.1 30 0 0 60 62.0 51.4 51.4
5137 0.2 20 0 0 4937 0.1 30 0 0 90 62.2 52.0 52.0
5137 0.2 20 0 0 4937 0.1 30 0 0 120 62.3 52.1 52.1
5137 0.2 20 0 0 4937 0.1 30 0 0 150 61.9 51.8 51.8
5137 0.2 20 0 0 4937 0.1 30 0 0 180 61.5 51.1 51.1
5137 0.2 20 0 0 4937 0.1 40 0 0 0 60.7 49.8 49.8
5137 0.2 20 0 0 4937 0.1 40 0 0 30 61.2 50.5 50.5
5137 0.2 20 0 0 4937 0.1 40 0 0 60 61.6 51.2 51.2
5137 0.2 20 0 0 4937 0.1 40 0 0 90 61.8 51.9 51.9
5137 0.2 20 0 0 4937 0.1 40 0 0 120 61.8 52.1 52.1
5137 0.2 20 0 0 4937 0.1 40 0 0 150 61.5 51.8 51.8
5137 0.2 20 0 0 4937 0.1 40 0 0 180 61.0 51.2 51.2
5137 0.2 20 0 0 4937 0.1 50 0 0 0 60.0 50.1 50.1
5137 0.2 20 0 0 4937 0.1 50 0 0 30 60.5 50.8 50.8
5137 0.2 20 0 0 4937 0.1 50 0 0 60 60.8 51.6 51.6
5137 0.2 20 0 0 4937 0.1 50 0 0 90 61.0 52.3 52.3
5137 0.2 20 0 0 4937 0.1 50 0 0 120 61.0 52.8 52.8
5137 0.2 20 0 0 4937 0.1 50 0 0 150 60.7 52.8 52.8
5137 0.2 20 0 0 4937 0.1 50 0 0 180 60.3 52.0 52.0
5137 0.2 20 0 0 4937 0.1 60 0 0 0 58.7 51.4 51.4
5137 0.2 20 0 0 4937 0.1 60 0 0 30 59.2 51.9 51.9
5137 0.2 20 0 0 4937 0.1 60 0 0 60 59.6 52.5 52.5
5137 0.2 20 0 0 4937 0.1 60 0 0 90 59.7 53.1 53.1
5137 0.2 20 0 0 4937 0.1 60 0 0 120 59.7 53.5 53.5
5137 0.2 20 0 0 4937 0.1 60 0 0 150 59.6 53.7 53.7
5137 0.2 20 0 0 4937 0.1 60 0 0 180 59.1 53.3 53.3
5137 0.2 20 0 0 4937 0.2 0 0 0 0 61.4 53.1 53.1
5137 0.2 20 0 0 4937 0.2 0 0 0 30 61.8 53.6 53.6
5137 0.2 20 0 0 4937 0.2 0 0 0 60 62.1 54.1 54.1
5137 0.2 20 0 0 4937 0.2 0 0 0 90 62.3 54.7 54.7
5137 0.2 20 0 0 4937 0.2 0 0 0 120 62.4 55.1 55.1
5137 0.2 20 0 0 4937 0.2 0 0 0 150 62.2 55.0 55.0
5137 0.2 20 0 0 4937 0.2 0 0 0 180 61.6 54.2 54.2
5137 0.2 20 0 0 4937 0.2 10 0 0 0 61.3 52.6 52.6
5137 0.2 20 0 0 4937 0.2 10 0 0 30 61.7 53.1 53.1
5137 0.2 20 0 0 4937 0.2 10 0 0 60 62.0 53.7 53.7
5137 0.2 20 0 0 4937 0.2 10 0 0 90 62.3 54.3 54.3
5137 0.2 20 0 0 4937 0.2 10 0 0 120 62.3 54.7 54.7
5137 0.2 20 0 0 4937 0.2 10 0 0 150 62.1 54.7 54.7
5137 0.2 20 0 0 4937 0.2 10 0 0 180 61.6 54.0 54.0
5137 0.2 20 0 0 4937 0.2 20 0 0 0 61.2 51.4 51.4
5137 0.2 20 0 0 4937 0.2 20 0 0 30 61.5 51.9 51.9
5137 0.2 20 0 0 4937 0.2 20 0 0 60 61.8 52.6 52.6
5137 0.2 20 0 0 4937 0.2 20 0 0 90 62.1 53.2 53.2
5137 0.2 20 0 0 4937 0.2 20 0 0 120 62.2 53.7 53.7
5137 0.2 20 0 0 4937 0.2 20 0 0 150 61.9 53.7 53.7
5137 0.2 20 0 0 4937 0.2 20 0 0 180 61.4 53.0 53.0
5137 0.2 20 0 0 4937 0.2 30 0 0 0 60.9 49.2 49.2
5137 0.2 20 0 0 4937 0.2 30 0 0 30 61.3 49.9 49.9
5137 0.2 20 0 0 4937 0.2 30 0 0 60 61.6 50.7 50.7
5137 0.2 20 0 0 4937 0.2 30 0 0 90 61.8 51.4 51.4
5137 0.2 20 0 0 4937 0.2 30 0 0 120 61.9 51.8 51.8
5137 0.2 20 0 0 4937 0.2 30 0 0 150 61.6 51.5 51.5
5137 0.2 20 0 0 4937 0.2 30 0 0 180 61.0 50.7 50.7
5137 0.2 20 0 0 4937 0.2 40 0 0 0 60.4 49.1 49.1
5137 0.2 20 0 0 4937 0.2 40 0 0 30 60.8 49.8 49.8
5137 0.2 20 0 0 4937 0.2 40 0 0 60 61.1 50.5 50.5
5137 0.2 20 0 0 4937 0.2 40 0 0 90 61.3 51.2 51.2
5137 0.2 20 0 0 4937 0.2 40 0 0 120 61.4 51.7 51.7
5137 0.2 20 0 0 4937 0.2 40 0 0 150 61.1 51.6 51.6
5137 0.2 20 0 0 4937 0.2 40 0 0 180 60.5 50.8 50.8
5137 0.2 20 0 0 4937 0.2 50 0 0 0 59.6 49.4 49.4
5137 0.2 20 0 0 4937 0.2 50 0 0 30 60.1 49.9 49.9
5137 0.2 20 0 0 4937 0.2 50 0 0 60 60.4 50.7 50.7
5137 0.2 20 0 0 4937 0.2 50 0 0 90 60.6 51.5 51.5
5137 0.2 20 0 0 4937 0.2 50 0 0 120 60.7 52.2 52.2
5137 0.2 20 0 0 4937 0.2 50 0 0 150 60.4 52.4 52.4
5137 0.2 20 0 0 4937 0.2 50 0 0 180 59.7 51.7 51.7
5137 0.2 20 0 0 4937 0.2 60 0 0 0 58.2 50.7 50.7
5137 0.2 20 0 0 4937 0.2 60 0 0 30 58.7 51.2 51.2
5137 0.2 20 0 0 4937 0.2 60 0 0 60 59.1 51.7 51.7
5137 0.2 20 0 0 4937 0.2 60 0 0 90 59.3 52.3 52.3
5137 0.2 20 0 0 4937 0.2 60 0 0 120 59.3 52.9 52.9
5137 0.2 20 0 0 4937 0.2 60 0 0 150 59.2 53.1 53.1
5137 0.2 20 0 0 4937 0.2 60 0 0 180 58.7 52.7 52.7
5137 0.2 20 0 0 4937 0.3 0 0 0 0 61.1 52.4 52.4
5137 0.2 20 0 0 4937 0.3 0 0 0 30 61.5 52.9 52.9
5137 0.2 20 0 0 4937 0.3 0 0 0 60 61.7 53.4 53.4
5137 0.2 20 0 0 4937 0.3 0 0 0 90 61.9 54.0 54.0
5137 0.2 20 0 0 4937 0.3 0 0 0 120 62.0 54.5 54.5
5137 0.2 20 0 0 4937 0.3 0 0 0 150 61.8 54.5 54.5
5137 0.2 20 0 0 4937 0.3 0 0 0 180 61.1 53.5 53.5
5137 0.2 20 0 0 4937 0.3 10 0 0 0 61.0 51.9 51.9
5137 0.2 20 0 0 4937 0.3 10 0 0 30 61.4 52.4 52.4
5137 0.2 20 0 0 4937 0.3 10 0 0 60 61.6 52.9 52.9
5137 0.2 20 0 0 4937 0.3 10 0 0 90 61.8 53.5 53.5
5137 0.2 20 0 0 4937 0.3 10 0 0 120 62.0 54.0 54.0
5137 0.2 20 0 0 4937 0.3 10 0 0 150 61.7 54.2 54.2
5137 0.2 20 0 0 4937 0.3 10 0 0 180 61.0 53.3 53.3
5137 0.2 20 0 0 4937 0.3 20 0 0 0 60.8 50.5 50.5
5137 0.2 20 0 0 4937 0.3 20 0 0 30 61.2 51.0 51.0
5137 0.2 20 0 0 4937 0.3 20 0 0 60 61.4 51.5 51.5
5137 0.2 20 0 0 4937 0.3 20 0 0 90 61.7 52.2 52.2
5137 0.2 20 0 0 4937 0.3 20 0 0 120 61.8 52.9 52.9
5137 0.2 20 0 0 4937 0.3 20 0 0 150 61.5 53.2 53.2
5137 0.2 20 0 0 4937 0.3 20 0 0 180 60.9 52.3 52.3
5137 0.2 20 0 0 4937 0.3 30 0 0 0 60.5 48.7 48.7
5137 0.2 20 0 0 4937 0.3 30 0 0 30 60.9 49.3 49.3
5137 0.2 20 0 0 4937 0.3 30 0 0 60 61.2 49.9 49.9
5137 0.2 20 0 0 4937 0.3 30 0 0 90 61.4 50.7 50.7
5137 0.2 20 0 0 4937 0.3 30 0 0 120 61.5 51.5 51.5
5137 0.2 20 0 0 4937 0.3 30 0 0 150 61.2 51.4 51.4
5137 0.2 20 0 0 4937 0.3 30 0 0 180 60.5 50.3 50.3
5137 0.2 20 0 0 4937 0.3 40 0 0 0 60.0 48.5 48.5
5137 0.2 20 0 0 4937 0.3 40 0 0 30 60.4 49.1 49.1
5137 0.2 20 0 0 4937 0.3 40 0 0 60 60.7 49.7 49.7
5137 0.2 20 0 0 4937 0.3 40 0 0 90 60.9 50.5 50.5
5137 0.2 20 0 0 4937 0.3 40 0 0 120 61.1 51.3 51.3
5137 0.2 20 0 0 4937 0.3 40 0 0 150 60.8 51.5 51.5
5137 0.2 20 0 0 4937 0.3 40 0 0 180 60.0 50.5 50.5
5137 0.2 20 0 0 4937 0.3 50 0 0 0 59.2 48.9 48.9
5137 0.2 20 0 0 4937 0.3 50 0 0 30 59.6 49.3 49.3
5137 0.2 20 0 0 4937 0.3 50 0 0 60 59.9 49.8 49.8
5137 0.2 20 0 0 4937 0.3 50 0 0 90 60.2 50.6 50.6
5137 0.2 20 0 0 4937 0.3 50 0 0 120 60.3 51.4 51.4
5137 0.2 20 0 0 4937 0.3 50 0 0 150 60.1 52.0 52.0
5137 0.2 20 0 0 4937 0.3 50 0 0 180 59.3 51.4 51.4
5137 0.2 20 0 0 4937 0.3 60 0 0 0 57.8 50.2 50.2
5137 0.2 20 0 0 4937 0.3 60 0 0 30 58.1 50.5 50.5
5137 0.2 20 0 0 4937 0.3 60 0 0 60 58.5 50.9 50.9
5137 0.2 20 0 0 4937 0.3 60 0 0 90 58.8 51.4 51.4
5137 0.2 20 0 0 4937 0.3 60 0 0 120 58.8 52.1 52.1
5137 0.2 20 0 0 4937 0.3 60 0 0 150 58.8 52.5 52.5
5137 0.2 20 0 0 4937 0.3 60 0 0 180 58.2 52.2 52.2
5137 0.2 20 0 0 4937 0.4 0 0 0 0 60.8 51.8 51.8
5137 0.2 20 0 0 4937 0.4 0 0 0 30 61.1 52.2 52.2
5137 0.2 20 0 0 4937 0.4 0 0 0 60 61.3 52.6 52.6
5137 0.2 20 0 0 4937 0.4 0 0 0 90 61.5 53.2 53.2
5137 0.2 20 0 0 4937 0.4 0 0 0 120 61.7 53.8 53.8
5137 0.2 20 0 0 4937 0.4 0 0 0 150 61.4 54.0 54.0
5137 0.2 20 0 0 4937 0.4 0 0 0 180 60.6 52.7 52.7
5137 0.2 20 0 0 4937 0.4 10 0 0 0 60.7 51.2 51.2
5137 0.2 20 0 0 4937 0.4 10 0 0 30 61.1 51.6 51.6
5137 0.2 20 0 0 4937 0.4 10 0 0 60 61.2 52.0 52.0
5137 0.2 20 0 0 4937 0.4 10 0 0 90 61.5 52.6 52.6
5137 0.2 20 0 0 4937 0.4 10 0 0 120 61.6 53.3 53.3
5137 0.2 20 0 0 4937 0.4 10 0 0 150 61.4 53.6 53.6
5137 0.2 20 0 0 4937 0.4 10 0 0 180 60.5 52.5 52.5
5137 0.2 20 0 0 4937 0.4 20 0 0 0 60.5 49.1 49.1
5137 0.2 20 0 0 4937 0.4 20 0 0 30 60.9 49.5 49.5
5137 0.2 20 0 0 4937 0.4 20 0 0 60 61.1 50.0 50.0
5137 0.2 20 0 0 4937 0.4 20 0 0 90 61.3 50.7 50.7
5137 0.2 20 0 0 4937 0.4 20 0 0 120 61.5 51.6 51.6
5137 0.2 20 0 0 4937 0.4 20 0 0 150 61.2 52.4 52.4
5137 0.2 20 0 0 4937 0.4 20 0 0 180 60.3 51.1 51.1
5137 0.2 20 0 0 4937 0.4 30 0 0 0 60.2 48.3 48.3
5137 0.2 20 0 0 4937 0.4 30 0 0 30 60.5 48.8 48.8
5137 0.2 20 0 0 4937 0.4 30 0 0 60 60.8 49.4 49.4
5137 0.2 20 0 0 4937 0.4 30 0 0 90 61.0 50.1 50.1
5137 0.2 20 0 0 4937 0.4 30 0 0 120 61.2 51.1 51.1
5137 0.2 20 0 0 4937 0.4 30 0 0 150 60.9 51.5 51.5
5137 0.2 20 0 0 4937 0.4 30 0 0 180 60.0 50.1 50.1
5137 0.2 20 0 0 4937 0.4 40 0 0 0 59.7 48.2 48.2
5137 0.2 20 0 0 4937 0.4 40 0 0 30 60.0 48.6 48.6
5137 0.2 20 0 0 4937 0.4 40 0 0 60 60.2 49.2 49.2
5137 0.2 20 0 0 4937 0.4 40 0 0 90 60.6 49.9 49.9
5137 0.2 20 0 0 4937 0.4 40 0 0 120 60.7 50.8 50.8
5137 0.2 20 0 0 4937 0.4 40 0 0 150 60.5 51.4 51.4
5137 0.2 20 0 0 4937 0.4 40 0 0 180 59.5 50.4 50.4
5137 0.2 20 0 0 4937 0.4 50 0 0 0 58.8 48.7 48.7
5137 0.2 20 0 0 4937 0.4 50 0 0 30 59.1 49.0 49.0
5137 0.2 20 0 0 4937 0.4 50 0 0 60 59.4 49.4 49.4
5137 0.2 20 0 0 4937 0.4 50 0 0 90 59.8 49.9 49.9
5137 0.2 20 0 0 4937 0.4 50 0 0 120 59.9 50.8 50.8
5137 0.2 20 0 0 4937 0.4 50 0 0 150 59.8 51.5 51.5
5137 0.2 20 0 0 4937 0.4 50 0 0 180 58.8 51.0 51.0
5137 0.2 20 0 0 4937 0.4 60 0 0 0 57.0 49.6 49.6
5137 0.2 20 0 0 4937 0.4 60 0 0 30 57.3 49.9 49.9
5137 0.2 20 0 0 4937 0.4 60 0 0 60 57.6 50.2 50.2
5137 0.2 20 0 0 4937 0.4 60 0 0 90 58.0 50.7 50.7
5137 0.2 20 0 0 4937 0.4 60 0 0 120 58.1 51.4 51.4
5137 0.2 20 0 0 4937 0.4 60 0 0 150 58.1 51.9 51.9
5137 0.2 20 0 0 4937 0.4 60 0 0 180 57.8 51.7 51.7
5137 0.2 20 0 0 4937 0.5 0 0 0 0 60.6 50.9 50.9
5137 0.2 20 0 0 4937 0.5 0 0 0 30 60.8 51.2 51.2
5137 0.2 20 0 0 4937 0.5 0 0 0 60 61.0 51.6 51.6
5137 0.2 20 0 0 4937 0.5 0 0 0 90 61.2 52.1 52.1
5137 0.2 20 0 0 4937 0.5 0 0 0 120 61.4 52.8 52.8
5137 0.2 20 0 0 4937 0.5 0 0 0 150 61.2 53.2 53.2
5137 0.2 20 0 0 4937 0.5 0 0 0 180 60.0 51.5 51.5
5137 0.2 20 0 0 4937 0.5 10 0 0 0 60.5 50.1 50.1
5137 0.2 20 0 0 4937 0.5 10 0 0 30 60.7 50.4 50.4
5137 0.2 20 0 0 4937 0.5 10 0 0 60 60.9 50.7 50.7
5137 0.2 20 0 0 4937 0.5 10 0 0 90 61.1 51.2 51.2
5137 0.2 20 0 0 4937 0.5 10 0 0 120 61.3 52.0 52.0
5137 0.2 20 0 0 4937 0.5 10 0 0 150 61.1 52.6 52.6
5137 0.2 20 0 0 4937 0.5 10 0 0 180 59.9 51.2 51.2
5137 0.2 20 0 0 4937 0.5 20 0 0 0 60.3 48.6 48.6
5137 0.2 20 0 0 4937 0.5 20 0 0 30 60.5 48.9 48.9
5137 0.2 20 0 0 4937 0.5 20 0 0 60 60.7 49.4 49.4
5137 0.2 20 0 0 4937 0.5 20 0 0 90 60.9 50.1 50.1
5137 0.2 20 0 0 4937 0.5 20 0 0 120 61.1 51.1 51.1
5137 0.2 20 0 0 4937 0.5 20 0 0 150 61.0 52.2 52.2
5137 0.2 20 0 0 4937 0.5 20 0 0 180 59.7 50.4 50.4
5137 0.2 20 0 0 4937 0.5 30 0 0 0 59.9 48.3 48.3
5137 0.2 20 0 0 4937 0.5 30 0 0 30 60.1 48.7 48.7
5137 0.2 20 0 0 4937 0.5 30 0 0 60 60.3 49.1 49.1
5137 0.2 20 0 0 4937 0.5 30 0 0 90 60.6 49.8 49.8
5137 0.2 20 0 0 4937 0.5 30 0 0 120 60.9 50.8 50.8
5137 0.2 20 0 0 4937 0.5 30 0 0 150 60.7 51.6 51.6
5137 0.2 20 0 0 4937 0.5 30 0 0 180 59.4 50.0 50.0
5137 0.2 20 0 0 4937 0.5 40 0 0 0 59.3 48.2 48.2
5137 0.2 20 0 0 4937 0.5 40 0 0 30 59.6 48.5 48.5
5137 0.2 20 0 0 4937 0.5 40 0 0 60 59.8 48.9 48.9
5137 0.2 20 0 0 4937 0.5 40 0 0 90 60.1 49.4 49.4
5137 0.2 20 0 0 4937 0.5 40 0 0 120 60.4 50.4 50.4
5137 0.2 20 0 0 4937 0.5 40 0 0 150 60.3 51.3 51.3
5137 0.2 20 0 0 4937 0.5 40 0 0 180 59.0 50.2 50.2
5137 0.2 20 0 0 4937 0.5 50 0 0 0 58.3 48.6 48.6
5137 0.2 20 0 0 4937 0.5 50 0 0 30 58.6 48.8 48.8
5137 0.2 20 0 0 4937 0.5 50 0 0 60 58.8 49.0 49.0
5137 0.2 20 0 0 4937 0.5 50 0 0 90 59.2 49.5 49.5
5137 0.2 20 0 0 4937 0.5 50 0 0 120 59.5 50.2 50.2
5137 0.2 20 0 0 4937 0.5 50 0 0 150 59.4 51.2 51.2
5137 0.2 20 0 0 4937 0.5 50 0 0 180 58.3 50.7 50.7
5137 0.2 20 0 0 4937 0.5 60 0 0 0 56.4 49.2 49.2
5137 0.2 20 0 0 4937 0.5 60 0 0 30 56.7 49.4 49.4
5137 0.2 20 0 0 4937 0.5 60 0 0 60 57.0 49.7 49.7
5137 0.2 20 0 0 4937 0.5 60 0 0 90 57.3 50.1 50.1
5137 0.2 20 0 0 4937 0.5 60 0 0 120 57.6 50.8 50.8
5137 0.2 20 0 0 4937 0.5 60 0 0 150 57.7 51.4 51.4
5137 0.2 20 0 0 4937 0.5 60 0 0 180 57.2 51.0 51.0
5137 0.2 20 0 0 5137 0.0 0 0 0 0 43.2 39.0 39.0
5137 0.2 20 0 0 5137 0.0 0 0 0 30 49.0 44.2 44.2
5137 0.2 20 0 0 5137 0.0 0 0 0 60 57.3 51.5 51.5
5137 0.2 20 0 0 5137 0.0 0 0 0 90 65.6 59.8 59.8
5137 0.2 20 0 0 5137 0.0 0 0 0 120 73.1 66.0 66.0
5137 0.2 20 0 0 5137 0.0 0 0 0 150 77.1 66.1 66.1
5137 0.2 20 0 0 5137 0.0 0 0 0 180 77.5 66.2 66.2
5137 0.2 20 0 0 5137 0.0 10 0 0 0 43.1 38.3 38.3
5137 0.2 20 0 0 5137 0.0 10 0 0 30 48.8 43.3 43.3
5137 0.2 20 0 0 5137 0.0 10 0 0 60 57.2 51.3 51.3
5137 0.2 20 0 0 5137 0.0 10 0 0 90 65.5 59.5 59.5
5137 0.2 20 0 0 5137 0.0 10 0 0 120 73.1 64.9 64.9
5137 0.2 20 0 0 5137 0.0 10 0 0 150 77.0 65.8 65.8
5137 0.2 20 0 0 5137 0.0 10 0 0 180 77.4 65.9 65.9
5137 0.2 20 0 0 5137 0.0 20 0 0 0 43.0 37.4 37.4
5137 0.2 20 0 0 5137 0.0 20 0 0 30 48.6 42.2 42.2
5137 0.2 20 0 0 5137 0.0 20 0 0 60 56.9 50.6 50.6
5137 0.2 20 0 0 5137 0.0 20 0 0 90 65.2 58.0 58.0
5137 0.2 20 0 0 5137 0.0 20 0 0 120 73.0 62.9 62.9
5137 0.2 20 0 0 5137 0.0 20 0 0 150 76.8 64.6 64.6
5137 0.2 20 0 0 5137 0.0 20 0 0 180 77.2 64.7 64.7
5137 0.2 20 0 0 5137 0.0 30 0 0 0 42.8 37.0 37.0
5137 0.2 20 0 0 5137 0.0 30 0 0 30 48.2 41.3 41.3
5137 0.2 20 0 0 5137 0.0 30 0 0 60 56.6 47.9 47.9
5137 0.2 20 0 0 5137 0.0 30 0 0 90 64.9 54.1 54.1
5137 0.2 20 0 0 5137 0.0 30 0 0 120 72.7 58.9 58.9
5137 0.2 20 0 0 5137 0.0 30 0 0 150 76.3 61.4 61.4
5137 0.2 20 0 0 5137 0.0 30 0 0 180 76.7 61.6 61.6
5137 0.2 20 0 0 5137 0.0 40 0 0 0 42.4 37.3 37.3
5137 0.2 20 0 0 5137 0.0 40 0 0 30 47.7 41.6 41.6
5137 0.2 20 0 0 5137 0.0 40 0 0 60 56.0 47.4 47.4
5137 0.2 20 0 0 5137 0.0 40 0 0 90 64.4 53.2 53.2
5137 0.2 20 0 0 5137 0.0 40 0 0 120 72.3 57.8 57.8
5137 0.2 20 0 0 5137 0.0 40 0 0 150 75.5 60.8 60.8
5137 0.2 20 0 0 5137 0.0 40 0 0 180 76.0 61.4 61.4
5137 0.2 20 0 0 5137 0.0 50 0 0 0 42.0 38.6 38.6
5137 0.2 20 0 0 5137 0.0 50 0 0 30 47.0 42.3 42.3
5137 0.2 20 0 0 5137 0.0 50 0 0 60 55.3 47.7 47.7
5137 0.2 20 0 0 5137 0.0 50 0 0 90 63.6 53.1 53.1
5137 0.2 20 0 0 5137 0.0 50 0 0 120 71.4 57.8 57.8
5137 0.2 20 0 0 5137 0.0 50 0 0 150 74.3 60.9 60.9
5137 0.2 20 0 0 5137 0.0 50 0 0 180 74.8 62.3 62.3
5137 0.2 20 0 0 5137 0.0 60 0 0 0 42.0 40.7 40.7
5137 0.2 20 0 0 5137 0.0 60 0 0 30 46.0 43.8 43.8
5137 0.2 20 0 0 5137 0.0 60 0 0 60 54.2 48.5 48.5
5137 0.2 20 0 0 5137 0.0 60 0 0 90 62.6 53.7 53.7
5137 0.2 20 0 0 5137 0.0 60 0 0 120 69.6 58.4 58.4
5137 0.2 20 0 0 5137 0.0 60 0 0 150 72.3 61.6 61.6
5137 0.2 20 0 0 5137 0.0 60 0 0 180 73.0 63.8 63.8
5137 0.2 20 0 0 5137 0.1 0 0 0 0 41.3 37.9 37.9
5137 0.2 20 0 0 5137 0.1 0 0 0 30 47.5 42.3 42.3
5137 0.2 20 0 0 5137 0.1 0 0 0 60 54.6 48.7 48.7
5137 0.2 20 0 0 5137 0.1 0 0 0 90 62.4 56.6 56.6
5137 0.2 20 0 0 5137 0.1 0 0 0 120 70.5 63.8 63.8
5137 0.2 20 0 0 5137 0.1 0 0 0 150 75.6 65.9 65.9
5137 0.2 20 0 0 5137 0.1 0 0 0 180 77.5 65.9 65.9
5137 0.2 20 0 0 5137 0.1 10 0 0 0 41.2 36.5 36.5
5137 0.2 20 0 0 5137 0.1 10 0 0 30 47.4 41.5 41.5
5137 0.2 20 0 0 5137 0.1 10 0 0 60 54.5 48.5 48.5
5137 0.2 20 0 0 5137 0.1 10 0 0 90 62.3 56.3 56.3
5137 0.2 20 0 0 5137 0.1 10 0 0 120 70.4 62.6 62.6
5137 0.2 20 0 0 5137 0.1 10 0 0 150 75.6 65.6 65.6
5137 0.2 20 0 0 5137 0.1 10 0 0 180 77.5 65.7 65.7
5137 0.2 20 0 0 5137 0.1 20 0 0 0 41.1 35.3 35.3
5137 0.2 20 0 0 5137 0.1 20 0 0 30 47.1 40.7 40.7
5137 0.2 20 0 0 5137 0.1 20 0 0 60 54.3 47.8 47.8
5137 0.2 20 0 0 5137 0.1 20 0 0 90 62.1 54.8 54.8
5137 0.2 20 0 0 5137 0.1 20 0 0 120 70.3 60.4 60.4
5137 0.2 20 0 0 5137 0.1 20 0 0 150 75.4 64.0 64.0
5137 0.2 20 0 0 5137 0.1 20 0 0 180 77.2 64.5 64.5
5137 0.2 20 0 0 5137 0.1 30 0 0 0 40.8 35.1 35.1
5137 0.2 20 0 0 5137 0.1 30 0 0 30 46.7 39.3 39.3
5137 0.2 20 0 0 5137 0.1 30 0 0 60 53.9 45.1 45.1
5137 0.2 20 0 0 5137 0.1 30 0 0 90 61.7 51.0 51.0
5137 0.2 20 0 0 5137 0.1 30 0 0 120 70.0 56.4 56.4
5137 0.2 20 0 0 5137 0.1 30 0 0 150 74.9 60.2 60.2
5137 0.2 20 0 0 5137 0.1 30 0 0 180 76.7 61.4 61.4
5137 0.2 20 0 0 5137 0.1 40 0 0 0 40.5 36.0 36.0
5137 0.2 20 0 0 5137 0.1 40 0 0 30 46.2 39.6 39.6
5137 0.2 20 0 0 5137 0.1 40 0 0 60 53.4 44.6 44.6
5137 0.2 20 0 0 5137 0.1 40 0 0 90 61.2 50.1 50.1
5137 0.2 20 0 0 5137 0.1 40 0 0 120 69.6 55.3 55.3
5137 0.2 20 0 0 5137 0.1 40 0 0 150 74.2 59.3 59.3
5137 0.2 20 0 0 5137 0.1 40 0 0 180 76.0 61.2 61.2
5137 0.2 20 0 0 5137 0.1 50 0 0 0 40.4 37.7 37.7
5137 0.2 20 0 0 5137 0.1 50 0 0 30 45.5 40.3 40.3
5137 0.2 20 0 0 5137 0.1 50 0 0 60 52.7 44.8 44.8
5137 0.2 20 0 0 5137 0.1 50 0 0 90 60.5 50.0 50.0
5137 0.2 20 0 0 5137 0.1 50 0 0 120 68.9 55.1 55.1
5137 0.2 20 0 0 5137 0.1 50 0 0 150 73.1 59.2 59.2
5137 0.2 20 0 0 5137 0.1 50 0 0 180 74.8 62.0 62.0
5137 0.2 20 0 0 5137 0.1 60 0 0 0 40.7 40.0 40.0
5137 0.2 20 0 0 5137 0.1 60 0 0 30 44.5 42.2 42.2
5137 0.2 20 0 0 5137 0.1 60 0 0 60 51.6 46.0 46.0
5137 0.2 20 0 0 5137 0.1 60 0 0 90 59.4 50.5 50.5
5137 0.2 20 0 0 5137 0.1 60 0 0 120 67.3 55.5 55.5
5137 0.2 20 0 0 5137 0.1 60 0 0 150 71.2 59.8 59.8
5137 0.2 20 0 0 5137 0.1 60 0 0 180 72.8 62.9 62.9
5137 0.2 20 0 0 5137 0.2 0 0 0 0 40.6 37.6 37.6
5137 0.2 20 0 0 5137 0.2 0 0 0 30 46.2 40.5 40.5
5137 0.2 20 0 0 5137 0.2 0 0 0 60 52.2 46.2 46.2
5137 0.2 20 0 0 5137 0.2 0 0 0 90 59.3 53.3 53.3
5137 0.2 20 0 0 5137 0.2 0 0 0 120 67.6 61.0 61.0
5137 0.2 20 0 0 5137 0.2 0 0 0 150 73.8 65.4 65.4
5137 0.2 20 0 0 5137 0.2 0 0 0 180 77.0 65.1 65.1
5137 0.2 20 0 0 5137 0.2 10 0 0 0 40.5 35.6 35.6
5137 0.2 20 0 0 5137 0.2 10 0 0 30 46.1 40.0 40.0
5137 0.2 20 0 0 5137 0.2 10 0 0 60 52.1 46.0 46.0
5137 0.2 20 0 0 5137 0.2 10 0 0 90 59.2 53.1 53.1
5137 0.2 20 0 0 5137 0.2 10 0 0 120 67.5 59.7 59.7
5137 0.2 20 0 0 5137 0.2 10 0 0 150 73.8 64.4 64.4
5137 0.2 20 0 0 5137 0.2 10 0 0 180 76.9 65.4 65.4
5137 0.2 20 0 0 5137 0.2 20 0 0 0 40.2 33.7 33.7
5137 0.2 20 0 0 5137 0.2 20 0 0 30 45.8 39.2 39.2
5137 0.2 20 0 0 5137 0.2 20 0 0 60 51.8 45.3 45.3
5137 0.2 20 0 0 5137 0.2 20 0 0 90 59.0 51.6 51.6
5137 0.2 20 0 0 5137 0.2 20 0 0 120 67.3 57.6 57.6
5137 0.2 20 0 0 5137 0.2 20 0 0 150 73.5 62.4 62.4
5137 0.2 20 0 0 5137 0.2 20 0 0 180 76.7 64.3 64.3
5137 0.2 20 0 0 5137 0.2 30 0 0 0 39.9 34.0 34.0
5137 0.2 20 0 0 5137 0.2 30 0 0 30 45.4 37.6 37.6
5137 0.2 20 0 0 5137 0.2 30 0 0 60 51.5 42.5 42.5
5137 0.2 20 0 0 5137 0.2 30 0 0 90 58.6 48.0 48.0
5137 0.2 20 0 0 5137 0.2 30 0 0 120 67.0 53.7 53.7
5137 0.2 20 0 0 5137 0.2 30 0 0 150 73.1 58.6 58.6
5137 0.2 20 0 0 5137 0.2 30 0 0 180 76.2 61.3 61.3
5137 0.2 20 0 0 5137 0.2 40 0 0 0 39.6 35.5 35.5
5137 0.2 20 0 0 5137 0.2 40 0 0 30 44.9 37.8 37.8
5137 0.2 20 0 0 5137 0.2 40 0 0 60 51.0 42.1 42.1
5137 0.2 20 0 0 5137 0.2 40 0 0 90 58.1 47.1 47.1
5137 0.2 20 0 0 5137 0.2 40 0 0 120 66.6 52.5 52.5
5137 0.2 20 0 0 5137 0.2 40 0 0 150 72.5 57.6 57.6
5137 0.2 20 0 0 5137 0.2 40 0 0 180 75.4 61.0 61.0
5137 0.2 20 0 0 5137 0.2 50 0 0 0 39.8 37.2 37.2
5137 0.2 20 0 0 5137 0.2 50 0 0 30 44.2 38.9 38.9
5137 0.2 20 0 0 5137 0.2 50 0 0 60 50.2 42.3 42.3
5137 0.2 20 0 0 5137 0.2 50 0 0 90 57.3 47.0 47.0
5137 0.2 20 0 0 5137 0.2 50 0 0 120 65.8 52.3 52.3
5137 0.2 20 0 0 5137 0.2 50 0 0 150 71.4 57.5 57.5
5137 0.2 20 0 0 5137 0.2 50 0 0 180 74.1 61.4 61.4
5137 0.2 20 0 0 5137 0.2 60 0 0 0 40.4 39.4 39.4
5137 0.2 20 0 0 5137 0.2 60 0 0 30 43.7 40.9 40.9
5137 0.2 20 0 0 5137 0.2 60 0 0 60 49.1 43.8 43.8
5137 0.2 20 0 0 5137 0.2 60 0 0 90 56.3 47.7 47.7
5137 0.2 20 0 0 5137 0.2 60 0 0 120 64.5 52.6 52.6
5137 0.2 20 0 0 5137 0.2 60 0 0 150 69.5 57.8 57.8
5137 0.2 20 0 0 5137 0.2 60 0 0 180 72.0 62.0 62.0
5137 0.2 20 0 0 5137 0.3 0 0 0 0 41.3 37.5 37.5
5137 0.2 20 0 0 5137 0.3 0 0 0 30 45.0 39.6 39.6
5137 0.2 20 0 0 5137 0.3 0 0 0 60 50.0 43.8 43.8
5137 0.2 20 0 0 5137 0.3 0 0 0 90 56.3 50.1 50.1
5137 0.2 20 0 0 5137 0.3 0 0 0 120 64.4 57.7 57.7
5137 0.2 20 0 0 5137 0.3 0 0 0 150 71.7 63.7 63.7
5137 0.2 20 0 0 5137 0.3 0 0 0 180 75.7 64.1 64.1
5137 0.2 20 0 0 5137 0.3 10 0 0 0 41.3 35.7 35.7
5137 0.2 20 0 0 5137 0.3 10 0 0 30 44.9 38.7 38.7
5137 0.2 20 0 0 5137 0.3 10 0 0 60 49.9 43.6 43.6
5137 0.2 20 0 0 5137 0.3 10 0 0 90 56.1 49.9 49.9
5137 0.2 20 0 0 5137 0.3 10 0 0 120 64.4 56.5 56.5
5137 0.2 20 0 0 5137 0.3 10 0 0 150 71.7 62.5 62.5
5137 0.2 20 0 0 5137 0.3 10 0 0 180 75.7 64.5 64.5
5137 0.2 20 0 0 5137 0.3 20 0 0 0 41.1 34.4 34.4
5137 0.2 20 0 0 5137 0.3 20 0 0 30 44.7 37.9 37.9
5137 0.2 20 0 0 5137 0.3 20 0 0 60 49.6 42.8 42.8
5137 0.2 20 0 0 5137 0.3 20 0 0 90 55.9 48.2 48.2
5137 0.2 20 0 0 5137 0.3 20 0 0 120 64.2 54.3 54.3
5137 0.2 20 0 0 5137 0.3 20 0 0 150 71.4 60.4 60.4
5137 0.2 20 0 0 5137 0.3 20 0 0 180 75.4 63.8 63.8
5137 0.2 20 0 0 5137 0.3 30 0 0 0 41.0 34.0 34.0
5137 0.2 20 0 0 5137 0.3 30 0 0 30 44.3 36.2 36.2
5137 0.2 20 0 0 5137 0.3 30 0 0 60 49.3 40.2 40.2
5137 0.2 20 0 0 5137 0.3 30 0 0 90 55.5 45.1 45.1
5137 0.2 20 0 0 5137 0.3 30 0 0 120 63.9 50.9 50.9
5137 0.2 20 0 0 5137 0.3 30 0 0 150 71.0 56.9 56.9
5137 0.2 20 0 0 5137 0.3 30 0 0 180 74.9 61.3 61.3
5137 0.2 20 0 0 5137 0.3 40 0 0 0 40.9 35.3 35.3
5137 0.2 20 0 0 5137 0.3 40 0 0 30 43.9 36.8 36.8
5137 0.2 20 0 0 5137 0.3 40 0 0 60 48.7 39.8 39.8
5137 0.2 20 0 0 5137 0.3 40 0 0 90 55.0 44.3 44.3
5137 0.2 20 0 0 5137 0.3 40 0 0 120 63.3 49.8 49.8
5137 0.2 20 0 0 5137 0.3 40 0 0 150 70.4 55.9 55.9
5137 0.2 20 0 0 5137 0.3 40 0 0 180 74.0 60.7 60.7
5137 0.2 20 0 0 5137 0.3 50 0 0 0 41.0 36.9 36.9
5137 0.2 20 0 0 5137 0.3 50 0 0 30 43.6 38.1 38.1
5137 0.2 20 0 0 5137 0.3 50 0 0 60 48.0 40.4 40.4
5137 0.2 20 0 0 5137 0.3 50 0 0 90 54.3 44.1 44.1
5137 0.2 20 0 0 5137 0.3 50 0 0 120 62.6 49.5 49.5
5137 0.2 20 0 0 5137 0.3 50 0 0 150 69.3 55.6 55.6
5137 0.2 20 0 0 5137 0.3 50 0 0 180 72.8 60.7 60.7
5137 0.2 20 0 0 5137 0.3 60 0 0 0 41.3 38.8 38.8
5137 0.2 20 0 0 5137 0.3 60 0 0 30 43.4 39.9 39.9
5137 0.2 20 0 0 5137 0.3 60 0 0 60 47.4 41.9 41.9
5137 0.2 20 0 0 5137 0.3 60 0 0 90 53.2 45.1 45.1
5137 0.2 20 0 0 5137 0.3 60 0 0 120 61.2 49.7 49.7
5137 0.2 20 0 0 5137 0.3 60 0 0 150 67.5 55.7 55.7
5137 0.2 20 0 0 5137 0.3 60 0 0 180 70.6 61.0 61.0
5137 0.2 20 0 0 5137 0.4 0 0 0 0 43.2 37.8 37.8
5137 0.2 20 0 0 5137 0.4 0 0 0 30 44.5 39.7 39.7
5137 0.2 20 0 0 5137 0.4 0 0 0 60 48.0 42.4 42.4
5137 0.2 20 0 0 5137 0.4 0 0 0 90 53.3 47.0 47.0
5137 0.2 20 0 0 5137 0.4 0 0 0 120 61.1 54.2 54.2
5137 0.2 20 0 0 5137 0.4 0 0 0 150 69.3 61.4 61.4
5137 0.2 20 0 0 5137 0.4 0 0 0 180 74.1 62.9 62.9
5137 0.2 20 0 0 5137 0.4 10 0 0 0 43.2 36.9 36.9
5137 0.2 20 0 0 5137 0.4 10 0 0 30 44.4 38.7 38.7
5137 0.2 20 0 0 5137 0.4 10 0 0 60 47.9 41.6 41.6
5137 0.2 20 0 0 5137 0.4 10 0 0 90 53.2 46.7 46.7
5137 0.2 20 0 0 5137 0.4 10 0 0 120 61.0 53.0 53.0
5137 0.2 20 0 0 5137 0.4 10 0 0 150 69.3 60.2 60.2
5137 0.2 20 0 0 5137 0.4 10 0 0 180 74.0 63.4 63.4
5137 0.2 20 0 0 5137 0.4 20 0 0 0 43.1 36.1 36.1
5137 0.2 20 0 0 5137 0.4 20 0 0 30 44.3 37.1 37.1
5137 0.2 20 0 0 5137 0.4 20 0 0 60 47.6 40.1 40.1
5137 0.2 20 0 0 5137 0.4 20 0 0 90 52.9 44.5 44.5
5137 0.2 20 0 0 5137 0.4 20 0 0 120 60.8 50.5 50.5
5137 0.2 20 0 0 5137 0.4 20 0 0 150 69.0 57.5 57.5
5137 0.2 20 0 0 5137 0.4 20 0 0 180 73.7 62.2 62.2
5137 0.2 20 0 0 5137 0.4 30 0 0 0 43.1 35.5 35.5
5137 0.2 20 0 0 5137 0.4 30 0 0 30 44.2 36.0 36.0
5137 0.2 20 0 0 5137 0.4 30 0 0 60 47.2 38.3 38.3
5137 0.2 20 0 0 5137 0.4 30 0 0 90 52.6 42.4 42.4
5137 0.2 20 0 0 5137 0.4 30 0 0 120 60.5 48.0 48.0
5137 0.2 20 0 0 5137 0.4 30 0 0 150 68.6 55.0 55.0
5137 0.2 20 0 0 5137 0.4 30 0 0 180 73.2 60.8 60.8
5137 0.2 20 0 0 5137 0.4 40 0 0 0 43.0 35.9 35.9
5137 0.2 20 0 0 5137 0.4 40 0 0 30 44.2 36.5 36.5
5137 0.2 20 0 0 5137 0.4 40 0 0 60 46.9 38.3 38.3
5137 0.2 20 0 0 5137 0.4 40 0 0 90 52.0 41.6 41.6
5137 0.2 20 0 0 5137 0.4 40 0 0 120 59.9 47.0 47.0
5137 0.2 20 0 0 5137 0.4 40 0 0 150 67.9 54.0 54.0
5137 0.2 20 0 0 5137 0.4 40 0 0 180 72.3 60.3 60.3
5137 0.2 20 0 0 5137 0.4 50 0 0 0 43.0 37.1 37.1
5137 0.2 20 0 0 5137 0.4 50 0 0 30 44.2 37.6 37.6
5137 0.2 20 0 0 5137 0.4 50 0 0 60 46.6 39.2 39.2
5137 0.2 20 0 0 5137 0.4 50 0 0 90 51.3 41.9 41.9
5137 0.2 20 0 0 5137 0.4 50 0 0 120 59.1 46.6 46.6
5137 0.2 20 0 0 5137 0.4 50 0 0 150 66.9 53.5 53.5
5137 0.2 20 0 0 5137 0.4 50 0 0 180 71.0 60.0 60.0
5137 0.2 20 0 0 5137 0.4 60 0 0 0 43.2 38.7 38.7
5137 0.2 20 0 0 5137 0.4 60 0 0 30 44.2 39.1 39.1
5137 0.2 20 0 0 5137 0.4 60 0 0 60 46.5 40.5 40.5
5137 0.2 20 0 0 5137 0.4 60 0 0 90 50.8 42.9 42.9
5137 0.2 20 0 0 5137 0.4 60 0 0 120 57.7 47.1 47.1
5137 0.2 20 0 0 5137 0.4 60 0 0 150 65.0 53.4 53.4
5137 0.2 20 0 0 5137 0.4 60 0 0 180 68.7 60.1 60.1
5137 0.2 20 0 0 5137 0.5 0 0 0 0 45.3 39.1 39.1
5137 0.2 20 0 0 5137 0.5 0 0 0 30 45.8 40.1 40.1
5137 0.2 20 0 0 5137 0.5 0 0 0 60 47.0 42.0 42.0
5137 0.2 20 0 0 5137 0.5 0 0 0 90 50.5 45.0 45.0
5137 0.2 20 0 0 5137 0.5 0 0 0 120 57.6 50.3 50.3
5137 0.2 20 0 0 5137 0.5 0 0 0 150 66.5 58.4 58.4
5137 0.2 20 0 0 5137 0.5 0 0 0 180 72.3 61.4 61.4
5137 0.2 20 0 0 5137 0.5 10 0 0 0 45.3 38.7 38.7
5137 0.2 20 0 0 5137 0.5 10 0 0 30 45.8 39.4 39.4
5137 0.2 20 0 0 5137 0.5 10 0 0 60 47.0 41.0 41.0
5137 0.2 20 0 0 5137 0.5 10 0 0 90 50.4 43.7 43.7
5137 0.2 20 0 0 5137 0.5 10 0 0 120 57.5 49.1 49.1
5137 0.2 20 0 0 5137 0.5 10 0 0 150 66.5 57.1 57.1
5137 0.2 20 0 0 5137 0.5 10 0 0 180 72.2 61.6 61.6
5137 0.2 20 0 0 5137 0.5 20 0 0 0 45.3 38.0 38.0
5137 0.2 20 0 0 5137 0.5 20 0 0 30 45.8 38.2 38.2
5137 0.2 20 0 0 5137 0.5 20 0 0 60 46.9 39.0 39.0
5137 0.2 20 0 0 5137 0.5 20 0 0 90 50.1 41.3 41.3
5137 0.2 20 0 0 5137 0.5 20 0 0 120 57.3 46.8 46.8
5137 0.2 20 0 0 5137 0.5 20 0 0 150 66.2 54.7 54.7
5137 0.2 20 0 0 5137 0.5 20 0 0 180 71.8 60.5 60.5
5137 0.2 20 0 0 5137 0.5 30 0 0 0 45.3 37.5 37.5
5137 0.2 20 0 0 5137 0.5 30 0 0 30 45.8 37.5 37.5
5137 0.2 20 0 0 5137 0.5 30 0 0 60 46.9 38.0 38.0
5137 0.2 20 0 0 5137 0.5 30 0 0 90 49.8 40.0 40.0
5137 0.2 20 0 0 5137 0.5 30 0 0 120 56.9 45.2 45.2
5137 0.2 20 0 0 5137 0.5 30 0 0 150 65.8 53.0 53.0
5137 0.2 20 0 0 5137 0.5 30 0 0 180 71.3 59.9 59.9
5137 0.2 20 0 0 5137 0.5 40 0 0 0 45.3 37.6 37.6
5137 0.2 20 0 0 5137 0.5 40 0 0 30 45.8 37.5 37.5
5137 0.2 20 0 0 5137 0.5 40 0 0 60 46.9 37.9 37.9
5137 0.2 20 0 0 5137 0.5 40 0 0 90 49.6 39.9 39.9
5137 0.2 20 0 0 5137 0.5 40 0 0 120 56.3 44.3 44.3
5137 0.2 20 0 0 5137 0.5 40 0 0 150 65.1 51.9 51.9
5137 0.2 20 0 0 5137 0.5 40 0 0 180 70.4 59.6 59.6
5137 0.2 20 0 0 5137 0.5 50 0 0 0 45.3 38.2 38.2
5137 0.2 20 0 0 5137 0.5 50 0 0 30 45.8 38.0 38.0
5137 0.2 20 0 0 5137 0.5 50 0 0 60 46.9 38.5 38.5
5137 0.2 20 0 0 5137 0.5 50 0 0 90 49.4 40.3 40.3
5137 0.2 20 0 0 5137 0.5 50 0 0 120 55.4 44.1 44.1
5137 0.2 20 0 0 5137 0.5 50 0 0 150 64.0 51.3 51.3
5137 0.2 20 0 0 5137 0.5 50 0 0 180 69.0 59.5 59.5
5137 0.2 20 0 0 5137 0.5 60 0 0 0 45.4 39.2 39.2
5137 0.2 20 0 0 5137 0.5 60 0 0 30 45.9 39.1 39.1
5137 0.2 20 0 0 5137 0.5 60 0 0 60 47.0 39.5 39.5
5137 0.2 20 0 0 5137 0.5 60 0 0 90 49.3 41.2 41.2
5137 0.2 20 0 0 5137 0.5 60 0 0 120 54.6 44.6 44.6
5137 0.2 20 0 0 5137 0.5 60 0 0 150 61.9 51.0 51.0
5137 0.2 20 0 0 5137 0.5 60 0 0 180 66.4 59.3 59.3
