5137 0.5 30 0 0 4737 0.0 0 0 0 0 61.3 53.2 53.2
5137 0.5 30 0 0 4737 0.0 0 0 0 30 61.6 53.5 53.5
5137 0.5 30 0 0 4737 0.0 0 0 0 60 61.6 53.7 53.7
5137 0.5 30 0 0 4737 0.0 0 0 0 90 61.8 53.8 53.8
5137 0.5 30 0 0 4737 0.0 0 0 0 120 61.7 53.9 53.9
5137 0.5 30 0 0 4737 0.0 0 0 0 150 61.7 53.8 53.8
5137 0.5 30 0 0 4737 0.0 0 0 0 180 61.6 53.6 53.6
5137 0.5 30 0 0 4737 0.0 10 0 0 0 61.3 52.8 52.8
5137 0.5 30 0 0 4737 0.0 10 0 0 30 61.5 53.1 53.1
5137 0.5 30 0 0 4737 0.0 10 0 0 60 61.5 53.2 53.2
5137 0.5 30 0 0 4737 0.0 10 0 0 90 61.7 53.4 53.4
5137 0.5 30 0 0 4737 0.0 10 0 0 120 61.7 53.5 53.5
5137 0.5 30 0 0 4737 0.0 10 0 0 150 61.6 53.4 53.4
5137 0.5 30 0 0 4737 0.0 10 0 0 180 61.6 53.3 53.3
5137 0.5 30 0 0 4737 0.0 20 0 0 0 61.1 51.5 51.5
5137 0.5 30 0 0 4737 0.0 20 0 0 30 61.3 51.7 51.7
5137 0.5 30 0 0 4737 0.0 20 0 0 60 61.3 52.0 52.0
5137 0.5 30 0 0 4737 0.0 20 0 0 90 61.6 52.0 52.0
5137 0.5 30 0 0 4737 0.0 20 0 0 120 61.5 52.2 52.2
5137 0.5 30 0 0 4737 0.0 20 0 0 150 61.4 52.1 52.1
5137 0.5 30 0 0 4737 0.0 20 0 0 180 61.4 52.1 52.1
5137 0.5 30 0 0 4737 0.0 30 0 0 0 60.7 48.8 48.8
5137 0.5 30 0 0 4737 0.0 30 0 0 30 61.0 49.0 49.0
5137 0.5 30 0 0 4737 0.0 30 0 0 60 61.0 49.1 49.1
5137 0.5 30 0 0 4737 0.0 30 0 0 90 61.2 49.2 49.2
5137 0.5 30 0 0 4737 0.0 30 0 0 120 61.1 49.6 49.6
5137 0.5 30 0 0 4737 0.0 30 0 0 150 61.1 49.7 49.7
5137 0.5 30 0 0 4737 0.0 30 0 0 180 61.1 49.8 49.8
5137 0.5 30 0 0 4737 0.0 40 0 0 0 60.2 48.7 48.7
5137 0.5 30 0 0 4737 0.0 40 0 0 30 60.5 48.9 48.9
5137 0.5 30 0 0 4737 0.0 40 0 0 60 60.5 49.0 49.0
5137 0.5 30 0 0 4737 0.0 40 0 0 90 60.7 49.2 49.2
5137 0.5 30 0 0 4737 0.0 40 0 0 120 60.6 49.5 49.5
5137 0.5 30 0 0 4737 0.0 40 0 0 150 60.5 49.6 49.6
5137 0.5 30 0 0 4737 0.0 40 0 0 180 60.6 49.7 49.7
5137 0.5 30 0 0 4737 0.0 50 0 0 0 59.5 49.5 49.5
5137 0.5 30 0 0 4737 0.0 50 0 0 30 59.6 49.6 49.6
5137 0.5 30 0 0 4737 0.0 50 0 0 60 59.8 49.7 49.7
5137 0.5 30 0 0 4737 0.0 50 0 0 90 59.8 49.7 49.7
5137 0.5 30 0 0 4737 0.0 50 0 0 120 59.8 50.0 50.0
5137 0.5 30 0 0 4737 0.0 50 0 0 150 59.7 50.1 50.1
5137 0.5 30 0 0 4737 0.0 50 0 0 180 59.7 50.3 50.3
5137 0.5 30 0 0 4737 0.0 60 0 0 0 58.1 50.7 50.7
5137 0.5 30 0 0 4737 0.0 60 0 0 30 58.3 51.0 51.0
5137 0.5 30 0 0 4737 0.0 60 0 0 60 58.4 51.0 51.0
5137 0.5 30 0 0 4737 0.0 60 0 0 90 58.4 51.1 51.1
5137 0.5 30 0 0 4737 0.0 60 0 0 120 58.4 51.3 51.3
5137 0.5 30 0 0 4737 0.0 60 0 0 150 58.3 51.3 51.3
5137 0.5 30 0 0 4737 0.0 60 0 0 180 58.3 51.3 51.3
5137 0.5 30 0 0 4737 0.1 0 0 0 0 60.3 52.0 52.0
5137 0.5 30 0 0 4737 0.1 0 0 0 30 60.5 52.2 52.2
5137 0.5 30 0 0 4737 0.1 0 0 0 60 60.6 52.4 52.4
5137 0.5 30 0 0 4737 0.1 0 0 0 90 60.8 52.5 52.5
5137 0.5 30 0 0 4737 0.1 0 0 0 120 60.7 52.7 52.7
5137 0.5 30 0 0 4737 0.1 0 0 0 150 60.6 52.7 52.7
5137 0.5 30 0 0 4737 0.1 0 0 0 180 60.6 52.5 52.5
5137 0.5 30 0 0 4737 0.1 10 0 0 0 60.2 51.5 51.5
5137 0.5 30 0 0 4737 0.1 10 0 0 30 60.5 51.8 51.8
5137 0.5 30 0 0 4737 0.1 10 0 0 60 60.5 52.0 52.0
5137 0.5 30 0 0 4737 0.1 10 0 0 90 60.7 52.1 52.1
5137 0.5 30 0 0 4737 0.1 10 0 0 120 60.6 52.2 52.2
5137 0.5 30 0 0 4737 0.1 10 0 0 150 60.6 52.2 52.2
5137 0.5 30 0 0 4737 0.1 10 0 0 180 60.5 52.1 52.1
5137 0.5 30 0 0 4737 0.1 20 0 0 0 60.1 50.2 50.2
5137 0.5 30 0 0 4737 0.1 20 0 0 30 60.3 50.4 50.4
5137 0.5 30 0 0 4737 0.1 20 0 0 60 60.3 50.6 50.6
5137 0.5 30 0 0 4737 0.1 20 0 0 90 60.5 50.7 50.7
5137 0.5 30 0 0 4737 0.1 20 0 0 120 60.4 50.8 50.8
5137 0.5 30 0 0 4737 0.1 20 0 0 150 60.4 50.9 50.9
5137 0.5 30 0 0 4737 0.1 20 0 0 180 60.3 50.8 50.8
5137 0.5 30 0 0 4737 0.1 30 0 0 0 59.7 47.7 47.7
5137 0.5 30 0 0 4737 0.1 30 0 0 30 59.9 47.7 47.7
5137 0.5 30 0 0 4737 0.1 30 0 0 60 60.0 47.8 47.8
5137 0.5 30 0 0 4737 0.1 30 0 0 90 60.1 47.9 47.9
5137 0.5 30 0 0 4737 0.1 30 0 0 120 60.0 48.1 48.1
5137 0.5 30 0 0 4737 0.1 30 0 0 150 60.0 48.3 48.3
5137 0.5 30 0 0 4737 0.1 30 0 0 180 60.0 48.4 48.4
5137 0.5 30 0 0 4737 0.1 40 0 0 0 59.2 47.7 47.7
5137 0.5 30 0 0 4737 0.1 40 0 0 30 59.3 47.7 47.7
5137 0.5 30 0 0 4737 0.1 40 0 0 60 59.4 47.8 47.8
5137 0.5 30 0 0 4737 0.1 40 0 0 90 59.6 47.9 47.9
5137 0.5 30 0 0 4737 0.1 40 0 0 120 59.5 48.1 48.1
5137 0.5 30 0 0 4737 0.1 40 0 0 150 59.4 48.4 48.4
5137 0.5 30 0 0 4737 0.1 40 0 0 180 59.5 48.5 48.5
5137 0.5 30 0 0 4737 0.1 50 0 0 0 58.3 48.6 48.6
5137 0.5 30 0 0 4737 0.1 50 0 0 30 58.5 48.6 48.6
5137 0.5 30 0 0 4737 0.1 50 0 0 60 58.6 48.6 48.6
5137 0.5 30 0 0 4737 0.1 50 0 0 90 58.7 48.6 48.6
5137 0.5 30 0 0 4737 0.1 50 0 0 120 58.6 48.8 48.8
5137 0.5 30 0 0 4737 0.1 50 0 0 150 58.5 48.9 48.9
5137 0.5 30 0 0 4737 0.1 50 0 0 180 58.6 49.1 49.1
5137 0.5 30 0 0 4737 0.1 60 0 0 0 57.0 49.6 49.6
5137 0.5 30 0 0 4737 0.1 60 0 0 30 57.1 49.7 49.7
5137 0.5 30 0 0 4737 0.1 60 0 0 60 57.2 49.9 49.9
5137 0.5 30 0 0 4737 0.1 60 0 0 90 57.2 50.0 50.0
5137 0.5 30 0 0 4737 0.1 60 0 0 120 57.1 50.2 50.2
5137 0.5 30 0 0 4737 0.1 60 0 0 150 57.0 50.3 50.3
5137 0.5 30 0 0 4737 0.1 60 0 0 180 57.1 50.3 50.3
5137 0.5 30 0 0 4737 0.2 0 0 0 0 59.3 50.8 50.8
5137 0.5 30 0 0 4737 0.2 0 0 0 30 59.4 50.9 50.9
5137 0.5 30 0 0 4737 0.2 0 0 0 60 59.6 51.1 51.1
5137 0.5 30 0 0 4737 0.2 0 0 0 90 59.6 51.2 51.2
5137 0.5 30 0 0 4737 0.2 0 0 0 120 59.7 51.5 51.5
5137 0.5 30 0 0 4737 0.2 0 0 0 150 59.6 51.5 51.5
5137 0.5 30 0 0 4737 0.2 0 0 0 180 59.5 51.3 51.3
5137 0.5 30 0 0 4737 0.2 10 0 0 0 59.2 50.3 50.3
5137 0.5 30 0 0 4737 0.2 10 0 0 30 59.4 50.5 50.5
5137 0.5 30 0 0 4737 0.2 10 0 0 60 59.5 50.6 50.6
5137 0.5 30 0 0 4737 0.2 10 0 0 90 59.5 50.8 50.8
5137 0.5 30 0 0 4737 0.2 10 0 0 120 59.7 50.9 50.9
5137 0.5 30 0 0 4737 0.2 10 0 0 150 59.5 51.0 51.0
5137 0.5 30 0 0 4737 0.2 10 0 0 180 59.5 50.8 50.8
5137 0.5 30 0 0 4737 0.2 20 0 0 0 59.0 48.8 48.8
5137 0.5 30 0 0 4737 0.2 20 0 0 30 59.1 49.1 49.1
5137 0.5 30 0 0 4737 0.2 20 0 0 60 59.3 49.2 49.2
5137 0.5 30 0 0 4737 0.2 20 0 0 90 59.3 49.3 49.3
5137 0.5 30 0 0 4737 0.2 20 0 0 120 59.4 49.4 49.4
5137 0.5 30 0 0 4737 0.2 20 0 0 150 59.3 49.5 49.5
5137 0.5 30 0 0 4737 0.2 20 0 0 180 59.3 49.4 49.4
5137 0.5 30 0 0 4737 0.2 30 0 0 0 58.6 46.7 46.7
5137 0.5 30 0 0 4737 0.2 30 0 0 30 58.8 46.7 46.7
5137 0.5 30 0 0 4737 0.2 30 0 0 60 58.9 46.7 46.7
5137 0.5 30 0 0 4737 0.2 30 0 0 90 58.9 46.7 46.7
5137 0.5 30 0 0 4737 0.2 30 0 0 120 59.0 46.8 46.8
5137 0.5 30 0 0 4737 0.2 30 0 0 150 58.9 47.1 47.1
5137 0.5 30 0 0 4737 0.2 30 0 0 180 58.9 47.2 47.2
5137 0.5 30 0 0 4737 0.2 40 0 0 0 58.1 46.8 46.8
5137 0.5 30 0 0 4737 0.2 40 0 0 30 58.2 46.8 46.8
5137 0.5 30 0 0 4737 0.2 40 0 0 60 58.3 46.8 46.8
5137 0.5 30 0 0 4737 0.2 40 0 0 90 58.4 46.8 46.8
5137 0.5 30 0 0 4737 0.2 40 0 0 120 58.4 47.0 47.0
5137 0.5 30 0 0 4737 0.2 40 0 0 150 58.3 47.2 47.2
5137 0.5 30 0 0 4737 0.2 40 0 0 180 58.2 47.4 47.4
5137 0.5 30 0 0 4737 0.2 50 0 0 0 57.2 47.6 47.6
5137 0.5 30 0 0 4737 0.2 50 0 0 30 57.3 47.6 47.6
5137 0.5 30 0 0 4737 0.2 50 0 0 60 57.4 47.6 47.6
5137 0.5 30 0 0 4737 0.2 50 0 0 90 57.5 47.6 47.6
5137 0.5 30 0 0 4737 0.2 50 0 0 120 57.4 47.7 47.7
5137 0.5 30 0 0 4737 0.2 50 0 0 150 57.4 47.9 47.9
5137 0.5 30 0 0 4737 0.2 50 0 0 180 57.4 47.9 47.9
5137 0.5 30 0 0 4737 0.2 60 0 0 0 55.8 48.4 48.4
5137 0.5 30 0 0 4737 0.2 60 0 0 30 55.9 48.5 48.5
5137 0.5 30 0 0 4737 0.2 60 0 0 60 56.0 48.7 48.7
5137 0.5 30 0 0 4737 0.2 60 0 0 90 56.0 48.8 48.8
5137 0.5 30 0 0 4737 0.2 60 0 0 120 55.9 49.1 49.1
5137 0.5 30 0 0 4737 0.2 60 0 0 150 55.8 49.3 49.3
5137 0.5 30 0 0 4737 0.2 60 0 0 180 55.8 49.1 49.1
5137 0.5 30 0 0 4737 0.3 0 0 0 0 58.3 49.4 49.4
5137 0.5 30 0 0 4737 0.3 0 0 0 30 58.4 49.6 49.6
5137 0.5 30 0 0 4737 0.3 0 0 0 60 58.5 49.7 49.7
5137 0.5 30 0 0 4737 0.3 0 0 0 90 58.6 49.9 49.9
5137 0.5 30 0 0 4737 0.3 0 0 0 120 58.6 50.1 50.1
5137 0.5 30 0 0 4737 0.3 0 0 0 150 58.5 50.2 50.2
5137 0.5 30 0 0 4737 0.3 0 0 0 180 58.4 50.0 50.0
5137 0.5 30 0 0 4737 0.3 10 0 0 0 58.2 49.0 49.0
5137 0.5 30 0 0 4737 0.3 10 0 0 30 58.3 49.1 49.1
5137 0.5 30 0 0 4737 0.3 10 0 0 60 58.4 49.2 49.2
5137 0.5 30 0 0 4737 0.3 10 0 0 90 58.6 49.4 49.4
5137 0.5 30 0 0 4737 0.3 10 0 0 120 58.6 49.5 49.5
5137 0.5 30 0 0 4737 0.3 10 0 0 150 58.4 49.7 49.7
5137 0.5 30 0 0 4737 0.3 10 0 0 180 58.4 49.5 49.5
5137 0.5 30 0 0 4737 0.3 20 0 0 0 58.0 47.3 47.3
5137 0.5 30 0 0 4737 0.3 20 0 0 30 58.1 47.5 47.5
5137 0.5 30 0 0 4737 0.3 20 0 0 60 58.1 47.6 47.6
5137 0.5 30 0 0 4737 0.3 20 0 0 90 58.3 47.7 47.7
5137 0.5 30 0 0 4737 0.3 20 0 0 120 58.3 47.8 47.8
5137 0.5 30 0 0 4737 0.3 20 0 0 150 58.2 47.9 47.9
5137 0.5 30 0 0 4737 0.3 20 0 0 180 58.1 47.8 47.8
5137 0.5 30 0 0 4737 0.3 30 0 0 0 57.6 45.7 45.7
5137 0.5 30 0 0 4737 0.3 30 0 0 30 57.7 45.7 45.7
5137 0.5 30 0 0 4737 0.3 30 0 0 60 57.8 45.7 45.7
5137 0.5 30 0 0 4737 0.3 30 0 0 90 57.9 45.8 45.8
5137 0.5 30 0 0 4737 0.3 30 0 0 120 57.9 45.8 45.8
5137 0.5 30 0 0 4737 0.3 30 0 0 150 57.8 46.1 46.1
5137 0.5 30 0 0 4737 0.3 30 0 0 180 57.7 46.1 46.1
5137 0.5 30 0 0 4737 0.3 40 0 0 0 57.0 45.9 45.9
5137 0.5 30 0 0 4737 0.3 40 0 0 30 57.1 45.9 45.9
5137 0.5 30 0 0 4737 0.3 40 0 0 60 57.2 45.9 45.9
5137 0.5 30 0 0 4737 0.3 40 0 0 90 57.3 46.0 46.0
5137 0.5 30 0 0 4737 0.3 40 0 0 120 57.3 46.0 46.0
5137 0.5 30 0 0 4737 0.3 40 0 0 150 57.1 46.2 46.2
5137 0.5 30 0 0 4737 0.3 40 0 0 180 57.1 46.4 46.4
5137 0.5 30 0 0 4737 0.3 50 0 0 0 56.1 46.6 46.6
5137 0.5 30 0 0 4737 0.3 50 0 0 30 56.2 46.6 46.6
5137 0.5 30 0 0 4737 0.3 50 0 0 60 56.2 46.7 46.7
5137 0.5 30 0 0 4737 0.3 50 0 0 90 56.4 46.8 46.8
5137 0.5 30 0 0 4737 0.3 50 0 0 120 56.3 46.8 46.8
5137 0.5 30 0 0 4737 0.3 50 0 0 150 56.2 46.9 46.9
5137 0.5 30 0 0 4737 0.3 50 0 0 180 56.1 46.8 46.8
5137 0.5 30 0 0 4737 0.3 60 0 0 0 54.6 47.3 47.3
5137 0.5 30 0 0 4737 0.3 60 0 0 30 54.7 47.4 47.4
5137 0.5 30 0 0 4737 0.3 60 0 0 60 54.7 47.4 47.4
5137 0.5 30 0 0 4737 0.3 60 0 0 90 54.8 47.7 47.7
5137 0.5 30 0 0 4737 0.3 60 0 0 120 54.5 47.8 47.8
5137 0.5 30 0 0 4737 0.3 60 0 0 150 54.4 48.1 48.1
5137 0.5 30 0 0 4737 0.3 60 0 0 180 54.4 48.0 48.0
5137 0.5 30 0 0 4737 0.4 0 0 0 0 57.2 48.0 48.0
5137 0.5 30 0 0 4737 0.4 0 0 0 30 57.3 48.1 48.1
5137 0.5 30 0 0 4737 0.4 0 0 0 60 57.4 48.3 48.3
5137 0.5 30 0 0 4737 0.4 0 0 0 90 57.6 48.4 48.4
5137 0.5 30 0 0 4737 0.4 0 0 0 120 57.5 48.6 48.6
5137 0.5 30 0 0 4737 0.4 0 0 0 150 57.4 48.8 48.8
5137 0.5 30 0 0 4737 0.4 0 0 0 180 57.3 48.5 48.5
5137 0.5 30 0 0 4737 0.4 10 0 0 0 57.1 47.5 47.5
5137 0.5 30 0 0 4737 0.4 10 0 0 30 57.2 47.6 47.6
5137 0.5 30 0 0 4737 0.4 10 0 0 60 57.3 47.7 47.7
5137 0.5 30 0 0 4737 0.4 10 0 0 90 57.5 47.9 47.9
5137 0.5 30 0 0 4737 0.4 10 0 0 120 57.4 48.0 48.0
5137 0.5 30 0 0 4737 0.4 10 0 0 150 57.3 48.2 48.2
5137 0.5 30 0 0 4737 0.4 10 0 0 180 57.3 48.0 48.0
5137 0.5 30 0 0 4737 0.4 20 0 0 0 56.9 45.5 45.5
5137 0.5 30 0 0 4737 0.4 20 0 0 30 57.0 45.6 45.6
5137 0.5 30 0 0 4737 0.4 20 0 0 60 57.1 45.6 45.6
5137 0.5 30 0 0 4737 0.4 20 0 0 90 57.2 45.8 45.8
5137 0.5 30 0 0 4737 0.4 20 0 0 120 57.2 45.8 45.8
5137 0.5 30 0 0 4737 0.4 20 0 0 150 57.1 46.0 46.0
5137 0.5 30 0 0 4737 0.4 20 0 0 180 57.0 45.9 45.9
5137 0.5 30 0 0 4737 0.4 30 0 0 0 56.5 45.1 45.1
5137 0.5 30 0 0 4737 0.4 30 0 0 30 56.6 45.1 45.1
5137 0.5 30 0 0 4737 0.4 30 0 0 60 56.6 45.0 45.0
5137 0.5 30 0 0 4737 0.4 30 0 0 90 56.8 45.0 45.0
5137 0.5 30 0 0 4737 0.4 30 0 0 120 56.7 44.9 44.9
5137 0.5 30 0 0 4737 0.4 30 0 0 150 56.7 45.1 45.1
5137 0.5 30 0 0 4737 0.4 30 0 0 180 56.6 45.2 45.2
5137 0.5 30 0 0 4737 0.4 40 0 0 0 55.9 45.3 45.3
5137 0.5 30 0 0 4737 0.4 40 0 0 30 56.0 45.4 45.4
5137 0.5 30 0 0 4737 0.4 40 0 0 60 56.0 45.3 45.3
5137 0.5 30 0 0 4737 0.4 40 0 0 90 56.1 45.3 45.3
5137 0.5 30 0 0 4737 0.4 40 0 0 120 56.1 45.2 45.2
5137 0.5 30 0 0 4737 0.4 40 0 0 150 55.9 45.3 45.3
5137 0.5 30 0 0 4737 0.4 40 0 0 180 55.9 45.4 45.4
5137 0.5 30 0 0 4737 0.4 50 0 0 0 54.9 45.7 45.7
5137 0.5 30 0 0 4737 0.4 50 0 0 30 55.0 45.8 45.8
5137 0.5 30 0 0 4737 0.4 50 0 0 60 55.1 45.8 45.8
5137 0.5 30 0 0 4737 0.4 50 0 0 90 55.1 46.0 46.0
5137 0.5 30 0 0 4737 0.4 50 0 0 120 55.1 46.0 46.0
5137 0.5 30 0 0 4737 0.4 50 0 0 150 54.9 46.1 46.1
5137 0.5 30 0 0 4737 0.4 50 0 0 180 54.9 46.0 46.0
5137 0.5 30 0 0 4737 0.4 60 0 0 0 53.3 46.2 46.2
5137 0.5 30 0 0 4737 0.4 60 0 0 30 53.4 46.3 46.3
5137 0.5 30 0 0 4737 0.4 60 0 0 60 53.4 46.3 46.3
5137 0.5 30 0 0 4737 0.4 60 0 0 90 53.3 46.5 46.5
5137 0.5 30 0 0 4737 0.4 60 0 0 120 53.1 46.7 46.7
5137 0.5 30 0 0 4737 0.4 60 0 0 150 52.8 47.1 47.1
5137 0.5 30 0 0 4737 0.4 60 0 0 180 52.8 47.0 47.0
5137 0.5 30 0 0 4737 0.5 0 0 0 0 56.1 46.2 46.2
5137 0.5 30 0 0 4737 0.5 0 0 0 30 56.2 46.3 46.3
5137 0.5 30 0 0 4737 0.5 0 0 0 60 56.2 46.3 46.3
5137 0.5 30 0 0 4737 0.5 0 0 0 90 56.5 46.5 46.5
5137 0.5 30 0 0 4737 0.5 0 0 0 120 56.4 46.6 46.6
5137 0.5 30 0 0 4737 0.5 0 0 0 150 56.4 46.8 46.8
5137 0.5 30 0 0 4737 0.5 0 0 0 180 56.2 46.5 46.5
5137 0.5 30 0 0 4737 0.5 10 0 0 0 56.0 45.4 45.4
5137 0.5 30 0 0 4737 0.5 10 0 0 30 56.1 45.4 45.4
5137 0.5 30 0 0 4737 0.5 10 0 0 60 56.2 45.6 45.6
5137 0.5 30 0 0 4737 0.5 10 0 0 90 56.4 45.7 45.7
5137 0.5 30 0 0 4737 0.5 10 0 0 120 56.3 45.8 45.8
5137 0.5 30 0 0 4737 0.5 10 0 0 150 56.3 46.0 46.0
5137 0.5 30 0 0 4737 0.5 10 0 0 180 56.1 45.8 45.8
5137 0.5 30 0 0 4737 0.5 20 0 0 0 55.8 44.6 44.6
5137 0.5 30 0 0 4737 0.5 20 0 0 30 55.9 44.6 44.6
5137 0.5 30 0 0 4737 0.5 20 0 0 60 55.9 44.7 44.7
5137 0.5 30 0 0 4737 0.5 20 0 0 90 56.2 44.8 44.8
5137 0.5 30 0 0 4737 0.5 20 0 0 120 56.0 44.9 44.9
5137 0.5 30 0 0 4737 0.5 20 0 0 150 56.0 45.0 45.0
5137 0.5 30 0 0 4737 0.5 20 0 0 180 55.9 44.8 44.8
5137 0.5 30 0 0 4737 0.5 30 0 0 0 55.3 44.6 44.6
5137 0.5 30 0 0 4737 0.5 30 0 0 30 55.4 44.6 44.6
5137 0.5 30 0 0 4737 0.5 30 0 0 60 55.5 44.6 44.6
5137 0.5 30 0 0 4737 0.5 30 0 0 90 55.7 44.5 44.5
5137 0.5 30 0 0 4737 0.5 30 0 0 120 55.6 44.5 44.5
5137 0.5 30 0 0 4737 0.5 30 0 0 150 55.5 44.7 44.7
5137 0.5 30 0 0 4737 0.5 30 0 0 180 55.4 44.4 44.4
5137 0.5 30 0 0 4737 0.5 40 0 0 0 54.7 44.7 44.7
5137 0.5 30 0 0 4737 0.5 40 0 0 30 54.7 44.7 44.7
5137 0.5 30 0 0 4737 0.5 40 0 0 60 54.9 44.7 44.7
5137 0.5 30 0 0 4737 0.5 40 0 0 90 55.0 44.7 44.7
5137 0.5 30 0 0 4737 0.5 40 0 0 120 54.9 44.8 44.8
5137 0.5 30 0 0 4737 0.5 40 0 0 150 54.8 44.9 44.9
5137 0.5 30 0 0 4737 0.5 40 0 0 180 54.7 44.8 44.8
5137 0.5 30 0 0 4737 0.5 50 0 0 0 53.7 44.9 44.9
5137 0.5 30 0 0 4737 0.5 50 0 0 30 53.7 45.0 45.0
5137 0.5 30 0 0 4737 0.5 50 0 0 60 53.9 45.1 45.1
5137 0.5 30 0 0 4737 0.5 50 0 0 90 53.9 45.1 45.1
5137 0.5 30 0 0 4737 0.5 50 0 0 120 53.7 45.3 45.3
5137 0.5 30 0 0 4737 0.5 50 0 0 150 53.6 45.5 45.5
5137 0.5 30 0 0 4737 0.5 50 0 0 180 53.5 45.3 45.3
5137 0.5 30 0 0 4737 0.5 60 0 0 0 52.4 45.2 45.2
5137 0.5 30 0 0 4737 0.5 60 0 0 30 52.4 45.2 45.2
5137 0.5 30 0 0 4737 0.5 60 0 0 60 52.4 45.3 45.3
5137 0.5 30 0 0 4737 0.5 60 0 0 90 52.4 45.4 45.4
5137 0.5 30 0 0 4737 0.5 60 0 0 120 52.1 45.6 45.6
5137 0.5 30 0 0 4737 0.5 60 0 0 150 51.6 46.1 46.1
5137 0.5 30 0 0 4737 0.5 60 0 0 180 51.4 46.1 46.1
5137 0.5 30 0 0 4937 0.0 0 0 0 0 61.6 53.4 53.4
5137 0.5 30 0 0 4937 0.0 0 0 0 30 62.2 54.3 54.3
5137 0.5 30 0 0 4937 0.0 0 0 0 60 62.5 55.3 55.3
5137 0.5 30 0 0 4937 0.0 0 0 0 90 62.7 55.8 55.8
5137 0.5 30 0 0 4937 0.0 0 0 0 120 62.7 55.8 55.8
5137 0.5 30 0 0 4937 0.0 0 0 0 150 62.5 55.2 55.2
5137 0.5 30 0 0 4937 0.0 0 0 0 180 62.1 54.2 54.2
5137 0.5 30 0 0 4937 0.0 10 0 0 0 61.5 53.0 53.0
5137 0.5 30 0 0 4937 0.0 10 0 0 30 62.1 53.8 53.8
5137 0.5 30 0 0 4937 0.0 10 0 0 60 62.5 54.8 54.8
5137 0.5 30 0 0 4937 0.0 10 0 0 90 62.6 55.4 55.4
5137 0.5 30 0 0 4937 0.0 10 0 0 120 62.6 55.4 55.4
5137 0.5 30 0 0 4937 0.0 10 0 0 150 62.4 54.9 54.9
5137 0.5 30 0 0 4937 0.0 10 0 0 180 62.1 54.0 54.0
5137 0.5 30 0 0 4937 0.0 20 0 0 0 61.4 51.8 51.8
5137 0.5 30 0 0 4937 0.0 20 0 0 30 61.9 52.6 52.6
5137 0.5 30 0 0 4937 0.0 20 0 0 60 62.3 53.5 53.5
5137 0.5 30 0 0 4937 0.0 20 0 0 90 62.5 54.1 54.1
5137 0.5 30 0 0 4937 0.0 20 0 0 120 62.5 54.2 54.2
5137 0.5 30 0 0 4937 0.0 20 0 0 150 62.2 53.7 53.7
5137 0.5 30 0 0 4937 0.0 20 0 0 180 61.9 52.9 52.9
5137 0.5 30 0 0 4937 0.0 30 0 0 0 61.0 49.7 49.7
5137 0.5 30 0 0 4937 0.0 30 0 0 30 61.6 50.4 50.4
5137 0.5 30 0 0 4937 0.0 30 0 0 60 62.0 51.1 51.1
5137 0.5 30 0 0 4937 0.0 30 0 0 90 62.1 51.3 51.3
5137 0.5 30 0 0 4937 0.0 30 0 0 120 62.1 51.1 51.1
5137 0.5 30 0 0 4937 0.0 30 0 0 150 61.9 50.6 50.6
5137 0.5 30 0 0 4937 0.0 30 0 0 180 61.6 50.0 50.0
5137 0.5 30 0 0 4937 0.0 40 0 0 0 60.6 49.5 49.5
5137 0.5 30 0 0 4937 0.0 40 0 0 30 61.2 50.1 50.1
5137 0.5 30 0 0 4937 0.0 40 0 0 60 61.5 50.9 50.9
5137 0.5 30 0 0 4937 0.0 40 0 0 90 61.7 51.2 51.2
5137 0.5 30 0 0 4937 0.0 40 0 0 120 61.6 51.0 51.0
5137 0.5 30 0 0 4937 0.0 40 0 0 150 61.4 50.6 50.6
5137 0.5 30 0 0 4937 0.0 40 0 0 180 61.1 49.9 49.9
5137 0.5 30 0 0 4937 0.0 50 0 0 0 59.8 49.9 49.9
5137 0.5 30 0 0 4937 0.0 50 0 0 30 60.5 50.5 50.5
5137 0.5 30 0 0 4937 0.0 50 0 0 60 60.8 51.3 51.3
5137 0.5 30 0 0 4937 0.0 50 0 0 90 60.9 51.7 51.7
5137 0.5 30 0 0 4937 0.0 50 0 0 120 60.8 51.8 51.8
5137 0.5 30 0 0 4937 0.0 50 0 0 150 60.6 51.4 51.4
5137 0.5 30 0 0 4937 0.0 50 0 0 180 60.3 50.7 50.7
5137 0.5 30 0 0 4937 0.0 60 0 0 0 58.5 50.8 50.8
5137 0.5 30 0 0 4937 0.0 60 0 0 30 59.1 51.4 51.4
5137 0.5 30 0 0 4937 0.0 60 0 0 60 59.5 52.1 52.1
5137 0.5 30 0 0 4937 0.0 60 0 0 90 59.6 52.7 52.7
5137 0.5 30 0 0 4937 0.0 60 0 0 120 59.6 52.9 52.9
5137 0.5 30 0 0 4937 0.0 60 0 0 150 59.3 52.8 52.8
5137 0.5 30 0 0 4937 0.0 60 0 0 180 59.0 52.3 52.3
5137 0.5 30 0 0 4937 0.1 0 0 0 0 60.6 52.1 52.1
5137 0.5 30 0 0 4937 0.1 0 0 0 30 61.1 52.9 52.9
5137 0.5 30 0 0 4937 0.1 0 0 0 60 61.4 53.9 53.9
5137 0.5 30 0 0 4937 0.1 0 0 0 90 61.6 54.5 54.5
5137 0.5 30 0 0 4937 0.1 0 0 0 120 61.6 54.7 54.7
5137 0.5 30 0 0 4937 0.1 0 0 0 150 61.4 54.3 54.3
5137 0.5 30 0 0 4937 0.1 0 0 0 180 61.1 53.1 53.1
5137 0.5 30 0 0 4937 0.1 10 0 0 0 60.5 51.7 51.7
5137 0.5 30 0 0 4937 0.1 10 0 0 30 61.0 52.4 52.4
5137 0.5 30 0 0 4937 0.1 10 0 0 60 61.4 53.4 53.4
5137 0.5 30 0 0 4937 0.1 10 0 0 90 61.6 54.1 54.1
5137 0.5 30 0 0 4937 0.1 10 0 0 120 61.6 54.3 54.3
5137 0.5 30 0 0 4937 0.1 10 0 0 150 61.4 53.9 53.9
5137 0.5 30 0 0 4937 0.1 10 0 0 180 61.0 52.8 52.8
5137 0.5 30 0 0 4937 0.1 20 0 0 0 60.4 50.5 50.5
5137 0.5 30 0 0 4937 0.1 20 0 0 30 60.8 51.2 51.2
5137 0.5 30 0 0 4937 0.1 20 0 0 60 61.2 52.1 52.1
5137 0.5 30 0 0 4937 0.1 20 0 0 90 61.4 52.9 52.9
5137 0.5 30 0 0 4937 0.1 20 0 0 120 61.4 53.1 53.1
5137 0.5 30 0 0 4937 0.1 20 0 0 150 61.2 52.6 52.6
5137 0.5 30 0 0 4937 0.1 20 0 0 180 60.8 51.7 51.7
5137 0.5 30 0 0 4937 0.1 30 0 0 0 60.1 48.3 48.3
5137 0.5 30 0 0 4937 0.1 30 0 0 30 60.5 49.0 49.0
5137 0.5 30 0 0 4937 0.1 30 0 0 60 60.9 49.7 49.7
5137 0.5 30 0 0 4937 0.1 30 0 0 90 61.0 50.3 50.3
5137 0.5 30 0 0 4937 0.1 30 0 0 120 61.1 50.2 50.2
5137 0.5 30 0 0 4937 0.1 30 0 0 150 60.8 49.6 49.6
5137 0.5 30 0 0 4937 0.1 30 0 0 180 60.4 48.8 48.8
5137 0.5 30 0 0 4937 0.1 40 0 0 0 59.5 48.2 48.2
5137 0.5 30 0 0 4937 0.1 40 0 0 30 60.0 48.8 48.8
5137 0.5 30 0 0 4937 0.1 40 0 0 60 60.4 49.5 49.5
5137 0.5 30 0 0 4937 0.1 40 0 0 90 60.6 50.1 50.1
5137 0.5 30 0 0 4937 0.1 40 0 0 120 60.5 50.2 50.2
5137 0.5 30 0 0 4937 0.1 40 0 0 150 60.3 49.7 49.7
5137 0.5 30 0 0 4937 0.1 40 0 0 180 59.9 48.8 48.8
5137 0.5 30 0 0 4937 0.1 50 0 0 0 58.8 48.6 48.6
5137 0.5 30 0 0 4937 0.1 50 0 0 30 59.3 49.1 49.1
5137 0.5 30 0 0 4937 0.1 50 0 0 60 59.6 49.8 49.8
5137 0.5 30 0 0 4937 0.1 50 0 0 90 59.8 50.5 50.5
5137 0.5 30 0 0 4937 0.1 50 0 0 120 59.8 50.8 50.8
5137 0.5 30 0 0 4937 0.1 50 0 0 150 59.5 50.7 50.7
5137 0.5 30 0 0 4937 0.1 50 0 0 180 59.1 49.9 49.9
5137 0.5 30 0 0 4937 0.1 60 0 0 0 57.4 49.5 49.5
5137 0.5 30 0 0 4937 0.1 60 0 0 30 57.9 50.0 50.0
5137 0.5 30 0 0 4937 0.1 60 0 0 60 58.2 50.6 50.6
5137 0.5 30 0 0 4937 0.1 60 0 0 90 58.4 51.3 51.3
5137 0.5 30 0 0 4937 0.1 60 0 0 120 58.4 51.7 51.7
5137 0.5 30 0 0 4937 0.1 60 0 0 150 58.2 51.7 51.7
5137 0.5 30 0 0 4937 0.1 60 0 0 180 57.8 51.3 51.3
5137 0.5 30 0 0 4937 0.2 0 0 0 0 59.7 50.9 50.9
5137 0.5 30 0 0 4937 0.2 0 0 0 30 60.1 51.6 51.6
5137 0.5 30 0 0 4937 0.2 0 0 0 60 60.3 52.4 52.4
5137 0.5 30 0 0 4937 0.2 0 0 0 90 60.6 53.2 53.2
5137 0.5 30 0 0 4937 0.2 0 0 0 120 60.6 53.6 53.6
5137 0.5 30 0 0 4937 0.2 0 0 0 150 60.4 53.3 53.3
5137 0.5 30 0 0 4937 0.2 0 0 0 180 59.9 51.9 51.9
5137 0.5 30 0 0 4937 0.2 10 0 0 0 59.6 50.4 50.4
5137 0.5 30 0 0 4937 0.2 10 0 0 30 60.0 51.0 51.0
5137 0.5 30 0 0 4937 0.2 10 0 0 60 60.3 51.9 51.9
5137 0.5 30 0 0 4937 0.2 10 0 0 90 60.5 52.7 52.7
5137 0.5 30 0 0 4937 0.2 10 0 0 120 60.6 53.1 53.1
5137 0.5 30 0 0 4937 0.2 10 0 0 150 60.4 52.8 52.8
5137 0.5 30 0 0 4937 0.2 10 0 0 180 59.9 51.6 51.6
5137 0.5 30 0 0 4937 0.2 20 0 0 0 59.4 49.1 49.1
5137 0.5 30 0 0 4937 0.2 20 0 0 30 59.8 49.7 49.7
5137 0.5 30 0 0 4937 0.2 20 0 0 60 60.1 50.6 50.6
5137 0.5 30 0 0 4937 0.2 20 0 0 90 60.3 51.4 51.4
5137 0.5 30 0 0 4937 0.2 20 0 0 120 60.4 51.9 51.9
5137 0.5 30 0 0 4937 0.2 20 0 0 150 60.1 51.5 51.5
5137 0.5 30 0 0 4937 0.2 20 0 0 180 59.7 50.3 50.3
5137 0.5 30 0 0 4937 0.2 30 0 0 0 59.1 47.0 47.0
5137 0.5 30 0 0 4937 0.2 30 0 0 30 59.5 47.6 47.6
5137 0.5 30 0 0 4937 0.2 30 0 0 60 59.7 48.4 48.4
5137 0.5 30 0 0 4937 0.2 30 0 0 90 59.9 49.1 49.1
5137 0.5 30 0 0 4937 0.2 30 0 0 120 60.0 49.4 49.4
5137 0.5 30 0 0 4937 0.2 30 0 0 150 59.8 48.9 48.9
5137 0.5 30 0 0 4937 0.2 30 0 0 180 59.3 47.8 47.8
5137 0.5 30 0 0 4937 0.2 40 0 0 0 58.5 47.0 47.0
5137 0.5 30 0 0 4937 0.2 40 0 0 30 58.9 47.6 47.6
5137 0.5 30 0 0 4937 0.2 40 0 0 60 59.2 48.2 48.2
5137 0.5 30 0 0 4937 0.2 40 0 0 90 59.4 48.9 48.9
5137 0.5 30 0 0 4937 0.2 40 0 0 120 59.5 49.3 49.3
5137 0.5 30 0 0 4937 0.2 40 0 0 150 59.2 49.0 49.0
5137 0.5 30 0 0 4937 0.2 40 0 0 180 58.7 48.0 48.0
5137 0.5 30 0 0 4937 0.2 50 0 0 0 57.7 47.3 47.3
5137 0.5 30 0 0 4937 0.2 50 0 0 30 58.1 47.8 47.8
5137 0.5 30 0 0 4937 0.2 50 0 0 60 58.4 48.5 48.5
5137 0.5 30 0 0 4937 0.2 50 0 0 90 58.6 49.2 49.2
5137 0.5 30 0 0 4937 0.2 50 0 0 120 58.7 49.7 49.7
5137 0.5 30 0 0 4937 0.2 50 0 0 150 58.4 49.8 49.8
5137 0.5 30 0 0 4937 0.2 50 0 0 180 57.9 49.0 49.0
5137 0.5 30 0 0 4937 0.2 60 0 0 0 56.2 48.4 48.4
5137 0.5 30 0 0 4937 0.2 60 0 0 30 56.7 48.7 48.7
5137 0.5 30 0 0 4937 0.2 60 0 0 60 57.0 49.3 49.3
5137 0.5 30 0 0 4937 0.2 60 0 0 90 57.2 49.9 49.9
5137 0.5 30 0 0 4937 0.2 60 0 0 120 57.2 50.4 50.4
5137 0.5 30 0 0 4937 0.2 60 0 0 150 57.1 50.7 50.7
5137 0.5 30 0 0 4937 0.2 60 0 0 180 56.7 50.2 50.2
5137 0.5 30 0 0 4937 0.3 0 0 0 0 58.7 49.6 49.6
5137 0.5 30 0 0 4937 0.3 0 0 0 30 59.0 50.2 50.2
5137 0.5 30 0 0 4937 0.3 0 0 0 60 59.3 51.0 51.0
5137 0.5 30 0 0 4937 0.3 0 0 0 90 59.5 51.8 51.8
5137 0.5 30 0 0 4937 0.3 0 0 0 120 59.6 52.4 52.4
5137 0.5 30 0 0 4937 0.3 0 0 0 150 59.3 52.2 52.2
5137 0.5 30 0 0 4937 0.3 0 0 0 180 58.8 50.6 50.6
5137 0.5 30 0 0 4937 0.3 10 0 0 0 58.6 49.1 49.1
5137 0.5 30 0 0 4937 0.3 10 0 0 30 59.0 49.7 49.7
5137 0.5 30 0 0 4937 0.3 10 0 0 60 59.2 50.4 50.4
5137 0.5 30 0 0 4937 0.3 10 0 0 90 59.4 51.2 51.2
5137 0.5 30 0 0 4937 0.3 10 0 0 120 59.5 51.9 51.9
5137 0.5 30 0 0 4937 0.3 10 0 0 150 59.3 51.8 51.8
5137 0.5 30 0 0 4937 0.3 10 0 0 180 58.8 50.2 50.2
5137 0.5 30 0 0 4937 0.3 20 0 0 0 58.4 47.6 47.6
5137 0.5 30 0 0 4937 0.3 20 0 0 30 58.8 48.1 48.1
5137 0.5 30 0 0 4937 0.3 20 0 0 60 59.0 48.8 48.8
5137 0.5 30 0 0 4937 0.3 20 0 0 90 59.2 49.7 49.7
5137 0.5 30 0 0 4937 0.3 20 0 0 120 59.3 50.5 50.5
5137 0.5 30 0 0 4937 0.3 20 0 0 150 59.1 50.3 50.3
5137 0.5 30 0 0 4937 0.3 20 0 0 180 58.6 48.9 48.9
5137 0.5 30 0 0 4937 0.3 30 0 0 0 58.0 45.9 45.9
5137 0.5 30 0 0 4937 0.3 30 0 0 30 58.4 46.4 46.4
5137 0.5 30 0 0 4937 0.3 30 0 0 60 58.7 47.0 47.0
5137 0.5 30 0 0 4937 0.3 30 0 0 90 58.9 47.8 47.8
5137 0.5 30 0 0 4937 0.3 30 0 0 120 59.0 48.5 48.5
5137 0.5 30 0 0 4937 0.3 30 0 0 150 58.7 48.3 48.3
5137 0.5 30 0 0 4937 0.3 30 0 0 180 58.2 46.8 46.8
5137 0.5 30 0 0 4937 0.3 40 0 0 0 57.5 45.9 45.9
5137 0.5 30 0 0 4937 0.3 40 0 0 30 57.8 46.4 46.4
5137 0.5 30 0 0 4937 0.3 40 0 0 60 58.1 47.0 47.0
5137 0.5 30 0 0 4937 0.3 40 0 0 90 58.4 47.7 47.7
5137 0.5 30 0 0 4937 0.3 40 0 0 120 58.4 48.3 48.3
5137 0.5 30 0 0 4937 0.3 40 0 0 150 58.2 48.4 48.4
5137 0.5 30 0 0 4937 0.3 40 0 0 180 57.6 47.2 47.2
5137 0.5 30 0 0 4937 0.3 50 0 0 0 56.6 46.2 46.2
5137 0.5 30 0 0 4937 0.3 50 0 0 30 56.9 46.7 46.7
5137 0.5 30 0 0 4937 0.3 50 0 0 60 57.2 47.2 47.2
5137 0.5 30 0 0 4937 0.3 50 0 0 90 57.5 47.9 47.9
5137 0.5 30 0 0 4937 0.3 50 0 0 120 57.6 48.6 48.6
5137 0.5 30 0 0 4937 0.3 50 0 0 150 57.4 48.9 48.9
5137 0.5 30 0 0 4937 0.3 50 0 0 180 56.7 48.2 48.2
5137 0.5 30 0 0 4937 0.3 60 0 0 0 55.0 47.2 47.2
5137 0.5 30 0 0 4937 0.3 60 0 0 30 55.3 47.5 47.5
5137 0.5 30 0 0 4937 0.3 60 0 0 60 55.7 48.0 48.0
5137 0.5 30 0 0 4937 0.3 60 0 0 90 55.9 48.5 48.5
5137 0.5 30 0 0 4937 0.3 60 0 0 120 56.0 49.1 49.1
5137 0.5 30 0 0 4937 0.3 60 0 0 150 55.9 49.5 49.5
5137 0.5 30 0 0 4937 0.3 60 0 0 180 55.5 49.1 49.1
5137 0.5 30 0 0 4937 0.4 0 0 0 0 57.8 48.4 48.4
5137 0.5 30 0 0 4937 0.4 0 0 0 30 58.0 48.9 48.9
5137 0.5 30 0 0 4937 0.4 0 0 0 60 58.2 49.5 49.5
5137 0.5 30 0 0 4937 0.4 0 0 0 90 58.5 50.2 50.2
5137 0.5 30 0 0 4937 0.4 0 0 0 120 58.6 51.0 51.0
5137 0.5 30 0 0 4937 0.4 0 0 0 150 58.3 51.0 51.0
5137 0.5 30 0 0 4937 0.4 0 0 0 180 57.7 49.1 49.1
5137 0.5 30 0 0 4937 0.4 10 0 0 0 57.7 47.7 47.7
5137 0.5 30 0 0 4937 0.4 10 0 0 30 58.0 48.2 48.2
5137 0.5 30 0 0 4937 0.4 10 0 0 60 58.2 48.8 48.8
5137 0.5 30 0 0 4937 0.4 10 0 0 90 58.4 49.6 49.6
5137 0.5 30 0 0 4937 0.4 10 0 0 120 58.5 50.4 50.4
5137 0.5 30 0 0 4937 0.4 10 0 0 150 58.3 50.6 50.6
5137 0.5 30 0 0 4937 0.4 10 0 0 180 57.6 48.8 48.8
5137 0.5 30 0 0 4937 0.4 20 0 0 0 57.4 45.6 45.6
5137 0.5 30 0 0 4937 0.4 20 0 0 30 57.8 46.1 46.1
5137 0.5 30 0 0 4937 0.4 20 0 0 60 58.0 46.7 46.7
5137 0.5 30 0 0 4937 0.4 20 0 0 90 58.2 47.5 47.5
5137 0.5 30 0 0 4937 0.4 20 0 0 120 58.3 48.5 48.5
5137 0.5 30 0 0 4937 0.4 20 0 0 150 58.1 48.7 48.7
5137 0.5 30 0 0 4937 0.4 20 0 0 180 57.4 46.9 46.9
5137 0.5 30 0 0 4937 0.4 30 0 0 0 57.0 44.9 44.9
5137 0.5 30 0 0 4937 0.4 30 0 0 30 57.4 45.4 45.4
5137 0.5 30 0 0 4937 0.4 30 0 0 60 57.6 45.9 45.9
5137 0.5 30 0 0 4937 0.4 30 0 0 90 57.8 46.6 46.6
5137 0.5 30 0 0 4937 0.4 30 0 0 120 57.9 47.5 47.5
5137 0.5 30 0 0 4937 0.4 30 0 0 150 57.7 47.8 47.8
5137 0.5 30 0 0 4937 0.4 30 0 0 180 57.0 46.1 46.1
5137 0.5 30 0 0 4937 0.4 40 0 0 0 56.4 45.0 45.0
5137 0.5 30 0 0 4937 0.4 40 0 0 30 56.7 45.4 45.4
5137 0.5 30 0 0 4937 0.4 40 0 0 60 57.0 45.9 45.9
5137 0.5 30 0 0 4937 0.4 40 0 0 90 57.2 46.6 46.6
5137 0.5 30 0 0 4937 0.4 40 0 0 120 57.4 47.3 47.3
5137 0.5 30 0 0 4937 0.4 40 0 0 150 57.2 47.8 47.8
5137 0.5 30 0 0 4937 0.4 40 0 0 180 56.4 46.6 46.6
5137 0.5 30 0 0 4937 0.4 50 0 0 0 55.4 45.2 45.2
5137 0.5 30 0 0 4937 0.4 50 0 0 30 55.8 45.5 45.5
5137 0.5 30 0 0 4937 0.4 50 0 0 60 56.0 46.0 46.0
5137 0.5 30 0 0 4937 0.4 50 0 0 90 56.3 46.7 46.7
5137 0.5 30 0 0 4937 0.4 50 0 0 120 56.5 47.5 47.5
5137 0.5 30 0 0 4937 0.4 50 0 0 150 56.4 48.0 48.0
5137 0.5 30 0 0 4937 0.4 50 0 0 180 55.5 47.4 47.4
5137 0.5 30 0 0 4937 0.4 60 0 0 0 53.5 46.1 46.1
5137 0.5 30 0 0 4937 0.4 60 0 0 30 53.8 46.4 46.4
5137 0.5 30 0 0 4937 0.4 60 0 0 60 54.1 46.8 46.8
5137 0.5 30 0 0 4937 0.4 60 0 0 90 54.4 47.3 47.3
5137 0.5 30 0 0 4937 0.4 60 0 0 120 54.6 47.8 47.8
5137 0.5 30 0 0 4937 0.4 60 0 0 150 54.5 48.4 48.4
5137 0.5 30 0 0 4937 0.4 60 0 0 180 54.3 48.0 48.0
5137 0.5 30 0 0 4937 0.5 0 0 0 0 56.8 46.9 46.9
5137 0.5 30 0 0 4937 0.5 0 0 0 30 57.0 47.3 47.3
5137 0.5 30 0 0 4937 0.5 0 0 0 60 57.2 47.8 47.8
5137 0.5 30 0 0 4937 0.5 0 0 0 90 57.4 48.5 48.5
5137 0.5 30 0 0 4937 0.5 0 0 0 120 57.6 49.3 49.3
5137 0.5 30 0 0 4937 0.5 0 0 0 150 57.4 49.7 49.7
5137 0.5 30 0 0 4937 0.5 0 0 0 180 56.5 47.3 47.3
5137 0.5 30 0 0 4937 0.5 10 0 0 0 56.7 45.9 45.9
5137 0.5 30 0 0 4937 0.5 10 0 0 30 56.9 46.3 46.3
5137 0.5 30 0 0 4937 0.5 10 0 0 60 57.1 46.8 46.8
5137 0.5 30 0 0 4937 0.5 10 0 0 90 57.3 47.5 47.5
5137 0.5 30 0 0 4937 0.5 10 0 0 120 57.5 48.4 48.4
5137 0.5 30 0 0 4937 0.5 10 0 0 150 57.3 48.9 48.9
5137 0.5 30 0 0 4937 0.5 10 0 0 180 56.4 46.7 46.7
5137 0.5 30 0 0 4937 0.5 20 0 0 0 56.5 44.5 44.5
5137 0.5 30 0 0 4937 0.5 20 0 0 30 56.7 44.9 44.9
5137 0.5 30 0 0 4937 0.5 20 0 0 60 56.9 45.3 45.3
5137 0.5 30 0 0 4937 0.5 20 0 0 90 57.1 46.0 46.0
5137 0.5 30 0 0 4937 0.5 20 0 0 120 57.3 47.0 47.0
5137 0.5 30 0 0 4937 0.5 20 0 0 150 57.2 47.8 47.8
5137 0.5 30 0 0 4937 0.5 20 0 0 180 56.1 45.7 45.7
5137 0.5 30 0 0 4937 0.5 30 0 0 0 56.0 44.2 44.2
5137 0.5 30 0 0 4937 0.5 30 0 0 30 56.3 44.6 44.6
5137 0.5 30 0 0 4937 0.5 30 0 0 60 56.5 45.0 45.0
5137 0.5 30 0 0 4937 0.5 30 0 0 90 56.7 45.6 45.6
5137 0.5 30 0 0 4937 0.5 30 0 0 120 56.9 46.5 46.5
5137 0.5 30 0 0 4937 0.5 30 0 0 150 56.8 47.3 47.3
5137 0.5 30 0 0 4937 0.5 30 0 0 180 55.7 45.5 45.5
5137 0.5 30 0 0 4937 0.5 40 0 0 0 55.3 44.2 44.2
5137 0.5 30 0 0 4937 0.5 40 0 0 30 55.5 44.5 44.5
5137 0.5 30 0 0 4937 0.5 40 0 0 60 55.8 45.0 45.0
5137 0.5 30 0 0 4937 0.5 40 0 0 90 56.0 45.6 45.6
5137 0.5 30 0 0 4937 0.5 40 0 0 120 56.4 46.4 46.4
5137 0.5 30 0 0 4937 0.5 40 0 0 150 56.2 47.2 47.2
5137 0.5 30 0 0 4937 0.5 40 0 0 180 55.1 46.0 46.0
5137 0.5 30 0 0 4937 0.5 50 0 0 0 54.2 44.4 44.4
5137 0.5 30 0 0 4937 0.5 50 0 0 30 54.5 44.6 44.6
5137 0.5 30 0 0 4937 0.5 50 0 0 60 54.7 45.0 45.0
5137 0.5 30 0 0 4937 0.5 50 0 0 90 55.0 45.5 45.5
5137 0.5 30 0 0 4937 0.5 50 0 0 120 55.4 46.4 46.4
5137 0.5 30 0 0 4937 0.5 50 0 0 150 55.2 47.2 47.2
5137 0.5 30 0 0 4937 0.5 50 0 0 180 54.3 46.5 46.5
5137 0.5 30 0 0 4937 0.5 60 0 0 0 52.2 45.1 45.1
5137 0.5 30 0 0 4937 0.5 60 0 0 30 52.4 45.3 45.3
5137 0.5 30 0 0 4937 0.5 60 0 0 60 52.7 45.7 45.7
5137 0.5 30 0 0 4937 0.5 60 0 0 90 53.0 46.1 46.1
5137 0.5 30 0 0 4937 0.5 60 0 0 120 53.5 46.7 46.7
5137 0.5 30 0 0 4937 0.5 60 0 0 150 53.3 47.3 47.3
5137 0.5 30 0 0 4937 0.5 60 0 0 180 52.8 46.9 46.9
5137 0.5 30 0 0 5137 0.0 0 0 0 0 49.6 44.8 44.8
5137 0.5 30 0 0 5137 0.0 0 0 0 30 51.6 47.6 47.6
5137 0.5 30 0 0 5137 0.0 0 0 0 60 57.0 53.2 53.2
5137 0.5 30 0 0 5137 0.0 0 0 0 90 64.0 59.1 59.1
5137 0.5 30 0 0 5137 0.0 0 0 0 120 69.4 62.8 62.8
5137 0.5 30 0 0 5137 0.0 0 0 0 150 73.5 64.5 64.5
5137 0.5 30 0 0 5137 0.0 0 0 0 180 74.9 62.8 62.8
5137 0.5 30 0 0 5137 0.0 10 0 0 0 49.5 44.4 44.4
5137 0.5 30 0 0 5137 0.0 10 0 0 30 51.5 46.8 46.8
5137 0.5 30 0 0 5137 0.0 10 0 0 60 56.9 52.2 52.2
5137 0.5 30 0 0 5137 0.0 10 0 0 90 64.0 57.8 57.8
5137 0.5 30 0 0 5137 0.0 10 0 0 120 69.4 61.6 61.6
5137 0.5 30 0 0 5137 0.0 10 0 0 150 73.4 64.0 64.0
5137 0.5 30 0 0 5137 0.0 10 0 0 180 74.8 63.3 63.3
5137 0.5 30 0 0 5137 0.0 20 0 0 0 49.4 43.5 43.5
5137 0.5 30 0 0 5137 0.0 20 0 0 30 51.3 45.5 45.5
5137 0.5 30 0 0 5137 0.0 20 0 0 60 56.6 50.4 50.4
5137 0.5 30 0 0 5137 0.0 20 0 0 90 63.8 55.8 55.8
5137 0.5 30 0 0 5137 0.0 20 0 0 120 69.2 59.5 59.5
5137 0.5 30 0 0 5137 0.0 20 0 0 150 73.2 62.1 62.1
5137 0.5 30 0 0 5137 0.0 20 0 0 180 74.6 63.0 63.0
5137 0.5 30 0 0 5137 0.0 30 0 0 0 49.2 41.5 41.5
5137 0.5 30 0 0 5137 0.0 30 0 0 30 51.0 43.3 43.3
5137 0.5 30 0 0 5137 0.0 30 0 0 60 56.3 47.1 47.1
5137 0.5 30 0 0 5137 0.0 30 0 0 90 63.6 51.8 51.8
5137 0.5 30 0 0 5137 0.0 30 0 0 120 68.9 55.4 55.4
5137 0.5 30 0 0 5137 0.0 30 0 0 150 72.8 58.3 58.3
5137 0.5 30 0 0 5137 0.0 30 0 0 180 74.2 60.1 60.1
5137 0.5 30 0 0 5137 0.0 40 0 0 0 48.8 41.2 41.2
5137 0.5 30 0 0 5137 0.0 40 0 0 30 50.6 43.1 43.1
5137 0.5 30 0 0 5137 0.0 40 0 0 60 55.7 46.8 46.8
5137 0.5 30 0 0 5137 0.0 40 0 0 90 63.2 50.8 50.8
5137 0.5 30 0 0 5137 0.0 40 0 0 120 68.4 54.4 54.4
5137 0.5 30 0 0 5137 0.0 40 0 0 150 72.2 57.4 57.4
5137 0.5 30 0 0 5137 0.0 40 0 0 180 73.5 59.6 59.6
5137 0.5 30 0 0 5137 0.0 50 0 0 0 48.3 41.7 41.7
5137 0.5 30 0 0 5137 0.0 50 0 0 30 49.9 43.5 43.5
5137 0.5 30 0 0 5137 0.0 50 0 0 60 55.0 47.1 47.1
5137 0.5 30 0 0 5137 0.0 50 0 0 90 62.6 50.8 50.8
5137 0.5 30 0 0 5137 0.0 50 0 0 120 67.6 54.3 54.3
5137 0.5 30 0 0 5137 0.0 50 0 0 150 71.1 57.4 57.4
5137 0.5 30 0 0 5137 0.0 50 0 0 180 72.5 59.9 59.9
5137 0.5 30 0 0 5137 0.0 60 0 0 0 47.4 42.6 42.6
5137 0.5 30 0 0 5137 0.0 60 0 0 30 49.1 44.3 44.3
5137 0.5 30 0 0 5137 0.0 60 0 0 60 53.9 47.9 47.9
5137 0.5 30 0 0 5137 0.0 60 0 0 90 61.5 51.4 51.4
5137 0.5 30 0 0 5137 0.0 60 0 0 120 66.0 54.8 54.8
5137 0.5 30 0 0 5137 0.0 60 0 0 150 69.3 58.0 58.0
5137 0.5 30 0 0 5137 0.0 60 0 0 180 70.6 60.8 60.8
5137 0.5 30 0 0 5137 0.1 0 0 0 0 47.5 42.8 42.8
5137 0.5 30 0 0 5137 0.1 0 0 0 30 49.4 45.6 45.6
5137 0.5 30 0 0 5137 0.1 0 0 0 60 54.4 50.5 50.5
5137 0.5 30 0 0 5137 0.1 0 0 0 90 61.2 56.2 56.2
5137 0.5 30 0 0 5137 0.1 0 0 0 120 66.9 60.5 60.5
5137 0.5 30 0 0 5137 0.1 0 0 0 150 71.8 63.3 63.3
5137 0.5 30 0 0 5137 0.1 0 0 0 180 73.3 61.7 61.7
5137 0.5 30 0 0 5137 0.1 10 0 0 0 47.5 42.3 42.3
5137 0.5 30 0 0 5137 0.1 10 0 0 30 49.3 44.5 44.5
5137 0.5 30 0 0 5137 0.1 10 0 0 60 54.2 49.4 49.4
5137 0.5 30 0 0 5137 0.1 10 0 0 90 61.1 54.9 54.9
5137 0.5 30 0 0 5137 0.1 10 0 0 120 66.9 59.2 59.2
5137 0.5 30 0 0 5137 0.1 10 0 0 150 71.8 62.7 62.7
5137 0.5 30 0 0 5137 0.1 10 0 0 180 73.2 62.3 62.3
5137 0.5 30 0 0 5137 0.1 20 0 0 0 47.3 41.3 41.3
5137 0.5 30 0 0 5137 0.1 20 0 0 30 49.1 43.1 43.1
5137 0.5 30 0 0 5137 0.1 20 0 0 60 54.0 47.6 47.6
5137 0.5 30 0 0 5137 0.1 20 0 0 90 61.0 52.8 52.8
5137 0.5 30 0 0 5137 0.1 20 0 0 120 66.7 57.1 57.1
5137 0.5 30 0 0 5137 0.1 20 0 0 150 71.6 60.7 60.7
5137 0.5 30 0 0 5137 0.1 20 0 0 180 73.0 62.0 62.0
5137 0.5 30 0 0 5137 0.1 30 0 0 0 47.0 39.3 39.3
5137 0.5 30 0 0 5137 0.1 30 0 0 30 48.7 40.8 40.8
5137 0.5 30 0 0 5137 0.1 30 0 0 60 53.6 44.1 44.1
5137 0.5 30 0 0 5137 0.1 30 0 0 90 60.7 48.9 48.9
5137 0.5 30 0 0 5137 0.1 30 0 0 120 66.4 53.1 53.1
5137 0.5 30 0 0 5137 0.1 30 0 0 150 71.2 56.8 56.8
5137 0.5 30 0 0 5137 0.1 30 0 0 180 72.6 59.2 59.2
5137 0.5 30 0 0 5137 0.1 40 0 0 0 46.6 39.3 39.3
5137 0.5 30 0 0 5137 0.1 40 0 0 30 48.2 40.8 40.8
5137 0.5 30 0 0 5137 0.1 40 0 0 60 53.1 44.0 44.0
5137 0.5 30 0 0 5137 0.1 40 0 0 90 60.3 47.9 47.9
5137 0.5 30 0 0 5137 0.1 40 0 0 120 65.9 52.0 52.0
5137 0.5 30 0 0 5137 0.1 40 0 0 150 70.5 55.7 55.7
5137 0.5 30 0 0 5137 0.1 40 0 0 180 71.9 58.7 58.7
5137 0.5 30 0 0 5137 0.1 50 0 0 0 46.0 39.7 39.7
5137 0.5 30 0 0 5137 0.1 50 0 0 30 47.5 41.2 41.2
5137 0.5 30 0 0 5137 0.1 50 0 0 60 52.4 44.4 44.4
5137 0.5 30 0 0 5137 0.1 50 0 0 90 59.7 47.9 47.9
5137 0.5 30 0 0 5137 0.1 50 0 0 120 65.1 51.8 51.8
5137 0.5 30 0 0 5137 0.1 50 0 0 150 69.5 55.6 55.6
5137 0.5 30 0 0 5137 0.1 50 0 0 180 70.8 58.9 58.9
5137 0.5 30 0 0 5137 0.1 60 0 0 0 45.0 40.9 40.9
5137 0.5 30 0 0 5137 0.1 60 0 0 30 46.6 42.2 42.2
5137 0.5 30 0 0 5137 0.1 60 0 0 60 51.3 45.2 45.2
5137 0.5 30 0 0 5137 0.1 60 0 0 90 58.7 48.5 48.5
5137 0.5 30 0 0 5137 0.1 60 0 0 120 63.7 52.2 52.2
5137 0.5 30 0 0 5137 0.1 60 0 0 150 67.7 56.1 56.1
5137 0.5 30 0 0 5137 0.1 60 0 0 180 68.9 59.7 59.7
5137 0.5 30 0 0 5137 0.2 0 0 0 0 45.5 40.9 40.9
5137 0.5 30 0 0 5137 0.2 0 0 0 30 47.2 43.7 43.7
5137 0.5 30 0 0 5137 0.2 0 0 0 60 51.9 47.8 47.8
5137 0.5 30 0 0 5137 0.2 0 0 0 90 58.3 53.1 53.1
5137 0.5 30 0 0 5137 0.2 0 0 0 120 64.3 57.9 57.9
5137 0.5 30 0 0 5137 0.2 0 0 0 150 69.9 61.6 61.6
5137 0.5 30 0 0 5137 0.2 0 0 0 180 71.5 60.6 60.6
5137 0.5 30 0 0 5137 0.2 10 0 0 0 45.4 40.2 40.2
5137 0.5 30 0 0 5137 0.2 10 0 0 30 47.1 42.5 42.5
5137 0.5 30 0 0 5137 0.2 10 0 0 60 51.8 46.8 46.8
5137 0.5 30 0 0 5137 0.2 10 0 0 90 58.3 51.9 51.9
5137 0.5 30 0 0 5137 0.2 10 0 0 120 64.2 56.6 56.6
5137 0.5 30 0 0 5137 0.2 10 0 0 150 69.8 60.9 60.9
5137 0.5 30 0 0 5137 0.2 10 0 0 180 71.5 61.1 61.1
5137 0.5 30 0 0 5137 0.2 20 0 0 0 45.2 39.0 39.0
5137 0.5 30 0 0 5137 0.2 20 0 0 30 46.9 40.7 40.7
5137 0.5 30 0 0 5137 0.2 20 0 0 60 51.6 44.9 44.9
5137 0.5 30 0 0 5137 0.2 20 0 0 90 58.1 49.8 49.8
5137 0.5 30 0 0 5137 0.2 20 0 0 120 64.1 54.5 54.5
5137 0.5 30 0 0 5137 0.2 20 0 0 150 69.6 58.9 58.9
5137 0.5 30 0 0 5137 0.2 20 0 0 180 71.2 60.5 60.5
5137 0.5 30 0 0 5137 0.2 30 0 0 0 44.9 37.1 37.1
5137 0.5 30 0 0 5137 0.2 30 0 0 30 46.5 38.5 38.5
5137 0.5 30 0 0 5137 0.2 30 0 0 60 51.2 41.5 41.5
5137 0.5 30 0 0 5137 0.2 30 0 0 90 57.8 46.1 46.1
5137 0.5 30 0 0 5137 0.2 30 0 0 120 63.8 50.6 50.6
5137 0.5 30 0 0 5137 0.2 30 0 0 150 69.2 55.0 55.0
5137 0.5 30 0 0 5137 0.2 30 0 0 180 70.8 57.8 57.8
5137 0.5 30 0 0 5137 0.2 40 0 0 0 44.4 37.3 37.3
5137 0.5 30 0 0 5137 0.2 40 0 0 30 45.9 38.6 38.6
5137 0.5 30 0 0 5137 0.2 40 0 0 60 50.7 41.4 41.4
5137 0.5 30 0 0 5137 0.2 40 0 0 90 57.4 45.2 45.2
5137 0.5 30 0 0 5137 0.2 40 0 0 120 63.2 49.5 49.5
5137 0.5 30 0 0 5137 0.2 40 0 0 150 68.6 53.9 53.9
5137 0.5 30 0 0 5137 0.2 40 0 0 180 70.1 57.5 57.5
5137 0.5 30 0 0 5137 0.2 50 0 0 0 43.7 37.7 37.7
5137 0.5 30 0 0 5137 0.2 50 0 0 30 45.2 39.1 39.1
5137 0.5 30 0 0 5137 0.2 50 0 0 60 49.9 41.8 41.8
5137 0.5 30 0 0 5137 0.2 50 0 0 90 56.8 45.2 45.2
5137 0.5 30 0 0 5137 0.2 50 0 0 120 62.4 49.3 49.3
5137 0.5 30 0 0 5137 0.2 50 0 0 150 67.6 53.8 53.8
5137 0.5 30 0 0 5137 0.2 50 0 0 180 68.9 57.9 57.9
5137 0.5 30 0 0 5137 0.2 60 0 0 0 42.8 39.2 39.2
5137 0.5 30 0 0 5137 0.2 60 0 0 30 44.3 40.2 40.2
5137 0.5 30 0 0 5137 0.2 60 0 0 60 48.9 42.6 42.6
5137 0.5 30 0 0 5137 0.2 60 0 0 90 55.8 45.7 45.7
5137 0.5 30 0 0 5137 0.2 60 0 0 120 61.0 49.6 49.6
5137 0.5 30 0 0 5137 0.2 60 0 0 150 65.8 54.1 54.1
5137 0.5 30 0 0 5137 0.2 60 0 0 180 67.0 58.5 58.5
5137 0.5 30 0 0 5137 0.3 0 0 0 0 43.5 39.2 39.2
5137 0.5 30 0 0 5137 0.3 0 0 0 30 45.2 41.8 41.8
5137 0.5 30 0 0 5137 0.3 0 0 0 60 49.7 45.3 45.3
5137 0.5 30 0 0 5137 0.3 0 0 0 90 55.5 50.0 50.0
5137 0.5 30 0 0 5137 0.3 0 0 0 120 61.5 55.0 55.0
5137 0.5 30 0 0 5137 0.3 0 0 0 150 67.7 59.6 59.6
5137 0.5 30 0 0 5137 0.3 0 0 0 180 69.7 59.3 59.3
5137 0.5 30 0 0 5137 0.3 10 0 0 0 43.4 38.2 38.2
5137 0.5 30 0 0 5137 0.3 10 0 0 30 45.1 40.6 40.6
5137 0.5 30 0 0 5137 0.3 10 0 0 60 49.6 44.2 44.2
5137 0.5 30 0 0 5137 0.3 10 0 0 90 55.4 48.8 48.8
5137 0.5 30 0 0 5137 0.3 10 0 0 120 61.4 53.7 53.7
5137 0.5 30 0 0 5137 0.3 10 0 0 150 67.7 58.9 58.9
5137 0.5 30 0 0 5137 0.3 10 0 0 180 69.6 59.5 59.5
5137 0.5 30 0 0 5137 0.3 20 0 0 0 43.2 36.7 36.7
5137 0.5 30 0 0 5137 0.3 20 0 0 30 44.9 38.5 38.5
5137 0.5 30 0 0 5137 0.3 20 0 0 60 49.3 42.2 42.2
5137 0.5 30 0 0 5137 0.3 20 0 0 90 55.2 46.6 46.6
5137 0.5 30 0 0 5137 0.3 20 0 0 120 61.2 51.5 51.5
5137 0.5 30 0 0 5137 0.3 20 0 0 150 67.5 56.8 56.8
5137 0.5 30 0 0 5137 0.3 20 0 0 180 69.3 58.6 58.6
5137 0.5 30 0 0 5137 0.3 30 0 0 0 42.8 35.1 35.1
5137 0.5 30 0 0 5137 0.3 30 0 0 30 44.4 36.2 36.2
5137 0.5 30 0 0 5137 0.3 30 0 0 60 49.0 39.1 39.1
5137 0.5 30 0 0 5137 0.3 30 0 0 90 54.9 43.3 43.3
5137 0.5 30 0 0 5137 0.3 30 0 0 120 60.9 48.1 48.1
5137 0.5 30 0 0 5137 0.3 30 0 0 150 67.1 53.4 53.4
5137 0.5 30 0 0 5137 0.3 30 0 0 180 68.9 56.5 56.5
5137 0.5 30 0 0 5137 0.3 40 0 0 0 42.2 35.4 35.4
5137 0.5 30 0 0 5137 0.3 40 0 0 30 43.8 36.6 36.6
5137 0.5 30 0 0 5137 0.3 40 0 0 60 48.4 38.9 38.9
5137 0.5 30 0 0 5137 0.3 40 0 0 90 54.5 42.5 42.5
5137 0.5 30 0 0 5137 0.3 40 0 0 120 60.4 47.0 47.0
5137 0.5 30 0 0 5137 0.3 40 0 0 150 66.4 52.3 52.3
5137 0.5 30 0 0 5137 0.3 40 0 0 180 68.1 56.3 56.3
5137 0.5 30 0 0 5137 0.3 50 0 0 0 41.5 36.0 36.0
5137 0.5 30 0 0 5137 0.3 50 0 0 30 43.2 37.1 37.1
5137 0.5 30 0 0 5137 0.3 50 0 0 60 47.7 39.3 39.3
5137 0.5 30 0 0 5137 0.3 50 0 0 90 53.9 42.5 42.5
5137 0.5 30 0 0 5137 0.3 50 0 0 120 59.6 46.7 46.7
5137 0.5 30 0 0 5137 0.3 50 0 0 150 65.4 51.9 51.9
5137 0.5 30 0 0 5137 0.3 50 0 0 180 66.9 56.6 56.6
5137 0.5 30 0 0 5137 0.3 60 0 0 0 40.9 37.6 37.6
5137 0.5 30 0 0 5137 0.3 60 0 0 30 42.3 38.3 38.3
5137 0.5 30 0 0 5137 0.3 60 0 0 60 46.6 40.2 40.2
5137 0.5 30 0 0 5137 0.3 60 0 0 90 52.9 42.9 42.9
5137 0.5 30 0 0 5137 0.3 60 0 0 120 58.1 46.9 46.9
5137 0.5 30 0 0 5137 0.3 60 0 0 150 63.6 52.0 52.0
5137 0.5 30 0 0 5137 0.3 60 0 0 180 64.9 57.1 57.1
5137 0.5 30 0 0 5137 0.4 0 0 0 0 41.5 38.3 38.3
5137 0.5 30 0 0 5137 0.4 0 0 0 30 43.8 40.0 40.0
5137 0.5 30 0 0 5137 0.4 0 0 0 60 47.7 42.8 42.8
5137 0.5 30 0 0 5137 0.4 0 0 0 90 52.7 46.8 46.8
5137 0.5 30 0 0 5137 0.4 0 0 0 120 58.5 51.8 51.8
5137 0.5 30 0 0 5137 0.4 0 0 0 150 65.4 57.2 57.2
5137 0.5 30 0 0 5137 0.4 0 0 0 180 67.8 57.5 57.5
5137 0.5 30 0 0 5137 0.4 10 0 0 0 41.4 36.6 36.6
5137 0.5 30 0 0 5137 0.4 10 0 0 30 43.7 38.8 38.8
5137 0.5 30 0 0 5137 0.4 10 0 0 60 47.6 41.7 41.7
5137 0.5 30 0 0 5137 0.4 10 0 0 90 52.7 45.6 45.6
5137 0.5 30 0 0 5137 0.4 10 0 0 120 58.4 50.5 50.5
5137 0.5 30 0 0 5137 0.4 10 0 0 150 65.3 56.4 56.4
5137 0.5 30 0 0 5137 0.4 10 0 0 180 67.7 57.5 57.5
5137 0.5 30 0 0 5137 0.4 20 0 0 0 41.2 34.2 34.2
5137 0.5 30 0 0 5137 0.4 20 0 0 30 43.4 36.3 36.3
5137 0.5 30 0 0 5137 0.4 20 0 0 60 47.3 39.3 39.3
5137 0.5 30 0 0 5137 0.4 20 0 0 90 52.5 43.1 43.1
5137 0.5 30 0 0 5137 0.4 20 0 0 120 58.2 47.9 47.9
5137 0.5 30 0 0 5137 0.4 20 0 0 150 65.1 54.0 54.0
5137 0.5 30 0 0 5137 0.4 20 0 0 180 67.4 56.2 56.2
5137 0.5 30 0 0 5137 0.4 30 0 0 0 40.8 33.2 33.2
5137 0.5 30 0 0 5137 0.4 30 0 0 30 43.0 34.3 34.3
5137 0.5 30 0 0 5137 0.4 30 0 0 60 47.0 37.1 37.1
5137 0.5 30 0 0 5137 0.4 30 0 0 90 52.1 40.7 40.7
5137 0.5 30 0 0 5137 0.4 30 0 0 120 57.9 45.5 45.5
5137 0.5 30 0 0 5137 0.4 30 0 0 150 64.7 51.5 51.5
5137 0.5 30 0 0 5137 0.4 30 0 0 180 66.9 55.0 55.0
5137 0.5 30 0 0 5137 0.4 40 0 0 0 40.2 33.6 33.6
5137 0.5 30 0 0 5137 0.4 40 0 0 30 42.5 34.7 34.7
5137 0.5 30 0 0 5137 0.4 40 0 0 60 46.4 36.8 36.8
5137 0.5 30 0 0 5137 0.4 40 0 0 90 51.7 40.0 40.0
5137 0.5 30 0 0 5137 0.4 40 0 0 120 57.3 44.5 44.5
5137 0.5 30 0 0 5137 0.4 40 0 0 150 64.0 50.5 50.5
5137 0.5 30 0 0 5137 0.4 40 0 0 180 66.1 55.0 55.0
5137 0.5 30 0 0 5137 0.4 50 0 0 0 39.7 34.5 34.5
5137 0.5 30 0 0 5137 0.4 50 0 0 30 41.8 35.3 35.3
5137 0.5 30 0 0 5137 0.4 50 0 0 60 45.7 37.0 37.0
5137 0.5 30 0 0 5137 0.4 50 0 0 90 51.0 39.9 39.9
5137 0.5 30 0 0 5137 0.4 50 0 0 120 56.5 44.1 44.1
5137 0.5 30 0 0 5137 0.4 50 0 0 150 62.9 50.0 50.0
5137 0.5 30 0 0 5137 0.4 50 0 0 180 64.8 55.2 55.2
5137 0.5 30 0 0 5137 0.4 60 0 0 0 39.8 36.1 36.1
5137 0.5 30 0 0 5137 0.4 60 0 0 30 41.1 36.6 36.6
5137 0.5 30 0 0 5137 0.4 60 0 0 60 44.6 38.0 38.0
5137 0.5 30 0 0 5137 0.4 60 0 0 90 49.8 40.3 40.3
5137 0.5 30 0 0 5137 0.4 60 0 0 120 55.0 44.1 44.1
5137 0.5 30 0 0 5137 0.4 60 0 0 150 60.9 49.9 49.9
5137 0.5 30 0 0 5137 0.4 60 0 0 180 62.6 55.6 55.6
5137 0.5 30 0 0 5137 0.5 0 0 0 0 40.5 38.0 38.0
5137 0.5 30 0 0 5137 0.5 0 0 0 30 42.9 38.9 38.9
5137 0.5 30 0 0 5137 0.5 0 0 0 60 45.9 40.5 40.5
5137 0.5 30 0 0 5137 0.5 0 0 0 90 50.1 43.5 43.5
5137 0.5 30 0 0 5137 0.5 0 0 0 120 55.4 48.2 48.2
5137 0.5 30 0 0 5137 0.5 0 0 0 150 62.8 54.4 54.4
5137 0.5 30 0 0 5137 0.5 0 0 0 180 65.7 55.3 55.3
5137 0.5 30 0 0 5137 0.5 10 0 0 0 40.3 35.8 35.8
5137 0.5 30 0 0 5137 0.5 10 0 0 30 42.8 37.0 37.0
5137 0.5 30 0 0 5137 0.5 10 0 0 60 45.8 39.1 39.1
5137 0.5 30 0 0 5137 0.5 10 0 0 90 50.0 42.2 42.2
5137 0.5 30 0 0 5137 0.5 10 0 0 120 55.3 46.9 46.9
5137 0.5 30 0 0 5137 0.5 10 0 0 150 62.7 53.5 53.5
5137 0.5 30 0 0 5137 0.5 10 0 0 180 65.6 55.2 55.2
5137 0.5 30 0 0 5137 0.5 20 0 0 0 40.1 32.8 32.8
5137 0.5 30 0 0 5137 0.5 20 0 0 30 42.6 34.5 34.5
5137 0.5 30 0 0 5137 0.5 20 0 0 60 45.6 36.8 36.8
5137 0.5 30 0 0 5137 0.5 20 0 0 90 49.8 39.9 39.9
5137 0.5 30 0 0 5137 0.5 20 0 0 120 55.1 44.5 44.5
5137 0.5 30 0 0 5137 0.5 20 0 0 150 62.5 51.3 51.3
5137 0.5 30 0 0 5137 0.5 20 0 0 180 65.3 54.0 54.0
5137 0.5 30 0 0 5137 0.5 30 0 0 0 39.7 31.6 31.6
5137 0.5 30 0 0 5137 0.5 30 0 0 30 42.2 33.3 33.3
5137 0.5 30 0 0 5137 0.5 30 0 0 60 45.2 35.4 35.4
5137 0.5 30 0 0 5137 0.5 30 0 0 90 49.4 38.4 38.4
5137 0.5 30 0 0 5137 0.5 30 0 0 120 54.7 42.9 42.9
5137 0.5 30 0 0 5137 0.5 30 0 0 150 62.0 49.6 49.6
5137 0.5 30 0 0 5137 0.5 30 0 0 180 64.8 53.6 53.6
5137 0.5 30 0 0 5137 0.5 40 0 0 0 39.2 32.2 32.2
5137 0.5 30 0 0 5137 0.5 40 0 0 30 41.6 33.1 33.1
5137 0.5 30 0 0 5137 0.5 40 0 0 60 44.6 34.9 34.9
5137 0.5 30 0 0 5137 0.5 40 0 0 90 48.9 37.7 37.7
5137 0.5 30 0 0 5137 0.5 40 0 0 120 54.1 42.0 42.0
5137 0.5 30 0 0 5137 0.5 40 0 0 150 61.3 48.6 48.6
5137 0.5 30 0 0 5137 0.5 40 0 0 180 63.9 53.7 53.7
5137 0.5 30 0 0 5137 0.5 50 0 0 0 39.2 33.4 33.4
5137 0.5 30 0 0 5137 0.5 50 0 0 30 41.0 33.9 33.9
5137 0.5 30 0 0 5137 0.5 50 0 0 60 43.8 35.1 35.1
5137 0.5 30 0 0 5137 0.5 50 0 0 90 48.1 37.4 37.4
5137 0.5 30 0 0 5137 0.5 50 0 0 120 53.2 41.5 41.5
5137 0.5 30 0 0 5137 0.5 50 0 0 150 60.1 48.0 48.0
5137 0.5 30 0 0 5137 0.5 50 0 0 180 62.6 53.9 53.9
5137 0.5 30 0 0 5137 0.5 60 0 0 0 39.6 34.8 34.8
5137 0.5 30 0 0 5137 0.5 60 0 0 30 40.8 35.1 35.1
5137 0.5 30 0 0 5137 0.5 60 0 0 60 43.3 36.1 36.1
5137 0.5 30 0 0 5137 0.5 60 0 0 90 47.2 37.9 37.9
5137 0.5 30 0 0 5137 0.5 60 0 0 120 51.5 41.4 41.4
5137 0.5 30 0 0 5137 0.5 60 0 0 150 57.9 47.6 47.6
5137 0.5 30 0 0 5137 0.5 60 0 0 180 60.1 54.1 54.1
