5137 0.1 10 0 0 4737 0.0 0 0 0 0 61.9 54.9 54.9
5137 0.1 10 0 0 4737 0.0 0 0 0 30 62.1 55.1 55.1
5137 0.1 10 0 0 4737 0.0 0 0 0 60 62.3 55.2 55.2
5137 0.1 10 0 0 4737 0.0 0 0 0 90 62.3 55.4 55.4
5137 0.1 10 0 0 4737 0.0 0 0 0 120 62.3 55.5 55.5
5137 0.1 10 0 0 4737 0.0 0 0 0 150 62.3 55.5 55.5
5137 0.1 10 0 0 4737 0.0 0 0 0 180 62.3 55.6 55.6
5137 0.1 10 0 0 4737 0.0 10 0 0 0 61.9 54.6 54.6
5137 0.1 10 0 0 4737 0.0 10 0 0 30 62.1 54.7 54.7
5137 0.1 10 0 0 4737 0.0 10 0 0 60 62.2 54.9 54.9
5137 0.1 10 0 0 4737 0.0 10 0 0 90 62.3 55.0 55.0
5137 0.1 10 0 0 4737 0.0 10 0 0 120 62.3 55.2 55.2
5137 0.1 10 0 0 4737 0.0 10 0 0 150 62.2 55.3 55.3
5137 0.1 10 0 0 4737 0.0 10 0 0 180 62.2 55.3 55.3
5137 0.1 10 0 0 4737 0.0 20 0 0 0 61.7 53.6 53.6
5137 0.1 10 0 0 4737 0.0 20 0 0 30 61.9 53.7 53.7
5137 0.1 10 0 0 4737 0.0 20 0 0 60 62.0 53.8 53.8
5137 0.1 10 0 0 4737 0.0 20 0 0 90 62.1 54.0 54.0
5137 0.1 10 0 0 4737 0.0 20 0 0 120 62.1 54.1 54.1
5137 0.1 10 0 0 4737 0.0 20 0 0 150 62.0 54.2 54.2
5137 0.1 10 0 0 4737 0.0 20 0 0 180 62.0 54.3 54.3
5137 0.1 10 0 0 4737 0.0 30 0 0 0 61.3 51.3 51.3
5137 0.1 10 0 0 4737 0.0 30 0 0 30 61.6 51.4 51.4
5137 0.1 10 0 0 4737 0.0 30 0 0 60 61.7 51.5 51.5
5137 0.1 10 0 0 4737 0.0 30 0 0 90 61.8 51.7 51.7
5137 0.1 10 0 0 4737 0.0 30 0 0 120 61.8 52.0 52.0
5137 0.1 10 0 0 4737 0.0 30 0 0 150 61.7 52.1 52.1
5137 0.1 10 0 0 4737 0.0 30 0 0 180 61.7 52.4 52.4
5137 0.1 10 0 0 4737 0.0 40 0 0 0 60.9 51.3 51.3
5137 0.1 10 0 0 4737 0.0 40 0 0 30 61.1 51.4 51.4
5137 0.1 10 0 0 4737 0.0 40 0 0 60 61.2 51.5 51.5
5137 0.1 10 0 0 4737 0.0 40 0 0 90 61.2 51.7 51.7
5137 0.1 10 0 0 4737 0.0 40 0 0 120 61.3 51.9 51.9
5137 0.1 10 0 0 4737 0.0 40 0 0 150 61.2 52.2 52.2
5137 0.1 10 0 0 4737 0.0 40 0 0 180 61.2 52.3 52.3
5137 0.1 10 0 0 4737 0.0 50 0 0 0 60.1 52.1 52.1
5137 0.1 10 0 0 4737 0.0 50 0 0 30 60.3 52.2 52.2
5137 0.1 10 0 0 4737 0.0 50 0 0 60 60.4 52.2 52.2
5137 0.1 10 0 0 4737 0.0 50 0 0 90 60.4 52.4 52.4
5137 0.1 10 0 0 4737 0.0 50 0 0 120 60.5 52.6 52.6
5137 0.1 10 0 0 4737 0.0 50 0 0 150 60.4 52.8 52.8
5137 0.1 10 0 0 4737 0.0 50 0 0 180 60.4 52.9 52.9
5137 0.1 10 0 0 4737 0.0 60 0 0 0 58.8 53.3 53.3
5137 0.1 10 0 0 4737 0.0 60 0 0 30 59.1 53.5 53.5
5137 0.1 10 0 0 4737 0.0 60 0 0 60 59.2 53.7 53.7
5137 0.1 10 0 0 4737 0.0 60 0 0 90 59.2 53.9 53.9
5137 0.1 10 0 0 4737 0.0 60 0 0 120 59.1 54.0 54.0
5137 0.1 10 0 0 4737 0.0 60 0 0 150 59.1 54.2 54.2
5137 0.1 10 0 0 4737 0.0 60 0 0 180 59.1 54.0 54.0
5137 0.1 10 0 0 4737 0.1 0 0 0 0 61.7 54.5 54.5
5137 0.1 10 0 0 4737 0.1 0 0 0 30 61.9 54.6 54.6
5137 0.1 10 0 0 4737 0.1 0 0 0 60 62.0 54.7 54.7
5137 0.1 10 0 0 4737 0.1 0 0 0 90 62.1 54.9 54.9
5137 0.1 10 0 0 4737 0.1 0 0 0 120 62.2 55.1 55.1
5137 0.1 10 0 0 4737 0.1 0 0 0 150 62.1 55.2 55.2
5137 0.1 10 0 0 4737 0.1 0 0 0 180 62.0 55.3 55.3
5137 0.1 10 0 0 4737 0.1 10 0 0 0 61.7 54.2 54.2
5137 0.1 10 0 0 4737 0.1 10 0 0 30 61.9 54.4 54.4
5137 0.1 10 0 0 4737 0.1 10 0 0 60 62.0 54.4 54.4
5137 0.1 10 0 0 4737 0.1 10 0 0 90 62.1 54.6 54.6
5137 0.1 10 0 0 4737 0.1 10 0 0 120 62.1 54.8 54.8
5137 0.1 10 0 0 4737 0.1 10 0 0 150 62.0 54.9 54.9
5137 0.1 10 0 0 4737 0.1 10 0 0 180 62.0 55.0 55.0
5137 0.1 10 0 0 4737 0.1 20 0 0 0 61.5 53.2 53.2
5137 0.1 10 0 0 4737 0.1 20 0 0 30 61.7 53.3 53.3
5137 0.1 10 0 0 4737 0.1 20 0 0 60 61.8 53.4 53.4
5137 0.1 10 0 0 4737 0.1 20 0 0 90 61.9 53.6 53.6
5137 0.1 10 0 0 4737 0.1 20 0 0 120 61.9 53.7 53.7
5137 0.1 10 0 0 4737 0.1 20 0 0 150 61.8 53.9 53.9
5137 0.1 10 0 0 4737 0.1 20 0 0 180 61.8 54.0 54.0
5137 0.1 10 0 0 4737 0.1 30 0 0 0 61.2 51.1 51.1
5137 0.1 10 0 0 4737 0.1 30 0 0 30 61.4 51.1 51.1
5137 0.1 10 0 0 4737 0.1 30 0 0 60 61.5 51.2 51.2
5137 0.1 10 0 0 4737 0.1 30 0 0 90 61.6 51.3 51.3
5137 0.1 10 0 0 4737 0.1 30 0 0 120 61.6 51.4 51.4
5137 0.1 10 0 0 4737 0.1 30 0 0 150 61.5 51.7 51.7
5137 0.1 10 0 0 4737 0.1 30 0 0 180 61.4 51.8 51.8
5137 0.1 10 0 0 4737 0.1 40 0 0 0 60.7 51.2 51.2
5137 0.1 10 0 0 4737 0.1 40 0 0 30 60.9 51.3 51.3
5137 0.1 10 0 0 4737 0.1 40 0 0 60 61.0 51.2 51.2
5137 0.1 10 0 0 4737 0.1 40 0 0 90 61.1 51.3 51.3
5137 0.1 10 0 0 4737 0.1 40 0 0 120 61.0 51.5 51.5
5137 0.1 10 0 0 4737 0.1 40 0 0 150 61.0 51.7 51.7
5137 0.1 10 0 0 4737 0.1 40 0 0 180 60.9 51.8 51.8
5137 0.1 10 0 0 4737 0.1 50 0 0 0 59.9 51.9 51.9
5137 0.1 10 0 0 4737 0.1 50 0 0 30 60.1 51.9 51.9
5137 0.1 10 0 0 4737 0.1 50 0 0 60 60.2 52.0 52.0
5137 0.1 10 0 0 4737 0.1 50 0 0 90 60.3 52.1 52.1
5137 0.1 10 0 0 4737 0.1 50 0 0 120 60.2 52.2 52.2
5137 0.1 10 0 0 4737 0.1 50 0 0 150 60.2 52.4 52.4
5137 0.1 10 0 0 4737 0.1 50 0 0 180 60.1 52.4 52.4
5137 0.1 10 0 0 4737 0.1 60 0 0 0 58.6 52.8 52.8
5137 0.1 10 0 0 4737 0.1 60 0 0 30 58.9 53.0 53.0
5137 0.1 10 0 0 4737 0.1 60 0 0 60 58.9 53.2 53.2
5137 0.1 10 0 0 4737 0.1 60 0 0 90 59.0 53.4 53.4
5137 0.1 10 0 0 4737 0.1 60 0 0 120 58.9 53.7 53.7
5137 0.1 10 0 0 4737 0.1 60 0 0 150 58.8 53.8 53.8
5137 0.1 10 0 0 4737 0.1 60 0 0 180 58.8 53.8 53.8
5137 0.1 10 0 0 4737 0.2 0 0 0 0 61.5 54.1 54.1
5137 0.1 10 0 0 4737 0.2 0 0 0 30 61.7 54.3 54.3
5137 0.1 10 0 0 4737 0.2 0 0 0 60 61.8 54.3 54.3
5137 0.1 10 0 0 4737 0.2 0 0 0 90 61.9 54.5 54.5
5137 0.1 10 0 0 4737 0.2 0 0 0 120 61.9 54.7 54.7
5137 0.1 10 0 0 4737 0.2 0 0 0 150 61.9 54.8 54.8
5137 0.1 10 0 0 4737 0.2 0 0 0 180 61.8 54.8 54.8
5137 0.1 10 0 0 4737 0.2 10 0 0 0 61.5 53.8 53.8
5137 0.1 10 0 0 4737 0.2 10 0 0 30 61.7 53.9 53.9
5137 0.1 10 0 0 4737 0.2 10 0 0 60 61.8 54.0 54.0
5137 0.1 10 0 0 4737 0.2 10 0 0 90 61.9 54.1 54.1
5137 0.1 10 0 0 4737 0.2 10 0 0 120 61.9 54.3 54.3
5137 0.1 10 0 0 4737 0.2 10 0 0 150 61.8 54.6 54.6
5137 0.1 10 0 0 4737 0.2 10 0 0 180 61.8 54.6 54.6
5137 0.1 10 0 0 4737 0.2 20 0 0 0 61.3 52.7 52.7
5137 0.1 10 0 0 4737 0.2 20 0 0 30 61.5 52.8 52.8
5137 0.1 10 0 0 4737 0.2 20 0 0 60 61.6 53.0 53.0
5137 0.1 10 0 0 4737 0.2 20 0 0 90 61.7 53.0 53.0
5137 0.1 10 0 0 4737 0.2 20 0 0 120 61.7 53.3 53.3
5137 0.1 10 0 0 4737 0.2 20 0 0 150 61.6 53.5 53.5
5137 0.1 10 0 0 4737 0.2 20 0 0 180 61.6 53.5 53.5
5137 0.1 10 0 0 4737 0.2 30 0 0 0 61.0 51.1 51.1
5137 0.1 10 0 0 4737 0.2 30 0 0 30 61.2 51.1 51.1
5137 0.1 10 0 0 4737 0.2 30 0 0 60 61.2 51.1 51.1
5137 0.1 10 0 0 4737 0.2 30 0 0 90 61.4 51.1 51.1
5137 0.1 10 0 0 4737 0.2 30 0 0 120 61.3 51.2 51.2
5137 0.1 10 0 0 4737 0.2 30 0 0 150 61.3 51.3 51.3
5137 0.1 10 0 0 4737 0.2 30 0 0 180 61.3 51.3 51.3
5137 0.1 10 0 0 4737 0.2 40 0 0 0 60.5 51.2 51.2
5137 0.1 10 0 0 4737 0.2 40 0 0 30 60.6 51.1 51.1
5137 0.1 10 0 0 4737 0.2 40 0 0 60 60.7 51.2 51.2
5137 0.1 10 0 0 4737 0.2 40 0 0 90 60.8 51.2 51.2
5137 0.1 10 0 0 4737 0.2 40 0 0 120 60.8 51.2 51.2
5137 0.1 10 0 0 4737 0.2 40 0 0 150 60.8 51.3 51.3
5137 0.1 10 0 0 4737 0.2 40 0 0 180 60.8 51.5 51.5
5137 0.1 10 0 0 4737 0.2 50 0 0 0 59.7 51.8 51.8
5137 0.1 10 0 0 4737 0.2 50 0 0 30 59.9 51.8 51.8
5137 0.1 10 0 0 4737 0.2 50 0 0 60 60.0 51.8 51.8
5137 0.1 10 0 0 4737 0.2 50 0 0 90 60.0 51.8 51.8
5137 0.1 10 0 0 4737 0.2 50 0 0 120 60.0 51.9 51.9
5137 0.1 10 0 0 4737 0.2 50 0 0 150 59.9 52.1 52.1
5137 0.1 10 0 0 4737 0.2 50 0 0 180 59.9 52.1 52.1
5137 0.1 10 0 0 4737 0.2 60 0 0 0 58.5 52.3 52.3
5137 0.1 10 0 0 4737 0.2 60 0 0 30 58.7 52.5 52.5
5137 0.1 10 0 0 4737 0.2 60 0 0 60 58.7 52.7 52.7
5137 0.1 10 0 0 4737 0.2 60 0 0 90 58.7 52.9 52.9
5137 0.1 10 0 0 4737 0.2 60 0 0 120 58.6 53.1 53.1
5137 0.1 10 0 0 4737 0.2 60 0 0 150 58.5 53.5 53.5
5137 0.1 10 0 0 4737 0.2 60 0 0 180 58.4 53.4 53.4
5137 0.1 10 0 0 4737 0.3 0 0 0 0 61.4 53.6 53.6
5137 0.1 10 0 0 4737 0.3 0 0 0 30 61.5 53.7 53.7
5137 0.1 10 0 0 4737 0.3 0 0 0 60 61.6 53.8 53.8
5137 0.1 10 0 0 4737 0.3 0 0 0 90 61.7 53.9 53.9
5137 0.1 10 0 0 4737 0.3 0 0 0 120 61.8 54.1 54.1
5137 0.1 10 0 0 4737 0.3 0 0 0 150 61.7 54.4 54.4
5137 0.1 10 0 0 4737 0.3 0 0 0 180 61.6 54.4 54.4
5137 0.1 10 0 0 4737 0.3 10 0 0 0 61.3 53.4 53.4
5137 0.1 10 0 0 4737 0.3 10 0 0 30 61.5 53.4 53.4
5137 0.1 10 0 0 4737 0.3 10 0 0 60 61.6 53.5 53.5
5137 0.1 10 0 0 4737 0.3 10 0 0 90 61.6 53.6 53.6
5137 0.1 10 0 0 4737 0.3 10 0 0 120 61.7 53.8 53.8
5137 0.1 10 0 0 4737 0.3 10 0 0 150 61.6 54.1 54.1
5137 0.1 10 0 0 4737 0.3 10 0 0 180 61.6 54.2 54.2
5137 0.1 10 0 0 4737 0.3 20 0 0 0 61.2 52.1 52.1
5137 0.1 10 0 0 4737 0.3 20 0 0 30 61.3 52.2 52.2
5137 0.1 10 0 0 4737 0.3 20 0 0 60 61.4 52.2 52.2
5137 0.1 10 0 0 4737 0.3 20 0 0 90 61.4 52.4 52.4
5137 0.1 10 0 0 4737 0.3 20 0 0 120 61.5 52.6 52.6
5137 0.1 10 0 0 4737 0.3 20 0 0 150 61.4 52.9 52.9
5137 0.1 10 0 0 4737 0.3 20 0 0 180 61.4 52.9 52.9
5137 0.1 10 0 0 4737 0.3 30 0 0 0 60.8 50.9 50.9
5137 0.1 10 0 0 4737 0.3 30 0 0 30 60.9 50.9 50.9
5137 0.1 10 0 0 4737 0.3 30 0 0 60 61.0 51.0 51.0
5137 0.1 10 0 0 4737 0.3 30 0 0 90 61.1 51.0 51.0
5137 0.1 10 0 0 4737 0.3 30 0 0 120 61.2 51.1 51.1
5137 0.1 10 0 0 4737 0.3 30 0 0 150 61.1 51.4 51.4
5137 0.1 10 0 0 4737 0.3 30 0 0 180 61.1 51.2 51.2
5137 0.1 10 0 0 4737 0.3 40 0 0 0 60.3 51.0 51.0
5137 0.1 10 0 0 4737 0.3 40 0 0 30 60.5 51.0 51.0
5137 0.1 10 0 0 4737 0.3 40 0 0 60 60.5 51.1 51.1
5137 0.1 10 0 0 4737 0.3 40 0 0 90 60.6 51.1 51.1
5137 0.1 10 0 0 4737 0.3 40 0 0 120 60.6 51.2 51.2
5137 0.1 10 0 0 4737 0.3 40 0 0 150 60.5 51.4 51.4
5137 0.1 10 0 0 4737 0.3 40 0 0 180 60.5 51.4 51.4
5137 0.1 10 0 0 4737 0.3 50 0 0 0 59.6 51.5 51.5
5137 0.1 10 0 0 4737 0.3 50 0 0 30 59.7 51.6 51.6
5137 0.1 10 0 0 4737 0.3 50 0 0 60 59.7 51.8 51.8
5137 0.1 10 0 0 4737 0.3 50 0 0 90 59.8 51.8 51.8
5137 0.1 10 0 0 4737 0.3 50 0 0 120 59.7 51.8 51.8
5137 0.1 10 0 0 4737 0.3 50 0 0 150 59.7 52.0 52.0
5137 0.1 10 0 0 4737 0.3 50 0 0 180 59.6 51.9 51.9
5137 0.1 10 0 0 4737 0.3 60 0 0 0 58.4 52.1 52.1
5137 0.1 10 0 0 4737 0.3 60 0 0 30 58.6 52.1 52.1
5137 0.1 10 0 0 4737 0.3 60 0 0 60 58.4 52.3 52.3
5137 0.1 10 0 0 4737 0.3 60 0 0 90 58.5 52.3 52.3
5137 0.1 10 0 0 4737 0.3 60 0 0 120 58.2 52.7 52.7
5137 0.1 10 0 0 4737 0.3 60 0 0 150 58.0 53.1 53.1
5137 0.1 10 0 0 4737 0.3 60 0 0 180 58.0 53.1 53.1
5137 0.1 10 0 0 4737 0.4 0 0 0 0 61.2 53.2 53.2
5137 0.1 10 0 0 4737 0.4 0 0 0 30 61.3 53.2 53.2
5137 0.1 10 0 0 4737 0.4 0 0 0 60 61.4 53.2 53.2
5137 0.1 10 0 0 4737 0.4 0 0 0 90 61.5 53.4 53.4
5137 0.1 10 0 0 4737 0.4 0 0 0 120 61.5 53.5 53.5
5137 0.1 10 0 0 4737 0.4 0 0 0 150 61.5 53.9 53.9
5137 0.1 10 0 0 4737 0.4 0 0 0 180 61.4 53.9 53.9
5137 0.1 10 0 0 4737 0.4 10 0 0 0 61.1 52.8 52.8
5137 0.1 10 0 0 4737 0.4 10 0 0 30 61.2 52.8 52.8
5137 0.1 10 0 0 4737 0.4 10 0 0 60 61.4 52.9 52.9
5137 0.1 10 0 0 4737 0.4 10 0 0 90 61.4 53.0 53.0
5137 0.1 10 0 0 4737 0.4 10 0 0 120 61.5 53.2 53.2
5137 0.1 10 0 0 4737 0.4 10 0 0 150 61.4 53.6 53.6
5137 0.1 10 0 0 4737 0.4 10 0 0 180 61.4 53.6 53.6
5137 0.1 10 0 0 4737 0.4 20 0 0 0 60.9 51.2 51.2
5137 0.1 10 0 0 4737 0.4 20 0 0 30 61.0 51.2 51.2
5137 0.1 10 0 0 4737 0.4 20 0 0 60 61.2 51.4 51.4
5137 0.1 10 0 0 4737 0.4 20 0 0 90 61.2 51.5 51.5
5137 0.1 10 0 0 4737 0.4 20 0 0 120 61.3 51.8 51.8
5137 0.1 10 0 0 4737 0.4 20 0 0 150 61.2 52.2 52.2
5137 0.1 10 0 0 4737 0.4 20 0 0 180 61.2 52.1 52.1
5137 0.1 10 0 0 4737 0.4 30 0 0 0 60.6 51.0 51.0
5137 0.1 10 0 0 4737 0.4 30 0 0 30 60.7 51.0 51.0
5137 0.1 10 0 0 4737 0.4 30 0 0 60 60.9 51.0 51.0
5137 0.1 10 0 0 4737 0.4 30 0 0 90 60.9 51.1 51.1
5137 0.1 10 0 0 4737 0.4 30 0 0 120 60.9 51.0 51.0
5137 0.1 10 0 0 4737 0.4 30 0 0 150 60.8 51.3 51.3
5137 0.1 10 0 0 4737 0.4 30 0 0 180 60.8 51.3 51.3
5137 0.1 10 0 0 4737 0.4 40 0 0 0 60.1 51.1 51.1
5137 0.1 10 0 0 4737 0.4 40 0 0 30 60.2 51.1 51.1
5137 0.1 10 0 0 4737 0.4 40 0 0 60 60.4 51.1 51.1
5137 0.1 10 0 0 4737 0.4 40 0 0 90 60.3 51.1 51.1
5137 0.1 10 0 0 4737 0.4 40 0 0 120 60.4 51.1 51.1
5137 0.1 10 0 0 4737 0.4 40 0 0 150 60.3 51.3 51.3
5137 0.1 10 0 0 4737 0.4 40 0 0 180 60.2 51.3 51.3
5137 0.1 10 0 0 4737 0.4 50 0 0 0 59.4 51.3 51.3
5137 0.1 10 0 0 4737 0.4 50 0 0 30 59.5 51.4 51.4
5137 0.1 10 0 0 4737 0.4 50 0 0 60 59.6 51.5 51.5
5137 0.1 10 0 0 4737 0.4 50 0 0 90 59.5 51.7 51.7
5137 0.1 10 0 0 4737 0.4 50 0 0 120 59.6 51.8 51.8
5137 0.1 10 0 0 4737 0.4 50 0 0 150 59.4 52.0 52.0
5137 0.1 10 0 0 4737 0.4 50 0 0 180 59.3 51.9 51.9
5137 0.1 10 0 0 4737 0.4 60 0 0 0 58.1 51.9 51.9
5137 0.1 10 0 0 4737 0.4 60 0 0 30 58.3 51.9 51.9
5137 0.1 10 0 0 4737 0.4 60 0 0 60 58.2 52.0 52.0
5137 0.1 10 0 0 4737 0.4 60 0 0 90 58.0 52.1 52.1
5137 0.1 10 0 0 4737 0.4 60 0 0 120 57.9 52.2 52.2
5137 0.1 10 0 0 4737 0.4 60 0 0 150 57.5 52.7 52.7
5137 0.1 10 0 0 4737 0.4 60 0 0 180 57.4 52.8 52.8
5137 0.1 10 0 0 4737 0.5 0 0 0 0 61.0 52.2 52.2
5137 0.1 10 0 0 4737 0.5 0 0 0 30 61.0 52.3 52.3
5137 0.1 10 0 0 4737 0.5 0 0 0 60 61.2 52.3 52.3
5137 0.1 10 0 0 4737 0.5 0 0 0 90 61.3 52.4 52.4
5137 0.1 10 0 0 4737 0.5 0 0 0 120 61.3 52.6 52.6
5137 0.1 10 0 0 4737 0.5 0 0 0 150 61.2 53.0 53.0
5137 0.1 10 0 0 4737 0.5 0 0 0 180 61.2 52.9 52.9
5137 0.1 10 0 0 4737 0.5 10 0 0 0 60.9 51.8 51.8
5137 0.1 10 0 0 4737 0.5 10 0 0 30 61.0 51.8 51.8
5137 0.1 10 0 0 4737 0.5 10 0 0 60 61.1 51.8 51.8
5137 0.1 10 0 0 4737 0.5 10 0 0 90 61.3 52.0 52.0
5137 0.1 10 0 0 4737 0.5 10 0 0 120 61.2 52.1 52.1
5137 0.1 10 0 0 4737 0.5 10 0 0 150 61.1 52.5 52.5
5137 0.1 10 0 0 4737 0.5 10 0 0 180 61.1 52.5 52.5
5137 0.1 10 0 0 4737 0.5 20 0 0 0 60.7 51.2 51.2
5137 0.1 10 0 0 4737 0.5 20 0 0 30 60.8 51.2 51.2
5137 0.1 10 0 0 4737 0.5 20 0 0 60 60.9 51.3 51.3
5137 0.1 10 0 0 4737 0.5 20 0 0 90 61.1 51.6 51.6
5137 0.1 10 0 0 4737 0.5 20 0 0 120 61.0 51.6 51.6
5137 0.1 10 0 0 4737 0.5 20 0 0 150 60.9 52.0 52.0
5137 0.1 10 0 0 4737 0.5 20 0 0 180 60.9 51.9 51.9
5137 0.1 10 0 0 4737 0.5 30 0 0 0 60.4 51.3 51.3
5137 0.1 10 0 0 4737 0.5 30 0 0 30 60.4 51.3 51.3
5137 0.1 10 0 0 4737 0.5 30 0 0 60 60.6 51.3 51.3
5137 0.1 10 0 0 4737 0.5 30 0 0 90 60.7 51.4 51.4
5137 0.1 10 0 0 4737 0.5 30 0 0 120 60.6 51.3 51.3
5137 0.1 10 0 0 4737 0.5 30 0 0 150 60.5 51.5 51.5
5137 0.1 10 0 0 4737 0.5 30 0 0 180 60.5 51.3 51.3
5137 0.1 10 0 0 4737 0.5 40 0 0 0 59.9 51.2 51.2
5137 0.1 10 0 0 4737 0.5 40 0 0 30 59.9 51.2 51.2
5137 0.1 10 0 0 4737 0.5 40 0 0 60 60.1 51.3 51.3
5137 0.1 10 0 0 4737 0.5 40 0 0 90 60.2 51.4 51.4
5137 0.1 10 0 0 4737 0.5 40 0 0 120 60.0 51.3 51.3
5137 0.1 10 0 0 4737 0.5 40 0 0 150 59.9 51.5 51.5
5137 0.1 10 0 0 4737 0.5 40 0 0 180 59.9 51.5 51.5
5137 0.1 10 0 0 4737 0.5 50 0 0 0 59.2 51.2 51.2
5137 0.1 10 0 0 4737 0.5 50 0 0 30 59.2 51.2 51.2
5137 0.1 10 0 0 4737 0.5 50 0 0 60 59.3 51.3 51.3
5137 0.1 10 0 0 4737 0.5 50 0 0 90 59.3 51.6 51.6
5137 0.1 10 0 0 4737 0.5 50 0 0 120 59.1 51.6 51.6
5137 0.1 10 0 0 4737 0.5 50 0 0 150 58.9 51.9 51.9
5137 0.1 10 0 0 4737 0.5 50 0 0 180 58.9 51.9 51.9
5137 0.1 10 0 0 4737 0.5 60 0 0 0 58.1 51.6 51.6
5137 0.1 10 0 0 4737 0.5 60 0 0 30 58.1 51.5 51.5
5137 0.1 10 0 0 4737 0.5 60 0 0 60 58.1 51.5 51.5
5137 0.1 10 0 0 4737 0.5 60 0 0 90 58.2 51.8 51.8
5137 0.1 10 0 0 4737 0.5 60 0 0 120 57.8 51.8 51.8
5137 0.1 10 0 0 4737 0.5 60 0 0 150 57.3 52.4 52.4
5137 0.1 10 0 0 4737 0.5 60 0 0 180 57.0 52.6 52.6
5137 0.1 10 0 0 4937 0.0 0 0 0 0 62.2 55.4 55.4
5137 0.1 10 0 0 4937 0.0 0 0 0 30 62.8 55.9 55.9
5137 0.1 10 0 0 4937 0.0 0 0 0 60 63.2 56.5 56.5
5137 0.1 10 0 0 4937 0.0 0 0 0 90 63.4 56.8 56.8
5137 0.1 10 0 0 4937 0.0 0 0 0 120 63.4 56.9 56.9
5137 0.1 10 0 0 4937 0.0 0 0 0 150 63.1 56.7 56.7
5137 0.1 10 0 0 4937 0.0 0 0 0 180 62.7 56.2 56.2
5137 0.1 10 0 0 4937 0.0 10 0 0 0 62.1 55.0 55.0
5137 0.1 10 0 0 4937 0.0 10 0 0 30 62.7 55.6 55.6
5137 0.1 10 0 0 4937 0.0 10 0 0 60 63.1 56.1 56.1
5137 0.1 10 0 0 4937 0.0 10 0 0 90 63.3 56.5 56.5
5137 0.1 10 0 0 4937 0.0 10 0 0 120 63.3 56.6 56.6
5137 0.1 10 0 0 4937 0.0 10 0 0 150 63.1 56.5 56.5
5137 0.1 10 0 0 4937 0.0 10 0 0 180 62.7 56.1 56.1
5137 0.1 10 0 0 4937 0.0 20 0 0 0 62.0 54.0 54.0
5137 0.1 10 0 0 4937 0.0 20 0 0 30 62.6 54.6 54.6
5137 0.1 10 0 0 4937 0.0 20 0 0 60 63.0 55.2 55.2
5137 0.1 10 0 0 4937 0.0 20 0 0 90 63.2 55.6 55.6
5137 0.1 10 0 0 4937 0.0 20 0 0 120 63.2 55.8 55.8
5137 0.1 10 0 0 4937 0.0 20 0 0 150 62.9 55.6 55.6
5137 0.1 10 0 0 4937 0.0 20 0 0 180 62.5 55.2 55.2
5137 0.1 10 0 0 4937 0.0 30 0 0 0 61.7 51.9 51.9
5137 0.1 10 0 0 4937 0.0 30 0 0 30 62.3 52.8 52.8
5137 0.1 10 0 0 4937 0.0 30 0 0 60 62.7 53.6 53.6
5137 0.1 10 0 0 4937 0.0 30 0 0 90 62.9 54.0 54.0
5137 0.1 10 0 0 4937 0.0 30 0 0 120 62.9 54.1 54.1
5137 0.1 10 0 0 4937 0.0 30 0 0 150 62.6 53.7 53.7
5137 0.1 10 0 0 4937 0.0 30 0 0 180 62.2 53.0 53.0
5137 0.1 10 0 0 4937 0.0 40 0 0 0 61.2 51.8 51.8
5137 0.1 10 0 0 4937 0.0 40 0 0 30 61.9 52.7 52.7
5137 0.1 10 0 0 4937 0.0 40 0 0 60 62.2 53.4 53.4
5137 0.1 10 0 0 4937 0.0 40 0 0 90 62.4 53.9 53.9
5137 0.1 10 0 0 4937 0.0 40 0 0 120 62.4 54.1 54.1
5137 0.1 10 0 0 4937 0.0 40 0 0 150 62.1 53.7 53.7
5137 0.1 10 0 0 4937 0.0 40 0 0 180 61.7 53.1 53.1
5137 0.1 10 0 0 4937 0.0 50 0 0 0 60.6 52.1 52.1
5137 0.1 10 0 0 4937 0.0 50 0 0 30 61.2 53.1 53.1
5137 0.1 10 0 0 4937 0.0 50 0 0 60 61.5 54.0 54.0
5137 0.1 10 0 0 4937 0.0 50 0 0 90 61.7 54.6 54.6
5137 0.1 10 0 0 4937 0.0 50 0 0 120 61.7 54.7 54.7
5137 0.1 10 0 0 4937 0.0 50 0 0 150 61.4 54.3 54.3
5137 0.1 10 0 0 4937 0.0 50 0 0 180 60.9 53.6 53.6
5137 0.1 10 0 0 4937 0.0 60 0 0 0 59.4 53.5 53.5
5137 0.1 10 0 0 4937 0.0 60 0 0 30 60.0 54.1 54.1
5137 0.1 10 0 0 4937 0.0 60 0 0 60 60.3 54.6 54.6
5137 0.1 10 0 0 4937 0.0 60 0 0 90 60.4 55.0 55.0
5137 0.1 10 0 0 4937 0.0 60 0 0 120 60.4 55.2 55.2
5137 0.1 10 0 0 4937 0.0 60 0 0 150 60.2 55.3 55.3
5137 0.1 10 0 0 4937 0.0 60 0 0 180 59.7 55.0 55.0
5137 0.1 10 0 0 4937 0.1 0 0 0 0 62.1 54.9 54.9
5137 0.1 10 0 0 4937 0.1 0 0 0 30 62.6 55.5 55.5
5137 0.1 10 0 0 4937 0.1 0 0 0 60 62.9 56.0 56.0
5137 0.1 10 0 0 4937 0.1 0 0 0 90 63.1 56.4 56.4
5137 0.1 10 0 0 4937 0.1 0 0 0 120 63.2 56.6 56.6
5137 0.1 10 0 0 4937 0.1 0 0 0 150 62.9 56.5 56.5
5137 0.1 10 0 0 4937 0.1 0 0 0 180 62.5 55.9 55.9
5137 0.1 10 0 0 4937 0.1 10 0 0 0 62.0 54.5 54.5
5137 0.1 10 0 0 4937 0.1 10 0 0 30 62.5 55.1 55.1
5137 0.1 10 0 0 4937 0.1 10 0 0 60 62.9 55.6 55.6
5137 0.1 10 0 0 4937 0.1 10 0 0 90 63.1 56.1 56.1
5137 0.1 10 0 0 4937 0.1 10 0 0 120 63.2 56.4 56.4
5137 0.1 10 0 0 4937 0.1 10 0 0 150 62.9 56.3 56.3
5137 0.1 10 0 0 4937 0.1 10 0 0 180 62.4 55.8 55.8
5137 0.1 10 0 0 4937 0.1 20 0 0 0 61.9 53.5 53.5
5137 0.1 10 0 0 4937 0.1 20 0 0 30 62.4 54.0 54.0
5137 0.1 10 0 0 4937 0.1 20 0 0 60 62.7 54.7 54.7
5137 0.1 10 0 0 4937 0.1 20 0 0 90 62.9 55.2 55.2
5137 0.1 10 0 0 4937 0.1 20 0 0 120 63.0 55.5 55.5
5137 0.1 10 0 0 4937 0.1 20 0 0 150 62.7 55.5 55.5
5137 0.1 10 0 0 4937 0.1 20 0 0 180 62.2 55.0 55.0
5137 0.1 10 0 0 4937 0.1 30 0 0 0 61.6 51.3 51.3
5137 0.1 10 0 0 4937 0.1 30 0 0 30 62.1 52.1 52.1
5137 0.1 10 0 0 4937 0.1 30 0 0 60 62.4 52.9 52.9
5137 0.1 10 0 0 4937 0.1 30 0 0 90 62.6 53.6 53.6
5137 0.1 10 0 0 4937 0.1 30 0 0 120 62.7 53.9 53.9
5137 0.1 10 0 0 4937 0.1 30 0 0 150 62.4 53.6 53.6
5137 0.1 10 0 0 4937 0.1 30 0 0 180 61.9 52.8 52.8
5137 0.1 10 0 0 4937 0.1 40 0 0 0 61.1 51.1 51.1
5137 0.1 10 0 0 4937 0.1 40 0 0 30 61.6 51.9 51.9
5137 0.1 10 0 0 4937 0.1 40 0 0 60 62.0 52.7 52.7
5137 0.1 10 0 0 4937 0.1 40 0 0 90 62.2 53.4 53.4
5137 0.1 10 0 0 4937 0.1 40 0 0 120 62.2 53.8 53.8
5137 0.1 10 0 0 4937 0.1 40 0 0 150 61.9 53.6 53.6
5137 0.1 10 0 0 4937 0.1 40 0 0 180 61.4 52.9 52.9
5137 0.1 10 0 0 4937 0.1 50 0 0 0 60.4 51.6 51.6
5137 0.1 10 0 0 4937 0.1 50 0 0 30 61.0 52.3 52.3
5137 0.1 10 0 0 4937 0.1 50 0 0 60 61.3 53.1 53.1
5137 0.1 10 0 0 4937 0.1 50 0 0 90 61.5 53.9 53.9
5137 0.1 10 0 0 4937 0.1 50 0 0 120 61.5 54.5 54.5
5137 0.1 10 0 0 4937 0.1 50 0 0 150 61.2 54.4 54.4
5137 0.1 10 0 0 4937 0.1 50 0 0 180 60.7 53.6 53.6
5137 0.1 10 0 0 4937 0.1 60 0 0 0 59.1 53.0 53.0
5137 0.1 10 0 0 4937 0.1 60 0 0 30 59.7 53.5 53.5
5137 0.1 10 0 0 4937 0.1 60 0 0 60 60.0 54.1 54.1
5137 0.1 10 0 0 4937 0.1 60 0 0 90 60.2 54.5 54.5
5137 0.1 10 0 0 4937 0.1 60 0 0 120 60.3 54.9 54.9
5137 0.1 10 0 0 4937 0.1 60 0 0 150 60.0 55.0 55.0
5137 0.1 10 0 0 4937 0.1 60 0 0 180 59.6 54.7 54.7
5137 0.1 10 0 0 4937 0.2 0 0 0 0 62.0 54.4 54.4
5137 0.1 10 0 0 4937 0.2 0 0 0 30 62.4 54.9 54.9
5137 0.1 10 0 0 4937 0.2 0 0 0 60 62.7 55.4 55.4
5137 0.1 10 0 0 4937 0.2 0 0 0 90 62.9 55.9 55.9
5137 0.1 10 0 0 4937 0.2 0 0 0 120 63.0 56.3 56.3
5137 0.1 10 0 0 4937 0.2 0 0 0 150 62.7 56.2 56.2
5137 0.1 10 0 0 4937 0.2 0 0 0 180 62.2 55.6 55.6
5137 0.1 10 0 0 4937 0.2 10 0 0 0 61.9 54.1 54.1
5137 0.1 10 0 0 4937 0.2 10 0 0 30 62.3 54.5 54.5
5137 0.1 10 0 0 4937 0.2 10 0 0 60 62.6 55.0 55.0
5137 0.1 10 0 0 4937 0.2 10 0 0 90 62.9 55.6 55.6
5137 0.1 10 0 0 4937 0.2 10 0 0 120 63.0 56.0 56.0
5137 0.1 10 0 0 4937 0.2 10 0 0 150 62.7 56.0 56.0
5137 0.1 10 0 0 4937 0.2 10 0 0 180 62.2 55.5 55.5
5137 0.1 10 0 0 4937 0.2 20 0 0 0 61.8 52.9 52.9
5137 0.1 10 0 0 4937 0.2 20 0 0 30 62.2 53.4 53.4
5137 0.1 10 0 0 4937 0.2 20 0 0 60 62.5 54.0 54.0
5137 0.1 10 0 0 4937 0.2 20 0 0 90 62.7 54.6 54.6
5137 0.1 10 0 0 4937 0.2 20 0 0 120 62.8 55.1 55.1
5137 0.1 10 0 0 4937 0.2 20 0 0 150 62.5 55.3 55.3
5137 0.1 10 0 0 4937 0.2 20 0 0 180 62.0 54.7 54.7
5137 0.1 10 0 0 4937 0.2 30 0 0 0 61.5 50.8 50.8
5137 0.1 10 0 0 4937 0.2 30 0 0 30 61.9 51.5 51.5
5137 0.1 10 0 0 4937 0.2 30 0 0 60 62.2 52.3 52.3
5137 0.1 10 0 0 4937 0.2 30 0 0 90 62.4 53.1 53.1
5137 0.1 10 0 0 4937 0.2 30 0 0 120 62.5 53.7 53.7
5137 0.1 10 0 0 4937 0.2 30 0 0 150 62.2 53.6 53.6
5137 0.1 10 0 0 4937 0.2 30 0 0 180 61.7 52.8 52.8
5137 0.1 10 0 0 4937 0.2 40 0 0 0 61.0 50.7 50.7
5137 0.1 10 0 0 4937 0.2 40 0 0 30 61.4 51.3 51.3
5137 0.1 10 0 0 4937 0.2 40 0 0 60 61.8 52.1 52.1
5137 0.1 10 0 0 4937 0.2 40 0 0 90 62.0 52.9 52.9
5137 0.1 10 0 0 4937 0.2 40 0 0 120 62.1 53.5 53.5
5137 0.1 10 0 0 4937 0.2 40 0 0 150 61.8 53.6 53.6
5137 0.1 10 0 0 4937 0.2 40 0 0 180 61.1 52.9 52.9
5137 0.1 10 0 0 4937 0.2 50 0 0 0 60.3 51.1 51.1
5137 0.1 10 0 0 4937 0.2 50 0 0 30 60.7 51.6 51.6
5137 0.1 10 0 0 4937 0.2 50 0 0 60 61.1 52.3 52.3
5137 0.1 10 0 0 4937 0.2 50 0 0 90 61.3 53.1 53.1
5137 0.1 10 0 0 4937 0.2 50 0 0 120 61.4 53.9 53.9
5137 0.1 10 0 0 4937 0.2 50 0 0 150 61.1 54.3 54.3
5137 0.1 10 0 0 4937 0.2 50 0 0 180 60.4 53.6 53.6
5137 0.1 10 0 0 4937 0.2 60 0 0 0 59.0 52.5 52.5
5137 0.1 10 0 0 4937 0.2 60 0 0 30 59.4 52.9 52.9
5137 0.1 10 0 0 4937 0.2 60 0 0 60 59.8 53.4 53.4
5137 0.1 10 0 0 4937 0.2 60 0 0 90 60.0 54.0 54.0
5137 0.1 10 0 0 4937 0.2 60 0 0 120 60.1 54.5 54.5
5137 0.1 10 0 0 4937 0.2 60 0 0 150 59.9 54.7 54.7
5137 0.1 10 0 0 4937 0.2 60 0 0 180 59.4 54.4 54.4
5137 0.1 10 0 0 4937 0.3 0 0 0 0 61.9 54.0 54.0
5137 0.1 10 0 0 4937 0.3 0 0 0 30 62.2 54.4 54.4
5137 0.1 10 0 0 4937 0.3 0 0 0 60 62.5 54.9 54.9
5137 0.1 10 0 0 4937 0.3 0 0 0 90 62.7 55.4 55.4
5137 0.1 10 0 0 4937 0.3 0 0 0 120 62.8 55.9 55.9
5137 0.1 10 0 0 4937 0.3 0 0 0 150 62.6 56.0 56.0
5137 0.1 10 0 0 4937 0.3 0 0 0 180 61.9 55.1 55.1
5137 0.1 10 0 0 4937 0.3 10 0 0 0 61.9 53.5 53.5
5137 0.1 10 0 0 4937 0.3 10 0 0 30 62.2 54.0 54.0
5137 0.1 10 0 0 4937 0.3 10 0 0 60 62.4 54.4 54.4
5137 0.1 10 0 0 4937 0.3 10 0 0 90 62.7 55.0 55.0
5137 0.1 10 0 0 4937 0.3 10 0 0 120 62.8 55.6 55.6
5137 0.1 10 0 0 4937 0.3 10 0 0 150 62.6 55.8 55.8
5137 0.1 10 0 0 4937 0.3 10 0 0 180 61.9 55.1 55.1
5137 0.1 10 0 0 4937 0.3 20 0 0 0 61.7 52.1 52.1
5137 0.1 10 0 0 4937 0.3 20 0 0 30 62.0 52.6 52.6
5137 0.1 10 0 0 4937 0.3 20 0 0 60 62.3 53.1 53.1
5137 0.1 10 0 0 4937 0.3 20 0 0 90 62.5 53.8 53.8
5137 0.1 10 0 0 4937 0.3 20 0 0 120 62.6 54.6 54.6
5137 0.1 10 0 0 4937 0.3 20 0 0 150 62.4 55.0 55.0
5137 0.1 10 0 0 4937 0.3 20 0 0 180 61.7 54.3 54.3
5137 0.1 10 0 0 4937 0.3 30 0 0 0 61.4 50.4 50.4
5137 0.1 10 0 0 4937 0.3 30 0 0 30 61.7 51.0 51.0
5137 0.1 10 0 0 4937 0.3 30 0 0 60 62.0 51.7 51.7
5137 0.1 10 0 0 4937 0.3 30 0 0 90 62.3 52.5 52.5
5137 0.1 10 0 0 4937 0.3 30 0 0 120 62.4 53.4 53.4
5137 0.1 10 0 0 4937 0.3 30 0 0 150 62.1 53.6 53.6
5137 0.1 10 0 0 4937 0.3 30 0 0 180 61.3 52.6 52.6
5137 0.1 10 0 0 4937 0.3 40 0 0 0 60.9 50.3 50.3
5137 0.1 10 0 0 4937 0.3 40 0 0 30 61.3 50.8 50.8
5137 0.1 10 0 0 4937 0.3 40 0 0 60 61.6 51.5 51.5
5137 0.1 10 0 0 4937 0.3 40 0 0 90 61.8 52.3 52.3
5137 0.1 10 0 0 4937 0.3 40 0 0 120 62.0 53.1 53.1
5137 0.1 10 0 0 4937 0.3 40 0 0 150 61.7 53.6 53.6
5137 0.1 10 0 0 4937 0.3 40 0 0 180 60.9 52.8 52.8
5137 0.1 10 0 0 4937 0.3 50 0 0 0 60.1 50.8 50.8
5137 0.1 10 0 0 4937 0.3 50 0 0 30 60.5 51.1 51.1
5137 0.1 10 0 0 4937 0.3 50 0 0 60 60.8 51.7 51.7
5137 0.1 10 0 0 4937 0.3 50 0 0 90 61.1 52.4 52.4
5137 0.1 10 0 0 4937 0.3 50 0 0 120 61.3 53.3 53.3
5137 0.1 10 0 0 4937 0.3 50 0 0 150 61.0 54.0 54.0
5137 0.1 10 0 0 4937 0.3 50 0 0 180 60.2 53.6 53.6
5137 0.1 10 0 0 4937 0.3 60 0 0 0 58.7 52.0 52.0
5137 0.1 10 0 0 4937 0.3 60 0 0 30 59.1 52.4 52.4
5137 0.1 10 0 0 4937 0.3 60 0 0 60 59.4 52.8 52.8
5137 0.1 10 0 0 4937 0.3 60 0 0 90 59.7 53.3 53.3
5137 0.1 10 0 0 4937 0.3 60 0 0 120 59.8 54.0 54.0
5137 0.1 10 0 0 4937 0.3 60 0 0 150 59.8 54.4 54.4
5137 0.1 10 0 0 4937 0.3 60 0 0 180 59.2 54.1 54.1
5137 0.1 10 0 0 4937 0.4 0 0 0 0 61.9 53.5 53.5
5137 0.1 10 0 0 4937 0.4 0 0 0 30 62.1 53.9 53.9
5137 0.1 10 0 0 4937 0.4 0 0 0 60 62.4 54.3 54.3
5137 0.1 10 0 0 4937 0.4 0 0 0 90 62.6 54.8 54.8
5137 0.1 10 0 0 4937 0.4 0 0 0 120 62.7 55.4 55.4
5137 0.1 10 0 0 4937 0.4 0 0 0 150 62.5 55.6 55.6
5137 0.1 10 0 0 4937 0.4 0 0 0 180 61.5 54.6 54.6
5137 0.1 10 0 0 4937 0.4 10 0 0 0 61.8 53.0 53.0
5137 0.1 10 0 0 4937 0.4 10 0 0 30 62.1 53.3 53.3
5137 0.1 10 0 0 4937 0.4 10 0 0 60 62.3 53.7 53.7
5137 0.1 10 0 0 4937 0.4 10 0 0 90 62.5 54.3 54.3
5137 0.1 10 0 0 4937 0.4 10 0 0 120 62.7 55.0 55.0
5137 0.1 10 0 0 4937 0.4 10 0 0 150 62.4 55.4 55.4
5137 0.1 10 0 0 4937 0.4 10 0 0 180 61.5 54.6 54.6
5137 0.1 10 0 0 4937 0.4 20 0 0 0 61.6 50.9 50.9
5137 0.1 10 0 0 4937 0.4 20 0 0 30 61.9 51.3 51.3
5137 0.1 10 0 0 4937 0.4 20 0 0 60 62.2 51.8 51.8
5137 0.1 10 0 0 4937 0.4 20 0 0 90 62.4 52.5 52.5
5137 0.1 10 0 0 4937 0.4 20 0 0 120 62.6 53.6 53.6
5137 0.1 10 0 0 4937 0.4 20 0 0 150 62.3 54.5 54.5
5137 0.1 10 0 0 4937 0.4 20 0 0 180 61.3 53.6 53.6
5137 0.1 10 0 0 4937 0.4 30 0 0 0 61.3 50.2 50.2
5137 0.1 10 0 0 4937 0.4 30 0 0 30 61.6 50.7 50.7
5137 0.1 10 0 0 4937 0.4 30 0 0 60 61.9 51.3 51.3
5137 0.1 10 0 0 4937 0.4 30 0 0 90 62.1 52.1 52.1
5137 0.1 10 0 0 4937 0.4 30 0 0 120 62.3 53.1 53.1
5137 0.1 10 0 0 4937 0.4 30 0 0 150 62.0 53.8 53.8
5137 0.1 10 0 0 4937 0.4 30 0 0 180 61.0 52.6 52.6
5137 0.1 10 0 0 4937 0.4 40 0 0 0 60.8 50.2 50.2
5137 0.1 10 0 0 4937 0.4 40 0 0 30 61.1 50.6 50.6
5137 0.1 10 0 0 4937 0.4 40 0 0 60 61.4 51.0 51.0
5137 0.1 10 0 0 4937 0.4 40 0 0 90 61.6 51.8 51.8
5137 0.1 10 0 0 4937 0.4 40 0 0 120 61.9 52.8 52.8
5137 0.1 10 0 0 4937 0.4 40 0 0 150 61.6 53.6 53.6
5137 0.1 10 0 0 4937 0.4 40 0 0 180 60.6 52.8 52.8
5137 0.1 10 0 0 4937 0.4 50 0 0 0 60.0 50.8 50.8
5137 0.1 10 0 0 4937 0.4 50 0 0 30 60.3 51.0 51.0
5137 0.1 10 0 0 4937 0.4 50 0 0 60 60.6 51.4 51.4
5137 0.1 10 0 0 4937 0.4 50 0 0 90 60.9 51.9 51.9
5137 0.1 10 0 0 4937 0.4 50 0 0 120 61.1 52.7 52.7
5137 0.1 10 0 0 4937 0.4 50 0 0 150 61.0 53.7 53.7
5137 0.1 10 0 0 4937 0.4 50 0 0 180 59.9 53.4 53.4
5137 0.1 10 0 0 4937 0.4 60 0 0 0 58.1 51.7 51.7
5137 0.1 10 0 0 4937 0.4 60 0 0 30 58.5 52.0 52.0
5137 0.1 10 0 0 4937 0.4 60 0 0 60 58.8 52.2 52.2
5137 0.1 10 0 0 4937 0.4 60 0 0 90 59.1 52.7 52.7
5137 0.1 10 0 0 4937 0.4 60 0 0 120 59.3 53.4 53.4
5137 0.1 10 0 0 4937 0.4 60 0 0 150 59.3 54.0 54.0
5137 0.1 10 0 0 4937 0.4 60 0 0 180 58.9 53.8 53.8
5137 0.1 10 0 0 4937 0.5 0 0 0 0 61.8 52.9 52.9
5137 0.1 10 0 0 4937 0.5 0 0 0 30 62.0 53.1 53.1
5137 0.1 10 0 0 4937 0.5 0 0 0 60 62.2 53.5 53.5
5137 0.1 10 0 0 4937 0.5 0 0 0 90 62.5 54.0 54.0
5137 0.1 10 0 0 4937 0.5 0 0 0 120 62.7 54.7 54.7
5137 0.1 10 0 0 4937 0.5 0 0 0 150 62.4 55.2 55.2
5137 0.1 10 0 0 4937 0.5 0 0 0 180 61.2 53.8 53.8
5137 0.1 10 0 0 4937 0.5 10 0 0 0 61.7 52.1 52.1
5137 0.1 10 0 0 4937 0.5 10 0 0 30 62.0 52.4 52.4
5137 0.1 10 0 0 4937 0.5 10 0 0 60 62.2 52.7 52.7
5137 0.1 10 0 0 4937 0.5 10 0 0 90 62.4 53.1 53.1
5137 0.1 10 0 0 4937 0.5 10 0 0 120 62.6 53.9 53.9
5137 0.1 10 0 0 4937 0.5 10 0 0 150 62.4 54.7 54.7
5137 0.1 10 0 0 4937 0.5 10 0 0 180 61.1 53.7 53.7
5137 0.1 10 0 0 4937 0.5 20 0 0 0 61.5 50.7 50.7
5137 0.1 10 0 0 4937 0.5 20 0 0 30 61.8 51.0 51.0
5137 0.1 10 0 0 4937 0.5 20 0 0 60 62.0 51.4 51.4
5137 0.1 10 0 0 4937 0.5 20 0 0 90 62.2 52.2 52.2
5137 0.1 10 0 0 4937 0.5 20 0 0 120 62.5 53.3 53.3
5137 0.1 10 0 0 4937 0.5 20 0 0 150 62.3 54.4 54.4
5137 0.1 10 0 0 4937 0.5 20 0 0 180 60.9 53.1 53.1
5137 0.1 10 0 0 4937 0.5 30 0 0 0 61.2 50.4 50.4
5137 0.1 10 0 0 4937 0.5 30 0 0 30 61.4 50.7 50.7
5137 0.1 10 0 0 4937 0.5 30 0 0 60 61.7 51.2 51.2
5137 0.1 10 0 0 4937 0.5 30 0 0 90 61.9 51.9 51.9
5137 0.1 10 0 0 4937 0.5 30 0 0 120 62.2 52.9 52.9
5137 0.1 10 0 0 4937 0.5 30 0 0 150 62.1 53.9 53.9
5137 0.1 10 0 0 4937 0.5 30 0 0 180 60.7 52.7 52.7
5137 0.1 10 0 0 4937 0.5 40 0 0 0 60.6 50.5 50.5
5137 0.1 10 0 0 4937 0.5 40 0 0 30 60.9 50.7 50.7
5137 0.1 10 0 0 4937 0.5 40 0 0 60 61.1 51.0 51.0
5137 0.1 10 0 0 4937 0.5 40 0 0 90 61.4 51.5 51.5
5137 0.1 10 0 0 4937 0.5 40 0 0 120 61.7 52.5 52.5
5137 0.1 10 0 0 4937 0.5 40 0 0 150 61.6 53.6 53.6
5137 0.1 10 0 0 4937 0.5 40 0 0 180 60.3 52.8 52.8
5137 0.1 10 0 0 4937 0.5 50 0 0 0 59.7 50.9 50.9
5137 0.1 10 0 0 4937 0.5 50 0 0 30 59.9 51.1 51.1
5137 0.1 10 0 0 4937 0.5 50 0 0 60 60.2 51.2 51.2
5137 0.1 10 0 0 4937 0.5 50 0 0 90 60.5 51.7 51.7
5137 0.1 10 0 0 4937 0.5 50 0 0 120 60.9 52.3 52.3
5137 0.1 10 0 0 4937 0.5 50 0 0 150 60.8 53.4 53.4
5137 0.1 10 0 0 4937 0.5 50 0 0 180 59.7 53.2 53.2
5137 0.1 10 0 0 4937 0.5 60 0 0 0 57.8 51.5 51.5
5137 0.1 10 0 0 4937 0.5 60 0 0 30 58.1 51.7 51.7
5137 0.1 10 0 0 4937 0.5 60 0 0 60 58.4 51.9 51.9
5137 0.1 10 0 0 4937 0.5 60 0 0 90 58.8 52.3 52.3
5137 0.1 10 0 0 4937 0.5 60 0 0 120 59.1 52.9 52.9
5137 0.1 10 0 0 4937 0.5 60 0 0 150 59.1 53.6 53.6
5137 0.1 10 0 0 4937 0.5 60 0 0 180 58.6 53.4 53.4
5137 0.1 10 0 0 5137 0.0 0 0 0 0 41.3 37.0 37.0
5137 0.1 10 0 0 5137 0.0 0 0 0 30 49.1 43.8 43.8
5137 0.1 10 0 0 5137 0.0 0 0 0 60 57.4 52.2 52.2
5137 0.1 10 0 0 5137 0.0 0 0 0 90 65.7 60.5 60.5
5137 0.1 10 0 0 5137 0.0 0 0 0 120 74.0 67.5 67.5
5137 0.1 10 0 0 5137 0.0 0 0 0 150 77.8 67.5 67.5
5137 0.1 10 0 0 5137 0.0 0 0 0 180 77.8 67.6 67.6
5137 0.1 10 0 0 5137 0.0 10 0 0 0 41.3 36.3 36.3
5137 0.1 10 0 0 5137 0.0 10 0 0 30 48.9 43.6 43.6
5137 0.1 10 0 0 5137 0.0 10 0 0 60 57.3 51.9 51.9
5137 0.1 10 0 0 5137 0.0 10 0 0 90 65.6 60.3 60.3
5137 0.1 10 0 0 5137 0.0 10 0 0 120 73.9 66.5 66.5
5137 0.1 10 0 0 5137 0.0 10 0 0 150 77.7 67.2 67.2
5137 0.1 10 0 0 5137 0.0 10 0 0 180 77.7 67.3 67.3
5137 0.1 10 0 0 5137 0.0 20 0 0 0 41.1 36.5 36.5
5137 0.1 10 0 0 5137 0.0 20 0 0 30 48.7 42.9 42.9
5137 0.1 10 0 0 5137 0.0 20 0 0 60 57.0 51.2 51.2
5137 0.1 10 0 0 5137 0.0 20 0 0 90 65.4 59.2 59.2
5137 0.1 10 0 0 5137 0.0 20 0 0 120 73.7 64.4 64.4
5137 0.1 10 0 0 5137 0.0 20 0 0 150 77.5 66.0 66.0
5137 0.1 10 0 0 5137 0.0 20 0 0 180 77.5 66.1 66.1
5137 0.1 10 0 0 5137 0.0 30 0 0 0 40.9 37.3 37.3
5137 0.1 10 0 0 5137 0.0 30 0 0 30 48.3 42.5 42.5
5137 0.1 10 0 0 5137 0.0 30 0 0 60 56.7 49.1 49.1
5137 0.1 10 0 0 5137 0.0 30 0 0 90 65.0 55.5 55.5
5137 0.1 10 0 0 5137 0.0 30 0 0 120 73.3 60.4 60.4
5137 0.1 10 0 0 5137 0.0 30 0 0 150 77.0 62.8 62.8
5137 0.1 10 0 0 5137 0.0 30 0 0 180 77.0 63.0 63.0
5137 0.1 10 0 0 5137 0.0 40 0 0 0 40.7 38.9 38.9
5137 0.1 10 0 0 5137 0.0 40 0 0 30 47.8 42.9 42.9
5137 0.1 10 0 0 5137 0.0 40 0 0 60 56.1 48.8 48.8
5137 0.1 10 0 0 5137 0.0 40 0 0 90 64.5 54.6 54.6
5137 0.1 10 0 0 5137 0.0 40 0 0 120 72.8 59.3 59.3
5137 0.1 10 0 0 5137 0.0 40 0 0 150 76.2 62.3 62.3
5137 0.1 10 0 0 5137 0.0 40 0 0 180 76.2 62.8 62.8
5137 0.1 10 0 0 5137 0.0 50 0 0 0 40.8 40.7 40.7
5137 0.1 10 0 0 5137 0.0 50 0 0 30 47.1 43.8 43.8
5137 0.1 10 0 0 5137 0.0 50 0 0 60 55.4 49.1 49.1
5137 0.1 10 0 0 5137 0.0 50 0 0 90 63.7 54.5 54.5
5137 0.1 10 0 0 5137 0.0 50 0 0 120 71.9 59.2 59.2
5137 0.1 10 0 0 5137 0.0 50 0 0 150 75.1 62.4 62.4
5137 0.1 10 0 0 5137 0.0 50 0 0 180 75.1 63.7 63.7
5137 0.1 10 0 0 5137 0.0 60 0 0 0 41.2 43.1 43.1
5137 0.1 10 0 0 5137 0.0 60 0 0 30 46.0 45.8 45.8
5137 0.1 10 0 0 5137 0.0 60 0 0 60 54.3 50.0 50.0
5137 0.1 10 0 0 5137 0.0 60 0 0 90 62.7 55.2 55.2
5137 0.1 10 0 0 5137 0.0 60 0 0 120 70.0 59.8 59.8
5137 0.1 10 0 0 5137 0.0 60 0 0 150 73.1 63.0 63.0
5137 0.1 10 0 0 5137 0.0 60 0 0 180 73.2 64.8 64.8
5137 0.1 10 0 0 5137 0.1 0 0 0 0 40.7 36.2 36.2
5137 0.1 10 0 0 5137 0.1 0 0 0 30 47.6 42.2 42.2
5137 0.1 10 0 0 5137 0.1 0 0 0 60 54.7 49.4 49.4
5137 0.1 10 0 0 5137 0.1 0 0 0 90 62.6 57.2 57.2
5137 0.1 10 0 0 5137 0.1 0 0 0 120 71.2 65.3 65.3
5137 0.1 10 0 0 5137 0.1 0 0 0 150 76.9 67.3 67.3
5137 0.1 10 0 0 5137 0.1 0 0 0 180 77.8 67.4 67.4
5137 0.1 10 0 0 5137 0.1 10 0 0 0 40.6 35.2 35.2
5137 0.1 10 0 0 5137 0.1 10 0 0 30 47.5 42.0 42.0
5137 0.1 10 0 0 5137 0.1 10 0 0 60 54.6 49.2 49.2
5137 0.1 10 0 0 5137 0.1 10 0 0 90 62.4 57.0 57.0
5137 0.1 10 0 0 5137 0.1 10 0 0 120 71.1 64.0 64.0
5137 0.1 10 0 0 5137 0.1 10 0 0 150 76.9 67.0 67.0
5137 0.1 10 0 0 5137 0.1 10 0 0 180 77.7 67.1 67.1
5137 0.1 10 0 0 5137 0.1 20 0 0 0 40.3 35.5 35.5
5137 0.1 10 0 0 5137 0.1 20 0 0 30 47.2 41.3 41.3
5137 0.1 10 0 0 5137 0.1 20 0 0 60 54.4 48.5 48.5
5137 0.1 10 0 0 5137 0.1 20 0 0 90 62.2 56.0 56.0
5137 0.1 10 0 0 5137 0.1 20 0 0 120 70.8 61.9 61.9
5137 0.1 10 0 0 5137 0.1 20 0 0 150 76.6 65.5 65.5
5137 0.1 10 0 0 5137 0.1 20 0 0 180 77.5 65.9 65.9
5137 0.1 10 0 0 5137 0.1 30 0 0 0 40.0 37.0 37.0
5137 0.1 10 0 0 5137 0.1 30 0 0 30 46.9 40.6 40.6
5137 0.1 10 0 0 5137 0.1 30 0 0 60 54.0 46.3 46.3
5137 0.1 10 0 0 5137 0.1 30 0 0 90 61.8 52.3 52.3
5137 0.1 10 0 0 5137 0.1 30 0 0 120 70.5 57.8 57.8
5137 0.1 10 0 0 5137 0.1 30 0 0 150 76.2 61.8 61.8
5137 0.1 10 0 0 5137 0.1 30 0 0 180 77.0 62.8 62.8
5137 0.1 10 0 0 5137 0.1 40 0 0 0 40.0 38.7 38.7
5137 0.1 10 0 0 5137 0.1 40 0 0 30 46.3 41.1 41.1
5137 0.1 10 0 0 5137 0.1 40 0 0 60 53.5 46.0 46.0
5137 0.1 10 0 0 5137 0.1 40 0 0 90 61.3 51.4 51.4
5137 0.1 10 0 0 5137 0.1 40 0 0 120 69.9 56.7 56.7
5137 0.1 10 0 0 5137 0.1 40 0 0 150 75.4 60.8 60.8
5137 0.1 10 0 0 5137 0.1 40 0 0 180 76.3 62.6 62.6
5137 0.1 10 0 0 5137 0.1 50 0 0 0 40.2 40.6 40.6
5137 0.1 10 0 0 5137 0.1 50 0 0 30 45.6 42.5 42.5
5137 0.1 10 0 0 5137 0.1 50 0 0 60 52.8 46.3 46.3
5137 0.1 10 0 0 5137 0.1 50 0 0 90 60.6 51.4 51.4
5137 0.1 10 0 0 5137 0.1 50 0 0 120 69.2 56.5 56.5
5137 0.1 10 0 0 5137 0.1 50 0 0 150 74.2 60.7 60.7
5137 0.1 10 0 0 5137 0.1 50 0 0 180 75.1 63.3 63.3
5137 0.1 10 0 0 5137 0.1 60 0 0 0 40.8 42.9 42.9
5137 0.1 10 0 0 5137 0.1 60 0 0 30 44.9 44.6 44.6
5137 0.1 10 0 0 5137 0.1 60 0 0 60 51.7 47.8 47.8
5137 0.1 10 0 0 5137 0.1 60 0 0 90 59.5 52.0 52.0
5137 0.1 10 0 0 5137 0.1 60 0 0 120 67.8 57.0 57.0
5137 0.1 10 0 0 5137 0.1 60 0 0 150 72.2 61.2 61.2
5137 0.1 10 0 0 5137 0.1 60 0 0 180 73.3 64.1 64.1
5137 0.1 10 0 0 5137 0.2 0 0 0 0 41.4 36.6 36.6
5137 0.1 10 0 0 5137 0.2 0 0 0 30 46.3 40.8 40.8
5137 0.1 10 0 0 5137 0.2 0 0 0 60 52.3 46.9 46.9
5137 0.1 10 0 0 5137 0.2 0 0 0 90 59.4 54.0 54.0
5137 0.1 10 0 0 5137 0.2 0 0 0 120 68.1 62.2 62.2
5137 0.1 10 0 0 5137 0.2 0 0 0 150 75.1 66.9 66.9
5137 0.1 10 0 0 5137 0.2 0 0 0 180 77.8 67.1 67.1
5137 0.1 10 0 0 5137 0.2 10 0 0 0 41.3 35.8 35.8
5137 0.1 10 0 0 5137 0.2 10 0 0 30 46.2 40.6 40.6
5137 0.1 10 0 0 5137 0.2 10 0 0 60 52.2 46.7 46.7
5137 0.1 10 0 0 5137 0.2 10 0 0 90 59.3 53.8 53.8
5137 0.1 10 0 0 5137 0.2 10 0 0 120 68.0 61.0 61.0
5137 0.1 10 0 0 5137 0.2 10 0 0 150 75.1 66.0 66.0
5137 0.1 10 0 0 5137 0.2 10 0 0 180 77.7 66.9 66.9
5137 0.1 10 0 0 5137 0.2 20 0 0 0 41.2 35.6 35.6
5137 0.1 10 0 0 5137 0.2 20 0 0 30 45.9 39.9 39.9
5137 0.1 10 0 0 5137 0.2 20 0 0 60 52.0 45.9 45.9
5137 0.1 10 0 0 5137 0.2 20 0 0 90 59.1 52.7 52.7
5137 0.1 10 0 0 5137 0.2 20 0 0 120 67.8 58.9 58.9
5137 0.1 10 0 0 5137 0.2 20 0 0 150 74.9 64.0 64.0
5137 0.1 10 0 0 5137 0.2 20 0 0 180 77.5 65.6 65.6
5137 0.1 10 0 0 5137 0.2 30 0 0 0 41.1 36.9 36.9
5137 0.1 10 0 0 5137 0.2 30 0 0 30 45.6 39.2 39.2
5137 0.1 10 0 0 5137 0.2 30 0 0 60 51.6 43.8 43.8
5137 0.1 10 0 0 5137 0.2 30 0 0 90 58.7 49.3 49.3
5137 0.1 10 0 0 5137 0.2 30 0 0 120 67.4 55.1 55.1
5137 0.1 10 0 0 5137 0.2 30 0 0 150 74.5 60.1 60.1
5137 0.1 10 0 0 5137 0.2 30 0 0 180 77.0 62.6 62.6
5137 0.1 10 0 0 5137 0.2 40 0 0 0 41.1 38.5 38.5
5137 0.1 10 0 0 5137 0.2 40 0 0 30 45.0 40.2 40.2
5137 0.1 10 0 0 5137 0.2 40 0 0 60 51.1 43.4 43.4
5137 0.1 10 0 0 5137 0.2 40 0 0 90 58.2 48.4 48.4
5137 0.1 10 0 0 5137 0.2 40 0 0 120 66.9 54.0 54.0
5137 0.1 10 0 0 5137 0.2 40 0 0 150 73.8 59.1 59.1
5137 0.1 10 0 0 5137 0.2 40 0 0 180 76.2 62.4 62.4
5137 0.1 10 0 0 5137 0.2 50 0 0 0 41.1 40.2 40.2
5137 0.1 10 0 0 5137 0.2 50 0 0 30 44.7 41.6 41.6
5137 0.1 10 0 0 5137 0.2 50 0 0 60 50.3 44.3 44.3
5137 0.1 10 0 0 5137 0.2 50 0 0 90 57.4 48.4 48.4
5137 0.1 10 0 0 5137 0.2 50 0 0 120 66.2 53.8 53.8
5137 0.1 10 0 0 5137 0.2 50 0 0 150 72.7 58.9 58.9
5137 0.1 10 0 0 5137 0.2 50 0 0 180 75.0 62.7 62.7
5137 0.1 10 0 0 5137 0.2 60 0 0 0 41.4 42.4 42.4
5137 0.1 10 0 0 5137 0.2 60 0 0 30 44.4 43.7 43.7
5137 0.1 10 0 0 5137 0.2 60 0 0 60 49.5 46.0 46.0
5137 0.1 10 0 0 5137 0.2 60 0 0 90 56.4 49.4 49.4
5137 0.1 10 0 0 5137 0.2 60 0 0 120 64.9 54.1 54.1
5137 0.1 10 0 0 5137 0.2 60 0 0 150 70.8 59.2 59.2
5137 0.1 10 0 0 5137 0.2 60 0 0 180 72.9 63.2 63.2
5137 0.1 10 0 0 5137 0.3 0 0 0 0 43.3 37.8 37.8
5137 0.1 10 0 0 5137 0.3 0 0 0 30 45.2 40.3 40.3
5137 0.1 10 0 0 5137 0.3 0 0 0 60 50.1 44.5 44.5
5137 0.1 10 0 0 5137 0.3 0 0 0 90 56.4 50.8 50.8
5137 0.1 10 0 0 5137 0.3 0 0 0 120 64.9 58.8 58.8
5137 0.1 10 0 0 5137 0.3 0 0 0 150 73.0 65.3 65.3
5137 0.1 10 0 0 5137 0.3 0 0 0 180 77.3 66.7 66.7
5137 0.1 10 0 0 5137 0.3 10 0 0 0 43.3 37.6 37.6
5137 0.1 10 0 0 5137 0.3 10 0 0 30 45.1 39.5 39.5
5137 0.1 10 0 0 5137 0.3 10 0 0 60 50.0 44.3 44.3
5137 0.1 10 0 0 5137 0.3 10 0 0 90 56.2 50.6 50.6
5137 0.1 10 0 0 5137 0.3 10 0 0 120 64.8 57.8 57.8
5137 0.1 10 0 0 5137 0.3 10 0 0 150 73.0 64.1 64.1
5137 0.1 10 0 0 5137 0.3 10 0 0 180 77.2 66.6 66.6
5137 0.1 10 0 0 5137 0.3 20 0 0 0 43.2 37.0 37.0
5137 0.1 10 0 0 5137 0.3 20 0 0 30 45.0 39.1 39.1
5137 0.1 10 0 0 5137 0.3 20 0 0 60 49.7 43.5 43.5
5137 0.1 10 0 0 5137 0.3 20 0 0 90 56.0 49.3 49.3
5137 0.1 10 0 0 5137 0.3 20 0 0 120 64.5 55.6 55.6
5137 0.1 10 0 0 5137 0.3 20 0 0 150 72.7 61.9 61.9
5137 0.1 10 0 0 5137 0.3 20 0 0 180 76.9 65.3 65.3
5137 0.1 10 0 0 5137 0.3 30 0 0 0 43.1 37.3 37.3
5137 0.1 10 0 0 5137 0.3 30 0 0 30 44.9 38.7 38.7
5137 0.1 10 0 0 5137 0.3 30 0 0 60 49.4 41.6 41.6
5137 0.1 10 0 0 5137 0.3 30 0 0 90 55.6 46.3 46.3
5137 0.1 10 0 0 5137 0.3 30 0 0 120 64.2 52.2 52.2
5137 0.1 10 0 0 5137 0.3 30 0 0 150 72.3 58.4 58.4
5137 0.1 10 0 0 5137 0.3 30 0 0 180 76.4 62.7 62.7
5137 0.1 10 0 0 5137 0.3 40 0 0 0 43.1 38.5 38.5
5137 0.1 10 0 0 5137 0.3 40 0 0 30 44.8 39.7 39.7
5137 0.1 10 0 0 5137 0.3 40 0 0 60 48.8 41.9 41.9
5137 0.1 10 0 0 5137 0.3 40 0 0 90 55.1 45.6 45.6
5137 0.1 10 0 0 5137 0.3 40 0 0 120 63.6 51.2 51.2
5137 0.1 10 0 0 5137 0.3 40 0 0 150 71.7 57.4 57.4
5137 0.1 10 0 0 5137 0.3 40 0 0 180 75.5 62.1 62.1
5137 0.1 10 0 0 5137 0.3 50 0 0 0 43.1 40.0 40.0
5137 0.1 10 0 0 5137 0.3 50 0 0 30 44.8 41.0 41.0
5137 0.1 10 0 0 5137 0.3 50 0 0 60 48.4 42.9 42.9
5137 0.1 10 0 0 5137 0.3 50 0 0 90 54.4 46.0 46.0
5137 0.1 10 0 0 5137 0.3 50 0 0 120 62.9 50.9 50.9
5137 0.1 10 0 0 5137 0.3 50 0 0 150 70.7 57.0 57.0
5137 0.1 10 0 0 5137 0.3 50 0 0 180 74.2 62.0 62.0
5137 0.1 10 0 0 5137 0.3 60 0 0 0 43.2 42.0 42.0
5137 0.1 10 0 0 5137 0.3 60 0 0 30 44.8 42.9 42.9
5137 0.1 10 0 0 5137 0.3 60 0 0 60 48.1 44.6 44.6
5137 0.1 10 0 0 5137 0.3 60 0 0 90 53.5 47.3 47.3
5137 0.1 10 0 0 5137 0.3 60 0 0 120 61.6 51.4 51.4
5137 0.1 10 0 0 5137 0.3 60 0 0 150 68.9 57.1 57.1
5137 0.1 10 0 0 5137 0.3 60 0 0 180 72.0 62.3 62.3
5137 0.1 10 0 0 5137 0.4 0 0 0 0 45.4 39.7 39.7
5137 0.1 10 0 0 5137 0.4 0 0 0 30 46.2 40.7 40.7
5137 0.1 10 0 0 5137 0.4 0 0 0 60 48.2 43.2 43.2
5137 0.1 10 0 0 5137 0.4 0 0 0 90 53.4 47.7 47.7
5137 0.1 10 0 0 5137 0.4 0 0 0 120 61.5 55.2 55.2
5137 0.1 10 0 0 5137 0.4 0 0 0 150 70.5 62.9 62.9
5137 0.1 10 0 0 5137 0.4 0 0 0 180 76.0 65.7 65.7
5137 0.1 10 0 0 5137 0.4 10 0 0 0 45.4 39.5 39.5
5137 0.1 10 0 0 5137 0.4 10 0 0 30 46.2 40.3 40.3
5137 0.1 10 0 0 5137 0.4 10 0 0 60 48.2 42.4 42.4
5137 0.1 10 0 0 5137 0.4 10 0 0 90 53.3 47.4 47.4
5137 0.1 10 0 0 5137 0.4 10 0 0 120 61.4 54.2 54.2
5137 0.1 10 0 0 5137 0.4 10 0 0 150 70.5 61.6 61.6
5137 0.1 10 0 0 5137 0.4 10 0 0 180 75.9 66.0 66.0
5137 0.1 10 0 0 5137 0.4 20 0 0 0 45.3 39.1 39.1
5137 0.1 10 0 0 5137 0.4 20 0 0 30 46.1 39.5 39.5
5137 0.1 10 0 0 5137 0.4 20 0 0 60 48.1 41.5 41.5
5137 0.1 10 0 0 5137 0.4 20 0 0 90 53.1 45.6 45.6
5137 0.1 10 0 0 5137 0.4 20 0 0 120 61.1 51.7 51.7
5137 0.1 10 0 0 5137 0.4 20 0 0 150 70.3 59.0 59.0
5137 0.1 10 0 0 5137 0.4 20 0 0 180 75.6 64.4 64.4
5137 0.1 10 0 0 5137 0.4 30 0 0 0 45.3 38.9 38.9
5137 0.1 10 0 0 5137 0.4 30 0 0 30 46.1 39.0 39.0
5137 0.1 10 0 0 5137 0.4 30 0 0 60 48.0 40.7 40.7
5137 0.1 10 0 0 5137 0.4 30 0 0 90 52.7 43.7 43.7
5137 0.1 10 0 0 5137 0.4 30 0 0 120 60.7 49.3 49.3
5137 0.1 10 0 0 5137 0.4 30 0 0 150 69.8 56.5 56.5
5137 0.1 10 0 0 5137 0.4 30 0 0 180 75.0 62.5 62.5
5137 0.1 10 0 0 5137 0.4 40 0 0 0 45.3 39.4 39.4
5137 0.1 10 0 0 5137 0.4 40 0 0 30 46.1 39.6 39.6
5137 0.1 10 0 0 5137 0.4 40 0 0 60 47.9 41.1 41.1
5137 0.1 10 0 0 5137 0.4 40 0 0 90 52.2 43.6 43.6
5137 0.1 10 0 0 5137 0.4 40 0 0 120 60.2 48.4 48.4
5137 0.1 10 0 0 5137 0.4 40 0 0 150 69.2 55.4 55.4
5137 0.1 10 0 0 5137 0.4 40 0 0 180 74.1 61.8 61.8
5137 0.1 10 0 0 5137 0.4 50 0 0 0 45.3 40.5 40.5
5137 0.1 10 0 0 5137 0.4 50 0 0 30 46.1 40.8 40.8
5137 0.1 10 0 0 5137 0.4 50 0 0 60 47.9 42.1 42.1
5137 0.1 10 0 0 5137 0.4 50 0 0 90 51.8 44.3 44.3
5137 0.1 10 0 0 5137 0.4 50 0 0 120 59.4 48.2 48.2
5137 0.1 10 0 0 5137 0.4 50 0 0 150 68.2 54.9 54.9
5137 0.1 10 0 0 5137 0.4 50 0 0 180 72.8 61.4 61.4
5137 0.1 10 0 0 5137 0.4 60 0 0 0 45.3 42.0 42.0
5137 0.1 10 0 0 5137 0.4 60 0 0 30 46.1 42.2 42.2
5137 0.1 10 0 0 5137 0.4 60 0 0 60 47.9 43.5 43.5
5137 0.1 10 0 0 5137 0.4 60 0 0 90 51.5 45.5 45.5
5137 0.1 10 0 0 5137 0.4 60 0 0 120 58.2 49.0 49.0
5137 0.1 10 0 0 5137 0.4 60 0 0 150 66.3 54.8 54.8
5137 0.1 10 0 0 5137 0.4 60 0 0 180 70.4 61.5 61.5
5137 0.1 10 0 0 5137 0.5 0 0 0 0 47.5 41.6 41.6
5137 0.1 10 0 0 5137 0.5 0 0 0 30 47.9 42.1 42.1
5137 0.1 10 0 0 5137 0.5 0 0 0 60 48.8 43.1 43.1
5137 0.1 10 0 0 5137 0.5 0 0 0 90 51.0 45.8 45.8
5137 0.1 10 0 0 5137 0.5 0 0 0 120 57.9 51.3 51.3
5137 0.1 10 0 0 5137 0.5 0 0 0 150 67.7 59.8 59.8
5137 0.1 10 0 0 5137 0.5 0 0 0 180 74.3 64.4 64.4
5137 0.1 10 0 0 5137 0.5 10 0 0 0 47.5 41.5 41.5
5137 0.1 10 0 0 5137 0.5 10 0 0 30 47.9 41.9 41.9
5137 0.1 10 0 0 5137 0.5 10 0 0 60 48.8 42.7 42.7
5137 0.1 10 0 0 5137 0.5 10 0 0 90 51.0 44.8 44.8
5137 0.1 10 0 0 5137 0.5 10 0 0 120 57.8 50.2 50.2
5137 0.1 10 0 0 5137 0.5 10 0 0 150 67.6 58.5 58.5
5137 0.1 10 0 0 5137 0.5 10 0 0 180 74.2 64.6 64.6
5137 0.1 10 0 0 5137 0.5 20 0 0 0 47.5 41.1 41.1
5137 0.1 10 0 0 5137 0.5 20 0 0 30 47.9 41.2 41.2
5137 0.1 10 0 0 5137 0.5 20 0 0 60 48.8 41.7 41.7
5137 0.1 10 0 0 5137 0.5 20 0 0 90 50.9 43.0 43.0
5137 0.1 10 0 0 5137 0.5 20 0 0 120 57.5 48.0 48.0
5137 0.1 10 0 0 5137 0.5 20 0 0 150 67.4 56.1 56.1
5137 0.1 10 0 0 5137 0.5 20 0 0 180 73.8 63.2 63.2
5137 0.1 10 0 0 5137 0.5 30 0 0 0 47.5 40.9 40.9
5137 0.1 10 0 0 5137 0.5 30 0 0 30 47.9 40.8 40.8
5137 0.1 10 0 0 5137 0.5 30 0 0 60 48.7 41.1 41.1
5137 0.1 10 0 0 5137 0.5 30 0 0 90 50.8 42.4 42.4
5137 0.1 10 0 0 5137 0.5 30 0 0 120 57.1 46.4 46.4
5137 0.1 10 0 0 5137 0.5 30 0 0 150 66.9 54.4 54.4
5137 0.1 10 0 0 5137 0.5 30 0 0 180 73.3 62.3 62.3
5137 0.1 10 0 0 5137 0.5 40 0 0 0 47.5 41.1 41.1
5137 0.1 10 0 0 5137 0.5 40 0 0 30 47.9 40.9 40.9
5137 0.1 10 0 0 5137 0.5 40 0 0 60 48.8 41.1 41.1
5137 0.1 10 0 0 5137 0.5 40 0 0 90 50.8 42.6 42.6
5137 0.1 10 0 0 5137 0.5 40 0 0 120 56.6 46.0 46.0
5137 0.1 10 0 0 5137 0.5 40 0 0 150 66.2 53.4 53.4
5137 0.1 10 0 0 5137 0.5 40 0 0 180 72.4 61.5 61.5
5137 0.1 10 0 0 5137 0.5 50 0 0 0 47.6 41.7 41.7
5137 0.1 10 0 0 5137 0.5 50 0 0 30 48.0 41.5 41.5
5137 0.1 10 0 0 5137 0.5 50 0 0 60 48.8 41.7 41.7
5137 0.1 10 0 0 5137 0.5 50 0 0 90 50.7 43.1 43.1
5137 0.1 10 0 0 5137 0.5 50 0 0 120 56.1 46.2 46.2
5137 0.1 10 0 0 5137 0.5 50 0 0 150 65.2 52.7 52.7
5137 0.1 10 0 0 5137 0.5 50 0 0 180 70.9 61.0 61.0
5137 0.1 10 0 0 5137 0.5 60 0 0 0 47.6 42.6 42.6
5137 0.1 10 0 0 5137 0.5 60 0 0 30 48.0 42.5 42.5
5137 0.1 10 0 0 5137 0.5 60 0 0 60 48.9 42.7 42.7
5137 0.1 10 0 0 5137 0.5 60 0 0 90 50.8 44.1 44.1
5137 0.1 10 0 0 5137 0.5 60 0 0 120 55.4 46.9 46.9
5137 0.1 10 0 0 5137 0.5 60 0 0 150 63.3 52.6 52.6
5137 0.1 10 0 0 5137 0.5 60 0 0 180 68.3 60.7 60.7
