4737 0.0 50 0 0 4737 0.0 0 0 0 0 39.8 41.5 41.5
4737 0.0 50 0 0 4737 0.0 0 0 0 30 47.0 43.5 43.5
4737 0.0 50 0 0 4737 0.0 0 0 0 60 55.3 48.1 48.1
4737 0.0 50 0 0 4737 0.0 0 0 0 90 63.6 53.3 53.3
4737 0.0 50 0 0 4737 0.0 0 0 0 120 71.1 57.7 57.7
4737 0.0 50 0 0 4737 0.0 0 0 0 150 72.9 60.5 60.5
4737 0.0 50 0 0 4737 0.0 0 0 0 180 72.9 61.2 61.2
4737 0.0 50 0 0 4737 0.0 10 0 0 0 39.6 39.2 39.2
4737 0.0 50 0 0 4737 0.0 10 0 0 30 46.9 42.0 42.0
4737 0.0 50 0 0 4737 0.0 10 0 0 60 55.2 47.3 47.3
4737 0.0 50 0 0 4737 0.0 10 0 0 90 63.5 52.9 52.9
4737 0.0 50 0 0 4737 0.0 10 0 0 120 71.0 57.9 57.9
4737 0.0 50 0 0 4737 0.0 10 0 0 150 72.8 60.7 60.7
4737 0.0 50 0 0 4737 0.0 10 0 0 180 72.8 61.0 61.0
4737 0.0 50 0 0 4737 0.0 20 0 0 0 39.2 36.0 36.0
4737 0.0 50 0 0 4737 0.0 20 0 0 30 46.6 39.6 39.6
4737 0.0 50 0 0 4737 0.0 20 0 0 60 54.9 45.5 45.5
4737 0.0 50 0 0 4737 0.0 20 0 0 90 63.3 51.5 51.5
4737 0.0 50 0 0 4737 0.0 20 0 0 120 70.7 56.9 56.9
4737 0.0 50 0 0 4737 0.0 20 0 0 150 72.5 59.4 59.4
4737 0.0 50 0 0 4737 0.0 20 0 0 180 72.5 59.5 59.5
4737 0.0 50 0 0 4737 0.0 30 0 0 0 38.5 31.4 31.4
4737 0.0 50 0 0 4737 0.0 30 0 0 30 46.2 36.0 36.0
4737 0.0 50 0 0 4737 0.0 30 0 0 60 54.5 42.3 42.3
4737 0.0 50 0 0 4737 0.0 30 0 0 90 62.8 48.5 48.5
4737 0.0 50 0 0 4737 0.0 30 0 0 120 70.3 54.2 54.2
4737 0.0 50 0 0 4737 0.0 30 0 0 150 72.0 56.5 56.5
4737 0.0 50 0 0 4737 0.0 30 0 0 180 72.0 56.6 56.6
4737 0.0 50 0 0 4737 0.0 40 0 0 0 37.5 30.0 30.0
4737 0.0 50 0 0 4737 0.0 40 0 0 30 45.6 35.5 35.5
4737 0.0 50 0 0 4737 0.0 40 0 0 60 54.0 42.1 42.1
4737 0.0 50 0 0 4737 0.0 40 0 0 90 62.3 48.5 48.5
4737 0.0 50 0 0 4737 0.0 40 0 0 120 69.6 54.3 54.3
4737 0.0 50 0 0 4737 0.0 40 0 0 150 71.2 56.5 56.5
4737 0.0 50 0 0 4737 0.0 40 0 0 180 71.2 56.6 56.6
4737 0.0 50 0 0 4737 0.0 50 0 0 0 36.5 29.7 29.7
4737 0.0 50 0 0 4737 0.0 50 0 0 30 44.8 35.8 35.8
4737 0.0 50 0 0 4737 0.0 50 0 0 60 53.1 42.5 42.5
4737 0.0 50 0 0 4737 0.0 50 0 0 90 61.4 49.1 49.1
4737 0.0 50 0 0 4737 0.0 50 0 0 120 68.3 55.2 55.2
4737 0.0 50 0 0 4737 0.0 50 0 0 150 69.9 57.6 57.6
4737 0.0 50 0 0 4737 0.0 50 0 0 180 69.9 57.7 57.7
4737 0.0 50 0 0 4737 0.0 60 0 0 0 36.0 31.2 31.2
4737 0.0 50 0 0 4737 0.0 60 0 0 30 43.6 36.6 36.6
4737 0.0 50 0 0 4737 0.0 60 0 0 60 51.9 43.5 43.5
4737 0.0 50 0 0 4737 0.0 60 0 0 90 59.9 50.3 50.3
4737 0.0 50 0 0 4737 0.0 60 0 0 120 66.1 56.6 56.6
4737 0.0 50 0 0 4737 0.0 60 0 0 150 67.8 59.2 59.2
4737 0.0 50 0 0 4737 0.0 60 0 0 180 67.8 59.3 59.3
4737 0.0 50 0 0 4737 0.1 0 0 0 0 40.4 41.4 41.4
4737 0.0 50 0 0 4737 0.1 0 0 0 30 45.6 42.9 42.9
4737 0.0 50 0 0 4737 0.1 0 0 0 60 52.7 46.1 46.1
4737 0.0 50 0 0 4737 0.1 0 0 0 90 60.5 51.3 51.3
4737 0.0 50 0 0 4737 0.1 0 0 0 120 68.8 56.8 56.8
4737 0.0 50 0 0 4737 0.1 0 0 0 150 72.7 60.6 60.6
4737 0.0 50 0 0 4737 0.1 0 0 0 180 72.9 60.6 60.6
4737 0.0 50 0 0 4737 0.1 10 0 0 0 40.3 39.1 39.1
4737 0.0 50 0 0 4737 0.1 10 0 0 30 45.4 41.2 41.2
4737 0.0 50 0 0 4737 0.1 10 0 0 60 52.6 45.1 45.1
4737 0.0 50 0 0 4737 0.1 10 0 0 90 60.4 50.7 50.7
4737 0.0 50 0 0 4737 0.1 10 0 0 120 68.7 56.6 56.6
4737 0.0 50 0 0 4737 0.1 10 0 0 150 72.6 60.7 60.7
4737 0.0 50 0 0 4737 0.1 10 0 0 180 72.8 60.7 60.7
4737 0.0 50 0 0 4737 0.1 20 0 0 0 39.9 35.9 35.9
4737 0.0 50 0 0 4737 0.1 20 0 0 30 45.2 38.6 38.6
4737 0.0 50 0 0 4737 0.1 20 0 0 60 52.3 43.2 43.2
4737 0.0 50 0 0 4737 0.1 20 0 0 90 60.1 49.1 49.1
4737 0.0 50 0 0 4737 0.1 20 0 0 120 68.4 55.2 55.2
4737 0.0 50 0 0 4737 0.1 20 0 0 150 72.4 59.2 59.2
4737 0.0 50 0 0 4737 0.1 20 0 0 180 72.5 59.3 59.3
4737 0.0 50 0 0 4737 0.1 30 0 0 0 39.4 31.4 31.4
4737 0.0 50 0 0 4737 0.1 30 0 0 30 44.7 34.6 34.6
4737 0.0 50 0 0 4737 0.1 30 0 0 60 51.9 39.9 39.9
4737 0.0 50 0 0 4737 0.1 30 0 0 90 59.7 45.9 45.9
4737 0.0 50 0 0 4737 0.1 30 0 0 120 68.0 52.3 52.3
4737 0.0 50 0 0 4737 0.1 30 0 0 150 71.9 56.3 56.3
4737 0.0 50 0 0 4737 0.1 30 0 0 180 72.0 56.4 56.4
4737 0.0 50 0 0 4737 0.1 40 0 0 0 38.7 30.1 30.1
4737 0.0 50 0 0 4737 0.1 40 0 0 30 44.2 33.8 33.8
4737 0.0 50 0 0 4737 0.1 40 0 0 60 51.3 39.6 39.6
4737 0.0 50 0 0 4737 0.1 40 0 0 90 59.1 45.7 45.7
4737 0.0 50 0 0 4737 0.1 40 0 0 120 67.4 52.1 52.1
4737 0.0 50 0 0 4737 0.1 40 0 0 150 71.1 56.4 56.4
4737 0.0 50 0 0 4737 0.1 40 0 0 180 71.2 56.5 56.5
4737 0.0 50 0 0 4737 0.1 50 0 0 0 37.9 30.0 30.0
4737 0.0 50 0 0 4737 0.1 50 0 0 30 43.4 34.0 34.0
4737 0.0 50 0 0 4737 0.1 50 0 0 60 50.5 39.9 39.9
4737 0.0 50 0 0 4737 0.1 50 0 0 90 58.3 46.1 46.1
4737 0.0 50 0 0 4737 0.1 50 0 0 120 66.4 52.7 52.7
4737 0.0 50 0 0 4737 0.1 50 0 0 150 69.9 57.3 57.3
4737 0.0 50 0 0 4737 0.1 50 0 0 180 69.9 57.4 57.4
4737 0.0 50 0 0 4737 0.1 60 0 0 0 37.4 31.4 31.4
4737 0.0 50 0 0 4737 0.1 60 0 0 30 42.1 34.9 34.9
4737 0.0 50 0 0 4737 0.1 60 0 0 60 49.3 40.7 40.7
4737 0.0 50 0 0 4737 0.1 60 0 0 90 57.0 47.1 47.1
4737 0.0 50 0 0 4737 0.1 60 0 0 120 64.3 53.8 53.8
4737 0.0 50 0 0 4737 0.1 60 0 0 150 67.7 58.9 58.9
4737 0.0 50 0 0 4737 0.1 60 0 0 180 67.8 59.1 59.1
4737 0.0 50 0 0 4737 0.2 0 0 0 0 41.9 41.4 41.4
4737 0.0 50 0 0 4737 0.2 0 0 0 30 44.9 42.7 42.7
4737 0.0 50 0 0 4737 0.2 0 0 0 60 50.3 45.0 45.0
4737 0.0 50 0 0 4737 0.2 0 0 0 90 57.4 48.8 48.8
4737 0.0 50 0 0 4737 0.2 0 0 0 120 66.1 55.0 55.0
4737 0.0 50 0 0 4737 0.2 0 0 0 150 71.5 60.5 60.5
4737 0.0 50 0 0 4737 0.2 0 0 0 180 72.9 59.8 59.8
4737 0.0 50 0 0 4737 0.2 10 0 0 0 41.8 39.2 39.2
4737 0.0 50 0 0 4737 0.2 10 0 0 30 44.7 40.9 40.9
4737 0.0 50 0 0 4737 0.2 10 0 0 60 50.2 43.6 43.6
4737 0.0 50 0 0 4737 0.2 10 0 0 90 57.2 48.1 48.1
4737 0.0 50 0 0 4737 0.2 10 0 0 120 65.9 54.5 54.5
4737 0.0 50 0 0 4737 0.2 10 0 0 150 71.5 60.4 60.4
4737 0.0 50 0 0 4737 0.2 10 0 0 180 72.8 60.1 60.1
4737 0.0 50 0 0 4737 0.2 20 0 0 0 41.5 36.1 36.1
4737 0.0 50 0 0 4737 0.2 20 0 0 30 44.4 38.0 38.0
4737 0.0 50 0 0 4737 0.2 20 0 0 60 49.9 41.2 41.2
4737 0.0 50 0 0 4737 0.2 20 0 0 90 57.0 46.3 46.3
4737 0.0 50 0 0 4737 0.2 20 0 0 120 65.7 52.9 52.9
4737 0.0 50 0 0 4737 0.2 20 0 0 150 71.2 58.8 58.8
4737 0.0 50 0 0 4737 0.2 20 0 0 180 72.5 59.0 59.0
4737 0.0 50 0 0 4737 0.2 30 0 0 0 41.2 32.2 32.2
4737 0.0 50 0 0 4737 0.2 30 0 0 30 43.8 34.2 34.2
4737 0.0 50 0 0 4737 0.2 30 0 0 60 49.5 37.9 37.9
4737 0.0 50 0 0 4737 0.2 30 0 0 90 56.6 43.3 43.3
4737 0.0 50 0 0 4737 0.2 30 0 0 120 65.3 50.0 50.0
4737 0.0 50 0 0 4737 0.2 30 0 0 150 70.7 55.9 55.9
4737 0.0 50 0 0 4737 0.2 30 0 0 180 72.0 56.3 56.3
4737 0.0 50 0 0 4737 0.2 40 0 0 0 40.7 31.3 31.3
4737 0.0 50 0 0 4737 0.2 40 0 0 30 43.1 33.1 33.1
4737 0.0 50 0 0 4737 0.2 40 0 0 60 48.9 37.3 37.3
4737 0.0 50 0 0 4737 0.2 40 0 0 90 56.0 42.9 42.9
4737 0.0 50 0 0 4737 0.2 40 0 0 120 64.7 49.6 49.6
4737 0.0 50 0 0 4737 0.2 40 0 0 150 70.0 55.7 55.7
4737 0.0 50 0 0 4737 0.2 40 0 0 180 71.2 56.4 56.4
4737 0.0 50 0 0 4737 0.2 50 0 0 0 40.2 31.4 31.4
4737 0.0 50 0 0 4737 0.2 50 0 0 30 42.2 32.5 32.5
4737 0.0 50 0 0 4737 0.2 50 0 0 60 48.1 37.3 37.3
4737 0.0 50 0 0 4737 0.2 50 0 0 90 55.2 43.1 43.1
4737 0.0 50 0 0 4737 0.2 50 0 0 120 63.8 49.9 49.9
4737 0.0 50 0 0 4737 0.2 50 0 0 150 68.7 56.3 56.3
4737 0.0 50 0 0 4737 0.2 50 0 0 180 69.9 57.3 57.3
4737 0.0 50 0 0 4737 0.2 60 0 0 0 39.6 32.4 32.4
4737 0.0 50 0 0 4737 0.2 60 0 0 30 41.6 33.6 33.6
4737 0.0 50 0 0 4737 0.2 60 0 0 60 46.8 38.0 38.0
4737 0.0 50 0 0 4737 0.2 60 0 0 90 53.9 43.8 43.8
4737 0.0 50 0 0 4737 0.2 60 0 0 120 61.8 50.8 50.8
4737 0.0 50 0 0 4737 0.2 60 0 0 150 66.6 57.4 57.4
4737 0.0 50 0 0 4737 0.2 60 0 0 180 67.8 58.8 58.8
4737 0.0 50 0 0 4737 0.3 0 0 0 0 43.6 41.5 41.5
4737 0.0 50 0 0 4737 0.3 0 0 0 30 45.1 42.7 42.7
4737 0.0 50 0 0 4737 0.3 0 0 0 60 48.4 44.4 44.4
4737 0.0 50 0 0 4737 0.3 0 0 0 90 54.3 47.1 47.1
4737 0.0 50 0 0 4737 0.3 0 0 0 120 62.8 52.5 52.5
4737 0.0 50 0 0 4737 0.3 0 0 0 150 69.8 60.1 60.1
4737 0.0 50 0 0 4737 0.3 0 0 0 180 72.9 58.8 58.8
4737 0.0 50 0 0 4737 0.3 10 0 0 0 43.6 39.5 39.5
4737 0.0 50 0 0 4737 0.3 10 0 0 30 45.0 40.8 40.8
4737 0.0 50 0 0 4737 0.3 10 0 0 60 48.2 42.8 42.8
4737 0.0 50 0 0 4737 0.3 10 0 0 90 54.2 45.9 45.9
4737 0.0 50 0 0 4737 0.3 10 0 0 120 62.7 51.9 51.9
4737 0.0 50 0 0 4737 0.3 10 0 0 150 69.8 59.4 59.4
4737 0.0 50 0 0 4737 0.3 10 0 0 180 72.8 59.2 59.2
4737 0.0 50 0 0 4737 0.3 20 0 0 0 43.4 36.6 36.6
4737 0.0 50 0 0 4737 0.3 20 0 0 30 44.7 37.7 37.7
4737 0.0 50 0 0 4737 0.3 20 0 0 60 47.9 40.0 40.0
4737 0.0 50 0 0 4737 0.3 20 0 0 90 53.9 43.5 43.5
4737 0.0 50 0 0 4737 0.3 20 0 0 120 62.4 49.9 49.9
4737 0.0 50 0 0 4737 0.3 20 0 0 150 69.5 57.2 57.2
4737 0.0 50 0 0 4737 0.3 20 0 0 180 72.5 58.2 58.2
4737 0.0 50 0 0 4737 0.3 30 0 0 0 43.1 33.6 33.6
4737 0.0 50 0 0 4737 0.3 30 0 0 30 44.4 34.5 34.5
4737 0.0 50 0 0 4737 0.3 30 0 0 60 47.4 37.0 37.0
4737 0.0 50 0 0 4737 0.3 30 0 0 90 53.5 40.9 40.9
4737 0.0 50 0 0 4737 0.3 30 0 0 120 62.0 47.5 47.5
4737 0.0 50 0 0 4737 0.3 30 0 0 150 69.0 54.8 54.8
4737 0.0 50 0 0 4737 0.3 30 0 0 180 72.0 56.5 56.5
4737 0.0 50 0 0 4737 0.3 40 0 0 0 42.8 33.0 33.0
4737 0.0 50 0 0 4737 0.3 40 0 0 30 43.9 33.4 33.4
4737 0.0 50 0 0 4737 0.3 40 0 0 60 46.7 35.8 35.8
4737 0.0 50 0 0 4737 0.3 40 0 0 90 52.9 40.3 40.3
4737 0.0 50 0 0 4737 0.3 40 0 0 120 61.4 46.9 46.9
4737 0.0 50 0 0 4737 0.3 40 0 0 150 68.2 54.4 54.4
4737 0.0 50 0 0 4737 0.3 40 0 0 180 71.2 56.6 56.6
4737 0.0 50 0 0 4737 0.3 50 0 0 0 42.5 33.1 33.1
4737 0.0 50 0 0 4737 0.3 50 0 0 30 43.4 33.3 33.3
4737 0.0 50 0 0 4737 0.3 50 0 0 60 45.9 35.2 35.2
4737 0.0 50 0 0 4737 0.3 50 0 0 90 52.1 40.2 40.2
4737 0.0 50 0 0 4737 0.3 50 0 0 120 60.6 47.0 47.0
4737 0.0 50 0 0 4737 0.3 50 0 0 150 67.0 54.6 54.6
4737 0.0 50 0 0 4737 0.3 50 0 0 180 69.9 57.2 57.2
4737 0.0 50 0 0 4737 0.3 60 0 0 0 42.0 33.8 33.8
4737 0.0 50 0 0 4737 0.3 60 0 0 30 42.9 34.0 34.0
4737 0.0 50 0 0 4737 0.3 60 0 0 60 45.2 35.9 35.9
4737 0.0 50 0 0 4737 0.3 60 0 0 90 50.8 40.7 40.7
4737 0.0 50 0 0 4737 0.3 60 0 0 120 58.9 47.5 47.5
4737 0.0 50 0 0 4737 0.3 60 0 0 150 64.8 55.4 55.4
4737 0.0 50 0 0 4737 0.3 60 0 0 180 67.7 58.5 58.5
4737 0.0 50 0 0 4737 0.4 0 0 0 0 45.6 41.8 41.8
4737 0.0 50 0 0 4737 0.4 0 0 0 30 46.3 42.7 42.7
4737 0.0 50 0 0 4737 0.4 0 0 0 60 47.8 44.1 44.1
4737 0.0 50 0 0 4737 0.4 0 0 0 90 51.5 46.2 46.2
4737 0.0 50 0 0 4737 0.4 0 0 0 120 59.4 50.0 50.0
4737 0.0 50 0 0 4737 0.4 0 0 0 150 67.7 58.5 58.5
4737 0.0 50 0 0 4737 0.4 0 0 0 180 72.7 57.5 57.5
4737 0.0 50 0 0 4737 0.4 10 0 0 0 45.5 40.2 40.2
4737 0.0 50 0 0 4737 0.4 10 0 0 30 46.3 40.8 40.8
4737 0.0 50 0 0 4737 0.4 10 0 0 60 47.7 42.3 42.3
4737 0.0 50 0 0 4737 0.4 10 0 0 90 51.4 44.6 44.6
4737 0.0 50 0 0 4737 0.4 10 0 0 120 59.3 48.9 48.9
4737 0.0 50 0 0 4737 0.4 10 0 0 150 67.6 57.4 57.4
4737 0.0 50 0 0 4737 0.4 10 0 0 180 72.6 57.9 57.9
4737 0.0 50 0 0 4737 0.4 20 0 0 0 45.4 37.2 37.2
4737 0.0 50 0 0 4737 0.4 20 0 0 30 46.1 37.7 37.7
4737 0.0 50 0 0 4737 0.4 20 0 0 60 47.5 39.2 39.2
4737 0.0 50 0 0 4737 0.4 20 0 0 90 51.1 41.7 41.7
4737 0.0 50 0 0 4737 0.4 20 0 0 120 59.0 46.4 46.4
4737 0.0 50 0 0 4737 0.4 20 0 0 150 67.4 54.7 54.7
4737 0.0 50 0 0 4737 0.4 20 0 0 180 72.3 56.7 56.7
4737 0.0 50 0 0 4737 0.4 30 0 0 0 45.2 35.6 35.6
4737 0.0 50 0 0 4737 0.4 30 0 0 30 45.9 35.8 35.8
4737 0.0 50 0 0 4737 0.4 30 0 0 60 47.2 37.0 37.0
4737 0.0 50 0 0 4737 0.4 30 0 0 90 50.6 39.7 39.7
4737 0.0 50 0 0 4737 0.4 30 0 0 120 58.6 44.8 44.8
4737 0.0 50 0 0 4737 0.4 30 0 0 150 66.8 53.2 53.2
4737 0.0 50 0 0 4737 0.4 30 0 0 180 71.8 56.6 56.6
4737 0.0 50 0 0 4737 0.4 40 0 0 0 45.1 34.9 34.9
4737 0.0 50 0 0 4737 0.4 40 0 0 30 45.6 35.0 35.0
4737 0.0 50 0 0 4737 0.4 40 0 0 60 46.7 35.8 35.8
4737 0.0 50 0 0 4737 0.4 40 0 0 90 49.9 38.5 38.5
4737 0.0 50 0 0 4737 0.4 40 0 0 120 58.0 44.1 44.1
4737 0.0 50 0 0 4737 0.4 40 0 0 150 66.0 52.7 52.7
4737 0.0 50 0 0 4737 0.4 40 0 0 180 71.0 56.8 56.8
4737 0.0 50 0 0 4737 0.4 50 0 0 0 44.8 34.9 34.9
4737 0.0 50 0 0 4737 0.4 50 0 0 30 45.3 34.9 34.9
4737 0.0 50 0 0 4737 0.4 50 0 0 60 46.3 35.4 35.4
4737 0.0 50 0 0 4737 0.4 50 0 0 90 49.2 37.7 37.7
4737 0.0 50 0 0 4737 0.4 50 0 0 120 57.1 43.9 43.9
4737 0.0 50 0 0 4737 0.4 50 0 0 150 64.8 52.7 52.7
4737 0.0 50 0 0 4737 0.4 50 0 0 180 69.7 57.4 57.4
4737 0.0 50 0 0 4737 0.4 60 0 0 0 44.5 35.4 35.4
4737 0.0 50 0 0 4737 0.4 60 0 0 30 45.0 35.4 35.4
4737 0.0 50 0 0 4737 0.4 60 0 0 60 46.0 35.9 35.9
4737 0.0 50 0 0 4737 0.4 60 0 0 90 48.5 38.0 38.0
4737 0.0 50 0 0 4737 0.4 60 0 0 120 55.3 44.2 44.2
4737 0.0 50 0 0 4737 0.4 60 0 0 150 62.2 53.2 53.2
4737 0.0 50 0 0 4737 0.4 60 0 0 180 67.1 58.3 58.3
4737 0.0 50 0 0 4737 0.5 0 0 0 0 47.6 42.5 42.5
4737 0.0 50 0 0 4737 0.5 0 0 0 30 48.0 42.8 42.8
4737 0.0 50 0 0 4737 0.5 0 0 0 60 48.8 43.8 43.8
4737 0.0 50 0 0 4737 0.5 0 0 0 90 50.4 45.5 45.5
4737 0.0 50 0 0 4737 0.5 0 0 0 120 55.9 48.5 48.5
4737 0.0 50 0 0 4737 0.5 0 0 0 150 65.1 55.6 55.6
4737 0.0 50 0 0 4737 0.5 0 0 0 180 71.6 55.6 55.6
4737 0.0 50 0 0 4737 0.5 10 0 0 0 47.6 40.9 40.9
4737 0.0 50 0 0 4737 0.5 10 0 0 30 48.0 41.1 41.1
4737 0.0 50 0 0 4737 0.5 10 0 0 60 48.7 41.9 41.9
4737 0.0 50 0 0 4737 0.5 10 0 0 90 50.3 43.7 43.7
4737 0.0 50 0 0 4737 0.5 10 0 0 120 55.7 46.9 46.9
4737 0.0 50 0 0 4737 0.5 10 0 0 150 65.1 54.2 54.2
4737 0.0 50 0 0 4737 0.5 10 0 0 180 71.5 55.9 55.9
4737 0.0 50 0 0 4737 0.5 20 0 0 0 47.5 38.9 38.9
4737 0.0 50 0 0 4737 0.5 20 0 0 30 47.9 39.0 39.0
4737 0.0 50 0 0 4737 0.5 20 0 0 60 48.6 39.5 39.5
4737 0.0 50 0 0 4737 0.5 20 0 0 90 50.1 41.2 41.2
4737 0.0 50 0 0 4737 0.5 20 0 0 120 55.4 44.7 44.7
4737 0.0 50 0 0 4737 0.5 20 0 0 150 64.8 52.6 52.6
4737 0.0 50 0 0 4737 0.5 20 0 0 180 71.2 55.9 55.9
4737 0.0 50 0 0 4737 0.5 30 0 0 0 47.4 37.6 37.6
4737 0.0 50 0 0 4737 0.5 30 0 0 30 47.8 37.6 37.6
4737 0.0 50 0 0 4737 0.5 30 0 0 60 48.4 38.0 38.0
4737 0.0 50 0 0 4737 0.5 30 0 0 90 49.8 39.3 39.3
4737 0.0 50 0 0 4737 0.5 30 0 0 120 55.0 43.0 43.0
4737 0.0 50 0 0 4737 0.5 30 0 0 150 64.2 51.5 51.5
4737 0.0 50 0 0 4737 0.5 30 0 0 180 70.7 56.2 56.2
4737 0.0 50 0 0 4737 0.5 40 0 0 0 47.3 36.9 36.9
4737 0.0 50 0 0 4737 0.5 40 0 0 30 47.6 36.9 36.9
4737 0.0 50 0 0 4737 0.5 40 0 0 60 48.2 37.1 37.1
4737 0.0 50 0 0 4737 0.5 40 0 0 90 49.5 38.1 38.1
4737 0.0 50 0 0 4737 0.5 40 0 0 120 54.3 41.8 41.8
4737 0.0 50 0 0 4737 0.5 40 0 0 150 63.4 50.8 50.8
4737 0.0 50 0 0 4737 0.5 40 0 0 180 69.8 57.0 57.0
4737 0.0 50 0 0 4737 0.5 50 0 0 0 47.2 36.9 36.9
4737 0.0 50 0 0 4737 0.5 50 0 0 30 47.5 36.8 36.8
4737 0.0 50 0 0 4737 0.5 50 0 0 60 48.0 36.9 36.9
4737 0.0 50 0 0 4737 0.5 50 0 0 90 49.1 37.6 37.6
4737 0.0 50 0 0 4737 0.5 50 0 0 120 53.4 40.9 40.9
4737 0.0 50 0 0 4737 0.5 50 0 0 150 62.0 50.4 50.4
4737 0.0 50 0 0 4737 0.5 50 0 0 180 68.4 57.6 57.6
4737 0.0 50 0 0 4737 0.5 60 0 0 0 47.0 37.3 37.3
4737 0.0 50 0 0 4737 0.5 60 0 0 30 47.2 37.2 37.2
4737 0.0 50 0 0 4737 0.5 60 0 0 60 47.7 37.3 37.3
4737 0.0 50 0 0 4737 0.5 60 0 0 90 48.9 38.0 38.0
4737 0.0 50 0 0 4737 0.5 60 0 0 120 52.3 41.0 41.0
4737 0.0 50 0 0 4737 0.5 60 0 0 150 59.7 50.6 50.6
4737 0.0 50 0 0 4737 0.5 60 0 0 180 65.8 58.2 58.2
