5137 0.1 40 0 0 4737 0.0 0 0 0 0 61.0 52.0 52.0
5137 0.1 40 0 0 4737 0.0 0 0 0 30 61.1 52.1 52.1
5137 0.1 40 0 0 4737 0.0 0 0 0 60 61.3 52.3 52.3
5137 0.1 40 0 0 4737 0.0 0 0 0 90 61.4 52.4 52.4
5137 0.1 40 0 0 4737 0.0 0 0 0 120 61.4 52.5 52.5
5137 0.1 40 0 0 4737 0.0 0 0 0 150 61.3 52.6 52.6
5137 0.1 40 0 0 4737 0.0 0 0 0 180 61.3 52.6 52.6
5137 0.1 40 0 0 4737 0.0 10 0 0 0 61.0 51.4 51.4
5137 0.1 40 0 0 4737 0.0 10 0 0 30 61.1 51.6 51.6
5137 0.1 40 0 0 4737 0.0 10 0 0 60 61.3 51.7 51.7
5137 0.1 40 0 0 4737 0.0 10 0 0 90 61.3 51.9 51.9
5137 0.1 40 0 0 4737 0.0 10 0 0 120 61.3 52.0 52.0
5137 0.1 40 0 0 4737 0.0 10 0 0 150 61.2 52.0 52.0
5137 0.1 40 0 0 4737 0.0 10 0 0 180 61.2 52.0 52.0
5137 0.1 40 0 0 4737 0.0 20 0 0 0 60.8 49.9 49.9
5137 0.1 40 0 0 4737 0.0 20 0 0 30 60.9 50.1 50.1
5137 0.1 40 0 0 4737 0.0 20 0 0 60 61.1 50.1 50.1
5137 0.1 40 0 0 4737 0.0 20 0 0 90 61.1 50.4 50.4
5137 0.1 40 0 0 4737 0.0 20 0 0 120 61.1 50.6 50.6
5137 0.1 40 0 0 4737 0.0 20 0 0 150 61.0 50.5 50.5
5137 0.1 40 0 0 4737 0.0 20 0 0 180 61.0 50.5 50.5
5137 0.1 40 0 0 4737 0.0 30 0 0 0 60.4 46.9 46.9
5137 0.1 40 0 0 4737 0.0 30 0 0 30 60.6 47.0 47.0
5137 0.1 40 0 0 4737 0.0 30 0 0 60 60.7 47.2 47.2
5137 0.1 40 0 0 4737 0.0 30 0 0 90 60.8 47.5 47.5
5137 0.1 40 0 0 4737 0.0 30 0 0 120 60.8 47.7 47.7
5137 0.1 40 0 0 4737 0.0 30 0 0 150 60.7 47.8 47.8
5137 0.1 40 0 0 4737 0.0 30 0 0 180 60.7 47.8 47.8
5137 0.1 40 0 0 4737 0.0 40 0 0 0 59.9 46.7 46.7
5137 0.1 40 0 0 4737 0.0 40 0 0 30 60.1 46.9 46.9
5137 0.1 40 0 0 4737 0.0 40 0 0 60 60.2 47.2 47.2
5137 0.1 40 0 0 4737 0.0 40 0 0 90 60.3 47.3 47.3
5137 0.1 40 0 0 4737 0.0 40 0 0 120 60.2 47.5 47.5
5137 0.1 40 0 0 4737 0.0 40 0 0 150 60.2 47.6 47.6
5137 0.1 40 0 0 4737 0.0 40 0 0 180 60.2 47.7 47.7
5137 0.1 40 0 0 4737 0.0 50 0 0 0 59.0 47.5 47.5
5137 0.1 40 0 0 4737 0.0 50 0 0 30 59.3 47.7 47.7
5137 0.1 40 0 0 4737 0.0 50 0 0 60 59.4 47.8 47.8
5137 0.1 40 0 0 4737 0.0 50 0 0 90 59.5 47.9 47.9
5137 0.1 40 0 0 4737 0.0 50 0 0 120 59.4 48.1 48.1
5137 0.1 40 0 0 4737 0.0 50 0 0 150 59.3 48.2 48.2
5137 0.1 40 0 0 4737 0.0 50 0 0 180 59.4 48.2 48.2
5137 0.1 40 0 0 4737 0.0 60 0 0 0 57.7 49.2 49.2
5137 0.1 40 0 0 4737 0.0 60 0 0 30 58.0 49.2 49.2
5137 0.1 40 0 0 4737 0.0 60 0 0 60 58.1 49.2 49.2
5137 0.1 40 0 0 4737 0.0 60 0 0 90 58.1 49.4 49.4
5137 0.1 40 0 0 4737 0.0 60 0 0 120 58.0 49.4 49.4
5137 0.1 40 0 0 4737 0.0 60 0 0 150 57.9 49.5 49.5
5137 0.1 40 0 0 4737 0.0 60 0 0 180 57.9 49.5 49.5
5137 0.1 40 0 0 4737 0.1 0 0 0 0 60.8 51.6 51.6
5137 0.1 40 0 0 4737 0.1 0 0 0 30 61.0 51.7 51.7
5137 0.1 40 0 0 4737 0.1 0 0 0 60 61.1 51.8 51.8
5137 0.1 40 0 0 4737 0.1 0 0 0 90 61.2 51.9 51.9
5137 0.1 40 0 0 4737 0.1 0 0 0 120 61.2 52.1 52.1
5137 0.1 40 0 0 4737 0.1 0 0 0 150 61.0 52.2 52.2
5137 0.1 40 0 0 4737 0.1 0 0 0 180 61.0 52.3 52.3
5137 0.1 40 0 0 4737 0.1 10 0 0 0 60.7 51.0 51.0
5137 0.1 40 0 0 4737 0.1 10 0 0 30 60.9 51.1 51.1
5137 0.1 40 0 0 4737 0.1 10 0 0 60 61.0 51.2 51.2
5137 0.1 40 0 0 4737 0.1 10 0 0 90 61.1 51.4 51.4
5137 0.1 40 0 0 4737 0.1 10 0 0 120 61.1 51.6 51.6
5137 0.1 40 0 0 4737 0.1 10 0 0 150 61.0 51.6 51.6
5137 0.1 40 0 0 4737 0.1 10 0 0 180 61.0 51.6 51.6
5137 0.1 40 0 0 4737 0.1 20 0 0 0 60.6 49.4 49.4
5137 0.1 40 0 0 4737 0.1 20 0 0 30 60.7 49.5 49.5
5137 0.1 40 0 0 4737 0.1 20 0 0 60 60.8 49.6 49.6
5137 0.1 40 0 0 4737 0.1 20 0 0 90 60.9 49.9 49.9
5137 0.1 40 0 0 4737 0.1 20 0 0 120 60.9 50.0 50.0
5137 0.1 40 0 0 4737 0.1 20 0 0 150 60.8 50.1 50.1
5137 0.1 40 0 0 4737 0.1 20 0 0 180 60.8 50.0 50.0
5137 0.1 40 0 0 4737 0.1 30 0 0 0 60.2 46.4 46.4
5137 0.1 40 0 0 4737 0.1 30 0 0 30 60.4 46.5 46.5
5137 0.1 40 0 0 4737 0.1 30 0 0 60 60.5 46.6 46.6
5137 0.1 40 0 0 4737 0.1 30 0 0 90 60.6 46.8 46.8
5137 0.1 40 0 0 4737 0.1 30 0 0 120 60.6 47.1 47.1
5137 0.1 40 0 0 4737 0.1 30 0 0 150 60.4 47.2 47.2
5137 0.1 40 0 0 4737 0.1 30 0 0 180 60.5 47.3 47.3
5137 0.1 40 0 0 4737 0.1 40 0 0 0 59.7 46.3 46.3
5137 0.1 40 0 0 4737 0.1 40 0 0 30 59.8 46.5 46.5
5137 0.1 40 0 0 4737 0.1 40 0 0 60 60.0 46.6 46.6
5137 0.1 40 0 0 4737 0.1 40 0 0 90 60.1 46.9 46.9
5137 0.1 40 0 0 4737 0.1 40 0 0 120 60.0 47.0 47.0
5137 0.1 40 0 0 4737 0.1 40 0 0 150 59.9 47.1 47.1
5137 0.1 40 0 0 4737 0.1 40 0 0 180 59.9 47.2 47.2
5137 0.1 40 0 0 4737 0.1 50 0 0 0 58.9 47.2 47.2
5137 0.1 40 0 0 4737 0.1 50 0 0 30 59.1 47.4 47.4
5137 0.1 40 0 0 4737 0.1 50 0 0 60 59.2 47.4 47.4
5137 0.1 40 0 0 4737 0.1 50 0 0 90 59.2 47.5 47.5
5137 0.1 40 0 0 4737 0.1 50 0 0 120 59.2 47.7 47.7
5137 0.1 40 0 0 4737 0.1 50 0 0 150 59.1 47.7 47.7
5137 0.1 40 0 0 4737 0.1 50 0 0 180 59.1 47.7 47.7
5137 0.1 40 0 0 4737 0.1 60 0 0 0 57.5 48.7 48.7
5137 0.1 40 0 0 4737 0.1 60 0 0 30 57.8 48.9 48.9
5137 0.1 40 0 0 4737 0.1 60 0 0 60 57.8 48.9 48.9
5137 0.1 40 0 0 4737 0.1 60 0 0 90 57.9 48.9 48.9
5137 0.1 40 0 0 4737 0.1 60 0 0 120 57.7 49.1 49.1
5137 0.1 40 0 0 4737 0.1 60 0 0 150 57.7 49.1 49.1
5137 0.1 40 0 0 4737 0.1 60 0 0 180 57.6 49.0 49.0
5137 0.1 40 0 0 4737 0.2 0 0 0 0 60.6 51.1 51.1
5137 0.1 40 0 0 4737 0.2 0 0 0 30 60.8 51.1 51.1
5137 0.1 40 0 0 4737 0.2 0 0 0 60 60.8 51.3 51.3
5137 0.1 40 0 0 4737 0.2 0 0 0 90 60.9 51.3 51.3
5137 0.1 40 0 0 4737 0.2 0 0 0 120 60.9 51.6 51.6
5137 0.1 40 0 0 4737 0.2 0 0 0 150 60.8 51.8 51.8
5137 0.1 40 0 0 4737 0.2 0 0 0 180 60.8 51.8 51.8
5137 0.1 40 0 0 4737 0.2 10 0 0 0 60.5 50.5 50.5
5137 0.1 40 0 0 4737 0.2 10 0 0 30 60.7 50.5 50.5
5137 0.1 40 0 0 4737 0.2 10 0 0 60 60.8 50.7 50.7
5137 0.1 40 0 0 4737 0.2 10 0 0 90 60.9 50.8 50.8
5137 0.1 40 0 0 4737 0.2 10 0 0 120 60.9 51.0 51.0
5137 0.1 40 0 0 4737 0.2 10 0 0 150 60.8 51.2 51.2
5137 0.1 40 0 0 4737 0.2 10 0 0 180 60.8 51.2 51.2
5137 0.1 40 0 0 4737 0.2 20 0 0 0 60.3 48.8 48.8
5137 0.1 40 0 0 4737 0.2 20 0 0 30 60.5 48.9 48.9
5137 0.1 40 0 0 4737 0.2 20 0 0 60 60.6 49.0 49.0
5137 0.1 40 0 0 4737 0.2 20 0 0 90 60.7 49.1 49.1
5137 0.1 40 0 0 4737 0.2 20 0 0 120 60.7 49.4 49.4
5137 0.1 40 0 0 4737 0.2 20 0 0 150 60.6 49.5 49.5
5137 0.1 40 0 0 4737 0.2 20 0 0 180 60.6 49.5 49.5
5137 0.1 40 0 0 4737 0.2 30 0 0 0 60.0 46.1 46.1
5137 0.1 40 0 0 4737 0.2 30 0 0 30 60.2 46.2 46.2
5137 0.1 40 0 0 4737 0.2 30 0 0 60 60.3 46.3 46.3
5137 0.1 40 0 0 4737 0.2 30 0 0 90 60.4 46.4 46.4
5137 0.1 40 0 0 4737 0.2 30 0 0 120 60.3 46.6 46.6
5137 0.1 40 0 0 4737 0.2 30 0 0 150 60.2 46.7 46.7
5137 0.1 40 0 0 4737 0.2 30 0 0 180 60.2 46.9 46.9
5137 0.1 40 0 0 4737 0.2 40 0 0 0 59.5 46.1 46.1
5137 0.1 40 0 0 4737 0.2 40 0 0 30 59.6 46.2 46.2
5137 0.1 40 0 0 4737 0.2 40 0 0 60 59.7 46.3 46.3
5137 0.1 40 0 0 4737 0.2 40 0 0 90 59.8 46.4 46.4
5137 0.1 40 0 0 4737 0.2 40 0 0 120 59.8 46.5 46.5
5137 0.1 40 0 0 4737 0.2 40 0 0 150 59.7 46.8 46.8
5137 0.1 40 0 0 4737 0.2 40 0 0 180 59.7 46.9 46.9
5137 0.1 40 0 0 4737 0.2 50 0 0 0 58.7 46.8 46.8
5137 0.1 40 0 0 4737 0.2 50 0 0 30 58.8 46.9 46.9
5137 0.1 40 0 0 4737 0.2 50 0 0 60 58.9 47.0 47.0
5137 0.1 40 0 0 4737 0.2 50 0 0 90 59.0 47.1 47.1
5137 0.1 40 0 0 4737 0.2 50 0 0 120 58.9 47.2 47.2
5137 0.1 40 0 0 4737 0.2 50 0 0 150 58.8 47.4 47.4
5137 0.1 40 0 0 4737 0.2 50 0 0 180 58.8 47.4 47.4
5137 0.1 40 0 0 4737 0.2 60 0 0 0 57.4 48.1 48.1
5137 0.1 40 0 0 4737 0.2 60 0 0 30 57.5 48.4 48.4
5137 0.1 40 0 0 4737 0.2 60 0 0 60 57.6 48.4 48.4
5137 0.1 40 0 0 4737 0.2 60 0 0 90 57.5 48.5 48.5
5137 0.1 40 0 0 4737 0.2 60 0 0 120 57.4 48.6 48.6
5137 0.1 40 0 0 4737 0.2 60 0 0 150 57.4 48.7 48.7
5137 0.1 40 0 0 4737 0.2 60 0 0 180 57.3 48.7 48.7
5137 0.1 40 0 0 4737 0.3 0 0 0 0 60.4 50.5 50.5
5137 0.1 40 0 0 4737 0.3 0 0 0 30 60.5 50.6 50.6
5137 0.1 40 0 0 4737 0.3 0 0 0 60 60.6 50.7 50.7
5137 0.1 40 0 0 4737 0.3 0 0 0 90 60.7 50.7 50.7
5137 0.1 40 0 0 4737 0.3 0 0 0 120 60.8 51.0 51.0
5137 0.1 40 0 0 4737 0.3 0 0 0 150 60.7 51.3 51.3
5137 0.1 40 0 0 4737 0.3 0 0 0 180 60.6 51.2 51.2
5137 0.1 40 0 0 4737 0.3 10 0 0 0 60.3 49.9 49.9
5137 0.1 40 0 0 4737 0.3 10 0 0 30 60.5 50.0 50.0
5137 0.1 40 0 0 4737 0.3 10 0 0 60 60.6 50.1 50.1
5137 0.1 40 0 0 4737 0.3 10 0 0 90 60.6 50.1 50.1
5137 0.1 40 0 0 4737 0.3 10 0 0 120 60.7 50.4 50.4
5137 0.1 40 0 0 4737 0.3 10 0 0 150 60.6 50.6 50.6
5137 0.1 40 0 0 4737 0.3 10 0 0 180 60.6 50.7 50.7
5137 0.1 40 0 0 4737 0.3 20 0 0 0 60.2 48.1 48.1
5137 0.1 40 0 0 4737 0.3 20 0 0 30 60.3 48.1 48.1
5137 0.1 40 0 0 4737 0.3 20 0 0 60 60.4 48.1 48.1
5137 0.1 40 0 0 4737 0.3 20 0 0 90 60.4 48.2 48.2
5137 0.1 40 0 0 4737 0.3 20 0 0 120 60.5 48.4 48.4
5137 0.1 40 0 0 4737 0.3 20 0 0 150 60.4 48.7 48.7
5137 0.1 40 0 0 4737 0.3 20 0 0 180 60.4 48.8 48.8
5137 0.1 40 0 0 4737 0.3 30 0 0 0 59.8 45.9 45.9
5137 0.1 40 0 0 4737 0.3 30 0 0 30 60.0 46.0 46.0
5137 0.1 40 0 0 4737 0.3 30 0 0 60 60.0 46.1 46.1
5137 0.1 40 0 0 4737 0.3 30 0 0 90 60.1 46.1 46.1
5137 0.1 40 0 0 4737 0.3 30 0 0 120 60.1 46.3 46.3
5137 0.1 40 0 0 4737 0.3 30 0 0 150 60.0 46.7 46.7
5137 0.1 40 0 0 4737 0.3 30 0 0 180 60.0 46.7 46.7
5137 0.1 40 0 0 4737 0.3 40 0 0 0 59.3 46.0 46.0
5137 0.1 40 0 0 4737 0.3 40 0 0 30 59.4 46.0 46.0
5137 0.1 40 0 0 4737 0.3 40 0 0 60 59.5 46.1 46.1
5137 0.1 40 0 0 4737 0.3 40 0 0 90 59.6 46.2 46.2
5137 0.1 40 0 0 4737 0.3 40 0 0 120 59.5 46.3 46.3
5137 0.1 40 0 0 4737 0.3 40 0 0 150 59.4 46.8 46.8
5137 0.1 40 0 0 4737 0.3 40 0 0 180 59.4 46.8 46.8
5137 0.1 40 0 0 4737 0.3 50 0 0 0 58.5 46.7 46.7
5137 0.1 40 0 0 4737 0.3 50 0 0 30 58.6 46.7 46.7
5137 0.1 40 0 0 4737 0.3 50 0 0 60 58.7 46.8 46.8
5137 0.1 40 0 0 4737 0.3 50 0 0 90 58.7 46.8 46.8
5137 0.1 40 0 0 4737 0.3 50 0 0 120 58.7 47.0 47.0
5137 0.1 40 0 0 4737 0.3 50 0 0 150 58.6 47.3 47.3
5137 0.1 40 0 0 4737 0.3 50 0 0 180 58.5 47.2 47.2
5137 0.1 40 0 0 4737 0.3 60 0 0 0 57.2 47.8 47.8
5137 0.1 40 0 0 4737 0.3 60 0 0 30 57.3 47.9 47.9
5137 0.1 40 0 0 4737 0.3 60 0 0 60 57.3 48.1 48.1
5137 0.1 40 0 0 4737 0.3 60 0 0 90 57.3 48.0 48.0
5137 0.1 40 0 0 4737 0.3 60 0 0 120 57.1 48.2 48.2
5137 0.1 40 0 0 4737 0.3 60 0 0 150 56.9 48.4 48.4
5137 0.1 40 0 0 4737 0.3 60 0 0 180 56.9 48.3 48.3
5137 0.1 40 0 0 4737 0.4 0 0 0 0 60.2 49.9 49.9
5137 0.1 40 0 0 4737 0.4 0 0 0 30 60.3 50.0 50.0
5137 0.1 40 0 0 4737 0.4 0 0 0 60 60.4 50.0 50.0
5137 0.1 40 0 0 4737 0.4 0 0 0 90 60.5 50.1 50.1
5137 0.1 40 0 0 4737 0.4 0 0 0 120 60.5 50.3 50.3
5137 0.1 40 0 0 4737 0.4 0 0 0 150 60.5 50.6 50.6
5137 0.1 40 0 0 4737 0.4 0 0 0 180 60.4 50.5 50.5
5137 0.1 40 0 0 4737 0.4 10 0 0 0 60.1 49.2 49.2
5137 0.1 40 0 0 4737 0.4 10 0 0 30 60.3 49.3 49.3
5137 0.1 40 0 0 4737 0.4 10 0 0 60 60.4 49.4 49.4
5137 0.1 40 0 0 4737 0.4 10 0 0 90 60.4 49.4 49.4
5137 0.1 40 0 0 4737 0.4 10 0 0 120 60.5 49.6 49.6
5137 0.1 40 0 0 4737 0.4 10 0 0 150 60.4 49.9 49.9
5137 0.1 40 0 0 4737 0.4 10 0 0 180 60.3 49.9 49.9
5137 0.1 40 0 0 4737 0.4 20 0 0 0 59.9 47.0 47.0
5137 0.1 40 0 0 4737 0.4 20 0 0 30 60.1 46.9 46.9
5137 0.1 40 0 0 4737 0.4 20 0 0 60 60.2 47.1 47.1
5137 0.1 40 0 0 4737 0.4 20 0 0 90 60.2 47.1 47.1
5137 0.1 40 0 0 4737 0.4 20 0 0 120 60.3 47.3 47.3
5137 0.1 40 0 0 4737 0.4 20 0 0 150 60.2 47.7 47.7
5137 0.1 40 0 0 4737 0.4 20 0 0 180 60.1 47.8 47.8
5137 0.1 40 0 0 4737 0.4 30 0 0 0 59.6 46.1 46.1
5137 0.1 40 0 0 4737 0.4 30 0 0 30 59.7 46.1 46.1
5137 0.1 40 0 0 4737 0.4 30 0 0 60 59.8 46.1 46.1
5137 0.1 40 0 0 4737 0.4 30 0 0 90 59.9 46.1 46.1
5137 0.1 40 0 0 4737 0.4 30 0 0 120 59.9 46.2 46.2
5137 0.1 40 0 0 4737 0.4 30 0 0 150 59.8 46.5 46.5
5137 0.1 40 0 0 4737 0.4 30 0 0 180 59.7 46.7 46.7
5137 0.1 40 0 0 4737 0.4 40 0 0 0 59.1 46.1 46.1
5137 0.1 40 0 0 4737 0.4 40 0 0 30 59.2 46.1 46.1
5137 0.1 40 0 0 4737 0.4 40 0 0 60 59.3 46.2 46.2
5137 0.1 40 0 0 4737 0.4 40 0 0 90 59.3 46.1 46.1
5137 0.1 40 0 0 4737 0.4 40 0 0 120 59.3 46.2 46.2
5137 0.1 40 0 0 4737 0.4 40 0 0 150 59.2 46.5 46.5
5137 0.1 40 0 0 4737 0.4 40 0 0 180 59.1 46.7 46.7
5137 0.1 40 0 0 4737 0.4 50 0 0 0 58.3 46.6 46.6
5137 0.1 40 0 0 4737 0.4 50 0 0 30 58.4 46.7 46.7
5137 0.1 40 0 0 4737 0.4 50 0 0 60 58.4 46.7 46.7
5137 0.1 40 0 0 4737 0.4 50 0 0 90 58.5 46.7 46.7
5137 0.1 40 0 0 4737 0.4 50 0 0 120 58.4 46.9 46.9
5137 0.1 40 0 0 4737 0.4 50 0 0 150 58.3 47.2 47.2
5137 0.1 40 0 0 4737 0.4 50 0 0 180 58.2 47.2 47.2
5137 0.1 40 0 0 4737 0.4 60 0 0 0 56.9 47.5 47.5
5137 0.1 40 0 0 4737 0.4 60 0 0 30 57.0 47.6 47.6
5137 0.1 40 0 0 4737 0.4 60 0 0 60 56.9 47.7 47.7
5137 0.1 40 0 0 4737 0.4 60 0 0 90 56.8 47.8 47.8
5137 0.1 40 0 0 4737 0.4 60 0 0 120 56.6 47.9 47.9
5137 0.1 40 0 0 4737 0.4 60 0 0 150 56.3 48.1 48.1
5137 0.1 40 0 0 4737 0.4 60 0 0 180 56.3 48.0 48.0
5137 0.1 40 0 0 4737 0.5 0 0 0 0 60.0 48.9 48.9
5137 0.1 40 0 0 4737 0.5 0 0 0 30 60.1 49.0 49.0
5137 0.1 40 0 0 4737 0.5 0 0 0 60 60.2 48.9 48.9
5137 0.1 40 0 0 4737 0.5 0 0 0 90 60.2 49.0 49.0
5137 0.1 40 0 0 4737 0.5 0 0 0 120 60.3 49.2 49.2
5137 0.1 40 0 0 4737 0.5 0 0 0 150 60.2 49.5 49.5
5137 0.1 40 0 0 4737 0.5 0 0 0 180 60.1 49.5 49.5
5137 0.1 40 0 0 4737 0.5 10 0 0 0 59.9 48.0 48.0
5137 0.1 40 0 0 4737 0.5 10 0 0 30 60.0 48.0 48.0
5137 0.1 40 0 0 4737 0.5 10 0 0 60 60.1 48.1 48.1
5137 0.1 40 0 0 4737 0.5 10 0 0 90 60.2 48.1 48.1
5137 0.1 40 0 0 4737 0.5 10 0 0 120 60.2 48.2 48.2
5137 0.1 40 0 0 4737 0.5 10 0 0 150 60.2 48.6 48.6
5137 0.1 40 0 0 4737 0.5 10 0 0 180 60.0 48.7 48.7
5137 0.1 40 0 0 4737 0.5 20 0 0 0 59.7 46.8 46.8
5137 0.1 40 0 0 4737 0.5 20 0 0 30 59.8 46.9 46.9
5137 0.1 40 0 0 4737 0.5 20 0 0 60 59.9 46.9 46.9
5137 0.1 40 0 0 4737 0.5 20 0 0 90 60.0 46.9 46.9
5137 0.1 40 0 0 4737 0.5 20 0 0 120 60.0 47.1 47.1
5137 0.1 40 0 0 4737 0.5 20 0 0 150 59.9 47.5 47.5
5137 0.1 40 0 0 4737 0.5 20 0 0 180 59.8 47.5 47.5
5137 0.1 40 0 0 4737 0.5 30 0 0 0 59.4 46.4 46.4
5137 0.1 40 0 0 4737 0.5 30 0 0 30 59.4 46.4 46.4
5137 0.1 40 0 0 4737 0.5 30 0 0 60 59.5 46.4 46.4
5137 0.1 40 0 0 4737 0.5 30 0 0 90 59.6 46.4 46.4
5137 0.1 40 0 0 4737 0.5 30 0 0 120 59.6 46.5 46.5
5137 0.1 40 0 0 4737 0.5 30 0 0 150 59.5 46.8 46.8
5137 0.1 40 0 0 4737 0.5 30 0 0 180 59.4 46.8 46.8
5137 0.1 40 0 0 4737 0.5 40 0 0 0 58.9 46.4 46.4
5137 0.1 40 0 0 4737 0.5 40 0 0 30 58.9 46.4 46.4
5137 0.1 40 0 0 4737 0.5 40 0 0 60 59.0 46.4 46.4
5137 0.1 40 0 0 4737 0.5 40 0 0 90 59.1 46.4 46.4
5137 0.1 40 0 0 4737 0.5 40 0 0 120 59.0 46.5 46.5
5137 0.1 40 0 0 4737 0.5 40 0 0 150 58.9 46.8 46.8
5137 0.1 40 0 0 4737 0.5 40 0 0 180 58.8 46.8 46.8
5137 0.1 40 0 0 4737 0.5 50 0 0 0 58.1 46.8 46.8
5137 0.1 40 0 0 4737 0.5 50 0 0 30 58.1 46.8 46.8
5137 0.1 40 0 0 4737 0.5 50 0 0 60 58.1 46.8 46.8
5137 0.1 40 0 0 4737 0.5 50 0 0 90 58.1 46.7 46.7
5137 0.1 40 0 0 4737 0.5 50 0 0 120 58.0 46.8 46.8
5137 0.1 40 0 0 4737 0.5 50 0 0 150 57.8 47.1 47.1
5137 0.1 40 0 0 4737 0.5 50 0 0 180 57.7 47.1 47.1
5137 0.1 40 0 0 4737 0.5 60 0 0 0 56.8 47.3 47.3
5137 0.1 40 0 0 4737 0.5 60 0 0 30 56.8 47.3 47.3
5137 0.1 40 0 0 4737 0.5 60 0 0 60 56.9 47.4 47.4
5137 0.1 40 0 0 4737 0.5 60 0 0 90 56.9 47.4 47.4
5137 0.1 40 0 0 4737 0.5 60 0 0 120 56.6 47.7 47.7
5137 0.1 40 0 0 4737 0.5 60 0 0 150 56.1 47.9 47.9
5137 0.1 40 0 0 4737 0.5 60 0 0 180 55.9 47.8 47.8
5137 0.1 40 0 0 4937 0.0 0 0 0 0 61.3 53.2 53.2
5137 0.1 40 0 0 4937 0.0 0 0 0 30 61.8 53.4 53.4
5137 0.1 40 0 0 4937 0.0 0 0 0 60 62.1 53.6 53.6
5137 0.1 40 0 0 4937 0.0 0 0 0 90 62.3 53.7 53.7
5137 0.1 40 0 0 4937 0.0 0 0 0 120 62.3 53.6 53.6
5137 0.1 40 0 0 4937 0.0 0 0 0 150 62.0 53.3 53.3
5137 0.1 40 0 0 4937 0.0 0 0 0 180 61.7 52.8 52.8
5137 0.1 40 0 0 4937 0.0 10 0 0 0 61.2 52.4 52.4
5137 0.1 40 0 0 4937 0.0 10 0 0 30 61.7 52.8 52.8
5137 0.1 40 0 0 4937 0.0 10 0 0 60 62.1 53.1 53.1
5137 0.1 40 0 0 4937 0.0 10 0 0 90 62.3 53.2 53.2
5137 0.1 40 0 0 4937 0.0 10 0 0 120 62.2 53.2 53.2
5137 0.1 40 0 0 4937 0.0 10 0 0 150 62.0 52.9 52.9
5137 0.1 40 0 0 4937 0.0 10 0 0 180 61.7 52.5 52.5
5137 0.1 40 0 0 4937 0.0 20 0 0 0 61.1 50.8 50.8
5137 0.1 40 0 0 4937 0.0 20 0 0 30 61.6 51.3 51.3
5137 0.1 40 0 0 4937 0.0 20 0 0 60 61.9 51.6 51.6
5137 0.1 40 0 0 4937 0.0 20 0 0 90 62.1 51.9 51.9
5137 0.1 40 0 0 4937 0.0 20 0 0 120 62.0 51.9 51.9
5137 0.1 40 0 0 4937 0.0 20 0 0 150 61.8 51.7 51.7
5137 0.1 40 0 0 4937 0.0 20 0 0 180 61.5 51.2 51.2
5137 0.1 40 0 0 4937 0.0 30 0 0 0 60.8 47.7 47.7
5137 0.1 40 0 0 4937 0.0 30 0 0 30 61.2 48.1 48.1
5137 0.1 40 0 0 4937 0.0 30 0 0 60 61.6 48.5 48.5
5137 0.1 40 0 0 4937 0.0 30 0 0 90 61.7 48.7 48.7
5137 0.1 40 0 0 4937 0.0 30 0 0 120 61.7 48.8 48.8
5137 0.1 40 0 0 4937 0.0 30 0 0 150 61.5 48.6 48.6
5137 0.1 40 0 0 4937 0.0 30 0 0 180 61.2 48.3 48.3
5137 0.1 40 0 0 4937 0.0 40 0 0 0 60.3 47.4 47.4
5137 0.1 40 0 0 4937 0.0 40 0 0 30 60.8 48.0 48.0
5137 0.1 40 0 0 4937 0.0 40 0 0 60 61.1 48.4 48.4
5137 0.1 40 0 0 4937 0.0 40 0 0 90 61.2 48.7 48.7
5137 0.1 40 0 0 4937 0.0 40 0 0 120 61.2 48.7 48.7
5137 0.1 40 0 0 4937 0.0 40 0 0 150 61.0 48.6 48.6
5137 0.1 40 0 0 4937 0.0 40 0 0 180 60.7 48.2 48.2
5137 0.1 40 0 0 4937 0.0 50 0 0 0 59.5 47.8 47.8
5137 0.1 40 0 0 4937 0.0 50 0 0 30 60.1 48.6 48.6
5137 0.1 40 0 0 4937 0.0 50 0 0 60 60.4 49.3 49.3
5137 0.1 40 0 0 4937 0.0 50 0 0 90 60.5 49.6 49.6
5137 0.1 40 0 0 4937 0.0 50 0 0 120 60.5 49.6 49.6
5137 0.1 40 0 0 4937 0.0 50 0 0 150 60.2 49.4 49.4
5137 0.1 40 0 0 4937 0.0 50 0 0 180 59.9 49.1 49.1
5137 0.1 40 0 0 4937 0.0 60 0 0 0 58.3 48.9 48.9
5137 0.1 40 0 0 4937 0.0 60 0 0 30 58.8 49.6 49.6
5137 0.1 40 0 0 4937 0.0 60 0 0 60 59.0 50.4 50.4
5137 0.1 40 0 0 4937 0.0 60 0 0 90 59.1 51.1 51.1
5137 0.1 40 0 0 4937 0.0 60 0 0 120 59.1 51.4 51.4
5137 0.1 40 0 0 4937 0.0 60 0 0 150 58.9 51.2 51.2
5137 0.1 40 0 0 4937 0.0 60 0 0 180 58.6 50.8 50.8
5137 0.1 40 0 0 4937 0.1 0 0 0 0 61.1 52.6 52.6
5137 0.1 40 0 0 4937 0.1 0 0 0 30 61.5 53.0 53.0
5137 0.1 40 0 0 4937 0.1 0 0 0 60 61.9 53.2 53.2
5137 0.1 40 0 0 4937 0.1 0 0 0 90 62.1 53.4 53.4
5137 0.1 40 0 0 4937 0.1 0 0 0 120 62.1 53.4 53.4
5137 0.1 40 0 0 4937 0.1 0 0 0 150 61.9 53.1 53.1
5137 0.1 40 0 0 4937 0.1 0 0 0 180 61.5 52.4 52.4
5137 0.1 40 0 0 4937 0.1 10 0 0 0 61.1 51.9 51.9
5137 0.1 40 0 0 4937 0.1 10 0 0 30 61.5 52.4 52.4
5137 0.1 40 0 0 4937 0.1 10 0 0 60 61.8 52.7 52.7
5137 0.1 40 0 0 4937 0.1 10 0 0 90 62.0 52.9 52.9
5137 0.1 40 0 0 4937 0.1 10 0 0 120 62.0 52.9 52.9
5137 0.1 40 0 0 4937 0.1 10 0 0 150 61.8 52.7 52.7
5137 0.1 40 0 0 4937 0.1 10 0 0 180 61.4 52.0 52.0
5137 0.1 40 0 0 4937 0.1 20 0 0 0 60.9 50.5 50.5
5137 0.1 40 0 0 4937 0.1 20 0 0 30 61.3 51.0 51.0
5137 0.1 40 0 0 4937 0.1 20 0 0 60 61.6 51.2 51.2
5137 0.1 40 0 0 4937 0.1 20 0 0 90 61.8 51.5 51.5
5137 0.1 40 0 0 4937 0.1 20 0 0 120 61.9 51.6 51.6
5137 0.1 40 0 0 4937 0.1 20 0 0 150 61.6 51.3 51.3
5137 0.1 40 0 0 4937 0.1 20 0 0 180 61.2 50.7 50.7
5137 0.1 40 0 0 4937 0.1 30 0 0 0 60.6 47.4 47.4
5137 0.1 40 0 0 4937 0.1 30 0 0 30 61.1 47.9 47.9
5137 0.1 40 0 0 4937 0.1 30 0 0 60 61.3 48.2 48.2
5137 0.1 40 0 0 4937 0.1 30 0 0 90 61.5 48.4 48.4
5137 0.1 40 0 0 4937 0.1 30 0 0 120 61.5 48.5 48.5
5137 0.1 40 0 0 4937 0.1 30 0 0 150 61.3 48.3 48.3
5137 0.1 40 0 0 4937 0.1 30 0 0 180 60.9 47.7 47.7
5137 0.1 40 0 0 4937 0.1 40 0 0 0 60.1 47.0 47.0
5137 0.1 40 0 0 4937 0.1 40 0 0 30 60.6 47.6 47.6
5137 0.1 40 0 0 4937 0.1 40 0 0 60 60.9 48.1 48.1
5137 0.1 40 0 0 4937 0.1 40 0 0 90 61.0 48.4 48.4
5137 0.1 40 0 0 4937 0.1 40 0 0 120 61.0 48.5 48.5
5137 0.1 40 0 0 4937 0.1 40 0 0 150 60.8 48.2 48.2
5137 0.1 40 0 0 4937 0.1 40 0 0 180 60.4 47.7 47.7
5137 0.1 40 0 0 4937 0.1 50 0 0 0 59.4 47.3 47.3
5137 0.1 40 0 0 4937 0.1 50 0 0 30 59.9 48.0 48.0
5137 0.1 40 0 0 4937 0.1 50 0 0 60 60.1 48.7 48.7
5137 0.1 40 0 0 4937 0.1 50 0 0 90 60.2 49.2 49.2
5137 0.1 40 0 0 4937 0.1 50 0 0 120 60.3 49.4 49.4
5137 0.1 40 0 0 4937 0.1 50 0 0 150 60.0 49.2 49.2
5137 0.1 40 0 0 4937 0.1 50 0 0 180 59.6 48.7 48.7
5137 0.1 40 0 0 4937 0.1 60 0 0 0 58.1 48.4 48.4
5137 0.1 40 0 0 4937 0.1 60 0 0 30 58.5 49.0 49.0
5137 0.1 40 0 0 4937 0.1 60 0 0 60 58.8 49.6 49.6
5137 0.1 40 0 0 4937 0.1 60 0 0 90 58.9 50.4 50.4
5137 0.1 40 0 0 4937 0.1 60 0 0 120 58.9 51.0 51.0
5137 0.1 40 0 0 4937 0.1 60 0 0 150 58.8 50.9 50.9
5137 0.1 40 0 0 4937 0.1 60 0 0 180 58.4 50.4 50.4
5137 0.1 40 0 0 4937 0.2 0 0 0 0 61.1 52.0 52.0
5137 0.1 40 0 0 4937 0.2 0 0 0 30 61.4 52.5 52.5
5137 0.1 40 0 0 4937 0.2 0 0 0 60 61.6 52.8 52.8
5137 0.1 40 0 0 4937 0.2 0 0 0 90 61.8 53.0 53.0
5137 0.1 40 0 0 4937 0.2 0 0 0 120 61.9 53.1 53.1
5137 0.1 40 0 0 4937 0.2 0 0 0 150 61.6 52.8 52.8
5137 0.1 40 0 0 4937 0.2 0 0 0 180 61.2 52.0 52.0
5137 0.1 40 0 0 4937 0.2 10 0 0 0 61.0 51.5 51.5
5137 0.1 40 0 0 4937 0.2 10 0 0 30 61.3 51.9 51.9
5137 0.1 40 0 0 4937 0.2 10 0 0 60 61.6 52.3 52.3
5137 0.1 40 0 0 4937 0.2 10 0 0 90 61.8 52.5 52.5
5137 0.1 40 0 0 4937 0.2 10 0 0 120 61.8 52.6 52.6
5137 0.1 40 0 0 4937 0.2 10 0 0 150 61.6 52.3 52.3
5137 0.1 40 0 0 4937 0.2 10 0 0 180 61.2 51.5 51.5
5137 0.1 40 0 0 4937 0.2 20 0 0 0 60.8 50.0 50.0
5137 0.1 40 0 0 4937 0.2 20 0 0 30 61.2 50.5 50.5
5137 0.1 40 0 0 4937 0.2 20 0 0 60 61.4 50.8 50.8
5137 0.1 40 0 0 4937 0.2 20 0 0 90 61.6 51.1 51.1
5137 0.1 40 0 0 4937 0.2 20 0 0 120 61.6 51.2 51.2
5137 0.1 40 0 0 4937 0.2 20 0 0 150 61.4 50.9 50.9
5137 0.1 40 0 0 4937 0.2 20 0 0 180 61.0 50.2 50.2
5137 0.1 40 0 0 4937 0.2 30 0 0 0 60.5 47.1 47.1
5137 0.1 40 0 0 4937 0.2 30 0 0 30 60.9 47.6 47.6
5137 0.1 40 0 0 4937 0.2 30 0 0 60 61.1 48.0 48.0
5137 0.1 40 0 0 4937 0.2 30 0 0 90 61.3 48.2 48.2
5137 0.1 40 0 0 4937 0.2 30 0 0 120 61.3 48.4 48.4
5137 0.1 40 0 0 4937 0.2 30 0 0 150 61.1 48.1 48.1
5137 0.1 40 0 0 4937 0.2 30 0 0 180 60.6 47.4 47.4
5137 0.1 40 0 0 4937 0.2 40 0 0 0 60.1 46.7 46.7
5137 0.1 40 0 0 4937 0.2 40 0 0 30 60.4 47.2 47.2
5137 0.1 40 0 0 4937 0.2 40 0 0 60 60.7 47.8 47.8
5137 0.1 40 0 0 4937 0.2 40 0 0 90 60.8 48.2 48.2
5137 0.1 40 0 0 4937 0.2 40 0 0 120 60.8 48.4 48.4
5137 0.1 40 0 0 4937 0.2 40 0 0 150 60.6 48.2 48.2
5137 0.1 40 0 0 4937 0.2 40 0 0 180 60.1 47.5 47.5
5137 0.1 40 0 0 4937 0.2 50 0 0 0 59.3 46.8 46.8
5137 0.1 40 0 0 4937 0.2 50 0 0 30 59.7 47.4 47.4
5137 0.1 40 0 0 4937 0.2 50 0 0 60 59.9 48.1 48.1
5137 0.1 40 0 0 4937 0.2 50 0 0 90 60.1 48.9 48.9
5137 0.1 40 0 0 4937 0.2 50 0 0 120 60.1 49.3 49.3
5137 0.1 40 0 0 4937 0.2 50 0 0 150 59.8 49.1 49.1
5137 0.1 40 0 0 4937 0.2 50 0 0 180 59.3 48.4 48.4
5137 0.1 40 0 0 4937 0.2 60 0 0 0 57.9 47.9 47.9
5137 0.1 40 0 0 4937 0.2 60 0 0 30 58.3 48.4 48.4
5137 0.1 40 0 0 4937 0.2 60 0 0 60 58.5 49.0 49.0
5137 0.1 40 0 0 4937 0.2 60 0 0 90 58.7 49.7 49.7
5137 0.1 40 0 0 4937 0.2 60 0 0 120 58.7 50.5 50.5
5137 0.1 40 0 0 4937 0.2 60 0 0 150 58.6 50.7 50.7
5137 0.1 40 0 0 4937 0.2 60 0 0 180 58.2 50.0 50.0
5137 0.1 40 0 0 4937 0.3 0 0 0 0 61.0 51.6 51.6
5137 0.1 40 0 0 4937 0.3 0 0 0 30 61.2 52.0 52.0
5137 0.1 40 0 0 4937 0.3 0 0 0 60 61.4 52.4 52.4
5137 0.1 40 0 0 4937 0.3 0 0 0 90 61.6 52.7 52.7
5137 0.1 40 0 0 4937 0.3 0 0 0 120 61.6 52.8 52.8
5137 0.1 40 0 0 4937 0.3 0 0 0 150 61.4 52.5 52.5
5137 0.1 40 0 0 4937 0.3 0 0 0 180 60.9 51.4 51.4
5137 0.1 40 0 0 4937 0.3 10 0 0 0 60.9 51.0 51.0
5137 0.1 40 0 0 4937 0.3 10 0 0 30 61.2 51.5 51.5
5137 0.1 40 0 0 4937 0.3 10 0 0 60 61.4 51.9 51.9
5137 0.1 40 0 0 4937 0.3 10 0 0 90 61.5 52.1 52.1
5137 0.1 40 0 0 4937 0.3 10 0 0 120 61.6 52.2 52.2
5137 0.1 40 0 0 4937 0.3 10 0 0 150 61.4 52.0 52.0
5137 0.1 40 0 0 4937 0.3 10 0 0 180 60.9 50.9 50.9
5137 0.1 40 0 0 4937 0.3 20 0 0 0 60.7 49.4 49.4
5137 0.1 40 0 0 4937 0.3 20 0 0 30 61.0 50.0 50.0
5137 0.1 40 0 0 4937 0.3 20 0 0 60 61.2 50.4 50.4
5137 0.1 40 0 0 4937 0.3 20 0 0 90 61.4 50.6 50.6
5137 0.1 40 0 0 4937 0.3 20 0 0 120 61.4 50.7 50.7
5137 0.1 40 0 0 4937 0.3 20 0 0 150 61.2 50.5 50.5
5137 0.1 40 0 0 4937 0.3 20 0 0 180 60.7 49.4 49.4
5137 0.1 40 0 0 4937 0.3 30 0 0 0 60.4 46.9 46.9
5137 0.1 40 0 0 4937 0.3 30 0 0 30 60.7 47.4 47.4
5137 0.1 40 0 0 4937 0.3 30 0 0 60 60.9 48.0 48.0
5137 0.1 40 0 0 4937 0.3 30 0 0 90 61.1 48.3 48.3
5137 0.1 40 0 0 4937 0.3 30 0 0 120 61.1 48.4 48.4
5137 0.1 40 0 0 4937 0.3 30 0 0 150 60.9 48.2 48.2
5137 0.1 40 0 0 4937 0.3 30 0 0 180 60.3 47.1 47.1
5137 0.1 40 0 0 4937 0.3 40 0 0 0 59.9 46.4 46.4
5137 0.1 40 0 0 4937 0.3 40 0 0 30 60.2 46.9 46.9
5137 0.1 40 0 0 4937 0.3 40 0 0 60 60.5 47.6 47.6
5137 0.1 40 0 0 4937 0.3 40 0 0 90 60.6 48.2 48.2
5137 0.1 40 0 0 4937 0.3 40 0 0 120 60.7 48.4 48.4
5137 0.1 40 0 0 4937 0.3 40 0 0 150 60.4 48.2 48.2
5137 0.1 40 0 0 4937 0.3 40 0 0 180 59.8 47.3 47.3
5137 0.1 40 0 0 4937 0.3 50 0 0 0 59.1 46.4 46.4
5137 0.1 40 0 0 4937 0.3 50 0 0 30 59.4 46.9 46.9
5137 0.1 40 0 0 4937 0.3 50 0 0 60 59.7 47.6 47.6
5137 0.1 40 0 0 4937 0.3 50 0 0 90 59.9 48.3 48.3
5137 0.1 40 0 0 4937 0.3 50 0 0 120 60.0 49.0 49.0
5137 0.1 40 0 0 4937 0.3 50 0 0 150 59.7 49.0 49.0
5137 0.1 40 0 0 4937 0.3 50 0 0 180 59.0 48.2 48.2
5137 0.1 40 0 0 4937 0.3 60 0 0 0 57.6 47.5 47.5
5137 0.1 40 0 0 4937 0.3 60 0 0 30 58.0 47.9 47.9
5137 0.1 40 0 0 4937 0.3 60 0 0 60 58.2 48.4 48.4
5137 0.1 40 0 0 4937 0.3 60 0 0 90 58.4 49.1 49.1
5137 0.1 40 0 0 4937 0.3 60 0 0 120 58.4 49.8 49.8
5137 0.1 40 0 0 4937 0.3 60 0 0 150 58.4 50.3 50.3
5137 0.1 40 0 0 4937 0.3 60 0 0 180 58.0 49.6 49.6
5137 0.1 40 0 0 4937 0.4 0 0 0 0 60.9 51.2 51.2
5137 0.1 40 0 0 4937 0.4 0 0 0 30 61.1 51.6 51.6
5137 0.1 40 0 0 4937 0.4 0 0 0 60 61.3 52.0 52.0
5137 0.1 40 0 0 4937 0.4 0 0 0 90 61.4 52.3 52.3
5137 0.1 40 0 0 4937 0.4 0 0 0 120 61.5 52.5 52.5
5137 0.1 40 0 0 4937 0.4 0 0 0 150 61.2 52.2 52.2
5137 0.1 40 0 0 4937 0.4 0 0 0 180 60.5 50.6 50.6
5137 0.1 40 0 0 4937 0.4 10 0 0 0 60.8 50.6 50.6
5137 0.1 40 0 0 4937 0.4 10 0 0 30 61.1 51.0 51.0
5137 0.1 40 0 0 4937 0.4 10 0 0 60 61.2 51.4 51.4
5137 0.1 40 0 0 4937 0.4 10 0 0 90 61.4 51.7 51.7
5137 0.1 40 0 0 4937 0.4 10 0 0 120 61.5 51.9 51.9
5137 0.1 40 0 0 4937 0.4 10 0 0 150 61.2 51.6 51.6
5137 0.1 40 0 0 4937 0.4 10 0 0 180 60.5 50.2 50.2
5137 0.1 40 0 0 4937 0.4 20 0 0 0 60.6 48.4 48.4
5137 0.1 40 0 0 4937 0.4 20 0 0 30 60.9 48.8 48.8
5137 0.1 40 0 0 4937 0.4 20 0 0 60 61.1 49.3 49.3
5137 0.1 40 0 0 4937 0.4 20 0 0 90 61.2 49.6 49.6
5137 0.1 40 0 0 4937 0.4 20 0 0 120 61.3 49.8 49.8
5137 0.1 40 0 0 4937 0.4 20 0 0 150 61.0 49.5 49.5
5137 0.1 40 0 0 4937 0.4 20 0 0 180 60.3 48.2 48.2
5137 0.1 40 0 0 4937 0.4 30 0 0 0 60.3 46.9 46.9
5137 0.1 40 0 0 4937 0.4 30 0 0 30 60.6 47.4 47.4
5137 0.1 40 0 0 4937 0.4 30 0 0 60 60.8 47.9 47.9
5137 0.1 40 0 0 4937 0.4 30 0 0 90 60.9 48.4 48.4
5137 0.1 40 0 0 4937 0.4 30 0 0 120 61.0 48.7 48.7
5137 0.1 40 0 0 4937 0.4 30 0 0 150 60.7 48.4 48.4
5137 0.1 40 0 0 4937 0.4 30 0 0 180 60.0 47.1 47.1
5137 0.1 40 0 0 4937 0.4 40 0 0 0 59.8 46.4 46.4
5137 0.1 40 0 0 4937 0.4 40 0 0 30 60.1 46.8 46.8
5137 0.1 40 0 0 4937 0.4 40 0 0 60 60.3 47.3 47.3
5137 0.1 40 0 0 4937 0.4 40 0 0 90 60.5 48.0 48.0
5137 0.1 40 0 0 4937 0.4 40 0 0 120 60.6 48.6 48.6
5137 0.1 40 0 0 4937 0.4 40 0 0 150 60.3 48.5 48.5
5137 0.1 40 0 0 4937 0.4 40 0 0 180 59.5 47.3 47.3
5137 0.1 40 0 0 4937 0.4 50 0 0 0 59.0 46.5 46.5
5137 0.1 40 0 0 4937 0.4 50 0 0 30 59.2 46.8 46.8
5137 0.1 40 0 0 4937 0.4 50 0 0 60 59.5 47.2 47.2
5137 0.1 40 0 0 4937 0.4 50 0 0 90 59.7 47.9 47.9
5137 0.1 40 0 0 4937 0.4 50 0 0 120 59.8 48.7 48.7
5137 0.1 40 0 0 4937 0.4 50 0 0 150 59.6 49.1 49.1
5137 0.1 40 0 0 4937 0.4 50 0 0 180 58.8 48.0 48.0
5137 0.1 40 0 0 4937 0.4 60 0 0 0 57.1 47.2 47.2
5137 0.1 40 0 0 4937 0.4 60 0 0 30 57.4 47.5 47.5
5137 0.1 40 0 0 4937 0.4 60 0 0 60 57.7 47.9 47.9
5137 0.1 40 0 0 4937 0.4 60 0 0 90 57.9 48.5 48.5
5137 0.1 40 0 0 4937 0.4 60 0 0 120 57.9 49.3 49.3
5137 0.1 40 0 0 4937 0.4 60 0 0 150 57.9 50.0 50.0
5137 0.1 40 0 0 4937 0.4 60 0 0 180 57.7 49.2 49.2
5137 0.1 40 0 0 4937 0.5 0 0 0 0 60.8 50.6 50.6
5137 0.1 40 0 0 4937 0.5 0 0 0 30 61.0 50.9 50.9
5137 0.1 40 0 0 4937 0.5 0 0 0 60 61.2 51.3 51.3
5137 0.1 40 0 0 4937 0.5 0 0 0 90 61.3 51.8 51.8
5137 0.1 40 0 0 4937 0.5 0 0 0 120 61.4 52.0 52.0
5137 0.1 40 0 0 4937 0.5 0 0 0 150 61.2 51.7 51.7
5137 0.1 40 0 0 4937 0.5 0 0 0 180 60.2 49.5 49.5
5137 0.1 40 0 0 4937 0.5 10 0 0 0 60.8 49.8 49.8
5137 0.1 40 0 0 4937 0.5 10 0 0 30 60.9 50.1 50.1
5137 0.1 40 0 0 4937 0.5 10 0 0 60 61.1 50.5 50.5
5137 0.1 40 0 0 4937 0.5 10 0 0 90 61.3 51.0 51.0
5137 0.1 40 0 0 4937 0.5 10 0 0 120 61.4 51.2 51.2
5137 0.1 40 0 0 4937 0.5 10 0 0 150 61.1 50.8 50.8
5137 0.1 40 0 0 4937 0.5 10 0 0 180 60.1 48.8 48.8
5137 0.1 40 0 0 4937 0.5 20 0 0 0 60.6 48.2 48.2
5137 0.1 40 0 0 4937 0.5 20 0 0 30 60.8 48.5 48.5
5137 0.1 40 0 0 4937 0.5 20 0 0 60 60.9 49.0 49.0
5137 0.1 40 0 0 4937 0.5 20 0 0 90 61.1 49.5 49.5
5137 0.1 40 0 0 4937 0.5 20 0 0 120 61.2 49.9 49.9
5137 0.1 40 0 0 4937 0.5 20 0 0 150 61.0 49.5 49.5
5137 0.1 40 0 0 4937 0.5 20 0 0 180 59.9 47.6 47.6
5137 0.1 40 0 0 4937 0.5 30 0 0 0 60.2 47.0 47.0
5137 0.1 40 0 0 4937 0.5 30 0 0 30 60.4 47.4 47.4
5137 0.1 40 0 0 4937 0.5 30 0 0 60 60.6 47.9 47.9
5137 0.1 40 0 0 4937 0.5 30 0 0 90 60.8 48.5 48.5
5137 0.1 40 0 0 4937 0.5 30 0 0 120 60.9 49.2 49.2
5137 0.1 40 0 0 4937 0.5 30 0 0 150 60.7 49.0 49.0
5137 0.1 40 0 0 4937 0.5 30 0 0 180 59.6 47.2 47.2
5137 0.1 40 0 0 4937 0.5 40 0 0 0 59.6 46.5 46.5
5137 0.1 40 0 0 4937 0.5 40 0 0 30 59.9 46.9 46.9
5137 0.1 40 0 0 4937 0.5 40 0 0 60 60.1 47.3 47.3
5137 0.1 40 0 0 4937 0.5 40 0 0 90 60.3 47.9 47.9
5137 0.1 40 0 0 4937 0.5 40 0 0 120 60.4 48.7 48.7
5137 0.1 40 0 0 4937 0.5 40 0 0 150 60.2 49.0 49.0
5137 0.1 40 0 0 4937 0.5 40 0 0 180 59.1 47.4 47.4
5137 0.1 40 0 0 4937 0.5 50 0 0 0 58.7 46.6 46.6
5137 0.1 40 0 0 4937 0.5 50 0 0 30 58.9 46.9 46.9
5137 0.1 40 0 0 4937 0.5 50 0 0 60 59.1 47.2 47.2
5137 0.1 40 0 0 4937 0.5 50 0 0 90 59.4 47.7 47.7
5137 0.1 40 0 0 4937 0.5 50 0 0 120 59.6 48.5 48.5
5137 0.1 40 0 0 4937 0.5 50 0 0 150 59.4 49.3 49.3
5137 0.1 40 0 0 4937 0.5 50 0 0 180 58.5 47.9 47.9
5137 0.1 40 0 0 4937 0.5 60 0 0 0 56.8 47.0 47.0
5137 0.1 40 0 0 4937 0.5 60 0 0 30 57.0 47.3 47.3
5137 0.1 40 0 0 4937 0.5 60 0 0 60 57.3 47.6 47.6
5137 0.1 40 0 0 4937 0.5 60 0 0 90 57.6 48.0 48.0
5137 0.1 40 0 0 4937 0.5 60 0 0 120 57.7 48.8 48.8
5137 0.1 40 0 0 4937 0.5 60 0 0 150 57.7 49.7 49.7
5137 0.1 40 0 0 4937 0.5 60 0 0 180 57.3 48.9 48.9
5137 0.1 40 0 0 5137 0.0 0 0 0 0 41.1 41.3 41.3
5137 0.1 40 0 0 5137 0.0 0 0 0 30 48.5 44.6 44.6
5137 0.1 40 0 0 5137 0.0 0 0 0 60 56.8 50.3 50.3
5137 0.1 40 0 0 5137 0.0 0 0 0 90 65.1 56.1 56.1
5137 0.1 40 0 0 5137 0.0 0 0 0 120 72.9 61.0 61.0
5137 0.1 40 0 0 5137 0.0 0 0 0 150 76.2 63.2 63.2
5137 0.1 40 0 0 5137 0.0 0 0 0 180 76.3 63.1 63.1
5137 0.1 40 0 0 5137 0.0 10 0 0 0 41.0 39.1 39.1
5137 0.1 40 0 0 5137 0.0 10 0 0 30 48.3 43.5 43.5
5137 0.1 40 0 0 5137 0.0 10 0 0 60 56.7 49.5 49.5
5137 0.1 40 0 0 5137 0.0 10 0 0 90 65.0 55.6 55.6
5137 0.1 40 0 0 5137 0.0 10 0 0 120 72.8 61.1 61.1
5137 0.1 40 0 0 5137 0.0 10 0 0 150 76.2 62.9 62.9
5137 0.1 40 0 0 5137 0.0 10 0 0 180 76.2 63.0 63.0
5137 0.1 40 0 0 5137 0.0 20 0 0 0 40.8 36.5 36.5
5137 0.1 40 0 0 5137 0.0 20 0 0 30 48.1 41.6 41.6
5137 0.1 40 0 0 5137 0.0 20 0 0 60 56.4 48.0 48.0
5137 0.1 40 0 0 5137 0.0 20 0 0 90 64.8 54.3 54.3
5137 0.1 40 0 0 5137 0.0 20 0 0 120 72.6 60.0 60.0
5137 0.1 40 0 0 5137 0.0 20 0 0 150 75.9 61.7 61.7
5137 0.1 40 0 0 5137 0.0 20 0 0 180 75.9 61.8 61.8
5137 0.1 40 0 0 5137 0.0 30 0 0 0 40.4 32.5 32.5
5137 0.1 40 0 0 5137 0.0 30 0 0 30 47.7 37.9 37.9
5137 0.1 40 0 0 5137 0.0 30 0 0 60 56.1 44.5 44.5
5137 0.1 40 0 0 5137 0.0 30 0 0 90 64.4 50.9 50.9
5137 0.1 40 0 0 5137 0.0 30 0 0 120 72.3 56.6 56.6
5137 0.1 40 0 0 5137 0.0 30 0 0 150 75.4 58.5 58.5
5137 0.1 40 0 0 5137 0.0 30 0 0 180 75.4 58.6 58.6
5137 0.1 40 0 0 5137 0.0 40 0 0 0 40.0 32.2 32.2
5137 0.1 40 0 0 5137 0.0 40 0 0 30 47.2 37.2 37.2
5137 0.1 40 0 0 5137 0.0 40 0 0 60 55.5 43.9 43.9
5137 0.1 40 0 0 5137 0.0 40 0 0 90 63.9 50.3 50.3
5137 0.1 40 0 0 5137 0.0 40 0 0 120 71.8 56.1 56.1
5137 0.1 40 0 0 5137 0.0 40 0 0 150 74.7 58.4 58.4
5137 0.1 40 0 0 5137 0.0 40 0 0 180 74.7 58.5 58.5
5137 0.1 40 0 0 5137 0.0 50 0 0 0 39.5 32.6 32.6
5137 0.1 40 0 0 5137 0.0 50 0 0 30 46.5 37.5 37.5
5137 0.1 40 0 0 5137 0.0 50 0 0 60 54.8 44.1 44.1
5137 0.1 40 0 0 5137 0.0 50 0 0 90 63.1 50.6 50.6
5137 0.1 40 0 0 5137 0.0 50 0 0 120 70.9 56.5 56.5
5137 0.1 40 0 0 5137 0.0 50 0 0 150 73.6 59.3 59.3
5137 0.1 40 0 0 5137 0.0 50 0 0 180 73.6 59.4 59.4
5137 0.1 40 0 0 5137 0.0 60 0 0 0 39.4 34.3 34.3
5137 0.1 40 0 0 5137 0.0 60 0 0 30 45.4 38.5 38.5
5137 0.1 40 0 0 5137 0.0 60 0 0 60 53.7 44.9 44.9
5137 0.1 40 0 0 5137 0.0 60 0 0 90 62.0 51.6 51.6
5137 0.1 40 0 0 5137 0.0 60 0 0 120 69.0 57.6 57.6
5137 0.1 40 0 0 5137 0.0 60 0 0 150 71.6 61.0 61.0
5137 0.1 40 0 0 5137 0.0 60 0 0 180 71.7 61.2 61.2
5137 0.1 40 0 0 5137 0.1 0 0 0 0 40.4 41.2 41.2
5137 0.1 40 0 0 5137 0.1 0 0 0 30 47.0 43.1 43.1
5137 0.1 40 0 0 5137 0.1 0 0 0 60 54.1 47.9 47.9
5137 0.1 40 0 0 5137 0.1 0 0 0 90 62.0 53.7 53.7
5137 0.1 40 0 0 5137 0.1 0 0 0 120 70.3 59.7 59.7
5137 0.1 40 0 0 5137 0.1 0 0 0 150 75.2 63.0 63.0
5137 0.1 40 0 0 5137 0.1 0 0 0 180 76.3 62.4 62.4
5137 0.1 40 0 0 5137 0.1 10 0 0 0 40.3 39.0 39.0
5137 0.1 40 0 0 5137 0.1 10 0 0 30 46.9 41.7 41.7
5137 0.1 40 0 0 5137 0.1 10 0 0 60 54.0 47.1 47.1
5137 0.1 40 0 0 5137 0.1 10 0 0 90 61.8 53.1 53.1
5137 0.1 40 0 0 5137 0.1 10 0 0 120 70.2 59.3 59.3
5137 0.1 40 0 0 5137 0.1 10 0 0 150 75.2 62.7 62.7
5137 0.1 40 0 0 5137 0.1 10 0 0 180 76.2 62.7 62.7
5137 0.1 40 0 0 5137 0.1 20 0 0 0 39.9 36.1 36.1
5137 0.1 40 0 0 5137 0.1 20 0 0 30 46.6 39.8 39.8
5137 0.1 40 0 0 5137 0.1 20 0 0 60 53.8 45.5 45.5
5137 0.1 40 0 0 5137 0.1 20 0 0 90 61.6 51.6 51.6
5137 0.1 40 0 0 5137 0.1 20 0 0 120 70.1 57.9 57.9
5137 0.1 40 0 0 5137 0.1 20 0 0 150 75.0 61.5 61.5
5137 0.1 40 0 0 5137 0.1 20 0 0 180 75.9 61.6 61.6
5137 0.1 40 0 0 5137 0.1 30 0 0 0 39.4 31.4 31.4
5137 0.1 40 0 0 5137 0.1 30 0 0 30 46.3 36.1 36.1
5137 0.1 40 0 0 5137 0.1 30 0 0 60 53.4 41.9 41.9
5137 0.1 40 0 0 5137 0.1 30 0 0 90 61.2 48.1 48.1
5137 0.1 40 0 0 5137 0.1 30 0 0 120 69.8 54.3 54.3
5137 0.1 40 0 0 5137 0.1 30 0 0 150 74.5 58.3 58.3
5137 0.1 40 0 0 5137 0.1 30 0 0 180 75.5 58.5 58.5
5137 0.1 40 0 0 5137 0.1 40 0 0 0 38.8 30.3 30.3
5137 0.1 40 0 0 5137 0.1 40 0 0 30 45.7 35.4 35.4
5137 0.1 40 0 0 5137 0.1 40 0 0 60 52.9 41.2 41.2
5137 0.1 40 0 0 5137 0.1 40 0 0 90 60.7 47.4 47.4
5137 0.1 40 0 0 5137 0.1 40 0 0 120 69.3 53.6 53.6
5137 0.1 40 0 0 5137 0.1 40 0 0 150 73.8 57.9 57.9
5137 0.1 40 0 0 5137 0.1 40 0 0 180 74.7 58.3 58.3
5137 0.1 40 0 0 5137 0.1 50 0 0 0 38.3 31.3 31.3
5137 0.1 40 0 0 5137 0.1 50 0 0 30 45.0 35.6 35.6
5137 0.1 40 0 0 5137 0.1 50 0 0 60 52.2 41.3 41.3
5137 0.1 40 0 0 5137 0.1 50 0 0 90 60.0 47.5 47.5
5137 0.1 40 0 0 5137 0.1 50 0 0 120 68.5 53.7 53.7
5137 0.1 40 0 0 5137 0.1 50 0 0 150 72.7 58.4 58.4
5137 0.1 40 0 0 5137 0.1 50 0 0 180 73.6 59.2 59.2
5137 0.1 40 0 0 5137 0.1 60 0 0 0 38.6 33.5 33.5
5137 0.1 40 0 0 5137 0.1 60 0 0 30 43.9 36.8 36.8
5137 0.1 40 0 0 5137 0.1 60 0 0 60 51.1 42.1 42.1
5137 0.1 40 0 0 5137 0.1 60 0 0 90 58.9 48.3 48.3
5137 0.1 40 0 0 5137 0.1 60 0 0 120 66.9 54.6 54.6
5137 0.1 40 0 0 5137 0.1 60 0 0 150 70.7 59.6 59.6
5137 0.1 40 0 0 5137 0.1 60 0 0 180 71.7 60.9 60.9
5137 0.1 40 0 0 5137 0.2 0 0 0 0 41.3 41.1 41.1
5137 0.1 40 0 0 5137 0.2 0 0 0 30 45.7 42.6 42.6
5137 0.1 40 0 0 5137 0.2 0 0 0 60 51.7 45.6 45.6
5137 0.1 40 0 0 5137 0.2 0 0 0 90 58.8 51.0 51.0
5137 0.1 40 0 0 5137 0.2 0 0 0 120 67.5 57.6 57.6
5137 0.1 40 0 0 5137 0.2 0 0 0 150 73.6 62.7 62.7
5137 0.1 40 0 0 5137 0.2 0 0 0 180 76.3 61.5 61.5
5137 0.1 40 0 0 5137 0.2 10 0 0 0 41.1 38.9 38.9
5137 0.1 40 0 0 5137 0.2 10 0 0 30 45.6 40.8 40.8
5137 0.1 40 0 0 5137 0.2 10 0 0 60 51.6 44.7 44.7
5137 0.1 40 0 0 5137 0.2 10 0 0 90 58.7 50.3 50.3
5137 0.1 40 0 0 5137 0.2 10 0 0 120 67.4 57.0 57.0
5137 0.1 40 0 0 5137 0.2 10 0 0 150 73.5 62.3 62.3
5137 0.1 40 0 0 5137 0.2 10 0 0 180 76.2 61.9 61.9
5137 0.1 40 0 0 5137 0.2 20 0 0 0 40.9 36.0 36.0
5137 0.1 40 0 0 5137 0.2 20 0 0 30 45.3 38.4 38.4
5137 0.1 40 0 0 5137 0.2 20 0 0 60 51.4 43.0 43.0
5137 0.1 40 0 0 5137 0.2 20 0 0 90 58.5 48.7 48.7
5137 0.1 40 0 0 5137 0.2 20 0 0 120 67.2 55.3 55.3
5137 0.1 40 0 0 5137 0.2 20 0 0 150 73.3 60.6 60.6
5137 0.1 40 0 0 5137 0.2 20 0 0 180 75.9 61.3 61.3
5137 0.1 40 0 0 5137 0.2 30 0 0 0 40.5 31.7 31.7
5137 0.1 40 0 0 5137 0.2 30 0 0 30 45.0 34.6 34.6
5137 0.1 40 0 0 5137 0.2 30 0 0 60 51.0 39.6 39.6
5137 0.1 40 0 0 5137 0.2 30 0 0 90 58.1 45.3 45.3
5137 0.1 40 0 0 5137 0.2 30 0 0 120 66.8 51.8 51.8
5137 0.1 40 0 0 5137 0.2 30 0 0 150 72.9 57.2 57.2
5137 0.1 40 0 0 5137 0.2 30 0 0 180 75.5 58.3 58.3
5137 0.1 40 0 0 5137 0.2 40 0 0 0 40.0 30.6 30.6
5137 0.1 40 0 0 5137 0.2 40 0 0 30 44.4 33.9 33.9
5137 0.1 40 0 0 5137 0.2 40 0 0 60 50.5 38.8 38.8
5137 0.1 40 0 0 5137 0.2 40 0 0 90 57.6 44.4 44.4
5137 0.1 40 0 0 5137 0.2 40 0 0 120 66.3 50.8 50.8
5137 0.1 40 0 0 5137 0.2 40 0 0 150 72.2 56.5 56.5
5137 0.1 40 0 0 5137 0.2 40 0 0 180 74.7 58.2 58.2
5137 0.1 40 0 0 5137 0.2 50 0 0 0 39.8 31.4 31.4
5137 0.1 40 0 0 5137 0.2 50 0 0 30 43.7 33.9 33.9
5137 0.1 40 0 0 5137 0.2 50 0 0 60 49.7 38.7 38.7
5137 0.1 40 0 0 5137 0.2 50 0 0 90 56.8 44.4 44.4
5137 0.1 40 0 0 5137 0.2 50 0 0 120 65.6 50.9 50.9
5137 0.1 40 0 0 5137 0.2 50 0 0 150 71.1 56.9 56.9
5137 0.1 40 0 0 5137 0.2 50 0 0 180 73.6 59.1 59.1
5137 0.1 40 0 0 5137 0.2 60 0 0 0 39.7 33.4 33.4
5137 0.1 40 0 0 5137 0.2 60 0 0 30 43.1 35.5 35.5
5137 0.1 40 0 0 5137 0.2 60 0 0 60 48.7 39.6 39.6
5137 0.1 40 0 0 5137 0.2 60 0 0 90 55.8 45.0 45.0
5137 0.1 40 0 0 5137 0.2 60 0 0 120 64.2 51.6 51.6
5137 0.1 40 0 0 5137 0.2 60 0 0 150 69.2 57.8 57.8
5137 0.1 40 0 0 5137 0.2 60 0 0 180 71.7 60.7 60.7
5137 0.1 40 0 0 5137 0.3 0 0 0 0 42.8 41.1 41.1
5137 0.1 40 0 0 5137 0.3 0 0 0 30 45.0 42.4 42.4
5137 0.1 40 0 0 5137 0.3 0 0 0 60 49.5 44.4 44.4
5137 0.1 40 0 0 5137 0.3 0 0 0 90 55.8 48.2 48.2
5137 0.1 40 0 0 5137 0.3 0 0 0 120 64.3 54.9 54.9
5137 0.1 40 0 0 5137 0.3 0 0 0 150 71.6 61.7 61.7
5137 0.1 40 0 0 5137 0.3 0 0 0 180 75.8 60.4 60.4
5137 0.1 40 0 0 5137 0.3 10 0 0 0 42.7 39.0 39.0
5137 0.1 40 0 0 5137 0.3 10 0 0 30 44.8 40.6 40.6
5137 0.1 40 0 0 5137 0.3 10 0 0 60 49.4 43.0 43.0
5137 0.1 40 0 0 5137 0.3 10 0 0 90 55.6 47.4 47.4
5137 0.1 40 0 0 5137 0.3 10 0 0 120 64.2 54.1 54.1
5137 0.1 40 0 0 5137 0.3 10 0 0 150 71.5 60.8 60.8
5137 0.1 40 0 0 5137 0.3 10 0 0 180 75.7 60.9 60.9
5137 0.1 40 0 0 5137 0.3 20 0 0 0 42.6 36.4 36.4
5137 0.1 40 0 0 5137 0.3 20 0 0 30 44.5 38.0 38.0
5137 0.1 40 0 0 5137 0.3 20 0 0 60 49.1 40.7 40.7
5137 0.1 40 0 0 5137 0.3 20 0 0 90 55.4 45.7 45.7
5137 0.1 40 0 0 5137 0.3 20 0 0 120 63.9 52.3 52.3
5137 0.1 40 0 0 5137 0.3 20 0 0 150 71.3 58.9 58.9
5137 0.1 40 0 0 5137 0.3 20 0 0 180 75.4 60.5 60.5
5137 0.1 40 0 0 5137 0.3 30 0 0 0 42.4 32.9 32.9
5137 0.1 40 0 0 5137 0.3 30 0 0 30 44.1 34.3 34.3
5137 0.1 40 0 0 5137 0.3 30 0 0 60 48.8 37.4 37.4
5137 0.1 40 0 0 5137 0.3 30 0 0 90 55.0 42.5 42.5
5137 0.1 40 0 0 5137 0.3 30 0 0 120 63.6 49.0 49.0
5137 0.1 40 0 0 5137 0.3 30 0 0 150 70.9 55.8 55.8
5137 0.1 40 0 0 5137 0.3 30 0 0 180 75.0 58.4 58.4
5137 0.1 40 0 0 5137 0.3 40 0 0 0 42.1 32.2 32.2
5137 0.1 40 0 0 5137 0.3 40 0 0 30 43.7 33.0 33.0
5137 0.1 40 0 0 5137 0.3 40 0 0 60 48.2 36.6 36.6
5137 0.1 40 0 0 5137 0.3 40 0 0 90 54.5 41.7 41.7
5137 0.1 40 0 0 5137 0.3 40 0 0 120 63.0 48.1 48.1
5137 0.1 40 0 0 5137 0.3 40 0 0 150 70.2 55.0 55.0
5137 0.1 40 0 0 5137 0.3 40 0 0 180 74.3 58.3 58.3
5137 0.1 40 0 0 5137 0.3 50 0 0 0 41.9 32.6 32.6
5137 0.1 40 0 0 5137 0.3 50 0 0 30 43.4 33.2 33.2
5137 0.1 40 0 0 5137 0.3 50 0 0 60 47.5 36.4 36.4
5137 0.1 40 0 0 5137 0.3 50 0 0 90 53.8 41.4 41.4
5137 0.1 40 0 0 5137 0.3 50 0 0 120 62.3 47.9 47.9
5137 0.1 40 0 0 5137 0.3 50 0 0 150 69.1 55.0 55.0
5137 0.1 40 0 0 5137 0.3 50 0 0 180 73.1 59.0 59.0
5137 0.1 40 0 0 5137 0.3 60 0 0 0 41.8 34.0 34.0
5137 0.1 40 0 0 5137 0.3 60 0 0 30 43.3 34.6 34.6
5137 0.1 40 0 0 5137 0.3 60 0 0 60 46.8 37.5 37.5
5137 0.1 40 0 0 5137 0.3 60 0 0 90 52.7 42.0 42.0
5137 0.1 40 0 0 5137 0.3 60 0 0 120 61.0 48.4 48.4
5137 0.1 40 0 0 5137 0.3 60 0 0 150 67.3 55.6 55.6
5137 0.1 40 0 0 5137 0.3 60 0 0 180 71.0 60.4 60.4
5137 0.1 40 0 0 5137 0.4 0 0 0 0 44.7 41.2 41.2
5137 0.1 40 0 0 5137 0.4 0 0 0 30 45.6 42.3 42.3
5137 0.1 40 0 0 5137 0.4 0 0 0 60 47.8 43.9 43.9
5137 0.1 40 0 0 5137 0.4 0 0 0 90 52.8 46.4 46.4
5137 0.1 40 0 0 5137 0.4 0 0 0 120 60.9 51.7 51.7
5137 0.1 40 0 0 5137 0.4 0 0 0 150 69.2 59.8 59.8
5137 0.1 40 0 0 5137 0.4 0 0 0 180 74.5 59.2 59.2
5137 0.1 40 0 0 5137 0.4 10 0 0 0 44.6 39.6 39.6
5137 0.1 40 0 0 5137 0.4 10 0 0 30 45.6 40.5 40.5
5137 0.1 40 0 0 5137 0.4 10 0 0 60 47.7 42.3 42.3
5137 0.1 40 0 0 5137 0.4 10 0 0 90 52.7 45.0 45.0
5137 0.1 40 0 0 5137 0.4 10 0 0 120 60.8 50.9 50.9
5137 0.1 40 0 0 5137 0.4 10 0 0 150 69.2 58.7 58.7
5137 0.1 40 0 0 5137 0.4 10 0 0 180 74.4 59.7 59.7
5137 0.1 40 0 0 5137 0.4 20 0 0 0 44.6 36.9 36.9
5137 0.1 40 0 0 5137 0.4 20 0 0 30 45.4 37.6 37.6
5137 0.1 40 0 0 5137 0.4 20 0 0 60 47.4 39.4 39.4
5137 0.1 40 0 0 5137 0.4 20 0 0 90 52.5 42.4 42.4
5137 0.1 40 0 0 5137 0.4 20 0 0 120 60.5 48.5 48.5
5137 0.1 40 0 0 5137 0.4 20 0 0 150 69.0 56.3 56.3
5137 0.1 40 0 0 5137 0.4 20 0 0 180 74.2 58.9 58.9
5137 0.1 40 0 0 5137 0.4 30 0 0 0 44.5 34.7 34.7
5137 0.1 40 0 0 5137 0.4 30 0 0 30 45.2 35.1 35.1
5137 0.1 40 0 0 5137 0.4 30 0 0 60 47.1 36.7 36.7
5137 0.1 40 0 0 5137 0.4 30 0 0 90 52.1 39.9 39.9
5137 0.1 40 0 0 5137 0.4 30 0 0 120 60.1 46.2 46.2
5137 0.1 40 0 0 5137 0.4 30 0 0 150 68.5 54.0 54.0
5137 0.1 40 0 0 5137 0.4 30 0 0 180 73.7 58.1 58.1
5137 0.1 40 0 0 5137 0.4 40 0 0 0 44.4 34.1 34.1
5137 0.1 40 0 0 5137 0.4 40 0 0 30 45.1 34.2 34.2
5137 0.1 40 0 0 5137 0.4 40 0 0 60 46.7 35.3 35.3
5137 0.1 40 0 0 5137 0.4 40 0 0 90 51.5 39.0 39.0
5137 0.1 40 0 0 5137 0.4 40 0 0 120 59.6 45.2 45.2
5137 0.1 40 0 0 5137 0.4 40 0 0 150 67.8 53.2 53.2
5137 0.1 40 0 0 5137 0.4 40 0 0 180 72.9 58.5 58.5
5137 0.1 40 0 0 5137 0.4 50 0 0 0 44.2 34.3 34.3
5137 0.1 40 0 0 5137 0.4 50 0 0 30 44.9 34.3 34.3
5137 0.1 40 0 0 5137 0.4 50 0 0 60 46.5 35.2 35.2
5137 0.1 40 0 0 5137 0.4 50 0 0 90 50.8 38.6 38.6
5137 0.1 40 0 0 5137 0.4 50 0 0 120 58.9 44.9 44.9
5137 0.1 40 0 0 5137 0.4 50 0 0 150 66.7 52.9 52.9
5137 0.1 40 0 0 5137 0.4 50 0 0 180 71.6 59.0 59.0
5137 0.1 40 0 0 5137 0.4 60 0 0 0 44.1 35.0 35.0
5137 0.1 40 0 0 5137 0.4 60 0 0 30 44.8 35.1 35.1
5137 0.1 40 0 0 5137 0.4 60 0 0 60 46.4 36.1 36.1
5137 0.1 40 0 0 5137 0.4 60 0 0 90 50.2 39.4 39.4
5137 0.1 40 0 0 5137 0.4 60 0 0 120 57.4 45.2 45.2
5137 0.1 40 0 0 5137 0.4 60 0 0 150 64.8 53.3 53.3
5137 0.1 40 0 0 5137 0.4 60 0 0 180 69.3 59.9 59.9
5137 0.1 40 0 0 5137 0.5 0 0 0 0 46.7 41.8 41.8
5137 0.1 40 0 0 5137 0.5 0 0 0 30 47.2 42.4 42.4
5137 0.1 40 0 0 5137 0.5 0 0 0 60 48.1 43.6 43.6
5137 0.1 40 0 0 5137 0.5 0 0 0 90 50.4 45.4 45.4
5137 0.1 40 0 0 5137 0.5 0 0 0 120 57.3 49.0 49.0
5137 0.1 40 0 0 5137 0.5 0 0 0 150 66.5 57.1 57.1
5137 0.1 40 0 0 5137 0.5 0 0 0 180 72.9 57.7 57.7
5137 0.1 40 0 0 5137 0.5 10 0 0 0 46.7 40.4 40.4
5137 0.1 40 0 0 5137 0.5 10 0 0 30 47.2 40.7 40.7
5137 0.1 40 0 0 5137 0.5 10 0 0 60 48.1 41.8 41.8
5137 0.1 40 0 0 5137 0.5 10 0 0 90 50.3 43.8 43.8
5137 0.1 40 0 0 5137 0.5 10 0 0 120 57.2 47.6 47.6
5137 0.1 40 0 0 5137 0.5 10 0 0 150 66.5 55.8 55.8
5137 0.1 40 0 0 5137 0.5 10 0 0 180 72.8 58.1 58.1
5137 0.1 40 0 0 5137 0.5 20 0 0 0 46.7 38.2 38.2
5137 0.1 40 0 0 5137 0.5 20 0 0 30 47.1 38.4 38.4
5137 0.1 40 0 0 5137 0.5 20 0 0 60 47.9 39.2 39.2
5137 0.1 40 0 0 5137 0.5 20 0 0 90 50.1 41.2 41.2
5137 0.1 40 0 0 5137 0.5 20 0 0 120 56.9 45.0 45.0
5137 0.1 40 0 0 5137 0.5 20 0 0 150 66.2 53.5 53.5
5137 0.1 40 0 0 5137 0.5 20 0 0 180 72.5 57.4 57.4
5137 0.1 40 0 0 5137 0.5 30 0 0 0 46.7 36.8 36.8
5137 0.1 40 0 0 5137 0.5 30 0 0 30 47.1 36.8 36.8
5137 0.1 40 0 0 5137 0.5 30 0 0 60 47.8 37.3 37.3
5137 0.1 40 0 0 5137 0.5 30 0 0 90 49.8 39.0 39.0
5137 0.1 40 0 0 5137 0.5 30 0 0 120 56.5 43.3 43.3
5137 0.1 40 0 0 5137 0.5 30 0 0 150 65.8 52.0 52.0
5137 0.1 40 0 0 5137 0.5 30 0 0 180 72.0 57.6 57.6
5137 0.1 40 0 0 5137 0.5 40 0 0 0 46.6 36.1 36.1
5137 0.1 40 0 0 5137 0.5 40 0 0 30 47.0 36.2 36.2
5137 0.1 40 0 0 5137 0.5 40 0 0 60 47.7 36.5 36.5
5137 0.1 40 0 0 5137 0.5 40 0 0 90 49.6 37.7 37.7
5137 0.1 40 0 0 5137 0.5 40 0 0 120 56.0 42.3 42.3
5137 0.1 40 0 0 5137 0.5 40 0 0 150 65.0 51.1 51.1
5137 0.1 40 0 0 5137 0.5 40 0 0 180 71.1 58.0 58.0
5137 0.1 40 0 0 5137 0.5 50 0 0 0 46.6 36.1 36.1
5137 0.1 40 0 0 5137 0.5 50 0 0 30 46.9 36.1 36.1
5137 0.1 40 0 0 5137 0.5 50 0 0 60 47.7 36.3 36.3
5137 0.1 40 0 0 5137 0.5 50 0 0 90 49.4 37.3 37.3
5137 0.1 40 0 0 5137 0.5 50 0 0 120 55.2 41.8 41.8
5137 0.1 40 0 0 5137 0.5 50 0 0 150 63.9 50.8 50.8
5137 0.1 40 0 0 5137 0.5 50 0 0 180 69.7 58.6 58.6
5137 0.1 40 0 0 5137 0.5 60 0 0 0 46.5 36.5 36.5
5137 0.1 40 0 0 5137 0.5 60 0 0 30 46.9 36.4 36.4
5137 0.1 40 0 0 5137 0.5 60 0 0 60 47.6 36.6 36.6
5137 0.1 40 0 0 5137 0.5 60 0 0 90 49.3 37.7 37.7
5137 0.1 40 0 0 5137 0.5 60 0 0 120 54.2 42.1 42.1
5137 0.1 40 0 0 5137 0.5 60 0 0 150 61.8 50.7 50.7
5137 0.1 40 0 0 5137 0.5 60 0 0 180 67.2 59.2 59.2
