4937 0.5 30 0 0 4737 0.0 0 0 0 0 61.8 53.9 53.9
4937 0.5 30 0 0 4737 0.0 0 0 0 30 62.0 53.8 53.8
4937 0.5 30 0 0 4737 0.0 0 0 0 60 62.0 53.4 53.4
4937 0.5 30 0 0 4737 0.0 0 0 0 90 61.6 52.9 52.9
4937 0.5 30 0 0 4737 0.0 0 0 0 120 61.3 52.4 52.4
4937 0.5 30 0 0 4737 0.0 0 0 0 150 61.0 52.1 52.1
4937 0.5 30 0 0 4737 0.0 0 0 0 180 60.9 51.9 51.9
4937 0.5 30 0 0 4737 0.0 10 0 0 0 61.8 53.5 53.5
4937 0.5 30 0 0 4737 0.0 10 0 0 30 62.0 53.4 53.4
4937 0.5 30 0 0 4737 0.0 10 0 0 60 61.9 53.0 53.0
4937 0.5 30 0 0 4737 0.0 10 0 0 90 61.6 52.5 52.5
4937 0.5 30 0 0 4737 0.0 10 0 0 120 61.3 52.1 52.1
4937 0.5 30 0 0 4737 0.0 10 0 0 150 60.9 51.8 51.8
4937 0.5 30 0 0 4737 0.0 10 0 0 180 60.8 51.6 51.6
4937 0.5 30 0 0 4737 0.0 20 0 0 0 61.6 52.2 52.2
4937 0.5 30 0 0 4737 0.0 20 0 0 30 61.8 52.0 52.0
4937 0.5 30 0 0 4737 0.0 20 0 0 60 61.7 51.6 51.6
4937 0.5 30 0 0 4737 0.0 20 0 0 90 61.4 51.2 51.2
4937 0.5 30 0 0 4737 0.0 20 0 0 120 61.1 50.9 50.9
4937 0.5 30 0 0 4737 0.0 20 0 0 150 60.8 50.7 50.7
4937 0.5 30 0 0 4737 0.0 20 0 0 180 60.6 50.4 50.4
4937 0.5 30 0 0 4737 0.0 30 0 0 0 61.3 49.2 49.2
4937 0.5 30 0 0 4737 0.0 30 0 0 30 61.4 49.0 49.0
4937 0.5 30 0 0 4737 0.0 30 0 0 60 61.4 48.7 48.7
4937 0.5 30 0 0 4737 0.0 30 0 0 90 61.0 48.4 48.4
4937 0.5 30 0 0 4737 0.0 30 0 0 120 60.7 48.3 48.3
4937 0.5 30 0 0 4737 0.0 30 0 0 150 60.4 48.2 48.2
4937 0.5 30 0 0 4737 0.0 30 0 0 180 60.3 48.2 48.2
4937 0.5 30 0 0 4737 0.0 40 0 0 0 60.7 49.1 49.1
4937 0.5 30 0 0 4737 0.0 40 0 0 30 61.0 49.0 49.0
4937 0.5 30 0 0 4737 0.0 40 0 0 60 60.9 48.7 48.7
4937 0.5 30 0 0 4737 0.0 40 0 0 90 60.5 48.3 48.3
4937 0.5 30 0 0 4737 0.0 40 0 0 120 60.2 48.2 48.2
4937 0.5 30 0 0 4737 0.0 40 0 0 150 59.9 48.1 48.1
4937 0.5 30 0 0 4737 0.0 40 0 0 180 59.7 48.1 48.1
4937 0.5 30 0 0 4737 0.0 50 0 0 0 59.9 50.0 50.0
4937 0.5 30 0 0 4737 0.0 50 0 0 30 60.2 49.8 49.8
4937 0.5 30 0 0 4737 0.0 50 0 0 60 60.0 49.5 49.5
4937 0.5 30 0 0 4737 0.0 50 0 0 90 59.7 49.1 49.1
4937 0.5 30 0 0 4737 0.0 50 0 0 120 59.3 48.9 48.9
4937 0.5 30 0 0 4737 0.0 50 0 0 150 59.0 48.6 48.6
4937 0.5 30 0 0 4737 0.0 50 0 0 180 58.9 48.6 48.6
4937 0.5 30 0 0 4737 0.0 60 0 0 0 58.5 51.1 51.1
4937 0.5 30 0 0 4737 0.0 60 0 0 30 58.8 51.2 51.2
4937 0.5 30 0 0 4737 0.0 60 0 0 60 58.7 51.0 51.0
4937 0.5 30 0 0 4737 0.0 60 0 0 90 58.3 50.7 50.7
4937 0.5 30 0 0 4737 0.0 60 0 0 120 58.0 50.3 50.3
4937 0.5 30 0 0 4737 0.0 60 0 0 150 57.7 50.0 50.0
4937 0.5 30 0 0 4737 0.0 60 0 0 180 57.7 49.7 49.7
4937 0.5 30 0 0 4737 0.1 0 0 0 0 60.8 52.8 52.8
4937 0.5 30 0 0 4737 0.1 0 0 0 30 61.0 52.7 52.7
4937 0.5 30 0 0 4737 0.1 0 0 0 60 61.0 52.3 52.3
4937 0.5 30 0 0 4737 0.1 0 0 0 90 60.7 51.9 51.9
4937 0.5 30 0 0 4737 0.1 0 0 0 120 60.4 51.4 51.4
4937 0.5 30 0 0 4737 0.1 0 0 0 150 60.0 51.0 51.0
4937 0.5 30 0 0 4737 0.1 0 0 0 180 59.9 50.6 50.6
4937 0.5 30 0 0 4737 0.1 10 0 0 0 60.7 52.4 52.4
4937 0.5 30 0 0 4737 0.1 10 0 0 30 60.9 52.2 52.2
4937 0.5 30 0 0 4737 0.1 10 0 0 60 60.9 51.9 51.9
4937 0.5 30 0 0 4737 0.1 10 0 0 90 60.7 51.5 51.5
4937 0.5 30 0 0 4737 0.1 10 0 0 120 60.3 51.0 51.0
4937 0.5 30 0 0 4737 0.1 10 0 0 150 59.9 50.6 50.6
4937 0.5 30 0 0 4737 0.1 10 0 0 180 59.8 50.3 50.3
4937 0.5 30 0 0 4737 0.1 20 0 0 0 60.5 51.0 51.0
4937 0.5 30 0 0 4737 0.1 20 0 0 30 60.7 50.8 50.8
4937 0.5 30 0 0 4737 0.1 20 0 0 60 60.7 50.5 50.5
4937 0.5 30 0 0 4737 0.1 20 0 0 90 60.5 50.1 50.1
4937 0.5 30 0 0 4737 0.1 20 0 0 120 60.1 49.7 49.7
4937 0.5 30 0 0 4737 0.1 20 0 0 150 59.7 49.3 49.3
4937 0.5 30 0 0 4737 0.1 20 0 0 180 59.6 49.1 49.1
4937 0.5 30 0 0 4737 0.1 30 0 0 0 60.2 48.1 48.1
4937 0.5 30 0 0 4737 0.1 30 0 0 30 60.4 47.9 47.9
4937 0.5 30 0 0 4737 0.1 30 0 0 60 60.4 47.7 47.7
4937 0.5 30 0 0 4737 0.1 30 0 0 90 60.1 47.3 47.3
4937 0.5 30 0 0 4737 0.1 30 0 0 120 59.7 47.0 47.0
4937 0.5 30 0 0 4737 0.1 30 0 0 150 59.3 46.8 46.8
4937 0.5 30 0 0 4737 0.1 30 0 0 180 59.2 46.9 46.9
4937 0.5 30 0 0 4737 0.1 40 0 0 0 59.7 48.2 48.2
4937 0.5 30 0 0 4737 0.1 40 0 0 30 59.9 48.0 48.0
4937 0.5 30 0 0 4737 0.1 40 0 0 60 59.8 47.8 47.8
4937 0.5 30 0 0 4737 0.1 40 0 0 90 59.5 47.4 47.4
4937 0.5 30 0 0 4737 0.1 40 0 0 120 59.2 47.1 47.1
4937 0.5 30 0 0 4737 0.1 40 0 0 150 58.8 46.8 46.8
4937 0.5 30 0 0 4737 0.1 40 0 0 180 58.7 46.8 46.8
4937 0.5 30 0 0 4737 0.1 50 0 0 0 58.8 49.0 49.0
4937 0.5 30 0 0 4737 0.1 50 0 0 30 59.1 49.0 49.0
4937 0.5 30 0 0 4737 0.1 50 0 0 60 59.1 48.7 48.7
4937 0.5 30 0 0 4737 0.1 50 0 0 90 58.7 48.3 48.3
4937 0.5 30 0 0 4737 0.1 50 0 0 120 58.3 47.9 47.9
4937 0.5 30 0 0 4737 0.1 50 0 0 150 57.9 47.5 47.5
4937 0.5 30 0 0 4737 0.1 50 0 0 180 57.8 47.3 47.3
4937 0.5 30 0 0 4737 0.1 60 0 0 0 57.4 49.9 49.9
4937 0.5 30 0 0 4737 0.1 60 0 0 30 57.7 50.1 50.1
4937 0.5 30 0 0 4737 0.1 60 0 0 60 57.7 50.1 50.1
4937 0.5 30 0 0 4737 0.1 60 0 0 90 57.4 49.8 49.8
4937 0.5 30 0 0 4737 0.1 60 0 0 120 56.9 49.5 49.5
4937 0.5 30 0 0 4737 0.1 60 0 0 150 56.5 49.0 49.0
4937 0.5 30 0 0 4737 0.1 60 0 0 180 56.4 48.6 48.6
4937 0.5 30 0 0 4737 0.2 0 0 0 0 59.8 51.5 51.5
4937 0.5 30 0 0 4737 0.2 0 0 0 30 60.0 51.5 51.5
4937 0.5 30 0 0 4737 0.2 0 0 0 60 60.0 51.2 51.2
4937 0.5 30 0 0 4737 0.2 0 0 0 90 59.7 50.8 50.8
4937 0.5 30 0 0 4737 0.2 0 0 0 120 59.4 50.3 50.3
4937 0.5 30 0 0 4737 0.2 0 0 0 150 59.0 49.8 49.8
4937 0.5 30 0 0 4737 0.2 0 0 0 180 58.8 49.4 49.4
4937 0.5 30 0 0 4737 0.2 10 0 0 0 59.7 51.1 51.1
4937 0.5 30 0 0 4737 0.2 10 0 0 30 59.9 51.0 51.0
4937 0.5 30 0 0 4737 0.2 10 0 0 60 59.9 50.7 50.7
4937 0.5 30 0 0 4737 0.2 10 0 0 90 59.7 50.4 50.4
4937 0.5 30 0 0 4737 0.2 10 0 0 120 59.3 49.9 49.9
4937 0.5 30 0 0 4737 0.2 10 0 0 150 58.9 49.4 49.4
4937 0.5 30 0 0 4737 0.2 10 0 0 180 58.8 49.0 49.0
4937 0.5 30 0 0 4737 0.2 20 0 0 0 59.5 49.7 49.7
4937 0.5 30 0 0 4737 0.2 20 0 0 30 59.7 49.5 49.5
4937 0.5 30 0 0 4737 0.2 20 0 0 60 59.7 49.3 49.3
4937 0.5 30 0 0 4737 0.2 20 0 0 90 59.5 48.9 48.9
4937 0.5 30 0 0 4737 0.2 20 0 0 120 59.1 48.4 48.4
4937 0.5 30 0 0 4737 0.2 20 0 0 150 58.7 48.0 48.0
4937 0.5 30 0 0 4737 0.2 20 0 0 180 58.5 47.7 47.7
4937 0.5 30 0 0 4737 0.2 30 0 0 0 59.1 47.2 47.2
4937 0.5 30 0 0 4737 0.2 30 0 0 30 59.3 47.1 47.1
4937 0.5 30 0 0 4737 0.2 30 0 0 60 59.4 46.8 46.8
4937 0.5 30 0 0 4737 0.2 30 0 0 90 59.1 46.4 46.4
4937 0.5 30 0 0 4737 0.2 30 0 0 120 58.7 45.9 45.9
4937 0.5 30 0 0 4737 0.2 30 0 0 150 58.3 45.6 45.6
4937 0.5 30 0 0 4737 0.2 30 0 0 180 58.1 45.5 45.5
4937 0.5 30 0 0 4737 0.2 40 0 0 0 58.6 47.4 47.4
4937 0.5 30 0 0 4737 0.2 40 0 0 30 58.8 47.3 47.3
4937 0.5 30 0 0 4737 0.2 40 0 0 60 58.8 47.1 47.1
4937 0.5 30 0 0 4737 0.2 40 0 0 90 58.5 46.7 46.7
4937 0.5 30 0 0 4737 0.2 40 0 0 120 58.1 46.2 46.2
4937 0.5 30 0 0 4737 0.2 40 0 0 150 57.7 45.7 45.7
4937 0.5 30 0 0 4737 0.2 40 0 0 180 57.5 45.6 45.6
4937 0.5 30 0 0 4737 0.2 50 0 0 0 57.8 48.0 48.0
4937 0.5 30 0 0 4737 0.2 50 0 0 30 58.0 48.1 48.1
4937 0.5 30 0 0 4737 0.2 50 0 0 60 58.0 48.0 48.0
4937 0.5 30 0 0 4737 0.2 50 0 0 90 57.8 47.6 47.6
4937 0.5 30 0 0 4737 0.2 50 0 0 120 57.3 47.2 47.2
4937 0.5 30 0 0 4737 0.2 50 0 0 150 56.8 46.6 46.6
4937 0.5 30 0 0 4737 0.2 50 0 0 180 56.6 46.2 46.2
4937 0.5 30 0 0 4737 0.2 60 0 0 0 56.2 48.8 48.8
4937 0.5 30 0 0 4737 0.2 60 0 0 30 56.5 49.0 49.0
4937 0.5 30 0 0 4737 0.2 60 0 0 60 56.6 49.0 49.0
4937 0.5 30 0 0 4737 0.2 60 0 0 90 56.5 48.9 48.9
4937 0.5 30 0 0 4737 0.2 60 0 0 120 56.0 48.6 48.6
4937 0.5 30 0 0 4737 0.2 60 0 0 150 55.4 48.1 48.1
4937 0.5 30 0 0 4737 0.2 60 0 0 180 55.0 47.6 47.6
4937 0.5 30 0 0 4737 0.3 0 0 0 0 58.7 50.3 50.3
4937 0.5 30 0 0 4737 0.3 0 0 0 30 58.9 50.3 50.3
4937 0.5 30 0 0 4737 0.3 0 0 0 60 58.9 50.1 50.1
4937 0.5 30 0 0 4737 0.3 0 0 0 90 58.8 49.7 49.7
4937 0.5 30 0 0 4737 0.3 0 0 0 120 58.5 49.1 49.1
4937 0.5 30 0 0 4737 0.3 0 0 0 150 58.0 48.6 48.6
4937 0.5 30 0 0 4737 0.3 0 0 0 180 57.7 48.1 48.1
4937 0.5 30 0 0 4737 0.3 10 0 0 0 58.7 49.8 49.8
4937 0.5 30 0 0 4737 0.3 10 0 0 30 58.8 49.8 49.8
4937 0.5 30 0 0 4737 0.3 10 0 0 60 58.9 49.6 49.6
4937 0.5 30 0 0 4737 0.3 10 0 0 90 58.8 49.2 49.2
4937 0.5 30 0 0 4737 0.3 10 0 0 120 58.4 48.7 48.7
4937 0.5 30 0 0 4737 0.3 10 0 0 150 57.9 48.1 48.1
4937 0.5 30 0 0 4737 0.3 10 0 0 180 57.7 47.6 47.6
4937 0.5 30 0 0 4737 0.3 20 0 0 0 58.5 48.2 48.2
4937 0.5 30 0 0 4737 0.3 20 0 0 30 58.6 48.1 48.1
4937 0.5 30 0 0 4737 0.3 20 0 0 60 58.6 47.9 47.9
4937 0.5 30 0 0 4737 0.3 20 0 0 90 58.5 47.4 47.4
4937 0.5 30 0 0 4737 0.3 20 0 0 120 58.2 47.0 47.0
4937 0.5 30 0 0 4737 0.3 20 0 0 150 57.7 46.4 46.4
4937 0.5 30 0 0 4737 0.3 20 0 0 180 57.4 46.0 46.0
4937 0.5 30 0 0 4737 0.3 30 0 0 0 58.1 46.4 46.4
4937 0.5 30 0 0 4737 0.3 30 0 0 30 58.3 46.3 46.3
4937 0.5 30 0 0 4737 0.3 30 0 0 60 58.3 46.1 46.1
4937 0.5 30 0 0 4737 0.3 30 0 0 90 58.2 45.7 45.7
4937 0.5 30 0 0 4737 0.3 30 0 0 120 57.8 45.2 45.2
4937 0.5 30 0 0 4737 0.3 30 0 0 150 57.2 44.6 44.6
4937 0.5 30 0 0 4737 0.3 30 0 0 180 57.0 44.4 44.4
4937 0.5 30 0 0 4737 0.3 40 0 0 0 57.5 46.6 46.6
4937 0.5 30 0 0 4737 0.3 40 0 0 30 57.7 46.6 46.6
4937 0.5 30 0 0 4737 0.3 40 0 0 60 57.8 46.4 46.4
4937 0.5 30 0 0 4737 0.3 40 0 0 90 57.6 46.1 46.1
4937 0.5 30 0 0 4737 0.3 40 0 0 120 57.2 45.5 45.5
4937 0.5 30 0 0 4737 0.3 40 0 0 150 56.6 45.0 45.0
4937 0.5 30 0 0 4737 0.3 40 0 0 180 56.4 44.6 44.6
4937 0.5 30 0 0 4737 0.3 50 0 0 0 56.7 47.1 47.1
4937 0.5 30 0 0 4737 0.3 50 0 0 30 56.9 47.2 47.2
4937 0.5 30 0 0 4737 0.3 50 0 0 60 57.0 47.2 47.2
4937 0.5 30 0 0 4737 0.3 50 0 0 90 56.9 47.0 47.0
4937 0.5 30 0 0 4737 0.3 50 0 0 120 56.4 46.5 46.5
4937 0.5 30 0 0 4737 0.3 50 0 0 150 55.7 45.8 45.8
4937 0.5 30 0 0 4737 0.3 50 0 0 180 55.3 45.1 45.1
4937 0.5 30 0 0 4737 0.3 60 0 0 0 55.0 47.7 47.7
4937 0.5 30 0 0 4737 0.3 60 0 0 30 55.3 47.8 47.8
4937 0.5 30 0 0 4737 0.3 60 0 0 60 55.5 47.9 47.9
4937 0.5 30 0 0 4737 0.3 60 0 0 90 55.5 47.9 47.9
4937 0.5 30 0 0 4737 0.3 60 0 0 120 55.2 47.7 47.7
4937 0.5 30 0 0 4737 0.3 60 0 0 150 54.3 47.2 47.2
4937 0.5 30 0 0 4737 0.3 60 0 0 180 53.6 46.5 46.5
4937 0.5 30 0 0 4737 0.4 0 0 0 0 57.7 48.9 48.9
4937 0.5 30 0 0 4737 0.4 0 0 0 30 57.9 48.9 48.9
4937 0.5 30 0 0 4737 0.4 0 0 0 60 57.9 48.7 48.7
4937 0.5 30 0 0 4737 0.4 0 0 0 90 57.8 48.4 48.4
4937 0.5 30 0 0 4737 0.4 0 0 0 120 57.5 47.9 47.9
4937 0.5 30 0 0 4737 0.4 0 0 0 150 57.0 47.3 47.3
4937 0.5 30 0 0 4737 0.4 0 0 0 180 56.7 46.6 46.6
4937 0.5 30 0 0 4737 0.4 10 0 0 0 57.6 48.4 48.4
4937 0.5 30 0 0 4737 0.4 10 0 0 30 57.8 48.4 48.4
4937 0.5 30 0 0 4737 0.4 10 0 0 60 57.8 48.2 48.2
4937 0.5 30 0 0 4737 0.4 10 0 0 90 57.8 47.9 47.9
4937 0.5 30 0 0 4737 0.4 10 0 0 120 57.5 47.4 47.4
4937 0.5 30 0 0 4737 0.4 10 0 0 150 56.9 46.7 46.7
4937 0.5 30 0 0 4737 0.4 10 0 0 180 56.6 46.1 46.1
4937 0.5 30 0 0 4737 0.4 20 0 0 0 57.4 46.5 46.5
4937 0.5 30 0 0 4737 0.4 20 0 0 30 57.6 46.4 46.4
4937 0.5 30 0 0 4737 0.4 20 0 0 60 57.6 46.2 46.2
4937 0.5 30 0 0 4737 0.4 20 0 0 90 57.6 45.9 45.9
4937 0.5 30 0 0 4737 0.4 20 0 0 120 57.2 45.3 45.3
4937 0.5 30 0 0 4737 0.4 20 0 0 150 56.6 44.6 44.6
4937 0.5 30 0 0 4737 0.4 20 0 0 180 56.3 44.0 44.0
4937 0.5 30 0 0 4737 0.4 30 0 0 0 57.1 45.8 45.8
4937 0.5 30 0 0 4737 0.4 30 0 0 30 57.3 45.8 45.8
4937 0.5 30 0 0 4737 0.4 30 0 0 60 57.3 45.6 45.6
4937 0.5 30 0 0 4737 0.4 30 0 0 90 57.2 45.3 45.3
4937 0.5 30 0 0 4737 0.4 30 0 0 120 56.9 44.6 44.6
4937 0.5 30 0 0 4737 0.4 30 0 0 150 56.2 43.9 43.9
4937 0.5 30 0 0 4737 0.4 30 0 0 180 55.9 43.3 43.3
4937 0.5 30 0 0 4737 0.4 40 0 0 0 56.5 45.9 45.9
4937 0.5 30 0 0 4737 0.4 40 0 0 30 56.7 46.1 46.1
4937 0.5 30 0 0 4737 0.4 40 0 0 60 56.8 46.0 46.0
4937 0.5 30 0 0 4737 0.4 40 0 0 90 56.7 45.7 45.7
4937 0.5 30 0 0 4737 0.4 40 0 0 120 56.3 45.1 45.1
4937 0.5 30 0 0 4737 0.4 40 0 0 150 55.5 44.3 44.3
4937 0.5 30 0 0 4737 0.4 40 0 0 180 55.1 43.6 43.6
4937 0.5 30 0 0 4737 0.4 50 0 0 0 55.6 46.2 46.2
4937 0.5 30 0 0 4737 0.4 50 0 0 30 55.8 46.4 46.4
4937 0.5 30 0 0 4737 0.4 50 0 0 60 55.9 46.4 46.4
4937 0.5 30 0 0 4737 0.4 50 0 0 90 55.9 46.4 46.4
4937 0.5 30 0 0 4737 0.4 50 0 0 120 55.6 46.0 46.0
4937 0.5 30 0 0 4737 0.4 50 0 0 150 54.6 45.2 45.2
4937 0.5 30 0 0 4737 0.4 50 0 0 180 54.0 44.4 44.4
4937 0.5 30 0 0 4737 0.4 60 0 0 0 53.6 46.6 46.6
4937 0.5 30 0 0 4737 0.4 60 0 0 30 53.8 46.8 46.8
4937 0.5 30 0 0 4737 0.4 60 0 0 60 54.0 46.8 46.8
4937 0.5 30 0 0 4737 0.4 60 0 0 90 54.2 46.9 46.9
4937 0.5 30 0 0 4737 0.4 60 0 0 120 54.2 46.8 46.8
4937 0.5 30 0 0 4737 0.4 60 0 0 150 53.2 46.4 46.4
4937 0.5 30 0 0 4737 0.4 60 0 0 180 52.0 45.4 45.4
4937 0.5 30 0 0 4737 0.5 0 0 0 0 56.7 47.1 47.1
4937 0.5 30 0 0 4737 0.5 0 0 0 30 56.8 47.1 47.1
4937 0.5 30 0 0 4737 0.5 0 0 0 60 56.9 47.0 47.0
4937 0.5 30 0 0 4737 0.5 0 0 0 90 56.8 46.8 46.8
4937 0.5 30 0 0 4737 0.5 0 0 0 120 56.6 46.3 46.3
4937 0.5 30 0 0 4737 0.5 0 0 0 150 56.0 45.6 45.6
4937 0.5 30 0 0 4737 0.5 0 0 0 180 55.6 44.7 44.7
4937 0.5 30 0 0 4737 0.5 10 0 0 0 56.7 46.4 46.4
4937 0.5 30 0 0 4737 0.5 10 0 0 30 56.7 46.4 46.4
4937 0.5 30 0 0 4737 0.5 10 0 0 60 56.9 46.2 46.2
4937 0.5 30 0 0 4737 0.5 10 0 0 90 56.8 46.0 46.0
4937 0.5 30 0 0 4737 0.5 10 0 0 120 56.5 45.5 45.5
4937 0.5 30 0 0 4737 0.5 10 0 0 150 55.9 44.7 44.7
4937 0.5 30 0 0 4737 0.5 10 0 0 180 55.5 43.9 43.9
4937 0.5 30 0 0 4737 0.5 20 0 0 0 56.5 45.6 45.6
4937 0.5 30 0 0 4737 0.5 20 0 0 30 56.5 45.6 45.6
4937 0.5 30 0 0 4737 0.5 20 0 0 60 56.7 45.4 45.4
4937 0.5 30 0 0 4737 0.5 20 0 0 90 56.6 45.2 45.2
4937 0.5 30 0 0 4737 0.5 20 0 0 120 56.3 44.7 44.7
4937 0.5 30 0 0 4737 0.5 20 0 0 150 55.6 43.8 43.8
4937 0.5 30 0 0 4737 0.5 20 0 0 180 55.2 42.9 42.9
4937 0.5 30 0 0 4737 0.5 30 0 0 0 56.1 45.4 45.4
4937 0.5 30 0 0 4737 0.5 30 0 0 30 56.2 45.4 45.4
4937 0.5 30 0 0 4737 0.5 30 0 0 60 56.3 45.3 45.3
4937 0.5 30 0 0 4737 0.5 30 0 0 90 56.2 45.1 45.1
4937 0.5 30 0 0 4737 0.5 30 0 0 120 56.0 44.5 44.5
4937 0.5 30 0 0 4737 0.5 30 0 0 150 55.2 43.6 43.6
4937 0.5 30 0 0 4737 0.5 30 0 0 180 54.7 42.6 42.6
4937 0.5 30 0 0 4737 0.5 40 0 0 0 55.4 45.3 45.3
4937 0.5 30 0 0 4737 0.5 40 0 0 30 55.6 45.4 45.4
4937 0.5 30 0 0 4737 0.5 40 0 0 60 55.8 45.4 45.4
4937 0.5 30 0 0 4737 0.5 40 0 0 90 55.7 45.4 45.4
4937 0.5 30 0 0 4737 0.5 40 0 0 120 55.5 44.9 44.9
4937 0.5 30 0 0 4737 0.5 40 0 0 150 54.6 44.0 44.0
4937 0.5 30 0 0 4737 0.5 40 0 0 180 53.9 43.0 43.0
4937 0.5 30 0 0 4737 0.5 50 0 0 0 54.4 45.4 45.4
4937 0.5 30 0 0 4737 0.5 50 0 0 30 54.6 45.6 45.6
4937 0.5 30 0 0 4737 0.5 50 0 0 60 54.8 45.7 45.7
4937 0.5 30 0 0 4737 0.5 50 0 0 90 54.8 45.7 45.7
4937 0.5 30 0 0 4737 0.5 50 0 0 120 54.9 45.5 45.5
4937 0.5 30 0 0 4737 0.5 50 0 0 150 53.7 44.7 44.7
4937 0.5 30 0 0 4737 0.5 50 0 0 180 52.6 43.6 43.6
4937 0.5 30 0 0 4737 0.5 60 0 0 0 52.5 45.6 45.6
4937 0.5 30 0 0 4737 0.5 60 0 0 30 52.7 45.7 45.7
4937 0.5 30 0 0 4737 0.5 60 0 0 60 52.9 45.9 45.9
4937 0.5 30 0 0 4737 0.5 60 0 0 90 53.1 45.9 45.9
4937 0.5 30 0 0 4737 0.5 60 0 0 120 53.3 45.9 45.9
4937 0.5 30 0 0 4737 0.5 60 0 0 150 52.4 45.5 45.5
4937 0.5 30 0 0 4737 0.5 60 0 0 180 50.8 44.4 44.4
4937 0.5 30 0 0 4937 0.0 0 0 0 0 49.4 43.9 43.9
4937 0.5 30 0 0 4937 0.0 0 0 0 30 51.3 46.7 46.7
4937 0.5 30 0 0 4937 0.0 0 0 0 60 56.7 52.3 52.3
4937 0.5 30 0 0 4937 0.0 0 0 0 90 63.5 58.1 58.1
4937 0.5 30 0 0 4937 0.0 0 0 0 120 68.8 61.7 61.7
4937 0.5 30 0 0 4937 0.0 0 0 0 150 72.7 63.3 63.3
4937 0.5 30 0 0 4937 0.0 0 0 0 180 74.2 61.5 61.5
4937 0.5 30 0 0 4937 0.0 10 0 0 0 49.4 43.4 43.4
4937 0.5 30 0 0 4937 0.0 10 0 0 30 51.3 45.8 45.8
4937 0.5 30 0 0 4937 0.0 10 0 0 60 56.5 51.3 51.3
4937 0.5 30 0 0 4937 0.0 10 0 0 90 63.4 56.8 56.8
4937 0.5 30 0 0 4937 0.0 10 0 0 120 68.7 60.4 60.4
4937 0.5 30 0 0 4937 0.0 10 0 0 150 72.7 62.8 62.8
4937 0.5 30 0 0 4937 0.0 10 0 0 180 74.1 62.1 62.1
4937 0.5 30 0 0 4937 0.0 20 0 0 0 49.2 42.4 42.4
4937 0.5 30 0 0 4937 0.0 20 0 0 30 51.1 44.4 44.4
4937 0.5 30 0 0 4937 0.0 20 0 0 60 56.3 49.4 49.4
4937 0.5 30 0 0 4937 0.0 20 0 0 90 63.3 54.6 54.6
4937 0.5 30 0 0 4937 0.0 20 0 0 120 68.6 58.3 58.3
4937 0.5 30 0 0 4937 0.0 20 0 0 150 72.5 60.9 60.9
4937 0.5 30 0 0 4937 0.0 20 0 0 180 73.9 61.6 61.6
4937 0.5 30 0 0 4937 0.0 30 0 0 0 49.0 40.5 40.5
4937 0.5 30 0 0 4937 0.0 30 0 0 30 50.7 42.3 42.3
4937 0.5 30 0 0 4937 0.0 30 0 0 60 55.9 46.0 46.0
4937 0.5 30 0 0 4937 0.0 30 0 0 90 63.0 50.6 50.6
4937 0.5 30 0 0 4937 0.0 30 0 0 120 68.2 54.3 54.3
4937 0.5 30 0 0 4937 0.0 30 0 0 150 72.1 57.1 57.1
4937 0.5 30 0 0 4937 0.0 30 0 0 180 73.5 58.7 58.7
4937 0.5 30 0 0 4937 0.0 40 0 0 0 48.6 40.3 40.3
4937 0.5 30 0 0 4937 0.0 40 0 0 30 50.2 42.1 42.1
4937 0.5 30 0 0 4937 0.0 40 0 0 60 55.4 45.8 45.8
4937 0.5 30 0 0 4937 0.0 40 0 0 90 62.6 49.8 49.8
4937 0.5 30 0 0 4937 0.0 40 0 0 120 67.7 53.4 53.4
4937 0.5 30 0 0 4937 0.0 40 0 0 150 71.4 56.3 56.3
4937 0.5 30 0 0 4937 0.0 40 0 0 180 72.8 58.4 58.4
4937 0.5 30 0 0 4937 0.0 50 0 0 0 48.0 40.7 40.7
4937 0.5 30 0 0 4937 0.0 50 0 0 30 49.6 42.5 42.5
4937 0.5 30 0 0 4937 0.0 50 0 0 60 54.6 46.1 46.1
4937 0.5 30 0 0 4937 0.0 50 0 0 90 61.9 49.8 49.8
4937 0.5 30 0 0 4937 0.0 50 0 0 120 66.8 53.3 53.3
4937 0.5 30 0 0 4937 0.0 50 0 0 150 70.2 56.3 56.3
4937 0.5 30 0 0 4937 0.0 50 0 0 180 71.6 58.8 58.8
4937 0.5 30 0 0 4937 0.0 60 0 0 0 47.1 41.6 41.6
4937 0.5 30 0 0 4937 0.0 60 0 0 30 48.7 43.3 43.3
4937 0.5 30 0 0 4937 0.0 60 0 0 60 53.4 46.9 46.9
4937 0.5 30 0 0 4937 0.0 60 0 0 90 60.7 50.4 50.4
4937 0.5 30 0 0 4937 0.0 60 0 0 120 65.1 53.8 53.8
4937 0.5 30 0 0 4937 0.0 60 0 0 150 68.3 57.0 57.0
4937 0.5 30 0 0 4937 0.0 60 0 0 180 69.6 59.7 59.7
4937 0.5 30 0 0 4937 0.1 0 0 0 0 47.4 41.8 41.8
4937 0.5 30 0 0 4937 0.1 0 0 0 30 49.1 44.7 44.7
4937 0.5 30 0 0 4937 0.1 0 0 0 60 54.0 49.6 49.6
4937 0.5 30 0 0 4937 0.1 0 0 0 90 60.7 55.2 55.2
4937 0.5 30 0 0 4937 0.1 0 0 0 120 66.3 59.4 59.4
4937 0.5 30 0 0 4937 0.1 0 0 0 150 71.1 62.3 62.3
4937 0.5 30 0 0 4937 0.1 0 0 0 180 72.6 60.5 60.5
4937 0.5 30 0 0 4937 0.1 10 0 0 0 47.3 41.3 41.3
4937 0.5 30 0 0 4937 0.1 10 0 0 30 49.0 43.6 43.6
4937 0.5 30 0 0 4937 0.1 10 0 0 60 53.9 48.5 48.5
4937 0.5 30 0 0 4937 0.1 10 0 0 90 60.6 53.9 53.9
4937 0.5 30 0 0 4937 0.1 10 0 0 120 66.3 58.1 58.1
4937 0.5 30 0 0 4937 0.1 10 0 0 150 71.0 61.5 61.5
4937 0.5 30 0 0 4937 0.1 10 0 0 180 72.6 61.1 61.1
4937 0.5 30 0 0 4937 0.1 20 0 0 0 47.1 40.2 40.2
4937 0.5 30 0 0 4937 0.1 20 0 0 30 48.8 42.0 42.0
4937 0.5 30 0 0 4937 0.1 20 0 0 60 53.7 46.6 46.6
4937 0.5 30 0 0 4937 0.1 20 0 0 90 60.4 51.7 51.7
4937 0.5 30 0 0 4937 0.1 20 0 0 120 66.1 55.9 55.9
4937 0.5 30 0 0 4937 0.1 20 0 0 150 70.8 59.5 59.5
4937 0.5 30 0 0 4937 0.1 20 0 0 180 72.3 60.8 60.8
4937 0.5 30 0 0 4937 0.1 30 0 0 0 46.8 38.3 38.3
4937 0.5 30 0 0 4937 0.1 30 0 0 30 48.4 39.8 39.8
4937 0.5 30 0 0 4937 0.1 30 0 0 60 53.3 43.1 43.1
4937 0.5 30 0 0 4937 0.1 30 0 0 90 60.2 47.8 47.8
4937 0.5 30 0 0 4937 0.1 30 0 0 120 65.8 51.9 51.9
4937 0.5 30 0 0 4937 0.1 30 0 0 150 70.4 55.5 55.5
4937 0.5 30 0 0 4937 0.1 30 0 0 180 71.9 58.0 58.0
4937 0.5 30 0 0 4937 0.1 40 0 0 0 46.4 38.3 38.3
4937 0.5 30 0 0 4937 0.1 40 0 0 30 47.9 39.9 39.9
4937 0.5 30 0 0 4937 0.1 40 0 0 60 52.7 43.0 43.0
4937 0.5 30 0 0 4937 0.1 40 0 0 90 59.7 46.9 46.9
4937 0.5 30 0 0 4937 0.1 40 0 0 120 65.2 50.9 50.9
4937 0.5 30 0 0 4937 0.1 40 0 0 150 69.7 54.6 54.6
4937 0.5 30 0 0 4937 0.1 40 0 0 180 71.2 57.6 57.6
4937 0.5 30 0 0 4937 0.1 50 0 0 0 45.7 38.7 38.7
4937 0.5 30 0 0 4937 0.1 50 0 0 30 47.2 40.3 40.3
4937 0.5 30 0 0 4937 0.1 50 0 0 60 52.0 43.4 43.4
4937 0.5 30 0 0 4937 0.1 50 0 0 90 59.1 47.0 47.0
4937 0.5 30 0 0 4937 0.1 50 0 0 120 64.3 50.8 50.8
4937 0.5 30 0 0 4937 0.1 50 0 0 150 68.6 54.6 54.6
4937 0.5 30 0 0 4937 0.1 50 0 0 180 70.0 57.9 57.9
4937 0.5 30 0 0 4937 0.1 60 0 0 0 44.7 39.9 39.9
4937 0.5 30 0 0 4937 0.1 60 0 0 30 46.3 41.2 41.2
4937 0.5 30 0 0 4937 0.1 60 0 0 60 50.8 44.1 44.1
4937 0.5 30 0 0 4937 0.1 60 0 0 90 58.0 47.5 47.5
4937 0.5 30 0 0 4937 0.1 60 0 0 120 62.8 51.3 51.3
4937 0.5 30 0 0 4937 0.1 60 0 0 150 66.8 55.1 55.1
4937 0.5 30 0 0 4937 0.1 60 0 0 180 68.1 58.6 58.6
4937 0.5 30 0 0 4937 0.2 0 0 0 0 45.3 39.9 39.9
4937 0.5 30 0 0 4937 0.2 0 0 0 30 47.0 42.7 42.7
4937 0.5 30 0 0 4937 0.2 0 0 0 60 51.6 47.0 47.0
4937 0.5 30 0 0 4937 0.2 0 0 0 90 57.9 52.1 52.1
4937 0.5 30 0 0 4937 0.2 0 0 0 120 63.7 56.8 56.8
4937 0.5 30 0 0 4937 0.2 0 0 0 150 69.2 60.6 60.6
4937 0.5 30 0 0 4937 0.2 0 0 0 180 70.9 59.4 59.4
4937 0.5 30 0 0 4937 0.2 10 0 0 0 45.2 39.3 39.3
4937 0.5 30 0 0 4937 0.2 10 0 0 30 46.9 41.5 41.5
4937 0.5 30 0 0 4937 0.2 10 0 0 60 51.5 45.9 45.9
4937 0.5 30 0 0 4937 0.2 10 0 0 90 57.8 50.8 50.8
4937 0.5 30 0 0 4937 0.2 10 0 0 120 63.6 55.5 55.5
4937 0.5 30 0 0 4937 0.2 10 0 0 150 69.2 59.9 59.9
4937 0.5 30 0 0 4937 0.2 10 0 0 180 70.8 60.0 60.0
4937 0.5 30 0 0 4937 0.2 20 0 0 0 45.0 37.9 37.9
4937 0.5 30 0 0 4937 0.2 20 0 0 30 46.6 39.6 39.6
4937 0.5 30 0 0 4937 0.2 20 0 0 60 51.2 43.8 43.8
4937 0.5 30 0 0 4937 0.2 20 0 0 90 57.6 48.6 48.6
4937 0.5 30 0 0 4937 0.2 20 0 0 120 63.5 53.3 53.3
4937 0.5 30 0 0 4937 0.2 20 0 0 150 68.9 57.7 57.7
4937 0.5 30 0 0 4937 0.2 20 0 0 180 70.6 59.3 59.3
4937 0.5 30 0 0 4937 0.2 30 0 0 0 44.7 36.1 36.1
4937 0.5 30 0 0 4937 0.2 30 0 0 30 46.2 37.5 37.5
4937 0.5 30 0 0 4937 0.2 30 0 0 60 50.8 40.5 40.5
4937 0.5 30 0 0 4937 0.2 30 0 0 90 57.3 45.0 45.0
4937 0.5 30 0 0 4937 0.2 30 0 0 120 63.1 49.5 49.5
4937 0.5 30 0 0 4937 0.2 30 0 0 150 68.5 54.0 54.0
4937 0.5 30 0 0 4937 0.2 30 0 0 180 70.1 56.8 56.8
4937 0.5 30 0 0 4937 0.2 40 0 0 0 44.1 36.4 36.4
4937 0.5 30 0 0 4937 0.2 40 0 0 30 45.6 37.7 37.7
4937 0.5 30 0 0 4937 0.2 40 0 0 60 50.3 40.4 40.4
4937 0.5 30 0 0 4937 0.2 40 0 0 90 56.9 44.2 44.2
4937 0.5 30 0 0 4937 0.2 40 0 0 120 62.6 48.5 48.5
4937 0.5 30 0 0 4937 0.2 40 0 0 150 67.8 53.0 53.0
4937 0.5 30 0 0 4937 0.2 40 0 0 180 69.4 56.6 56.6
4937 0.5 30 0 0 4937 0.2 50 0 0 0 43.4 36.8 36.8
4937 0.5 30 0 0 4937 0.2 50 0 0 30 44.9 38.2 38.2
4937 0.5 30 0 0 4937 0.2 50 0 0 60 49.5 40.8 40.8
4937 0.5 30 0 0 4937 0.2 50 0 0 90 56.2 44.2 44.2
4937 0.5 30 0 0 4937 0.2 50 0 0 120 61.7 48.3 48.3
4937 0.5 30 0 0 4937 0.2 50 0 0 150 66.8 52.8 52.8
4937 0.5 30 0 0 4937 0.2 50 0 0 180 68.2 56.9 56.9
4937 0.5 30 0 0 4937 0.2 60 0 0 0 42.4 38.2 38.2
4937 0.5 30 0 0 4937 0.2 60 0 0 30 43.9 39.2 39.2
4937 0.5 30 0 0 4937 0.2 60 0 0 60 48.4 41.5 41.5
4937 0.5 30 0 0 4937 0.2 60 0 0 90 55.2 44.7 44.7
4937 0.5 30 0 0 4937 0.2 60 0 0 120 60.2 48.6 48.6
4937 0.5 30 0 0 4937 0.2 60 0 0 150 64.9 53.1 53.1
4937 0.5 30 0 0 4937 0.2 60 0 0 180 66.2 57.5 57.5
4937 0.5 30 0 0 4937 0.3 0 0 0 0 43.2 38.2 38.2
4937 0.5 30 0 0 4937 0.3 0 0 0 30 45.0 40.9 40.9
4937 0.5 30 0 0 4937 0.3 0 0 0 60 49.4 44.4 44.4
4937 0.5 30 0 0 4937 0.3 0 0 0 90 55.1 49.0 49.0
4937 0.5 30 0 0 4937 0.3 0 0 0 120 60.9 53.9 53.9
4937 0.5 30 0 0 4937 0.3 0 0 0 150 67.1 58.6 58.6
4937 0.5 30 0 0 4937 0.3 0 0 0 180 69.1 58.2 58.2
4937 0.5 30 0 0 4937 0.3 10 0 0 0 43.2 37.2 37.2
4937 0.5 30 0 0 4937 0.3 10 0 0 30 44.9 39.6 39.6
4937 0.5 30 0 0 4937 0.3 10 0 0 60 49.3 43.3 43.3
4937 0.5 30 0 0 4937 0.3 10 0 0 90 55.0 47.7 47.7
4937 0.5 30 0 0 4937 0.3 10 0 0 120 60.9 52.7 52.7
4937 0.5 30 0 0 4937 0.3 10 0 0 150 67.0 57.8 57.8
4937 0.5 30 0 0 4937 0.3 10 0 0 180 69.0 58.4 58.4
4937 0.5 30 0 0 4937 0.3 20 0 0 0 42.9 35.6 35.6
4937 0.5 30 0 0 4937 0.3 20 0 0 30 44.6 37.3 37.3
4937 0.5 30 0 0 4937 0.3 20 0 0 60 49.0 41.1 41.1
4937 0.5 30 0 0 4937 0.3 20 0 0 90 54.8 45.4 45.4
4937 0.5 30 0 0 4937 0.3 20 0 0 120 60.7 50.3 50.3
4937 0.5 30 0 0 4937 0.3 20 0 0 150 66.8 55.5 55.5
4937 0.5 30 0 0 4937 0.3 20 0 0 180 68.7 57.4 57.4
4937 0.5 30 0 0 4937 0.3 30 0 0 0 42.5 34.1 34.1
4937 0.5 30 0 0 4937 0.3 30 0 0 30 44.1 35.3 35.3
4937 0.5 30 0 0 4937 0.3 30 0 0 60 48.6 38.1 38.1
4937 0.5 30 0 0 4937 0.3 30 0 0 90 54.5 42.3 42.3
4937 0.5 30 0 0 4937 0.3 30 0 0 120 60.3 47.0 47.0
4937 0.5 30 0 0 4937 0.3 30 0 0 150 66.4 52.3 52.3
4937 0.5 30 0 0 4937 0.3 30 0 0 180 68.3 55.4 55.4
4937 0.5 30 0 0 4937 0.3 40 0 0 0 42.0 34.5 34.5
4937 0.5 30 0 0 4937 0.3 40 0 0 30 43.5 35.6 35.6
4937 0.5 30 0 0 4937 0.3 40 0 0 60 48.1 38.0 38.0
4937 0.5 30 0 0 4937 0.3 40 0 0 90 54.0 41.5 41.5
4937 0.5 30 0 0 4937 0.3 40 0 0 120 59.7 46.0 46.0
4937 0.5 30 0 0 4937 0.3 40 0 0 150 65.7 51.3 51.3
4937 0.5 30 0 0 4937 0.3 40 0 0 180 67.5 55.3 55.3
4937 0.5 30 0 0 4937 0.3 50 0 0 0 41.2 35.0 35.0
4937 0.5 30 0 0 4937 0.3 50 0 0 30 42.8 36.2 36.2
4937 0.5 30 0 0 4937 0.3 50 0 0 60 47.3 38.3 38.3
4937 0.5 30 0 0 4937 0.3 50 0 0 90 53.4 41.5 41.5
4937 0.5 30 0 0 4937 0.3 50 0 0 120 58.9 45.8 45.8
4937 0.5 30 0 0 4937 0.3 50 0 0 150 64.6 51.0 51.0
4937 0.5 30 0 0 4937 0.3 50 0 0 180 66.3 55.7 55.7
4937 0.5 30 0 0 4937 0.3 60 0 0 0 40.6 36.6 36.6
4937 0.5 30 0 0 4937 0.3 60 0 0 30 41.9 37.3 37.3
4937 0.5 30 0 0 4937 0.3 60 0 0 60 46.1 39.2 39.2
4937 0.5 30 0 0 4937 0.3 60 0 0 90 52.3 41.9 41.9
4937 0.5 30 0 0 4937 0.3 60 0 0 120 57.3 45.9 45.9
4937 0.5 30 0 0 4937 0.3 60 0 0 150 62.7 51.1 51.1
4937 0.5 30 0 0 4937 0.3 60 0 0 180 64.1 56.2 56.2
4937 0.5 30 0 0 4937 0.4 0 0 0 0 41.2 37.4 37.4
4937 0.5 30 0 0 4937 0.4 0 0 0 30 43.5 39.0 39.0
4937 0.5 30 0 0 4937 0.4 0 0 0 60 47.4 41.9 41.9
4937 0.5 30 0 0 4937 0.4 0 0 0 90 52.3 45.8 45.8
4937 0.5 30 0 0 4937 0.4 0 0 0 120 58.0 50.8 50.8
4937 0.5 30 0 0 4937 0.4 0 0 0 150 64.8 56.3 56.3
4937 0.5 30 0 0 4937 0.4 0 0 0 180 67.2 56.4 56.4
4937 0.5 30 0 0 4937 0.4 10 0 0 0 41.1 35.6 35.6
4937 0.5 30 0 0 4937 0.4 10 0 0 30 43.4 37.8 37.8
4937 0.5 30 0 0 4937 0.4 10 0 0 60 47.3 40.7 40.7
4937 0.5 30 0 0 4937 0.4 10 0 0 90 52.3 44.6 44.6
4937 0.5 30 0 0 4937 0.4 10 0 0 120 57.9 49.5 49.5
4937 0.5 30 0 0 4937 0.4 10 0 0 150 64.7 55.4 55.4
4937 0.5 30 0 0 4937 0.4 10 0 0 180 67.1 56.5 56.5
4937 0.5 30 0 0 4937 0.4 20 0 0 0 40.9 32.8 32.8
4937 0.5 30 0 0 4937 0.4 20 0 0 30 43.1 35.0 35.0
4937 0.5 30 0 0 4937 0.4 20 0 0 60 47.0 37.9 37.9
4937 0.5 30 0 0 4937 0.4 20 0 0 90 52.0 41.7 41.7
4937 0.5 30 0 0 4937 0.4 20 0 0 120 57.7 46.5 46.5
4937 0.5 30 0 0 4937 0.4 20 0 0 150 64.5 52.7 52.7
4937 0.5 30 0 0 4937 0.4 20 0 0 180 66.8 54.9 54.9
4937 0.5 30 0 0 4937 0.4 30 0 0 0 40.5 32.2 32.2
4937 0.5 30 0 0 4937 0.4 30 0 0 30 42.7 33.4 33.4
4937 0.5 30 0 0 4937 0.4 30 0 0 60 46.6 36.1 36.1
4937 0.5 30 0 0 4937 0.4 30 0 0 90 51.7 39.7 39.7
4937 0.5 30 0 0 4937 0.4 30 0 0 120 57.3 44.5 44.5
4937 0.5 30 0 0 4937 0.4 30 0 0 150 64.0 50.6 50.6
4937 0.5 30 0 0 4937 0.4 30 0 0 180 66.3 54.1 54.1
4937 0.5 30 0 0 4937 0.4 40 0 0 0 40.0 32.7 32.7
4937 0.5 30 0 0 4937 0.4 40 0 0 30 42.2 33.8 33.8
4937 0.5 30 0 0 4937 0.4 40 0 0 60 46.1 35.8 35.8
4937 0.5 30 0 0 4937 0.4 40 0 0 90 51.2 39.0 39.0
4937 0.5 30 0 0 4937 0.4 40 0 0 120 56.7 43.6 43.6
4937 0.5 30 0 0 4937 0.4 40 0 0 150 63.3 49.6 49.6
4937 0.5 30 0 0 4937 0.4 40 0 0 180 65.4 54.2 54.2
4937 0.5 30 0 0 4937 0.4 50 0 0 0 39.4 33.6 33.6
4937 0.5 30 0 0 4937 0.4 50 0 0 30 41.4 34.3 34.3
4937 0.5 30 0 0 4937 0.4 50 0 0 60 45.3 36.1 36.1
4937 0.5 30 0 0 4937 0.4 50 0 0 90 50.5 38.9 38.9
4937 0.5 30 0 0 4937 0.4 50 0 0 120 55.8 43.2 43.2
4937 0.5 30 0 0 4937 0.4 50 0 0 150 62.2 49.1 49.1
4937 0.5 30 0 0 4937 0.4 50 0 0 180 64.1 54.3 54.3
4937 0.5 30 0 0 4937 0.4 60 0 0 0 39.4 35.2 35.2
4937 0.5 30 0 0 4937 0.4 60 0 0 30 40.7 35.6 35.6
4937 0.5 30 0 0 4937 0.4 60 0 0 60 44.2 37.0 37.0
4937 0.5 30 0 0 4937 0.4 60 0 0 90 49.2 39.3 39.3
4937 0.5 30 0 0 4937 0.4 60 0 0 120 54.0 43.2 43.2
4937 0.5 30 0 0 4937 0.4 60 0 0 150 59.9 49.0 49.0
4937 0.5 30 0 0 4937 0.4 60 0 0 180 61.7 54.8 54.8
4937 0.5 30 0 0 4937 0.5 0 0 0 0 40.3 36.9 36.9
4937 0.5 30 0 0 4937 0.5 0 0 0 30 42.7 38.0 38.0
4937 0.5 30 0 0 4937 0.5 0 0 0 60 45.7 39.5 39.5
4937 0.5 30 0 0 4937 0.5 0 0 0 90 49.7 42.5 42.5
4937 0.5 30 0 0 4937 0.5 0 0 0 120 54.9 47.1 47.1
4937 0.5 30 0 0 4937 0.5 0 0 0 150 62.2 53.3 53.3
4937 0.5 30 0 0 4937 0.5 0 0 0 180 65.2 54.2 54.2
4937 0.5 30 0 0 4937 0.5 10 0 0 0 40.1 34.5 34.5
4937 0.5 30 0 0 4937 0.5 10 0 0 30 42.6 35.7 35.7
4937 0.5 30 0 0 4937 0.5 10 0 0 60 45.5 37.8 37.8
4937 0.5 30 0 0 4937 0.5 10 0 0 90 49.6 40.9 40.9
4937 0.5 30 0 0 4937 0.5 10 0 0 120 54.8 45.5 45.5
4937 0.5 30 0 0 4937 0.5 10 0 0 150 62.1 52.2 52.2
4937 0.5 30 0 0 4937 0.5 10 0 0 180 65.1 53.9 53.9
4937 0.5 30 0 0 4937 0.5 20 0 0 0 39.8 31.9 31.9
4937 0.5 30 0 0 4937 0.5 20 0 0 30 42.3 33.5 33.5
4937 0.5 30 0 0 4937 0.5 20 0 0 60 45.3 35.8 35.8
4937 0.5 30 0 0 4937 0.5 20 0 0 90 49.4 38.9 38.9
4937 0.5 30 0 0 4937 0.5 20 0 0 120 54.6 43.4 43.4
4937 0.5 30 0 0 4937 0.5 20 0 0 150 61.9 50.2 50.2
4937 0.5 30 0 0 4937 0.5 20 0 0 180 64.7 53.0 53.0
4937 0.5 30 0 0 4937 0.5 30 0 0 0 39.4 30.7 30.7
4937 0.5 30 0 0 4937 0.5 30 0 0 30 41.9 32.4 32.4
4937 0.5 30 0 0 4937 0.5 30 0 0 60 44.8 34.5 34.5
4937 0.5 30 0 0 4937 0.5 30 0 0 90 49.0 37.5 37.5
4937 0.5 30 0 0 4937 0.5 30 0 0 120 54.1 41.9 41.9
4937 0.5 30 0 0 4937 0.5 30 0 0 150 61.4 48.7 48.7
4937 0.5 30 0 0 4937 0.5 30 0 0 180 64.2 52.8 52.8
4937 0.5 30 0 0 4937 0.5 40 0 0 0 38.9 31.3 31.3
4937 0.5 30 0 0 4937 0.5 40 0 0 30 41.3 32.2 32.2
4937 0.5 30 0 0 4937 0.5 40 0 0 60 44.3 34.0 34.0
4937 0.5 30 0 0 4937 0.5 40 0 0 90 48.4 36.8 36.8
4937 0.5 30 0 0 4937 0.5 40 0 0 120 53.5 41.1 41.1
4937 0.5 30 0 0 4937 0.5 40 0 0 150 60.6 47.7 47.7
4937 0.5 30 0 0 4937 0.5 40 0 0 180 63.3 52.9 52.9
4937 0.5 30 0 0 4937 0.5 50 0 0 0 38.9 32.5 32.5
4937 0.5 30 0 0 4937 0.5 50 0 0 30 40.7 32.9 32.9
4937 0.5 30 0 0 4937 0.5 50 0 0 60 43.4 34.2 34.2
4937 0.5 30 0 0 4937 0.5 50 0 0 90 47.7 36.5 36.5
4937 0.5 30 0 0 4937 0.5 50 0 0 120 52.5 40.6 40.6
4937 0.5 30 0 0 4937 0.5 50 0 0 150 59.4 47.1 47.1
4937 0.5 30 0 0 4937 0.5 50 0 0 180 61.9 53.0 53.0
4937 0.5 30 0 0 4937 0.5 60 0 0 0 39.3 33.9 33.9
4937 0.5 30 0 0 4937 0.5 60 0 0 30 40.4 34.1 34.1
4937 0.5 30 0 0 4937 0.5 60 0 0 60 42.9 35.1 35.1
4937 0.5 30 0 0 4937 0.5 60 0 0 90 46.7 36.9 36.9
4937 0.5 30 0 0 4937 0.5 60 0 0 120 50.8 40.4 40.4
4937 0.5 30 0 0 4937 0.5 60 0 0 150 57.1 46.7 46.7
4937 0.5 30 0 0 4937 0.5 60 0 0 180 59.3 53.3 53.3
