4937 0.5 10 0 0 4737 0.0 0 0 0 0 62.4 54.1 54.1
4937 0.5 10 0 0 4737 0.0 0 0 0 30 62.6 54.1 54.1
4937 0.5 10 0 0 4737 0.0 0 0 0 60 62.5 54.1 54.1
4937 0.5 10 0 0 4737 0.0 0 0 0 90 62.2 53.9 53.9
4937 0.5 10 0 0 4737 0.0 0 0 0 120 61.9 53.6 53.6
4937 0.5 10 0 0 4737 0.0 0 0 0 150 61.5 53.4 53.4
4937 0.5 10 0 0 4737 0.0 0 0 0 180 61.4 53.3 53.3
4937 0.5 10 0 0 4737 0.0 10 0 0 0 62.3 53.9 53.9
4937 0.5 10 0 0 4737 0.0 10 0 0 30 62.5 53.9 53.9
4937 0.5 10 0 0 4737 0.0 10 0 0 60 62.5 53.9 53.9
4937 0.5 10 0 0 4737 0.0 10 0 0 90 62.1 53.7 53.7
4937 0.5 10 0 0 4737 0.0 10 0 0 120 61.8 53.4 53.4
4937 0.5 10 0 0 4737 0.0 10 0 0 150 61.5 53.2 53.2
4937 0.5 10 0 0 4737 0.0 10 0 0 180 61.3 53.1 53.1
4937 0.5 10 0 0 4737 0.0 20 0 0 0 62.1 53.0 53.0
4937 0.5 10 0 0 4737 0.0 20 0 0 30 62.3 53.0 53.0
4937 0.5 10 0 0 4737 0.0 20 0 0 60 62.3 52.9 52.9
4937 0.5 10 0 0 4737 0.0 20 0 0 90 61.9 52.6 52.6
4937 0.5 10 0 0 4737 0.0 20 0 0 120 61.6 52.4 52.4
4937 0.5 10 0 0 4737 0.0 20 0 0 150 61.3 52.2 52.2
4937 0.5 10 0 0 4737 0.0 20 0 0 180 61.1 52.1 52.1
4937 0.5 10 0 0 4737 0.0 30 0 0 0 61.8 51.1 51.1
4937 0.5 10 0 0 4737 0.0 30 0 0 30 62.0 51.0 51.0
4937 0.5 10 0 0 4737 0.0 30 0 0 60 62.0 50.7 50.7
4937 0.5 10 0 0 4737 0.0 30 0 0 90 61.6 50.4 50.4
4937 0.5 10 0 0 4737 0.0 30 0 0 120 61.3 50.0 50.0
4937 0.5 10 0 0 4737 0.0 30 0 0 150 60.9 49.8 49.8
4937 0.5 10 0 0 4737 0.0 30 0 0 180 60.8 49.8 49.8
4937 0.5 10 0 0 4737 0.0 40 0 0 0 61.3 51.1 51.1
4937 0.5 10 0 0 4737 0.0 40 0 0 30 61.5 51.0 51.0
4937 0.5 10 0 0 4737 0.0 40 0 0 60 61.5 50.8 50.8
4937 0.5 10 0 0 4737 0.0 40 0 0 90 61.1 50.4 50.4
4937 0.5 10 0 0 4737 0.0 40 0 0 120 60.7 50.0 50.0
4937 0.5 10 0 0 4737 0.0 40 0 0 150 60.4 49.8 49.8
4937 0.5 10 0 0 4737 0.0 40 0 0 180 60.3 49.8 49.8
4937 0.5 10 0 0 4737 0.0 50 0 0 0 60.5 51.8 51.8
4937 0.5 10 0 0 4737 0.0 50 0 0 30 60.8 51.9 51.9
4937 0.5 10 0 0 4737 0.0 50 0 0 60 60.7 51.6 51.6
4937 0.5 10 0 0 4737 0.0 50 0 0 90 60.3 51.1 51.1
4937 0.5 10 0 0 4737 0.0 50 0 0 120 59.9 50.8 50.8
4937 0.5 10 0 0 4737 0.0 50 0 0 150 59.6 50.5 50.5
4937 0.5 10 0 0 4737 0.0 50 0 0 180 59.5 50.4 50.4
4937 0.5 10 0 0 4737 0.0 60 0 0 0 59.2 52.7 52.7
4937 0.5 10 0 0 4737 0.0 60 0 0 30 59.4 52.8 52.8
4937 0.5 10 0 0 4737 0.0 60 0 0 60 59.3 52.7 52.7
4937 0.5 10 0 0 4737 0.0 60 0 0 90 58.9 52.6 52.6
4937 0.5 10 0 0 4737 0.0 60 0 0 120 58.6 52.3 52.3
4937 0.5 10 0 0 4737 0.0 60 0 0 150 58.3 52.0 52.0
4937 0.5 10 0 0 4737 0.0 60 0 0 180 58.2 51.7 51.7
4937 0.5 10 0 0 4737 0.1 0 0 0 0 61.4 52.9 52.9
4937 0.5 10 0 0 4737 0.1 0 0 0 30 61.6 53.0 53.0
4937 0.5 10 0 0 4737 0.1 0 0 0 60 61.6 53.0 53.0
4937 0.5 10 0 0 4737 0.1 0 0 0 90 61.2 52.8 52.8
4937 0.5 10 0 0 4737 0.1 0 0 0 120 60.9 52.6 52.6
4937 0.5 10 0 0 4737 0.1 0 0 0 150 60.5 52.2 52.2
4937 0.5 10 0 0 4737 0.1 0 0 0 180 60.4 52.0 52.0
4937 0.5 10 0 0 4737 0.1 10 0 0 0 61.3 52.7 52.7
4937 0.5 10 0 0 4737 0.1 10 0 0 30 61.5 52.8 52.8
4937 0.5 10 0 0 4737 0.1 10 0 0 60 61.5 52.7 52.7
4937 0.5 10 0 0 4737 0.1 10 0 0 90 61.2 52.6 52.6
4937 0.5 10 0 0 4737 0.1 10 0 0 120 60.8 52.3 52.3
4937 0.5 10 0 0 4737 0.1 10 0 0 150 60.5 52.1 52.1
4937 0.5 10 0 0 4737 0.1 10 0 0 180 60.3 51.8 51.8
4937 0.5 10 0 0 4737 0.1 20 0 0 0 61.1 51.8 51.8
4937 0.5 10 0 0 4737 0.1 20 0 0 30 61.3 51.9 51.9
4937 0.5 10 0 0 4737 0.1 20 0 0 60 61.3 51.8 51.8
4937 0.5 10 0 0 4737 0.1 20 0 0 90 61.0 51.6 51.6
4937 0.5 10 0 0 4737 0.1 20 0 0 120 60.6 51.3 51.3
4937 0.5 10 0 0 4737 0.1 20 0 0 150 60.3 51.0 51.0
4937 0.5 10 0 0 4737 0.1 20 0 0 180 60.1 50.7 50.7
4937 0.5 10 0 0 4737 0.1 30 0 0 0 60.8 50.0 50.0
4937 0.5 10 0 0 4737 0.1 30 0 0 30 61.0 49.9 49.9
4937 0.5 10 0 0 4737 0.1 30 0 0 60 61.0 49.7 49.7
4937 0.5 10 0 0 4737 0.1 30 0 0 90 60.7 49.3 49.3
4937 0.5 10 0 0 4737 0.1 30 0 0 120 60.3 48.9 48.9
4937 0.5 10 0 0 4737 0.1 30 0 0 150 59.9 48.5 48.5
4937 0.5 10 0 0 4737 0.1 30 0 0 180 59.8 48.4 48.4
4937 0.5 10 0 0 4737 0.1 40 0 0 0 60.3 50.1 50.1
4937 0.5 10 0 0 4737 0.1 40 0 0 30 60.5 50.1 50.1
4937 0.5 10 0 0 4737 0.1 40 0 0 60 60.5 49.8 49.8
4937 0.5 10 0 0 4737 0.1 40 0 0 90 60.1 49.5 49.5
4937 0.5 10 0 0 4737 0.1 40 0 0 120 59.7 49.1 49.1
4937 0.5 10 0 0 4737 0.1 40 0 0 150 59.3 48.6 48.6
4937 0.5 10 0 0 4737 0.1 40 0 0 180 59.2 48.5 48.5
4937 0.5 10 0 0 4737 0.1 50 0 0 0 59.5 50.7 50.7
4937 0.5 10 0 0 4737 0.1 50 0 0 30 59.7 50.9 50.9
4937 0.5 10 0 0 4737 0.1 50 0 0 60 59.7 50.8 50.8
4937 0.5 10 0 0 4737 0.1 50 0 0 90 59.3 50.4 50.4
4937 0.5 10 0 0 4737 0.1 50 0 0 120 58.9 49.9 49.9
4937 0.5 10 0 0 4737 0.1 50 0 0 150 58.5 49.5 49.5
4937 0.5 10 0 0 4737 0.1 50 0 0 180 58.3 49.1 49.1
4937 0.5 10 0 0 4737 0.1 60 0 0 0 58.0 51.6 51.6
4937 0.5 10 0 0 4737 0.1 60 0 0 30 58.4 51.8 51.8
4937 0.5 10 0 0 4737 0.1 60 0 0 60 58.4 51.7 51.7
4937 0.5 10 0 0 4737 0.1 60 0 0 90 58.1 51.6 51.6
4937 0.5 10 0 0 4737 0.1 60 0 0 120 57.6 51.4 51.4
4937 0.5 10 0 0 4737 0.1 60 0 0 150 57.2 51.1 51.1
4937 0.5 10 0 0 4737 0.1 60 0 0 180 57.0 50.6 50.6
4937 0.5 10 0 0 4737 0.2 0 0 0 0 60.4 51.7 51.7
4937 0.5 10 0 0 4737 0.2 0 0 0 30 60.6 51.8 51.8
4937 0.5 10 0 0 4737 0.2 0 0 0 60 60.6 51.7 51.7
4937 0.5 10 0 0 4737 0.2 0 0 0 90 60.3 51.6 51.6
4937 0.5 10 0 0 4737 0.2 0 0 0 120 60.0 51.4 51.4
4937 0.5 10 0 0 4737 0.2 0 0 0 150 59.5 51.1 51.1
4937 0.5 10 0 0 4737 0.2 0 0 0 180 59.4 50.7 50.7
4937 0.5 10 0 0 4737 0.2 10 0 0 0 60.3 51.4 51.4
4937 0.5 10 0 0 4737 0.2 10 0 0 30 60.5 51.5 51.5
4937 0.5 10 0 0 4737 0.2 10 0 0 60 60.5 51.5 51.5
4937 0.5 10 0 0 4737 0.2 10 0 0 90 60.3 51.4 51.4
4937 0.5 10 0 0 4737 0.2 10 0 0 120 59.9 51.2 51.2
4937 0.5 10 0 0 4737 0.2 10 0 0 150 59.5 50.8 50.8
4937 0.5 10 0 0 4737 0.2 10 0 0 180 59.3 50.5 50.5
4937 0.5 10 0 0 4737 0.2 20 0 0 0 60.1 50.5 50.5
4937 0.5 10 0 0 4737 0.2 20 0 0 30 60.3 50.6 50.6
4937 0.5 10 0 0 4737 0.2 20 0 0 60 60.3 50.7 50.7
4937 0.5 10 0 0 4737 0.2 20 0 0 90 60.1 50.5 50.5
4937 0.5 10 0 0 4737 0.2 20 0 0 120 59.7 50.1 50.1
4937 0.5 10 0 0 4737 0.2 20 0 0 150 59.2 49.6 49.6
4937 0.5 10 0 0 4737 0.2 20 0 0 180 59.1 49.3 49.3
4937 0.5 10 0 0 4737 0.2 30 0 0 0 59.8 49.1 49.1
4937 0.5 10 0 0 4737 0.2 30 0 0 30 60.0 49.0 49.0
4937 0.5 10 0 0 4737 0.2 30 0 0 60 60.0 48.8 48.8
4937 0.5 10 0 0 4737 0.2 30 0 0 90 59.7 48.5 48.5
4937 0.5 10 0 0 4737 0.2 30 0 0 120 59.3 48.0 48.0
4937 0.5 10 0 0 4737 0.2 30 0 0 150 58.9 47.4 47.4
4937 0.5 10 0 0 4737 0.2 30 0 0 180 58.7 47.1 47.1
4937 0.5 10 0 0 4737 0.2 40 0 0 0 59.2 49.2 49.2
4937 0.5 10 0 0 4737 0.2 40 0 0 30 59.4 49.2 49.2
4937 0.5 10 0 0 4737 0.2 40 0 0 60 59.5 49.1 49.1
4937 0.5 10 0 0 4737 0.2 40 0 0 90 59.2 48.7 48.7
4937 0.5 10 0 0 4737 0.2 40 0 0 120 58.8 48.2 48.2
4937 0.5 10 0 0 4737 0.2 40 0 0 150 58.3 47.6 47.6
4937 0.5 10 0 0 4737 0.2 40 0 0 180 58.1 47.2 47.2
4937 0.5 10 0 0 4737 0.2 50 0 0 0 58.5 49.6 49.6
4937 0.5 10 0 0 4737 0.2 50 0 0 30 58.7 49.8 49.8
4937 0.5 10 0 0 4737 0.2 50 0 0 60 58.7 49.9 49.9
4937 0.5 10 0 0 4737 0.2 50 0 0 90 58.5 49.7 49.7
4937 0.5 10 0 0 4737 0.2 50 0 0 120 58.0 49.2 49.2
4937 0.5 10 0 0 4737 0.2 50 0 0 150 57.4 48.6 48.6
4937 0.5 10 0 0 4737 0.2 50 0 0 180 57.1 48.1 48.1
4937 0.5 10 0 0 4737 0.2 60 0 0 0 56.9 50.3 50.3
4937 0.5 10 0 0 4737 0.2 60 0 0 30 57.3 50.6 50.6
4937 0.5 10 0 0 4737 0.2 60 0 0 60 57.4 50.7 50.7
4937 0.5 10 0 0 4737 0.2 60 0 0 90 57.3 50.6 50.6
4937 0.5 10 0 0 4737 0.2 60 0 0 120 56.7 50.4 50.4
4937 0.5 10 0 0 4737 0.2 60 0 0 150 56.0 50.1 50.1
4937 0.5 10 0 0 4737 0.2 60 0 0 180 55.7 49.5 49.5
4937 0.5 10 0 0 4737 0.3 0 0 0 0 59.4 50.4 50.4
4937 0.5 10 0 0 4737 0.3 0 0 0 30 59.5 50.5 50.5
4937 0.5 10 0 0 4737 0.3 0 0 0 60 59.5 50.5 50.5
4937 0.5 10 0 0 4737 0.3 0 0 0 90 59.4 50.4 50.4
4937 0.5 10 0 0 4737 0.3 0 0 0 120 59.1 50.2 50.2
4937 0.5 10 0 0 4737 0.3 0 0 0 150 58.6 49.8 49.8
4937 0.5 10 0 0 4737 0.3 0 0 0 180 58.3 49.3 49.3
4937 0.5 10 0 0 4737 0.3 10 0 0 0 59.3 50.1 50.1
4937 0.5 10 0 0 4737 0.3 10 0 0 30 59.5 50.2 50.2
4937 0.5 10 0 0 4737 0.3 10 0 0 60 59.5 50.3 50.3
4937 0.5 10 0 0 4737 0.3 10 0 0 90 59.3 50.2 50.2
4937 0.5 10 0 0 4737 0.3 10 0 0 120 59.0 50.0 50.0
4937 0.5 10 0 0 4737 0.3 10 0 0 150 58.5 49.6 49.6
4937 0.5 10 0 0 4737 0.3 10 0 0 180 58.2 49.0 49.0
4937 0.5 10 0 0 4737 0.3 20 0 0 0 59.1 49.1 49.1
4937 0.5 10 0 0 4737 0.3 20 0 0 30 59.3 49.2 49.2
4937 0.5 10 0 0 4737 0.3 20 0 0 60 59.3 49.4 49.4
4937 0.5 10 0 0 4737 0.3 20 0 0 90 59.2 49.2 49.2
4937 0.5 10 0 0 4737 0.3 20 0 0 120 58.8 48.8 48.8
4937 0.5 10 0 0 4737 0.3 20 0 0 150 58.2 48.2 48.2
4937 0.5 10 0 0 4737 0.3 20 0 0 180 58.0 47.5 47.5
4937 0.5 10 0 0 4737 0.3 30 0 0 0 58.8 48.1 48.1
4937 0.5 10 0 0 4737 0.3 30 0 0 30 58.9 48.2 48.2
4937 0.5 10 0 0 4737 0.3 30 0 0 60 58.9 48.1 48.1
4937 0.5 10 0 0 4737 0.3 30 0 0 90 58.8 47.8 47.8
4937 0.5 10 0 0 4737 0.3 30 0 0 120 58.4 47.2 47.2
4937 0.5 10 0 0 4737 0.3 30 0 0 150 57.8 46.5 46.5
4937 0.5 10 0 0 4737 0.3 30 0 0 180 57.6 45.9 45.9
4937 0.5 10 0 0 4737 0.3 40 0 0 0 58.2 48.2 48.2
4937 0.5 10 0 0 4737 0.3 40 0 0 30 58.4 48.3 48.3
4937 0.5 10 0 0 4737 0.3 40 0 0 60 58.5 48.4 48.4
4937 0.5 10 0 0 4737 0.3 40 0 0 90 58.3 48.1 48.1
4937 0.5 10 0 0 4737 0.3 40 0 0 120 57.9 47.6 47.6
4937 0.5 10 0 0 4737 0.3 40 0 0 150 57.2 46.9 46.9
4937 0.5 10 0 0 4737 0.3 40 0 0 180 57.0 46.3 46.3
4937 0.5 10 0 0 4737 0.3 50 0 0 0 57.4 48.5 48.5
4937 0.5 10 0 0 4737 0.3 50 0 0 30 57.6 48.8 48.8
4937 0.5 10 0 0 4737 0.3 50 0 0 60 57.7 48.9 48.9
4937 0.5 10 0 0 4737 0.3 50 0 0 90 57.6 48.9 48.9
4937 0.5 10 0 0 4737 0.3 50 0 0 120 57.1 48.5 48.5
4937 0.5 10 0 0 4737 0.3 50 0 0 150 56.3 47.8 47.8
4937 0.5 10 0 0 4737 0.3 50 0 0 180 56.0 47.1 47.1
4937 0.5 10 0 0 4737 0.3 60 0 0 0 55.8 49.1 49.1
4937 0.5 10 0 0 4737 0.3 60 0 0 30 56.0 49.3 49.3
4937 0.5 10 0 0 4737 0.3 60 0 0 60 56.2 49.5 49.5
4937 0.5 10 0 0 4737 0.3 60 0 0 90 56.3 49.5 49.5
4937 0.5 10 0 0 4737 0.3 60 0 0 120 55.9 49.4 49.4
4937 0.5 10 0 0 4737 0.3 60 0 0 150 55.0 49.1 49.1
4937 0.5 10 0 0 4737 0.3 60 0 0 180 54.3 48.4 48.4
4937 0.5 10 0 0 4737 0.4 0 0 0 0 58.4 49.1 49.1
4937 0.5 10 0 0 4737 0.4 0 0 0 30 58.6 49.1 49.1
4937 0.5 10 0 0 4737 0.4 0 0 0 60 58.6 49.2 49.2
4937 0.5 10 0 0 4737 0.4 0 0 0 90 58.5 49.2 49.2
4937 0.5 10 0 0 4737 0.4 0 0 0 120 58.1 49.0 49.0
4937 0.5 10 0 0 4737 0.4 0 0 0 150 57.6 48.5 48.5
4937 0.5 10 0 0 4737 0.4 0 0 0 180 57.3 47.8 47.8
4937 0.5 10 0 0 4737 0.4 10 0 0 0 58.3 48.7 48.7
4937 0.5 10 0 0 4737 0.4 10 0 0 30 58.5 48.9 48.9
4937 0.5 10 0 0 4737 0.4 10 0 0 60 58.5 49.0 49.0
4937 0.5 10 0 0 4737 0.4 10 0 0 90 58.4 48.9 48.9
4937 0.5 10 0 0 4737 0.4 10 0 0 120 58.1 48.7 48.7
4937 0.5 10 0 0 4737 0.4 10 0 0 150 57.5 48.2 48.2
4937 0.5 10 0 0 4737 0.4 10 0 0 180 57.2 47.5 47.5
4937 0.5 10 0 0 4737 0.4 20 0 0 0 58.1 47.6 47.6
4937 0.5 10 0 0 4737 0.4 20 0 0 30 58.3 47.8 47.8
4937 0.5 10 0 0 4737 0.4 20 0 0 60 58.3 47.9 47.9
4937 0.5 10 0 0 4737 0.4 20 0 0 90 58.2 47.9 47.9
4937 0.5 10 0 0 4737 0.4 20 0 0 120 57.9 47.3 47.3
4937 0.5 10 0 0 4737 0.4 20 0 0 150 57.3 46.5 46.5
4937 0.5 10 0 0 4737 0.4 20 0 0 180 56.9 45.5 45.5
4937 0.5 10 0 0 4737 0.4 30 0 0 0 57.8 47.4 47.4
4937 0.5 10 0 0 4737 0.4 30 0 0 30 58.0 47.5 47.5
4937 0.5 10 0 0 4737 0.4 30 0 0 60 58.0 47.5 47.5
4937 0.5 10 0 0 4737 0.4 30 0 0 90 57.9 47.3 47.3
4937 0.5 10 0 0 4737 0.4 30 0 0 120 57.5 46.7 46.7
4937 0.5 10 0 0 4737 0.4 30 0 0 150 56.8 45.8 45.8
4937 0.5 10 0 0 4737 0.4 30 0 0 180 56.4 44.9 44.9
4937 0.5 10 0 0 4737 0.4 40 0 0 0 57.2 47.3 47.3
4937 0.5 10 0 0 4737 0.4 40 0 0 30 57.4 47.5 47.5
4937 0.5 10 0 0 4737 0.4 40 0 0 60 57.5 47.6 47.6
4937 0.5 10 0 0 4737 0.4 40 0 0 90 57.4 47.7 47.7
4937 0.5 10 0 0 4737 0.4 40 0 0 120 57.0 47.1 47.1
4937 0.5 10 0 0 4737 0.4 40 0 0 150 56.2 46.2 46.2
4937 0.5 10 0 0 4737 0.4 40 0 0 180 55.8 45.3 45.3
4937 0.5 10 0 0 4737 0.4 50 0 0 0 56.3 47.6 47.6
4937 0.5 10 0 0 4737 0.4 50 0 0 30 56.6 47.7 47.7
4937 0.5 10 0 0 4737 0.4 50 0 0 60 56.7 47.9 47.9
4937 0.5 10 0 0 4737 0.4 50 0 0 90 56.7 48.1 48.1
4937 0.5 10 0 0 4737 0.4 50 0 0 120 56.4 47.9 47.9
4937 0.5 10 0 0 4737 0.4 50 0 0 150 55.3 47.2 47.2
4937 0.5 10 0 0 4737 0.4 50 0 0 180 54.7 46.2 46.2
4937 0.5 10 0 0 4737 0.4 60 0 0 0 54.4 48.0 48.0
4937 0.5 10 0 0 4737 0.4 60 0 0 30 54.6 48.1 48.1
4937 0.5 10 0 0 4737 0.4 60 0 0 60 54.8 48.3 48.3
4937 0.5 10 0 0 4737 0.4 60 0 0 90 55.1 48.5 48.5
4937 0.5 10 0 0 4737 0.4 60 0 0 120 55.1 48.4 48.4
4937 0.5 10 0 0 4737 0.4 60 0 0 150 54.1 48.1 48.1
4937 0.5 10 0 0 4737 0.4 60 0 0 180 52.8 47.3 47.3
4937 0.5 10 0 0 4737 0.5 0 0 0 0 57.5 47.3 47.3
4937 0.5 10 0 0 4737 0.5 0 0 0 30 57.5 47.3 47.3
4937 0.5 10 0 0 4737 0.5 0 0 0 60 57.6 47.4 47.4
4937 0.5 10 0 0 4737 0.5 0 0 0 90 57.5 47.4 47.4
4937 0.5 10 0 0 4737 0.5 0 0 0 120 57.3 47.3 47.3
4937 0.5 10 0 0 4737 0.5 0 0 0 150 56.6 46.9 46.9
4937 0.5 10 0 0 4737 0.5 0 0 0 180 56.2 45.9 45.9
4937 0.5 10 0 0 4737 0.5 10 0 0 0 57.4 46.8 46.8
4937 0.5 10 0 0 4737 0.5 10 0 0 30 57.5 46.9 46.9
4937 0.5 10 0 0 4737 0.5 10 0 0 60 57.6 47.0 47.0
4937 0.5 10 0 0 4737 0.5 10 0 0 90 57.5 47.1 47.1
4937 0.5 10 0 0 4737 0.5 10 0 0 120 57.2 46.9 46.9
4937 0.5 10 0 0 4737 0.5 10 0 0 150 56.5 46.4 46.4
4937 0.5 10 0 0 4737 0.5 10 0 0 180 56.1 45.2 45.2
4937 0.5 10 0 0 4737 0.5 20 0 0 0 57.2 46.8 46.8
4937 0.5 10 0 0 4737 0.5 20 0 0 30 57.3 47.0 47.0
4937 0.5 10 0 0 4737 0.5 20 0 0 60 57.4 47.1 47.1
4937 0.5 10 0 0 4737 0.5 20 0 0 90 57.3 47.1 47.1
4937 0.5 10 0 0 4737 0.5 20 0 0 120 57.0 46.6 46.6
4937 0.5 10 0 0 4737 0.5 20 0 0 150 56.3 45.6 45.6
4937 0.5 10 0 0 4737 0.5 20 0 0 180 55.8 44.4 44.4
4937 0.5 10 0 0 4737 0.5 30 0 0 0 56.8 46.7 46.7
4937 0.5 10 0 0 4737 0.5 30 0 0 30 56.9 46.9 46.9
4937 0.5 10 0 0 4737 0.5 30 0 0 60 57.1 47.0 47.0
4937 0.5 10 0 0 4737 0.5 30 0 0 90 57.0 47.0 47.0
4937 0.5 10 0 0 4737 0.5 30 0 0 120 56.7 46.5 46.5
4937 0.5 10 0 0 4737 0.5 30 0 0 150 55.9 45.5 45.5
4937 0.5 10 0 0 4737 0.5 30 0 0 180 55.3 44.2 44.2
4937 0.5 10 0 0 4737 0.5 40 0 0 0 56.2 46.7 46.7
4937 0.5 10 0 0 4737 0.5 40 0 0 30 56.4 46.8 46.8
4937 0.5 10 0 0 4737 0.5 40 0 0 60 56.5 46.9 46.9
4937 0.5 10 0 0 4737 0.5 40 0 0 90 56.5 47.0 47.0
4937 0.5 10 0 0 4737 0.5 40 0 0 120 56.3 46.9 46.9
4937 0.5 10 0 0 4737 0.5 40 0 0 150 55.3 46.0 46.0
4937 0.5 10 0 0 4737 0.5 40 0 0 180 54.5 44.7 44.7
4937 0.5 10 0 0 4737 0.5 50 0 0 0 55.2 46.7 46.7
4937 0.5 10 0 0 4737 0.5 50 0 0 30 55.4 46.9 46.9
4937 0.5 10 0 0 4737 0.5 50 0 0 60 55.6 47.0 47.0
4937 0.5 10 0 0 4737 0.5 50 0 0 90 55.7 47.2 47.2
4937 0.5 10 0 0 4737 0.5 50 0 0 120 55.7 47.2 47.2
4937 0.5 10 0 0 4737 0.5 50 0 0 150 54.5 46.7 46.7
4937 0.5 10 0 0 4737 0.5 50 0 0 180 53.2 45.4 45.4
4937 0.5 10 0 0 4737 0.5 60 0 0 0 53.3 46.9 46.9
4937 0.5 10 0 0 4737 0.5 60 0 0 30 53.5 47.0 47.0
4937 0.5 10 0 0 4737 0.5 60 0 0 60 53.7 47.2 47.2
4937 0.5 10 0 0 4737 0.5 60 0 0 90 54.0 47.3 47.3
4937 0.5 10 0 0 4737 0.5 60 0 0 120 54.2 47.4 47.4
4937 0.5 10 0 0 4737 0.5 60 0 0 150 53.3 47.2 47.2
4937 0.5 10 0 0 4737 0.5 60 0 0 180 51.6 46.3 46.3
4937 0.5 10 0 0 4937 0.0 0 0 0 0 49.4 43.7 43.7
4937 0.5 10 0 0 4937 0.0 0 0 0 30 51.3 45.8 45.8
4937 0.5 10 0 0 4937 0.0 0 0 0 60 56.9 51.2 51.2
4937 0.5 10 0 0 4937 0.0 0 0 0 90 64.2 56.8 56.8
4937 0.5 10 0 0 4937 0.0 0 0 0 120 69.7 61.3 61.3
4937 0.5 10 0 0 4937 0.0 0 0 0 150 73.7 64.2 64.2
4937 0.5 10 0 0 4937 0.0 0 0 0 180 75.1 64.2 64.2
4937 0.5 10 0 0 4937 0.0 10 0 0 0 49.4 43.6 43.6
4937 0.5 10 0 0 4937 0.0 10 0 0 30 51.2 45.5 45.5
4937 0.5 10 0 0 4937 0.0 10 0 0 60 56.8 50.3 50.3
4937 0.5 10 0 0 4937 0.0 10 0 0 90 64.2 55.9 55.9
4937 0.5 10 0 0 4937 0.0 10 0 0 120 69.6 60.2 60.2
4937 0.5 10 0 0 4937 0.0 10 0 0 150 73.7 63.1 63.1
4937 0.5 10 0 0 4937 0.0 10 0 0 180 75.1 64.4 64.4
4937 0.5 10 0 0 4937 0.0 20 0 0 0 49.2 43.2 43.2
4937 0.5 10 0 0 4937 0.0 20 0 0 30 51.1 45.0 45.0
4937 0.5 10 0 0 4937 0.0 20 0 0 60 56.5 49.2 49.2
4937 0.5 10 0 0 4937 0.0 20 0 0 90 64.0 54.1 54.1
4937 0.5 10 0 0 4937 0.0 20 0 0 120 69.5 58.1 58.1
4937 0.5 10 0 0 4937 0.0 20 0 0 150 73.4 61.1 61.1
4937 0.5 10 0 0 4937 0.0 20 0 0 180 74.8 62.9 62.9
4937 0.5 10 0 0 4937 0.0 30 0 0 0 49.0 42.8 42.8
4937 0.5 10 0 0 4937 0.0 30 0 0 30 50.7 44.7 44.7
4937 0.5 10 0 0 4937 0.0 30 0 0 60 56.1 47.8 47.8
4937 0.5 10 0 0 4937 0.0 30 0 0 90 63.7 50.7 50.7
4937 0.5 10 0 0 4937 0.0 30 0 0 120 69.1 54.2 54.2
4937 0.5 10 0 0 4937 0.0 30 0 0 150 73.0 57.1 57.1
4937 0.5 10 0 0 4937 0.0 30 0 0 180 74.4 59.4 59.4
4937 0.5 10 0 0 4937 0.0 40 0 0 0 48.6 42.9 42.9
4937 0.5 10 0 0 4937 0.0 40 0 0 30 50.3 44.7 44.7
4937 0.5 10 0 0 4937 0.0 40 0 0 60 55.6 47.6 47.6
4937 0.5 10 0 0 4937 0.0 40 0 0 90 63.3 50.2 50.2
4937 0.5 10 0 0 4937 0.0 40 0 0 120 68.6 53.3 53.3
4937 0.5 10 0 0 4937 0.0 40 0 0 150 72.3 56.2 56.2
4937 0.5 10 0 0 4937 0.0 40 0 0 180 73.6 58.7 58.7
4937 0.5 10 0 0 4937 0.0 50 0 0 0 48.0 43.4 43.4
4937 0.5 10 0 0 4937 0.0 50 0 0 30 49.7 45.1 45.1
4937 0.5 10 0 0 4937 0.0 50 0 0 60 54.8 47.9 47.9
4937 0.5 10 0 0 4937 0.0 50 0 0 90 62.7 50.4 50.4
4937 0.5 10 0 0 4937 0.0 50 0 0 120 67.7 53.3 53.3
4937 0.5 10 0 0 4937 0.0 50 0 0 150 71.2 56.2 56.2
4937 0.5 10 0 0 4937 0.0 50 0 0 180 72.4 58.8 58.8
4937 0.5 10 0 0 4937 0.0 60 0 0 0 47.2 44.9 44.9
4937 0.5 10 0 0 4937 0.0 60 0 0 30 48.9 46.1 46.1
4937 0.5 10 0 0 4937 0.0 60 0 0 60 53.7 48.7 48.7
4937 0.5 10 0 0 4937 0.0 60 0 0 90 61.6 51.1 51.1
4937 0.5 10 0 0 4937 0.0 60 0 0 120 66.1 53.9 53.9
4937 0.5 10 0 0 4937 0.0 60 0 0 150 69.3 56.7 56.7
4937 0.5 10 0 0 4937 0.0 60 0 0 180 70.4 59.4 59.4
4937 0.5 10 0 0 4937 0.1 0 0 0 0 47.3 41.6 41.6
4937 0.5 10 0 0 4937 0.1 0 0 0 30 49.1 43.5 43.5
4937 0.5 10 0 0 4937 0.1 0 0 0 60 54.3 48.4 48.4
4937 0.5 10 0 0 4937 0.1 0 0 0 90 61.3 53.8 53.8
4937 0.5 10 0 0 4937 0.1 0 0 0 120 67.1 58.8 58.8
4937 0.5 10 0 0 4937 0.1 0 0 0 150 72.0 62.7 62.7
4937 0.5 10 0 0 4937 0.1 0 0 0 180 73.6 63.3 63.3
4937 0.5 10 0 0 4937 0.1 10 0 0 0 47.3 41.4 41.4
4937 0.5 10 0 0 4937 0.1 10 0 0 30 49.0 43.1 43.1
4937 0.5 10 0 0 4937 0.1 10 0 0 60 54.1 47.5 47.5
4937 0.5 10 0 0 4937 0.1 10 0 0 90 61.2 52.9 52.9
4937 0.5 10 0 0 4937 0.1 10 0 0 120 67.1 57.7 57.7
4937 0.5 10 0 0 4937 0.1 10 0 0 150 72.0 61.6 61.6
4937 0.5 10 0 0 4937 0.1 10 0 0 180 73.5 63.6 63.6
4937 0.5 10 0 0 4937 0.1 20 0 0 0 47.1 41.0 41.0
4937 0.5 10 0 0 4937 0.1 20 0 0 30 48.8 42.6 42.6
4937 0.5 10 0 0 4937 0.1 20 0 0 60 53.9 46.3 46.3
4937 0.5 10 0 0 4937 0.1 20 0 0 90 61.1 51.2 51.2
4937 0.5 10 0 0 4937 0.1 20 0 0 120 66.9 55.6 55.6
4937 0.5 10 0 0 4937 0.1 20 0 0 150 71.8 59.4 59.4
4937 0.5 10 0 0 4937 0.1 20 0 0 180 73.3 62.2 62.2
4937 0.5 10 0 0 4937 0.1 30 0 0 0 46.8 40.8 40.8
4937 0.5 10 0 0 4937 0.1 30 0 0 30 48.4 42.4 42.4
4937 0.5 10 0 0 4937 0.1 30 0 0 60 53.5 44.9 44.9
4937 0.5 10 0 0 4937 0.1 30 0 0 90 60.8 47.8 47.8
4937 0.5 10 0 0 4937 0.1 30 0 0 120 66.6 51.8 51.8
4937 0.5 10 0 0 4937 0.1 30 0 0 150 71.4 55.5 55.5
4937 0.5 10 0 0 4937 0.1 30 0 0 180 72.8 58.5 58.5
4937 0.5 10 0 0 4937 0.1 40 0 0 0 46.4 41.0 41.0
4937 0.5 10 0 0 4937 0.1 40 0 0 30 47.9 42.5 42.5
4937 0.5 10 0 0 4937 0.1 40 0 0 60 52.9 44.9 44.9
4937 0.5 10 0 0 4937 0.1 40 0 0 90 60.4 47.5 47.5
4937 0.5 10 0 0 4937 0.1 40 0 0 120 66.1 50.9 50.9
4937 0.5 10 0 0 4937 0.1 40 0 0 150 70.7 54.5 54.5
4937 0.5 10 0 0 4937 0.1 40 0 0 180 72.1 57.6 57.6
4937 0.5 10 0 0 4937 0.1 50 0 0 0 45.7 41.6 41.6
4937 0.5 10 0 0 4937 0.1 50 0 0 30 47.3 42.9 42.9
4937 0.5 10 0 0 4937 0.1 50 0 0 60 52.2 45.3 45.3
4937 0.5 10 0 0 4937 0.1 50 0 0 90 59.8 47.8 47.8
4937 0.5 10 0 0 4937 0.1 50 0 0 120 65.3 50.9 50.9
4937 0.5 10 0 0 4937 0.1 50 0 0 150 69.6 54.4 54.4
4937 0.5 10 0 0 4937 0.1 50 0 0 180 70.9 57.7 57.7
4937 0.5 10 0 0 4937 0.1 60 0 0 0 44.9 43.4 43.4
4937 0.5 10 0 0 4937 0.1 60 0 0 30 46.4 44.2 44.2
4937 0.5 10 0 0 4937 0.1 60 0 0 60 51.0 46.2 46.2
4937 0.5 10 0 0 4937 0.1 60 0 0 90 58.8 48.4 48.4
4937 0.5 10 0 0 4937 0.1 60 0 0 120 63.7 51.4 51.4
4937 0.5 10 0 0 4937 0.1 60 0 0 150 67.7 54.8 54.8
4937 0.5 10 0 0 4937 0.1 60 0 0 180 68.8 58.2 58.2
4937 0.5 10 0 0 4937 0.2 0 0 0 0 45.3 39.4 39.4
4937 0.5 10 0 0 4937 0.2 0 0 0 30 46.9 41.2 41.2
4937 0.5 10 0 0 4937 0.2 0 0 0 60 51.8 45.7 45.7
4937 0.5 10 0 0 4937 0.2 0 0 0 90 58.4 50.8 50.8
4937 0.5 10 0 0 4937 0.2 0 0 0 120 64.5 56.1 56.1
4937 0.5 10 0 0 4937 0.2 0 0 0 150 70.1 61.0 61.0
4937 0.5 10 0 0 4937 0.2 0 0 0 180 71.9 62.1 62.1
4937 0.5 10 0 0 4937 0.2 10 0 0 0 45.2 39.2 39.2
4937 0.5 10 0 0 4937 0.2 10 0 0 30 46.8 40.7 40.7
4937 0.5 10 0 0 4937 0.2 10 0 0 60 51.7 44.8 44.8
4937 0.5 10 0 0 4937 0.2 10 0 0 90 58.3 49.9 49.9
4937 0.5 10 0 0 4937 0.2 10 0 0 120 64.4 55.0 55.0
4937 0.5 10 0 0 4937 0.2 10 0 0 150 70.1 59.8 59.8
4937 0.5 10 0 0 4937 0.2 10 0 0 180 71.8 62.1 62.1
4937 0.5 10 0 0 4937 0.2 20 0 0 0 45.0 38.8 38.8
4937 0.5 10 0 0 4937 0.2 20 0 0 30 46.6 40.3 40.3
4937 0.5 10 0 0 4937 0.2 20 0 0 60 51.5 43.5 43.5
4937 0.5 10 0 0 4937 0.2 20 0 0 90 58.1 48.2 48.2
4937 0.5 10 0 0 4937 0.2 20 0 0 120 64.2 52.9 52.9
4937 0.5 10 0 0 4937 0.2 20 0 0 150 69.9 57.5 57.5
4937 0.5 10 0 0 4937 0.2 20 0 0 180 71.5 60.8 60.8
4937 0.5 10 0 0 4937 0.2 30 0 0 0 44.7 38.8 38.8
4937 0.5 10 0 0 4937 0.2 30 0 0 30 46.2 40.1 40.1
4937 0.5 10 0 0 4937 0.2 30 0 0 60 51.1 42.2 42.2
4937 0.5 10 0 0 4937 0.2 30 0 0 90 57.8 45.1 45.1
4937 0.5 10 0 0 4937 0.2 30 0 0 120 63.9 49.3 49.3
4937 0.5 10 0 0 4937 0.2 30 0 0 150 69.5 53.8 53.8
4937 0.5 10 0 0 4937 0.2 30 0 0 180 71.1 57.6 57.6
4937 0.5 10 0 0 4937 0.2 40 0 0 0 44.2 39.1 39.1
4937 0.5 10 0 0 4937 0.2 40 0 0 30 45.7 40.3 40.3
4937 0.5 10 0 0 4937 0.2 40 0 0 60 50.5 42.4 42.4
4937 0.5 10 0 0 4937 0.2 40 0 0 90 57.4 44.8 44.8
4937 0.5 10 0 0 4937 0.2 40 0 0 120 63.4 48.5 48.5
4937 0.5 10 0 0 4937 0.2 40 0 0 150 68.8 52.8 52.8
4937 0.5 10 0 0 4937 0.2 40 0 0 180 70.3 56.9 56.9
4937 0.5 10 0 0 4937 0.2 50 0 0 0 43.4 40.1 40.1
4937 0.5 10 0 0 4937 0.2 50 0 0 30 45.0 40.8 40.8
4937 0.5 10 0 0 4937 0.2 50 0 0 60 49.8 42.8 42.8
4937 0.5 10 0 0 4937 0.2 50 0 0 90 56.8 45.2 45.2
4937 0.5 10 0 0 4937 0.2 50 0 0 120 62.6 48.5 48.5
4937 0.5 10 0 0 4937 0.2 50 0 0 150 67.7 52.6 52.6
4937 0.5 10 0 0 4937 0.2 50 0 0 180 69.1 56.7 56.7
4937 0.5 10 0 0 4937 0.2 60 0 0 0 42.9 42.0 42.0
4937 0.5 10 0 0 4937 0.2 60 0 0 30 44.2 42.4 42.4
4937 0.5 10 0 0 4937 0.2 60 0 0 60 48.6 43.9 43.9
4937 0.5 10 0 0 4937 0.2 60 0 0 90 55.7 45.8 45.8
4937 0.5 10 0 0 4937 0.2 60 0 0 120 61.1 48.9 48.9
4937 0.5 10 0 0 4937 0.2 60 0 0 150 65.8 52.9 52.9
4937 0.5 10 0 0 4937 0.2 60 0 0 180 67.0 57.1 57.1
4937 0.5 10 0 0 4937 0.3 0 0 0 0 43.2 37.1 37.1
4937 0.5 10 0 0 4937 0.3 0 0 0 30 45.0 39.2 39.2
4937 0.5 10 0 0 4937 0.3 0 0 0 60 49.6 43.1 43.1
4937 0.5 10 0 0 4937 0.3 0 0 0 90 55.5 47.7 47.7
4937 0.5 10 0 0 4937 0.3 0 0 0 120 61.6 53.1 53.1
4937 0.5 10 0 0 4937 0.3 0 0 0 150 68.0 58.9 58.9
4937 0.5 10 0 0 4937 0.3 0 0 0 180 70.1 60.4 60.4
4937 0.5 10 0 0 4937 0.3 10 0 0 0 43.2 37.0 37.0
4937 0.5 10 0 0 4937 0.3 10 0 0 30 44.9 38.5 38.5
4937 0.5 10 0 0 4937 0.3 10 0 0 60 49.5 42.3 42.3
4937 0.5 10 0 0 4937 0.3 10 0 0 90 55.4 46.9 46.9
4937 0.5 10 0 0 4937 0.3 10 0 0 120 61.6 52.1 52.1
4937 0.5 10 0 0 4937 0.3 10 0 0 150 67.9 57.7 57.7
4937 0.5 10 0 0 4937 0.3 10 0 0 180 70.0 60.3 60.3
4937 0.5 10 0 0 4937 0.3 20 0 0 0 43.0 36.7 36.7
4937 0.5 10 0 0 4937 0.3 20 0 0 30 44.6 38.0 38.0
4937 0.5 10 0 0 4937 0.3 20 0 0 60 49.3 40.8 40.8
4937 0.5 10 0 0 4937 0.3 20 0 0 90 55.2 45.0 45.0
4937 0.5 10 0 0 4937 0.3 20 0 0 120 61.4 49.9 49.9
4937 0.5 10 0 0 4937 0.3 20 0 0 150 67.7 55.3 55.3
4937 0.5 10 0 0 4937 0.3 20 0 0 180 69.7 58.9 58.9
4937 0.5 10 0 0 4937 0.3 30 0 0 0 42.6 36.8 36.8
4937 0.5 10 0 0 4937 0.3 30 0 0 30 44.2 37.9 37.9
4937 0.5 10 0 0 4937 0.3 30 0 0 60 48.9 39.7 39.7
4937 0.5 10 0 0 4937 0.3 30 0 0 90 54.9 42.5 42.5
4937 0.5 10 0 0 4937 0.3 30 0 0 120 61.0 46.8 46.8
4937 0.5 10 0 0 4937 0.3 30 0 0 150 67.3 52.0 52.0
4937 0.5 10 0 0 4937 0.3 30 0 0 180 69.2 56.4 56.4
4937 0.5 10 0 0 4937 0.3 40 0 0 0 42.0 37.5 37.5
4937 0.5 10 0 0 4937 0.3 40 0 0 30 43.7 38.2 38.2
4937 0.5 10 0 0 4937 0.3 40 0 0 60 48.3 40.0 40.0
4937 0.5 10 0 0 4937 0.3 40 0 0 90 54.4 42.3 42.3
4937 0.5 10 0 0 4937 0.3 40 0 0 120 60.5 46.1 46.1
4937 0.5 10 0 0 4937 0.3 40 0 0 150 66.6 51.1 51.1
4937 0.5 10 0 0 4937 0.3 40 0 0 180 68.4 55.9 55.9
4937 0.5 10 0 0 4937 0.3 50 0 0 0 41.4 38.8 38.8
4937 0.5 10 0 0 4937 0.3 50 0 0 30 43.1 39.2 39.2
4937 0.5 10 0 0 4937 0.3 50 0 0 60 47.5 40.5 40.5
4937 0.5 10 0 0 4937 0.3 50 0 0 90 53.7 42.6 42.6
4937 0.5 10 0 0 4937 0.3 50 0 0 120 59.6 46.0 46.0
4937 0.5 10 0 0 4937 0.3 50 0 0 150 65.5 50.8 50.8
4937 0.5 10 0 0 4937 0.3 50 0 0 180 67.2 55.9 55.9
4937 0.5 10 0 0 4937 0.3 60 0 0 0 41.3 40.7 40.7
4937 0.5 10 0 0 4937 0.3 60 0 0 30 42.5 40.9 40.9
4937 0.5 10 0 0 4937 0.3 60 0 0 60 46.4 41.9 41.9
4937 0.5 10 0 0 4937 0.3 60 0 0 90 52.6 43.4 43.4
4937 0.5 10 0 0 4937 0.3 60 0 0 120 58.2 46.3 46.3
4937 0.5 10 0 0 4937 0.3 60 0 0 150 63.6 50.9 50.9
4937 0.5 10 0 0 4937 0.3 60 0 0 180 65.0 56.0 56.0
4937 0.5 10 0 0 4937 0.4 0 0 0 0 41.3 35.1 35.1
4937 0.5 10 0 0 4937 0.4 0 0 0 30 43.7 37.4 37.4
4937 0.5 10 0 0 4937 0.4 0 0 0 60 47.6 40.6 40.6
4937 0.5 10 0 0 4937 0.4 0 0 0 90 52.7 44.6 44.6
4937 0.5 10 0 0 4937 0.4 0 0 0 120 58.6 49.9 49.9
4937 0.5 10 0 0 4937 0.4 0 0 0 150 65.6 56.4 56.4
4937 0.5 10 0 0 4937 0.4 0 0 0 180 68.1 58.5 58.5
4937 0.5 10 0 0 4937 0.4 10 0 0 0 41.2 34.7 34.7
4937 0.5 10 0 0 4937 0.4 10 0 0 30 43.6 36.5 36.5
4937 0.5 10 0 0 4937 0.4 10 0 0 60 47.5 39.8 39.8
4937 0.5 10 0 0 4937 0.4 10 0 0 90 52.6 43.8 43.8
4937 0.5 10 0 0 4937 0.4 10 0 0 120 58.5 48.9 48.9
4937 0.5 10 0 0 4937 0.4 10 0 0 150 65.6 55.2 55.2
4937 0.5 10 0 0 4937 0.4 10 0 0 180 68.0 58.3 58.3
4937 0.5 10 0 0 4937 0.4 20 0 0 0 41.0 34.6 34.6
4937 0.5 10 0 0 4937 0.4 20 0 0 30 43.4 35.6 35.6
4937 0.5 10 0 0 4937 0.4 20 0 0 60 47.3 37.9 37.9
4937 0.5 10 0 0 4937 0.4 20 0 0 90 52.4 41.4 41.4
4937 0.5 10 0 0 4937 0.4 20 0 0 120 58.3 46.2 46.2
4937 0.5 10 0 0 4937 0.4 20 0 0 150 65.3 52.3 52.3
4937 0.5 10 0 0 4937 0.4 20 0 0 180 67.7 56.4 56.4
4937 0.5 10 0 0 4937 0.4 30 0 0 0 40.6 35.1 35.1
4937 0.5 10 0 0 4937 0.4 30 0 0 30 42.9 35.9 35.9
4937 0.5 10 0 0 4937 0.4 30 0 0 60 46.9 37.4 37.4
4937 0.5 10 0 0 4937 0.4 30 0 0 90 52.1 40.0 40.0
4937 0.5 10 0 0 4937 0.4 30 0 0 120 58.0 44.3 44.3
4937 0.5 10 0 0 4937 0.4 30 0 0 150 64.9 50.3 50.3
4937 0.5 10 0 0 4937 0.4 30 0 0 180 67.2 55.2 55.2
4937 0.5 10 0 0 4937 0.4 40 0 0 0 40.2 36.4 36.4
4937 0.5 10 0 0 4937 0.4 40 0 0 30 42.4 36.6 36.6
4937 0.5 10 0 0 4937 0.4 40 0 0 60 46.3 37.7 37.7
4937 0.5 10 0 0 4937 0.4 40 0 0 90 51.5 39.9 39.9
4937 0.5 10 0 0 4937 0.4 40 0 0 120 57.4 43.7 43.7
4937 0.5 10 0 0 4937 0.4 40 0 0 150 64.1 49.3 49.3
4937 0.5 10 0 0 4937 0.4 40 0 0 180 66.4 54.9 54.9
4937 0.5 10 0 0 4937 0.4 50 0 0 0 40.1 37.9 37.9
4937 0.5 10 0 0 4937 0.4 50 0 0 30 41.7 37.9 37.9
4937 0.5 10 0 0 4937 0.4 50 0 0 60 45.5 38.6 38.6
4937 0.5 10 0 0 4937 0.4 50 0 0 90 50.8 40.2 40.2
4937 0.5 10 0 0 4937 0.4 50 0 0 120 56.5 43.5 43.5
4937 0.5 10 0 0 4937 0.4 50 0 0 150 63.0 48.9 48.9
4937 0.5 10 0 0 4937 0.4 50 0 0 180 65.1 54.7 54.7
4937 0.5 10 0 0 4937 0.4 60 0 0 0 40.3 39.5 39.5
4937 0.5 10 0 0 4937 0.4 60 0 0 30 41.5 39.4 39.4
4937 0.5 10 0 0 4937 0.4 60 0 0 60 44.7 40.1 40.1
4937 0.5 10 0 0 4937 0.4 60 0 0 90 49.6 41.3 41.3
4937 0.5 10 0 0 4937 0.4 60 0 0 120 54.8 43.8 43.8
4937 0.5 10 0 0 4937 0.4 60 0 0 150 60.8 48.8 48.8
4937 0.5 10 0 0 4937 0.4 60 0 0 180 62.6 54.8 54.8
4937 0.5 10 0 0 4937 0.5 0 0 0 0 40.4 34.0 34.0
4937 0.5 10 0 0 4937 0.5 0 0 0 30 42.9 35.6 35.6
4937 0.5 10 0 0 4937 0.5 0 0 0 60 45.9 38.1 38.1
4937 0.5 10 0 0 4937 0.5 0 0 0 90 50.0 41.4 41.4
4937 0.5 10 0 0 4937 0.5 0 0 0 120 55.4 46.3 46.3
4937 0.5 10 0 0 4937 0.5 0 0 0 150 63.0 53.4 53.4
4937 0.5 10 0 0 4937 0.5 0 0 0 180 66.1 56.1 56.1
4937 0.5 10 0 0 4937 0.5 10 0 0 0 40.3 32.6 32.6
4937 0.5 10 0 0 4937 0.5 10 0 0 30 42.8 34.7 34.7
4937 0.5 10 0 0 4937 0.5 10 0 0 60 45.8 37.1 37.1
4937 0.5 10 0 0 4937 0.5 10 0 0 90 49.9 40.3 40.3
4937 0.5 10 0 0 4937 0.5 10 0 0 120 55.3 45.0 45.0
4937 0.5 10 0 0 4937 0.5 10 0 0 150 62.9 51.9 51.9
4937 0.5 10 0 0 4937 0.5 10 0 0 180 66.0 55.6 55.6
4937 0.5 10 0 0 4937 0.5 20 0 0 0 40.0 32.9 32.9
4937 0.5 10 0 0 4937 0.5 20 0 0 30 42.5 33.8 33.8
4937 0.5 10 0 0 4937 0.5 20 0 0 60 45.5 35.9 35.9
4937 0.5 10 0 0 4937 0.5 20 0 0 90 49.7 38.8 38.8
4937 0.5 10 0 0 4937 0.5 20 0 0 120 55.1 43.1 43.1
4937 0.5 10 0 0 4937 0.5 20 0 0 150 62.7 49.8 49.8
4937 0.5 10 0 0 4937 0.5 20 0 0 180 65.7 54.5 54.5
4937 0.5 10 0 0 4937 0.5 30 0 0 0 39.7 34.2 34.2
4937 0.5 10 0 0 4937 0.5 30 0 0 30 42.1 34.3 34.3
4937 0.5 10 0 0 4937 0.5 30 0 0 60 45.1 35.5 35.5
4937 0.5 10 0 0 4937 0.5 30 0 0 90 49.3 37.9 37.9
4937 0.5 10 0 0 4937 0.5 30 0 0 120 54.7 41.9 41.9
4937 0.5 10 0 0 4937 0.5 30 0 0 150 62.2 48.4 48.4
4937 0.5 10 0 0 4937 0.5 30 0 0 180 65.1 54.0 54.0
4937 0.5 10 0 0 4937 0.5 40 0 0 0 39.7 35.6 35.6
4937 0.5 10 0 0 4937 0.5 40 0 0 30 41.6 35.5 35.5
4937 0.5 10 0 0 4937 0.5 40 0 0 60 44.5 36.1 36.1
4937 0.5 10 0 0 4937 0.5 40 0 0 90 48.7 37.7 37.7
4937 0.5 10 0 0 4937 0.5 40 0 0 120 54.1 41.3 41.3
4937 0.5 10 0 0 4937 0.5 40 0 0 150 61.4 47.5 47.5
4937 0.5 10 0 0 4937 0.5 40 0 0 180 64.2 53.7 53.7
4937 0.5 10 0 0 4937 0.5 50 0 0 0 39.9 36.9 36.9
4937 0.5 10 0 0 4937 0.5 50 0 0 30 41.4 36.8 36.8
4937 0.5 10 0 0 4937 0.5 50 0 0 60 43.9 37.2 37.2
4937 0.5 10 0 0 4937 0.5 50 0 0 90 47.9 38.3 38.3
4937 0.5 10 0 0 4937 0.5 50 0 0 120 53.2 41.0 41.0
4937 0.5 10 0 0 4937 0.5 50 0 0 150 60.2 46.9 46.9
4937 0.5 10 0 0 4937 0.5 50 0 0 180 62.8 53.5 53.5
4937 0.5 10 0 0 4937 0.5 60 0 0 0 40.4 38.3 38.3
4937 0.5 10 0 0 4937 0.5 60 0 0 30 41.3 38.1 38.1
4937 0.5 10 0 0 4937 0.5 60 0 0 60 43.6 38.5 38.5
4937 0.5 10 0 0 4937 0.5 60 0 0 90 47.3 39.3 39.3
4937 0.5 10 0 0 4937 0.5 60 0 0 120 51.6 41.5 41.5
4937 0.5 10 0 0 4937 0.5 60 0 0 150 58.0 46.6 46.6
4937 0.5 10 0 0 4937 0.5 60 0 0 180 60.2 53.5 53.5
