4737 0.2 50 0 0 4737 0.0 0 0 0 0 41.9 41.4 41.4
4737 0.2 50 0 0 4737 0.0 0 0 0 30 47.0 44.8 44.8
4737 0.2 50 0 0 4737 0.0 0 0 0 60 55.3 50.1 50.1
4737 0.2 50 0 0 4737 0.0 0 0 0 90 63.4 55.5 55.5
4737 0.2 50 0 0 4737 0.0 0 0 0 120 69.4 60.2 60.2
4737 0.2 50 0 0 4737 0.0 0 0 0 150 72.4 61.5 61.5
4737 0.2 50 0 0 4737 0.0 0 0 0 180 72.9 60.4 60.4
4737 0.2 50 0 0 4737 0.0 10 0 0 0 41.8 39.4 39.4
4737 0.2 50 0 0 4737 0.0 10 0 0 30 46.9 43.6 43.6
4737 0.2 50 0 0 4737 0.0 10 0 0 60 55.2 49.1 49.1
4737 0.2 50 0 0 4737 0.0 10 0 0 90 63.3 54.9 54.9
4737 0.2 50 0 0 4737 0.0 10 0 0 120 69.4 60.3 60.3
4737 0.2 50 0 0 4737 0.0 10 0 0 150 72.3 61.1 61.1
4737 0.2 50 0 0 4737 0.0 10 0 0 180 72.8 60.8 60.8
4737 0.2 50 0 0 4737 0.0 20 0 0 0 41.5 36.8 36.8
4737 0.2 50 0 0 4737 0.0 20 0 0 30 46.6 41.3 41.3
4737 0.2 50 0 0 4737 0.0 20 0 0 60 55.0 47.2 47.2
4737 0.2 50 0 0 4737 0.0 20 0 0 90 63.0 53.2 53.2
4737 0.2 50 0 0 4737 0.0 20 0 0 120 69.2 58.9 58.9
4737 0.2 50 0 0 4737 0.0 20 0 0 150 72.1 59.7 59.7
4737 0.2 50 0 0 4737 0.0 20 0 0 180 72.5 59.7 59.7
4737 0.2 50 0 0 4737 0.0 30 0 0 0 41.2 33.1 33.1
4737 0.2 50 0 0 4737 0.0 30 0 0 30 46.2 37.6 37.6
4737 0.2 50 0 0 4737 0.0 30 0 0 60 54.5 43.7 43.7
4737 0.2 50 0 0 4737 0.0 30 0 0 90 62.6 50.0 50.0
4737 0.2 50 0 0 4737 0.0 30 0 0 120 68.8 55.5 55.5
4737 0.2 50 0 0 4737 0.0 30 0 0 150 71.6 56.7 56.7
4737 0.2 50 0 0 4737 0.0 30 0 0 180 72.0 56.8 56.8
4737 0.2 50 0 0 4737 0.0 40 0 0 0 40.7 33.0 33.0
4737 0.2 50 0 0 4737 0.0 40 0 0 30 45.7 36.9 36.9
4737 0.2 50 0 0 4737 0.0 40 0 0 60 54.0 43.3 43.3
4737 0.2 50 0 0 4737 0.0 40 0 0 90 62.0 49.7 49.7
4737 0.2 50 0 0 4737 0.0 40 0 0 120 68.2 55.0 55.0
4737 0.2 50 0 0 4737 0.0 40 0 0 150 70.9 56.8 56.8
4737 0.2 50 0 0 4737 0.0 40 0 0 180 71.2 56.8 56.8
4737 0.2 50 0 0 4737 0.0 50 0 0 0 40.0 33.4 33.4
4737 0.2 50 0 0 4737 0.0 50 0 0 30 44.8 37.1 37.1
4737 0.2 50 0 0 4737 0.0 50 0 0 60 53.2 43.7 43.7
4737 0.2 50 0 0 4737 0.0 50 0 0 90 61.1 50.1 50.1
4737 0.2 50 0 0 4737 0.0 50 0 0 120 67.1 55.5 55.5
4737 0.2 50 0 0 4737 0.0 50 0 0 150 69.6 57.8 57.8
4737 0.2 50 0 0 4737 0.0 50 0 0 180 69.9 57.9 57.9
4737 0.2 50 0 0 4737 0.0 60 0 0 0 39.1 34.2 34.2
4737 0.2 50 0 0 4737 0.0 60 0 0 30 43.6 37.9 37.9
4737 0.2 50 0 0 4737 0.0 60 0 0 60 51.9 44.4 44.4
4737 0.2 50 0 0 4737 0.0 60 0 0 90 59.5 51.0 51.0
4737 0.2 50 0 0 4737 0.0 60 0 0 120 65.1 56.6 56.6
4737 0.2 50 0 0 4737 0.0 60 0 0 150 67.5 59.3 59.3
4737 0.2 50 0 0 4737 0.0 60 0 0 180 67.8 59.5 59.5
4737 0.2 50 0 0 4737 0.1 0 0 0 0 40.5 41.2 41.2
4737 0.2 50 0 0 4737 0.1 0 0 0 30 45.6 43.1 43.1
4737 0.2 50 0 0 4737 0.1 0 0 0 60 52.7 47.7 47.7
4737 0.2 50 0 0 4737 0.1 0 0 0 90 60.5 53.1 53.1
4737 0.2 50 0 0 4737 0.1 0 0 0 120 67.0 59.0 59.0
4737 0.2 50 0 0 4737 0.1 0 0 0 150 71.2 61.2 61.2
4737 0.2 50 0 0 4737 0.1 0 0 0 180 72.9 59.5 59.5
4737 0.2 50 0 0 4737 0.1 10 0 0 0 40.4 38.9 38.9
4737 0.2 50 0 0 4737 0.1 10 0 0 30 45.4 41.7 41.7
4737 0.2 50 0 0 4737 0.1 10 0 0 60 52.6 46.7 46.7
4737 0.2 50 0 0 4737 0.1 10 0 0 90 60.4 52.4 52.4
4737 0.2 50 0 0 4737 0.1 10 0 0 120 67.0 58.5 58.5
4737 0.2 50 0 0 4737 0.1 10 0 0 150 71.1 60.9 60.9
4737 0.2 50 0 0 4737 0.1 10 0 0 180 72.8 60.0 60.0
4737 0.2 50 0 0 4737 0.1 20 0 0 0 40.0 35.9 35.9
4737 0.2 50 0 0 4737 0.1 20 0 0 30 45.2 39.5 39.5
4737 0.2 50 0 0 4737 0.1 20 0 0 60 52.3 44.7 44.7
4737 0.2 50 0 0 4737 0.1 20 0 0 90 60.1 50.6 50.6
4737 0.2 50 0 0 4737 0.1 20 0 0 120 66.8 56.8 56.8
4737 0.2 50 0 0 4737 0.1 20 0 0 150 70.9 59.4 59.4
4737 0.2 50 0 0 4737 0.1 20 0 0 180 72.5 59.4 59.4
4737 0.2 50 0 0 4737 0.1 30 0 0 0 39.4 31.6 31.6
4737 0.2 50 0 0 4737 0.1 30 0 0 30 44.8 35.8 35.8
4737 0.2 50 0 0 4737 0.1 30 0 0 60 51.9 41.2 41.2
4737 0.2 50 0 0 4737 0.1 30 0 0 90 59.7 47.2 47.2
4737 0.2 50 0 0 4737 0.1 30 0 0 120 66.4 53.3 53.3
4737 0.2 50 0 0 4737 0.1 30 0 0 150 70.4 56.4 56.4
4737 0.2 50 0 0 4737 0.1 30 0 0 180 72.0 56.6 56.6
4737 0.2 50 0 0 4737 0.1 40 0 0 0 38.7 31.0 31.0
4737 0.2 50 0 0 4737 0.1 40 0 0 30 44.2 35.1 35.1
4737 0.2 50 0 0 4737 0.1 40 0 0 60 51.3 40.7 40.7
4737 0.2 50 0 0 4737 0.1 40 0 0 90 59.1 46.8 46.8
4737 0.2 50 0 0 4737 0.1 40 0 0 120 65.8 52.7 52.7
4737 0.2 50 0 0 4737 0.1 40 0 0 150 69.6 56.2 56.2
4737 0.2 50 0 0 4737 0.1 40 0 0 180 71.2 56.7 56.7
4737 0.2 50 0 0 4737 0.1 50 0 0 0 37.9 31.5 31.5
4737 0.2 50 0 0 4737 0.1 50 0 0 30 43.4 35.2 35.2
4737 0.2 50 0 0 4737 0.1 50 0 0 60 50.5 40.9 40.9
4737 0.2 50 0 0 4737 0.1 50 0 0 90 58.3 47.0 47.0
4737 0.2 50 0 0 4737 0.1 50 0 0 120 64.8 53.0 53.0
4737 0.2 50 0 0 4737 0.1 50 0 0 150 68.4 56.8 56.8
4737 0.2 50 0 0 4737 0.1 50 0 0 180 69.9 57.6 57.6
4737 0.2 50 0 0 4737 0.1 60 0 0 0 37.0 32.4 32.4
4737 0.2 50 0 0 4737 0.1 60 0 0 30 42.1 35.9 35.9
4737 0.2 50 0 0 4737 0.1 60 0 0 60 49.3 41.5 41.5
4737 0.2 50 0 0 4737 0.1 60 0 0 90 56.8 47.7 47.7
4737 0.2 50 0 0 4737 0.1 60 0 0 120 62.9 53.9 53.9
4737 0.2 50 0 0 4737 0.1 60 0 0 150 66.3 58.1 58.1
4737 0.2 50 0 0 4737 0.1 60 0 0 180 67.8 59.3 59.3
4737 0.2 50 0 0 4737 0.2 0 0 0 0 39.8 41.0 41.0
4737 0.2 50 0 0 4737 0.2 0 0 0 30 44.3 42.3 42.3
4737 0.2 50 0 0 4737 0.2 0 0 0 60 50.3 45.3 45.3
4737 0.2 50 0 0 4737 0.2 0 0 0 90 57.4 50.5 50.5
4737 0.2 50 0 0 4737 0.2 0 0 0 120 64.4 56.8 56.8
4737 0.2 50 0 0 4737 0.2 0 0 0 150 69.6 60.9 60.9
4737 0.2 50 0 0 4737 0.2 0 0 0 180 72.5 58.4 58.4
4737 0.2 50 0 0 4737 0.2 10 0 0 0 39.7 38.8 38.8
4737 0.2 50 0 0 4737 0.2 10 0 0 30 44.1 40.6 40.6
4737 0.2 50 0 0 4737 0.2 10 0 0 60 50.2 44.3 44.3
4737 0.2 50 0 0 4737 0.2 10 0 0 90 57.3 49.6 49.6
4737 0.2 50 0 0 4737 0.2 10 0 0 120 64.4 56.1 56.1
4737 0.2 50 0 0 4737 0.2 10 0 0 150 69.5 60.5 60.5
4737 0.2 50 0 0 4737 0.2 10 0 0 180 72.4 59.0 59.0
4737 0.2 50 0 0 4737 0.2 20 0 0 0 39.2 35.5 35.5
4737 0.2 50 0 0 4737 0.2 20 0 0 30 43.9 37.9 37.9
4737 0.2 50 0 0 4737 0.2 20 0 0 60 49.9 42.2 42.2
4737 0.2 50 0 0 4737 0.2 20 0 0 90 57.0 47.7 47.7
4737 0.2 50 0 0 4737 0.2 20 0 0 120 64.2 54.2 54.2
4737 0.2 50 0 0 4737 0.2 20 0 0 150 69.3 58.6 58.6
4737 0.2 50 0 0 4737 0.2 20 0 0 180 72.2 58.5 58.5
4737 0.2 50 0 0 4737 0.2 30 0 0 0 38.5 31.3 31.3
4737 0.2 50 0 0 4737 0.2 30 0 0 30 43.5 34.2 34.2
4737 0.2 50 0 0 4737 0.2 30 0 0 60 49.5 38.9 38.9
4737 0.2 50 0 0 4737 0.2 30 0 0 90 56.6 44.5 44.5
4737 0.2 50 0 0 4737 0.2 30 0 0 120 63.8 50.8 50.8
4737 0.2 50 0 0 4737 0.2 30 0 0 150 68.8 55.4 55.4
4737 0.2 50 0 0 4737 0.2 30 0 0 180 71.7 56.5 56.5
4737 0.2 50 0 0 4737 0.2 40 0 0 0 37.5 29.9 29.9
4737 0.2 50 0 0 4737 0.2 40 0 0 30 42.9 33.5 33.5
4737 0.2 50 0 0 4737 0.2 40 0 0 60 48.9 38.4 38.4
4737 0.2 50 0 0 4737 0.2 40 0 0 90 56.0 43.9 43.9
4737 0.2 50 0 0 4737 0.2 40 0 0 120 63.2 50.1 50.1
4737 0.2 50 0 0 4737 0.2 40 0 0 150 68.0 55.0 55.0
4737 0.2 50 0 0 4737 0.2 40 0 0 180 71.0 56.6 56.6
4737 0.2 50 0 0 4737 0.2 50 0 0 0 36.5 29.7 29.7
4737 0.2 50 0 0 4737 0.2 50 0 0 30 42.1 33.5 33.5
4737 0.2 50 0 0 4737 0.2 50 0 0 60 48.1 38.4 38.4
4737 0.2 50 0 0 4737 0.2 50 0 0 90 55.2 43.9 43.9
4737 0.2 50 0 0 4737 0.2 50 0 0 120 62.3 50.2 50.2
4737 0.2 50 0 0 4737 0.2 50 0 0 150 66.8 55.4 55.4
4737 0.2 50 0 0 4737 0.2 50 0 0 180 69.8 57.5 57.5
4737 0.2 50 0 0 4737 0.2 60 0 0 0 36.0 31.0 31.0
4737 0.2 50 0 0 4737 0.2 60 0 0 30 40.8 34.0 34.0
4737 0.2 50 0 0 4737 0.2 60 0 0 60 46.8 38.7 38.7
4737 0.2 50 0 0 4737 0.2 60 0 0 90 53.9 44.4 44.4
4737 0.2 50 0 0 4737 0.2 60 0 0 120 60.4 50.9 50.9
4737 0.2 50 0 0 4737 0.2 60 0 0 150 64.7 56.4 56.4
4737 0.2 50 0 0 4737 0.2 60 0 0 180 67.6 59.0 59.0
4737 0.2 50 0 0 4737 0.3 0 0 0 0 40.3 40.9 40.9
4737 0.2 50 0 0 4737 0.3 0 0 0 30 43.3 42.0 42.0
4737 0.2 50 0 0 4737 0.3 0 0 0 60 48.1 43.9 43.9
4737 0.2 50 0 0 4737 0.3 0 0 0 90 54.3 47.6 47.6
4737 0.2 50 0 0 4737 0.3 0 0 0 120 61.6 54.1 54.1
4737 0.2 50 0 0 4737 0.3 0 0 0 150 67.7 60.0 60.0
4737 0.2 50 0 0 4737 0.3 0 0 0 180 71.4 57.2 57.2
4737 0.2 50 0 0 4737 0.3 10 0 0 0 40.1 38.7 38.7
4737 0.2 50 0 0 4737 0.3 10 0 0 30 43.2 40.0 40.0
4737 0.2 50 0 0 4737 0.3 10 0 0 60 48.0 42.4 42.4
4737 0.2 50 0 0 4737 0.3 10 0 0 90 54.2 46.7 46.7
4737 0.2 50 0 0 4737 0.3 10 0 0 120 61.6 53.3 53.3
4737 0.2 50 0 0 4737 0.3 10 0 0 150 67.6 59.1 59.1
4737 0.2 50 0 0 4737 0.3 10 0 0 180 71.3 57.8 57.8
4737 0.2 50 0 0 4737 0.3 20 0 0 0 39.8 35.2 35.2
4737 0.2 50 0 0 4737 0.3 20 0 0 30 42.8 36.9 36.9
4737 0.2 50 0 0 4737 0.3 20 0 0 60 47.7 39.7 39.7
4737 0.2 50 0 0 4737 0.3 20 0 0 90 53.9 44.5 44.5
4737 0.2 50 0 0 4737 0.3 20 0 0 120 61.4 51.0 51.0
4737 0.2 50 0 0 4737 0.3 20 0 0 150 67.3 56.8 56.8
4737 0.2 50 0 0 4737 0.3 20 0 0 180 71.1 57.1 57.1
4737 0.2 50 0 0 4737 0.3 30 0 0 0 39.3 31.7 31.7
4737 0.2 50 0 0 4737 0.3 30 0 0 30 42.3 33.6 33.6
4737 0.2 50 0 0 4737 0.3 30 0 0 60 47.3 36.9 36.9
4737 0.2 50 0 0 4737 0.3 30 0 0 90 53.5 41.9 41.9
4737 0.2 50 0 0 4737 0.3 30 0 0 120 61.0 48.2 48.2
4737 0.2 50 0 0 4737 0.3 30 0 0 150 66.9 54.2 54.2
4737 0.2 50 0 0 4737 0.3 30 0 0 180 70.6 56.1 56.1
4737 0.2 50 0 0 4737 0.3 40 0 0 0 38.7 30.4 30.4
4737 0.2 50 0 0 4737 0.3 40 0 0 30 41.7 32.5 32.5
4737 0.2 50 0 0 4737 0.3 40 0 0 60 46.7 36.2 36.2
4737 0.2 50 0 0 4737 0.3 40 0 0 90 52.9 41.1 41.1
4737 0.2 50 0 0 4737 0.3 40 0 0 120 60.4 47.5 47.5
4737 0.2 50 0 0 4737 0.3 40 0 0 150 66.1 53.7 53.7
4737 0.2 50 0 0 4737 0.3 40 0 0 180 69.9 56.7 56.7
4737 0.2 50 0 0 4737 0.3 50 0 0 0 38.0 30.1 30.1
4737 0.2 50 0 0 4737 0.3 50 0 0 30 40.9 32.0 32.0
4737 0.2 50 0 0 4737 0.3 50 0 0 60 45.8 36.0 36.0
4737 0.2 50 0 0 4737 0.3 50 0 0 90 52.1 41.0 41.0
4737 0.2 50 0 0 4737 0.3 50 0 0 120 59.5 47.4 47.4
4737 0.2 50 0 0 4737 0.3 50 0 0 150 64.8 53.8 53.8
4737 0.2 50 0 0 4737 0.3 50 0 0 180 68.6 57.4 57.4
4737 0.2 50 0 0 4737 0.3 60 0 0 0 37.6 31.1 31.1
4737 0.2 50 0 0 4737 0.3 60 0 0 30 40.0 32.6 32.6
4737 0.2 50 0 0 4737 0.3 60 0 0 60 44.5 36.2 36.2
4737 0.2 50 0 0 4737 0.3 60 0 0 90 50.8 41.3 41.3
4737 0.2 50 0 0 4737 0.3 60 0 0 120 57.6 47.7 47.7
4737 0.2 50 0 0 4737 0.3 60 0 0 150 62.6 54.4 54.4
4737 0.2 50 0 0 4737 0.3 60 0 0 180 66.3 58.7 58.7
4737 0.2 50 0 0 4737 0.4 0 0 0 0 41.6 40.8 40.8
4737 0.2 50 0 0 4737 0.4 0 0 0 30 43.2 41.8 41.8
4737 0.2 50 0 0 4737 0.4 0 0 0 60 46.1 43.2 43.2
4737 0.2 50 0 0 4737 0.4 0 0 0 90 51.4 45.5 45.5
4737 0.2 50 0 0 4737 0.4 0 0 0 120 58.7 51.0 51.0
4737 0.2 50 0 0 4737 0.4 0 0 0 150 65.5 58.2 58.2
4737 0.2 50 0 0 4737 0.4 0 0 0 180 70.0 55.8 55.8
4737 0.2 50 0 0 4737 0.4 10 0 0 0 41.5 38.6 38.6
4737 0.2 50 0 0 4737 0.4 10 0 0 30 43.0 39.8 39.8
4737 0.2 50 0 0 4737 0.4 10 0 0 60 46.0 41.4 41.4
4737 0.2 50 0 0 4737 0.4 10 0 0 90 51.3 44.1 44.1
4737 0.2 50 0 0 4737 0.4 10 0 0 120 58.6 50.1 50.1
4737 0.2 50 0 0 4737 0.4 10 0 0 150 65.4 57.1 57.1
4737 0.2 50 0 0 4737 0.4 10 0 0 180 69.9 56.4 56.4
4737 0.2 50 0 0 4737 0.4 20 0 0 0 41.3 35.0 35.0
4737 0.2 50 0 0 4737 0.4 20 0 0 30 42.7 36.3 36.3
4737 0.2 50 0 0 4737 0.4 20 0 0 60 45.7 38.2 38.2
4737 0.2 50 0 0 4737 0.4 20 0 0 90 51.0 41.2 41.2
4737 0.2 50 0 0 4737 0.4 20 0 0 120 58.4 47.2 47.2
4737 0.2 50 0 0 4737 0.4 20 0 0 150 65.1 54.3 54.3
4737 0.2 50 0 0 4737 0.4 20 0 0 180 69.6 55.3 55.3
4737 0.2 50 0 0 4737 0.4 30 0 0 0 41.0 33.0 33.0
4737 0.2 50 0 0 4737 0.4 30 0 0 30 42.2 34.1 34.1
4737 0.2 50 0 0 4737 0.4 30 0 0 60 45.3 36.1 36.1
4737 0.2 50 0 0 4737 0.4 30 0 0 90 50.6 39.5 39.5
4737 0.2 50 0 0 4737 0.4 30 0 0 120 58.0 45.5 45.5
4737 0.2 50 0 0 4737 0.4 30 0 0 150 64.6 52.7 52.7
4737 0.2 50 0 0 4737 0.4 30 0 0 180 69.1 55.5 55.5
4737 0.2 50 0 0 4737 0.4 40 0 0 0 40.6 32.0 32.0
4737 0.2 50 0 0 4737 0.4 40 0 0 30 41.6 32.7 32.7
4737 0.2 50 0 0 4737 0.4 40 0 0 60 44.7 34.8 34.8
4737 0.2 50 0 0 4737 0.4 40 0 0 90 50.0 38.7 38.7
4737 0.2 50 0 0 4737 0.4 40 0 0 120 57.4 44.7 44.7
4737 0.2 50 0 0 4737 0.4 40 0 0 150 63.8 52.0 52.0
4737 0.2 50 0 0 4737 0.4 40 0 0 180 68.3 56.3 56.3
4737 0.2 50 0 0 4737 0.4 50 0 0 0 40.2 31.7 31.7
4737 0.2 50 0 0 4737 0.4 50 0 0 30 41.1 32.0 32.0
4737 0.2 50 0 0 4737 0.4 50 0 0 60 43.8 34.0 34.0
4737 0.2 50 0 0 4737 0.4 50 0 0 90 49.1 38.2 38.2
4737 0.2 50 0 0 4737 0.4 50 0 0 120 56.4 44.4 44.4
4737 0.2 50 0 0 4737 0.4 50 0 0 150 62.5 52.0 52.0
4737 0.2 50 0 0 4737 0.4 50 0 0 180 66.9 57.3 57.3
4737 0.2 50 0 0 4737 0.4 60 0 0 0 39.9 32.2 32.2
4737 0.2 50 0 0 4737 0.4 60 0 0 30 40.8 32.4 32.4
4737 0.2 50 0 0 4737 0.4 60 0 0 60 43.1 34.2 34.2
4737 0.2 50 0 0 4737 0.4 60 0 0 90 47.8 38.3 38.3
4737 0.2 50 0 0 4737 0.4 60 0 0 120 54.2 44.5 44.5
4737 0.2 50 0 0 4737 0.4 60 0 0 150 60.0 52.2 52.2
4737 0.2 50 0 0 4737 0.4 60 0 0 180 64.3 58.2 58.2
4737 0.2 50 0 0 4737 0.5 0 0 0 0 43.4 40.8 40.8
4737 0.2 50 0 0 4737 0.5 0 0 0 30 44.1 41.7 41.7
4737 0.2 50 0 0 4737 0.5 0 0 0 60 45.4 42.8 42.8
4737 0.2 50 0 0 4737 0.5 0 0 0 90 48.7 44.5 44.5
4737 0.2 50 0 0 4737 0.5 0 0 0 120 55.4 48.0 48.0
4737 0.2 50 0 0 4737 0.5 0 0 0 150 62.9 55.3 55.3
4737 0.2 50 0 0 4737 0.5 0 0 0 180 68.3 53.9 53.9
4737 0.2 50 0 0 4737 0.5 10 0 0 0 43.3 38.6 38.6
4737 0.2 50 0 0 4737 0.5 10 0 0 30 44.0 39.4 39.4
4737 0.2 50 0 0 4737 0.5 10 0 0 60 45.3 40.7 40.7
4737 0.2 50 0 0 4737 0.5 10 0 0 90 48.5 42.6 42.6
4737 0.2 50 0 0 4737 0.5 10 0 0 120 55.3 46.3 46.3
4737 0.2 50 0 0 4737 0.5 10 0 0 150 62.8 53.9 53.9
4737 0.2 50 0 0 4737 0.5 10 0 0 180 68.2 54.2 54.2
4737 0.2 50 0 0 4737 0.5 20 0 0 0 43.2 36.3 36.3
4737 0.2 50 0 0 4737 0.5 20 0 0 30 43.8 36.9 36.9
4737 0.2 50 0 0 4737 0.5 20 0 0 60 45.0 38.2 38.2
4737 0.2 50 0 0 4737 0.5 20 0 0 90 48.2 40.2 40.2
4737 0.2 50 0 0 4737 0.5 20 0 0 120 55.1 44.3 44.3
4737 0.2 50 0 0 4737 0.5 20 0 0 150 62.5 52.2 52.2
4737 0.2 50 0 0 4737 0.5 20 0 0 180 67.9 54.3 54.3
4737 0.2 50 0 0 4737 0.5 30 0 0 0 43.0 34.8 34.8
4737 0.2 50 0 0 4737 0.5 30 0 0 30 43.5 35.1 35.1
4737 0.2 50 0 0 4737 0.5 30 0 0 60 44.6 36.3 36.3
4737 0.2 50 0 0 4737 0.5 30 0 0 90 47.8 38.4 38.4
4737 0.2 50 0 0 4737 0.5 30 0 0 120 54.6 42.9 42.9
4737 0.2 50 0 0 4737 0.5 30 0 0 150 62.0 51.0 51.0
4737 0.2 50 0 0 4737 0.5 30 0 0 180 67.3 54.9 54.9
4737 0.2 50 0 0 4737 0.5 40 0 0 0 42.7 33.9 33.9
4737 0.2 50 0 0 4737 0.5 40 0 0 30 43.2 34.0 34.0
4737 0.2 50 0 0 4737 0.5 40 0 0 60 44.2 34.8 34.8
4737 0.2 50 0 0 4737 0.5 40 0 0 90 47.1 37.0 37.0
4737 0.2 50 0 0 4737 0.5 40 0 0 120 54.0 42.0 42.0
4737 0.2 50 0 0 4737 0.5 40 0 0 150 61.1 50.3 50.3
4737 0.2 50 0 0 4737 0.5 40 0 0 180 66.4 55.8 55.8
4737 0.2 50 0 0 4737 0.5 50 0 0 0 42.5 33.6 33.6
4737 0.2 50 0 0 4737 0.5 50 0 0 30 42.9 33.6 33.6
4737 0.2 50 0 0 4737 0.5 50 0 0 60 43.8 34.0 34.0
4737 0.2 50 0 0 4737 0.5 50 0 0 90 46.3 36.0 36.0
4737 0.2 50 0 0 4737 0.5 50 0 0 120 52.9 41.3 41.3
4737 0.2 50 0 0 4737 0.5 50 0 0 150 59.8 49.8 49.8
4737 0.2 50 0 0 4737 0.5 50 0 0 180 64.9 56.5 56.5
4737 0.2 50 0 0 4737 0.5 60 0 0 0 42.3 33.9 33.9
4737 0.2 50 0 0 4737 0.5 60 0 0 30 42.7 33.8 33.8
4737 0.2 50 0 0 4737 0.5 60 0 0 60 43.5 34.1 34.1
4737 0.2 50 0 0 4737 0.5 60 0 0 90 45.8 35.7 35.7
4737 0.2 50 0 0 4737 0.5 60 0 0 120 51.1 41.2 41.2
4737 0.2 50 0 0 4737 0.5 60 0 0 150 57.4 49.8 49.8
4737 0.2 50 0 0 4737 0.5 60 0 0 180 62.4 57.2 57.2
