4737 0.1 60 0 0 4737 0.0 0 0 0 0 40.8 43.7 43.7
4737 0.1 60 0 0 4737 0.0 0 0 0 30 46.0 45.8 45.8
4737 0.1 60 0 0 4737 0.0 0 0 0 60 54.3 50.1 50.1
4737 0.1 60 0 0 4737 0.0 0 0 0 90 62.2 55.2 55.2
4737 0.1 60 0 0 4737 0.0 0 0 0 120 68.3 59.7 59.7
4737 0.1 60 0 0 4737 0.0 0 0 0 150 70.5 61.9 61.9
4737 0.1 60 0 0 4737 0.0 0 0 0 180 70.7 61.6 61.6
4737 0.1 60 0 0 4737 0.0 10 0 0 0 40.7 41.4 41.4
4737 0.1 60 0 0 4737 0.0 10 0 0 30 45.9 44.4 44.4
4737 0.1 60 0 0 4737 0.0 10 0 0 60 54.2 49.2 49.2
4737 0.1 60 0 0 4737 0.0 10 0 0 90 62.0 54.7 54.7
4737 0.1 60 0 0 4737 0.0 10 0 0 120 68.2 59.8 59.8
4737 0.1 60 0 0 4737 0.0 10 0 0 150 70.5 62.3 62.3
4737 0.1 60 0 0 4737 0.0 10 0 0 180 70.6 62.0 62.0
4737 0.1 60 0 0 4737 0.0 20 0 0 0 40.3 38.4 38.4
4737 0.1 60 0 0 4737 0.0 20 0 0 30 45.6 41.9 41.9
4737 0.1 60 0 0 4737 0.0 20 0 0 60 54.0 47.3 47.3
4737 0.1 60 0 0 4737 0.0 20 0 0 90 61.8 53.2 53.2
4737 0.1 60 0 0 4737 0.0 20 0 0 120 68.0 58.9 58.9
4737 0.1 60 0 0 4737 0.0 20 0 0 150 70.2 61.3 61.3
4737 0.1 60 0 0 4737 0.0 20 0 0 180 70.3 61.3 61.3
4737 0.1 60 0 0 4737 0.0 30 0 0 0 39.6 33.9 33.9
4737 0.1 60 0 0 4737 0.0 30 0 0 30 45.2 38.0 38.0
4737 0.1 60 0 0 4737 0.0 30 0 0 60 53.5 44.0 44.0
4737 0.1 60 0 0 4737 0.0 30 0 0 90 61.3 50.3 50.3
4737 0.1 60 0 0 4737 0.0 30 0 0 120 67.6 56.4 56.4
4737 0.1 60 0 0 4737 0.0 30 0 0 150 69.8 58.3 58.3
4737 0.1 60 0 0 4737 0.0 30 0 0 180 69.8 58.4 58.4
4737 0.1 60 0 0 4737 0.0 40 0 0 0 38.6 32.7 32.7
4737 0.1 60 0 0 4737 0.0 40 0 0 30 44.6 37.3 37.3
4737 0.1 60 0 0 4737 0.0 40 0 0 60 53.0 43.8 43.8
4737 0.1 60 0 0 4737 0.0 40 0 0 90 60.7 50.4 50.4
4737 0.1 60 0 0 4737 0.0 40 0 0 120 66.9 56.5 56.5
4737 0.1 60 0 0 4737 0.0 40 0 0 150 69.0 58.4 58.4
4737 0.1 60 0 0 4737 0.0 40 0 0 180 69.0 58.4 58.4
4737 0.1 60 0 0 4737 0.0 50 0 0 0 37.3 32.5 32.5
4737 0.1 60 0 0 4737 0.0 50 0 0 30 43.8 37.5 37.5
4737 0.1 60 0 0 4737 0.0 50 0 0 60 52.1 44.4 44.4
4737 0.1 60 0 0 4737 0.0 50 0 0 90 59.7 51.1 51.1
4737 0.1 60 0 0 4737 0.0 50 0 0 120 65.8 57.3 57.3
4737 0.1 60 0 0 4737 0.0 50 0 0 150 67.7 59.4 59.4
4737 0.1 60 0 0 4737 0.0 50 0 0 180 67.7 59.5 59.5
4737 0.1 60 0 0 4737 0.0 60 0 0 0 35.9 33.1 33.1
4737 0.1 60 0 0 4737 0.0 60 0 0 30 42.6 38.2 38.2
4737 0.1 60 0 0 4737 0.0 60 0 0 60 50.7 45.3 45.3
4737 0.1 60 0 0 4737 0.0 60 0 0 90 58.0 52.3 52.3
4737 0.1 60 0 0 4737 0.0 60 0 0 120 63.7 58.7 58.7
4737 0.1 60 0 0 4737 0.0 60 0 0 150 65.6 61.0 61.0
4737 0.1 60 0 0 4737 0.0 60 0 0 180 65.6 61.1 61.1
4737 0.1 60 0 0 4737 0.1 0 0 0 0 40.3 43.6 43.6
4737 0.1 60 0 0 4737 0.1 0 0 0 30 44.8 45.0 45.0
4737 0.1 60 0 0 4737 0.1 0 0 0 60 51.7 48.2 48.2
4737 0.1 60 0 0 4737 0.1 0 0 0 90 59.4 53.0 53.0
4737 0.1 60 0 0 4737 0.1 0 0 0 120 66.2 58.6 58.6
4737 0.1 60 0 0 4737 0.1 0 0 0 150 69.6 61.9 61.9
4737 0.1 60 0 0 4737 0.1 0 0 0 180 70.7 60.7 60.7
4737 0.1 60 0 0 4737 0.1 10 0 0 0 40.1 41.3 41.3
4737 0.1 60 0 0 4737 0.1 10 0 0 30 44.6 43.4 43.4
4737 0.1 60 0 0 4737 0.1 10 0 0 60 51.6 47.1 47.1
4737 0.1 60 0 0 4737 0.1 10 0 0 90 59.2 52.4 52.4
4737 0.1 60 0 0 4737 0.1 10 0 0 120 66.1 58.4 58.4
4737 0.1 60 0 0 4737 0.1 10 0 0 150 69.6 62.3 62.3
4737 0.1 60 0 0 4737 0.1 10 0 0 180 70.6 61.2 61.2
4737 0.1 60 0 0 4737 0.1 20 0 0 0 39.7 38.1 38.1
4737 0.1 60 0 0 4737 0.1 20 0 0 30 44.3 40.8 40.8
4737 0.1 60 0 0 4737 0.1 20 0 0 60 51.3 45.1 45.1
4737 0.1 60 0 0 4737 0.1 20 0 0 90 59.0 50.7 50.7
4737 0.1 60 0 0 4737 0.1 20 0 0 120 65.9 57.1 57.1
4737 0.1 60 0 0 4737 0.1 20 0 0 150 69.4 61.0 61.0
4737 0.1 60 0 0 4737 0.1 20 0 0 180 70.3 60.7 60.7
4737 0.1 60 0 0 4737 0.1 30 0 0 0 38.9 33.6 33.6
4737 0.1 60 0 0 4737 0.1 30 0 0 30 43.8 36.7 36.7
4737 0.1 60 0 0 4737 0.1 30 0 0 60 50.9 41.6 41.6
4737 0.1 60 0 0 4737 0.1 30 0 0 90 58.5 47.7 47.7
4737 0.1 60 0 0 4737 0.1 30 0 0 120 65.5 54.3 54.3
4737 0.1 60 0 0 4737 0.1 30 0 0 150 68.9 58.1 58.1
4737 0.1 60 0 0 4737 0.1 30 0 0 180 69.8 58.2 58.2
4737 0.1 60 0 0 4737 0.1 40 0 0 0 37.8 32.1 32.1
4737 0.1 60 0 0 4737 0.1 40 0 0 30 43.2 35.8 35.8
4737 0.1 60 0 0 4737 0.1 40 0 0 60 50.3 41.4 41.4
4737 0.1 60 0 0 4737 0.1 40 0 0 90 57.9 47.6 47.6
4737 0.1 60 0 0 4737 0.1 40 0 0 120 64.9 54.2 54.2
4737 0.1 60 0 0 4737 0.1 40 0 0 150 68.2 58.2 58.2
4737 0.1 60 0 0 4737 0.1 40 0 0 180 69.0 58.3 58.3
4737 0.1 60 0 0 4737 0.1 50 0 0 0 36.2 31.3 31.3
4737 0.1 60 0 0 4737 0.1 50 0 0 30 42.4 35.7 35.7
4737 0.1 60 0 0 4737 0.1 50 0 0 60 49.5 41.7 41.7
4737 0.1 60 0 0 4737 0.1 50 0 0 90 57.0 48.1 48.1
4737 0.1 60 0 0 4737 0.1 50 0 0 120 63.8 54.8 54.8
4737 0.1 60 0 0 4737 0.1 50 0 0 150 67.0 59.0 59.0
4737 0.1 60 0 0 4737 0.1 50 0 0 180 67.7 59.2 59.2
4737 0.1 60 0 0 4737 0.1 60 0 0 0 34.2 31.3 31.3
4737 0.1 60 0 0 4737 0.1 60 0 0 30 41.1 36.3 36.3
4737 0.1 60 0 0 4737 0.1 60 0 0 60 48.2 42.4 42.4
4737 0.1 60 0 0 4737 0.1 60 0 0 90 55.4 49.1 49.1
4737 0.1 60 0 0 4737 0.1 60 0 0 120 61.8 55.9 55.9
4737 0.1 60 0 0 4737 0.1 60 0 0 150 64.9 60.5 60.5
4737 0.1 60 0 0 4737 0.1 60 0 0 180 65.6 60.9 60.9
4737 0.1 60 0 0 4737 0.2 0 0 0 0 40.5 43.5 43.5
4737 0.1 60 0 0 4737 0.2 0 0 0 30 44.0 44.7 44.7
4737 0.1 60 0 0 4737 0.2 0 0 0 60 49.3 46.8 46.8
4737 0.1 60 0 0 4737 0.2 0 0 0 90 56.4 50.6 50.6
4737 0.1 60 0 0 4737 0.2 0 0 0 120 63.7 56.7 56.7
4737 0.1 60 0 0 4737 0.2 0 0 0 150 68.3 61.9 61.9
4737 0.1 60 0 0 4737 0.2 0 0 0 180 70.7 59.7 59.7
4737 0.1 60 0 0 4737 0.2 10 0 0 0 40.3 41.2 41.2
4737 0.1 60 0 0 4737 0.2 10 0 0 30 43.8 42.8 42.8
4737 0.1 60 0 0 4737 0.2 10 0 0 60 49.2 45.5 45.5
4737 0.1 60 0 0 4737 0.2 10 0 0 90 56.2 49.8 49.8
4737 0.1 60 0 0 4737 0.2 10 0 0 120 63.6 56.2 56.2
4737 0.1 60 0 0 4737 0.2 10 0 0 150 68.2 62.2 62.2
4737 0.1 60 0 0 4737 0.2 10 0 0 180 70.6 60.2 60.2
4737 0.1 60 0 0 4737 0.2 20 0 0 0 40.0 38.0 38.0
4737 0.1 60 0 0 4737 0.2 20 0 0 30 43.5 39.9 39.9
4737 0.1 60 0 0 4737 0.2 20 0 0 60 48.9 43.2 43.2
4737 0.1 60 0 0 4737 0.2 20 0 0 90 56.0 48.0 48.0
4737 0.1 60 0 0 4737 0.2 20 0 0 120 63.4 54.7 54.7
4737 0.1 60 0 0 4737 0.2 20 0 0 150 68.0 60.5 60.5
4737 0.1 60 0 0 4737 0.2 20 0 0 180 70.3 59.8 59.8
4737 0.1 60 0 0 4737 0.2 30 0 0 0 39.4 33.8 33.8
4737 0.1 60 0 0 4737 0.2 30 0 0 30 42.9 36.1 36.1
4737 0.1 60 0 0 4737 0.2 30 0 0 60 48.5 39.9 39.9
4737 0.1 60 0 0 4737 0.2 30 0 0 90 55.6 45.2 45.2
4737 0.1 60 0 0 4737 0.2 30 0 0 120 63.0 52.0 52.0
4737 0.1 60 0 0 4737 0.2 30 0 0 150 67.5 57.5 57.5
4737 0.1 60 0 0 4737 0.2 30 0 0 180 69.8 58.1 58.1
4737 0.1 60 0 0 4737 0.2 40 0 0 0 38.5 32.3 32.3
4737 0.1 60 0 0 4737 0.2 40 0 0 30 42.1 35.0 35.0
4737 0.1 60 0 0 4737 0.2 40 0 0 60 47.9 39.3 39.3
4737 0.1 60 0 0 4737 0.2 40 0 0 90 55.0 44.9 44.9
4737 0.1 60 0 0 4737 0.2 40 0 0 120 62.4 51.7 51.7
4737 0.1 60 0 0 4737 0.2 40 0 0 150 66.8 57.3 57.3
4737 0.1 60 0 0 4737 0.2 40 0 0 180 69.0 58.2 58.2
4737 0.1 60 0 0 4737 0.2 50 0 0 0 37.4 31.7 31.7
4737 0.1 60 0 0 4737 0.2 50 0 0 30 41.1 34.4 34.4
4737 0.1 60 0 0 4737 0.2 50 0 0 60 47.1 39.2 39.2
4737 0.1 60 0 0 4737 0.2 50 0 0 90 54.1 45.1 45.1
4737 0.1 60 0 0 4737 0.2 50 0 0 120 61.4 52.0 52.0
4737 0.1 60 0 0 4737 0.2 50 0 0 150 65.6 57.8 57.8
4737 0.1 60 0 0 4737 0.2 50 0 0 180 67.7 59.1 59.1
4737 0.1 60 0 0 4737 0.2 60 0 0 0 36.1 31.9 31.9
4737 0.1 60 0 0 4737 0.2 60 0 0 30 39.8 34.4 34.4
4737 0.1 60 0 0 4737 0.2 60 0 0 60 45.8 39.6 39.6
4737 0.1 60 0 0 4737 0.2 60 0 0 90 52.6 45.7 45.7
4737 0.1 60 0 0 4737 0.2 60 0 0 120 59.4 52.8 52.8
4737 0.1 60 0 0 4737 0.2 60 0 0 150 63.5 59.0 59.0
4737 0.1 60 0 0 4737 0.2 60 0 0 180 65.6 60.6 60.6
4737 0.1 60 0 0 4737 0.3 0 0 0 0 41.5 43.4 43.4
4737 0.1 60 0 0 4737 0.3 0 0 0 30 43.7 44.5 44.5
4737 0.1 60 0 0 4737 0.3 0 0 0 60 47.4 46.1 46.1
4737 0.1 60 0 0 4737 0.3 0 0 0 90 53.3 48.7 48.7
4737 0.1 60 0 0 4737 0.3 0 0 0 120 61.0 54.2 54.2
4737 0.1 60 0 0 4737 0.3 0 0 0 150 66.6 61.4 61.4
4737 0.1 60 0 0 4737 0.3 0 0 0 180 70.2 58.5 58.5
4737 0.1 60 0 0 4737 0.3 10 0 0 0 41.4 41.2 41.2
4737 0.1 60 0 0 4737 0.3 10 0 0 30 43.5 42.5 42.5
4737 0.1 60 0 0 4737 0.3 10 0 0 60 47.3 44.5 44.5
4737 0.1 60 0 0 4737 0.3 10 0 0 90 53.2 47.7 47.7
4737 0.1 60 0 0 4737 0.3 10 0 0 120 60.9 53.6 53.6
4737 0.1 60 0 0 4737 0.3 10 0 0 150 66.5 61.1 61.1
4737 0.1 60 0 0 4737 0.3 10 0 0 180 70.1 59.1 59.1
4737 0.1 60 0 0 4737 0.3 20 0 0 0 41.1 37.9 37.9
4737 0.1 60 0 0 4737 0.3 20 0 0 30 43.2 39.4 39.4
4737 0.1 60 0 0 4737 0.3 20 0 0 60 46.9 41.7 41.7
4737 0.1 60 0 0 4737 0.3 20 0 0 90 52.9 45.4 45.4
4737 0.1 60 0 0 4737 0.3 20 0 0 120 60.7 51.7 51.7
4737 0.1 60 0 0 4737 0.3 20 0 0 150 66.3 58.9 58.9
4737 0.1 60 0 0 4737 0.3 20 0 0 180 69.9 58.5 58.5
4737 0.1 60 0 0 4737 0.3 30 0 0 0 40.7 34.6 34.6
4737 0.1 60 0 0 4737 0.3 30 0 0 30 42.6 36.1 36.1
4737 0.1 60 0 0 4737 0.3 30 0 0 60 46.4 38.8 38.8
4737 0.1 60 0 0 4737 0.3 30 0 0 90 52.5 43.0 43.0
4737 0.1 60 0 0 4737 0.3 30 0 0 120 60.3 49.5 49.5
4737 0.1 60 0 0 4737 0.3 30 0 0 150 65.8 56.4 56.4
4737 0.1 60 0 0 4737 0.3 30 0 0 180 69.4 57.8 57.8
4737 0.1 60 0 0 4737 0.3 40 0 0 0 40.1 33.5 33.5
4737 0.1 60 0 0 4737 0.3 40 0 0 30 41.9 34.9 34.9
4737 0.1 60 0 0 4737 0.3 40 0 0 60 45.7 37.8 37.8
4737 0.1 60 0 0 4737 0.3 40 0 0 90 51.9 42.3 42.3
4737 0.1 60 0 0 4737 0.3 40 0 0 120 59.7 49.0 49.0
4737 0.1 60 0 0 4737 0.3 40 0 0 150 65.0 56.1 56.1
4737 0.1 60 0 0 4737 0.3 40 0 0 180 68.7 58.4 58.4
4737 0.1 60 0 0 4737 0.3 50 0 0 0 39.4 33.1 33.1
4737 0.1 60 0 0 4737 0.3 50 0 0 30 40.8 34.1 34.1
4737 0.1 60 0 0 4737 0.3 50 0 0 60 44.8 37.2 37.2
4737 0.1 60 0 0 4737 0.3 50 0 0 90 51.1 42.2 42.2
4737 0.1 60 0 0 4737 0.3 50 0 0 120 58.7 49.0 49.0
4737 0.1 60 0 0 4737 0.3 50 0 0 150 63.8 56.3 56.3
4737 0.1 60 0 0 4737 0.3 50 0 0 180 67.6 59.1 59.1
4737 0.1 60 0 0 4737 0.3 60 0 0 0 38.5 33.2 33.2
4737 0.1 60 0 0 4737 0.3 60 0 0 30 39.6 33.7 33.7
4737 0.1 60 0 0 4737 0.3 60 0 0 60 43.5 37.1 37.1
4737 0.1 60 0 0 4737 0.3 60 0 0 90 49.7 42.4 42.4
4737 0.1 60 0 0 4737 0.3 60 0 0 120 56.7 49.5 49.5
4737 0.1 60 0 0 4737 0.3 60 0 0 150 61.5 57.1 57.1
4737 0.1 60 0 0 4737 0.3 60 0 0 180 65.3 60.4 60.4
4737 0.1 60 0 0 4737 0.4 0 0 0 0 43.1 43.5 43.5
4737 0.1 60 0 0 4737 0.4 0 0 0 30 44.3 44.4 44.4
4737 0.1 60 0 0 4737 0.4 0 0 0 60 46.4 45.7 45.7
4737 0.1 60 0 0 4737 0.4 0 0 0 90 50.5 47.7 47.7
4737 0.1 60 0 0 4737 0.4 0 0 0 120 58.2 51.5 51.5
4737 0.1 60 0 0 4737 0.4 0 0 0 150 64.5 60.0 60.0
4737 0.1 60 0 0 4737 0.4 0 0 0 180 69.2 57.2 57.2
4737 0.1 60 0 0 4737 0.4 10 0 0 0 43.0 41.5 41.5
4737 0.1 60 0 0 4737 0.4 10 0 0 30 44.1 42.4 42.4
4737 0.1 60 0 0 4737 0.4 10 0 0 60 46.2 43.9 43.9
4737 0.1 60 0 0 4737 0.4 10 0 0 90 50.3 46.2 46.2
4737 0.1 60 0 0 4737 0.4 10 0 0 120 58.1 50.6 50.6
4737 0.1 60 0 0 4737 0.4 10 0 0 150 64.5 59.2 59.2
4737 0.1 60 0 0 4737 0.4 10 0 0 180 69.1 57.7 57.7
4737 0.1 60 0 0 4737 0.4 20 0 0 0 42.8 38.1 38.1
4737 0.1 60 0 0 4737 0.4 20 0 0 30 43.9 39.0 39.0
4737 0.1 60 0 0 4737 0.4 20 0 0 60 45.9 40.8 40.8
4737 0.1 60 0 0 4737 0.4 20 0 0 90 50.0 43.5 43.5
4737 0.1 60 0 0 4737 0.4 20 0 0 120 57.8 48.5 48.5
4737 0.1 60 0 0 4737 0.4 20 0 0 150 64.2 56.5 56.5
4737 0.1 60 0 0 4737 0.4 20 0 0 180 68.8 56.7 56.7
4737 0.1 60 0 0 4737 0.4 30 0 0 0 42.5 36.1 36.1
4737 0.1 60 0 0 4737 0.4 30 0 0 30 43.5 36.8 36.8
4737 0.1 60 0 0 4737 0.4 30 0 0 60 45.3 38.6 38.6
4737 0.1 60 0 0 4737 0.4 30 0 0 90 49.6 41.5 41.5
4737 0.1 60 0 0 4737 0.4 30 0 0 120 57.4 46.9 46.9
4737 0.1 60 0 0 4737 0.4 30 0 0 150 63.7 55.0 55.0
4737 0.1 60 0 0 4737 0.4 30 0 0 180 68.4 57.2 57.2
4737 0.1 60 0 0 4737 0.4 40 0 0 0 42.1 35.2 35.2
4737 0.1 60 0 0 4737 0.4 40 0 0 30 42.9 35.6 35.6
4737 0.1 60 0 0 4737 0.4 40 0 0 60 44.6 37.4 37.4
4737 0.1 60 0 0 4737 0.4 40 0 0 90 49.0 40.4 40.4
4737 0.1 60 0 0 4737 0.4 40 0 0 120 56.8 46.2 46.2
4737 0.1 60 0 0 4737 0.4 40 0 0 150 62.9 54.4 54.4
4737 0.1 60 0 0 4737 0.4 40 0 0 180 67.6 58.1 58.1
4737 0.1 60 0 0 4737 0.4 50 0 0 0 41.6 34.7 34.7
4737 0.1 60 0 0 4737 0.4 50 0 0 30 42.3 35.0 35.0
4737 0.1 60 0 0 4737 0.4 50 0 0 60 43.6 36.4 36.4
4737 0.1 60 0 0 4737 0.4 50 0 0 90 48.1 39.6 39.6
4737 0.1 60 0 0 4737 0.4 50 0 0 120 55.8 46.0 46.0
4737 0.1 60 0 0 4737 0.4 50 0 0 150 61.6 54.5 54.5
4737 0.1 60 0 0 4737 0.4 50 0 0 180 66.4 59.2 59.2
4737 0.1 60 0 0 4737 0.4 60 0 0 0 40.9 34.9 34.9
4737 0.1 60 0 0 4737 0.4 60 0 0 30 41.5 34.9 34.9
4737 0.1 60 0 0 4737 0.4 60 0 0 60 42.7 35.8 35.8
4737 0.1 60 0 0 4737 0.4 60 0 0 90 46.6 39.3 39.3
4737 0.1 60 0 0 4737 0.4 60 0 0 120 53.3 46.1 46.1
4737 0.1 60 0 0 4737 0.4 60 0 0 150 59.0 54.9 54.9
4737 0.1 60 0 0 4737 0.4 60 0 0 180 63.8 60.1 60.1
4737 0.1 60 0 0 4737 0.5 0 0 0 0 44.9 43.7 43.7
4737 0.1 60 0 0 4737 0.5 0 0 0 30 45.5 44.4 44.4
4737 0.1 60 0 0 4737 0.5 0 0 0 60 46.5 45.4 45.4
4737 0.1 60 0 0 4737 0.5 0 0 0 90 48.8 47.0 47.0
4737 0.1 60 0 0 4737 0.5 0 0 0 120 54.9 49.9 49.9
4737 0.1 60 0 0 4737 0.5 0 0 0 150 62.1 57.4 57.4
4737 0.1 60 0 0 4737 0.5 0 0 0 180 67.8 55.3 55.3
4737 0.1 60 0 0 4737 0.5 10 0 0 0 44.9 41.7 41.7
4737 0.1 60 0 0 4737 0.5 10 0 0 30 45.4 42.2 42.2
4737 0.1 60 0 0 4737 0.5 10 0 0 60 46.4 43.4 43.4
4737 0.1 60 0 0 4737 0.5 10 0 0 90 48.6 45.2 45.2
4737 0.1 60 0 0 4737 0.5 10 0 0 120 54.7 48.6 48.6
4737 0.1 60 0 0 4737 0.5 10 0 0 150 62.1 56.1 56.1
4737 0.1 60 0 0 4737 0.5 10 0 0 180 67.7 55.6 55.6
4737 0.1 60 0 0 4737 0.5 20 0 0 0 44.7 39.5 39.5
4737 0.1 60 0 0 4737 0.5 20 0 0 30 45.2 39.8 39.8
4737 0.1 60 0 0 4737 0.5 20 0 0 60 46.2 40.9 40.9
4737 0.1 60 0 0 4737 0.5 20 0 0 90 48.3 42.8 42.8
4737 0.1 60 0 0 4737 0.5 20 0 0 120 54.5 46.5 46.5
4737 0.1 60 0 0 4737 0.5 20 0 0 150 61.8 54.5 54.5
4737 0.1 60 0 0 4737 0.5 20 0 0 180 67.4 55.7 55.7
4737 0.1 60 0 0 4737 0.5 30 0 0 0 44.5 38.0 38.0
4737 0.1 60 0 0 4737 0.5 30 0 0 30 45.0 38.2 38.2
4737 0.1 60 0 0 4737 0.5 30 0 0 60 45.8 39.0 39.0
4737 0.1 60 0 0 4737 0.5 30 0 0 90 47.8 41.0 41.0
4737 0.1 60 0 0 4737 0.5 30 0 0 120 54.0 44.9 44.9
4737 0.1 60 0 0 4737 0.5 30 0 0 150 61.2 53.4 53.4
4737 0.1 60 0 0 4737 0.5 30 0 0 180 66.9 56.6 56.6
4737 0.1 60 0 0 4737 0.5 40 0 0 0 44.2 37.0 37.0
4737 0.1 60 0 0 4737 0.5 40 0 0 30 44.6 37.1 37.1
4737 0.1 60 0 0 4737 0.5 40 0 0 60 45.4 37.7 37.7
4737 0.1 60 0 0 4737 0.5 40 0 0 90 47.1 39.6 39.6
4737 0.1 60 0 0 4737 0.5 40 0 0 120 53.3 43.7 43.7
4737 0.1 60 0 0 4737 0.5 40 0 0 150 60.3 52.7 52.7
4737 0.1 60 0 0 4737 0.5 40 0 0 180 66.0 57.8 57.8
4737 0.1 60 0 0 4737 0.5 50 0 0 0 43.9 36.6 36.6
4737 0.1 60 0 0 4737 0.5 50 0 0 30 44.2 36.6 36.6
4737 0.1 60 0 0 4737 0.5 50 0 0 60 44.8 36.9 36.9
4737 0.1 60 0 0 4737 0.5 50 0 0 90 46.3 38.6 38.6
4737 0.1 60 0 0 4737 0.5 50 0 0 120 52.3 42.9 42.9
4737 0.1 60 0 0 4737 0.5 50 0 0 150 58.9 52.3 52.3
4737 0.1 60 0 0 4737 0.5 50 0 0 180 64.6 58.8 58.8
4737 0.1 60 0 0 4737 0.5 60 0 0 0 43.4 36.6 36.6
4737 0.1 60 0 0 4737 0.5 60 0 0 30 43.7 36.5 36.5
4737 0.1 60 0 0 4737 0.5 60 0 0 60 44.2 36.7 36.7
4737 0.1 60 0 0 4737 0.5 60 0 0 90 45.5 37.9 37.9
4737 0.1 60 0 0 4737 0.5 60 0 0 120 50.1 42.6 42.6
4737 0.1 60 0 0 4737 0.5 60 0 0 150 56.5 52.4 52.4
4737 0.1 60 0 0 4737 0.5 60 0 0 180 62.2 59.7 59.7
