4737 0.5 10 0 0 4737 0.0 0 0 0 0 48.7 43.1 43.1
4737 0.5 10 0 0 4737 0.0 0 0 0 30 50.7 45.2 45.2
4737 0.5 10 0 0 4737 0.0 0 0 0 60 56.3 50.3 50.3
4737 0.5 10 0 0 4737 0.0 0 0 0 90 63.5 55.5 55.5
4737 0.5 10 0 0 4737 0.0 0 0 0 120 68.9 59.9 59.9
4737 0.5 10 0 0 4737 0.0 0 0 0 150 72.8 62.6 62.6
4737 0.5 10 0 0 4737 0.0 0 0 0 180 74.3 62.7 62.7
4737 0.5 10 0 0 4737 0.0 10 0 0 0 48.7 42.9 42.9
4737 0.5 10 0 0 4737 0.0 10 0 0 30 50.7 44.8 44.8
4737 0.5 10 0 0 4737 0.0 10 0 0 60 56.2 49.3 49.3
4737 0.5 10 0 0 4737 0.0 10 0 0 90 63.4 54.5 54.5
4737 0.5 10 0 0 4737 0.0 10 0 0 120 68.8 58.7 58.7
4737 0.5 10 0 0 4737 0.0 10 0 0 150 72.8 61.5 61.5
4737 0.5 10 0 0 4737 0.0 10 0 0 180 74.3 62.7 62.7
4737 0.5 10 0 0 4737 0.0 20 0 0 0 48.6 42.5 42.5
4737 0.5 10 0 0 4737 0.0 20 0 0 30 50.5 44.3 44.3
4737 0.5 10 0 0 4737 0.0 20 0 0 60 55.9 48.0 48.0
4737 0.5 10 0 0 4737 0.0 20 0 0 90 63.3 52.6 52.6
4737 0.5 10 0 0 4737 0.0 20 0 0 120 68.6 56.5 56.5
4737 0.5 10 0 0 4737 0.0 20 0 0 150 72.6 59.4 59.4
4737 0.5 10 0 0 4737 0.0 20 0 0 180 74.0 61.2 61.2
4737 0.5 10 0 0 4737 0.0 30 0 0 0 48.3 42.1 42.1
4737 0.5 10 0 0 4737 0.0 30 0 0 30 50.1 43.9 43.9
4737 0.5 10 0 0 4737 0.0 30 0 0 60 55.5 46.5 46.5
4737 0.5 10 0 0 4737 0.0 30 0 0 90 63.0 49.3 49.3
4737 0.5 10 0 0 4737 0.0 30 0 0 120 68.3 52.7 52.7
4737 0.5 10 0 0 4737 0.0 30 0 0 150 72.1 55.6 55.6
4737 0.5 10 0 0 4737 0.0 30 0 0 180 73.5 57.8 57.8
4737 0.5 10 0 0 4737 0.0 40 0 0 0 47.9 42.1 42.1
4737 0.5 10 0 0 4737 0.0 40 0 0 30 49.6 43.8 43.8
4737 0.5 10 0 0 4737 0.0 40 0 0 60 54.9 46.4 46.4
4737 0.5 10 0 0 4737 0.0 40 0 0 90 62.5 48.9 48.9
4737 0.5 10 0 0 4737 0.0 40 0 0 120 67.7 51.9 51.9
4737 0.5 10 0 0 4737 0.0 40 0 0 150 71.4 54.8 54.8
4737 0.5 10 0 0 4737 0.0 40 0 0 180 72.7 57.2 57.2
4737 0.5 10 0 0 4737 0.0 50 0 0 0 47.3 42.5 42.5
4737 0.5 10 0 0 4737 0.0 50 0 0 30 49.0 44.2 44.2
4737 0.5 10 0 0 4737 0.0 50 0 0 60 54.1 46.8 46.8
4737 0.5 10 0 0 4737 0.0 50 0 0 90 61.9 49.1 49.1
4737 0.5 10 0 0 4737 0.0 50 0 0 120 66.7 52.0 52.0
4737 0.5 10 0 0 4737 0.0 50 0 0 150 70.2 54.8 54.8
4737 0.5 10 0 0 4737 0.0 50 0 0 180 71.5 57.4 57.4
4737 0.5 10 0 0 4737 0.0 60 0 0 0 46.5 43.9 43.9
4737 0.5 10 0 0 4737 0.0 60 0 0 30 48.1 45.1 45.1
4737 0.5 10 0 0 4737 0.0 60 0 0 60 52.9 47.5 47.5
4737 0.5 10 0 0 4737 0.0 60 0 0 90 60.6 49.8 49.8
4737 0.5 10 0 0 4737 0.0 60 0 0 120 64.9 52.5 52.5
4737 0.5 10 0 0 4737 0.0 60 0 0 150 68.1 55.3 55.3
4737 0.5 10 0 0 4737 0.0 60 0 0 180 69.3 58.0 58.0
4737 0.5 10 0 0 4737 0.1 0 0 0 0 46.7 40.9 40.9
4737 0.5 10 0 0 4737 0.1 0 0 0 30 48.5 42.8 42.8
4737 0.5 10 0 0 4737 0.1 0 0 0 60 53.6 47.5 47.5
4737 0.5 10 0 0 4737 0.1 0 0 0 90 60.6 52.6 52.6
4737 0.5 10 0 0 4737 0.1 0 0 0 120 66.4 57.4 57.4
4737 0.5 10 0 0 4737 0.1 0 0 0 150 71.2 61.2 61.2
4737 0.5 10 0 0 4737 0.1 0 0 0 180 72.8 61.8 61.8
4737 0.5 10 0 0 4737 0.1 10 0 0 0 46.6 40.7 40.7
4737 0.5 10 0 0 4737 0.1 10 0 0 30 48.4 42.4 42.4
4737 0.5 10 0 0 4737 0.1 10 0 0 60 53.5 46.5 46.5
4737 0.5 10 0 0 4737 0.1 10 0 0 90 60.5 51.6 51.6
4737 0.5 10 0 0 4737 0.1 10 0 0 120 66.3 56.3 56.3
4737 0.5 10 0 0 4737 0.1 10 0 0 150 71.2 60.1 60.1
4737 0.5 10 0 0 4737 0.1 10 0 0 180 72.8 62.1 62.1
4737 0.5 10 0 0 4737 0.1 20 0 0 0 46.5 40.3 40.3
4737 0.5 10 0 0 4737 0.1 20 0 0 30 48.2 41.9 41.9
4737 0.5 10 0 0 4737 0.1 20 0 0 60 53.3 45.2 45.2
4737 0.5 10 0 0 4737 0.1 20 0 0 90 60.4 49.7 49.7
4737 0.5 10 0 0 4737 0.1 20 0 0 120 66.1 54.0 54.0
4737 0.5 10 0 0 4737 0.1 20 0 0 150 70.9 57.8 57.8
4737 0.5 10 0 0 4737 0.1 20 0 0 180 72.5 60.5 60.5
4737 0.5 10 0 0 4737 0.1 30 0 0 0 46.2 40.0 40.0
4737 0.5 10 0 0 4737 0.1 30 0 0 30 47.8 41.5 41.5
4737 0.5 10 0 0 4737 0.1 30 0 0 60 52.8 43.8 43.8
4737 0.5 10 0 0 4737 0.1 30 0 0 90 60.0 46.5 46.5
4737 0.5 10 0 0 4737 0.1 30 0 0 120 65.8 50.3 50.3
4737 0.5 10 0 0 4737 0.1 30 0 0 150 70.5 54.0 54.0
4737 0.5 10 0 0 4737 0.1 30 0 0 180 72.0 57.0 57.0
4737 0.5 10 0 0 4737 0.1 40 0 0 0 45.7 40.1 40.1
4737 0.5 10 0 0 4737 0.1 40 0 0 30 47.3 41.6 41.6
4737 0.5 10 0 0 4737 0.1 40 0 0 60 52.3 43.8 43.8
4737 0.5 10 0 0 4737 0.1 40 0 0 90 59.6 46.2 46.2
4737 0.5 10 0 0 4737 0.1 40 0 0 120 65.2 49.5 49.5
4737 0.5 10 0 0 4737 0.1 40 0 0 150 69.7 53.1 53.1
4737 0.5 10 0 0 4737 0.1 40 0 0 180 71.2 56.2 56.2
4737 0.5 10 0 0 4737 0.1 50 0 0 0 45.0 40.8 40.8
4737 0.5 10 0 0 4737 0.1 50 0 0 30 46.6 42.0 42.0
4737 0.5 10 0 0 4737 0.1 50 0 0 60 51.4 44.3 44.3
4737 0.5 10 0 0 4737 0.1 50 0 0 90 58.9 46.5 46.5
4737 0.5 10 0 0 4737 0.1 50 0 0 120 64.3 49.6 49.6
4737 0.5 10 0 0 4737 0.1 50 0 0 150 68.6 53.1 53.1
4737 0.5 10 0 0 4737 0.1 50 0 0 180 70.0 56.3 56.3
4737 0.5 10 0 0 4737 0.1 60 0 0 0 44.2 42.5 42.5
4737 0.5 10 0 0 4737 0.1 60 0 0 30 45.7 43.2 43.2
4737 0.5 10 0 0 4737 0.1 60 0 0 60 50.2 45.1 45.1
4737 0.5 10 0 0 4737 0.1 60 0 0 90 57.8 47.2 47.2
4737 0.5 10 0 0 4737 0.1 60 0 0 120 62.6 50.1 50.1
4737 0.5 10 0 0 4737 0.1 60 0 0 150 66.5 53.5 53.5
4737 0.5 10 0 0 4737 0.1 60 0 0 180 67.8 56.8 56.8
4737 0.5 10 0 0 4737 0.2 0 0 0 0 44.7 38.7 38.7
4737 0.5 10 0 0 4737 0.2 0 0 0 30 46.3 40.5 40.5
4737 0.5 10 0 0 4737 0.2 0 0 0 60 51.2 44.8 44.8
4737 0.5 10 0 0 4737 0.2 0 0 0 90 57.7 49.6 49.6
4737 0.5 10 0 0 4737 0.2 0 0 0 120 63.7 54.8 54.8
4737 0.5 10 0 0 4737 0.2 0 0 0 150 69.3 59.5 59.5
4737 0.5 10 0 0 4737 0.2 0 0 0 180 71.2 60.7 60.7
4737 0.5 10 0 0 4737 0.2 10 0 0 0 44.6 38.5 38.5
4737 0.5 10 0 0 4737 0.2 10 0 0 30 46.2 40.0 40.0
4737 0.5 10 0 0 4737 0.2 10 0 0 60 51.1 43.8 43.8
4737 0.5 10 0 0 4737 0.2 10 0 0 90 57.6 48.7 48.7
4737 0.5 10 0 0 4737 0.2 10 0 0 120 63.7 53.6 53.6
4737 0.5 10 0 0 4737 0.2 10 0 0 150 69.3 58.3 58.3
4737 0.5 10 0 0 4737 0.2 10 0 0 180 71.1 60.7 60.7
4737 0.5 10 0 0 4737 0.2 20 0 0 0 44.4 38.1 38.1
4737 0.5 10 0 0 4737 0.2 20 0 0 30 46.0 39.5 39.5
4737 0.5 10 0 0 4737 0.2 20 0 0 60 50.8 42.4 42.4
4737 0.5 10 0 0 4737 0.2 20 0 0 90 57.4 46.7 46.7
4737 0.5 10 0 0 4737 0.2 20 0 0 120 63.5 51.3 51.3
4737 0.5 10 0 0 4737 0.2 20 0 0 150 69.1 55.9 55.9
4737 0.5 10 0 0 4737 0.2 20 0 0 180 70.8 59.2 59.2
4737 0.5 10 0 0 4737 0.2 30 0 0 0 44.0 38.0 38.0
4737 0.5 10 0 0 4737 0.2 30 0 0 30 45.6 39.1 39.1
4737 0.5 10 0 0 4737 0.2 30 0 0 60 50.4 41.1 41.1
4737 0.5 10 0 0 4737 0.2 30 0 0 90 57.1 43.8 43.8
4737 0.5 10 0 0 4737 0.2 30 0 0 120 63.1 47.9 47.9
4737 0.5 10 0 0 4737 0.2 30 0 0 150 68.6 52.3 52.3
4737 0.5 10 0 0 4737 0.2 30 0 0 180 70.3 56.1 56.1
4737 0.5 10 0 0 4737 0.2 40 0 0 0 43.5 38.2 38.2
4737 0.5 10 0 0 4737 0.2 40 0 0 30 45.0 39.4 39.4
4737 0.5 10 0 0 4737 0.2 40 0 0 60 49.8 41.3 41.3
4737 0.5 10 0 0 4737 0.2 40 0 0 90 56.6 43.6 43.6
4737 0.5 10 0 0 4737 0.2 40 0 0 120 62.5 47.2 47.2
4737 0.5 10 0 0 4737 0.2 40 0 0 150 67.9 51.4 51.4
4737 0.5 10 0 0 4737 0.2 40 0 0 180 69.5 55.4 55.4
4737 0.5 10 0 0 4737 0.2 50 0 0 0 42.8 39.3 39.3
4737 0.5 10 0 0 4737 0.2 50 0 0 30 44.3 40.0 40.0
4737 0.5 10 0 0 4737 0.2 50 0 0 60 49.0 41.8 41.8
4737 0.5 10 0 0 4737 0.2 50 0 0 90 55.9 44.0 44.0
4737 0.5 10 0 0 4737 0.2 50 0 0 120 61.6 47.2 47.2
4737 0.5 10 0 0 4737 0.2 50 0 0 150 66.7 51.3 51.3
4737 0.5 10 0 0 4737 0.2 50 0 0 180 68.2 55.4 55.4
4737 0.5 10 0 0 4737 0.2 60 0 0 0 42.2 41.0 41.0
4737 0.5 10 0 0 4737 0.2 60 0 0 30 43.4 41.4 41.4
4737 0.5 10 0 0 4737 0.2 60 0 0 60 47.8 42.8 42.8
4737 0.5 10 0 0 4737 0.2 60 0 0 90 54.8 44.6 44.6
4737 0.5 10 0 0 4737 0.2 60 0 0 120 60.0 47.6 47.6
4737 0.5 10 0 0 4737 0.2 60 0 0 150 64.7 51.5 51.5
4737 0.5 10 0 0 4737 0.2 60 0 0 180 66.0 55.7 55.7
4737 0.5 10 0 0 4737 0.3 0 0 0 0 42.6 36.4 36.4
4737 0.5 10 0 0 4737 0.3 0 0 0 30 44.3 38.5 38.5
4737 0.5 10 0 0 4737 0.3 0 0 0 60 49.0 42.1 42.1
4737 0.5 10 0 0 4737 0.3 0 0 0 90 54.8 46.5 46.5
4737 0.5 10 0 0 4737 0.3 0 0 0 120 60.8 51.8 51.8
4737 0.5 10 0 0 4737 0.3 0 0 0 150 67.2 57.4 57.4
4737 0.5 10 0 0 4737 0.3 0 0 0 180 69.3 59.1 59.1
4737 0.5 10 0 0 4737 0.3 10 0 0 0 42.6 36.2 36.2
4737 0.5 10 0 0 4737 0.3 10 0 0 30 44.3 37.7 37.7
4737 0.5 10 0 0 4737 0.3 10 0 0 60 48.9 41.2 41.2
4737 0.5 10 0 0 4737 0.3 10 0 0 90 54.7 45.6 45.6
4737 0.5 10 0 0 4737 0.3 10 0 0 120 60.8 50.7 50.7
4737 0.5 10 0 0 4737 0.3 10 0 0 150 67.2 56.2 56.2
4737 0.5 10 0 0 4737 0.3 10 0 0 180 69.2 58.9 58.9
4737 0.5 10 0 0 4737 0.3 20 0 0 0 42.3 35.9 35.9
4737 0.5 10 0 0 4737 0.3 20 0 0 30 44.0 37.1 37.1
4737 0.5 10 0 0 4737 0.3 20 0 0 60 48.6 39.5 39.5
4737 0.5 10 0 0 4737 0.3 20 0 0 90 54.5 43.5 43.5
4737 0.5 10 0 0 4737 0.3 20 0 0 120 60.6 48.2 48.2
4737 0.5 10 0 0 4737 0.3 20 0 0 150 66.9 53.5 53.5
4737 0.5 10 0 0 4737 0.3 20 0 0 180 69.0 57.3 57.3
4737 0.5 10 0 0 4737 0.3 30 0 0 0 41.9 36.0 36.0
4737 0.5 10 0 0 4737 0.3 30 0 0 30 43.6 37.0 37.0
4737 0.5 10 0 0 4737 0.3 30 0 0 60 48.2 38.6 38.6
4737 0.5 10 0 0 4737 0.3 30 0 0 90 54.2 41.3 41.3
4737 0.5 10 0 0 4737 0.3 30 0 0 120 60.2 45.5 45.5
4737 0.5 10 0 0 4737 0.3 30 0 0 150 66.5 50.6 50.6
4737 0.5 10 0 0 4737 0.3 30 0 0 180 68.4 55.1 55.1
4737 0.5 10 0 0 4737 0.3 40 0 0 0 41.4 36.6 36.6
4737 0.5 10 0 0 4737 0.3 40 0 0 30 43.0 37.4 37.4
4737 0.5 10 0 0 4737 0.3 40 0 0 60 47.6 39.0 39.0
4737 0.5 10 0 0 4737 0.3 40 0 0 90 53.7 41.1 41.1
4737 0.5 10 0 0 4737 0.3 40 0 0 120 59.6 44.8 44.8
4737 0.5 10 0 0 4737 0.3 40 0 0 150 65.7 49.7 49.7
4737 0.5 10 0 0 4737 0.3 40 0 0 180 67.6 54.7 54.7
4737 0.5 10 0 0 4737 0.3 50 0 0 0 40.7 38.1 38.1
4737 0.5 10 0 0 4737 0.3 50 0 0 30 42.3 38.3 38.3
4737 0.5 10 0 0 4737 0.3 50 0 0 60 46.8 39.5 39.5
4737 0.5 10 0 0 4737 0.3 50 0 0 90 53.0 41.4 41.4
4737 0.5 10 0 0 4737 0.3 50 0 0 120 58.7 44.7 44.7
4737 0.5 10 0 0 4737 0.3 50 0 0 150 64.6 49.4 49.4
4737 0.5 10 0 0 4737 0.3 50 0 0 180 66.3 54.5 54.5
4737 0.5 10 0 0 4737 0.3 60 0 0 0 40.6 39.8 39.8
4737 0.5 10 0 0 4737 0.3 60 0 0 30 41.8 39.9 39.9
4737 0.5 10 0 0 4737 0.3 60 0 0 60 45.5 40.8 40.8
4737 0.5 10 0 0 4737 0.3 60 0 0 90 51.7 42.3 42.3
4737 0.5 10 0 0 4737 0.3 60 0 0 120 57.0 45.0 45.0
4737 0.5 10 0 0 4737 0.3 60 0 0 150 62.4 49.5 49.5
4737 0.5 10 0 0 4737 0.3 60 0 0 180 63.9 54.7 54.7
4737 0.5 10 0 0 4737 0.4 0 0 0 0 40.6 34.3 34.3
4737 0.5 10 0 0 4737 0.4 0 0 0 30 43.1 36.6 36.6
4737 0.5 10 0 0 4737 0.4 0 0 0 60 47.0 39.6 39.6
4737 0.5 10 0 0 4737 0.4 0 0 0 90 52.0 43.4 43.4
4737 0.5 10 0 0 4737 0.4 0 0 0 120 57.8 48.6 48.6
4737 0.5 10 0 0 4737 0.4 0 0 0 150 64.9 54.9 54.9
4737 0.5 10 0 0 4737 0.4 0 0 0 180 67.4 57.1 57.1
4737 0.5 10 0 0 4737 0.4 10 0 0 0 40.6 33.9 33.9
4737 0.5 10 0 0 4737 0.4 10 0 0 30 43.0 35.7 35.7
4737 0.5 10 0 0 4737 0.4 10 0 0 60 46.9 38.8 38.8
4737 0.5 10 0 0 4737 0.4 10 0 0 90 51.9 42.5 42.5
4737 0.5 10 0 0 4737 0.4 10 0 0 120 57.8 47.4 47.4
4737 0.5 10 0 0 4737 0.4 10 0 0 150 64.8 53.7 53.7
4737 0.5 10 0 0 4737 0.4 10 0 0 180 67.3 56.9 56.9
4737 0.5 10 0 0 4737 0.4 20 0 0 0 40.3 33.7 33.7
4737 0.5 10 0 0 4737 0.4 20 0 0 30 42.7 34.6 34.6
4737 0.5 10 0 0 4737 0.4 20 0 0 60 46.6 36.6 36.6
4737 0.5 10 0 0 4737 0.4 20 0 0 90 51.7 40.0 40.0
4737 0.5 10 0 0 4737 0.4 20 0 0 120 57.5 44.6 44.6
4737 0.5 10 0 0 4737 0.4 20 0 0 150 64.5 50.7 50.7
4737 0.5 10 0 0 4737 0.4 20 0 0 180 67.0 54.9 54.9
4737 0.5 10 0 0 4737 0.4 30 0 0 0 40.0 34.3 34.3
4737 0.5 10 0 0 4737 0.4 30 0 0 30 42.3 35.0 35.0
4737 0.5 10 0 0 4737 0.4 30 0 0 60 46.2 36.4 36.4
4737 0.5 10 0 0 4737 0.4 30 0 0 90 51.3 38.9 38.9
4737 0.5 10 0 0 4737 0.4 30 0 0 120 57.1 43.0 43.0
4737 0.5 10 0 0 4737 0.4 30 0 0 150 64.1 48.8 48.8
4737 0.5 10 0 0 4737 0.4 30 0 0 180 66.4 53.9 53.9
4737 0.5 10 0 0 4737 0.4 40 0 0 0 39.5 35.6 35.6
4737 0.5 10 0 0 4737 0.4 40 0 0 30 41.7 35.7 35.7
4737 0.5 10 0 0 4737 0.4 40 0 0 60 45.6 36.8 36.8
4737 0.5 10 0 0 4737 0.4 40 0 0 90 50.8 38.8 38.8
4737 0.5 10 0 0 4737 0.4 40 0 0 120 56.5 42.4 42.4
4737 0.5 10 0 0 4737 0.4 40 0 0 150 63.3 48.0 48.0
4737 0.5 10 0 0 4737 0.4 40 0 0 180 65.6 53.6 53.6
4737 0.5 10 0 0 4737 0.4 50 0 0 0 39.4 37.0 37.0
4737 0.5 10 0 0 4737 0.4 50 0 0 30 40.9 36.9 36.9
4737 0.5 10 0 0 4737 0.4 50 0 0 60 44.7 37.7 37.7
4737 0.5 10 0 0 4737 0.4 50 0 0 90 50.0 39.1 39.1
4737 0.5 10 0 0 4737 0.4 50 0 0 120 55.6 42.3 42.3
4737 0.5 10 0 0 4737 0.4 50 0 0 150 62.1 47.6 47.6
4737 0.5 10 0 0 4737 0.4 50 0 0 180 64.2 53.5 53.5
4737 0.5 10 0 0 4737 0.4 60 0 0 0 39.7 38.7 38.7
4737 0.5 10 0 0 4737 0.4 60 0 0 30 40.7 38.5 38.5
4737 0.5 10 0 0 4737 0.4 60 0 0 60 43.9 39.1 39.1
4737 0.5 10 0 0 4737 0.4 60 0 0 90 48.8 40.2 40.2
4737 0.5 10 0 0 4737 0.4 60 0 0 120 53.6 42.6 42.6
4737 0.5 10 0 0 4737 0.4 60 0 0 150 59.6 47.5 47.5
4737 0.5 10 0 0 4737 0.4 60 0 0 180 61.5 53.6 53.6
4737 0.5 10 0 0 4737 0.5 0 0 0 0 39.8 33.0 33.0
4737 0.5 10 0 0 4737 0.5 0 0 0 30 42.3 34.5 34.5
4737 0.5 10 0 0 4737 0.5 0 0 0 60 45.3 36.8 36.8
4737 0.5 10 0 0 4737 0.5 0 0 0 90 49.3 40.0 40.0
4737 0.5 10 0 0 4737 0.5 0 0 0 120 54.7 44.7 44.7
4737 0.5 10 0 0 4737 0.5 0 0 0 150 62.2 51.7 51.7
4737 0.5 10 0 0 4737 0.5 0 0 0 180 65.4 54.5 54.5
4737 0.5 10 0 0 4737 0.5 10 0 0 0 39.7 31.6 31.6
4737 0.5 10 0 0 4737 0.5 10 0 0 30 42.2 33.6 33.6
4737 0.5 10 0 0 4737 0.5 10 0 0 60 45.1 35.8 35.8
4737 0.5 10 0 0 4737 0.5 10 0 0 90 49.2 38.9 38.9
4737 0.5 10 0 0 4737 0.5 10 0 0 120 54.6 43.4 43.4
4737 0.5 10 0 0 4737 0.5 10 0 0 150 62.2 50.3 50.3
4737 0.5 10 0 0 4737 0.5 10 0 0 180 65.3 54.0 54.0
4737 0.5 10 0 0 4737 0.5 20 0 0 0 39.4 32.1 32.1
4737 0.5 10 0 0 4737 0.5 20 0 0 30 41.9 32.9 32.9
4737 0.5 10 0 0 4737 0.5 20 0 0 60 44.9 34.8 34.8
4737 0.5 10 0 0 4737 0.5 20 0 0 90 49.0 37.6 37.6
4737 0.5 10 0 0 4737 0.5 20 0 0 120 54.3 41.8 41.8
4737 0.5 10 0 0 4737 0.5 20 0 0 150 61.9 48.5 48.5
4737 0.5 10 0 0 4737 0.5 20 0 0 180 64.9 53.2 53.2
4737 0.5 10 0 0 4737 0.5 30 0 0 0 39.0 33.4 33.4
4737 0.5 10 0 0 4737 0.5 30 0 0 30 41.4 33.4 33.4
4737 0.5 10 0 0 4737 0.5 30 0 0 60 44.4 34.5 34.5
4737 0.5 10 0 0 4737 0.5 30 0 0 90 48.5 36.8 36.8
4737 0.5 10 0 0 4737 0.5 30 0 0 120 53.9 40.7 40.7
4737 0.5 10 0 0 4737 0.5 30 0 0 150 61.3 47.2 47.2
4737 0.5 10 0 0 4737 0.5 30 0 0 180 64.3 52.7 52.7
4737 0.5 10 0 0 4737 0.5 40 0 0 0 39.0 34.8 34.8
4737 0.5 10 0 0 4737 0.5 40 0 0 30 40.9 34.6 34.6
4737 0.5 10 0 0 4737 0.5 40 0 0 60 43.7 35.1 35.1
4737 0.5 10 0 0 4737 0.5 40 0 0 90 47.9 36.6 36.6
4737 0.5 10 0 0 4737 0.5 40 0 0 120 53.2 40.1 40.1
4737 0.5 10 0 0 4737 0.5 40 0 0 150 60.5 46.2 46.2
4737 0.5 10 0 0 4737 0.5 40 0 0 180 63.4 52.6 52.6
4737 0.5 10 0 0 4737 0.5 50 0 0 0 39.2 36.2 36.2
4737 0.5 10 0 0 4737 0.5 50 0 0 30 40.7 36.0 36.0
4737 0.5 10 0 0 4737 0.5 50 0 0 60 43.2 36.2 36.2
4737 0.5 10 0 0 4737 0.5 50 0 0 90 47.1 37.2 37.2
4737 0.5 10 0 0 4737 0.5 50 0 0 120 52.2 39.8 39.8
4737 0.5 10 0 0 4737 0.5 50 0 0 150 59.2 45.6 45.6
4737 0.5 10 0 0 4737 0.5 50 0 0 180 61.8 52.4 52.4
4737 0.5 10 0 0 4737 0.5 60 0 0 0 39.7 37.6 37.6
4737 0.5 10 0 0 4737 0.5 60 0 0 30 40.5 37.3 37.3
4737 0.5 10 0 0 4737 0.5 60 0 0 60 42.9 37.5 37.5
4737 0.5 10 0 0 4737 0.5 60 0 0 90 46.4 38.3 38.3
4737 0.5 10 0 0 4737 0.5 60 0 0 120 50.6 40.3 40.3
4737 0.5 10 0 0 4737 0.5 60 0 0 150 56.9 45.3 45.3
4737 0.5 10 0 0 4737 0.5 60 0 0 180 59.3 52.3 52.3
