5337 0.0 20 0 0 4737 0.0 0 0 0 0 62.2 54.5 54.5
5337 0.0 20 0 0 4737 0.0 0 0 0 30 62.1 54.8 54.8
5337 0.0 20 0 0 4737 0.0 0 0 0 60 62.5 54.7 54.7
5337 0.0 20 0 0 4737 0.0 0 0 0 90 62.2 54.9 54.9
5337 0.0 20 0 0 4737 0.0 0 0 0 120 62.3 54.9 54.9
5337 0.0 20 0 0 4737 0.0 0 0 0 150 62.3 55.0 55.0
5337 0.0 20 0 0 4737 0.0 0 0 0 180 62.2 55.3 55.3
5337 0.0 20 0 0 4737 0.0 10 0 0 0 62.2 54.2 54.2
5337 0.0 20 0 0 4737 0.0 10 0 0 30 62.1 54.4 54.4
5337 0.0 20 0 0 4737 0.0 10 0 0 60 62.5 54.3 54.3
5337 0.0 20 0 0 4737 0.0 10 0 0 90 62.2 54.5 54.5
5337 0.0 20 0 0 4737 0.0 10 0 0 120 62.3 54.6 54.6
5337 0.0 20 0 0 4737 0.0 10 0 0 150 62.2 54.7 54.7
5337 0.0 20 0 0 4737 0.0 10 0 0 180 62.1 54.9 54.9
5337 0.0 20 0 0 4737 0.0 20 0 0 0 62.0 53.0 53.0
5337 0.0 20 0 0 4737 0.0 20 0 0 30 61.9 53.3 53.3
5337 0.0 20 0 0 4737 0.0 20 0 0 60 62.3 53.1 53.1
5337 0.0 20 0 0 4737 0.0 20 0 0 90 62.0 53.3 53.3
5337 0.0 20 0 0 4737 0.0 20 0 0 120 62.1 53.4 53.4
5337 0.0 20 0 0 4737 0.0 20 0 0 150 62.0 53.5 53.5
5337 0.0 20 0 0 4737 0.0 20 0 0 180 61.9 53.7 53.7
5337 0.0 20 0 0 4737 0.0 30 0 0 0 61.7 50.6 50.6
5337 0.0 20 0 0 4737 0.0 30 0 0 30 61.5 50.9 50.9
5337 0.0 20 0 0 4737 0.0 30 0 0 60 62.0 50.8 50.8
5337 0.0 20 0 0 4737 0.0 30 0 0 90 61.6 50.9 50.9
5337 0.0 20 0 0 4737 0.0 30 0 0 120 61.8 51.2 51.2
5337 0.0 20 0 0 4737 0.0 30 0 0 150 61.7 51.1 51.1
5337 0.0 20 0 0 4737 0.0 30 0 0 180 61.6 51.4 51.4
5337 0.0 20 0 0 4737 0.0 40 0 0 0 61.2 50.6 50.6
5337 0.0 20 0 0 4737 0.0 40 0 0 30 61.0 50.8 50.8
5337 0.0 20 0 0 4737 0.0 40 0 0 60 61.5 50.8 50.8
5337 0.0 20 0 0 4737 0.0 40 0 0 90 61.1 50.9 50.9
5337 0.0 20 0 0 4737 0.0 40 0 0 120 61.3 51.0 51.0
5337 0.0 20 0 0 4737 0.0 40 0 0 150 61.3 51.1 51.1
5337 0.0 20 0 0 4737 0.0 40 0 0 180 61.0 51.3 51.3
5337 0.0 20 0 0 4737 0.0 50 0 0 0 60.5 51.3 51.3
5337 0.0 20 0 0 4737 0.0 50 0 0 30 60.2 51.5 51.5
5337 0.0 20 0 0 4737 0.0 50 0 0 60 60.7 51.6 51.6
5337 0.0 20 0 0 4737 0.0 50 0 0 90 60.4 51.7 51.7
5337 0.0 20 0 0 4737 0.0 50 0 0 120 60.5 51.7 51.7
5337 0.0 20 0 0 4737 0.0 50 0 0 150 60.5 51.9 51.9
5337 0.0 20 0 0 4737 0.0 50 0 0 180 60.3 52.0 52.0
5337 0.0 20 0 0 4737 0.0 60 0 0 0 59.1 52.6 52.6
5337 0.0 20 0 0 4737 0.0 60 0 0 30 59.1 52.7 52.7
5337 0.0 20 0 0 4737 0.0 60 0 0 60 59.4 52.8 52.8
5337 0.0 20 0 0 4737 0.0 60 0 0 90 59.1 52.9 52.9
5337 0.0 20 0 0 4737 0.0 60 0 0 120 59.1 52.9 52.9
5337 0.0 20 0 0 4737 0.0 60 0 0 150 59.2 53.2 53.2
5337 0.0 20 0 0 4737 0.0 60 0 0 180 59.0 53.2 53.2
5337 0.0 20 0 0 4737 0.1 0 0 0 0 62.4 54.4 54.4
5337 0.0 20 0 0 4737 0.1 0 0 0 30 62.2 54.6 54.6
5337 0.0 20 0 0 4737 0.1 0 0 0 60 62.2 54.6 54.6
5337 0.0 20 0 0 4737 0.1 0 0 0 90 62.5 54.5 54.5
5337 0.0 20 0 0 4737 0.1 0 0 0 120 62.2 54.8 54.8
5337 0.0 20 0 0 4737 0.1 0 0 0 150 62.5 54.8 54.8
5337 0.0 20 0 0 4737 0.1 0 0 0 180 62.2 55.1 55.1
5337 0.0 20 0 0 4737 0.1 10 0 0 0 62.4 54.0 54.0
5337 0.0 20 0 0 4737 0.1 10 0 0 30 62.1 54.1 54.1
5337 0.0 20 0 0 4737 0.1 10 0 0 60 62.2 54.2 54.2
5337 0.0 20 0 0 4737 0.1 10 0 0 90 62.5 54.2 54.2
5337 0.0 20 0 0 4737 0.1 10 0 0 120 62.2 54.5 54.5
5337 0.0 20 0 0 4737 0.1 10 0 0 150 62.5 54.5 54.5
5337 0.0 20 0 0 4737 0.1 10 0 0 180 62.1 54.7 54.7
5337 0.0 20 0 0 4737 0.1 20 0 0 0 62.2 52.8 52.8
5337 0.0 20 0 0 4737 0.1 20 0 0 30 61.9 53.1 53.1
5337 0.0 20 0 0 4737 0.1 20 0 0 60 62.0 53.0 53.0
5337 0.0 20 0 0 4737 0.1 20 0 0 90 62.3 53.0 53.0
5337 0.0 20 0 0 4737 0.1 20 0 0 120 62.0 53.3 53.3
5337 0.0 20 0 0 4737 0.1 20 0 0 150 62.3 53.3 53.3
5337 0.0 20 0 0 4737 0.1 20 0 0 180 61.9 53.5 53.5
5337 0.0 20 0 0 4737 0.1 30 0 0 0 61.9 50.6 50.6
5337 0.0 20 0 0 4737 0.1 30 0 0 30 61.6 50.8 50.8
5337 0.0 20 0 0 4737 0.1 30 0 0 60 61.6 50.6 50.6
5337 0.0 20 0 0 4737 0.1 30 0 0 90 62.1 50.7 50.7
5337 0.0 20 0 0 4737 0.1 30 0 0 120 61.7 51.0 51.0
5337 0.0 20 0 0 4737 0.1 30 0 0 150 62.0 50.9 50.9
5337 0.0 20 0 0 4737 0.1 30 0 0 180 61.6 51.2 51.2
5337 0.0 20 0 0 4737 0.1 40 0 0 0 61.4 50.6 50.6
5337 0.0 20 0 0 4737 0.1 40 0 0 30 61.1 50.8 50.8
5337 0.0 20 0 0 4737 0.1 40 0 0 60 61.1 50.6 50.6
5337 0.0 20 0 0 4737 0.1 40 0 0 90 61.6 50.7 50.7
5337 0.0 20 0 0 4737 0.1 40 0 0 120 61.1 50.9 50.9
5337 0.0 20 0 0 4737 0.1 40 0 0 150 61.5 50.9 50.9
5337 0.0 20 0 0 4737 0.1 40 0 0 180 61.0 51.1 51.1
5337 0.0 20 0 0 4737 0.1 50 0 0 0 60.6 51.2 51.2
5337 0.0 20 0 0 4737 0.1 50 0 0 30 60.4 51.4 51.4
5337 0.0 20 0 0 4737 0.1 50 0 0 60 60.4 51.4 51.4
5337 0.0 20 0 0 4737 0.1 50 0 0 90 60.7 51.4 51.4
5337 0.0 20 0 0 4737 0.1 50 0 0 120 60.3 51.7 51.7
5337 0.0 20 0 0 4737 0.1 50 0 0 150 60.6 51.7 51.7
5337 0.0 20 0 0 4737 0.1 50 0 0 180 60.3 51.8 51.8
5337 0.0 20 0 0 4737 0.1 60 0 0 0 59.2 52.3 52.3
5337 0.0 20 0 0 4737 0.1 60 0 0 30 59.1 52.6 52.6
5337 0.0 20 0 0 4737 0.1 60 0 0 60 59.1 52.5 52.5
5337 0.0 20 0 0 4737 0.1 60 0 0 90 59.3 52.6 52.6
5337 0.0 20 0 0 4737 0.1 60 0 0 120 59.1 52.8 52.8
5337 0.0 20 0 0 4737 0.1 60 0 0 150 59.2 52.9 52.9
5337 0.0 20 0 0 4737 0.1 60 0 0 180 59.1 53.0 53.0
5337 0.0 20 0 0 4737 0.2 0 0 0 0 62.3 54.2 54.2
5337 0.0 20 0 0 4737 0.2 0 0 0 30 62.3 54.2 54.2
5337 0.0 20 0 0 4737 0.2 0 0 0 60 62.2 54.3 54.3
5337 0.0 20 0 0 4737 0.2 0 0 0 90 62.5 54.4 54.4
5337 0.0 20 0 0 4737 0.2 0 0 0 120 62.3 54.6 54.6
5337 0.0 20 0 0 4737 0.2 0 0 0 150 62.4 54.7 54.7
5337 0.0 20 0 0 4737 0.2 0 0 0 180 62.1 54.7 54.7
5337 0.0 20 0 0 4737 0.2 10 0 0 0 62.3 53.8 53.8
5337 0.0 20 0 0 4737 0.2 10 0 0 30 62.3 53.9 53.9
5337 0.0 20 0 0 4737 0.2 10 0 0 60 62.1 54.0 54.0
5337 0.0 20 0 0 4737 0.2 10 0 0 90 62.4 54.0 54.0
5337 0.0 20 0 0 4737 0.2 10 0 0 120 62.3 54.2 54.2
5337 0.0 20 0 0 4737 0.2 10 0 0 150 62.3 54.4 54.4
5337 0.0 20 0 0 4737 0.2 10 0 0 180 62.1 54.4 54.4
5337 0.0 20 0 0 4737 0.2 20 0 0 0 62.1 52.5 52.5
5337 0.0 20 0 0 4737 0.2 20 0 0 30 62.1 52.8 52.8
5337 0.0 20 0 0 4737 0.2 20 0 0 60 61.9 52.7 52.7
5337 0.0 20 0 0 4737 0.2 20 0 0 90 62.2 52.7 52.7
5337 0.0 20 0 0 4737 0.2 20 0 0 120 62.1 53.0 53.0
5337 0.0 20 0 0 4737 0.2 20 0 0 150 62.1 53.0 53.0
5337 0.0 20 0 0 4737 0.2 20 0 0 180 61.9 53.3 53.3
5337 0.0 20 0 0 4737 0.2 30 0 0 0 61.8 50.6 50.6
5337 0.0 20 0 0 4737 0.2 30 0 0 30 61.8 50.8 50.8
5337 0.0 20 0 0 4737 0.2 30 0 0 60 61.5 50.8 50.8
5337 0.0 20 0 0 4737 0.2 30 0 0 90 61.9 50.7 50.7
5337 0.0 20 0 0 4737 0.2 30 0 0 120 61.8 51.0 51.0
5337 0.0 20 0 0 4737 0.2 30 0 0 150 61.8 50.8 50.8
5337 0.0 20 0 0 4737 0.2 30 0 0 180 61.5 51.1 51.1
5337 0.0 20 0 0 4737 0.2 40 0 0 0 61.3 50.7 50.7
5337 0.0 20 0 0 4737 0.2 40 0 0 30 61.4 50.9 50.9
5337 0.0 20 0 0 4737 0.2 40 0 0 60 61.0 50.9 50.9
5337 0.0 20 0 0 4737 0.2 40 0 0 90 61.4 50.6 50.6
5337 0.0 20 0 0 4737 0.2 40 0 0 120 61.3 50.9 50.9
5337 0.0 20 0 0 4737 0.2 40 0 0 150 61.3 50.8 50.8
5337 0.0 20 0 0 4737 0.2 40 0 0 180 61.0 51.0 51.0
5337 0.0 20 0 0 4737 0.2 50 0 0 0 60.5 51.1 51.1
5337 0.0 20 0 0 4737 0.2 50 0 0 30 60.6 51.3 51.3
5337 0.0 20 0 0 4737 0.2 50 0 0 60 60.3 51.5 51.5
5337 0.0 20 0 0 4737 0.2 50 0 0 90 60.6 51.3 51.3
5337 0.0 20 0 0 4737 0.2 50 0 0 120 60.5 51.5 51.5
5337 0.0 20 0 0 4737 0.2 50 0 0 150 60.5 51.5 51.5
5337 0.0 20 0 0 4737 0.2 50 0 0 180 60.3 51.8 51.8
5337 0.0 20 0 0 4737 0.2 60 0 0 0 59.1 52.0 52.0
5337 0.0 20 0 0 4737 0.2 60 0 0 30 59.2 52.3 52.3
5337 0.0 20 0 0 4737 0.2 60 0 0 60 59.1 52.4 52.4
5337 0.0 20 0 0 4737 0.2 60 0 0 90 59.2 52.2 52.2
5337 0.0 20 0 0 4737 0.2 60 0 0 120 59.1 52.6 52.6
5337 0.0 20 0 0 4737 0.2 60 0 0 150 59.1 52.6 52.6
5337 0.0 20 0 0 4737 0.2 60 0 0 180 59.1 52.9 52.9
5337 0.0 20 0 0 4737 0.3 0 0 0 0 62.3 54.0 54.0
5337 0.0 20 0 0 4737 0.3 0 0 0 30 62.4 54.0 54.0
5337 0.0 20 0 0 4737 0.3 0 0 0 60 62.3 54.0 54.0
5337 0.0 20 0 0 4737 0.3 0 0 0 90 62.3 54.2 54.2
5337 0.0 20 0 0 4737 0.3 0 0 0 120 62.5 54.2 54.2
5337 0.0 20 0 0 4737 0.3 0 0 0 150 62.2 54.6 54.6
5337 0.0 20 0 0 4737 0.3 0 0 0 180 62.2 54.5 54.5
5337 0.0 20 0 0 4737 0.3 10 0 0 0 62.2 53.5 53.5
5337 0.0 20 0 0 4737 0.3 10 0 0 30 62.4 53.6 53.6
5337 0.0 20 0 0 4737 0.3 10 0 0 60 62.2 53.7 53.7
5337 0.0 20 0 0 4737 0.3 10 0 0 90 62.2 53.8 53.8
5337 0.0 20 0 0 4737 0.3 10 0 0 120 62.5 53.8 53.8
5337 0.0 20 0 0 4737 0.3 10 0 0 150 62.2 54.1 54.1
5337 0.0 20 0 0 4737 0.3 10 0 0 180 62.1 54.2 54.2
5337 0.0 20 0 0 4737 0.3 20 0 0 0 62.0 52.2 52.2
5337 0.0 20 0 0 4737 0.3 20 0 0 30 62.2 52.3 52.3
5337 0.0 20 0 0 4737 0.3 20 0 0 60 62.0 52.3 52.3
5337 0.0 20 0 0 4737 0.3 20 0 0 90 62.0 52.2 52.2
5337 0.0 20 0 0 4737 0.3 20 0 0 120 62.3 52.5 52.5
5337 0.0 20 0 0 4737 0.3 20 0 0 150 62.0 52.6 52.6
5337 0.0 20 0 0 4737 0.3 20 0 0 180 62.0 52.8 52.8
5337 0.0 20 0 0 4737 0.3 30 0 0 0 61.7 50.5 50.5
5337 0.0 20 0 0 4737 0.3 30 0 0 30 61.9 50.8 50.8
5337 0.0 20 0 0 4737 0.3 30 0 0 60 61.7 50.9 50.9
5337 0.0 20 0 0 4737 0.3 30 0 0 90 61.7 50.8 50.8
5337 0.0 20 0 0 4737 0.3 30 0 0 120 62.0 51.0 51.0
5337 0.0 20 0 0 4737 0.3 30 0 0 150 61.6 51.1 51.1
5337 0.0 20 0 0 4737 0.3 30 0 0 180 61.7 51.1 51.1
5337 0.0 20 0 0 4737 0.3 40 0 0 0 61.2 50.6 50.6
5337 0.0 20 0 0 4737 0.3 40 0 0 30 61.4 50.9 50.9
5337 0.0 20 0 0 4737 0.3 40 0 0 60 61.3 51.0 51.0
5337 0.0 20 0 0 4737 0.3 40 0 0 90 61.2 50.8 50.8
5337 0.0 20 0 0 4737 0.3 40 0 0 120 61.4 51.0 51.0
5337 0.0 20 0 0 4737 0.3 40 0 0 150 61.1 51.1 51.1
5337 0.0 20 0 0 4737 0.3 40 0 0 180 61.2 51.2 51.2
5337 0.0 20 0 0 4737 0.3 50 0 0 0 60.4 51.0 51.0
5337 0.0 20 0 0 4737 0.3 50 0 0 30 60.6 51.2 51.2
5337 0.0 20 0 0 4737 0.3 50 0 0 60 60.5 51.4 51.4
5337 0.0 20 0 0 4737 0.3 50 0 0 90 60.5 51.3 51.3
5337 0.0 20 0 0 4737 0.3 50 0 0 120 60.6 51.4 51.4
5337 0.0 20 0 0 4737 0.3 50 0 0 150 60.4 51.6 51.6
5337 0.0 20 0 0 4737 0.3 50 0 0 180 60.5 51.7 51.7
5337 0.0 20 0 0 4737 0.3 60 0 0 0 59.0 51.8 51.8
5337 0.0 20 0 0 4737 0.3 60 0 0 30 59.1 52.0 52.0
5337 0.0 20 0 0 4737 0.3 60 0 0 60 59.1 52.3 52.3
5337 0.0 20 0 0 4737 0.3 60 0 0 90 59.1 52.0 52.0
5337 0.0 20 0 0 4737 0.3 60 0 0 120 59.1 52.1 52.1
5337 0.0 20 0 0 4737 0.3 60 0 0 150 59.0 52.4 52.4
5337 0.0 20 0 0 4737 0.3 60 0 0 180 59.0 52.7 52.7
5337 0.0 20 0 0 4737 0.4 0 0 0 0 62.2 53.6 53.6
5337 0.0 20 0 0 4737 0.4 0 0 0 30 62.3 53.6 53.6
5337 0.0 20 0 0 4737 0.4 0 0 0 60 62.4 53.7 53.7
5337 0.0 20 0 0 4737 0.4 0 0 0 90 62.3 53.7 53.7
5337 0.0 20 0 0 4737 0.4 0 0 0 120 62.4 53.8 53.8
5337 0.0 20 0 0 4737 0.4 0 0 0 150 62.3 54.2 54.2
5337 0.0 20 0 0 4737 0.4 0 0 0 180 62.3 54.2 54.2
5337 0.0 20 0 0 4737 0.4 10 0 0 0 62.1 53.2 53.2
5337 0.0 20 0 0 4737 0.4 10 0 0 30 62.2 53.3 53.3
5337 0.0 20 0 0 4737 0.4 10 0 0 60 62.3 53.3 53.3
5337 0.0 20 0 0 4737 0.4 10 0 0 90 62.3 53.3 53.3
5337 0.0 20 0 0 4737 0.4 10 0 0 120 62.3 53.4 53.4
5337 0.0 20 0 0 4737 0.4 10 0 0 150 62.2 53.7 53.7
5337 0.0 20 0 0 4737 0.4 10 0 0 180 62.3 53.8 53.8
5337 0.0 20 0 0 4737 0.4 20 0 0 0 62.0 51.5 51.5
5337 0.0 20 0 0 4737 0.4 20 0 0 30 62.0 51.5 51.5
5337 0.0 20 0 0 4737 0.4 20 0 0 60 62.1 51.6 51.6
5337 0.0 20 0 0 4737 0.4 20 0 0 90 62.1 51.6 51.6
5337 0.0 20 0 0 4737 0.4 20 0 0 120 62.1 51.7 51.7
5337 0.0 20 0 0 4737 0.4 20 0 0 150 62.1 52.0 52.0
5337 0.0 20 0 0 4737 0.4 20 0 0 180 62.1 52.1 52.1
5337 0.0 20 0 0 4737 0.4 30 0 0 0 61.6 50.7 50.7
5337 0.0 20 0 0 4737 0.4 30 0 0 30 61.7 50.9 50.9
5337 0.0 20 0 0 4737 0.4 30 0 0 60 61.8 50.9 50.9
5337 0.0 20 0 0 4737 0.4 30 0 0 90 61.8 51.0 51.0
5337 0.0 20 0 0 4737 0.4 30 0 0 120 61.8 51.1 51.1
5337 0.0 20 0 0 4737 0.4 30 0 0 150 61.7 51.3 51.3
5337 0.0 20 0 0 4737 0.4 30 0 0 180 61.8 51.3 51.3
5337 0.0 20 0 0 4737 0.4 40 0 0 0 61.1 50.8 50.8
5337 0.0 20 0 0 4737 0.4 40 0 0 30 61.2 50.9 50.9
5337 0.0 20 0 0 4737 0.4 40 0 0 60 61.3 51.0 51.0
5337 0.0 20 0 0 4737 0.4 40 0 0 90 61.3 51.0 51.0
5337 0.0 20 0 0 4737 0.4 40 0 0 120 61.2 51.1 51.1
5337 0.0 20 0 0 4737 0.4 40 0 0 150 61.3 51.2 51.2
5337 0.0 20 0 0 4737 0.4 40 0 0 180 61.3 51.4 51.4
5337 0.0 20 0 0 4737 0.4 50 0 0 0 60.3 51.0 51.0
5337 0.0 20 0 0 4737 0.4 50 0 0 30 60.4 51.1 51.1
5337 0.0 20 0 0 4737 0.4 50 0 0 60 60.5 51.3 51.3
5337 0.0 20 0 0 4737 0.4 50 0 0 90 60.5 51.2 51.2
5337 0.0 20 0 0 4737 0.4 50 0 0 120 60.4 51.3 51.3
5337 0.0 20 0 0 4737 0.4 50 0 0 150 60.5 51.8 51.8
5337 0.0 20 0 0 4737 0.4 50 0 0 180 60.5 52.0 52.0
5337 0.0 20 0 0 4737 0.4 60 0 0 0 58.9 51.9 51.9
5337 0.0 20 0 0 4737 0.4 60 0 0 30 59.0 52.0 52.0
5337 0.0 20 0 0 4737 0.4 60 0 0 60 58.9 52.1 52.1
5337 0.0 20 0 0 4737 0.4 60 0 0 90 58.9 52.1 52.1
5337 0.0 20 0 0 4737 0.4 60 0 0 120 58.8 51.9 51.9
5337 0.0 20 0 0 4737 0.4 60 0 0 150 58.8 52.3 52.3
5337 0.0 20 0 0 4737 0.4 60 0 0 180 58.8 52.5 52.5
5337 0.0 20 0 0 4737 0.5 0 0 0 0 62.2 52.9 52.9
5337 0.0 20 0 0 4737 0.5 0 0 0 30 62.2 52.9 52.9
5337 0.0 20 0 0 4737 0.5 0 0 0 60 62.3 53.0 53.0
5337 0.0 20 0 0 4737 0.5 0 0 0 90 62.4 53.1 53.1
5337 0.0 20 0 0 4737 0.5 0 0 0 120 62.3 53.0 53.0
5337 0.0 20 0 0 4737 0.5 0 0 0 150 62.4 53.5 53.5
5337 0.0 20 0 0 4737 0.5 0 0 0 180 62.3 53.5 53.5
5337 0.0 20 0 0 4737 0.5 10 0 0 0 62.1 52.4 52.4
5337 0.0 20 0 0 4737 0.5 10 0 0 30 62.2 52.5 52.5
5337 0.0 20 0 0 4737 0.5 10 0 0 60 62.2 52.5 52.5
5337 0.0 20 0 0 4737 0.5 10 0 0 90 62.3 52.5 52.5
5337 0.0 20 0 0 4737 0.5 10 0 0 120 62.3 52.5 52.5
5337 0.0 20 0 0 4737 0.5 10 0 0 150 62.3 52.9 52.9
5337 0.0 20 0 0 4737 0.5 10 0 0 180 62.3 52.9 52.9
5337 0.0 20 0 0 4737 0.5 20 0 0 0 61.9 51.4 51.4
5337 0.0 20 0 0 4737 0.5 20 0 0 30 62.0 51.5 51.5
5337 0.0 20 0 0 4737 0.5 20 0 0 60 62.0 51.6 51.6
5337 0.0 20 0 0 4737 0.5 20 0 0 90 62.1 51.6 51.6
5337 0.0 20 0 0 4737 0.5 20 0 0 120 62.1 51.7 51.7
5337 0.0 20 0 0 4737 0.5 20 0 0 150 62.1 52.0 52.0
5337 0.0 20 0 0 4737 0.5 20 0 0 180 62.1 52.2 52.2
5337 0.0 20 0 0 4737 0.5 30 0 0 0 61.6 51.0 51.0
5337 0.0 20 0 0 4737 0.5 30 0 0 30 61.6 51.0 51.0
5337 0.0 20 0 0 4737 0.5 30 0 0 60 61.7 51.2 51.2
5337 0.0 20 0 0 4737 0.5 30 0 0 90 61.8 51.3 51.3
5337 0.0 20 0 0 4737 0.5 30 0 0 120 61.8 51.4 51.4
5337 0.0 20 0 0 4737 0.5 30 0 0 150 61.8 51.8 51.8
5337 0.0 20 0 0 4737 0.5 30 0 0 180 61.7 51.7 51.7
5337 0.0 20 0 0 4737 0.5 40 0 0 0 61.1 51.0 51.0
5337 0.0 20 0 0 4737 0.5 40 0 0 30 61.1 51.1 51.1
5337 0.0 20 0 0 4737 0.5 40 0 0 60 61.1 51.1 51.1
5337 0.0 20 0 0 4737 0.5 40 0 0 90 61.2 51.2 51.2
5337 0.0 20 0 0 4737 0.5 40 0 0 120 61.3 51.5 51.5
5337 0.0 20 0 0 4737 0.5 40 0 0 150 61.2 51.7 51.7
5337 0.0 20 0 0 4737 0.5 40 0 0 180 61.2 51.7 51.7
5337 0.0 20 0 0 4737 0.5 50 0 0 0 60.3 51.3 51.3
5337 0.0 20 0 0 4737 0.5 50 0 0 30 60.3 51.4 51.4
5337 0.0 20 0 0 4737 0.5 50 0 0 60 60.3 51.3 51.3
5337 0.0 20 0 0 4737 0.5 50 0 0 90 60.4 51.3 51.3
5337 0.0 20 0 0 4737 0.5 50 0 0 120 60.4 51.4 51.4
5337 0.0 20 0 0 4737 0.5 50 0 0 150 60.2 51.8 51.8
5337 0.0 20 0 0 4737 0.5 50 0 0 180 60.2 52.1 52.1
5337 0.0 20 0 0 4737 0.5 60 0 0 0 59.1 51.9 51.9
5337 0.0 20 0 0 4737 0.5 60 0 0 30 59.1 52.0 52.0
5337 0.0 20 0 0 4737 0.5 60 0 0 60 59.0 52.0 52.0
5337 0.0 20 0 0 4737 0.5 60 0 0 90 59.0 51.9 51.9
5337 0.0 20 0 0 4737 0.5 60 0 0 120 58.9 52.0 52.0
5337 0.0 20 0 0 4737 0.5 60 0 0 150 58.6 52.2 52.2
5337 0.0 20 0 0 4737 0.5 60 0 0 180 58.6 52.4 52.4
5337 0.0 20 0 0 4937 0.0 0 0 0 0 62.5 55.1 55.1
5337 0.0 20 0 0 4937 0.0 0 0 0 30 62.7 55.3 55.3
5337 0.0 20 0 0 4937 0.0 0 0 0 60 62.8 55.7 55.7
5337 0.0 20 0 0 4937 0.0 0 0 0 90 63.0 55.9 55.9
5337 0.0 20 0 0 4937 0.0 0 0 0 120 63.0 55.9 55.9
5337 0.0 20 0 0 4937 0.0 0 0 0 150 62.8 56.0 56.0
5337 0.0 20 0 0 4937 0.0 0 0 0 180 62.7 55.7 55.7
5337 0.0 20 0 0 4937 0.0 10 0 0 0 62.4 54.6 54.6
5337 0.0 20 0 0 4937 0.0 10 0 0 30 62.7 55.0 55.0
5337 0.0 20 0 0 4937 0.0 10 0 0 60 62.8 55.3 55.3
5337 0.0 20 0 0 4937 0.0 10 0 0 90 62.9 55.5 55.5
5337 0.0 20 0 0 4937 0.0 10 0 0 120 62.9 55.7 55.7
5337 0.0 20 0 0 4937 0.0 10 0 0 150 62.7 55.7 55.7
5337 0.0 20 0 0 4937 0.0 10 0 0 180 62.7 55.4 55.4
5337 0.0 20 0 0 4937 0.0 20 0 0 0 62.2 53.5 53.5
5337 0.0 20 0 0 4937 0.0 20 0 0 30 62.5 53.8 53.8
5337 0.0 20 0 0 4937 0.0 20 0 0 60 62.6 54.2 54.2
5337 0.0 20 0 0 4937 0.0 20 0 0 90 62.8 54.4 54.4
5337 0.0 20 0 0 4937 0.0 20 0 0 120 62.7 54.7 54.7
5337 0.0 20 0 0 4937 0.0 20 0 0 150 62.6 54.6 54.6
5337 0.0 20 0 0 4937 0.0 20 0 0 180 62.5 54.4 54.4
5337 0.0 20 0 0 4937 0.0 30 0 0 0 61.9 51.1 51.1
5337 0.0 20 0 0 4937 0.0 30 0 0 30 62.2 51.5 51.5
5337 0.0 20 0 0 4937 0.0 30 0 0 60 62.4 52.0 52.0
5337 0.0 20 0 0 4937 0.0 30 0 0 90 62.4 52.2 52.2
5337 0.0 20 0 0 4937 0.0 30 0 0 120 62.4 52.3 52.3
5337 0.0 20 0 0 4937 0.0 30 0 0 150 62.3 52.2 52.2
5337 0.0 20 0 0 4937 0.0 30 0 0 180 62.2 52.1 52.1
5337 0.0 20 0 0 4937 0.0 40 0 0 0 61.4 50.9 50.9
5337 0.0 20 0 0 4937 0.0 40 0 0 30 61.7 51.4 51.4
5337 0.0 20 0 0 4937 0.0 40 0 0 60 61.9 51.9 51.9
5337 0.0 20 0 0 4937 0.0 40 0 0 90 61.9 52.3 52.3
5337 0.0 20 0 0 4937 0.0 40 0 0 120 61.9 52.3 52.3
5337 0.0 20 0 0 4937 0.0 40 0 0 150 61.8 52.2 52.2
5337 0.0 20 0 0 4937 0.0 40 0 0 180 61.6 52.0 52.0
5337 0.0 20 0 0 4937 0.0 50 0 0 0 60.7 51.6 51.6
5337 0.0 20 0 0 4937 0.0 50 0 0 30 61.0 52.1 52.1
5337 0.0 20 0 0 4937 0.0 50 0 0 60 61.1 52.3 52.3
5337 0.0 20 0 0 4937 0.0 50 0 0 90 61.2 52.6 52.6
5337 0.0 20 0 0 4937 0.0 50 0 0 120 61.2 52.8 52.8
5337 0.0 20 0 0 4937 0.0 50 0 0 150 61.1 52.8 52.8
5337 0.0 20 0 0 4937 0.0 50 0 0 180 60.9 52.7 52.7
5337 0.0 20 0 0 4937 0.0 60 0 0 0 59.6 52.9 52.9
5337 0.0 20 0 0 4937 0.0 60 0 0 30 59.8 53.2 53.2
5337 0.0 20 0 0 4937 0.0 60 0 0 60 59.8 53.4 53.4
5337 0.0 20 0 0 4937 0.0 60 0 0 90 60.0 53.7 53.7
5337 0.0 20 0 0 4937 0.0 60 0 0 120 59.9 53.9 53.9
5337 0.0 20 0 0 4937 0.0 60 0 0 150 59.8 53.9 53.9
5337 0.0 20 0 0 4937 0.0 60 0 0 180 59.9 53.9 53.9
5337 0.0 20 0 0 4937 0.1 0 0 0 0 62.6 54.8 54.8
5337 0.0 20 0 0 4937 0.1 0 0 0 30 62.6 55.1 55.1
5337 0.0 20 0 0 4937 0.1 0 0 0 60 63.0 55.4 55.4
5337 0.0 20 0 0 4937 0.1 0 0 0 90 62.8 55.6 55.6
5337 0.0 20 0 0 4937 0.1 0 0 0 120 62.9 55.9 55.9
5337 0.0 20 0 0 4937 0.1 0 0 0 150 63.0 55.9 55.9
5337 0.0 20 0 0 4937 0.1 0 0 0 180 62.8 55.6 55.6
5337 0.0 20 0 0 4937 0.1 10 0 0 0 62.5 54.4 54.4
5337 0.0 20 0 0 4937 0.1 10 0 0 30 62.5 54.7 54.7
5337 0.0 20 0 0 4937 0.1 10 0 0 60 63.0 55.1 55.1
5337 0.0 20 0 0 4937 0.1 10 0 0 90 62.8 55.2 55.2
5337 0.0 20 0 0 4937 0.1 10 0 0 120 62.9 55.5 55.5
5337 0.0 20 0 0 4937 0.1 10 0 0 150 62.9 55.6 55.6
5337 0.0 20 0 0 4937 0.1 10 0 0 180 62.7 55.3 55.3
5337 0.0 20 0 0 4937 0.1 20 0 0 0 62.4 53.3 53.3
5337 0.0 20 0 0 4937 0.1 20 0 0 30 62.4 53.6 53.6
5337 0.0 20 0 0 4937 0.1 20 0 0 60 62.8 54.0 54.0
5337 0.0 20 0 0 4937 0.1 20 0 0 90 62.6 54.1 54.1
5337 0.0 20 0 0 4937 0.1 20 0 0 120 62.7 54.4 54.4
5337 0.0 20 0 0 4937 0.1 20 0 0 150 62.7 54.5 54.5
5337 0.0 20 0 0 4937 0.1 20 0 0 180 62.6 54.3 54.3
5337 0.0 20 0 0 4937 0.1 30 0 0 0 62.0 50.8 50.8
5337 0.0 20 0 0 4937 0.1 30 0 0 30 62.1 51.1 51.1
5337 0.0 20 0 0 4937 0.1 30 0 0 60 62.4 51.5 51.5
5337 0.0 20 0 0 4937 0.1 30 0 0 90 62.3 51.9 51.9
5337 0.0 20 0 0 4937 0.1 30 0 0 120 62.4 52.3 52.3
5337 0.0 20 0 0 4937 0.1 30 0 0 150 62.4 52.3 52.3
5337 0.0 20 0 0 4937 0.1 30 0 0 180 62.2 51.9 51.9
5337 0.0 20 0 0 4937 0.1 40 0 0 0 61.5 50.7 50.7
5337 0.0 20 0 0 4937 0.1 40 0 0 30 61.7 51.0 51.0
5337 0.0 20 0 0 4937 0.1 40 0 0 60 61.9 51.4 51.4
5337 0.0 20 0 0 4937 0.1 40 0 0 90 61.9 51.9 51.9
5337 0.0 20 0 0 4937 0.1 40 0 0 120 61.9 52.2 52.2
5337 0.0 20 0 0 4937 0.1 40 0 0 150 61.9 52.2 52.2
5337 0.0 20 0 0 4937 0.1 40 0 0 180 61.7 52.0 52.0
5337 0.0 20 0 0 4937 0.1 50 0 0 0 60.8 51.4 51.4
5337 0.0 20 0 0 4937 0.1 50 0 0 30 61.0 51.6 51.6
5337 0.0 20 0 0 4937 0.1 50 0 0 60 61.2 51.8 51.8
5337 0.0 20 0 0 4937 0.1 50 0 0 90 61.2 52.3 52.3
5337 0.0 20 0 0 4937 0.1 50 0 0 120 61.2 52.6 52.6
5337 0.0 20 0 0 4937 0.1 50 0 0 150 61.1 52.7 52.7
5337 0.0 20 0 0 4937 0.1 50 0 0 180 60.9 52.8 52.8
5337 0.0 20 0 0 4937 0.1 60 0 0 0 59.6 52.8 52.8
5337 0.0 20 0 0 4937 0.1 60 0 0 30 59.8 52.9 52.9
5337 0.0 20 0 0 4937 0.1 60 0 0 60 59.9 53.1 53.1
5337 0.0 20 0 0 4937 0.1 60 0 0 90 59.9 53.3 53.3
5337 0.0 20 0 0 4937 0.1 60 0 0 120 59.9 53.6 53.6
5337 0.0 20 0 0 4937 0.1 60 0 0 150 59.9 53.7 53.7
5337 0.0 20 0 0 4937 0.1 60 0 0 180 59.8 53.7 53.7
5337 0.0 20 0 0 4937 0.2 0 0 0 0 62.6 54.6 54.6
5337 0.0 20 0 0 4937 0.2 0 0 0 30 62.7 54.8 54.8
5337 0.0 20 0 0 4937 0.2 0 0 0 60 62.9 55.2 55.2
5337 0.0 20 0 0 4937 0.2 0 0 0 90 62.9 55.4 55.4
5337 0.0 20 0 0 4937 0.2 0 0 0 120 63.1 55.7 55.7
5337 0.0 20 0 0 4937 0.2 0 0 0 150 62.9 55.7 55.7
5337 0.0 20 0 0 4937 0.2 0 0 0 180 62.7 55.4 55.4
5337 0.0 20 0 0 4937 0.2 10 0 0 0 62.5 54.2 54.2
5337 0.0 20 0 0 4937 0.2 10 0 0 30 62.6 54.5 54.5
5337 0.0 20 0 0 4937 0.2 10 0 0 60 62.8 54.7 54.7
5337 0.0 20 0 0 4937 0.2 10 0 0 90 62.8 55.0 55.0
5337 0.0 20 0 0 4937 0.2 10 0 0 120 63.0 55.3 55.3
5337 0.0 20 0 0 4937 0.2 10 0 0 150 62.9 55.4 55.4
5337 0.0 20 0 0 4937 0.2 10 0 0 180 62.7 55.2 55.2
5337 0.0 20 0 0 4937 0.2 20 0 0 0 62.3 53.1 53.1
5337 0.0 20 0 0 4937 0.2 20 0 0 30 62.5 53.3 53.3
5337 0.0 20 0 0 4937 0.2 20 0 0 60 62.6 53.5 53.5
5337 0.0 20 0 0 4937 0.2 20 0 0 90 62.7 53.9 53.9
5337 0.0 20 0 0 4937 0.2 20 0 0 120 62.8 54.2 54.2
5337 0.0 20 0 0 4937 0.2 20 0 0 150 62.7 54.3 54.3
5337 0.0 20 0 0 4937 0.2 20 0 0 180 62.5 54.1 54.1
5337 0.0 20 0 0 4937 0.2 30 0 0 0 62.0 50.6 50.6
5337 0.0 20 0 0 4937 0.2 30 0 0 30 62.2 50.8 50.8
5337 0.0 20 0 0 4937 0.2 30 0 0 60 62.3 51.1 51.1
5337 0.0 20 0 0 4937 0.2 30 0 0 90 62.4 51.5 51.5
5337 0.0 20 0 0 4937 0.2 30 0 0 120 62.5 52.0 52.0
5337 0.0 20 0 0 4937 0.2 30 0 0 150 62.4 52.4 52.4
5337 0.0 20 0 0 4937 0.2 30 0 0 180 62.2 52.2 52.2
5337 0.0 20 0 0 4937 0.2 40 0 0 0 61.6 50.5 50.5
5337 0.0 20 0 0 4937 0.2 40 0 0 30 61.7 50.7 50.7
5337 0.0 20 0 0 4937 0.2 40 0 0 60 61.9 51.0 51.0
5337 0.0 20 0 0 4937 0.2 40 0 0 90 61.9 51.5 51.5
5337 0.0 20 0 0 4937 0.2 40 0 0 120 62.0 51.9 51.9
5337 0.0 20 0 0 4937 0.2 40 0 0 150 61.9 52.3 52.3
5337 0.0 20 0 0 4937 0.2 40 0 0 180 61.7 52.2 52.2
5337 0.0 20 0 0 4937 0.2 50 0 0 0 60.9 51.2 51.2
5337 0.0 20 0 0 4937 0.2 50 0 0 30 61.0 51.4 51.4
5337 0.0 20 0 0 4937 0.2 50 0 0 60 61.1 51.7 51.7
5337 0.0 20 0 0 4937 0.2 50 0 0 90 61.2 52.1 52.1
5337 0.0 20 0 0 4937 0.2 50 0 0 120 61.2 52.4 52.4
5337 0.0 20 0 0 4937 0.2 50 0 0 150 61.1 52.6 52.6
5337 0.0 20 0 0 4937 0.2 50 0 0 180 60.9 52.6 52.6
5337 0.0 20 0 0 4937 0.2 60 0 0 0 59.5 52.7 52.7
5337 0.0 20 0 0 4937 0.2 60 0 0 30 59.8 52.8 52.8
5337 0.0 20 0 0 4937 0.2 60 0 0 60 59.8 53.0 53.0
5337 0.0 20 0 0 4937 0.2 60 0 0 90 60.0 53.2 53.2
5337 0.0 20 0 0 4937 0.2 60 0 0 120 60.0 53.5 53.5
5337 0.0 20 0 0 4937 0.2 60 0 0 150 59.8 53.5 53.5
5337 0.0 20 0 0 4937 0.2 60 0 0 180 59.7 53.4 53.4
5337 0.0 20 0 0 4937 0.3 0 0 0 0 62.5 54.3 54.3
5337 0.0 20 0 0 4937 0.3 0 0 0 30 62.7 54.6 54.6
5337 0.0 20 0 0 4937 0.3 0 0 0 60 62.9 54.7 54.7
5337 0.0 20 0 0 4937 0.3 0 0 0 90 62.9 55.1 55.1
5337 0.0 20 0 0 4937 0.3 0 0 0 120 63.0 55.4 55.4
5337 0.0 20 0 0 4937 0.3 0 0 0 150 62.9 55.5 55.5
5337 0.0 20 0 0 4937 0.3 0 0 0 180 62.6 55.2 55.2
5337 0.0 20 0 0 4937 0.3 10 0 0 0 62.5 54.0 54.0
5337 0.0 20 0 0 4937 0.3 10 0 0 30 62.7 54.1 54.1
5337 0.0 20 0 0 4937 0.3 10 0 0 60 62.9 54.4 54.4
5337 0.0 20 0 0 4937 0.3 10 0 0 90 62.8 54.7 54.7
5337 0.0 20 0 0 4937 0.3 10 0 0 120 62.9 55.0 55.0
5337 0.0 20 0 0 4937 0.3 10 0 0 150 62.9 55.2 55.2
5337 0.0 20 0 0 4937 0.3 10 0 0 180 62.6 54.9 54.9
5337 0.0 20 0 0 4937 0.3 20 0 0 0 62.3 52.7 52.7
5337 0.0 20 0 0 4937 0.3 20 0 0 30 62.5 52.9 52.9
5337 0.0 20 0 0 4937 0.3 20 0 0 60 62.7 53.1 53.1
5337 0.0 20 0 0 4937 0.3 20 0 0 90 62.7 53.4 53.4
5337 0.0 20 0 0 4937 0.3 20 0 0 120 62.7 53.7 53.7
5337 0.0 20 0 0 4937 0.3 20 0 0 150 62.7 54.0 54.0
5337 0.0 20 0 0 4937 0.3 20 0 0 180 62.4 53.8 53.8
5337 0.0 20 0 0 4937 0.3 30 0 0 0 62.1 50.6 50.6
5337 0.0 20 0 0 4937 0.3 30 0 0 30 62.2 50.8 50.8
5337 0.0 20 0 0 4937 0.3 30 0 0 60 62.4 51.0 51.0
5337 0.0 20 0 0 4937 0.3 30 0 0 90 62.4 51.3 51.3
5337 0.0 20 0 0 4937 0.3 30 0 0 120 62.4 51.7 51.7
5337 0.0 20 0 0 4937 0.3 30 0 0 150 62.4 52.3 52.3
5337 0.0 20 0 0 4937 0.3 30 0 0 180 62.1 52.3 52.3
5337 0.0 20 0 0 4937 0.3 40 0 0 0 61.6 50.6 50.6
5337 0.0 20 0 0 4937 0.3 40 0 0 30 61.7 50.7 50.7
5337 0.0 20 0 0 4937 0.3 40 0 0 60 61.9 50.9 50.9
5337 0.0 20 0 0 4937 0.3 40 0 0 90 61.9 51.3 51.3
5337 0.0 20 0 0 4937 0.3 40 0 0 120 61.9 51.6 51.6
5337 0.0 20 0 0 4937 0.3 40 0 0 150 61.8 52.1 52.1
5337 0.0 20 0 0 4937 0.3 40 0 0 180 61.6 52.2 52.2
5337 0.0 20 0 0 4937 0.3 50 0 0 0 60.8 51.1 51.1
5337 0.0 20 0 0 4937 0.3 50 0 0 30 61.1 51.3 51.3
5337 0.0 20 0 0 4937 0.3 50 0 0 60 61.1 51.4 51.4
5337 0.0 20 0 0 4937 0.3 50 0 0 90 61.2 51.8 51.8
5337 0.0 20 0 0 4937 0.3 50 0 0 120 61.2 52.1 52.1
5337 0.0 20 0 0 4937 0.3 50 0 0 150 61.0 52.4 52.4
5337 0.0 20 0 0 4937 0.3 50 0 0 180 60.8 52.5 52.5
5337 0.0 20 0 0 4937 0.3 60 0 0 0 59.5 52.4 52.4
5337 0.0 20 0 0 4937 0.3 60 0 0 30 59.8 52.6 52.6
5337 0.0 20 0 0 4937 0.3 60 0 0 60 59.8 52.7 52.7
5337 0.0 20 0 0 4937 0.3 60 0 0 90 59.9 53.0 53.0
5337 0.0 20 0 0 4937 0.3 60 0 0 120 59.9 53.3 53.3
5337 0.0 20 0 0 4937 0.3 60 0 0 150 59.8 53.4 53.4
5337 0.0 20 0 0 4937 0.3 60 0 0 180 59.7 53.2 53.2
5337 0.0 20 0 0 4937 0.4 0 0 0 0 62.6 54.0 54.0
5337 0.0 20 0 0 4937 0.4 0 0 0 30 62.7 54.2 54.2
5337 0.0 20 0 0 4937 0.4 0 0 0 60 62.9 54.4 54.4
5337 0.0 20 0 0 4937 0.4 0 0 0 90 62.9 54.6 54.6
5337 0.0 20 0 0 4937 0.4 0 0 0 120 63.0 55.0 55.0
5337 0.0 20 0 0 4937 0.4 0 0 0 150 62.9 55.2 55.2
5337 0.0 20 0 0 4937 0.4 0 0 0 180 62.6 54.8 54.8
5337 0.0 20 0 0 4937 0.4 10 0 0 0 62.6 53.6 53.6
5337 0.0 20 0 0 4937 0.4 10 0 0 30 62.6 53.8 53.8
5337 0.0 20 0 0 4937 0.4 10 0 0 60 62.8 54.0 54.0
5337 0.0 20 0 0 4937 0.4 10 0 0 90 62.8 54.2 54.2
5337 0.0 20 0 0 4937 0.4 10 0 0 120 62.9 54.6 54.6
5337 0.0 20 0 0 4937 0.4 10 0 0 150 62.9 54.9 54.9
5337 0.0 20 0 0 4937 0.4 10 0 0 180 62.5 54.6 54.6
5337 0.0 20 0 0 4937 0.4 20 0 0 0 62.4 52.0 52.0
5337 0.0 20 0 0 4937 0.4 20 0 0 30 62.5 52.1 52.1
5337 0.0 20 0 0 4937 0.4 20 0 0 60 62.6 52.3 52.3
5337 0.0 20 0 0 4937 0.4 20 0 0 90 62.7 52.5 52.5
5337 0.0 20 0 0 4937 0.4 20 0 0 120 62.8 52.9 52.9
5337 0.0 20 0 0 4937 0.4 20 0 0 150 62.7 53.2 53.2
5337 0.0 20 0 0 4937 0.4 20 0 0 180 62.4 53.0 53.0
5337 0.0 20 0 0 4937 0.4 30 0 0 0 62.1 50.9 50.9
5337 0.0 20 0 0 4937 0.4 30 0 0 30 62.2 50.9 50.9
5337 0.0 20 0 0 4937 0.4 30 0 0 60 62.3 51.1 51.1
5337 0.0 20 0 0 4937 0.4 30 0 0 90 62.4 51.4 51.4
5337 0.0 20 0 0 4937 0.4 30 0 0 120 62.4 51.7 51.7
5337 0.0 20 0 0 4937 0.4 30 0 0 150 62.3 52.3 52.3
5337 0.0 20 0 0 4937 0.4 30 0 0 180 62.1 52.4 52.4
5337 0.0 20 0 0 4937 0.4 40 0 0 0 61.6 50.9 50.9
5337 0.0 20 0 0 4937 0.4 40 0 0 30 61.8 50.9 50.9
5337 0.0 20 0 0 4937 0.4 40 0 0 60 61.9 51.0 51.0
5337 0.0 20 0 0 4937 0.4 40 0 0 90 61.9 51.4 51.4
5337 0.0 20 0 0 4937 0.4 40 0 0 120 61.9 51.6 51.6
5337 0.0 20 0 0 4937 0.4 40 0 0 150 61.8 52.1 52.1
5337 0.0 20 0 0 4937 0.4 40 0 0 180 61.6 52.3 52.3
5337 0.0 20 0 0 4937 0.4 50 0 0 0 60.9 51.4 51.4
5337 0.0 20 0 0 4937 0.4 50 0 0 30 61.1 51.4 51.4
5337 0.0 20 0 0 4937 0.4 50 0 0 60 61.1 51.5 51.5
5337 0.0 20 0 0 4937 0.4 50 0 0 90 61.2 51.8 51.8
5337 0.0 20 0 0 4937 0.4 50 0 0 120 61.2 52.0 52.0
5337 0.0 20 0 0 4937 0.4 50 0 0 150 61.1 52.3 52.3
5337 0.0 20 0 0 4937 0.4 50 0 0 180 60.8 52.4 52.4
5337 0.0 20 0 0 4937 0.4 60 0 0 0 59.3 52.2 52.2
5337 0.0 20 0 0 4937 0.4 60 0 0 30 59.5 52.3 52.3
5337 0.0 20 0 0 4937 0.4 60 0 0 60 59.5 52.5 52.5
5337 0.0 20 0 0 4937 0.4 60 0 0 90 59.7 52.7 52.7
5337 0.0 20 0 0 4937 0.4 60 0 0 120 59.7 53.1 53.1
5337 0.0 20 0 0 4937 0.4 60 0 0 150 59.8 53.4 53.4
5337 0.0 20 0 0 4937 0.4 60 0 0 180 59.6 53.1 53.1
5337 0.0 20 0 0 4937 0.5 0 0 0 0 62.7 53.6 53.6
5337 0.0 20 0 0 4937 0.5 0 0 0 30 62.8 53.7 53.7
5337 0.0 20 0 0 4937 0.5 0 0 0 60 62.8 53.8 53.8
5337 0.0 20 0 0 4937 0.5 0 0 0 90 62.9 54.1 54.1
5337 0.0 20 0 0 4937 0.5 0 0 0 120 63.0 54.4 54.4
5337 0.0 20 0 0 4937 0.5 0 0 0 150 62.8 54.7 54.7
5337 0.0 20 0 0 4937 0.5 0 0 0 180 62.6 54.3 54.3
5337 0.0 20 0 0 4937 0.5 10 0 0 0 62.7 53.0 53.0
5337 0.0 20 0 0 4937 0.5 10 0 0 30 62.7 53.1 53.1
5337 0.0 20 0 0 4937 0.5 10 0 0 60 62.8 53.2 53.2
5337 0.0 20 0 0 4937 0.5 10 0 0 90 62.8 53.4 53.4
5337 0.0 20 0 0 4937 0.5 10 0 0 120 62.9 53.8 53.8
5337 0.0 20 0 0 4937 0.5 10 0 0 150 62.8 54.1 54.1
5337 0.0 20 0 0 4937 0.5 10 0 0 180 62.5 53.8 53.8
5337 0.0 20 0 0 4937 0.5 20 0 0 0 62.5 51.9 51.9
5337 0.0 20 0 0 4937 0.5 20 0 0 30 62.6 52.0 52.0
5337 0.0 20 0 0 4937 0.5 20 0 0 60 62.6 52.1 52.1
5337 0.0 20 0 0 4937 0.5 20 0 0 90 62.6 52.2 52.2
5337 0.0 20 0 0 4937 0.5 20 0 0 120 62.7 52.6 52.6
5337 0.0 20 0 0 4937 0.5 20 0 0 150 62.6 53.0 53.0
5337 0.0 20 0 0 4937 0.5 20 0 0 180 62.3 52.8 52.8
5337 0.0 20 0 0 4937 0.5 30 0 0 0 62.2 51.1 51.1
5337 0.0 20 0 0 4937 0.5 30 0 0 30 62.3 51.2 51.2
5337 0.0 20 0 0 4937 0.5 30 0 0 60 62.3 51.3 51.3
5337 0.0 20 0 0 4937 0.5 30 0 0 90 62.3 51.5 51.5
5337 0.0 20 0 0 4937 0.5 30 0 0 120 62.4 51.9 51.9
5337 0.0 20 0 0 4937 0.5 30 0 0 150 62.3 52.4 52.4
5337 0.0 20 0 0 4937 0.5 30 0 0 180 62.0 52.7 52.7
5337 0.0 20 0 0 4937 0.5 40 0 0 0 61.7 51.2 51.2
5337 0.0 20 0 0 4937 0.5 40 0 0 30 61.8 51.3 51.3
5337 0.0 20 0 0 4937 0.5 40 0 0 60 61.9 51.4 51.4
5337 0.0 20 0 0 4937 0.5 40 0 0 90 61.9 51.5 51.5
5337 0.0 20 0 0 4937 0.5 40 0 0 120 61.9 51.7 51.7
5337 0.0 20 0 0 4937 0.5 40 0 0 150 61.7 52.2 52.2
5337 0.0 20 0 0 4937 0.5 40 0 0 180 61.5 52.6 52.6
5337 0.0 20 0 0 4937 0.5 50 0 0 0 61.0 51.7 51.7
5337 0.0 20 0 0 4937 0.5 50 0 0 30 61.0 51.7 51.7
5337 0.0 20 0 0 4937 0.5 50 0 0 60 61.0 51.7 51.7
5337 0.0 20 0 0 4937 0.5 50 0 0 90 61.1 52.0 52.0
5337 0.0 20 0 0 4937 0.5 50 0 0 120 61.1 52.2 52.2
5337 0.0 20 0 0 4937 0.5 50 0 0 150 61.0 52.5 52.5
5337 0.0 20 0 0 4937 0.5 50 0 0 180 60.7 52.5 52.5
5337 0.0 20 0 0 4937 0.5 60 0 0 0 59.3 52.2 52.2
5337 0.0 20 0 0 4937 0.5 60 0 0 30 59.4 52.2 52.2
5337 0.0 20 0 0 4937 0.5 60 0 0 60 59.5 52.3 52.3
5337 0.0 20 0 0 4937 0.5 60 0 0 90 59.5 52.5 52.5
5337 0.0 20 0 0 4937 0.5 60 0 0 120 59.5 52.8 52.8
5337 0.0 20 0 0 4937 0.5 60 0 0 150 59.5 53.1 53.1
5337 0.0 20 0 0 4937 0.5 60 0 0 180 59.4 53.1 53.1
5337 0.0 20 0 0 5137 0.0 0 0 0 0 63.1 56.0 56.0
5337 0.0 20 0 0 5137 0.0 0 0 0 30 63.0 55.9 55.9
5337 0.0 20 0 0 5137 0.0 0 0 0 60 62.9 55.8 55.8
5337 0.0 20 0 0 5137 0.0 0 0 0 90 62.8 55.7 55.7
5337 0.0 20 0 0 5137 0.0 0 0 0 120 62.7 55.6 55.6
5337 0.0 20 0 0 5137 0.0 0 0 0 150 62.6 55.7 55.7
5337 0.0 20 0 0 5137 0.0 0 0 0 180 62.6 55.8 55.8
5337 0.0 20 0 0 5137 0.0 10 0 0 0 63.0 55.7 55.7
5337 0.0 20 0 0 5137 0.0 10 0 0 30 63.0 55.6 55.6
5337 0.0 20 0 0 5137 0.0 10 0 0 60 62.9 55.5 55.5
5337 0.0 20 0 0 5137 0.0 10 0 0 90 62.8 55.4 55.4
5337 0.0 20 0 0 5137 0.0 10 0 0 120 62.7 55.4 55.4
5337 0.0 20 0 0 5137 0.0 10 0 0 150 62.6 55.3 55.3
5337 0.0 20 0 0 5137 0.0 10 0 0 180 62.6 55.5 55.5
5337 0.0 20 0 0 5137 0.0 20 0 0 0 62.9 54.6 54.6
5337 0.0 20 0 0 5137 0.0 20 0 0 30 62.8 54.5 54.5
5337 0.0 20 0 0 5137 0.0 20 0 0 60 62.7 54.5 54.5
5337 0.0 20 0 0 5137 0.0 20 0 0 90 62.6 54.5 54.5
5337 0.0 20 0 0 5137 0.0 20 0 0 120 62.5 54.5 54.5
5337 0.0 20 0 0 5137 0.0 20 0 0 150 62.4 54.5 54.5
5337 0.0 20 0 0 5137 0.0 20 0 0 180 62.4 54.6 54.6
5337 0.0 20 0 0 5137 0.0 30 0 0 0 62.6 51.7 51.7
5337 0.0 20 0 0 5137 0.0 30 0 0 30 62.5 51.7 51.7
5337 0.0 20 0 0 5137 0.0 30 0 0 60 62.4 51.8 51.8
5337 0.0 20 0 0 5137 0.0 30 0 0 90 62.4 52.2 52.2
5337 0.0 20 0 0 5137 0.0 30 0 0 120 62.2 52.4 52.4
5337 0.0 20 0 0 5137 0.0 30 0 0 150 62.1 52.5 52.5
5337 0.0 20 0 0 5137 0.0 30 0 0 180 62.1 52.6 52.6
5337 0.0 20 0 0 5137 0.0 40 0 0 0 62.1 51.5 51.5
5337 0.0 20 0 0 5137 0.0 40 0 0 30 62.1 51.5 51.5
5337 0.0 20 0 0 5137 0.0 40 0 0 60 62.0 51.6 51.6
5337 0.0 20 0 0 5137 0.0 40 0 0 90 61.9 51.9 51.9
5337 0.0 20 0 0 5137 0.0 40 0 0 120 61.8 52.2 52.2
5337 0.0 20 0 0 5137 0.0 40 0 0 150 61.7 52.3 52.3
5337 0.0 20 0 0 5137 0.0 40 0 0 180 61.7 52.5 52.5
5337 0.0 20 0 0 5137 0.0 50 0 0 0 61.3 52.3 52.3
5337 0.0 20 0 0 5137 0.0 50 0 0 30 61.4 52.3 52.3
5337 0.0 20 0 0 5137 0.0 50 0 0 60 61.3 52.3 52.3
5337 0.0 20 0 0 5137 0.0 50 0 0 90 61.3 52.3 52.3
5337 0.0 20 0 0 5137 0.0 50 0 0 120 61.2 52.5 52.5
5337 0.0 20 0 0 5137 0.0 50 0 0 150 61.1 52.8 52.8
5337 0.0 20 0 0 5137 0.0 50 0 0 180 61.0 53.1 53.1
5337 0.0 20 0 0 5137 0.0 60 0 0 0 60.2 54.0 54.0
5337 0.0 20 0 0 5137 0.0 60 0 0 30 60.2 54.0 54.0
5337 0.0 20 0 0 5137 0.0 60 0 0 60 60.2 53.9 53.9
5337 0.0 20 0 0 5137 0.0 60 0 0 90 60.1 53.9 53.9
5337 0.0 20 0 0 5137 0.0 60 0 0 120 60.0 53.7 53.7
5337 0.0 20 0 0 5137 0.0 60 0 0 150 60.0 53.6 53.6
5337 0.0 20 0 0 5137 0.0 60 0 0 180 59.9 53.6 53.6
5337 0.0 20 0 0 5137 0.1 0 0 0 0 63.1 55.8 55.8
5337 0.0 20 0 0 5137 0.1 0 0 0 30 63.1 55.8 55.8
5337 0.0 20 0 0 5137 0.1 0 0 0 60 63.0 55.6 55.6
5337 0.0 20 0 0 5137 0.1 0 0 0 90 62.9 55.6 55.6
5337 0.0 20 0 0 5137 0.1 0 0 0 120 62.8 55.5 55.5
5337 0.0 20 0 0 5137 0.1 0 0 0 150 62.7 55.5 55.5
5337 0.0 20 0 0 5137 0.1 0 0 0 180 62.6 55.6 55.6
5337 0.0 20 0 0 5137 0.1 10 0 0 0 63.0 55.5 55.5
5337 0.0 20 0 0 5137 0.1 10 0 0 30 63.0 55.4 55.4
5337 0.0 20 0 0 5137 0.1 10 0 0 60 62.9 55.4 55.4
5337 0.0 20 0 0 5137 0.1 10 0 0 90 62.8 55.3 55.3
5337 0.0 20 0 0 5137 0.1 10 0 0 120 62.7 55.3 55.3
5337 0.0 20 0 0 5137 0.1 10 0 0 150 62.6 55.2 55.2
5337 0.0 20 0 0 5137 0.1 10 0 0 180 62.6 55.3 55.3
5337 0.0 20 0 0 5137 0.1 20 0 0 0 62.9 54.4 54.4
5337 0.0 20 0 0 5137 0.1 20 0 0 30 62.9 54.4 54.4
5337 0.0 20 0 0 5137 0.1 20 0 0 60 62.8 54.3 54.3
5337 0.0 20 0 0 5137 0.1 20 0 0 90 62.7 54.3 54.3
5337 0.0 20 0 0 5137 0.1 20 0 0 120 62.6 54.3 54.3
5337 0.0 20 0 0 5137 0.1 20 0 0 150 62.5 54.3 54.3
5337 0.0 20 0 0 5137 0.1 20 0 0 180 62.4 54.4 54.4
5337 0.0 20 0 0 5137 0.1 30 0 0 0 62.6 51.5 51.5
5337 0.0 20 0 0 5137 0.1 30 0 0 30 62.5 51.5 51.5
5337 0.0 20 0 0 5137 0.1 30 0 0 60 62.5 51.4 51.4
5337 0.0 20 0 0 5137 0.1 30 0 0 90 62.4 51.6 51.6
5337 0.0 20 0 0 5137 0.1 30 0 0 120 62.3 52.0 52.0
5337 0.0 20 0 0 5137 0.1 30 0 0 150 62.2 52.4 52.4
5337 0.0 20 0 0 5137 0.1 30 0 0 180 62.2 52.6 52.6
5337 0.0 20 0 0 5137 0.1 40 0 0 0 62.1 51.4 51.4
5337 0.0 20 0 0 5137 0.1 40 0 0 30 62.1 51.4 51.4
5337 0.0 20 0 0 5137 0.1 40 0 0 60 62.0 51.3 51.3
5337 0.0 20 0 0 5137 0.1 40 0 0 90 61.9 51.4 51.4
5337 0.0 20 0 0 5137 0.1 40 0 0 120 61.9 51.8 51.8
5337 0.0 20 0 0 5137 0.1 40 0 0 150 61.8 52.0 52.0
5337 0.0 20 0 0 5137 0.1 40 0 0 180 61.7 52.3 52.3
5337 0.0 20 0 0 5137 0.1 50 0 0 0 61.3 52.2 52.2
5337 0.0 20 0 0 5137 0.1 50 0 0 30 61.3 52.1 52.1
5337 0.0 20 0 0 5137 0.1 50 0 0 60 61.3 52.0 52.0
5337 0.0 20 0 0 5137 0.1 50 0 0 90 61.2 52.0 52.0
5337 0.0 20 0 0 5137 0.1 50 0 0 120 61.2 52.1 52.1
5337 0.0 20 0 0 5137 0.1 50 0 0 150 61.1 52.4 52.4
5337 0.0 20 0 0 5137 0.1 50 0 0 180 61.1 52.9 52.9
5337 0.0 20 0 0 5137 0.1 60 0 0 0 60.1 53.9 53.9
5337 0.0 20 0 0 5137 0.1 60 0 0 30 60.1 53.8 53.8
5337 0.0 20 0 0 5137 0.1 60 0 0 60 60.1 53.7 53.7
5337 0.0 20 0 0 5137 0.1 60 0 0 90 60.1 53.6 53.6
5337 0.0 20 0 0 5137 0.1 60 0 0 120 60.0 53.6 53.6
5337 0.0 20 0 0 5137 0.1 60 0 0 150 60.0 53.5 53.5
5337 0.0 20 0 0 5137 0.1 60 0 0 180 60.0 53.4 53.4
5337 0.0 20 0 0 5137 0.2 0 0 0 0 63.1 55.6 55.6
5337 0.0 20 0 0 5137 0.2 0 0 0 30 63.1 55.6 55.6
5337 0.0 20 0 0 5137 0.2 0 0 0 60 63.0 55.5 55.5
5337 0.0 20 0 0 5137 0.2 0 0 0 90 62.9 55.5 55.5
5337 0.0 20 0 0 5137 0.2 0 0 0 120 62.8 55.4 55.4
5337 0.0 20 0 0 5137 0.2 0 0 0 150 62.7 55.3 55.3
5337 0.0 20 0 0 5137 0.2 0 0 0 180 62.7 55.4 55.4
5337 0.0 20 0 0 5137 0.2 10 0 0 0 63.0 55.3 55.3
5337 0.0 20 0 0 5137 0.2 10 0 0 30 63.0 55.2 55.2
5337 0.0 20 0 0 5137 0.2 10 0 0 60 62.9 55.2 55.2
5337 0.0 20 0 0 5137 0.2 10 0 0 90 62.9 55.2 55.2
5337 0.0 20 0 0 5137 0.2 10 0 0 120 62.7 55.1 55.1
5337 0.0 20 0 0 5137 0.2 10 0 0 150 62.7 55.1 55.1
5337 0.0 20 0 0 5137 0.2 10 0 0 180 62.6 55.1 55.1
5337 0.0 20 0 0 5137 0.2 20 0 0 0 62.9 54.2 54.2
5337 0.0 20 0 0 5137 0.2 20 0 0 30 62.8 54.1 54.1
5337 0.0 20 0 0 5137 0.2 20 0 0 60 62.8 54.1 54.1
5337 0.0 20 0 0 5137 0.2 20 0 0 90 62.7 54.0 54.0
5337 0.0 20 0 0 5137 0.2 20 0 0 120 62.6 54.0 54.0
5337 0.0 20 0 0 5137 0.2 20 0 0 150 62.5 54.1 54.1
5337 0.0 20 0 0 5137 0.2 20 0 0 180 62.5 54.3 54.3
5337 0.0 20 0 0 5137 0.2 30 0 0 0 62.5 51.5 51.5
5337 0.0 20 0 0 5137 0.2 30 0 0 30 62.5 51.4 51.4
5337 0.0 20 0 0 5137 0.2 30 0 0 60 62.5 51.3 51.3
5337 0.0 20 0 0 5137 0.2 30 0 0 90 62.4 51.3 51.3
5337 0.0 20 0 0 5137 0.2 30 0 0 120 62.3 51.7 51.7
5337 0.0 20 0 0 5137 0.2 30 0 0 150 62.2 52.1 52.1
5337 0.0 20 0 0 5137 0.2 30 0 0 180 62.2 52.4 52.4
5337 0.0 20 0 0 5137 0.2 40 0 0 0 62.0 51.4 51.4
5337 0.0 20 0 0 5137 0.2 40 0 0 30 62.0 51.3 51.3
5337 0.0 20 0 0 5137 0.2 40 0 0 60 62.0 51.2 51.2
5337 0.0 20 0 0 5137 0.2 40 0 0 90 62.0 51.2 51.2
5337 0.0 20 0 0 5137 0.2 40 0 0 120 61.9 51.4 51.4
5337 0.0 20 0 0 5137 0.2 40 0 0 150 61.8 51.8 51.8
5337 0.0 20 0 0 5137 0.2 40 0 0 180 61.8 52.2 52.2
5337 0.0 20 0 0 5137 0.2 50 0 0 0 61.2 52.1 52.1
5337 0.0 20 0 0 5137 0.2 50 0 0 30 61.2 52.0 52.0
5337 0.0 20 0 0 5137 0.2 50 0 0 60 61.2 51.9 51.9
5337 0.0 20 0 0 5137 0.2 50 0 0 90 61.2 51.9 51.9
5337 0.0 20 0 0 5137 0.2 50 0 0 120 61.2 51.9 51.9
5337 0.0 20 0 0 5137 0.2 50 0 0 150 61.2 52.0 52.0
5337 0.0 20 0 0 5137 0.2 50 0 0 180 61.2 52.5 52.5
5337 0.0 20 0 0 5137 0.2 60 0 0 0 59.9 53.6 53.6
5337 0.0 20 0 0 5137 0.2 60 0 0 30 59.9 53.6 53.6
5337 0.0 20 0 0 5137 0.2 60 0 0 60 60.0 53.5 53.5
5337 0.0 20 0 0 5137 0.2 60 0 0 90 60.0 53.4 53.4
5337 0.0 20 0 0 5137 0.2 60 0 0 120 60.0 53.3 53.3
5337 0.0 20 0 0 5137 0.2 60 0 0 150 60.0 53.3 53.3
5337 0.0 20 0 0 5137 0.2 60 0 0 180 60.1 53.3 53.3
5337 0.0 20 0 0 5137 0.3 0 0 0 0 63.0 55.3 55.3
5337 0.0 20 0 0 5137 0.3 0 0 0 30 63.0 55.3 55.3
5337 0.0 20 0 0 5137 0.3 0 0 0 60 63.0 55.3 55.3
5337 0.0 20 0 0 5137 0.3 0 0 0 90 63.0 55.3 55.3
5337 0.0 20 0 0 5137 0.3 0 0 0 120 62.9 55.3 55.3
5337 0.0 20 0 0 5137 0.3 0 0 0 150 62.8 55.2 55.2
5337 0.0 20 0 0 5137 0.3 0 0 0 180 62.7 55.2 55.2
5337 0.0 20 0 0 5137 0.3 10 0 0 0 63.0 55.0 55.0
5337 0.0 20 0 0 5137 0.3 10 0 0 30 63.0 55.0 55.0
5337 0.0 20 0 0 5137 0.3 10 0 0 60 63.0 54.9 54.9
5337 0.0 20 0 0 5137 0.3 10 0 0 90 62.9 54.9 54.9
5337 0.0 20 0 0 5137 0.3 10 0 0 120 62.8 54.9 54.9
5337 0.0 20 0 0 5137 0.3 10 0 0 150 62.7 54.9 54.9
5337 0.0 20 0 0 5137 0.3 10 0 0 180 62.7 55.0 55.0
5337 0.0 20 0 0 5137 0.3 20 0 0 0 62.8 53.8 53.8
5337 0.0 20 0 0 5137 0.3 20 0 0 30 62.8 53.7 53.7
5337 0.0 20 0 0 5137 0.3 20 0 0 60 62.8 53.7 53.7
5337 0.0 20 0 0 5137 0.3 20 0 0 90 62.7 53.6 53.6
5337 0.0 20 0 0 5137 0.3 20 0 0 120 62.7 53.5 53.5
5337 0.0 20 0 0 5137 0.3 20 0 0 150 62.6 53.7 53.7
5337 0.0 20 0 0 5137 0.3 20 0 0 180 62.5 54.1 54.1
5337 0.0 20 0 0 5137 0.3 30 0 0 0 62.4 51.5 51.5
5337 0.0 20 0 0 5137 0.3 30 0 0 30 62.5 51.4 51.4
5337 0.0 20 0 0 5137 0.3 30 0 0 60 62.4 51.3 51.3
5337 0.0 20 0 0 5137 0.3 30 0 0 90 62.4 51.2 51.2
5337 0.0 20 0 0 5137 0.3 30 0 0 120 62.4 51.3 51.3
5337 0.0 20 0 0 5137 0.3 30 0 0 150 62.3 51.9 51.9
5337 0.0 20 0 0 5137 0.3 30 0 0 180 62.3 52.5 52.5
5337 0.0 20 0 0 5137 0.3 40 0 0 0 61.9 51.6 51.6
5337 0.0 20 0 0 5137 0.3 40 0 0 30 61.9 51.5 51.5
5337 0.0 20 0 0 5137 0.3 40 0 0 60 61.9 51.4 51.4
5337 0.0 20 0 0 5137 0.3 40 0 0 90 61.9 51.3 51.3
5337 0.0 20 0 0 5137 0.3 40 0 0 120 62.0 51.3 51.3
5337 0.0 20 0 0 5137 0.3 40 0 0 150 61.9 51.6 51.6
5337 0.0 20 0 0 5137 0.3 40 0 0 180 61.9 52.1 52.1
5337 0.0 20 0 0 5137 0.3 50 0 0 0 61.0 52.2 52.2
5337 0.0 20 0 0 5137 0.3 50 0 0 30 61.1 52.1 52.1
5337 0.0 20 0 0 5137 0.3 50 0 0 60 61.1 51.9 51.9
5337 0.0 20 0 0 5137 0.3 50 0 0 90 61.2 51.8 51.8
5337 0.0 20 0 0 5137 0.3 50 0 0 120 61.2 51.8 51.8
5337 0.0 20 0 0 5137 0.3 50 0 0 150 61.3 51.8 51.8
5337 0.0 20 0 0 5137 0.3 50 0 0 180 61.3 52.2 52.2
5337 0.0 20 0 0 5137 0.3 60 0 0 0 59.7 53.5 53.5
5337 0.0 20 0 0 5137 0.3 60 0 0 30 59.7 53.4 53.4
5337 0.0 20 0 0 5137 0.3 60 0 0 60 59.8 53.3 53.3
5337 0.0 20 0 0 5137 0.3 60 0 0 90 60.0 53.2 53.2
5337 0.0 20 0 0 5137 0.3 60 0 0 120 60.0 53.1 53.1
5337 0.0 20 0 0 5137 0.3 60 0 0 150 60.0 53.0 53.0
5337 0.0 20 0 0 5137 0.3 60 0 0 180 60.1 53.1 53.1
5337 0.0 20 0 0 5137 0.4 0 0 0 0 63.0 55.0 55.0
5337 0.0 20 0 0 5137 0.4 0 0 0 30 63.0 55.0 55.0
5337 0.0 20 0 0 5137 0.4 0 0 0 60 63.0 55.0 55.0
5337 0.0 20 0 0 5137 0.4 0 0 0 90 63.0 55.1 55.1
5337 0.0 20 0 0 5137 0.4 0 0 0 120 63.0 55.1 55.1
5337 0.0 20 0 0 5137 0.4 0 0 0 150 62.9 55.1 55.1
5337 0.0 20 0 0 5137 0.4 0 0 0 180 62.8 55.0 55.0
5337 0.0 20 0 0 5137 0.4 10 0 0 0 62.9 54.6 54.6
5337 0.0 20 0 0 5137 0.4 10 0 0 30 62.9 54.6 54.6
5337 0.0 20 0 0 5137 0.4 10 0 0 60 62.9 54.7 54.7
5337 0.0 20 0 0 5137 0.4 10 0 0 90 62.9 54.6 54.6
5337 0.0 20 0 0 5137 0.4 10 0 0 120 62.9 54.6 54.6
5337 0.0 20 0 0 5137 0.4 10 0 0 150 62.8 54.6 54.6
5337 0.0 20 0 0 5137 0.4 10 0 0 180 62.8 54.7 54.7
5337 0.0 20 0 0 5137 0.4 20 0 0 0 62.7 53.1 53.1
5337 0.0 20 0 0 5137 0.4 20 0 0 30 62.7 53.0 53.0
5337 0.0 20 0 0 5137 0.4 20 0 0 60 62.7 53.0 53.0
5337 0.0 20 0 0 5137 0.4 20 0 0 90 62.7 52.9 52.9
5337 0.0 20 0 0 5137 0.4 20 0 0 120 62.7 52.8 52.8
5337 0.0 20 0 0 5137 0.4 20 0 0 150 62.7 52.8 52.8
5337 0.0 20 0 0 5137 0.4 20 0 0 180 62.6 53.6 53.6
5337 0.0 20 0 0 5137 0.4 30 0 0 0 62.3 51.8 51.8
5337 0.0 20 0 0 5137 0.4 30 0 0 30 62.3 51.7 51.7
5337 0.0 20 0 0 5137 0.4 30 0 0 60 62.4 51.6 51.6
5337 0.0 20 0 0 5137 0.4 30 0 0 90 62.4 51.5 51.5
5337 0.0 20 0 0 5137 0.4 30 0 0 120 62.5 51.4 51.4
5337 0.0 20 0 0 5137 0.4 30 0 0 150 62.4 51.8 51.8
5337 0.0 20 0 0 5137 0.4 30 0 0 180 62.4 52.6 52.6
5337 0.0 20 0 0 5137 0.4 40 0 0 0 61.7 51.8 51.8
5337 0.0 20 0 0 5137 0.4 40 0 0 30 61.8 51.8 51.8
5337 0.0 20 0 0 5137 0.4 40 0 0 60 61.8 51.7 51.7
5337 0.0 20 0 0 5137 0.4 40 0 0 90 61.9 51.5 51.5
5337 0.0 20 0 0 5137 0.4 40 0 0 120 62.0 51.4 51.4
5337 0.0 20 0 0 5137 0.4 40 0 0 150 62.0 51.4 51.4
5337 0.0 20 0 0 5137 0.4 40 0 0 180 62.1 52.1 52.1
5337 0.0 20 0 0 5137 0.4 50 0 0 0 60.8 52.5 52.5
5337 0.0 20 0 0 5137 0.4 50 0 0 30 60.9 52.4 52.4
5337 0.0 20 0 0 5137 0.4 50 0 0 60 61.0 52.3 52.3
5337 0.0 20 0 0 5137 0.4 50 0 0 90 61.1 52.2 52.2
5337 0.0 20 0 0 5137 0.4 50 0 0 120 61.2 52.0 52.0
5337 0.0 20 0 0 5137 0.4 50 0 0 150 61.3 51.7 51.7
5337 0.0 20 0 0 5137 0.4 50 0 0 180 61.5 52.0 52.0
5337 0.0 20 0 0 5137 0.4 60 0 0 0 59.5 53.4 53.4
5337 0.0 20 0 0 5137 0.4 60 0 0 30 59.5 53.3 53.3
5337 0.0 20 0 0 5137 0.4 60 0 0 60 59.5 53.3 53.3
5337 0.0 20 0 0 5137 0.4 60 0 0 90 59.7 53.2 53.2
5337 0.0 20 0 0 5137 0.4 60 0 0 120 59.9 53.0 53.0
5337 0.0 20 0 0 5137 0.4 60 0 0 150 59.9 52.8 52.8
5337 0.0 20 0 0 5137 0.4 60 0 0 180 60.1 52.7 52.7
5337 0.0 20 0 0 5137 0.5 0 0 0 0 62.8 54.5 54.5
5337 0.0 20 0 0 5137 0.5 0 0 0 30 62.8 54.5 54.5
5337 0.0 20 0 0 5137 0.5 0 0 0 60 62.9 54.6 54.6
5337 0.0 20 0 0 5137 0.5 0 0 0 90 62.9 54.6 54.6
5337 0.0 20 0 0 5137 0.5 0 0 0 120 63.0 54.7 54.7
5337 0.0 20 0 0 5137 0.5 0 0 0 150 63.0 54.8 54.8
5337 0.0 20 0 0 5137 0.5 0 0 0 180 62.9 54.6 54.6
5337 0.0 20 0 0 5137 0.5 10 0 0 0 62.7 54.1 54.1
5337 0.0 20 0 0 5137 0.5 10 0 0 30 62.7 54.1 54.1
5337 0.0 20 0 0 5137 0.5 10 0 0 60 62.8 54.1 54.1
5337 0.0 20 0 0 5137 0.5 10 0 0 90 62.8 54.1 54.1
5337 0.0 20 0 0 5137 0.5 10 0 0 120 62.9 54.1 54.1
5337 0.0 20 0 0 5137 0.5 10 0 0 150 63.0 54.1 54.1
5337 0.0 20 0 0 5137 0.5 10 0 0 180 62.9 54.2 54.2
5337 0.0 20 0 0 5137 0.5 20 0 0 0 62.5 52.7 52.7
5337 0.0 20 0 0 5137 0.5 20 0 0 30 62.5 52.7 52.7
5337 0.0 20 0 0 5137 0.5 20 0 0 60 62.6 52.6 52.6
5337 0.0 20 0 0 5137 0.5 20 0 0 90 62.6 52.6 52.6
5337 0.0 20 0 0 5137 0.5 20 0 0 120 62.7 52.5 52.5
5337 0.0 20 0 0 5137 0.5 20 0 0 150 62.8 52.4 52.4
5337 0.0 20 0 0 5137 0.5 20 0 0 180 62.8 53.5 53.5
5337 0.0 20 0 0 5137 0.5 30 0 0 0 62.1 52.1 52.1
5337 0.0 20 0 0 5137 0.5 30 0 0 30 62.1 52.1 52.1
5337 0.0 20 0 0 5137 0.5 30 0 0 60 62.2 52.0 52.0
5337 0.0 20 0 0 5137 0.5 30 0 0 90 62.2 51.9 51.9
5337 0.0 20 0 0 5137 0.5 30 0 0 120 62.4 51.9 51.9
5337 0.0 20 0 0 5137 0.5 30 0 0 150 62.6 51.9 51.9
5337 0.0 20 0 0 5137 0.5 30 0 0 180 62.6 52.8 52.8
5337 0.0 20 0 0 5137 0.5 40 0 0 0 61.4 52.3 52.3
5337 0.0 20 0 0 5137 0.5 40 0 0 30 61.4 52.3 52.3
5337 0.0 20 0 0 5137 0.5 40 0 0 60 61.6 52.3 52.3
5337 0.0 20 0 0 5137 0.5 40 0 0 90 61.7 52.1 52.1
5337 0.0 20 0 0 5137 0.5 40 0 0 120 61.9 52.0 52.0
5337 0.0 20 0 0 5137 0.5 40 0 0 150 62.1 51.8 51.8
5337 0.0 20 0 0 5137 0.5 40 0 0 180 62.2 52.3 52.3
5337 0.0 20 0 0 5137 0.5 50 0 0 0 60.4 52.8 52.8
5337 0.0 20 0 0 5137 0.5 50 0 0 30 60.5 52.7 52.7
5337 0.0 20 0 0 5137 0.5 50 0 0 60 60.7 52.7 52.7
5337 0.0 20 0 0 5137 0.5 50 0 0 90 60.9 52.6 52.6
5337 0.0 20 0 0 5137 0.5 50 0 0 120 61.2 52.4 52.4
5337 0.0 20 0 0 5137 0.5 50 0 0 150 61.3 52.1 52.1
5337 0.0 20 0 0 5137 0.5 50 0 0 180 61.5 52.0 52.0
5337 0.0 20 0 0 5137 0.5 60 0 0 0 59.3 53.4 53.4
5337 0.0 20 0 0 5137 0.5 60 0 0 30 59.2 53.4 53.4
5337 0.0 20 0 0 5137 0.5 60 0 0 60 59.3 53.3 53.3
5337 0.0 20 0 0 5137 0.5 60 0 0 90 59.4 53.3 53.3
5337 0.0 20 0 0 5137 0.5 60 0 0 120 59.7 53.1 53.1
5337 0.0 20 0 0 5137 0.5 60 0 0 150 59.7 52.8 52.8
5337 0.0 20 0 0 5137 0.5 60 0 0 180 59.9 52.5 52.5
5337 0.0 20 0 0 5337 0.0 0 0 0 0 41.1 38.5 38.5
5337 0.0 20 0 0 5337 0.0 0 0 0 30 49.4 43.9 43.9
5337 0.0 20 0 0 5337 0.0 0 0 0 60 57.7 52.3 52.3
5337 0.0 20 0 0 5337 0.0 0 0 0 90 66.1 60.4 60.4
5337 0.0 20 0 0 5337 0.0 0 0 0 120 74.4 65.8 65.8
5337 0.0 20 0 0 5337 0.0 0 0 0 150 78.4 67.7 67.7
5337 0.0 20 0 0 5337 0.0 0 0 0 180 78.4 67.8 67.8
5337 0.0 20 0 0 5337 0.0 10 0 0 0 40.9 36.5 36.5
5337 0.0 20 0 0 5337 0.0 10 0 0 30 49.3 43.7 43.7
5337 0.0 20 0 0 5337 0.0 10 0 0 60 57.6 52.0 52.0
5337 0.0 20 0 0 5337 0.0 10 0 0 90 66.0 60.0 60.0
5337 0.0 20 0 0 5337 0.0 10 0 0 120 74.3 65.8 65.8
5337 0.0 20 0 0 5337 0.0 10 0 0 150 78.3 67.4 67.4
5337 0.0 20 0 0 5337 0.0 10 0 0 180 78.3 67.5 67.5
5337 0.0 20 0 0 5337 0.0 20 0 0 0 40.7 34.8 34.8
5337 0.0 20 0 0 5337 0.0 20 0 0 30 49.1 43.1 43.1
5337 0.0 20 0 0 5337 0.0 20 0 0 60 57.4 51.4 51.4
5337 0.0 20 0 0 5337 0.0 20 0 0 90 65.7 58.8 58.8
5337 0.0 20 0 0 5337 0.0 20 0 0 120 74.0 64.6 64.6
5337 0.0 20 0 0 5337 0.0 20 0 0 150 78.1 66.3 66.3
5337 0.0 20 0 0 5337 0.0 20 0 0 180 78.1 66.4 66.4
5337 0.0 20 0 0 5337 0.0 30 0 0 0 40.4 35.1 35.1
5337 0.0 20 0 0 5337 0.0 30 0 0 30 48.7 41.4 41.4
5337 0.0 20 0 0 5337 0.0 30 0 0 60 57.1 48.5 48.5
5337 0.0 20 0 0 5337 0.0 30 0 0 90 65.4 55.2 55.2
5337 0.0 20 0 0 5337 0.0 30 0 0 120 73.7 60.9 60.9
5337 0.0 20 0 0 5337 0.0 30 0 0 150 77.6 63.2 63.2
5337 0.0 20 0 0 5337 0.0 30 0 0 180 77.6 63.3 63.3
5337 0.0 20 0 0 5337 0.0 40 0 0 0 40.1 36.7 36.7
5337 0.0 20 0 0 5337 0.0 40 0 0 30 48.2 41.4 41.4
5337 0.0 20 0 0 5337 0.0 40 0 0 60 56.6 47.9 47.9
5337 0.0 20 0 0 5337 0.0 40 0 0 90 64.9 54.3 54.3
5337 0.0 20 0 0 5337 0.0 40 0 0 120 73.2 60.0 60.0
5337 0.0 20 0 0 5337 0.0 40 0 0 150 76.9 62.9 62.9
5337 0.0 20 0 0 5337 0.0 40 0 0 180 76.9 63.0 63.0
5337 0.0 20 0 0 5337 0.0 50 0 0 0 40.3 38.5 38.5
5337 0.0 20 0 0 5337 0.0 50 0 0 30 47.5 42.2 42.2
5337 0.0 20 0 0 5337 0.0 50 0 0 60 55.9 48.1 48.1
5337 0.0 20 0 0 5337 0.0 50 0 0 90 64.2 54.3 54.3
5337 0.0 20 0 0 5337 0.0 50 0 0 120 72.3 60.1 60.1
5337 0.0 20 0 0 5337 0.0 50 0 0 150 75.8 63.7 63.7
5337 0.0 20 0 0 5337 0.0 50 0 0 180 75.8 63.9 63.9
5337 0.0 20 0 0 5337 0.0 60 0 0 0 40.9 41.0 41.0
5337 0.0 20 0 0 5337 0.0 60 0 0 30 46.6 44.2 44.2
5337 0.0 20 0 0 5337 0.0 60 0 0 60 54.8 49.2 49.2
5337 0.0 20 0 0 5337 0.0 60 0 0 90 63.2 55.0 55.0
5337 0.0 20 0 0 5337 0.0 60 0 0 120 70.6 60.7 60.7
5337 0.0 20 0 0 5337 0.0 60 0 0 150 74.1 64.7 64.7
5337 0.0 20 0 0 5337 0.0 60 0 0 180 74.1 65.7 65.7
5337 0.0 20 0 0 5337 0.1 0 0 0 0 41.8 38.5 38.5
5337 0.0 20 0 0 5337 0.1 0 0 0 30 47.9 42.4 42.4
5337 0.0 20 0 0 5337 0.1 0 0 0 60 55.1 49.5 49.5
5337 0.0 20 0 0 5337 0.1 0 0 0 90 62.9 57.3 57.3
5337 0.0 20 0 0 5337 0.1 0 0 0 120 71.5 64.4 64.4
5337 0.0 20 0 0 5337 0.1 0 0 0 150 78.2 67.5 67.5
5337 0.0 20 0 0 5337 0.1 0 0 0 180 78.4 67.6 67.6
5337 0.0 20 0 0 5337 0.1 10 0 0 0 41.7 36.6 36.6
5337 0.0 20 0 0 5337 0.1 10 0 0 30 47.8 42.1 42.1
5337 0.0 20 0 0 5337 0.1 10 0 0 60 55.0 49.3 49.3
5337 0.0 20 0 0 5337 0.1 10 0 0 90 62.8 57.1 57.1
5337 0.0 20 0 0 5337 0.1 10 0 0 120 71.4 63.9 63.9
5337 0.0 20 0 0 5337 0.1 10 0 0 150 78.1 67.2 67.2
5337 0.0 20 0 0 5337 0.1 10 0 0 180 78.4 67.3 67.3
5337 0.0 20 0 0 5337 0.1 20 0 0 0 41.5 35.5 35.5
5337 0.0 20 0 0 5337 0.1 20 0 0 30 47.6 41.5 41.5
5337 0.0 20 0 0 5337 0.1 20 0 0 60 54.8 48.7 48.7
5337 0.0 20 0 0 5337 0.1 20 0 0 90 62.6 55.8 55.8
5337 0.0 20 0 0 5337 0.1 20 0 0 120 71.2 62.3 62.3
5337 0.0 20 0 0 5337 0.1 20 0 0 150 77.9 66.1 66.1
5337 0.0 20 0 0 5337 0.1 20 0 0 180 78.1 66.2 66.2
5337 0.0 20 0 0 5337 0.1 30 0 0 0 41.4 35.1 35.1
5337 0.0 20 0 0 5337 0.1 30 0 0 30 47.2 39.6 39.6
5337 0.0 20 0 0 5337 0.1 30 0 0 60 54.4 45.8 45.8
5337 0.0 20 0 0 5337 0.1 30 0 0 90 62.2 52.2 52.2
5337 0.0 20 0 0 5337 0.1 30 0 0 120 70.8 58.5 58.5
5337 0.0 20 0 0 5337 0.1 30 0 0 150 77.5 62.9 62.9
5337 0.0 20 0 0 5337 0.1 30 0 0 180 77.6 63.1 63.1
5337 0.0 20 0 0 5337 0.1 40 0 0 0 41.3 36.6 36.6
5337 0.0 20 0 0 5337 0.1 40 0 0 30 46.8 39.7 39.7
5337 0.0 20 0 0 5337 0.1 40 0 0 60 53.9 45.2 45.2
5337 0.0 20 0 0 5337 0.1 40 0 0 90 61.7 51.2 51.2
5337 0.0 20 0 0 5337 0.1 40 0 0 120 70.4 57.3 57.3
5337 0.0 20 0 0 5337 0.1 40 0 0 150 76.7 62.2 62.2
5337 0.0 20 0 0 5337 0.1 40 0 0 180 76.9 62.8 62.8
5337 0.0 20 0 0 5337 0.1 50 0 0 0 41.2 38.4 38.4
5337 0.0 20 0 0 5337 0.1 50 0 0 30 46.1 40.9 40.9
5337 0.0 20 0 0 5337 0.1 50 0 0 60 53.2 45.3 45.3
5337 0.0 20 0 0 5337 0.1 50 0 0 90 61.0 51.1 51.1
5337 0.0 20 0 0 5337 0.1 50 0 0 120 69.7 57.2 57.2
5337 0.0 20 0 0 5337 0.1 50 0 0 150 75.5 62.3 62.3
5337 0.0 20 0 0 5337 0.1 50 0 0 180 75.9 63.7 63.7
5337 0.0 20 0 0 5337 0.1 60 0 0 0 41.4 40.8 40.8
5337 0.0 20 0 0 5337 0.1 60 0 0 30 45.6 43.1 43.1
5337 0.0 20 0 0 5337 0.1 60 0 0 60 52.2 46.9 46.9
5337 0.0 20 0 0 5337 0.1 60 0 0 90 60.0 51.8 51.8
5337 0.0 20 0 0 5337 0.1 60 0 0 120 68.5 57.7 57.7
5337 0.0 20 0 0 5337 0.1 60 0 0 150 73.6 63.0 63.0
5337 0.0 20 0 0 5337 0.1 60 0 0 180 74.1 65.4 65.4
5337 0.0 20 0 0 5337 0.2 0 0 0 0 43.6 38.8 38.8
5337 0.0 20 0 0 5337 0.2 0 0 0 30 46.6 42.0 42.0
5337 0.0 20 0 0 5337 0.2 0 0 0 60 52.7 47.0 47.0
5337 0.0 20 0 0 5337 0.2 0 0 0 90 59.8 54.1 54.1
5337 0.0 20 0 0 5337 0.2 0 0 0 120 68.5 62.1 62.1
5337 0.0 20 0 0 5337 0.2 0 0 0 150 76.5 67.3 67.3
5337 0.0 20 0 0 5337 0.2 0 0 0 180 78.4 67.4 67.4
5337 0.0 20 0 0 5337 0.2 10 0 0 0 43.6 37.9 37.9
5337 0.0 20 0 0 5337 0.2 10 0 0 30 46.5 41.1 41.1
5337 0.0 20 0 0 5337 0.2 10 0 0 60 52.6 46.8 46.8
5337 0.0 20 0 0 5337 0.2 10 0 0 90 59.7 53.9 53.9
5337 0.0 20 0 0 5337 0.2 10 0 0 120 68.4 61.3 61.3
5337 0.0 20 0 0 5337 0.2 10 0 0 150 76.5 66.8 66.8
5337 0.0 20 0 0 5337 0.2 10 0 0 180 78.4 67.1 67.1
5337 0.0 20 0 0 5337 0.2 20 0 0 0 43.5 37.2 37.2
5337 0.0 20 0 0 5337 0.2 20 0 0 30 46.3 40.1 40.1
5337 0.0 20 0 0 5337 0.2 20 0 0 60 52.3 46.1 46.1
5337 0.0 20 0 0 5337 0.2 20 0 0 90 59.4 52.7 52.7
5337 0.0 20 0 0 5337 0.2 20 0 0 120 68.2 59.5 59.5
5337 0.0 20 0 0 5337 0.2 20 0 0 150 76.3 65.2 65.2
5337 0.0 20 0 0 5337 0.2 20 0 0 180 78.1 66.0 66.0
5337 0.0 20 0 0 5337 0.2 30 0 0 0 43.4 36.3 36.3
5337 0.0 20 0 0 5337 0.2 30 0 0 30 46.0 38.4 38.4
5337 0.0 20 0 0 5337 0.2 30 0 0 60 52.0 43.3 43.3
5337 0.0 20 0 0 5337 0.2 30 0 0 90 59.1 49.2 49.2
5337 0.0 20 0 0 5337 0.2 30 0 0 120 67.8 55.6 55.6
5337 0.0 20 0 0 5337 0.2 30 0 0 150 75.9 61.5 61.5
5337 0.0 20 0 0 5337 0.2 30 0 0 180 77.7 63.0 63.0
5337 0.0 20 0 0 5337 0.2 40 0 0 0 43.3 37.1 37.1
5337 0.0 20 0 0 5337 0.2 40 0 0 30 45.8 39.0 39.0
5337 0.0 20 0 0 5337 0.2 40 0 0 60 51.5 42.7 42.7
5337 0.0 20 0 0 5337 0.2 40 0 0 90 58.6 48.2 48.2
5337 0.0 20 0 0 5337 0.2 40 0 0 120 67.3 54.4 54.4
5337 0.0 20 0 0 5337 0.2 40 0 0 150 75.2 60.5 60.5
5337 0.0 20 0 0 5337 0.2 40 0 0 180 77.0 62.7 62.7
5337 0.0 20 0 0 5337 0.2 50 0 0 0 43.1 38.6 38.6
5337 0.0 20 0 0 5337 0.2 50 0 0 30 45.6 40.3 40.3
5337 0.0 20 0 0 5337 0.2 50 0 0 60 50.8 43.4 43.4
5337 0.0 20 0 0 5337 0.2 50 0 0 90 57.9 48.1 48.1
5337 0.0 20 0 0 5337 0.2 50 0 0 120 66.6 54.2 54.2
5337 0.0 20 0 0 5337 0.2 50 0 0 150 74.2 60.5 60.5
5337 0.0 20 0 0 5337 0.2 50 0 0 180 75.9 63.5 63.5
5337 0.0 20 0 0 5337 0.2 60 0 0 0 43.1 40.8 40.8
5337 0.0 20 0 0 5337 0.2 60 0 0 30 45.5 42.3 42.3
5337 0.0 20 0 0 5337 0.2 60 0 0 60 50.1 45.1 45.1
5337 0.0 20 0 0 5337 0.2 60 0 0 90 56.9 49.2 49.2
5337 0.0 20 0 0 5337 0.2 60 0 0 120 65.6 54.6 54.6
5337 0.0 20 0 0 5337 0.2 60 0 0 150 72.4 60.9 60.9
5337 0.0 20 0 0 5337 0.2 60 0 0 180 74.1 64.7 64.7
5337 0.0 20 0 0 5337 0.3 0 0 0 0 45.7 39.9 39.9
5337 0.0 20 0 0 5337 0.3 0 0 0 30 46.9 42.1 42.1
5337 0.0 20 0 0 5337 0.3 0 0 0 60 50.5 45.4 45.4
5337 0.0 20 0 0 5337 0.3 0 0 0 90 56.7 50.9 50.9
5337 0.0 20 0 0 5337 0.3 0 0 0 120 65.3 59.0 59.0
5337 0.0 20 0 0 5337 0.3 0 0 0 150 74.4 66.2 66.2
5337 0.0 20 0 0 5337 0.3 0 0 0 180 78.4 66.9 66.9
5337 0.0 20 0 0 5337 0.3 10 0 0 0 45.6 39.7 39.7
5337 0.0 20 0 0 5337 0.3 10 0 0 30 46.8 41.1 41.1
5337 0.0 20 0 0 5337 0.3 10 0 0 60 50.3 44.7 44.7
5337 0.0 20 0 0 5337 0.3 10 0 0 90 56.6 50.7 50.7
5337 0.0 20 0 0 5337 0.3 10 0 0 120 65.1 58.2 58.2
5337 0.0 20 0 0 5337 0.3 10 0 0 150 74.3 65.2 65.2
5337 0.0 20 0 0 5337 0.3 10 0 0 180 78.4 66.8 66.8
5337 0.0 20 0 0 5337 0.3 20 0 0 0 45.6 39.2 39.2
5337 0.0 20 0 0 5337 0.3 20 0 0 30 46.7 40.3 40.3
5337 0.0 20 0 0 5337 0.3 20 0 0 60 50.1 43.7 43.7
5337 0.0 20 0 0 5337 0.3 20 0 0 90 56.4 49.5 49.5
5337 0.0 20 0 0 5337 0.3 20 0 0 120 64.9 56.3 56.3
5337 0.0 20 0 0 5337 0.3 20 0 0 150 74.1 63.2 63.2
5337 0.0 20 0 0 5337 0.3 20 0 0 180 78.1 65.7 65.7
5337 0.0 20 0 0 5337 0.3 30 0 0 0 45.5 38.2 38.2
5337 0.0 20 0 0 5337 0.3 30 0 0 30 46.6 38.7 38.7
5337 0.0 20 0 0 5337 0.3 30 0 0 60 49.8 41.3 41.3
5337 0.0 20 0 0 5337 0.3 30 0 0 90 56.0 46.3 46.3
5337 0.0 20 0 0 5337 0.3 30 0 0 120 64.6 52.8 52.8
5337 0.0 20 0 0 5337 0.3 30 0 0 150 73.7 59.8 59.8
5337 0.0 20 0 0 5337 0.3 30 0 0 180 77.6 63.0 63.0
5337 0.0 20 0 0 5337 0.3 40 0 0 0 45.4 38.4 38.4
5337 0.0 20 0 0 5337 0.3 40 0 0 30 46.6 38.8 38.8
5337 0.0 20 0 0 5337 0.3 40 0 0 60 49.5 41.3 41.3
5337 0.0 20 0 0 5337 0.3 40 0 0 90 55.5 45.3 45.3
5337 0.0 20 0 0 5337 0.3 40 0 0 120 64.1 51.6 51.6
5337 0.0 20 0 0 5337 0.3 40 0 0 150 73.1 58.7 58.7
5337 0.0 20 0 0 5337 0.3 40 0 0 180 76.9 62.7 62.7
5337 0.0 20 0 0 5337 0.3 50 0 0 0 45.3 39.3 39.3
5337 0.0 20 0 0 5337 0.3 50 0 0 30 46.5 39.9 39.9
5337 0.0 20 0 0 5337 0.3 50 0 0 60 49.2 42.1 42.1
5337 0.0 20 0 0 5337 0.3 50 0 0 90 54.8 45.6 45.6
5337 0.0 20 0 0 5337 0.3 50 0 0 120 63.4 51.2 51.2
5337 0.0 20 0 0 5337 0.3 50 0 0 150 72.2 58.4 58.4
5337 0.0 20 0 0 5337 0.3 50 0 0 180 75.7 63.4 63.4
5337 0.0 20 0 0 5337 0.3 60 0 0 0 45.3 41.2 41.2
5337 0.0 20 0 0 5337 0.3 60 0 0 30 46.5 41.7 41.7
5337 0.0 20 0 0 5337 0.3 60 0 0 60 49.1 43.7 43.7
5337 0.0 20 0 0 5337 0.3 60 0 0 90 54.1 46.9 46.9
5337 0.0 20 0 0 5337 0.3 60 0 0 120 62.3 51.8 51.8
5337 0.0 20 0 0 5337 0.3 60 0 0 150 70.5 58.6 58.6
5337 0.0 20 0 0 5337 0.3 60 0 0 180 73.7 64.0 64.0
5337 0.0 20 0 0 5337 0.4 0 0 0 0 47.8 41.8 41.8
5337 0.0 20 0 0 5337 0.4 0 0 0 30 48.4 42.7 42.7
5337 0.0 20 0 0 5337 0.4 0 0 0 60 49.8 44.9 44.9
5337 0.0 20 0 0 5337 0.4 0 0 0 90 53.8 48.6 48.6
5337 0.0 20 0 0 5337 0.4 0 0 0 120 61.8 55.6 55.6
5337 0.0 20 0 0 5337 0.4 0 0 0 150 71.8 64.0 64.0
5337 0.0 20 0 0 5337 0.4 0 0 0 180 77.8 65.9 65.9
5337 0.0 20 0 0 5337 0.4 10 0 0 0 47.7 41.7 41.7
5337 0.0 20 0 0 5337 0.4 10 0 0 30 48.3 42.3 42.3
5337 0.0 20 0 0 5337 0.4 10 0 0 60 49.8 44.0 44.0
5337 0.0 20 0 0 5337 0.4 10 0 0 90 53.7 47.8 47.8
5337 0.0 20 0 0 5337 0.4 10 0 0 120 61.7 54.7 54.7
5337 0.0 20 0 0 5337 0.4 10 0 0 150 71.8 62.9 62.9
5337 0.0 20 0 0 5337 0.4 10 0 0 180 77.7 66.3 66.3
5337 0.0 20 0 0 5337 0.4 20 0 0 0 47.7 41.1 41.1
5337 0.0 20 0 0 5337 0.4 20 0 0 30 48.3 41.7 41.7
5337 0.0 20 0 0 5337 0.4 20 0 0 60 49.7 42.9 42.9
5337 0.0 20 0 0 5337 0.4 20 0 0 90 53.4 46.1 46.1
5337 0.0 20 0 0 5337 0.4 20 0 0 120 61.5 52.6 52.6
5337 0.0 20 0 0 5337 0.4 20 0 0 150 71.6 60.6 60.6
5337 0.0 20 0 0 5337 0.4 20 0 0 180 77.4 65.1 65.1
5337 0.0 20 0 0 5337 0.4 30 0 0 0 47.7 40.2 40.2
5337 0.0 20 0 0 5337 0.4 30 0 0 30 48.3 40.3 40.3
5337 0.0 20 0 0 5337 0.4 30 0 0 60 49.6 41.0 41.0
5337 0.0 20 0 0 5337 0.4 30 0 0 90 53.1 43.6 43.6
5337 0.0 20 0 0 5337 0.4 30 0 0 120 61.1 49.8 49.8
5337 0.0 20 0 0 5337 0.4 30 0 0 150 71.2 57.8 57.8
5337 0.0 20 0 0 5337 0.4 30 0 0 180 76.9 63.2 63.2
5337 0.0 20 0 0 5337 0.4 40 0 0 0 47.7 40.2 40.2
5337 0.0 20 0 0 5337 0.4 40 0 0 30 48.3 40.1 40.1
5337 0.0 20 0 0 5337 0.4 40 0 0 60 49.6 40.8 40.8
5337 0.0 20 0 0 5337 0.4 40 0 0 90 52.8 43.4 43.4
5337 0.0 20 0 0 5337 0.4 40 0 0 120 60.6 48.7 48.7
5337 0.0 20 0 0 5337 0.4 40 0 0 150 70.6 56.7 56.7
5337 0.0 20 0 0 5337 0.4 40 0 0 180 76.1 63.0 63.0
5337 0.0 20 0 0 5337 0.4 50 0 0 0 47.6 40.7 40.7
5337 0.0 20 0 0 5337 0.4 50 0 0 30 48.2 40.7 40.7
5337 0.0 20 0 0 5337 0.4 50 0 0 60 49.5 41.4 41.4
5337 0.0 20 0 0 5337 0.4 50 0 0 90 52.6 43.9 43.9
5337 0.0 20 0 0 5337 0.4 50 0 0 120 59.9 48.4 48.4
5337 0.0 20 0 0 5337 0.4 50 0 0 150 69.6 56.2 56.2
5337 0.0 20 0 0 5337 0.4 50 0 0 180 74.8 63.0 63.0
5337 0.0 20 0 0 5337 0.4 60 0 0 0 47.6 41.9 41.9
5337 0.0 20 0 0 5337 0.4 60 0 0 30 48.3 42.0 42.0
5337 0.0 20 0 0 5337 0.4 60 0 0 60 49.6 42.7 42.7
5337 0.0 20 0 0 5337 0.4 60 0 0 90 52.4 45.0 45.0
5337 0.0 20 0 0 5337 0.4 60 0 0 120 59.0 49.2 49.2
5337 0.0 20 0 0 5337 0.4 60 0 0 150 68.1 56.1 56.1
5337 0.0 20 0 0 5337 0.4 60 0 0 180 72.6 63.2 63.2
5337 0.0 20 0 0 5337 0.5 0 0 0 0 49.9 43.8 43.8
5337 0.0 20 0 0 5337 0.5 0 0 0 30 50.2 44.2 44.2
5337 0.0 20 0 0 5337 0.5 0 0 0 60 50.9 45.1 45.1
5337 0.0 20 0 0 5337 0.5 0 0 0 90 52.6 47.4 47.4
5337 0.0 20 0 0 5337 0.5 0 0 0 120 58.2 52.4 52.4
5337 0.0 20 0 0 5337 0.5 0 0 0 150 68.9 61.1 61.1
5337 0.0 20 0 0 5337 0.5 0 0 0 180 76.4 64.6 64.6
5337 0.0 20 0 0 5337 0.5 10 0 0 0 49.9 43.7 43.7
5337 0.0 20 0 0 5337 0.5 10 0 0 30 50.2 44.0 44.0
5337 0.0 20 0 0 5337 0.5 10 0 0 60 50.9 44.7 44.7
5337 0.0 20 0 0 5337 0.5 10 0 0 90 52.6 46.5 46.5
5337 0.0 20 0 0 5337 0.5 10 0 0 120 58.1 51.0 51.0
5337 0.0 20 0 0 5337 0.5 10 0 0 150 68.9 59.8 59.8
5337 0.0 20 0 0 5337 0.5 10 0 0 180 76.3 65.0 65.0
5337 0.0 20 0 0 5337 0.5 20 0 0 0 49.9 43.1 43.1
5337 0.0 20 0 0 5337 0.5 20 0 0 30 50.2 43.2 43.2
5337 0.0 20 0 0 5337 0.5 20 0 0 60 50.9 43.6 43.6
5337 0.0 20 0 0 5337 0.5 20 0 0 90 52.5 44.6 44.6
5337 0.0 20 0 0 5337 0.5 20 0 0 120 57.9 48.4 48.4
5337 0.0 20 0 0 5337 0.5 20 0 0 150 68.6 57.3 57.3
5337 0.0 20 0 0 5337 0.5 20 0 0 180 75.9 64.0 64.0
5337 0.0 20 0 0 5337 0.5 30 0 0 0 49.9 42.3 42.3
5337 0.0 20 0 0 5337 0.5 30 0 0 30 50.2 42.3 42.3
5337 0.0 20 0 0 5337 0.5 30 0 0 60 50.9 42.5 42.5
5337 0.0 20 0 0 5337 0.5 30 0 0 90 52.5 43.2 43.2
5337 0.0 20 0 0 5337 0.5 30 0 0 120 57.5 46.7 46.7
5337 0.0 20 0 0 5337 0.5 30 0 0 150 68.2 55.6 55.6
5337 0.0 20 0 0 5337 0.5 30 0 0 180 75.4 63.4 63.4
5337 0.0 20 0 0 5337 0.5 40 0 0 0 50.0 42.1 42.1
5337 0.0 20 0 0 5337 0.5 40 0 0 30 50.3 42.0 42.0
5337 0.0 20 0 0 5337 0.5 40 0 0 60 50.9 42.1 42.1
5337 0.0 20 0 0 5337 0.5 40 0 0 90 52.4 42.8 42.8
5337 0.0 20 0 0 5337 0.5 40 0 0 120 57.2 46.1 46.1
5337 0.0 20 0 0 5337 0.5 40 0 0 150 67.6 54.4 54.4
5337 0.0 20 0 0 5337 0.5 40 0 0 180 74.5 62.9 62.9
5337 0.0 20 0 0 5337 0.5 50 0 0 0 50.0 42.5 42.5
5337 0.0 20 0 0 5337 0.5 50 0 0 30 50.3 42.3 42.3
5337 0.0 20 0 0 5337 0.5 50 0 0 60 50.9 42.3 42.3
5337 0.0 20 0 0 5337 0.5 50 0 0 90 52.4 43.1 43.1
5337 0.0 20 0 0 5337 0.5 50 0 0 120 56.8 46.3 46.3
5337 0.0 20 0 0 5337 0.5 50 0 0 150 66.6 53.8 53.8
5337 0.0 20 0 0 5337 0.5 50 0 0 180 73.2 62.5 62.5
5337 0.0 20 0 0 5337 0.5 60 0 0 0 50.0 43.1 43.1
5337 0.0 20 0 0 5337 0.5 60 0 0 30 50.3 42.9 42.9
5337 0.0 20 0 0 5337 0.5 60 0 0 60 51.0 43.1 43.1
5337 0.0 20 0 0 5337 0.5 60 0 0 90 52.5 43.8 43.8
5337 0.0 20 0 0 5337 0.5 60 0 0 120 56.4 47.0 47.0
5337 0.0 20 0 0 5337 0.5 60 0 0 150 64.9 53.8 53.8
5337 0.0 20 0 0 5337 0.5 60 0 0 180 70.7 62.5 62.5
