5337 0.0 0 0 0 4737 0.0 0 0 0 0 62.4 55.5 55.5
5337 0.0 0 0 0 4737 0.0 0 0 0 30 62.4 55.8 55.8
5337 0.0 0 0 0 4737 0.0 0 0 0 60 62.7 55.7 55.7
5337 0.0 0 0 0 4737 0.0 0 0 0 90 62.5 55.8 55.8
5337 0.0 0 0 0 4737 0.0 0 0 0 120 62.6 55.9 55.9
5337 0.0 0 0 0 4737 0.0 0 0 0 150 62.5 55.9 55.9
5337 0.0 0 0 0 4737 0.0 0 0 0 180 62.4 56.3 56.3
5337 0.0 0 0 0 4737 0.0 10 0 0 0 62.4 55.3 55.3
5337 0.0 0 0 0 4737 0.0 10 0 0 30 62.3 55.5 55.5
5337 0.0 0 0 0 4737 0.0 10 0 0 60 62.7 55.5 55.5
5337 0.0 0 0 0 4737 0.0 10 0 0 90 62.4 55.7 55.7
5337 0.0 0 0 0 4737 0.0 10 0 0 120 62.5 55.7 55.7
5337 0.0 0 0 0 4737 0.0 10 0 0 150 62.5 55.7 55.7
5337 0.0 0 0 0 4737 0.0 10 0 0 180 62.3 55.9 55.9
5337 0.0 0 0 0 4737 0.0 20 0 0 0 62.2 54.4 54.4
5337 0.0 0 0 0 4737 0.0 20 0 0 30 62.1 54.5 54.5
5337 0.0 0 0 0 4737 0.0 20 0 0 60 62.5 54.5 54.5
5337 0.0 0 0 0 4737 0.0 20 0 0 90 62.2 54.7 54.7
5337 0.0 0 0 0 4737 0.0 20 0 0 120 62.4 54.7 54.7
5337 0.0 0 0 0 4737 0.0 20 0 0 150 62.3 54.9 54.9
5337 0.0 0 0 0 4737 0.0 20 0 0 180 62.1 54.9 54.9
5337 0.0 0 0 0 4737 0.0 30 0 0 0 61.9 52.5 52.5
5337 0.0 0 0 0 4737 0.0 30 0 0 30 61.8 52.5 52.5
5337 0.0 0 0 0 4737 0.0 30 0 0 60 62.2 52.6 52.6
5337 0.0 0 0 0 4737 0.0 30 0 0 90 61.9 52.7 52.7
5337 0.0 0 0 0 4737 0.0 30 0 0 120 62.1 52.9 52.9
5337 0.0 0 0 0 4737 0.0 30 0 0 150 62.0 53.0 53.0
5337 0.0 0 0 0 4737 0.0 30 0 0 180 61.8 53.0 53.0
5337 0.0 0 0 0 4737 0.0 40 0 0 0 61.4 52.5 52.5
5337 0.0 0 0 0 4737 0.0 40 0 0 30 61.2 52.5 52.5
5337 0.0 0 0 0 4737 0.0 40 0 0 60 61.7 52.5 52.5
5337 0.0 0 0 0 4737 0.0 40 0 0 90 61.4 52.6 52.6
5337 0.0 0 0 0 4737 0.0 40 0 0 120 61.6 52.7 52.7
5337 0.0 0 0 0 4737 0.0 40 0 0 150 61.5 53.0 53.0
5337 0.0 0 0 0 4737 0.0 40 0 0 180 61.3 53.0 53.0
5337 0.0 0 0 0 4737 0.0 50 0 0 0 60.7 53.1 53.1
5337 0.0 0 0 0 4737 0.0 50 0 0 30 60.5 53.3 53.3
5337 0.0 0 0 0 4737 0.0 50 0 0 60 60.9 53.3 53.3
5337 0.0 0 0 0 4737 0.0 50 0 0 90 60.6 53.4 53.4
5337 0.0 0 0 0 4737 0.0 50 0 0 120 60.8 53.6 53.6
5337 0.0 0 0 0 4737 0.0 50 0 0 150 60.7 53.7 53.7
5337 0.0 0 0 0 4737 0.0 50 0 0 180 60.5 53.7 53.7
5337 0.0 0 0 0 4737 0.0 60 0 0 0 59.4 54.3 54.3
5337 0.0 0 0 0 4737 0.0 60 0 0 30 59.4 54.4 54.4
5337 0.0 0 0 0 4737 0.0 60 0 0 60 59.6 54.3 54.3
5337 0.0 0 0 0 4737 0.0 60 0 0 90 59.4 54.5 54.5
5337 0.0 0 0 0 4737 0.0 60 0 0 120 59.4 54.6 54.6
5337 0.0 0 0 0 4737 0.0 60 0 0 150 59.4 54.8 54.8
5337 0.0 0 0 0 4737 0.0 60 0 0 180 59.3 54.9 54.9
5337 0.0 0 0 0 4737 0.1 0 0 0 0 62.7 55.4 55.4
5337 0.0 0 0 0 4737 0.1 0 0 0 30 62.4 55.6 55.6
5337 0.0 0 0 0 4737 0.1 0 0 0 60 62.4 55.5 55.5
5337 0.0 0 0 0 4737 0.1 0 0 0 90 62.8 55.6 55.6
5337 0.0 0 0 0 4737 0.1 0 0 0 120 62.4 55.9 55.9
5337 0.0 0 0 0 4737 0.1 0 0 0 150 62.8 55.8 55.8
5337 0.0 0 0 0 4737 0.1 0 0 0 180 62.4 56.1 56.1
5337 0.0 0 0 0 4737 0.1 10 0 0 0 62.6 55.2 55.2
5337 0.0 0 0 0 4737 0.1 10 0 0 30 62.3 55.4 55.4
5337 0.0 0 0 0 4737 0.1 10 0 0 60 62.3 55.3 55.3
5337 0.0 0 0 0 4737 0.1 10 0 0 90 62.8 55.4 55.4
5337 0.0 0 0 0 4737 0.1 10 0 0 120 62.4 55.6 55.6
5337 0.0 0 0 0 4737 0.1 10 0 0 150 62.8 55.6 55.6
5337 0.0 0 0 0 4737 0.1 10 0 0 180 62.3 55.8 55.8
5337 0.0 0 0 0 4737 0.1 20 0 0 0 62.5 54.3 54.3
5337 0.0 0 0 0 4737 0.1 20 0 0 30 62.1 54.4 54.4
5337 0.0 0 0 0 4737 0.1 20 0 0 60 62.1 54.3 54.3
5337 0.0 0 0 0 4737 0.1 20 0 0 90 62.6 54.4 54.4
5337 0.0 0 0 0 4737 0.1 20 0 0 120 62.2 54.6 54.6
5337 0.0 0 0 0 4737 0.1 20 0 0 150 62.6 54.7 54.7
5337 0.0 0 0 0 4737 0.1 20 0 0 180 62.1 54.8 54.8
5337 0.0 0 0 0 4737 0.1 30 0 0 0 62.2 52.4 52.4
5337 0.0 0 0 0 4737 0.1 30 0 0 30 61.8 52.5 52.5
5337 0.0 0 0 0 4737 0.1 30 0 0 60 61.8 52.4 52.4
5337 0.0 0 0 0 4737 0.1 30 0 0 90 62.3 52.6 52.6
5337 0.0 0 0 0 4737 0.1 30 0 0 120 61.9 52.6 52.6
5337 0.0 0 0 0 4737 0.1 30 0 0 150 62.3 52.8 52.8
5337 0.0 0 0 0 4737 0.1 30 0 0 180 61.8 52.8 52.8
5337 0.0 0 0 0 4737 0.1 40 0 0 0 61.6 52.5 52.5
5337 0.0 0 0 0 4737 0.1 40 0 0 30 61.3 52.5 52.5
5337 0.0 0 0 0 4737 0.1 40 0 0 60 61.3 52.5 52.5
5337 0.0 0 0 0 4737 0.1 40 0 0 90 61.8 52.5 52.5
5337 0.0 0 0 0 4737 0.1 40 0 0 120 61.3 52.6 52.6
5337 0.0 0 0 0 4737 0.1 40 0 0 150 61.8 52.8 52.8
5337 0.0 0 0 0 4737 0.1 40 0 0 180 61.3 52.8 52.8
5337 0.0 0 0 0 4737 0.1 50 0 0 0 60.8 53.0 53.0
5337 0.0 0 0 0 4737 0.1 50 0 0 30 60.6 53.1 53.1
5337 0.0 0 0 0 4737 0.1 50 0 0 60 60.6 53.2 53.2
5337 0.0 0 0 0 4737 0.1 50 0 0 90 61.0 53.3 53.3
5337 0.0 0 0 0 4737 0.1 50 0 0 120 60.5 53.4 53.4
5337 0.0 0 0 0 4737 0.1 50 0 0 150 60.9 53.6 53.6
5337 0.0 0 0 0 4737 0.1 50 0 0 180 60.5 53.6 53.6
5337 0.0 0 0 0 4737 0.1 60 0 0 0 59.4 54.0 54.0
5337 0.0 0 0 0 4737 0.1 60 0 0 30 59.4 54.1 54.1
5337 0.0 0 0 0 4737 0.1 60 0 0 60 59.4 54.2 54.2
5337 0.0 0 0 0 4737 0.1 60 0 0 90 59.6 54.3 54.3
5337 0.0 0 0 0 4737 0.1 60 0 0 120 59.3 54.4 54.4
5337 0.0 0 0 0 4737 0.1 60 0 0 150 59.5 54.6 54.6
5337 0.0 0 0 0 4737 0.1 60 0 0 180 59.3 54.6 54.6
5337 0.0 0 0 0 4737 0.2 0 0 0 0 62.6 55.2 55.2
5337 0.0 0 0 0 4737 0.2 0 0 0 30 62.6 55.4 55.4
5337 0.0 0 0 0 4737 0.2 0 0 0 60 62.3 55.3 55.3
5337 0.0 0 0 0 4737 0.2 0 0 0 90 62.7 55.3 55.3
5337 0.0 0 0 0 4737 0.2 0 0 0 120 62.5 55.7 55.7
5337 0.0 0 0 0 4737 0.2 0 0 0 150 62.6 55.7 55.7
5337 0.0 0 0 0 4737 0.2 0 0 0 180 62.3 55.8 55.8
5337 0.0 0 0 0 4737 0.2 10 0 0 0 62.6 55.0 55.0
5337 0.0 0 0 0 4737 0.2 10 0 0 30 62.6 55.1 55.1
5337 0.0 0 0 0 4737 0.2 10 0 0 60 62.2 55.2 55.2
5337 0.0 0 0 0 4737 0.2 10 0 0 90 62.7 55.1 55.1
5337 0.0 0 0 0 4737 0.2 10 0 0 120 62.5 55.4 55.4
5337 0.0 0 0 0 4737 0.2 10 0 0 150 62.5 55.5 55.5
5337 0.0 0 0 0 4737 0.2 10 0 0 180 62.2 55.7 55.7
5337 0.0 0 0 0 4737 0.2 20 0 0 0 62.4 54.0 54.0
5337 0.0 0 0 0 4737 0.2 20 0 0 30 62.4 54.1 54.1
5337 0.0 0 0 0 4737 0.2 20 0 0 60 62.0 54.2 54.2
5337 0.0 0 0 0 4737 0.2 20 0 0 90 62.5 54.1 54.1
5337 0.0 0 0 0 4737 0.2 20 0 0 120 62.3 54.4 54.4
5337 0.0 0 0 0 4737 0.2 20 0 0 150 62.4 54.5 54.5
5337 0.0 0 0 0 4737 0.2 20 0 0 180 62.1 54.7 54.7
5337 0.0 0 0 0 4737 0.2 30 0 0 0 62.1 52.3 52.3
5337 0.0 0 0 0 4737 0.2 30 0 0 30 62.1 52.5 52.5
5337 0.0 0 0 0 4737 0.2 30 0 0 60 61.7 52.5 52.5
5337 0.0 0 0 0 4737 0.2 30 0 0 90 62.2 52.5 52.5
5337 0.0 0 0 0 4737 0.2 30 0 0 120 62.0 52.7 52.7
5337 0.0 0 0 0 4737 0.2 30 0 0 150 62.0 52.7 52.7
5337 0.0 0 0 0 4737 0.2 30 0 0 180 61.7 52.8 52.8
5337 0.0 0 0 0 4737 0.2 40 0 0 0 61.6 52.5 52.5
5337 0.0 0 0 0 4737 0.2 40 0 0 30 61.6 52.6 52.6
5337 0.0 0 0 0 4737 0.2 40 0 0 60 61.2 52.7 52.7
5337 0.0 0 0 0 4737 0.2 40 0 0 90 61.7 52.6 52.6
5337 0.0 0 0 0 4737 0.2 40 0 0 120 61.5 52.7 52.7
5337 0.0 0 0 0 4737 0.2 40 0 0 150 61.5 52.7 52.7
5337 0.0 0 0 0 4737 0.2 40 0 0 180 61.3 52.7 52.7
5337 0.0 0 0 0 4737 0.2 50 0 0 0 60.8 52.9 52.9
5337 0.0 0 0 0 4737 0.2 50 0 0 30 60.8 53.0 53.0
5337 0.0 0 0 0 4737 0.2 50 0 0 60 60.5 53.1 53.1
5337 0.0 0 0 0 4737 0.2 50 0 0 90 60.8 53.1 53.1
5337 0.0 0 0 0 4737 0.2 50 0 0 120 60.7 53.3 53.3
5337 0.0 0 0 0 4737 0.2 50 0 0 150 60.7 53.5 53.5
5337 0.0 0 0 0 4737 0.2 50 0 0 180 60.6 53.5 53.5
5337 0.0 0 0 0 4737 0.2 60 0 0 0 59.4 53.8 53.8
5337 0.0 0 0 0 4737 0.2 60 0 0 30 59.5 53.9 53.9
5337 0.0 0 0 0 4737 0.2 60 0 0 60 59.4 53.9 53.9
5337 0.0 0 0 0 4737 0.2 60 0 0 90 59.5 54.0 54.0
5337 0.0 0 0 0 4737 0.2 60 0 0 120 59.3 54.1 54.1
5337 0.0 0 0 0 4737 0.2 60 0 0 150 59.4 54.4 54.4
5337 0.0 0 0 0 4737 0.2 60 0 0 180 59.3 54.5 54.5
5337 0.0 0 0 0 4737 0.3 0 0 0 0 62.5 55.1 55.1
5337 0.0 0 0 0 4737 0.3 0 0 0 30 62.7 55.1 55.1
5337 0.0 0 0 0 4737 0.3 0 0 0 60 62.4 55.1 55.1
5337 0.0 0 0 0 4737 0.3 0 0 0 90 62.5 55.1 55.1
5337 0.0 0 0 0 4737 0.3 0 0 0 120 62.8 55.3 55.3
5337 0.0 0 0 0 4737 0.3 0 0 0 150 62.4 55.5 55.5
5337 0.0 0 0 0 4737 0.3 0 0 0 180 62.4 55.6 55.6
5337 0.0 0 0 0 4737 0.3 10 0 0 0 62.4 54.8 54.8
5337 0.0 0 0 0 4737 0.3 10 0 0 30 62.6 54.9 54.9
5337 0.0 0 0 0 4737 0.3 10 0 0 60 62.4 54.9 54.9
5337 0.0 0 0 0 4737 0.3 10 0 0 90 62.4 54.9 54.9
5337 0.0 0 0 0 4737 0.3 10 0 0 120 62.7 55.1 55.1
5337 0.0 0 0 0 4737 0.3 10 0 0 150 62.4 55.3 55.3
5337 0.0 0 0 0 4737 0.3 10 0 0 180 62.3 55.4 55.4
5337 0.0 0 0 0 4737 0.3 20 0 0 0 62.3 53.6 53.6
5337 0.0 0 0 0 4737 0.3 20 0 0 30 62.4 53.7 53.7
5337 0.0 0 0 0 4737 0.3 20 0 0 60 62.2 53.9 53.9
5337 0.0 0 0 0 4737 0.3 20 0 0 90 62.2 53.8 53.8
5337 0.0 0 0 0 4737 0.3 20 0 0 120 62.5 53.9 53.9
5337 0.0 0 0 0 4737 0.3 20 0 0 150 62.2 54.1 54.1
5337 0.0 0 0 0 4737 0.3 20 0 0 180 62.2 54.3 54.3
5337 0.0 0 0 0 4737 0.3 30 0 0 0 61.9 52.3 52.3
5337 0.0 0 0 0 4737 0.3 30 0 0 30 62.1 52.5 52.5
5337 0.0 0 0 0 4737 0.3 30 0 0 60 61.9 52.6 52.6
5337 0.0 0 0 0 4737 0.3 30 0 0 90 61.9 52.6 52.6
5337 0.0 0 0 0 4737 0.3 30 0 0 120 62.2 52.8 52.8
5337 0.0 0 0 0 4737 0.3 30 0 0 150 61.8 52.9 52.9
5337 0.0 0 0 0 4737 0.3 30 0 0 180 61.9 53.0 53.0
5337 0.0 0 0 0 4737 0.3 40 0 0 0 61.4 52.4 52.4
5337 0.0 0 0 0 4737 0.3 40 0 0 30 61.6 52.6 52.6
5337 0.0 0 0 0 4737 0.3 40 0 0 60 61.5 52.7 52.7
5337 0.0 0 0 0 4737 0.3 40 0 0 90 61.4 52.7 52.7
5337 0.0 0 0 0 4737 0.3 40 0 0 120 61.7 52.8 52.8
5337 0.0 0 0 0 4737 0.3 40 0 0 150 61.3 53.0 53.0
5337 0.0 0 0 0 4737 0.3 40 0 0 180 61.4 53.0 53.0
5337 0.0 0 0 0 4737 0.3 50 0 0 0 60.6 52.8 52.8
5337 0.0 0 0 0 4737 0.3 50 0 0 30 60.8 52.9 52.9
5337 0.0 0 0 0 4737 0.3 50 0 0 60 60.7 53.0 53.0
5337 0.0 0 0 0 4737 0.3 50 0 0 90 60.7 53.1 53.1
5337 0.0 0 0 0 4737 0.3 50 0 0 120 60.8 53.2 53.2
5337 0.0 0 0 0 4737 0.3 50 0 0 150 60.6 53.5 53.5
5337 0.0 0 0 0 4737 0.3 50 0 0 180 60.7 53.5 53.5
5337 0.0 0 0 0 4737 0.3 60 0 0 0 59.3 53.7 53.7
5337 0.0 0 0 0 4737 0.3 60 0 0 30 59.4 53.7 53.7
5337 0.0 0 0 0 4737 0.3 60 0 0 60 59.3 53.8 53.8
5337 0.0 0 0 0 4737 0.3 60 0 0 90 59.4 53.8 53.8
5337 0.0 0 0 0 4737 0.3 60 0 0 120 59.3 53.8 53.8
5337 0.0 0 0 0 4737 0.3 60 0 0 150 59.3 54.1 54.1
5337 0.0 0 0 0 4737 0.3 60 0 0 180 59.2 54.4 54.4
5337 0.0 0 0 0 4737 0.4 0 0 0 0 62.4 54.8 54.8
5337 0.0 0 0 0 4737 0.4 0 0 0 30 62.5 54.8 54.8
5337 0.0 0 0 0 4737 0.4 0 0 0 60 62.6 54.8 54.8
5337 0.0 0 0 0 4737 0.4 0 0 0 90 62.5 54.8 54.8
5337 0.0 0 0 0 4737 0.4 0 0 0 120 62.6 55.0 55.0
5337 0.0 0 0 0 4737 0.4 0 0 0 150 62.5 55.2 55.2
5337 0.0 0 0 0 4737 0.4 0 0 0 180 62.6 55.3 55.3
5337 0.0 0 0 0 4737 0.4 10 0 0 0 62.4 54.5 54.5
5337 0.0 0 0 0 4737 0.4 10 0 0 30 62.4 54.5 54.5
5337 0.0 0 0 0 4737 0.4 10 0 0 60 62.5 54.6 54.6
5337 0.0 0 0 0 4737 0.4 10 0 0 90 62.5 54.6 54.6
5337 0.0 0 0 0 4737 0.4 10 0 0 120 62.5 54.7 54.7
5337 0.0 0 0 0 4737 0.4 10 0 0 150 62.4 55.0 55.0
5337 0.0 0 0 0 4737 0.4 10 0 0 180 62.5 55.1 55.1
5337 0.0 0 0 0 4737 0.4 20 0 0 0 62.2 53.1 53.1
5337 0.0 0 0 0 4737 0.4 20 0 0 30 62.3 53.1 53.1
5337 0.0 0 0 0 4737 0.4 20 0 0 60 62.3 53.2 53.2
5337 0.0 0 0 0 4737 0.4 20 0 0 90 62.3 53.3 53.3
5337 0.0 0 0 0 4737 0.4 20 0 0 120 62.3 53.2 53.2
5337 0.0 0 0 0 4737 0.4 20 0 0 150 62.3 53.6 53.6
5337 0.0 0 0 0 4737 0.4 20 0 0 180 62.3 53.7 53.7
5337 0.0 0 0 0 4737 0.4 30 0 0 0 61.8 52.4 52.4
5337 0.0 0 0 0 4737 0.4 30 0 0 30 61.9 52.5 52.5
5337 0.0 0 0 0 4737 0.4 30 0 0 60 62.0 52.6 52.6
5337 0.0 0 0 0 4737 0.4 30 0 0 90 62.0 52.7 52.7
5337 0.0 0 0 0 4737 0.4 30 0 0 120 62.0 52.8 52.8
5337 0.0 0 0 0 4737 0.4 30 0 0 150 62.0 53.2 53.2
5337 0.0 0 0 0 4737 0.4 30 0 0 180 62.0 53.3 53.3
5337 0.0 0 0 0 4737 0.4 40 0 0 0 61.3 52.5 52.5
5337 0.0 0 0 0 4737 0.4 40 0 0 30 61.4 52.6 52.6
5337 0.0 0 0 0 4737 0.4 40 0 0 60 61.5 52.7 52.7
5337 0.0 0 0 0 4737 0.4 40 0 0 90 61.5 52.8 52.8
5337 0.0 0 0 0 4737 0.4 40 0 0 120 61.5 52.9 52.9
5337 0.0 0 0 0 4737 0.4 40 0 0 150 61.5 53.2 53.2
5337 0.0 0 0 0 4737 0.4 40 0 0 180 61.5 53.3 53.3
5337 0.0 0 0 0 4737 0.4 50 0 0 0 60.6 52.8 52.8
5337 0.0 0 0 0 4737 0.4 50 0 0 30 60.6 52.8 52.8
5337 0.0 0 0 0 4737 0.4 50 0 0 60 60.7 52.9 52.9
5337 0.0 0 0 0 4737 0.4 50 0 0 90 60.7 53.0 53.0
5337 0.0 0 0 0 4737 0.4 50 0 0 120 60.7 53.2 53.2
5337 0.0 0 0 0 4737 0.4 50 0 0 150 60.7 53.6 53.6
5337 0.0 0 0 0 4737 0.4 50 0 0 180 60.7 53.8 53.8
5337 0.0 0 0 0 4737 0.4 60 0 0 0 59.2 53.7 53.7
5337 0.0 0 0 0 4737 0.4 60 0 0 30 59.2 53.7 53.7
5337 0.0 0 0 0 4737 0.4 60 0 0 60 59.2 53.7 53.7
5337 0.0 0 0 0 4737 0.4 60 0 0 90 59.2 53.8 53.8
5337 0.0 0 0 0 4737 0.4 60 0 0 120 59.1 53.7 53.7
5337 0.0 0 0 0 4737 0.4 60 0 0 150 59.0 53.9 53.9
5337 0.0 0 0 0 4737 0.4 60 0 0 180 59.0 54.1 54.1
5337 0.0 0 0 0 4737 0.5 0 0 0 0 62.4 54.1 54.1
5337 0.0 0 0 0 4737 0.5 0 0 0 30 62.4 54.1 54.1
5337 0.0 0 0 0 4737 0.5 0 0 0 60 62.5 54.1 54.1
5337 0.0 0 0 0 4737 0.5 0 0 0 90 62.6 54.2 54.2
5337 0.0 0 0 0 4737 0.5 0 0 0 120 62.5 54.4 54.4
5337 0.0 0 0 0 4737 0.5 0 0 0 150 62.6 54.6 54.6
5337 0.0 0 0 0 4737 0.5 0 0 0 180 62.6 54.7 54.7
5337 0.0 0 0 0 4737 0.5 10 0 0 0 62.3 53.8 53.8
5337 0.0 0 0 0 4737 0.5 10 0 0 30 62.3 53.8 53.8
5337 0.0 0 0 0 4737 0.5 10 0 0 60 62.4 53.8 53.8
5337 0.0 0 0 0 4737 0.5 10 0 0 90 62.6 53.8 53.8
5337 0.0 0 0 0 4737 0.5 10 0 0 120 62.5 54.0 54.0
5337 0.0 0 0 0 4737 0.5 10 0 0 150 62.5 54.2 54.2
5337 0.0 0 0 0 4737 0.5 10 0 0 180 62.5 54.3 54.3
5337 0.0 0 0 0 4737 0.5 20 0 0 0 62.1 53.1 53.1
5337 0.0 0 0 0 4737 0.5 20 0 0 30 62.1 53.1 53.1
5337 0.0 0 0 0 4737 0.5 20 0 0 60 62.2 53.1 53.1
5337 0.0 0 0 0 4737 0.5 20 0 0 90 62.4 53.2 53.2
5337 0.0 0 0 0 4737 0.5 20 0 0 120 62.3 53.3 53.3
5337 0.0 0 0 0 4737 0.5 20 0 0 150 62.3 53.5 53.5
5337 0.0 0 0 0 4737 0.5 20 0 0 180 62.3 53.8 53.8
5337 0.0 0 0 0 4737 0.5 30 0 0 0 61.8 52.7 52.7
5337 0.0 0 0 0 4737 0.5 30 0 0 30 61.8 52.7 52.7
5337 0.0 0 0 0 4737 0.5 30 0 0 60 61.9 52.8 52.8
5337 0.0 0 0 0 4737 0.5 30 0 0 90 62.0 52.9 52.9
5337 0.0 0 0 0 4737 0.5 30 0 0 120 62.0 53.2 53.2
5337 0.0 0 0 0 4737 0.5 30 0 0 150 62.0 53.5 53.5
5337 0.0 0 0 0 4737 0.5 30 0 0 180 62.0 53.5 53.5
5337 0.0 0 0 0 4737 0.5 40 0 0 0 61.3 52.7 52.7
5337 0.0 0 0 0 4737 0.5 40 0 0 30 61.3 52.8 52.8
5337 0.0 0 0 0 4737 0.5 40 0 0 60 61.4 52.9 52.9
5337 0.0 0 0 0 4737 0.5 40 0 0 90 61.4 53.0 53.0
5337 0.0 0 0 0 4737 0.5 40 0 0 120 61.5 53.1 53.1
5337 0.0 0 0 0 4737 0.5 40 0 0 150 61.4 53.5 53.5
5337 0.0 0 0 0 4737 0.5 40 0 0 180 61.4 53.6 53.6
5337 0.0 0 0 0 4737 0.5 50 0 0 0 60.5 53.0 53.0
5337 0.0 0 0 0 4737 0.5 50 0 0 30 60.6 53.0 53.0
5337 0.0 0 0 0 4737 0.5 50 0 0 60 60.6 53.0 53.0
5337 0.0 0 0 0 4737 0.5 50 0 0 90 60.6 53.0 53.0
5337 0.0 0 0 0 4737 0.5 50 0 0 120 60.6 53.1 53.1
5337 0.0 0 0 0 4737 0.5 50 0 0 150 60.4 53.5 53.5
5337 0.0 0 0 0 4737 0.5 50 0 0 180 60.5 53.9 53.9
5337 0.0 0 0 0 4737 0.5 60 0 0 0 59.3 53.5 53.5
5337 0.0 0 0 0 4737 0.5 60 0 0 30 59.3 53.6 53.6
5337 0.0 0 0 0 4737 0.5 60 0 0 60 59.3 53.6 53.6
5337 0.0 0 0 0 4737 0.5 60 0 0 90 59.3 53.7 53.7
5337 0.0 0 0 0 4737 0.5 60 0 0 120 59.2 53.7 53.7
5337 0.0 0 0 0 4737 0.5 60 0 0 150 58.9 53.9 53.9
5337 0.0 0 0 0 4737 0.5 60 0 0 180 58.8 54.1 54.1
5337 0.0 0 0 0 4937 0.0 0 0 0 0 62.7 56.0 56.0
5337 0.0 0 0 0 4937 0.0 0 0 0 30 62.9 56.3 56.3
5337 0.0 0 0 0 4937 0.0 0 0 0 60 63.1 56.6 56.6
5337 0.0 0 0 0 4937 0.0 0 0 0 90 63.2 56.8 56.8
5337 0.0 0 0 0 4937 0.0 0 0 0 120 63.2 56.9 56.9
5337 0.0 0 0 0 4937 0.0 0 0 0 150 63.0 56.9 56.9
5337 0.0 0 0 0 4937 0.0 0 0 0 180 62.9 56.8 56.8
5337 0.0 0 0 0 4937 0.0 10 0 0 0 62.6 55.8 55.8
5337 0.0 0 0 0 4937 0.0 10 0 0 30 62.9 56.0 56.0
5337 0.0 0 0 0 4937 0.0 10 0 0 60 63.0 56.3 56.3
5337 0.0 0 0 0 4937 0.0 10 0 0 90 63.2 56.6 56.6
5337 0.0 0 0 0 4937 0.0 10 0 0 120 63.1 56.7 56.7
5337 0.0 0 0 0 4937 0.0 10 0 0 150 63.0 56.7 56.7
5337 0.0 0 0 0 4937 0.0 10 0 0 180 62.9 56.7 56.7
5337 0.0 0 0 0 4937 0.0 20 0 0 0 62.5 54.8 54.8
5337 0.0 0 0 0 4937 0.0 20 0 0 30 62.7 55.1 55.1
5337 0.0 0 0 0 4937 0.0 20 0 0 60 62.9 55.4 55.4
5337 0.0 0 0 0 4937 0.0 20 0 0 90 63.0 55.7 55.7
5337 0.0 0 0 0 4937 0.0 20 0 0 120 63.0 55.9 55.9
5337 0.0 0 0 0 4937 0.0 20 0 0 150 62.8 55.9 55.9
5337 0.0 0 0 0 4937 0.0 20 0 0 180 62.7 55.8 55.8
5337 0.0 0 0 0 4937 0.0 30 0 0 0 62.1 52.8 52.8
5337 0.0 0 0 0 4937 0.0 30 0 0 30 62.4 53.1 53.1
5337 0.0 0 0 0 4937 0.0 30 0 0 60 62.6 53.5 53.5
5337 0.0 0 0 0 4937 0.0 30 0 0 90 62.6 53.8 53.8
5337 0.0 0 0 0 4937 0.0 30 0 0 120 62.7 54.0 54.0
5337 0.0 0 0 0 4937 0.0 30 0 0 150 62.5 53.9 53.9
5337 0.0 0 0 0 4937 0.0 30 0 0 180 62.4 53.8 53.8
5337 0.0 0 0 0 4937 0.0 40 0 0 0 61.7 52.7 52.7
5337 0.0 0 0 0 4937 0.0 40 0 0 30 61.9 53.1 53.1
5337 0.0 0 0 0 4937 0.0 40 0 0 60 62.1 53.6 53.6
5337 0.0 0 0 0 4937 0.0 40 0 0 90 62.1 53.9 53.9
5337 0.0 0 0 0 4937 0.0 40 0 0 120 62.2 54.1 54.1
5337 0.0 0 0 0 4937 0.0 40 0 0 150 62.1 54.1 54.1
5337 0.0 0 0 0 4937 0.0 40 0 0 180 61.9 53.8 53.8
5337 0.0 0 0 0 4937 0.0 50 0 0 0 61.0 53.4 53.4
5337 0.0 0 0 0 4937 0.0 50 0 0 30 61.2 53.7 53.7
5337 0.0 0 0 0 4937 0.0 50 0 0 60 61.4 54.0 54.0
5337 0.0 0 0 0 4937 0.0 50 0 0 90 61.4 54.2 54.2
5337 0.0 0 0 0 4937 0.0 50 0 0 120 61.4 54.4 54.4
5337 0.0 0 0 0 4937 0.0 50 0 0 150 61.3 54.5 54.5
5337 0.0 0 0 0 4937 0.0 50 0 0 180 61.2 54.4 54.4
5337 0.0 0 0 0 4937 0.0 60 0 0 0 59.8 54.5 54.5
5337 0.0 0 0 0 4937 0.0 60 0 0 30 60.0 54.7 54.7
5337 0.0 0 0 0 4937 0.0 60 0 0 60 60.1 55.0 55.0
5337 0.0 0 0 0 4937 0.0 60 0 0 90 60.3 55.2 55.2
5337 0.0 0 0 0 4937 0.0 60 0 0 120 60.2 55.4 55.4
5337 0.0 0 0 0 4937 0.0 60 0 0 150 60.1 55.5 55.5
5337 0.0 0 0 0 4937 0.0 60 0 0 180 60.1 55.5 55.5
5337 0.0 0 0 0 4937 0.1 0 0 0 0 62.8 55.8 55.8
5337 0.0 0 0 0 4937 0.1 0 0 0 30 62.8 56.0 56.0
5337 0.0 0 0 0 4937 0.1 0 0 0 60 63.2 56.4 56.4
5337 0.0 0 0 0 4937 0.1 0 0 0 90 63.1 56.6 56.6
5337 0.0 0 0 0 4937 0.1 0 0 0 120 63.1 56.8 56.8
5337 0.0 0 0 0 4937 0.1 0 0 0 150 63.2 56.9 56.9
5337 0.0 0 0 0 4937 0.1 0 0 0 180 63.0 56.7 56.7
5337 0.0 0 0 0 4937 0.1 10 0 0 0 62.7 55.5 55.5
5337 0.0 0 0 0 4937 0.1 10 0 0 30 62.8 55.8 55.8
5337 0.0 0 0 0 4937 0.1 10 0 0 60 63.1 56.1 56.1
5337 0.0 0 0 0 4937 0.1 10 0 0 90 63.0 56.4 56.4
5337 0.0 0 0 0 4937 0.1 10 0 0 120 63.1 56.6 56.6
5337 0.0 0 0 0 4937 0.1 10 0 0 150 63.1 56.7 56.7
5337 0.0 0 0 0 4937 0.1 10 0 0 180 62.9 56.6 56.6
5337 0.0 0 0 0 4937 0.1 20 0 0 0 62.6 54.7 54.7
5337 0.0 0 0 0 4937 0.1 20 0 0 30 62.6 54.9 54.9
5337 0.0 0 0 0 4937 0.1 20 0 0 60 62.9 55.2 55.2
5337 0.0 0 0 0 4937 0.1 20 0 0 90 62.9 55.5 55.5
5337 0.0 0 0 0 4937 0.1 20 0 0 120 62.9 55.7 55.7
5337 0.0 0 0 0 4937 0.1 20 0 0 150 62.9 55.8 55.8
5337 0.0 0 0 0 4937 0.1 20 0 0 180 62.7 55.7 55.7
5337 0.0 0 0 0 4937 0.1 30 0 0 0 62.2 52.5 52.5
5337 0.0 0 0 0 4937 0.1 30 0 0 30 62.4 52.8 52.8
5337 0.0 0 0 0 4937 0.1 30 0 0 60 62.6 53.2 53.2
5337 0.0 0 0 0 4937 0.1 30 0 0 90 62.6 53.6 53.6
5337 0.0 0 0 0 4937 0.1 30 0 0 120 62.6 53.8 53.8
5337 0.0 0 0 0 4937 0.1 30 0 0 150 62.6 54.0 54.0
5337 0.0 0 0 0 4937 0.1 30 0 0 180 62.4 53.9 53.9
5337 0.0 0 0 0 4937 0.1 40 0 0 0 61.7 52.5 52.5
5337 0.0 0 0 0 4937 0.1 40 0 0 30 61.9 52.7 52.7
5337 0.0 0 0 0 4937 0.1 40 0 0 60 62.1 53.1 53.1
5337 0.0 0 0 0 4937 0.1 40 0 0 90 62.2 53.6 53.6
5337 0.0 0 0 0 4937 0.1 40 0 0 120 62.2 53.9 53.9
5337 0.0 0 0 0 4937 0.1 40 0 0 150 62.1 54.1 54.1
5337 0.0 0 0 0 4937 0.1 40 0 0 180 61.9 53.8 53.8
5337 0.0 0 0 0 4937 0.1 50 0 0 0 61.0 53.2 53.2
5337 0.0 0 0 0 4937 0.1 50 0 0 30 61.2 53.3 53.3
5337 0.0 0 0 0 4937 0.1 50 0 0 60 61.4 53.6 53.6
5337 0.0 0 0 0 4937 0.1 50 0 0 90 61.5 53.9 53.9
5337 0.0 0 0 0 4937 0.1 50 0 0 120 61.4 54.2 54.2
5337 0.0 0 0 0 4937 0.1 50 0 0 150 61.3 54.4 54.4
5337 0.0 0 0 0 4937 0.1 50 0 0 180 61.2 54.4 54.4
5337 0.0 0 0 0 4937 0.1 60 0 0 0 59.8 54.5 54.5
5337 0.0 0 0 0 4937 0.1 60 0 0 30 60.0 54.6 54.6
5337 0.0 0 0 0 4937 0.1 60 0 0 60 60.2 54.7 54.7
5337 0.0 0 0 0 4937 0.1 60 0 0 90 60.2 54.9 54.9
5337 0.0 0 0 0 4937 0.1 60 0 0 120 60.2 55.1 55.1
5337 0.0 0 0 0 4937 0.1 60 0 0 150 60.2 55.3 55.3
5337 0.0 0 0 0 4937 0.1 60 0 0 180 60.0 55.3 55.3
5337 0.0 0 0 0 4937 0.2 0 0 0 0 62.8 55.6 55.6
5337 0.0 0 0 0 4937 0.2 0 0 0 30 62.9 55.9 55.9
5337 0.0 0 0 0 4937 0.2 0 0 0 60 63.1 56.1 56.1
5337 0.0 0 0 0 4937 0.2 0 0 0 90 63.1 56.4 56.4
5337 0.0 0 0 0 4937 0.2 0 0 0 120 63.3 56.6 56.6
5337 0.0 0 0 0 4937 0.2 0 0 0 150 63.1 56.7 56.7
5337 0.0 0 0 0 4937 0.2 0 0 0 180 62.9 56.5 56.5
5337 0.0 0 0 0 4937 0.2 10 0 0 0 62.7 55.3 55.3
5337 0.0 0 0 0 4937 0.2 10 0 0 30 62.9 55.6 55.6
5337 0.0 0 0 0 4937 0.2 10 0 0 60 63.0 55.8 55.8
5337 0.0 0 0 0 4937 0.2 10 0 0 90 63.1 56.1 56.1
5337 0.0 0 0 0 4937 0.2 10 0 0 120 63.2 56.4 56.4
5337 0.0 0 0 0 4937 0.2 10 0 0 150 63.1 56.5 56.5
5337 0.0 0 0 0 4937 0.2 10 0 0 180 62.9 56.4 56.4
5337 0.0 0 0 0 4937 0.2 20 0 0 0 62.5 54.5 54.5
5337 0.0 0 0 0 4937 0.2 20 0 0 30 62.7 54.6 54.6
5337 0.0 0 0 0 4937 0.2 20 0 0 60 62.8 54.9 54.9
5337 0.0 0 0 0 4937 0.2 20 0 0 90 62.9 55.1 55.1
5337 0.0 0 0 0 4937 0.2 20 0 0 120 63.0 55.5 55.5
5337 0.0 0 0 0 4937 0.2 20 0 0 150 62.9 55.7 55.7
5337 0.0 0 0 0 4937 0.2 20 0 0 180 62.7 55.6 55.6
5337 0.0 0 0 0 4937 0.2 30 0 0 0 62.3 52.4 52.4
5337 0.0 0 0 0 4937 0.2 30 0 0 30 62.4 52.4 52.4
5337 0.0 0 0 0 4937 0.2 30 0 0 60 62.6 52.8 52.8
5337 0.0 0 0 0 4937 0.2 30 0 0 90 62.6 53.1 53.1
5337 0.0 0 0 0 4937 0.2 30 0 0 120 62.7 53.7 53.7
5337 0.0 0 0 0 4937 0.2 30 0 0 150 62.6 54.1 54.1
5337 0.0 0 0 0 4937 0.2 30 0 0 180 62.4 54.1 54.1
5337 0.0 0 0 0 4937 0.2 40 0 0 0 61.8 52.2 52.2
5337 0.0 0 0 0 4937 0.2 40 0 0 30 61.9 52.4 52.4
5337 0.0 0 0 0 4937 0.2 40 0 0 60 62.1 52.7 52.7
5337 0.0 0 0 0 4937 0.2 40 0 0 90 62.2 53.1 53.1
5337 0.0 0 0 0 4937 0.2 40 0 0 120 62.2 53.7 53.7
5337 0.0 0 0 0 4937 0.2 40 0 0 150 62.1 54.1 54.1
5337 0.0 0 0 0 4937 0.2 40 0 0 180 61.9 54.1 54.1
5337 0.0 0 0 0 4937 0.2 50 0 0 0 61.1 53.0 53.0
5337 0.0 0 0 0 4937 0.2 50 0 0 30 61.3 53.1 53.1
5337 0.0 0 0 0 4937 0.2 50 0 0 60 61.4 53.5 53.5
5337 0.0 0 0 0 4937 0.2 50 0 0 90 61.5 53.7 53.7
5337 0.0 0 0 0 4937 0.2 50 0 0 120 61.4 54.1 54.1
5337 0.0 0 0 0 4937 0.2 50 0 0 150 61.3 54.3 54.3
5337 0.0 0 0 0 4937 0.2 50 0 0 180 61.1 54.4 54.4
5337 0.0 0 0 0 4937 0.2 60 0 0 0 59.7 54.4 54.4
5337 0.0 0 0 0 4937 0.2 60 0 0 30 60.1 54.5 54.5
5337 0.0 0 0 0 4937 0.2 60 0 0 60 60.0 54.7 54.7
5337 0.0 0 0 0 4937 0.2 60 0 0 90 60.3 54.8 54.8
5337 0.0 0 0 0 4937 0.2 60 0 0 120 60.2 55.0 55.0
5337 0.0 0 0 0 4937 0.2 60 0 0 150 60.1 55.2 55.2
5337 0.0 0 0 0 4937 0.2 60 0 0 180 59.9 55.0 55.0
5337 0.0 0 0 0 4937 0.3 0 0 0 0 62.7 55.3 55.3
5337 0.0 0 0 0 4937 0.3 0 0 0 30 62.9 55.6 55.6
5337 0.0 0 0 0 4937 0.3 0 0 0 60 63.1 55.8 55.8
5337 0.0 0 0 0 4937 0.3 0 0 0 90 63.1 56.1 56.1
5337 0.0 0 0 0 4937 0.3 0 0 0 120 63.2 56.4 56.4
5337 0.0 0 0 0 4937 0.3 0 0 0 150 63.1 56.6 56.6
5337 0.0 0 0 0 4937 0.3 0 0 0 180 62.8 56.3 56.3
5337 0.0 0 0 0 4937 0.3 10 0 0 0 62.7 55.1 55.1
5337 0.0 0 0 0 4937 0.3 10 0 0 30 62.9 55.3 55.3
5337 0.0 0 0 0 4937 0.3 10 0 0 60 63.0 55.5 55.5
5337 0.0 0 0 0 4937 0.3 10 0 0 90 63.1 55.8 55.8
5337 0.0 0 0 0 4937 0.3 10 0 0 120 63.1 56.1 56.1
5337 0.0 0 0 0 4937 0.3 10 0 0 150 63.1 56.4 56.4
5337 0.0 0 0 0 4937 0.3 10 0 0 180 62.8 56.2 56.2
5337 0.0 0 0 0 4937 0.3 20 0 0 0 62.6 54.2 54.2
5337 0.0 0 0 0 4937 0.3 20 0 0 30 62.7 54.3 54.3
5337 0.0 0 0 0 4937 0.3 20 0 0 60 62.9 54.5 54.5
5337 0.0 0 0 0 4937 0.3 20 0 0 90 62.9 54.8 54.8
5337 0.0 0 0 0 4937 0.3 20 0 0 120 63.0 55.1 55.1
5337 0.0 0 0 0 4937 0.3 20 0 0 150 62.9 55.3 55.3
5337 0.0 0 0 0 4937 0.3 20 0 0 180 62.6 55.3 55.3
5337 0.0 0 0 0 4937 0.3 30 0 0 0 62.3 52.4 52.4
5337 0.0 0 0 0 4937 0.3 30 0 0 30 62.4 52.4 52.4
5337 0.0 0 0 0 4937 0.3 30 0 0 60 62.6 52.6 52.6
5337 0.0 0 0 0 4937 0.3 30 0 0 90 62.6 53.0 53.0
5337 0.0 0 0 0 4937 0.3 30 0 0 120 62.7 53.3 53.3
5337 0.0 0 0 0 4937 0.3 30 0 0 150 62.6 53.9 53.9
5337 0.0 0 0 0 4937 0.3 30 0 0 180 62.3 54.2 54.2
5337 0.0 0 0 0 4937 0.3 40 0 0 0 61.8 52.3 52.3
5337 0.0 0 0 0 4937 0.3 40 0 0 30 62.0 52.4 52.4
5337 0.0 0 0 0 4937 0.3 40 0 0 60 62.1 52.7 52.7
5337 0.0 0 0 0 4937 0.3 40 0 0 90 62.2 52.9 52.9
5337 0.0 0 0 0 4937 0.3 40 0 0 120 62.2 53.3 53.3
5337 0.0 0 0 0 4937 0.3 40 0 0 150 62.1 53.9 53.9
5337 0.0 0 0 0 4937 0.3 40 0 0 180 61.8 54.2 54.2
5337 0.0 0 0 0 4937 0.3 50 0 0 0 61.1 52.9 52.9
5337 0.0 0 0 0 4937 0.3 50 0 0 30 61.3 53.0 53.0
5337 0.0 0 0 0 4937 0.3 50 0 0 60 61.4 53.2 53.2
5337 0.0 0 0 0 4937 0.3 50 0 0 90 61.5 53.5 53.5
5337 0.0 0 0 0 4937 0.3 50 0 0 120 61.4 53.9 53.9
5337 0.0 0 0 0 4937 0.3 50 0 0 150 61.3 54.3 54.3
5337 0.0 0 0 0 4937 0.3 50 0 0 180 61.1 54.4 54.4
5337 0.0 0 0 0 4937 0.3 60 0 0 0 59.8 54.1 54.1
5337 0.0 0 0 0 4937 0.3 60 0 0 30 60.0 54.3 54.3
5337 0.0 0 0 0 4937 0.3 60 0 0 60 60.0 54.5 54.5
5337 0.0 0 0 0 4937 0.3 60 0 0 90 60.2 54.7 54.7
5337 0.0 0 0 0 4937 0.3 60 0 0 120 60.1 55.0 55.0
5337 0.0 0 0 0 4937 0.3 60 0 0 150 60.1 55.1 55.1
5337 0.0 0 0 0 4937 0.3 60 0 0 180 59.9 55.0 55.0
5337 0.0 0 0 0 4937 0.4 0 0 0 0 62.8 55.1 55.1
5337 0.0 0 0 0 4937 0.4 0 0 0 30 62.9 55.3 55.3
5337 0.0 0 0 0 4937 0.4 0 0 0 60 63.0 55.4 55.4
5337 0.0 0 0 0 4937 0.4 0 0 0 90 63.1 55.7 55.7
5337 0.0 0 0 0 4937 0.4 0 0 0 120 63.2 56.0 56.0
5337 0.0 0 0 0 4937 0.4 0 0 0 150 63.1 56.3 56.3
5337 0.0 0 0 0 4937 0.4 0 0 0 180 62.8 56.1 56.1
5337 0.0 0 0 0 4937 0.4 10 0 0 0 62.8 54.9 54.9
5337 0.0 0 0 0 4937 0.4 10 0 0 30 62.9 55.0 55.0
5337 0.0 0 0 0 4937 0.4 10 0 0 60 63.0 55.1 55.1
5337 0.0 0 0 0 4937 0.4 10 0 0 90 63.1 55.4 55.4
5337 0.0 0 0 0 4937 0.4 10 0 0 120 63.1 55.7 55.7
5337 0.0 0 0 0 4937 0.4 10 0 0 150 63.0 56.1 56.1
5337 0.0 0 0 0 4937 0.4 10 0 0 180 62.8 56.0 56.0
5337 0.0 0 0 0 4937 0.4 20 0 0 0 62.6 53.6 53.6
5337 0.0 0 0 0 4937 0.4 20 0 0 30 62.7 53.8 53.8
5337 0.0 0 0 0 4937 0.4 20 0 0 60 62.8 53.8 53.8
5337 0.0 0 0 0 4937 0.4 20 0 0 90 62.9 54.1 54.1
5337 0.0 0 0 0 4937 0.4 20 0 0 120 63.0 54.4 54.4
5337 0.0 0 0 0 4937 0.4 20 0 0 150 62.9 54.7 54.7
5337 0.0 0 0 0 4937 0.4 20 0 0 180 62.6 54.6 54.6
5337 0.0 0 0 0 4937 0.4 30 0 0 0 62.3 52.5 52.5
5337 0.0 0 0 0 4937 0.4 30 0 0 30 62.5 52.6 52.6
5337 0.0 0 0 0 4937 0.4 30 0 0 60 62.5 52.7 52.7
5337 0.0 0 0 0 4937 0.4 30 0 0 90 62.6 52.9 52.9
5337 0.0 0 0 0 4937 0.4 30 0 0 120 62.7 53.2 53.2
5337 0.0 0 0 0 4937 0.4 30 0 0 150 62.5 53.8 53.8
5337 0.0 0 0 0 4937 0.4 30 0 0 180 62.3 54.2 54.2
5337 0.0 0 0 0 4937 0.4 40 0 0 0 61.9 52.5 52.5
5337 0.0 0 0 0 4937 0.4 40 0 0 30 62.0 52.6 52.6
5337 0.0 0 0 0 4937 0.4 40 0 0 60 62.1 52.8 52.8
5337 0.0 0 0 0 4937 0.4 40 0 0 90 62.1 52.9 52.9
5337 0.0 0 0 0 4937 0.4 40 0 0 120 62.2 53.3 53.3
5337 0.0 0 0 0 4937 0.4 40 0 0 150 62.0 53.8 53.8
5337 0.0 0 0 0 4937 0.4 40 0 0 180 61.8 54.1 54.1
5337 0.0 0 0 0 4937 0.4 50 0 0 0 61.2 53.1 53.1
5337 0.0 0 0 0 4937 0.4 50 0 0 30 61.3 53.1 53.1
5337 0.0 0 0 0 4937 0.4 50 0 0 60 61.4 53.3 53.3
5337 0.0 0 0 0 4937 0.4 50 0 0 90 61.4 53.4 53.4
5337 0.0 0 0 0 4937 0.4 50 0 0 120 61.4 53.7 53.7
5337 0.0 0 0 0 4937 0.4 50 0 0 150 61.3 54.1 54.1
5337 0.0 0 0 0 4937 0.4 50 0 0 180 61.0 54.3 54.3
5337 0.0 0 0 0 4937 0.4 60 0 0 0 59.6 53.9 53.9
5337 0.0 0 0 0 4937 0.4 60 0 0 30 59.7 54.1 54.1
5337 0.0 0 0 0 4937 0.4 60 0 0 60 59.7 54.2 54.2
5337 0.0 0 0 0 4937 0.4 60 0 0 90 59.9 54.4 54.4
5337 0.0 0 0 0 4937 0.4 60 0 0 120 60.0 54.8 54.8
5337 0.0 0 0 0 4937 0.4 60 0 0 150 60.0 55.1 55.1
5337 0.0 0 0 0 4937 0.4 60 0 0 180 59.9 54.9 54.9
5337 0.0 0 0 0 4937 0.5 0 0 0 0 63.0 54.7 54.7
5337 0.0 0 0 0 4937 0.5 0 0 0 30 63.0 54.8 54.8
5337 0.0 0 0 0 4937 0.5 0 0 0 60 63.0 54.9 54.9
5337 0.0 0 0 0 4937 0.5 0 0 0 90 63.1 55.1 55.1
5337 0.0 0 0 0 4937 0.5 0 0 0 120 63.2 55.5 55.5
5337 0.0 0 0 0 4937 0.5 0 0 0 150 63.1 55.9 55.9
5337 0.0 0 0 0 4937 0.5 0 0 0 180 62.8 55.6 55.6
5337 0.0 0 0 0 4937 0.5 10 0 0 0 62.9 54.3 54.3
5337 0.0 0 0 0 4937 0.5 10 0 0 30 62.9 54.4 54.4
5337 0.0 0 0 0 4937 0.5 10 0 0 60 63.0 54.5 54.5
5337 0.0 0 0 0 4937 0.5 10 0 0 90 63.0 54.7 54.7
5337 0.0 0 0 0 4937 0.5 10 0 0 120 63.1 55.1 55.1
5337 0.0 0 0 0 4937 0.5 10 0 0 150 63.0 55.4 55.4
5337 0.0 0 0 0 4937 0.5 10 0 0 180 62.7 55.3 55.3
5337 0.0 0 0 0 4937 0.5 20 0 0 0 62.7 53.5 53.5
5337 0.0 0 0 0 4937 0.5 20 0 0 30 62.7 53.6 53.6
5337 0.0 0 0 0 4937 0.5 20 0 0 60 62.8 53.7 53.7
5337 0.0 0 0 0 4937 0.5 20 0 0 90 62.9 53.8 53.8
5337 0.0 0 0 0 4937 0.5 20 0 0 120 62.9 54.0 54.0
5337 0.0 0 0 0 4937 0.5 20 0 0 150 62.9 54.4 54.4
5337 0.0 0 0 0 4937 0.5 20 0 0 180 62.5 54.4 54.4
5337 0.0 0 0 0 4937 0.5 30 0 0 0 62.4 52.8 52.8
5337 0.0 0 0 0 4937 0.5 30 0 0 30 62.5 52.9 52.9
5337 0.0 0 0 0 4937 0.5 30 0 0 60 62.5 53.0 53.0
5337 0.0 0 0 0 4937 0.5 30 0 0 90 62.6 53.2 53.2
5337 0.0 0 0 0 4937 0.5 30 0 0 120 62.6 53.4 53.4
5337 0.0 0 0 0 4937 0.5 30 0 0 150 62.5 53.9 53.9
5337 0.0 0 0 0 4937 0.5 30 0 0 180 62.2 54.4 54.4
5337 0.0 0 0 0 4937 0.5 40 0 0 0 61.9 53.0 53.0
5337 0.0 0 0 0 4937 0.5 40 0 0 30 62.0 53.1 53.1
5337 0.0 0 0 0 4937 0.5 40 0 0 60 62.1 53.1 53.1
5337 0.0 0 0 0 4937 0.5 40 0 0 90 62.1 53.1 53.1
5337 0.0 0 0 0 4937 0.5 40 0 0 120 62.1 53.4 53.4
5337 0.0 0 0 0 4937 0.5 40 0 0 150 62.0 53.9 53.9
5337 0.0 0 0 0 4937 0.5 40 0 0 180 61.7 54.3 54.3
5337 0.0 0 0 0 4937 0.5 50 0 0 0 61.2 53.3 53.3
5337 0.0 0 0 0 4937 0.5 50 0 0 30 61.2 53.5 53.5
5337 0.0 0 0 0 4937 0.5 50 0 0 60 61.3 53.6 53.6
5337 0.0 0 0 0 4937 0.5 50 0 0 90 61.3 53.6 53.6
5337 0.0 0 0 0 4937 0.5 50 0 0 120 61.3 53.9 53.9
5337 0.0 0 0 0 4937 0.5 50 0 0 150 61.2 54.3 54.3
5337 0.0 0 0 0 4937 0.5 50 0 0 180 61.0 54.2 54.2
5337 0.0 0 0 0 4937 0.5 60 0 0 0 59.6 53.8 53.8
5337 0.0 0 0 0 4937 0.5 60 0 0 30 59.6 54.0 54.0
5337 0.0 0 0 0 4937 0.5 60 0 0 60 59.7 54.1 54.1
5337 0.0 0 0 0 4937 0.5 60 0 0 90 59.7 54.2 54.2
5337 0.0 0 0 0 4937 0.5 60 0 0 120 59.7 54.5 54.5
5337 0.0 0 0 0 4937 0.5 60 0 0 150 59.7 54.9 54.9
5337 0.0 0 0 0 4937 0.5 60 0 0 180 59.7 54.8 54.8
5337 0.0 0 0 0 5137 0.0 0 0 0 0 63.3 57.0 57.0
5337 0.0 0 0 0 5137 0.0 0 0 0 30 63.2 56.9 56.9
5337 0.0 0 0 0 5137 0.0 0 0 0 60 63.1 56.8 56.8
5337 0.0 0 0 0 5137 0.0 0 0 0 90 63.0 56.7 56.7
5337 0.0 0 0 0 5137 0.0 0 0 0 120 62.9 56.6 56.6
5337 0.0 0 0 0 5137 0.0 0 0 0 150 62.8 56.6 56.6
5337 0.0 0 0 0 5137 0.0 0 0 0 180 62.8 56.7 56.7
5337 0.0 0 0 0 5137 0.0 10 0 0 0 63.2 56.8 56.8
5337 0.0 0 0 0 5137 0.0 10 0 0 30 63.2 56.8 56.8
5337 0.0 0 0 0 5137 0.0 10 0 0 60 63.1 56.7 56.7
5337 0.0 0 0 0 5137 0.0 10 0 0 90 63.0 56.6 56.6
5337 0.0 0 0 0 5137 0.0 10 0 0 120 62.9 56.5 56.5
5337 0.0 0 0 0 5137 0.0 10 0 0 150 62.8 56.4 56.4
5337 0.0 0 0 0 5137 0.0 10 0 0 180 62.8 56.5 56.5
5337 0.0 0 0 0 5137 0.0 20 0 0 0 63.1 55.9 55.9
5337 0.0 0 0 0 5137 0.0 20 0 0 30 63.0 55.9 55.9
5337 0.0 0 0 0 5137 0.0 20 0 0 60 62.9 55.9 55.9
5337 0.0 0 0 0 5137 0.0 20 0 0 90 62.8 55.8 55.8
5337 0.0 0 0 0 5137 0.0 20 0 0 120 62.7 55.8 55.8
5337 0.0 0 0 0 5137 0.0 20 0 0 150 62.6 55.7 55.7
5337 0.0 0 0 0 5137 0.0 20 0 0 180 62.6 55.8 55.8
5337 0.0 0 0 0 5137 0.0 30 0 0 0 62.8 53.2 53.2
5337 0.0 0 0 0 5137 0.0 30 0 0 30 62.8 53.2 53.2
5337 0.0 0 0 0 5137 0.0 30 0 0 60 62.7 53.4 53.4
5337 0.0 0 0 0 5137 0.0 30 0 0 90 62.6 53.8 53.8
5337 0.0 0 0 0 5137 0.0 30 0 0 120 62.5 54.2 54.2
5337 0.0 0 0 0 5137 0.0 30 0 0 150 62.4 54.5 54.5
5337 0.0 0 0 0 5137 0.0 30 0 0 180 62.3 54.7 54.7
5337 0.0 0 0 0 5137 0.0 40 0 0 0 62.3 53.0 53.0
5337 0.0 0 0 0 5137 0.0 40 0 0 30 62.3 53.1 53.1
5337 0.0 0 0 0 5137 0.0 40 0 0 60 62.2 53.2 53.2
5337 0.0 0 0 0 5137 0.0 40 0 0 90 62.1 53.6 53.6
5337 0.0 0 0 0 5137 0.0 40 0 0 120 62.0 54.0 54.0
5337 0.0 0 0 0 5137 0.0 40 0 0 150 62.0 54.3 54.3
5337 0.0 0 0 0 5137 0.0 40 0 0 180 61.9 54.6 54.6
5337 0.0 0 0 0 5137 0.0 50 0 0 0 61.6 54.0 54.0
5337 0.0 0 0 0 5137 0.0 50 0 0 30 61.6 54.0 54.0
5337 0.0 0 0 0 5137 0.0 50 0 0 60 61.5 54.0 54.0
5337 0.0 0 0 0 5137 0.0 50 0 0 90 61.5 54.1 54.1
5337 0.0 0 0 0 5137 0.0 50 0 0 120 61.4 54.4 54.4
5337 0.0 0 0 0 5137 0.0 50 0 0 150 61.3 54.6 54.6
5337 0.0 0 0 0 5137 0.0 50 0 0 180 61.3 54.8 54.8
5337 0.0 0 0 0 5137 0.0 60 0 0 0 60.4 55.7 55.7
5337 0.0 0 0 0 5137 0.0 60 0 0 30 60.5 55.8 55.8
5337 0.0 0 0 0 5137 0.0 60 0 0 60 60.5 55.8 55.8
5337 0.0 0 0 0 5137 0.0 60 0 0 90 60.3 55.5 55.5
5337 0.0 0 0 0 5137 0.0 60 0 0 120 60.3 55.3 55.3
5337 0.0 0 0 0 5137 0.0 60 0 0 150 60.3 55.1 55.1
5337 0.0 0 0 0 5137 0.0 60 0 0 180 60.2 55.0 55.0
5337 0.0 0 0 0 5137 0.1 0 0 0 0 63.3 56.9 56.9
5337 0.0 0 0 0 5137 0.1 0 0 0 30 63.3 56.8 56.8
5337 0.0 0 0 0 5137 0.1 0 0 0 60 63.2 56.8 56.8
5337 0.0 0 0 0 5137 0.1 0 0 0 90 63.1 56.6 56.6
5337 0.0 0 0 0 5137 0.1 0 0 0 120 63.0 56.6 56.6
5337 0.0 0 0 0 5137 0.1 0 0 0 150 62.9 56.4 56.4
5337 0.0 0 0 0 5137 0.1 0 0 0 180 62.9 56.6 56.6
5337 0.0 0 0 0 5137 0.1 10 0 0 0 63.2 56.7 56.7
5337 0.0 0 0 0 5137 0.1 10 0 0 30 63.2 56.6 56.6
5337 0.0 0 0 0 5137 0.1 10 0 0 60 63.1 56.6 56.6
5337 0.0 0 0 0 5137 0.1 10 0 0 90 63.0 56.5 56.5
5337 0.0 0 0 0 5137 0.1 10 0 0 120 62.9 56.4 56.4
5337 0.0 0 0 0 5137 0.1 10 0 0 150 62.8 56.3 56.3
5337 0.0 0 0 0 5137 0.1 10 0 0 180 62.8 56.4 56.4
5337 0.0 0 0 0 5137 0.1 20 0 0 0 63.1 55.8 55.8
5337 0.0 0 0 0 5137 0.1 20 0 0 30 63.1 55.8 55.8
5337 0.0 0 0 0 5137 0.1 20 0 0 60 63.0 55.7 55.7
5337 0.0 0 0 0 5137 0.1 20 0 0 90 62.9 55.6 55.6
5337 0.0 0 0 0 5137 0.1 20 0 0 120 62.8 55.5 55.5
5337 0.0 0 0 0 5137 0.1 20 0 0 150 62.7 55.6 55.6
5337 0.0 0 0 0 5137 0.1 20 0 0 180 62.7 55.7 55.7
5337 0.0 0 0 0 5137 0.1 30 0 0 0 62.8 53.0 53.0
5337 0.0 0 0 0 5137 0.1 30 0 0 30 62.8 53.0 53.0
5337 0.0 0 0 0 5137 0.1 30 0 0 60 62.7 53.0 53.0
5337 0.0 0 0 0 5137 0.1 30 0 0 90 62.6 53.2 53.2
5337 0.0 0 0 0 5137 0.1 30 0 0 120 62.5 53.7 53.7
5337 0.0 0 0 0 5137 0.1 30 0 0 150 62.4 54.1 54.1
5337 0.0 0 0 0 5137 0.1 30 0 0 180 62.4 54.7 54.7
5337 0.0 0 0 0 5137 0.1 40 0 0 0 62.3 53.0 53.0
5337 0.0 0 0 0 5137 0.1 40 0 0 30 62.3 53.0 53.0
5337 0.0 0 0 0 5137 0.1 40 0 0 60 62.2 53.0 53.0
5337 0.0 0 0 0 5137 0.1 40 0 0 90 62.1 53.1 53.1
5337 0.0 0 0 0 5137 0.1 40 0 0 120 62.1 53.4 53.4
5337 0.0 0 0 0 5137 0.1 40 0 0 150 62.0 53.8 53.8
5337 0.0 0 0 0 5137 0.1 40 0 0 180 62.0 54.3 54.3
5337 0.0 0 0 0 5137 0.1 50 0 0 0 61.5 53.9 53.9
5337 0.0 0 0 0 5137 0.1 50 0 0 30 61.5 53.9 53.9
5337 0.0 0 0 0 5137 0.1 50 0 0 60 61.5 53.8 53.8
5337 0.0 0 0 0 5137 0.1 50 0 0 90 61.5 53.7 53.7
5337 0.0 0 0 0 5137 0.1 50 0 0 120 61.4 53.9 53.9
5337 0.0 0 0 0 5137 0.1 50 0 0 150 61.4 54.2 54.2
5337 0.0 0 0 0 5137 0.1 50 0 0 180 61.4 54.6 54.6
5337 0.0 0 0 0 5137 0.1 60 0 0 0 60.3 55.6 55.6
5337 0.0 0 0 0 5137 0.1 60 0 0 30 60.3 55.6 55.6
5337 0.0 0 0 0 5137 0.1 60 0 0 60 60.3 55.5 55.5
5337 0.0 0 0 0 5137 0.1 60 0 0 90 60.3 55.4 55.4
5337 0.0 0 0 0 5137 0.1 60 0 0 120 60.3 55.3 55.3
5337 0.0 0 0 0 5137 0.1 60 0 0 150 60.2 55.0 55.0
5337 0.0 0 0 0 5137 0.1 60 0 0 180 60.3 54.9 54.9
5337 0.0 0 0 0 5137 0.2 0 0 0 0 63.3 56.7 56.7
5337 0.0 0 0 0 5137 0.2 0 0 0 30 63.3 56.7 56.7
5337 0.0 0 0 0 5137 0.2 0 0 0 60 63.2 56.7 56.7
5337 0.0 0 0 0 5137 0.2 0 0 0 90 63.1 56.5 56.5
5337 0.0 0 0 0 5137 0.2 0 0 0 120 63.0 56.4 56.4
5337 0.0 0 0 0 5137 0.2 0 0 0 150 62.9 56.3 56.3
5337 0.0 0 0 0 5137 0.2 0 0 0 180 62.9 56.4 56.4
5337 0.0 0 0 0 5137 0.2 10 0 0 0 63.2 56.5 56.5
5337 0.0 0 0 0 5137 0.2 10 0 0 30 63.2 56.5 56.5
5337 0.0 0 0 0 5137 0.2 10 0 0 60 63.1 56.4 56.4
5337 0.0 0 0 0 5137 0.2 10 0 0 90 63.1 56.3 56.3
5337 0.0 0 0 0 5137 0.2 10 0 0 120 63.0 56.2 56.2
5337 0.0 0 0 0 5137 0.2 10 0 0 150 62.9 56.1 56.1
5337 0.0 0 0 0 5137 0.2 10 0 0 180 62.8 56.2 56.2
5337 0.0 0 0 0 5137 0.2 20 0 0 0 63.1 55.6 55.6
5337 0.0 0 0 0 5137 0.2 20 0 0 30 63.0 55.5 55.5
5337 0.0 0 0 0 5137 0.2 20 0 0 60 63.0 55.4 55.4
5337 0.0 0 0 0 5137 0.2 20 0 0 90 62.9 55.3 55.3
5337 0.0 0 0 0 5137 0.2 20 0 0 120 62.8 55.2 55.2
5337 0.0 0 0 0 5137 0.2 20 0 0 150 62.7 55.3 55.3
5337 0.0 0 0 0 5137 0.2 20 0 0 180 62.7 55.6 55.6
5337 0.0 0 0 0 5137 0.2 30 0 0 0 62.7 53.1 53.1
5337 0.0 0 0 0 5137 0.2 30 0 0 30 62.7 53.0 53.0
5337 0.0 0 0 0 5137 0.2 30 0 0 60 62.7 52.9 52.9
5337 0.0 0 0 0 5137 0.2 30 0 0 90 62.6 52.8 52.8
5337 0.0 0 0 0 5137 0.2 30 0 0 120 62.6 53.1 53.1
5337 0.0 0 0 0 5137 0.2 30 0 0 150 62.5 53.7 53.7
5337 0.0 0 0 0 5137 0.2 30 0 0 180 62.4 54.4 54.4
5337 0.0 0 0 0 5137 0.2 40 0 0 0 62.2 53.1 53.1
5337 0.0 0 0 0 5137 0.2 40 0 0 30 62.2 53.0 53.0
5337 0.0 0 0 0 5137 0.2 40 0 0 60 62.2 52.9 52.9
5337 0.0 0 0 0 5137 0.2 40 0 0 90 62.2 52.8 52.8
5337 0.0 0 0 0 5137 0.2 40 0 0 120 62.2 52.9 52.9
5337 0.0 0 0 0 5137 0.2 40 0 0 150 62.1 53.5 53.5
5337 0.0 0 0 0 5137 0.2 40 0 0 180 62.1 54.1 54.1
5337 0.0 0 0 0 5137 0.2 50 0 0 0 61.4 53.8 53.8
5337 0.0 0 0 0 5137 0.2 50 0 0 30 61.4 53.8 53.8
5337 0.0 0 0 0 5137 0.2 50 0 0 60 61.4 53.8 53.8
5337 0.0 0 0 0 5137 0.2 50 0 0 90 61.4 53.7 53.7
5337 0.0 0 0 0 5137 0.2 50 0 0 120 61.5 53.7 53.7
5337 0.0 0 0 0 5137 0.2 50 0 0 150 61.5 53.8 53.8
5337 0.0 0 0 0 5137 0.2 50 0 0 180 61.5 54.3 54.3
5337 0.0 0 0 0 5137 0.2 60 0 0 0 60.1 55.4 55.4
5337 0.0 0 0 0 5137 0.2 60 0 0 30 60.2 55.4 55.4
5337 0.0 0 0 0 5137 0.2 60 0 0 60 60.2 55.3 55.3
5337 0.0 0 0 0 5137 0.2 60 0 0 90 60.3 55.2 55.2
5337 0.0 0 0 0 5137 0.2 60 0 0 120 60.3 55.1 55.1
5337 0.0 0 0 0 5137 0.2 60 0 0 150 60.3 55.0 55.0
5337 0.0 0 0 0 5137 0.2 60 0 0 180 60.4 54.8 54.8
5337 0.0 0 0 0 5137 0.3 0 0 0 0 63.2 56.5 56.5
5337 0.0 0 0 0 5137 0.3 0 0 0 30 63.3 56.5 56.5
5337 0.0 0 0 0 5137 0.3 0 0 0 60 63.2 56.5 56.5
5337 0.0 0 0 0 5137 0.3 0 0 0 90 63.2 56.4 56.4
5337 0.0 0 0 0 5137 0.3 0 0 0 120 63.1 56.3 56.3
5337 0.0 0 0 0 5137 0.3 0 0 0 150 63.0 56.2 56.2
5337 0.0 0 0 0 5137 0.3 0 0 0 180 62.9 56.2 56.2
5337 0.0 0 0 0 5137 0.3 10 0 0 0 63.2 56.3 56.3
5337 0.0 0 0 0 5137 0.3 10 0 0 30 63.2 56.3 56.3
5337 0.0 0 0 0 5137 0.3 10 0 0 60 63.2 56.2 56.2
5337 0.0 0 0 0 5137 0.3 10 0 0 90 63.1 56.1 56.1
5337 0.0 0 0 0 5137 0.3 10 0 0 120 63.0 56.0 56.0
5337 0.0 0 0 0 5137 0.3 10 0 0 150 63.0 55.9 55.9
5337 0.0 0 0 0 5137 0.3 10 0 0 180 62.9 56.0 56.0
5337 0.0 0 0 0 5137 0.3 20 0 0 0 63.0 55.3 55.3
5337 0.0 0 0 0 5137 0.3 20 0 0 30 63.0 55.2 55.2
5337 0.0 0 0 0 5137 0.3 20 0 0 60 63.0 55.1 55.1
5337 0.0 0 0 0 5137 0.3 20 0 0 90 62.9 54.9 54.9
5337 0.0 0 0 0 5137 0.3 20 0 0 120 62.9 54.8 54.8
5337 0.0 0 0 0 5137 0.3 20 0 0 150 62.8 54.8 54.8
5337 0.0 0 0 0 5137 0.3 20 0 0 180 62.8 55.3 55.3
5337 0.0 0 0 0 5137 0.3 30 0 0 0 62.6 53.2 53.2
5337 0.0 0 0 0 5137 0.3 30 0 0 30 62.7 53.0 53.0
5337 0.0 0 0 0 5137 0.3 30 0 0 60 62.6 52.9 52.9
5337 0.0 0 0 0 5137 0.3 30 0 0 90 62.6 52.8 52.8
5337 0.0 0 0 0 5137 0.3 30 0 0 120 62.6 52.8 52.8
5337 0.0 0 0 0 5137 0.3 30 0 0 150 62.6 53.4 53.4
5337 0.0 0 0 0 5137 0.3 30 0 0 180 62.5 54.3 54.3
5337 0.0 0 0 0 5137 0.3 40 0 0 0 62.1 53.3 53.3
5337 0.0 0 0 0 5137 0.3 40 0 0 30 62.1 53.2 53.2
5337 0.0 0 0 0 5137 0.3 40 0 0 60 62.1 53.1 53.1
5337 0.0 0 0 0 5137 0.3 40 0 0 90 62.1 53.0 53.0
5337 0.0 0 0 0 5137 0.3 40 0 0 120 62.2 52.9 52.9
5337 0.0 0 0 0 5137 0.3 40 0 0 150 62.2 53.1 53.1
5337 0.0 0 0 0 5137 0.3 40 0 0 180 62.2 53.9 53.9
5337 0.0 0 0 0 5137 0.3 50 0 0 0 61.2 54.0 54.0
5337 0.0 0 0 0 5137 0.3 50 0 0 30 61.3 53.8 53.8
5337 0.0 0 0 0 5137 0.3 50 0 0 60 61.3 53.7 53.7
5337 0.0 0 0 0 5137 0.3 50 0 0 90 61.4 53.6 53.6
5337 0.0 0 0 0 5137 0.3 50 0 0 120 61.5 53.5 53.5
5337 0.0 0 0 0 5137 0.3 50 0 0 150 61.5 53.5 53.5
5337 0.0 0 0 0 5137 0.3 50 0 0 180 61.6 54.0 54.0
5337 0.0 0 0 0 5137 0.3 60 0 0 0 60.0 55.3 55.3
5337 0.0 0 0 0 5137 0.3 60 0 0 30 59.9 55.2 55.2
5337 0.0 0 0 0 5137 0.3 60 0 0 60 60.0 55.2 55.2
5337 0.0 0 0 0 5137 0.3 60 0 0 90 60.2 55.0 55.0
5337 0.0 0 0 0 5137 0.3 60 0 0 120 60.2 54.9 54.9
5337 0.0 0 0 0 5137 0.3 60 0 0 150 60.3 54.8 54.8
5337 0.0 0 0 0 5137 0.3 60 0 0 180 60.4 54.7 54.7
5337 0.0 0 0 0 5137 0.4 0 0 0 0 63.1 56.3 56.3
5337 0.0 0 0 0 5137 0.4 0 0 0 30 63.1 56.3 56.3
5337 0.0 0 0 0 5137 0.4 0 0 0 60 63.2 56.2 56.2
5337 0.0 0 0 0 5137 0.4 0 0 0 90 63.1 56.2 56.2
5337 0.0 0 0 0 5137 0.4 0 0 0 120 63.2 56.1 56.1
5337 0.0 0 0 0 5137 0.4 0 0 0 150 63.1 56.0 56.0
5337 0.0 0 0 0 5137 0.4 0 0 0 180 63.0 55.9 55.9
5337 0.0 0 0 0 5137 0.4 10 0 0 0 63.1 56.1 56.1
5337 0.0 0 0 0 5137 0.4 10 0 0 30 63.1 56.0 56.0
5337 0.0 0 0 0 5137 0.4 10 0 0 60 63.1 56.0 56.0
5337 0.0 0 0 0 5137 0.4 10 0 0 90 63.1 55.9 55.9
5337 0.0 0 0 0 5137 0.4 10 0 0 120 63.1 55.7 55.7
5337 0.0 0 0 0 5137 0.4 10 0 0 150 63.1 55.5 55.5
5337 0.0 0 0 0 5137 0.4 10 0 0 180 63.0 55.7 55.7
5337 0.0 0 0 0 5137 0.4 20 0 0 0 62.8 54.7 54.7
5337 0.0 0 0 0 5137 0.4 20 0 0 30 62.9 54.6 54.6
5337 0.0 0 0 0 5137 0.4 20 0 0 60 62.9 54.4 54.4
5337 0.0 0 0 0 5137 0.4 20 0 0 90 62.9 54.2 54.2
5337 0.0 0 0 0 5137 0.4 20 0 0 120 62.9 54.0 54.0
5337 0.0 0 0 0 5137 0.4 20 0 0 150 62.9 53.9 53.9
5337 0.0 0 0 0 5137 0.4 20 0 0 180 62.9 54.9 54.9
5337 0.0 0 0 0 5137 0.4 30 0 0 0 62.4 53.5 53.5
5337 0.0 0 0 0 5137 0.4 30 0 0 30 62.5 53.4 53.4
5337 0.0 0 0 0 5137 0.4 30 0 0 60 62.5 53.3 53.3
5337 0.0 0 0 0 5137 0.4 30 0 0 90 62.5 53.0 53.0
5337 0.0 0 0 0 5137 0.4 30 0 0 120 62.6 52.8 52.8
5337 0.0 0 0 0 5137 0.4 30 0 0 150 62.7 53.1 53.1
5337 0.0 0 0 0 5137 0.4 30 0 0 180 62.7 54.2 54.2
5337 0.0 0 0 0 5137 0.4 40 0 0 0 61.8 53.6 53.6
5337 0.0 0 0 0 5137 0.4 40 0 0 30 61.9 53.5 53.5
5337 0.0 0 0 0 5137 0.4 40 0 0 60 62.0 53.4 53.4
5337 0.0 0 0 0 5137 0.4 40 0 0 90 62.0 53.2 53.2
5337 0.0 0 0 0 5137 0.4 40 0 0 120 62.2 53.0 53.0
5337 0.0 0 0 0 5137 0.4 40 0 0 150 62.2 53.0 53.0
5337 0.0 0 0 0 5137 0.4 40 0 0 180 62.4 53.8 53.8
5337 0.0 0 0 0 5137 0.4 50 0 0 0 60.9 54.3 54.3
5337 0.0 0 0 0 5137 0.4 50 0 0 30 61.0 54.2 54.2
5337 0.0 0 0 0 5137 0.4 50 0 0 60 61.1 54.1 54.1
5337 0.0 0 0 0 5137 0.4 50 0 0 90 61.3 53.9 53.9
5337 0.0 0 0 0 5137 0.4 50 0 0 120 61.5 53.7 53.7
5337 0.0 0 0 0 5137 0.4 50 0 0 150 61.6 53.4 53.4
5337 0.0 0 0 0 5137 0.4 50 0 0 180 61.8 53.7 53.7
5337 0.0 0 0 0 5137 0.4 60 0 0 0 59.7 55.2 55.2
5337 0.0 0 0 0 5137 0.4 60 0 0 30 59.7 55.1 55.1
5337 0.0 0 0 0 5137 0.4 60 0 0 60 59.7 55.1 55.1
5337 0.0 0 0 0 5137 0.4 60 0 0 90 59.9 55.0 55.0
5337 0.0 0 0 0 5137 0.4 60 0 0 120 60.1 54.8 54.8
5337 0.0 0 0 0 5137 0.4 60 0 0 150 60.1 54.5 54.5
5337 0.0 0 0 0 5137 0.4 60 0 0 180 60.4 54.4 54.4
5337 0.0 0 0 0 5137 0.5 0 0 0 0 62.9 55.8 55.8
5337 0.0 0 0 0 5137 0.5 0 0 0 30 63.0 55.9 55.9
5337 0.0 0 0 0 5137 0.5 0 0 0 60 63.0 55.8 55.8
5337 0.0 0 0 0 5137 0.5 0 0 0 90 63.1 55.8 55.8
5337 0.0 0 0 0 5137 0.5 0 0 0 120 63.2 55.8 55.8
5337 0.0 0 0 0 5137 0.5 0 0 0 150 63.3 55.6 55.6
5337 0.0 0 0 0 5137 0.5 0 0 0 180 63.2 55.6 55.6
5337 0.0 0 0 0 5137 0.5 10 0 0 0 62.8 55.6 55.6
5337 0.0 0 0 0 5137 0.5 10 0 0 30 62.9 55.6 55.6
5337 0.0 0 0 0 5137 0.5 10 0 0 60 63.0 55.5 55.5
5337 0.0 0 0 0 5137 0.5 10 0 0 90 63.0 55.4 55.4
5337 0.0 0 0 0 5137 0.5 10 0 0 120 63.1 55.2 55.2
5337 0.0 0 0 0 5137 0.5 10 0 0 150 63.2 54.9 54.9
5337 0.0 0 0 0 5137 0.5 10 0 0 180 63.1 55.3 55.3
5337 0.0 0 0 0 5137 0.5 20 0 0 0 62.6 54.4 54.4
5337 0.0 0 0 0 5137 0.5 20 0 0 30 62.7 54.3 54.3
5337 0.0 0 0 0 5137 0.5 20 0 0 60 62.7 54.2 54.2
5337 0.0 0 0 0 5137 0.5 20 0 0 90 62.8 54.1 54.1
5337 0.0 0 0 0 5137 0.5 20 0 0 120 62.9 53.8 53.8
5337 0.0 0 0 0 5137 0.5 20 0 0 150 63.1 53.4 53.4
5337 0.0 0 0 0 5137 0.5 20 0 0 180 63.1 54.7 54.7
5337 0.0 0 0 0 5137 0.5 30 0 0 0 62.2 53.9 53.9
5337 0.0 0 0 0 5137 0.5 30 0 0 30 62.2 53.8 53.8
5337 0.0 0 0 0 5137 0.5 30 0 0 60 62.4 53.7 53.7
5337 0.0 0 0 0 5137 0.5 30 0 0 90 62.4 53.5 53.5
5337 0.0 0 0 0 5137 0.5 30 0 0 120 62.6 53.3 53.3
5337 0.0 0 0 0 5137 0.5 30 0 0 150 62.8 53.2 53.2
5337 0.0 0 0 0 5137 0.5 30 0 0 180 62.9 54.4 54.4
5337 0.0 0 0 0 5137 0.5 40 0 0 0 61.5 54.2 54.2
5337 0.0 0 0 0 5137 0.5 40 0 0 30 61.6 54.1 54.1
5337 0.0 0 0 0 5137 0.5 40 0 0 60 61.7 54.0 54.0
5337 0.0 0 0 0 5137 0.5 40 0 0 90 61.9 53.9 53.9
5337 0.0 0 0 0 5137 0.5 40 0 0 120 62.1 53.6 53.6
5337 0.0 0 0 0 5137 0.5 40 0 0 150 62.3 53.3 53.3
5337 0.0 0 0 0 5137 0.5 40 0 0 180 62.5 53.9 53.9
5337 0.0 0 0 0 5137 0.5 50 0 0 0 60.6 54.7 54.7
5337 0.0 0 0 0 5137 0.5 50 0 0 30 60.7 54.6 54.6
5337 0.0 0 0 0 5137 0.5 50 0 0 60 60.8 54.5 54.5
5337 0.0 0 0 0 5137 0.5 50 0 0 90 61.0 54.3 54.3
5337 0.0 0 0 0 5137 0.5 50 0 0 120 61.4 54.1 54.1
5337 0.0 0 0 0 5137 0.5 50 0 0 150 61.6 53.7 53.7
5337 0.0 0 0 0 5137 0.5 50 0 0 180 61.9 53.6 53.6
5337 0.0 0 0 0 5137 0.5 60 0 0 0 59.5 55.3 55.3
5337 0.0 0 0 0 5137 0.5 60 0 0 30 59.4 55.2 55.2
5337 0.0 0 0 0 5137 0.5 60 0 0 60 59.5 55.2 55.2
5337 0.0 0 0 0 5137 0.5 60 0 0 90 59.6 55.0 55.0
5337 0.0 0 0 0 5137 0.5 60 0 0 120 59.9 54.9 54.9
5337 0.0 0 0 0 5137 0.5 60 0 0 150 59.9 54.5 54.5
5337 0.0 0 0 0 5137 0.5 60 0 0 180 60.2 54.2 54.2
5337 0.0 0 0 0 5337 0.0 0 0 0 0 41.2 36.3 36.3
5337 0.0 0 0 0 5337 0.0 0 0 0 30 49.6 44.6 44.6
5337 0.0 0 0 0 5337 0.0 0 0 0 60 57.9 53.0 53.0
5337 0.0 0 0 0 5337 0.0 0 0 0 90 66.2 61.3 61.3
5337 0.0 0 0 0 5337 0.0 0 0 0 120 74.5 69.0 69.0
5337 0.0 0 0 0 5337 0.0 0 0 0 150 78.8 69.2 69.2
5337 0.0 0 0 0 5337 0.0 0 0 0 180 78.8 69.3 69.3
5337 0.0 0 0 0 5337 0.0 10 0 0 0 41.1 36.8 36.8
5337 0.0 0 0 0 5337 0.0 10 0 0 30 49.4 44.4 44.4
5337 0.0 0 0 0 5337 0.0 10 0 0 60 57.8 52.8 52.8
5337 0.0 0 0 0 5337 0.0 10 0 0 90 66.1 61.1 61.1
5337 0.0 0 0 0 5337 0.0 10 0 0 120 74.4 68.1 68.1
5337 0.0 0 0 0 5337 0.0 10 0 0 150 78.7 68.9 68.9
5337 0.0 0 0 0 5337 0.0 10 0 0 180 78.7 69.0 69.0
5337 0.0 0 0 0 5337 0.0 20 0 0 0 40.8 38.3 38.3
5337 0.0 0 0 0 5337 0.0 20 0 0 30 49.2 43.8 43.8
5337 0.0 0 0 0 5337 0.0 20 0 0 60 57.5 52.1 52.1
5337 0.0 0 0 0 5337 0.0 20 0 0 90 65.9 60.4 60.4
5337 0.0 0 0 0 5337 0.0 20 0 0 120 74.2 66.1 66.1
5337 0.0 0 0 0 5337 0.0 20 0 0 150 78.4 67.8 67.8
5337 0.0 0 0 0 5337 0.0 20 0 0 180 78.4 67.9 67.9
5337 0.0 0 0 0 5337 0.0 30 0 0 0 40.6 40.0 40.0
5337 0.0 0 0 0 5337 0.0 30 0 0 30 48.9 43.5 43.5
5337 0.0 0 0 0 5337 0.0 30 0 0 60 57.2 50.3 50.3
5337 0.0 0 0 0 5337 0.0 30 0 0 90 65.5 56.8 56.8
5337 0.0 0 0 0 5337 0.0 30 0 0 120 73.8 62.0 62.0
5337 0.0 0 0 0 5337 0.0 30 0 0 150 78.0 64.6 64.6
5337 0.0 0 0 0 5337 0.0 30 0 0 180 78.0 64.8 64.8
5337 0.0 0 0 0 5337 0.0 40 0 0 0 40.6 41.7 41.7
5337 0.0 0 0 0 5337 0.0 40 0 0 30 48.4 44.3 44.3
5337 0.0 0 0 0 5337 0.0 40 0 0 60 56.7 50.0 50.0
5337 0.0 0 0 0 5337 0.0 40 0 0 90 65.0 55.9 55.9
5337 0.0 0 0 0 5337 0.0 40 0 0 120 73.3 60.8 60.8
5337 0.0 0 0 0 5337 0.0 40 0 0 150 77.3 63.8 63.8
5337 0.0 0 0 0 5337 0.0 40 0 0 180 77.3 64.4 64.4
5337 0.0 0 0 0 5337 0.0 50 0 0 0 40.9 43.6 43.6
5337 0.0 0 0 0 5337 0.0 50 0 0 30 47.7 45.8 45.8
5337 0.0 0 0 0 5337 0.0 50 0 0 60 56.0 50.3 50.3
5337 0.0 0 0 0 5337 0.0 50 0 0 90 64.3 55.9 55.9
5337 0.0 0 0 0 5337 0.0 50 0 0 120 72.5 60.7 60.7
5337 0.0 0 0 0 5337 0.0 50 0 0 150 76.2 63.8 63.8
5337 0.0 0 0 0 5337 0.0 50 0 0 180 76.2 65.1 65.1
5337 0.0 0 0 0 5337 0.0 60 0 0 0 41.4 46.1 46.1
5337 0.0 0 0 0 5337 0.0 60 0 0 30 46.8 48.0 48.0
5337 0.0 0 0 0 5337 0.0 60 0 0 60 55.0 51.7 51.7
5337 0.0 0 0 0 5337 0.0 60 0 0 90 63.3 56.5 56.5
5337 0.0 0 0 0 5337 0.0 60 0 0 120 70.8 61.3 61.3
5337 0.0 0 0 0 5337 0.0 60 0 0 150 74.3 64.4 64.4
5337 0.0 0 0 0 5337 0.0 60 0 0 180 74.4 65.4 65.4
5337 0.0 0 0 0 5337 0.1 0 0 0 0 41.8 36.8 36.8
5337 0.0 0 0 0 5337 0.1 0 0 0 30 48.1 43.1 43.1
5337 0.0 0 0 0 5337 0.1 0 0 0 60 55.2 50.2 50.2
5337 0.0 0 0 0 5337 0.1 0 0 0 90 63.0 58.0 58.0
5337 0.0 0 0 0 5337 0.1 0 0 0 120 71.7 66.5 66.5
5337 0.0 0 0 0 5337 0.1 0 0 0 150 78.6 69.0 69.0
5337 0.0 0 0 0 5337 0.1 0 0 0 180 78.8 69.1 69.1
5337 0.0 0 0 0 5337 0.1 10 0 0 0 41.8 37.1 37.1
5337 0.0 0 0 0 5337 0.1 10 0 0 30 48.0 42.9 42.9
5337 0.0 0 0 0 5337 0.1 10 0 0 60 55.1 50.0 50.0
5337 0.0 0 0 0 5337 0.1 10 0 0 90 62.9 57.8 57.8
5337 0.0 0 0 0 5337 0.1 10 0 0 120 71.6 65.4 65.4
5337 0.0 0 0 0 5337 0.1 10 0 0 150 78.6 68.7 68.7
5337 0.0 0 0 0 5337 0.1 10 0 0 180 78.7 68.8 68.8
5337 0.0 0 0 0 5337 0.1 20 0 0 0 41.7 38.2 38.2
5337 0.0 0 0 0 5337 0.1 20 0 0 30 47.7 42.2 42.2
5337 0.0 0 0 0 5337 0.1 20 0 0 60 54.9 49.4 49.4
5337 0.0 0 0 0 5337 0.1 20 0 0 90 62.7 57.1 57.1
5337 0.0 0 0 0 5337 0.1 20 0 0 120 71.3 63.4 63.4
5337 0.0 0 0 0 5337 0.1 20 0 0 150 78.4 67.3 67.3
5337 0.0 0 0 0 5337 0.1 20 0 0 180 78.5 67.7 67.7
5337 0.0 0 0 0 5337 0.1 30 0 0 0 41.7 39.9 39.9
5337 0.0 0 0 0 5337 0.1 30 0 0 30 47.4 42.2 42.2
5337 0.0 0 0 0 5337 0.1 30 0 0 60 54.5 47.5 47.5
5337 0.0 0 0 0 5337 0.1 30 0 0 90 62.3 53.7 53.7
5337 0.0 0 0 0 5337 0.1 30 0 0 120 71.0 59.4 59.4
5337 0.0 0 0 0 5337 0.1 30 0 0 150 77.9 63.5 63.5
5337 0.0 0 0 0 5337 0.1 30 0 0 180 78.0 64.6 64.6
5337 0.0 0 0 0 5337 0.1 40 0 0 0 41.6 41.6 41.6
5337 0.0 0 0 0 5337 0.1 40 0 0 30 46.9 43.4 43.4
5337 0.0 0 0 0 5337 0.1 40 0 0 60 54.0 47.2 47.2
5337 0.0 0 0 0 5337 0.1 40 0 0 90 61.8 52.7 52.7
5337 0.0 0 0 0 5337 0.1 40 0 0 120 70.5 58.1 58.1
5337 0.0 0 0 0 5337 0.1 40 0 0 150 77.1 62.3 62.3
5337 0.0 0 0 0 5337 0.1 40 0 0 180 77.3 64.2 64.2
5337 0.0 0 0 0 5337 0.1 50 0 0 0 41.6 43.5 43.5
5337 0.0 0 0 0 5337 0.1 50 0 0 30 46.3 45.0 45.0
5337 0.0 0 0 0 5337 0.1 50 0 0 60 53.4 48.0 48.0
5337 0.0 0 0 0 5337 0.1 50 0 0 90 61.2 52.7 52.7
5337 0.0 0 0 0 5337 0.1 50 0 0 120 69.8 57.9 57.9
5337 0.0 0 0 0 5337 0.1 50 0 0 150 75.9 62.2 62.2
5337 0.0 0 0 0 5337 0.1 50 0 0 180 76.2 64.8 64.8
5337 0.0 0 0 0 5337 0.1 60 0 0 0 41.9 45.9 45.9
5337 0.0 0 0 0 5337 0.1 60 0 0 30 46.0 47.3 47.3
5337 0.0 0 0 0 5337 0.1 60 0 0 60 52.3 49.9 49.9
5337 0.0 0 0 0 5337 0.1 60 0 0 90 60.1 53.6 53.6
5337 0.0 0 0 0 5337 0.1 60 0 0 120 68.7 58.4 58.4
5337 0.0 0 0 0 5337 0.1 60 0 0 150 74.0 62.7 62.7
5337 0.0 0 0 0 5337 0.1 60 0 0 180 74.5 65.1 65.1
5337 0.0 0 0 0 5337 0.2 0 0 0 0 43.8 38.6 38.6
5337 0.0 0 0 0 5337 0.2 0 0 0 30 46.8 41.6 41.6
5337 0.0 0 0 0 5337 0.2 0 0 0 60 52.8 47.7 47.7
5337 0.0 0 0 0 5337 0.2 0 0 0 90 59.9 54.8 54.8
5337 0.0 0 0 0 5337 0.2 0 0 0 120 68.6 63.4 63.4
5337 0.0 0 0 0 5337 0.2 0 0 0 150 76.9 68.7 68.7
5337 0.0 0 0 0 5337 0.2 0 0 0 180 78.8 68.8 68.8
5337 0.0 0 0 0 5337 0.2 10 0 0 0 43.7 38.5 38.5
5337 0.0 0 0 0 5337 0.2 10 0 0 30 46.7 41.7 41.7
5337 0.0 0 0 0 5337 0.2 10 0 0 60 52.7 47.5 47.5
5337 0.0 0 0 0 5337 0.2 10 0 0 90 59.8 54.6 54.6
5337 0.0 0 0 0 5337 0.2 10 0 0 120 68.5 62.4 62.4
5337 0.0 0 0 0 5337 0.2 10 0 0 150 76.9 67.7 67.7
5337 0.0 0 0 0 5337 0.2 10 0 0 180 78.7 68.6 68.6
5337 0.0 0 0 0 5337 0.2 20 0 0 0 43.7 38.5 38.5
5337 0.0 0 0 0 5337 0.2 20 0 0 30 46.5 41.7 41.7
5337 0.0 0 0 0 5337 0.2 20 0 0 60 52.5 46.8 46.8
5337 0.0 0 0 0 5337 0.2 20 0 0 90 59.6 53.8 53.8
5337 0.0 0 0 0 5337 0.2 20 0 0 120 68.3 60.4 60.4
5337 0.0 0 0 0 5337 0.2 20 0 0 150 76.7 65.7 65.7
5337 0.0 0 0 0 5337 0.2 20 0 0 180 78.5 67.5 67.5
5337 0.0 0 0 0 5337 0.2 30 0 0 0 43.6 39.8 39.8
5337 0.0 0 0 0 5337 0.2 30 0 0 30 46.3 41.7 41.7
5337 0.0 0 0 0 5337 0.2 30 0 0 60 52.1 45.1 45.1
5337 0.0 0 0 0 5337 0.2 30 0 0 90 59.2 50.6 50.6
5337 0.0 0 0 0 5337 0.2 30 0 0 120 67.9 56.5 56.5
5337 0.0 0 0 0 5337 0.2 30 0 0 150 76.3 61.8 61.8
5337 0.0 0 0 0 5337 0.2 30 0 0 180 78.0 64.4 64.4
5337 0.0 0 0 0 5337 0.2 40 0 0 0 43.5 41.4 41.4
5337 0.0 0 0 0 5337 0.2 40 0 0 30 46.1 42.9 42.9
5337 0.0 0 0 0 5337 0.2 40 0 0 60 51.6 45.5 45.5
5337 0.0 0 0 0 5337 0.2 40 0 0 90 58.7 49.7 49.7
5337 0.0 0 0 0 5337 0.2 40 0 0 120 67.4 55.3 55.3
5337 0.0 0 0 0 5337 0.2 40 0 0 150 75.7 60.6 60.6
5337 0.0 0 0 0 5337 0.2 40 0 0 180 77.3 64.0 64.0
5337 0.0 0 0 0 5337 0.2 50 0 0 0 43.4 43.3 43.3
5337 0.0 0 0 0 5337 0.2 50 0 0 30 45.9 44.5 44.5
5337 0.0 0 0 0 5337 0.2 50 0 0 60 50.9 46.6 46.6
5337 0.0 0 0 0 5337 0.2 50 0 0 90 58.0 50.0 50.0
5337 0.0 0 0 0 5337 0.2 50 0 0 120 66.8 55.1 55.1
5337 0.0 0 0 0 5337 0.2 50 0 0 150 74.6 60.4 60.4
5337 0.0 0 0 0 5337 0.2 50 0 0 180 76.2 64.2 64.2
5337 0.0 0 0 0 5337 0.2 60 0 0 0 43.5 45.5 45.5
5337 0.0 0 0 0 5337 0.2 60 0 0 30 45.9 46.6 46.6
5337 0.0 0 0 0 5337 0.2 60 0 0 60 50.4 48.5 48.5
5337 0.0 0 0 0 5337 0.2 60 0 0 90 57.0 51.4 51.4
5337 0.0 0 0 0 5337 0.2 60 0 0 120 65.7 55.5 55.5
5337 0.0 0 0 0 5337 0.2 60 0 0 150 72.8 60.7 60.7
5337 0.0 0 0 0 5337 0.2 60 0 0 180 74.4 64.6 64.6
5337 0.0 0 0 0 5337 0.3 0 0 0 0 45.8 40.5 40.5
5337 0.0 0 0 0 5337 0.3 0 0 0 30 47.0 41.7 41.7
5337 0.0 0 0 0 5337 0.3 0 0 0 60 50.6 45.3 45.3
5337 0.0 0 0 0 5337 0.3 0 0 0 90 56.9 51.6 51.6
5337 0.0 0 0 0 5337 0.3 0 0 0 120 65.4 60.0 60.0
5337 0.0 0 0 0 5337 0.3 0 0 0 150 74.7 66.9 66.9
5337 0.0 0 0 0 5337 0.3 0 0 0 180 78.7 68.6 68.6
5337 0.0 0 0 0 5337 0.3 10 0 0 0 45.8 40.4 40.4
5337 0.0 0 0 0 5337 0.3 10 0 0 30 47.0 41.7 41.7
5337 0.0 0 0 0 5337 0.3 10 0 0 60 50.5 45.2 45.2
5337 0.0 0 0 0 5337 0.3 10 0 0 90 56.7 51.4 51.4
5337 0.0 0 0 0 5337 0.3 10 0 0 120 65.3 59.0 59.0
5337 0.0 0 0 0 5337 0.3 10 0 0 150 74.7 65.7 65.7
5337 0.0 0 0 0 5337 0.3 10 0 0 180 78.6 68.3 68.3
5337 0.0 0 0 0 5337 0.3 20 0 0 0 45.8 40.1 40.1
5337 0.0 0 0 0 5337 0.3 20 0 0 30 46.9 41.6 41.6
5337 0.0 0 0 0 5337 0.3 20 0 0 60 50.3 45.1 45.1
5337 0.0 0 0 0 5337 0.3 20 0 0 90 56.5 50.5 50.5
5337 0.0 0 0 0 5337 0.3 20 0 0 120 65.0 57.1 57.1
5337 0.0 0 0 0 5337 0.3 20 0 0 150 74.5 63.6 63.6
5337 0.0 0 0 0 5337 0.3 20 0 0 180 78.4 67.1 67.1
5337 0.0 0 0 0 5337 0.3 30 0 0 0 45.7 40.4 40.4
5337 0.0 0 0 0 5337 0.3 30 0 0 30 46.9 41.6 41.6
5337 0.0 0 0 0 5337 0.3 30 0 0 60 50.0 44.0 44.0
5337 0.0 0 0 0 5337 0.3 30 0 0 90 56.2 47.7 47.7
5337 0.0 0 0 0 5337 0.3 30 0 0 120 64.7 53.7 53.7
5337 0.0 0 0 0 5337 0.3 30 0 0 150 74.1 60.0 60.0
5337 0.0 0 0 0 5337 0.3 30 0 0 180 77.9 64.4 64.4
5337 0.0 0 0 0 5337 0.3 40 0 0 0 45.6 41.5 41.5
5337 0.0 0 0 0 5337 0.3 40 0 0 30 46.8 42.6 42.6
5337 0.0 0 0 0 5337 0.3 40 0 0 60 49.8 44.5 44.5
5337 0.0 0 0 0 5337 0.3 40 0 0 90 55.7 47.4 47.4
5337 0.0 0 0 0 5337 0.3 40 0 0 120 64.2 52.5 52.5
5337 0.0 0 0 0 5337 0.3 40 0 0 150 73.5 58.8 58.8
5337 0.0 0 0 0 5337 0.3 40 0 0 180 77.1 63.5 63.5
5337 0.0 0 0 0 5337 0.3 50 0 0 0 45.6 43.0 43.0
5337 0.0 0 0 0 5337 0.3 50 0 0 30 46.8 44.0 44.0
5337 0.0 0 0 0 5337 0.3 50 0 0 60 49.6 45.6 45.6
5337 0.0 0 0 0 5337 0.3 50 0 0 90 55.0 48.2 48.2
5337 0.0 0 0 0 5337 0.3 50 0 0 120 63.5 52.3 52.3
5337 0.0 0 0 0 5337 0.3 50 0 0 150 72.6 58.4 58.4
5337 0.0 0 0 0 5337 0.3 50 0 0 180 75.9 63.5 63.5
5337 0.0 0 0 0 5337 0.3 60 0 0 0 45.6 45.1 45.1
5337 0.0 0 0 0 5337 0.3 60 0 0 30 46.9 46.0 46.0
5337 0.0 0 0 0 5337 0.3 60 0 0 60 49.4 47.4 47.4
5337 0.0 0 0 0 5337 0.3 60 0 0 90 54.4 49.7 49.7
5337 0.0 0 0 0 5337 0.3 60 0 0 120 62.4 53.2 53.2
5337 0.0 0 0 0 5337 0.3 60 0 0 150 70.9 58.6 58.6
5337 0.0 0 0 0 5337 0.3 60 0 0 180 73.9 63.8 63.8
5337 0.0 0 0 0 5337 0.4 0 0 0 0 47.9 42.5 42.5
5337 0.0 0 0 0 5337 0.4 0 0 0 30 48.5 43.1 43.1
5337 0.0 0 0 0 5337 0.4 0 0 0 60 50.0 44.6 44.6
5337 0.0 0 0 0 5337 0.4 0 0 0 90 53.9 48.5 48.5
5337 0.0 0 0 0 5337 0.4 0 0 0 120 62.0 56.3 56.3
5337 0.0 0 0 0 5337 0.4 0 0 0 150 72.1 64.5 64.5
5337 0.0 0 0 0 5337 0.4 0 0 0 180 78.0 68.2 68.2
5337 0.0 0 0 0 5337 0.4 10 0 0 0 47.9 42.4 42.4
5337 0.0 0 0 0 5337 0.4 10 0 0 30 48.5 43.0 43.0
5337 0.0 0 0 0 5337 0.4 10 0 0 60 49.9 44.4 44.4
5337 0.0 0 0 0 5337 0.4 10 0 0 90 53.8 48.3 48.3
5337 0.0 0 0 0 5337 0.4 10 0 0 120 61.8 55.5 55.5
5337 0.0 0 0 0 5337 0.4 10 0 0 150 72.1 63.2 63.2
5337 0.0 0 0 0 5337 0.4 10 0 0 180 77.9 68.0 68.0
5337 0.0 0 0 0 5337 0.4 20 0 0 0 47.9 42.1 42.1
5337 0.0 0 0 0 5337 0.4 20 0 0 30 48.5 42.4 42.4
5337 0.0 0 0 0 5337 0.4 20 0 0 60 49.9 44.1 44.1
5337 0.0 0 0 0 5337 0.4 20 0 0 90 53.6 47.7 47.7
5337 0.0 0 0 0 5337 0.4 20 0 0 120 61.6 53.4 53.4
5337 0.0 0 0 0 5337 0.4 20 0 0 150 71.9 60.9 60.9
5337 0.0 0 0 0 5337 0.4 20 0 0 180 77.6 66.5 66.5
5337 0.0 0 0 0 5337 0.4 30 0 0 0 47.9 42.1 42.1
5337 0.0 0 0 0 5337 0.4 30 0 0 30 48.5 42.0 42.0
5337 0.0 0 0 0 5337 0.4 30 0 0 60 49.8 43.4 43.4
5337 0.0 0 0 0 5337 0.4 30 0 0 90 53.3 46.0 46.0
5337 0.0 0 0 0 5337 0.4 30 0 0 120 61.3 50.7 50.7
5337 0.0 0 0 0 5337 0.4 30 0 0 150 71.5 58.0 58.0
5337 0.0 0 0 0 5337 0.4 30 0 0 180 77.1 64.1 64.1
5337 0.0 0 0 0 5337 0.4 40 0 0 0 47.9 42.5 42.5
5337 0.0 0 0 0 5337 0.4 40 0 0 30 48.5 42.6 42.6
5337 0.0 0 0 0 5337 0.4 40 0 0 60 49.8 44.0 44.0
5337 0.0 0 0 0 5337 0.4 40 0 0 90 53.1 46.1 46.1
5337 0.0 0 0 0 5337 0.4 40 0 0 120 60.8 49.9 49.9
5337 0.0 0 0 0 5337 0.4 40 0 0 150 70.9 56.9 56.9
5337 0.0 0 0 0 5337 0.4 40 0 0 180 76.3 63.3 63.3
5337 0.0 0 0 0 5337 0.4 50 0 0 0 47.8 43.6 43.6
5337 0.0 0 0 0 5337 0.4 50 0 0 30 48.5 43.8 43.8
5337 0.0 0 0 0 5337 0.4 50 0 0 60 49.8 45.0 45.0
5337 0.0 0 0 0 5337 0.4 50 0 0 90 52.9 46.9 46.9
5337 0.0 0 0 0 5337 0.4 50 0 0 120 60.1 50.2 50.2
5337 0.0 0 0 0 5337 0.4 50 0 0 150 69.9 56.4 56.4
5337 0.0 0 0 0 5337 0.4 50 0 0 180 75.0 62.9 62.9
5337 0.0 0 0 0 5337 0.4 60 0 0 0 47.8 45.2 45.2
5337 0.0 0 0 0 5337 0.4 60 0 0 30 48.5 45.4 45.4
5337 0.0 0 0 0 5337 0.4 60 0 0 60 49.9 46.5 46.5
5337 0.0 0 0 0 5337 0.4 60 0 0 90 52.8 48.2 48.2
5337 0.0 0 0 0 5337 0.4 60 0 0 120 59.2 51.1 51.1
5337 0.0 0 0 0 5337 0.4 60 0 0 150 68.4 56.2 56.2
5337 0.0 0 0 0 5337 0.4 60 0 0 180 72.7 62.9 62.9
5337 0.0 0 0 0 5337 0.5 0 0 0 0 50.1 44.5 44.5
5337 0.0 0 0 0 5337 0.5 0 0 0 30 50.4 44.8 44.8
5337 0.0 0 0 0 5337 0.5 0 0 0 60 51.1 45.5 45.5
5337 0.0 0 0 0 5337 0.5 0 0 0 90 52.8 47.2 47.2
5337 0.0 0 0 0 5337 0.5 0 0 0 120 58.4 52.5 52.5
5337 0.0 0 0 0 5337 0.5 0 0 0 150 69.2 61.4 61.4
5337 0.0 0 0 0 5337 0.5 0 0 0 180 76.6 67.4 67.4
5337 0.0 0 0 0 5337 0.5 10 0 0 0 50.1 44.5 44.5
5337 0.0 0 0 0 5337 0.5 10 0 0 30 50.4 44.7 44.7
5337 0.0 0 0 0 5337 0.5 10 0 0 60 51.1 45.4 45.4
5337 0.0 0 0 0 5337 0.5 10 0 0 90 52.8 47.0 47.0
5337 0.0 0 0 0 5337 0.5 10 0 0 120 58.3 51.5 51.5
5337 0.0 0 0 0 5337 0.5 10 0 0 150 69.1 60.1 60.1
5337 0.0 0 0 0 5337 0.5 10 0 0 180 76.5 67.3 67.3
5337 0.0 0 0 0 5337 0.5 20 0 0 0 50.1 44.2 44.2
5337 0.0 0 0 0 5337 0.5 20 0 0 30 50.4 44.3 44.3
5337 0.0 0 0 0 5337 0.5 20 0 0 60 51.1 44.6 44.6
5337 0.0 0 0 0 5337 0.5 20 0 0 90 52.7 45.7 45.7
5337 0.0 0 0 0 5337 0.5 20 0 0 120 58.0 49.5 49.5
5337 0.0 0 0 0 5337 0.5 20 0 0 150 68.9 57.6 57.6
5337 0.0 0 0 0 5337 0.5 20 0 0 180 76.2 65.3 65.3
5337 0.0 0 0 0 5337 0.5 30 0 0 0 50.1 44.0 44.0
5337 0.0 0 0 0 5337 0.5 30 0 0 30 50.4 43.9 43.9
5337 0.0 0 0 0 5337 0.5 30 0 0 60 51.1 44.0 44.0
5337 0.0 0 0 0 5337 0.5 30 0 0 90 52.7 45.1 45.1
5337 0.0 0 0 0 5337 0.5 30 0 0 120 57.7 48.5 48.5
5337 0.0 0 0 0 5337 0.5 30 0 0 150 68.5 55.9 55.9
5337 0.0 0 0 0 5337 0.5 30 0 0 180 75.6 63.9 63.9
5337 0.0 0 0 0 5337 0.5 40 0 0 0 50.1 44.2 44.2
5337 0.0 0 0 0 5337 0.5 40 0 0 30 50.4 44.0 44.0
5337 0.0 0 0 0 5337 0.5 40 0 0 60 51.1 44.1 44.1
5337 0.0 0 0 0 5337 0.5 40 0 0 90 52.7 45.3 45.3
5337 0.0 0 0 0 5337 0.5 40 0 0 120 57.4 48.3 48.3
5337 0.0 0 0 0 5337 0.5 40 0 0 150 67.8 54.8 54.8
5337 0.0 0 0 0 5337 0.5 40 0 0 180 74.8 63.0 63.0
5337 0.0 0 0 0 5337 0.5 50 0 0 0 50.2 44.9 44.9
5337 0.0 0 0 0 5337 0.5 50 0 0 30 50.5 44.6 44.6
5337 0.0 0 0 0 5337 0.5 50 0 0 60 51.2 44.8 44.8
5337 0.0 0 0 0 5337 0.5 50 0 0 90 52.7 46.0 46.0
5337 0.0 0 0 0 5337 0.5 50 0 0 120 57.2 48.6 48.6
5337 0.0 0 0 0 5337 0.5 50 0 0 150 66.8 54.1 54.1
5337 0.0 0 0 0 5337 0.5 50 0 0 180 73.4 62.4 62.4
5337 0.0 0 0 0 5337 0.5 60 0 0 0 50.2 45.8 45.8
5337 0.0 0 0 0 5337 0.5 60 0 0 30 50.6 45.7 45.7
5337 0.0 0 0 0 5337 0.5 60 0 0 60 51.3 45.9 45.9
5337 0.0 0 0 0 5337 0.5 60 0 0 90 52.8 47.0 47.0
5337 0.0 0 0 0 5337 0.5 60 0 0 120 56.8 49.4 49.4
5337 0.0 0 0 0 5337 0.5 60 0 0 150 65.2 54.3 54.3
5337 0.0 0 0 0 5337 0.5 60 0 0 180 70.8 62.2 62.2
