4937 0.4 40 0 0 4737 0.0 0 0 0 0 61.4 53.1 53.1
4937 0.4 40 0 0 4737 0.0 0 0 0 30 61.6 52.7 52.7
4937 0.4 40 0 0 4737 0.0 0 0 0 60 61.5 52.3 52.3
4937 0.4 40 0 0 4737 0.0 0 0 0 90 61.2 51.9 51.9
4937 0.4 40 0 0 4737 0.0 0 0 0 120 60.9 51.6 51.6
4937 0.4 40 0 0 4737 0.0 0 0 0 150 60.6 51.5 51.5
4937 0.4 40 0 0 4737 0.0 0 0 0 180 60.5 51.6 51.6
4937 0.4 40 0 0 4737 0.0 10 0 0 0 61.3 52.6 52.6
4937 0.4 40 0 0 4737 0.0 10 0 0 30 61.5 52.3 52.3
4937 0.4 40 0 0 4737 0.0 10 0 0 60 61.4 51.9 51.9
4937 0.4 40 0 0 4737 0.0 10 0 0 90 61.1 51.5 51.5
4937 0.4 40 0 0 4737 0.0 10 0 0 120 60.8 51.3 51.3
4937 0.4 40 0 0 4737 0.0 10 0 0 150 60.5 51.1 51.1
4937 0.4 40 0 0 4737 0.0 10 0 0 180 60.4 51.1 51.1
4937 0.4 40 0 0 4737 0.0 20 0 0 0 61.1 51.1 51.1
4937 0.4 40 0 0 4737 0.0 20 0 0 30 61.3 50.9 50.9
4937 0.4 40 0 0 4737 0.0 20 0 0 60 61.2 50.6 50.6
4937 0.4 40 0 0 4737 0.0 20 0 0 90 60.9 50.3 50.3
4937 0.4 40 0 0 4737 0.0 20 0 0 120 60.6 50.1 50.1
4937 0.4 40 0 0 4737 0.0 20 0 0 150 60.3 49.9 49.9
4937 0.4 40 0 0 4737 0.0 20 0 0 180 60.2 49.9 49.9
4937 0.4 40 0 0 4737 0.0 30 0 0 0 60.8 48.1 48.1
4937 0.4 40 0 0 4737 0.0 30 0 0 30 61.0 48.0 48.0
4937 0.4 40 0 0 4737 0.0 30 0 0 60 60.9 47.7 47.7
4937 0.4 40 0 0 4737 0.0 30 0 0 90 60.6 47.5 47.5
4937 0.4 40 0 0 4737 0.0 30 0 0 120 60.3 47.5 47.5
4937 0.4 40 0 0 4737 0.0 30 0 0 150 60.0 47.6 47.6
4937 0.4 40 0 0 4737 0.0 30 0 0 180 59.9 47.7 47.7
4937 0.4 40 0 0 4737 0.0 40 0 0 0 60.2 48.0 48.0
4937 0.4 40 0 0 4737 0.0 40 0 0 30 60.5 47.9 47.9
4937 0.4 40 0 0 4737 0.0 40 0 0 60 60.4 47.7 47.7
4937 0.4 40 0 0 4737 0.0 40 0 0 90 60.1 47.5 47.5
4937 0.4 40 0 0 4737 0.0 40 0 0 120 59.7 47.4 47.4
4937 0.4 40 0 0 4737 0.0 40 0 0 150 59.4 47.5 47.5
4937 0.4 40 0 0 4737 0.0 40 0 0 180 59.3 47.6 47.6
4937 0.4 40 0 0 4737 0.0 50 0 0 0 59.4 48.9 48.9
4937 0.4 40 0 0 4737 0.0 50 0 0 30 59.7 48.8 48.8
4937 0.4 40 0 0 4737 0.0 50 0 0 60 59.6 48.5 48.5
4937 0.4 40 0 0 4737 0.0 50 0 0 90 59.2 48.3 48.3
4937 0.4 40 0 0 4737 0.0 50 0 0 120 58.9 48.1 48.1
4937 0.4 40 0 0 4737 0.0 50 0 0 150 58.6 47.9 47.9
4937 0.4 40 0 0 4737 0.0 50 0 0 180 58.5 48.0 48.0
4937 0.4 40 0 0 4737 0.0 60 0 0 0 58.0 50.4 50.4
4937 0.4 40 0 0 4737 0.0 60 0 0 30 58.3 50.4 50.4
4937 0.4 40 0 0 4737 0.0 60 0 0 60 58.2 50.1 50.1
4937 0.4 40 0 0 4737 0.0 60 0 0 90 57.8 49.8 49.8
4937 0.4 40 0 0 4737 0.0 60 0 0 120 57.5 49.5 49.5
4937 0.4 40 0 0 4737 0.0 60 0 0 150 57.2 49.3 49.3
4937 0.4 40 0 0 4737 0.0 60 0 0 180 57.2 49.1 49.1
4937 0.4 40 0 0 4737 0.1 0 0 0 0 60.5 52.1 52.1
4937 0.4 40 0 0 4737 0.1 0 0 0 30 60.7 51.8 51.8
4937 0.4 40 0 0 4737 0.1 0 0 0 60 60.7 51.5 51.5
4937 0.4 40 0 0 4737 0.1 0 0 0 90 60.4 51.1 51.1
4937 0.4 40 0 0 4737 0.1 0 0 0 120 60.1 50.7 50.7
4937 0.4 40 0 0 4737 0.1 0 0 0 150 59.8 50.5 50.5
4937 0.4 40 0 0 4737 0.1 0 0 0 180 59.6 50.6 50.6
4937 0.4 40 0 0 4737 0.1 10 0 0 0 60.5 51.6 51.6
4937 0.4 40 0 0 4737 0.1 10 0 0 30 60.6 51.4 51.4
4937 0.4 40 0 0 4737 0.1 10 0 0 60 60.6 51.1 51.1
4937 0.4 40 0 0 4737 0.1 10 0 0 90 60.4 50.7 50.7
4937 0.4 40 0 0 4737 0.1 10 0 0 120 60.1 50.4 50.4
4937 0.4 40 0 0 4737 0.1 10 0 0 150 59.7 50.2 50.2
4937 0.4 40 0 0 4737 0.1 10 0 0 180 59.6 50.1 50.1
4937 0.4 40 0 0 4737 0.1 20 0 0 0 60.3 50.1 50.1
4937 0.4 40 0 0 4737 0.1 20 0 0 30 60.4 49.9 49.9
4937 0.4 40 0 0 4737 0.1 20 0 0 60 60.4 49.7 49.7
4937 0.4 40 0 0 4737 0.1 20 0 0 90 60.2 49.3 49.3
4937 0.4 40 0 0 4737 0.1 20 0 0 120 59.9 49.0 49.0
4937 0.4 40 0 0 4737 0.1 20 0 0 150 59.5 48.8 48.8
4937 0.4 40 0 0 4737 0.1 20 0 0 180 59.4 48.8 48.8
4937 0.4 40 0 0 4737 0.1 30 0 0 0 59.9 47.2 47.2
4937 0.4 40 0 0 4737 0.1 30 0 0 30 60.1 47.1 47.1
4937 0.4 40 0 0 4737 0.1 30 0 0 60 60.1 46.8 46.8
4937 0.4 40 0 0 4737 0.1 30 0 0 90 59.8 46.5 46.5
4937 0.4 40 0 0 4737 0.1 30 0 0 120 59.5 46.3 46.3
4937 0.4 40 0 0 4737 0.1 30 0 0 150 59.1 46.4 46.4
4937 0.4 40 0 0 4737 0.1 30 0 0 180 59.0 46.5 46.5
4937 0.4 40 0 0 4737 0.1 40 0 0 0 59.4 47.3 47.3
4937 0.4 40 0 0 4737 0.1 40 0 0 30 59.6 47.2 47.2
4937 0.4 40 0 0 4737 0.1 40 0 0 60 59.5 47.0 47.0
4937 0.4 40 0 0 4737 0.1 40 0 0 90 59.2 46.6 46.6
4937 0.4 40 0 0 4737 0.1 40 0 0 120 58.9 46.4 46.4
4937 0.4 40 0 0 4737 0.1 40 0 0 150 58.5 46.4 46.4
4937 0.4 40 0 0 4737 0.1 40 0 0 180 58.4 46.4 46.4
4937 0.4 40 0 0 4737 0.1 50 0 0 0 58.5 48.3 48.3
4937 0.4 40 0 0 4737 0.1 50 0 0 30 58.8 48.2 48.2
4937 0.4 40 0 0 4737 0.1 50 0 0 60 58.7 47.9 47.9
4937 0.4 40 0 0 4737 0.1 50 0 0 90 58.4 47.6 47.6
4937 0.4 40 0 0 4737 0.1 50 0 0 120 58.0 47.2 47.2
4937 0.4 40 0 0 4737 0.1 50 0 0 150 57.6 47.0 47.0
4937 0.4 40 0 0 4737 0.1 50 0 0 180 57.5 46.9 46.9
4937 0.4 40 0 0 4737 0.1 60 0 0 0 57.1 49.4 49.4
4937 0.4 40 0 0 4737 0.1 60 0 0 30 57.4 49.6 49.6
4937 0.4 40 0 0 4737 0.1 60 0 0 60 57.4 49.5 49.5
4937 0.4 40 0 0 4737 0.1 60 0 0 90 57.1 49.1 49.1
4937 0.4 40 0 0 4737 0.1 60 0 0 120 56.6 48.8 48.8
4937 0.4 40 0 0 4737 0.1 60 0 0 150 56.3 48.5 48.5
4937 0.4 40 0 0 4737 0.1 60 0 0 180 56.1 48.1 48.1
4937 0.4 40 0 0 4737 0.2 0 0 0 0 59.7 51.1 51.1
4937 0.4 40 0 0 4737 0.2 0 0 0 30 59.9 50.9 50.9
4937 0.4 40 0 0 4737 0.2 0 0 0 60 59.9 50.6 50.6
4937 0.4 40 0 0 4737 0.2 0 0 0 90 59.6 50.2 50.2
4937 0.4 40 0 0 4737 0.2 0 0 0 120 59.3 49.9 49.9
4937 0.4 40 0 0 4737 0.2 0 0 0 150 58.9 49.6 49.6
4937 0.4 40 0 0 4737 0.2 0 0 0 180 58.8 49.6 49.6
4937 0.4 40 0 0 4737 0.2 10 0 0 0 59.6 50.6 50.6
4937 0.4 40 0 0 4737 0.2 10 0 0 30 59.8 50.4 50.4
4937 0.4 40 0 0 4737 0.2 10 0 0 60 59.8 50.1 50.1
4937 0.4 40 0 0 4737 0.2 10 0 0 90 59.6 49.8 49.8
4937 0.4 40 0 0 4737 0.2 10 0 0 120 59.3 49.4 49.4
4937 0.4 40 0 0 4737 0.2 10 0 0 150 58.8 49.1 49.1
4937 0.4 40 0 0 4737 0.2 10 0 0 180 58.7 49.1 49.1
4937 0.4 40 0 0 4737 0.2 20 0 0 0 59.4 49.0 49.0
4937 0.4 40 0 0 4737 0.2 20 0 0 30 59.6 48.9 48.9
4937 0.4 40 0 0 4737 0.2 20 0 0 60 59.6 48.6 48.6
4937 0.4 40 0 0 4737 0.2 20 0 0 90 59.4 48.3 48.3
4937 0.4 40 0 0 4737 0.2 20 0 0 120 59.1 47.9 47.9
4937 0.4 40 0 0 4737 0.2 20 0 0 150 58.6 47.6 47.6
4937 0.4 40 0 0 4737 0.2 20 0 0 180 58.5 47.6 47.6
4937 0.4 40 0 0 4737 0.2 30 0 0 0 59.1 46.5 46.5
4937 0.4 40 0 0 4737 0.2 30 0 0 30 59.2 46.4 46.4
4937 0.4 40 0 0 4737 0.2 30 0 0 60 59.2 46.2 46.2
4937 0.4 40 0 0 4737 0.2 30 0 0 90 59.0 45.8 45.8
4937 0.4 40 0 0 4737 0.2 30 0 0 120 58.7 45.4 45.4
4937 0.4 40 0 0 4737 0.2 30 0 0 150 58.2 45.3 45.3
4937 0.4 40 0 0 4737 0.2 30 0 0 180 58.1 45.4 45.4
4937 0.4 40 0 0 4737 0.2 40 0 0 0 58.5 46.7 46.7
4937 0.4 40 0 0 4737 0.2 40 0 0 30 58.7 46.6 46.6
4937 0.4 40 0 0 4737 0.2 40 0 0 60 58.7 46.4 46.4
4937 0.4 40 0 0 4737 0.2 40 0 0 90 58.5 46.1 46.1
4937 0.4 40 0 0 4737 0.2 40 0 0 120 58.1 45.6 45.6
4937 0.4 40 0 0 4737 0.2 40 0 0 150 57.6 45.4 45.4
4937 0.4 40 0 0 4737 0.2 40 0 0 180 57.5 45.4 45.4
4937 0.4 40 0 0 4737 0.2 50 0 0 0 57.7 47.5 47.5
4937 0.4 40 0 0 4737 0.2 50 0 0 30 57.9 47.5 47.5
4937 0.4 40 0 0 4737 0.2 50 0 0 60 57.9 47.3 47.3
4937 0.4 40 0 0 4737 0.2 50 0 0 90 57.7 46.9 46.9
4937 0.4 40 0 0 4737 0.2 50 0 0 120 57.2 46.5 46.5
4937 0.4 40 0 0 4737 0.2 50 0 0 150 56.7 46.2 46.2
4937 0.4 40 0 0 4737 0.2 50 0 0 180 56.6 45.9 45.9
4937 0.4 40 0 0 4737 0.2 60 0 0 0 56.1 48.5 48.5
4937 0.4 40 0 0 4737 0.2 60 0 0 30 56.4 48.7 48.7
4937 0.4 40 0 0 4737 0.2 60 0 0 60 56.5 48.8 48.8
4937 0.4 40 0 0 4737 0.2 60 0 0 90 56.4 48.5 48.5
4937 0.4 40 0 0 4737 0.2 60 0 0 120 55.9 48.1 48.1
4937 0.4 40 0 0 4737 0.2 60 0 0 150 55.3 47.6 47.6
4937 0.4 40 0 0 4737 0.2 60 0 0 180 55.0 47.2 47.2
4937 0.4 40 0 0 4737 0.3 0 0 0 0 58.9 50.0 50.0
4937 0.4 40 0 0 4737 0.3 0 0 0 30 59.0 49.9 49.9
4937 0.4 40 0 0 4737 0.3 0 0 0 60 59.0 49.7 49.7
4937 0.4 40 0 0 4737 0.3 0 0 0 90 58.9 49.3 49.3
4937 0.4 40 0 0 4737 0.3 0 0 0 120 58.6 48.9 48.9
4937 0.4 40 0 0 4737 0.3 0 0 0 150 58.1 48.6 48.6
4937 0.4 40 0 0 4737 0.3 0 0 0 180 58.0 48.5 48.5
4937 0.4 40 0 0 4737 0.3 10 0 0 0 58.8 49.5 49.5
4937 0.4 40 0 0 4737 0.3 10 0 0 30 58.9 49.4 49.4
4937 0.4 40 0 0 4737 0.3 10 0 0 60 59.0 49.2 49.2
4937 0.4 40 0 0 4737 0.3 10 0 0 90 58.8 48.8 48.8
4937 0.4 40 0 0 4737 0.3 10 0 0 120 58.5 48.4 48.4
4937 0.4 40 0 0 4737 0.3 10 0 0 150 58.0 48.0 48.0
4937 0.4 40 0 0 4737 0.3 10 0 0 180 57.9 47.9 47.9
4937 0.4 40 0 0 4737 0.3 20 0 0 0 58.6 47.7 47.7
4937 0.4 40 0 0 4737 0.3 20 0 0 30 58.7 47.6 47.6
4937 0.4 40 0 0 4737 0.3 20 0 0 60 58.8 47.4 47.4
4937 0.4 40 0 0 4737 0.3 20 0 0 90 58.6 47.1 47.1
4937 0.4 40 0 0 4737 0.3 20 0 0 120 58.3 46.6 46.6
4937 0.4 40 0 0 4737 0.3 20 0 0 150 57.8 46.2 46.2
4937 0.4 40 0 0 4737 0.3 20 0 0 180 57.6 46.1 46.1
4937 0.4 40 0 0 4737 0.3 30 0 0 0 58.2 45.9 45.9
4937 0.4 40 0 0 4737 0.3 30 0 0 30 58.4 45.8 45.8
4937 0.4 40 0 0 4737 0.3 30 0 0 60 58.4 45.6 45.6
4937 0.4 40 0 0 4737 0.3 30 0 0 90 58.3 45.3 45.3
4937 0.4 40 0 0 4737 0.3 30 0 0 120 57.9 44.8 44.8
4937 0.4 40 0 0 4737 0.3 30 0 0 150 57.4 44.4 44.4
4937 0.4 40 0 0 4737 0.3 30 0 0 180 57.2 44.4 44.4
4937 0.4 40 0 0 4737 0.3 40 0 0 0 57.7 46.1 46.1
4937 0.4 40 0 0 4737 0.3 40 0 0 30 57.9 46.1 46.1
4937 0.4 40 0 0 4737 0.3 40 0 0 60 57.9 45.9 45.9
4937 0.4 40 0 0 4737 0.3 40 0 0 90 57.7 45.6 45.6
4937 0.4 40 0 0 4737 0.3 40 0 0 120 57.3 45.1 45.1
4937 0.4 40 0 0 4737 0.3 40 0 0 150 56.8 44.7 44.7
4937 0.4 40 0 0 4737 0.3 40 0 0 180 56.6 44.5 44.5
4937 0.4 40 0 0 4737 0.3 50 0 0 0 56.8 47.0 47.0
4937 0.4 40 0 0 4737 0.3 50 0 0 30 57.0 47.0 47.0
4937 0.4 40 0 0 4737 0.3 50 0 0 60 57.1 46.9 46.9
4937 0.4 40 0 0 4737 0.3 50 0 0 90 56.9 46.5 46.5
4937 0.4 40 0 0 4737 0.3 50 0 0 120 56.5 46.1 46.1
4937 0.4 40 0 0 4737 0.3 50 0 0 150 55.8 45.5 45.5
4937 0.4 40 0 0 4737 0.3 50 0 0 180 55.5 45.0 45.0
4937 0.4 40 0 0 4737 0.3 60 0 0 0 55.1 47.6 47.6
4937 0.4 40 0 0 4737 0.3 60 0 0 30 55.4 47.8 47.8
4937 0.4 40 0 0 4737 0.3 60 0 0 60 55.5 47.9 47.9
4937 0.4 40 0 0 4737 0.3 60 0 0 90 55.5 47.9 47.9
4937 0.4 40 0 0 4737 0.3 60 0 0 120 55.3 47.4 47.4
4937 0.4 40 0 0 4737 0.3 60 0 0 150 54.5 46.8 46.8
4937 0.4 40 0 0 4737 0.3 60 0 0 180 53.8 46.3 46.3
4937 0.4 40 0 0 4737 0.4 0 0 0 0 58.1 48.9 48.9
4937 0.4 40 0 0 4737 0.4 0 0 0 30 58.2 48.8 48.8
4937 0.4 40 0 0 4737 0.4 0 0 0 60 58.2 48.6 48.6
4937 0.4 40 0 0 4737 0.4 0 0 0 90 58.1 48.3 48.3
4937 0.4 40 0 0 4737 0.4 0 0 0 120 57.8 47.9 47.9
4937 0.4 40 0 0 4737 0.4 0 0 0 150 57.3 47.4 47.4
4937 0.4 40 0 0 4737 0.4 0 0 0 180 57.1 47.2 47.2
4937 0.4 40 0 0 4737 0.4 10 0 0 0 58.0 48.3 48.3
4937 0.4 40 0 0 4737 0.4 10 0 0 30 58.1 48.2 48.2
4937 0.4 40 0 0 4737 0.4 10 0 0 60 58.1 48.0 48.0
4937 0.4 40 0 0 4737 0.4 10 0 0 90 58.0 47.7 47.7
4937 0.4 40 0 0 4737 0.4 10 0 0 120 57.7 47.3 47.3
4937 0.4 40 0 0 4737 0.4 10 0 0 150 57.2 46.8 46.8
4937 0.4 40 0 0 4737 0.4 10 0 0 180 57.0 46.7 46.7
4937 0.4 40 0 0 4737 0.4 20 0 0 0 57.8 46.2 46.2
4937 0.4 40 0 0 4737 0.4 20 0 0 30 57.9 46.1 46.1
4937 0.4 40 0 0 4737 0.4 20 0 0 60 57.9 45.9 45.9
4937 0.4 40 0 0 4737 0.4 20 0 0 90 57.8 45.6 45.6
4937 0.4 40 0 0 4737 0.4 20 0 0 120 57.5 45.1 45.1
4937 0.4 40 0 0 4737 0.4 20 0 0 150 56.9 44.6 44.6
4937 0.4 40 0 0 4737 0.4 20 0 0 180 56.7 44.4 44.4
4937 0.4 40 0 0 4737 0.4 30 0 0 0 57.4 45.6 45.6
4937 0.4 40 0 0 4737 0.4 30 0 0 30 57.5 45.5 45.5
4937 0.4 40 0 0 4737 0.4 30 0 0 60 57.6 45.3 45.3
4937 0.4 40 0 0 4737 0.4 30 0 0 90 57.5 45.0 45.0
4937 0.4 40 0 0 4737 0.4 30 0 0 120 57.1 44.4 44.4
4937 0.4 40 0 0 4737 0.4 30 0 0 150 56.5 43.8 43.8
4937 0.4 40 0 0 4737 0.4 30 0 0 180 56.3 43.6 43.6
4937 0.4 40 0 0 4737 0.4 40 0 0 0 56.9 45.9 45.9
4937 0.4 40 0 0 4737 0.4 40 0 0 30 57.0 45.8 45.8
4937 0.4 40 0 0 4737 0.4 40 0 0 60 57.1 45.7 45.7
4937 0.4 40 0 0 4737 0.4 40 0 0 90 57.0 45.4 45.4
4937 0.4 40 0 0 4737 0.4 40 0 0 120 56.6 44.8 44.8
4937 0.4 40 0 0 4737 0.4 40 0 0 150 55.9 44.1 44.1
4937 0.4 40 0 0 4737 0.4 40 0 0 180 55.6 43.7 43.7
4937 0.4 40 0 0 4737 0.4 50 0 0 0 55.9 46.3 46.3
4937 0.4 40 0 0 4737 0.4 50 0 0 30 56.1 46.4 46.4
4937 0.4 40 0 0 4737 0.4 50 0 0 60 56.3 46.4 46.4
4937 0.4 40 0 0 4737 0.4 50 0 0 90 56.2 46.2 46.2
4937 0.4 40 0 0 4737 0.4 50 0 0 120 55.9 45.7 45.7
4937 0.4 40 0 0 4737 0.4 50 0 0 150 55.0 45.1 45.1
4937 0.4 40 0 0 4737 0.4 50 0 0 180 54.5 44.4 44.4
4937 0.4 40 0 0 4737 0.4 60 0 0 0 53.9 46.8 46.8
4937 0.4 40 0 0 4737 0.4 60 0 0 30 54.1 47.0 47.0
4937 0.4 40 0 0 4737 0.4 60 0 0 60 54.3 47.1 47.1
4937 0.4 40 0 0 4737 0.4 60 0 0 90 54.5 47.2 47.2
4937 0.4 40 0 0 4737 0.4 60 0 0 120 54.5 46.9 46.9
4937 0.4 40 0 0 4737 0.4 60 0 0 150 53.6 46.2 46.2
4937 0.4 40 0 0 4737 0.4 60 0 0 180 52.4 45.4 45.4
4937 0.4 40 0 0 4737 0.5 0 0 0 0 57.2 47.3 47.3
4937 0.4 40 0 0 4737 0.5 0 0 0 30 57.3 47.2 47.2
4937 0.4 40 0 0 4737 0.5 0 0 0 60 57.4 47.1 47.1
4937 0.4 40 0 0 4737 0.5 0 0 0 90 57.3 46.9 46.9
4937 0.4 40 0 0 4737 0.5 0 0 0 120 57.0 46.5 46.5
4937 0.4 40 0 0 4737 0.5 0 0 0 150 56.4 45.9 45.9
4937 0.4 40 0 0 4737 0.5 0 0 0 180 56.1 45.6 45.6
4937 0.4 40 0 0 4737 0.5 10 0 0 0 57.1 46.5 46.5
4937 0.4 40 0 0 4737 0.5 10 0 0 30 57.3 46.4 46.4
4937 0.4 40 0 0 4737 0.5 10 0 0 60 57.3 46.3 46.3
4937 0.4 40 0 0 4737 0.5 10 0 0 90 57.2 46.1 46.1
4937 0.4 40 0 0 4737 0.5 10 0 0 120 57.0 45.6 45.6
4937 0.4 40 0 0 4737 0.5 10 0 0 150 56.4 45.0 45.0
4937 0.4 40 0 0 4737 0.5 10 0 0 180 56.0 44.6 44.6
4937 0.4 40 0 0 4737 0.5 20 0 0 0 56.9 45.7 45.7
4937 0.4 40 0 0 4737 0.5 20 0 0 30 57.1 45.6 45.6
4937 0.4 40 0 0 4737 0.5 20 0 0 60 57.1 45.4 45.4
4937 0.4 40 0 0 4737 0.5 20 0 0 90 57.0 45.2 45.2
4937 0.4 40 0 0 4737 0.5 20 0 0 120 56.8 44.7 44.7
4937 0.4 40 0 0 4737 0.5 20 0 0 150 56.1 43.9 43.9
4937 0.4 40 0 0 4737 0.5 20 0 0 180 55.7 43.5 43.5
4937 0.4 40 0 0 4737 0.5 30 0 0 0 56.6 45.5 45.5
4937 0.4 40 0 0 4737 0.5 30 0 0 30 56.7 45.4 45.4
4937 0.4 40 0 0 4737 0.5 30 0 0 60 56.8 45.3 45.3
4937 0.4 40 0 0 4737 0.5 30 0 0 90 56.7 45.0 45.0
4937 0.4 40 0 0 4737 0.5 30 0 0 120 56.4 44.5 44.5
4937 0.4 40 0 0 4737 0.5 30 0 0 150 55.7 43.6 43.6
4937 0.4 40 0 0 4737 0.5 30 0 0 180 55.2 43.0 43.0
4937 0.4 40 0 0 4737 0.5 40 0 0 0 56.0 45.7 45.7
4937 0.4 40 0 0 4737 0.5 40 0 0 30 56.1 45.7 45.7
4937 0.4 40 0 0 4737 0.5 40 0 0 60 56.2 45.6 45.6
4937 0.4 40 0 0 4737 0.5 40 0 0 90 56.2 45.4 45.4
4937 0.4 40 0 0 4737 0.5 40 0 0 120 56.0 44.9 44.9
4937 0.4 40 0 0 4737 0.5 40 0 0 150 55.1 44.1 44.1
4937 0.4 40 0 0 4737 0.5 40 0 0 180 54.4 43.2 43.2
4937 0.4 40 0 0 4737 0.5 50 0 0 0 54.9 45.9 45.9
4937 0.4 40 0 0 4737 0.5 50 0 0 30 55.1 46.0 46.0
4937 0.4 40 0 0 4737 0.5 50 0 0 60 55.3 46.0 46.0
4937 0.4 40 0 0 4737 0.5 50 0 0 90 55.3 45.9 45.9
4937 0.4 40 0 0 4737 0.5 50 0 0 120 55.3 45.5 45.5
4937 0.4 40 0 0 4737 0.5 50 0 0 150 54.3 44.7 44.7
4937 0.4 40 0 0 4737 0.5 50 0 0 180 53.2 43.7 43.7
4937 0.4 40 0 0 4737 0.5 60 0 0 0 53.1 46.1 46.1
4937 0.4 40 0 0 4737 0.5 60 0 0 30 53.2 46.2 46.2
4937 0.4 40 0 0 4737 0.5 60 0 0 60 53.4 46.3 46.3
4937 0.4 40 0 0 4737 0.5 60 0 0 90 53.7 46.4 46.4
4937 0.4 40 0 0 4737 0.5 60 0 0 120 53.7 46.4 46.4
4937 0.4 40 0 0 4737 0.5 60 0 0 150 53.0 45.7 45.7
4937 0.4 40 0 0 4737 0.5 60 0 0 180 51.4 44.5 44.5
4937 0.4 40 0 0 4937 0.0 0 0 0 0 47.1 42.5 42.5
4937 0.4 40 0 0 4937 0.0 0 0 0 30 49.6 46.5 46.5
4937 0.4 40 0 0 4937 0.0 0 0 0 60 56.5 52.1 52.1
4937 0.4 40 0 0 4937 0.0 0 0 0 90 63.8 58.2 58.2
4937 0.4 40 0 0 4937 0.0 0 0 0 120 69.2 62.3 62.3
4937 0.4 40 0 0 4937 0.0 0 0 0 150 73.0 62.6 62.6
4937 0.4 40 0 0 4937 0.0 0 0 0 180 74.7 60.9 60.9
4937 0.4 40 0 0 4937 0.0 10 0 0 0 47.1 41.7 41.7
4937 0.4 40 0 0 4937 0.0 10 0 0 30 49.5 45.3 45.3
4937 0.4 40 0 0 4937 0.0 10 0 0 60 56.3 51.1 51.1
4937 0.4 40 0 0 4937 0.0 10 0 0 90 63.7 57.3 57.3
4937 0.4 40 0 0 4937 0.0 10 0 0 120 69.1 61.2 61.2
4937 0.4 40 0 0 4937 0.0 10 0 0 150 72.9 62.5 62.5
4937 0.4 40 0 0 4937 0.0 10 0 0 180 74.6 61.5 61.5
4937 0.4 40 0 0 4937 0.0 20 0 0 0 46.9 40.3 40.3
4937 0.4 40 0 0 4937 0.0 20 0 0 30 49.3 43.2 43.2
4937 0.4 40 0 0 4937 0.0 20 0 0 60 56.1 49.2 49.2
4937 0.4 40 0 0 4937 0.0 20 0 0 90 63.5 55.3 55.3
4937 0.4 40 0 0 4937 0.0 20 0 0 120 69.0 59.1 59.1
4937 0.4 40 0 0 4937 0.0 20 0 0 150 72.7 61.2 61.2
4937 0.4 40 0 0 4937 0.0 20 0 0 180 74.4 61.1 61.1
4937 0.4 40 0 0 4937 0.0 30 0 0 0 46.7 37.7 37.7
4937 0.4 40 0 0 4937 0.0 30 0 0 30 48.9 39.8 39.8
4937 0.4 40 0 0 4937 0.0 30 0 0 60 55.7 45.5 45.5
4937 0.4 40 0 0 4937 0.0 30 0 0 90 63.2 51.4 51.4
4937 0.4 40 0 0 4937 0.0 30 0 0 120 68.6 55.2 55.2
4937 0.4 40 0 0 4937 0.0 30 0 0 150 72.3 57.7 57.7
4937 0.4 40 0 0 4937 0.0 30 0 0 180 74.0 58.2 58.2
4937 0.4 40 0 0 4937 0.0 40 0 0 0 46.3 37.6 37.6
4937 0.4 40 0 0 4937 0.0 40 0 0 30 48.4 39.7 39.7
4937 0.4 40 0 0 4937 0.0 40 0 0 60 55.1 44.8 44.8
4937 0.4 40 0 0 4937 0.0 40 0 0 90 62.8 50.5 50.5
4937 0.4 40 0 0 4937 0.0 40 0 0 120 68.1 54.4 54.4
4937 0.4 40 0 0 4937 0.0 40 0 0 150 71.6 57.2 57.2
4937 0.4 40 0 0 4937 0.0 40 0 0 180 73.3 58.1 58.1
4937 0.4 40 0 0 4937 0.0 50 0 0 0 45.7 38.0 38.0
4937 0.4 40 0 0 4937 0.0 50 0 0 30 47.7 40.1 40.1
4937 0.4 40 0 0 4937 0.0 50 0 0 60 54.4 45.0 45.0
4937 0.4 40 0 0 4937 0.0 50 0 0 90 62.1 50.4 50.4
4937 0.4 40 0 0 4937 0.0 50 0 0 120 67.1 54.5 54.5
4937 0.4 40 0 0 4937 0.0 50 0 0 150 70.4 57.5 57.5
4937 0.4 40 0 0 4937 0.0 50 0 0 180 72.1 59.0 59.0
4937 0.4 40 0 0 4937 0.0 60 0 0 0 44.8 38.8 38.8
4937 0.4 40 0 0 4937 0.0 60 0 0 30 46.8 41.0 41.0
4937 0.4 40 0 0 4937 0.0 60 0 0 60 53.2 45.7 45.7
4937 0.4 40 0 0 4937 0.0 60 0 0 90 60.7 50.9 50.9
4937 0.4 40 0 0 4937 0.0 60 0 0 120 65.4 55.2 55.2
4937 0.4 40 0 0 4937 0.0 60 0 0 150 68.5 58.5 58.5
4937 0.4 40 0 0 4937 0.0 60 0 0 180 70.1 60.7 60.7
4937 0.4 40 0 0 4937 0.1 0 0 0 0 45.1 40.8 40.8
4937 0.4 40 0 0 4937 0.1 0 0 0 30 47.5 44.6 44.6
4937 0.4 40 0 0 4937 0.1 0 0 0 60 53.8 49.5 49.5
4937 0.4 40 0 0 4937 0.1 0 0 0 90 60.9 55.3 55.3
4937 0.4 40 0 0 4937 0.1 0 0 0 120 66.7 60.4 60.4
4937 0.4 40 0 0 4937 0.1 0 0 0 150 71.4 62.3 62.3
4937 0.4 40 0 0 4937 0.1 0 0 0 180 73.5 59.9 59.9
4937 0.4 40 0 0 4937 0.1 10 0 0 0 45.0 39.9 39.9
4937 0.4 40 0 0 4937 0.1 10 0 0 30 47.4 43.3 43.3
4937 0.4 40 0 0 4937 0.1 10 0 0 60 53.7 48.4 48.4
4937 0.4 40 0 0 4937 0.1 10 0 0 90 60.9 54.4 54.4
4937 0.4 40 0 0 4937 0.1 10 0 0 120 66.7 59.1 59.1
4937 0.4 40 0 0 4937 0.1 10 0 0 150 71.3 62.0 62.0
4937 0.4 40 0 0 4937 0.1 10 0 0 180 73.4 60.5 60.5
4937 0.4 40 0 0 4937 0.1 20 0 0 0 44.8 38.2 38.2
4937 0.4 40 0 0 4937 0.1 20 0 0 30 47.2 41.2 41.2
4937 0.4 40 0 0 4937 0.1 20 0 0 60 53.4 46.5 46.5
4937 0.4 40 0 0 4937 0.1 20 0 0 90 60.7 52.4 52.4
4937 0.4 40 0 0 4937 0.1 20 0 0 120 66.5 56.9 56.9
4937 0.4 40 0 0 4937 0.1 20 0 0 150 71.1 60.1 60.1
4937 0.4 40 0 0 4937 0.1 20 0 0 180 73.2 60.2 60.2
4937 0.4 40 0 0 4937 0.1 30 0 0 0 44.5 35.5 35.5
4937 0.4 40 0 0 4937 0.1 30 0 0 30 46.7 37.5 37.5
4937 0.4 40 0 0 4937 0.1 30 0 0 60 53.1 42.8 42.8
4937 0.4 40 0 0 4937 0.1 30 0 0 90 60.4 48.4 48.4
4937 0.4 40 0 0 4937 0.1 30 0 0 120 66.2 53.0 53.0
4937 0.4 40 0 0 4937 0.1 30 0 0 150 70.7 56.4 56.4
4937 0.4 40 0 0 4937 0.1 30 0 0 180 72.7 57.8 57.8
4937 0.4 40 0 0 4937 0.1 40 0 0 0 44.1 35.6 35.6
4937 0.4 40 0 0 4937 0.1 40 0 0 30 46.1 37.5 37.5
4937 0.4 40 0 0 4937 0.1 40 0 0 60 52.5 42.1 42.1
4937 0.4 40 0 0 4937 0.1 40 0 0 90 59.9 47.5 47.5
4937 0.4 40 0 0 4937 0.1 40 0 0 120 65.6 52.0 52.0
4937 0.4 40 0 0 4937 0.1 40 0 0 150 70.0 55.7 55.7
4937 0.4 40 0 0 4937 0.1 40 0 0 180 72.0 57.9 57.9
4937 0.4 40 0 0 4937 0.1 50 0 0 0 43.4 36.0 36.0
4937 0.4 40 0 0 4937 0.1 50 0 0 30 45.4 37.9 37.9
4937 0.4 40 0 0 4937 0.1 50 0 0 60 51.8 42.2 42.2
4937 0.4 40 0 0 4937 0.1 50 0 0 90 59.2 47.3 47.3
4937 0.4 40 0 0 4937 0.1 50 0 0 120 64.7 52.0 52.0
4937 0.4 40 0 0 4937 0.1 50 0 0 150 68.9 55.9 55.9
4937 0.4 40 0 0 4937 0.1 50 0 0 180 70.9 58.7 58.7
4937 0.4 40 0 0 4937 0.1 60 0 0 0 42.4 37.0 37.0
4937 0.4 40 0 0 4937 0.1 60 0 0 30 44.5 38.8 38.8
4937 0.4 40 0 0 4937 0.1 60 0 0 60 50.6 42.9 42.9
4937 0.4 40 0 0 4937 0.1 60 0 0 90 58.0 47.8 47.8
4937 0.4 40 0 0 4937 0.1 60 0 0 120 63.1 52.5 52.5
4937 0.4 40 0 0 4937 0.1 60 0 0 150 67.0 56.7 56.7
4937 0.4 40 0 0 4937 0.1 60 0 0 180 68.9 59.9 59.9
4937 0.4 40 0 0 4937 0.2 0 0 0 0 43.0 39.6 39.6
4937 0.4 40 0 0 4937 0.2 0 0 0 30 45.7 42.7 42.7
4937 0.4 40 0 0 4937 0.2 0 0 0 60 51.4 46.9 46.9
4937 0.4 40 0 0 4937 0.2 0 0 0 90 58.1 52.3 52.3
4937 0.4 40 0 0 4937 0.2 0 0 0 120 64.1 57.9 57.9
4937 0.4 40 0 0 4937 0.2 0 0 0 150 69.6 61.2 61.2
4937 0.4 40 0 0 4937 0.2 0 0 0 180 71.9 58.8 58.8
4937 0.4 40 0 0 4937 0.2 10 0 0 0 43.0 38.2 38.2
4937 0.4 40 0 0 4937 0.2 10 0 0 30 45.6 41.5 41.5
4937 0.4 40 0 0 4937 0.2 10 0 0 60 51.3 45.8 45.8
4937 0.4 40 0 0 4937 0.2 10 0 0 90 58.0 51.4 51.4
4937 0.4 40 0 0 4937 0.2 10 0 0 120 64.1 56.6 56.6
4937 0.4 40 0 0 4937 0.2 10 0 0 150 69.5 60.6 60.6
4937 0.4 40 0 0 4937 0.2 10 0 0 180 71.9 59.4 59.4
4937 0.4 40 0 0 4937 0.2 20 0 0 0 42.8 36.3 36.3
4937 0.4 40 0 0 4937 0.2 20 0 0 30 45.3 39.3 39.3
4937 0.4 40 0 0 4937 0.2 20 0 0 60 51.0 43.8 43.8
4937 0.4 40 0 0 4937 0.2 20 0 0 90 57.8 49.3 49.3
4937 0.4 40 0 0 4937 0.2 20 0 0 120 63.9 54.3 54.3
4937 0.4 40 0 0 4937 0.2 20 0 0 150 69.3 58.6 58.6
4937 0.4 40 0 0 4937 0.2 20 0 0 180 71.6 59.1 59.1
4937 0.4 40 0 0 4937 0.2 30 0 0 0 42.4 33.4 33.4
4937 0.4 40 0 0 4937 0.2 30 0 0 30 44.8 35.7 35.7
4937 0.4 40 0 0 4937 0.2 30 0 0 60 50.6 40.2 40.2
4937 0.4 40 0 0 4937 0.2 30 0 0 90 57.5 45.5 45.5
4937 0.4 40 0 0 4937 0.2 30 0 0 120 63.5 50.6 50.6
4937 0.4 40 0 0 4937 0.2 30 0 0 150 68.9 55.0 55.0
4937 0.4 40 0 0 4937 0.2 30 0 0 180 71.2 57.2 57.2
4937 0.4 40 0 0 4937 0.2 40 0 0 0 41.9 33.6 33.6
4937 0.4 40 0 0 4937 0.2 40 0 0 30 44.2 35.4 35.4
4937 0.4 40 0 0 4937 0.2 40 0 0 60 50.1 39.5 39.5
4937 0.4 40 0 0 4937 0.2 40 0 0 90 57.0 44.6 44.6
4937 0.4 40 0 0 4937 0.2 40 0 0 120 63.0 49.6 49.6
4937 0.4 40 0 0 4937 0.2 40 0 0 150 68.2 54.2 54.2
4937 0.4 40 0 0 4937 0.2 40 0 0 180 70.4 57.4 57.4
4937 0.4 40 0 0 4937 0.2 50 0 0 0 41.1 34.1 34.1
4937 0.4 40 0 0 4937 0.2 50 0 0 30 43.4 35.9 35.9
4937 0.4 40 0 0 4937 0.2 50 0 0 60 49.3 39.6 39.6
4937 0.4 40 0 0 4937 0.2 50 0 0 90 56.3 44.4 44.4
4937 0.4 40 0 0 4937 0.2 50 0 0 120 62.1 49.4 49.4
4937 0.4 40 0 0 4937 0.2 50 0 0 150 67.1 54.2 54.2
4937 0.4 40 0 0 4937 0.2 50 0 0 180 69.3 58.0 58.0
4937 0.4 40 0 0 4937 0.2 60 0 0 0 40.3 35.3 35.3
4937 0.4 40 0 0 4937 0.2 60 0 0 30 42.4 36.8 36.8
4937 0.4 40 0 0 4937 0.2 60 0 0 60 48.2 40.1 40.1
4937 0.4 40 0 0 4937 0.2 60 0 0 90 55.2 44.7 44.7
4937 0.4 40 0 0 4937 0.2 60 0 0 120 60.5 49.7 49.7
4937 0.4 40 0 0 4937 0.2 60 0 0 150 65.2 54.8 54.8
4937 0.4 40 0 0 4937 0.2 60 0 0 180 67.2 58.9 58.9
4937 0.4 40 0 0 4937 0.3 0 0 0 0 41.2 39.3 39.3
4937 0.4 40 0 0 4937 0.3 0 0 0 30 44.3 40.9 40.9
4937 0.4 40 0 0 4937 0.3 0 0 0 60 49.2 44.5 44.5
4937 0.4 40 0 0 4937 0.3 0 0 0 90 55.3 49.3 49.3
4937 0.4 40 0 0 4937 0.3 0 0 0 120 61.3 55.1 55.1
4937 0.4 40 0 0 4937 0.3 0 0 0 150 67.5 59.5 59.5
4937 0.4 40 0 0 4937 0.3 0 0 0 180 70.2 57.6 57.6
4937 0.4 40 0 0 4937 0.3 10 0 0 0 41.1 37.2 37.2
4937 0.4 40 0 0 4937 0.3 10 0 0 30 44.2 39.6 39.6
4937 0.4 40 0 0 4937 0.3 10 0 0 60 49.1 43.4 43.4
4937 0.4 40 0 0 4937 0.3 10 0 0 90 55.2 48.3 48.3
4937 0.4 40 0 0 4937 0.3 10 0 0 120 61.3 53.8 53.8
4937 0.4 40 0 0 4937 0.3 10 0 0 150 67.5 58.8 58.8
4937 0.4 40 0 0 4937 0.3 10 0 0 180 70.2 58.2 58.2
4937 0.4 40 0 0 4937 0.3 20 0 0 0 40.8 34.5 34.5
4937 0.4 40 0 0 4937 0.3 20 0 0 30 43.9 37.3 37.3
4937 0.4 40 0 0 4937 0.3 20 0 0 60 48.8 41.1 41.1
4937 0.4 40 0 0 4937 0.3 20 0 0 90 55.0 46.0 46.0
4937 0.4 40 0 0 4937 0.3 20 0 0 120 61.1 51.3 51.3
4937 0.4 40 0 0 4937 0.3 20 0 0 150 67.3 56.6 56.6
4937 0.4 40 0 0 4937 0.3 20 0 0 180 69.9 57.7 57.7
4937 0.4 40 0 0 4937 0.3 30 0 0 0 40.4 31.5 31.5
4937 0.4 40 0 0 4937 0.3 30 0 0 30 43.5 34.2 34.2
4937 0.4 40 0 0 4937 0.3 30 0 0 60 48.4 38.1 38.1
4937 0.4 40 0 0 4937 0.3 30 0 0 90 54.6 42.8 42.8
4937 0.4 40 0 0 4937 0.3 30 0 0 120 60.7 48.1 48.1
4937 0.4 40 0 0 4937 0.3 30 0 0 150 66.8 53.4 53.4
4937 0.4 40 0 0 4937 0.3 30 0 0 180 69.4 56.1 56.1
4937 0.4 40 0 0 4937 0.3 40 0 0 0 39.8 31.7 31.7
4937 0.4 40 0 0 4937 0.3 40 0 0 30 42.9 33.6 33.6
4937 0.4 40 0 0 4937 0.3 40 0 0 60 47.9 37.2 37.2
4937 0.4 40 0 0 4937 0.3 40 0 0 90 54.1 41.8 41.8
4937 0.4 40 0 0 4937 0.3 40 0 0 120 60.2 47.1 47.1
4937 0.4 40 0 0 4937 0.3 40 0 0 150 66.1 52.5 52.5
4937 0.4 40 0 0 4937 0.3 40 0 0 180 68.6 56.4 56.4
4937 0.4 40 0 0 4937 0.3 50 0 0 0 39.1 32.2 32.2
4937 0.4 40 0 0 4937 0.3 50 0 0 30 42.2 34.0 34.0
4937 0.4 40 0 0 4937 0.3 50 0 0 60 47.1 37.2 37.2
4937 0.4 40 0 0 4937 0.3 50 0 0 90 53.3 41.5 41.5
4937 0.4 40 0 0 4937 0.3 50 0 0 120 59.3 46.7 46.7
4937 0.4 40 0 0 4937 0.3 50 0 0 150 65.0 52.4 52.4
4937 0.4 40 0 0 4937 0.3 50 0 0 180 67.4 57.0 57.0
4937 0.4 40 0 0 4937 0.3 60 0 0 0 38.8 33.7 33.7
4937 0.4 40 0 0 4937 0.3 60 0 0 30 41.0 34.9 34.9
4937 0.4 40 0 0 4937 0.3 60 0 0 60 45.9 37.7 37.7
4937 0.4 40 0 0 4937 0.3 60 0 0 90 52.2 41.7 41.7
4937 0.4 40 0 0 4937 0.3 60 0 0 120 57.7 46.8 46.8
4937 0.4 40 0 0 4937 0.3 60 0 0 150 63.1 52.7 52.7
4937 0.4 40 0 0 4937 0.3 60 0 0 180 65.3 57.9 57.9
4937 0.4 40 0 0 4937 0.4 0 0 0 0 40.2 39.1 39.1
4937 0.4 40 0 0 4937 0.4 0 0 0 30 43.3 40.2 40.2
4937 0.4 40 0 0 4937 0.4 0 0 0 60 47.2 42.1 42.1
4937 0.4 40 0 0 4937 0.4 0 0 0 90 52.5 46.2 46.2
4937 0.4 40 0 0 4937 0.4 0 0 0 120 58.4 51.9 51.9
4937 0.4 40 0 0 4937 0.4 0 0 0 150 65.3 57.3 57.3
4937 0.4 40 0 0 4937 0.4 0 0 0 180 68.4 56.2 56.2
4937 0.4 40 0 0 4937 0.4 10 0 0 0 40.0 36.9 36.9
4937 0.4 40 0 0 4937 0.4 10 0 0 30 43.2 38.2 38.2
4937 0.4 40 0 0 4937 0.4 10 0 0 60 47.1 40.9 40.9
4937 0.4 40 0 0 4937 0.4 10 0 0 90 52.4 45.1 45.1
4937 0.4 40 0 0 4937 0.4 10 0 0 120 58.3 50.5 50.5
4937 0.4 40 0 0 4937 0.4 10 0 0 150 65.2 56.6 56.6
4937 0.4 40 0 0 4937 0.4 10 0 0 180 68.3 56.8 56.8
4937 0.4 40 0 0 4937 0.4 20 0 0 0 39.7 33.3 33.3
4937 0.4 40 0 0 4937 0.4 20 0 0 30 42.9 35.0 35.0
4937 0.4 40 0 0 4937 0.4 20 0 0 60 46.8 38.1 38.1
4937 0.4 40 0 0 4937 0.4 20 0 0 90 52.1 42.2 42.2
4937 0.4 40 0 0 4937 0.4 20 0 0 120 58.1 47.6 47.6
4937 0.4 40 0 0 4937 0.4 20 0 0 150 65.0 53.8 53.8
4937 0.4 40 0 0 4937 0.4 20 0 0 180 68.0 55.5 55.5
4937 0.4 40 0 0 4937 0.4 30 0 0 0 39.2 30.7 30.7
4937 0.4 40 0 0 4937 0.4 30 0 0 30 42.5 33.0 33.0
4937 0.4 40 0 0 4937 0.4 30 0 0 60 46.4 36.1 36.1
4937 0.4 40 0 0 4937 0.4 30 0 0 90 51.7 40.2 40.2
4937 0.4 40 0 0 4937 0.4 30 0 0 120 57.7 45.4 45.4
4937 0.4 40 0 0 4937 0.4 30 0 0 150 64.5 51.8 51.8
4937 0.4 40 0 0 4937 0.4 30 0 0 180 67.5 55.0 55.0
4937 0.4 40 0 0 4937 0.4 40 0 0 0 38.6 30.1 30.1
4937 0.4 40 0 0 4937 0.4 40 0 0 30 42.0 32.3 32.3
4937 0.4 40 0 0 4937 0.4 40 0 0 60 45.9 35.3 35.3
4937 0.4 40 0 0 4937 0.4 40 0 0 90 51.2 39.2 39.2
4937 0.4 40 0 0 4937 0.4 40 0 0 120 57.2 44.5 44.5
4937 0.4 40 0 0 4937 0.4 40 0 0 150 63.8 50.9 50.9
4937 0.4 40 0 0 4937 0.4 40 0 0 180 66.7 55.3 55.3
4937 0.4 40 0 0 4937 0.4 50 0 0 0 38.1 30.9 30.9
4937 0.4 40 0 0 4937 0.4 50 0 0 30 41.2 32.4 32.4
4937 0.4 40 0 0 4937 0.4 50 0 0 60 45.1 35.1 35.1
4937 0.4 40 0 0 4937 0.4 50 0 0 90 50.4 38.8 38.8
4937 0.4 40 0 0 4937 0.4 50 0 0 120 56.3 44.0 44.0
4937 0.4 40 0 0 4937 0.4 50 0 0 150 62.6 50.4 50.4
4937 0.4 40 0 0 4937 0.4 50 0 0 180 65.4 55.8 55.8
4937 0.4 40 0 0 4937 0.4 60 0 0 0 38.3 32.4 32.4
4937 0.4 40 0 0 4937 0.4 60 0 0 30 40.5 33.4 33.4
4937 0.4 40 0 0 4937 0.4 60 0 0 60 44.0 35.5 35.5
4937 0.4 40 0 0 4937 0.4 60 0 0 90 49.0 38.8 38.8
4937 0.4 40 0 0 4937 0.4 60 0 0 120 54.4 43.9 43.9
4937 0.4 40 0 0 4937 0.4 60 0 0 150 60.4 50.5 50.5
4937 0.4 40 0 0 4937 0.4 60 0 0 180 62.9 56.5 56.5
4937 0.4 40 0 0 4937 0.5 0 0 0 0 41.0 38.9 38.9
4937 0.4 40 0 0 4937 0.5 0 0 0 30 42.6 39.8 39.8
4937 0.4 40 0 0 4937 0.5 0 0 0 60 45.5 41.1 41.1
4937 0.4 40 0 0 4937 0.5 0 0 0 90 49.7 43.3 43.3
4937 0.4 40 0 0 4937 0.5 0 0 0 120 55.3 48.1 48.1
4937 0.4 40 0 0 4937 0.5 0 0 0 150 62.7 54.6 54.6
4937 0.4 40 0 0 4937 0.5 0 0 0 180 66.5 54.5 54.5
4937 0.4 40 0 0 4937 0.5 10 0 0 0 40.8 36.4 36.4
4937 0.4 40 0 0 4937 0.5 10 0 0 30 42.4 37.5 37.5
4937 0.4 40 0 0 4937 0.5 10 0 0 60 45.3 39.0 39.0
4937 0.4 40 0 0 4937 0.5 10 0 0 90 49.6 41.5 41.5
4937 0.4 40 0 0 4937 0.5 10 0 0 120 55.2 46.6 46.6
4937 0.4 40 0 0 4937 0.5 10 0 0 150 62.6 53.4 53.4
4937 0.4 40 0 0 4937 0.5 10 0 0 180 66.4 54.4 54.4
4937 0.4 40 0 0 4937 0.5 20 0 0 0 40.6 33.7 33.7
4937 0.4 40 0 0 4937 0.5 20 0 0 30 42.1 34.8 34.8
4937 0.4 40 0 0 4937 0.5 20 0 0 60 45.1 36.4 36.4
4937 0.4 40 0 0 4937 0.5 20 0 0 90 49.3 39.4 39.4
4937 0.4 40 0 0 4937 0.5 20 0 0 120 55.0 44.4 44.4
4937 0.4 40 0 0 4937 0.5 20 0 0 150 62.4 51.4 51.4
4937 0.4 40 0 0 4937 0.5 20 0 0 180 66.0 53.7 53.7
4937 0.4 40 0 0 4937 0.5 30 0 0 0 40.2 31.7 31.7
4937 0.4 40 0 0 4937 0.5 30 0 0 30 41.7 32.8 32.8
4937 0.4 40 0 0 4937 0.5 30 0 0 60 44.6 34.6 34.6
4937 0.4 40 0 0 4937 0.5 30 0 0 90 48.9 37.8 37.8
4937 0.4 40 0 0 4937 0.5 30 0 0 120 54.6 42.8 42.8
4937 0.4 40 0 0 4937 0.5 30 0 0 150 61.9 50.0 50.0
4937 0.4 40 0 0 4937 0.5 30 0 0 180 65.5 53.8 53.8
4937 0.4 40 0 0 4937 0.5 40 0 0 0 39.8 30.8 30.8
4937 0.4 40 0 0 4937 0.5 40 0 0 30 41.1 31.6 31.6
4937 0.4 40 0 0 4937 0.5 40 0 0 60 44.0 33.7 33.7
4937 0.4 40 0 0 4937 0.5 40 0 0 90 48.3 36.9 36.9
4937 0.4 40 0 0 4937 0.5 40 0 0 120 53.9 41.8 41.8
4937 0.4 40 0 0 4937 0.5 40 0 0 150 61.1 49.0 49.0
4937 0.4 40 0 0 4937 0.5 40 0 0 180 64.6 54.1 54.1
4937 0.4 40 0 0 4937 0.5 50 0 0 0 39.7 31.0 31.0
4937 0.4 40 0 0 4937 0.5 50 0 0 30 40.8 31.4 31.4
4937 0.4 40 0 0 4937 0.5 50 0 0 60 43.3 33.2 33.2
4937 0.4 40 0 0 4937 0.5 50 0 0 90 47.5 36.3 36.3
4937 0.4 40 0 0 4937 0.5 50 0 0 120 53.0 41.2 41.2
4937 0.4 40 0 0 4937 0.5 50 0 0 150 59.9 48.5 48.5
4937 0.4 40 0 0 4937 0.5 50 0 0 180 63.2 54.5 54.5
4937 0.4 40 0 0 4937 0.5 60 0 0 0 39.8 32.1 32.1
4937 0.4 40 0 0 4937 0.5 60 0 0 30 40.7 32.3 32.3
4937 0.4 40 0 0 4937 0.5 60 0 0 60 42.9 33.7 33.7
4937 0.4 40 0 0 4937 0.5 60 0 0 90 46.6 36.3 36.3
4937 0.4 40 0 0 4937 0.5 60 0 0 120 51.2 40.8 40.8
4937 0.4 40 0 0 4937 0.5 60 0 0 150 57.7 48.2 48.2
4937 0.4 40 0 0 4937 0.5 60 0 0 180 60.6 55.1 55.1
