5337 0.5 60 0 0 4737 0.0 0 0 0 0 59.3 54.1 54.1
5337 0.5 60 0 0 4737 0.0 0 0 0 30 59.4 54.2 54.2
5337 0.5 60 0 0 4737 0.0 0 0 0 60 59.4 54.6 54.6
5337 0.5 60 0 0 4737 0.0 0 0 0 90 59.4 54.7 54.7
5337 0.5 60 0 0 4737 0.0 0 0 0 120 59.5 55.1 55.1
5337 0.5 60 0 0 4737 0.0 0 0 0 150 59.3 55.2 55.2
5337 0.5 60 0 0 4737 0.0 0 0 0 180 59.2 55.1 55.1
5337 0.5 60 0 0 4737 0.0 10 0 0 0 59.3 53.8 53.8
5337 0.5 60 0 0 4737 0.0 10 0 0 30 59.3 53.8 53.8
5337 0.5 60 0 0 4737 0.0 10 0 0 60 59.3 54.2 54.2
5337 0.5 60 0 0 4737 0.0 10 0 0 90 59.3 54.3 54.3
5337 0.5 60 0 0 4737 0.0 10 0 0 120 59.4 54.7 54.7
5337 0.5 60 0 0 4737 0.0 10 0 0 150 59.2 54.8 54.8
5337 0.5 60 0 0 4737 0.0 10 0 0 180 59.2 54.7 54.7
5337 0.5 60 0 0 4737 0.0 20 0 0 0 59.0 52.8 52.8
5337 0.5 60 0 0 4737 0.0 20 0 0 30 59.1 52.6 52.6
5337 0.5 60 0 0 4737 0.0 20 0 0 60 59.1 52.9 52.9
5337 0.5 60 0 0 4737 0.0 20 0 0 90 59.1 53.1 53.1
5337 0.5 60 0 0 4737 0.0 20 0 0 120 59.2 53.4 53.4
5337 0.5 60 0 0 4737 0.0 20 0 0 150 59.0 53.6 53.6
5337 0.5 60 0 0 4737 0.0 20 0 0 180 59.0 53.4 53.4
5337 0.5 60 0 0 4737 0.0 30 0 0 0 58.6 50.3 50.3
5337 0.5 60 0 0 4737 0.0 30 0 0 30 58.7 50.2 50.2
5337 0.5 60 0 0 4737 0.0 30 0 0 60 58.8 50.5 50.5
5337 0.5 60 0 0 4737 0.0 30 0 0 90 58.7 50.4 50.4
5337 0.5 60 0 0 4737 0.0 30 0 0 120 58.8 50.8 50.8
5337 0.5 60 0 0 4737 0.0 30 0 0 150 58.6 50.9 50.9
5337 0.5 60 0 0 4737 0.0 30 0 0 180 58.6 51.0 51.0
5337 0.5 60 0 0 4737 0.0 40 0 0 0 58.0 50.2 50.2
5337 0.5 60 0 0 4737 0.0 40 0 0 30 58.1 50.2 50.2
5337 0.5 60 0 0 4737 0.0 40 0 0 60 58.2 50.4 50.4
5337 0.5 60 0 0 4737 0.0 40 0 0 90 58.1 50.4 50.4
5337 0.5 60 0 0 4737 0.0 40 0 0 120 58.1 50.7 50.7
5337 0.5 60 0 0 4737 0.0 40 0 0 150 58.0 50.8 50.8
5337 0.5 60 0 0 4737 0.0 40 0 0 180 58.0 50.9 50.9
5337 0.5 60 0 0 4737 0.0 50 0 0 0 57.0 50.9 50.9
5337 0.5 60 0 0 4737 0.0 50 0 0 30 57.2 50.9 50.9
5337 0.5 60 0 0 4737 0.0 50 0 0 60 57.3 51.0 51.0
5337 0.5 60 0 0 4737 0.0 50 0 0 90 57.2 51.1 51.1
5337 0.5 60 0 0 4737 0.0 50 0 0 120 57.2 51.2 51.2
5337 0.5 60 0 0 4737 0.0 50 0 0 150 57.1 51.4 51.4
5337 0.5 60 0 0 4737 0.0 50 0 0 180 57.1 51.4 51.4
5337 0.5 60 0 0 4737 0.0 60 0 0 0 55.3 52.1 52.1
5337 0.5 60 0 0 4737 0.0 60 0 0 30 55.5 52.2 52.2
5337 0.5 60 0 0 4737 0.0 60 0 0 60 55.7 52.2 52.2
5337 0.5 60 0 0 4737 0.0 60 0 0 90 55.6 52.4 52.4
5337 0.5 60 0 0 4737 0.0 60 0 0 120 55.5 52.5 52.5
5337 0.5 60 0 0 4737 0.0 60 0 0 150 55.5 52.7 52.7
5337 0.5 60 0 0 4737 0.0 60 0 0 180 55.5 52.6 52.6
5337 0.5 60 0 0 4737 0.1 0 0 0 0 58.1 53.0 53.0
5337 0.5 60 0 0 4737 0.1 0 0 0 30 58.4 53.1 53.1
5337 0.5 60 0 0 4737 0.1 0 0 0 60 58.2 53.3 53.3
5337 0.5 60 0 0 4737 0.1 0 0 0 90 58.2 53.5 53.5
5337 0.5 60 0 0 4737 0.1 0 0 0 120 58.4 53.9 53.9
5337 0.5 60 0 0 4737 0.1 0 0 0 150 58.1 54.2 54.2
5337 0.5 60 0 0 4737 0.1 0 0 0 180 58.1 53.9 53.9
5337 0.5 60 0 0 4737 0.1 10 0 0 0 58.0 52.7 52.7
5337 0.5 60 0 0 4737 0.1 10 0 0 30 58.3 52.7 52.7
5337 0.5 60 0 0 4737 0.1 10 0 0 60 58.2 52.9 52.9
5337 0.5 60 0 0 4737 0.1 10 0 0 90 58.1 53.1 53.1
5337 0.5 60 0 0 4737 0.1 10 0 0 120 58.3 53.5 53.5
5337 0.5 60 0 0 4737 0.1 10 0 0 150 58.0 53.8 53.8
5337 0.5 60 0 0 4737 0.1 10 0 0 180 58.1 53.6 53.6
5337 0.5 60 0 0 4737 0.1 20 0 0 0 57.8 51.5 51.5
5337 0.5 60 0 0 4737 0.1 20 0 0 30 58.1 51.5 51.5
5337 0.5 60 0 0 4737 0.1 20 0 0 60 58.0 51.7 51.7
5337 0.5 60 0 0 4737 0.1 20 0 0 90 57.9 51.8 51.8
5337 0.5 60 0 0 4737 0.1 20 0 0 120 58.0 52.2 52.2
5337 0.5 60 0 0 4737 0.1 20 0 0 150 57.8 52.4 52.4
5337 0.5 60 0 0 4737 0.1 20 0 0 180 57.9 52.3 52.3
5337 0.5 60 0 0 4737 0.1 30 0 0 0 57.4 49.2 49.2
5337 0.5 60 0 0 4737 0.1 30 0 0 30 57.6 49.3 49.3
5337 0.5 60 0 0 4737 0.1 30 0 0 60 57.6 49.4 49.4
5337 0.5 60 0 0 4737 0.1 30 0 0 90 57.5 49.2 49.2
5337 0.5 60 0 0 4737 0.1 30 0 0 120 57.6 49.5 49.5
5337 0.5 60 0 0 4737 0.1 30 0 0 150 57.4 49.6 49.6
5337 0.5 60 0 0 4737 0.1 30 0 0 180 57.5 49.8 49.8
5337 0.5 60 0 0 4737 0.1 40 0 0 0 56.7 49.2 49.2
5337 0.5 60 0 0 4737 0.1 40 0 0 30 57.0 49.2 49.2
5337 0.5 60 0 0 4737 0.1 40 0 0 60 56.9 49.4 49.4
5337 0.5 60 0 0 4737 0.1 40 0 0 90 56.9 49.2 49.2
5337 0.5 60 0 0 4737 0.1 40 0 0 120 57.0 49.5 49.5
5337 0.5 60 0 0 4737 0.1 40 0 0 150 56.8 49.6 49.6
5337 0.5 60 0 0 4737 0.1 40 0 0 180 56.9 49.9 49.9
5337 0.5 60 0 0 4737 0.1 50 0 0 0 55.7 49.9 49.9
5337 0.5 60 0 0 4737 0.1 50 0 0 30 56.0 50.0 50.0
5337 0.5 60 0 0 4737 0.1 50 0 0 60 55.9 50.2 50.2
5337 0.5 60 0 0 4737 0.1 50 0 0 90 56.0 50.0 50.0
5337 0.5 60 0 0 4737 0.1 50 0 0 120 55.9 50.2 50.2
5337 0.5 60 0 0 4737 0.1 50 0 0 150 55.8 50.2 50.2
5337 0.5 60 0 0 4737 0.1 50 0 0 180 55.8 50.4 50.4
5337 0.5 60 0 0 4737 0.1 60 0 0 0 54.1 50.9 50.9
5337 0.5 60 0 0 4737 0.1 60 0 0 30 54.3 51.1 51.1
5337 0.5 60 0 0 4737 0.1 60 0 0 60 54.2 51.3 51.3
5337 0.5 60 0 0 4737 0.1 60 0 0 90 54.4 51.3 51.3
5337 0.5 60 0 0 4737 0.1 60 0 0 120 54.1 51.5 51.5
5337 0.5 60 0 0 4737 0.1 60 0 0 150 54.2 51.6 51.6
5337 0.5 60 0 0 4737 0.1 60 0 0 180 54.1 51.7 51.7
5337 0.5 60 0 0 4737 0.2 0 0 0 0 56.9 51.9 51.9
5337 0.5 60 0 0 4737 0.2 0 0 0 30 57.3 52.0 52.0
5337 0.5 60 0 0 4737 0.2 0 0 0 60 57.2 52.1 52.1
5337 0.5 60 0 0 4737 0.2 0 0 0 90 57.0 52.3 52.3
5337 0.5 60 0 0 4737 0.2 0 0 0 120 57.3 52.7 52.7
5337 0.5 60 0 0 4737 0.2 0 0 0 150 56.9 53.0 53.0
5337 0.5 60 0 0 4737 0.2 0 0 0 180 57.0 52.8 52.8
5337 0.5 60 0 0 4737 0.2 10 0 0 0 56.9 51.4 51.4
5337 0.5 60 0 0 4737 0.2 10 0 0 30 57.2 51.5 51.5
5337 0.5 60 0 0 4737 0.2 10 0 0 60 57.1 51.7 51.7
5337 0.5 60 0 0 4737 0.2 10 0 0 90 56.9 51.9 51.9
5337 0.5 60 0 0 4737 0.2 10 0 0 120 57.2 52.3 52.3
5337 0.5 60 0 0 4737 0.2 10 0 0 150 56.8 52.6 52.6
5337 0.5 60 0 0 4737 0.2 10 0 0 180 57.0 52.4 52.4
5337 0.5 60 0 0 4737 0.2 20 0 0 0 56.6 50.2 50.2
5337 0.5 60 0 0 4737 0.2 20 0 0 30 56.9 50.2 50.2
5337 0.5 60 0 0 4737 0.2 20 0 0 60 56.8 50.4 50.4
5337 0.5 60 0 0 4737 0.2 20 0 0 90 56.7 50.5 50.5
5337 0.5 60 0 0 4737 0.2 20 0 0 120 57.0 50.8 50.8
5337 0.5 60 0 0 4737 0.2 20 0 0 150 56.6 51.1 51.1
5337 0.5 60 0 0 4737 0.2 20 0 0 180 56.7 51.1 51.1
5337 0.5 60 0 0 4737 0.2 30 0 0 0 56.2 48.3 48.3
5337 0.5 60 0 0 4737 0.2 30 0 0 30 56.5 48.3 48.3
5337 0.5 60 0 0 4737 0.2 30 0 0 60 56.4 48.5 48.5
5337 0.5 60 0 0 4737 0.2 30 0 0 90 56.3 48.3 48.3
5337 0.5 60 0 0 4737 0.2 30 0 0 120 56.5 48.4 48.4
5337 0.5 60 0 0 4737 0.2 30 0 0 150 56.2 48.5 48.5
5337 0.5 60 0 0 4737 0.2 30 0 0 180 56.3 48.7 48.7
5337 0.5 60 0 0 4737 0.2 40 0 0 0 55.5 48.4 48.4
5337 0.5 60 0 0 4737 0.2 40 0 0 30 55.8 48.4 48.4
5337 0.5 60 0 0 4737 0.2 40 0 0 60 55.7 48.6 48.6
5337 0.5 60 0 0 4737 0.2 40 0 0 90 55.6 48.4 48.4
5337 0.5 60 0 0 4737 0.2 40 0 0 120 55.8 48.5 48.5
5337 0.5 60 0 0 4737 0.2 40 0 0 150 55.5 48.6 48.6
5337 0.5 60 0 0 4737 0.2 40 0 0 180 55.6 48.9 48.9
5337 0.5 60 0 0 4737 0.2 50 0 0 0 54.5 49.0 49.0
5337 0.5 60 0 0 4737 0.2 50 0 0 30 54.7 49.0 49.0
5337 0.5 60 0 0 4737 0.2 50 0 0 60 54.6 49.3 49.3
5337 0.5 60 0 0 4737 0.2 50 0 0 90 54.6 49.2 49.2
5337 0.5 60 0 0 4737 0.2 50 0 0 120 54.7 49.2 49.2
5337 0.5 60 0 0 4737 0.2 50 0 0 150 54.5 49.4 49.4
5337 0.5 60 0 0 4737 0.2 50 0 0 180 54.6 49.5 49.5
5337 0.5 60 0 0 4737 0.2 60 0 0 0 52.8 49.8 49.8
5337 0.5 60 0 0 4737 0.2 60 0 0 30 52.9 49.9 49.9
5337 0.5 60 0 0 4737 0.2 60 0 0 60 52.8 50.2 50.2
5337 0.5 60 0 0 4737 0.2 60 0 0 90 52.9 50.2 50.2
5337 0.5 60 0 0 4737 0.2 60 0 0 120 52.9 50.3 50.3
5337 0.5 60 0 0 4737 0.2 60 0 0 150 52.7 50.6 50.6
5337 0.5 60 0 0 4737 0.2 60 0 0 180 52.7 50.8 50.8
5337 0.5 60 0 0 4737 0.3 0 0 0 0 55.8 50.6 50.6
5337 0.5 60 0 0 4737 0.3 0 0 0 30 56.0 50.9 50.9
5337 0.5 60 0 0 4737 0.3 0 0 0 60 56.1 50.9 50.9
5337 0.5 60 0 0 4737 0.3 0 0 0 90 55.9 51.0 51.0
5337 0.5 60 0 0 4737 0.3 0 0 0 120 56.0 51.5 51.5
5337 0.5 60 0 0 4737 0.3 0 0 0 150 55.8 51.7 51.7
5337 0.5 60 0 0 4737 0.3 0 0 0 180 55.9 51.7 51.7
5337 0.5 60 0 0 4737 0.3 10 0 0 0 55.7 50.2 50.2
5337 0.5 60 0 0 4737 0.3 10 0 0 30 56.0 50.3 50.3
5337 0.5 60 0 0 4737 0.3 10 0 0 60 56.0 50.5 50.5
5337 0.5 60 0 0 4737 0.3 10 0 0 90 55.8 50.6 50.6
5337 0.5 60 0 0 4737 0.3 10 0 0 120 55.9 50.9 50.9
5337 0.5 60 0 0 4737 0.3 10 0 0 150 55.8 51.3 51.3
5337 0.5 60 0 0 4737 0.3 10 0 0 180 55.8 51.2 51.2
5337 0.5 60 0 0 4737 0.3 20 0 0 0 55.5 48.7 48.7
5337 0.5 60 0 0 4737 0.3 20 0 0 30 55.7 48.7 48.7
5337 0.5 60 0 0 4737 0.3 20 0 0 60 55.8 48.9 48.9
5337 0.5 60 0 0 4737 0.3 20 0 0 90 55.6 49.1 49.1
5337 0.5 60 0 0 4737 0.3 20 0 0 120 55.6 49.3 49.3
5337 0.5 60 0 0 4737 0.3 20 0 0 150 55.5 49.6 49.6
5337 0.5 60 0 0 4737 0.3 20 0 0 180 55.6 49.6 49.6
5337 0.5 60 0 0 4737 0.3 30 0 0 0 55.0 47.5 47.5
5337 0.5 60 0 0 4737 0.3 30 0 0 30 55.2 47.6 47.6
5337 0.5 60 0 0 4737 0.3 30 0 0 60 55.3 47.6 47.6
5337 0.5 60 0 0 4737 0.3 30 0 0 90 55.1 47.6 47.6
5337 0.5 60 0 0 4737 0.3 30 0 0 120 55.2 47.5 47.5
5337 0.5 60 0 0 4737 0.3 30 0 0 150 55.0 47.7 47.7
5337 0.5 60 0 0 4737 0.3 30 0 0 180 55.1 47.8 47.8
5337 0.5 60 0 0 4737 0.3 40 0 0 0 54.3 47.6 47.6
5337 0.5 60 0 0 4737 0.3 40 0 0 30 54.5 47.6 47.6
5337 0.5 60 0 0 4737 0.3 40 0 0 60 54.5 47.8 47.8
5337 0.5 60 0 0 4737 0.3 40 0 0 90 54.4 47.7 47.7
5337 0.5 60 0 0 4737 0.3 40 0 0 120 54.5 47.6 47.6
5337 0.5 60 0 0 4737 0.3 40 0 0 150 54.3 47.9 47.9
5337 0.5 60 0 0 4737 0.3 40 0 0 180 54.4 48.0 48.0
5337 0.5 60 0 0 4737 0.3 50 0 0 0 53.2 48.2 48.2
5337 0.5 60 0 0 4737 0.3 50 0 0 30 53.4 48.1 48.1
5337 0.5 60 0 0 4737 0.3 50 0 0 60 53.4 48.3 48.3
5337 0.5 60 0 0 4737 0.3 50 0 0 90 53.3 48.5 48.5
5337 0.5 60 0 0 4737 0.3 50 0 0 120 53.4 48.3 48.3
5337 0.5 60 0 0 4737 0.3 50 0 0 150 53.2 48.6 48.6
5337 0.5 60 0 0 4737 0.3 50 0 0 180 53.2 48.6 48.6
5337 0.5 60 0 0 4737 0.3 60 0 0 0 51.3 48.9 48.9
5337 0.5 60 0 0 4737 0.3 60 0 0 30 51.4 48.8 48.8
5337 0.5 60 0 0 4737 0.3 60 0 0 60 51.4 49.0 49.0
5337 0.5 60 0 0 4737 0.3 60 0 0 90 51.4 49.2 49.2
5337 0.5 60 0 0 4737 0.3 60 0 0 120 51.4 49.1 49.1
5337 0.5 60 0 0 4737 0.3 60 0 0 150 51.2 49.7 49.7
5337 0.5 60 0 0 4737 0.3 60 0 0 180 51.3 49.8 49.8
5337 0.5 60 0 0 4737 0.4 0 0 0 0 54.7 49.3 49.3
5337 0.5 60 0 0 4737 0.4 0 0 0 30 54.8 49.4 49.4
5337 0.5 60 0 0 4737 0.4 0 0 0 60 54.9 49.6 49.6
5337 0.5 60 0 0 4737 0.4 0 0 0 90 54.9 49.8 49.8
5337 0.5 60 0 0 4737 0.4 0 0 0 120 54.7 49.9 49.9
5337 0.5 60 0 0 4737 0.4 0 0 0 150 54.8 50.4 50.4
5337 0.5 60 0 0 4737 0.4 0 0 0 180 54.7 50.4 50.4
5337 0.5 60 0 0 4737 0.4 10 0 0 0 54.6 48.8 48.8
5337 0.5 60 0 0 4737 0.4 10 0 0 30 54.7 49.0 49.0
5337 0.5 60 0 0 4737 0.4 10 0 0 60 54.8 49.1 49.1
5337 0.5 60 0 0 4737 0.4 10 0 0 90 54.8 49.2 49.2
5337 0.5 60 0 0 4737 0.4 10 0 0 120 54.6 49.5 49.5
5337 0.5 60 0 0 4737 0.4 10 0 0 150 54.7 50.0 50.0
5337 0.5 60 0 0 4737 0.4 10 0 0 180 54.6 49.9 49.9
5337 0.5 60 0 0 4737 0.4 20 0 0 0 54.3 46.9 46.9
5337 0.5 60 0 0 4737 0.4 20 0 0 30 54.4 47.0 47.0
5337 0.5 60 0 0 4737 0.4 20 0 0 60 54.5 47.2 47.2
5337 0.5 60 0 0 4737 0.4 20 0 0 90 54.5 47.3 47.3
5337 0.5 60 0 0 4737 0.4 20 0 0 120 54.3 47.5 47.5
5337 0.5 60 0 0 4737 0.4 20 0 0 150 54.5 47.9 47.9
5337 0.5 60 0 0 4737 0.4 20 0 0 180 54.3 47.8 47.8
5337 0.5 60 0 0 4737 0.4 30 0 0 0 53.8 46.9 46.9
5337 0.5 60 0 0 4737 0.4 30 0 0 30 53.9 46.9 46.9
5337 0.5 60 0 0 4737 0.4 30 0 0 60 54.0 47.0 47.0
5337 0.5 60 0 0 4737 0.4 30 0 0 90 54.0 47.0 47.0
5337 0.5 60 0 0 4737 0.4 30 0 0 120 53.8 46.8 46.8
5337 0.5 60 0 0 4737 0.4 30 0 0 150 54.0 46.9 46.9
5337 0.5 60 0 0 4737 0.4 30 0 0 180 53.8 46.9 46.9
5337 0.5 60 0 0 4737 0.4 40 0 0 0 53.0 47.0 47.0
5337 0.5 60 0 0 4737 0.4 40 0 0 30 53.1 47.1 47.1
5337 0.5 60 0 0 4737 0.4 40 0 0 60 53.3 47.2 47.2
5337 0.5 60 0 0 4737 0.4 40 0 0 90 53.3 47.1 47.1
5337 0.5 60 0 0 4737 0.4 40 0 0 120 53.1 47.0 47.0
5337 0.5 60 0 0 4737 0.4 40 0 0 150 53.2 47.1 47.1
5337 0.5 60 0 0 4737 0.4 40 0 0 180 53.0 47.1 47.1
5337 0.5 60 0 0 4737 0.4 50 0 0 0 51.8 47.4 47.4
5337 0.5 60 0 0 4737 0.4 50 0 0 30 51.9 47.4 47.4
5337 0.5 60 0 0 4737 0.4 50 0 0 60 52.1 47.5 47.5
5337 0.5 60 0 0 4737 0.4 50 0 0 90 52.1 47.6 47.6
5337 0.5 60 0 0 4737 0.4 50 0 0 120 51.9 47.7 47.7
5337 0.5 60 0 0 4737 0.4 50 0 0 150 52.0 47.9 47.9
5337 0.5 60 0 0 4737 0.4 50 0 0 180 51.9 47.8 47.8
5337 0.5 60 0 0 4737 0.4 60 0 0 0 49.5 48.0 48.0
5337 0.5 60 0 0 4737 0.4 60 0 0 30 49.6 47.9 47.9
5337 0.5 60 0 0 4737 0.4 60 0 0 60 49.7 48.0 48.0
5337 0.5 60 0 0 4737 0.4 60 0 0 90 49.9 48.1 48.1
5337 0.5 60 0 0 4737 0.4 60 0 0 120 49.5 48.2 48.2
5337 0.5 60 0 0 4737 0.4 60 0 0 150 49.6 48.6 48.6
5337 0.5 60 0 0 4737 0.4 60 0 0 180 49.6 48.8 48.8
5337 0.5 60 0 0 4737 0.5 0 0 0 0 53.4 47.6 47.6
5337 0.5 60 0 0 4737 0.5 0 0 0 30 53.5 47.6 47.6
5337 0.5 60 0 0 4737 0.5 0 0 0 60 53.6 47.8 47.8
5337 0.5 60 0 0 4737 0.5 0 0 0 90 53.7 48.0 48.0
5337 0.5 60 0 0 4737 0.5 0 0 0 120 53.5 48.2 48.2
5337 0.5 60 0 0 4737 0.5 0 0 0 150 53.6 48.8 48.8
5337 0.5 60 0 0 4737 0.5 0 0 0 180 53.4 48.6 48.6
5337 0.5 60 0 0 4737 0.5 10 0 0 0 53.3 46.9 46.9
5337 0.5 60 0 0 4737 0.5 10 0 0 30 53.4 47.0 47.0
5337 0.5 60 0 0 4737 0.5 10 0 0 60 53.5 47.1 47.1
5337 0.5 60 0 0 4737 0.5 10 0 0 90 53.6 47.2 47.2
5337 0.5 60 0 0 4737 0.5 10 0 0 120 53.4 47.5 47.5
5337 0.5 60 0 0 4737 0.5 10 0 0 150 53.6 48.0 48.0
5337 0.5 60 0 0 4737 0.5 10 0 0 180 53.3 47.8 47.8
5337 0.5 60 0 0 4737 0.5 20 0 0 0 53.0 46.1 46.1
5337 0.5 60 0 0 4737 0.5 20 0 0 30 53.1 46.2 46.2
5337 0.5 60 0 0 4737 0.5 20 0 0 60 53.2 46.3 46.3
5337 0.5 60 0 0 4737 0.5 20 0 0 90 53.4 46.5 46.5
5337 0.5 60 0 0 4737 0.5 20 0 0 120 53.1 46.7 46.7
5337 0.5 60 0 0 4737 0.5 20 0 0 150 53.3 47.0 47.0
5337 0.5 60 0 0 4737 0.5 20 0 0 180 53.0 46.8 46.8
5337 0.5 60 0 0 4737 0.5 30 0 0 0 52.5 46.4 46.4
5337 0.5 60 0 0 4737 0.5 30 0 0 30 52.5 46.4 46.4
5337 0.5 60 0 0 4737 0.5 30 0 0 60 52.6 46.5 46.5
5337 0.5 60 0 0 4737 0.5 30 0 0 90 52.8 46.6 46.6
5337 0.5 60 0 0 4737 0.5 30 0 0 120 52.6 46.6 46.6
5337 0.5 60 0 0 4737 0.5 30 0 0 150 52.8 46.6 46.6
5337 0.5 60 0 0 4737 0.5 30 0 0 180 52.5 46.3 46.3
5337 0.5 60 0 0 4737 0.5 40 0 0 0 51.7 46.6 46.6
5337 0.5 60 0 0 4737 0.5 40 0 0 30 51.7 46.6 46.6
5337 0.5 60 0 0 4737 0.5 40 0 0 60 51.8 46.6 46.6
5337 0.5 60 0 0 4737 0.5 40 0 0 90 52.0 46.6 46.6
5337 0.5 60 0 0 4737 0.5 40 0 0 120 51.8 46.8 46.8
5337 0.5 60 0 0 4737 0.5 40 0 0 150 52.0 46.7 46.7
5337 0.5 60 0 0 4737 0.5 40 0 0 180 51.7 46.6 46.6
5337 0.5 60 0 0 4737 0.5 50 0 0 0 50.4 46.7 46.7
5337 0.5 60 0 0 4737 0.5 50 0 0 30 50.4 46.8 46.8
5337 0.5 60 0 0 4737 0.5 50 0 0 60 50.5 46.8 46.8
5337 0.5 60 0 0 4737 0.5 50 0 0 90 50.8 46.9 46.9
5337 0.5 60 0 0 4737 0.5 50 0 0 120 50.5 47.0 47.0
5337 0.5 60 0 0 4737 0.5 50 0 0 150 50.7 47.2 47.2
5337 0.5 60 0 0 4737 0.5 50 0 0 180 50.4 47.1 47.1
5337 0.5 60 0 0 4737 0.5 60 0 0 0 48.3 47.1 47.1
5337 0.5 60 0 0 4737 0.5 60 0 0 30 48.2 47.1 47.1
5337 0.5 60 0 0 4737 0.5 60 0 0 60 48.3 47.1 47.1
5337 0.5 60 0 0 4737 0.5 60 0 0 90 48.5 47.1 47.1
5337 0.5 60 0 0 4737 0.5 60 0 0 120 48.3 47.2 47.2
5337 0.5 60 0 0 4737 0.5 60 0 0 150 48.3 47.6 47.6
5337 0.5 60 0 0 4737 0.5 60 0 0 180 48.3 47.8 47.8
5337 0.5 60 0 0 4937 0.0 0 0 0 0 59.6 54.5 54.5
5337 0.5 60 0 0 4937 0.0 0 0 0 30 59.8 54.7 54.7
5337 0.5 60 0 0 4937 0.0 0 0 0 60 59.9 55.0 55.0
5337 0.5 60 0 0 4937 0.0 0 0 0 90 60.0 55.6 55.6
5337 0.5 60 0 0 4937 0.0 0 0 0 120 60.0 56.0 56.0
5337 0.5 60 0 0 4937 0.0 0 0 0 150 59.8 56.1 56.1
5337 0.5 60 0 0 4937 0.0 0 0 0 180 59.7 56.0 56.0
5337 0.5 60 0 0 4937 0.0 10 0 0 0 59.6 54.1 54.1
5337 0.5 60 0 0 4937 0.0 10 0 0 30 59.7 54.3 54.3
5337 0.5 60 0 0 4937 0.0 10 0 0 60 59.8 54.7 54.7
5337 0.5 60 0 0 4937 0.0 10 0 0 90 59.9 55.2 55.2
5337 0.5 60 0 0 4937 0.0 10 0 0 120 59.9 55.6 55.6
5337 0.5 60 0 0 4937 0.0 10 0 0 150 59.7 55.9 55.9
5337 0.5 60 0 0 4937 0.0 10 0 0 180 59.6 55.7 55.7
5337 0.5 60 0 0 4937 0.0 20 0 0 0 59.4 53.1 53.1
5337 0.5 60 0 0 4937 0.0 20 0 0 30 59.5 53.3 53.3
5337 0.5 60 0 0 4937 0.0 20 0 0 60 59.6 53.6 53.6
5337 0.5 60 0 0 4937 0.0 20 0 0 90 59.7 53.9 53.9
5337 0.5 60 0 0 4937 0.0 20 0 0 120 59.7 54.5 54.5
5337 0.5 60 0 0 4937 0.0 20 0 0 150 59.5 54.8 54.8
5337 0.5 60 0 0 4937 0.0 20 0 0 180 59.4 54.5 54.5
5337 0.5 60 0 0 4937 0.0 30 0 0 0 59.0 50.9 50.9
5337 0.5 60 0 0 4937 0.0 30 0 0 30 59.2 51.2 51.2
5337 0.5 60 0 0 4937 0.0 30 0 0 60 59.3 51.6 51.6
5337 0.5 60 0 0 4937 0.0 30 0 0 90 59.4 51.9 51.9
5337 0.5 60 0 0 4937 0.0 30 0 0 120 59.3 51.9 51.9
5337 0.5 60 0 0 4937 0.0 30 0 0 150 59.2 51.8 51.8
5337 0.5 60 0 0 4937 0.0 30 0 0 180 59.1 51.5 51.5
5337 0.5 60 0 0 4937 0.0 40 0 0 0 58.4 50.7 50.7
5337 0.5 60 0 0 4937 0.0 40 0 0 30 58.6 51.1 51.1
5337 0.5 60 0 0 4937 0.0 40 0 0 60 58.7 51.4 51.4
5337 0.5 60 0 0 4937 0.0 40 0 0 90 58.8 51.8 51.8
5337 0.5 60 0 0 4937 0.0 40 0 0 120 58.7 51.8 51.8
5337 0.5 60 0 0 4937 0.0 40 0 0 150 58.6 51.6 51.6
5337 0.5 60 0 0 4937 0.0 40 0 0 180 58.5 51.4 51.4
5337 0.5 60 0 0 4937 0.0 50 0 0 0 57.5 51.1 51.1
5337 0.5 60 0 0 4937 0.0 50 0 0 30 57.7 51.5 51.5
5337 0.5 60 0 0 4937 0.0 50 0 0 60 57.8 51.8 51.8
5337 0.5 60 0 0 4937 0.0 50 0 0 90 57.9 52.3 52.3
5337 0.5 60 0 0 4937 0.0 50 0 0 120 57.8 52.4 52.4
5337 0.5 60 0 0 4937 0.0 50 0 0 150 57.7 52.4 52.4
5337 0.5 60 0 0 4937 0.0 50 0 0 180 57.6 52.1 52.1
5337 0.5 60 0 0 4937 0.0 60 0 0 0 56.0 52.2 52.2
5337 0.5 60 0 0 4937 0.0 60 0 0 30 56.2 52.4 52.4
5337 0.5 60 0 0 4937 0.0 60 0 0 60 56.3 52.8 52.8
5337 0.5 60 0 0 4937 0.0 60 0 0 90 56.3 53.2 53.2
5337 0.5 60 0 0 4937 0.0 60 0 0 120 56.2 53.4 53.4
5337 0.5 60 0 0 4937 0.0 60 0 0 150 56.2 53.6 53.6
5337 0.5 60 0 0 4937 0.0 60 0 0 180 56.1 53.4 53.4
5337 0.5 60 0 0 4937 0.1 0 0 0 0 58.5 53.3 53.3
5337 0.5 60 0 0 4937 0.1 0 0 0 30 58.7 53.5 53.5
5337 0.5 60 0 0 4937 0.1 0 0 0 60 58.7 53.8 53.8
5337 0.5 60 0 0 4937 0.1 0 0 0 90 58.8 54.4 54.4
5337 0.5 60 0 0 4937 0.1 0 0 0 120 58.9 54.9 54.9
5337 0.5 60 0 0 4937 0.1 0 0 0 150 58.7 55.2 55.2
5337 0.5 60 0 0 4937 0.1 0 0 0 180 58.6 54.9 54.9
5337 0.5 60 0 0 4937 0.1 10 0 0 0 58.4 52.9 52.9
5337 0.5 60 0 0 4937 0.1 10 0 0 30 58.6 53.1 53.1
5337 0.5 60 0 0 4937 0.1 10 0 0 60 58.7 53.4 53.4
5337 0.5 60 0 0 4937 0.1 10 0 0 90 58.8 53.9 53.9
5337 0.5 60 0 0 4937 0.1 10 0 0 120 58.8 54.5 54.5
5337 0.5 60 0 0 4937 0.1 10 0 0 150 58.6 54.9 54.9
5337 0.5 60 0 0 4937 0.1 10 0 0 180 58.5 54.6 54.6
5337 0.5 60 0 0 4937 0.1 20 0 0 0 58.2 51.9 51.9
5337 0.5 60 0 0 4937 0.1 20 0 0 30 58.4 52.0 52.0
5337 0.5 60 0 0 4937 0.1 20 0 0 60 58.4 52.4 52.4
5337 0.5 60 0 0 4937 0.1 20 0 0 90 58.6 52.7 52.7
5337 0.5 60 0 0 4937 0.1 20 0 0 120 58.6 53.3 53.3
5337 0.5 60 0 0 4937 0.1 20 0 0 150 58.4 53.8 53.8
5337 0.5 60 0 0 4937 0.1 20 0 0 180 58.3 53.4 53.4
5337 0.5 60 0 0 4937 0.1 30 0 0 0 57.8 49.7 49.7
5337 0.5 60 0 0 4937 0.1 30 0 0 30 58.0 50.0 50.0
5337 0.5 60 0 0 4937 0.1 30 0 0 60 58.0 50.4 50.4
5337 0.5 60 0 0 4937 0.1 30 0 0 90 58.2 50.7 50.7
5337 0.5 60 0 0 4937 0.1 30 0 0 120 58.2 50.9 50.9
5337 0.5 60 0 0 4937 0.1 30 0 0 150 58.0 50.9 50.9
5337 0.5 60 0 0 4937 0.1 30 0 0 180 57.9 50.5 50.5
5337 0.5 60 0 0 4937 0.1 40 0 0 0 57.2 49.6 49.6
5337 0.5 60 0 0 4937 0.1 40 0 0 30 57.4 49.9 49.9
5337 0.5 60 0 0 4937 0.1 40 0 0 60 57.4 50.3 50.3
5337 0.5 60 0 0 4937 0.1 40 0 0 90 57.6 50.6 50.6
5337 0.5 60 0 0 4937 0.1 40 0 0 120 57.5 50.9 50.9
5337 0.5 60 0 0 4937 0.1 40 0 0 150 57.4 50.8 50.8
5337 0.5 60 0 0 4937 0.1 40 0 0 180 57.3 50.3 50.3
5337 0.5 60 0 0 4937 0.1 50 0 0 0 56.3 50.0 50.0
5337 0.5 60 0 0 4937 0.1 50 0 0 30 56.4 50.3 50.3
5337 0.5 60 0 0 4937 0.1 50 0 0 60 56.5 50.6 50.6
5337 0.5 60 0 0 4937 0.1 50 0 0 90 56.6 51.1 51.1
5337 0.5 60 0 0 4937 0.1 50 0 0 120 56.6 51.4 51.4
5337 0.5 60 0 0 4937 0.1 50 0 0 150 56.4 51.6 51.6
5337 0.5 60 0 0 4937 0.1 50 0 0 180 56.4 51.3 51.3
5337 0.5 60 0 0 4937 0.1 60 0 0 0 54.6 51.1 51.1
5337 0.5 60 0 0 4937 0.1 60 0 0 30 54.9 51.3 51.3
5337 0.5 60 0 0 4937 0.1 60 0 0 60 54.9 51.5 51.5
5337 0.5 60 0 0 4937 0.1 60 0 0 90 55.0 51.9 51.9
5337 0.5 60 0 0 4937 0.1 60 0 0 120 54.8 52.3 52.3
5337 0.5 60 0 0 4937 0.1 60 0 0 150 54.8 52.5 52.5
5337 0.5 60 0 0 4937 0.1 60 0 0 180 54.8 52.5 52.5
5337 0.5 60 0 0 4937 0.2 0 0 0 0 57.4 52.1 52.1
5337 0.5 60 0 0 4937 0.2 0 0 0 30 57.5 52.3 52.3
5337 0.5 60 0 0 4937 0.2 0 0 0 60 57.6 52.6 52.6
5337 0.5 60 0 0 4937 0.2 0 0 0 90 57.6 53.1 53.1
5337 0.5 60 0 0 4937 0.2 0 0 0 120 57.7 53.6 53.6
5337 0.5 60 0 0 4937 0.2 0 0 0 150 57.6 54.1 54.1
5337 0.5 60 0 0 4937 0.2 0 0 0 180 57.5 53.9 53.9
5337 0.5 60 0 0 4937 0.2 10 0 0 0 57.3 51.8 51.8
5337 0.5 60 0 0 4937 0.2 10 0 0 30 57.4 51.9 51.9
5337 0.5 60 0 0 4937 0.2 10 0 0 60 57.5 52.2 52.2
5337 0.5 60 0 0 4937 0.2 10 0 0 90 57.6 52.6 52.6
5337 0.5 60 0 0 4937 0.2 10 0 0 120 57.7 53.2 53.2
5337 0.5 60 0 0 4937 0.2 10 0 0 150 57.5 53.8 53.8
5337 0.5 60 0 0 4937 0.2 10 0 0 180 57.4 53.5 53.5
5337 0.5 60 0 0 4937 0.2 20 0 0 0 57.1 50.6 50.6
5337 0.5 60 0 0 4937 0.2 20 0 0 30 57.2 50.7 50.7
5337 0.5 60 0 0 4937 0.2 20 0 0 60 57.3 51.0 51.0
5337 0.5 60 0 0 4937 0.2 20 0 0 90 57.3 51.4 51.4
5337 0.5 60 0 0 4937 0.2 20 0 0 120 57.4 52.0 52.0
5337 0.5 60 0 0 4937 0.2 20 0 0 150 57.3 52.7 52.7
5337 0.5 60 0 0 4937 0.2 20 0 0 180 57.2 52.3 52.3
5337 0.5 60 0 0 4937 0.2 30 0 0 0 56.6 48.5 48.5
5337 0.5 60 0 0 4937 0.2 30 0 0 30 56.8 48.8 48.8
5337 0.5 60 0 0 4937 0.2 30 0 0 60 56.9 49.2 49.2
5337 0.5 60 0 0 4937 0.2 30 0 0 90 56.9 49.6 49.6
5337 0.5 60 0 0 4937 0.2 30 0 0 120 57.0 50.0 50.0
5337 0.5 60 0 0 4937 0.2 30 0 0 150 56.8 50.1 50.1
5337 0.5 60 0 0 4937 0.2 30 0 0 180 56.7 49.6 49.6
5337 0.5 60 0 0 4937 0.2 40 0 0 0 56.0 48.6 48.6
5337 0.5 60 0 0 4937 0.2 40 0 0 30 56.1 48.8 48.8
5337 0.5 60 0 0 4937 0.2 40 0 0 60 56.2 49.2 49.2
5337 0.5 60 0 0 4937 0.2 40 0 0 90 56.3 49.6 49.6
5337 0.5 60 0 0 4937 0.2 40 0 0 120 56.3 50.0 50.0
5337 0.5 60 0 0 4937 0.2 40 0 0 150 56.2 50.1 50.1
5337 0.5 60 0 0 4937 0.2 40 0 0 180 56.1 49.6 49.6
5337 0.5 60 0 0 4937 0.2 50 0 0 0 55.0 48.9 48.9
5337 0.5 60 0 0 4937 0.2 50 0 0 30 55.1 49.2 49.2
5337 0.5 60 0 0 4937 0.2 50 0 0 60 55.2 49.5 49.5
5337 0.5 60 0 0 4937 0.2 50 0 0 90 55.3 49.9 49.9
5337 0.5 60 0 0 4937 0.2 50 0 0 120 55.3 50.4 50.4
5337 0.5 60 0 0 4937 0.2 50 0 0 150 55.2 50.6 50.6
5337 0.5 60 0 0 4937 0.2 50 0 0 180 55.1 50.4 50.4
5337 0.5 60 0 0 4937 0.2 60 0 0 0 53.4 50.1 50.1
5337 0.5 60 0 0 4937 0.2 60 0 0 30 53.5 50.2 50.2
5337 0.5 60 0 0 4937 0.2 60 0 0 60 53.5 50.4 50.4
5337 0.5 60 0 0 4937 0.2 60 0 0 90 53.5 50.8 50.8
5337 0.5 60 0 0 4937 0.2 60 0 0 120 53.5 51.1 51.1
5337 0.5 60 0 0 4937 0.2 60 0 0 150 53.5 51.4 51.4
5337 0.5 60 0 0 4937 0.2 60 0 0 180 53.5 51.4 51.4
5337 0.5 60 0 0 4937 0.3 0 0 0 0 56.2 51.0 51.0
5337 0.5 60 0 0 4937 0.3 0 0 0 30 56.3 51.1 51.1
5337 0.5 60 0 0 4937 0.3 0 0 0 60 56.5 51.3 51.3
5337 0.5 60 0 0 4937 0.3 0 0 0 90 56.5 51.8 51.8
5337 0.5 60 0 0 4937 0.3 0 0 0 120 56.5 52.4 52.4
5337 0.5 60 0 0 4937 0.3 0 0 0 150 56.4 53.0 53.0
5337 0.5 60 0 0 4937 0.3 0 0 0 180 56.3 52.7 52.7
5337 0.5 60 0 0 4937 0.3 10 0 0 0 56.1 50.5 50.5
5337 0.5 60 0 0 4937 0.3 10 0 0 30 56.2 50.6 50.6
5337 0.5 60 0 0 4937 0.3 10 0 0 60 56.4 50.9 50.9
5337 0.5 60 0 0 4937 0.3 10 0 0 90 56.4 51.2 51.2
5337 0.5 60 0 0 4937 0.3 10 0 0 120 56.5 52.0 52.0
5337 0.5 60 0 0 4937 0.3 10 0 0 150 56.4 52.6 52.6
5337 0.5 60 0 0 4937 0.3 10 0 0 180 56.2 52.4 52.4
5337 0.5 60 0 0 4937 0.3 20 0 0 0 55.9 49.1 49.1
5337 0.5 60 0 0 4937 0.3 20 0 0 30 56.0 49.2 49.2
5337 0.5 60 0 0 4937 0.3 20 0 0 60 56.1 49.6 49.6
5337 0.5 60 0 0 4937 0.3 20 0 0 90 56.2 49.8 49.8
5337 0.5 60 0 0 4937 0.3 20 0 0 120 56.2 50.5 50.5
5337 0.5 60 0 0 4937 0.3 20 0 0 150 56.1 51.2 51.2
5337 0.5 60 0 0 4937 0.3 20 0 0 180 56.0 50.9 50.9
5337 0.5 60 0 0 4937 0.3 30 0 0 0 55.4 47.5 47.5
5337 0.5 60 0 0 4937 0.3 30 0 0 30 55.5 47.7 47.7
5337 0.5 60 0 0 4937 0.3 30 0 0 60 55.7 48.1 48.1
5337 0.5 60 0 0 4937 0.3 30 0 0 90 55.7 48.4 48.4
5337 0.5 60 0 0 4937 0.3 30 0 0 120 55.7 49.0 49.0
5337 0.5 60 0 0 4937 0.3 30 0 0 150 55.6 49.3 49.3
5337 0.5 60 0 0 4937 0.3 30 0 0 180 55.6 48.6 48.6
5337 0.5 60 0 0 4937 0.3 40 0 0 0 54.8 47.6 47.6
5337 0.5 60 0 0 4937 0.3 40 0 0 30 54.9 47.7 47.7
5337 0.5 60 0 0 4937 0.3 40 0 0 60 55.0 48.2 48.2
5337 0.5 60 0 0 4937 0.3 40 0 0 90 55.0 48.5 48.5
5337 0.5 60 0 0 4937 0.3 40 0 0 120 55.0 49.0 49.0
5337 0.5 60 0 0 4937 0.3 40 0 0 150 54.9 49.3 49.3
5337 0.5 60 0 0 4937 0.3 40 0 0 180 54.9 48.9 48.9
5337 0.5 60 0 0 4937 0.3 50 0 0 0 53.7 47.9 47.9
5337 0.5 60 0 0 4937 0.3 50 0 0 30 53.8 48.1 48.1
5337 0.5 60 0 0 4937 0.3 50 0 0 60 53.9 48.4 48.4
5337 0.5 60 0 0 4937 0.3 50 0 0 90 54.0 48.8 48.8
5337 0.5 60 0 0 4937 0.3 50 0 0 120 53.9 49.3 49.3
5337 0.5 60 0 0 4937 0.3 50 0 0 150 53.8 49.7 49.7
5337 0.5 60 0 0 4937 0.3 50 0 0 180 53.9 49.6 49.6
5337 0.5 60 0 0 4937 0.3 60 0 0 0 52.0 49.1 49.1
5337 0.5 60 0 0 4937 0.3 60 0 0 30 52.0 49.2 49.2
5337 0.5 60 0 0 4937 0.3 60 0 0 60 52.0 49.4 49.4
5337 0.5 60 0 0 4937 0.3 60 0 0 90 52.1 49.6 49.6
5337 0.5 60 0 0 4937 0.3 60 0 0 120 52.0 49.9 49.9
5337 0.5 60 0 0 4937 0.3 60 0 0 150 51.9 50.2 50.2
5337 0.5 60 0 0 4937 0.3 60 0 0 180 52.1 50.3 50.3
5337 0.5 60 0 0 4937 0.4 0 0 0 0 55.1 49.7 49.7
5337 0.5 60 0 0 4937 0.4 0 0 0 30 55.1 49.8 49.8
5337 0.5 60 0 0 4937 0.4 0 0 0 60 55.2 50.0 50.0
5337 0.5 60 0 0 4937 0.4 0 0 0 90 55.3 50.3 50.3
5337 0.5 60 0 0 4937 0.4 0 0 0 120 55.3 50.9 50.9
5337 0.5 60 0 0 4937 0.4 0 0 0 150 55.3 51.6 51.6
5337 0.5 60 0 0 4937 0.4 0 0 0 180 55.1 51.5 51.5
5337 0.5 60 0 0 4937 0.4 10 0 0 0 55.0 49.1 49.1
5337 0.5 60 0 0 4937 0.4 10 0 0 30 55.0 49.3 49.3
5337 0.5 60 0 0 4937 0.4 10 0 0 60 55.1 49.5 49.5
5337 0.5 60 0 0 4937 0.4 10 0 0 90 55.2 49.7 49.7
5337 0.5 60 0 0 4937 0.4 10 0 0 120 55.2 50.4 50.4
5337 0.5 60 0 0 4937 0.4 10 0 0 150 55.2 51.2 51.2
5337 0.5 60 0 0 4937 0.4 10 0 0 180 55.0 51.1 51.1
5337 0.5 60 0 0 4937 0.4 20 0 0 0 54.7 47.1 47.1
5337 0.5 60 0 0 4937 0.4 20 0 0 30 54.7 47.3 47.3
5337 0.5 60 0 0 4937 0.4 20 0 0 60 54.9 47.6 47.6
5337 0.5 60 0 0 4937 0.4 20 0 0 90 55.0 47.8 47.8
5337 0.5 60 0 0 4937 0.4 20 0 0 120 55.0 48.4 48.4
5337 0.5 60 0 0 4937 0.4 20 0 0 150 54.9 49.4 49.4
5337 0.5 60 0 0 4937 0.4 20 0 0 180 54.8 49.1 49.1
5337 0.5 60 0 0 4937 0.4 30 0 0 0 54.2 46.6 46.6
5337 0.5 60 0 0 4937 0.4 30 0 0 30 54.3 46.8 46.8
5337 0.5 60 0 0 4937 0.4 30 0 0 60 54.4 47.2 47.2
5337 0.5 60 0 0 4937 0.4 30 0 0 90 54.5 47.5 47.5
5337 0.5 60 0 0 4937 0.4 30 0 0 120 54.5 48.1 48.1
5337 0.5 60 0 0 4937 0.4 30 0 0 150 54.4 48.7 48.7
5337 0.5 60 0 0 4937 0.4 30 0 0 180 54.3 48.1 48.1
5337 0.5 60 0 0 4937 0.4 40 0 0 0 53.5 46.7 46.7
5337 0.5 60 0 0 4937 0.4 40 0 0 30 53.6 46.9 46.9
5337 0.5 60 0 0 4937 0.4 40 0 0 60 53.7 47.3 47.3
5337 0.5 60 0 0 4937 0.4 40 0 0 90 53.7 47.6 47.6
5337 0.5 60 0 0 4937 0.4 40 0 0 120 53.7 48.2 48.2
5337 0.5 60 0 0 4937 0.4 40 0 0 150 53.6 48.7 48.7
5337 0.5 60 0 0 4937 0.4 40 0 0 180 53.6 48.4 48.4
5337 0.5 60 0 0 4937 0.4 50 0 0 0 52.4 47.3 47.3
5337 0.5 60 0 0 4937 0.4 50 0 0 30 52.5 47.2 47.2
5337 0.5 60 0 0 4937 0.4 50 0 0 60 52.6 47.5 47.5
5337 0.5 60 0 0 4937 0.4 50 0 0 90 52.6 47.8 47.8
5337 0.5 60 0 0 4937 0.4 50 0 0 120 52.5 48.3 48.3
5337 0.5 60 0 0 4937 0.4 50 0 0 150 52.5 48.9 48.9
5337 0.5 60 0 0 4937 0.4 50 0 0 180 52.5 48.8 48.8
5337 0.5 60 0 0 4937 0.4 60 0 0 0 50.3 48.2 48.2
5337 0.5 60 0 0 4937 0.4 60 0 0 30 50.3 48.1 48.1
5337 0.5 60 0 0 4937 0.4 60 0 0 60 50.4 48.4 48.4
5337 0.5 60 0 0 4937 0.4 60 0 0 90 50.3 48.6 48.6
5337 0.5 60 0 0 4937 0.4 60 0 0 120 50.3 48.9 48.9
5337 0.5 60 0 0 4937 0.4 60 0 0 150 50.2 49.2 49.2
5337 0.5 60 0 0 4937 0.4 60 0 0 180 50.4 49.3 49.3
5337 0.5 60 0 0 4937 0.5 0 0 0 0 53.8 48.1 48.1
5337 0.5 60 0 0 4937 0.5 0 0 0 30 53.9 48.2 48.2
5337 0.5 60 0 0 4937 0.5 0 0 0 60 54.0 48.5 48.5
5337 0.5 60 0 0 4937 0.5 0 0 0 90 54.1 48.7 48.7
5337 0.5 60 0 0 4937 0.5 0 0 0 120 54.1 49.2 49.2
5337 0.5 60 0 0 4937 0.5 0 0 0 150 54.0 50.1 50.1
5337 0.5 60 0 0 4937 0.5 0 0 0 180 53.9 49.9 49.9
5337 0.5 60 0 0 4937 0.5 10 0 0 0 53.7 47.3 47.3
5337 0.5 60 0 0 4937 0.5 10 0 0 30 53.8 47.4 47.4
5337 0.5 60 0 0 4937 0.5 10 0 0 60 53.9 47.6 47.6
5337 0.5 60 0 0 4937 0.5 10 0 0 90 54.0 47.9 47.9
5337 0.5 60 0 0 4937 0.5 10 0 0 120 54.0 48.4 48.4
5337 0.5 60 0 0 4937 0.5 10 0 0 150 53.9 49.4 49.4
5337 0.5 60 0 0 4937 0.5 10 0 0 180 53.8 49.2 49.2
5337 0.5 60 0 0 4937 0.5 20 0 0 0 53.4 46.0 46.0
5337 0.5 60 0 0 4937 0.5 20 0 0 30 53.5 46.2 46.2
5337 0.5 60 0 0 4937 0.5 20 0 0 60 53.6 46.4 46.4
5337 0.5 60 0 0 4937 0.5 20 0 0 90 53.7 46.7 46.7
5337 0.5 60 0 0 4937 0.5 20 0 0 120 53.7 47.2 47.2
5337 0.5 60 0 0 4937 0.5 20 0 0 150 53.6 48.3 48.3
5337 0.5 60 0 0 4937 0.5 20 0 0 180 53.5 48.0 48.0
5337 0.5 60 0 0 4937 0.5 30 0 0 0 52.9 45.9 45.9
5337 0.5 60 0 0 4937 0.5 30 0 0 30 53.0 46.1 46.1
5337 0.5 60 0 0 4937 0.5 30 0 0 60 53.1 46.4 46.4
5337 0.5 60 0 0 4937 0.5 30 0 0 90 53.2 46.7 46.7
5337 0.5 60 0 0 4937 0.5 30 0 0 120 53.2 47.3 47.3
5337 0.5 60 0 0 4937 0.5 30 0 0 150 53.1 48.0 48.0
5337 0.5 60 0 0 4937 0.5 30 0 0 180 53.0 47.8 47.8
5337 0.5 60 0 0 4937 0.5 40 0 0 0 52.2 46.0 46.0
5337 0.5 60 0 0 4937 0.5 40 0 0 30 52.2 46.2 46.2
5337 0.5 60 0 0 4937 0.5 40 0 0 60 52.3 46.4 46.4
5337 0.5 60 0 0 4937 0.5 40 0 0 90 52.4 46.8 46.8
5337 0.5 60 0 0 4937 0.5 40 0 0 120 52.3 47.3 47.3
5337 0.5 60 0 0 4937 0.5 40 0 0 150 52.3 48.0 48.0
5337 0.5 60 0 0 4937 0.5 40 0 0 180 52.2 47.9 47.9
5337 0.5 60 0 0 4937 0.5 50 0 0 0 51.0 46.5 46.5
5337 0.5 60 0 0 4937 0.5 50 0 0 30 51.0 46.5 46.5
5337 0.5 60 0 0 4937 0.5 50 0 0 60 51.1 46.7 46.7
5337 0.5 60 0 0 4937 0.5 50 0 0 90 51.2 47.0 47.0
5337 0.5 60 0 0 4937 0.5 50 0 0 120 51.0 47.3 47.3
5337 0.5 60 0 0 4937 0.5 50 0 0 150 51.0 47.9 47.9
5337 0.5 60 0 0 4937 0.5 50 0 0 180 51.0 48.1 48.1
5337 0.5 60 0 0 4937 0.5 60 0 0 0 48.8 47.3 47.3
5337 0.5 60 0 0 4937 0.5 60 0 0 30 48.9 47.3 47.3
5337 0.5 60 0 0 4937 0.5 60 0 0 60 48.9 47.3 47.3
5337 0.5 60 0 0 4937 0.5 60 0 0 90 49.0 47.7 47.7
5337 0.5 60 0 0 4937 0.5 60 0 0 120 48.7 47.8 47.8
5337 0.5 60 0 0 4937 0.5 60 0 0 150 48.7 48.2 48.2
5337 0.5 60 0 0 4937 0.5 60 0 0 180 49.0 48.4 48.4
5337 0.5 60 0 0 5137 0.0 0 0 0 0 60.0 54.8 54.8
5337 0.5 60 0 0 5137 0.0 0 0 0 30 59.9 55.6 55.6
5337 0.5 60 0 0 5137 0.0 0 0 0 60 59.8 56.4 56.4
5337 0.5 60 0 0 5137 0.0 0 0 0 90 59.7 56.9 56.9
5337 0.5 60 0 0 5137 0.0 0 0 0 120 59.6 57.0 57.0
5337 0.5 60 0 0 5137 0.0 0 0 0 150 59.7 56.5 56.5
5337 0.5 60 0 0 5137 0.0 0 0 0 180 59.8 55.9 55.9
5337 0.5 60 0 0 5137 0.0 10 0 0 0 59.9 54.5 54.5
5337 0.5 60 0 0 5137 0.0 10 0 0 30 59.9 55.2 55.2
5337 0.5 60 0 0 5137 0.0 10 0 0 60 59.7 56.0 56.0
5337 0.5 60 0 0 5137 0.0 10 0 0 90 59.6 56.5 56.5
5337 0.5 60 0 0 5137 0.0 10 0 0 120 59.5 56.6 56.6
5337 0.5 60 0 0 5137 0.0 10 0 0 150 59.6 56.1 56.1
5337 0.5 60 0 0 5137 0.0 10 0 0 180 59.8 55.6 55.6
5337 0.5 60 0 0 5137 0.0 20 0 0 0 59.8 53.7 53.7
5337 0.5 60 0 0 5137 0.0 20 0 0 30 59.7 54.2 54.2
5337 0.5 60 0 0 5137 0.0 20 0 0 60 59.5 54.7 54.7
5337 0.5 60 0 0 5137 0.0 20 0 0 90 59.4 55.3 55.3
5337 0.5 60 0 0 5137 0.0 20 0 0 120 59.3 55.5 55.5
5337 0.5 60 0 0 5137 0.0 20 0 0 150 59.4 55.0 55.0
5337 0.5 60 0 0 5137 0.0 20 0 0 180 59.6 54.5 54.5
5337 0.5 60 0 0 5137 0.0 30 0 0 0 59.4 52.0 52.0
5337 0.5 60 0 0 5137 0.0 30 0 0 30 59.3 52.3 52.3
5337 0.5 60 0 0 5137 0.0 30 0 0 60 59.2 52.3 52.3
5337 0.5 60 0 0 5137 0.0 30 0 0 90 59.1 52.4 52.4
5337 0.5 60 0 0 5137 0.0 30 0 0 120 59.0 52.3 52.3
5337 0.5 60 0 0 5137 0.0 30 0 0 150 59.0 51.9 51.9
5337 0.5 60 0 0 5137 0.0 30 0 0 180 59.2 51.5 51.5
5337 0.5 60 0 0 5137 0.0 40 0 0 0 58.9 51.6 51.6
5337 0.5 60 0 0 5137 0.0 40 0 0 30 58.8 51.9 51.9
5337 0.5 60 0 0 5137 0.0 40 0 0 60 58.7 51.9 51.9
5337 0.5 60 0 0 5137 0.0 40 0 0 90 58.5 52.0 52.0
5337 0.5 60 0 0 5137 0.0 40 0 0 120 58.4 51.9 51.9
5337 0.5 60 0 0 5137 0.0 40 0 0 150 58.4 51.8 51.8
5337 0.5 60 0 0 5137 0.0 40 0 0 180 58.6 51.4 51.4
5337 0.5 60 0 0 5137 0.0 50 0 0 0 58.1 52.0 52.0
5337 0.5 60 0 0 5137 0.0 50 0 0 30 58.0 52.2 52.2
5337 0.5 60 0 0 5137 0.0 50 0 0 60 57.9 52.2 52.2
5337 0.5 60 0 0 5137 0.0 50 0 0 90 57.7 52.2 52.2
5337 0.5 60 0 0 5137 0.0 50 0 0 120 57.6 52.3 52.3
5337 0.5 60 0 0 5137 0.0 50 0 0 150 57.5 52.3 52.3
5337 0.5 60 0 0 5137 0.0 50 0 0 180 57.7 52.3 52.3
5337 0.5 60 0 0 5137 0.0 60 0 0 0 56.7 53.1 53.1
5337 0.5 60 0 0 5137 0.0 60 0 0 30 56.6 53.0 53.0
5337 0.5 60 0 0 5137 0.0 60 0 0 60 56.5 53.0 53.0
5337 0.5 60 0 0 5137 0.0 60 0 0 90 56.3 53.0 53.0
5337 0.5 60 0 0 5137 0.0 60 0 0 120 56.2 53.2 53.2
5337 0.5 60 0 0 5137 0.0 60 0 0 150 56.1 53.3 53.3
5337 0.5 60 0 0 5137 0.0 60 0 0 180 56.3 53.5 53.5
5337 0.5 60 0 0 5137 0.1 0 0 0 0 58.9 53.8 53.8
5337 0.5 60 0 0 5137 0.1 0 0 0 30 58.8 54.5 54.5
5337 0.5 60 0 0 5137 0.1 0 0 0 60 58.7 55.2 55.2
5337 0.5 60 0 0 5137 0.1 0 0 0 90 58.6 55.7 55.7
5337 0.5 60 0 0 5137 0.1 0 0 0 120 58.5 55.9 55.9
5337 0.5 60 0 0 5137 0.1 0 0 0 150 58.4 55.5 55.5
5337 0.5 60 0 0 5137 0.1 0 0 0 180 58.7 54.8 54.8
5337 0.5 60 0 0 5137 0.1 10 0 0 0 58.9 53.4 53.4
5337 0.5 60 0 0 5137 0.1 10 0 0 30 58.8 54.0 54.0
5337 0.5 60 0 0 5137 0.1 10 0 0 60 58.7 54.8 54.8
5337 0.5 60 0 0 5137 0.1 10 0 0 90 58.5 55.4 55.4
5337 0.5 60 0 0 5137 0.1 10 0 0 120 58.4 55.6 55.6
5337 0.5 60 0 0 5137 0.1 10 0 0 150 58.4 55.3 55.3
5337 0.5 60 0 0 5137 0.1 10 0 0 180 58.6 54.5 54.5
5337 0.5 60 0 0 5137 0.1 20 0 0 0 58.7 52.4 52.4
5337 0.5 60 0 0 5137 0.1 20 0 0 30 58.6 52.9 52.9
5337 0.5 60 0 0 5137 0.1 20 0 0 60 58.5 53.5 53.5
5337 0.5 60 0 0 5137 0.1 20 0 0 90 58.3 54.2 54.2
5337 0.5 60 0 0 5137 0.1 20 0 0 120 58.2 54.5 54.5
5337 0.5 60 0 0 5137 0.1 20 0 0 150 58.1 54.2 54.2
5337 0.5 60 0 0 5137 0.1 20 0 0 180 58.3 53.5 53.5
5337 0.5 60 0 0 5137 0.1 30 0 0 0 58.3 50.6 50.6
5337 0.5 60 0 0 5137 0.1 30 0 0 30 58.2 50.9 50.9
5337 0.5 60 0 0 5137 0.1 30 0 0 60 58.1 51.1 51.1
5337 0.5 60 0 0 5137 0.1 30 0 0 90 58.0 51.2 51.2
5337 0.5 60 0 0 5137 0.1 30 0 0 120 57.8 51.4 51.4
5337 0.5 60 0 0 5137 0.1 30 0 0 150 57.7 51.3 51.3
5337 0.5 60 0 0 5137 0.1 30 0 0 180 57.9 50.6 50.6
5337 0.5 60 0 0 5137 0.1 40 0 0 0 57.8 50.5 50.5
5337 0.5 60 0 0 5137 0.1 40 0 0 30 57.7 50.7 50.7
5337 0.5 60 0 0 5137 0.1 40 0 0 60 57.5 50.8 50.8
5337 0.5 60 0 0 5137 0.1 40 0 0 90 57.4 50.9 50.9
5337 0.5 60 0 0 5137 0.1 40 0 0 120 57.2 50.9 50.9
5337 0.5 60 0 0 5137 0.1 40 0 0 150 57.1 51.0 51.0
5337 0.5 60 0 0 5137 0.1 40 0 0 180 57.3 50.6 50.6
5337 0.5 60 0 0 5137 0.1 50 0 0 0 56.9 50.7 50.7
5337 0.5 60 0 0 5137 0.1 50 0 0 30 56.8 50.9 50.9
5337 0.5 60 0 0 5137 0.1 50 0 0 60 56.7 51.0 51.0
5337 0.5 60 0 0 5137 0.1 50 0 0 90 56.5 51.1 51.1
5337 0.5 60 0 0 5137 0.1 50 0 0 120 56.3 51.2 51.2
5337 0.5 60 0 0 5137 0.1 50 0 0 150 56.2 51.4 51.4
5337 0.5 60 0 0 5137 0.1 50 0 0 180 56.4 51.4 51.4
5337 0.5 60 0 0 5137 0.1 60 0 0 0 55.4 52.1 52.1
5337 0.5 60 0 0 5137 0.1 60 0 0 30 55.4 52.0 52.0
5337 0.5 60 0 0 5137 0.1 60 0 0 60 55.3 51.8 51.8
5337 0.5 60 0 0 5137 0.1 60 0 0 90 55.1 51.8 51.8
5337 0.5 60 0 0 5137 0.1 60 0 0 120 54.8 51.9 51.9
5337 0.5 60 0 0 5137 0.1 60 0 0 150 54.7 52.1 52.1
5337 0.5 60 0 0 5137 0.1 60 0 0 180 54.8 52.4 52.4
5337 0.5 60 0 0 5137 0.2 0 0 0 0 57.9 52.7 52.7
5337 0.5 60 0 0 5137 0.2 0 0 0 30 57.8 53.3 53.3
5337 0.5 60 0 0 5137 0.2 0 0 0 60 57.7 54.0 54.0
5337 0.5 60 0 0 5137 0.2 0 0 0 90 57.5 54.5 54.5
5337 0.5 60 0 0 5137 0.2 0 0 0 120 57.3 54.8 54.8
5337 0.5 60 0 0 5137 0.2 0 0 0 150 57.2 54.6 54.6
5337 0.5 60 0 0 5137 0.2 0 0 0 180 57.4 53.7 53.7
5337 0.5 60 0 0 5137 0.2 10 0 0 0 57.8 52.2 52.2
5337 0.5 60 0 0 5137 0.2 10 0 0 30 57.7 52.8 52.8
5337 0.5 60 0 0 5137 0.2 10 0 0 60 57.6 53.5 53.5
5337 0.5 60 0 0 5137 0.2 10 0 0 90 57.4 54.1 54.1
5337 0.5 60 0 0 5137 0.2 10 0 0 120 57.3 54.5 54.5
5337 0.5 60 0 0 5137 0.2 10 0 0 150 57.1 54.4 54.4
5337 0.5 60 0 0 5137 0.2 10 0 0 180 57.4 53.4 53.4
5337 0.5 60 0 0 5137 0.2 20 0 0 0 57.6 51.1 51.1
5337 0.5 60 0 0 5137 0.2 20 0 0 30 57.5 51.6 51.6
5337 0.5 60 0 0 5137 0.2 20 0 0 60 57.4 52.2 52.2
5337 0.5 60 0 0 5137 0.2 20 0 0 90 57.2 52.9 52.9
5337 0.5 60 0 0 5137 0.2 20 0 0 120 57.0 53.4 53.4
5337 0.5 60 0 0 5137 0.2 20 0 0 150 56.8 53.4 53.4
5337 0.5 60 0 0 5137 0.2 20 0 0 180 57.1 52.4 52.4
5337 0.5 60 0 0 5137 0.2 30 0 0 0 57.2 49.3 49.3
5337 0.5 60 0 0 5137 0.2 30 0 0 30 57.2 49.7 49.7
5337 0.5 60 0 0 5137 0.2 30 0 0 60 57.0 49.9 49.9
5337 0.5 60 0 0 5137 0.2 30 0 0 90 56.8 50.1 50.1
5337 0.5 60 0 0 5137 0.2 30 0 0 120 56.6 50.4 50.4
5337 0.5 60 0 0 5137 0.2 30 0 0 150 56.4 50.5 50.5
5337 0.5 60 0 0 5137 0.2 30 0 0 180 56.7 49.8 49.8
5337 0.5 60 0 0 5137 0.2 40 0 0 0 56.6 49.3 49.3
5337 0.5 60 0 0 5137 0.2 40 0 0 30 56.6 49.5 49.5
5337 0.5 60 0 0 5137 0.2 40 0 0 60 56.5 49.7 49.7
5337 0.5 60 0 0 5137 0.2 40 0 0 90 56.2 49.8 49.8
5337 0.5 60 0 0 5137 0.2 40 0 0 120 56.0 50.0 50.0
5337 0.5 60 0 0 5137 0.2 40 0 0 150 55.8 50.1 50.1
5337 0.5 60 0 0 5137 0.2 40 0 0 180 56.0 49.9 49.9
5337 0.5 60 0 0 5137 0.2 50 0 0 0 55.7 49.6 49.6
5337 0.5 60 0 0 5137 0.2 50 0 0 30 55.7 49.7 49.7
5337 0.5 60 0 0 5137 0.2 50 0 0 60 55.5 49.9 49.9
5337 0.5 60 0 0 5137 0.2 50 0 0 90 55.3 50.0 50.0
5337 0.5 60 0 0 5137 0.2 50 0 0 120 55.0 50.2 50.2
5337 0.5 60 0 0 5137 0.2 50 0 0 150 54.9 50.4 50.4
5337 0.5 60 0 0 5137 0.2 50 0 0 180 55.0 50.5 50.5
5337 0.5 60 0 0 5137 0.2 60 0 0 0 54.1 51.1 51.1
5337 0.5 60 0 0 5137 0.2 60 0 0 30 54.2 50.9 50.9
5337 0.5 60 0 0 5137 0.2 60 0 0 60 54.0 50.8 50.8
5337 0.5 60 0 0 5137 0.2 60 0 0 90 53.9 50.6 50.6
5337 0.5 60 0 0 5137 0.2 60 0 0 120 53.5 50.8 50.8
5337 0.5 60 0 0 5137 0.2 60 0 0 150 53.3 51.0 51.0
5337 0.5 60 0 0 5137 0.2 60 0 0 180 53.4 51.3 51.3
5337 0.5 60 0 0 5137 0.3 0 0 0 0 56.8 51.5 51.5
5337 0.5 60 0 0 5137 0.3 0 0 0 30 56.8 52.0 52.0
5337 0.5 60 0 0 5137 0.3 0 0 0 60 56.7 52.6 52.6
5337 0.5 60 0 0 5137 0.3 0 0 0 90 56.5 53.2 53.2
5337 0.5 60 0 0 5137 0.3 0 0 0 120 56.2 53.7 53.7
5337 0.5 60 0 0 5137 0.3 0 0 0 150 55.9 53.7 53.7
5337 0.5 60 0 0 5137 0.3 0 0 0 180 56.2 52.6 52.6
5337 0.5 60 0 0 5137 0.3 10 0 0 0 56.7 51.0 51.0
5337 0.5 60 0 0 5137 0.3 10 0 0 30 56.7 51.5 51.5
5337 0.5 60 0 0 5137 0.3 10 0 0 60 56.6 52.1 52.1
5337 0.5 60 0 0 5137 0.3 10 0 0 90 56.4 52.8 52.8
5337 0.5 60 0 0 5137 0.3 10 0 0 120 56.1 53.3 53.3
5337 0.5 60 0 0 5137 0.3 10 0 0 150 55.8 53.5 53.5
5337 0.5 60 0 0 5137 0.3 10 0 0 180 56.1 52.4 52.4
5337 0.5 60 0 0 5137 0.3 20 0 0 0 56.5 49.7 49.7
5337 0.5 60 0 0 5137 0.3 20 0 0 30 56.4 50.1 50.1
5337 0.5 60 0 0 5137 0.3 20 0 0 60 56.4 50.6 50.6
5337 0.5 60 0 0 5137 0.3 20 0 0 90 56.2 51.4 51.4
5337 0.5 60 0 0 5137 0.3 20 0 0 120 55.9 52.0 52.0
5337 0.5 60 0 0 5137 0.3 20 0 0 150 55.6 52.3 52.3
5337 0.5 60 0 0 5137 0.3 20 0 0 180 55.8 51.3 51.3
5337 0.5 60 0 0 5137 0.3 30 0 0 0 56.1 48.1 48.1
5337 0.5 60 0 0 5137 0.3 30 0 0 30 56.0 48.4 48.4
5337 0.5 60 0 0 5137 0.3 30 0 0 60 56.0 48.7 48.7
5337 0.5 60 0 0 5137 0.3 30 0 0 90 55.8 49.0 49.0
5337 0.5 60 0 0 5137 0.3 30 0 0 120 55.5 49.4 49.4
5337 0.5 60 0 0 5137 0.3 30 0 0 150 55.1 49.8 49.8
5337 0.5 60 0 0 5137 0.3 30 0 0 180 55.4 49.2 49.2
5337 0.5 60 0 0 5137 0.3 40 0 0 0 55.5 48.1 48.1
5337 0.5 60 0 0 5137 0.3 40 0 0 30 55.4 48.4 48.4
5337 0.5 60 0 0 5137 0.3 40 0 0 60 55.3 48.6 48.6
5337 0.5 60 0 0 5137 0.3 40 0 0 90 55.1 48.8 48.8
5337 0.5 60 0 0 5137 0.3 40 0 0 120 54.9 49.0 49.0
5337 0.5 60 0 0 5137 0.3 40 0 0 150 54.5 49.3 49.3
5337 0.5 60 0 0 5137 0.3 40 0 0 180 54.6 49.3 49.3
5337 0.5 60 0 0 5137 0.3 50 0 0 0 54.4 48.7 48.7
5337 0.5 60 0 0 5137 0.3 50 0 0 30 54.4 48.7 48.7
5337 0.5 60 0 0 5137 0.3 50 0 0 60 54.4 48.8 48.8
5337 0.5 60 0 0 5137 0.3 50 0 0 90 54.2 48.9 48.9
5337 0.5 60 0 0 5137 0.3 50 0 0 120 53.9 49.1 49.1
5337 0.5 60 0 0 5137 0.3 50 0 0 150 53.5 49.4 49.4
5337 0.5 60 0 0 5137 0.3 50 0 0 180 53.6 49.7 49.7
5337 0.5 60 0 0 5137 0.3 60 0 0 0 52.7 50.0 50.0
5337 0.5 60 0 0 5137 0.3 60 0 0 30 52.8 49.9 49.9
5337 0.5 60 0 0 5137 0.3 60 0 0 60 52.7 49.8 49.8
5337 0.5 60 0 0 5137 0.3 60 0 0 90 52.7 49.7 49.7
5337 0.5 60 0 0 5137 0.3 60 0 0 120 52.3 49.6 49.6
5337 0.5 60 0 0 5137 0.3 60 0 0 150 52.0 49.9 49.9
5337 0.5 60 0 0 5137 0.3 60 0 0 180 52.0 50.3 50.3
5337 0.5 60 0 0 5137 0.4 0 0 0 0 55.7 50.2 50.2
5337 0.5 60 0 0 5137 0.4 0 0 0 30 55.7 50.6 50.6
5337 0.5 60 0 0 5137 0.4 0 0 0 60 55.6 51.1 51.1
5337 0.5 60 0 0 5137 0.4 0 0 0 90 55.5 51.8 51.8
5337 0.5 60 0 0 5137 0.4 0 0 0 120 55.2 52.4 52.4
5337 0.5 60 0 0 5137 0.4 0 0 0 150 54.7 52.8 52.8
5337 0.5 60 0 0 5137 0.4 0 0 0 180 54.9 51.5 51.5
5337 0.5 60 0 0 5137 0.4 10 0 0 0 55.6 49.6 49.6
5337 0.5 60 0 0 5137 0.4 10 0 0 30 55.6 50.0 50.0
5337 0.5 60 0 0 5137 0.4 10 0 0 60 55.5 50.6 50.6
5337 0.5 60 0 0 5137 0.4 10 0 0 90 55.4 51.2 51.2
5337 0.5 60 0 0 5137 0.4 10 0 0 120 55.1 51.9 51.9
5337 0.5 60 0 0 5137 0.4 10 0 0 150 54.6 52.4 52.4
5337 0.5 60 0 0 5137 0.4 10 0 0 180 54.8 51.3 51.3
5337 0.5 60 0 0 5137 0.4 20 0 0 0 55.4 47.8 47.8
5337 0.5 60 0 0 5137 0.4 20 0 0 30 55.4 48.1 48.1
5337 0.5 60 0 0 5137 0.4 20 0 0 60 55.3 48.6 48.6
5337 0.5 60 0 0 5137 0.4 20 0 0 90 55.1 49.3 49.3
5337 0.5 60 0 0 5137 0.4 20 0 0 120 54.9 50.1 50.1
5337 0.5 60 0 0 5137 0.4 20 0 0 150 54.4 50.7 50.7
5337 0.5 60 0 0 5137 0.4 20 0 0 180 54.5 49.9 49.9
5337 0.5 60 0 0 5137 0.4 30 0 0 0 54.9 47.1 47.1
5337 0.5 60 0 0 5137 0.4 30 0 0 30 54.9 47.3 47.3
5337 0.5 60 0 0 5137 0.4 30 0 0 60 54.9 47.6 47.6
5337 0.5 60 0 0 5137 0.4 30 0 0 90 54.7 47.9 47.9
5337 0.5 60 0 0 5137 0.4 30 0 0 120 54.4 48.4 48.4
5337 0.5 60 0 0 5137 0.4 30 0 0 150 54.0 49.0 49.0
5337 0.5 60 0 0 5137 0.4 30 0 0 180 54.0 48.8 48.8
5337 0.5 60 0 0 5137 0.4 40 0 0 0 54.2 47.2 47.2
5337 0.5 60 0 0 5137 0.4 40 0 0 30 54.2 47.3 47.3
5337 0.5 60 0 0 5137 0.4 40 0 0 60 54.2 47.6 47.6
5337 0.5 60 0 0 5137 0.4 40 0 0 90 54.0 47.8 47.8
5337 0.5 60 0 0 5137 0.4 40 0 0 120 53.8 48.1 48.1
5337 0.5 60 0 0 5137 0.4 40 0 0 150 53.3 48.6 48.6
5337 0.5 60 0 0 5137 0.4 40 0 0 180 53.3 48.8 48.8
5337 0.5 60 0 0 5137 0.4 50 0 0 0 53.2 47.9 47.9
5337 0.5 60 0 0 5137 0.4 50 0 0 30 53.2 47.9 47.9
5337 0.5 60 0 0 5137 0.4 50 0 0 60 53.1 47.9 47.9
5337 0.5 60 0 0 5137 0.4 50 0 0 90 53.0 47.9 47.9
5337 0.5 60 0 0 5137 0.4 50 0 0 120 52.8 48.2 48.2
5337 0.5 60 0 0 5137 0.4 50 0 0 150 52.3 48.5 48.5
5337 0.5 60 0 0 5137 0.4 50 0 0 180 52.3 48.9 48.9
5337 0.5 60 0 0 5137 0.4 60 0 0 0 51.2 49.1 49.1
5337 0.5 60 0 0 5137 0.4 60 0 0 30 51.3 49.0 49.0
5337 0.5 60 0 0 5137 0.4 60 0 0 60 51.3 48.9 48.9
5337 0.5 60 0 0 5137 0.4 60 0 0 90 51.3 48.8 48.8
5337 0.5 60 0 0 5137 0.4 60 0 0 120 51.1 48.6 48.6
5337 0.5 60 0 0 5137 0.4 60 0 0 150 50.5 48.8 48.8
5337 0.5 60 0 0 5137 0.4 60 0 0 180 50.4 49.2 49.2
5337 0.5 60 0 0 5137 0.5 0 0 0 0 54.6 48.6 48.6
5337 0.5 60 0 0 5137 0.5 0 0 0 30 54.5 49.0 49.0
5337 0.5 60 0 0 5137 0.5 0 0 0 60 54.5 49.4 49.4
5337 0.5 60 0 0 5137 0.5 0 0 0 90 54.4 50.0 50.0
5337 0.5 60 0 0 5137 0.5 0 0 0 120 54.2 50.8 50.8
5337 0.5 60 0 0 5137 0.5 0 0 0 150 53.7 51.6 51.6
5337 0.5 60 0 0 5137 0.5 0 0 0 180 53.5 50.3 50.3
5337 0.5 60 0 0 5137 0.5 10 0 0 0 54.5 47.9 47.9
5337 0.5 60 0 0 5137 0.5 10 0 0 30 54.5 48.2 48.2
5337 0.5 60 0 0 5137 0.5 10 0 0 60 54.4 48.7 48.7
5337 0.5 60 0 0 5137 0.5 10 0 0 90 54.3 49.3 49.3
5337 0.5 60 0 0 5137 0.5 10 0 0 120 54.1 50.1 50.1
5337 0.5 60 0 0 5137 0.5 10 0 0 150 53.6 51.0 51.0
5337 0.5 60 0 0 5137 0.5 10 0 0 180 53.4 50.0 50.0
5337 0.5 60 0 0 5137 0.5 20 0 0 0 54.2 46.3 46.3
5337 0.5 60 0 0 5137 0.5 20 0 0 30 54.2 46.5 46.5
5337 0.5 60 0 0 5137 0.5 20 0 0 60 54.2 46.9 46.9
5337 0.5 60 0 0 5137 0.5 20 0 0 90 54.0 47.5 47.5
5337 0.5 60 0 0 5137 0.5 20 0 0 120 53.8 48.4 48.4
5337 0.5 60 0 0 5137 0.5 20 0 0 150 53.3 49.3 49.3
5337 0.5 60 0 0 5137 0.5 20 0 0 180 53.1 48.8 48.8
5337 0.5 60 0 0 5137 0.5 30 0 0 0 53.7 46.2 46.2
5337 0.5 60 0 0 5137 0.5 30 0 0 30 53.7 46.4 46.4
5337 0.5 60 0 0 5137 0.5 30 0 0 60 53.7 46.6 46.6
5337 0.5 60 0 0 5137 0.5 30 0 0 90 53.6 46.9 46.9
5337 0.5 60 0 0 5137 0.5 30 0 0 120 53.4 47.6 47.6
5337 0.5 60 0 0 5137 0.5 30 0 0 150 52.9 48.3 48.3
5337 0.5 60 0 0 5137 0.5 30 0 0 180 52.6 48.3 48.3
5337 0.5 60 0 0 5137 0.5 40 0 0 0 52.9 46.4 46.4
5337 0.5 60 0 0 5137 0.5 40 0 0 30 52.9 46.5 46.5
5337 0.5 60 0 0 5137 0.5 40 0 0 60 52.9 46.6 46.6
5337 0.5 60 0 0 5137 0.5 40 0 0 90 52.8 46.9 46.9
5337 0.5 60 0 0 5137 0.5 40 0 0 120 52.7 47.4 47.4
5337 0.5 60 0 0 5137 0.5 40 0 0 150 52.2 47.9 47.9
5337 0.5 60 0 0 5137 0.5 40 0 0 180 51.9 48.2 48.2
5337 0.5 60 0 0 5137 0.5 50 0 0 0 51.7 47.2 47.2
5337 0.5 60 0 0 5137 0.5 50 0 0 30 51.8 47.1 47.1
5337 0.5 60 0 0 5137 0.5 50 0 0 60 51.8 47.1 47.1
5337 0.5 60 0 0 5137 0.5 50 0 0 90 51.7 47.1 47.1
5337 0.5 60 0 0 5137 0.5 50 0 0 120 51.7 47.3 47.3
5337 0.5 60 0 0 5137 0.5 50 0 0 150 51.1 47.7 47.7
5337 0.5 60 0 0 5137 0.5 50 0 0 180 50.9 48.2 48.2
5337 0.5 60 0 0 5137 0.5 60 0 0 0 49.5 48.1 48.1
5337 0.5 60 0 0 5137 0.5 60 0 0 30 49.6 48.1 48.1
5337 0.5 60 0 0 5137 0.5 60 0 0 60 49.6 48.0 48.0
5337 0.5 60 0 0 5137 0.5 60 0 0 90 49.7 47.9 47.9
5337 0.5 60 0 0 5137 0.5 60 0 0 120 49.8 47.8 47.8
5337 0.5 60 0 0 5137 0.5 60 0 0 150 49.0 47.8 47.8
5337 0.5 60 0 0 5137 0.5 60 0 0 180 48.8 48.3 48.3
5337 0.5 60 0 0 5337 0.0 0 0 0 0 50.1 47.4 47.4
5337 0.5 60 0 0 5337 0.0 0 0 0 30 51.6 51.0 51.0
5337 0.5 60 0 0 5337 0.0 0 0 0 60 55.2 56.3 56.3
5337 0.5 60 0 0 5337 0.0 0 0 0 90 60.8 61.9 61.9
5337 0.5 60 0 0 5337 0.0 0 0 0 120 66.0 65.1 65.1
5337 0.5 60 0 0 5337 0.0 0 0 0 150 69.6 64.6 64.6
5337 0.5 60 0 0 5337 0.0 0 0 0 180 70.6 62.1 62.1
5337 0.5 60 0 0 5337 0.0 10 0 0 0 50.0 46.6 46.6
5337 0.5 60 0 0 5337 0.0 10 0 0 30 51.5 49.8 49.8
5337 0.5 60 0 0 5337 0.0 10 0 0 60 55.1 55.2 55.2
5337 0.5 60 0 0 5337 0.0 10 0 0 90 60.7 61.1 61.1
5337 0.5 60 0 0 5337 0.0 10 0 0 120 65.9 64.6 64.6
5337 0.5 60 0 0 5337 0.0 10 0 0 150 69.6 65.0 65.0
5337 0.5 60 0 0 5337 0.0 10 0 0 180 70.6 62.9 62.9
5337 0.5 60 0 0 5337 0.0 20 0 0 0 49.9 45.2 45.2
5337 0.5 60 0 0 5337 0.0 20 0 0 30 51.3 47.9 47.9
5337 0.5 60 0 0 5337 0.0 20 0 0 60 54.8 53.5 53.5
5337 0.5 60 0 0 5337 0.0 20 0 0 90 60.6 59.6 59.6
5337 0.5 60 0 0 5337 0.0 20 0 0 120 65.8 63.2 63.2
5337 0.5 60 0 0 5337 0.0 20 0 0 150 69.4 64.6 64.6
5337 0.5 60 0 0 5337 0.0 20 0 0 180 70.4 63.0 63.0
5337 0.5 60 0 0 5337 0.0 30 0 0 0 49.6 42.0 42.0
5337 0.5 60 0 0 5337 0.0 30 0 0 30 50.9 44.2 44.2
5337 0.5 60 0 0 5337 0.0 30 0 0 60 54.4 49.6 49.6
5337 0.5 60 0 0 5337 0.0 30 0 0 90 60.3 55.8 55.8
5337 0.5 60 0 0 5337 0.0 30 0 0 120 65.5 59.2 59.2
5337 0.5 60 0 0 5337 0.0 30 0 0 150 69.1 61.8 61.8
5337 0.5 60 0 0 5337 0.0 30 0 0 180 70.1 61.9 61.9
5337 0.5 60 0 0 5337 0.0 40 0 0 0 49.2 41.7 41.7
5337 0.5 60 0 0 5337 0.0 40 0 0 30 50.4 43.6 43.6
5337 0.5 60 0 0 5337 0.0 40 0 0 60 53.8 48.7 48.7
5337 0.5 60 0 0 5337 0.0 40 0 0 90 59.9 54.6 54.6
5337 0.5 60 0 0 5337 0.0 40 0 0 120 64.9 58.2 58.2
5337 0.5 60 0 0 5337 0.0 40 0 0 150 68.5 61.0 61.0
5337 0.5 60 0 0 5337 0.0 40 0 0 180 69.6 62.2 62.2
5337 0.5 60 0 0 5337 0.0 50 0 0 0 48.5 42.1 42.1
5337 0.5 60 0 0 5337 0.0 50 0 0 30 49.6 44.0 44.0
5337 0.5 60 0 0 5337 0.0 50 0 0 60 52.9 48.9 48.9
5337 0.5 60 0 0 5337 0.0 50 0 0 90 59.2 54.6 54.6
5337 0.5 60 0 0 5337 0.0 50 0 0 120 64.1 58.4 58.4
5337 0.5 60 0 0 5337 0.0 50 0 0 150 67.5 61.3 61.3
5337 0.5 60 0 0 5337 0.0 50 0 0 180 68.8 63.3 63.3
5337 0.5 60 0 0 5337 0.0 60 0 0 0 47.5 43.0 43.0
5337 0.5 60 0 0 5337 0.0 60 0 0 30 48.4 44.8 44.8
5337 0.5 60 0 0 5337 0.0 60 0 0 60 51.5 49.6 49.6
5337 0.5 60 0 0 5337 0.0 60 0 0 90 58.2 55.4 55.4
5337 0.5 60 0 0 5337 0.0 60 0 0 120 62.6 59.4 59.4
5337 0.5 60 0 0 5337 0.0 60 0 0 150 65.9 62.6 62.6
5337 0.5 60 0 0 5337 0.0 60 0 0 180 67.3 64.9 64.9
5337 0.5 60 0 0 5337 0.1 0 0 0 0 48.1 45.8 45.8
5337 0.5 60 0 0 5337 0.1 0 0 0 30 49.6 49.1 49.1
5337 0.5 60 0 0 5337 0.1 0 0 0 60 52.9 53.7 53.7
5337 0.5 60 0 0 5337 0.1 0 0 0 90 58.1 59.2 59.2
5337 0.5 60 0 0 5337 0.1 0 0 0 120 63.6 63.4 63.4
5337 0.5 60 0 0 5337 0.1 0 0 0 150 67.9 63.9 63.9
5337 0.5 60 0 0 5337 0.1 0 0 0 180 69.0 61.0 61.0
5337 0.5 60 0 0 5337 0.1 10 0 0 0 48.1 44.9 44.9
5337 0.5 60 0 0 5337 0.1 10 0 0 30 49.5 47.9 47.9
5337 0.5 60 0 0 5337 0.1 10 0 0 60 52.8 52.7 52.7
5337 0.5 60 0 0 5337 0.1 10 0 0 90 58.0 58.3 58.3
5337 0.5 60 0 0 5337 0.1 10 0 0 120 63.5 62.7 62.7
5337 0.5 60 0 0 5337 0.1 10 0 0 150 67.8 63.8 63.8
5337 0.5 60 0 0 5337 0.1 10 0 0 180 69.0 61.8 61.8
5337 0.5 60 0 0 5337 0.1 20 0 0 0 47.9 43.3 43.3
5337 0.5 60 0 0 5337 0.1 20 0 0 30 49.2 45.9 45.9
5337 0.5 60 0 0 5337 0.1 20 0 0 60 52.5 50.8 50.8
5337 0.5 60 0 0 5337 0.1 20 0 0 90 57.9 56.7 56.7
5337 0.5 60 0 0 5337 0.1 20 0 0 120 63.4 61.1 61.1
5337 0.5 60 0 0 5337 0.1 20 0 0 150 67.7 63.2 63.2
5337 0.5 60 0 0 5337 0.1 20 0 0 180 68.8 61.9 61.9
5337 0.5 60 0 0 5337 0.1 30 0 0 0 47.5 39.9 39.9
5337 0.5 60 0 0 5337 0.1 30 0 0 30 48.8 42.0 42.0
5337 0.5 60 0 0 5337 0.1 30 0 0 60 52.1 47.0 47.0
5337 0.5 60 0 0 5337 0.1 30 0 0 90 57.6 53.0 53.0
5337 0.5 60 0 0 5337 0.1 30 0 0 120 63.0 57.1 57.1
5337 0.5 60 0 0 5337 0.1 30 0 0 150 67.3 60.5 60.5
5337 0.5 60 0 0 5337 0.1 30 0 0 180 68.5 60.9 60.9
5337 0.5 60 0 0 5337 0.1 40 0 0 0 47.0 39.7 39.7
5337 0.5 60 0 0 5337 0.1 40 0 0 30 48.1 41.3 41.3
5337 0.5 60 0 0 5337 0.1 40 0 0 60 51.4 46.0 46.0
5337 0.5 60 0 0 5337 0.1 40 0 0 90 57.2 51.8 51.8
5337 0.5 60 0 0 5337 0.1 40 0 0 120 62.5 56.0 56.0
5337 0.5 60 0 0 5337 0.1 40 0 0 150 66.8 59.5 59.5
5337 0.5 60 0 0 5337 0.1 40 0 0 180 67.9 61.3 61.3
5337 0.5 60 0 0 5337 0.1 50 0 0 0 46.2 40.1 40.1
5337 0.5 60 0 0 5337 0.1 50 0 0 30 47.2 41.7 41.7
5337 0.5 60 0 0 5337 0.1 50 0 0 60 50.5 46.0 46.0
5337 0.5 60 0 0 5337 0.1 50 0 0 90 56.5 51.6 51.6
5337 0.5 60 0 0 5337 0.1 50 0 0 120 61.7 55.9 55.9
5337 0.5 60 0 0 5337 0.1 50 0 0 150 65.8 59.7 59.7
5337 0.5 60 0 0 5337 0.1 50 0 0 180 67.1 62.3 62.3
5337 0.5 60 0 0 5337 0.1 60 0 0 0 45.1 40.9 40.9
5337 0.5 60 0 0 5337 0.1 60 0 0 30 46.0 42.6 42.6
5337 0.5 60 0 0 5337 0.1 60 0 0 60 49.1 46.7 46.7
5337 0.5 60 0 0 5337 0.1 60 0 0 90 55.5 52.2 52.2
5337 0.5 60 0 0 5337 0.1 60 0 0 120 60.2 56.7 56.7
5337 0.5 60 0 0 5337 0.1 60 0 0 150 64.2 60.8 60.8
5337 0.5 60 0 0 5337 0.1 60 0 0 180 65.5 64.0 64.0
5337 0.5 60 0 0 5337 0.2 0 0 0 0 46.2 44.5 44.5
5337 0.5 60 0 0 5337 0.2 0 0 0 30 47.6 47.2 47.2
5337 0.5 60 0 0 5337 0.2 0 0 0 60 50.7 51.2 51.2
5337 0.5 60 0 0 5337 0.2 0 0 0 90 55.5 56.3 56.3
5337 0.5 60 0 0 5337 0.2 0 0 0 120 61.0 61.3 61.3
5337 0.5 60 0 0 5337 0.2 0 0 0 150 66.0 62.5 62.5
5337 0.5 60 0 0 5337 0.2 0 0 0 180 67.4 59.9 59.9
5337 0.5 60 0 0 5337 0.2 10 0 0 0 46.2 43.3 43.3
5337 0.5 60 0 0 5337 0.2 10 0 0 30 47.5 46.0 46.0
5337 0.5 60 0 0 5337 0.2 10 0 0 60 50.6 50.1 50.1
5337 0.5 60 0 0 5337 0.2 10 0 0 90 55.4 55.4 55.4
5337 0.5 60 0 0 5337 0.2 10 0 0 120 61.0 60.5 60.5
5337 0.5 60 0 0 5337 0.2 10 0 0 150 65.9 62.3 62.3
5337 0.5 60 0 0 5337 0.2 10 0 0 180 67.3 60.6 60.6
5337 0.5 60 0 0 5337 0.2 20 0 0 0 45.9 41.5 41.5
5337 0.5 60 0 0 5337 0.2 20 0 0 30 47.2 44.0 44.0
5337 0.5 60 0 0 5337 0.2 20 0 0 60 50.3 48.3 48.3
5337 0.5 60 0 0 5337 0.2 20 0 0 90 55.2 53.7 53.7
5337 0.5 60 0 0 5337 0.2 20 0 0 120 60.8 58.7 58.7
5337 0.5 60 0 0 5337 0.2 20 0 0 150 65.7 61.5 61.5
5337 0.5 60 0 0 5337 0.2 20 0 0 180 67.1 60.6 60.6
5337 0.5 60 0 0 5337 0.2 30 0 0 0 45.5 38.0 38.0
5337 0.5 60 0 0 5337 0.2 30 0 0 30 46.7 40.1 40.1
5337 0.5 60 0 0 5337 0.2 30 0 0 60 49.8 44.5 44.5
5337 0.5 60 0 0 5337 0.2 30 0 0 90 54.9 50.1 50.1
5337 0.5 60 0 0 5337 0.2 30 0 0 120 60.5 54.8 54.8
5337 0.5 60 0 0 5337 0.2 30 0 0 150 65.4 58.9 58.9
5337 0.5 60 0 0 5337 0.2 30 0 0 180 66.7 59.5 59.5
5337 0.5 60 0 0 5337 0.2 40 0 0 0 44.9 37.7 37.7
5337 0.5 60 0 0 5337 0.2 40 0 0 30 46.0 39.2 39.2
5337 0.5 60 0 0 5337 0.2 40 0 0 60 49.1 43.5 43.5
5337 0.5 60 0 0 5337 0.2 40 0 0 90 54.5 48.9 48.9
5337 0.5 60 0 0 5337 0.2 40 0 0 120 59.9 53.6 53.6
5337 0.5 60 0 0 5337 0.2 40 0 0 150 64.8 57.9 57.9
5337 0.5 60 0 0 5337 0.2 40 0 0 180 66.1 60.1 60.1
5337 0.5 60 0 0 5337 0.2 50 0 0 0 44.0 38.2 38.2
5337 0.5 60 0 0 5337 0.2 50 0 0 30 45.0 39.6 39.6
5337 0.5 60 0 0 5337 0.2 50 0 0 60 48.2 43.5 43.5
5337 0.5 60 0 0 5337 0.2 50 0 0 90 53.9 48.7 48.7
5337 0.5 60 0 0 5337 0.2 50 0 0 120 59.1 53.5 53.5
5337 0.5 60 0 0 5337 0.2 50 0 0 150 63.9 58.1 58.1
5337 0.5 60 0 0 5337 0.2 50 0 0 180 65.2 61.1 61.1
5337 0.5 60 0 0 5337 0.2 60 0 0 0 42.7 38.9 38.9
5337 0.5 60 0 0 5337 0.2 60 0 0 30 43.5 40.4 40.4
5337 0.5 60 0 0 5337 0.2 60 0 0 60 46.9 43.9 43.9
5337 0.5 60 0 0 5337 0.2 60 0 0 90 52.8 49.1 49.1
5337 0.5 60 0 0 5337 0.2 60 0 0 120 57.7 54.1 54.1
5337 0.5 60 0 0 5337 0.2 60 0 0 150 62.3 59.0 59.0
5337 0.5 60 0 0 5337 0.2 60 0 0 180 63.5 62.6 62.6
5337 0.5 60 0 0 5337 0.3 0 0 0 0 44.4 43.7 43.7
5337 0.5 60 0 0 5337 0.3 0 0 0 30 45.7 45.5 45.5
5337 0.5 60 0 0 5337 0.3 0 0 0 60 48.5 48.8 48.8
5337 0.5 60 0 0 5337 0.3 0 0 0 90 52.9 53.3 53.3
5337 0.5 60 0 0 5337 0.3 0 0 0 120 58.4 58.9 58.9
5337 0.5 60 0 0 5337 0.3 0 0 0 150 63.9 60.8 60.8
5337 0.5 60 0 0 5337 0.3 0 0 0 180 65.6 58.6 58.6
5337 0.5 60 0 0 5337 0.3 10 0 0 0 44.3 42.1 42.1
5337 0.5 60 0 0 5337 0.3 10 0 0 30 45.6 44.2 44.2
5337 0.5 60 0 0 5337 0.3 10 0 0 60 48.4 47.7 47.7
5337 0.5 60 0 0 5337 0.3 10 0 0 90 52.8 52.4 52.4
5337 0.5 60 0 0 5337 0.3 10 0 0 120 58.3 58.0 58.0
5337 0.5 60 0 0 5337 0.3 10 0 0 150 63.9 60.5 60.5
5337 0.5 60 0 0 5337 0.3 10 0 0 180 65.5 59.3 59.3
5337 0.5 60 0 0 5337 0.3 20 0 0 0 44.0 39.9 39.9
5337 0.5 60 0 0 5337 0.3 20 0 0 30 45.3 42.1 42.1
5337 0.5 60 0 0 5337 0.3 20 0 0 60 48.1 45.7 45.7
5337 0.5 60 0 0 5337 0.3 20 0 0 90 52.7 50.7 50.7
5337 0.5 60 0 0 5337 0.3 20 0 0 120 58.1 55.9 55.9
5337 0.5 60 0 0 5337 0.3 20 0 0 150 63.7 59.5 59.5
5337 0.5 60 0 0 5337 0.3 20 0 0 180 65.3 59.0 59.0
5337 0.5 60 0 0 5337 0.3 30 0 0 0 43.5 36.4 36.4
5337 0.5 60 0 0 5337 0.3 30 0 0 30 44.7 38.6 38.6
5337 0.5 60 0 0 5337 0.3 30 0 0 60 47.6 42.3 42.3
5337 0.5 60 0 0 5337 0.3 30 0 0 90 52.3 47.3 47.3
5337 0.5 60 0 0 5337 0.3 30 0 0 120 57.8 52.4 52.4
5337 0.5 60 0 0 5337 0.3 30 0 0 150 63.3 57.3 57.3
5337 0.5 60 0 0 5337 0.3 30 0 0 180 64.8 58.0 58.0
5337 0.5 60 0 0 5337 0.3 40 0 0 0 42.8 35.8 35.8
5337 0.5 60 0 0 5337 0.3 40 0 0 30 43.9 37.5 37.5
5337 0.5 60 0 0 5337 0.3 40 0 0 60 47.0 41.3 41.3
5337 0.5 60 0 0 5337 0.3 40 0 0 90 51.9 46.2 46.2
5337 0.5 60 0 0 5337 0.3 40 0 0 120 57.3 51.3 51.3
5337 0.5 60 0 0 5337 0.3 40 0 0 150 62.7 56.4 56.4
5337 0.5 60 0 0 5337 0.3 40 0 0 180 64.2 58.6 58.6
5337 0.5 60 0 0 5337 0.3 50 0 0 0 41.7 36.3 36.3
5337 0.5 60 0 0 5337 0.3 50 0 0 30 42.8 37.6 37.6
5337 0.5 60 0 0 5337 0.3 50 0 0 60 46.1 41.1 41.1
5337 0.5 60 0 0 5337 0.3 50 0 0 90 51.2 45.9 45.9
5337 0.5 60 0 0 5337 0.3 50 0 0 120 56.4 50.9 50.9
5337 0.5 60 0 0 5337 0.3 50 0 0 150 61.7 56.3 56.3
5337 0.5 60 0 0 5337 0.3 50 0 0 180 63.2 59.8 59.8
5337 0.5 60 0 0 5337 0.3 60 0 0 0 40.3 36.9 36.9
5337 0.5 60 0 0 5337 0.3 60 0 0 30 41.2 38.3 38.3
5337 0.5 60 0 0 5337 0.3 60 0 0 60 44.9 41.4 41.4
5337 0.5 60 0 0 5337 0.3 60 0 0 90 50.1 46.0 46.0
5337 0.5 60 0 0 5337 0.3 60 0 0 120 54.9 51.2 51.2
5337 0.5 60 0 0 5337 0.3 60 0 0 150 60.1 56.9 56.9
5337 0.5 60 0 0 5337 0.3 60 0 0 180 61.4 61.1 61.1
5337 0.5 60 0 0 5337 0.4 0 0 0 0 42.8 43.4 43.4
5337 0.5 60 0 0 5337 0.4 0 0 0 30 44.0 44.4 44.4
5337 0.5 60 0 0 5337 0.4 0 0 0 60 46.5 46.4 46.4
5337 0.5 60 0 0 5337 0.4 0 0 0 90 50.4 50.3 50.3
5337 0.5 60 0 0 5337 0.4 0 0 0 120 55.6 56.2 56.2
5337 0.5 60 0 0 5337 0.4 0 0 0 150 61.7 58.9 58.9
5337 0.5 60 0 0 5337 0.4 0 0 0 180 63.7 57.3 57.3
5337 0.5 60 0 0 5337 0.4 10 0 0 0 42.7 41.5 41.5
5337 0.5 60 0 0 5337 0.4 10 0 0 30 43.9 42.8 42.8
5337 0.5 60 0 0 5337 0.4 10 0 0 60 46.4 45.3 45.3
5337 0.5 60 0 0 5337 0.4 10 0 0 90 50.4 49.4 49.4
5337 0.5 60 0 0 5337 0.4 10 0 0 120 55.5 55.0 55.0
5337 0.5 60 0 0 5337 0.4 10 0 0 150 61.6 58.5 58.5
5337 0.5 60 0 0 5337 0.4 10 0 0 180 63.6 57.6 57.6
5337 0.5 60 0 0 5337 0.4 20 0 0 0 42.3 38.7 38.7
5337 0.5 60 0 0 5337 0.4 20 0 0 30 43.6 40.4 40.4
5337 0.5 60 0 0 5337 0.4 20 0 0 60 46.1 43.1 43.1
5337 0.5 60 0 0 5337 0.4 20 0 0 90 50.2 47.4 47.4
5337 0.5 60 0 0 5337 0.4 20 0 0 120 55.3 52.7 52.7
5337 0.5 60 0 0 5337 0.4 20 0 0 150 61.4 57.2 57.2
5337 0.5 60 0 0 5337 0.4 20 0 0 180 63.4 56.9 56.9
5337 0.5 60 0 0 5337 0.4 30 0 0 0 41.7 35.5 35.5
5337 0.5 60 0 0 5337 0.4 30 0 0 30 43.0 37.4 37.4
5337 0.5 60 0 0 5337 0.4 30 0 0 60 45.7 40.4 40.4
5337 0.5 60 0 0 5337 0.4 30 0 0 90 49.8 44.6 44.6
5337 0.5 60 0 0 5337 0.4 30 0 0 120 55.0 49.9 49.9
5337 0.5 60 0 0 5337 0.4 30 0 0 150 61.0 55.6 55.6
5337 0.5 60 0 0 5337 0.4 30 0 0 180 62.9 56.5 56.5
5337 0.5 60 0 0 5337 0.4 40 0 0 0 40.8 34.3 34.3
5337 0.5 60 0 0 5337 0.4 40 0 0 30 42.1 36.3 36.3
5337 0.5 60 0 0 5337 0.4 40 0 0 60 45.0 39.4 39.4
5337 0.5 60 0 0 5337 0.4 40 0 0 90 49.4 43.6 43.6
5337 0.5 60 0 0 5337 0.4 40 0 0 120 54.4 48.8 48.8
5337 0.5 60 0 0 5337 0.4 40 0 0 150 60.4 54.8 54.8
5337 0.5 60 0 0 5337 0.4 40 0 0 180 62.2 57.4 57.4
5337 0.5 60 0 0 5337 0.4 50 0 0 0 39.6 34.4 34.4
5337 0.5 60 0 0 5337 0.4 50 0 0 30 40.9 35.9 35.9
5337 0.5 60 0 0 5337 0.4 50 0 0 60 44.2 39.0 39.0
5337 0.5 60 0 0 5337 0.4 50 0 0 90 48.7 43.1 43.1
5337 0.5 60 0 0 5337 0.4 50 0 0 120 53.5 48.2 48.2
5337 0.5 60 0 0 5337 0.4 50 0 0 150 59.4 54.4 54.4
5337 0.5 60 0 0 5337 0.4 50 0 0 180 61.0 58.3 58.3
5337 0.5 60 0 0 5337 0.4 60 0 0 0 37.9 35.0 35.0
5337 0.5 60 0 0 5337 0.4 60 0 0 30 39.4 36.3 36.3
5337 0.5 60 0 0 5337 0.4 60 0 0 60 43.0 39.0 39.0
5337 0.5 60 0 0 5337 0.4 60 0 0 90 47.4 43.0 43.0
5337 0.5 60 0 0 5337 0.4 60 0 0 120 52.0 48.3 48.3
5337 0.5 60 0 0 5337 0.4 60 0 0 150 57.6 54.7 54.7
5337 0.5 60 0 0 5337 0.4 60 0 0 180 59.1 59.5 59.5
5337 0.5 60 0 0 5337 0.5 0 0 0 0 41.7 43.1 43.1
5337 0.5 60 0 0 5337 0.5 0 0 0 30 42.7 43.9 43.9
5337 0.5 60 0 0 5337 0.5 0 0 0 60 44.7 45.1 45.1
5337 0.5 60 0 0 5337 0.5 0 0 0 90 48.1 47.3 47.3
5337 0.5 60 0 0 5337 0.5 0 0 0 120 52.7 52.8 52.8
5337 0.5 60 0 0 5337 0.5 0 0 0 150 59.3 56.5 56.5
5337 0.5 60 0 0 5337 0.5 0 0 0 180 61.8 55.4 55.4
5337 0.5 60 0 0 5337 0.5 10 0 0 0 41.5 41.0 41.0
5337 0.5 60 0 0 5337 0.5 10 0 0 30 42.6 42.0 42.0
5337 0.5 60 0 0 5337 0.5 10 0 0 60 44.6 43.4 43.4
5337 0.5 60 0 0 5337 0.5 10 0 0 90 48.0 46.3 46.3
5337 0.5 60 0 0 5337 0.5 10 0 0 120 52.6 51.6 51.6
5337 0.5 60 0 0 5337 0.5 10 0 0 150 59.2 56.0 56.0
5337 0.5 60 0 0 5337 0.5 10 0 0 180 61.7 55.5 55.5
5337 0.5 60 0 0 5337 0.5 20 0 0 0 41.1 37.9 37.9
5337 0.5 60 0 0 5337 0.5 20 0 0 30 42.2 39.1 39.1
5337 0.5 60 0 0 5337 0.5 20 0 0 60 44.4 40.9 40.9
5337 0.5 60 0 0 5337 0.5 20 0 0 90 47.8 44.0 44.0
5337 0.5 60 0 0 5337 0.5 20 0 0 120 52.4 49.1 49.1
5337 0.5 60 0 0 5337 0.5 20 0 0 150 59.0 54.5 54.5
5337 0.5 60 0 0 5337 0.5 20 0 0 180 61.4 54.6 54.6
5337 0.5 60 0 0 5337 0.5 30 0 0 0 40.4 35.6 35.6
5337 0.5 60 0 0 5337 0.5 30 0 0 30 41.6 37.0 37.0
5337 0.5 60 0 0 5337 0.5 30 0 0 60 43.9 39.0 39.0
5337 0.5 60 0 0 5337 0.5 30 0 0 90 47.4 42.2 42.2
5337 0.5 60 0 0 5337 0.5 30 0 0 120 52.0 47.3 47.3
5337 0.5 60 0 0 5337 0.5 30 0 0 150 58.5 53.8 53.8
5337 0.5 60 0 0 5337 0.5 30 0 0 180 60.9 55.2 55.2
5337 0.5 60 0 0 5337 0.5 40 0 0 0 39.4 34.2 34.2
5337 0.5 60 0 0 5337 0.5 40 0 0 30 40.8 35.7 35.7
5337 0.5 60 0 0 5337 0.5 40 0 0 60 43.3 37.8 37.8
5337 0.5 60 0 0 5337 0.5 40 0 0 90 46.9 41.1 41.1
5337 0.5 60 0 0 5337 0.5 40 0 0 120 51.4 46.1 46.1
5337 0.5 60 0 0 5337 0.5 40 0 0 150 57.8 53.0 53.0
5337 0.5 60 0 0 5337 0.5 40 0 0 180 60.1 56.1 56.1
5337 0.5 60 0 0 5337 0.5 50 0 0 0 38.0 33.3 33.3
5337 0.5 60 0 0 5337 0.5 50 0 0 30 39.8 34.9 34.9
5337 0.5 60 0 0 5337 0.5 50 0 0 60 42.5 37.2 37.2
5337 0.5 60 0 0 5337 0.5 50 0 0 90 46.2 40.5 40.5
5337 0.5 60 0 0 5337 0.5 50 0 0 120 50.5 45.6 45.6
5337 0.5 60 0 0 5337 0.5 50 0 0 150 56.8 52.5 52.5
5337 0.5 60 0 0 5337 0.5 50 0 0 180 58.8 56.8 56.8
5337 0.5 60 0 0 5337 0.5 60 0 0 0 36.0 33.1 33.1
5337 0.5 60 0 0 5337 0.5 60 0 0 30 38.2 34.6 34.6
5337 0.5 60 0 0 5337 0.5 60 0 0 60 40.9 36.9 36.9
5337 0.5 60 0 0 5337 0.5 60 0 0 90 44.6 40.2 40.2
5337 0.5 60 0 0 5337 0.5 60 0 0 120 48.6 45.2 45.2
5337 0.5 60 0 0 5337 0.5 60 0 0 150 54.7 52.4 52.4
5337 0.5 60 0 0 5337 0.5 60 0 0 180 56.5 57.9 57.9
