5337 0.5 20 0 0 4737 0.0 0 0 0 0 62.1 53.9 53.9
5337 0.5 20 0 0 4737 0.0 0 0 0 30 62.1 54.1 54.1
5337 0.5 20 0 0 4737 0.0 0 0 0 60 62.3 54.1 54.1
5337 0.5 20 0 0 4737 0.0 0 0 0 90 62.2 54.2 54.2
5337 0.5 20 0 0 4737 0.0 0 0 0 120 62.3 54.5 54.5
5337 0.5 20 0 0 4737 0.0 0 0 0 150 62.2 54.6 54.6
5337 0.5 20 0 0 4737 0.0 0 0 0 180 62.1 54.6 54.6
5337 0.5 20 0 0 4737 0.0 10 0 0 0 62.1 53.7 53.7
5337 0.5 20 0 0 4737 0.0 10 0 0 30 62.1 53.8 53.8
5337 0.5 20 0 0 4737 0.0 10 0 0 60 62.2 53.8 53.8
5337 0.5 20 0 0 4737 0.0 10 0 0 90 62.2 53.9 53.9
5337 0.5 20 0 0 4737 0.0 10 0 0 120 62.2 54.1 54.1
5337 0.5 20 0 0 4737 0.0 10 0 0 150 62.2 54.3 54.3
5337 0.5 20 0 0 4737 0.0 10 0 0 180 62.1 54.3 54.3
5337 0.5 20 0 0 4737 0.0 20 0 0 0 61.9 52.6 52.6
5337 0.5 20 0 0 4737 0.0 20 0 0 30 61.9 52.7 52.7
5337 0.5 20 0 0 4737 0.0 20 0 0 60 62.0 52.7 52.7
5337 0.5 20 0 0 4737 0.0 20 0 0 90 62.0 52.9 52.9
5337 0.5 20 0 0 4737 0.0 20 0 0 120 62.1 52.9 52.9
5337 0.5 20 0 0 4737 0.0 20 0 0 150 62.0 53.2 53.2
5337 0.5 20 0 0 4737 0.0 20 0 0 180 61.9 53.2 53.2
5337 0.5 20 0 0 4737 0.0 30 0 0 0 61.6 50.4 50.4
5337 0.5 20 0 0 4737 0.0 30 0 0 30 61.5 50.5 50.5
5337 0.5 20 0 0 4737 0.0 30 0 0 60 61.7 50.4 50.4
5337 0.5 20 0 0 4737 0.0 30 0 0 90 61.7 50.5 50.5
5337 0.5 20 0 0 4737 0.0 30 0 0 120 61.7 50.6 50.6
5337 0.5 20 0 0 4737 0.0 30 0 0 150 61.7 50.9 50.9
5337 0.5 20 0 0 4737 0.0 30 0 0 180 61.6 50.9 50.9
5337 0.5 20 0 0 4737 0.0 40 0 0 0 61.0 50.3 50.3
5337 0.5 20 0 0 4737 0.0 40 0 0 30 61.0 50.3 50.3
5337 0.5 20 0 0 4737 0.0 40 0 0 60 61.2 50.3 50.3
5337 0.5 20 0 0 4737 0.0 40 0 0 90 61.2 50.4 50.4
5337 0.5 20 0 0 4737 0.0 40 0 0 120 61.2 50.5 50.5
5337 0.5 20 0 0 4737 0.0 40 0 0 150 61.2 50.7 50.7
5337 0.5 20 0 0 4737 0.0 40 0 0 180 61.0 50.8 50.8
5337 0.5 20 0 0 4737 0.0 50 0 0 0 60.2 50.9 50.9
5337 0.5 20 0 0 4737 0.0 50 0 0 30 60.2 51.0 51.0
5337 0.5 20 0 0 4737 0.0 50 0 0 60 60.4 51.1 51.1
5337 0.5 20 0 0 4737 0.0 50 0 0 90 60.4 51.2 51.2
5337 0.5 20 0 0 4737 0.0 50 0 0 120 60.3 51.2 51.2
5337 0.5 20 0 0 4737 0.0 50 0 0 150 60.4 51.4 51.4
5337 0.5 20 0 0 4737 0.0 50 0 0 180 60.2 51.4 51.4
5337 0.5 20 0 0 4737 0.0 60 0 0 0 58.9 52.0 52.0
5337 0.5 20 0 0 4737 0.0 60 0 0 30 59.0 52.0 52.0
5337 0.5 20 0 0 4737 0.0 60 0 0 60 59.1 52.1 52.1
5337 0.5 20 0 0 4737 0.0 60 0 0 90 59.0 52.3 52.3
5337 0.5 20 0 0 4737 0.0 60 0 0 120 58.9 52.4 52.4
5337 0.5 20 0 0 4737 0.0 60 0 0 150 59.0 52.7 52.7
5337 0.5 20 0 0 4737 0.0 60 0 0 180 58.9 52.7 52.7
5337 0.5 20 0 0 4737 0.1 0 0 0 0 61.2 52.7 52.7
5337 0.5 20 0 0 4737 0.1 0 0 0 30 61.1 52.8 52.8
5337 0.5 20 0 0 4737 0.1 0 0 0 60 61.2 52.9 52.9
5337 0.5 20 0 0 4737 0.1 0 0 0 90 61.3 52.8 52.8
5337 0.5 20 0 0 4737 0.1 0 0 0 120 61.2 53.3 53.3
5337 0.5 20 0 0 4737 0.1 0 0 0 150 61.3 53.4 53.4
5337 0.5 20 0 0 4737 0.1 0 0 0 180 61.1 53.4 53.4
5337 0.5 20 0 0 4737 0.1 10 0 0 0 61.1 52.3 52.3
5337 0.5 20 0 0 4737 0.1 10 0 0 30 61.0 52.5 52.5
5337 0.5 20 0 0 4737 0.1 10 0 0 60 61.1 52.6 52.6
5337 0.5 20 0 0 4737 0.1 10 0 0 90 61.3 52.5 52.5
5337 0.5 20 0 0 4737 0.1 10 0 0 120 61.1 52.9 52.9
5337 0.5 20 0 0 4737 0.1 10 0 0 150 61.2 53.0 53.0
5337 0.5 20 0 0 4737 0.1 10 0 0 180 61.0 53.1 53.1
5337 0.5 20 0 0 4737 0.1 20 0 0 0 60.9 51.3 51.3
5337 0.5 20 0 0 4737 0.1 20 0 0 30 60.8 51.3 51.3
5337 0.5 20 0 0 4737 0.1 20 0 0 60 60.9 51.3 51.3
5337 0.5 20 0 0 4737 0.1 20 0 0 90 61.1 51.5 51.5
5337 0.5 20 0 0 4737 0.1 20 0 0 120 60.9 51.7 51.7
5337 0.5 20 0 0 4737 0.1 20 0 0 150 61.1 51.9 51.9
5337 0.5 20 0 0 4737 0.1 20 0 0 180 60.8 51.9 51.9
5337 0.5 20 0 0 4737 0.1 30 0 0 0 60.6 49.2 49.2
5337 0.5 20 0 0 4737 0.1 30 0 0 30 60.5 49.3 49.3
5337 0.5 20 0 0 4737 0.1 30 0 0 60 60.6 49.2 49.2
5337 0.5 20 0 0 4737 0.1 30 0 0 90 60.8 49.3 49.3
5337 0.5 20 0 0 4737 0.1 30 0 0 120 60.6 49.4 49.4
5337 0.5 20 0 0 4737 0.1 30 0 0 150 60.7 49.5 49.5
5337 0.5 20 0 0 4737 0.1 30 0 0 180 60.5 49.6 49.6
5337 0.5 20 0 0 4737 0.1 40 0 0 0 60.0 49.3 49.3
5337 0.5 20 0 0 4737 0.1 40 0 0 30 59.9 49.3 49.3
5337 0.5 20 0 0 4737 0.1 40 0 0 60 60.0 49.2 49.2
5337 0.5 20 0 0 4737 0.1 40 0 0 90 60.2 49.3 49.3
5337 0.5 20 0 0 4737 0.1 40 0 0 120 60.0 49.3 49.3
5337 0.5 20 0 0 4737 0.1 40 0 0 150 60.2 49.5 49.5
5337 0.5 20 0 0 4737 0.1 40 0 0 180 59.9 49.6 49.6
5337 0.5 20 0 0 4737 0.1 50 0 0 0 59.2 49.9 49.9
5337 0.5 20 0 0 4737 0.1 50 0 0 30 59.1 49.9 49.9
5337 0.5 20 0 0 4737 0.1 50 0 0 60 59.2 50.0 50.0
5337 0.5 20 0 0 4737 0.1 50 0 0 90 59.4 50.1 50.1
5337 0.5 20 0 0 4737 0.1 50 0 0 120 59.2 50.1 50.1
5337 0.5 20 0 0 4737 0.1 50 0 0 150 59.3 50.3 50.3
5337 0.5 20 0 0 4737 0.1 50 0 0 180 59.1 50.2 50.2
5337 0.5 20 0 0 4737 0.1 60 0 0 0 57.8 50.9 50.9
5337 0.5 20 0 0 4737 0.1 60 0 0 30 57.8 50.9 50.9
5337 0.5 20 0 0 4737 0.1 60 0 0 60 57.8 50.9 50.9
5337 0.5 20 0 0 4737 0.1 60 0 0 90 57.9 51.1 51.1
5337 0.5 20 0 0 4737 0.1 60 0 0 120 57.8 51.1 51.1
5337 0.5 20 0 0 4737 0.1 60 0 0 150 57.9 51.5 51.5
5337 0.5 20 0 0 4737 0.1 60 0 0 180 57.7 51.5 51.5
5337 0.5 20 0 0 4737 0.2 0 0 0 0 60.1 51.4 51.4
5337 0.5 20 0 0 4737 0.2 0 0 0 30 60.1 51.5 51.5
5337 0.5 20 0 0 4737 0.2 0 0 0 60 60.2 51.6 51.6
5337 0.5 20 0 0 4737 0.2 0 0 0 90 60.3 51.6 51.6
5337 0.5 20 0 0 4737 0.2 0 0 0 120 60.2 51.9 51.9
5337 0.5 20 0 0 4737 0.2 0 0 0 150 60.3 52.1 52.1
5337 0.5 20 0 0 4737 0.2 0 0 0 180 60.1 52.1 52.1
5337 0.5 20 0 0 4737 0.2 10 0 0 0 60.0 51.0 51.0
5337 0.5 20 0 0 4737 0.2 10 0 0 30 60.0 51.1 51.1
5337 0.5 20 0 0 4737 0.2 10 0 0 60 60.1 51.3 51.3
5337 0.5 20 0 0 4737 0.2 10 0 0 90 60.3 51.2 51.2
5337 0.5 20 0 0 4737 0.2 10 0 0 120 60.1 51.5 51.5
5337 0.5 20 0 0 4737 0.2 10 0 0 150 60.2 51.7 51.7
5337 0.5 20 0 0 4737 0.2 10 0 0 180 60.0 51.8 51.8
5337 0.5 20 0 0 4737 0.2 20 0 0 0 59.8 49.9 49.9
5337 0.5 20 0 0 4737 0.2 20 0 0 30 59.8 49.9 49.9
5337 0.5 20 0 0 4737 0.2 20 0 0 60 59.9 50.0 50.0
5337 0.5 20 0 0 4737 0.2 20 0 0 90 60.0 50.0 50.0
5337 0.5 20 0 0 4737 0.2 20 0 0 120 59.9 50.2 50.2
5337 0.5 20 0 0 4737 0.2 20 0 0 150 60.0 50.4 50.4
5337 0.5 20 0 0 4737 0.2 20 0 0 180 59.8 50.5 50.5
5337 0.5 20 0 0 4737 0.2 30 0 0 0 59.5 48.0 48.0
5337 0.5 20 0 0 4737 0.2 30 0 0 30 59.5 48.1 48.1
5337 0.5 20 0 0 4737 0.2 30 0 0 60 59.5 48.1 48.1
5337 0.5 20 0 0 4737 0.2 30 0 0 90 59.7 48.1 48.1
5337 0.5 20 0 0 4737 0.2 30 0 0 120 59.5 48.3 48.3
5337 0.5 20 0 0 4737 0.2 30 0 0 150 59.6 48.3 48.3
5337 0.5 20 0 0 4737 0.2 30 0 0 180 59.4 48.4 48.4
5337 0.5 20 0 0 4737 0.2 40 0 0 0 58.9 48.2 48.2
5337 0.5 20 0 0 4737 0.2 40 0 0 30 58.9 48.2 48.2
5337 0.5 20 0 0 4737 0.2 40 0 0 60 58.9 48.2 48.2
5337 0.5 20 0 0 4737 0.2 40 0 0 90 59.0 48.3 48.3
5337 0.5 20 0 0 4737 0.2 40 0 0 120 59.0 48.3 48.3
5337 0.5 20 0 0 4737 0.2 40 0 0 150 59.0 48.5 48.5
5337 0.5 20 0 0 4737 0.2 40 0 0 180 58.8 48.4 48.4
5337 0.5 20 0 0 4737 0.2 50 0 0 0 58.0 48.8 48.8
5337 0.5 20 0 0 4737 0.2 50 0 0 30 58.0 48.8 48.8
5337 0.5 20 0 0 4737 0.2 50 0 0 60 58.1 48.8 48.8
5337 0.5 20 0 0 4737 0.2 50 0 0 90 58.1 49.0 49.0
5337 0.5 20 0 0 4737 0.2 50 0 0 120 58.1 49.0 49.0
5337 0.5 20 0 0 4737 0.2 50 0 0 150 58.1 49.3 49.3
5337 0.5 20 0 0 4737 0.2 50 0 0 180 58.0 49.2 49.2
5337 0.5 20 0 0 4737 0.2 60 0 0 0 56.5 49.8 49.8
5337 0.5 20 0 0 4737 0.2 60 0 0 30 56.6 49.8 49.8
5337 0.5 20 0 0 4737 0.2 60 0 0 60 56.6 49.6 49.6
5337 0.5 20 0 0 4737 0.2 60 0 0 90 56.6 49.9 49.9
5337 0.5 20 0 0 4737 0.2 60 0 0 120 56.6 49.9 49.9
5337 0.5 20 0 0 4737 0.2 60 0 0 150 56.5 50.3 50.3
5337 0.5 20 0 0 4737 0.2 60 0 0 180 56.5 50.3 50.3
5337 0.5 20 0 0 4737 0.3 0 0 0 0 59.0 50.1 50.1
5337 0.5 20 0 0 4737 0.3 0 0 0 30 59.1 50.2 50.2
5337 0.5 20 0 0 4737 0.3 0 0 0 60 59.1 50.2 50.2
5337 0.5 20 0 0 4737 0.3 0 0 0 90 59.2 50.3 50.3
5337 0.5 20 0 0 4737 0.3 0 0 0 120 59.1 50.5 50.5
5337 0.5 20 0 0 4737 0.3 0 0 0 150 59.2 50.8 50.8
5337 0.5 20 0 0 4737 0.3 0 0 0 180 59.0 50.7 50.7
5337 0.5 20 0 0 4737 0.3 10 0 0 0 58.9 49.8 49.8
5337 0.5 20 0 0 4737 0.3 10 0 0 30 59.0 49.7 49.7
5337 0.5 20 0 0 4737 0.3 10 0 0 60 59.1 49.8 49.8
5337 0.5 20 0 0 4737 0.3 10 0 0 90 59.2 49.9 49.9
5337 0.5 20 0 0 4737 0.3 10 0 0 120 59.1 50.0 50.0
5337 0.5 20 0 0 4737 0.3 10 0 0 150 59.1 50.4 50.4
5337 0.5 20 0 0 4737 0.3 10 0 0 180 59.0 50.4 50.4
5337 0.5 20 0 0 4737 0.3 20 0 0 0 58.7 48.3 48.3
5337 0.5 20 0 0 4737 0.3 20 0 0 30 58.8 48.2 48.2
5337 0.5 20 0 0 4737 0.3 20 0 0 60 58.8 48.3 48.3
5337 0.5 20 0 0 4737 0.3 20 0 0 90 59.0 48.6 48.6
5337 0.5 20 0 0 4737 0.3 20 0 0 120 58.9 48.4 48.4
5337 0.5 20 0 0 4737 0.3 20 0 0 150 58.9 48.8 48.8
5337 0.5 20 0 0 4737 0.3 20 0 0 180 58.8 48.9 48.9
5337 0.5 20 0 0 4737 0.3 30 0 0 0 58.3 46.9 46.9
5337 0.5 20 0 0 4737 0.3 30 0 0 30 58.4 46.9 46.9
5337 0.5 20 0 0 4737 0.3 30 0 0 60 58.5 47.0 47.0
5337 0.5 20 0 0 4737 0.3 30 0 0 90 58.6 47.2 47.2
5337 0.5 20 0 0 4737 0.3 30 0 0 120 58.5 47.2 47.2
5337 0.5 20 0 0 4737 0.3 30 0 0 150 58.5 47.5 47.5
5337 0.5 20 0 0 4737 0.3 30 0 0 180 58.4 47.4 47.4
5337 0.5 20 0 0 4737 0.3 40 0 0 0 57.7 47.2 47.2
5337 0.5 20 0 0 4737 0.3 40 0 0 30 57.7 47.1 47.1
5337 0.5 20 0 0 4737 0.3 40 0 0 60 57.9 47.2 47.2
5337 0.5 20 0 0 4737 0.3 40 0 0 90 57.9 47.5 47.5
5337 0.5 20 0 0 4737 0.3 40 0 0 120 57.8 47.4 47.4
5337 0.5 20 0 0 4737 0.3 40 0 0 150 57.9 47.7 47.7
5337 0.5 20 0 0 4737 0.3 40 0 0 180 57.8 47.6 47.6
5337 0.5 20 0 0 4737 0.3 50 0 0 0 56.8 47.7 47.7
5337 0.5 20 0 0 4737 0.3 50 0 0 30 56.8 47.6 47.6
5337 0.5 20 0 0 4737 0.3 50 0 0 60 56.9 47.7 47.7
5337 0.5 20 0 0 4737 0.3 50 0 0 90 57.1 47.9 47.9
5337 0.5 20 0 0 4737 0.3 50 0 0 120 56.9 48.0 48.0
5337 0.5 20 0 0 4737 0.3 50 0 0 150 57.0 48.3 48.3
5337 0.5 20 0 0 4737 0.3 50 0 0 180 56.9 48.2 48.2
5337 0.5 20 0 0 4737 0.3 60 0 0 0 55.2 48.7 48.7
5337 0.5 20 0 0 4737 0.3 60 0 0 30 55.2 48.6 48.6
5337 0.5 20 0 0 4737 0.3 60 0 0 60 55.3 48.6 48.6
5337 0.5 20 0 0 4737 0.3 60 0 0 90 55.4 48.7 48.7
5337 0.5 20 0 0 4737 0.3 60 0 0 120 55.3 48.7 48.7
5337 0.5 20 0 0 4737 0.3 60 0 0 150 55.3 49.0 49.0
5337 0.5 20 0 0 4737 0.3 60 0 0 180 55.2 49.2 49.2
5337 0.5 20 0 0 4737 0.4 0 0 0 0 57.9 48.8 48.8
5337 0.5 20 0 0 4737 0.4 0 0 0 30 57.9 48.8 48.8
5337 0.5 20 0 0 4737 0.4 0 0 0 60 58.1 48.8 48.8
5337 0.5 20 0 0 4737 0.4 0 0 0 90 58.2 48.7 48.7
5337 0.5 20 0 0 4737 0.4 0 0 0 120 58.0 49.0 49.0
5337 0.5 20 0 0 4737 0.4 0 0 0 150 58.2 49.3 49.3
5337 0.5 20 0 0 4737 0.4 0 0 0 180 58.1 49.2 49.2
5337 0.5 20 0 0 4737 0.4 10 0 0 0 57.8 48.3 48.3
5337 0.5 20 0 0 4737 0.4 10 0 0 30 57.9 48.3 48.3
5337 0.5 20 0 0 4737 0.4 10 0 0 60 58.0 48.3 48.3
5337 0.5 20 0 0 4737 0.4 10 0 0 90 58.2 48.3 48.3
5337 0.5 20 0 0 4737 0.4 10 0 0 120 57.9 48.5 48.5
5337 0.5 20 0 0 4737 0.4 10 0 0 150 58.1 48.8 48.8
5337 0.5 20 0 0 4737 0.4 10 0 0 180 58.0 48.8 48.8
5337 0.5 20 0 0 4737 0.4 20 0 0 0 57.5 46.5 46.5
5337 0.5 20 0 0 4737 0.4 20 0 0 30 57.6 46.4 46.4
5337 0.5 20 0 0 4737 0.4 20 0 0 60 57.8 46.4 46.4
5337 0.5 20 0 0 4737 0.4 20 0 0 90 57.9 46.6 46.6
5337 0.5 20 0 0 4737 0.4 20 0 0 120 57.7 46.6 46.6
5337 0.5 20 0 0 4737 0.4 20 0 0 150 57.9 46.9 46.9
5337 0.5 20 0 0 4737 0.4 20 0 0 180 57.8 47.0 47.0
5337 0.5 20 0 0 4737 0.4 30 0 0 0 57.1 46.1 46.1
5337 0.5 20 0 0 4737 0.4 30 0 0 30 57.2 45.9 45.9
5337 0.5 20 0 0 4737 0.4 30 0 0 60 57.4 46.0 46.0
5337 0.5 20 0 0 4737 0.4 30 0 0 90 57.6 46.3 46.3
5337 0.5 20 0 0 4737 0.4 30 0 0 120 57.3 46.4 46.4
5337 0.5 20 0 0 4737 0.4 30 0 0 150 57.5 46.7 46.7
5337 0.5 20 0 0 4737 0.4 30 0 0 180 57.4 46.6 46.6
5337 0.5 20 0 0 4737 0.4 40 0 0 0 56.5 46.4 46.4
5337 0.5 20 0 0 4737 0.4 40 0 0 30 56.5 46.2 46.2
5337 0.5 20 0 0 4737 0.4 40 0 0 60 56.7 46.3 46.3
5337 0.5 20 0 0 4737 0.4 40 0 0 90 56.9 46.5 46.5
5337 0.5 20 0 0 4737 0.4 40 0 0 120 56.6 46.6 46.6
5337 0.5 20 0 0 4737 0.4 40 0 0 150 56.9 46.9 46.9
5337 0.5 20 0 0 4737 0.4 40 0 0 180 56.8 46.7 46.7
5337 0.5 20 0 0 4737 0.4 50 0 0 0 55.6 46.7 46.7
5337 0.5 20 0 0 4737 0.4 50 0 0 30 55.5 46.6 46.6
5337 0.5 20 0 0 4737 0.4 50 0 0 60 55.7 46.7 46.7
5337 0.5 20 0 0 4737 0.4 50 0 0 90 55.9 46.9 46.9
5337 0.5 20 0 0 4737 0.4 50 0 0 120 55.7 47.0 47.0
5337 0.5 20 0 0 4737 0.4 50 0 0 150 55.9 47.4 47.4
5337 0.5 20 0 0 4737 0.4 50 0 0 180 55.8 47.4 47.4
5337 0.5 20 0 0 4737 0.4 60 0 0 0 53.9 47.6 47.6
5337 0.5 20 0 0 4737 0.4 60 0 0 30 53.7 47.5 47.5
5337 0.5 20 0 0 4737 0.4 60 0 0 60 53.8 47.5 47.5
5337 0.5 20 0 0 4737 0.4 60 0 0 90 54.0 47.7 47.7
5337 0.5 20 0 0 4737 0.4 60 0 0 120 53.8 47.6 47.6
5337 0.5 20 0 0 4737 0.4 60 0 0 150 53.9 47.9 47.9
5337 0.5 20 0 0 4737 0.4 60 0 0 180 53.9 48.1 48.1
5337 0.5 20 0 0 4737 0.5 0 0 0 0 56.8 46.9 46.9
5337 0.5 20 0 0 4737 0.5 0 0 0 30 56.8 46.9 46.9
5337 0.5 20 0 0 4737 0.5 0 0 0 60 57.0 46.9 46.9
5337 0.5 20 0 0 4737 0.5 0 0 0 90 57.2 46.9 46.9
5337 0.5 20 0 0 4737 0.5 0 0 0 120 57.0 47.0 47.0
5337 0.5 20 0 0 4737 0.5 0 0 0 150 57.2 47.4 47.4
5337 0.5 20 0 0 4737 0.5 0 0 0 180 57.0 47.4 47.4
5337 0.5 20 0 0 4737 0.5 10 0 0 0 56.7 46.2 46.2
5337 0.5 20 0 0 4737 0.5 10 0 0 30 56.7 46.2 46.2
5337 0.5 20 0 0 4737 0.5 10 0 0 60 56.9 46.2 46.2
5337 0.5 20 0 0 4737 0.5 10 0 0 90 57.1 46.1 46.1
5337 0.5 20 0 0 4737 0.5 10 0 0 120 56.9 46.4 46.4
5337 0.5 20 0 0 4737 0.5 10 0 0 150 57.1 46.6 46.6
5337 0.5 20 0 0 4737 0.5 10 0 0 180 57.0 46.6 46.6
5337 0.5 20 0 0 4737 0.5 20 0 0 0 56.4 45.4 45.4
5337 0.5 20 0 0 4737 0.5 20 0 0 30 56.5 45.4 45.4
5337 0.5 20 0 0 4737 0.5 20 0 0 60 56.6 45.5 45.5
5337 0.5 20 0 0 4737 0.5 20 0 0 90 56.9 45.4 45.4
5337 0.5 20 0 0 4737 0.5 20 0 0 120 56.6 45.6 45.6
5337 0.5 20 0 0 4737 0.5 20 0 0 150 56.9 45.7 45.7
5337 0.5 20 0 0 4737 0.5 20 0 0 180 56.7 45.9 45.9
5337 0.5 20 0 0 4737 0.5 30 0 0 0 56.0 45.3 45.3
5337 0.5 20 0 0 4737 0.5 30 0 0 30 56.0 45.3 45.3
5337 0.5 20 0 0 4737 0.5 30 0 0 60 56.2 45.3 45.3
5337 0.5 20 0 0 4737 0.5 30 0 0 90 56.4 45.4 45.4
5337 0.5 20 0 0 4737 0.5 30 0 0 120 56.3 45.8 45.8
5337 0.5 20 0 0 4737 0.5 30 0 0 150 56.4 45.9 45.9
5337 0.5 20 0 0 4737 0.5 30 0 0 180 56.3 45.9 45.9
5337 0.5 20 0 0 4737 0.5 40 0 0 0 55.4 45.7 45.7
5337 0.5 20 0 0 4737 0.5 40 0 0 30 55.4 45.6 45.6
5337 0.5 20 0 0 4737 0.5 40 0 0 60 55.5 45.5 45.5
5337 0.5 20 0 0 4737 0.5 40 0 0 90 55.7 45.6 45.6
5337 0.5 20 0 0 4737 0.5 40 0 0 120 55.6 46.0 46.0
5337 0.5 20 0 0 4737 0.5 40 0 0 150 55.7 46.1 46.1
5337 0.5 20 0 0 4737 0.5 40 0 0 180 55.6 46.2 46.2
5337 0.5 20 0 0 4737 0.5 50 0 0 0 54.4 45.9 45.9
5337 0.5 20 0 0 4737 0.5 50 0 0 30 54.4 45.9 45.9
5337 0.5 20 0 0 4737 0.5 50 0 0 60 54.4 45.8 45.8
5337 0.5 20 0 0 4737 0.5 50 0 0 90 54.6 45.9 45.9
5337 0.5 20 0 0 4737 0.5 50 0 0 120 54.5 46.2 46.2
5337 0.5 20 0 0 4737 0.5 50 0 0 150 54.5 46.4 46.4
5337 0.5 20 0 0 4737 0.5 50 0 0 180 54.4 46.6 46.6
5337 0.5 20 0 0 4737 0.5 60 0 0 0 52.9 46.7 46.7
5337 0.5 20 0 0 4737 0.5 60 0 0 30 52.8 46.5 46.5
5337 0.5 20 0 0 4737 0.5 60 0 0 60 52.7 46.4 46.4
5337 0.5 20 0 0 4737 0.5 60 0 0 90 52.9 46.5 46.5
5337 0.5 20 0 0 4737 0.5 60 0 0 120 52.8 46.7 46.7
5337 0.5 20 0 0 4737 0.5 60 0 0 150 52.5 46.8 46.8
5337 0.5 20 0 0 4737 0.5 60 0 0 180 52.6 47.0 47.0
5337 0.5 20 0 0 4937 0.0 0 0 0 0 62.3 54.3 54.3
5337 0.5 20 0 0 4937 0.0 0 0 0 30 62.6 54.8 54.8
5337 0.5 20 0 0 4937 0.0 0 0 0 60 62.8 55.1 55.1
5337 0.5 20 0 0 4937 0.0 0 0 0 90 62.8 55.5 55.5
5337 0.5 20 0 0 4937 0.0 0 0 0 120 62.8 55.6 55.6
5337 0.5 20 0 0 4937 0.0 0 0 0 150 62.8 55.4 55.4
5337 0.5 20 0 0 4937 0.0 0 0 0 180 62.6 55.1 55.1
5337 0.5 20 0 0 4937 0.0 10 0 0 0 62.3 53.9 53.9
5337 0.5 20 0 0 4937 0.0 10 0 0 30 62.5 54.5 54.5
5337 0.5 20 0 0 4937 0.0 10 0 0 60 62.7 54.8 54.8
5337 0.5 20 0 0 4937 0.0 10 0 0 90 62.8 55.2 55.2
5337 0.5 20 0 0 4937 0.0 10 0 0 120 62.8 55.3 55.3
5337 0.5 20 0 0 4937 0.0 10 0 0 150 62.7 55.2 55.2
5337 0.5 20 0 0 4937 0.0 10 0 0 180 62.5 54.9 54.9
5337 0.5 20 0 0 4937 0.0 20 0 0 0 62.1 53.0 53.0
5337 0.5 20 0 0 4937 0.0 20 0 0 30 62.3 53.4 53.4
5337 0.5 20 0 0 4937 0.0 20 0 0 60 62.6 53.7 53.7
5337 0.5 20 0 0 4937 0.0 20 0 0 90 62.6 54.1 54.1
5337 0.5 20 0 0 4937 0.0 20 0 0 120 62.6 54.3 54.3
5337 0.5 20 0 0 4937 0.0 20 0 0 150 62.5 54.2 54.2
5337 0.5 20 0 0 4937 0.0 20 0 0 180 62.4 54.0 54.0
5337 0.5 20 0 0 4937 0.0 30 0 0 0 61.8 50.6 50.6
5337 0.5 20 0 0 4937 0.0 30 0 0 30 62.0 51.0 51.0
5337 0.5 20 0 0 4937 0.0 30 0 0 60 62.3 51.3 51.3
5337 0.5 20 0 0 4937 0.0 30 0 0 90 62.3 51.8 51.8
5337 0.5 20 0 0 4937 0.0 30 0 0 120 62.3 52.0 52.0
5337 0.5 20 0 0 4937 0.0 30 0 0 150 62.2 52.0 52.0
5337 0.5 20 0 0 4937 0.0 30 0 0 180 62.0 51.8 51.8
5337 0.5 20 0 0 4937 0.0 40 0 0 0 61.3 50.4 50.4
5337 0.5 20 0 0 4937 0.0 40 0 0 30 61.5 50.8 50.8
5337 0.5 20 0 0 4937 0.0 40 0 0 60 61.8 51.2 51.2
5337 0.5 20 0 0 4937 0.0 40 0 0 90 61.8 51.7 51.7
5337 0.5 20 0 0 4937 0.0 40 0 0 120 61.8 51.9 51.9
5337 0.5 20 0 0 4937 0.0 40 0 0 150 61.7 51.9 51.9
5337 0.5 20 0 0 4937 0.0 40 0 0 180 61.6 51.7 51.7
5337 0.5 20 0 0 4937 0.0 50 0 0 0 60.6 50.9 50.9
5337 0.5 20 0 0 4937 0.0 50 0 0 30 60.8 51.3 51.3
5337 0.5 20 0 0 4937 0.0 50 0 0 60 61.0 51.6 51.6
5337 0.5 20 0 0 4937 0.0 50 0 0 90 60.9 52.1 52.1
5337 0.5 20 0 0 4937 0.0 50 0 0 120 61.0 52.3 52.3
5337 0.5 20 0 0 4937 0.0 50 0 0 150 61.0 52.4 52.4
5337 0.5 20 0 0 4937 0.0 50 0 0 180 60.8 52.3 52.3
5337 0.5 20 0 0 4937 0.0 60 0 0 0 59.3 52.3 52.3
5337 0.5 20 0 0 4937 0.0 60 0 0 30 59.5 52.6 52.6
5337 0.5 20 0 0 4937 0.0 60 0 0 60 59.7 52.8 52.8
5337 0.5 20 0 0 4937 0.0 60 0 0 90 59.7 53.2 53.2
5337 0.5 20 0 0 4937 0.0 60 0 0 120 59.8 53.4 53.4
5337 0.5 20 0 0 4937 0.0 60 0 0 150 59.7 53.4 53.4
5337 0.5 20 0 0 4937 0.0 60 0 0 180 59.6 53.3 53.3
5337 0.5 20 0 0 4937 0.1 0 0 0 0 61.3 53.1 53.1
5337 0.5 20 0 0 4937 0.1 0 0 0 30 61.6 53.4 53.4
5337 0.5 20 0 0 4937 0.1 0 0 0 60 61.7 53.8 53.8
5337 0.5 20 0 0 4937 0.1 0 0 0 90 61.8 54.2 54.2
5337 0.5 20 0 0 4937 0.1 0 0 0 120 61.8 54.3 54.3
5337 0.5 20 0 0 4937 0.1 0 0 0 150 61.7 54.3 54.3
5337 0.5 20 0 0 4937 0.1 0 0 0 180 61.6 53.9 53.9
5337 0.5 20 0 0 4937 0.1 10 0 0 0 61.3 52.7 52.7
5337 0.5 20 0 0 4937 0.1 10 0 0 30 61.5 53.1 53.1
5337 0.5 20 0 0 4937 0.1 10 0 0 60 61.7 53.4 53.4
5337 0.5 20 0 0 4937 0.1 10 0 0 90 61.7 53.8 53.8
5337 0.5 20 0 0 4937 0.1 10 0 0 120 61.8 54.0 54.0
5337 0.5 20 0 0 4937 0.1 10 0 0 150 61.6 54.0 54.0
5337 0.5 20 0 0 4937 0.1 10 0 0 180 61.5 53.7 53.7
5337 0.5 20 0 0 4937 0.1 20 0 0 0 61.1 51.6 51.6
5337 0.5 20 0 0 4937 0.1 20 0 0 30 61.3 52.0 52.0
5337 0.5 20 0 0 4937 0.1 20 0 0 60 61.5 52.3 52.3
5337 0.5 20 0 0 4937 0.1 20 0 0 90 61.5 52.7 52.7
5337 0.5 20 0 0 4937 0.1 20 0 0 120 61.6 52.9 52.9
5337 0.5 20 0 0 4937 0.1 20 0 0 150 61.4 53.0 53.0
5337 0.5 20 0 0 4937 0.1 20 0 0 180 61.3 52.7 52.7
5337 0.5 20 0 0 4937 0.1 30 0 0 0 60.8 49.1 49.1
5337 0.5 20 0 0 4937 0.1 30 0 0 30 61.0 49.5 49.5
5337 0.5 20 0 0 4937 0.1 30 0 0 60 61.2 49.8 49.8
5337 0.5 20 0 0 4937 0.1 30 0 0 90 61.2 50.3 50.3
5337 0.5 20 0 0 4937 0.1 30 0 0 120 61.2 50.6 50.6
5337 0.5 20 0 0 4937 0.1 30 0 0 150 61.1 50.8 50.8
5337 0.5 20 0 0 4937 0.1 30 0 0 180 61.0 50.7 50.7
5337 0.5 20 0 0 4937 0.1 40 0 0 0 60.3 49.1 49.1
5337 0.5 20 0 0 4937 0.1 40 0 0 30 60.5 49.5 49.5
5337 0.5 20 0 0 4937 0.1 40 0 0 60 60.6 49.8 49.8
5337 0.5 20 0 0 4937 0.1 40 0 0 90 60.7 50.3 50.3
5337 0.5 20 0 0 4937 0.1 40 0 0 120 60.7 50.6 50.6
5337 0.5 20 0 0 4937 0.1 40 0 0 150 60.6 50.8 50.8
5337 0.5 20 0 0 4937 0.1 40 0 0 180 60.5 50.6 50.6
5337 0.5 20 0 0 4937 0.1 50 0 0 0 59.5 49.7 49.7
5337 0.5 20 0 0 4937 0.1 50 0 0 30 59.7 49.9 49.9
5337 0.5 20 0 0 4937 0.1 50 0 0 60 59.8 50.2 50.2
5337 0.5 20 0 0 4937 0.1 50 0 0 90 59.9 50.7 50.7
5337 0.5 20 0 0 4937 0.1 50 0 0 120 60.0 51.1 51.1
5337 0.5 20 0 0 4937 0.1 50 0 0 150 59.8 51.3 51.3
5337 0.5 20 0 0 4937 0.1 50 0 0 180 59.6 51.3 51.3
5337 0.5 20 0 0 4937 0.1 60 0 0 0 58.2 51.2 51.2
5337 0.5 20 0 0 4937 0.1 60 0 0 30 58.4 51.4 51.4
5337 0.5 20 0 0 4937 0.1 60 0 0 60 58.5 51.5 51.5
5337 0.5 20 0 0 4937 0.1 60 0 0 90 58.6 51.9 51.9
5337 0.5 20 0 0 4937 0.1 60 0 0 120 58.6 52.1 52.1
5337 0.5 20 0 0 4937 0.1 60 0 0 150 58.5 52.2 52.2
5337 0.5 20 0 0 4937 0.1 60 0 0 180 58.4 52.1 52.1
5337 0.5 20 0 0 4937 0.2 0 0 0 0 60.3 51.8 51.8
5337 0.5 20 0 0 4937 0.2 0 0 0 30 60.5 52.1 52.1
5337 0.5 20 0 0 4937 0.2 0 0 0 60 60.7 52.4 52.4
5337 0.5 20 0 0 4937 0.2 0 0 0 90 60.7 52.8 52.8
5337 0.5 20 0 0 4937 0.2 0 0 0 120 60.8 53.1 53.1
5337 0.5 20 0 0 4937 0.2 0 0 0 150 60.7 53.1 53.1
5337 0.5 20 0 0 4937 0.2 0 0 0 180 60.6 52.7 52.7
5337 0.5 20 0 0 4937 0.2 10 0 0 0 60.3 51.5 51.5
5337 0.5 20 0 0 4937 0.2 10 0 0 30 60.5 51.7 51.7
5337 0.5 20 0 0 4937 0.2 10 0 0 60 60.6 52.1 52.1
5337 0.5 20 0 0 4937 0.2 10 0 0 90 60.7 52.4 52.4
5337 0.5 20 0 0 4937 0.2 10 0 0 120 60.8 52.7 52.7
5337 0.5 20 0 0 4937 0.2 10 0 0 150 60.6 52.7 52.7
5337 0.5 20 0 0 4937 0.2 10 0 0 180 60.5 52.4 52.4
5337 0.5 20 0 0 4937 0.2 20 0 0 0 60.1 50.3 50.3
5337 0.5 20 0 0 4937 0.2 20 0 0 30 60.3 50.5 50.5
5337 0.5 20 0 0 4937 0.2 20 0 0 60 60.4 50.8 50.8
5337 0.5 20 0 0 4937 0.2 20 0 0 90 60.5 51.2 51.2
5337 0.5 20 0 0 4937 0.2 20 0 0 120 60.6 51.5 51.5
5337 0.5 20 0 0 4937 0.2 20 0 0 150 60.4 51.6 51.6
5337 0.5 20 0 0 4937 0.2 20 0 0 180 60.3 51.4 51.4
5337 0.5 20 0 0 4937 0.2 30 0 0 0 59.8 47.9 47.9
5337 0.5 20 0 0 4937 0.2 30 0 0 30 59.9 48.1 48.1
5337 0.5 20 0 0 4937 0.2 30 0 0 60 60.1 48.4 48.4
5337 0.5 20 0 0 4937 0.2 30 0 0 90 60.1 48.9 48.9
5337 0.5 20 0 0 4937 0.2 30 0 0 120 60.2 49.3 49.3
5337 0.5 20 0 0 4937 0.2 30 0 0 150 60.0 49.6 49.6
5337 0.5 20 0 0 4937 0.2 30 0 0 180 59.9 49.6 49.6
5337 0.5 20 0 0 4937 0.2 40 0 0 0 59.2 47.9 47.9
5337 0.5 20 0 0 4937 0.2 40 0 0 30 59.3 48.2 48.2
5337 0.5 20 0 0 4937 0.2 40 0 0 60 59.5 48.5 48.5
5337 0.5 20 0 0 4937 0.2 40 0 0 90 59.6 48.9 48.9
5337 0.5 20 0 0 4937 0.2 40 0 0 120 59.6 49.4 49.4
5337 0.5 20 0 0 4937 0.2 40 0 0 150 59.5 49.7 49.7
5337 0.5 20 0 0 4937 0.2 40 0 0 180 59.4 49.6 49.6
5337 0.5 20 0 0 4937 0.2 50 0 0 0 58.4 48.7 48.7
5337 0.5 20 0 0 4937 0.2 50 0 0 30 58.5 48.8 48.8
5337 0.5 20 0 0 4937 0.2 50 0 0 60 58.8 49.1 49.1
5337 0.5 20 0 0 4937 0.2 50 0 0 90 58.7 49.4 49.4
5337 0.5 20 0 0 4937 0.2 50 0 0 120 58.8 49.8 49.8
5337 0.5 20 0 0 4937 0.2 50 0 0 150 58.6 50.1 50.1
5337 0.5 20 0 0 4937 0.2 50 0 0 180 58.5 50.1 50.1
5337 0.5 20 0 0 4937 0.2 60 0 0 0 57.1 50.1 50.1
5337 0.5 20 0 0 4937 0.2 60 0 0 30 57.1 50.2 50.2
5337 0.5 20 0 0 4937 0.2 60 0 0 60 57.3 50.4 50.4
5337 0.5 20 0 0 4937 0.2 60 0 0 90 57.4 50.7 50.7
5337 0.5 20 0 0 4937 0.2 60 0 0 120 57.4 51.0 51.0
5337 0.5 20 0 0 4937 0.2 60 0 0 150 57.3 51.1 51.1
5337 0.5 20 0 0 4937 0.2 60 0 0 180 57.2 50.9 50.9
5337 0.5 20 0 0 4937 0.3 0 0 0 0 59.4 50.5 50.5
5337 0.5 20 0 0 4937 0.3 0 0 0 30 59.5 50.8 50.8
5337 0.5 20 0 0 4937 0.3 0 0 0 60 59.6 51.0 51.0
5337 0.5 20 0 0 4937 0.3 0 0 0 90 59.7 51.4 51.4
5337 0.5 20 0 0 4937 0.3 0 0 0 120 59.8 51.7 51.7
5337 0.5 20 0 0 4937 0.3 0 0 0 150 59.7 51.8 51.8
5337 0.5 20 0 0 4937 0.3 0 0 0 180 59.5 51.4 51.4
5337 0.5 20 0 0 4937 0.3 10 0 0 0 59.3 50.1 50.1
5337 0.5 20 0 0 4937 0.3 10 0 0 30 59.4 50.3 50.3
5337 0.5 20 0 0 4937 0.3 10 0 0 60 59.5 50.6 50.6
5337 0.5 20 0 0 4937 0.3 10 0 0 90 59.6 50.9 50.9
5337 0.5 20 0 0 4937 0.3 10 0 0 120 59.7 51.3 51.3
5337 0.5 20 0 0 4937 0.3 10 0 0 150 59.6 51.4 51.4
5337 0.5 20 0 0 4937 0.3 10 0 0 180 59.4 51.1 51.1
5337 0.5 20 0 0 4937 0.3 20 0 0 0 59.1 48.9 48.9
5337 0.5 20 0 0 4937 0.3 20 0 0 30 59.2 49.0 49.0
5337 0.5 20 0 0 4937 0.3 20 0 0 60 59.3 49.3 49.3
5337 0.5 20 0 0 4937 0.3 20 0 0 90 59.4 49.5 49.5
5337 0.5 20 0 0 4937 0.3 20 0 0 120 59.5 49.9 49.9
5337 0.5 20 0 0 4937 0.3 20 0 0 150 59.4 50.0 50.0
5337 0.5 20 0 0 4937 0.3 20 0 0 180 59.2 49.9 49.9
5337 0.5 20 0 0 4937 0.3 30 0 0 0 58.8 46.9 46.9
5337 0.5 20 0 0 4937 0.3 30 0 0 30 58.8 47.0 47.0
5337 0.5 20 0 0 4937 0.3 30 0 0 60 59.0 47.2 47.2
5337 0.5 20 0 0 4937 0.3 30 0 0 90 59.0 47.5 47.5
5337 0.5 20 0 0 4937 0.3 30 0 0 120 59.1 48.0 48.0
5337 0.5 20 0 0 4937 0.3 30 0 0 150 59.0 48.5 48.5
5337 0.5 20 0 0 4937 0.3 30 0 0 180 58.8 48.5 48.5
5337 0.5 20 0 0 4937 0.3 40 0 0 0 58.2 47.0 47.0
5337 0.5 20 0 0 4937 0.3 40 0 0 30 58.3 47.1 47.1
5337 0.5 20 0 0 4937 0.3 40 0 0 60 58.4 47.4 47.4
5337 0.5 20 0 0 4937 0.3 40 0 0 90 58.4 47.7 47.7
5337 0.5 20 0 0 4937 0.3 40 0 0 120 58.5 48.2 48.2
5337 0.5 20 0 0 4937 0.3 40 0 0 150 58.4 48.6 48.6
5337 0.5 20 0 0 4937 0.3 40 0 0 180 58.3 48.7 48.7
5337 0.5 20 0 0 4937 0.3 50 0 0 0 57.4 47.6 47.6
5337 0.5 20 0 0 4937 0.3 50 0 0 30 57.4 47.8 47.8
5337 0.5 20 0 0 4937 0.3 50 0 0 60 57.5 48.0 48.0
5337 0.5 20 0 0 4937 0.3 50 0 0 90 57.6 48.1 48.1
5337 0.5 20 0 0 4937 0.3 50 0 0 120 57.7 48.6 48.6
5337 0.5 20 0 0 4937 0.3 50 0 0 150 57.5 49.0 49.0
5337 0.5 20 0 0 4937 0.3 50 0 0 180 57.4 49.0 49.0
5337 0.5 20 0 0 4937 0.3 60 0 0 0 55.8 49.0 49.0
5337 0.5 20 0 0 4937 0.3 60 0 0 30 55.9 49.1 49.1
5337 0.5 20 0 0 4937 0.3 60 0 0 60 56.1 49.3 49.3
5337 0.5 20 0 0 4937 0.3 60 0 0 90 56.2 49.5 49.5
5337 0.5 20 0 0 4937 0.3 60 0 0 120 56.2 49.8 49.8
5337 0.5 20 0 0 4937 0.3 60 0 0 150 56.1 50.0 50.0
5337 0.5 20 0 0 4937 0.3 60 0 0 180 56.1 49.8 49.8
5337 0.5 20 0 0 4937 0.4 0 0 0 0 58.3 49.2 49.2
5337 0.5 20 0 0 4937 0.4 0 0 0 30 58.5 49.4 49.4
5337 0.5 20 0 0 4937 0.4 0 0 0 60 58.6 49.6 49.6
5337 0.5 20 0 0 4937 0.4 0 0 0 90 58.6 49.9 49.9
5337 0.5 20 0 0 4937 0.4 0 0 0 120 58.8 50.3 50.3
5337 0.5 20 0 0 4937 0.4 0 0 0 150 58.7 50.4 50.4
5337 0.5 20 0 0 4937 0.4 0 0 0 180 58.4 49.9 49.9
5337 0.5 20 0 0 4937 0.4 10 0 0 0 58.2 48.7 48.7
5337 0.5 20 0 0 4937 0.4 10 0 0 30 58.4 48.8 48.8
5337 0.5 20 0 0 4937 0.4 10 0 0 60 58.5 49.2 49.2
5337 0.5 20 0 0 4937 0.4 10 0 0 90 58.5 49.4 49.4
5337 0.5 20 0 0 4937 0.4 10 0 0 120 58.7 49.8 49.8
5337 0.5 20 0 0 4937 0.4 10 0 0 150 58.6 49.9 49.9
5337 0.5 20 0 0 4937 0.4 10 0 0 180 58.3 49.6 49.6
5337 0.5 20 0 0 4937 0.4 20 0 0 0 58.0 47.0 47.0
5337 0.5 20 0 0 4937 0.4 20 0 0 30 58.2 47.1 47.1
5337 0.5 20 0 0 4937 0.4 20 0 0 60 58.3 47.3 47.3
5337 0.5 20 0 0 4937 0.4 20 0 0 90 58.3 47.4 47.4
5337 0.5 20 0 0 4937 0.4 20 0 0 120 58.5 47.7 47.7
5337 0.5 20 0 0 4937 0.4 20 0 0 150 58.4 48.0 48.0
5337 0.5 20 0 0 4937 0.4 20 0 0 180 58.1 47.9 47.9
5337 0.5 20 0 0 4937 0.4 30 0 0 0 57.6 45.9 45.9
5337 0.5 20 0 0 4937 0.4 30 0 0 30 57.8 46.0 46.0
5337 0.5 20 0 0 4937 0.4 30 0 0 60 57.9 46.2 46.2
5337 0.5 20 0 0 4937 0.4 30 0 0 90 57.9 46.4 46.4
5337 0.5 20 0 0 4937 0.4 30 0 0 120 58.1 46.8 46.8
5337 0.5 20 0 0 4937 0.4 30 0 0 150 57.9 47.5 47.5
5337 0.5 20 0 0 4937 0.4 30 0 0 180 57.7 47.6 47.6
5337 0.5 20 0 0 4937 0.4 40 0 0 0 57.0 46.1 46.1
5337 0.5 20 0 0 4937 0.4 40 0 0 30 57.2 46.2 46.2
5337 0.5 20 0 0 4937 0.4 40 0 0 60 57.3 46.4 46.4
5337 0.5 20 0 0 4937 0.4 40 0 0 90 57.3 46.6 46.6
5337 0.5 20 0 0 4937 0.4 40 0 0 120 57.5 47.0 47.0
5337 0.5 20 0 0 4937 0.4 40 0 0 150 57.3 47.6 47.6
5337 0.5 20 0 0 4937 0.4 40 0 0 180 57.1 47.8 47.8
5337 0.5 20 0 0 4937 0.4 50 0 0 0 56.2 47.0 47.0
5337 0.5 20 0 0 4937 0.4 50 0 0 30 56.3 47.0 47.0
5337 0.5 20 0 0 4937 0.4 50 0 0 60 56.4 47.1 47.1
5337 0.5 20 0 0 4937 0.4 50 0 0 90 56.4 47.3 47.3
5337 0.5 20 0 0 4937 0.4 50 0 0 120 56.5 47.6 47.6
5337 0.5 20 0 0 4937 0.4 50 0 0 150 56.4 47.9 47.9
5337 0.5 20 0 0 4937 0.4 50 0 0 180 56.2 48.0 48.0
5337 0.5 20 0 0 4937 0.4 60 0 0 0 54.4 47.9 47.9
5337 0.5 20 0 0 4937 0.4 60 0 0 30 54.4 48.0 48.0
5337 0.5 20 0 0 4937 0.4 60 0 0 60 54.6 48.2 48.2
5337 0.5 20 0 0 4937 0.4 60 0 0 90 54.7 48.4 48.4
5337 0.5 20 0 0 4937 0.4 60 0 0 120 54.8 48.7 48.7
5337 0.5 20 0 0 4937 0.4 60 0 0 150 54.8 48.9 48.9
5337 0.5 20 0 0 4937 0.4 60 0 0 180 54.6 48.7 48.7
5337 0.5 20 0 0 4937 0.5 0 0 0 0 57.3 47.7 47.7
5337 0.5 20 0 0 4937 0.5 0 0 0 30 57.4 47.8 47.8
5337 0.5 20 0 0 4937 0.5 0 0 0 60 57.6 47.9 47.9
5337 0.5 20 0 0 4937 0.5 0 0 0 90 57.6 48.1 48.1
5337 0.5 20 0 0 4937 0.5 0 0 0 120 57.6 48.5 48.5
5337 0.5 20 0 0 4937 0.5 0 0 0 150 57.5 48.7 48.7
5337 0.5 20 0 0 4937 0.5 0 0 0 180 57.2 48.2 48.2
5337 0.5 20 0 0 4937 0.5 10 0 0 0 57.2 46.8 46.8
5337 0.5 20 0 0 4937 0.5 10 0 0 30 57.3 47.0 47.0
5337 0.5 20 0 0 4937 0.5 10 0 0 60 57.5 47.1 47.1
5337 0.5 20 0 0 4937 0.5 10 0 0 90 57.5 47.4 47.4
5337 0.5 20 0 0 4937 0.5 10 0 0 120 57.5 47.6 47.6
5337 0.5 20 0 0 4937 0.5 10 0 0 150 57.4 47.9 47.9
5337 0.5 20 0 0 4937 0.5 10 0 0 180 57.2 47.6 47.6
5337 0.5 20 0 0 4937 0.5 20 0 0 0 57.0 45.7 45.7
5337 0.5 20 0 0 4937 0.5 20 0 0 30 57.1 45.8 45.8
5337 0.5 20 0 0 4937 0.5 20 0 0 60 57.2 46.0 46.0
5337 0.5 20 0 0 4937 0.5 20 0 0 90 57.3 46.2 46.2
5337 0.5 20 0 0 4937 0.5 20 0 0 120 57.3 46.3 46.3
5337 0.5 20 0 0 4937 0.5 20 0 0 150 57.2 46.6 46.6
5337 0.5 20 0 0 4937 0.5 20 0 0 180 56.9 46.7 46.7
5337 0.5 20 0 0 4937 0.5 30 0 0 0 56.6 45.2 45.2
5337 0.5 20 0 0 4937 0.5 30 0 0 30 56.7 45.3 45.3
5337 0.5 20 0 0 4937 0.5 30 0 0 60 56.8 45.5 45.5
5337 0.5 20 0 0 4937 0.5 30 0 0 90 56.9 45.6 45.6
5337 0.5 20 0 0 4937 0.5 30 0 0 120 56.9 45.9 45.9
5337 0.5 20 0 0 4937 0.5 30 0 0 150 56.8 46.5 46.5
5337 0.5 20 0 0 4937 0.5 30 0 0 180 56.5 46.9 46.9
5337 0.5 20 0 0 4937 0.5 40 0 0 0 56.0 45.5 45.5
5337 0.5 20 0 0 4937 0.5 40 0 0 30 56.1 45.6 45.6
5337 0.5 20 0 0 4937 0.5 40 0 0 60 56.2 45.7 45.7
5337 0.5 20 0 0 4937 0.5 40 0 0 90 56.3 45.8 45.8
5337 0.5 20 0 0 4937 0.5 40 0 0 120 56.3 46.1 46.1
5337 0.5 20 0 0 4937 0.5 40 0 0 150 56.1 46.7 46.7
5337 0.5 20 0 0 4937 0.5 40 0 0 180 55.8 47.0 47.0
5337 0.5 20 0 0 4937 0.5 50 0 0 0 55.0 46.2 46.2
5337 0.5 20 0 0 4937 0.5 50 0 0 30 55.1 46.2 46.2
5337 0.5 20 0 0 4937 0.5 50 0 0 60 55.2 46.4 46.4
5337 0.5 20 0 0 4937 0.5 50 0 0 90 55.3 46.4 46.4
5337 0.5 20 0 0 4937 0.5 50 0 0 120 55.3 46.7 46.7
5337 0.5 20 0 0 4937 0.5 50 0 0 150 55.2 47.1 47.1
5337 0.5 20 0 0 4937 0.5 50 0 0 180 54.9 47.2 47.2
5337 0.5 20 0 0 4937 0.5 60 0 0 0 53.2 46.8 46.8
5337 0.5 20 0 0 4937 0.5 60 0 0 30 53.2 47.0 47.0
5337 0.5 20 0 0 4937 0.5 60 0 0 60 53.3 47.2 47.2
5337 0.5 20 0 0 4937 0.5 60 0 0 90 53.4 47.3 47.3
5337 0.5 20 0 0 4937 0.5 60 0 0 120 53.4 47.6 47.6
5337 0.5 20 0 0 4937 0.5 60 0 0 150 53.4 47.8 47.8
5337 0.5 20 0 0 4937 0.5 60 0 0 180 53.4 47.7 47.7
5337 0.5 20 0 0 5137 0.0 0 0 0 0 62.9 55.5 55.5
5337 0.5 20 0 0 5137 0.0 0 0 0 30 63.0 55.4 55.4
5337 0.5 20 0 0 5137 0.0 0 0 0 60 62.9 55.2 55.2
5337 0.5 20 0 0 5137 0.0 0 0 0 90 62.8 55.1 55.1
5337 0.5 20 0 0 5137 0.0 0 0 0 120 62.7 55.0 55.0
5337 0.5 20 0 0 5137 0.0 0 0 0 150 62.6 54.9 54.9
5337 0.5 20 0 0 5137 0.0 0 0 0 180 62.6 54.9 54.9
5337 0.5 20 0 0 5137 0.0 10 0 0 0 62.9 55.2 55.2
5337 0.5 20 0 0 5137 0.0 10 0 0 30 62.9 55.1 55.1
5337 0.5 20 0 0 5137 0.0 10 0 0 60 62.9 55.0 55.0
5337 0.5 20 0 0 5137 0.0 10 0 0 90 62.7 54.9 54.9
5337 0.5 20 0 0 5137 0.0 10 0 0 120 62.7 54.7 54.7
5337 0.5 20 0 0 5137 0.0 10 0 0 150 62.6 54.6 54.6
5337 0.5 20 0 0 5137 0.0 10 0 0 180 62.6 54.6 54.6
5337 0.5 20 0 0 5137 0.0 20 0 0 0 62.7 54.2 54.2
5337 0.5 20 0 0 5137 0.0 20 0 0 30 62.8 54.2 54.2
5337 0.5 20 0 0 5137 0.0 20 0 0 60 62.7 54.1 54.1
5337 0.5 20 0 0 5137 0.0 20 0 0 90 62.6 54.0 54.0
5337 0.5 20 0 0 5137 0.0 20 0 0 120 62.5 53.9 53.9
5337 0.5 20 0 0 5137 0.0 20 0 0 150 62.4 53.8 53.8
5337 0.5 20 0 0 5137 0.0 20 0 0 180 62.4 53.8 53.8
5337 0.5 20 0 0 5137 0.0 30 0 0 0 62.4 51.4 51.4
5337 0.5 20 0 0 5137 0.0 30 0 0 30 62.5 51.7 51.7
5337 0.5 20 0 0 5137 0.0 30 0 0 60 62.4 51.9 51.9
5337 0.5 20 0 0 5137 0.0 30 0 0 90 62.3 51.9 51.9
5337 0.5 20 0 0 5137 0.0 30 0 0 120 62.2 52.0 52.0
5337 0.5 20 0 0 5137 0.0 30 0 0 150 62.1 52.0 52.0
5337 0.5 20 0 0 5137 0.0 30 0 0 180 62.1 52.0 52.0
5337 0.5 20 0 0 5137 0.0 40 0 0 0 61.9 51.2 51.2
5337 0.5 20 0 0 5137 0.0 40 0 0 30 62.0 51.4 51.4
5337 0.5 20 0 0 5137 0.0 40 0 0 60 61.9 51.6 51.6
5337 0.5 20 0 0 5137 0.0 40 0 0 90 61.8 51.7 51.7
5337 0.5 20 0 0 5137 0.0 40 0 0 120 61.8 51.7 51.7
5337 0.5 20 0 0 5137 0.0 40 0 0 150 61.7 51.7 51.7
5337 0.5 20 0 0 5137 0.0 40 0 0 180 61.7 51.7 51.7
5337 0.5 20 0 0 5137 0.0 50 0 0 0 61.2 51.9 51.9
5337 0.5 20 0 0 5137 0.0 50 0 0 30 61.2 51.9 51.9
5337 0.5 20 0 0 5137 0.0 50 0 0 60 61.2 51.9 51.9
5337 0.5 20 0 0 5137 0.0 50 0 0 90 61.2 52.0 52.0
5337 0.5 20 0 0 5137 0.0 50 0 0 120 61.1 52.1 52.1
5337 0.5 20 0 0 5137 0.0 50 0 0 150 61.0 52.0 52.0
5337 0.5 20 0 0 5137 0.0 50 0 0 180 61.0 52.0 52.0
5337 0.5 20 0 0 5137 0.0 60 0 0 0 60.0 53.5 53.5
5337 0.5 20 0 0 5137 0.0 60 0 0 30 60.1 53.4 53.4
5337 0.5 20 0 0 5137 0.0 60 0 0 60 60.0 53.3 53.3
5337 0.5 20 0 0 5137 0.0 60 0 0 90 60.0 53.1 53.1
5337 0.5 20 0 0 5137 0.0 60 0 0 120 59.9 53.0 53.0
5337 0.5 20 0 0 5137 0.0 60 0 0 150 59.9 52.9 52.9
5337 0.5 20 0 0 5137 0.0 60 0 0 180 59.9 52.9 52.9
5337 0.5 20 0 0 5137 0.1 0 0 0 0 61.9 54.2 54.2
5337 0.5 20 0 0 5137 0.1 0 0 0 30 62.0 54.2 54.2
5337 0.5 20 0 0 5137 0.1 0 0 0 60 61.9 54.0 54.0
5337 0.5 20 0 0 5137 0.1 0 0 0 90 61.8 53.9 53.9
5337 0.5 20 0 0 5137 0.1 0 0 0 120 61.7 53.8 53.8
5337 0.5 20 0 0 5137 0.1 0 0 0 150 61.6 53.7 53.7
5337 0.5 20 0 0 5137 0.1 0 0 0 180 61.6 53.7 53.7
5337 0.5 20 0 0 5137 0.1 10 0 0 0 61.9 53.9 53.9
5337 0.5 20 0 0 5137 0.1 10 0 0 30 61.9 53.8 53.8
5337 0.5 20 0 0 5137 0.1 10 0 0 60 61.8 53.7 53.7
5337 0.5 20 0 0 5137 0.1 10 0 0 90 61.7 53.6 53.6
5337 0.5 20 0 0 5137 0.1 10 0 0 120 61.7 53.5 53.5
5337 0.5 20 0 0 5137 0.1 10 0 0 150 61.6 53.4 53.4
5337 0.5 20 0 0 5137 0.1 10 0 0 180 61.5 53.4 53.4
5337 0.5 20 0 0 5137 0.1 20 0 0 0 61.7 52.8 52.8
5337 0.5 20 0 0 5137 0.1 20 0 0 30 61.7 52.8 52.8
5337 0.5 20 0 0 5137 0.1 20 0 0 60 61.6 52.7 52.7
5337 0.5 20 0 0 5137 0.1 20 0 0 90 61.6 52.7 52.7
5337 0.5 20 0 0 5137 0.1 20 0 0 120 61.5 52.6 52.6
5337 0.5 20 0 0 5137 0.1 20 0 0 150 61.4 52.6 52.6
5337 0.5 20 0 0 5137 0.1 20 0 0 180 61.4 52.5 52.5
5337 0.5 20 0 0 5137 0.1 30 0 0 0 61.3 50.0 50.0
5337 0.5 20 0 0 5137 0.1 30 0 0 30 61.4 50.1 50.1
5337 0.5 20 0 0 5137 0.1 30 0 0 60 61.3 50.3 50.3
5337 0.5 20 0 0 5137 0.1 30 0 0 90 61.2 50.5 50.5
5337 0.5 20 0 0 5137 0.1 30 0 0 120 61.2 50.6 50.6
5337 0.5 20 0 0 5137 0.1 30 0 0 150 61.1 50.7 50.7
5337 0.5 20 0 0 5137 0.1 30 0 0 180 61.1 50.8 50.8
5337 0.5 20 0 0 5137 0.1 40 0 0 0 60.8 49.9 49.9
5337 0.5 20 0 0 5137 0.1 40 0 0 30 60.9 50.0 50.0
5337 0.5 20 0 0 5137 0.1 40 0 0 60 60.8 50.2 50.2
5337 0.5 20 0 0 5137 0.1 40 0 0 90 60.7 50.3 50.3
5337 0.5 20 0 0 5137 0.1 40 0 0 120 60.7 50.4 50.4
5337 0.5 20 0 0 5137 0.1 40 0 0 150 60.6 50.4 50.4
5337 0.5 20 0 0 5137 0.1 40 0 0 180 60.6 50.5 50.5
5337 0.5 20 0 0 5137 0.1 50 0 0 0 60.0 50.8 50.8
5337 0.5 20 0 0 5137 0.1 50 0 0 30 60.1 50.7 50.7
5337 0.5 20 0 0 5137 0.1 50 0 0 60 60.1 50.7 50.7
5337 0.5 20 0 0 5137 0.1 50 0 0 90 60.0 50.7 50.7
5337 0.5 20 0 0 5137 0.1 50 0 0 120 60.0 50.8 50.8
5337 0.5 20 0 0 5137 0.1 50 0 0 150 59.9 50.8 50.8
5337 0.5 20 0 0 5137 0.1 50 0 0 180 60.0 50.9 50.9
5337 0.5 20 0 0 5137 0.1 60 0 0 0 58.8 52.5 52.5
5337 0.5 20 0 0 5137 0.1 60 0 0 30 58.8 52.4 52.4
5337 0.5 20 0 0 5137 0.1 60 0 0 60 58.8 52.3 52.3
5337 0.5 20 0 0 5137 0.1 60 0 0 90 58.8 52.1 52.1
5337 0.5 20 0 0 5137 0.1 60 0 0 120 58.7 51.8 51.8
5337 0.5 20 0 0 5137 0.1 60 0 0 150 58.7 51.6 51.6
5337 0.5 20 0 0 5137 0.1 60 0 0 180 58.8 51.6 51.6
5337 0.5 20 0 0 5137 0.2 0 0 0 0 60.9 52.9 52.9
5337 0.5 20 0 0 5137 0.2 0 0 0 30 60.9 52.9 52.9
5337 0.5 20 0 0 5137 0.2 0 0 0 60 60.9 52.8 52.8
5337 0.5 20 0 0 5137 0.2 0 0 0 90 60.8 52.7 52.7
5337 0.5 20 0 0 5137 0.2 0 0 0 120 60.7 52.6 52.6
5337 0.5 20 0 0 5137 0.2 0 0 0 150 60.6 52.5 52.5
5337 0.5 20 0 0 5137 0.2 0 0 0 180 60.6 52.4 52.4
5337 0.5 20 0 0 5137 0.2 10 0 0 0 60.8 52.6 52.6
5337 0.5 20 0 0 5137 0.2 10 0 0 30 60.9 52.5 52.5
5337 0.5 20 0 0 5137 0.2 10 0 0 60 60.8 52.5 52.5
5337 0.5 20 0 0 5137 0.2 10 0 0 90 60.7 52.3 52.3
5337 0.5 20 0 0 5137 0.2 10 0 0 120 60.7 52.3 52.3
5337 0.5 20 0 0 5137 0.2 10 0 0 150 60.6 52.2 52.2
5337 0.5 20 0 0 5137 0.2 10 0 0 180 60.6 52.1 52.1
5337 0.5 20 0 0 5137 0.2 20 0 0 0 60.6 51.4 51.4
5337 0.5 20 0 0 5137 0.2 20 0 0 30 60.7 51.3 51.3
5337 0.5 20 0 0 5137 0.2 20 0 0 60 60.6 51.3 51.3
5337 0.5 20 0 0 5137 0.2 20 0 0 90 60.5 51.3 51.3
5337 0.5 20 0 0 5137 0.2 20 0 0 120 60.5 51.3 51.3
5337 0.5 20 0 0 5137 0.2 20 0 0 150 60.4 51.3 51.3
5337 0.5 20 0 0 5137 0.2 20 0 0 180 60.4 51.3 51.3
5337 0.5 20 0 0 5137 0.2 30 0 0 0 60.3 48.7 48.7
5337 0.5 20 0 0 5137 0.2 30 0 0 30 60.3 48.7 48.7
5337 0.5 20 0 0 5137 0.2 30 0 0 60 60.3 48.8 48.8
5337 0.5 20 0 0 5137 0.2 30 0 0 90 60.2 49.0 49.0
5337 0.5 20 0 0 5137 0.2 30 0 0 120 60.2 49.2 49.2
5337 0.5 20 0 0 5137 0.2 30 0 0 150 60.1 49.4 49.4
5337 0.5 20 0 0 5137 0.2 30 0 0 180 60.1 49.6 49.6
5337 0.5 20 0 0 5137 0.2 40 0 0 0 59.7 48.9 48.9
5337 0.5 20 0 0 5137 0.2 40 0 0 30 59.7 48.9 48.9
5337 0.5 20 0 0 5137 0.2 40 0 0 60 59.7 48.8 48.8
5337 0.5 20 0 0 5137 0.2 40 0 0 90 59.7 49.0 49.0
5337 0.5 20 0 0 5137 0.2 40 0 0 120 59.6 49.2 49.2
5337 0.5 20 0 0 5137 0.2 40 0 0 150 59.5 49.3 49.3
5337 0.5 20 0 0 5137 0.2 40 0 0 180 59.6 49.4 49.4
5337 0.5 20 0 0 5137 0.2 50 0 0 0 58.8 49.7 49.7
5337 0.5 20 0 0 5137 0.2 50 0 0 30 58.9 49.7 49.7
5337 0.5 20 0 0 5137 0.2 50 0 0 60 58.9 49.6 49.6
5337 0.5 20 0 0 5137 0.2 50 0 0 90 58.9 49.6 49.6
5337 0.5 20 0 0 5137 0.2 50 0 0 120 58.9 49.5 49.5
5337 0.5 20 0 0 5137 0.2 50 0 0 150 58.8 49.6 49.6
5337 0.5 20 0 0 5137 0.2 50 0 0 180 58.9 49.7 49.7
5337 0.5 20 0 0 5137 0.2 60 0 0 0 57.4 51.4 51.4
5337 0.5 20 0 0 5137 0.2 60 0 0 30 57.5 51.3 51.3
5337 0.5 20 0 0 5137 0.2 60 0 0 60 57.6 51.2 51.2
5337 0.5 20 0 0 5137 0.2 60 0 0 90 57.6 51.0 51.0
5337 0.5 20 0 0 5137 0.2 60 0 0 120 57.5 50.8 50.8
5337 0.5 20 0 0 5137 0.2 60 0 0 150 57.5 50.6 50.6
5337 0.5 20 0 0 5137 0.2 60 0 0 180 57.6 50.5 50.5
5337 0.5 20 0 0 5137 0.3 0 0 0 0 59.8 51.6 51.6
5337 0.5 20 0 0 5137 0.3 0 0 0 30 59.9 51.6 51.6
5337 0.5 20 0 0 5137 0.3 0 0 0 60 59.8 51.5 51.5
5337 0.5 20 0 0 5137 0.3 0 0 0 90 59.8 51.4 51.4
5337 0.5 20 0 0 5137 0.3 0 0 0 120 59.7 51.3 51.3
5337 0.5 20 0 0 5137 0.3 0 0 0 150 59.6 51.3 51.3
5337 0.5 20 0 0 5137 0.3 0 0 0 180 59.6 51.2 51.2
5337 0.5 20 0 0 5137 0.3 10 0 0 0 59.8 51.1 51.1
5337 0.5 20 0 0 5137 0.3 10 0 0 30 59.8 51.1 51.1
5337 0.5 20 0 0 5137 0.3 10 0 0 60 59.7 51.1 51.1
5337 0.5 20 0 0 5137 0.3 10 0 0 90 59.7 51.0 51.0
5337 0.5 20 0 0 5137 0.3 10 0 0 120 59.7 50.9 50.9
5337 0.5 20 0 0 5137 0.3 10 0 0 150 59.5 50.9 50.9
5337 0.5 20 0 0 5137 0.3 10 0 0 180 59.6 51.0 51.0
5337 0.5 20 0 0 5137 0.3 20 0 0 0 59.6 49.8 49.8
5337 0.5 20 0 0 5137 0.3 20 0 0 30 59.6 49.8 49.8
5337 0.5 20 0 0 5137 0.3 20 0 0 60 59.5 49.8 49.8
5337 0.5 20 0 0 5137 0.3 20 0 0 90 59.5 49.7 49.7
5337 0.5 20 0 0 5137 0.3 20 0 0 120 59.5 49.7 49.7
5337 0.5 20 0 0 5137 0.3 20 0 0 150 59.4 49.8 49.8
5337 0.5 20 0 0 5137 0.3 20 0 0 180 59.4 50.0 50.0
5337 0.5 20 0 0 5137 0.3 30 0 0 0 59.2 47.6 47.6
5337 0.5 20 0 0 5137 0.3 30 0 0 30 59.2 47.5 47.5
5337 0.5 20 0 0 5137 0.3 30 0 0 60 59.2 47.5 47.5
5337 0.5 20 0 0 5137 0.3 30 0 0 90 59.1 47.6 47.6
5337 0.5 20 0 0 5137 0.3 30 0 0 120 59.1 47.9 47.9
5337 0.5 20 0 0 5137 0.3 30 0 0 150 59.0 48.2 48.2
5337 0.5 20 0 0 5137 0.3 30 0 0 180 59.1 48.6 48.6
5337 0.5 20 0 0 5137 0.3 40 0 0 0 58.5 47.9 47.9
5337 0.5 20 0 0 5137 0.3 40 0 0 30 58.6 47.8 47.8
5337 0.5 20 0 0 5137 0.3 40 0 0 60 58.6 47.8 47.8
5337 0.5 20 0 0 5137 0.3 40 0 0 90 58.6 47.8 47.8
5337 0.5 20 0 0 5137 0.3 40 0 0 120 58.6 48.0 48.0
5337 0.5 20 0 0 5137 0.3 40 0 0 150 58.5 48.2 48.2
5337 0.5 20 0 0 5137 0.3 40 0 0 180 58.6 48.4 48.4
5337 0.5 20 0 0 5137 0.3 50 0 0 0 57.6 48.8 48.8
5337 0.5 20 0 0 5137 0.3 50 0 0 30 57.6 48.7 48.7
5337 0.5 20 0 0 5137 0.3 50 0 0 60 57.7 48.6 48.6
5337 0.5 20 0 0 5137 0.3 50 0 0 90 57.7 48.5 48.5
5337 0.5 20 0 0 5137 0.3 50 0 0 120 57.8 48.4 48.4
5337 0.5 20 0 0 5137 0.3 50 0 0 150 57.7 48.4 48.4
5337 0.5 20 0 0 5137 0.3 50 0 0 180 57.9 48.6 48.6
5337 0.5 20 0 0 5137 0.3 60 0 0 0 56.1 50.3 50.3
5337 0.5 20 0 0 5137 0.3 60 0 0 30 56.2 50.3 50.3
5337 0.5 20 0 0 5137 0.3 60 0 0 60 56.3 50.1 50.1
5337 0.5 20 0 0 5137 0.3 60 0 0 90 56.4 49.9 49.9
5337 0.5 20 0 0 5137 0.3 60 0 0 120 56.4 49.7 49.7
5337 0.5 20 0 0 5137 0.3 60 0 0 150 56.3 49.4 49.4
5337 0.5 20 0 0 5137 0.3 60 0 0 180 56.5 49.3 49.3
5337 0.5 20 0 0 5137 0.4 0 0 0 0 58.7 50.1 50.1
5337 0.5 20 0 0 5137 0.4 0 0 0 30 58.8 50.1 50.1
5337 0.5 20 0 0 5137 0.4 0 0 0 60 58.8 50.1 50.1
5337 0.5 20 0 0 5137 0.4 0 0 0 90 58.8 50.0 50.0
5337 0.5 20 0 0 5137 0.4 0 0 0 120 58.8 50.0 50.0
5337 0.5 20 0 0 5137 0.4 0 0 0 150 58.7 50.0 50.0
5337 0.5 20 0 0 5137 0.4 0 0 0 180 58.6 49.9 49.9
5337 0.5 20 0 0 5137 0.4 10 0 0 0 58.7 49.7 49.7
5337 0.5 20 0 0 5137 0.4 10 0 0 30 58.7 49.6 49.6
5337 0.5 20 0 0 5137 0.4 10 0 0 60 58.7 49.6 49.6
5337 0.5 20 0 0 5137 0.4 10 0 0 90 58.7 49.5 49.5
5337 0.5 20 0 0 5137 0.4 10 0 0 120 58.7 49.5 49.5
5337 0.5 20 0 0 5137 0.4 10 0 0 150 58.6 49.5 49.5
5337 0.5 20 0 0 5137 0.4 10 0 0 180 58.6 49.7 49.7
5337 0.5 20 0 0 5137 0.4 20 0 0 0 58.4 47.9 47.9
5337 0.5 20 0 0 5137 0.4 20 0 0 30 58.5 47.9 47.9
5337 0.5 20 0 0 5137 0.4 20 0 0 60 58.4 47.8 47.8
5337 0.5 20 0 0 5137 0.4 20 0 0 90 58.5 47.7 47.7
5337 0.5 20 0 0 5137 0.4 20 0 0 120 58.5 47.7 47.7
5337 0.5 20 0 0 5137 0.4 20 0 0 150 58.4 47.9 47.9
5337 0.5 20 0 0 5137 0.4 20 0 0 180 58.4 48.3 48.3
5337 0.5 20 0 0 5137 0.4 30 0 0 0 58.0 46.6 46.6
5337 0.5 20 0 0 5137 0.4 30 0 0 30 58.1 46.6 46.6
5337 0.5 20 0 0 5137 0.4 30 0 0 60 58.0 46.5 46.5
5337 0.5 20 0 0 5137 0.4 30 0 0 90 58.1 46.4 46.4
5337 0.5 20 0 0 5137 0.4 30 0 0 120 58.1 46.7 46.7
5337 0.5 20 0 0 5137 0.4 30 0 0 150 58.0 47.1 47.1
5337 0.5 20 0 0 5137 0.4 30 0 0 180 58.1 47.6 47.6
5337 0.5 20 0 0 5137 0.4 40 0 0 0 57.3 47.0 47.0
5337 0.5 20 0 0 5137 0.4 40 0 0 30 57.4 46.9 46.9
5337 0.5 20 0 0 5137 0.4 40 0 0 60 57.4 46.9 46.9
5337 0.5 20 0 0 5137 0.4 40 0 0 90 57.4 46.8 46.8
5337 0.5 20 0 0 5137 0.4 40 0 0 120 57.5 46.8 46.8
5337 0.5 20 0 0 5137 0.4 40 0 0 150 57.5 47.2 47.2
5337 0.5 20 0 0 5137 0.4 40 0 0 180 57.6 47.5 47.5
5337 0.5 20 0 0 5137 0.4 50 0 0 0 56.3 48.1 48.1
5337 0.5 20 0 0 5137 0.4 50 0 0 30 56.3 48.0 48.0
5337 0.5 20 0 0 5137 0.4 50 0 0 60 56.4 47.9 47.9
5337 0.5 20 0 0 5137 0.4 50 0 0 90 56.5 47.7 47.7
5337 0.5 20 0 0 5137 0.4 50 0 0 120 56.7 47.6 47.6
5337 0.5 20 0 0 5137 0.4 50 0 0 150 56.7 47.4 47.4
5337 0.5 20 0 0 5137 0.4 50 0 0 180 56.8 47.6 47.6
5337 0.5 20 0 0 5137 0.4 60 0 0 0 54.6 49.3 49.3
5337 0.5 20 0 0 5137 0.4 60 0 0 30 54.6 49.3 49.3
5337 0.5 20 0 0 5137 0.4 60 0 0 60 54.8 49.2 49.2
5337 0.5 20 0 0 5137 0.4 60 0 0 90 55.0 49.0 49.0
5337 0.5 20 0 0 5137 0.4 60 0 0 120 55.2 48.8 48.8
5337 0.5 20 0 0 5137 0.4 60 0 0 150 55.1 48.4 48.4
5337 0.5 20 0 0 5137 0.4 60 0 0 180 55.2 48.2 48.2
5337 0.5 20 0 0 5137 0.5 0 0 0 0 57.6 48.4 48.4
5337 0.5 20 0 0 5137 0.5 0 0 0 30 57.6 48.4 48.4
5337 0.5 20 0 0 5137 0.5 0 0 0 60 57.6 48.4 48.4
5337 0.5 20 0 0 5137 0.5 0 0 0 90 57.6 48.4 48.4
5337 0.5 20 0 0 5137 0.5 0 0 0 120 57.7 48.5 48.5
5337 0.5 20 0 0 5137 0.5 0 0 0 150 57.8 48.6 48.6
5337 0.5 20 0 0 5137 0.5 0 0 0 180 57.7 48.5 48.5
5337 0.5 20 0 0 5137 0.5 10 0 0 0 57.5 47.9 47.9
5337 0.5 20 0 0 5137 0.5 10 0 0 30 57.5 47.8 47.8
5337 0.5 20 0 0 5137 0.5 10 0 0 60 57.5 47.8 47.8
5337 0.5 20 0 0 5137 0.5 10 0 0 90 57.5 47.7 47.7
5337 0.5 20 0 0 5137 0.5 10 0 0 120 57.6 47.8 47.8
5337 0.5 20 0 0 5137 0.5 10 0 0 150 57.7 47.8 47.8
5337 0.5 20 0 0 5137 0.5 10 0 0 180 57.6 48.1 48.1
5337 0.5 20 0 0 5137 0.5 20 0 0 0 57.2 46.3 46.3
5337 0.5 20 0 0 5137 0.5 20 0 0 30 57.3 46.3 46.3
5337 0.5 20 0 0 5137 0.5 20 0 0 60 57.3 46.2 46.2
5337 0.5 20 0 0 5137 0.5 20 0 0 90 57.3 46.1 46.1
5337 0.5 20 0 0 5137 0.5 20 0 0 120 57.4 46.1 46.1
5337 0.5 20 0 0 5137 0.5 20 0 0 150 57.5 46.2 46.2
5337 0.5 20 0 0 5137 0.5 20 0 0 180 57.5 47.1 47.1
5337 0.5 20 0 0 5137 0.5 30 0 0 0 56.7 46.0 46.0
5337 0.5 20 0 0 5137 0.5 30 0 0 30 56.8 45.9 45.9
5337 0.5 20 0 0 5137 0.5 30 0 0 60 56.8 45.8 45.8
5337 0.5 20 0 0 5137 0.5 30 0 0 90 56.8 45.7 45.7
5337 0.5 20 0 0 5137 0.5 30 0 0 120 57.0 45.7 45.7
5337 0.5 20 0 0 5137 0.5 30 0 0 150 57.1 46.2 46.2
5337 0.5 20 0 0 5137 0.5 30 0 0 180 57.2 46.9 46.9
5337 0.5 20 0 0 5137 0.5 40 0 0 0 55.9 46.5 46.5
5337 0.5 20 0 0 5137 0.5 40 0 0 30 56.0 46.5 46.5
5337 0.5 20 0 0 5137 0.5 40 0 0 60 56.1 46.4 46.4
5337 0.5 20 0 0 5137 0.5 40 0 0 90 56.2 46.3 46.3
5337 0.5 20 0 0 5137 0.5 40 0 0 120 56.4 46.1 46.1
5337 0.5 20 0 0 5137 0.5 40 0 0 150 56.5 46.2 46.2
5337 0.5 20 0 0 5137 0.5 40 0 0 180 56.7 46.7 46.7
5337 0.5 20 0 0 5137 0.5 50 0 0 0 54.8 47.4 47.4
5337 0.5 20 0 0 5137 0.5 50 0 0 30 54.9 47.3 47.3
5337 0.5 20 0 0 5137 0.5 50 0 0 60 55.0 47.2 47.2
5337 0.5 20 0 0 5137 0.5 50 0 0 90 55.2 47.0 47.0
5337 0.5 20 0 0 5137 0.5 50 0 0 120 55.5 46.9 46.9
5337 0.5 20 0 0 5137 0.5 50 0 0 150 55.6 46.6 46.6
5337 0.5 20 0 0 5137 0.5 50 0 0 180 55.8 46.7 46.7
5337 0.5 20 0 0 5137 0.5 60 0 0 0 52.9 48.3 48.3
5337 0.5 20 0 0 5137 0.5 60 0 0 30 53.0 48.3 48.3
5337 0.5 20 0 0 5137 0.5 60 0 0 60 53.1 48.2 48.2
5337 0.5 20 0 0 5137 0.5 60 0 0 90 53.4 48.1 48.1
5337 0.5 20 0 0 5137 0.5 60 0 0 120 53.8 47.9 47.9
5337 0.5 20 0 0 5137 0.5 60 0 0 150 53.7 47.5 47.5
5337 0.5 20 0 0 5137 0.5 60 0 0 180 53.8 47.1 47.1
5337 0.5 20 0 0 5337 0.0 0 0 0 0 50.0 45.2 45.2
5337 0.5 20 0 0 5337 0.0 0 0 0 30 52.0 47.6 47.6
5337 0.5 20 0 0 5337 0.0 0 0 0 60 57.6 53.2 53.2
5337 0.5 20 0 0 5337 0.0 0 0 0 90 65.1 59.3 59.3
5337 0.5 20 0 0 5337 0.0 0 0 0 120 70.6 63.6 63.6
5337 0.5 20 0 0 5337 0.0 0 0 0 150 74.8 66.3 66.3
5337 0.5 20 0 0 5337 0.0 0 0 0 180 76.2 65.3 65.3
5337 0.5 20 0 0 5337 0.0 10 0 0 0 50.0 45.0 45.0
5337 0.5 20 0 0 5337 0.0 10 0 0 30 52.0 47.1 47.1
5337 0.5 20 0 0 5337 0.0 10 0 0 60 57.5 52.4 52.4
5337 0.5 20 0 0 5337 0.0 10 0 0 90 65.0 58.2 58.2
5337 0.5 20 0 0 5337 0.0 10 0 0 120 70.6 62.4 62.4
5337 0.5 20 0 0 5337 0.0 10 0 0 150 74.8 65.3 65.3
5337 0.5 20 0 0 5337 0.0 10 0 0 180 76.1 65.8 65.8
5337 0.5 20 0 0 5337 0.0 20 0 0 0 49.9 44.5 44.5
5337 0.5 20 0 0 5337 0.0 20 0 0 30 51.8 46.3 46.3
5337 0.5 20 0 0 5337 0.0 20 0 0 60 57.3 51.0 51.0
5337 0.5 20 0 0 5337 0.0 20 0 0 90 64.9 56.5 56.5
5337 0.5 20 0 0 5337 0.0 20 0 0 120 70.5 60.5 60.5
5337 0.5 20 0 0 5337 0.0 20 0 0 150 74.6 63.5 63.5
5337 0.5 20 0 0 5337 0.0 20 0 0 180 75.9 65.3 65.3
5337 0.5 20 0 0 5337 0.0 30 0 0 0 49.6 43.5 43.5
5337 0.5 20 0 0 5337 0.0 30 0 0 30 51.5 45.2 45.2
5337 0.5 20 0 0 5337 0.0 30 0 0 60 56.9 48.7 48.7
5337 0.5 20 0 0 5337 0.0 30 0 0 90 64.6 52.7 52.7
5337 0.5 20 0 0 5337 0.0 30 0 0 120 70.2 56.4 56.4
5337 0.5 20 0 0 5337 0.0 30 0 0 150 74.2 59.5 59.5
5337 0.5 20 0 0 5337 0.0 30 0 0 180 75.5 61.8 61.8
5337 0.5 20 0 0 5337 0.0 40 0 0 0 49.3 43.2 43.2
5337 0.5 20 0 0 5337 0.0 40 0 0 30 51.1 45.0 45.0
5337 0.5 20 0 0 5337 0.0 40 0 0 60 56.4 48.5 48.5
5337 0.5 20 0 0 5337 0.0 40 0 0 90 64.3 51.8 51.8
5337 0.5 20 0 0 5337 0.0 40 0 0 120 69.7 55.3 55.3
5337 0.5 20 0 0 5337 0.0 40 0 0 150 73.6 58.3 58.3
5337 0.5 20 0 0 5337 0.0 40 0 0 180 74.8 60.8 60.8
5337 0.5 20 0 0 5337 0.0 50 0 0 0 48.8 43.6 43.6
5337 0.5 20 0 0 5337 0.0 50 0 0 30 50.5 45.4 45.4
5337 0.5 20 0 0 5337 0.0 50 0 0 60 55.7 48.8 48.8
5337 0.5 20 0 0 5337 0.0 50 0 0 90 63.7 51.9 51.9
5337 0.5 20 0 0 5337 0.0 50 0 0 120 68.9 55.1 55.1
5337 0.5 20 0 0 5337 0.0 50 0 0 150 72.6 58.2 58.2
5337 0.5 20 0 0 5337 0.0 50 0 0 180 73.8 60.9 60.9
5337 0.5 20 0 0 5337 0.0 60 0 0 0 48.0 44.9 44.9
5337 0.5 20 0 0 5337 0.0 60 0 0 30 49.8 46.3 46.3
5337 0.5 20 0 0 5337 0.0 60 0 0 60 54.7 49.6 49.6
5337 0.5 20 0 0 5337 0.0 60 0 0 90 62.8 52.7 52.7
5337 0.5 20 0 0 5337 0.0 60 0 0 120 67.5 55.7 55.7
5337 0.5 20 0 0 5337 0.0 60 0 0 150 70.9 58.8 58.8
5337 0.5 20 0 0 5337 0.0 60 0 0 180 71.9 61.7 61.7
5337 0.5 20 0 0 5337 0.1 0 0 0 0 48.0 43.1 43.1
5337 0.5 20 0 0 5337 0.1 0 0 0 30 49.8 45.4 45.4
5337 0.5 20 0 0 5337 0.1 0 0 0 60 55.0 50.5 50.5
5337 0.5 20 0 0 5337 0.1 0 0 0 90 62.1 56.3 56.3
5337 0.5 20 0 0 5337 0.1 0 0 0 120 68.1 61.1 61.1
5337 0.5 20 0 0 5337 0.1 0 0 0 150 73.1 64.9 64.9
5337 0.5 20 0 0 5337 0.1 0 0 0 180 74.5 64.2 64.2
5337 0.5 20 0 0 5337 0.1 10 0 0 0 47.9 42.8 42.8
5337 0.5 20 0 0 5337 0.1 10 0 0 30 49.7 44.8 44.8
5337 0.5 20 0 0 5337 0.1 10 0 0 60 54.9 49.6 49.6
5337 0.5 20 0 0 5337 0.1 10 0 0 90 62.1 55.2 55.2
5337 0.5 20 0 0 5337 0.1 10 0 0 120 68.1 59.9 59.9
5337 0.5 20 0 0 5337 0.1 10 0 0 150 73.1 63.8 63.8
5337 0.5 20 0 0 5337 0.1 10 0 0 180 74.5 64.8 64.8
5337 0.5 20 0 0 5337 0.1 20 0 0 0 47.8 42.3 42.3
5337 0.5 20 0 0 5337 0.1 20 0 0 30 49.5 43.9 43.9
5337 0.5 20 0 0 5337 0.1 20 0 0 60 54.6 48.1 48.1
5337 0.5 20 0 0 5337 0.1 20 0 0 90 61.9 53.5 53.5
5337 0.5 20 0 0 5337 0.1 20 0 0 120 67.9 58.0 58.0
5337 0.5 20 0 0 5337 0.1 20 0 0 150 72.9 61.9 61.9
5337 0.5 20 0 0 5337 0.1 20 0 0 180 74.2 64.1 64.1
5337 0.5 20 0 0 5337 0.1 30 0 0 0 47.5 41.3 41.3
5337 0.5 20 0 0 5337 0.1 30 0 0 30 49.2 42.7 42.7
5337 0.5 20 0 0 5337 0.1 30 0 0 60 54.3 45.8 45.8
5337 0.5 20 0 0 5337 0.1 30 0 0 90 61.7 49.8 49.8
5337 0.5 20 0 0 5337 0.1 30 0 0 120 67.6 54.0 54.0
5337 0.5 20 0 0 5337 0.1 30 0 0 150 72.5 57.9 57.9
5337 0.5 20 0 0 5337 0.1 30 0 0 180 73.8 60.9 60.9
5337 0.5 20 0 0 5337 0.1 40 0 0 0 47.1 41.2 41.2
5337 0.5 20 0 0 5337 0.1 40 0 0 30 48.7 42.7 42.7
5337 0.5 20 0 0 5337 0.1 40 0 0 60 53.8 45.7 45.7
5337 0.5 20 0 0 5337 0.1 40 0 0 90 61.3 49.0 49.0
5337 0.5 20 0 0 5337 0.1 40 0 0 120 67.2 52.8 52.8
5337 0.5 20 0 0 5337 0.1 40 0 0 150 71.9 56.6 56.6
5337 0.5 20 0 0 5337 0.1 40 0 0 180 73.2 59.9 59.9
5337 0.5 20 0 0 5337 0.1 50 0 0 0 46.5 41.6 41.6
5337 0.5 20 0 0 5337 0.1 50 0 0 30 48.1 43.1 43.1
5337 0.5 20 0 0 5337 0.1 50 0 0 60 53.1 46.0 46.0
5337 0.5 20 0 0 5337 0.1 50 0 0 90 60.8 49.1 49.1
5337 0.5 20 0 0 5337 0.1 50 0 0 120 66.4 52.7 52.7
5337 0.5 20 0 0 5337 0.1 50 0 0 150 70.9 56.4 56.4
5337 0.5 20 0 0 5337 0.1 50 0 0 180 72.1 59.9 59.9
5337 0.5 20 0 0 5337 0.1 60 0 0 0 45.6 43.3 43.3
5337 0.5 20 0 0 5337 0.1 60 0 0 30 47.4 44.4 44.4
5337 0.5 20 0 0 5337 0.1 60 0 0 60 52.1 47.0 47.0
5337 0.5 20 0 0 5337 0.1 60 0 0 90 59.9 49.8 49.8
5337 0.5 20 0 0 5337 0.1 60 0 0 120 65.1 53.2 53.2
5337 0.5 20 0 0 5337 0.1 60 0 0 150 69.3 56.9 56.9
5337 0.5 20 0 0 5337 0.1 60 0 0 180 70.3 60.5 60.5
5337 0.5 20 0 0 5337 0.2 0 0 0 0 46.0 41.0 41.0
5337 0.5 20 0 0 5337 0.2 0 0 0 30 47.7 43.5 43.5
5337 0.5 20 0 0 5337 0.2 0 0 0 60 52.6 47.8 47.8
5337 0.5 20 0 0 5337 0.2 0 0 0 90 59.2 53.2 53.2
5337 0.5 20 0 0 5337 0.2 0 0 0 120 65.4 58.4 58.4
5337 0.5 20 0 0 5337 0.2 0 0 0 150 71.1 63.0 63.0
5337 0.5 20 0 0 5337 0.2 0 0 0 180 72.8 63.1 63.1
5337 0.5 20 0 0 5337 0.2 10 0 0 0 45.9 40.7 40.7
5337 0.5 20 0 0 5337 0.2 10 0 0 30 47.6 42.5 42.5
5337 0.5 20 0 0 5337 0.2 10 0 0 60 52.4 46.9 46.9
5337 0.5 20 0 0 5337 0.2 10 0 0 90 59.2 52.1 52.1
5337 0.5 20 0 0 5337 0.2 10 0 0 120 65.4 57.2 57.2
5337 0.5 20 0 0 5337 0.2 10 0 0 150 71.1 62.0 62.0
5337 0.5 20 0 0 5337 0.2 10 0 0 180 72.7 63.3 63.3
5337 0.5 20 0 0 5337 0.2 20 0 0 0 45.7 40.0 40.0
5337 0.5 20 0 0 5337 0.2 20 0 0 30 47.4 41.5 41.5
5337 0.5 20 0 0 5337 0.2 20 0 0 60 52.2 45.4 45.4
5337 0.5 20 0 0 5337 0.2 20 0 0 90 59.0 50.4 50.4
5337 0.5 20 0 0 5337 0.2 20 0 0 120 65.2 55.3 55.3
5337 0.5 20 0 0 5337 0.2 20 0 0 150 70.9 60.0 60.0
5337 0.5 20 0 0 5337 0.2 20 0 0 180 72.4 62.5 62.5
5337 0.5 20 0 0 5337 0.2 30 0 0 0 45.4 39.1 39.1
5337 0.5 20 0 0 5337 0.2 30 0 0 30 47.0 40.4 40.4
5337 0.5 20 0 0 5337 0.2 30 0 0 60 51.9 43.0 43.0
5337 0.5 20 0 0 5337 0.2 30 0 0 90 58.7 46.9 46.9
5337 0.5 20 0 0 5337 0.2 30 0 0 120 64.9 51.4 51.4
5337 0.5 20 0 0 5337 0.2 30 0 0 150 70.5 56.0 56.0
5337 0.5 20 0 0 5337 0.2 30 0 0 180 72.0 59.5 59.5
5337 0.5 20 0 0 5337 0.2 40 0 0 0 44.9 39.2 39.2
5337 0.5 20 0 0 5337 0.2 40 0 0 30 46.5 40.5 40.5
5337 0.5 20 0 0 5337 0.2 40 0 0 60 51.4 43.0 43.0
5337 0.5 20 0 0 5337 0.2 40 0 0 90 58.3 46.2 46.2
5337 0.5 20 0 0 5337 0.2 40 0 0 120 64.4 50.3 50.3
5337 0.5 20 0 0 5337 0.2 40 0 0 150 69.9 54.8 54.8
5337 0.5 20 0 0 5337 0.2 40 0 0 180 71.3 58.8 58.8
5337 0.5 20 0 0 5337 0.2 50 0 0 0 44.3 39.9 39.9
5337 0.5 20 0 0 5337 0.2 50 0 0 30 45.9 41.0 41.0
5337 0.5 20 0 0 5337 0.2 50 0 0 60 50.7 43.5 43.5
5337 0.5 20 0 0 5337 0.2 50 0 0 90 57.8 46.4 46.4
5337 0.5 20 0 0 5337 0.2 50 0 0 120 63.7 50.2 50.2
5337 0.5 20 0 0 5337 0.2 50 0 0 150 68.9 54.6 54.6
5337 0.5 20 0 0 5337 0.2 50 0 0 180 70.2 58.9 58.9
5337 0.5 20 0 0 5337 0.2 60 0 0 0 43.5 41.7 41.7
5337 0.5 20 0 0 5337 0.2 60 0 0 30 45.1 42.5 42.5
5337 0.5 20 0 0 5337 0.2 60 0 0 60 49.7 44.6 44.6
5337 0.5 20 0 0 5337 0.2 60 0 0 90 56.8 47.1 47.1
5337 0.5 20 0 0 5337 0.2 60 0 0 120 62.5 50.6 50.6
5337 0.5 20 0 0 5337 0.2 60 0 0 150 67.3 54.9 54.9
5337 0.5 20 0 0 5337 0.2 60 0 0 180 68.4 59.3 59.3
5337 0.5 20 0 0 5337 0.3 0 0 0 0 43.9 39.0 39.0
5337 0.5 20 0 0 5337 0.3 0 0 0 30 45.7 41.6 41.6
5337 0.5 20 0 0 5337 0.3 0 0 0 60 50.3 45.3 45.3
5337 0.5 20 0 0 5337 0.3 0 0 0 90 56.3 50.1 50.1
5337 0.5 20 0 0 5337 0.3 0 0 0 120 62.5 55.4 55.4
5337 0.5 20 0 0 5337 0.3 0 0 0 150 68.9 60.8 60.8
5337 0.5 20 0 0 5337 0.3 0 0 0 180 70.9 61.5 61.5
5337 0.5 20 0 0 5337 0.3 10 0 0 0 43.9 38.5 38.5
5337 0.5 20 0 0 5337 0.3 10 0 0 30 45.6 40.5 40.5
5337 0.5 20 0 0 5337 0.3 10 0 0 60 50.2 44.4 44.4
5337 0.5 20 0 0 5337 0.3 10 0 0 90 56.3 49.0 49.0
5337 0.5 20 0 0 5337 0.3 10 0 0 120 62.5 54.3 54.3
5337 0.5 20 0 0 5337 0.3 10 0 0 150 68.9 59.9 59.9
5337 0.5 20 0 0 5337 0.3 10 0 0 180 70.8 61.5 61.5
5337 0.5 20 0 0 5337 0.3 20 0 0 0 43.7 37.7 37.7
5337 0.5 20 0 0 5337 0.3 20 0 0 30 45.4 39.1 39.1
5337 0.5 20 0 0 5337 0.3 20 0 0 60 50.0 42.8 42.8
5337 0.5 20 0 0 5337 0.3 20 0 0 90 56.1 47.3 47.3
5337 0.5 20 0 0 5337 0.3 20 0 0 120 62.3 52.3 52.3
5337 0.5 20 0 0 5337 0.3 20 0 0 150 68.7 57.8 57.8
5337 0.5 20 0 0 5337 0.3 20 0 0 180 70.6 60.6 60.6
5337 0.5 20 0 0 5337 0.3 30 0 0 0 43.3 37.0 37.0
5337 0.5 20 0 0 5337 0.3 30 0 0 30 45.0 38.2 38.2
5337 0.5 20 0 0 5337 0.3 30 0 0 60 49.6 40.4 40.4
5337 0.5 20 0 0 5337 0.3 30 0 0 90 55.8 44.2 44.2
5337 0.5 20 0 0 5337 0.3 30 0 0 120 62.0 48.9 48.9
5337 0.5 20 0 0 5337 0.3 30 0 0 150 68.3 54.3 54.3
5337 0.5 20 0 0 5337 0.3 30 0 0 180 70.1 58.0 58.0
5337 0.5 20 0 0 5337 0.3 40 0 0 0 42.8 37.3 37.3
5337 0.5 20 0 0 5337 0.3 40 0 0 30 44.5 38.5 38.5
5337 0.5 20 0 0 5337 0.3 40 0 0 60 49.1 40.6 40.6
5337 0.5 20 0 0 5337 0.3 40 0 0 90 55.4 43.6 43.6
5337 0.5 20 0 0 5337 0.3 40 0 0 120 61.5 47.8 47.8
5337 0.5 20 0 0 5337 0.3 40 0 0 150 67.7 53.0 53.0
5337 0.5 20 0 0 5337 0.3 40 0 0 180 69.3 57.4 57.4
5337 0.5 20 0 0 5337 0.3 50 0 0 0 42.2 38.3 38.3
5337 0.5 20 0 0 5337 0.3 50 0 0 30 43.9 39.1 39.1
5337 0.5 20 0 0 5337 0.3 50 0 0 60 48.5 41.0 41.0
5337 0.5 20 0 0 5337 0.3 50 0 0 90 54.7 43.7 43.7
5337 0.5 20 0 0 5337 0.3 50 0 0 120 60.8 47.6 47.6
5337 0.5 20 0 0 5337 0.3 50 0 0 150 66.7 52.7 52.7
5337 0.5 20 0 0 5337 0.3 50 0 0 180 68.2 57.6 57.6
5337 0.5 20 0 0 5337 0.3 60 0 0 0 41.9 40.2 40.2
5337 0.5 20 0 0 5337 0.3 60 0 0 30 43.2 40.8 40.8
5337 0.5 20 0 0 5337 0.3 60 0 0 60 47.4 42.3 42.3
5337 0.5 20 0 0 5337 0.3 60 0 0 90 53.7 44.5 44.5
5337 0.5 20 0 0 5337 0.3 60 0 0 120 59.6 47.9 47.9
5337 0.5 20 0 0 5337 0.3 60 0 0 150 65.0 52.8 52.8
5337 0.5 20 0 0 5337 0.3 60 0 0 180 66.3 58.0 58.0
5337 0.5 20 0 0 5337 0.4 0 0 0 0 42.0 37.6 37.6
5337 0.5 20 0 0 5337 0.4 0 0 0 30 44.4 39.8 39.8
5337 0.5 20 0 0 5337 0.4 0 0 0 60 48.3 42.8 42.8
5337 0.5 20 0 0 5337 0.4 0 0 0 90 53.5 46.9 46.9
5337 0.5 20 0 0 5337 0.4 0 0 0 120 59.5 52.1 52.1
5337 0.5 20 0 0 5337 0.4 0 0 0 150 66.6 58.4 58.4
5337 0.5 20 0 0 5337 0.4 0 0 0 180 68.9 59.6 59.6
5337 0.5 20 0 0 5337 0.4 10 0 0 0 41.9 36.5 36.5
5337 0.5 20 0 0 5337 0.4 10 0 0 30 44.3 38.7 38.7
5337 0.5 20 0 0 5337 0.4 10 0 0 60 48.2 41.9 41.9
5337 0.5 20 0 0 5337 0.4 10 0 0 90 53.4 45.9 45.9
5337 0.5 20 0 0 5337 0.4 10 0 0 120 59.5 51.0 51.0
5337 0.5 20 0 0 5337 0.4 10 0 0 150 66.5 57.5 57.5
5337 0.5 20 0 0 5337 0.4 10 0 0 180 68.9 59.5 59.5
5337 0.5 20 0 0 5337 0.4 20 0 0 0 41.7 35.3 35.3
5337 0.5 20 0 0 5337 0.4 20 0 0 30 44.1 36.9 36.9
5337 0.5 20 0 0 5337 0.4 20 0 0 60 48.0 40.1 40.1
5337 0.5 20 0 0 5337 0.4 20 0 0 90 53.2 44.0 44.0
5337 0.5 20 0 0 5337 0.4 20 0 0 120 59.3 48.9 48.9
5337 0.5 20 0 0 5337 0.4 20 0 0 150 66.3 55.2 55.2
5337 0.5 20 0 0 5337 0.4 20 0 0 180 68.6 58.3 58.3
5337 0.5 20 0 0 5337 0.4 30 0 0 0 41.3 35.0 35.0
5337 0.5 20 0 0 5337 0.4 30 0 0 30 43.7 36.1 36.1
5337 0.5 20 0 0 5337 0.4 30 0 0 60 47.6 38.2 38.2
5337 0.5 20 0 0 5337 0.4 30 0 0 90 52.9 41.6 41.6
5337 0.5 20 0 0 5337 0.4 30 0 0 120 58.9 46.2 46.2
5337 0.5 20 0 0 5337 0.4 30 0 0 150 65.9 52.4 52.4
5337 0.5 20 0 0 5337 0.4 30 0 0 180 68.1 56.6 56.6
5337 0.5 20 0 0 5337 0.4 40 0 0 0 40.9 35.7 35.7
5337 0.5 20 0 0 5337 0.4 40 0 0 30 43.2 36.5 36.5
5337 0.5 20 0 0 5337 0.4 40 0 0 60 47.1 38.3 38.3
5337 0.5 20 0 0 5337 0.4 40 0 0 90 52.4 41.1 41.1
5337 0.5 20 0 0 5337 0.4 40 0 0 120 58.4 45.3 45.3
5337 0.5 20 0 0 5337 0.4 40 0 0 150 65.2 51.2 51.2
5337 0.5 20 0 0 5337 0.4 40 0 0 180 67.3 56.3 56.3
5337 0.5 20 0 0 5337 0.4 50 0 0 0 40.7 37.1 37.1
5337 0.5 20 0 0 5337 0.4 50 0 0 30 42.5 37.6 37.6
5337 0.5 20 0 0 5337 0.4 50 0 0 60 46.4 38.8 38.8
5337 0.5 20 0 0 5337 0.4 50 0 0 90 51.8 41.1 41.1
5337 0.5 20 0 0 5337 0.4 50 0 0 120 57.7 45.0 45.0
5337 0.5 20 0 0 5337 0.4 50 0 0 150 64.2 50.7 50.7
5337 0.5 20 0 0 5337 0.4 50 0 0 180 66.1 56.3 56.3
5337 0.5 20 0 0 5337 0.4 60 0 0 0 40.9 38.8 38.8
5337 0.5 20 0 0 5337 0.4 60 0 0 30 42.1 39.2 39.2
5337 0.5 20 0 0 5337 0.4 60 0 0 60 45.5 40.3 40.3
5337 0.5 20 0 0 5337 0.4 60 0 0 90 50.7 42.0 42.0
5337 0.5 20 0 0 5337 0.4 60 0 0 120 56.4 45.2 45.2
5337 0.5 20 0 0 5337 0.4 60 0 0 150 62.4 50.6 50.6
5337 0.5 20 0 0 5337 0.4 60 0 0 180 64.1 56.5 56.5
5337 0.5 20 0 0 5337 0.5 0 0 0 0 41.1 37.2 37.2
5337 0.5 20 0 0 5337 0.5 0 0 0 30 43.6 38.3 38.3
5337 0.5 20 0 0 5337 0.5 0 0 0 60 46.6 40.4 40.4
5337 0.5 20 0 0 5337 0.5 0 0 0 90 50.8 43.7 43.7
5337 0.5 20 0 0 5337 0.5 0 0 0 120 56.3 48.5 48.5
5337 0.5 20 0 0 5337 0.5 0 0 0 150 63.9 55.5 55.5
5337 0.5 20 0 0 5337 0.5 0 0 0 180 66.9 57.4 57.4
5337 0.5 20 0 0 5337 0.5 10 0 0 0 41.0 35.3 35.3
5337 0.5 20 0 0 5337 0.5 10 0 0 30 43.5 37.0 37.0
5337 0.5 20 0 0 5337 0.5 10 0 0 60 46.5 39.4 39.4
5337 0.5 20 0 0 5337 0.5 10 0 0 90 50.7 42.6 42.6
5337 0.5 20 0 0 5337 0.5 10 0 0 120 56.3 47.5 47.5
5337 0.5 20 0 0 5337 0.5 10 0 0 150 63.9 54.6 54.6
5337 0.5 20 0 0 5337 0.5 10 0 0 180 66.8 57.2 57.2
5337 0.5 20 0 0 5337 0.5 20 0 0 0 40.7 33.1 33.1
5337 0.5 20 0 0 5337 0.5 20 0 0 30 43.2 35.0 35.0
5337 0.5 20 0 0 5337 0.5 20 0 0 60 46.2 37.4 37.4
5337 0.5 20 0 0 5337 0.5 20 0 0 90 50.5 40.5 40.5
5337 0.5 20 0 0 5337 0.5 20 0 0 120 56.1 45.2 45.2
5337 0.5 20 0 0 5337 0.5 20 0 0 150 63.6 52.1 52.1
5337 0.5 20 0 0 5337 0.5 20 0 0 180 66.5 55.8 55.8
5337 0.5 20 0 0 5337 0.5 30 0 0 0 40.3 33.5 33.5
5337 0.5 20 0 0 5337 0.5 30 0 0 30 42.9 34.5 34.5
5337 0.5 20 0 0 5337 0.5 30 0 0 60 45.8 36.4 36.4
5337 0.5 20 0 0 5337 0.5 30 0 0 90 50.1 39.3 39.3
5337 0.5 20 0 0 5337 0.5 30 0 0 120 55.7 43.6 43.6
5337 0.5 20 0 0 5337 0.5 30 0 0 150 63.2 50.4 50.4
5337 0.5 20 0 0 5337 0.5 30 0 0 180 66.0 55.1 55.1
5337 0.5 20 0 0 5337 0.5 40 0 0 0 40.2 34.7 34.7
5337 0.5 20 0 0 5337 0.5 40 0 0 30 42.3 35.1 35.1
5337 0.5 20 0 0 5337 0.5 40 0 0 60 45.3 36.3 36.3
5337 0.5 20 0 0 5337 0.5 40 0 0 90 49.6 38.7 38.7
5337 0.5 20 0 0 5337 0.5 40 0 0 120 55.2 42.8 42.8
5337 0.5 20 0 0 5337 0.5 40 0 0 150 62.5 49.3 49.3
5337 0.5 20 0 0 5337 0.5 40 0 0 180 65.1 55.0 55.0
5337 0.5 20 0 0 5337 0.5 50 0 0 0 40.3 36.1 36.1
5337 0.5 20 0 0 5337 0.5 50 0 0 30 42.0 36.4 36.4
5337 0.5 20 0 0 5337 0.5 50 0 0 60 44.7 37.2 37.2
5337 0.5 20 0 0 5337 0.5 50 0 0 90 48.9 38.9 38.9
5337 0.5 20 0 0 5337 0.5 50 0 0 120 54.4 42.4 42.4
5337 0.5 20 0 0 5337 0.5 50 0 0 150 61.4 48.7 48.7
5337 0.5 20 0 0 5337 0.5 50 0 0 180 63.9 54.9 54.9
5337 0.5 20 0 0 5337 0.5 60 0 0 0 40.9 37.6 37.6
5337 0.5 20 0 0 5337 0.5 60 0 0 30 41.9 37.8 37.8
5337 0.5 20 0 0 5337 0.5 60 0 0 60 44.4 38.5 38.5
5337 0.5 20 0 0 5337 0.5 60 0 0 90 48.2 39.9 39.9
5337 0.5 20 0 0 5337 0.5 60 0 0 120 52.9 42.7 42.7
5337 0.5 20 0 0 5337 0.5 60 0 0 150 59.3 48.4 48.4
5337 0.5 20 0 0 5337 0.5 60 0 0 180 61.5 55.0 55.0
