5337 0.3 10 0 0 4737 0.0 0 0 0 0 62.2 55.4 55.4
5337 0.3 10 0 0 4737 0.0 0 0 0 30 62.5 55.4 55.4
5337 0.3 10 0 0 4737 0.0 0 0 0 60 62.4 55.5 55.5
5337 0.3 10 0 0 4737 0.0 0 0 0 90 62.5 55.5 55.5
5337 0.3 10 0 0 4737 0.0 0 0 0 120 62.5 55.7 55.7
5337 0.3 10 0 0 4737 0.0 0 0 0 150 62.4 55.9 55.9
5337 0.3 10 0 0 4737 0.0 0 0 0 180 62.5 55.8 55.8
5337 0.3 10 0 0 4737 0.0 10 0 0 0 62.2 55.1 55.1
5337 0.3 10 0 0 4737 0.0 10 0 0 30 62.4 55.1 55.1
5337 0.3 10 0 0 4737 0.0 10 0 0 60 62.4 55.2 55.2
5337 0.3 10 0 0 4737 0.0 10 0 0 90 62.5 55.3 55.3
5337 0.3 10 0 0 4737 0.0 10 0 0 120 62.4 55.4 55.4
5337 0.3 10 0 0 4737 0.0 10 0 0 150 62.3 55.6 55.6
5337 0.3 10 0 0 4737 0.0 10 0 0 180 62.4 55.6 55.6
5337 0.3 10 0 0 4737 0.0 20 0 0 0 62.0 54.1 54.1
5337 0.3 10 0 0 4737 0.0 20 0 0 30 62.2 54.2 54.2
5337 0.3 10 0 0 4737 0.0 20 0 0 60 62.2 54.2 54.2
5337 0.3 10 0 0 4737 0.0 20 0 0 90 62.3 54.4 54.4
5337 0.3 10 0 0 4737 0.0 20 0 0 120 62.3 54.5 54.5
5337 0.3 10 0 0 4737 0.0 20 0 0 150 62.2 54.7 54.7
5337 0.3 10 0 0 4737 0.0 20 0 0 180 62.3 54.6 54.6
5337 0.3 10 0 0 4737 0.0 30 0 0 0 61.7 52.1 52.1
5337 0.3 10 0 0 4737 0.0 30 0 0 30 61.9 52.2 52.2
5337 0.3 10 0 0 4737 0.0 30 0 0 60 61.9 52.1 52.1
5337 0.3 10 0 0 4737 0.0 30 0 0 90 61.9 52.3 52.3
5337 0.3 10 0 0 4737 0.0 30 0 0 120 62.0 52.5 52.5
5337 0.3 10 0 0 4737 0.0 30 0 0 150 61.8 52.6 52.6
5337 0.3 10 0 0 4737 0.0 30 0 0 180 62.0 52.7 52.7
5337 0.3 10 0 0 4737 0.0 40 0 0 0 61.1 52.1 52.1
5337 0.3 10 0 0 4737 0.0 40 0 0 30 61.4 52.2 52.2
5337 0.3 10 0 0 4737 0.0 40 0 0 60 61.4 52.1 52.1
5337 0.3 10 0 0 4737 0.0 40 0 0 90 61.4 52.1 52.1
5337 0.3 10 0 0 4737 0.0 40 0 0 120 61.5 52.4 52.4
5337 0.3 10 0 0 4737 0.0 40 0 0 150 61.3 52.4 52.4
5337 0.3 10 0 0 4737 0.0 40 0 0 180 61.5 52.7 52.7
5337 0.3 10 0 0 4737 0.0 50 0 0 0 60.3 52.7 52.7
5337 0.3 10 0 0 4737 0.0 50 0 0 30 60.6 52.9 52.9
5337 0.3 10 0 0 4737 0.0 50 0 0 60 60.6 52.9 52.9
5337 0.3 10 0 0 4737 0.0 50 0 0 90 60.6 52.9 52.9
5337 0.3 10 0 0 4737 0.0 50 0 0 120 60.8 53.2 53.2
5337 0.3 10 0 0 4737 0.0 50 0 0 150 60.5 53.2 53.2
5337 0.3 10 0 0 4737 0.0 50 0 0 180 60.7 53.3 53.3
5337 0.3 10 0 0 4737 0.0 60 0 0 0 59.0 53.8 53.8
5337 0.3 10 0 0 4737 0.0 60 0 0 30 59.3 53.9 53.9
5337 0.3 10 0 0 4737 0.0 60 0 0 60 59.3 54.0 54.0
5337 0.3 10 0 0 4737 0.0 60 0 0 90 59.3 54.0 54.0
5337 0.3 10 0 0 4737 0.0 60 0 0 120 59.4 54.3 54.3
5337 0.3 10 0 0 4737 0.0 60 0 0 150 59.2 54.3 54.3
5337 0.3 10 0 0 4737 0.0 60 0 0 180 59.4 54.4 54.4
5337 0.3 10 0 0 4737 0.1 0 0 0 0 61.6 54.6 54.6
5337 0.3 10 0 0 4737 0.1 0 0 0 30 61.8 54.6 54.6
5337 0.3 10 0 0 4737 0.1 0 0 0 60 61.9 54.6 54.6
5337 0.3 10 0 0 4737 0.1 0 0 0 90 61.8 54.8 54.8
5337 0.3 10 0 0 4737 0.1 0 0 0 120 62.0 54.8 54.8
5337 0.3 10 0 0 4737 0.1 0 0 0 150 61.7 55.2 55.2
5337 0.3 10 0 0 4737 0.1 0 0 0 180 61.9 55.0 55.0
5337 0.3 10 0 0 4737 0.1 10 0 0 0 61.5 54.3 54.3
5337 0.3 10 0 0 4737 0.1 10 0 0 30 61.7 54.3 54.3
5337 0.3 10 0 0 4737 0.1 10 0 0 60 61.9 54.4 54.4
5337 0.3 10 0 0 4737 0.1 10 0 0 90 61.7 54.5 54.5
5337 0.3 10 0 0 4737 0.1 10 0 0 120 62.0 54.6 54.6
5337 0.3 10 0 0 4737 0.1 10 0 0 150 61.7 54.9 54.9
5337 0.3 10 0 0 4737 0.1 10 0 0 180 61.9 54.8 54.8
5337 0.3 10 0 0 4737 0.1 20 0 0 0 61.4 53.2 53.2
5337 0.3 10 0 0 4737 0.1 20 0 0 30 61.5 53.3 53.3
5337 0.3 10 0 0 4737 0.1 20 0 0 60 61.7 53.5 53.5
5337 0.3 10 0 0 4737 0.1 20 0 0 90 61.5 53.4 53.4
5337 0.3 10 0 0 4737 0.1 20 0 0 120 61.8 53.7 53.7
5337 0.3 10 0 0 4737 0.1 20 0 0 150 61.5 53.8 53.8
5337 0.3 10 0 0 4737 0.1 20 0 0 180 61.7 53.9 53.9
5337 0.3 10 0 0 4737 0.1 30 0 0 0 61.0 51.3 51.3
5337 0.3 10 0 0 4737 0.1 30 0 0 30 61.2 51.5 51.5
5337 0.3 10 0 0 4737 0.1 30 0 0 60 61.4 51.6 51.6
5337 0.3 10 0 0 4737 0.1 30 0 0 90 61.1 51.5 51.5
5337 0.3 10 0 0 4737 0.1 30 0 0 120 61.5 51.7 51.7
5337 0.3 10 0 0 4737 0.1 30 0 0 150 61.1 51.8 51.8
5337 0.3 10 0 0 4737 0.1 30 0 0 180 61.4 51.9 51.9
5337 0.3 10 0 0 4737 0.1 40 0 0 0 60.4 51.6 51.6
5337 0.3 10 0 0 4737 0.1 40 0 0 30 60.6 51.4 51.4
5337 0.3 10 0 0 4737 0.1 40 0 0 60 61.0 51.6 51.6
5337 0.3 10 0 0 4737 0.1 40 0 0 90 60.6 51.5 51.5
5337 0.3 10 0 0 4737 0.1 40 0 0 120 61.0 51.6 51.6
5337 0.3 10 0 0 4737 0.1 40 0 0 150 60.6 51.7 51.7
5337 0.3 10 0 0 4737 0.1 40 0 0 180 60.9 51.9 51.9
5337 0.3 10 0 0 4737 0.1 50 0 0 0 59.6 52.0 52.0
5337 0.3 10 0 0 4737 0.1 50 0 0 30 59.8 52.1 52.1
5337 0.3 10 0 0 4737 0.1 50 0 0 60 60.2 52.3 52.3
5337 0.3 10 0 0 4737 0.1 50 0 0 90 59.7 52.2 52.2
5337 0.3 10 0 0 4737 0.1 50 0 0 120 60.2 52.4 52.4
5337 0.3 10 0 0 4737 0.1 50 0 0 150 59.8 52.5 52.5
5337 0.3 10 0 0 4737 0.1 50 0 0 180 60.1 52.5 52.5
5337 0.3 10 0 0 4737 0.1 60 0 0 0 58.3 53.1 53.1
5337 0.3 10 0 0 4737 0.1 60 0 0 30 58.5 53.1 53.1
5337 0.3 10 0 0 4737 0.1 60 0 0 60 58.9 53.3 53.3
5337 0.3 10 0 0 4737 0.1 60 0 0 90 58.4 53.2 53.2
5337 0.3 10 0 0 4737 0.1 60 0 0 120 58.8 53.4 53.4
5337 0.3 10 0 0 4737 0.1 60 0 0 150 58.4 53.6 53.6
5337 0.3 10 0 0 4737 0.1 60 0 0 180 58.7 53.7 53.7
5337 0.3 10 0 0 4737 0.2 0 0 0 0 61.0 53.8 53.8
5337 0.3 10 0 0 4737 0.2 0 0 0 30 61.1 53.8 53.8
5337 0.3 10 0 0 4737 0.2 0 0 0 60 61.4 53.8 53.8
5337 0.3 10 0 0 4737 0.2 0 0 0 90 61.2 53.9 53.9
5337 0.3 10 0 0 4737 0.2 0 0 0 120 61.3 54.1 54.1
5337 0.3 10 0 0 4737 0.2 0 0 0 150 61.2 54.2 54.2
5337 0.3 10 0 0 4737 0.2 0 0 0 180 61.3 54.2 54.2
5337 0.3 10 0 0 4737 0.2 10 0 0 0 60.9 53.4 53.4
5337 0.3 10 0 0 4737 0.2 10 0 0 30 61.0 53.5 53.5
5337 0.3 10 0 0 4737 0.2 10 0 0 60 61.3 53.6 53.6
5337 0.3 10 0 0 4737 0.2 10 0 0 90 61.1 53.6 53.6
5337 0.3 10 0 0 4737 0.2 10 0 0 120 61.2 53.7 53.7
5337 0.3 10 0 0 4737 0.2 10 0 0 150 61.1 54.0 54.0
5337 0.3 10 0 0 4737 0.2 10 0 0 180 61.3 54.0 54.0
5337 0.3 10 0 0 4737 0.2 20 0 0 0 60.7 52.4 52.4
5337 0.3 10 0 0 4737 0.2 20 0 0 30 60.8 52.3 52.3
5337 0.3 10 0 0 4737 0.2 20 0 0 60 61.2 52.6 52.6
5337 0.3 10 0 0 4737 0.2 20 0 0 90 60.9 52.6 52.6
5337 0.3 10 0 0 4737 0.2 20 0 0 120 61.0 52.7 52.7
5337 0.3 10 0 0 4737 0.2 20 0 0 150 60.9 53.0 53.0
5337 0.3 10 0 0 4737 0.2 20 0 0 180 61.1 53.1 53.1
5337 0.3 10 0 0 4737 0.2 30 0 0 0 60.3 50.8 50.8
5337 0.3 10 0 0 4737 0.2 30 0 0 30 60.4 50.7 50.7
5337 0.3 10 0 0 4737 0.2 30 0 0 60 60.8 50.9 50.9
5337 0.3 10 0 0 4737 0.2 30 0 0 90 60.6 51.0 51.0
5337 0.3 10 0 0 4737 0.2 30 0 0 120 60.6 50.8 50.8
5337 0.3 10 0 0 4737 0.2 30 0 0 150 60.6 51.2 51.2
5337 0.3 10 0 0 4737 0.2 30 0 0 180 60.7 51.1 51.1
5337 0.3 10 0 0 4737 0.2 40 0 0 0 59.8 51.0 51.0
5337 0.3 10 0 0 4737 0.2 40 0 0 30 59.8 50.9 50.9
5337 0.3 10 0 0 4737 0.2 40 0 0 60 60.3 51.0 51.0
5337 0.3 10 0 0 4737 0.2 40 0 0 90 60.1 51.1 51.1
5337 0.3 10 0 0 4737 0.2 40 0 0 120 60.1 50.9 50.9
5337 0.3 10 0 0 4737 0.2 40 0 0 150 60.1 51.2 51.2
5337 0.3 10 0 0 4737 0.2 40 0 0 180 60.2 51.1 51.1
5337 0.3 10 0 0 4737 0.2 50 0 0 0 59.0 51.5 51.5
5337 0.3 10 0 0 4737 0.2 50 0 0 30 59.0 51.4 51.4
5337 0.3 10 0 0 4737 0.2 50 0 0 60 59.5 51.5 51.5
5337 0.3 10 0 0 4737 0.2 50 0 0 90 59.3 51.6 51.6
5337 0.3 10 0 0 4737 0.2 50 0 0 120 59.2 51.7 51.7
5337 0.3 10 0 0 4737 0.2 50 0 0 150 59.3 52.0 52.0
5337 0.3 10 0 0 4737 0.2 50 0 0 180 59.4 51.9 51.9
5337 0.3 10 0 0 4737 0.2 60 0 0 0 57.7 52.3 52.3
5337 0.3 10 0 0 4737 0.2 60 0 0 30 57.7 52.3 52.3
5337 0.3 10 0 0 4737 0.2 60 0 0 60 58.0 52.4 52.4
5337 0.3 10 0 0 4737 0.2 60 0 0 90 57.9 52.5 52.5
5337 0.3 10 0 0 4737 0.2 60 0 0 120 57.8 52.5 52.5
5337 0.3 10 0 0 4737 0.2 60 0 0 150 57.9 52.9 52.9
5337 0.3 10 0 0 4737 0.2 60 0 0 180 57.9 53.0 53.0
5337 0.3 10 0 0 4737 0.3 0 0 0 0 60.4 52.8 52.8
5337 0.3 10 0 0 4737 0.3 0 0 0 30 60.5 53.0 53.0
5337 0.3 10 0 0 4737 0.3 0 0 0 60 60.7 53.0 53.0
5337 0.3 10 0 0 4737 0.3 0 0 0 90 60.7 52.9 52.9
5337 0.3 10 0 0 4737 0.3 0 0 0 120 60.6 53.2 53.2
5337 0.3 10 0 0 4737 0.3 0 0 0 150 60.7 53.3 53.3
5337 0.3 10 0 0 4737 0.3 0 0 0 180 60.6 53.4 53.4
5337 0.3 10 0 0 4737 0.3 10 0 0 0 60.3 52.6 52.6
5337 0.3 10 0 0 4737 0.3 10 0 0 30 60.5 52.6 52.6
5337 0.3 10 0 0 4737 0.3 10 0 0 60 60.6 52.7 52.7
5337 0.3 10 0 0 4737 0.3 10 0 0 90 60.6 52.8 52.8
5337 0.3 10 0 0 4737 0.3 10 0 0 120 60.5 52.8 52.8
5337 0.3 10 0 0 4737 0.3 10 0 0 150 60.6 53.2 53.2
5337 0.3 10 0 0 4737 0.3 10 0 0 180 60.6 53.2 53.2
5337 0.3 10 0 0 4737 0.3 20 0 0 0 60.2 51.3 51.3
5337 0.3 10 0 0 4737 0.3 20 0 0 30 60.2 51.3 51.3
5337 0.3 10 0 0 4737 0.3 20 0 0 60 60.4 51.5 51.5
5337 0.3 10 0 0 4737 0.3 20 0 0 90 60.5 51.6 51.6
5337 0.3 10 0 0 4737 0.3 20 0 0 120 60.3 51.5 51.5
5337 0.3 10 0 0 4737 0.3 20 0 0 150 60.4 52.0 52.0
5337 0.3 10 0 0 4737 0.3 20 0 0 180 60.4 52.0 52.0
5337 0.3 10 0 0 4737 0.3 30 0 0 0 59.8 50.2 50.2
5337 0.3 10 0 0 4737 0.3 30 0 0 30 59.8 50.0 50.0
5337 0.3 10 0 0 4737 0.3 30 0 0 60 60.0 50.1 50.1
5337 0.3 10 0 0 4737 0.3 30 0 0 90 60.1 50.5 50.5
5337 0.3 10 0 0 4737 0.3 30 0 0 120 60.0 50.4 50.4
5337 0.3 10 0 0 4737 0.3 30 0 0 150 60.1 50.9 50.9
5337 0.3 10 0 0 4737 0.3 30 0 0 180 60.0 50.6 50.6
5337 0.3 10 0 0 4737 0.3 40 0 0 0 59.3 50.4 50.4
5337 0.3 10 0 0 4737 0.3 40 0 0 30 59.3 50.2 50.2
5337 0.3 10 0 0 4737 0.3 40 0 0 60 59.4 50.4 50.4
5337 0.3 10 0 0 4737 0.3 40 0 0 90 59.6 50.6 50.6
5337 0.3 10 0 0 4737 0.3 40 0 0 120 59.4 50.6 50.6
5337 0.3 10 0 0 4737 0.3 40 0 0 150 59.5 50.9 50.9
5337 0.3 10 0 0 4737 0.3 40 0 0 180 59.4 50.7 50.7
5337 0.3 10 0 0 4737 0.3 50 0 0 0 58.5 50.8 50.8
5337 0.3 10 0 0 4737 0.3 50 0 0 30 58.5 50.7 50.7
5337 0.3 10 0 0 4737 0.3 50 0 0 60 58.5 50.8 50.8
5337 0.3 10 0 0 4737 0.3 50 0 0 90 58.8 51.0 51.0
5337 0.3 10 0 0 4737 0.3 50 0 0 120 58.5 51.1 51.1
5337 0.3 10 0 0 4737 0.3 50 0 0 150 58.6 51.4 51.4
5337 0.3 10 0 0 4737 0.3 50 0 0 180 58.5 51.4 51.4
5337 0.3 10 0 0 4737 0.3 60 0 0 0 57.1 51.7 51.7
5337 0.3 10 0 0 4737 0.3 60 0 0 30 57.1 51.6 51.6
5337 0.3 10 0 0 4737 0.3 60 0 0 60 57.1 51.6 51.6
5337 0.3 10 0 0 4737 0.3 60 0 0 90 57.1 51.7 51.7
5337 0.3 10 0 0 4737 0.3 60 0 0 120 57.0 51.7 51.7
5337 0.3 10 0 0 4737 0.3 60 0 0 150 57.0 52.0 52.0
5337 0.3 10 0 0 4737 0.3 60 0 0 180 57.0 52.2 52.2
5337 0.3 10 0 0 4737 0.4 0 0 0 0 59.9 51.9 51.9
5337 0.3 10 0 0 4737 0.4 0 0 0 30 60.0 51.9 51.9
5337 0.3 10 0 0 4737 0.4 0 0 0 60 60.0 52.1 52.1
5337 0.3 10 0 0 4737 0.4 0 0 0 90 59.9 52.0 52.0
5337 0.3 10 0 0 4737 0.4 0 0 0 120 60.1 52.1 52.1
5337 0.3 10 0 0 4737 0.4 0 0 0 150 59.9 52.5 52.5
5337 0.3 10 0 0 4737 0.4 0 0 0 180 60.0 52.5 52.5
5337 0.3 10 0 0 4737 0.4 10 0 0 0 59.9 51.6 51.6
5337 0.3 10 0 0 4737 0.4 10 0 0 30 59.9 51.6 51.6
5337 0.3 10 0 0 4737 0.4 10 0 0 60 60.0 51.7 51.7
5337 0.3 10 0 0 4737 0.4 10 0 0 90 59.9 51.8 51.8
5337 0.3 10 0 0 4737 0.4 10 0 0 120 60.0 51.8 51.8
5337 0.3 10 0 0 4737 0.4 10 0 0 150 59.8 52.2 52.2
5337 0.3 10 0 0 4737 0.4 10 0 0 180 59.9 52.3 52.3
5337 0.3 10 0 0 4737 0.4 20 0 0 0 59.7 50.2 50.2
5337 0.3 10 0 0 4737 0.4 20 0 0 30 59.7 50.1 50.1
5337 0.3 10 0 0 4737 0.4 20 0 0 60 59.7 50.2 50.2
5337 0.3 10 0 0 4737 0.4 20 0 0 90 59.6 50.3 50.3
5337 0.3 10 0 0 4737 0.4 20 0 0 120 59.9 50.3 50.3
5337 0.3 10 0 0 4737 0.4 20 0 0 150 59.6 50.6 50.6
5337 0.3 10 0 0 4737 0.4 20 0 0 180 59.7 50.6 50.6
5337 0.3 10 0 0 4737 0.4 30 0 0 0 59.3 49.6 49.6
5337 0.3 10 0 0 4737 0.4 30 0 0 30 59.4 49.6 49.6
5337 0.3 10 0 0 4737 0.4 30 0 0 60 59.3 49.7 49.7
5337 0.3 10 0 0 4737 0.4 30 0 0 90 59.3 49.8 49.8
5337 0.3 10 0 0 4737 0.4 30 0 0 120 59.5 50.0 50.0
5337 0.3 10 0 0 4737 0.4 30 0 0 150 59.2 50.3 50.3
5337 0.3 10 0 0 4737 0.4 30 0 0 180 59.3 50.1 50.1
5337 0.3 10 0 0 4737 0.4 40 0 0 0 58.8 49.9 49.9
5337 0.3 10 0 0 4737 0.4 40 0 0 30 58.9 49.8 49.8
5337 0.3 10 0 0 4737 0.4 40 0 0 60 58.7 49.8 49.8
5337 0.3 10 0 0 4737 0.4 40 0 0 90 58.7 50.0 50.0
5337 0.3 10 0 0 4737 0.4 40 0 0 120 59.0 50.2 50.2
5337 0.3 10 0 0 4737 0.4 40 0 0 150 58.6 50.4 50.4
5337 0.3 10 0 0 4737 0.4 40 0 0 180 58.6 50.3 50.3
5337 0.3 10 0 0 4737 0.4 50 0 0 0 58.0 50.2 50.2
5337 0.3 10 0 0 4737 0.4 50 0 0 30 58.0 50.1 50.1
5337 0.3 10 0 0 4737 0.4 50 0 0 60 57.9 50.1 50.1
5337 0.3 10 0 0 4737 0.4 50 0 0 90 57.8 50.3 50.3
5337 0.3 10 0 0 4737 0.4 50 0 0 120 58.1 50.6 50.6
5337 0.3 10 0 0 4737 0.4 50 0 0 150 57.7 50.8 50.8
5337 0.3 10 0 0 4737 0.4 50 0 0 180 57.7 51.0 51.0
5337 0.3 10 0 0 4737 0.4 60 0 0 0 56.3 51.2 51.2
5337 0.3 10 0 0 4737 0.4 60 0 0 30 56.3 51.1 51.1
5337 0.3 10 0 0 4737 0.4 60 0 0 60 56.2 51.0 51.0
5337 0.3 10 0 0 4737 0.4 60 0 0 90 56.1 51.1 51.1
5337 0.3 10 0 0 4737 0.4 60 0 0 120 56.2 51.2 51.2
5337 0.3 10 0 0 4737 0.4 60 0 0 150 55.9 51.2 51.2
5337 0.3 10 0 0 4737 0.4 60 0 0 180 56.0 51.5 51.5
5337 0.3 10 0 0 4737 0.5 0 0 0 0 59.3 50.6 50.6
5337 0.3 10 0 0 4737 0.5 0 0 0 30 59.5 50.5 50.5
5337 0.3 10 0 0 4737 0.5 0 0 0 60 59.4 50.6 50.6
5337 0.3 10 0 0 4737 0.5 0 0 0 90 59.3 50.6 50.6
5337 0.3 10 0 0 4737 0.5 0 0 0 120 59.4 50.9 50.9
5337 0.3 10 0 0 4737 0.5 0 0 0 150 59.3 51.1 51.1
5337 0.3 10 0 0 4737 0.5 0 0 0 180 59.2 51.2 51.2
5337 0.3 10 0 0 4737 0.5 10 0 0 0 59.3 50.1 50.1
5337 0.3 10 0 0 4737 0.5 10 0 0 30 59.4 50.1 50.1
5337 0.3 10 0 0 4737 0.5 10 0 0 60 59.4 50.2 50.2
5337 0.3 10 0 0 4737 0.5 10 0 0 90 59.2 50.2 50.2
5337 0.3 10 0 0 4737 0.5 10 0 0 120 59.3 50.3 50.3
5337 0.3 10 0 0 4737 0.5 10 0 0 150 59.2 50.6 50.6
5337 0.3 10 0 0 4737 0.5 10 0 0 180 59.1 50.7 50.7
5337 0.3 10 0 0 4737 0.5 20 0 0 0 59.1 49.5 49.5
5337 0.3 10 0 0 4737 0.5 20 0 0 30 59.2 49.5 49.5
5337 0.3 10 0 0 4737 0.5 20 0 0 60 59.2 49.6 49.6
5337 0.3 10 0 0 4737 0.5 20 0 0 90 59.0 49.6 49.6
5337 0.3 10 0 0 4737 0.5 20 0 0 120 59.1 49.6 49.6
5337 0.3 10 0 0 4737 0.5 20 0 0 150 59.0 49.9 49.9
5337 0.3 10 0 0 4737 0.5 20 0 0 180 58.9 50.2 50.2
5337 0.3 10 0 0 4737 0.5 30 0 0 0 58.7 49.3 49.3
5337 0.3 10 0 0 4737 0.5 30 0 0 30 58.8 49.3 49.3
5337 0.3 10 0 0 4737 0.5 30 0 0 60 58.8 49.4 49.4
5337 0.3 10 0 0 4737 0.5 30 0 0 90 58.6 49.5 49.5
5337 0.3 10 0 0 4737 0.5 30 0 0 120 58.7 49.6 49.6
5337 0.3 10 0 0 4737 0.5 30 0 0 150 58.6 50.1 50.1
5337 0.3 10 0 0 4737 0.5 30 0 0 180 58.5 50.0 50.0
5337 0.3 10 0 0 4737 0.5 40 0 0 0 58.1 49.4 49.4
5337 0.3 10 0 0 4737 0.5 40 0 0 30 58.2 49.5 49.5
5337 0.3 10 0 0 4737 0.5 40 0 0 60 58.2 49.5 49.5
5337 0.3 10 0 0 4737 0.5 40 0 0 90 58.0 49.7 49.7
5337 0.3 10 0 0 4737 0.5 40 0 0 120 58.1 49.8 49.8
5337 0.3 10 0 0 4737 0.5 40 0 0 150 58.0 50.2 50.2
5337 0.3 10 0 0 4737 0.5 40 0 0 180 57.9 50.2 50.2
5337 0.3 10 0 0 4737 0.5 50 0 0 0 57.1 49.7 49.7
5337 0.3 10 0 0 4737 0.5 50 0 0 30 57.2 49.7 49.7
5337 0.3 10 0 0 4737 0.5 50 0 0 60 57.3 49.7 49.7
5337 0.3 10 0 0 4737 0.5 50 0 0 90 57.1 49.7 49.7
5337 0.3 10 0 0 4737 0.5 50 0 0 120 57.0 50.0 50.0
5337 0.3 10 0 0 4737 0.5 50 0 0 150 56.9 50.2 50.2
5337 0.3 10 0 0 4737 0.5 50 0 0 180 56.9 50.6 50.6
5337 0.3 10 0 0 4737 0.5 60 0 0 0 55.8 50.5 50.5
5337 0.3 10 0 0 4737 0.5 60 0 0 30 55.8 50.4 50.4
5337 0.3 10 0 0 4737 0.5 60 0 0 60 55.8 50.4 50.4
5337 0.3 10 0 0 4737 0.5 60 0 0 90 55.5 50.5 50.5
5337 0.3 10 0 0 4737 0.5 60 0 0 120 55.5 50.5 50.5
5337 0.3 10 0 0 4737 0.5 60 0 0 150 55.2 50.7 50.7
5337 0.3 10 0 0 4737 0.5 60 0 0 180 55.2 50.9 50.9
5337 0.3 10 0 0 4937 0.0 0 0 0 0 62.6 55.7 55.7
5337 0.3 10 0 0 4937 0.0 0 0 0 30 62.8 56.0 56.0
5337 0.3 10 0 0 4937 0.0 0 0 0 60 63.0 56.4 56.4
5337 0.3 10 0 0 4937 0.0 0 0 0 90 63.1 56.7 56.7
5337 0.3 10 0 0 4937 0.0 0 0 0 120 63.1 56.6 56.6
5337 0.3 10 0 0 4937 0.0 0 0 0 150 63.0 56.7 56.7
5337 0.3 10 0 0 4937 0.0 0 0 0 180 62.9 56.4 56.4
5337 0.3 10 0 0 4937 0.0 10 0 0 0 62.5 55.4 55.4
5337 0.3 10 0 0 4937 0.0 10 0 0 30 62.8 55.7 55.7
5337 0.3 10 0 0 4937 0.0 10 0 0 60 63.0 56.1 56.1
5337 0.3 10 0 0 4937 0.0 10 0 0 90 63.0 56.4 56.4
5337 0.3 10 0 0 4937 0.0 10 0 0 120 63.0 56.4 56.4
5337 0.3 10 0 0 4937 0.0 10 0 0 150 63.0 56.6 56.6
5337 0.3 10 0 0 4937 0.0 10 0 0 180 62.8 56.3 56.3
5337 0.3 10 0 0 4937 0.0 20 0 0 0 62.3 54.5 54.5
5337 0.3 10 0 0 4937 0.0 20 0 0 30 62.6 54.8 54.8
5337 0.3 10 0 0 4937 0.0 20 0 0 60 62.8 55.1 55.1
5337 0.3 10 0 0 4937 0.0 20 0 0 90 62.9 55.5 55.5
5337 0.3 10 0 0 4937 0.0 20 0 0 120 62.9 55.7 55.7
5337 0.3 10 0 0 4937 0.0 20 0 0 150 62.8 55.6 55.6
5337 0.3 10 0 0 4937 0.0 20 0 0 180 62.6 55.5 55.5
5337 0.3 10 0 0 4937 0.0 30 0 0 0 62.0 52.4 52.4
5337 0.3 10 0 0 4937 0.0 30 0 0 30 62.3 52.8 52.8
5337 0.3 10 0 0 4937 0.0 30 0 0 60 62.5 53.2 53.2
5337 0.3 10 0 0 4937 0.0 30 0 0 90 62.6 53.6 53.6
5337 0.3 10 0 0 4937 0.0 30 0 0 120 62.6 53.7 53.7
5337 0.3 10 0 0 4937 0.0 30 0 0 150 62.5 53.6 53.6
5337 0.3 10 0 0 4937 0.0 30 0 0 180 62.3 53.5 53.5
5337 0.3 10 0 0 4937 0.0 40 0 0 0 61.6 52.2 52.2
5337 0.3 10 0 0 4937 0.0 40 0 0 30 61.8 52.7 52.7
5337 0.3 10 0 0 4937 0.0 40 0 0 60 62.0 53.2 53.2
5337 0.3 10 0 0 4937 0.0 40 0 0 90 62.1 53.6 53.6
5337 0.3 10 0 0 4937 0.0 40 0 0 120 62.1 53.7 53.7
5337 0.3 10 0 0 4937 0.0 40 0 0 150 62.0 53.7 53.7
5337 0.3 10 0 0 4937 0.0 40 0 0 180 61.8 53.4 53.4
5337 0.3 10 0 0 4937 0.0 50 0 0 0 60.9 52.9 52.9
5337 0.3 10 0 0 4937 0.0 50 0 0 30 61.1 53.2 53.2
5337 0.3 10 0 0 4937 0.0 50 0 0 60 61.2 53.6 53.6
5337 0.3 10 0 0 4937 0.0 50 0 0 90 61.3 53.9 53.9
5337 0.3 10 0 0 4937 0.0 50 0 0 120 61.3 54.1 54.1
5337 0.3 10 0 0 4937 0.0 50 0 0 150 61.3 54.1 54.1
5337 0.3 10 0 0 4937 0.0 50 0 0 180 61.1 54.0 54.0
5337 0.3 10 0 0 4937 0.0 60 0 0 0 59.6 54.2 54.2
5337 0.3 10 0 0 4937 0.0 60 0 0 30 59.9 54.2 54.2
5337 0.3 10 0 0 4937 0.0 60 0 0 60 60.0 54.6 54.6
5337 0.3 10 0 0 4937 0.0 60 0 0 90 60.1 54.8 54.8
5337 0.3 10 0 0 4937 0.0 60 0 0 120 60.1 55.1 55.1
5337 0.3 10 0 0 4937 0.0 60 0 0 150 60.0 55.1 55.1
5337 0.3 10 0 0 4937 0.0 60 0 0 180 59.9 55.0 55.0
5337 0.3 10 0 0 4937 0.1 0 0 0 0 62.0 54.8 54.8
5337 0.3 10 0 0 4937 0.1 0 0 0 30 62.2 55.2 55.2
5337 0.3 10 0 0 4937 0.1 0 0 0 60 62.4 55.5 55.5
5337 0.3 10 0 0 4937 0.1 0 0 0 90 62.5 55.8 55.8
5337 0.3 10 0 0 4937 0.1 0 0 0 120 62.5 56.0 56.0
5337 0.3 10 0 0 4937 0.1 0 0 0 150 62.4 56.0 56.0
5337 0.3 10 0 0 4937 0.1 0 0 0 180 62.3 55.7 55.7
5337 0.3 10 0 0 4937 0.1 10 0 0 0 61.9 54.7 54.7
5337 0.3 10 0 0 4937 0.1 10 0 0 30 62.2 54.9 54.9
5337 0.3 10 0 0 4937 0.1 10 0 0 60 62.3 55.2 55.2
5337 0.3 10 0 0 4937 0.1 10 0 0 90 62.4 55.5 55.5
5337 0.3 10 0 0 4937 0.1 10 0 0 120 62.4 55.7 55.7
5337 0.3 10 0 0 4937 0.1 10 0 0 150 62.3 55.9 55.9
5337 0.3 10 0 0 4937 0.1 10 0 0 180 62.2 55.5 55.5
5337 0.3 10 0 0 4937 0.1 20 0 0 0 61.8 53.7 53.7
5337 0.3 10 0 0 4937 0.1 20 0 0 30 62.0 53.9 53.9
5337 0.3 10 0 0 4937 0.1 20 0 0 60 62.1 54.3 54.3
5337 0.3 10 0 0 4937 0.1 20 0 0 90 62.2 54.6 54.6
5337 0.3 10 0 0 4937 0.1 20 0 0 120 62.2 54.8 54.8
5337 0.3 10 0 0 4937 0.1 20 0 0 150 62.1 54.9 54.9
5337 0.3 10 0 0 4937 0.1 20 0 0 180 62.0 54.7 54.7
5337 0.3 10 0 0 4937 0.1 30 0 0 0 61.5 51.5 51.5
5337 0.3 10 0 0 4937 0.1 30 0 0 30 61.7 51.7 51.7
5337 0.3 10 0 0 4937 0.1 30 0 0 60 61.8 52.1 52.1
5337 0.3 10 0 0 4937 0.1 30 0 0 90 61.9 52.6 52.6
5337 0.3 10 0 0 4937 0.1 30 0 0 120 61.9 52.9 52.9
5337 0.3 10 0 0 4937 0.1 30 0 0 150 61.8 53.1 53.1
5337 0.3 10 0 0 4937 0.1 30 0 0 180 61.7 52.9 52.9
5337 0.3 10 0 0 4937 0.1 40 0 0 0 61.0 51.4 51.4
5337 0.3 10 0 0 4937 0.1 40 0 0 30 61.2 51.7 51.7
5337 0.3 10 0 0 4937 0.1 40 0 0 60 61.3 52.1 52.1
5337 0.3 10 0 0 4937 0.1 40 0 0 90 61.4 52.6 52.6
5337 0.3 10 0 0 4937 0.1 40 0 0 120 61.4 53.0 53.0
5337 0.3 10 0 0 4937 0.1 40 0 0 150 61.3 53.2 53.2
5337 0.3 10 0 0 4937 0.1 40 0 0 180 61.2 52.8 52.8
5337 0.3 10 0 0 4937 0.1 50 0 0 0 60.3 52.1 52.1
5337 0.3 10 0 0 4937 0.1 50 0 0 30 60.4 52.2 52.2
5337 0.3 10 0 0 4937 0.1 50 0 0 60 60.6 52.5 52.5
5337 0.3 10 0 0 4937 0.1 50 0 0 90 60.6 53.0 53.0
5337 0.3 10 0 0 4937 0.1 50 0 0 120 60.6 53.4 53.4
5337 0.3 10 0 0 4937 0.1 50 0 0 150 60.5 53.5 53.5
5337 0.3 10 0 0 4937 0.1 50 0 0 180 60.5 53.3 53.3
5337 0.3 10 0 0 4937 0.1 60 0 0 0 59.0 53.5 53.5
5337 0.3 10 0 0 4937 0.1 60 0 0 30 59.2 53.6 53.6
5337 0.3 10 0 0 4937 0.1 60 0 0 60 59.3 53.8 53.8
5337 0.3 10 0 0 4937 0.1 60 0 0 90 59.4 54.0 54.0
5337 0.3 10 0 0 4937 0.1 60 0 0 120 59.3 54.3 54.3
5337 0.3 10 0 0 4937 0.1 60 0 0 150 59.3 54.4 54.4
5337 0.3 10 0 0 4937 0.1 60 0 0 180 59.2 54.3 54.3
5337 0.3 10 0 0 4937 0.2 0 0 0 0 61.4 54.0 54.0
5337 0.3 10 0 0 4937 0.2 0 0 0 30 61.6 54.3 54.3
5337 0.3 10 0 0 4937 0.2 0 0 0 60 61.8 54.6 54.6
5337 0.3 10 0 0 4937 0.2 0 0 0 90 61.8 54.9 54.9
5337 0.3 10 0 0 4937 0.2 0 0 0 120 61.8 55.1 55.1
5337 0.3 10 0 0 4937 0.2 0 0 0 150 61.8 55.2 55.2
5337 0.3 10 0 0 4937 0.2 0 0 0 180 61.6 54.9 54.9
5337 0.3 10 0 0 4937 0.2 10 0 0 0 61.3 53.8 53.8
5337 0.3 10 0 0 4937 0.2 10 0 0 30 61.6 54.0 54.0
5337 0.3 10 0 0 4937 0.2 10 0 0 60 61.7 54.3 54.3
5337 0.3 10 0 0 4937 0.2 10 0 0 90 61.8 54.6 54.6
5337 0.3 10 0 0 4937 0.2 10 0 0 120 61.8 54.8 54.8
5337 0.3 10 0 0 4937 0.2 10 0 0 150 61.7 55.0 55.0
5337 0.3 10 0 0 4937 0.2 10 0 0 180 61.6 54.7 54.7
5337 0.3 10 0 0 4937 0.2 20 0 0 0 61.1 52.9 52.9
5337 0.3 10 0 0 4937 0.2 20 0 0 30 61.4 53.0 53.0
5337 0.3 10 0 0 4937 0.2 20 0 0 60 61.5 53.3 53.3
5337 0.3 10 0 0 4937 0.2 20 0 0 90 61.6 53.6 53.6
5337 0.3 10 0 0 4937 0.2 20 0 0 120 61.6 53.9 53.9
5337 0.3 10 0 0 4937 0.2 20 0 0 150 61.5 54.0 54.0
5337 0.3 10 0 0 4937 0.2 20 0 0 180 61.4 53.8 53.8
5337 0.3 10 0 0 4937 0.2 30 0 0 0 60.8 50.7 50.7
5337 0.3 10 0 0 4937 0.2 30 0 0 30 61.0 50.8 50.8
5337 0.3 10 0 0 4937 0.2 30 0 0 60 61.2 51.1 51.1
5337 0.3 10 0 0 4937 0.2 30 0 0 90 61.3 51.6 51.6
5337 0.3 10 0 0 4937 0.2 30 0 0 120 61.3 52.1 52.1
5337 0.3 10 0 0 4937 0.2 30 0 0 150 61.2 52.4 52.4
5337 0.3 10 0 0 4937 0.2 30 0 0 180 61.0 52.3 52.3
5337 0.3 10 0 0 4937 0.2 40 0 0 0 60.3 50.6 50.6
5337 0.3 10 0 0 4937 0.2 40 0 0 30 60.6 50.8 50.8
5337 0.3 10 0 0 4937 0.2 40 0 0 60 60.7 51.2 51.2
5337 0.3 10 0 0 4937 0.2 40 0 0 90 60.8 51.6 51.6
5337 0.3 10 0 0 4937 0.2 40 0 0 120 60.7 52.1 52.1
5337 0.3 10 0 0 4937 0.2 40 0 0 150 60.6 52.5 52.5
5337 0.3 10 0 0 4937 0.2 40 0 0 180 60.5 52.4 52.4
5337 0.3 10 0 0 4937 0.2 50 0 0 0 59.6 51.4 51.4
5337 0.3 10 0 0 4937 0.2 50 0 0 30 59.8 51.5 51.5
5337 0.3 10 0 0 4937 0.2 50 0 0 60 59.9 51.9 51.9
5337 0.3 10 0 0 4937 0.2 50 0 0 90 60.0 52.2 52.2
5337 0.3 10 0 0 4937 0.2 50 0 0 120 59.9 52.6 52.6
5337 0.3 10 0 0 4937 0.2 50 0 0 150 59.8 52.8 52.8
5337 0.3 10 0 0 4937 0.2 50 0 0 180 59.7 52.7 52.7
5337 0.3 10 0 0 4937 0.2 60 0 0 0 58.3 52.8 52.8
5337 0.3 10 0 0 4937 0.2 60 0 0 30 58.4 53.0 53.0
5337 0.3 10 0 0 4937 0.2 60 0 0 60 58.6 53.2 53.2
5337 0.3 10 0 0 4937 0.2 60 0 0 90 58.7 53.4 53.4
5337 0.3 10 0 0 4937 0.2 60 0 0 120 58.7 53.6 53.6
5337 0.3 10 0 0 4937 0.2 60 0 0 150 58.6 53.7 53.7
5337 0.3 10 0 0 4937 0.2 60 0 0 180 58.5 53.4 53.4
5337 0.3 10 0 0 4937 0.3 0 0 0 0 60.8 53.2 53.2
5337 0.3 10 0 0 4937 0.3 0 0 0 30 61.0 53.4 53.4
5337 0.3 10 0 0 4937 0.3 0 0 0 60 61.1 53.8 53.8
5337 0.3 10 0 0 4937 0.3 0 0 0 90 61.2 53.9 53.9
5337 0.3 10 0 0 4937 0.3 0 0 0 120 61.3 54.3 54.3
5337 0.3 10 0 0 4937 0.3 0 0 0 150 61.2 54.5 54.5
5337 0.3 10 0 0 4937 0.3 0 0 0 180 61.0 54.1 54.1
5337 0.3 10 0 0 4937 0.3 10 0 0 0 60.8 52.9 52.9
5337 0.3 10 0 0 4937 0.3 10 0 0 30 60.9 53.1 53.1
5337 0.3 10 0 0 4937 0.3 10 0 0 60 61.1 53.5 53.5
5337 0.3 10 0 0 4937 0.3 10 0 0 90 61.1 53.6 53.6
5337 0.3 10 0 0 4937 0.3 10 0 0 120 61.3 54.0 54.0
5337 0.3 10 0 0 4937 0.3 10 0 0 150 61.2 54.2 54.2
5337 0.3 10 0 0 4937 0.3 10 0 0 180 60.9 53.9 53.9
5337 0.3 10 0 0 4937 0.3 20 0 0 0 60.6 51.9 51.9
5337 0.3 10 0 0 4937 0.3 20 0 0 30 60.7 52.1 52.1
5337 0.3 10 0 0 4937 0.3 20 0 0 60 60.9 52.3 52.3
5337 0.3 10 0 0 4937 0.3 20 0 0 90 60.9 52.5 52.5
5337 0.3 10 0 0 4937 0.3 20 0 0 120 61.0 52.9 52.9
5337 0.3 10 0 0 4937 0.3 20 0 0 150 61.0 53.1 53.1
5337 0.3 10 0 0 4937 0.3 20 0 0 180 60.7 52.9 52.9
5337 0.3 10 0 0 4937 0.3 30 0 0 0 60.3 50.0 50.0
5337 0.3 10 0 0 4937 0.3 30 0 0 30 60.4 50.2 50.2
5337 0.3 10 0 0 4937 0.3 30 0 0 60 60.6 50.4 50.4
5337 0.3 10 0 0 4937 0.3 30 0 0 90 60.6 50.7 50.7
5337 0.3 10 0 0 4937 0.3 30 0 0 120 60.7 51.1 51.1
5337 0.3 10 0 0 4937 0.3 30 0 0 150 60.6 51.6 51.6
5337 0.3 10 0 0 4937 0.3 30 0 0 180 60.3 51.7 51.7
5337 0.3 10 0 0 4937 0.3 40 0 0 0 59.8 50.1 50.1
5337 0.3 10 0 0 4937 0.3 40 0 0 30 59.9 50.2 50.2
5337 0.3 10 0 0 4937 0.3 40 0 0 60 60.1 50.5 50.5
5337 0.3 10 0 0 4937 0.3 40 0 0 90 60.1 50.7 50.7
5337 0.3 10 0 0 4937 0.3 40 0 0 120 60.1 51.2 51.2
5337 0.3 10 0 0 4937 0.3 40 0 0 150 60.0 51.7 51.7
5337 0.3 10 0 0 4937 0.3 40 0 0 180 59.8 51.8 51.8
5337 0.3 10 0 0 4937 0.3 50 0 0 0 59.0 50.8 50.8
5337 0.3 10 0 0 4937 0.3 50 0 0 30 59.1 50.9 50.9
5337 0.3 10 0 0 4937 0.3 50 0 0 60 59.3 51.1 51.1
5337 0.3 10 0 0 4937 0.3 50 0 0 90 59.3 51.3 51.3
5337 0.3 10 0 0 4937 0.3 50 0 0 120 59.3 51.7 51.7
5337 0.3 10 0 0 4937 0.3 50 0 0 150 59.2 52.0 52.0
5337 0.3 10 0 0 4937 0.3 50 0 0 180 59.0 52.2 52.2
5337 0.3 10 0 0 4937 0.3 60 0 0 0 57.6 52.0 52.0
5337 0.3 10 0 0 4937 0.3 60 0 0 30 57.7 52.1 52.1
5337 0.3 10 0 0 4937 0.3 60 0 0 60 57.8 52.5 52.5
5337 0.3 10 0 0 4937 0.3 60 0 0 90 58.0 52.6 52.6
5337 0.3 10 0 0 4937 0.3 60 0 0 120 57.9 53.0 53.0
5337 0.3 10 0 0 4937 0.3 60 0 0 150 57.9 53.1 53.1
5337 0.3 10 0 0 4937 0.3 60 0 0 180 57.7 52.8 52.8
5337 0.3 10 0 0 4937 0.4 0 0 0 0 60.3 52.4 52.4
5337 0.3 10 0 0 4937 0.4 0 0 0 30 60.4 52.5 52.5
5337 0.3 10 0 0 4937 0.4 0 0 0 60 60.5 52.7 52.7
5337 0.3 10 0 0 4937 0.4 0 0 0 90 60.6 53.0 53.0
5337 0.3 10 0 0 4937 0.4 0 0 0 120 60.6 53.3 53.3
5337 0.3 10 0 0 4937 0.4 0 0 0 150 60.5 53.5 53.5
5337 0.3 10 0 0 4937 0.4 0 0 0 180 60.4 53.2 53.2
5337 0.3 10 0 0 4937 0.4 10 0 0 0 60.3 52.1 52.1
5337 0.3 10 0 0 4937 0.4 10 0 0 30 60.3 52.2 52.2
5337 0.3 10 0 0 4937 0.4 10 0 0 60 60.4 52.3 52.3
5337 0.3 10 0 0 4937 0.4 10 0 0 90 60.6 52.7 52.7
5337 0.3 10 0 0 4937 0.4 10 0 0 120 60.6 52.9 52.9
5337 0.3 10 0 0 4937 0.4 10 0 0 150 60.4 53.2 53.2
5337 0.3 10 0 0 4937 0.4 10 0 0 180 60.3 53.0 53.0
5337 0.3 10 0 0 4937 0.4 20 0 0 0 60.1 50.6 50.6
5337 0.3 10 0 0 4937 0.4 20 0 0 30 60.1 50.7 50.7
5337 0.3 10 0 0 4937 0.4 20 0 0 60 60.2 50.9 50.9
5337 0.3 10 0 0 4937 0.4 20 0 0 90 60.4 51.2 51.2
5337 0.3 10 0 0 4937 0.4 20 0 0 120 60.4 51.5 51.5
5337 0.3 10 0 0 4937 0.4 20 0 0 150 60.2 51.7 51.7
5337 0.3 10 0 0 4937 0.4 20 0 0 180 60.1 51.5 51.5
5337 0.3 10 0 0 4937 0.4 30 0 0 0 59.7 49.6 49.6
5337 0.3 10 0 0 4937 0.4 30 0 0 30 59.7 49.6 49.6
5337 0.3 10 0 0 4937 0.4 30 0 0 60 59.9 49.9 49.9
5337 0.3 10 0 0 4937 0.4 30 0 0 90 60.0 50.1 50.1
5337 0.3 10 0 0 4937 0.4 30 0 0 120 60.0 50.4 50.4
5337 0.3 10 0 0 4937 0.4 30 0 0 150 59.9 51.1 51.1
5337 0.3 10 0 0 4937 0.4 30 0 0 180 59.7 51.2 51.2
5337 0.3 10 0 0 4937 0.4 40 0 0 0 59.2 49.7 49.7
5337 0.3 10 0 0 4937 0.4 40 0 0 30 59.2 49.8 49.8
5337 0.3 10 0 0 4937 0.4 40 0 0 60 59.4 50.0 50.0
5337 0.3 10 0 0 4937 0.4 40 0 0 90 59.5 50.1 50.1
5337 0.3 10 0 0 4937 0.4 40 0 0 120 59.5 50.6 50.6
5337 0.3 10 0 0 4937 0.4 40 0 0 150 59.3 51.1 51.1
5337 0.3 10 0 0 4937 0.4 40 0 0 180 59.1 51.2 51.2
5337 0.3 10 0 0 4937 0.4 50 0 0 0 58.4 50.4 50.4
5337 0.3 10 0 0 4937 0.4 50 0 0 30 58.4 50.5 50.5
5337 0.3 10 0 0 4937 0.4 50 0 0 60 58.6 50.7 50.7
5337 0.3 10 0 0 4937 0.4 50 0 0 90 58.6 50.8 50.8
5337 0.3 10 0 0 4937 0.4 50 0 0 120 58.7 51.1 51.1
5337 0.3 10 0 0 4937 0.4 50 0 0 150 58.5 51.4 51.4
5337 0.3 10 0 0 4937 0.4 50 0 0 180 58.3 51.5 51.5
5337 0.3 10 0 0 4937 0.4 60 0 0 0 56.6 51.3 51.3
5337 0.3 10 0 0 4937 0.4 60 0 0 30 56.8 51.4 51.4
5337 0.3 10 0 0 4937 0.4 60 0 0 60 56.9 51.6 51.6
5337 0.3 10 0 0 4937 0.4 60 0 0 90 56.9 51.9 51.9
5337 0.3 10 0 0 4937 0.4 60 0 0 120 57.0 52.1 52.1
5337 0.3 10 0 0 4937 0.4 60 0 0 150 57.1 52.4 52.4
5337 0.3 10 0 0 4937 0.4 60 0 0 180 56.9 52.1 52.1
5337 0.3 10 0 0 4937 0.5 0 0 0 0 59.8 51.3 51.3
5337 0.3 10 0 0 4937 0.5 0 0 0 30 59.8 51.4 51.4
5337 0.3 10 0 0 4937 0.5 0 0 0 60 59.8 51.5 51.5
5337 0.3 10 0 0 4937 0.5 0 0 0 90 60.0 51.7 51.7
5337 0.3 10 0 0 4937 0.5 0 0 0 120 60.0 52.0 52.0
5337 0.3 10 0 0 4937 0.5 0 0 0 150 59.9 52.4 52.4
5337 0.3 10 0 0 4937 0.5 0 0 0 180 59.7 52.0 52.0
5337 0.3 10 0 0 4937 0.5 10 0 0 0 59.7 50.8 50.8
5337 0.3 10 0 0 4937 0.5 10 0 0 30 59.7 50.9 50.9
5337 0.3 10 0 0 4937 0.5 10 0 0 60 59.7 51.0 51.0
5337 0.3 10 0 0 4937 0.5 10 0 0 90 59.9 51.2 51.2
5337 0.3 10 0 0 4937 0.5 10 0 0 120 59.9 51.6 51.6
5337 0.3 10 0 0 4937 0.5 10 0 0 150 59.8 51.9 51.9
5337 0.3 10 0 0 4937 0.5 10 0 0 180 59.6 51.5 51.5
5337 0.3 10 0 0 4937 0.5 20 0 0 0 59.5 50.0 50.0
5337 0.3 10 0 0 4937 0.5 20 0 0 30 59.5 50.0 50.0
5337 0.3 10 0 0 4937 0.5 20 0 0 60 59.6 50.1 50.1
5337 0.3 10 0 0 4937 0.5 20 0 0 90 59.7 50.2 50.2
5337 0.3 10 0 0 4937 0.5 20 0 0 120 59.7 50.5 50.5
5337 0.3 10 0 0 4937 0.5 20 0 0 150 59.6 50.8 50.8
5337 0.3 10 0 0 4937 0.5 20 0 0 180 59.4 50.7 50.7
5337 0.3 10 0 0 4937 0.5 30 0 0 0 59.1 49.4 49.4
5337 0.3 10 0 0 4937 0.5 30 0 0 30 59.1 49.4 49.4
5337 0.3 10 0 0 4937 0.5 30 0 0 60 59.2 49.4 49.4
5337 0.3 10 0 0 4937 0.5 30 0 0 90 59.4 49.7 49.7
5337 0.3 10 0 0 4937 0.5 30 0 0 120 59.3 49.9 49.9
5337 0.3 10 0 0 4937 0.5 30 0 0 150 59.2 50.5 50.5
5337 0.3 10 0 0 4937 0.5 30 0 0 180 59.0 50.8 50.8
5337 0.3 10 0 0 4937 0.5 40 0 0 0 58.6 49.6 49.6
5337 0.3 10 0 0 4937 0.5 40 0 0 30 58.6 49.6 49.6
5337 0.3 10 0 0 4937 0.5 40 0 0 60 58.7 49.7 49.7
5337 0.3 10 0 0 4937 0.5 40 0 0 90 58.8 49.8 49.8
5337 0.3 10 0 0 4937 0.5 40 0 0 120 58.8 50.0 50.0
5337 0.3 10 0 0 4937 0.5 40 0 0 150 58.6 50.6 50.6
5337 0.3 10 0 0 4937 0.5 40 0 0 180 58.4 50.8 50.8
5337 0.3 10 0 0 4937 0.5 50 0 0 0 57.6 50.2 50.2
5337 0.3 10 0 0 4937 0.5 50 0 0 30 57.7 50.2 50.2
5337 0.3 10 0 0 4937 0.5 50 0 0 60 57.8 50.3 50.3
5337 0.3 10 0 0 4937 0.5 50 0 0 90 57.9 50.5 50.5
5337 0.3 10 0 0 4937 0.5 50 0 0 120 57.9 50.6 50.6
5337 0.3 10 0 0 4937 0.5 50 0 0 150 57.8 51.1 51.1
5337 0.3 10 0 0 4937 0.5 50 0 0 180 57.5 50.9 50.9
5337 0.3 10 0 0 4937 0.5 60 0 0 0 56.0 50.7 50.7
5337 0.3 10 0 0 4937 0.5 60 0 0 30 56.0 50.8 50.8
5337 0.3 10 0 0 4937 0.5 60 0 0 60 56.1 50.9 50.9
5337 0.3 10 0 0 4937 0.5 60 0 0 90 56.1 51.1 51.1
5337 0.3 10 0 0 4937 0.5 60 0 0 120 56.1 51.4 51.4
5337 0.3 10 0 0 4937 0.5 60 0 0 150 56.2 51.8 51.8
5337 0.3 10 0 0 4937 0.5 60 0 0 180 56.1 51.4 51.4
5337 0.3 10 0 0 5137 0.0 0 0 0 0 63.2 56.7 56.7
5337 0.3 10 0 0 5137 0.0 0 0 0 30 63.2 56.7 56.7
5337 0.3 10 0 0 5137 0.0 0 0 0 60 63.1 56.6 56.6
5337 0.3 10 0 0 5137 0.0 0 0 0 90 63.0 56.5 56.5
5337 0.3 10 0 0 5137 0.0 0 0 0 120 62.9 56.4 56.4
5337 0.3 10 0 0 5137 0.0 0 0 0 150 62.8 56.3 56.3
5337 0.3 10 0 0 5137 0.0 0 0 0 180 62.8 56.3 56.3
5337 0.3 10 0 0 5137 0.0 10 0 0 0 63.2 56.5 56.5
5337 0.3 10 0 0 5137 0.0 10 0 0 30 63.2 56.5 56.5
5337 0.3 10 0 0 5137 0.0 10 0 0 60 63.1 56.4 56.4
5337 0.3 10 0 0 5137 0.0 10 0 0 90 62.9 56.3 56.3
5337 0.3 10 0 0 5137 0.0 10 0 0 120 62.9 56.2 56.2
5337 0.3 10 0 0 5137 0.0 10 0 0 150 62.7 56.1 56.1
5337 0.3 10 0 0 5137 0.0 10 0 0 180 62.7 56.1 56.1
5337 0.3 10 0 0 5137 0.0 20 0 0 0 63.0 55.7 55.7
5337 0.3 10 0 0 5137 0.0 20 0 0 30 63.0 55.7 55.7
5337 0.3 10 0 0 5137 0.0 20 0 0 60 62.9 55.6 55.6
5337 0.3 10 0 0 5137 0.0 20 0 0 90 62.8 55.5 55.5
5337 0.3 10 0 0 5137 0.0 20 0 0 120 62.7 55.4 55.4
5337 0.3 10 0 0 5137 0.0 20 0 0 150 62.6 55.4 55.4
5337 0.3 10 0 0 5137 0.0 20 0 0 180 62.6 55.4 55.4
5337 0.3 10 0 0 5137 0.0 30 0 0 0 62.7 52.9 52.9
5337 0.3 10 0 0 5137 0.0 30 0 0 30 62.7 53.0 53.0
5337 0.3 10 0 0 5137 0.0 30 0 0 60 62.6 53.2 53.2
5337 0.3 10 0 0 5137 0.0 30 0 0 90 62.5 53.5 53.5
5337 0.3 10 0 0 5137 0.0 30 0 0 120 62.4 53.7 53.7
5337 0.3 10 0 0 5137 0.0 30 0 0 150 62.3 53.9 53.9
5337 0.3 10 0 0 5137 0.0 30 0 0 180 62.3 54.1 54.1
5337 0.3 10 0 0 5137 0.0 40 0 0 0 62.2 52.7 52.7
5337 0.3 10 0 0 5137 0.0 40 0 0 30 62.2 52.8 52.8
5337 0.3 10 0 0 5137 0.0 40 0 0 60 62.2 53.0 53.0
5337 0.3 10 0 0 5137 0.0 40 0 0 90 62.1 53.3 53.3
5337 0.3 10 0 0 5137 0.0 40 0 0 120 62.0 53.5 53.5
5337 0.3 10 0 0 5137 0.0 40 0 0 150 61.9 53.6 53.6
5337 0.3 10 0 0 5137 0.0 40 0 0 180 61.9 53.8 53.8
5337 0.3 10 0 0 5137 0.0 50 0 0 0 61.5 53.6 53.6
5337 0.3 10 0 0 5137 0.0 50 0 0 30 61.5 53.6 53.6
5337 0.3 10 0 0 5137 0.0 50 0 0 60 61.5 53.6 53.6
5337 0.3 10 0 0 5137 0.0 50 0 0 90 61.4 53.6 53.6
5337 0.3 10 0 0 5137 0.0 50 0 0 120 61.4 53.8 53.8
5337 0.3 10 0 0 5137 0.0 50 0 0 150 61.3 54.0 54.0
5337 0.3 10 0 0 5137 0.0 50 0 0 180 61.2 54.2 54.2
5337 0.3 10 0 0 5137 0.0 60 0 0 0 60.3 55.3 55.3
5337 0.3 10 0 0 5137 0.0 60 0 0 30 60.4 55.2 55.2
5337 0.3 10 0 0 5137 0.0 60 0 0 60 60.3 55.1 55.1
5337 0.3 10 0 0 5137 0.0 60 0 0 90 60.3 55.0 55.0
5337 0.3 10 0 0 5137 0.0 60 0 0 120 60.1 54.9 54.9
5337 0.3 10 0 0 5137 0.0 60 0 0 150 60.1 54.7 54.7
5337 0.3 10 0 0 5137 0.0 60 0 0 180 60.2 54.6 54.6
5337 0.3 10 0 0 5137 0.1 0 0 0 0 62.6 56.0 56.0
5337 0.3 10 0 0 5137 0.1 0 0 0 30 62.6 56.0 56.0
5337 0.3 10 0 0 5137 0.1 0 0 0 60 62.5 55.9 55.9
5337 0.3 10 0 0 5137 0.1 0 0 0 90 62.4 55.8 55.8
5337 0.3 10 0 0 5137 0.1 0 0 0 120 62.3 55.7 55.7
5337 0.3 10 0 0 5137 0.1 0 0 0 150 62.2 55.5 55.5
5337 0.3 10 0 0 5137 0.1 0 0 0 180 62.2 55.6 55.6
5337 0.3 10 0 0 5137 0.1 10 0 0 0 62.6 55.8 55.8
5337 0.3 10 0 0 5137 0.1 10 0 0 30 62.6 55.7 55.7
5337 0.3 10 0 0 5137 0.1 10 0 0 60 62.5 55.6 55.6
5337 0.3 10 0 0 5137 0.1 10 0 0 90 62.4 55.5 55.5
5337 0.3 10 0 0 5137 0.1 10 0 0 120 62.3 55.4 55.4
5337 0.3 10 0 0 5137 0.1 10 0 0 150 62.2 55.3 55.3
5337 0.3 10 0 0 5137 0.1 10 0 0 180 62.1 55.4 55.4
5337 0.3 10 0 0 5137 0.1 20 0 0 0 62.4 54.8 54.8
5337 0.3 10 0 0 5137 0.1 20 0 0 30 62.4 54.8 54.8
5337 0.3 10 0 0 5137 0.1 20 0 0 60 62.3 54.7 54.7
5337 0.3 10 0 0 5137 0.1 20 0 0 90 62.2 54.7 54.7
5337 0.3 10 0 0 5137 0.1 20 0 0 120 62.1 54.6 54.6
5337 0.3 10 0 0 5137 0.1 20 0 0 150 62.0 54.6 54.6
5337 0.3 10 0 0 5137 0.1 20 0 0 180 62.0 54.7 54.7
5337 0.3 10 0 0 5137 0.1 30 0 0 0 62.1 52.0 52.0
5337 0.3 10 0 0 5137 0.1 30 0 0 30 62.1 52.0 52.0
5337 0.3 10 0 0 5137 0.1 30 0 0 60 62.0 52.1 52.1
5337 0.3 10 0 0 5137 0.1 30 0 0 90 61.9 52.3 52.3
5337 0.3 10 0 0 5137 0.1 30 0 0 120 61.8 52.7 52.7
5337 0.3 10 0 0 5137 0.1 30 0 0 150 61.7 53.0 53.0
5337 0.3 10 0 0 5137 0.1 30 0 0 180 61.7 53.3 53.3
5337 0.3 10 0 0 5137 0.1 40 0 0 0 61.5 52.1 52.1
5337 0.3 10 0 0 5137 0.1 40 0 0 30 61.6 52.0 52.0
5337 0.3 10 0 0 5137 0.1 40 0 0 60 61.5 52.0 52.0
5337 0.3 10 0 0 5137 0.1 40 0 0 90 61.4 52.2 52.2
5337 0.3 10 0 0 5137 0.1 40 0 0 120 61.4 52.5 52.5
5337 0.3 10 0 0 5137 0.1 40 0 0 150 61.3 52.7 52.7
5337 0.3 10 0 0 5137 0.1 40 0 0 180 61.3 53.0 53.0
5337 0.3 10 0 0 5137 0.1 50 0 0 0 60.8 52.9 52.9
5337 0.3 10 0 0 5137 0.1 50 0 0 30 60.8 52.9 52.9
5337 0.3 10 0 0 5137 0.1 50 0 0 60 60.8 52.8 52.8
5337 0.3 10 0 0 5137 0.1 50 0 0 90 60.7 52.7 52.7
5337 0.3 10 0 0 5137 0.1 50 0 0 120 60.7 52.8 52.8
5337 0.3 10 0 0 5137 0.1 50 0 0 150 60.6 53.1 53.1
5337 0.3 10 0 0 5137 0.1 50 0 0 180 60.6 53.4 53.4
5337 0.3 10 0 0 5137 0.1 60 0 0 0 59.5 54.7 54.7
5337 0.3 10 0 0 5137 0.1 60 0 0 30 59.6 54.6 54.6
5337 0.3 10 0 0 5137 0.1 60 0 0 60 59.6 54.4 54.4
5337 0.3 10 0 0 5137 0.1 60 0 0 90 59.6 54.3 54.3
5337 0.3 10 0 0 5137 0.1 60 0 0 120 59.4 54.1 54.1
5337 0.3 10 0 0 5137 0.1 60 0 0 150 59.5 54.0 54.0
5337 0.3 10 0 0 5137 0.1 60 0 0 180 59.5 53.8 53.8
5337 0.3 10 0 0 5137 0.2 0 0 0 0 62.0 55.2 55.2
5337 0.3 10 0 0 5137 0.2 0 0 0 30 62.0 55.2 55.2
5337 0.3 10 0 0 5137 0.2 0 0 0 60 61.9 55.1 55.1
5337 0.3 10 0 0 5137 0.2 0 0 0 90 61.8 55.0 55.0
5337 0.3 10 0 0 5137 0.2 0 0 0 120 61.8 54.9 54.9
5337 0.3 10 0 0 5137 0.2 0 0 0 150 61.6 54.8 54.8
5337 0.3 10 0 0 5137 0.2 0 0 0 180 61.6 54.8 54.8
5337 0.3 10 0 0 5137 0.2 10 0 0 0 61.9 54.9 54.9
5337 0.3 10 0 0 5137 0.2 10 0 0 30 61.9 54.9 54.9
5337 0.3 10 0 0 5137 0.2 10 0 0 60 61.9 54.8 54.8
5337 0.3 10 0 0 5137 0.2 10 0 0 90 61.8 54.8 54.8
5337 0.3 10 0 0 5137 0.2 10 0 0 120 61.7 54.7 54.7
5337 0.3 10 0 0 5137 0.2 10 0 0 150 61.6 54.6 54.6
5337 0.3 10 0 0 5137 0.2 10 0 0 180 61.6 54.6 54.6
5337 0.3 10 0 0 5137 0.2 20 0 0 0 61.8 54.0 54.0
5337 0.3 10 0 0 5137 0.2 20 0 0 30 61.8 53.9 53.9
5337 0.3 10 0 0 5137 0.2 20 0 0 60 61.7 53.8 53.8
5337 0.3 10 0 0 5137 0.2 20 0 0 90 61.6 53.7 53.7
5337 0.3 10 0 0 5137 0.2 20 0 0 120 61.5 53.7 53.7
5337 0.3 10 0 0 5137 0.2 20 0 0 150 61.4 53.7 53.7
5337 0.3 10 0 0 5137 0.2 20 0 0 180 61.4 53.9 53.9
5337 0.3 10 0 0 5137 0.2 30 0 0 0 61.4 51.4 51.4
5337 0.3 10 0 0 5137 0.2 30 0 0 30 61.4 51.3 51.3
5337 0.3 10 0 0 5137 0.2 30 0 0 60 61.4 51.2 51.2
5337 0.3 10 0 0 5137 0.2 30 0 0 90 61.3 51.3 51.3
5337 0.3 10 0 0 5137 0.2 30 0 0 120 61.2 51.7 51.7
5337 0.3 10 0 0 5137 0.2 30 0 0 150 61.1 52.0 52.0
5337 0.3 10 0 0 5137 0.2 30 0 0 180 61.1 52.5 52.5
5337 0.3 10 0 0 5137 0.2 40 0 0 0 60.9 51.5 51.5
5337 0.3 10 0 0 5137 0.2 40 0 0 30 60.9 51.4 51.4
5337 0.3 10 0 0 5137 0.2 40 0 0 60 60.8 51.3 51.3
5337 0.3 10 0 0 5137 0.2 40 0 0 90 60.8 51.3 51.3
5337 0.3 10 0 0 5137 0.2 40 0 0 120 60.7 51.5 51.5
5337 0.3 10 0 0 5137 0.2 40 0 0 150 60.7 51.8 51.8
5337 0.3 10 0 0 5137 0.2 40 0 0 180 60.7 52.2 52.2
5337 0.3 10 0 0 5137 0.2 50 0 0 0 60.0 52.3 52.3
5337 0.3 10 0 0 5137 0.2 50 0 0 30 60.0 52.3 52.3
5337 0.3 10 0 0 5137 0.2 50 0 0 60 60.0 52.1 52.1
5337 0.3 10 0 0 5137 0.2 50 0 0 90 60.1 52.1 52.1
5337 0.3 10 0 0 5137 0.2 50 0 0 120 60.0 52.0 52.0
5337 0.3 10 0 0 5137 0.2 50 0 0 150 60.0 52.2 52.2
5337 0.3 10 0 0 5137 0.2 50 0 0 180 60.1 52.5 52.5
5337 0.3 10 0 0 5137 0.2 60 0 0 0 58.7 54.0 54.0
5337 0.3 10 0 0 5137 0.2 60 0 0 30 58.7 53.9 53.9
5337 0.3 10 0 0 5137 0.2 60 0 0 60 58.8 53.7 53.7
5337 0.3 10 0 0 5137 0.2 60 0 0 90 58.8 53.6 53.6
5337 0.3 10 0 0 5137 0.2 60 0 0 120 58.7 53.4 53.4
5337 0.3 10 0 0 5137 0.2 60 0 0 150 58.8 53.3 53.3
5337 0.3 10 0 0 5137 0.2 60 0 0 180 58.9 53.2 53.2
5337 0.3 10 0 0 5137 0.3 0 0 0 0 61.3 54.4 54.4
5337 0.3 10 0 0 5137 0.3 0 0 0 30 61.3 54.3 54.3
5337 0.3 10 0 0 5137 0.3 0 0 0 60 61.3 54.3 54.3
5337 0.3 10 0 0 5137 0.3 0 0 0 90 61.2 54.2 54.2
5337 0.3 10 0 0 5137 0.3 0 0 0 120 61.2 54.1 54.1
5337 0.3 10 0 0 5137 0.3 0 0 0 150 61.1 54.0 54.0
5337 0.3 10 0 0 5137 0.3 0 0 0 180 61.1 54.0 54.0
5337 0.3 10 0 0 5137 0.3 10 0 0 0 61.3 54.1 54.1
5337 0.3 10 0 0 5137 0.3 10 0 0 30 61.3 54.1 54.1
5337 0.3 10 0 0 5137 0.3 10 0 0 60 61.3 54.0 54.0
5337 0.3 10 0 0 5137 0.3 10 0 0 90 61.2 53.9 53.9
5337 0.3 10 0 0 5137 0.3 10 0 0 120 61.2 53.8 53.8
5337 0.3 10 0 0 5137 0.3 10 0 0 150 61.0 53.7 53.7
5337 0.3 10 0 0 5137 0.3 10 0 0 180 61.0 53.8 53.8
5337 0.3 10 0 0 5137 0.3 20 0 0 0 61.1 53.0 53.0
5337 0.3 10 0 0 5137 0.3 20 0 0 30 61.1 52.9 52.9
5337 0.3 10 0 0 5137 0.3 20 0 0 60 61.1 52.8 52.8
5337 0.3 10 0 0 5137 0.3 20 0 0 90 61.0 52.7 52.7
5337 0.3 10 0 0 5137 0.3 20 0 0 120 61.0 52.6 52.6
5337 0.3 10 0 0 5137 0.3 20 0 0 150 60.8 52.7 52.7
5337 0.3 10 0 0 5137 0.3 20 0 0 180 60.9 53.0 53.0
5337 0.3 10 0 0 5137 0.3 30 0 0 0 60.7 50.9 50.9
5337 0.3 10 0 0 5137 0.3 30 0 0 30 60.7 50.8 50.8
5337 0.3 10 0 0 5137 0.3 30 0 0 60 60.7 50.6 50.6
5337 0.3 10 0 0 5137 0.3 30 0 0 90 60.6 50.5 50.5
5337 0.3 10 0 0 5137 0.3 30 0 0 120 60.6 50.7 50.7
5337 0.3 10 0 0 5137 0.3 30 0 0 150 60.6 51.2 51.2
5337 0.3 10 0 0 5137 0.3 30 0 0 180 60.6 51.8 51.8
5337 0.3 10 0 0 5137 0.3 40 0 0 0 60.1 51.1 51.1
5337 0.3 10 0 0 5137 0.3 40 0 0 30 60.1 51.0 51.0
5337 0.3 10 0 0 5137 0.3 40 0 0 60 60.1 50.9 50.9
5337 0.3 10 0 0 5137 0.3 40 0 0 90 60.1 50.8 50.8
5337 0.3 10 0 0 5137 0.3 40 0 0 120 60.2 50.7 50.7
5337 0.3 10 0 0 5137 0.3 40 0 0 150 60.1 51.1 51.1
5337 0.3 10 0 0 5137 0.3 40 0 0 180 60.2 51.6 51.6
5337 0.3 10 0 0 5137 0.3 50 0 0 0 59.2 51.9 51.9
5337 0.3 10 0 0 5137 0.3 50 0 0 30 59.2 51.8 51.8
5337 0.3 10 0 0 5137 0.3 50 0 0 60 59.3 51.6 51.6
5337 0.3 10 0 0 5137 0.3 50 0 0 90 59.4 51.5 51.5
5337 0.3 10 0 0 5137 0.3 50 0 0 120 59.4 51.3 51.3
5337 0.3 10 0 0 5137 0.3 50 0 0 150 59.4 51.3 51.3
5337 0.3 10 0 0 5137 0.3 50 0 0 180 59.5 51.8 51.8
5337 0.3 10 0 0 5137 0.3 60 0 0 0 57.7 53.3 53.3
5337 0.3 10 0 0 5137 0.3 60 0 0 30 57.8 53.3 53.3
5337 0.3 10 0 0 5137 0.3 60 0 0 60 57.9 53.1 53.1
5337 0.3 10 0 0 5137 0.3 60 0 0 90 58.1 52.9 52.9
5337 0.3 10 0 0 5137 0.3 60 0 0 120 58.1 52.7 52.7
5337 0.3 10 0 0 5137 0.3 60 0 0 150 58.1 52.5 52.5
5337 0.3 10 0 0 5137 0.3 60 0 0 180 58.2 52.5 52.5
5337 0.3 10 0 0 5137 0.4 0 0 0 0 60.6 53.5 53.5
5337 0.3 10 0 0 5137 0.4 0 0 0 30 60.7 53.4 53.4
5337 0.3 10 0 0 5137 0.4 0 0 0 60 60.7 53.4 53.4
5337 0.3 10 0 0 5137 0.4 0 0 0 90 60.7 53.4 53.4
5337 0.3 10 0 0 5137 0.4 0 0 0 120 60.6 53.3 53.3
5337 0.3 10 0 0 5137 0.4 0 0 0 150 60.6 53.2 53.2
5337 0.3 10 0 0 5137 0.4 0 0 0 180 60.5 53.1 53.1
5337 0.3 10 0 0 5137 0.4 10 0 0 0 60.6 53.2 53.2
5337 0.3 10 0 0 5137 0.4 10 0 0 30 60.6 53.1 53.1
5337 0.3 10 0 0 5137 0.4 10 0 0 60 60.6 53.1 53.1
5337 0.3 10 0 0 5137 0.4 10 0 0 90 60.6 53.0 53.0
5337 0.3 10 0 0 5137 0.4 10 0 0 120 60.6 52.9 52.9
5337 0.3 10 0 0 5137 0.4 10 0 0 150 60.5 52.8 52.8
5337 0.3 10 0 0 5137 0.4 10 0 0 180 60.5 52.9 52.9
5337 0.3 10 0 0 5137 0.4 20 0 0 0 60.3 51.7 51.7
5337 0.3 10 0 0 5137 0.4 20 0 0 30 60.4 51.6 51.6
5337 0.3 10 0 0 5137 0.4 20 0 0 60 60.4 51.4 51.4
5337 0.3 10 0 0 5137 0.4 20 0 0 90 60.4 51.3 51.3
5337 0.3 10 0 0 5137 0.4 20 0 0 120 60.4 51.1 51.1
5337 0.3 10 0 0 5137 0.4 20 0 0 150 60.4 51.1 51.1
5337 0.3 10 0 0 5137 0.4 20 0 0 180 60.3 51.8 51.8
5337 0.3 10 0 0 5137 0.4 30 0 0 0 59.9 50.6 50.6
5337 0.3 10 0 0 5137 0.4 30 0 0 30 60.0 50.4 50.4
5337 0.3 10 0 0 5137 0.4 30 0 0 60 60.0 50.2 50.2
5337 0.3 10 0 0 5137 0.4 30 0 0 90 60.0 50.1 50.1
5337 0.3 10 0 0 5137 0.4 30 0 0 120 60.0 50.0 50.0
5337 0.3 10 0 0 5137 0.4 30 0 0 150 60.1 50.4 50.4
5337 0.3 10 0 0 5137 0.4 30 0 0 180 60.1 51.2 51.2
5337 0.3 10 0 0 5137 0.4 40 0 0 0 59.3 50.8 50.8
5337 0.3 10 0 0 5137 0.4 40 0 0 30 59.3 50.7 50.7
5337 0.3 10 0 0 5137 0.4 40 0 0 60 59.4 50.5 50.5
5337 0.3 10 0 0 5137 0.4 40 0 0 90 59.4 50.4 50.4
5337 0.3 10 0 0 5137 0.4 40 0 0 120 59.5 50.2 50.2
5337 0.3 10 0 0 5137 0.4 40 0 0 150 59.6 50.3 50.3
5337 0.3 10 0 0 5137 0.4 40 0 0 180 59.7 51.0 51.0
5337 0.3 10 0 0 5137 0.4 50 0 0 0 58.3 51.7 51.7
5337 0.3 10 0 0 5137 0.4 50 0 0 30 58.3 51.5 51.5
5337 0.3 10 0 0 5137 0.4 50 0 0 60 58.5 51.4 51.4
5337 0.3 10 0 0 5137 0.4 50 0 0 90 58.6 51.2 51.2
5337 0.3 10 0 0 5137 0.4 50 0 0 120 58.8 51.0 51.0
5337 0.3 10 0 0 5137 0.4 50 0 0 150 58.8 50.7 50.7
5337 0.3 10 0 0 5137 0.4 50 0 0 180 59.0 51.0 51.0
5337 0.3 10 0 0 5137 0.4 60 0 0 0 56.8 52.7 52.7
5337 0.3 10 0 0 5137 0.4 60 0 0 30 56.8 52.7 52.7
5337 0.3 10 0 0 5137 0.4 60 0 0 60 56.9 52.5 52.5
5337 0.3 10 0 0 5137 0.4 60 0 0 90 57.2 52.4 52.4
5337 0.3 10 0 0 5137 0.4 60 0 0 120 57.4 52.1 52.1
5337 0.3 10 0 0 5137 0.4 60 0 0 150 57.3 51.8 51.8
5337 0.3 10 0 0 5137 0.4 60 0 0 180 57.4 51.7 51.7
5337 0.3 10 0 0 5137 0.5 0 0 0 0 59.9 52.3 52.3
5337 0.3 10 0 0 5137 0.5 0 0 0 30 59.9 52.3 52.3
5337 0.3 10 0 0 5137 0.5 0 0 0 60 59.9 52.3 52.3
5337 0.3 10 0 0 5137 0.5 0 0 0 90 60.0 52.3 52.3
5337 0.3 10 0 0 5137 0.5 0 0 0 120 60.1 52.3 52.3
5337 0.3 10 0 0 5137 0.5 0 0 0 150 60.1 52.3 52.3
5337 0.3 10 0 0 5137 0.5 0 0 0 180 60.0 52.1 52.1
5337 0.3 10 0 0 5137 0.5 10 0 0 0 59.8 52.0 52.0
5337 0.3 10 0 0 5137 0.5 10 0 0 30 59.8 51.9 51.9
5337 0.3 10 0 0 5137 0.5 10 0 0 60 59.8 51.9 51.9
5337 0.3 10 0 0 5137 0.5 10 0 0 90 59.9 51.8 51.8
5337 0.3 10 0 0 5137 0.5 10 0 0 120 60.0 51.7 51.7
5337 0.3 10 0 0 5137 0.5 10 0 0 150 60.0 51.6 51.6
5337 0.3 10 0 0 5137 0.5 10 0 0 180 60.0 51.8 51.8
5337 0.3 10 0 0 5137 0.5 20 0 0 0 59.5 50.7 50.7
5337 0.3 10 0 0 5137 0.5 20 0 0 30 59.6 50.6 50.6
5337 0.3 10 0 0 5137 0.5 20 0 0 60 59.6 50.5 50.5
5337 0.3 10 0 0 5137 0.5 20 0 0 90 59.7 50.3 50.3
5337 0.3 10 0 0 5137 0.5 20 0 0 120 59.8 50.1 50.1
5337 0.3 10 0 0 5137 0.5 20 0 0 150 59.8 50.0 50.0
5337 0.3 10 0 0 5137 0.5 20 0 0 180 59.9 51.1 51.1
5337 0.3 10 0 0 5137 0.5 30 0 0 0 59.0 50.3 50.3
5337 0.3 10 0 0 5137 0.5 30 0 0 30 59.1 50.2 50.2
5337 0.3 10 0 0 5137 0.5 30 0 0 60 59.1 50.0 50.0
5337 0.3 10 0 0 5137 0.5 30 0 0 90 59.2 49.9 49.9
5337 0.3 10 0 0 5137 0.5 30 0 0 120 59.4 49.7 49.7
5337 0.3 10 0 0 5137 0.5 30 0 0 150 59.5 49.9 49.9
5337 0.3 10 0 0 5137 0.5 30 0 0 180 59.6 50.8 50.8
5337 0.3 10 0 0 5137 0.5 40 0 0 0 58.3 50.7 50.7
5337 0.3 10 0 0 5137 0.5 40 0 0 30 58.4 50.6 50.6
5337 0.3 10 0 0 5137 0.5 40 0 0 60 58.5 50.6 50.6
5337 0.3 10 0 0 5137 0.5 40 0 0 90 58.6 50.4 50.4
5337 0.3 10 0 0 5137 0.5 40 0 0 120 58.9 50.1 50.1
5337 0.3 10 0 0 5137 0.5 40 0 0 150 59.0 49.9 49.9
5337 0.3 10 0 0 5137 0.5 40 0 0 180 59.2 50.5 50.5
5337 0.3 10 0 0 5137 0.5 50 0 0 0 57.2 51.4 51.4
5337 0.3 10 0 0 5137 0.5 50 0 0 30 57.4 51.3 51.3
5337 0.3 10 0 0 5137 0.5 50 0 0 60 57.5 51.2 51.2
5337 0.3 10 0 0 5137 0.5 50 0 0 90 57.7 51.1 51.1
5337 0.3 10 0 0 5137 0.5 50 0 0 120 58.1 50.8 50.8
5337 0.3 10 0 0 5137 0.5 50 0 0 150 58.2 50.5 50.5
5337 0.3 10 0 0 5137 0.5 50 0 0 180 58.4 50.4 50.4
5337 0.3 10 0 0 5137 0.5 60 0 0 0 55.7 52.1 52.1
5337 0.3 10 0 0 5137 0.5 60 0 0 30 55.7 52.1 52.1
5337 0.3 10 0 0 5137 0.5 60 0 0 60 55.8 52.1 52.1
5337 0.3 10 0 0 5137 0.5 60 0 0 90 56.0 51.9 51.9
5337 0.3 10 0 0 5137 0.5 60 0 0 120 56.5 51.6 51.6
5337 0.3 10 0 0 5137 0.5 60 0 0 150 56.4 51.3 51.3
5337 0.3 10 0 0 5137 0.5 60 0 0 180 56.6 50.9 50.9
5337 0.3 10 0 0 5337 0.0 0 0 0 0 45.8 41.1 41.1
5337 0.3 10 0 0 5337 0.0 0 0 0 30 49.5 45.0 45.0
5337 0.3 10 0 0 5337 0.0 0 0 0 60 57.8 52.7 52.7
5337 0.3 10 0 0 5337 0.0 0 0 0 90 66.1 61.0 61.0
5337 0.3 10 0 0 5337 0.0 0 0 0 120 73.1 66.9 66.9
5337 0.3 10 0 0 5337 0.0 0 0 0 150 77.2 68.7 68.7
5337 0.3 10 0 0 5337 0.0 0 0 0 180 78.6 68.8 68.8
5337 0.3 10 0 0 5337 0.0 10 0 0 0 45.7 40.9 40.9
5337 0.3 10 0 0 5337 0.0 10 0 0 30 49.4 44.2 44.2
5337 0.3 10 0 0 5337 0.0 10 0 0 60 57.7 52.4 52.4
5337 0.3 10 0 0 5337 0.0 10 0 0 90 66.0 60.7 60.7
5337 0.3 10 0 0 5337 0.0 10 0 0 120 73.0 65.7 65.7
5337 0.3 10 0 0 5337 0.0 10 0 0 150 77.2 68.3 68.3
5337 0.3 10 0 0 5337 0.0 10 0 0 180 78.5 68.5 68.5
5337 0.3 10 0 0 5337 0.0 20 0 0 0 45.6 40.7 40.7
5337 0.3 10 0 0 5337 0.0 20 0 0 30 49.2 44.2 44.2
5337 0.3 10 0 0 5337 0.0 20 0 0 60 57.5 51.8 51.8
5337 0.3 10 0 0 5337 0.0 20 0 0 90 65.8 59.3 59.3
5337 0.3 10 0 0 5337 0.0 20 0 0 120 72.9 63.7 63.7
5337 0.3 10 0 0 5337 0.0 20 0 0 150 77.0 66.6 66.6
5337 0.3 10 0 0 5337 0.0 20 0 0 180 78.3 67.4 67.4
5337 0.3 10 0 0 5337 0.0 30 0 0 0 45.4 40.8 40.8
5337 0.3 10 0 0 5337 0.0 30 0 0 30 48.8 44.6 44.6
5337 0.3 10 0 0 5337 0.0 30 0 0 60 57.1 50.2 50.2
5337 0.3 10 0 0 5337 0.0 30 0 0 90 65.4 55.6 55.6
5337 0.3 10 0 0 5337 0.0 30 0 0 120 72.7 59.7 59.7
5337 0.3 10 0 0 5337 0.0 30 0 0 150 76.6 62.7 62.7
5337 0.3 10 0 0 5337 0.0 30 0 0 180 77.8 64.2 64.2
5337 0.3 10 0 0 5337 0.0 40 0 0 0 45.0 41.3 41.3
5337 0.3 10 0 0 5337 0.0 40 0 0 30 48.4 45.1 45.1
5337 0.3 10 0 0 5337 0.0 40 0 0 60 56.6 50.0 50.0
5337 0.3 10 0 0 5337 0.0 40 0 0 90 64.9 54.7 54.7
5337 0.3 10 0 0 5337 0.0 40 0 0 120 72.2 58.5 58.5
5337 0.3 10 0 0 5337 0.0 40 0 0 150 75.9 61.6 61.6
5337 0.3 10 0 0 5337 0.0 40 0 0 180 77.1 63.7 63.7
5337 0.3 10 0 0 5337 0.0 50 0 0 0 44.6 42.6 42.6
5337 0.3 10 0 0 5337 0.0 50 0 0 30 47.9 45.8 45.8
5337 0.3 10 0 0 5337 0.0 50 0 0 60 55.9 50.4 50.4
5337 0.3 10 0 0 5337 0.0 50 0 0 90 64.3 54.7 54.7
5337 0.3 10 0 0 5337 0.0 50 0 0 120 71.5 58.4 58.4
5337 0.3 10 0 0 5337 0.0 50 0 0 150 74.7 61.5 61.5
5337 0.3 10 0 0 5337 0.0 50 0 0 180 76.0 63.9 63.9
5337 0.3 10 0 0 5337 0.0 60 0 0 0 44.3 44.8 44.8
5337 0.3 10 0 0 5337 0.0 60 0 0 30 47.3 47.4 47.4
5337 0.3 10 0 0 5337 0.0 60 0 0 60 54.9 51.2 51.2
5337 0.3 10 0 0 5337 0.0 60 0 0 90 63.2 55.4 55.4
5337 0.3 10 0 0 5337 0.0 60 0 0 120 70.0 59.0 59.0
5337 0.3 10 0 0 5337 0.0 60 0 0 150 72.9 62.1 62.1
5337 0.3 10 0 0 5337 0.0 60 0 0 180 74.1 64.7 64.7
5337 0.3 10 0 0 5337 0.1 0 0 0 0 43.8 39.0 39.0
5337 0.3 10 0 0 5337 0.1 0 0 0 30 48.0 43.1 43.1
5337 0.3 10 0 0 5337 0.1 0 0 0 60 55.2 49.9 49.9
5337 0.3 10 0 0 5337 0.1 0 0 0 90 63.0 57.7 57.7
5337 0.3 10 0 0 5337 0.1 0 0 0 120 70.4 64.3 64.3
5337 0.3 10 0 0 5337 0.1 0 0 0 150 75.6 68.1 68.1
5337 0.3 10 0 0 5337 0.1 0 0 0 180 78.0 68.3 68.3
5337 0.3 10 0 0 5337 0.1 10 0 0 0 43.7 38.8 38.8
5337 0.3 10 0 0 5337 0.1 10 0 0 30 47.9 42.5 42.5
5337 0.3 10 0 0 5337 0.1 10 0 0 60 55.1 49.7 49.7
5337 0.3 10 0 0 5337 0.1 10 0 0 90 62.9 57.4 57.4
5337 0.3 10 0 0 5337 0.1 10 0 0 120 70.4 63.1 63.1
5337 0.3 10 0 0 5337 0.1 10 0 0 150 75.6 67.0 67.0
5337 0.3 10 0 0 5337 0.1 10 0 0 180 77.9 68.3 68.3
5337 0.3 10 0 0 5337 0.1 20 0 0 0 43.6 38.7 38.7
5337 0.3 10 0 0 5337 0.1 20 0 0 30 47.7 42.3 42.3
5337 0.3 10 0 0 5337 0.1 20 0 0 60 54.8 49.1 49.1
5337 0.3 10 0 0 5337 0.1 20 0 0 90 62.6 56.1 56.1
5337 0.3 10 0 0 5337 0.1 20 0 0 120 70.2 61.2 61.2
5337 0.3 10 0 0 5337 0.1 20 0 0 150 75.4 65.1 65.1
5337 0.3 10 0 0 5337 0.1 20 0 0 180 77.7 67.2 67.2
5337 0.3 10 0 0 5337 0.1 30 0 0 0 43.3 39.1 39.1
5337 0.3 10 0 0 5337 0.1 30 0 0 30 47.3 42.5 42.5
5337 0.3 10 0 0 5337 0.1 30 0 0 60 54.5 47.3 47.3
5337 0.3 10 0 0 5337 0.1 30 0 0 90 62.3 52.6 52.6
5337 0.3 10 0 0 5337 0.1 30 0 0 120 70.0 57.2 57.2
5337 0.3 10 0 0 5337 0.1 30 0 0 150 75.0 61.1 61.1
5337 0.3 10 0 0 5337 0.1 30 0 0 180 77.2 63.9 63.9
5337 0.3 10 0 0 5337 0.1 40 0 0 0 42.9 40.0 40.0
5337 0.3 10 0 0 5337 0.1 40 0 0 30 46.8 43.0 43.0
5337 0.3 10 0 0 5337 0.1 40 0 0 60 54.0 47.2 47.2
5337 0.3 10 0 0 5337 0.1 40 0 0 90 61.8 51.6 51.6
5337 0.3 10 0 0 5337 0.1 40 0 0 120 69.6 56.0 56.0
5337 0.3 10 0 0 5337 0.1 40 0 0 150 74.4 59.9 59.9
5337 0.3 10 0 0 5337 0.1 40 0 0 180 76.4 62.9 62.9
5337 0.3 10 0 0 5337 0.1 50 0 0 0 42.5 41.6 41.6
5337 0.3 10 0 0 5337 0.1 50 0 0 30 46.1 43.8 43.8
5337 0.3 10 0 0 5337 0.1 50 0 0 60 53.3 47.5 47.5
5337 0.3 10 0 0 5337 0.1 50 0 0 90 61.1 51.7 51.7
5337 0.3 10 0 0 5337 0.1 50 0 0 120 69.0 55.8 55.8
5337 0.3 10 0 0 5337 0.1 50 0 0 150 73.3 59.7 59.7
5337 0.3 10 0 0 5337 0.1 50 0 0 180 75.2 63.0 63.0
5337 0.3 10 0 0 5337 0.1 60 0 0 0 42.6 44.0 44.0
5337 0.3 10 0 0 5337 0.1 60 0 0 30 45.3 45.9 45.9
5337 0.3 10 0 0 5337 0.1 60 0 0 60 52.3 48.8 48.8
5337 0.3 10 0 0 5337 0.1 60 0 0 90 60.1 52.3 52.3
5337 0.3 10 0 0 5337 0.1 60 0 0 120 67.7 56.3 56.3
5337 0.3 10 0 0 5337 0.1 60 0 0 150 71.6 60.2 60.2
5337 0.3 10 0 0 5337 0.1 60 0 0 180 73.3 63.6 63.6
5337 0.3 10 0 0 5337 0.2 0 0 0 0 41.9 37.3 37.3
5337 0.3 10 0 0 5337 0.2 0 0 0 30 46.7 41.4 41.4
5337 0.3 10 0 0 5337 0.2 0 0 0 60 52.8 47.4 47.4
5337 0.3 10 0 0 5337 0.2 0 0 0 90 59.9 54.5 54.5
5337 0.3 10 0 0 5337 0.2 0 0 0 120 67.6 61.4 61.4
5337 0.3 10 0 0 5337 0.2 0 0 0 150 73.7 66.5 66.5
5337 0.3 10 0 0 5337 0.2 0 0 0 180 76.6 67.5 67.5
5337 0.3 10 0 0 5337 0.2 10 0 0 0 41.8 36.7 36.7
5337 0.3 10 0 0 5337 0.2 10 0 0 30 46.6 41.1 41.1
5337 0.3 10 0 0 5337 0.2 10 0 0 60 52.6 47.2 47.2
5337 0.3 10 0 0 5337 0.2 10 0 0 90 59.7 54.2 54.2
5337 0.3 10 0 0 5337 0.2 10 0 0 120 67.5 60.3 60.3
5337 0.3 10 0 0 5337 0.2 10 0 0 150 73.7 65.3 65.3
5337 0.3 10 0 0 5337 0.2 10 0 0 180 76.6 67.8 67.8
5337 0.3 10 0 0 5337 0.2 20 0 0 0 41.6 36.9 36.9
5337 0.3 10 0 0 5337 0.2 20 0 0 30 46.4 40.5 40.5
5337 0.3 10 0 0 5337 0.2 20 0 0 60 52.4 46.5 46.5
5337 0.3 10 0 0 5337 0.2 20 0 0 90 59.5 52.9 52.9
5337 0.3 10 0 0 5337 0.2 20 0 0 120 67.4 58.4 58.4
5337 0.3 10 0 0 5337 0.2 20 0 0 150 73.5 63.3 63.3
5337 0.3 10 0 0 5337 0.2 20 0 0 180 76.3 66.7 66.7
5337 0.3 10 0 0 5337 0.2 30 0 0 0 41.4 37.7 37.7
5337 0.3 10 0 0 5337 0.2 30 0 0 30 46.0 40.5 40.5
5337 0.3 10 0 0 5337 0.2 30 0 0 60 52.1 44.6 44.6
5337 0.3 10 0 0 5337 0.2 30 0 0 90 59.2 49.5 49.5
5337 0.3 10 0 0 5337 0.2 30 0 0 120 67.1 54.5 54.5
5337 0.3 10 0 0 5337 0.2 30 0 0 150 73.1 59.3 59.3
5337 0.3 10 0 0 5337 0.2 30 0 0 180 75.8 63.2 63.2
5337 0.3 10 0 0 5337 0.2 40 0 0 0 41.1 39.2 39.2
5337 0.3 10 0 0 5337 0.2 40 0 0 30 45.5 41.1 41.1
5337 0.3 10 0 0 5337 0.2 40 0 0 60 51.6 44.5 44.5
5337 0.3 10 0 0 5337 0.2 40 0 0 90 58.7 48.7 48.7
5337 0.3 10 0 0 5337 0.2 40 0 0 120 66.7 53.4 53.4
5337 0.3 10 0 0 5337 0.2 40 0 0 150 72.5 58.1 58.1
5337 0.3 10 0 0 5337 0.2 40 0 0 180 75.1 62.2 62.2
5337 0.3 10 0 0 5337 0.2 50 0 0 0 41.2 41.0 41.0
5337 0.3 10 0 0 5337 0.2 50 0 0 30 44.8 42.4 42.4
5337 0.3 10 0 0 5337 0.2 50 0 0 60 50.9 45.0 45.0
5337 0.3 10 0 0 5337 0.2 50 0 0 90 58.0 48.8 48.8
5337 0.3 10 0 0 5337 0.2 50 0 0 120 66.0 53.2 53.2
5337 0.3 10 0 0 5337 0.2 50 0 0 150 71.5 57.9 57.9
5337 0.3 10 0 0 5337 0.2 50 0 0 180 73.9 62.1 62.1
5337 0.3 10 0 0 5337 0.2 60 0 0 0 41.5 43.2 43.2
5337 0.3 10 0 0 5337 0.2 60 0 0 30 44.1 44.4 44.4
5337 0.3 10 0 0 5337 0.2 60 0 0 60 49.9 46.7 46.7
5337 0.3 10 0 0 5337 0.2 60 0 0 90 57.0 49.7 49.7
5337 0.3 10 0 0 5337 0.2 60 0 0 120 64.9 53.6 53.6
5337 0.3 10 0 0 5337 0.2 60 0 0 150 69.8 58.2 58.2
5337 0.3 10 0 0 5337 0.2 60 0 0 180 71.9 62.5 62.5
5337 0.3 10 0 0 5337 0.3 0 0 0 0 41.2 36.5 36.5
5337 0.3 10 0 0 5337 0.3 0 0 0 30 45.6 40.1 40.1
5337 0.3 10 0 0 5337 0.3 0 0 0 60 50.5 45.0 45.0
5337 0.3 10 0 0 5337 0.3 0 0 0 90 56.8 51.3 51.3
5337 0.3 10 0 0 5337 0.3 0 0 0 120 64.5 58.2 58.2
5337 0.3 10 0 0 5337 0.3 0 0 0 150 71.6 64.4 64.4
5337 0.3 10 0 0 5337 0.3 0 0 0 180 75.0 66.4 66.4
5337 0.3 10 0 0 5337 0.3 10 0 0 0 41.1 35.5 35.5
5337 0.3 10 0 0 5337 0.3 10 0 0 30 45.5 39.9 39.9
5337 0.3 10 0 0 5337 0.3 10 0 0 60 50.4 44.8 44.8
5337 0.3 10 0 0 5337 0.3 10 0 0 90 56.7 51.0 51.0
5337 0.3 10 0 0 5337 0.3 10 0 0 120 64.5 57.2 57.2
5337 0.3 10 0 0 5337 0.3 10 0 0 150 71.6 63.2 63.2
5337 0.3 10 0 0 5337 0.3 10 0 0 180 74.9 66.7 66.7
5337 0.3 10 0 0 5337 0.3 20 0 0 0 40.8 35.8 35.8
5337 0.3 10 0 0 5337 0.3 20 0 0 30 45.2 39.2 39.2
5337 0.3 10 0 0 5337 0.3 20 0 0 60 50.2 44.1 44.1
5337 0.3 10 0 0 5337 0.3 20 0 0 90 56.4 49.6 49.6
5337 0.3 10 0 0 5337 0.3 20 0 0 120 64.3 55.3 55.3
5337 0.3 10 0 0 5337 0.3 20 0 0 150 71.4 61.1 61.1
5337 0.3 10 0 0 5337 0.3 20 0 0 180 74.6 65.6 65.6
5337 0.3 10 0 0 5337 0.3 30 0 0 0 40.5 37.2 37.2
5337 0.3 10 0 0 5337 0.3 30 0 0 30 44.9 38.8 38.8
5337 0.3 10 0 0 5337 0.3 30 0 0 60 49.8 42.3 42.3
5337 0.3 10 0 0 5337 0.3 30 0 0 90 56.1 46.7 46.7
5337 0.3 10 0 0 5337 0.3 30 0 0 120 64.0 51.8 51.8
5337 0.3 10 0 0 5337 0.3 30 0 0 150 71.0 57.5 57.5
5337 0.3 10 0 0 5337 0.3 30 0 0 180 74.2 62.5 62.5
5337 0.3 10 0 0 5337 0.3 40 0 0 0 40.5 38.8 38.8
5337 0.3 10 0 0 5337 0.3 40 0 0 30 44.4 39.8 39.8
5337 0.3 10 0 0 5337 0.3 40 0 0 60 49.3 42.1 42.1
5337 0.3 10 0 0 5337 0.3 40 0 0 90 55.6 46.0 46.0
5337 0.3 10 0 0 5337 0.3 40 0 0 120 63.5 50.8 50.8
5337 0.3 10 0 0 5337 0.3 40 0 0 150 70.4 56.3 56.3
5337 0.3 10 0 0 5337 0.3 40 0 0 180 73.4 61.4 61.4
5337 0.3 10 0 0 5337 0.3 50 0 0 0 40.8 40.5 40.5
5337 0.3 10 0 0 5337 0.3 50 0 0 30 43.9 41.3 41.3
5337 0.3 10 0 0 5337 0.3 50 0 0 60 48.7 43.1 43.1
5337 0.3 10 0 0 5337 0.3 50 0 0 90 54.9 46.0 46.0
5337 0.3 10 0 0 5337 0.3 50 0 0 120 62.8 50.5 50.5
5337 0.3 10 0 0 5337 0.3 50 0 0 150 69.4 55.9 55.9
5337 0.3 10 0 0 5337 0.3 50 0 0 180 72.2 61.3 61.3
5337 0.3 10 0 0 5337 0.3 60 0 0 0 41.3 42.5 42.5
5337 0.3 10 0 0 5337 0.3 60 0 0 30 43.6 43.2 43.2
5337 0.3 10 0 0 5337 0.3 60 0 0 60 47.9 44.8 44.8
5337 0.3 10 0 0 5337 0.3 60 0 0 90 53.9 47.3 47.3
5337 0.3 10 0 0 5337 0.3 60 0 0 120 61.6 50.9 50.9
5337 0.3 10 0 0 5337 0.3 60 0 0 150 67.8 56.1 56.1
5337 0.3 10 0 0 5337 0.3 60 0 0 180 70.1 61.5 61.5
5337 0.3 10 0 0 5337 0.4 0 0 0 0 41.9 36.9 36.9
5337 0.3 10 0 0 5337 0.4 0 0 0 30 44.6 39.2 39.2
5337 0.3 10 0 0 5337 0.4 0 0 0 60 48.5 42.8 42.8
5337 0.3 10 0 0 5337 0.4 0 0 0 90 53.8 48.2 48.2
5337 0.3 10 0 0 5337 0.4 0 0 0 120 61.3 54.8 54.8
5337 0.3 10 0 0 5337 0.4 0 0 0 150 69.2 62.0 62.0
5337 0.3 10 0 0 5337 0.4 0 0 0 180 73.2 65.0 65.0
5337 0.3 10 0 0 5337 0.4 10 0 0 0 41.9 36.1 36.1
5337 0.3 10 0 0 5337 0.4 10 0 0 30 44.5 38.7 38.7
5337 0.3 10 0 0 5337 0.4 10 0 0 60 48.4 42.7 42.7
5337 0.3 10 0 0 5337 0.4 10 0 0 90 53.7 47.8 47.8
5337 0.3 10 0 0 5337 0.4 10 0 0 120 61.2 53.8 53.8
5337 0.3 10 0 0 5337 0.4 10 0 0 150 69.2 60.8 60.8
5337 0.3 10 0 0 5337 0.4 10 0 0 180 73.1 65.0 65.0
5337 0.3 10 0 0 5337 0.4 20 0 0 0 41.8 35.9 35.9
5337 0.3 10 0 0 5337 0.4 20 0 0 30 44.3 38.0 38.0
5337 0.3 10 0 0 5337 0.4 20 0 0 60 48.2 41.8 41.8
5337 0.3 10 0 0 5337 0.4 20 0 0 90 53.5 46.2 46.2
5337 0.3 10 0 0 5337 0.4 20 0 0 120 61.0 51.7 51.7
5337 0.3 10 0 0 5337 0.4 20 0 0 150 69.0 58.5 58.5
5337 0.3 10 0 0 5337 0.4 20 0 0 180 72.8 63.7 63.7
5337 0.3 10 0 0 5337 0.4 30 0 0 0 41.8 37.0 37.0
5337 0.3 10 0 0 5337 0.4 30 0 0 30 44.0 38.0 38.0
5337 0.3 10 0 0 5337 0.4 30 0 0 60 47.8 40.2 40.2
5337 0.3 10 0 0 5337 0.4 30 0 0 90 53.1 44.0 44.0
5337 0.3 10 0 0 5337 0.4 30 0 0 120 60.7 49.1 49.1
5337 0.3 10 0 0 5337 0.4 30 0 0 150 68.6 55.6 55.6
5337 0.3 10 0 0 5337 0.4 30 0 0 180 72.3 61.6 61.6
5337 0.3 10 0 0 5337 0.4 40 0 0 0 41.8 38.4 38.4
5337 0.3 10 0 0 5337 0.4 40 0 0 30 43.8 39.1 39.1
5337 0.3 10 0 0 5337 0.4 40 0 0 60 47.3 40.6 40.6
5337 0.3 10 0 0 5337 0.4 40 0 0 90 52.6 43.4 43.4
5337 0.3 10 0 0 5337 0.4 40 0 0 120 60.2 48.1 48.1
5337 0.3 10 0 0 5337 0.4 40 0 0 150 67.9 54.5 54.5
5337 0.3 10 0 0 5337 0.4 40 0 0 180 71.5 60.9 60.9
5337 0.3 10 0 0 5337 0.4 50 0 0 0 42.0 40.1 40.1
5337 0.3 10 0 0 5337 0.4 50 0 0 30 43.7 40.5 40.5
5337 0.3 10 0 0 5337 0.4 50 0 0 60 46.9 41.7 41.7
5337 0.3 10 0 0 5337 0.4 50 0 0 90 51.9 43.9 43.9
5337 0.3 10 0 0 5337 0.4 50 0 0 120 59.4 47.8 47.8
5337 0.3 10 0 0 5337 0.4 50 0 0 150 67.0 53.9 53.9
5337 0.3 10 0 0 5337 0.4 50 0 0 180 70.2 60.6 60.6
5337 0.3 10 0 0 5337 0.4 60 0 0 0 42.4 41.8 41.8
5337 0.3 10 0 0 5337 0.4 60 0 0 30 43.8 42.2 42.2
5337 0.3 10 0 0 5337 0.4 60 0 0 60 46.7 43.3 43.3
5337 0.3 10 0 0 5337 0.4 60 0 0 90 51.2 45.2 45.2
5337 0.3 10 0 0 5337 0.4 60 0 0 120 58.2 48.4 48.4
5337 0.3 10 0 0 5337 0.4 60 0 0 150 65.3 53.8 53.8
5337 0.3 10 0 0 5337 0.4 60 0 0 180 68.1 60.5 60.5
5337 0.3 10 0 0 5337 0.5 0 0 0 0 43.9 38.2 38.2
5337 0.3 10 0 0 5337 0.5 0 0 0 30 44.7 39.4 39.4
5337 0.3 10 0 0 5337 0.5 0 0 0 60 46.8 41.5 41.5
5337 0.3 10 0 0 5337 0.5 0 0 0 90 51.1 45.1 45.1
5337 0.3 10 0 0 5337 0.5 0 0 0 120 57.8 51.1 51.1
5337 0.3 10 0 0 5337 0.5 0 0 0 150 66.5 59.0 59.0
5337 0.3 10 0 0 5337 0.5 0 0 0 180 71.2 63.0 63.0
5337 0.3 10 0 0 5337 0.5 10 0 0 0 43.9 38.0 38.0
5337 0.3 10 0 0 5337 0.5 10 0 0 30 44.7 38.7 38.7
5337 0.3 10 0 0 5337 0.5 10 0 0 60 46.6 40.7 40.7
5337 0.3 10 0 0 5337 0.5 10 0 0 90 50.9 44.6 44.6
5337 0.3 10 0 0 5337 0.5 10 0 0 120 57.8 50.1 50.1
5337 0.3 10 0 0 5337 0.5 10 0 0 150 66.4 57.8 57.8
5337 0.3 10 0 0 5337 0.5 10 0 0 180 71.1 62.8 62.8
5337 0.3 10 0 0 5337 0.5 20 0 0 0 43.9 37.6 37.6
5337 0.3 10 0 0 5337 0.5 20 0 0 30 44.6 37.9 37.9
5337 0.3 10 0 0 5337 0.5 20 0 0 60 46.5 39.5 39.5
5337 0.3 10 0 0 5337 0.5 20 0 0 90 50.7 42.7 42.7
5337 0.3 10 0 0 5337 0.5 20 0 0 120 57.6 47.8 47.8
5337 0.3 10 0 0 5337 0.5 20 0 0 150 66.2 55.3 55.3
5337 0.3 10 0 0 5337 0.5 20 0 0 180 70.8 61.3 61.3
5337 0.3 10 0 0 5337 0.5 30 0 0 0 43.9 37.8 37.8
5337 0.3 10 0 0 5337 0.5 30 0 0 30 44.6 38.0 38.0
5337 0.3 10 0 0 5337 0.5 30 0 0 60 46.4 39.3 39.3
5337 0.3 10 0 0 5337 0.5 30 0 0 90 50.3 41.6 41.6
5337 0.3 10 0 0 5337 0.5 30 0 0 120 57.2 46.3 46.3
5337 0.3 10 0 0 5337 0.5 30 0 0 150 65.8 53.5 53.5
5337 0.3 10 0 0 5337 0.5 30 0 0 180 70.3 60.5 60.5
5337 0.3 10 0 0 5337 0.5 40 0 0 0 43.9 38.4 38.4
5337 0.3 10 0 0 5337 0.5 40 0 0 30 44.7 38.8 38.8
5337 0.3 10 0 0 5337 0.5 40 0 0 60 46.3 39.8 39.8
5337 0.3 10 0 0 5337 0.5 40 0 0 90 49.9 41.7 41.7
5337 0.3 10 0 0 5337 0.5 40 0 0 120 56.7 45.5 45.5
5337 0.3 10 0 0 5337 0.5 40 0 0 150 65.1 52.5 52.5
5337 0.3 10 0 0 5337 0.5 40 0 0 180 69.4 60.0 60.0
5337 0.3 10 0 0 5337 0.5 50 0 0 0 44.1 39.7 39.7
5337 0.3 10 0 0 5337 0.5 50 0 0 30 44.8 40.0 40.0
5337 0.3 10 0 0 5337 0.5 50 0 0 60 46.3 40.8 40.8
5337 0.3 10 0 0 5337 0.5 50 0 0 90 49.6 42.3 42.3
5337 0.3 10 0 0 5337 0.5 50 0 0 120 55.9 45.5 45.5
5337 0.3 10 0 0 5337 0.5 50 0 0 150 64.1 51.8 51.8
5337 0.3 10 0 0 5337 0.5 50 0 0 180 68.1 59.6 59.6
5337 0.3 10 0 0 5337 0.5 60 0 0 0 44.3 41.1 41.1
5337 0.3 10 0 0 5337 0.5 60 0 0 30 44.9 41.3 41.3
5337 0.3 10 0 0 5337 0.5 60 0 0 60 46.4 42.1 42.1
5337 0.3 10 0 0 5337 0.5 60 0 0 90 49.4 43.4 43.4
5337 0.3 10 0 0 5337 0.5 60 0 0 120 54.9 46.2 46.2
5337 0.3 10 0 0 5337 0.5 60 0 0 150 62.2 51.6 51.6
5337 0.3 10 0 0 5337 0.5 60 0 0 180 65.7 59.5 59.5
