5337 0.2 0 0 0 4737 0.0 0 0 0 0 62.3 55.6 55.6
5337 0.2 0 0 0 4737 0.0 0 0 0 30 62.5 55.6 55.6
5337 0.2 0 0 0 4737 0.0 0 0 0 60 62.5 55.9 55.9
5337 0.2 0 0 0 4737 0.0 0 0 0 90 62.6 55.7 55.7
5337 0.2 0 0 0 4737 0.0 0 0 0 120 62.6 56.0 56.0
5337 0.2 0 0 0 4737 0.0 0 0 0 150 62.4 56.0 56.0
5337 0.2 0 0 0 4737 0.0 0 0 0 180 62.5 56.1 56.1
5337 0.2 0 0 0 4737 0.0 10 0 0 0 62.2 55.4 55.4
5337 0.2 0 0 0 4737 0.0 10 0 0 30 62.4 55.3 55.3
5337 0.2 0 0 0 4737 0.0 10 0 0 60 62.5 55.8 55.8
5337 0.2 0 0 0 4737 0.0 10 0 0 90 62.5 55.3 55.3
5337 0.2 0 0 0 4737 0.0 10 0 0 120 62.6 55.9 55.9
5337 0.2 0 0 0 4737 0.0 10 0 0 150 62.4 55.7 55.7
5337 0.2 0 0 0 4737 0.0 10 0 0 180 62.5 55.9 55.9
5337 0.2 0 0 0 4737 0.0 20 0 0 0 62.1 54.5 54.5
5337 0.2 0 0 0 4737 0.0 20 0 0 30 62.2 54.4 54.4
5337 0.2 0 0 0 4737 0.0 20 0 0 60 62.3 54.8 54.8
5337 0.2 0 0 0 4737 0.0 20 0 0 90 62.3 54.4 54.4
5337 0.2 0 0 0 4737 0.0 20 0 0 120 62.4 55.0 55.0
5337 0.2 0 0 0 4737 0.0 20 0 0 150 62.2 54.9 54.9
5337 0.2 0 0 0 4737 0.0 20 0 0 180 62.3 55.0 55.0
5337 0.2 0 0 0 4737 0.0 30 0 0 0 61.7 52.5 52.5
5337 0.2 0 0 0 4737 0.0 30 0 0 30 61.9 52.6 52.6
5337 0.2 0 0 0 4737 0.0 30 0 0 60 62.0 52.6 52.6
5337 0.2 0 0 0 4737 0.0 30 0 0 90 62.0 52.7 52.7
5337 0.2 0 0 0 4737 0.0 30 0 0 120 62.1 53.0 53.0
5337 0.2 0 0 0 4737 0.0 30 0 0 150 61.8 53.0 53.0
5337 0.2 0 0 0 4737 0.0 30 0 0 180 62.0 53.2 53.2
5337 0.2 0 0 0 4737 0.0 40 0 0 0 61.2 52.5 52.5
5337 0.2 0 0 0 4737 0.0 40 0 0 30 61.4 52.7 52.7
5337 0.2 0 0 0 4737 0.0 40 0 0 60 61.6 52.6 52.6
5337 0.2 0 0 0 4737 0.0 40 0 0 90 61.4 52.7 52.7
5337 0.2 0 0 0 4737 0.0 40 0 0 120 61.6 52.8 52.8
5337 0.2 0 0 0 4737 0.0 40 0 0 150 61.3 53.0 53.0
5337 0.2 0 0 0 4737 0.0 40 0 0 180 61.5 53.2 53.2
5337 0.2 0 0 0 4737 0.0 50 0 0 0 60.4 53.1 53.1
5337 0.2 0 0 0 4737 0.0 50 0 0 30 60.6 53.4 53.4
5337 0.2 0 0 0 4737 0.0 50 0 0 60 60.8 53.3 53.3
5337 0.2 0 0 0 4737 0.0 50 0 0 90 60.6 53.5 53.5
5337 0.2 0 0 0 4737 0.0 50 0 0 120 60.9 53.6 53.6
5337 0.2 0 0 0 4737 0.0 50 0 0 150 60.5 53.8 53.8
5337 0.2 0 0 0 4737 0.0 50 0 0 180 60.7 53.9 53.9
5337 0.2 0 0 0 4737 0.0 60 0 0 0 59.2 54.3 54.3
5337 0.2 0 0 0 4737 0.0 60 0 0 30 59.4 54.3 54.3
5337 0.2 0 0 0 4737 0.0 60 0 0 60 59.5 54.5 54.5
5337 0.2 0 0 0 4737 0.0 60 0 0 90 59.3 54.4 54.4
5337 0.2 0 0 0 4737 0.0 60 0 0 120 59.5 54.6 54.6
5337 0.2 0 0 0 4737 0.0 60 0 0 150 59.2 54.8 54.8
5337 0.2 0 0 0 4737 0.0 60 0 0 180 59.4 54.8 54.8
5337 0.2 0 0 0 4737 0.1 0 0 0 0 61.8 55.1 55.1
5337 0.2 0 0 0 4737 0.1 0 0 0 30 62.1 55.0 55.0
5337 0.2 0 0 0 4737 0.1 0 0 0 60 62.2 55.2 55.2
5337 0.2 0 0 0 4737 0.1 0 0 0 90 62.1 55.2 55.2
5337 0.2 0 0 0 4737 0.1 0 0 0 120 62.3 55.3 55.3
5337 0.2 0 0 0 4737 0.1 0 0 0 150 61.9 55.6 55.6
5337 0.2 0 0 0 4737 0.1 0 0 0 180 62.2 55.5 55.5
5337 0.2 0 0 0 4737 0.1 10 0 0 0 61.7 54.8 54.8
5337 0.2 0 0 0 4737 0.1 10 0 0 30 62.1 54.7 54.7
5337 0.2 0 0 0 4737 0.1 10 0 0 60 62.1 55.1 55.1
5337 0.2 0 0 0 4737 0.1 10 0 0 90 62.0 54.8 54.8
5337 0.2 0 0 0 4737 0.1 10 0 0 120 62.2 55.2 55.2
5337 0.2 0 0 0 4737 0.1 10 0 0 150 61.9 55.3 55.3
5337 0.2 0 0 0 4737 0.1 10 0 0 180 62.2 55.4 55.4
5337 0.2 0 0 0 4737 0.1 20 0 0 0 61.6 53.9 53.9
5337 0.2 0 0 0 4737 0.1 20 0 0 30 61.9 53.7 53.7
5337 0.2 0 0 0 4737 0.1 20 0 0 60 62.0 54.2 54.2
5337 0.2 0 0 0 4737 0.1 20 0 0 90 61.8 53.9 53.9
5337 0.2 0 0 0 4737 0.1 20 0 0 120 62.0 54.3 54.3
5337 0.2 0 0 0 4737 0.1 20 0 0 150 61.7 54.4 54.4
5337 0.2 0 0 0 4737 0.1 20 0 0 180 62.0 54.5 54.5
5337 0.2 0 0 0 4737 0.1 30 0 0 0 61.3 52.0 52.0
5337 0.2 0 0 0 4737 0.1 30 0 0 30 61.5 52.1 52.1
5337 0.2 0 0 0 4737 0.1 30 0 0 60 61.7 52.3 52.3
5337 0.2 0 0 0 4737 0.1 30 0 0 90 61.4 52.1 52.1
5337 0.2 0 0 0 4737 0.1 30 0 0 120 61.7 52.4 52.4
5337 0.2 0 0 0 4737 0.1 30 0 0 150 61.4 52.4 52.4
5337 0.2 0 0 0 4737 0.1 30 0 0 180 61.6 52.7 52.7
5337 0.2 0 0 0 4737 0.1 40 0 0 0 60.8 52.1 52.1
5337 0.2 0 0 0 4737 0.1 40 0 0 30 60.9 52.2 52.2
5337 0.2 0 0 0 4737 0.1 40 0 0 60 61.2 52.3 52.3
5337 0.2 0 0 0 4737 0.1 40 0 0 90 60.9 52.1 52.1
5337 0.2 0 0 0 4737 0.1 40 0 0 120 61.2 52.5 52.5
5337 0.2 0 0 0 4737 0.1 40 0 0 150 60.9 52.3 52.3
5337 0.2 0 0 0 4737 0.1 40 0 0 180 61.1 52.7 52.7
5337 0.2 0 0 0 4737 0.1 50 0 0 0 60.0 52.5 52.5
5337 0.2 0 0 0 4737 0.1 50 0 0 30 60.1 52.9 52.9
5337 0.2 0 0 0 4737 0.1 50 0 0 60 60.5 53.0 53.0
5337 0.2 0 0 0 4737 0.1 50 0 0 90 60.1 52.8 52.8
5337 0.2 0 0 0 4737 0.1 50 0 0 120 60.4 53.2 53.2
5337 0.2 0 0 0 4737 0.1 50 0 0 150 60.1 53.1 53.1
5337 0.2 0 0 0 4737 0.1 50 0 0 180 60.3 53.4 53.4
5337 0.2 0 0 0 4737 0.1 60 0 0 0 58.7 53.7 53.7
5337 0.2 0 0 0 4737 0.1 60 0 0 30 58.8 53.8 53.8
5337 0.2 0 0 0 4737 0.1 60 0 0 60 59.2 53.9 53.9
5337 0.2 0 0 0 4737 0.1 60 0 0 90 58.8 53.9 53.9
5337 0.2 0 0 0 4737 0.1 60 0 0 120 59.0 54.1 54.1
5337 0.2 0 0 0 4737 0.1 60 0 0 150 58.8 54.3 54.3
5337 0.2 0 0 0 4737 0.1 60 0 0 180 59.0 54.4 54.4
5337 0.2 0 0 0 4737 0.2 0 0 0 0 61.5 54.5 54.5
5337 0.2 0 0 0 4737 0.2 0 0 0 30 61.7 54.4 54.4
5337 0.2 0 0 0 4737 0.2 0 0 0 60 61.8 54.5 54.5
5337 0.2 0 0 0 4737 0.2 0 0 0 90 61.7 54.6 54.6
5337 0.2 0 0 0 4737 0.2 0 0 0 120 61.9 54.7 54.7
5337 0.2 0 0 0 4737 0.2 0 0 0 150 61.6 55.0 55.0
5337 0.2 0 0 0 4737 0.2 0 0 0 180 61.8 54.9 54.9
5337 0.2 0 0 0 4737 0.2 10 0 0 0 61.4 54.2 54.2
5337 0.2 0 0 0 4737 0.2 10 0 0 30 61.6 54.3 54.3
5337 0.2 0 0 0 4737 0.2 10 0 0 60 61.8 54.4 54.4
5337 0.2 0 0 0 4737 0.2 10 0 0 90 61.6 54.3 54.3
5337 0.2 0 0 0 4737 0.2 10 0 0 120 61.8 54.5 54.5
5337 0.2 0 0 0 4737 0.2 10 0 0 150 61.6 54.7 54.7
5337 0.2 0 0 0 4737 0.2 10 0 0 180 61.8 54.8 54.8
5337 0.2 0 0 0 4737 0.2 20 0 0 0 61.2 53.3 53.3
5337 0.2 0 0 0 4737 0.2 20 0 0 30 61.4 53.2 53.2
5337 0.2 0 0 0 4737 0.2 20 0 0 60 61.6 53.4 53.4
5337 0.2 0 0 0 4737 0.2 20 0 0 90 61.4 53.4 53.4
5337 0.2 0 0 0 4737 0.2 20 0 0 120 61.6 53.6 53.6
5337 0.2 0 0 0 4737 0.2 20 0 0 150 61.4 53.8 53.8
5337 0.2 0 0 0 4737 0.2 20 0 0 180 61.6 53.9 53.9
5337 0.2 0 0 0 4737 0.2 30 0 0 0 60.9 51.7 51.7
5337 0.2 0 0 0 4737 0.2 30 0 0 30 61.1 51.6 51.6
5337 0.2 0 0 0 4737 0.2 30 0 0 60 61.3 51.9 51.9
5337 0.2 0 0 0 4737 0.2 30 0 0 90 61.1 51.9 51.9
5337 0.2 0 0 0 4737 0.2 30 0 0 120 61.2 51.9 51.9
5337 0.2 0 0 0 4737 0.2 30 0 0 150 61.1 52.1 52.1
5337 0.2 0 0 0 4737 0.2 30 0 0 180 61.2 52.1 52.1
5337 0.2 0 0 0 4737 0.2 40 0 0 0 60.4 51.7 51.7
5337 0.2 0 0 0 4737 0.2 40 0 0 30 60.5 51.8 51.8
5337 0.2 0 0 0 4737 0.2 40 0 0 60 60.8 52.1 52.1
5337 0.2 0 0 0 4737 0.2 40 0 0 90 60.6 51.9 51.9
5337 0.2 0 0 0 4737 0.2 40 0 0 120 60.6 51.9 51.9
5337 0.2 0 0 0 4737 0.2 40 0 0 150 60.6 52.0 52.0
5337 0.2 0 0 0 4737 0.2 40 0 0 180 60.7 52.2 52.2
5337 0.2 0 0 0 4737 0.2 50 0 0 0 59.6 52.1 52.1
5337 0.2 0 0 0 4737 0.2 50 0 0 30 59.7 52.2 52.2
5337 0.2 0 0 0 4737 0.2 50 0 0 60 60.0 52.6 52.6
5337 0.2 0 0 0 4737 0.2 50 0 0 90 59.8 52.4 52.4
5337 0.2 0 0 0 4737 0.2 50 0 0 120 59.8 52.6 52.6
5337 0.2 0 0 0 4737 0.2 50 0 0 150 59.8 52.8 52.8
5337 0.2 0 0 0 4737 0.2 50 0 0 180 59.8 53.0 53.0
5337 0.2 0 0 0 4737 0.2 60 0 0 0 58.3 53.0 53.0
5337 0.2 0 0 0 4737 0.2 60 0 0 30 58.3 53.1 53.1
5337 0.2 0 0 0 4737 0.2 60 0 0 60 58.6 53.4 53.4
5337 0.2 0 0 0 4737 0.2 60 0 0 90 58.5 53.2 53.2
5337 0.2 0 0 0 4737 0.2 60 0 0 120 58.4 53.4 53.4
5337 0.2 0 0 0 4737 0.2 60 0 0 150 58.4 53.6 53.6
5337 0.2 0 0 0 4737 0.2 60 0 0 180 58.5 53.9 53.9
5337 0.2 0 0 0 4737 0.3 0 0 0 0 61.1 53.8 53.8
5337 0.2 0 0 0 4737 0.3 0 0 0 30 61.3 53.9 53.9
5337 0.2 0 0 0 4737 0.3 0 0 0 60 61.4 53.9 53.9
5337 0.2 0 0 0 4737 0.3 0 0 0 90 61.3 53.8 53.8
5337 0.2 0 0 0 4737 0.3 0 0 0 120 61.4 54.1 54.1
5337 0.2 0 0 0 4737 0.3 0 0 0 150 61.3 54.2 54.2
5337 0.2 0 0 0 4737 0.3 0 0 0 180 61.3 54.4 54.4
5337 0.2 0 0 0 4737 0.3 10 0 0 0 61.1 53.6 53.6
5337 0.2 0 0 0 4737 0.3 10 0 0 30 61.2 53.8 53.8
5337 0.2 0 0 0 4737 0.3 10 0 0 60 61.3 53.7 53.7
5337 0.2 0 0 0 4737 0.3 10 0 0 90 61.3 53.5 53.5
5337 0.2 0 0 0 4737 0.3 10 0 0 120 61.3 53.9 53.9
5337 0.2 0 0 0 4737 0.3 10 0 0 150 61.2 53.9 53.9
5337 0.2 0 0 0 4737 0.3 10 0 0 180 61.3 54.2 54.2
5337 0.2 0 0 0 4737 0.3 20 0 0 0 60.9 52.4 52.4
5337 0.2 0 0 0 4737 0.3 20 0 0 30 61.0 52.6 52.6
5337 0.2 0 0 0 4737 0.3 20 0 0 60 61.1 52.6 52.6
5337 0.2 0 0 0 4737 0.3 20 0 0 90 61.1 52.5 52.5
5337 0.2 0 0 0 4737 0.3 20 0 0 120 61.1 52.8 52.8
5337 0.2 0 0 0 4737 0.3 20 0 0 150 61.0 52.9 52.9
5337 0.2 0 0 0 4737 0.3 20 0 0 180 61.1 53.0 53.0
5337 0.2 0 0 0 4737 0.3 30 0 0 0 60.6 51.2 51.2
5337 0.2 0 0 0 4737 0.3 30 0 0 30 60.7 51.3 51.3
5337 0.2 0 0 0 4737 0.3 30 0 0 60 60.7 51.4 51.4
5337 0.2 0 0 0 4737 0.3 30 0 0 90 60.8 51.5 51.5
5337 0.2 0 0 0 4737 0.3 30 0 0 120 60.8 51.6 51.6
5337 0.2 0 0 0 4737 0.3 30 0 0 150 60.7 51.9 51.9
5337 0.2 0 0 0 4737 0.3 30 0 0 180 60.7 51.8 51.8
5337 0.2 0 0 0 4737 0.3 40 0 0 0 60.0 51.4 51.4
5337 0.2 0 0 0 4737 0.3 40 0 0 30 60.2 51.3 51.3
5337 0.2 0 0 0 4737 0.3 40 0 0 60 60.2 51.5 51.5
5337 0.2 0 0 0 4737 0.3 40 0 0 90 60.2 51.8 51.8
5337 0.2 0 0 0 4737 0.3 40 0 0 120 60.2 51.7 51.7
5337 0.2 0 0 0 4737 0.3 40 0 0 150 60.2 52.0 52.0
5337 0.2 0 0 0 4737 0.3 40 0 0 180 60.1 51.9 51.9
5337 0.2 0 0 0 4737 0.3 50 0 0 0 59.3 51.8 51.8
5337 0.2 0 0 0 4737 0.3 50 0 0 30 59.3 51.7 51.7
5337 0.2 0 0 0 4737 0.3 50 0 0 60 59.3 51.9 51.9
5337 0.2 0 0 0 4737 0.3 50 0 0 90 59.4 52.2 52.2
5337 0.2 0 0 0 4737 0.3 50 0 0 120 59.4 52.0 52.0
5337 0.2 0 0 0 4737 0.3 50 0 0 150 59.3 52.6 52.6
5337 0.2 0 0 0 4737 0.3 50 0 0 180 59.3 52.5 52.5
5337 0.2 0 0 0 4737 0.3 60 0 0 0 57.9 52.6 52.6
5337 0.2 0 0 0 4737 0.3 60 0 0 30 57.9 52.6 52.6
5337 0.2 0 0 0 4737 0.3 60 0 0 60 58.0 52.8 52.8
5337 0.2 0 0 0 4737 0.3 60 0 0 90 57.9 52.8 52.8
5337 0.2 0 0 0 4737 0.3 60 0 0 120 57.9 52.6 52.6
5337 0.2 0 0 0 4737 0.3 60 0 0 150 57.8 53.1 53.1
5337 0.2 0 0 0 4737 0.3 60 0 0 180 57.8 53.4 53.4
5337 0.2 0 0 0 4737 0.4 0 0 0 0 60.9 53.0 53.0
5337 0.2 0 0 0 4737 0.4 0 0 0 30 60.9 53.1 53.1
5337 0.2 0 0 0 4737 0.4 0 0 0 60 60.8 53.3 53.3
5337 0.2 0 0 0 4737 0.4 0 0 0 90 60.9 53.1 53.1
5337 0.2 0 0 0 4737 0.4 0 0 0 120 61.0 53.2 53.2
5337 0.2 0 0 0 4737 0.4 0 0 0 150 60.8 53.5 53.5
5337 0.2 0 0 0 4737 0.4 0 0 0 180 60.8 53.7 53.7
5337 0.2 0 0 0 4737 0.4 10 0 0 0 60.8 52.9 52.9
5337 0.2 0 0 0 4737 0.4 10 0 0 30 60.9 53.0 53.0
5337 0.2 0 0 0 4737 0.4 10 0 0 60 60.8 53.1 53.1
5337 0.2 0 0 0 4737 0.4 10 0 0 90 60.8 52.8 52.8
5337 0.2 0 0 0 4737 0.4 10 0 0 120 61.0 53.1 53.1
5337 0.2 0 0 0 4737 0.4 10 0 0 150 60.8 53.1 53.1
5337 0.2 0 0 0 4737 0.4 10 0 0 180 60.7 53.5 53.5
5337 0.2 0 0 0 4737 0.4 20 0 0 0 60.6 51.5 51.5
5337 0.2 0 0 0 4737 0.4 20 0 0 30 60.7 51.6 51.6
5337 0.2 0 0 0 4737 0.4 20 0 0 60 60.6 51.7 51.7
5337 0.2 0 0 0 4737 0.4 20 0 0 90 60.6 51.5 51.5
5337 0.2 0 0 0 4737 0.4 20 0 0 120 60.8 51.7 51.7
5337 0.2 0 0 0 4737 0.4 20 0 0 150 60.5 51.8 51.8
5337 0.2 0 0 0 4737 0.4 20 0 0 180 60.5 52.1 52.1
5337 0.2 0 0 0 4737 0.4 30 0 0 0 60.3 50.9 50.9
5337 0.2 0 0 0 4737 0.4 30 0 0 30 60.4 51.0 51.0
5337 0.2 0 0 0 4737 0.4 30 0 0 60 60.3 51.1 51.1
5337 0.2 0 0 0 4737 0.4 30 0 0 90 60.2 51.1 51.1
5337 0.2 0 0 0 4737 0.4 30 0 0 120 60.4 51.3 51.3
5337 0.2 0 0 0 4737 0.4 30 0 0 150 60.1 51.6 51.6
5337 0.2 0 0 0 4737 0.4 30 0 0 180 60.1 51.6 51.6
5337 0.2 0 0 0 4737 0.4 40 0 0 0 59.7 51.1 51.1
5337 0.2 0 0 0 4737 0.4 40 0 0 30 59.8 51.1 51.1
5337 0.2 0 0 0 4737 0.4 40 0 0 60 59.7 51.1 51.1
5337 0.2 0 0 0 4737 0.4 40 0 0 90 59.6 51.3 51.3
5337 0.2 0 0 0 4737 0.4 40 0 0 120 59.9 51.5 51.5
5337 0.2 0 0 0 4737 0.4 40 0 0 150 59.5 51.7 51.7
5337 0.2 0 0 0 4737 0.4 40 0 0 180 59.6 51.6 51.6
5337 0.2 0 0 0 4737 0.4 50 0 0 0 58.9 51.5 51.5
5337 0.2 0 0 0 4737 0.4 50 0 0 30 59.0 51.4 51.4
5337 0.2 0 0 0 4737 0.4 50 0 0 60 58.9 51.3 51.3
5337 0.2 0 0 0 4737 0.4 50 0 0 90 58.8 51.5 51.5
5337 0.2 0 0 0 4737 0.4 50 0 0 120 59.0 51.8 51.8
5337 0.2 0 0 0 4737 0.4 50 0 0 150 58.7 52.1 52.1
5337 0.2 0 0 0 4737 0.4 50 0 0 180 58.8 52.2 52.2
5337 0.2 0 0 0 4737 0.4 60 0 0 0 57.3 52.4 52.4
5337 0.2 0 0 0 4737 0.4 60 0 0 30 57.3 52.3 52.3
5337 0.2 0 0 0 4737 0.4 60 0 0 60 57.3 52.3 52.3
5337 0.2 0 0 0 4737 0.4 60 0 0 90 57.2 52.4 52.4
5337 0.2 0 0 0 4737 0.4 60 0 0 120 57.2 52.4 52.4
5337 0.2 0 0 0 4737 0.4 60 0 0 150 57.0 52.5 52.5
5337 0.2 0 0 0 4737 0.4 60 0 0 180 57.0 52.7 52.7
5337 0.2 0 0 0 4737 0.5 0 0 0 0 60.5 52.0 52.0
5337 0.2 0 0 0 4737 0.5 0 0 0 30 60.5 52.0 52.0
5337 0.2 0 0 0 4737 0.5 0 0 0 60 60.5 52.0 52.0
5337 0.2 0 0 0 4737 0.5 0 0 0 90 60.4 52.1 52.1
5337 0.2 0 0 0 4737 0.5 0 0 0 120 60.5 52.2 52.2
5337 0.2 0 0 0 4737 0.5 0 0 0 150 60.4 52.5 52.5
5337 0.2 0 0 0 4737 0.5 0 0 0 180 60.3 52.6 52.6
5337 0.2 0 0 0 4737 0.5 10 0 0 0 60.4 51.6 51.6
5337 0.2 0 0 0 4737 0.5 10 0 0 30 60.5 51.6 51.6
5337 0.2 0 0 0 4737 0.5 10 0 0 60 60.4 51.7 51.7
5337 0.2 0 0 0 4737 0.5 10 0 0 90 60.4 51.7 51.7
5337 0.2 0 0 0 4737 0.5 10 0 0 120 60.4 51.8 51.8
5337 0.2 0 0 0 4737 0.5 10 0 0 150 60.3 52.1 52.1
5337 0.2 0 0 0 4737 0.5 10 0 0 180 60.2 52.2 52.2
5337 0.2 0 0 0 4737 0.5 20 0 0 0 60.2 51.0 51.0
5337 0.2 0 0 0 4737 0.5 20 0 0 30 60.3 51.1 51.1
5337 0.2 0 0 0 4737 0.5 20 0 0 60 60.2 51.1 51.1
5337 0.2 0 0 0 4737 0.5 20 0 0 90 60.2 51.1 51.1
5337 0.2 0 0 0 4737 0.5 20 0 0 120 60.2 51.1 51.1
5337 0.2 0 0 0 4737 0.5 20 0 0 150 60.1 51.5 51.5
5337 0.2 0 0 0 4737 0.5 20 0 0 180 60.0 51.8 51.8
5337 0.2 0 0 0 4737 0.5 30 0 0 0 59.8 50.8 50.8
5337 0.2 0 0 0 4737 0.5 30 0 0 30 59.9 50.8 50.8
5337 0.2 0 0 0 4737 0.5 30 0 0 60 59.8 50.9 50.9
5337 0.2 0 0 0 4737 0.5 30 0 0 90 59.8 51.0 51.0
5337 0.2 0 0 0 4737 0.5 30 0 0 120 59.8 51.1 51.1
5337 0.2 0 0 0 4737 0.5 30 0 0 150 59.7 51.6 51.6
5337 0.2 0 0 0 4737 0.5 30 0 0 180 59.7 51.6 51.6
5337 0.2 0 0 0 4737 0.5 40 0 0 0 59.3 50.9 50.9
5337 0.2 0 0 0 4737 0.5 40 0 0 30 59.4 51.0 51.0
5337 0.2 0 0 0 4737 0.5 40 0 0 60 59.3 51.0 51.0
5337 0.2 0 0 0 4737 0.5 40 0 0 90 59.2 51.1 51.1
5337 0.2 0 0 0 4737 0.5 40 0 0 120 59.2 51.3 51.3
5337 0.2 0 0 0 4737 0.5 40 0 0 150 59.1 51.6 51.6
5337 0.2 0 0 0 4737 0.5 40 0 0 180 59.1 51.7 51.7
5337 0.2 0 0 0 4737 0.5 50 0 0 0 58.3 51.2 51.2
5337 0.2 0 0 0 4737 0.5 50 0 0 30 58.4 51.3 51.3
5337 0.2 0 0 0 4737 0.5 50 0 0 60 58.4 51.3 51.3
5337 0.2 0 0 0 4737 0.5 50 0 0 90 58.3 51.1 51.1
5337 0.2 0 0 0 4737 0.5 50 0 0 120 58.3 51.3 51.3
5337 0.2 0 0 0 4737 0.5 50 0 0 150 58.2 51.6 51.6
5337 0.2 0 0 0 4737 0.5 50 0 0 180 58.2 52.0 52.0
5337 0.2 0 0 0 4737 0.5 60 0 0 0 57.0 51.9 51.9
5337 0.2 0 0 0 4737 0.5 60 0 0 30 57.1 52.0 52.0
5337 0.2 0 0 0 4737 0.5 60 0 0 60 57.0 51.9 51.9
5337 0.2 0 0 0 4737 0.5 60 0 0 90 56.9 51.8 51.8
5337 0.2 0 0 0 4737 0.5 60 0 0 120 56.8 51.9 51.9
5337 0.2 0 0 0 4737 0.5 60 0 0 150 56.5 52.0 52.0
5337 0.2 0 0 0 4737 0.5 60 0 0 180 56.5 52.3 52.3
5337 0.2 0 0 0 4937 0.0 0 0 0 0 62.6 55.9 55.9
5337 0.2 0 0 0 4937 0.0 0 0 0 30 62.9 56.3 56.3
5337 0.2 0 0 0 4937 0.0 0 0 0 60 63.1 56.6 56.6
5337 0.2 0 0 0 4937 0.0 0 0 0 90 63.1 56.8 56.8
5337 0.2 0 0 0 4937 0.0 0 0 0 120 63.2 57.0 57.0
5337 0.2 0 0 0 4937 0.0 0 0 0 150 63.1 57.0 57.0
5337 0.2 0 0 0 4937 0.0 0 0 0 180 62.9 56.7 56.7
5337 0.2 0 0 0 4937 0.0 10 0 0 0 62.5 55.7 55.7
5337 0.2 0 0 0 4937 0.0 10 0 0 30 62.9 56.0 56.0
5337 0.2 0 0 0 4937 0.0 10 0 0 60 63.0 56.4 56.4
5337 0.2 0 0 0 4937 0.0 10 0 0 90 63.1 56.6 56.6
5337 0.2 0 0 0 4937 0.0 10 0 0 120 63.1 56.8 56.8
5337 0.2 0 0 0 4937 0.0 10 0 0 150 63.0 56.8 56.8
5337 0.2 0 0 0 4937 0.0 10 0 0 180 62.8 56.6 56.6
5337 0.2 0 0 0 4937 0.0 20 0 0 0 62.4 54.8 54.8
5337 0.2 0 0 0 4937 0.0 20 0 0 30 62.7 55.1 55.1
5337 0.2 0 0 0 4937 0.0 20 0 0 60 62.9 55.5 55.5
5337 0.2 0 0 0 4937 0.0 20 0 0 90 62.9 55.8 55.8
5337 0.2 0 0 0 4937 0.0 20 0 0 120 62.9 56.0 56.0
5337 0.2 0 0 0 4937 0.0 20 0 0 150 62.9 56.0 56.0
5337 0.2 0 0 0 4937 0.0 20 0 0 180 62.7 55.8 55.8
5337 0.2 0 0 0 4937 0.0 30 0 0 0 62.1 52.9 52.9
5337 0.2 0 0 0 4937 0.0 30 0 0 30 62.4 53.2 53.2
5337 0.2 0 0 0 4937 0.0 30 0 0 60 62.6 53.6 53.6
5337 0.2 0 0 0 4937 0.0 30 0 0 90 62.6 54.0 54.0
5337 0.2 0 0 0 4937 0.0 30 0 0 120 62.6 54.1 54.1
5337 0.2 0 0 0 4937 0.0 30 0 0 150 62.5 54.0 54.0
5337 0.2 0 0 0 4937 0.0 30 0 0 180 62.4 53.9 53.9
5337 0.2 0 0 0 4937 0.0 40 0 0 0 61.6 52.7 52.7
5337 0.2 0 0 0 4937 0.0 40 0 0 30 61.9 53.2 53.2
5337 0.2 0 0 0 4937 0.0 40 0 0 60 62.1 53.6 53.6
5337 0.2 0 0 0 4937 0.0 40 0 0 90 62.1 54.0 54.0
5337 0.2 0 0 0 4937 0.0 40 0 0 120 62.1 54.2 54.2
5337 0.2 0 0 0 4937 0.0 40 0 0 150 62.1 54.1 54.1
5337 0.2 0 0 0 4937 0.0 40 0 0 180 61.9 53.9 53.9
5337 0.2 0 0 0 4937 0.0 50 0 0 0 60.9 53.4 53.4
5337 0.2 0 0 0 4937 0.0 50 0 0 30 61.2 53.7 53.7
5337 0.2 0 0 0 4937 0.0 50 0 0 60 61.4 54.0 54.0
5337 0.2 0 0 0 4937 0.0 50 0 0 90 61.4 54.3 54.3
5337 0.2 0 0 0 4937 0.0 50 0 0 120 61.4 54.5 54.5
5337 0.2 0 0 0 4937 0.0 50 0 0 150 61.4 54.6 54.6
5337 0.2 0 0 0 4937 0.0 50 0 0 180 61.2 54.5 54.5
5337 0.2 0 0 0 4937 0.0 60 0 0 0 59.7 54.5 54.5
5337 0.2 0 0 0 4937 0.0 60 0 0 30 60.0 54.7 54.7
5337 0.2 0 0 0 4937 0.0 60 0 0 60 60.1 54.9 54.9
5337 0.2 0 0 0 4937 0.0 60 0 0 90 60.1 55.3 55.3
5337 0.2 0 0 0 4937 0.0 60 0 0 120 60.2 55.4 55.4
5337 0.2 0 0 0 4937 0.0 60 0 0 150 60.2 55.5 55.5
5337 0.2 0 0 0 4937 0.0 60 0 0 180 60.0 55.5 55.5
5337 0.2 0 0 0 4937 0.1 0 0 0 0 62.2 55.3 55.3
5337 0.2 0 0 0 4937 0.1 0 0 0 30 62.6 55.6 55.6
5337 0.2 0 0 0 4937 0.1 0 0 0 60 62.6 55.9 55.9
5337 0.2 0 0 0 4937 0.1 0 0 0 90 62.8 56.2 56.2
5337 0.2 0 0 0 4937 0.1 0 0 0 120 62.8 56.4 56.4
5337 0.2 0 0 0 4937 0.1 0 0 0 150 62.6 56.4 56.4
5337 0.2 0 0 0 4937 0.1 0 0 0 180 62.4 56.2 56.2
5337 0.2 0 0 0 4937 0.1 10 0 0 0 62.2 55.1 55.1
5337 0.2 0 0 0 4937 0.1 10 0 0 30 62.5 55.4 55.4
5337 0.2 0 0 0 4937 0.1 10 0 0 60 62.5 55.7 55.7
5337 0.2 0 0 0 4937 0.1 10 0 0 90 62.8 56.0 56.0
5337 0.2 0 0 0 4937 0.1 10 0 0 120 62.7 56.2 56.2
5337 0.2 0 0 0 4937 0.1 10 0 0 150 62.5 56.3 56.3
5337 0.2 0 0 0 4937 0.1 10 0 0 180 62.4 56.1 56.1
5337 0.2 0 0 0 4937 0.1 20 0 0 0 62.0 54.2 54.2
5337 0.2 0 0 0 4937 0.1 20 0 0 30 62.3 54.5 54.5
5337 0.2 0 0 0 4937 0.1 20 0 0 60 62.4 54.8 54.8
5337 0.2 0 0 0 4937 0.1 20 0 0 90 62.6 55.1 55.1
5337 0.2 0 0 0 4937 0.1 20 0 0 120 62.5 55.4 55.4
5337 0.2 0 0 0 4937 0.1 20 0 0 150 62.4 55.5 55.5
5337 0.2 0 0 0 4937 0.1 20 0 0 180 62.2 55.3 55.3
5337 0.2 0 0 0 4937 0.1 30 0 0 0 61.7 52.1 52.1
5337 0.2 0 0 0 4937 0.1 30 0 0 30 62.0 52.4 52.4
5337 0.2 0 0 0 4937 0.1 30 0 0 60 62.1 52.8 52.8
5337 0.2 0 0 0 4937 0.1 30 0 0 90 62.2 53.2 53.2
5337 0.2 0 0 0 4937 0.1 30 0 0 120 62.2 53.6 53.6
5337 0.2 0 0 0 4937 0.1 30 0 0 150 62.1 53.7 53.7
5337 0.2 0 0 0 4937 0.1 30 0 0 180 61.9 53.5 53.5
5337 0.2 0 0 0 4937 0.1 40 0 0 0 61.3 52.1 52.1
5337 0.2 0 0 0 4937 0.1 40 0 0 30 61.5 52.4 52.4
5337 0.2 0 0 0 4937 0.1 40 0 0 60 61.6 52.7 52.7
5337 0.2 0 0 0 4937 0.1 40 0 0 90 61.7 53.3 53.3
5337 0.2 0 0 0 4937 0.1 40 0 0 120 61.7 53.6 53.6
5337 0.2 0 0 0 4937 0.1 40 0 0 150 61.6 53.8 53.8
5337 0.2 0 0 0 4937 0.1 40 0 0 180 61.5 53.6 53.6
5337 0.2 0 0 0 4937 0.1 50 0 0 0 60.6 52.8 52.8
5337 0.2 0 0 0 4937 0.1 50 0 0 30 60.7 53.0 53.0
5337 0.2 0 0 0 4937 0.1 50 0 0 60 60.9 53.2 53.2
5337 0.2 0 0 0 4937 0.1 50 0 0 90 61.0 53.7 53.7
5337 0.2 0 0 0 4937 0.1 50 0 0 120 61.0 53.9 53.9
5337 0.2 0 0 0 4937 0.1 50 0 0 150 60.9 54.1 54.1
5337 0.2 0 0 0 4937 0.1 50 0 0 180 60.7 54.1 54.1
5337 0.2 0 0 0 4937 0.1 60 0 0 0 59.3 54.2 54.2
5337 0.2 0 0 0 4937 0.1 60 0 0 30 59.5 54.2 54.2
5337 0.2 0 0 0 4937 0.1 60 0 0 60 59.6 54.4 54.4
5337 0.2 0 0 0 4937 0.1 60 0 0 90 59.7 54.6 54.6
5337 0.2 0 0 0 4937 0.1 60 0 0 120 59.7 54.8 54.8
5337 0.2 0 0 0 4937 0.1 60 0 0 150 59.7 55.0 55.0
5337 0.2 0 0 0 4937 0.1 60 0 0 180 59.5 54.9 54.9
5337 0.2 0 0 0 4937 0.2 0 0 0 0 61.9 54.7 54.7
5337 0.2 0 0 0 4937 0.2 0 0 0 30 62.1 54.9 54.9
5337 0.2 0 0 0 4937 0.2 0 0 0 60 62.3 55.3 55.3
5337 0.2 0 0 0 4937 0.2 0 0 0 90 62.3 55.5 55.5
5337 0.2 0 0 0 4937 0.2 0 0 0 120 62.3 55.8 55.8
5337 0.2 0 0 0 4937 0.2 0 0 0 150 62.3 56.0 56.0
5337 0.2 0 0 0 4937 0.2 0 0 0 180 62.1 55.7 55.7
5337 0.2 0 0 0 4937 0.2 10 0 0 0 61.9 54.5 54.5
5337 0.2 0 0 0 4937 0.2 10 0 0 30 62.0 54.7 54.7
5337 0.2 0 0 0 4937 0.2 10 0 0 60 62.2 55.0 55.0
5337 0.2 0 0 0 4937 0.2 10 0 0 90 62.2 55.3 55.3
5337 0.2 0 0 0 4937 0.2 10 0 0 120 62.3 55.6 55.6
5337 0.2 0 0 0 4937 0.2 10 0 0 150 62.2 55.8 55.8
5337 0.2 0 0 0 4937 0.2 10 0 0 180 62.1 55.6 55.6
5337 0.2 0 0 0 4937 0.2 20 0 0 0 61.7 53.6 53.6
5337 0.2 0 0 0 4937 0.2 20 0 0 30 61.9 53.9 53.9
5337 0.2 0 0 0 4937 0.2 20 0 0 60 62.0 54.1 54.1
5337 0.2 0 0 0 4937 0.2 20 0 0 90 62.1 54.4 54.4
5337 0.2 0 0 0 4937 0.2 20 0 0 120 62.1 54.7 54.7
5337 0.2 0 0 0 4937 0.2 20 0 0 150 62.1 54.8 54.8
5337 0.2 0 0 0 4937 0.2 20 0 0 180 61.9 54.7 54.7
5337 0.2 0 0 0 4937 0.2 30 0 0 0 61.4 51.5 51.5
5337 0.2 0 0 0 4937 0.2 30 0 0 30 61.6 51.7 51.7
5337 0.2 0 0 0 4937 0.2 30 0 0 60 61.7 52.0 52.0
5337 0.2 0 0 0 4937 0.2 30 0 0 90 61.8 52.4 52.4
5337 0.2 0 0 0 4937 0.2 30 0 0 120 61.8 52.9 52.9
5337 0.2 0 0 0 4937 0.2 30 0 0 150 61.7 53.3 53.3
5337 0.2 0 0 0 4937 0.2 30 0 0 180 61.5 53.2 53.2
5337 0.2 0 0 0 4937 0.2 40 0 0 0 60.9 51.5 51.5
5337 0.2 0 0 0 4937 0.2 40 0 0 30 61.1 51.7 51.7
5337 0.2 0 0 0 4937 0.2 40 0 0 60 61.2 52.0 52.0
5337 0.2 0 0 0 4937 0.2 40 0 0 90 61.3 52.4 52.4
5337 0.2 0 0 0 4937 0.2 40 0 0 120 61.3 52.9 52.9
5337 0.2 0 0 0 4937 0.2 40 0 0 150 61.2 53.4 53.4
5337 0.2 0 0 0 4937 0.2 40 0 0 180 61.0 53.3 53.3
5337 0.2 0 0 0 4937 0.2 50 0 0 0 60.2 52.3 52.3
5337 0.2 0 0 0 4937 0.2 50 0 0 30 60.3 52.4 52.4
5337 0.2 0 0 0 4937 0.2 50 0 0 60 60.5 52.7 52.7
5337 0.2 0 0 0 4937 0.2 50 0 0 90 60.5 53.1 53.1
5337 0.2 0 0 0 4937 0.2 50 0 0 120 60.5 53.4 53.4
5337 0.2 0 0 0 4937 0.2 50 0 0 150 60.4 53.7 53.7
5337 0.2 0 0 0 4937 0.2 50 0 0 180 60.2 53.7 53.7
5337 0.2 0 0 0 4937 0.2 60 0 0 0 58.9 53.7 53.7
5337 0.2 0 0 0 4937 0.2 60 0 0 30 59.0 53.9 53.9
5337 0.2 0 0 0 4937 0.2 60 0 0 60 59.2 54.0 54.0
5337 0.2 0 0 0 4937 0.2 60 0 0 90 59.2 54.2 54.2
5337 0.2 0 0 0 4937 0.2 60 0 0 120 59.3 54.4 54.4
5337 0.2 0 0 0 4937 0.2 60 0 0 150 59.2 54.5 54.5
5337 0.2 0 0 0 4937 0.2 60 0 0 180 59.1 54.3 54.3
5337 0.2 0 0 0 4937 0.3 0 0 0 0 61.6 54.1 54.1
5337 0.2 0 0 0 4937 0.3 0 0 0 30 61.7 54.3 54.3
5337 0.2 0 0 0 4937 0.3 0 0 0 60 61.8 54.6 54.6
5337 0.2 0 0 0 4937 0.3 0 0 0 90 62.0 54.8 54.8
5337 0.2 0 0 0 4937 0.3 0 0 0 120 62.0 55.2 55.2
5337 0.2 0 0 0 4937 0.3 0 0 0 150 61.9 55.4 55.4
5337 0.2 0 0 0 4937 0.3 0 0 0 180 61.7 55.1 55.1
5337 0.2 0 0 0 4937 0.3 10 0 0 0 61.5 53.9 53.9
5337 0.2 0 0 0 4937 0.3 10 0 0 30 61.6 54.0 54.0
5337 0.2 0 0 0 4937 0.3 10 0 0 60 61.7 54.4 54.4
5337 0.2 0 0 0 4937 0.3 10 0 0 90 61.9 54.5 54.5
5337 0.2 0 0 0 4937 0.3 10 0 0 120 62.0 55.0 55.0
5337 0.2 0 0 0 4937 0.3 10 0 0 150 61.9 55.2 55.2
5337 0.2 0 0 0 4937 0.3 10 0 0 180 61.7 55.0 55.0
5337 0.2 0 0 0 4937 0.3 20 0 0 0 61.3 53.0 53.0
5337 0.2 0 0 0 4937 0.3 20 0 0 30 61.5 53.1 53.1
5337 0.2 0 0 0 4937 0.3 20 0 0 60 61.5 53.3 53.3
5337 0.2 0 0 0 4937 0.3 20 0 0 90 61.7 53.5 53.5
5337 0.2 0 0 0 4937 0.3 20 0 0 120 61.8 54.0 54.0
5337 0.2 0 0 0 4937 0.3 20 0 0 150 61.6 54.2 54.2
5337 0.2 0 0 0 4937 0.3 20 0 0 180 61.4 54.0 54.0
5337 0.2 0 0 0 4937 0.3 30 0 0 0 61.0 51.2 51.2
5337 0.2 0 0 0 4937 0.3 30 0 0 30 61.1 51.2 51.2
5337 0.2 0 0 0 4937 0.3 30 0 0 60 61.2 51.5 51.5
5337 0.2 0 0 0 4937 0.3 30 0 0 90 61.3 51.7 51.7
5337 0.2 0 0 0 4937 0.3 30 0 0 120 61.4 52.2 52.2
5337 0.2 0 0 0 4937 0.3 30 0 0 150 61.3 52.8 52.8
5337 0.2 0 0 0 4937 0.3 30 0 0 180 61.1 53.0 53.0
5337 0.2 0 0 0 4937 0.3 40 0 0 0 60.5 51.2 51.2
5337 0.2 0 0 0 4937 0.3 40 0 0 30 60.6 51.3 51.3
5337 0.2 0 0 0 4937 0.3 40 0 0 60 60.8 51.5 51.5
5337 0.2 0 0 0 4937 0.3 40 0 0 90 60.8 51.8 51.8
5337 0.2 0 0 0 4937 0.3 40 0 0 120 60.9 52.2 52.2
5337 0.2 0 0 0 4937 0.3 40 0 0 150 60.8 52.8 52.8
5337 0.2 0 0 0 4937 0.3 40 0 0 180 60.5 53.0 53.0
5337 0.2 0 0 0 4937 0.3 50 0 0 0 59.8 51.9 51.9
5337 0.2 0 0 0 4937 0.3 50 0 0 30 59.9 51.9 51.9
5337 0.2 0 0 0 4937 0.3 50 0 0 60 60.0 52.1 52.1
5337 0.2 0 0 0 4937 0.3 50 0 0 90 60.1 52.4 52.4
5337 0.2 0 0 0 4937 0.3 50 0 0 120 60.1 52.8 52.8
5337 0.2 0 0 0 4937 0.3 50 0 0 150 60.0 53.1 53.1
5337 0.2 0 0 0 4937 0.3 50 0 0 180 59.7 53.3 53.3
5337 0.2 0 0 0 4937 0.3 60 0 0 0 58.4 53.1 53.1
5337 0.2 0 0 0 4937 0.3 60 0 0 30 58.6 53.2 53.2
5337 0.2 0 0 0 4937 0.3 60 0 0 60 58.6 53.5 53.5
5337 0.2 0 0 0 4937 0.3 60 0 0 90 58.7 53.6 53.6
5337 0.2 0 0 0 4937 0.3 60 0 0 120 58.7 54.0 54.0
5337 0.2 0 0 0 4937 0.3 60 0 0 150 58.7 54.1 54.1
5337 0.2 0 0 0 4937 0.3 60 0 0 180 58.6 53.9 53.9
5337 0.2 0 0 0 4937 0.4 0 0 0 0 61.2 53.4 53.4
5337 0.2 0 0 0 4937 0.4 0 0 0 30 61.3 53.6 53.6
5337 0.2 0 0 0 4937 0.4 0 0 0 60 61.3 53.8 53.8
5337 0.2 0 0 0 4937 0.4 0 0 0 90 61.5 54.0 54.0
5337 0.2 0 0 0 4937 0.4 0 0 0 120 61.5 54.4 54.4
5337 0.2 0 0 0 4937 0.4 0 0 0 150 61.4 54.7 54.7
5337 0.2 0 0 0 4937 0.4 0 0 0 180 61.2 54.4 54.4
5337 0.2 0 0 0 4937 0.4 10 0 0 0 61.1 53.2 53.2
5337 0.2 0 0 0 4937 0.4 10 0 0 30 61.2 53.4 53.4
5337 0.2 0 0 0 4937 0.4 10 0 0 60 61.3 53.5 53.5
5337 0.2 0 0 0 4937 0.4 10 0 0 90 61.5 53.8 53.8
5337 0.2 0 0 0 4937 0.4 10 0 0 120 61.4 54.1 54.1
5337 0.2 0 0 0 4937 0.4 10 0 0 150 61.3 54.5 54.5
5337 0.2 0 0 0 4937 0.4 10 0 0 180 61.1 54.2 54.2
5337 0.2 0 0 0 4937 0.4 20 0 0 0 61.0 52.0 52.0
5337 0.2 0 0 0 4937 0.4 20 0 0 30 61.0 52.1 52.1
5337 0.2 0 0 0 4937 0.4 20 0 0 60 61.1 52.2 52.2
5337 0.2 0 0 0 4937 0.4 20 0 0 90 61.3 52.5 52.5
5337 0.2 0 0 0 4937 0.4 20 0 0 120 61.3 52.7 52.7
5337 0.2 0 0 0 4937 0.4 20 0 0 150 61.2 53.0 53.0
5337 0.2 0 0 0 4937 0.4 20 0 0 180 60.9 52.9 52.9
5337 0.2 0 0 0 4937 0.4 30 0 0 0 60.7 51.0 51.0
5337 0.2 0 0 0 4937 0.4 30 0 0 30 60.7 51.0 51.0
5337 0.2 0 0 0 4937 0.4 30 0 0 60 60.8 51.1 51.1
5337 0.2 0 0 0 4937 0.4 30 0 0 90 60.9 51.4 51.4
5337 0.2 0 0 0 4937 0.4 30 0 0 120 61.0 51.7 51.7
5337 0.2 0 0 0 4937 0.4 30 0 0 150 60.8 52.3 52.3
5337 0.2 0 0 0 4937 0.4 30 0 0 180 60.6 52.6 52.6
5337 0.2 0 0 0 4937 0.4 40 0 0 0 60.1 51.1 51.1
5337 0.2 0 0 0 4937 0.4 40 0 0 30 60.2 51.0 51.0
5337 0.2 0 0 0 4937 0.4 40 0 0 60 60.3 51.2 51.2
5337 0.2 0 0 0 4937 0.4 40 0 0 90 60.4 51.5 51.5
5337 0.2 0 0 0 4937 0.4 40 0 0 120 60.4 51.7 51.7
5337 0.2 0 0 0 4937 0.4 40 0 0 150 60.3 52.3 52.3
5337 0.2 0 0 0 4937 0.4 40 0 0 180 60.1 52.6 52.6
5337 0.2 0 0 0 4937 0.4 50 0 0 0 59.3 51.7 51.7
5337 0.2 0 0 0 4937 0.4 50 0 0 30 59.5 51.7 51.7
5337 0.2 0 0 0 4937 0.4 50 0 0 60 59.6 51.8 51.8
5337 0.2 0 0 0 4937 0.4 50 0 0 90 59.6 52.1 52.1
5337 0.2 0 0 0 4937 0.4 50 0 0 120 59.6 52.3 52.3
5337 0.2 0 0 0 4937 0.4 50 0 0 150 59.5 52.6 52.6
5337 0.2 0 0 0 4937 0.4 50 0 0 180 59.3 52.8 52.8
5337 0.2 0 0 0 4937 0.4 60 0 0 0 57.6 52.6 52.6
5337 0.2 0 0 0 4937 0.4 60 0 0 30 57.8 52.6 52.6
5337 0.2 0 0 0 4937 0.4 60 0 0 60 57.9 52.8 52.8
5337 0.2 0 0 0 4937 0.4 60 0 0 90 57.9 53.1 53.1
5337 0.2 0 0 0 4937 0.4 60 0 0 120 58.1 53.4 53.4
5337 0.2 0 0 0 4937 0.4 60 0 0 150 58.2 53.7 53.7
5337 0.2 0 0 0 4937 0.4 60 0 0 180 57.9 53.5 53.5
5337 0.2 0 0 0 4937 0.5 0 0 0 0 60.8 52.6 52.6
5337 0.2 0 0 0 4937 0.5 0 0 0 30 60.8 52.7 52.7
5337 0.2 0 0 0 4937 0.5 0 0 0 60 61.0 52.9 52.9
5337 0.2 0 0 0 4937 0.5 0 0 0 90 61.1 53.0 53.0
5337 0.2 0 0 0 4937 0.5 0 0 0 120 61.1 53.4 53.4
5337 0.2 0 0 0 4937 0.5 0 0 0 150 61.0 53.7 53.7
5337 0.2 0 0 0 4937 0.5 0 0 0 180 60.7 53.4 53.4
5337 0.2 0 0 0 4937 0.5 10 0 0 0 60.7 52.2 52.2
5337 0.2 0 0 0 4937 0.5 10 0 0 30 60.8 52.2 52.2
5337 0.2 0 0 0 4937 0.5 10 0 0 60 60.9 52.4 52.4
5337 0.2 0 0 0 4937 0.5 10 0 0 90 61.1 52.7 52.7
5337 0.2 0 0 0 4937 0.5 10 0 0 120 61.0 52.9 52.9
5337 0.2 0 0 0 4937 0.5 10 0 0 150 61.0 53.3 53.3
5337 0.2 0 0 0 4937 0.5 10 0 0 180 60.6 53.1 53.1
5337 0.2 0 0 0 4937 0.5 20 0 0 0 60.6 51.5 51.5
5337 0.2 0 0 0 4937 0.5 20 0 0 30 60.6 51.5 51.5
5337 0.2 0 0 0 4937 0.5 20 0 0 60 60.7 51.6 51.6
5337 0.2 0 0 0 4937 0.5 20 0 0 90 60.9 51.8 51.8
5337 0.2 0 0 0 4937 0.5 20 0 0 120 60.8 51.9 51.9
5337 0.2 0 0 0 4937 0.5 20 0 0 150 60.8 52.3 52.3
5337 0.2 0 0 0 4937 0.5 20 0 0 180 60.4 52.3 52.3
5337 0.2 0 0 0 4937 0.5 30 0 0 0 60.2 50.9 50.9
5337 0.2 0 0 0 4937 0.5 30 0 0 30 60.3 50.9 50.9
5337 0.2 0 0 0 4937 0.5 30 0 0 60 60.4 51.0 51.0
5337 0.2 0 0 0 4937 0.5 30 0 0 90 60.5 51.2 51.2
5337 0.2 0 0 0 4937 0.5 30 0 0 120 60.5 51.4 51.4
5337 0.2 0 0 0 4937 0.5 30 0 0 150 60.4 52.0 52.0
5337 0.2 0 0 0 4937 0.5 30 0 0 180 60.1 52.4 52.4
5337 0.2 0 0 0 4937 0.5 40 0 0 0 59.7 51.1 51.1
5337 0.2 0 0 0 4937 0.5 40 0 0 30 59.8 51.1 51.1
5337 0.2 0 0 0 4937 0.5 40 0 0 60 59.9 51.1 51.1
5337 0.2 0 0 0 4937 0.5 40 0 0 90 60.0 51.3 51.3
5337 0.2 0 0 0 4937 0.5 40 0 0 120 60.0 51.4 51.4
5337 0.2 0 0 0 4937 0.5 40 0 0 150 59.8 52.0 52.0
5337 0.2 0 0 0 4937 0.5 40 0 0 180 59.5 52.4 52.4
5337 0.2 0 0 0 4937 0.5 50 0 0 0 58.8 51.7 51.7
5337 0.2 0 0 0 4937 0.5 50 0 0 30 58.9 51.6 51.6
5337 0.2 0 0 0 4937 0.5 50 0 0 60 59.1 51.6 51.6
5337 0.2 0 0 0 4937 0.5 50 0 0 90 59.1 51.9 51.9
5337 0.2 0 0 0 4937 0.5 50 0 0 120 59.1 52.0 52.0
5337 0.2 0 0 0 4937 0.5 50 0 0 150 59.0 52.4 52.4
5337 0.2 0 0 0 4937 0.5 50 0 0 180 58.7 52.4 52.4
5337 0.2 0 0 0 4937 0.5 60 0 0 0 57.2 52.1 52.1
5337 0.2 0 0 0 4937 0.5 60 0 0 30 57.3 52.2 52.2
5337 0.2 0 0 0 4937 0.5 60 0 0 60 57.4 52.2 52.2
5337 0.2 0 0 0 4937 0.5 60 0 0 90 57.4 52.5 52.5
5337 0.2 0 0 0 4937 0.5 60 0 0 120 57.4 52.7 52.7
5337 0.2 0 0 0 4937 0.5 60 0 0 150 57.4 53.1 53.1
5337 0.2 0 0 0 4937 0.5 60 0 0 180 57.4 53.0 53.0
5337 0.2 0 0 0 5137 0.0 0 0 0 0 63.3 57.0 57.0
5337 0.2 0 0 0 5137 0.0 0 0 0 30 63.2 56.9 56.9
5337 0.2 0 0 0 5137 0.0 0 0 0 60 63.2 56.8 56.8
5337 0.2 0 0 0 5137 0.0 0 0 0 90 63.1 56.7 56.7
5337 0.2 0 0 0 5137 0.0 0 0 0 120 62.9 56.6 56.6
5337 0.2 0 0 0 5137 0.0 0 0 0 150 62.8 56.6 56.6
5337 0.2 0 0 0 5137 0.0 0 0 0 180 62.8 56.6 56.6
5337 0.2 0 0 0 5137 0.0 10 0 0 0 63.2 56.8 56.8
5337 0.2 0 0 0 5137 0.0 10 0 0 30 63.2 56.8 56.8
5337 0.2 0 0 0 5137 0.0 10 0 0 60 63.1 56.7 56.7
5337 0.2 0 0 0 5137 0.0 10 0 0 90 63.0 56.6 56.6
5337 0.2 0 0 0 5137 0.0 10 0 0 120 62.9 56.5 56.5
5337 0.2 0 0 0 5137 0.0 10 0 0 150 62.8 56.4 56.4
5337 0.2 0 0 0 5137 0.0 10 0 0 180 62.8 56.5 56.5
5337 0.2 0 0 0 5137 0.0 20 0 0 0 63.1 56.0 56.0
5337 0.2 0 0 0 5137 0.0 20 0 0 30 63.0 56.0 56.0
5337 0.2 0 0 0 5137 0.0 20 0 0 60 62.9 55.9 55.9
5337 0.2 0 0 0 5137 0.0 20 0 0 90 62.9 55.9 55.9
5337 0.2 0 0 0 5137 0.0 20 0 0 120 62.7 55.8 55.8
5337 0.2 0 0 0 5137 0.0 20 0 0 150 62.6 55.7 55.7
5337 0.2 0 0 0 5137 0.0 20 0 0 180 62.6 55.8 55.8
5337 0.2 0 0 0 5137 0.0 30 0 0 0 62.8 53.2 53.2
5337 0.2 0 0 0 5137 0.0 30 0 0 30 62.7 53.3 53.3
5337 0.2 0 0 0 5137 0.0 30 0 0 60 62.7 53.5 53.5
5337 0.2 0 0 0 5137 0.0 30 0 0 90 62.6 53.9 53.9
5337 0.2 0 0 0 5137 0.0 30 0 0 120 62.5 54.2 54.2
5337 0.2 0 0 0 5137 0.0 30 0 0 150 62.4 54.4 54.4
5337 0.2 0 0 0 5137 0.0 30 0 0 180 62.3 54.8 54.8
5337 0.2 0 0 0 5137 0.0 40 0 0 0 62.3 53.1 53.1
5337 0.2 0 0 0 5137 0.0 40 0 0 30 62.3 53.2 53.2
5337 0.2 0 0 0 5137 0.0 40 0 0 60 62.2 53.4 53.4
5337 0.2 0 0 0 5137 0.0 40 0 0 90 62.1 53.7 53.7
5337 0.2 0 0 0 5137 0.0 40 0 0 120 62.0 54.0 54.0
5337 0.2 0 0 0 5137 0.0 40 0 0 150 62.0 54.2 54.2
5337 0.2 0 0 0 5137 0.0 40 0 0 180 61.9 54.5 54.5
5337 0.2 0 0 0 5137 0.0 50 0 0 0 61.5 54.0 54.0
5337 0.2 0 0 0 5137 0.0 50 0 0 30 61.6 54.1 54.1
5337 0.2 0 0 0 5137 0.0 50 0 0 60 61.6 54.1 54.1
5337 0.2 0 0 0 5137 0.0 50 0 0 90 61.5 54.1 54.1
5337 0.2 0 0 0 5137 0.0 50 0 0 120 61.4 54.4 54.4
5337 0.2 0 0 0 5137 0.0 50 0 0 150 61.3 54.6 54.6
5337 0.2 0 0 0 5137 0.0 50 0 0 180 61.3 54.8 54.8
5337 0.2 0 0 0 5137 0.0 60 0 0 0 60.4 55.8 55.8
5337 0.2 0 0 0 5137 0.0 60 0 0 30 60.5 55.8 55.8
5337 0.2 0 0 0 5137 0.0 60 0 0 60 60.4 55.7 55.7
5337 0.2 0 0 0 5137 0.0 60 0 0 90 60.3 55.6 55.6
5337 0.2 0 0 0 5137 0.0 60 0 0 120 60.3 55.3 55.3
5337 0.2 0 0 0 5137 0.0 60 0 0 150 60.2 55.1 55.1
5337 0.2 0 0 0 5137 0.0 60 0 0 180 60.2 55.0 55.0
5337 0.2 0 0 0 5137 0.1 0 0 0 0 62.9 56.5 56.5
5337 0.2 0 0 0 5137 0.1 0 0 0 30 62.8 56.4 56.4
5337 0.2 0 0 0 5137 0.1 0 0 0 60 62.8 56.3 56.3
5337 0.2 0 0 0 5137 0.1 0 0 0 90 62.7 56.2 56.2
5337 0.2 0 0 0 5137 0.1 0 0 0 120 62.6 56.1 56.1
5337 0.2 0 0 0 5137 0.1 0 0 0 150 62.5 56.0 56.0
5337 0.2 0 0 0 5137 0.1 0 0 0 180 62.5 56.1 56.1
5337 0.2 0 0 0 5137 0.1 10 0 0 0 62.8 56.3 56.3
5337 0.2 0 0 0 5137 0.1 10 0 0 30 62.8 56.2 56.2
5337 0.2 0 0 0 5137 0.1 10 0 0 60 62.7 56.1 56.1
5337 0.2 0 0 0 5137 0.1 10 0 0 90 62.7 56.1 56.1
5337 0.2 0 0 0 5137 0.1 10 0 0 120 62.5 56.0 56.0
5337 0.2 0 0 0 5137 0.1 10 0 0 150 62.4 55.9 55.9
5337 0.2 0 0 0 5137 0.1 10 0 0 180 62.4 55.9 55.9
5337 0.2 0 0 0 5137 0.1 20 0 0 0 62.7 55.4 55.4
5337 0.2 0 0 0 5137 0.1 20 0 0 30 62.6 55.4 55.4
5337 0.2 0 0 0 5137 0.1 20 0 0 60 62.5 55.3 55.3
5337 0.2 0 0 0 5137 0.1 20 0 0 90 62.5 55.2 55.2
5337 0.2 0 0 0 5137 0.1 20 0 0 120 62.4 55.1 55.1
5337 0.2 0 0 0 5137 0.1 20 0 0 150 62.3 55.2 55.2
5337 0.2 0 0 0 5137 0.1 20 0 0 180 62.2 55.3 55.3
5337 0.2 0 0 0 5137 0.1 30 0 0 0 62.3 52.7 52.7
5337 0.2 0 0 0 5137 0.1 30 0 0 30 62.3 52.6 52.6
5337 0.2 0 0 0 5137 0.1 30 0 0 60 62.2 52.6 52.6
5337 0.2 0 0 0 5137 0.1 30 0 0 90 62.2 52.9 52.9
5337 0.2 0 0 0 5137 0.1 30 0 0 120 62.1 53.3 53.3
5337 0.2 0 0 0 5137 0.1 30 0 0 150 62.0 53.7 53.7
5337 0.2 0 0 0 5137 0.1 30 0 0 180 62.0 54.2 54.2
5337 0.2 0 0 0 5137 0.1 40 0 0 0 61.8 52.7 52.7
5337 0.2 0 0 0 5137 0.1 40 0 0 30 61.8 52.7 52.7
5337 0.2 0 0 0 5137 0.1 40 0 0 60 61.8 52.6 52.6
5337 0.2 0 0 0 5137 0.1 40 0 0 90 61.7 52.8 52.8
5337 0.2 0 0 0 5137 0.1 40 0 0 120 61.7 53.1 53.1
5337 0.2 0 0 0 5137 0.1 40 0 0 150 61.6 53.5 53.5
5337 0.2 0 0 0 5137 0.1 40 0 0 180 61.6 53.9 53.9
5337 0.2 0 0 0 5137 0.1 50 0 0 0 61.1 53.6 53.6
5337 0.2 0 0 0 5137 0.1 50 0 0 30 61.1 53.6 53.6
5337 0.2 0 0 0 5137 0.1 50 0 0 60 61.0 53.5 53.5
5337 0.2 0 0 0 5137 0.1 50 0 0 90 61.0 53.4 53.4
5337 0.2 0 0 0 5137 0.1 50 0 0 120 61.0 53.5 53.5
5337 0.2 0 0 0 5137 0.1 50 0 0 150 60.9 53.8 53.8
5337 0.2 0 0 0 5137 0.1 50 0 0 180 60.9 54.2 54.2
5337 0.2 0 0 0 5137 0.1 60 0 0 0 59.8 55.3 55.3
5337 0.2 0 0 0 5137 0.1 60 0 0 30 59.9 55.3 55.3
5337 0.2 0 0 0 5137 0.1 60 0 0 60 59.9 55.1 55.1
5337 0.2 0 0 0 5137 0.1 60 0 0 90 59.9 55.0 55.0
5337 0.2 0 0 0 5137 0.1 60 0 0 120 59.8 54.9 54.9
5337 0.2 0 0 0 5137 0.1 60 0 0 150 59.8 54.7 54.7
5337 0.2 0 0 0 5137 0.1 60 0 0 180 59.8 54.5 54.5
5337 0.2 0 0 0 5137 0.2 0 0 0 0 62.5 55.9 55.9
5337 0.2 0 0 0 5137 0.2 0 0 0 30 62.5 55.9 55.9
5337 0.2 0 0 0 5137 0.2 0 0 0 60 62.4 55.8 55.8
5337 0.2 0 0 0 5137 0.2 0 0 0 90 62.3 55.7 55.7
5337 0.2 0 0 0 5137 0.2 0 0 0 120 62.2 55.6 55.6
5337 0.2 0 0 0 5137 0.2 0 0 0 150 62.1 55.5 55.5
5337 0.2 0 0 0 5137 0.2 0 0 0 180 62.1 55.5 55.5
5337 0.2 0 0 0 5137 0.2 10 0 0 0 62.4 55.7 55.7
5337 0.2 0 0 0 5137 0.2 10 0 0 30 62.4 55.7 55.7
5337 0.2 0 0 0 5137 0.2 10 0 0 60 62.3 55.6 55.6
5337 0.2 0 0 0 5137 0.2 10 0 0 90 62.3 55.5 55.5
5337 0.2 0 0 0 5137 0.2 10 0 0 120 62.2 55.4 55.4
5337 0.2 0 0 0 5137 0.2 10 0 0 150 62.0 55.3 55.3
5337 0.2 0 0 0 5137 0.2 10 0 0 180 62.0 55.3 55.3
5337 0.2 0 0 0 5137 0.2 20 0 0 0 62.2 54.8 54.8
5337 0.2 0 0 0 5137 0.2 20 0 0 30 62.2 54.7 54.7
5337 0.2 0 0 0 5137 0.2 20 0 0 60 62.2 54.6 54.6
5337 0.2 0 0 0 5137 0.2 20 0 0 90 62.1 54.5 54.5
5337 0.2 0 0 0 5137 0.2 20 0 0 120 62.0 54.4 54.4
5337 0.2 0 0 0 5137 0.2 20 0 0 150 61.9 54.5 54.5
5337 0.2 0 0 0 5137 0.2 20 0 0 180 61.9 54.7 54.7
5337 0.2 0 0 0 5137 0.2 30 0 0 0 61.9 52.3 52.3
5337 0.2 0 0 0 5137 0.2 30 0 0 30 61.9 52.2 52.2
5337 0.2 0 0 0 5137 0.2 30 0 0 60 61.8 52.1 52.1
5337 0.2 0 0 0 5137 0.2 30 0 0 90 61.8 52.1 52.1
5337 0.2 0 0 0 5137 0.2 30 0 0 120 61.7 52.4 52.4
5337 0.2 0 0 0 5137 0.2 30 0 0 150 61.6 52.9 52.9
5337 0.2 0 0 0 5137 0.2 30 0 0 180 61.6 53.5 53.5
5337 0.2 0 0 0 5137 0.2 40 0 0 0 61.3 52.4 52.4
5337 0.2 0 0 0 5137 0.2 40 0 0 30 61.3 52.3 52.3
5337 0.2 0 0 0 5137 0.2 40 0 0 60 61.3 52.2 52.2
5337 0.2 0 0 0 5137 0.2 40 0 0 90 61.3 52.1 52.1
5337 0.2 0 0 0 5137 0.2 40 0 0 120 61.2 52.3 52.3
5337 0.2 0 0 0 5137 0.2 40 0 0 150 61.2 52.7 52.7
5337 0.2 0 0 0 5137 0.2 40 0 0 180 61.2 53.2 53.2
5337 0.2 0 0 0 5137 0.2 50 0 0 0 60.5 53.2 53.2
5337 0.2 0 0 0 5137 0.2 50 0 0 30 60.5 53.1 53.1
5337 0.2 0 0 0 5137 0.2 50 0 0 60 60.5 53.0 53.0
5337 0.2 0 0 0 5137 0.2 50 0 0 90 60.6 52.9 52.9
5337 0.2 0 0 0 5137 0.2 50 0 0 120 60.5 52.9 52.9
5337 0.2 0 0 0 5137 0.2 50 0 0 150 60.5 53.0 53.0
5337 0.2 0 0 0 5137 0.2 50 0 0 180 60.6 53.5 53.5
5337 0.2 0 0 0 5137 0.2 60 0 0 0 59.2 54.8 54.8
5337 0.2 0 0 0 5137 0.2 60 0 0 30 59.3 54.7 54.7
5337 0.2 0 0 0 5137 0.2 60 0 0 60 59.3 54.6 54.6
5337 0.2 0 0 0 5137 0.2 60 0 0 90 59.4 54.5 54.5
5337 0.2 0 0 0 5137 0.2 60 0 0 120 59.3 54.4 54.4
5337 0.2 0 0 0 5137 0.2 60 0 0 150 59.3 54.2 54.2
5337 0.2 0 0 0 5137 0.2 60 0 0 180 59.4 54.1 54.1
5337 0.2 0 0 0 5137 0.3 0 0 0 0 62.0 55.3 55.3
5337 0.2 0 0 0 5137 0.3 0 0 0 30 62.0 55.3 55.3
5337 0.2 0 0 0 5137 0.3 0 0 0 60 62.0 55.2 55.2
5337 0.2 0 0 0 5137 0.3 0 0 0 90 61.9 55.1 55.1
5337 0.2 0 0 0 5137 0.3 0 0 0 120 61.8 55.0 55.0
5337 0.2 0 0 0 5137 0.3 0 0 0 150 61.8 54.9 54.9
5337 0.2 0 0 0 5137 0.3 0 0 0 180 61.7 54.9 54.9
5337 0.2 0 0 0 5137 0.3 10 0 0 0 62.0 55.1 55.1
5337 0.2 0 0 0 5137 0.3 10 0 0 30 62.0 55.1 55.1
5337 0.2 0 0 0 5137 0.3 10 0 0 60 61.9 55.0 55.0
5337 0.2 0 0 0 5137 0.3 10 0 0 90 61.9 54.9 54.9
5337 0.2 0 0 0 5137 0.3 10 0 0 120 61.8 54.7 54.7
5337 0.2 0 0 0 5137 0.3 10 0 0 150 61.7 54.7 54.7
5337 0.2 0 0 0 5137 0.3 10 0 0 180 61.7 54.8 54.8
5337 0.2 0 0 0 5137 0.3 20 0 0 0 61.8 54.1 54.1
5337 0.2 0 0 0 5137 0.3 20 0 0 30 61.8 54.0 54.0
5337 0.2 0 0 0 5137 0.3 20 0 0 60 61.7 53.8 53.8
5337 0.2 0 0 0 5137 0.3 20 0 0 90 61.7 53.7 53.7
5337 0.2 0 0 0 5137 0.3 20 0 0 120 61.6 53.5 53.5
5337 0.2 0 0 0 5137 0.3 20 0 0 150 61.6 53.6 53.6
5337 0.2 0 0 0 5137 0.3 20 0 0 180 61.5 54.0 54.0
5337 0.2 0 0 0 5137 0.3 30 0 0 0 61.4 52.0 52.0
5337 0.2 0 0 0 5137 0.3 30 0 0 30 61.4 51.9 51.9
5337 0.2 0 0 0 5137 0.3 30 0 0 60 61.4 51.7 51.7
5337 0.2 0 0 0 5137 0.3 30 0 0 90 61.3 51.5 51.5
5337 0.2 0 0 0 5137 0.3 30 0 0 120 61.3 51.6 51.6
5337 0.2 0 0 0 5137 0.3 30 0 0 150 61.3 52.2 52.2
5337 0.2 0 0 0 5137 0.3 30 0 0 180 61.3 53.0 53.0
5337 0.2 0 0 0 5137 0.3 40 0 0 0 60.8 52.2 52.2
5337 0.2 0 0 0 5137 0.3 40 0 0 30 60.8 52.1 52.1
5337 0.2 0 0 0 5137 0.3 40 0 0 60 60.8 52.0 52.0
5337 0.2 0 0 0 5137 0.3 40 0 0 90 60.8 51.8 51.8
5337 0.2 0 0 0 5137 0.3 40 0 0 120 60.9 51.7 51.7
5337 0.2 0 0 0 5137 0.3 40 0 0 150 60.8 52.1 52.1
5337 0.2 0 0 0 5137 0.3 40 0 0 180 60.9 52.7 52.7
5337 0.2 0 0 0 5137 0.3 50 0 0 0 59.9 53.0 53.0
5337 0.2 0 0 0 5137 0.3 50 0 0 30 60.0 52.9 52.9
5337 0.2 0 0 0 5137 0.3 50 0 0 60 60.0 52.6 52.6
5337 0.2 0 0 0 5137 0.3 50 0 0 90 60.1 52.5 52.5
5337 0.2 0 0 0 5137 0.3 50 0 0 120 60.1 52.4 52.4
5337 0.2 0 0 0 5137 0.3 50 0 0 150 60.2 52.4 52.4
5337 0.2 0 0 0 5137 0.3 50 0 0 180 60.3 52.8 52.8
5337 0.2 0 0 0 5137 0.3 60 0 0 0 58.5 54.3 54.3
5337 0.2 0 0 0 5137 0.3 60 0 0 30 58.6 54.3 54.3
5337 0.2 0 0 0 5137 0.3 60 0 0 60 58.7 54.1 54.1
5337 0.2 0 0 0 5137 0.3 60 0 0 90 58.8 54.0 54.0
5337 0.2 0 0 0 5137 0.3 60 0 0 120 58.9 53.8 53.8
5337 0.2 0 0 0 5137 0.3 60 0 0 150 58.9 53.7 53.7
5337 0.2 0 0 0 5137 0.3 60 0 0 180 59.0 53.6 53.6
5337 0.2 0 0 0 5137 0.4 0 0 0 0 61.5 54.6 54.6
5337 0.2 0 0 0 5137 0.4 0 0 0 30 61.5 54.6 54.6
5337 0.2 0 0 0 5137 0.4 0 0 0 60 61.5 54.5 54.5
5337 0.2 0 0 0 5137 0.4 0 0 0 90 61.5 54.5 54.5
5337 0.2 0 0 0 5137 0.4 0 0 0 120 61.5 54.4 54.4
5337 0.2 0 0 0 5137 0.4 0 0 0 150 61.5 54.3 54.3
5337 0.2 0 0 0 5137 0.4 0 0 0 180 61.4 54.2 54.2
5337 0.2 0 0 0 5137 0.4 10 0 0 0 61.4 54.4 54.4
5337 0.2 0 0 0 5137 0.4 10 0 0 30 61.5 54.4 54.4
5337 0.2 0 0 0 5137 0.4 10 0 0 60 61.5 54.3 54.3
5337 0.2 0 0 0 5137 0.4 10 0 0 90 61.5 54.2 54.2
5337 0.2 0 0 0 5137 0.4 10 0 0 120 61.5 54.0 54.0
5337 0.2 0 0 0 5137 0.4 10 0 0 150 61.4 53.9 53.9
5337 0.2 0 0 0 5137 0.4 10 0 0 180 61.4 54.0 54.0
5337 0.2 0 0 0 5137 0.4 20 0 0 0 61.2 53.1 53.1
5337 0.2 0 0 0 5137 0.4 20 0 0 30 61.2 52.9 52.9
5337 0.2 0 0 0 5137 0.4 20 0 0 60 61.3 52.8 52.8
5337 0.2 0 0 0 5137 0.4 20 0 0 90 61.3 52.5 52.5
5337 0.2 0 0 0 5137 0.4 20 0 0 120 61.3 52.3 52.3
5337 0.2 0 0 0 5137 0.4 20 0 0 150 61.3 52.3 52.3
5337 0.2 0 0 0 5137 0.4 20 0 0 180 61.2 53.1 53.1
5337 0.2 0 0 0 5137 0.4 30 0 0 0 60.8 51.9 51.9
5337 0.2 0 0 0 5137 0.4 30 0 0 30 60.9 51.8 51.8
5337 0.2 0 0 0 5137 0.4 30 0 0 60 60.9 51.6 51.6
5337 0.2 0 0 0 5137 0.4 30 0 0 90 60.9 51.4 51.4
5337 0.2 0 0 0 5137 0.4 30 0 0 120 61.0 51.2 51.2
5337 0.2 0 0 0 5137 0.4 30 0 0 150 61.0 51.6 51.6
5337 0.2 0 0 0 5137 0.4 30 0 0 180 61.0 52.5 52.5
5337 0.2 0 0 0 5137 0.4 40 0 0 0 60.1 52.1 52.1
5337 0.2 0 0 0 5137 0.4 40 0 0 30 60.2 52.0 52.0
5337 0.2 0 0 0 5137 0.4 40 0 0 60 60.3 51.9 51.9
5337 0.2 0 0 0 5137 0.4 40 0 0 90 60.3 51.6 51.6
5337 0.2 0 0 0 5137 0.4 40 0 0 120 60.5 51.5 51.5
5337 0.2 0 0 0 5137 0.4 40 0 0 150 60.5 51.5 51.5
5337 0.2 0 0 0 5137 0.4 40 0 0 180 60.7 52.3 52.3
5337 0.2 0 0 0 5137 0.4 50 0 0 0 59.2 52.9 52.9
5337 0.2 0 0 0 5137 0.4 50 0 0 30 59.3 52.8 52.8
5337 0.2 0 0 0 5137 0.4 50 0 0 60 59.4 52.7 52.7
5337 0.2 0 0 0 5137 0.4 50 0 0 90 59.5 52.5 52.5
5337 0.2 0 0 0 5137 0.4 50 0 0 120 59.7 52.2 52.2
5337 0.2 0 0 0 5137 0.4 50 0 0 150 59.8 52.0 52.0
5337 0.2 0 0 0 5137 0.4 50 0 0 180 60.0 52.2 52.2
5337 0.2 0 0 0 5137 0.4 60 0 0 0 57.8 53.9 53.9
5337 0.2 0 0 0 5137 0.4 60 0 0 30 57.8 53.9 53.9
5337 0.2 0 0 0 5137 0.4 60 0 0 60 57.9 53.8 53.8
5337 0.2 0 0 0 5137 0.4 60 0 0 90 58.1 53.6 53.6
5337 0.2 0 0 0 5137 0.4 60 0 0 120 58.4 53.4 53.4
5337 0.2 0 0 0 5137 0.4 60 0 0 150 58.3 53.1 53.1
5337 0.2 0 0 0 5137 0.4 60 0 0 180 58.5 53.0 53.0
5337 0.2 0 0 0 5137 0.5 0 0 0 0 60.9 53.7 53.7
5337 0.2 0 0 0 5137 0.5 0 0 0 30 61.0 53.7 53.7
5337 0.2 0 0 0 5137 0.5 0 0 0 60 61.0 53.7 53.7
5337 0.2 0 0 0 5137 0.5 0 0 0 90 61.1 53.7 53.7
5337 0.2 0 0 0 5137 0.5 0 0 0 120 61.2 53.6 53.6
5337 0.2 0 0 0 5137 0.5 0 0 0 150 61.2 53.6 53.6
5337 0.2 0 0 0 5137 0.5 0 0 0 180 61.1 53.4 53.4
5337 0.2 0 0 0 5137 0.5 10 0 0 0 60.8 53.5 53.5
5337 0.2 0 0 0 5137 0.5 10 0 0 30 60.9 53.5 53.5
5337 0.2 0 0 0 5137 0.5 10 0 0 60 60.9 53.4 53.4
5337 0.2 0 0 0 5137 0.5 10 0 0 90 61.0 53.3 53.3
5337 0.2 0 0 0 5137 0.5 10 0 0 120 61.1 53.1 53.1
5337 0.2 0 0 0 5137 0.5 10 0 0 150 61.2 52.9 52.9
5337 0.2 0 0 0 5137 0.5 10 0 0 180 61.1 53.2 53.2
5337 0.2 0 0 0 5137 0.5 20 0 0 0 60.6 52.3 52.3
5337 0.2 0 0 0 5137 0.5 20 0 0 30 60.6 52.2 52.2
5337 0.2 0 0 0 5137 0.5 20 0 0 60 60.7 52.1 52.1
5337 0.2 0 0 0 5137 0.5 20 0 0 90 60.8 51.9 51.9
5337 0.2 0 0 0 5137 0.5 20 0 0 120 60.9 51.6 51.6
5337 0.2 0 0 0 5137 0.5 20 0 0 150 61.0 51.3 51.3
5337 0.2 0 0 0 5137 0.5 20 0 0 180 61.0 52.6 52.6
5337 0.2 0 0 0 5137 0.5 30 0 0 0 60.1 51.9 51.9
5337 0.2 0 0 0 5137 0.5 30 0 0 30 60.2 51.8 51.8
5337 0.2 0 0 0 5137 0.5 30 0 0 60 60.3 51.7 51.7
5337 0.2 0 0 0 5137 0.5 30 0 0 90 60.4 51.5 51.5
5337 0.2 0 0 0 5137 0.5 30 0 0 120 60.5 51.3 51.3
5337 0.2 0 0 0 5137 0.5 30 0 0 150 60.7 51.2 51.2
5337 0.2 0 0 0 5137 0.5 30 0 0 180 60.8 52.3 52.3
5337 0.2 0 0 0 5137 0.5 40 0 0 0 59.4 52.3 52.3
5337 0.2 0 0 0 5137 0.5 40 0 0 30 59.5 52.2 52.2
5337 0.2 0 0 0 5137 0.5 40 0 0 60 59.6 52.2 52.2
5337 0.2 0 0 0 5137 0.5 40 0 0 90 59.7 51.9 51.9
5337 0.2 0 0 0 5137 0.5 40 0 0 120 60.0 51.6 51.6
5337 0.2 0 0 0 5137 0.5 40 0 0 150 60.2 51.3 51.3
5337 0.2 0 0 0 5137 0.5 40 0 0 180 60.4 52.0 52.0
5337 0.2 0 0 0 5137 0.5 50 0 0 0 58.4 52.9 52.9
5337 0.2 0 0 0 5137 0.5 50 0 0 30 58.5 52.8 52.8
5337 0.2 0 0 0 5137 0.5 50 0 0 60 58.6 52.7 52.7
5337 0.2 0 0 0 5137 0.5 50 0 0 90 58.8 52.5 52.5
5337 0.2 0 0 0 5137 0.5 50 0 0 120 59.2 52.2 52.2
5337 0.2 0 0 0 5137 0.5 50 0 0 150 59.4 51.9 51.9
5337 0.2 0 0 0 5137 0.5 50 0 0 180 59.6 51.8 51.8
5337 0.2 0 0 0 5137 0.5 60 0 0 0 57.1 53.5 53.5
5337 0.2 0 0 0 5137 0.5 60 0 0 30 57.0 53.5 53.5
5337 0.2 0 0 0 5137 0.5 60 0 0 60 57.1 53.5 53.5
5337 0.2 0 0 0 5137 0.5 60 0 0 90 57.3 53.3 53.3
5337 0.2 0 0 0 5137 0.5 60 0 0 120 57.7 53.1 53.1
5337 0.2 0 0 0 5137 0.5 60 0 0 150 57.7 52.7 52.7
5337 0.2 0 0 0 5137 0.5 60 0 0 180 57.8 52.3 52.3
5337 0.2 0 0 0 5337 0.0 0 0 0 0 43.7 39.0 39.0
5337 0.2 0 0 0 5337 0.0 0 0 0 30 49.6 44.6 44.6
5337 0.2 0 0 0 5337 0.0 0 0 0 60 57.9 52.9 52.9
5337 0.2 0 0 0 5337 0.0 0 0 0 90 66.2 61.2 61.2
5337 0.2 0 0 0 5337 0.0 0 0 0 120 74.1 67.4 67.4
5337 0.2 0 0 0 5337 0.0 0 0 0 150 78.3 69.1 69.1
5337 0.2 0 0 0 5337 0.0 0 0 0 180 78.8 69.2 69.2
5337 0.2 0 0 0 5337 0.0 10 0 0 0 43.7 39.1 39.1
5337 0.2 0 0 0 5337 0.0 10 0 0 30 49.4 44.3 44.3
5337 0.2 0 0 0 5337 0.0 10 0 0 60 57.8 52.7 52.7
5337 0.2 0 0 0 5337 0.0 10 0 0 90 66.1 61.0 61.0
5337 0.2 0 0 0 5337 0.0 10 0 0 120 74.1 66.3 66.3
5337 0.2 0 0 0 5337 0.0 10 0 0 150 78.3 68.8 68.8
5337 0.2 0 0 0 5337 0.0 10 0 0 180 78.7 68.9 68.9
5337 0.2 0 0 0 5337 0.0 20 0 0 0 43.6 39.5 39.5
5337 0.2 0 0 0 5337 0.0 20 0 0 30 49.2 44.4 44.4
5337 0.2 0 0 0 5337 0.0 20 0 0 60 57.5 52.0 52.0
5337 0.2 0 0 0 5337 0.0 20 0 0 90 65.8 59.8 59.8
5337 0.2 0 0 0 5337 0.0 20 0 0 120 73.9 64.3 64.3
5337 0.2 0 0 0 5337 0.0 20 0 0 150 78.0 67.2 67.2
5337 0.2 0 0 0 5337 0.0 20 0 0 180 78.4 67.8 67.8
5337 0.2 0 0 0 5337 0.0 30 0 0 0 43.4 40.3 40.3
5337 0.2 0 0 0 5337 0.0 30 0 0 30 48.9 44.8 44.8
5337 0.2 0 0 0 5337 0.0 30 0 0 60 57.2 50.7 50.7
5337 0.2 0 0 0 5337 0.0 30 0 0 90 65.5 56.2 56.2
5337 0.2 0 0 0 5337 0.0 30 0 0 120 73.7 60.3 60.3
5337 0.2 0 0 0 5337 0.0 30 0 0 150 77.5 63.3 63.3
5337 0.2 0 0 0 5337 0.0 30 0 0 180 78.0 64.6 64.6
5337 0.2 0 0 0 5337 0.0 40 0 0 0 43.0 41.8 41.8
5337 0.2 0 0 0 5337 0.0 40 0 0 30 48.4 45.4 45.4
5337 0.2 0 0 0 5337 0.0 40 0 0 60 56.7 50.5 50.5
5337 0.2 0 0 0 5337 0.0 40 0 0 90 65.0 55.3 55.3
5337 0.2 0 0 0 5337 0.0 40 0 0 120 73.3 59.1 59.1
5337 0.2 0 0 0 5337 0.0 40 0 0 150 76.8 62.1 62.1
5337 0.2 0 0 0 5337 0.0 40 0 0 180 77.3 64.2 64.2
5337 0.2 0 0 0 5337 0.0 50 0 0 0 42.8 43.7 43.7
5337 0.2 0 0 0 5337 0.0 50 0 0 30 47.7 46.3 46.3
5337 0.2 0 0 0 5337 0.0 50 0 0 60 56.0 50.9 50.9
5337 0.2 0 0 0 5337 0.0 50 0 0 90 64.3 55.3 55.3
5337 0.2 0 0 0 5337 0.0 50 0 0 120 72.4 59.0 59.0
5337 0.2 0 0 0 5337 0.0 50 0 0 150 75.6 62.0 62.0
5337 0.2 0 0 0 5337 0.0 50 0 0 180 76.2 64.4 64.4
5337 0.2 0 0 0 5337 0.0 60 0 0 0 42.9 46.2 46.2
5337 0.2 0 0 0 5337 0.0 60 0 0 30 46.7 48.4 48.4
5337 0.2 0 0 0 5337 0.0 60 0 0 60 55.0 51.9 51.9
5337 0.2 0 0 0 5337 0.0 60 0 0 90 63.3 56.0 56.0
5337 0.2 0 0 0 5337 0.0 60 0 0 120 70.6 59.6 59.6
5337 0.2 0 0 0 5337 0.0 60 0 0 150 73.7 62.6 62.6
5337 0.2 0 0 0 5337 0.0 60 0 0 180 74.4 64.8 64.8
5337 0.2 0 0 0 5337 0.1 0 0 0 0 41.8 37.0 37.0
5337 0.2 0 0 0 5337 0.1 0 0 0 30 48.1 43.0 43.0
5337 0.2 0 0 0 5337 0.1 0 0 0 60 55.2 50.1 50.1
5337 0.2 0 0 0 5337 0.1 0 0 0 90 63.0 57.9 57.9
5337 0.2 0 0 0 5337 0.1 0 0 0 120 71.3 64.8 64.8
5337 0.2 0 0 0 5337 0.1 0 0 0 150 76.8 68.6 68.6
5337 0.2 0 0 0 5337 0.1 0 0 0 180 78.7 69.0 69.0
5337 0.2 0 0 0 5337 0.1 10 0 0 0 41.8 37.4 37.4
5337 0.2 0 0 0 5337 0.1 10 0 0 30 48.0 42.8 42.8
5337 0.2 0 0 0 5337 0.1 10 0 0 60 55.1 49.9 49.9
5337 0.2 0 0 0 5337 0.1 10 0 0 90 62.9 57.7 57.7
5337 0.2 0 0 0 5337 0.1 10 0 0 120 71.3 63.7 63.7
5337 0.2 0 0 0 5337 0.1 10 0 0 150 76.8 67.6 67.6
5337 0.2 0 0 0 5337 0.1 10 0 0 180 78.6 68.7 68.7
5337 0.2 0 0 0 5337 0.1 20 0 0 0 41.7 38.3 38.3
5337 0.2 0 0 0 5337 0.1 20 0 0 30 47.7 42.5 42.5
5337 0.2 0 0 0 5337 0.1 20 0 0 60 54.9 49.3 49.3
5337 0.2 0 0 0 5337 0.1 20 0 0 90 62.7 56.6 56.6
5337 0.2 0 0 0 5337 0.1 20 0 0 120 71.1 61.8 61.8
5337 0.2 0 0 0 5337 0.1 20 0 0 150 76.6 65.7 65.7
5337 0.2 0 0 0 5337 0.1 20 0 0 180 78.4 67.6 67.6
5337 0.2 0 0 0 5337 0.1 30 0 0 0 41.5 39.9 39.9
5337 0.2 0 0 0 5337 0.1 30 0 0 30 47.4 42.8 42.8
5337 0.2 0 0 0 5337 0.1 30 0 0 60 54.5 47.8 47.8
5337 0.2 0 0 0 5337 0.1 30 0 0 90 62.3 53.2 53.2
5337 0.2 0 0 0 5337 0.1 30 0 0 120 70.9 57.8 57.8
5337 0.2 0 0 0 5337 0.1 30 0 0 150 76.2 61.7 61.7
5337 0.2 0 0 0 5337 0.1 30 0 0 180 77.9 64.3 64.3
5337 0.2 0 0 0 5337 0.1 40 0 0 0 41.2 41.6 41.6
5337 0.2 0 0 0 5337 0.1 40 0 0 30 46.9 43.5 43.5
5337 0.2 0 0 0 5337 0.1 40 0 0 60 54.0 47.7 47.7
5337 0.2 0 0 0 5337 0.1 40 0 0 90 61.8 52.3 52.3
5337 0.2 0 0 0 5337 0.1 40 0 0 120 70.4 56.6 56.6
5337 0.2 0 0 0 5337 0.1 40 0 0 150 75.5 60.4 60.4
5337 0.2 0 0 0 5337 0.1 40 0 0 180 77.1 63.4 63.4
5337 0.2 0 0 0 5337 0.1 50 0 0 0 41.4 43.5 43.5
5337 0.2 0 0 0 5337 0.1 50 0 0 30 46.2 44.9 44.9
5337 0.2 0 0 0 5337 0.1 50 0 0 60 53.4 48.1 48.1
5337 0.2 0 0 0 5337 0.1 50 0 0 90 61.2 52.3 52.3
5337 0.2 0 0 0 5337 0.1 50 0 0 120 69.7 56.5 56.5
5337 0.2 0 0 0 5337 0.1 50 0 0 150 74.4 60.3 60.3
5337 0.2 0 0 0 5337 0.1 50 0 0 180 76.0 63.5 63.5
5337 0.2 0 0 0 5337 0.1 60 0 0 0 41.8 45.8 45.8
5337 0.2 0 0 0 5337 0.1 60 0 0 30 45.3 47.2 47.2
5337 0.2 0 0 0 5337 0.1 60 0 0 60 52.3 49.7 49.7
5337 0.2 0 0 0 5337 0.1 60 0 0 90 60.1 53.0 53.0
5337 0.2 0 0 0 5337 0.1 60 0 0 120 68.3 56.9 56.9
5337 0.2 0 0 0 5337 0.1 60 0 0 150 72.6 60.7 60.7
5337 0.2 0 0 0 5337 0.1 60 0 0 180 74.1 64.0 64.0
5337 0.2 0 0 0 5337 0.2 0 0 0 0 41.2 36.0 36.0
5337 0.2 0 0 0 5337 0.2 0 0 0 30 46.8 41.6 41.6
5337 0.2 0 0 0 5337 0.2 0 0 0 60 52.8 47.6 47.6
5337 0.2 0 0 0 5337 0.2 0 0 0 90 59.9 54.7 54.7
5337 0.2 0 0 0 5337 0.2 0 0 0 120 68.4 61.9 61.9
5337 0.2 0 0 0 5337 0.2 0 0 0 150 74.9 67.0 67.0
5337 0.2 0 0 0 5337 0.2 0 0 0 180 78.1 68.7 68.7
5337 0.2 0 0 0 5337 0.2 10 0 0 0 41.1 36.5 36.5
5337 0.2 0 0 0 5337 0.2 10 0 0 30 46.7 41.4 41.4
5337 0.2 0 0 0 5337 0.2 10 0 0 60 52.7 47.4 47.4
5337 0.2 0 0 0 5337 0.2 10 0 0 90 59.8 54.5 54.5
5337 0.2 0 0 0 5337 0.2 10 0 0 120 68.3 60.8 60.8
5337 0.2 0 0 0 5337 0.2 10 0 0 150 74.9 65.9 65.9
5337 0.2 0 0 0 5337 0.2 10 0 0 180 78.0 68.5 68.5
5337 0.2 0 0 0 5337 0.2 20 0 0 0 40.9 38.0 38.0
5337 0.2 0 0 0 5337 0.2 20 0 0 30 46.4 40.7 40.7
5337 0.2 0 0 0 5337 0.2 20 0 0 60 52.5 46.7 46.7
5337 0.2 0 0 0 5337 0.2 20 0 0 90 59.6 53.4 53.4
5337 0.2 0 0 0 5337 0.2 20 0 0 120 68.1 59.0 59.0
5337 0.2 0 0 0 5337 0.2 20 0 0 150 74.7 63.9 63.9
5337 0.2 0 0 0 5337 0.2 20 0 0 180 77.7 67.2 67.2
5337 0.2 0 0 0 5337 0.2 30 0 0 0 40.6 39.6 39.6
5337 0.2 0 0 0 5337 0.2 30 0 0 30 46.1 41.1 41.1
5337 0.2 0 0 0 5337 0.2 30 0 0 60 52.1 45.1 45.1
5337 0.2 0 0 0 5337 0.2 30 0 0 90 59.2 50.1 50.1
5337 0.2 0 0 0 5337 0.2 30 0 0 120 67.8 55.1 55.1
5337 0.2 0 0 0 5337 0.2 30 0 0 150 74.3 59.9 59.9
5337 0.2 0 0 0 5337 0.2 30 0 0 180 77.2 63.7 63.7
5337 0.2 0 0 0 5337 0.2 40 0 0 0 40.6 41.3 41.3
5337 0.2 0 0 0 5337 0.2 40 0 0 30 45.6 42.4 42.4
5337 0.2 0 0 0 5337 0.2 40 0 0 60 51.6 45.1 45.1
5337 0.2 0 0 0 5337 0.2 40 0 0 90 58.7 49.3 49.3
5337 0.2 0 0 0 5337 0.2 40 0 0 120 67.4 54.0 54.0
5337 0.2 0 0 0 5337 0.2 40 0 0 150 73.7 58.7 58.7
5337 0.2 0 0 0 5337 0.2 40 0 0 180 76.4 62.7 62.7
5337 0.2 0 0 0 5337 0.2 50 0 0 0 40.9 43.1 43.1
5337 0.2 0 0 0 5337 0.2 50 0 0 30 45.0 44.0 44.0
5337 0.2 0 0 0 5337 0.2 50 0 0 60 50.9 46.1 46.1
5337 0.2 0 0 0 5337 0.2 50 0 0 90 58.0 49.4 49.4
5337 0.2 0 0 0 5337 0.2 50 0 0 120 66.6 53.9 53.9
5337 0.2 0 0 0 5337 0.2 50 0 0 150 72.7 58.4 58.4
5337 0.2 0 0 0 5337 0.2 50 0 0 180 75.2 62.6 62.6
5337 0.2 0 0 0 5337 0.2 60 0 0 0 41.5 45.4 45.4
5337 0.2 0 0 0 5337 0.2 60 0 0 30 44.6 46.1 46.1
5337 0.2 0 0 0 5337 0.2 60 0 0 60 49.9 47.9 47.9
5337 0.2 0 0 0 5337 0.2 60 0 0 90 57.0 50.6 50.6
5337 0.2 0 0 0 5337 0.2 60 0 0 120 65.4 54.3 54.3
5337 0.2 0 0 0 5337 0.2 60 0 0 150 71.0 58.8 58.8
5337 0.2 0 0 0 5337 0.2 60 0 0 180 73.2 63.0 63.0
5337 0.2 0 0 0 5337 0.3 0 0 0 0 41.9 36.6 36.6
5337 0.2 0 0 0 5337 0.3 0 0 0 30 45.6 40.3 40.3
5337 0.2 0 0 0 5337 0.3 0 0 0 60 50.6 45.2 45.2
5337 0.2 0 0 0 5337 0.3 0 0 0 90 56.8 51.5 51.5
5337 0.2 0 0 0 5337 0.3 0 0 0 120 65.2 58.7 58.7
5337 0.2 0 0 0 5337 0.3 0 0 0 150 72.8 65.0 65.0
5337 0.2 0 0 0 5337 0.3 0 0 0 180 76.7 68.2 68.2
5337 0.2 0 0 0 5337 0.3 10 0 0 0 41.9 36.8 36.8
5337 0.2 0 0 0 5337 0.3 10 0 0 30 45.5 40.1 40.1
5337 0.2 0 0 0 5337 0.3 10 0 0 60 50.5 45.0 45.0
5337 0.2 0 0 0 5337 0.3 10 0 0 90 56.7 51.3 51.3
5337 0.2 0 0 0 5337 0.3 10 0 0 120 65.1 57.7 57.7
5337 0.2 0 0 0 5337 0.3 10 0 0 150 72.8 63.8 63.8
5337 0.2 0 0 0 5337 0.3 10 0 0 180 76.6 68.1 68.1
5337 0.2 0 0 0 5337 0.3 20 0 0 0 41.8 37.8 37.8
5337 0.2 0 0 0 5337 0.3 20 0 0 30 45.3 39.8 39.8
5337 0.2 0 0 0 5337 0.3 20 0 0 60 50.2 44.4 44.4
5337 0.2 0 0 0 5337 0.3 20 0 0 90 56.5 50.1 50.1
5337 0.2 0 0 0 5337 0.3 20 0 0 120 64.9 55.8 55.8
5337 0.2 0 0 0 5337 0.3 20 0 0 150 72.6 61.7 61.7
5337 0.2 0 0 0 5337 0.3 20 0 0 180 76.4 66.4 66.4
5337 0.2 0 0 0 5337 0.3 30 0 0 0 41.8 39.4 39.4
5337 0.2 0 0 0 5337 0.3 30 0 0 30 44.9 40.4 40.4
5337 0.2 0 0 0 5337 0.3 30 0 0 60 49.9 42.9 42.9
5337 0.2 0 0 0 5337 0.3 30 0 0 90 56.1 47.2 47.2
5337 0.2 0 0 0 5337 0.3 30 0 0 120 64.6 52.4 52.4
5337 0.2 0 0 0 5337 0.3 30 0 0 150 72.2 58.1 58.1
5337 0.2 0 0 0 5337 0.3 30 0 0 180 75.9 63.0 63.0
5337 0.2 0 0 0 5337 0.3 40 0 0 0 41.8 41.0 41.0
5337 0.2 0 0 0 5337 0.3 40 0 0 30 44.7 41.7 41.7
5337 0.2 0 0 0 5337 0.3 40 0 0 60 49.4 43.4 43.4
5337 0.2 0 0 0 5337 0.3 40 0 0 90 55.7 46.6 46.6
5337 0.2 0 0 0 5337 0.3 40 0 0 120 64.1 51.4 51.4
5337 0.2 0 0 0 5337 0.3 40 0 0 150 71.6 56.9 56.9
5337 0.2 0 0 0 5337 0.3 40 0 0 180 75.1 61.9 61.9
5337 0.2 0 0 0 5337 0.3 50 0 0 0 41.9 42.7 42.7
5337 0.2 0 0 0 5337 0.3 50 0 0 30 44.5 43.2 43.2
5337 0.2 0 0 0 5337 0.3 50 0 0 60 48.7 44.6 44.6
5337 0.2 0 0 0 5337 0.3 50 0 0 90 55.0 47.1 47.1
5337 0.2 0 0 0 5337 0.3 50 0 0 120 63.3 51.2 51.2
5337 0.2 0 0 0 5337 0.3 50 0 0 150 70.6 56.5 56.5
5337 0.2 0 0 0 5337 0.3 50 0 0 180 73.8 61.8 61.8
5337 0.2 0 0 0 5337 0.3 60 0 0 0 42.3 44.7 44.7
5337 0.2 0 0 0 5337 0.3 60 0 0 30 44.4 45.2 45.2
5337 0.2 0 0 0 5337 0.3 60 0 0 60 48.3 46.5 46.5
5337 0.2 0 0 0 5337 0.3 60 0 0 90 54.0 48.5 48.5
5337 0.2 0 0 0 5337 0.3 60 0 0 120 62.1 51.8 51.8
5337 0.2 0 0 0 5337 0.3 60 0 0 150 68.9 56.7 56.7
5337 0.2 0 0 0 5337 0.3 60 0 0 180 71.7 62.0 62.0
5337 0.2 0 0 0 5337 0.4 0 0 0 0 43.9 38.4 38.4
5337 0.2 0 0 0 5337 0.4 0 0 0 30 45.1 39.6 39.6
5337 0.2 0 0 0 5337 0.4 0 0 0 60 48.6 43.1 43.1
5337 0.2 0 0 0 5337 0.4 0 0 0 90 53.9 48.4 48.4
5337 0.2 0 0 0 5337 0.4 0 0 0 120 61.8 55.3 55.3
5337 0.2 0 0 0 5337 0.4 0 0 0 150 70.4 62.5 62.5
5337 0.2 0 0 0 5337 0.4 0 0 0 180 75.1 67.0 67.0
5337 0.2 0 0 0 5337 0.4 10 0 0 0 43.9 38.3 38.3
5337 0.2 0 0 0 5337 0.4 10 0 0 30 45.1 39.7 39.7
5337 0.2 0 0 0 5337 0.4 10 0 0 60 48.5 42.9 42.9
5337 0.2 0 0 0 5337 0.4 10 0 0 90 53.8 48.2 48.2
5337 0.2 0 0 0 5337 0.4 10 0 0 120 61.7 54.3 54.3
5337 0.2 0 0 0 5337 0.4 10 0 0 150 70.3 61.4 61.4
5337 0.2 0 0 0 5337 0.4 10 0 0 180 75.0 66.9 66.9
5337 0.2 0 0 0 5337 0.4 20 0 0 0 43.8 38.3 38.3
5337 0.2 0 0 0 5337 0.4 20 0 0 30 45.0 39.7 39.7
5337 0.2 0 0 0 5337 0.4 20 0 0 60 48.2 42.5 42.5
5337 0.2 0 0 0 5337 0.4 20 0 0 90 53.6 46.7 46.7
5337 0.2 0 0 0 5337 0.4 20 0 0 120 61.5 52.3 52.3
5337 0.2 0 0 0 5337 0.4 20 0 0 150 70.1 59.1 59.1
5337 0.2 0 0 0 5337 0.4 20 0 0 180 74.7 65.2 65.2
5337 0.2 0 0 0 5337 0.4 30 0 0 0 43.8 39.3 39.3
5337 0.2 0 0 0 5337 0.4 30 0 0 30 45.0 40.1 40.1
5337 0.2 0 0 0 5337 0.4 30 0 0 60 47.9 41.7 41.7
5337 0.2 0 0 0 5337 0.4 30 0 0 90 53.2 44.6 44.6
5337 0.2 0 0 0 5337 0.4 30 0 0 120 61.2 49.7 49.7
5337 0.2 0 0 0 5337 0.4 30 0 0 150 69.7 56.2 56.2
5337 0.2 0 0 0 5337 0.4 30 0 0 180 74.2 62.5 62.5
5337 0.2 0 0 0 5337 0.4 40 0 0 0 43.8 40.7 40.7
5337 0.2 0 0 0 5337 0.4 40 0 0 30 45.0 41.3 41.3
5337 0.2 0 0 0 5337 0.4 40 0 0 60 47.7 42.5 42.5
5337 0.2 0 0 0 5337 0.4 40 0 0 90 52.7 44.6 44.6
5337 0.2 0 0 0 5337 0.4 40 0 0 120 60.7 48.8 48.8
5337 0.2 0 0 0 5337 0.4 40 0 0 150 69.1 55.1 55.1
5337 0.2 0 0 0 5337 0.4 40 0 0 180 73.3 61.6 61.6
5337 0.2 0 0 0 5337 0.4 50 0 0 0 43.9 42.3 42.3
5337 0.2 0 0 0 5337 0.4 50 0 0 30 45.1 42.7 42.7
5337 0.2 0 0 0 5337 0.4 50 0 0 60 47.6 43.7 43.7
5337 0.2 0 0 0 5337 0.4 50 0 0 90 52.1 45.4 45.4
5337 0.2 0 0 0 5337 0.4 50 0 0 120 59.9 48.6 48.6
5337 0.2 0 0 0 5337 0.4 50 0 0 150 68.1 54.5 54.5
5337 0.2 0 0 0 5337 0.4 50 0 0 180 72.0 61.1 61.1
5337 0.2 0 0 0 5337 0.4 60 0 0 0 44.1 44.1 44.1
5337 0.2 0 0 0 5337 0.4 60 0 0 30 45.2 44.4 44.4
5337 0.2 0 0 0 5337 0.4 60 0 0 60 47.5 45.3 45.3
5337 0.2 0 0 0 5337 0.4 60 0 0 90 51.7 46.8 46.8
5337 0.2 0 0 0 5337 0.4 60 0 0 120 58.6 49.5 49.5
5337 0.2 0 0 0 5337 0.4 60 0 0 150 66.5 54.4 54.4
5337 0.2 0 0 0 5337 0.4 60 0 0 180 69.9 61.0 61.0
5337 0.2 0 0 0 5337 0.5 0 0 0 0 46.0 40.3 40.3
5337 0.2 0 0 0 5337 0.5 0 0 0 30 46.5 40.8 40.8
5337 0.2 0 0 0 5337 0.5 0 0 0 60 47.7 42.1 42.1
5337 0.2 0 0 0 5337 0.5 0 0 0 90 51.1 45.4 45.4
5337 0.2 0 0 0 5337 0.5 0 0 0 120 58.3 51.5 51.5
5337 0.2 0 0 0 5337 0.5 0 0 0 150 67.5 59.6 59.6
5337 0.2 0 0 0 5337 0.5 0 0 0 180 73.2 65.2 65.2
5337 0.2 0 0 0 5337 0.5 10 0 0 0 46.0 40.3 40.3
5337 0.2 0 0 0 5337 0.5 10 0 0 30 46.5 40.7 40.7
5337 0.2 0 0 0 5337 0.5 10 0 0 60 47.7 41.9 41.9
5337 0.2 0 0 0 5337 0.5 10 0 0 90 51.0 45.0 45.0
5337 0.2 0 0 0 5337 0.5 10 0 0 120 58.2 50.6 50.6
5337 0.2 0 0 0 5337 0.5 10 0 0 150 67.5 58.4 58.4
5337 0.2 0 0 0 5337 0.5 10 0 0 180 73.1 64.9 64.9
5337 0.2 0 0 0 5337 0.5 20 0 0 0 46.0 40.1 40.1
5337 0.2 0 0 0 5337 0.5 20 0 0 30 46.5 40.2 40.2
5337 0.2 0 0 0 5337 0.5 20 0 0 60 47.7 41.3 41.3
5337 0.2 0 0 0 5337 0.5 20 0 0 90 50.8 43.7 43.7
5337 0.2 0 0 0 5337 0.5 20 0 0 120 58.0 48.4 48.4
5337 0.2 0 0 0 5337 0.5 20 0 0 150 67.3 55.9 55.9
5337 0.2 0 0 0 5337 0.5 20 0 0 180 72.8 63.2 63.2
5337 0.2 0 0 0 5337 0.5 30 0 0 0 46.0 40.3 40.3
5337 0.2 0 0 0 5337 0.5 30 0 0 30 46.5 40.3 40.3
5337 0.2 0 0 0 5337 0.5 30 0 0 60 47.7 41.4 41.4
5337 0.2 0 0 0 5337 0.5 30 0 0 90 50.6 43.2 43.2
5337 0.2 0 0 0 5337 0.5 30 0 0 120 57.6 46.9 46.9
5337 0.2 0 0 0 5337 0.5 30 0 0 150 66.8 54.1 54.1
5337 0.2 0 0 0 5337 0.5 30 0 0 180 72.2 62.0 62.0
5337 0.2 0 0 0 5337 0.5 40 0 0 0 46.0 40.9 40.9
5337 0.2 0 0 0 5337 0.5 40 0 0 30 46.6 41.2 41.2
5337 0.2 0 0 0 5337 0.5 40 0 0 60 47.7 42.0 42.0
5337 0.2 0 0 0 5337 0.5 40 0 0 90 50.4 43.5 43.5
5337 0.2 0 0 0 5337 0.5 40 0 0 120 57.0 46.5 46.5
5337 0.2 0 0 0 5337 0.5 40 0 0 150 66.2 53.1 53.1
5337 0.2 0 0 0 5337 0.5 40 0 0 180 71.4 61.2 61.2
5337 0.2 0 0 0 5337 0.5 50 0 0 0 46.1 42.1 42.1
5337 0.2 0 0 0 5337 0.5 50 0 0 30 46.7 42.4 42.4
5337 0.2 0 0 0 5337 0.5 50 0 0 60 47.8 43.0 43.0
5337 0.2 0 0 0 5337 0.5 50 0 0 90 50.3 44.3 44.3
5337 0.2 0 0 0 5337 0.5 50 0 0 120 56.3 46.8 46.8
5337 0.2 0 0 0 5337 0.5 50 0 0 150 65.2 52.5 52.5
5337 0.2 0 0 0 5337 0.5 50 0 0 180 70.0 60.5 60.5
5337 0.2 0 0 0 5337 0.5 60 0 0 0 46.3 43.5 43.5
5337 0.2 0 0 0 5337 0.5 60 0 0 30 46.8 43.7 43.7
5337 0.2 0 0 0 5337 0.5 60 0 0 60 48.0 44.3 44.3
5337 0.2 0 0 0 5337 0.5 60 0 0 90 50.3 45.4 45.4
5337 0.2 0 0 0 5337 0.5 60 0 0 120 55.6 47.6 47.6
5337 0.2 0 0 0 5337 0.5 60 0 0 150 63.3 52.4 52.4
5337 0.2 0 0 0 5337 0.5 60 0 0 180 67.6 60.3 60.3
