4737 0.2 0 0 0 4737 0.0 0 0 0 0 42.5 36.9 36.9
4737 0.2 0 0 0 4737 0.0 0 0 0 30 48.2 42.3 42.3
4737 0.2 0 0 0 4737 0.0 0 0 0 60 56.5 50.6 50.6
4737 0.2 0 0 0 4737 0.0 0 0 0 90 64.8 58.9 58.9
4737 0.2 0 0 0 4737 0.0 0 0 0 120 72.3 63.9 63.9
4737 0.2 0 0 0 4737 0.0 0 0 0 150 75.9 64.8 64.8
4737 0.2 0 0 0 4737 0.0 0 0 0 180 76.0 64.9 64.9
4737 0.2 0 0 0 4737 0.0 10 0 0 0 42.4 36.9 36.9
4737 0.2 0 0 0 4737 0.0 10 0 0 30 48.1 42.1 42.1
4737 0.2 0 0 0 4737 0.0 10 0 0 60 56.4 50.4 50.4
4737 0.2 0 0 0 4737 0.0 10 0 0 90 64.7 58.3 58.3
4737 0.2 0 0 0 4737 0.0 10 0 0 120 72.3 62.8 62.8
4737 0.2 0 0 0 4737 0.0 10 0 0 150 75.8 64.4 64.4
4737 0.2 0 0 0 4737 0.0 10 0 0 180 75.9 64.5 64.5
4737 0.2 0 0 0 4737 0.0 20 0 0 0 42.3 37.3 37.3
4737 0.2 0 0 0 4737 0.0 20 0 0 30 47.8 42.1 42.1
4737 0.2 0 0 0 4737 0.0 20 0 0 60 56.1 49.5 49.5
4737 0.2 0 0 0 4737 0.0 20 0 0 90 64.5 56.5 56.5
4737 0.2 0 0 0 4737 0.0 20 0 0 120 72.1 60.5 60.5
4737 0.2 0 0 0 4737 0.0 20 0 0 150 75.5 62.8 62.8
4737 0.2 0 0 0 4737 0.0 20 0 0 180 75.6 63.1 63.1
4737 0.2 0 0 0 4737 0.0 30 0 0 0 42.0 38.1 38.1
4737 0.2 0 0 0 4737 0.0 30 0 0 30 47.4 42.5 42.5
4737 0.2 0 0 0 4737 0.0 30 0 0 60 55.7 48.0 48.0
4737 0.2 0 0 0 4737 0.0 30 0 0 90 64.0 52.9 52.9
4737 0.2 0 0 0 4737 0.0 30 0 0 120 71.8 56.7 56.7
4737 0.2 0 0 0 4737 0.0 30 0 0 150 75.0 59.3 59.3
4737 0.2 0 0 0 4737 0.0 30 0 0 180 75.1 60.1 60.1
4737 0.2 0 0 0 4737 0.0 40 0 0 0 41.6 39.7 39.7
4737 0.2 0 0 0 4737 0.0 40 0 0 30 46.8 43.0 43.0
4737 0.2 0 0 0 4737 0.0 40 0 0 60 55.1 47.9 47.9
4737 0.2 0 0 0 4737 0.0 40 0 0 90 63.5 52.2 52.2
4737 0.2 0 0 0 4737 0.0 40 0 0 120 71.2 55.8 55.8
4737 0.2 0 0 0 4737 0.0 40 0 0 150 74.1 58.6 58.6
4737 0.2 0 0 0 4737 0.0 40 0 0 180 74.3 60.2 60.2
4737 0.2 0 0 0 4737 0.0 50 0 0 0 41.3 41.4 41.4
4737 0.2 0 0 0 4737 0.0 50 0 0 30 46.0 43.8 43.8
4737 0.2 0 0 0 4737 0.0 50 0 0 60 54.3 48.2 48.2
4737 0.2 0 0 0 4737 0.0 50 0 0 90 62.6 52.3 52.3
4737 0.2 0 0 0 4737 0.0 50 0 0 120 70.2 55.8 55.8
4737 0.2 0 0 0 4737 0.0 50 0 0 150 72.7 58.7 58.7
4737 0.2 0 0 0 4737 0.0 50 0 0 180 73.0 60.8 60.8
4737 0.2 0 0 0 4737 0.0 60 0 0 0 41.4 43.6 43.6
4737 0.2 0 0 0 4737 0.0 60 0 0 30 44.9 45.6 45.6
4737 0.2 0 0 0 4737 0.0 60 0 0 60 53.1 49.0 49.0
4737 0.2 0 0 0 4737 0.0 60 0 0 90 61.4 52.9 52.9
4737 0.2 0 0 0 4737 0.0 60 0 0 120 68.0 56.3 56.3
4737 0.2 0 0 0 4737 0.0 60 0 0 150 70.5 59.2 59.2
4737 0.2 0 0 0 4737 0.0 60 0 0 180 70.9 61.5 61.5
4737 0.2 0 0 0 4737 0.1 0 0 0 0 40.5 34.8 34.8
4737 0.2 0 0 0 4737 0.1 0 0 0 30 46.7 40.7 40.7
4737 0.2 0 0 0 4737 0.1 0 0 0 60 53.9 47.9 47.9
4737 0.2 0 0 0 4737 0.1 0 0 0 90 61.7 55.6 55.6
4737 0.2 0 0 0 4737 0.1 0 0 0 120 69.6 61.6 61.6
4737 0.2 0 0 0 4737 0.1 0 0 0 150 74.6 64.6 64.6
4737 0.2 0 0 0 4737 0.1 0 0 0 180 76.0 64.6 64.6
4737 0.2 0 0 0 4737 0.1 10 0 0 0 40.5 35.2 35.2
4737 0.2 0 0 0 4737 0.1 10 0 0 30 46.6 40.5 40.5
4737 0.2 0 0 0 4737 0.1 10 0 0 60 53.8 47.6 47.6
4737 0.2 0 0 0 4737 0.1 10 0 0 90 61.6 55.1 55.1
4737 0.2 0 0 0 4737 0.1 10 0 0 120 69.6 60.4 60.4
4737 0.2 0 0 0 4737 0.1 10 0 0 150 74.5 63.8 63.8
4737 0.2 0 0 0 4737 0.1 10 0 0 180 75.9 64.3 64.3
4737 0.2 0 0 0 4737 0.1 20 0 0 0 40.3 36.2 36.2
4737 0.2 0 0 0 4737 0.1 20 0 0 30 46.4 40.2 40.2
4737 0.2 0 0 0 4737 0.1 20 0 0 60 53.5 46.8 46.8
4737 0.2 0 0 0 4737 0.1 20 0 0 90 61.3 53.3 53.3
4737 0.2 0 0 0 4737 0.1 20 0 0 120 69.4 58.1 58.1
4737 0.2 0 0 0 4737 0.1 20 0 0 150 74.3 61.6 61.6
4737 0.2 0 0 0 4737 0.1 20 0 0 180 75.6 62.9 62.9
4737 0.2 0 0 0 4737 0.1 30 0 0 0 40.1 37.7 37.7
4737 0.2 0 0 0 4737 0.1 30 0 0 30 45.9 40.4 40.4
4737 0.2 0 0 0 4737 0.1 30 0 0 60 53.1 45.1 45.1
4737 0.2 0 0 0 4737 0.1 30 0 0 90 60.9 49.9 49.9
4737 0.2 0 0 0 4737 0.1 30 0 0 120 69.1 54.3 54.3
4737 0.2 0 0 0 4737 0.1 30 0 0 150 73.8 57.9 57.9
4737 0.2 0 0 0 4737 0.1 30 0 0 180 75.1 60.0 60.0
4737 0.2 0 0 0 4737 0.1 40 0 0 0 39.8 39.4 39.4
4737 0.2 0 0 0 4737 0.1 40 0 0 30 45.4 41.1 41.1
4737 0.2 0 0 0 4737 0.1 40 0 0 60 52.5 45.1 45.1
4737 0.2 0 0 0 4737 0.1 40 0 0 90 60.3 49.3 49.3
4737 0.2 0 0 0 4737 0.1 40 0 0 120 68.6 53.4 53.4
4737 0.2 0 0 0 4737 0.1 40 0 0 150 73.0 57.0 57.0
4737 0.2 0 0 0 4737 0.1 40 0 0 180 74.3 59.7 59.7
4737 0.2 0 0 0 4737 0.1 50 0 0 0 39.9 41.1 41.1
4737 0.2 0 0 0 4737 0.1 50 0 0 30 44.5 42.5 42.5
4737 0.2 0 0 0 4737 0.1 50 0 0 60 51.7 45.5 45.5
4737 0.2 0 0 0 4737 0.1 50 0 0 90 59.5 49.5 49.5
4737 0.2 0 0 0 4737 0.1 50 0 0 120 67.7 53.4 53.4
4737 0.2 0 0 0 4737 0.1 50 0 0 150 71.7 57.0 57.0
4737 0.2 0 0 0 4737 0.1 50 0 0 180 73.0 59.9 59.9
4737 0.2 0 0 0 4737 0.1 60 0 0 0 40.3 43.2 43.2
4737 0.2 0 0 0 4737 0.1 60 0 0 30 43.6 44.4 44.4
4737 0.2 0 0 0 4737 0.1 60 0 0 60 50.5 46.9 46.9
4737 0.2 0 0 0 4737 0.1 60 0 0 90 58.3 50.0 50.0
4737 0.2 0 0 0 4737 0.1 60 0 0 120 65.8 53.8 53.8
4737 0.2 0 0 0 4737 0.1 60 0 0 150 69.5 57.4 57.4
4737 0.2 0 0 0 4737 0.1 60 0 0 180 70.8 60.5 60.5
4737 0.2 0 0 0 4737 0.2 0 0 0 0 39.9 33.8 33.8
4737 0.2 0 0 0 4737 0.2 0 0 0 30 45.5 39.3 39.3
4737 0.2 0 0 0 4737 0.2 0 0 0 60 51.5 45.3 45.3
4737 0.2 0 0 0 4737 0.2 0 0 0 90 58.6 52.4 52.4
4737 0.2 0 0 0 4737 0.2 0 0 0 120 66.7 58.8 58.8
4737 0.2 0 0 0 4737 0.2 0 0 0 150 72.8 63.4 63.4
4737 0.2 0 0 0 4737 0.2 0 0 0 180 75.7 64.4 64.4
4737 0.2 0 0 0 4737 0.2 10 0 0 0 39.8 34.3 34.3
4737 0.2 0 0 0 4737 0.2 10 0 0 30 45.3 39.1 39.1
4737 0.2 0 0 0 4737 0.2 10 0 0 60 51.3 45.1 45.1
4737 0.2 0 0 0 4737 0.2 10 0 0 90 58.4 51.9 51.9
4737 0.2 0 0 0 4737 0.2 10 0 0 120 66.6 57.6 57.6
4737 0.2 0 0 0 4737 0.2 10 0 0 150 72.8 62.2 62.2
4737 0.2 0 0 0 4737 0.2 10 0 0 180 75.6 64.0 64.0
4737 0.2 0 0 0 4737 0.2 20 0 0 0 39.5 35.8 35.8
4737 0.2 0 0 0 4737 0.2 20 0 0 30 45.1 38.3 38.3
4737 0.2 0 0 0 4737 0.2 20 0 0 60 51.1 44.2 44.2
4737 0.2 0 0 0 4737 0.2 20 0 0 90 58.2 50.1 50.1
4737 0.2 0 0 0 4737 0.2 20 0 0 120 66.4 55.3 55.3
4737 0.2 0 0 0 4737 0.2 20 0 0 150 72.5 59.8 59.8
4737 0.2 0 0 0 4737 0.2 20 0 0 180 75.3 62.5 62.5
4737 0.2 0 0 0 4737 0.2 30 0 0 0 39.2 37.4 37.4
4737 0.2 0 0 0 4737 0.2 30 0 0 30 44.6 38.8 38.8
4737 0.2 0 0 0 4737 0.2 30 0 0 60 50.7 42.5 42.5
4737 0.2 0 0 0 4737 0.2 30 0 0 90 57.8 47.0 47.0
4737 0.2 0 0 0 4737 0.2 30 0 0 120 66.1 51.8 51.8
4737 0.2 0 0 0 4737 0.2 30 0 0 150 72.1 56.2 56.2
4737 0.2 0 0 0 4737 0.2 30 0 0 180 74.7 59.5 59.5
4737 0.2 0 0 0 4737 0.2 40 0 0 0 39.2 39.1 39.1
4737 0.2 0 0 0 4737 0.2 40 0 0 30 44.1 40.0 40.0
4737 0.2 0 0 0 4737 0.2 40 0 0 60 50.1 42.5 42.5
4737 0.2 0 0 0 4737 0.2 40 0 0 90 57.2 46.5 46.5
4737 0.2 0 0 0 4737 0.2 40 0 0 120 65.5 50.9 50.9
4737 0.2 0 0 0 4737 0.2 40 0 0 150 71.3 55.4 55.4
4737 0.2 0 0 0 4737 0.2 40 0 0 180 73.8 59.0 59.0
4737 0.2 0 0 0 4737 0.2 50 0 0 0 39.5 40.7 40.7
4737 0.2 0 0 0 4737 0.2 50 0 0 30 43.4 41.5 41.5
4737 0.2 0 0 0 4737 0.2 50 0 0 60 49.3 43.5 43.5
4737 0.2 0 0 0 4737 0.2 50 0 0 90 56.4 46.6 46.6
4737 0.2 0 0 0 4737 0.2 50 0 0 120 64.7 50.8 50.8
4737 0.2 0 0 0 4737 0.2 50 0 0 150 70.1 55.3 55.3
4737 0.2 0 0 0 4737 0.2 50 0 0 180 72.5 59.1 59.1
4737 0.2 0 0 0 4737 0.2 60 0 0 0 40.0 42.8 42.8
4737 0.2 0 0 0 4737 0.2 60 0 0 30 42.9 43.4 43.4
4737 0.2 0 0 0 4737 0.2 60 0 0 60 48.2 45.1 45.1
4737 0.2 0 0 0 4737 0.2 60 0 0 90 55.1 47.6 47.6
4737 0.2 0 0 0 4737 0.2 60 0 0 120 63.1 51.2 51.2
4737 0.2 0 0 0 4737 0.2 60 0 0 150 67.9 55.5 55.5
4737 0.2 0 0 0 4737 0.2 60 0 0 180 70.1 59.5 59.5
4737 0.2 0 0 0 4737 0.3 0 0 0 0 40.6 34.3 34.3
4737 0.2 0 0 0 4737 0.3 0 0 0 30 44.3 38.0 38.0
4737 0.2 0 0 0 4737 0.3 0 0 0 60 49.3 42.9 42.9
4737 0.2 0 0 0 4737 0.3 0 0 0 90 55.5 49.2 49.2
4737 0.2 0 0 0 4737 0.3 0 0 0 120 63.6 55.7 55.7
4737 0.2 0 0 0 4737 0.3 0 0 0 150 70.7 61.5 61.5
4737 0.2 0 0 0 4737 0.3 0 0 0 180 74.7 64.0 64.0
4737 0.2 0 0 0 4737 0.3 10 0 0 0 40.6 34.5 34.5
4737 0.2 0 0 0 4737 0.3 10 0 0 30 44.2 37.8 37.8
4737 0.2 0 0 0 4737 0.3 10 0 0 60 49.1 42.7 42.7
4737 0.2 0 0 0 4737 0.3 10 0 0 90 55.4 48.7 48.7
4737 0.2 0 0 0 4737 0.3 10 0 0 120 63.5 54.5 54.5
4737 0.2 0 0 0 4737 0.3 10 0 0 150 70.7 60.2 60.2
4737 0.2 0 0 0 4737 0.3 10 0 0 180 74.5 63.7 63.7
4737 0.2 0 0 0 4737 0.3 20 0 0 0 40.5 35.7 35.7
4737 0.2 0 0 0 4737 0.3 20 0 0 30 43.9 37.3 37.3
4737 0.2 0 0 0 4737 0.3 20 0 0 60 48.9 41.7 41.7
4737 0.2 0 0 0 4737 0.3 20 0 0 90 55.1 46.6 46.6
4737 0.2 0 0 0 4737 0.3 20 0 0 120 63.3 52.0 52.0
4737 0.2 0 0 0 4737 0.3 20 0 0 150 70.4 57.6 57.6
4737 0.2 0 0 0 4737 0.3 20 0 0 180 74.2 61.7 61.7
4737 0.2 0 0 0 4737 0.3 30 0 0 0 40.4 37.2 37.2
4737 0.2 0 0 0 4737 0.3 30 0 0 30 43.5 38.0 38.0
4737 0.2 0 0 0 4737 0.3 30 0 0 60 48.5 40.3 40.3
4737 0.2 0 0 0 4737 0.3 30 0 0 90 54.7 44.3 44.3
4737 0.2 0 0 0 4737 0.3 30 0 0 120 62.9 49.2 49.2
4737 0.2 0 0 0 4737 0.3 30 0 0 150 70.0 54.6 54.6
4737 0.2 0 0 0 4737 0.3 30 0 0 180 73.7 59.2 59.2
4737 0.2 0 0 0 4737 0.3 40 0 0 0 40.4 38.8 38.8
4737 0.2 0 0 0 4737 0.3 40 0 0 30 43.2 39.3 39.3
4737 0.2 0 0 0 4737 0.3 40 0 0 60 47.9 40.9 40.9
4737 0.2 0 0 0 4737 0.3 40 0 0 90 54.1 43.8 43.8
4737 0.2 0 0 0 4737 0.3 40 0 0 120 62.3 48.4 48.4
4737 0.2 0 0 0 4737 0.3 40 0 0 150 69.2 53.8 53.8
4737 0.2 0 0 0 4737 0.3 40 0 0 180 72.8 58.5 58.5
4737 0.2 0 0 0 4737 0.3 50 0 0 0 40.5 40.4 40.4
4737 0.2 0 0 0 4737 0.3 50 0 0 30 43.0 40.8 40.8
4737 0.2 0 0 0 4737 0.3 50 0 0 60 47.1 42.1 42.1
4737 0.2 0 0 0 4737 0.3 50 0 0 90 53.3 44.3 44.3
4737 0.2 0 0 0 4737 0.3 50 0 0 120 61.4 48.2 48.2
4737 0.2 0 0 0 4737 0.3 50 0 0 150 68.1 53.4 53.4
4737 0.2 0 0 0 4737 0.3 50 0 0 180 71.3 58.3 58.3
4737 0.2 0 0 0 4737 0.3 60 0 0 0 40.8 42.3 42.3
4737 0.2 0 0 0 4737 0.3 60 0 0 30 42.8 42.6 42.6
4737 0.2 0 0 0 4737 0.3 60 0 0 60 46.7 43.7 43.7
4737 0.2 0 0 0 4737 0.3 60 0 0 90 52.2 45.6 45.6
4737 0.2 0 0 0 4737 0.3 60 0 0 120 59.8 48.6 48.6
4737 0.2 0 0 0 4737 0.3 60 0 0 150 65.9 53.5 53.5
4737 0.2 0 0 0 4737 0.3 60 0 0 180 68.8 58.5 58.5
4737 0.2 0 0 0 4737 0.4 0 0 0 0 42.6 36.1 36.1
4737 0.2 0 0 0 4737 0.4 0 0 0 30 43.8 37.3 37.3
4737 0.2 0 0 0 4737 0.4 0 0 0 60 47.3 40.7 40.7
4737 0.2 0 0 0 4737 0.4 0 0 0 90 52.6 46.0 46.0
4737 0.2 0 0 0 4737 0.4 0 0 0 120 60.2 52.2 52.2
4737 0.2 0 0 0 4737 0.4 0 0 0 150 68.3 59.0 59.0
4737 0.2 0 0 0 4737 0.4 0 0 0 180 73.1 63.1 63.1
4737 0.2 0 0 0 4737 0.4 10 0 0 0 42.6 36.0 36.0
4737 0.2 0 0 0 4737 0.4 10 0 0 30 43.8 37.3 37.3
4737 0.2 0 0 0 4737 0.4 10 0 0 60 47.2 40.5 40.5
4737 0.2 0 0 0 4737 0.4 10 0 0 90 52.5 45.4 45.4
4737 0.2 0 0 0 4737 0.4 10 0 0 120 60.2 51.1 51.1
4737 0.2 0 0 0 4737 0.4 10 0 0 150 68.3 57.7 57.7
4737 0.2 0 0 0 4737 0.4 10 0 0 180 73.0 62.9 62.9
4737 0.2 0 0 0 4737 0.4 20 0 0 0 42.5 36.1 36.1
4737 0.2 0 0 0 4737 0.4 20 0 0 30 43.7 37.1 37.1
4737 0.2 0 0 0 4737 0.4 20 0 0 60 46.9 39.3 39.3
4737 0.2 0 0 0 4737 0.4 20 0 0 90 52.2 43.0 43.0
4737 0.2 0 0 0 4737 0.4 20 0 0 120 59.9 48.2 48.2
4737 0.2 0 0 0 4737 0.4 20 0 0 150 68.0 54.7 54.7
4737 0.2 0 0 0 4737 0.4 20 0 0 180 72.7 60.4 60.4
4737 0.2 0 0 0 4737 0.4 30 0 0 0 42.5 37.2 37.2
4737 0.2 0 0 0 4737 0.4 30 0 0 30 43.6 37.8 37.8
4737 0.2 0 0 0 4737 0.4 30 0 0 60 46.5 39.2 39.2
4737 0.2 0 0 0 4737 0.4 30 0 0 90 51.8 41.8 41.8
4737 0.2 0 0 0 4737 0.4 30 0 0 120 59.5 46.6 46.6
4737 0.2 0 0 0 4737 0.4 30 0 0 150 67.6 52.8 52.8
4737 0.2 0 0 0 4737 0.4 30 0 0 180 72.1 58.8 58.8
4737 0.2 0 0 0 4737 0.4 40 0 0 0 42.4 38.5 38.5
4737 0.2 0 0 0 4737 0.4 40 0 0 30 43.6 38.9 38.9
4737 0.2 0 0 0 4737 0.4 40 0 0 60 46.3 40.0 40.0
4737 0.2 0 0 0 4737 0.4 40 0 0 90 51.1 41.9 41.9
4737 0.2 0 0 0 4737 0.4 40 0 0 120 58.9 45.8 45.8
4737 0.2 0 0 0 4737 0.4 40 0 0 150 66.8 52.0 52.0
4737 0.2 0 0 0 4737 0.4 40 0 0 180 71.1 58.0 58.0
4737 0.2 0 0 0 4737 0.4 50 0 0 0 42.5 40.0 40.0
4737 0.2 0 0 0 4737 0.4 50 0 0 30 43.6 40.3 40.3
4737 0.2 0 0 0 4737 0.4 50 0 0 60 46.0 41.1 41.1
4737 0.2 0 0 0 4737 0.4 50 0 0 90 50.5 42.7 42.7
4737 0.2 0 0 0 4737 0.4 50 0 0 120 57.9 45.8 45.8
4737 0.2 0 0 0 4737 0.4 50 0 0 150 65.6 51.6 51.6
4737 0.2 0 0 0 4737 0.4 50 0 0 180 69.7 57.7 57.7
4737 0.2 0 0 0 4737 0.4 60 0 0 0 42.7 41.6 41.6
4737 0.2 0 0 0 4737 0.4 60 0 0 30 43.6 41.9 41.9
4737 0.2 0 0 0 4737 0.4 60 0 0 60 45.8 42.6 42.6
4737 0.2 0 0 0 4737 0.4 60 0 0 90 50.0 44.0 44.0
4737 0.2 0 0 0 4737 0.4 60 0 0 120 56.4 46.5 46.5
4737 0.2 0 0 0 4737 0.4 60 0 0 150 63.2 51.4 51.4
4737 0.2 0 0 0 4737 0.4 60 0 0 180 66.8 57.6 57.6
4737 0.2 0 0 0 4737 0.5 0 0 0 0 44.7 38.0 38.0
4737 0.2 0 0 0 4737 0.5 0 0 0 30 45.2 38.5 38.5
4737 0.2 0 0 0 4737 0.5 0 0 0 60 46.4 39.7 39.7
4737 0.2 0 0 0 4737 0.5 0 0 0 90 49.8 42.7 42.7
4737 0.2 0 0 0 4737 0.5 0 0 0 120 56.7 48.2 48.2
4737 0.2 0 0 0 4737 0.5 0 0 0 150 65.6 55.8 55.8
4737 0.2 0 0 0 4737 0.5 0 0 0 180 71.3 61.1 61.1
4737 0.2 0 0 0 4737 0.5 10 0 0 0 44.7 38.0 38.0
4737 0.2 0 0 0 4737 0.5 10 0 0 30 45.2 38.3 38.3
4737 0.2 0 0 0 4737 0.5 10 0 0 60 46.4 39.2 39.2
4737 0.2 0 0 0 4737 0.5 10 0 0 90 49.7 41.7 41.7
4737 0.2 0 0 0 4737 0.5 10 0 0 120 56.7 46.9 46.9
4737 0.2 0 0 0 4737 0.5 10 0 0 150 65.5 54.3 54.3
4737 0.2 0 0 0 4737 0.5 10 0 0 180 71.2 60.7 60.7
4737 0.2 0 0 0 4737 0.5 20 0 0 0 44.7 37.9 37.9
4737 0.2 0 0 0 4737 0.5 20 0 0 30 45.2 37.9 37.9
4737 0.2 0 0 0 4737 0.5 20 0 0 60 46.4 38.7 38.7
4737 0.2 0 0 0 4737 0.5 20 0 0 90 49.5 40.8 40.8
4737 0.2 0 0 0 4737 0.5 20 0 0 120 56.4 45.2 45.2
4737 0.2 0 0 0 4737 0.5 20 0 0 150 65.2 52.5 52.5
4737 0.2 0 0 0 4737 0.5 20 0 0 180 70.8 59.6 59.6
4737 0.2 0 0 0 4737 0.5 30 0 0 0 44.7 38.1 38.1
4737 0.2 0 0 0 4737 0.5 30 0 0 30 45.2 38.1 38.1
4737 0.2 0 0 0 4737 0.5 30 0 0 60 46.3 39.0 39.0
4737 0.2 0 0 0 4737 0.5 30 0 0 90 49.2 40.6 40.6
4737 0.2 0 0 0 4737 0.5 30 0 0 120 55.9 44.0 44.0
4737 0.2 0 0 0 4737 0.5 30 0 0 150 64.7 51.1 51.1
4737 0.2 0 0 0 4737 0.5 30 0 0 180 70.2 58.5 58.5
4737 0.2 0 0 0 4737 0.5 40 0 0 0 44.7 38.8 38.8
4737 0.2 0 0 0 4737 0.5 40 0 0 30 45.1 38.9 38.9
4737 0.2 0 0 0 4737 0.5 40 0 0 60 46.3 39.6 39.6
4737 0.2 0 0 0 4737 0.5 40 0 0 90 49.0 40.9 40.9
4737 0.2 0 0 0 4737 0.5 40 0 0 120 55.2 43.7 43.7
4737 0.2 0 0 0 4737 0.5 40 0 0 150 63.9 50.1 50.1
4737 0.2 0 0 0 4737 0.5 40 0 0 180 69.2 57.8 57.8
4737 0.2 0 0 0 4737 0.5 50 0 0 0 44.7 39.8 39.8
4737 0.2 0 0 0 4737 0.5 50 0 0 30 45.2 40.0 40.0
4737 0.2 0 0 0 4737 0.5 50 0 0 60 46.3 40.6 40.6
4737 0.2 0 0 0 4737 0.5 50 0 0 90 48.8 41.6 41.6
4737 0.2 0 0 0 4737 0.5 50 0 0 120 54.4 44.0 44.0
4737 0.2 0 0 0 4737 0.5 50 0 0 150 62.7 49.5 49.5
4737 0.2 0 0 0 4737 0.5 50 0 0 180 67.6 57.2 57.2
4737 0.2 0 0 0 4737 0.5 60 0 0 0 44.8 41.1 41.1
4737 0.2 0 0 0 4737 0.5 60 0 0 30 45.2 41.2 41.2
4737 0.2 0 0 0 4737 0.5 60 0 0 60 46.3 41.7 41.7
4737 0.2 0 0 0 4737 0.5 60 0 0 90 48.6 42.7 42.7
4737 0.2 0 0 0 4737 0.5 60 0 0 120 53.5 44.8 44.8
4737 0.2 0 0 0 4737 0.5 60 0 0 150 60.5 49.3 49.3
4737 0.2 0 0 0 4737 0.5 60 0 0 180 65.0 56.9 56.9
