4737 0.4 60 0 0 4737 0.0 0 0 0 0 46.2 44.0 44.0
4737 0.4 60 0 0 4737 0.0 0 0 0 30 48.3 47.9 47.9
4737 0.4 60 0 0 4737 0.0 0 0 0 60 53.1 53.1 53.1
4737 0.4 60 0 0 4737 0.0 0 0 0 90 59.4 58.5 58.5
4737 0.4 60 0 0 4737 0.0 0 0 0 120 64.4 62.4 62.4
4737 0.4 60 0 0 4737 0.0 0 0 0 150 67.7 61.5 61.5
4737 0.4 60 0 0 4737 0.0 0 0 0 180 69.2 59.4 59.4
4737 0.4 60 0 0 4737 0.0 10 0 0 0 46.1 42.8 42.8
4737 0.4 60 0 0 4737 0.0 10 0 0 30 48.2 46.6 46.6
4737 0.4 60 0 0 4737 0.0 10 0 0 60 53.0 52.0 52.0
4737 0.4 60 0 0 4737 0.0 10 0 0 90 59.3 57.7 57.7
4737 0.4 60 0 0 4737 0.0 10 0 0 120 64.4 61.9 61.9
4737 0.4 60 0 0 4737 0.0 10 0 0 150 67.6 61.9 61.9
4737 0.4 60 0 0 4737 0.0 10 0 0 180 69.1 60.1 60.1
4737 0.4 60 0 0 4737 0.0 20 0 0 0 45.9 40.8 40.8
4737 0.4 60 0 0 4737 0.0 20 0 0 30 47.9 44.3 44.3
4737 0.4 60 0 0 4737 0.0 20 0 0 60 52.7 49.9 49.9
4737 0.4 60 0 0 4737 0.0 20 0 0 90 59.1 55.9 55.9
4737 0.4 60 0 0 4737 0.0 20 0 0 120 64.2 59.9 59.9
4737 0.4 60 0 0 4737 0.0 20 0 0 150 67.4 61.2 61.2
4737 0.4 60 0 0 4737 0.0 20 0 0 180 68.9 59.9 59.9
4737 0.4 60 0 0 4737 0.0 30 0 0 0 45.6 37.6 37.6
4737 0.4 60 0 0 4737 0.0 30 0 0 30 47.4 40.5 40.5
4737 0.4 60 0 0 4737 0.0 30 0 0 60 52.3 46.3 46.3
4737 0.4 60 0 0 4737 0.0 30 0 0 90 58.7 52.6 52.6
4737 0.4 60 0 0 4737 0.0 30 0 0 120 63.8 56.3 56.3
4737 0.4 60 0 0 4737 0.0 30 0 0 150 67.0 58.3 58.3
4737 0.4 60 0 0 4737 0.0 30 0 0 180 68.5 58.4 58.4
4737 0.4 60 0 0 4737 0.0 40 0 0 0 45.0 37.6 37.6
4737 0.4 60 0 0 4737 0.0 40 0 0 30 46.7 39.8 39.8
4737 0.4 60 0 0 4737 0.0 40 0 0 60 51.6 45.8 45.8
4737 0.4 60 0 0 4737 0.0 40 0 0 90 58.2 52.0 52.0
4737 0.4 60 0 0 4737 0.0 40 0 0 120 63.1 55.8 55.8
4737 0.4 60 0 0 4737 0.0 40 0 0 150 66.2 58.1 58.1
4737 0.4 60 0 0 4737 0.0 40 0 0 180 67.9 58.5 58.5
4737 0.4 60 0 0 4737 0.0 50 0 0 0 44.2 37.9 37.9
4737 0.4 60 0 0 4737 0.0 50 0 0 30 45.6 40.2 40.2
4737 0.4 60 0 0 4737 0.0 50 0 0 60 50.7 46.1 46.1
4737 0.4 60 0 0 4737 0.0 50 0 0 90 57.4 52.2 52.2
4737 0.4 60 0 0 4737 0.0 50 0 0 120 62.0 56.1 56.1
4737 0.4 60 0 0 4737 0.0 50 0 0 150 65.1 58.8 58.8
4737 0.4 60 0 0 4737 0.0 50 0 0 180 66.8 59.5 59.5
4737 0.4 60 0 0 4737 0.0 60 0 0 0 42.9 38.7 38.7
4737 0.4 60 0 0 4737 0.0 60 0 0 30 44.1 41.0 41.0
4737 0.4 60 0 0 4737 0.0 60 0 0 60 49.2 46.8 46.8
4737 0.4 60 0 0 4737 0.0 60 0 0 90 55.9 53.0 53.0
4737 0.4 60 0 0 4737 0.0 60 0 0 120 60.1 57.1 57.1
4737 0.4 60 0 0 4737 0.0 60 0 0 150 63.1 60.0 60.0
4737 0.4 60 0 0 4737 0.0 60 0 0 180 64.9 61.2 61.2
4737 0.4 60 0 0 4737 0.1 0 0 0 0 44.4 42.9 42.9
4737 0.4 60 0 0 4737 0.1 0 0 0 30 46.3 46.0 46.0
4737 0.4 60 0 0 4737 0.1 0 0 0 60 50.8 50.6 50.6
4737 0.4 60 0 0 4737 0.1 0 0 0 90 56.8 55.9 55.9
4737 0.4 60 0 0 4737 0.1 0 0 0 120 62.1 61.1 61.1
4737 0.4 60 0 0 4737 0.1 0 0 0 150 66.2 61.1 61.1
4737 0.4 60 0 0 4737 0.1 0 0 0 180 68.0 58.4 58.4
4737 0.4 60 0 0 4737 0.1 10 0 0 0 44.3 41.4 41.4
4737 0.4 60 0 0 4737 0.1 10 0 0 30 46.2 44.7 44.7
4737 0.4 60 0 0 4737 0.1 10 0 0 60 50.7 49.5 49.5
4737 0.4 60 0 0 4737 0.1 10 0 0 90 56.7 55.0 55.0
4737 0.4 60 0 0 4737 0.1 10 0 0 120 62.1 60.2 60.2
4737 0.4 60 0 0 4737 0.1 10 0 0 150 66.2 61.5 61.5
4737 0.4 60 0 0 4737 0.1 10 0 0 180 67.9 59.0 59.0
4737 0.4 60 0 0 4737 0.1 20 0 0 0 44.0 39.1 39.1
4737 0.4 60 0 0 4737 0.1 20 0 0 30 45.9 42.4 42.4
4737 0.4 60 0 0 4737 0.1 20 0 0 60 50.4 47.3 47.3
4737 0.4 60 0 0 4737 0.1 20 0 0 90 56.5 53.1 53.1
4737 0.4 60 0 0 4737 0.1 20 0 0 120 61.8 58.0 58.0
4737 0.4 60 0 0 4737 0.1 20 0 0 150 65.9 60.5 60.5
4737 0.4 60 0 0 4737 0.1 20 0 0 180 67.7 58.8 58.8
4737 0.4 60 0 0 4737 0.1 30 0 0 0 43.6 35.6 35.6
4737 0.4 60 0 0 4737 0.1 30 0 0 30 45.4 38.6 38.6
4737 0.4 60 0 0 4737 0.1 30 0 0 60 50.0 43.7 43.7
4737 0.4 60 0 0 4737 0.1 30 0 0 90 56.1 49.7 49.7
4737 0.4 60 0 0 4737 0.1 30 0 0 120 61.4 54.3 54.3
4737 0.4 60 0 0 4737 0.1 30 0 0 150 65.5 57.4 57.4
4737 0.4 60 0 0 4737 0.1 30 0 0 180 67.3 57.6 57.6
4737 0.4 60 0 0 4737 0.1 40 0 0 0 42.9 35.6 35.6
4737 0.4 60 0 0 4737 0.1 40 0 0 30 44.6 37.8 37.8
4737 0.4 60 0 0 4737 0.1 40 0 0 60 49.3 43.2 43.2
4737 0.4 60 0 0 4737 0.1 40 0 0 90 55.6 49.1 49.1
4737 0.4 60 0 0 4737 0.1 40 0 0 120 60.8 53.6 53.6
4737 0.4 60 0 0 4737 0.1 40 0 0 150 64.7 56.9 56.9
4737 0.4 60 0 0 4737 0.1 40 0 0 180 66.7 58.2 58.2
4737 0.4 60 0 0 4737 0.1 50 0 0 0 41.9 36.0 36.0
4737 0.4 60 0 0 4737 0.1 50 0 0 30 43.4 38.1 38.1
4737 0.4 60 0 0 4737 0.1 50 0 0 60 48.4 43.3 43.3
4737 0.4 60 0 0 4737 0.1 50 0 0 90 54.8 49.2 49.2
4737 0.4 60 0 0 4737 0.1 50 0 0 120 59.7 53.8 53.8
4737 0.4 60 0 0 4737 0.1 50 0 0 150 63.5 57.4 57.4
4737 0.4 60 0 0 4737 0.1 50 0 0 180 65.6 59.2 59.2
4737 0.4 60 0 0 4737 0.1 60 0 0 0 40.5 36.8 36.8
4737 0.4 60 0 0 4737 0.1 60 0 0 30 41.7 38.8 38.8
4737 0.4 60 0 0 4737 0.1 60 0 0 60 46.9 43.9 43.9
4737 0.4 60 0 0 4737 0.1 60 0 0 90 53.3 49.8 49.8
4737 0.4 60 0 0 4737 0.1 60 0 0 120 57.8 54.7 54.7
4737 0.4 60 0 0 4737 0.1 60 0 0 150 61.5 58.5 58.5
4737 0.4 60 0 0 4737 0.1 60 0 0 180 63.7 60.9 60.9
4737 0.4 60 0 0 4737 0.2 0 0 0 0 42.6 42.2 42.2
4737 0.4 60 0 0 4737 0.2 0 0 0 30 44.5 44.3 44.3
4737 0.4 60 0 0 4737 0.2 0 0 0 60 48.7 48.1 48.1
4737 0.4 60 0 0 4737 0.2 0 0 0 90 54.2 53.2 53.2
4737 0.4 60 0 0 4737 0.2 0 0 0 120 59.6 59.1 59.1
4737 0.4 60 0 0 4737 0.2 0 0 0 150 64.5 60.5 60.5
4737 0.4 60 0 0 4737 0.2 0 0 0 180 66.6 57.2 57.2
4737 0.4 60 0 0 4737 0.2 10 0 0 0 42.5 40.4 40.4
4737 0.4 60 0 0 4737 0.2 10 0 0 30 44.4 42.9 42.9
4737 0.4 60 0 0 4737 0.2 10 0 0 60 48.5 47.0 47.0
4737 0.4 60 0 0 4737 0.2 10 0 0 90 54.1 52.2 52.2
4737 0.4 60 0 0 4737 0.2 10 0 0 120 59.6 58.0 58.0
4737 0.4 60 0 0 4737 0.2 10 0 0 150 64.4 60.3 60.3
4737 0.4 60 0 0 4737 0.2 10 0 0 180 66.5 57.8 57.8
4737 0.4 60 0 0 4737 0.2 20 0 0 0 42.2 37.7 37.7
4737 0.4 60 0 0 4737 0.2 20 0 0 30 44.1 40.5 40.5
4737 0.4 60 0 0 4737 0.2 20 0 0 60 48.3 44.8 44.8
4737 0.4 60 0 0 4737 0.2 20 0 0 90 53.9 50.2 50.2
4737 0.4 60 0 0 4737 0.2 20 0 0 120 59.4 55.6 55.6
4737 0.4 60 0 0 4737 0.2 20 0 0 150 64.2 59.1 59.1
4737 0.4 60 0 0 4737 0.2 20 0 0 180 66.3 57.6 57.6
4737 0.4 60 0 0 4737 0.2 30 0 0 0 41.7 34.1 34.1
4737 0.4 60 0 0 4737 0.2 30 0 0 30 43.5 36.9 36.9
4737 0.4 60 0 0 4737 0.2 30 0 0 60 47.8 41.4 41.4
4737 0.4 60 0 0 4737 0.2 30 0 0 90 53.5 47.0 47.0
4737 0.4 60 0 0 4737 0.2 30 0 0 120 58.9 52.1 52.1
4737 0.4 60 0 0 4737 0.2 30 0 0 150 63.7 56.1 56.1
4737 0.4 60 0 0 4737 0.2 30 0 0 180 65.8 56.7 56.7
4737 0.4 60 0 0 4737 0.2 40 0 0 0 40.9 33.7 33.7
4737 0.4 60 0 0 4737 0.2 40 0 0 30 42.6 36.1 36.1
4737 0.4 60 0 0 4737 0.2 40 0 0 60 47.1 40.8 40.8
4737 0.4 60 0 0 4737 0.2 40 0 0 90 52.9 46.2 46.2
4737 0.4 60 0 0 4737 0.2 40 0 0 120 58.3 51.3 51.3
4737 0.4 60 0 0 4737 0.2 40 0 0 150 63.0 55.6 55.6
4737 0.4 60 0 0 4737 0.2 40 0 0 180 65.2 57.6 57.6
4737 0.4 60 0 0 4737 0.2 50 0 0 0 39.7 34.1 34.1
4737 0.4 60 0 0 4737 0.2 50 0 0 30 41.4 36.1 36.1
4737 0.4 60 0 0 4737 0.2 50 0 0 60 46.2 40.8 40.8
4737 0.4 60 0 0 4737 0.2 50 0 0 90 52.1 46.2 46.2
4737 0.4 60 0 0 4737 0.2 50 0 0 120 57.2 51.4 51.4
4737 0.4 60 0 0 4737 0.2 50 0 0 150 61.8 55.9 55.9
4737 0.4 60 0 0 4737 0.2 50 0 0 180 64.1 58.9 58.9
4737 0.4 60 0 0 4737 0.2 60 0 0 0 38.1 34.8 34.8
4737 0.4 60 0 0 4737 0.2 60 0 0 30 39.5 36.8 36.8
4737 0.4 60 0 0 4737 0.2 60 0 0 60 44.7 41.1 41.1
4737 0.4 60 0 0 4737 0.2 60 0 0 90 50.6 46.6 46.6
4737 0.4 60 0 0 4737 0.2 60 0 0 120 55.3 51.9 51.9
4737 0.4 60 0 0 4737 0.2 60 0 0 150 59.7 56.8 56.8
4737 0.4 60 0 0 4737 0.2 60 0 0 180 62.0 60.3 60.3
4737 0.4 60 0 0 4737 0.3 0 0 0 0 41.2 41.9 41.9
4737 0.4 60 0 0 4737 0.3 0 0 0 30 43.0 43.1 43.1
4737 0.4 60 0 0 4737 0.3 0 0 0 60 46.7 45.7 45.7
4737 0.4 60 0 0 4737 0.3 0 0 0 90 51.6 50.3 50.3
4737 0.4 60 0 0 4737 0.3 0 0 0 120 57.0 56.5 56.5
4737 0.4 60 0 0 4737 0.3 0 0 0 150 62.6 59.1 59.1
4737 0.4 60 0 0 4737 0.3 0 0 0 180 65.0 55.9 55.9
4737 0.4 60 0 0 4737 0.3 10 0 0 0 41.1 39.7 39.7
4737 0.4 60 0 0 4737 0.3 10 0 0 30 42.9 41.5 41.5
4737 0.4 60 0 0 4737 0.3 10 0 0 60 46.5 44.5 44.5
4737 0.4 60 0 0 4737 0.3 10 0 0 90 51.5 49.3 49.3
4737 0.4 60 0 0 4737 0.3 10 0 0 120 56.9 55.3 55.3
4737 0.4 60 0 0 4737 0.3 10 0 0 150 62.5 58.7 58.7
4737 0.4 60 0 0 4737 0.3 10 0 0 180 64.9 56.6 56.6
4737 0.4 60 0 0 4737 0.3 20 0 0 0 40.7 36.6 36.6
4737 0.4 60 0 0 4737 0.3 20 0 0 30 42.5 38.6 38.6
4737 0.4 60 0 0 4737 0.3 20 0 0 60 46.2 42.1 42.1
4737 0.4 60 0 0 4737 0.3 20 0 0 90 51.3 46.9 46.9
4737 0.4 60 0 0 4737 0.3 20 0 0 120 56.7 52.7 52.7
4737 0.4 60 0 0 4737 0.3 20 0 0 150 62.3 57.2 57.2
4737 0.4 60 0 0 4737 0.3 20 0 0 180 64.6 56.0 56.0
4737 0.4 60 0 0 4737 0.3 30 0 0 0 40.0 33.2 33.2
4737 0.4 60 0 0 4737 0.3 30 0 0 30 41.9 35.6 35.6
4737 0.4 60 0 0 4737 0.3 30 0 0 60 45.8 39.3 39.3
4737 0.4 60 0 0 4737 0.3 30 0 0 90 50.9 44.3 44.3
4737 0.4 60 0 0 4737 0.3 30 0 0 120 56.3 49.8 49.8
4737 0.4 60 0 0 4737 0.3 30 0 0 150 61.8 54.8 54.8
4737 0.4 60 0 0 4737 0.3 30 0 0 180 64.2 55.9 55.9
4737 0.4 60 0 0 4737 0.3 40 0 0 0 39.0 32.1 32.1
4737 0.4 60 0 0 4737 0.3 40 0 0 30 41.0 34.7 34.7
4737 0.4 60 0 0 4737 0.3 40 0 0 60 45.1 38.6 38.6
4737 0.4 60 0 0 4737 0.3 40 0 0 90 50.3 43.5 43.5
4737 0.4 60 0 0 4737 0.3 40 0 0 120 55.6 49.0 49.0
4737 0.4 60 0 0 4737 0.3 40 0 0 150 61.0 54.2 54.2
4737 0.4 60 0 0 4737 0.3 40 0 0 180 63.4 56.9 56.9
4737 0.4 60 0 0 4737 0.3 50 0 0 0 37.6 32.3 32.3
4737 0.4 60 0 0 4737 0.3 50 0 0 30 39.8 34.5 34.5
4737 0.4 60 0 0 4737 0.3 50 0 0 60 44.2 38.4 38.4
4737 0.4 60 0 0 4737 0.3 50 0 0 90 49.5 43.2 43.2
4737 0.4 60 0 0 4737 0.3 50 0 0 120 54.5 48.8 48.8
4737 0.4 60 0 0 4737 0.3 50 0 0 150 59.7 54.2 54.2
4737 0.4 60 0 0 4737 0.3 50 0 0 180 62.2 57.9 57.9
4737 0.4 60 0 0 4737 0.3 60 0 0 0 35.7 32.9 32.9
4737 0.4 60 0 0 4737 0.3 60 0 0 30 38.1 34.8 34.8
4737 0.4 60 0 0 4737 0.3 60 0 0 60 42.6 38.5 38.5
4737 0.4 60 0 0 4737 0.3 60 0 0 90 47.9 43.4 43.4
4737 0.4 60 0 0 4737 0.3 60 0 0 120 52.5 49.0 49.0
4737 0.4 60 0 0 4737 0.3 60 0 0 150 57.6 54.8 54.8
4737 0.4 60 0 0 4737 0.3 60 0 0 180 60.0 59.2 59.2
4737 0.4 60 0 0 4737 0.4 0 0 0 0 40.3 41.7 41.7
4737 0.4 60 0 0 4737 0.4 0 0 0 30 41.9 42.6 42.6
4737 0.4 60 0 0 4737 0.4 0 0 0 60 44.9 44.1 44.1
4737 0.4 60 0 0 4737 0.4 0 0 0 90 49.2 47.3 47.3
4737 0.4 60 0 0 4737 0.4 0 0 0 120 54.3 53.5 53.5
4737 0.4 60 0 0 4737 0.4 0 0 0 150 60.4 57.2 57.2
4737 0.4 60 0 0 4737 0.4 0 0 0 180 63.3 54.5 54.5
4737 0.4 60 0 0 4737 0.4 10 0 0 0 40.1 39.4 39.4
4737 0.4 60 0 0 4737 0.4 10 0 0 30 41.7 40.6 40.6
4737 0.4 60 0 0 4737 0.4 10 0 0 60 44.7 42.5 42.5
4737 0.4 60 0 0 4737 0.4 10 0 0 90 49.1 46.2 46.2
4737 0.4 60 0 0 4737 0.4 10 0 0 120 54.2 52.2 52.2
4737 0.4 60 0 0 4737 0.4 10 0 0 150 60.3 56.7 56.7
4737 0.4 60 0 0 4737 0.4 10 0 0 180 63.2 55.1 55.1
4737 0.4 60 0 0 4737 0.4 20 0 0 0 39.7 35.7 35.7
4737 0.4 60 0 0 4737 0.4 20 0 0 30 41.3 37.1 37.1
4737 0.4 60 0 0 4737 0.4 20 0 0 60 44.4 39.5 39.5
4737 0.4 60 0 0 4737 0.4 20 0 0 90 48.8 43.5 43.5
4737 0.4 60 0 0 4737 0.4 20 0 0 120 53.9 49.1 49.1
4737 0.4 60 0 0 4737 0.4 20 0 0 150 60.1 54.7 54.7
4737 0.4 60 0 0 4737 0.4 20 0 0 180 62.9 54.1 54.1
4737 0.4 60 0 0 4737 0.4 30 0 0 0 38.9 33.3 33.3
4737 0.4 60 0 0 4737 0.4 30 0 0 30 40.7 35.1 35.1
4737 0.4 60 0 0 4737 0.4 30 0 0 60 44.0 37.8 37.8
4737 0.4 60 0 0 4737 0.4 30 0 0 90 48.4 41.8 41.8
4737 0.4 60 0 0 4737 0.4 30 0 0 120 53.5 47.3 47.3
4737 0.4 60 0 0 4737 0.4 30 0 0 150 59.5 53.3 53.3
4737 0.4 60 0 0 4737 0.4 30 0 0 180 62.4 54.8 54.8
4737 0.4 60 0 0 4737 0.4 40 0 0 0 37.8 32.0 32.0
4737 0.4 60 0 0 4737 0.4 40 0 0 30 39.8 33.9 33.9
4737 0.4 60 0 0 4737 0.4 40 0 0 60 43.3 36.8 36.8
4737 0.4 60 0 0 4737 0.4 40 0 0 90 47.8 41.0 41.0
4737 0.4 60 0 0 4737 0.4 40 0 0 120 52.8 46.4 46.4
4737 0.4 60 0 0 4737 0.4 40 0 0 150 58.7 52.6 52.6
4737 0.4 60 0 0 4737 0.4 40 0 0 180 61.5 55.8 55.8
4737 0.4 60 0 0 4737 0.4 50 0 0 0 36.2 31.2 31.2
4737 0.4 60 0 0 4737 0.4 50 0 0 30 38.7 33.3 33.3
4737 0.4 60 0 0 4737 0.4 50 0 0 60 42.4 36.4 36.4
4737 0.4 60 0 0 4737 0.4 50 0 0 90 46.9 40.5 40.5
4737 0.4 60 0 0 4737 0.4 50 0 0 120 51.7 46.1 46.1
4737 0.4 60 0 0 4737 0.4 50 0 0 150 57.5 52.5 52.5
4737 0.4 60 0 0 4737 0.4 50 0 0 180 60.3 56.9 56.9
4737 0.4 60 0 0 4737 0.4 60 0 0 0 33.8 31.1 31.1
4737 0.4 60 0 0 4737 0.4 60 0 0 30 36.8 33.2 33.2
4737 0.4 60 0 0 4737 0.4 60 0 0 60 40.4 36.2 36.2
4737 0.4 60 0 0 4737 0.4 60 0 0 90 45.0 40.4 40.4
4737 0.4 60 0 0 4737 0.4 60 0 0 120 49.3 46.1 46.1
4737 0.4 60 0 0 4737 0.4 60 0 0 150 54.9 52.7 52.7
4737 0.4 60 0 0 4737 0.4 60 0 0 180 57.7 57.9 57.9
4737 0.4 60 0 0 4737 0.5 0 0 0 0 40.1 41.3 41.3
4737 0.4 60 0 0 4737 0.5 0 0 0 30 41.4 42.2 42.2
4737 0.4 60 0 0 4737 0.5 0 0 0 60 43.5 43.3 43.3
4737 0.4 60 0 0 4737 0.5 0 0 0 90 46.9 45.2 45.2
4737 0.4 60 0 0 4737 0.5 0 0 0 120 51.4 49.7 49.7
4737 0.4 60 0 0 4737 0.5 0 0 0 150 57.9 54.6 54.6
4737 0.4 60 0 0 4737 0.5 0 0 0 180 61.4 52.6 52.6
4737 0.4 60 0 0 4737 0.5 10 0 0 0 39.9 38.8 38.8
4737 0.4 60 0 0 4737 0.5 10 0 0 30 41.2 39.8 39.8
4737 0.4 60 0 0 4737 0.5 10 0 0 60 43.4 41.2 41.2
4737 0.4 60 0 0 4737 0.5 10 0 0 90 46.8 43.4 43.4
4737 0.4 60 0 0 4737 0.5 10 0 0 120 51.3 48.1 48.1
4737 0.4 60 0 0 4737 0.5 10 0 0 150 57.9 53.8 53.8
4737 0.4 60 0 0 4737 0.5 10 0 0 180 61.3 52.9 52.9
4737 0.4 60 0 0 4737 0.5 20 0 0 0 39.6 36.2 36.2
4737 0.4 60 0 0 4737 0.5 20 0 0 30 40.8 37.3 37.3
4737 0.4 60 0 0 4737 0.5 20 0 0 60 43.0 38.8 38.8
4737 0.4 60 0 0 4737 0.5 20 0 0 90 46.5 41.3 41.3
4737 0.4 60 0 0 4737 0.5 20 0 0 120 51.0 46.2 46.2
4737 0.4 60 0 0 4737 0.5 20 0 0 150 57.6 52.8 52.8
4737 0.4 60 0 0 4737 0.5 20 0 0 180 61.0 52.8 52.8
4737 0.4 60 0 0 4737 0.5 30 0 0 0 39.0 34.3 34.3
4737 0.4 60 0 0 4737 0.5 30 0 0 30 40.3 35.4 35.4
4737 0.4 60 0 0 4737 0.5 30 0 0 60 42.5 37.0 37.0
4737 0.4 60 0 0 4737 0.5 30 0 0 90 46.1 39.8 39.8
4737 0.4 60 0 0 4737 0.5 30 0 0 120 50.5 44.9 44.9
4737 0.4 60 0 0 4737 0.5 30 0 0 150 57.0 51.8 51.8
4737 0.4 60 0 0 4737 0.5 30 0 0 180 60.4 53.8 53.8
4737 0.4 60 0 0 4737 0.5 40 0 0 0 38.1 33.0 33.0
4737 0.4 60 0 0 4737 0.5 40 0 0 30 39.4 34.1 34.1
4737 0.4 60 0 0 4737 0.5 40 0 0 60 41.7 35.7 35.7
4737 0.4 60 0 0 4737 0.5 40 0 0 90 45.4 38.7 38.7
4737 0.4 60 0 0 4737 0.5 40 0 0 120 49.8 43.9 43.9
4737 0.4 60 0 0 4737 0.5 40 0 0 150 56.1 51.0 51.0
4737 0.4 60 0 0 4737 0.5 40 0 0 180 59.5 54.8 54.8
4737 0.4 60 0 0 4737 0.5 50 0 0 0 37.1 32.1 32.1
4737 0.4 60 0 0 4737 0.5 50 0 0 30 38.2 33.0 33.0
4737 0.4 60 0 0 4737 0.5 50 0 0 60 40.6 34.8 34.8
4737 0.4 60 0 0 4737 0.5 50 0 0 90 44.3 38.0 38.0
4737 0.4 60 0 0 4737 0.5 50 0 0 120 48.5 43.3 43.3
4737 0.4 60 0 0 4737 0.5 50 0 0 150 54.7 50.5 50.5
4737 0.4 60 0 0 4737 0.5 50 0 0 180 58.0 55.6 55.6
4737 0.4 60 0 0 4737 0.5 60 0 0 0 35.7 31.8 31.8
4737 0.4 60 0 0 4737 0.5 60 0 0 30 36.4 32.3 32.3
4737 0.4 60 0 0 4737 0.5 60 0 0 60 38.9 34.2 34.2
4737 0.4 60 0 0 4737 0.5 60 0 0 90 42.5 37.6 37.6
4737 0.4 60 0 0 4737 0.5 60 0 0 120 46.3 42.9 42.9
4737 0.4 60 0 0 4737 0.5 60 0 0 150 52.3 50.5 50.5
4737 0.4 60 0 0 4737 0.5 60 0 0 180 55.6 56.4 56.4
