4937 0.0 0 0 0 4737 0.0 0 0 0 0 62.7 55.3 55.3
4937 0.0 0 0 0 4737 0.0 0 0 0 30 62.8 55.4 55.4
4937 0.0 0 0 0 4737 0.0 0 0 0 60 62.6 55.2 55.2
4937 0.0 0 0 0 4737 0.0 0 0 0 90 62.3 54.9 54.9
4937 0.0 0 0 0 4737 0.0 0 0 0 120 61.9 54.7 54.7
4937 0.0 0 0 0 4737 0.0 0 0 0 150 61.6 54.6 54.6
4937 0.0 0 0 0 4737 0.0 0 0 0 180 61.5 54.6 54.6
4937 0.0 0 0 0 4737 0.0 10 0 0 0 62.6 55.0 55.0
4937 0.0 0 0 0 4737 0.0 10 0 0 30 62.7 55.2 55.2
4937 0.0 0 0 0 4737 0.0 10 0 0 60 62.5 55.0 55.0
4937 0.0 0 0 0 4737 0.0 10 0 0 90 62.2 54.8 54.8
4937 0.0 0 0 0 4737 0.0 10 0 0 120 61.9 54.6 54.6
4937 0.0 0 0 0 4737 0.0 10 0 0 150 61.6 54.3 54.3
4937 0.0 0 0 0 4737 0.0 10 0 0 180 61.5 54.3 54.3
4937 0.0 0 0 0 4737 0.0 20 0 0 0 62.4 54.1 54.1
4937 0.0 0 0 0 4737 0.0 20 0 0 30 62.6 54.2 54.2
4937 0.0 0 0 0 4737 0.0 20 0 0 60 62.4 54.1 54.1
4937 0.0 0 0 0 4737 0.0 20 0 0 90 62.0 53.8 53.8
4937 0.0 0 0 0 4737 0.0 20 0 0 120 61.7 53.5 53.5
4937 0.0 0 0 0 4737 0.0 20 0 0 150 61.4 53.3 53.3
4937 0.0 0 0 0 4737 0.0 20 0 0 180 61.3 53.3 53.3
4937 0.0 0 0 0 4737 0.0 30 0 0 0 62.1 52.4 52.4
4937 0.0 0 0 0 4737 0.0 30 0 0 30 62.3 52.6 52.6
4937 0.0 0 0 0 4737 0.0 30 0 0 60 62.0 52.3 52.3
4937 0.0 0 0 0 4737 0.0 30 0 0 90 61.7 51.7 51.7
4937 0.0 0 0 0 4737 0.0 30 0 0 120 61.4 51.2 51.2
4937 0.0 0 0 0 4737 0.0 30 0 0 150 61.1 50.9 50.9
4937 0.0 0 0 0 4737 0.0 30 0 0 180 60.9 50.8 50.8
4937 0.0 0 0 0 4737 0.0 40 0 0 0 61.6 52.5 52.5
4937 0.0 0 0 0 4737 0.0 40 0 0 30 61.8 52.6 52.6
4937 0.0 0 0 0 4737 0.0 40 0 0 60 61.5 52.4 52.4
4937 0.0 0 0 0 4737 0.0 40 0 0 90 61.2 51.8 51.8
4937 0.0 0 0 0 4737 0.0 40 0 0 120 60.9 51.3 51.3
4937 0.0 0 0 0 4737 0.0 40 0 0 150 60.5 50.9 50.9
4937 0.0 0 0 0 4737 0.0 40 0 0 180 60.4 50.8 50.8
4937 0.0 0 0 0 4737 0.0 50 0 0 0 60.9 53.3 53.3
4937 0.0 0 0 0 4737 0.0 50 0 0 30 61.0 53.3 53.3
4937 0.0 0 0 0 4737 0.0 50 0 0 60 60.8 53.0 53.0
4937 0.0 0 0 0 4737 0.0 50 0 0 90 60.4 52.5 52.5
4937 0.0 0 0 0 4737 0.0 50 0 0 120 60.0 52.1 52.1
4937 0.0 0 0 0 4737 0.0 50 0 0 150 59.8 51.7 51.7
4937 0.0 0 0 0 4737 0.0 50 0 0 180 59.7 51.6 51.6
4937 0.0 0 0 0 4737 0.0 60 0 0 0 59.5 53.9 53.9
4937 0.0 0 0 0 4737 0.0 60 0 0 30 59.6 54.1 54.1
4937 0.0 0 0 0 4737 0.0 60 0 0 60 59.4 54.0 54.0
4937 0.0 0 0 0 4737 0.0 60 0 0 90 59.1 53.7 53.7
4937 0.0 0 0 0 4737 0.0 60 0 0 120 58.8 53.5 53.5
4937 0.0 0 0 0 4737 0.0 60 0 0 150 58.6 53.2 53.2
4937 0.0 0 0 0 4737 0.0 60 0 0 180 58.5 53.1 53.1
4937 0.0 0 0 0 4737 0.1 0 0 0 0 62.7 55.1 55.1
4937 0.0 0 0 0 4737 0.1 0 0 0 30 62.8 55.3 55.3
4937 0.0 0 0 0 4737 0.1 0 0 0 60 62.6 55.2 55.2
4937 0.0 0 0 0 4737 0.1 0 0 0 90 62.4 54.9 54.9
4937 0.0 0 0 0 4737 0.1 0 0 0 120 62.1 54.7 54.7
4937 0.0 0 0 0 4737 0.1 0 0 0 150 61.6 54.5 54.5
4937 0.0 0 0 0 4737 0.1 0 0 0 180 61.5 54.4 54.4
4937 0.0 0 0 0 4737 0.1 10 0 0 0 62.6 54.9 54.9
4937 0.0 0 0 0 4737 0.1 10 0 0 30 62.7 55.0 55.0
4937 0.0 0 0 0 4737 0.1 10 0 0 60 62.6 55.0 55.0
4937 0.0 0 0 0 4737 0.1 10 0 0 90 62.3 54.8 54.8
4937 0.0 0 0 0 4737 0.1 10 0 0 120 62.0 54.5 54.5
4937 0.0 0 0 0 4737 0.1 10 0 0 150 61.6 54.3 54.3
4937 0.0 0 0 0 4737 0.1 10 0 0 180 61.5 54.2 54.2
4937 0.0 0 0 0 4737 0.1 20 0 0 0 62.5 54.0 54.0
4937 0.0 0 0 0 4737 0.1 20 0 0 30 62.6 54.2 54.2
4937 0.0 0 0 0 4737 0.1 20 0 0 60 62.4 54.2 54.2
4937 0.0 0 0 0 4737 0.1 20 0 0 90 62.1 53.9 53.9
4937 0.0 0 0 0 4737 0.1 20 0 0 120 61.8 53.6 53.6
4937 0.0 0 0 0 4737 0.1 20 0 0 150 61.4 53.3 53.3
4937 0.0 0 0 0 4737 0.1 20 0 0 180 61.3 53.1 53.1
4937 0.0 0 0 0 4737 0.1 30 0 0 0 62.1 52.3 52.3
4937 0.0 0 0 0 4737 0.1 30 0 0 30 62.3 52.5 52.5
4937 0.0 0 0 0 4737 0.1 30 0 0 60 62.1 52.4 52.4
4937 0.0 0 0 0 4737 0.1 30 0 0 90 61.8 52.0 52.0
4937 0.0 0 0 0 4737 0.1 30 0 0 120 61.5 51.5 51.5
4937 0.0 0 0 0 4737 0.1 30 0 0 150 61.1 50.9 50.9
4937 0.0 0 0 0 4737 0.1 30 0 0 180 61.0 50.6 50.6
4937 0.0 0 0 0 4737 0.1 40 0 0 0 61.7 52.4 52.4
4937 0.0 0 0 0 4737 0.1 40 0 0 30 61.8 52.5 52.5
4937 0.0 0 0 0 4737 0.1 40 0 0 60 61.7 52.5 52.5
4937 0.0 0 0 0 4737 0.1 40 0 0 90 61.3 52.1 52.1
4937 0.0 0 0 0 4737 0.1 40 0 0 120 61.0 51.6 51.6
4937 0.0 0 0 0 4737 0.1 40 0 0 150 60.5 51.1 51.1
4937 0.0 0 0 0 4737 0.1 40 0 0 180 60.4 50.7 50.7
4937 0.0 0 0 0 4737 0.1 50 0 0 0 61.0 53.2 53.2
4937 0.0 0 0 0 4737 0.1 50 0 0 30 61.1 53.4 53.4
4937 0.0 0 0 0 4737 0.1 50 0 0 60 60.9 53.3 53.3
4937 0.0 0 0 0 4737 0.1 50 0 0 90 60.6 52.8 52.8
4937 0.0 0 0 0 4737 0.1 50 0 0 120 60.2 52.3 52.3
4937 0.0 0 0 0 4737 0.1 50 0 0 150 59.8 51.8 51.8
4937 0.0 0 0 0 4737 0.1 50 0 0 180 59.7 51.4 51.4
4937 0.0 0 0 0 4737 0.1 60 0 0 0 59.6 53.8 53.8
4937 0.0 0 0 0 4737 0.1 60 0 0 30 59.8 54.0 54.0
4937 0.0 0 0 0 4737 0.1 60 0 0 60 59.7 54.0 54.0
4937 0.0 0 0 0 4737 0.1 60 0 0 90 59.4 53.9 53.9
4937 0.0 0 0 0 4737 0.1 60 0 0 120 59.1 53.6 53.6
4937 0.0 0 0 0 4737 0.1 60 0 0 150 58.6 53.2 53.2
4937 0.0 0 0 0 4737 0.1 60 0 0 180 58.5 52.9 52.9
4937 0.0 0 0 0 4737 0.2 0 0 0 0 62.7 55.0 55.0
4937 0.0 0 0 0 4737 0.2 0 0 0 30 62.8 55.1 55.1
4937 0.0 0 0 0 4737 0.2 0 0 0 60 62.7 55.1 55.1
4937 0.0 0 0 0 4737 0.2 0 0 0 90 62.5 54.9 54.9
4937 0.0 0 0 0 4737 0.2 0 0 0 120 62.1 54.7 54.7
4937 0.0 0 0 0 4737 0.2 0 0 0 150 61.7 54.4 54.4
4937 0.0 0 0 0 4737 0.2 0 0 0 180 61.5 54.2 54.2
4937 0.0 0 0 0 4737 0.2 10 0 0 0 62.7 54.7 54.7
4937 0.0 0 0 0 4737 0.2 10 0 0 30 62.8 54.8 54.8
4937 0.0 0 0 0 4737 0.2 10 0 0 60 62.7 54.9 54.9
4937 0.0 0 0 0 4737 0.2 10 0 0 90 62.4 54.7 54.7
4937 0.0 0 0 0 4737 0.2 10 0 0 120 62.1 54.5 54.5
4937 0.0 0 0 0 4737 0.2 10 0 0 150 61.6 54.2 54.2
4937 0.0 0 0 0 4737 0.2 10 0 0 180 61.5 53.9 53.9
4937 0.0 0 0 0 4737 0.2 20 0 0 0 62.5 53.9 53.9
4937 0.0 0 0 0 4737 0.2 20 0 0 30 62.6 54.1 54.1
4937 0.0 0 0 0 4737 0.2 20 0 0 60 62.5 54.1 54.1
4937 0.0 0 0 0 4737 0.2 20 0 0 90 62.2 53.9 53.9
4937 0.0 0 0 0 4737 0.2 20 0 0 120 61.9 53.6 53.6
4937 0.0 0 0 0 4737 0.2 20 0 0 150 61.5 53.2 53.2
4937 0.0 0 0 0 4737 0.2 20 0 0 180 61.3 52.8 52.8
4937 0.0 0 0 0 4737 0.2 30 0 0 0 62.2 52.3 52.3
4937 0.0 0 0 0 4737 0.2 30 0 0 30 62.3 52.4 52.4
4937 0.0 0 0 0 4737 0.2 30 0 0 60 62.2 52.4 52.4
4937 0.0 0 0 0 4737 0.2 30 0 0 90 61.9 52.2 52.2
4937 0.0 0 0 0 4737 0.2 30 0 0 120 61.6 51.8 51.8
4937 0.0 0 0 0 4737 0.2 30 0 0 150 61.1 51.1 51.1
4937 0.0 0 0 0 4737 0.2 30 0 0 180 61.0 50.6 50.6
4937 0.0 0 0 0 4737 0.2 40 0 0 0 61.8 52.4 52.4
4937 0.0 0 0 0 4737 0.2 40 0 0 30 61.9 52.5 52.5
4937 0.0 0 0 0 4737 0.2 40 0 0 60 61.8 52.5 52.5
4937 0.0 0 0 0 4737 0.2 40 0 0 90 61.5 52.4 52.4
4937 0.0 0 0 0 4737 0.2 40 0 0 120 61.1 51.9 51.9
4937 0.0 0 0 0 4737 0.2 40 0 0 150 60.6 51.3 51.3
4937 0.0 0 0 0 4737 0.2 40 0 0 180 60.4 50.7 50.7
4937 0.0 0 0 0 4737 0.2 50 0 0 0 61.1 53.0 53.0
4937 0.0 0 0 0 4737 0.2 50 0 0 30 61.2 53.2 53.2
4937 0.0 0 0 0 4737 0.2 50 0 0 60 61.1 53.3 53.3
4937 0.0 0 0 0 4737 0.2 50 0 0 90 60.8 53.1 53.1
4937 0.0 0 0 0 4737 0.2 50 0 0 120 60.4 52.6 52.6
4937 0.0 0 0 0 4737 0.2 50 0 0 150 59.8 52.0 52.0
4937 0.0 0 0 0 4737 0.2 50 0 0 180 59.6 51.4 51.4
4937 0.0 0 0 0 4737 0.2 60 0 0 0 59.7 53.6 53.6
4937 0.0 0 0 0 4737 0.2 60 0 0 30 59.9 53.8 53.8
4937 0.0 0 0 0 4737 0.2 60 0 0 60 59.9 53.9 53.9
4937 0.0 0 0 0 4737 0.2 60 0 0 90 59.8 53.9 53.9
4937 0.0 0 0 0 4737 0.2 60 0 0 120 59.3 53.6 53.6
4937 0.0 0 0 0 4737 0.2 60 0 0 150 58.8 53.2 53.2
4937 0.0 0 0 0 4737 0.2 60 0 0 180 58.4 52.7 52.7
4937 0.0 0 0 0 4737 0.3 0 0 0 0 62.8 54.8 54.8
4937 0.0 0 0 0 4737 0.3 0 0 0 30 62.9 54.9 54.9
4937 0.0 0 0 0 4737 0.3 0 0 0 60 62.8 54.9 54.9
4937 0.0 0 0 0 4737 0.3 0 0 0 90 62.6 54.8 54.8
4937 0.0 0 0 0 4737 0.3 0 0 0 120 62.2 54.6 54.6
4937 0.0 0 0 0 4737 0.3 0 0 0 150 61.7 54.3 54.3
4937 0.0 0 0 0 4737 0.3 0 0 0 180 61.6 53.9 53.9
4937 0.0 0 0 0 4737 0.3 10 0 0 0 62.7 54.5 54.5
4937 0.0 0 0 0 4737 0.3 10 0 0 30 62.8 54.7 54.7
4937 0.0 0 0 0 4737 0.3 10 0 0 60 62.7 54.7 54.7
4937 0.0 0 0 0 4737 0.3 10 0 0 90 62.5 54.6 54.6
4937 0.0 0 0 0 4737 0.3 10 0 0 120 62.2 54.5 54.5
4937 0.0 0 0 0 4737 0.3 10 0 0 150 61.7 54.1 54.1
4937 0.0 0 0 0 4737 0.3 10 0 0 180 61.5 53.7 53.7
4937 0.0 0 0 0 4737 0.3 20 0 0 0 62.6 53.7 53.7
4937 0.0 0 0 0 4737 0.3 20 0 0 30 62.6 53.8 53.8
4937 0.0 0 0 0 4737 0.3 20 0 0 60 62.6 54.0 54.0
4937 0.0 0 0 0 4737 0.3 20 0 0 90 62.3 53.9 53.9
4937 0.0 0 0 0 4737 0.3 20 0 0 120 62.0 53.5 53.5
4937 0.0 0 0 0 4737 0.3 20 0 0 150 61.5 53.0 53.0
4937 0.0 0 0 0 4737 0.3 20 0 0 180 61.3 52.3 52.3
4937 0.0 0 0 0 4737 0.3 30 0 0 0 62.3 52.5 52.5
4937 0.0 0 0 0 4737 0.3 30 0 0 30 62.4 52.5 52.5
4937 0.0 0 0 0 4737 0.3 30 0 0 60 62.3 52.5 52.5
4937 0.0 0 0 0 4737 0.3 30 0 0 90 62.1 52.3 52.3
4937 0.0 0 0 0 4737 0.3 30 0 0 120 61.7 52.0 52.0
4937 0.0 0 0 0 4737 0.3 30 0 0 150 61.2 51.5 51.5
4937 0.0 0 0 0 4737 0.3 30 0 0 180 61.0 50.8 50.8
4937 0.0 0 0 0 4737 0.3 40 0 0 0 61.8 52.5 52.5
4937 0.0 0 0 0 4737 0.3 40 0 0 30 62.0 52.6 52.6
4937 0.0 0 0 0 4737 0.3 40 0 0 60 61.9 52.6 52.6
4937 0.0 0 0 0 4737 0.3 40 0 0 90 61.7 52.5 52.5
4937 0.0 0 0 0 4737 0.3 40 0 0 120 61.3 52.2 52.2
4937 0.0 0 0 0 4737 0.3 40 0 0 150 60.6 51.7 51.7
4937 0.0 0 0 0 4737 0.3 40 0 0 180 60.4 51.0 51.0
4937 0.0 0 0 0 4737 0.3 50 0 0 0 61.2 52.8 52.8
4937 0.0 0 0 0 4737 0.3 50 0 0 30 61.3 53.0 53.0
4937 0.0 0 0 0 4737 0.3 50 0 0 60 61.3 53.3 53.3
4937 0.0 0 0 0 4737 0.3 50 0 0 90 61.1 53.3 53.3
4937 0.0 0 0 0 4737 0.3 50 0 0 120 60.7 53.0 53.0
4937 0.0 0 0 0 4737 0.3 50 0 0 150 60.0 52.3 52.3
4937 0.0 0 0 0 4737 0.3 50 0 0 180 59.5 51.5 51.5
4937 0.0 0 0 0 4737 0.3 60 0 0 0 59.7 53.3 53.3
4937 0.0 0 0 0 4737 0.3 60 0 0 30 59.9 53.6 53.6
4937 0.0 0 0 0 4737 0.3 60 0 0 60 60.0 53.8 53.8
4937 0.0 0 0 0 4737 0.3 60 0 0 90 60.0 53.9 53.9
4937 0.0 0 0 0 4737 0.3 60 0 0 120 59.7 53.7 53.7
4937 0.0 0 0 0 4737 0.3 60 0 0 150 59.0 53.3 53.3
4937 0.0 0 0 0 4737 0.3 60 0 0 180 58.3 52.6 52.6
4937 0.0 0 0 0 4737 0.4 0 0 0 0 62.8 54.5 54.5
4937 0.0 0 0 0 4737 0.4 0 0 0 30 62.8 54.6 54.6
4937 0.0 0 0 0 4737 0.4 0 0 0 60 62.9 54.6 54.6
4937 0.0 0 0 0 4737 0.4 0 0 0 90 62.7 54.6 54.6
4937 0.0 0 0 0 4737 0.4 0 0 0 120 62.4 54.5 54.5
4937 0.0 0 0 0 4737 0.4 0 0 0 150 61.8 54.1 54.1
4937 0.0 0 0 0 4737 0.4 0 0 0 180 61.6 53.6 53.6
4937 0.0 0 0 0 4737 0.4 10 0 0 0 62.8 54.3 54.3
4937 0.0 0 0 0 4737 0.4 10 0 0 30 62.8 54.4 54.4
4937 0.0 0 0 0 4737 0.4 10 0 0 60 62.8 54.5 54.5
4937 0.0 0 0 0 4737 0.4 10 0 0 90 62.6 54.4 54.4
4937 0.0 0 0 0 4737 0.4 10 0 0 120 62.3 54.3 54.3
4937 0.0 0 0 0 4737 0.4 10 0 0 150 61.7 54.0 54.0
4937 0.0 0 0 0 4737 0.4 10 0 0 180 61.5 53.3 53.3
4937 0.0 0 0 0 4737 0.4 20 0 0 0 62.6 53.4 53.4
4937 0.0 0 0 0 4737 0.4 20 0 0 30 62.7 53.5 53.5
4937 0.0 0 0 0 4737 0.4 20 0 0 60 62.7 53.6 53.6
4937 0.0 0 0 0 4737 0.4 20 0 0 90 62.5 53.5 53.5
4937 0.0 0 0 0 4737 0.4 20 0 0 120 62.2 53.1 53.1
4937 0.0 0 0 0 4737 0.4 20 0 0 150 61.5 52.6 52.6
4937 0.0 0 0 0 4737 0.4 20 0 0 180 61.3 51.7 51.7
4937 0.0 0 0 0 4737 0.4 30 0 0 0 62.4 52.9 52.9
4937 0.0 0 0 0 4737 0.4 30 0 0 30 62.4 52.8 52.8
4937 0.0 0 0 0 4737 0.4 30 0 0 60 62.4 52.8 52.8
4937 0.0 0 0 0 4737 0.4 30 0 0 90 62.3 52.6 52.6
4937 0.0 0 0 0 4737 0.4 30 0 0 120 61.9 52.3 52.3
4937 0.0 0 0 0 4737 0.4 30 0 0 150 61.2 51.7 51.7
4937 0.0 0 0 0 4737 0.4 30 0 0 180 60.9 51.0 51.0
4937 0.0 0 0 0 4737 0.4 40 0 0 0 62.0 52.7 52.7
4937 0.0 0 0 0 4737 0.4 40 0 0 30 62.0 52.8 52.8
4937 0.0 0 0 0 4737 0.4 40 0 0 60 62.1 52.9 52.9
4937 0.0 0 0 0 4737 0.4 40 0 0 90 61.9 52.8 52.8
4937 0.0 0 0 0 4737 0.4 40 0 0 120 61.5 52.5 52.5
4937 0.0 0 0 0 4737 0.4 40 0 0 150 60.8 51.9 51.9
4937 0.0 0 0 0 4737 0.4 40 0 0 180 60.3 51.2 51.2
4937 0.0 0 0 0 4737 0.4 50 0 0 0 61.2 52.8 52.8
4937 0.0 0 0 0 4737 0.4 50 0 0 30 61.4 52.9 52.9
4937 0.0 0 0 0 4737 0.4 50 0 0 60 61.4 53.1 53.1
4937 0.0 0 0 0 4737 0.4 50 0 0 90 61.4 53.3 53.3
4937 0.0 0 0 0 4737 0.4 50 0 0 120 61.0 53.2 53.2
4937 0.0 0 0 0 4737 0.4 50 0 0 150 60.2 52.7 52.7
4937 0.0 0 0 0 4737 0.4 50 0 0 180 59.4 51.8 51.8
4937 0.0 0 0 0 4737 0.4 60 0 0 0 59.4 53.1 53.1
4937 0.0 0 0 0 4737 0.4 60 0 0 30 59.6 53.2 53.2
4937 0.0 0 0 0 4737 0.4 60 0 0 60 59.9 53.4 53.4
4937 0.0 0 0 0 4737 0.4 60 0 0 90 60.0 53.6 53.6
4937 0.0 0 0 0 4737 0.4 60 0 0 120 60.0 53.7 53.7
4937 0.0 0 0 0 4737 0.4 60 0 0 150 59.3 53.5 53.5
4937 0.0 0 0 0 4737 0.4 60 0 0 180 58.0 52.6 52.6
4937 0.0 0 0 0 4737 0.5 0 0 0 0 62.9 53.9 53.9
4937 0.0 0 0 0 4737 0.5 0 0 0 30 62.9 54.0 54.0
4937 0.0 0 0 0 4737 0.5 0 0 0 60 62.9 54.0 54.0
4937 0.0 0 0 0 4737 0.5 0 0 0 90 62.8 54.1 54.1
4937 0.0 0 0 0 4737 0.5 0 0 0 120 62.5 54.1 54.1
4937 0.0 0 0 0 4737 0.5 0 0 0 150 61.9 53.7 53.7
4937 0.0 0 0 0 4737 0.5 0 0 0 180 61.5 52.8 52.8
4937 0.0 0 0 0 4737 0.5 10 0 0 0 62.8 53.6 53.6
4937 0.0 0 0 0 4737 0.5 10 0 0 30 62.9 53.7 53.7
4937 0.0 0 0 0 4737 0.5 10 0 0 60 62.9 53.8 53.8
4937 0.0 0 0 0 4737 0.5 10 0 0 90 62.8 53.8 53.8
4937 0.0 0 0 0 4737 0.5 10 0 0 120 62.5 53.8 53.8
4937 0.0 0 0 0 4737 0.5 10 0 0 150 61.8 53.5 53.5
4937 0.0 0 0 0 4737 0.5 10 0 0 180 61.4 52.5 52.5
4937 0.0 0 0 0 4737 0.5 20 0 0 0 62.7 53.8 53.8
4937 0.0 0 0 0 4737 0.5 20 0 0 30 62.8 53.9 53.9
4937 0.0 0 0 0 4737 0.5 20 0 0 60 62.8 53.9 53.9
4937 0.0 0 0 0 4737 0.5 20 0 0 90 62.7 53.7 53.7
4937 0.0 0 0 0 4737 0.5 20 0 0 120 62.4 53.4 53.4
4937 0.0 0 0 0 4737 0.5 20 0 0 150 61.6 52.7 52.7
4937 0.0 0 0 0 4737 0.5 20 0 0 180 61.1 51.5 51.5
4937 0.0 0 0 0 4737 0.5 30 0 0 0 62.4 53.4 53.4
4937 0.0 0 0 0 4737 0.5 30 0 0 30 62.5 53.5 53.5
4937 0.0 0 0 0 4737 0.5 30 0 0 60 62.5 53.4 53.4
4937 0.0 0 0 0 4737 0.5 30 0 0 90 62.5 53.3 53.3
4937 0.0 0 0 0 4737 0.5 30 0 0 120 62.2 52.9 52.9
4937 0.0 0 0 0 4737 0.5 30 0 0 150 61.4 52.3 52.3
4937 0.0 0 0 0 4737 0.5 30 0 0 180 60.7 51.1 51.1
4937 0.0 0 0 0 4737 0.5 40 0 0 0 62.0 53.0 53.0
4937 0.0 0 0 0 4737 0.5 40 0 0 30 62.1 53.1 53.1
4937 0.0 0 0 0 4737 0.5 40 0 0 60 62.2 53.2 53.2
4937 0.0 0 0 0 4737 0.5 40 0 0 90 62.1 53.2 53.2
4937 0.0 0 0 0 4737 0.5 40 0 0 120 61.9 53.0 53.0
4937 0.0 0 0 0 4737 0.5 40 0 0 150 61.0 52.5 52.5
4937 0.0 0 0 0 4737 0.5 40 0 0 180 60.1 51.4 51.4
4937 0.0 0 0 0 4737 0.5 50 0 0 0 61.2 52.8 52.8
4937 0.0 0 0 0 4737 0.5 50 0 0 30 61.3 53.0 53.0
4937 0.0 0 0 0 4737 0.5 50 0 0 60 61.4 53.1 53.1
4937 0.0 0 0 0 4737 0.5 50 0 0 90 61.5 53.2 53.2
4937 0.0 0 0 0 4737 0.5 50 0 0 120 61.5 53.3 53.3
4937 0.0 0 0 0 4737 0.5 50 0 0 150 60.5 52.9 52.9
4937 0.0 0 0 0 4737 0.5 50 0 0 180 59.2 52.0 52.0
4937 0.0 0 0 0 4737 0.5 60 0 0 0 59.6 52.9 52.9
4937 0.0 0 0 0 4737 0.5 60 0 0 30 59.8 53.0 53.0
4937 0.0 0 0 0 4737 0.5 60 0 0 60 60.0 53.2 53.2
4937 0.0 0 0 0 4737 0.5 60 0 0 90 60.2 53.3 53.3
4937 0.0 0 0 0 4737 0.5 60 0 0 120 60.2 53.4 53.4
4937 0.0 0 0 0 4737 0.5 60 0 0 150 59.6 53.5 53.5
4937 0.0 0 0 0 4737 0.5 60 0 0 180 57.9 52.7 52.7
4937 0.0 0 0 0 4937 0.0 0 0 0 0 40.5 34.8 34.8
4937 0.0 0 0 0 4937 0.0 0 0 0 30 48.9 43.1 43.1
4937 0.0 0 0 0 4937 0.0 0 0 0 60 57.2 51.5 51.5
4937 0.0 0 0 0 4937 0.0 0 0 0 90 65.5 59.9 59.9
4937 0.0 0 0 0 4937 0.0 0 0 0 120 73.7 66.5 66.5
4937 0.0 0 0 0 4937 0.0 0 0 0 150 77.1 66.6 66.6
4937 0.0 0 0 0 4937 0.0 0 0 0 180 77.1 66.5 66.5
4937 0.0 0 0 0 4937 0.0 10 0 0 0 40.4 35.3 35.3
4937 0.0 0 0 0 4937 0.0 10 0 0 30 48.8 42.9 42.9
4937 0.0 0 0 0 4937 0.0 10 0 0 60 57.0 51.3 51.3
4937 0.0 0 0 0 4937 0.0 10 0 0 90 65.3 59.7 59.7
4937 0.0 0 0 0 4937 0.0 10 0 0 120 73.6 65.9 65.9
4937 0.0 0 0 0 4937 0.0 10 0 0 150 77.0 66.3 66.3
4937 0.0 0 0 0 4937 0.0 10 0 0 180 77.0 66.2 66.2
4937 0.0 0 0 0 4937 0.0 20 0 0 0 40.2 36.8 36.8
4937 0.0 0 0 0 4937 0.0 20 0 0 30 48.5 42.1 42.1
4937 0.0 0 0 0 4937 0.0 20 0 0 60 56.8 50.5 50.5
4937 0.0 0 0 0 4937 0.0 20 0 0 90 65.1 58.6 58.6
4937 0.0 0 0 0 4937 0.0 20 0 0 120 73.4 63.8 63.8
4937 0.0 0 0 0 4937 0.0 20 0 0 150 76.7 65.0 65.0
4937 0.0 0 0 0 4937 0.0 20 0 0 180 76.7 65.0 65.0
4937 0.0 0 0 0 4937 0.0 30 0 0 0 39.9 38.5 38.5
4937 0.0 0 0 0 4937 0.0 30 0 0 30 48.1 41.9 41.9
4937 0.0 0 0 0 4937 0.0 30 0 0 60 56.4 48.6 48.6
4937 0.0 0 0 0 4937 0.0 30 0 0 90 64.7 54.9 54.9
4937 0.0 0 0 0 4937 0.0 30 0 0 120 73.0 59.8 59.8
4937 0.0 0 0 0 4937 0.0 30 0 0 150 76.2 61.9 61.9
4937 0.0 0 0 0 4937 0.0 30 0 0 180 76.2 61.9 61.9
4937 0.0 0 0 0 4937 0.0 40 0 0 0 39.9 40.2 40.2
4937 0.0 0 0 0 4937 0.0 40 0 0 30 47.6 42.7 42.7
4937 0.0 0 0 0 4937 0.0 40 0 0 60 55.9 48.3 48.3
4937 0.0 0 0 0 4937 0.0 40 0 0 90 64.1 54.1 54.1
4937 0.0 0 0 0 4937 0.0 40 0 0 120 72.4 58.9 58.9
4937 0.0 0 0 0 4937 0.0 40 0 0 150 75.4 61.6 61.6
4937 0.0 0 0 0 4937 0.0 40 0 0 180 75.4 61.9 61.9
4937 0.0 0 0 0 4937 0.0 50 0 0 0 40.1 42.0 42.0
4937 0.0 0 0 0 4937 0.0 50 0 0 30 46.8 44.1 44.1
4937 0.0 0 0 0 4937 0.0 50 0 0 60 55.1 48.6 48.6
4937 0.0 0 0 0 4937 0.0 50 0 0 90 63.4 54.1 54.1
4937 0.0 0 0 0 4937 0.0 50 0 0 120 71.3 58.8 58.8
4937 0.0 0 0 0 4937 0.0 50 0 0 150 74.2 61.7 61.7
4937 0.0 0 0 0 4937 0.0 50 0 0 180 74.2 62.8 62.8
4937 0.0 0 0 0 4937 0.0 60 0 0 0 40.7 44.3 44.3
4937 0.0 0 0 0 4937 0.0 60 0 0 30 45.8 46.2 46.2
4937 0.0 0 0 0 4937 0.0 60 0 0 60 53.9 49.9 49.9
4937 0.0 0 0 0 4937 0.0 60 0 0 90 62.2 54.7 54.7
4937 0.0 0 0 0 4937 0.0 60 0 0 120 69.3 59.4 59.4
4937 0.0 0 0 0 4937 0.0 60 0 0 150 72.3 62.3 62.3
4937 0.0 0 0 0 4937 0.0 60 0 0 180 72.3 63.4 63.4
4937 0.0 0 0 0 4937 0.1 0 0 0 0 41.2 35.3 35.3
4937 0.0 0 0 0 4937 0.1 0 0 0 30 47.4 41.5 41.5
4937 0.0 0 0 0 4937 0.1 0 0 0 60 54.5 48.8 48.8
4937 0.0 0 0 0 4937 0.1 0 0 0 90 62.3 56.6 56.6
4937 0.0 0 0 0 4937 0.1 0 0 0 120 70.9 64.8 64.8
4937 0.0 0 0 0 4937 0.1 0 0 0 150 77.1 66.4 66.4
4937 0.0 0 0 0 4937 0.1 0 0 0 180 77.1 66.3 66.3
4937 0.0 0 0 0 4937 0.1 10 0 0 0 41.2 35.6 35.6
4937 0.0 0 0 0 4937 0.1 10 0 0 30 47.3 41.3 41.3
4937 0.0 0 0 0 4937 0.1 10 0 0 60 54.4 48.5 48.5
4937 0.0 0 0 0 4937 0.1 10 0 0 90 62.2 56.4 56.4
4937 0.0 0 0 0 4937 0.1 10 0 0 120 70.8 63.5 63.5
4937 0.0 0 0 0 4937 0.1 10 0 0 150 77.0 66.1 66.1
4937 0.0 0 0 0 4937 0.1 10 0 0 180 77.0 66.1 66.1
4937 0.0 0 0 0 4937 0.1 20 0 0 0 41.1 36.7 36.7
4937 0.0 0 0 0 4937 0.1 20 0 0 30 47.0 40.6 40.6
4937 0.0 0 0 0 4937 0.1 20 0 0 60 54.2 47.8 47.8
4937 0.0 0 0 0 4937 0.1 20 0 0 90 61.9 55.4 55.4
4937 0.0 0 0 0 4937 0.1 20 0 0 120 70.5 61.3 61.3
4937 0.0 0 0 0 4937 0.1 20 0 0 150 76.7 64.7 64.7
4937 0.0 0 0 0 4937 0.1 20 0 0 180 76.7 64.8 64.8
4937 0.0 0 0 0 4937 0.1 30 0 0 0 41.0 38.3 38.3
4937 0.0 0 0 0 4937 0.1 30 0 0 30 46.6 40.6 40.6
4937 0.0 0 0 0 4937 0.1 30 0 0 60 53.8 45.8 45.8
4937 0.0 0 0 0 4937 0.1 30 0 0 90 61.5 51.8 51.8
4937 0.0 0 0 0 4937 0.1 30 0 0 120 70.1 57.3 57.3
4937 0.0 0 0 0 4937 0.1 30 0 0 150 76.2 61.0 61.0
4937 0.0 0 0 0 4937 0.1 30 0 0 180 76.2 61.7 61.7
4937 0.0 0 0 0 4937 0.1 40 0 0 0 40.9 40.1 40.1
4937 0.0 0 0 0 4937 0.1 40 0 0 30 46.1 41.8 41.8
4937 0.0 0 0 0 4937 0.1 40 0 0 60 53.2 45.5 45.5
4937 0.0 0 0 0 4937 0.1 40 0 0 90 61.0 51.0 51.0
4937 0.0 0 0 0 4937 0.1 40 0 0 120 69.6 56.2 56.2
4937 0.0 0 0 0 4937 0.1 40 0 0 150 75.4 60.1 60.1
4937 0.0 0 0 0 4937 0.1 40 0 0 180 75.5 61.6 61.6
4937 0.0 0 0 0 4937 0.1 50 0 0 0 40.9 41.8 41.8
4937 0.0 0 0 0 4937 0.1 50 0 0 30 45.5 43.3 43.3
4937 0.0 0 0 0 4937 0.1 50 0 0 60 52.5 46.3 46.3
4937 0.0 0 0 0 4937 0.1 50 0 0 90 60.2 51.0 51.0
4937 0.0 0 0 0 4937 0.1 50 0 0 120 68.8 56.1 56.1
4937 0.0 0 0 0 4937 0.1 50 0 0 150 74.1 60.2 60.2
4937 0.0 0 0 0 4937 0.1 50 0 0 180 74.3 62.5 62.5
4937 0.0 0 0 0 4937 0.1 60 0 0 0 41.2 44.1 44.1
4937 0.0 0 0 0 4937 0.1 60 0 0 30 45.1 45.4 45.4
4937 0.0 0 0 0 4937 0.1 60 0 0 60 51.3 48.0 48.0
4937 0.0 0 0 0 4937 0.1 60 0 0 90 59.1 51.7 51.7
4937 0.0 0 0 0 4937 0.1 60 0 0 120 67.4 56.6 56.6
4937 0.0 0 0 0 4937 0.1 60 0 0 150 72.0 60.7 60.7
4937 0.0 0 0 0 4937 0.1 60 0 0 180 72.3 63.1 63.1
4937 0.0 0 0 0 4937 0.2 0 0 0 0 43.1 37.1 37.1
4937 0.0 0 0 0 4937 0.2 0 0 0 30 46.1 40.1 40.1
4937 0.0 0 0 0 4937 0.2 0 0 0 60 52.1 46.2 46.2
4937 0.0 0 0 0 4937 0.2 0 0 0 90 59.2 53.4 53.4
4937 0.0 0 0 0 4937 0.2 0 0 0 120 67.9 61.7 61.7
4937 0.0 0 0 0 4937 0.2 0 0 0 150 75.6 66.1 66.1
4937 0.0 0 0 0 4937 0.2 0 0 0 180 77.1 66.1 66.1
4937 0.0 0 0 0 4937 0.2 10 0 0 0 43.1 36.9 36.9
4937 0.0 0 0 0 4937 0.2 10 0 0 30 46.0 40.2 40.2
4937 0.0 0 0 0 4937 0.2 10 0 0 60 52.0 46.0 46.0
4937 0.0 0 0 0 4937 0.2 10 0 0 90 59.1 53.2 53.2
4937 0.0 0 0 0 4937 0.2 10 0 0 120 67.7 60.5 60.5
4937 0.0 0 0 0 4937 0.2 10 0 0 150 75.6 65.4 65.4
4937 0.0 0 0 0 4937 0.2 10 0 0 180 77.0 65.8 65.8
4937 0.0 0 0 0 4937 0.2 20 0 0 0 43.0 37.0 37.0
4937 0.0 0 0 0 4937 0.2 20 0 0 30 45.8 40.1 40.1
4937 0.0 0 0 0 4937 0.2 20 0 0 60 51.7 45.2 45.2
4937 0.0 0 0 0 4937 0.2 20 0 0 90 58.8 52.0 52.0
4937 0.0 0 0 0 4937 0.2 20 0 0 120 67.5 58.3 58.3
4937 0.0 0 0 0 4937 0.2 20 0 0 150 75.4 63.3 63.3
4937 0.0 0 0 0 4937 0.2 20 0 0 180 76.8 64.5 64.5
4937 0.0 0 0 0 4937 0.2 30 0 0 0 42.9 38.3 38.3
4937 0.0 0 0 0 4937 0.2 30 0 0 30 45.6 40.1 40.1
4937 0.0 0 0 0 4937 0.2 30 0 0 60 51.4 43.5 43.5
4937 0.0 0 0 0 4937 0.2 30 0 0 90 58.4 48.7 48.7
4937 0.0 0 0 0 4937 0.2 30 0 0 120 67.1 54.5 54.5
4937 0.0 0 0 0 4937 0.2 30 0 0 150 75.0 59.6 59.6
4937 0.0 0 0 0 4937 0.2 30 0 0 180 76.3 61.7 61.7
4937 0.0 0 0 0 4937 0.2 40 0 0 0 42.8 39.9 39.9
4937 0.0 0 0 0 4937 0.2 40 0 0 30 45.3 41.3 41.3
4937 0.0 0 0 0 4937 0.2 40 0 0 60 50.8 43.8 43.8
4937 0.0 0 0 0 4937 0.2 40 0 0 90 57.9 48.0 48.0
4937 0.0 0 0 0 4937 0.2 40 0 0 120 66.6 53.6 53.6
4937 0.0 0 0 0 4937 0.2 40 0 0 150 74.2 58.6 58.6
4937 0.0 0 0 0 4937 0.2 40 0 0 180 75.5 61.6 61.6
4937 0.0 0 0 0 4937 0.2 50 0 0 0 42.7 41.6 41.6
4937 0.0 0 0 0 4937 0.2 50 0 0 30 45.2 42.8 42.8
4937 0.0 0 0 0 4937 0.2 50 0 0 60 50.1 45.0 45.0
4937 0.0 0 0 0 4937 0.2 50 0 0 90 57.1 48.3 48.3
4937 0.0 0 0 0 4937 0.2 50 0 0 120 65.8 53.4 53.4
4937 0.0 0 0 0 4937 0.2 50 0 0 150 73.0 58.5 58.5
4937 0.0 0 0 0 4937 0.2 50 0 0 180 74.3 61.9 61.9
4937 0.0 0 0 0 4937 0.2 60 0 0 0 42.7 43.7 43.7
4937 0.0 0 0 0 4937 0.2 60 0 0 30 45.0 44.8 44.8
4937 0.0 0 0 0 4937 0.2 60 0 0 60 49.5 46.7 46.7
4937 0.0 0 0 0 4937 0.2 60 0 0 90 56.0 49.6 49.6
4937 0.0 0 0 0 4937 0.2 60 0 0 120 64.5 53.7 53.7
4937 0.0 0 0 0 4937 0.2 60 0 0 150 70.9 58.8 58.8
4937 0.0 0 0 0 4937 0.2 60 0 0 180 72.3 62.5 62.5
4937 0.0 0 0 0 4937 0.3 0 0 0 0 45.2 39.0 39.0
4937 0.0 0 0 0 4937 0.3 0 0 0 30 46.4 40.2 40.2
4937 0.0 0 0 0 4937 0.3 0 0 0 60 49.9 43.9 43.9
4937 0.0 0 0 0 4937 0.3 0 0 0 90 56.1 50.2 50.2
4937 0.0 0 0 0 4937 0.3 0 0 0 120 64.6 58.3 58.3
4937 0.0 0 0 0 4937 0.3 0 0 0 150 73.5 64.7 64.7
4937 0.0 0 0 0 4937 0.3 0 0 0 180 77.1 65.8 65.8
4937 0.0 0 0 0 4937 0.3 10 0 0 0 45.2 38.9 38.9
4937 0.0 0 0 0 4937 0.3 10 0 0 30 46.3 40.1 40.1
4937 0.0 0 0 0 4937 0.3 10 0 0 60 49.8 43.7 43.7
4937 0.0 0 0 0 4937 0.3 10 0 0 90 56.0 50.0 50.0
4937 0.0 0 0 0 4937 0.3 10 0 0 120 64.5 57.2 57.2
4937 0.0 0 0 0 4937 0.3 10 0 0 150 73.5 63.5 63.5
4937 0.0 0 0 0 4937 0.3 10 0 0 180 77.0 65.5 65.5
4937 0.0 0 0 0 4937 0.3 20 0 0 0 45.1 38.5 38.5
4937 0.0 0 0 0 4937 0.3 20 0 0 30 46.3 39.9 39.9
4937 0.0 0 0 0 4937 0.3 20 0 0 60 49.5 43.4 43.4
4937 0.0 0 0 0 4937 0.3 20 0 0 90 55.8 48.6 48.6
4937 0.0 0 0 0 4937 0.3 20 0 0 120 64.3 54.9 54.9
4937 0.0 0 0 0 4937 0.3 20 0 0 150 73.3 61.2 61.2
4937 0.0 0 0 0 4937 0.3 20 0 0 180 76.8 64.1 64.1
4937 0.0 0 0 0 4937 0.3 30 0 0 0 45.0 38.9 38.9
4937 0.0 0 0 0 4937 0.3 30 0 0 30 46.2 40.0 40.0
4937 0.0 0 0 0 4937 0.3 30 0 0 60 49.3 42.3 42.3
4937 0.0 0 0 0 4937 0.3 30 0 0 90 55.4 45.9 45.9
4937 0.0 0 0 0 4937 0.3 30 0 0 120 63.9 51.8 51.8
4937 0.0 0 0 0 4937 0.3 30 0 0 150 72.8 57.9 57.9
4937 0.0 0 0 0 4937 0.3 30 0 0 180 76.2 61.7 61.7
4937 0.0 0 0 0 4937 0.3 40 0 0 0 44.9 40.0 40.0
4937 0.0 0 0 0 4937 0.3 40 0 0 30 46.1 41.0 41.0
4937 0.0 0 0 0 4937 0.3 40 0 0 60 49.0 42.9 42.9
4937 0.0 0 0 0 4937 0.3 40 0 0 90 54.8 45.8 45.8
4937 0.0 0 0 0 4937 0.3 40 0 0 120 63.3 50.8 50.8
4937 0.0 0 0 0 4937 0.3 40 0 0 150 72.2 56.9 56.9
4937 0.0 0 0 0 4937 0.3 40 0 0 180 75.4 61.3 61.3
4937 0.0 0 0 0 4937 0.3 50 0 0 0 44.8 41.4 41.4
4937 0.0 0 0 0 4937 0.3 50 0 0 30 46.1 42.3 42.3
4937 0.0 0 0 0 4937 0.3 50 0 0 60 48.8 44.0 44.0
4937 0.0 0 0 0 4937 0.3 50 0 0 90 54.1 46.5 46.5
4937 0.0 0 0 0 4937 0.3 50 0 0 120 62.6 50.5 50.5
4937 0.0 0 0 0 4937 0.3 50 0 0 150 71.1 56.6 56.6
4937 0.0 0 0 0 4937 0.3 50 0 0 180 74.1 61.4 61.4
4937 0.0 0 0 0 4937 0.3 60 0 0 0 44.8 43.3 43.3
4937 0.0 0 0 0 4937 0.3 60 0 0 30 46.0 44.2 44.2
4937 0.0 0 0 0 4937 0.3 60 0 0 60 48.6 45.6 45.6
4937 0.0 0 0 0 4937 0.3 60 0 0 90 53.4 47.8 47.8
4937 0.0 0 0 0 4937 0.3 60 0 0 120 61.2 51.3 51.3
4937 0.0 0 0 0 4937 0.3 60 0 0 150 69.1 56.7 56.7
4937 0.0 0 0 0 4937 0.3 60 0 0 180 71.9 61.6 61.6
4937 0.0 0 0 0 4937 0.4 0 0 0 0 47.3 41.0 41.0
4937 0.0 0 0 0 4937 0.4 0 0 0 30 47.9 41.6 41.6
4937 0.0 0 0 0 4937 0.4 0 0 0 60 49.3 43.1 43.1
4937 0.0 0 0 0 4937 0.4 0 0 0 90 53.2 47.1 47.1
4937 0.0 0 0 0 4937 0.4 0 0 0 120 61.2 54.7 54.7
4937 0.0 0 0 0 4937 0.4 0 0 0 150 71.0 62.4 62.4
4937 0.0 0 0 0 4937 0.4 0 0 0 180 76.6 65.4 65.4
4937 0.0 0 0 0 4937 0.4 10 0 0 0 47.3 40.9 40.9
4937 0.0 0 0 0 4937 0.4 10 0 0 30 47.9 41.4 41.4
4937 0.0 0 0 0 4937 0.4 10 0 0 60 49.3 43.0 43.0
4937 0.0 0 0 0 4937 0.4 10 0 0 90 53.1 46.9 46.9
4937 0.0 0 0 0 4937 0.4 10 0 0 120 61.1 53.6 53.6
4937 0.0 0 0 0 4937 0.4 10 0 0 150 71.0 61.1 61.1
4937 0.0 0 0 0 4937 0.4 10 0 0 180 76.5 65.1 65.1
4937 0.0 0 0 0 4937 0.4 20 0 0 0 47.3 40.5 40.5
4937 0.0 0 0 0 4937 0.4 20 0 0 30 47.8 40.8 40.8
4937 0.0 0 0 0 4937 0.4 20 0 0 60 49.2 42.1 42.1
4937 0.0 0 0 0 4937 0.4 20 0 0 90 52.9 45.3 45.3
4937 0.0 0 0 0 4937 0.4 20 0 0 120 60.9 50.9 50.9
4937 0.0 0 0 0 4937 0.4 20 0 0 150 70.7 58.2 58.2
4937 0.0 0 0 0 4937 0.4 20 0 0 180 76.2 63.2 63.2
4937 0.0 0 0 0 4937 0.4 30 0 0 0 47.2 40.5 40.5
4937 0.0 0 0 0 4937 0.4 30 0 0 30 47.8 40.5 40.5
4937 0.0 0 0 0 4937 0.4 30 0 0 60 49.1 41.8 41.8
4937 0.0 0 0 0 4937 0.4 30 0 0 90 52.6 44.3 44.3
4937 0.0 0 0 0 4937 0.4 30 0 0 120 60.5 48.9 48.9
4937 0.0 0 0 0 4937 0.4 30 0 0 150 70.3 56.1 56.1
4937 0.0 0 0 0 4937 0.4 30 0 0 180 75.6 61.7 61.7
4937 0.0 0 0 0 4937 0.4 40 0 0 0 47.2 41.0 41.0
4937 0.0 0 0 0 4937 0.4 40 0 0 30 47.7 41.1 41.1
4937 0.0 0 0 0 4937 0.4 40 0 0 60 49.1 42.4 42.4
4937 0.0 0 0 0 4937 0.4 40 0 0 90 52.3 44.5 44.5
4937 0.0 0 0 0 4937 0.4 40 0 0 120 59.9 48.2 48.2
4937 0.0 0 0 0 4937 0.4 40 0 0 150 69.6 55.1 55.1
4937 0.0 0 0 0 4937 0.4 40 0 0 180 74.8 61.1 61.1
4937 0.0 0 0 0 4937 0.4 50 0 0 0 47.1 42.0 42.0
4937 0.0 0 0 0 4937 0.4 50 0 0 30 47.7 42.2 42.2
4937 0.0 0 0 0 4937 0.4 50 0 0 60 49.1 43.4 43.4
4937 0.0 0 0 0 4937 0.4 50 0 0 90 52.1 45.3 45.3
4937 0.0 0 0 0 4937 0.4 50 0 0 120 59.1 48.5 48.5
4937 0.0 0 0 0 4937 0.4 50 0 0 150 68.6 54.6 54.6
4937 0.0 0 0 0 4937 0.4 50 0 0 180 73.4 60.8 60.8
4937 0.0 0 0 0 4937 0.4 60 0 0 0 47.1 43.4 43.4
4937 0.0 0 0 0 4937 0.4 60 0 0 30 47.7 43.6 43.6
4937 0.0 0 0 0 4937 0.4 60 0 0 60 49.1 44.7 44.7
4937 0.0 0 0 0 4937 0.4 60 0 0 90 51.9 46.5 46.5
4937 0.0 0 0 0 4937 0.4 60 0 0 120 58.1 49.3 49.3
4937 0.0 0 0 0 4937 0.4 60 0 0 150 66.5 54.5 54.5
4937 0.0 0 0 0 4937 0.4 60 0 0 180 70.7 60.8 60.8
4937 0.0 0 0 0 4937 0.5 0 0 0 0 49.4 43.0 43.0
4937 0.0 0 0 0 4937 0.5 0 0 0 30 49.8 43.4 43.4
4937 0.0 0 0 0 4937 0.5 0 0 0 60 50.4 44.1 44.1
4937 0.0 0 0 0 4937 0.5 0 0 0 90 52.1 45.8 45.8
4937 0.0 0 0 0 4937 0.5 0 0 0 120 57.7 50.7 50.7
4937 0.0 0 0 0 4937 0.5 0 0 0 150 68.1 59.2 59.2
4937 0.0 0 0 0 4937 0.5 0 0 0 180 75.4 64.6 64.6
4937 0.0 0 0 0 4937 0.5 10 0 0 0 49.4 42.9 42.9
4937 0.0 0 0 0 4937 0.5 10 0 0 30 49.8 43.2 43.2
4937 0.0 0 0 0 4937 0.5 10 0 0 60 50.4 43.9 43.9
4937 0.0 0 0 0 4937 0.5 10 0 0 90 52.1 45.3 45.3
4937 0.0 0 0 0 4937 0.5 10 0 0 120 57.6 49.4 49.4
4937 0.0 0 0 0 4937 0.5 10 0 0 150 68.0 57.7 57.7
4937 0.0 0 0 0 4937 0.5 10 0 0 180 75.3 64.2 64.2
4937 0.0 0 0 0 4937 0.5 20 0 0 0 49.4 42.6 42.6
4937 0.0 0 0 0 4937 0.5 20 0 0 30 49.7 42.7 42.7
4937 0.0 0 0 0 4937 0.5 20 0 0 60 50.4 43.0 43.0
4937 0.0 0 0 0 4937 0.5 20 0 0 90 52.0 44.0 44.0
4937 0.0 0 0 0 4937 0.5 20 0 0 120 57.3 47.7 47.7
4937 0.0 0 0 0 4937 0.5 20 0 0 150 67.8 55.5 55.5
4937 0.0 0 0 0 4937 0.5 20 0 0 180 74.9 62.7 62.7
4937 0.0 0 0 0 4937 0.5 30 0 0 0 49.4 42.4 42.4
4937 0.0 0 0 0 4937 0.5 30 0 0 30 49.7 42.4 42.4
4937 0.0 0 0 0 4937 0.5 30 0 0 60 50.4 42.5 42.5
4937 0.0 0 0 0 4937 0.5 30 0 0 90 52.0 43.6 43.6
4937 0.0 0 0 0 4937 0.5 30 0 0 120 56.9 46.8 46.8
4937 0.0 0 0 0 4937 0.5 30 0 0 150 67.3 54.0 54.0
4937 0.0 0 0 0 4937 0.5 30 0 0 180 74.3 61.6 61.6
4937 0.0 0 0 0 4937 0.5 40 0 0 0 49.4 42.7 42.7
4937 0.0 0 0 0 4937 0.5 40 0 0 30 49.7 42.5 42.5
4937 0.0 0 0 0 4937 0.5 40 0 0 60 50.4 42.5 42.5
4937 0.0 0 0 0 4937 0.5 40 0 0 90 51.9 43.8 43.8
4937 0.0 0 0 0 4937 0.5 40 0 0 120 56.6 46.7 46.7
4937 0.0 0 0 0 4937 0.5 40 0 0 150 66.5 53.0 53.0
4937 0.0 0 0 0 4937 0.5 40 0 0 180 73.4 60.8 60.8
4937 0.0 0 0 0 4937 0.5 50 0 0 0 49.4 43.3 43.3
4937 0.0 0 0 0 4937 0.5 50 0 0 30 49.8 43.0 43.0
4937 0.0 0 0 0 4937 0.5 50 0 0 60 50.4 43.2 43.2
4937 0.0 0 0 0 4937 0.5 50 0 0 90 51.9 44.4 44.4
4937 0.0 0 0 0 4937 0.5 50 0 0 120 56.3 47.0 47.0
4937 0.0 0 0 0 4937 0.5 50 0 0 150 65.5 52.4 52.4
4937 0.0 0 0 0 4937 0.5 50 0 0 180 71.9 60.4 60.4
4937 0.0 0 0 0 4937 0.5 60 0 0 0 49.5 44.1 44.1
4937 0.0 0 0 0 4937 0.5 60 0 0 30 49.8 43.9 43.9
4937 0.0 0 0 0 4937 0.5 60 0 0 60 50.5 44.1 44.1
4937 0.0 0 0 0 4937 0.5 60 0 0 90 51.9 45.3 45.3
4937 0.0 0 0 0 4937 0.5 60 0 0 120 55.7 47.7 47.7
4937 0.0 0 0 0 4937 0.5 60 0 0 150 63.7 52.5 52.5
4937 0.0 0 0 0 4937 0.5 60 0 0 180 69.1 60.1 60.1
