4737 0.0 10 0 0 4737 0.0 0 0 0 0 39.9 34.8 34.8
4737 0.0 10 0 0 4737 0.0 0 0 0 30 48.2 42.2 42.2
4737 0.0 10 0 0 4737 0.0 0 0 0 60 56.5 50.5 50.5
4737 0.0 10 0 0 4737 0.0 0 0 0 90 64.8 58.9 58.9
4737 0.0 10 0 0 4737 0.0 0 0 0 120 73.1 64.2 64.2
4737 0.0 10 0 0 4737 0.0 0 0 0 150 75.9 64.6 64.6
4737 0.0 10 0 0 4737 0.0 0 0 0 180 75.9 64.6 64.6
4737 0.0 10 0 0 4737 0.0 10 0 0 0 39.7 33.7 33.7
4737 0.0 10 0 0 4737 0.0 10 0 0 30 48.1 42.0 42.0
4737 0.0 10 0 0 4737 0.0 10 0 0 60 56.4 50.3 50.3
4737 0.0 10 0 0 4737 0.0 10 0 0 90 64.7 58.6 58.6
4737 0.0 10 0 0 4737 0.0 10 0 0 120 73.0 63.9 63.9
4737 0.0 10 0 0 4737 0.0 10 0 0 150 75.8 64.2 64.2
4737 0.0 10 0 0 4737 0.0 10 0 0 180 75.8 64.3 64.3
4737 0.0 10 0 0 4737 0.0 20 0 0 0 39.5 34.0 34.0
4737 0.0 10 0 0 4737 0.0 20 0 0 30 47.8 41.2 41.2
4737 0.0 10 0 0 4737 0.0 20 0 0 60 56.1 49.5 49.5
4737 0.0 10 0 0 4737 0.0 20 0 0 90 64.4 56.9 56.9
4737 0.0 10 0 0 4737 0.0 20 0 0 120 72.7 62.1 62.1
4737 0.0 10 0 0 4737 0.0 20 0 0 150 75.5 62.8 62.8
4737 0.0 10 0 0 4737 0.0 20 0 0 180 75.5 62.9 62.9
4737 0.0 10 0 0 4737 0.0 30 0 0 0 39.1 35.5 35.5
4737 0.0 10 0 0 4737 0.0 30 0 0 30 47.4 40.2 40.2
4737 0.0 10 0 0 4737 0.0 30 0 0 60 55.7 46.9 46.9
4737 0.0 10 0 0 4737 0.0 30 0 0 90 64.0 53.3 53.3
4737 0.0 10 0 0 4737 0.0 30 0 0 120 72.3 58.5 58.5
4737 0.0 10 0 0 4737 0.0 30 0 0 150 75.0 59.8 59.8
4737 0.0 10 0 0 4737 0.0 30 0 0 180 75.0 59.9 59.9
4737 0.0 10 0 0 4737 0.0 40 0 0 0 39.0 37.2 37.2
4737 0.0 10 0 0 4737 0.0 40 0 0 30 46.8 40.6 40.6
4737 0.0 10 0 0 4737 0.0 40 0 0 60 55.1 46.6 46.6
4737 0.0 10 0 0 4737 0.0 40 0 0 90 63.4 52.6 52.6
4737 0.0 10 0 0 4737 0.0 40 0 0 120 71.7 57.7 57.7
4737 0.0 10 0 0 4737 0.0 40 0 0 150 74.2 59.9 59.9
4737 0.0 10 0 0 4737 0.0 40 0 0 180 74.2 59.9 59.9
4737 0.0 10 0 0 4737 0.0 50 0 0 0 39.3 38.9 38.9
4737 0.0 10 0 0 4737 0.0 50 0 0 30 46.0 41.7 41.7
4737 0.0 10 0 0 4737 0.0 50 0 0 60 54.3 46.9 46.9
4737 0.0 10 0 0 4737 0.0 50 0 0 90 62.6 52.6 52.6
4737 0.0 10 0 0 4737 0.0 50 0 0 120 70.5 57.8 57.8
4737 0.0 10 0 0 4737 0.0 50 0 0 150 72.9 60.6 60.6
4737 0.0 10 0 0 4737 0.0 50 0 0 180 72.9 61.0 61.0
4737 0.0 10 0 0 4737 0.0 60 0 0 0 39.8 41.1 41.1
4737 0.0 10 0 0 4737 0.0 60 0 0 30 45.0 43.6 43.6
4737 0.0 10 0 0 4737 0.0 60 0 0 60 53.1 47.8 47.8
4737 0.0 10 0 0 4737 0.0 60 0 0 90 61.4 53.2 53.2
4737 0.0 10 0 0 4737 0.0 60 0 0 120 68.1 58.3 58.3
4737 0.0 10 0 0 4737 0.0 60 0 0 150 70.8 61.4 61.4
4737 0.0 10 0 0 4737 0.0 60 0 0 180 70.8 62.5 62.5
4737 0.0 10 0 0 4737 0.1 0 0 0 0 40.5 35.1 35.1
4737 0.0 10 0 0 4737 0.1 0 0 0 30 46.7 40.6 40.6
4737 0.0 10 0 0 4737 0.1 0 0 0 60 53.9 47.8 47.8
4737 0.0 10 0 0 4737 0.1 0 0 0 90 61.7 55.6 55.6
4737 0.0 10 0 0 4737 0.1 0 0 0 120 70.3 63.1 63.1
4737 0.0 10 0 0 4737 0.1 0 0 0 150 75.9 64.3 64.3
4737 0.0 10 0 0 4737 0.1 0 0 0 180 75.9 64.4 64.4
4737 0.0 10 0 0 4737 0.1 10 0 0 0 40.5 34.3 34.3
4737 0.0 10 0 0 4737 0.1 10 0 0 30 46.6 40.4 40.4
4737 0.0 10 0 0 4737 0.1 10 0 0 60 53.7 47.6 47.6
4737 0.0 10 0 0 4737 0.1 10 0 0 90 61.5 55.3 55.3
4737 0.0 10 0 0 4737 0.1 10 0 0 120 70.2 62.0 62.0
4737 0.0 10 0 0 4737 0.1 10 0 0 150 75.8 64.0 64.0
4737 0.0 10 0 0 4737 0.1 10 0 0 180 75.8 64.1 64.1
4737 0.0 10 0 0 4737 0.1 20 0 0 0 40.3 34.0 34.0
4737 0.0 10 0 0 4737 0.1 20 0 0 30 46.3 39.6 39.6
4737 0.0 10 0 0 4737 0.1 20 0 0 60 53.5 46.7 46.7
4737 0.0 10 0 0 4737 0.1 20 0 0 90 61.3 53.8 53.8
4737 0.0 10 0 0 4737 0.1 20 0 0 120 69.9 59.7 59.7
4737 0.0 10 0 0 4737 0.1 20 0 0 150 75.5 62.5 62.5
4737 0.0 10 0 0 4737 0.1 20 0 0 180 75.5 62.6 62.6
4737 0.0 10 0 0 4737 0.1 30 0 0 0 40.2 35.4 35.4
4737 0.0 10 0 0 4737 0.1 30 0 0 30 45.9 38.5 38.5
4737 0.0 10 0 0 4737 0.1 30 0 0 60 53.1 44.2 44.2
4737 0.0 10 0 0 4737 0.1 30 0 0 90 60.9 50.2 50.2
4737 0.0 10 0 0 4737 0.1 30 0 0 120 69.5 55.9 55.9
4737 0.0 10 0 0 4737 0.1 30 0 0 150 75.0 59.6 59.6
4737 0.0 10 0 0 4737 0.1 30 0 0 180 75.0 59.7 59.7
4737 0.0 10 0 0 4737 0.1 40 0 0 0 40.1 37.0 37.0
4737 0.0 10 0 0 4737 0.1 40 0 0 30 45.3 39.3 39.3
4737 0.0 10 0 0 4737 0.1 40 0 0 60 52.5 43.9 43.9
4737 0.0 10 0 0 4737 0.1 40 0 0 90 60.3 49.5 49.5
4737 0.0 10 0 0 4737 0.1 40 0 0 120 68.9 55.0 55.0
4737 0.0 10 0 0 4737 0.1 40 0 0 150 74.2 59.1 59.1
4737 0.0 10 0 0 4737 0.1 40 0 0 180 74.2 59.8 59.8
4737 0.0 10 0 0 4737 0.1 50 0 0 0 40.0 38.8 38.8
4737 0.0 10 0 0 4737 0.1 50 0 0 30 44.7 40.8 40.8
4737 0.0 10 0 0 4737 0.1 50 0 0 60 51.7 44.4 44.4
4737 0.0 10 0 0 4737 0.1 50 0 0 90 59.5 49.5 49.5
4737 0.0 10 0 0 4737 0.1 50 0 0 120 68.1 55.0 55.0
4737 0.0 10 0 0 4737 0.1 50 0 0 150 72.8 59.3 59.3
4737 0.0 10 0 0 4737 0.1 50 0 0 180 72.9 60.7 60.7
4737 0.0 10 0 0 4737 0.1 60 0 0 0 40.3 40.9 40.9
4737 0.0 10 0 0 4737 0.1 60 0 0 30 44.2 42.7 42.7
4737 0.0 10 0 0 4737 0.1 60 0 0 60 50.5 45.9 45.9
4737 0.0 10 0 0 4737 0.1 60 0 0 90 58.2 50.1 50.1
4737 0.0 10 0 0 4737 0.1 60 0 0 120 66.3 55.4 55.4
4737 0.0 10 0 0 4737 0.1 60 0 0 150 70.6 59.8 59.8
4737 0.0 10 0 0 4737 0.1 60 0 0 180 70.8 62.1 62.1
4737 0.0 10 0 0 4737 0.2 0 0 0 0 42.4 36.3 36.3
4737 0.0 10 0 0 4737 0.2 0 0 0 30 45.4 39.6 39.6
4737 0.0 10 0 0 4737 0.2 0 0 0 60 51.5 45.2 45.2
4737 0.0 10 0 0 4737 0.2 0 0 0 90 58.5 52.3 52.3
4737 0.0 10 0 0 4737 0.2 0 0 0 120 67.2 60.5 60.5
4737 0.0 10 0 0 4737 0.2 0 0 0 150 74.6 64.1 64.1
4737 0.0 10 0 0 4737 0.2 0 0 0 180 75.9 64.2 64.2
4737 0.0 10 0 0 4737 0.2 10 0 0 0 42.4 36.0 36.0
4737 0.0 10 0 0 4737 0.2 10 0 0 30 45.3 39.0 39.0
4737 0.0 10 0 0 4737 0.2 10 0 0 60 51.3 45.0 45.0
4737 0.0 10 0 0 4737 0.2 10 0 0 90 58.4 52.1 52.1
4737 0.0 10 0 0 4737 0.2 10 0 0 120 67.1 59.2 59.2
4737 0.0 10 0 0 4737 0.2 10 0 0 150 74.6 63.7 63.7
4737 0.0 10 0 0 4737 0.2 10 0 0 180 75.8 63.8 63.8
4737 0.0 10 0 0 4737 0.2 20 0 0 0 42.3 35.4 35.4
4737 0.0 10 0 0 4737 0.2 20 0 0 30 45.0 38.4 38.4
4737 0.0 10 0 0 4737 0.2 20 0 0 60 51.1 44.1 44.1
4737 0.0 10 0 0 4737 0.2 20 0 0 90 58.1 50.5 50.5
4737 0.0 10 0 0 4737 0.2 20 0 0 120 66.9 56.8 56.8
4737 0.0 10 0 0 4737 0.2 20 0 0 150 74.3 61.7 61.7
4737 0.0 10 0 0 4737 0.2 20 0 0 180 75.6 62.3 62.3
4737 0.0 10 0 0 4737 0.2 30 0 0 0 42.2 35.8 35.8
4737 0.0 10 0 0 4737 0.2 30 0 0 30 44.8 37.9 37.9
4737 0.0 10 0 0 4737 0.2 30 0 0 60 50.6 41.7 41.7
4737 0.0 10 0 0 4737 0.2 30 0 0 90 57.7 47.2 47.2
4737 0.0 10 0 0 4737 0.2 30 0 0 120 66.4 53.2 53.2
4737 0.0 10 0 0 4737 0.2 30 0 0 150 73.9 58.4 58.4
4737 0.0 10 0 0 4737 0.2 30 0 0 180 75.0 59.6 59.6
4737 0.0 10 0 0 4737 0.2 40 0 0 0 42.0 37.1 37.1
4737 0.0 10 0 0 4737 0.2 40 0 0 30 44.5 38.8 38.8
4737 0.0 10 0 0 4737 0.2 40 0 0 60 50.1 41.7 41.7
4737 0.0 10 0 0 4737 0.2 40 0 0 90 57.1 46.5 46.5
4737 0.0 10 0 0 4737 0.2 40 0 0 120 65.9 52.3 52.3
4737 0.0 10 0 0 4737 0.2 40 0 0 150 73.1 57.6 57.6
4737 0.0 10 0 0 4737 0.2 40 0 0 180 74.2 59.7 59.7
4737 0.0 10 0 0 4737 0.2 50 0 0 0 41.9 38.6 38.6
4737 0.0 10 0 0 4737 0.2 50 0 0 30 44.3 40.1 40.1
4737 0.0 10 0 0 4737 0.2 50 0 0 60 49.3 42.7 42.7
4737 0.0 10 0 0 4737 0.2 50 0 0 90 56.3 46.5 46.5
4737 0.0 10 0 0 4737 0.2 50 0 0 120 65.0 52.1 52.1
4737 0.0 10 0 0 4737 0.2 50 0 0 150 71.8 57.6 57.6
4737 0.0 10 0 0 4737 0.2 50 0 0 180 72.9 60.6 60.6
4737 0.0 10 0 0 4737 0.2 60 0 0 0 41.9 40.6 40.6
4737 0.0 10 0 0 4737 0.2 60 0 0 30 44.1 42.0 42.0
4737 0.0 10 0 0 4737 0.2 60 0 0 60 48.6 44.3 44.3
4737 0.0 10 0 0 4737 0.2 60 0 0 90 55.1 47.6 47.6
4737 0.0 10 0 0 4737 0.2 60 0 0 120 63.6 52.4 52.4
4737 0.0 10 0 0 4737 0.2 60 0 0 150 69.5 57.9 57.9
4737 0.0 10 0 0 4737 0.2 60 0 0 180 70.8 61.4 61.4
4737 0.0 10 0 0 4737 0.3 0 0 0 0 44.5 38.1 38.1
4737 0.0 10 0 0 4737 0.3 0 0 0 30 45.7 39.7 39.7
4737 0.0 10 0 0 4737 0.3 0 0 0 60 49.2 43.2 43.2
4737 0.0 10 0 0 4737 0.3 0 0 0 90 55.5 49.1 49.1
4737 0.0 10 0 0 4737 0.3 0 0 0 120 64.0 57.2 57.2
4737 0.0 10 0 0 4737 0.3 0 0 0 150 72.5 63.3 63.3
4737 0.0 10 0 0 4737 0.3 0 0 0 180 75.9 63.8 63.8
4737 0.0 10 0 0 4737 0.3 10 0 0 0 44.5 38.0 38.0
4737 0.0 10 0 0 4737 0.3 10 0 0 30 45.6 39.1 39.1
4737 0.0 10 0 0 4737 0.3 10 0 0 60 49.1 42.6 42.6
4737 0.0 10 0 0 4737 0.3 10 0 0 90 55.4 48.9 48.9
4737 0.0 10 0 0 4737 0.3 10 0 0 120 63.9 56.0 56.0
4737 0.0 10 0 0 4737 0.3 10 0 0 150 72.5 62.2 62.2
4737 0.0 10 0 0 4737 0.3 10 0 0 180 75.8 63.5 63.5
4737 0.0 10 0 0 4737 0.3 20 0 0 0 44.4 37.4 37.4
4737 0.0 10 0 0 4737 0.3 20 0 0 30 45.5 38.3 38.3
4737 0.0 10 0 0 4737 0.3 20 0 0 60 48.8 41.7 41.7
4737 0.0 10 0 0 4737 0.3 20 0 0 90 55.1 47.0 47.0
4737 0.0 10 0 0 4737 0.3 20 0 0 120 63.6 53.3 53.3
4737 0.0 10 0 0 4737 0.3 20 0 0 150 72.3 59.7 59.7
4737 0.0 10 0 0 4737 0.3 20 0 0 180 75.6 61.8 61.8
4737 0.0 10 0 0 4737 0.3 30 0 0 0 44.3 37.2 37.2
4737 0.0 10 0 0 4737 0.3 30 0 0 30 45.4 37.7 37.7
4737 0.0 10 0 0 4737 0.3 30 0 0 60 48.5 40.2 40.2
4737 0.0 10 0 0 4737 0.3 30 0 0 90 54.7 44.4 44.4
4737 0.0 10 0 0 4737 0.3 30 0 0 120 63.2 50.4 50.4
4737 0.0 10 0 0 4737 0.3 30 0 0 150 71.8 56.8 56.8
4737 0.0 10 0 0 4737 0.3 30 0 0 180 75.0 59.8 59.8
4737 0.0 10 0 0 4737 0.3 40 0 0 0 44.2 37.8 37.8
4737 0.0 10 0 0 4737 0.3 40 0 0 30 45.3 38.5 38.5
4737 0.0 10 0 0 4737 0.3 40 0 0 60 48.2 40.6 40.6
4737 0.0 10 0 0 4737 0.3 40 0 0 90 54.1 43.9 43.9
4737 0.0 10 0 0 4737 0.3 40 0 0 120 62.6 49.5 49.5
4737 0.0 10 0 0 4737 0.3 40 0 0 150 71.1 56.0 56.0
4737 0.0 10 0 0 4737 0.3 40 0 0 180 74.2 59.9 59.9
4737 0.0 10 0 0 4737 0.3 50 0 0 0 44.1 39.1 39.1
4737 0.0 10 0 0 4737 0.3 50 0 0 30 45.2 39.8 39.8
4737 0.0 10 0 0 4737 0.3 50 0 0 60 47.9 41.6 41.6
4737 0.0 10 0 0 4737 0.3 50 0 0 90 53.3 44.4 44.4
4737 0.0 10 0 0 4737 0.3 50 0 0 120 61.8 49.2 49.2
4737 0.0 10 0 0 4737 0.3 50 0 0 150 69.9 55.7 55.7
4737 0.0 10 0 0 4737 0.3 50 0 0 180 72.9 60.2 60.2
4737 0.0 10 0 0 4737 0.3 60 0 0 0 44.0 40.8 40.8
4737 0.0 10 0 0 4737 0.3 60 0 0 30 45.2 41.4 41.4
4737 0.0 10 0 0 4737 0.3 60 0 0 60 47.7 43.1 43.1
4737 0.0 10 0 0 4737 0.3 60 0 0 90 52.6 45.7 45.7
4737 0.0 10 0 0 4737 0.3 60 0 0 120 60.2 49.7 49.7
4737 0.0 10 0 0 4737 0.3 60 0 0 150 67.7 55.8 55.8
4737 0.0 10 0 0 4737 0.3 60 0 0 180 70.5 60.7 60.7
4737 0.0 10 0 0 4737 0.4 0 0 0 0 46.6 40.1 40.1
4737 0.0 10 0 0 4737 0.4 0 0 0 30 47.2 40.8 40.8
4737 0.0 10 0 0 4737 0.4 0 0 0 60 48.6 42.5 42.5
4737 0.0 10 0 0 4737 0.4 0 0 0 90 52.6 46.4 46.4
4737 0.0 10 0 0 4737 0.4 0 0 0 120 60.6 53.6 53.6
4737 0.0 10 0 0 4737 0.4 0 0 0 150 70.1 61.1 61.1
4737 0.0 10 0 0 4737 0.4 0 0 0 180 75.6 63.3 63.3
4737 0.0 10 0 0 4737 0.4 10 0 0 0 46.6 40.0 40.0
4737 0.0 10 0 0 4737 0.4 10 0 0 30 47.2 40.5 40.5
4737 0.0 10 0 0 4737 0.4 10 0 0 60 48.6 42.0 42.0
4737 0.0 10 0 0 4737 0.4 10 0 0 90 52.4 45.7 45.7
4737 0.0 10 0 0 4737 0.4 10 0 0 120 60.5 52.3 52.3
4737 0.0 10 0 0 4737 0.4 10 0 0 150 70.0 59.8 59.8
4737 0.0 10 0 0 4737 0.4 10 0 0 180 75.5 63.0 63.0
4737 0.0 10 0 0 4737 0.4 20 0 0 0 46.6 39.4 39.4
4737 0.0 10 0 0 4737 0.4 20 0 0 30 47.1 39.6 39.6
4737 0.0 10 0 0 4737 0.4 20 0 0 60 48.5 40.5 40.5
4737 0.0 10 0 0 4737 0.4 20 0 0 90 52.2 43.3 43.3
4737 0.0 10 0 0 4737 0.4 20 0 0 120 60.2 49.3 49.3
4737 0.0 10 0 0 4737 0.4 20 0 0 150 69.8 56.8 56.8
4737 0.0 10 0 0 4737 0.4 20 0 0 180 75.1 61.0 61.0
4737 0.0 10 0 0 4737 0.4 30 0 0 0 46.5 39.1 39.1
4737 0.0 10 0 0 4737 0.4 30 0 0 30 47.1 39.1 39.1
4737 0.0 10 0 0 4737 0.4 30 0 0 60 48.4 39.7 39.7
4737 0.0 10 0 0 4737 0.4 30 0 0 90 51.9 42.4 42.4
4737 0.0 10 0 0 4737 0.4 30 0 0 120 59.8 47.5 47.5
4737 0.0 10 0 0 4737 0.4 30 0 0 150 69.3 55.0 55.0
4737 0.0 10 0 0 4737 0.4 30 0 0 180 74.6 60.0 60.0
4737 0.0 10 0 0 4737 0.4 40 0 0 0 46.4 39.4 39.4
4737 0.0 10 0 0 4737 0.4 40 0 0 30 47.0 39.2 39.2
4737 0.0 10 0 0 4737 0.4 40 0 0 60 48.3 40.1 40.1
4737 0.0 10 0 0 4737 0.4 40 0 0 90 51.5 42.4 42.4
4737 0.0 10 0 0 4737 0.4 40 0 0 120 59.2 46.7 46.7
4737 0.0 10 0 0 4737 0.4 40 0 0 150 68.6 54.0 54.0
4737 0.0 10 0 0 4737 0.4 40 0 0 180 73.7 59.9 59.9
4737 0.0 10 0 0 4737 0.4 50 0 0 0 46.3 40.0 40.0
4737 0.0 10 0 0 4737 0.4 50 0 0 30 46.9 40.0 40.0
4737 0.0 10 0 0 4737 0.4 50 0 0 60 48.3 40.9 40.9
4737 0.0 10 0 0 4737 0.4 50 0 0 90 51.2 43.1 43.1
4737 0.0 10 0 0 4737 0.4 50 0 0 120 58.3 46.8 46.8
4737 0.0 10 0 0 4737 0.4 50 0 0 150 67.5 53.6 53.6
4737 0.0 10 0 0 4737 0.4 50 0 0 180 72.2 59.9 59.9
4737 0.0 10 0 0 4737 0.4 60 0 0 0 46.3 41.4 41.4
4737 0.0 10 0 0 4737 0.4 60 0 0 30 46.9 41.3 41.3
4737 0.0 10 0 0 4737 0.4 60 0 0 60 48.2 42.2 42.2
4737 0.0 10 0 0 4737 0.4 60 0 0 90 51.0 44.2 44.2
4737 0.0 10 0 0 4737 0.4 60 0 0 120 57.2 47.6 47.6
4737 0.0 10 0 0 4737 0.4 60 0 0 150 65.1 53.5 53.5
4737 0.0 10 0 0 4737 0.4 60 0 0 180 69.4 59.9 59.9
4737 0.0 10 0 0 4737 0.5 0 0 0 0 48.8 42.1 42.1
4737 0.0 10 0 0 4737 0.5 0 0 0 30 49.1 42.4 42.4
4737 0.0 10 0 0 4737 0.5 0 0 0 60 49.8 43.2 43.2
4737 0.0 10 0 0 4737 0.5 0 0 0 90 51.5 45.1 45.1
4737 0.0 10 0 0 4737 0.5 0 0 0 120 57.1 49.8 49.8
4737 0.0 10 0 0 4737 0.5 0 0 0 150 67.2 57.9 57.9
4737 0.0 10 0 0 4737 0.5 0 0 0 180 74.4 61.9 61.9
4737 0.0 10 0 0 4737 0.5 10 0 0 0 48.8 42.0 42.0
4737 0.0 10 0 0 4737 0.5 10 0 0 30 49.1 42.2 42.2
4737 0.0 10 0 0 4737 0.5 10 0 0 60 49.8 42.9 42.9
4737 0.0 10 0 0 4737 0.5 10 0 0 90 51.4 44.1 44.1
4737 0.0 10 0 0 4737 0.5 10 0 0 120 56.9 47.9 47.9
4737 0.0 10 0 0 4737 0.5 10 0 0 150 67.1 56.3 56.3
4737 0.0 10 0 0 4737 0.5 10 0 0 180 74.3 61.8 61.8
4737 0.0 10 0 0 4737 0.5 20 0 0 0 48.8 41.5 41.5
4737 0.0 10 0 0 4737 0.5 20 0 0 30 49.1 41.5 41.5
4737 0.0 10 0 0 4737 0.5 20 0 0 60 49.7 41.8 41.8
4737 0.0 10 0 0 4737 0.5 20 0 0 90 51.4 42.7 42.7
4737 0.0 10 0 0 4737 0.5 20 0 0 120 56.6 46.1 46.1
4737 0.0 10 0 0 4737 0.5 20 0 0 150 66.8 54.5 54.5
4737 0.0 10 0 0 4737 0.5 20 0 0 180 74.0 61.0 61.0
4737 0.0 10 0 0 4737 0.5 30 0 0 0 48.7 41.1 41.1
4737 0.0 10 0 0 4737 0.5 30 0 0 30 49.0 41.0 41.0
4737 0.0 10 0 0 4737 0.5 30 0 0 60 49.7 41.2 41.2
4737 0.0 10 0 0 4737 0.5 30 0 0 90 51.3 41.8 41.8
4737 0.0 10 0 0 4737 0.5 30 0 0 120 56.2 45.1 45.1
4737 0.0 10 0 0 4737 0.5 30 0 0 150 66.3 53.0 53.0
4737 0.0 10 0 0 4737 0.5 30 0 0 180 73.3 60.3 60.3
4737 0.0 10 0 0 4737 0.5 40 0 0 0 48.7 41.2 41.2
4737 0.0 10 0 0 4737 0.5 40 0 0 30 49.0 41.0 41.0
4737 0.0 10 0 0 4737 0.5 40 0 0 60 49.7 41.1 41.1
4737 0.0 10 0 0 4737 0.5 40 0 0 90 51.2 41.7 41.7
4737 0.0 10 0 0 4737 0.5 40 0 0 120 55.8 44.8 44.8
4737 0.0 10 0 0 4737 0.5 40 0 0 150 65.5 52.1 52.1
4737 0.0 10 0 0 4737 0.5 40 0 0 180 72.3 59.9 59.9
4737 0.0 10 0 0 4737 0.5 50 0 0 0 48.7 41.7 41.7
4737 0.0 10 0 0 4737 0.5 50 0 0 30 49.0 41.4 41.4
4737 0.0 10 0 0 4737 0.5 50 0 0 60 49.6 41.3 41.3
4737 0.0 10 0 0 4737 0.5 50 0 0 90 51.1 42.1 42.1
4737 0.0 10 0 0 4737 0.5 50 0 0 120 55.4 45.0 45.0
4737 0.0 10 0 0 4737 0.5 50 0 0 150 64.4 51.4 51.4
4737 0.0 10 0 0 4737 0.5 50 0 0 180 70.7 59.5 59.5
4737 0.0 10 0 0 4737 0.5 60 0 0 0 48.7 42.4 42.4
4737 0.0 10 0 0 4737 0.5 60 0 0 30 49.0 42.2 42.2
4737 0.0 10 0 0 4737 0.5 60 0 0 60 49.6 42.2 42.2
4737 0.0 10 0 0 4737 0.5 60 0 0 90 51.1 43.0 43.0
4737 0.0 10 0 0 4737 0.5 60 0 0 120 54.8 45.7 45.7
4737 0.0 10 0 0 4737 0.5 60 0 0 150 62.4 51.3 51.3
4737 0.0 10 0 0 4737 0.5 60 0 0 180 68.0 59.3 59.3
