4737 0.5 40 0 0 4737 0.0 0 0 0 0 48.7 43.6 43.6
4737 0.5 40 0 0 4737 0.0 0 0 0 30 50.7 46.9 46.9
4737 0.5 40 0 0 4737 0.0 0 0 0 60 55.6 52.3 52.3
4737 0.5 40 0 0 4737 0.0 0 0 0 90 62.0 57.8 57.8
4737 0.5 40 0 0 4737 0.0 0 0 0 120 67.1 61.0 61.0
4737 0.5 40 0 0 4737 0.0 0 0 0 150 70.9 61.5 61.5
4737 0.5 40 0 0 4737 0.0 0 0 0 180 72.3 59.7 59.7
4737 0.5 40 0 0 4737 0.0 10 0 0 0 48.7 43.0 43.0
4737 0.5 40 0 0 4737 0.0 10 0 0 30 50.7 45.7 45.7
4737 0.5 40 0 0 4737 0.0 10 0 0 60 55.5 51.2 51.2
4737 0.5 40 0 0 4737 0.0 10 0 0 90 61.9 56.5 56.5
4737 0.5 40 0 0 4737 0.0 10 0 0 120 67.0 59.8 59.8
4737 0.5 40 0 0 4737 0.0 10 0 0 150 70.8 61.6 61.6
4737 0.5 40 0 0 4737 0.0 10 0 0 180 72.2 60.3 60.3
4737 0.5 40 0 0 4737 0.0 20 0 0 0 48.5 41.6 41.6
4737 0.5 40 0 0 4737 0.0 20 0 0 30 50.4 43.8 43.8
4737 0.5 40 0 0 4737 0.0 20 0 0 60 55.3 49.1 49.1
4737 0.5 40 0 0 4737 0.0 20 0 0 90 61.7 54.1 54.1
4737 0.5 40 0 0 4737 0.0 20 0 0 120 66.8 57.5 57.5
4737 0.5 40 0 0 4737 0.0 20 0 0 150 70.6 59.8 59.8
4737 0.5 40 0 0 4737 0.0 20 0 0 180 72.0 59.8 59.8
4737 0.5 40 0 0 4737 0.0 30 0 0 0 48.2 39.3 39.3
4737 0.5 40 0 0 4737 0.0 30 0 0 30 50.1 41.1 41.1
4737 0.5 40 0 0 4737 0.0 30 0 0 60 54.9 45.4 45.4
4737 0.5 40 0 0 4737 0.0 30 0 0 90 61.4 50.2 50.2
4737 0.5 40 0 0 4737 0.0 30 0 0 120 66.5 53.8 53.8
4737 0.5 40 0 0 4737 0.0 30 0 0 150 70.1 56.3 56.3
4737 0.5 40 0 0 4737 0.0 30 0 0 180 71.6 57.4 57.4
4737 0.5 40 0 0 4737 0.0 40 0 0 0 47.8 39.2 39.2
4737 0.5 40 0 0 4737 0.0 40 0 0 30 49.5 41.1 41.1
4737 0.5 40 0 0 4737 0.0 40 0 0 60 54.3 45.0 45.0
4737 0.5 40 0 0 4737 0.0 40 0 0 90 61.0 49.4 49.4
4737 0.5 40 0 0 4737 0.0 40 0 0 120 65.9 52.9 52.9
4737 0.5 40 0 0 4737 0.0 40 0 0 150 69.4 55.7 55.7
4737 0.5 40 0 0 4737 0.0 40 0 0 180 70.9 57.4 57.4
4737 0.5 40 0 0 4737 0.0 50 0 0 0 47.2 39.6 39.6
4737 0.5 40 0 0 4737 0.0 50 0 0 30 48.8 41.4 41.4
4737 0.5 40 0 0 4737 0.0 50 0 0 60 53.5 45.3 45.3
4737 0.5 40 0 0 4737 0.0 50 0 0 90 60.2 49.4 49.4
4737 0.5 40 0 0 4737 0.0 50 0 0 120 64.9 53.0 53.0
4737 0.5 40 0 0 4737 0.0 50 0 0 150 68.2 56.0 56.0
4737 0.5 40 0 0 4737 0.0 50 0 0 180 69.7 58.2 58.2
4737 0.5 40 0 0 4737 0.0 60 0 0 0 46.2 40.3 40.3
4737 0.5 40 0 0 4737 0.0 60 0 0 30 47.8 42.2 42.2
4737 0.5 40 0 0 4737 0.0 60 0 0 60 52.1 46.0 46.0
4737 0.5 40 0 0 4737 0.0 60 0 0 90 58.8 49.9 49.9
4737 0.5 40 0 0 4737 0.0 60 0 0 120 63.0 53.6 53.6
4737 0.5 40 0 0 4737 0.0 60 0 0 150 66.2 56.8 56.8
4737 0.5 40 0 0 4737 0.0 60 0 0 180 67.6 59.4 59.4
4737 0.5 40 0 0 4737 0.1 0 0 0 0 46.7 41.7 41.7
4737 0.5 40 0 0 4737 0.1 0 0 0 30 48.5 44.9 44.9
4737 0.5 40 0 0 4737 0.1 0 0 0 60 53.1 49.6 49.6
4737 0.5 40 0 0 4737 0.1 0 0 0 90 59.2 55.1 55.1
4737 0.5 40 0 0 4737 0.1 0 0 0 120 64.7 59.0 59.0
4737 0.5 40 0 0 4737 0.1 0 0 0 150 69.2 60.9 60.9
4737 0.5 40 0 0 4737 0.1 0 0 0 180 70.8 58.6 58.6
4737 0.5 40 0 0 4737 0.1 10 0 0 0 46.6 41.0 41.0
4737 0.5 40 0 0 4737 0.1 10 0 0 30 48.4 43.6 43.6
4737 0.5 40 0 0 4737 0.1 10 0 0 60 53.0 48.5 48.5
4737 0.5 40 0 0 4737 0.1 10 0 0 90 59.2 53.7 53.7
4737 0.5 40 0 0 4737 0.1 10 0 0 120 64.6 57.7 57.7
4737 0.5 40 0 0 4737 0.1 10 0 0 150 69.2 60.5 60.5
4737 0.5 40 0 0 4737 0.1 10 0 0 180 70.7 59.2 59.2
4737 0.5 40 0 0 4737 0.1 20 0 0 0 46.4 39.4 39.4
4737 0.5 40 0 0 4737 0.1 20 0 0 30 48.2 41.6 41.6
4737 0.5 40 0 0 4737 0.1 20 0 0 60 52.7 46.3 46.3
4737 0.5 40 0 0 4737 0.1 20 0 0 90 59.0 51.3 51.3
4737 0.5 40 0 0 4737 0.1 20 0 0 120 64.4 55.3 55.3
4737 0.5 40 0 0 4737 0.1 20 0 0 150 69.0 58.6 58.6
4737 0.5 40 0 0 4737 0.1 20 0 0 180 70.5 58.9 58.9
4737 0.5 40 0 0 4737 0.1 30 0 0 0 46.1 37.1 37.1
4737 0.5 40 0 0 4737 0.1 30 0 0 30 47.8 38.7 38.7
4737 0.5 40 0 0 4737 0.1 30 0 0 60 52.3 42.7 42.7
4737 0.5 40 0 0 4737 0.1 30 0 0 90 58.7 47.5 47.5
4737 0.5 40 0 0 4737 0.1 30 0 0 120 64.0 51.5 51.5
4737 0.5 40 0 0 4737 0.1 30 0 0 150 68.5 55.0 55.0
4737 0.5 40 0 0 4737 0.1 30 0 0 180 70.1 56.8 56.8
4737 0.5 40 0 0 4737 0.1 40 0 0 0 45.6 37.2 37.2
4737 0.5 40 0 0 4737 0.1 40 0 0 30 47.2 38.8 38.8
4737 0.5 40 0 0 4737 0.1 40 0 0 60 51.8 42.2 42.2
4737 0.5 40 0 0 4737 0.1 40 0 0 90 58.2 46.6 46.6
4737 0.5 40 0 0 4737 0.1 40 0 0 120 63.4 50.6 50.6
4737 0.5 40 0 0 4737 0.1 40 0 0 150 67.8 54.2 54.2
4737 0.5 40 0 0 4737 0.1 40 0 0 180 69.3 56.9 56.9
4737 0.5 40 0 0 4737 0.1 50 0 0 0 44.9 37.7 37.7
4737 0.5 40 0 0 4737 0.1 50 0 0 30 46.4 39.3 39.3
4737 0.5 40 0 0 4737 0.1 50 0 0 60 51.0 42.6 42.6
4737 0.5 40 0 0 4737 0.1 50 0 0 90 57.5 46.6 46.6
4737 0.5 40 0 0 4737 0.1 50 0 0 120 62.5 50.6 50.6
4737 0.5 40 0 0 4737 0.1 50 0 0 150 66.6 54.4 54.4
4737 0.5 40 0 0 4737 0.1 50 0 0 180 68.2 57.3 57.3
4737 0.5 40 0 0 4737 0.1 60 0 0 0 43.8 38.4 38.4
4737 0.5 40 0 0 4737 0.1 60 0 0 30 45.3 40.1 40.1
4737 0.5 40 0 0 4737 0.1 60 0 0 60 49.6 43.3 43.3
4737 0.5 40 0 0 4737 0.1 60 0 0 90 56.1 47.0 47.0
4737 0.5 40 0 0 4737 0.1 60 0 0 120 60.7 51.0 51.0
4737 0.5 40 0 0 4737 0.1 60 0 0 150 64.6 55.0 55.0
4737 0.5 40 0 0 4737 0.1 60 0 0 180 66.1 58.4 58.4
4737 0.5 40 0 0 4737 0.2 0 0 0 0 44.6 40.0 40.0
4737 0.5 40 0 0 4737 0.2 0 0 0 30 46.4 43.0 43.0
4737 0.5 40 0 0 4737 0.2 0 0 0 60 50.7 47.0 47.0
4737 0.5 40 0 0 4737 0.2 0 0 0 90 56.5 52.1 52.1
4737 0.5 40 0 0 4737 0.2 0 0 0 120 62.1 56.6 56.6
4737 0.5 40 0 0 4737 0.2 0 0 0 150 67.4 59.5 59.5
4737 0.5 40 0 0 4737 0.2 0 0 0 180 69.1 57.4 57.4
4737 0.5 40 0 0 4737 0.2 10 0 0 0 44.6 39.0 39.0
4737 0.5 40 0 0 4737 0.2 10 0 0 30 46.3 41.7 41.7
4737 0.5 40 0 0 4737 0.2 10 0 0 60 50.6 45.9 45.9
4737 0.5 40 0 0 4737 0.2 10 0 0 90 56.4 50.8 50.8
4737 0.5 40 0 0 4737 0.2 10 0 0 120 62.0 55.2 55.2
4737 0.5 40 0 0 4737 0.2 10 0 0 150 67.4 59.0 59.0
4737 0.5 40 0 0 4737 0.2 10 0 0 180 69.1 58.1 58.1
4737 0.5 40 0 0 4737 0.2 20 0 0 0 44.3 37.3 37.3
4737 0.5 40 0 0 4737 0.2 20 0 0 30 46.0 39.3 39.3
4737 0.5 40 0 0 4737 0.2 20 0 0 60 50.3 43.6 43.6
4737 0.5 40 0 0 4737 0.2 20 0 0 90 56.2 48.3 48.3
4737 0.5 40 0 0 4737 0.2 20 0 0 120 61.8 52.8 52.8
4737 0.5 40 0 0 4737 0.2 20 0 0 150 67.1 56.9 56.9
4737 0.5 40 0 0 4737 0.2 20 0 0 180 68.8 57.6 57.6
4737 0.5 40 0 0 4737 0.2 30 0 0 0 44.0 35.0 35.0
4737 0.5 40 0 0 4737 0.2 30 0 0 30 45.5 36.4 36.4
4737 0.5 40 0 0 4737 0.2 30 0 0 60 49.9 40.2 40.2
4737 0.5 40 0 0 4737 0.2 30 0 0 90 55.9 44.8 44.8
4737 0.5 40 0 0 4737 0.2 30 0 0 120 61.5 49.2 49.2
4737 0.5 40 0 0 4737 0.2 30 0 0 150 66.7 53.4 53.4
4737 0.5 40 0 0 4737 0.2 30 0 0 180 68.3 55.6 55.6
4737 0.5 40 0 0 4737 0.2 40 0 0 0 43.4 35.3 35.3
4737 0.5 40 0 0 4737 0.2 40 0 0 30 44.9 36.7 36.7
4737 0.5 40 0 0 4737 0.2 40 0 0 60 49.3 39.6 39.6
4737 0.5 40 0 0 4737 0.2 40 0 0 90 55.4 43.9 43.9
4737 0.5 40 0 0 4737 0.2 40 0 0 120 60.8 48.3 48.3
4737 0.5 40 0 0 4737 0.2 40 0 0 150 65.9 52.6 52.6
4737 0.5 40 0 0 4737 0.2 40 0 0 180 67.6 55.8 55.8
4737 0.5 40 0 0 4737 0.2 50 0 0 0 42.6 35.8 35.8
4737 0.5 40 0 0 4737 0.2 50 0 0 30 44.0 37.2 37.2
4737 0.5 40 0 0 4737 0.2 50 0 0 60 48.5 40.0 40.0
4737 0.5 40 0 0 4737 0.2 50 0 0 90 54.7 43.8 43.8
4737 0.5 40 0 0 4737 0.2 50 0 0 120 59.9 48.1 48.1
4737 0.5 40 0 0 4737 0.2 50 0 0 150 64.8 52.7 52.7
4737 0.5 40 0 0 4737 0.2 50 0 0 180 66.4 56.4 56.4
4737 0.5 40 0 0 4737 0.2 60 0 0 0 41.4 36.6 36.6
4737 0.5 40 0 0 4737 0.2 60 0 0 30 42.9 37.9 37.9
4737 0.5 40 0 0 4737 0.2 60 0 0 60 47.3 40.6 40.6
4737 0.5 40 0 0 4737 0.2 60 0 0 90 53.4 44.1 44.1
4737 0.5 40 0 0 4737 0.2 60 0 0 120 58.1 48.4 48.4
4737 0.5 40 0 0 4737 0.2 60 0 0 150 62.7 53.1 53.1
4737 0.5 40 0 0 4737 0.2 60 0 0 180 64.2 57.4 57.4
4737 0.5 40 0 0 4737 0.3 0 0 0 0 42.6 38.5 38.5
4737 0.5 40 0 0 4737 0.3 0 0 0 30 44.4 41.1 41.1
4737 0.5 40 0 0 4737 0.3 0 0 0 60 48.5 44.5 44.5
4737 0.5 40 0 0 4737 0.3 0 0 0 90 53.8 49.0 49.0
4737 0.5 40 0 0 4737 0.3 0 0 0 120 59.4 53.8 53.8
4737 0.5 40 0 0 4737 0.3 0 0 0 150 65.4 57.6 57.6
4737 0.5 40 0 0 4737 0.3 0 0 0 180 67.4 56.2 56.2
4737 0.5 40 0 0 4737 0.3 10 0 0 0 42.5 37.2 37.2
4737 0.5 40 0 0 4737 0.3 10 0 0 30 44.3 39.8 39.8
4737 0.5 40 0 0 4737 0.3 10 0 0 60 48.4 43.3 43.3
4737 0.5 40 0 0 4737 0.3 10 0 0 90 53.7 47.7 47.7
4737 0.5 40 0 0 4737 0.3 10 0 0 120 59.3 52.4 52.4
4737 0.5 40 0 0 4737 0.3 10 0 0 150 65.3 57.0 57.0
4737 0.5 40 0 0 4737 0.3 10 0 0 180 67.3 56.7 56.7
4737 0.5 40 0 0 4737 0.3 20 0 0 0 42.3 35.0 35.0
4737 0.5 40 0 0 4737 0.3 20 0 0 30 44.0 37.2 37.2
4737 0.5 40 0 0 4737 0.3 20 0 0 60 48.1 40.8 40.8
4737 0.5 40 0 0 4737 0.3 20 0 0 90 53.5 45.1 45.1
4737 0.5 40 0 0 4737 0.3 20 0 0 120 59.1 49.7 49.7
4737 0.5 40 0 0 4737 0.3 20 0 0 150 65.1 54.8 54.8
4737 0.5 40 0 0 4737 0.3 20 0 0 180 67.0 55.7 55.7
4737 0.5 40 0 0 4737 0.3 30 0 0 0 41.8 33.0 33.0
4737 0.5 40 0 0 4737 0.3 30 0 0 30 43.4 34.4 34.4
4737 0.5 40 0 0 4737 0.3 30 0 0 60 47.7 37.9 37.9
4737 0.5 40 0 0 4737 0.3 30 0 0 90 53.2 42.1 42.1
4737 0.5 40 0 0 4737 0.3 30 0 0 120 58.7 46.8 46.8
4737 0.5 40 0 0 4737 0.3 30 0 0 150 64.6 51.9 51.9
4737 0.5 40 0 0 4737 0.3 30 0 0 180 66.5 54.4 54.4
4737 0.5 40 0 0 4737 0.3 40 0 0 0 41.2 33.4 33.4
4737 0.5 40 0 0 4737 0.3 40 0 0 30 42.7 34.7 34.7
4737 0.5 40 0 0 4737 0.3 40 0 0 60 47.1 37.3 37.3
4737 0.5 40 0 0 4737 0.3 40 0 0 90 52.6 41.3 41.3
4737 0.5 40 0 0 4737 0.3 40 0 0 120 58.1 45.9 45.9
4737 0.5 40 0 0 4737 0.3 40 0 0 150 63.9 51.1 51.1
4737 0.5 40 0 0 4737 0.3 40 0 0 180 65.7 54.7 54.7
4737 0.5 40 0 0 4737 0.3 50 0 0 0 40.4 33.9 33.9
4737 0.5 40 0 0 4737 0.3 50 0 0 30 41.8 35.2 35.2
4737 0.5 40 0 0 4737 0.3 50 0 0 60 46.3 37.5 37.5
4737 0.5 40 0 0 4737 0.3 50 0 0 90 51.9 41.1 41.1
4737 0.5 40 0 0 4737 0.3 50 0 0 120 57.1 45.6 45.6
4737 0.5 40 0 0 4737 0.3 50 0 0 150 62.7 50.9 50.9
4737 0.5 40 0 0 4737 0.3 50 0 0 180 64.4 55.2 55.2
4737 0.5 40 0 0 4737 0.3 60 0 0 0 39.3 34.9 34.9
4737 0.5 40 0 0 4737 0.3 60 0 0 30 40.7 35.9 35.9
4737 0.5 40 0 0 4737 0.3 60 0 0 60 45.0 38.0 38.0
4737 0.5 40 0 0 4737 0.3 60 0 0 90 50.5 41.3 41.3
4737 0.5 40 0 0 4737 0.3 60 0 0 120 55.2 45.6 45.6
4737 0.5 40 0 0 4737 0.3 60 0 0 150 60.5 51.1 51.1
4737 0.5 40 0 0 4737 0.3 60 0 0 180 62.1 56.0 56.0
4737 0.5 40 0 0 4737 0.4 0 0 0 0 40.6 38.0 38.0
4737 0.5 40 0 0 4737 0.4 0 0 0 30 42.7 39.3 39.3
4737 0.5 40 0 0 4737 0.4 0 0 0 60 46.5 42.0 42.0
4737 0.5 40 0 0 4737 0.4 0 0 0 90 51.2 45.9 45.9
4737 0.5 40 0 0 4737 0.4 0 0 0 120 56.5 50.6 50.6
4737 0.5 40 0 0 4737 0.4 0 0 0 150 63.1 55.4 55.4
4737 0.5 40 0 0 4737 0.4 0 0 0 180 65.5 54.7 54.7
4737 0.5 40 0 0 4737 0.4 10 0 0 0 40.5 35.9 35.9
4737 0.5 40 0 0 4737 0.4 10 0 0 30 42.6 37.9 37.9
4737 0.5 40 0 0 4737 0.4 10 0 0 60 46.4 40.7 40.7
4737 0.5 40 0 0 4737 0.4 10 0 0 90 51.1 44.5 44.5
4737 0.5 40 0 0 4737 0.4 10 0 0 120 56.4 49.3 49.3
4737 0.5 40 0 0 4737 0.4 10 0 0 150 63.0 54.7 54.7
4737 0.5 40 0 0 4737 0.4 10 0 0 180 65.4 54.9 54.9
4737 0.5 40 0 0 4737 0.4 20 0 0 0 40.2 32.7 32.7
4737 0.5 40 0 0 4737 0.4 20 0 0 30 42.3 34.9 34.9
4737 0.5 40 0 0 4737 0.4 20 0 0 60 46.1 37.8 37.8
4737 0.5 40 0 0 4737 0.4 20 0 0 90 50.8 41.5 41.5
4737 0.5 40 0 0 4737 0.4 20 0 0 120 56.2 46.2 46.2
4737 0.5 40 0 0 4737 0.4 20 0 0 150 62.8 52.1 52.1
4737 0.5 40 0 0 4737 0.4 20 0 0 180 65.1 53.4 53.4
4737 0.5 40 0 0 4737 0.4 30 0 0 0 39.7 31.3 31.3
4737 0.5 40 0 0 4737 0.4 30 0 0 30 41.8 33.2 33.2
4737 0.5 40 0 0 4737 0.4 30 0 0 60 45.7 36.1 36.1
4737 0.5 40 0 0 4737 0.4 30 0 0 90 50.5 39.7 39.7
4737 0.5 40 0 0 4737 0.4 30 0 0 120 55.8 44.3 44.3
4737 0.5 40 0 0 4737 0.4 30 0 0 150 62.3 50.2 50.2
4737 0.5 40 0 0 4737 0.4 30 0 0 180 64.5 53.0 53.0
4737 0.5 40 0 0 4737 0.4 40 0 0 0 39.1 31.7 31.7
4737 0.5 40 0 0 4737 0.4 40 0 0 30 41.2 32.9 32.9
4737 0.5 40 0 0 4737 0.4 40 0 0 60 45.1 35.3 35.3
4737 0.5 40 0 0 4737 0.4 40 0 0 90 49.9 38.8 38.8
4737 0.5 40 0 0 4737 0.4 40 0 0 120 55.1 43.4 43.4
4737 0.5 40 0 0 4737 0.4 40 0 0 150 61.5 49.3 49.3
4737 0.5 40 0 0 4737 0.4 40 0 0 180 63.6 53.4 53.4
4737 0.5 40 0 0 4737 0.4 50 0 0 0 38.3 32.1 32.1
4737 0.5 40 0 0 4737 0.4 50 0 0 30 40.3 33.3 33.3
4737 0.5 40 0 0 4737 0.4 50 0 0 60 44.2 35.3 35.3
4737 0.5 40 0 0 4737 0.4 50 0 0 90 49.1 38.5 38.5
4737 0.5 40 0 0 4737 0.4 50 0 0 120 54.1 43.0 43.0
4737 0.5 40 0 0 4737 0.4 50 0 0 150 60.3 49.0 49.0
4737 0.5 40 0 0 4737 0.4 50 0 0 180 62.3 54.0 54.0
4737 0.5 40 0 0 4737 0.4 60 0 0 0 37.8 33.4 33.4
4737 0.5 40 0 0 4737 0.4 60 0 0 30 39.2 34.1 34.1
4737 0.5 40 0 0 4737 0.4 60 0 0 60 42.9 35.8 35.8
4737 0.5 40 0 0 4737 0.4 60 0 0 90 47.5 38.6 38.6
4737 0.5 40 0 0 4737 0.4 60 0 0 120 51.9 42.8 42.8
4737 0.5 40 0 0 4737 0.4 60 0 0 150 57.8 48.9 48.9
4737 0.5 40 0 0 4737 0.4 60 0 0 180 59.6 54.6 54.6
4737 0.5 40 0 0 4737 0.5 0 0 0 0 39.6 37.4 37.4
4737 0.5 40 0 0 4737 0.5 0 0 0 30 41.8 38.5 38.5
4737 0.5 40 0 0 4737 0.5 0 0 0 60 44.8 39.8 39.8
4737 0.5 40 0 0 4737 0.5 0 0 0 90 48.6 42.3 42.3
4737 0.5 40 0 0 4737 0.5 0 0 0 120 53.5 46.8 46.8
4737 0.5 40 0 0 4737 0.5 0 0 0 150 60.5 52.4 52.4
4737 0.5 40 0 0 4737 0.5 0 0 0 180 63.5 52.4 52.4
4737 0.5 40 0 0 4737 0.5 10 0 0 0 39.4 34.9 34.9
4737 0.5 40 0 0 4737 0.5 10 0 0 30 41.7 36.1 36.1
4737 0.5 40 0 0 4737 0.5 10 0 0 60 44.7 37.7 37.7
4737 0.5 40 0 0 4737 0.5 10 0 0 90 48.5 40.7 40.7
4737 0.5 40 0 0 4737 0.5 10 0 0 120 53.4 45.2 45.2
4737 0.5 40 0 0 4737 0.5 10 0 0 150 60.5 51.4 51.4
4737 0.5 40 0 0 4737 0.5 10 0 0 180 63.3 52.2 52.2
4737 0.5 40 0 0 4737 0.5 20 0 0 0 39.0 32.4 32.4
4737 0.5 40 0 0 4737 0.5 20 0 0 30 41.4 33.8 33.8
4737 0.5 40 0 0 4737 0.5 20 0 0 60 44.4 35.9 35.9
4737 0.5 40 0 0 4737 0.5 20 0 0 90 48.2 38.9 38.9
4737 0.5 40 0 0 4737 0.5 20 0 0 120 53.1 43.4 43.4
4737 0.5 40 0 0 4737 0.5 20 0 0 150 60.2 50.0 50.0
4737 0.5 40 0 0 4737 0.5 20 0 0 180 63.0 51.7 51.7
4737 0.5 40 0 0 4737 0.5 30 0 0 0 38.5 30.7 30.7
4737 0.5 40 0 0 4737 0.5 30 0 0 30 40.9 32.3 32.3
4737 0.5 40 0 0 4737 0.5 30 0 0 60 43.9 34.5 34.5
4737 0.5 40 0 0 4737 0.5 30 0 0 90 47.8 37.5 37.5
4737 0.5 40 0 0 4737 0.5 30 0 0 120 52.7 42.0 42.0
4737 0.5 40 0 0 4737 0.5 30 0 0 150 59.7 48.6 48.6
4737 0.5 40 0 0 4737 0.5 30 0 0 180 62.4 51.8 51.8
4737 0.5 40 0 0 4737 0.5 40 0 0 0 37.8 30.1 30.1
4737 0.5 40 0 0 4737 0.5 40 0 0 30 40.3 31.6 31.6
4737 0.5 40 0 0 4737 0.5 40 0 0 60 43.3 33.7 33.7
4737 0.5 40 0 0 4737 0.5 40 0 0 90 47.2 36.6 36.6
4737 0.5 40 0 0 4737 0.5 40 0 0 120 52.0 41.0 41.0
4737 0.5 40 0 0 4737 0.5 40 0 0 150 58.8 47.7 47.7
4737 0.5 40 0 0 4737 0.5 40 0 0 180 61.5 52.3 52.3
4737 0.5 40 0 0 4737 0.5 50 0 0 0 37.2 30.8 30.8
4737 0.5 40 0 0 4737 0.5 50 0 0 30 39.4 31.6 31.6
4737 0.5 40 0 0 4737 0.5 50 0 0 60 42.3 33.4 33.4
4737 0.5 40 0 0 4737 0.5 50 0 0 90 46.3 36.1 36.1
4737 0.5 40 0 0 4737 0.5 50 0 0 120 50.8 40.4 40.4
4737 0.5 40 0 0 4737 0.5 50 0 0 150 57.5 47.0 47.0
4737 0.5 40 0 0 4737 0.5 50 0 0 180 60.0 52.7 52.7
4737 0.5 40 0 0 4737 0.5 60 0 0 0 37.5 32.1 32.1
4737 0.5 40 0 0 4737 0.5 60 0 0 30 38.8 32.5 32.5
4737 0.5 40 0 0 4737 0.5 60 0 0 60 41.4 33.8 33.8
4737 0.5 40 0 0 4737 0.5 60 0 0 90 44.9 36.0 36.0
4737 0.5 40 0 0 4737 0.5 60 0 0 120 48.9 40.0 40.0
4737 0.5 40 0 0 4737 0.5 60 0 0 150 55.1 46.7 46.7
4737 0.5 40 0 0 4737 0.5 60 0 0 180 57.4 53.1 53.1
