5137 0.1 50 0 0 4737 0.0 0 0 0 0 60.3 52.6 52.6
5137 0.1 50 0 0 4737 0.0 0 0 0 30 60.4 52.8 52.8
5137 0.1 50 0 0 4737 0.0 0 0 0 60 60.6 52.9 52.9
5137 0.1 50 0 0 4737 0.0 0 0 0 90 60.6 53.1 53.1
5137 0.1 50 0 0 4737 0.0 0 0 0 120 60.6 53.2 53.2
5137 0.1 50 0 0 4737 0.0 0 0 0 150 60.6 53.2 53.2
5137 0.1 50 0 0 4737 0.0 0 0 0 180 60.5 53.3 53.3
5137 0.1 50 0 0 4737 0.0 10 0 0 0 60.3 52.1 52.1
5137 0.1 50 0 0 4737 0.0 10 0 0 30 60.4 52.3 52.3
5137 0.1 50 0 0 4737 0.0 10 0 0 60 60.5 52.4 52.4
5137 0.1 50 0 0 4737 0.0 10 0 0 90 60.6 52.5 52.5
5137 0.1 50 0 0 4737 0.0 10 0 0 120 60.5 52.7 52.7
5137 0.1 50 0 0 4737 0.0 10 0 0 150 60.5 52.7 52.7
5137 0.1 50 0 0 4737 0.0 10 0 0 180 60.4 52.7 52.7
5137 0.1 50 0 0 4737 0.0 20 0 0 0 60.1 50.6 50.6
5137 0.1 50 0 0 4737 0.0 20 0 0 30 60.2 50.7 50.7
5137 0.1 50 0 0 4737 0.0 20 0 0 60 60.4 50.9 50.9
5137 0.1 50 0 0 4737 0.0 20 0 0 90 60.4 51.1 51.1
5137 0.1 50 0 0 4737 0.0 20 0 0 120 60.4 51.2 51.2
5137 0.1 50 0 0 4737 0.0 20 0 0 150 60.3 51.2 51.2
5137 0.1 50 0 0 4737 0.0 20 0 0 180 60.2 51.2 51.2
5137 0.1 50 0 0 4737 0.0 30 0 0 0 59.7 47.6 47.6
5137 0.1 50 0 0 4737 0.0 30 0 0 30 59.8 47.8 47.8
5137 0.1 50 0 0 4737 0.0 30 0 0 60 60.0 47.9 47.9
5137 0.1 50 0 0 4737 0.0 30 0 0 90 60.0 48.3 48.3
5137 0.1 50 0 0 4737 0.0 30 0 0 120 60.0 48.5 48.5
5137 0.1 50 0 0 4737 0.0 30 0 0 150 60.0 48.5 48.5
5137 0.1 50 0 0 4737 0.0 30 0 0 180 59.9 48.6 48.6
5137 0.1 50 0 0 4737 0.0 40 0 0 0 59.2 47.5 47.5
5137 0.1 50 0 0 4737 0.0 40 0 0 30 59.3 47.7 47.7
5137 0.1 50 0 0 4737 0.0 40 0 0 60 59.4 47.9 47.9
5137 0.1 50 0 0 4737 0.0 40 0 0 90 59.5 48.1 48.1
5137 0.1 50 0 0 4737 0.0 40 0 0 120 59.4 48.3 48.3
5137 0.1 50 0 0 4737 0.0 40 0 0 150 59.4 48.4 48.4
5137 0.1 50 0 0 4737 0.0 40 0 0 180 59.4 48.4 48.4
5137 0.1 50 0 0 4737 0.0 50 0 0 0 58.3 48.2 48.2
5137 0.1 50 0 0 4737 0.0 50 0 0 30 58.5 48.4 48.4
5137 0.1 50 0 0 4737 0.0 50 0 0 60 58.6 48.5 48.5
5137 0.1 50 0 0 4737 0.0 50 0 0 90 58.7 48.6 48.6
5137 0.1 50 0 0 4737 0.0 50 0 0 120 58.6 48.8 48.8
5137 0.1 50 0 0 4737 0.0 50 0 0 150 58.5 49.0 49.0
5137 0.1 50 0 0 4737 0.0 50 0 0 180 58.5 49.0 49.0
5137 0.1 50 0 0 4737 0.0 60 0 0 0 56.9 49.8 49.8
5137 0.1 50 0 0 4737 0.0 60 0 0 30 57.1 49.9 49.9
5137 0.1 50 0 0 4737 0.0 60 0 0 60 57.2 49.9 49.9
5137 0.1 50 0 0 4737 0.0 60 0 0 90 57.2 50.0 50.0
5137 0.1 50 0 0 4737 0.0 60 0 0 120 57.1 50.1 50.1
5137 0.1 50 0 0 4737 0.0 60 0 0 150 57.0 50.2 50.2
5137 0.1 50 0 0 4737 0.0 60 0 0 180 57.1 50.1 50.1
5137 0.1 50 0 0 4737 0.1 0 0 0 0 60.1 52.2 52.2
5137 0.1 50 0 0 4737 0.1 0 0 0 30 60.2 52.3 52.3
5137 0.1 50 0 0 4737 0.1 0 0 0 60 60.4 52.5 52.5
5137 0.1 50 0 0 4737 0.1 0 0 0 90 60.4 52.6 52.6
5137 0.1 50 0 0 4737 0.1 0 0 0 120 60.5 52.7 52.7
5137 0.1 50 0 0 4737 0.1 0 0 0 150 60.3 52.8 52.8
5137 0.1 50 0 0 4737 0.1 0 0 0 180 60.3 52.9 52.9
5137 0.1 50 0 0 4737 0.1 10 0 0 0 60.0 51.7 51.7
5137 0.1 50 0 0 4737 0.1 10 0 0 30 60.2 51.8 51.8
5137 0.1 50 0 0 4737 0.1 10 0 0 60 60.3 51.9 51.9
5137 0.1 50 0 0 4737 0.1 10 0 0 90 60.3 52.0 52.0
5137 0.1 50 0 0 4737 0.1 10 0 0 120 60.4 52.2 52.2
5137 0.1 50 0 0 4737 0.1 10 0 0 150 60.3 52.3 52.3
5137 0.1 50 0 0 4737 0.1 10 0 0 180 60.2 52.3 52.3
5137 0.1 50 0 0 4737 0.1 20 0 0 0 59.8 50.1 50.1
5137 0.1 50 0 0 4737 0.1 20 0 0 30 60.0 50.3 50.3
5137 0.1 50 0 0 4737 0.1 20 0 0 60 60.1 50.3 50.3
5137 0.1 50 0 0 4737 0.1 20 0 0 90 60.2 50.5 50.5
5137 0.1 50 0 0 4737 0.1 20 0 0 120 60.2 50.7 50.7
5137 0.1 50 0 0 4737 0.1 20 0 0 150 60.0 50.8 50.8
5137 0.1 50 0 0 4737 0.1 20 0 0 180 60.0 50.8 50.8
5137 0.1 50 0 0 4737 0.1 30 0 0 0 59.5 47.1 47.1
5137 0.1 50 0 0 4737 0.1 30 0 0 30 59.6 47.3 47.3
5137 0.1 50 0 0 4737 0.1 30 0 0 60 59.8 47.4 47.4
5137 0.1 50 0 0 4737 0.1 30 0 0 90 59.8 47.7 47.7
5137 0.1 50 0 0 4737 0.1 30 0 0 120 59.8 47.8 47.8
5137 0.1 50 0 0 4737 0.1 30 0 0 150 59.7 48.0 48.0
5137 0.1 50 0 0 4737 0.1 30 0 0 180 59.7 48.1 48.1
5137 0.1 50 0 0 4737 0.1 40 0 0 0 59.0 47.1 47.1
5137 0.1 50 0 0 4737 0.1 40 0 0 30 59.1 47.2 47.2
5137 0.1 50 0 0 4737 0.1 40 0 0 60 59.2 47.4 47.4
5137 0.1 50 0 0 4737 0.1 40 0 0 90 59.2 47.6 47.6
5137 0.1 50 0 0 4737 0.1 40 0 0 120 59.2 47.8 47.8
5137 0.1 50 0 0 4737 0.1 40 0 0 150 59.1 48.0 48.0
5137 0.1 50 0 0 4737 0.1 40 0 0 180 59.1 48.0 48.0
5137 0.1 50 0 0 4737 0.1 50 0 0 0 58.1 47.9 47.9
5137 0.1 50 0 0 4737 0.1 50 0 0 30 58.2 48.1 48.1
5137 0.1 50 0 0 4737 0.1 50 0 0 60 58.4 48.1 48.1
5137 0.1 50 0 0 4737 0.1 50 0 0 90 58.4 48.3 48.3
5137 0.1 50 0 0 4737 0.1 50 0 0 120 58.4 48.4 48.4
5137 0.1 50 0 0 4737 0.1 50 0 0 150 58.3 48.5 48.5
5137 0.1 50 0 0 4737 0.1 50 0 0 180 58.3 48.5 48.5
5137 0.1 50 0 0 4737 0.1 60 0 0 0 56.7 49.4 49.4
5137 0.1 50 0 0 4737 0.1 60 0 0 30 56.9 49.6 49.6
5137 0.1 50 0 0 4737 0.1 60 0 0 60 57.0 49.6 49.6
5137 0.1 50 0 0 4737 0.1 60 0 0 90 57.0 49.6 49.6
5137 0.1 50 0 0 4737 0.1 60 0 0 120 56.8 49.7 49.7
5137 0.1 50 0 0 4737 0.1 60 0 0 150 56.8 49.8 49.8
5137 0.1 50 0 0 4737 0.1 60 0 0 180 56.8 49.7 49.7
5137 0.1 50 0 0 4737 0.2 0 0 0 0 59.9 51.8 51.8
5137 0.1 50 0 0 4737 0.2 0 0 0 30 60.0 51.8 51.8
5137 0.1 50 0 0 4737 0.2 0 0 0 60 60.1 51.9 51.9
5137 0.1 50 0 0 4737 0.2 0 0 0 90 60.2 52.0 52.0
5137 0.1 50 0 0 4737 0.2 0 0 0 120 60.2 52.3 52.3
5137 0.1 50 0 0 4737 0.2 0 0 0 150 60.1 52.5 52.5
5137 0.1 50 0 0 4737 0.2 0 0 0 180 60.1 52.4 52.4
5137 0.1 50 0 0 4737 0.2 10 0 0 0 59.8 51.2 51.2
5137 0.1 50 0 0 4737 0.2 10 0 0 30 59.9 51.2 51.2
5137 0.1 50 0 0 4737 0.2 10 0 0 60 60.1 51.4 51.4
5137 0.1 50 0 0 4737 0.2 10 0 0 90 60.1 51.5 51.5
5137 0.1 50 0 0 4737 0.2 10 0 0 120 60.1 51.7 51.7
5137 0.1 50 0 0 4737 0.2 10 0 0 150 60.0 51.9 51.9
5137 0.1 50 0 0 4737 0.2 10 0 0 180 60.0 51.9 51.9
5137 0.1 50 0 0 4737 0.2 20 0 0 0 59.6 49.5 49.5
5137 0.1 50 0 0 4737 0.2 20 0 0 30 59.7 49.6 49.6
5137 0.1 50 0 0 4737 0.2 20 0 0 60 59.9 49.7 49.7
5137 0.1 50 0 0 4737 0.2 20 0 0 90 59.9 49.9 49.9
5137 0.1 50 0 0 4737 0.2 20 0 0 120 60.0 50.0 50.0
5137 0.1 50 0 0 4737 0.2 20 0 0 150 59.8 50.2 50.2
5137 0.1 50 0 0 4737 0.2 20 0 0 180 59.8 50.3 50.3
5137 0.1 50 0 0 4737 0.2 30 0 0 0 59.3 46.8 46.8
5137 0.1 50 0 0 4737 0.2 30 0 0 30 59.4 47.0 47.0
5137 0.1 50 0 0 4737 0.2 30 0 0 60 59.5 47.0 47.0
5137 0.1 50 0 0 4737 0.2 30 0 0 90 59.6 47.2 47.2
5137 0.1 50 0 0 4737 0.2 30 0 0 120 59.6 47.4 47.4
5137 0.1 50 0 0 4737 0.2 30 0 0 150 59.5 47.6 47.6
5137 0.1 50 0 0 4737 0.2 30 0 0 180 59.5 47.7 47.7
5137 0.1 50 0 0 4737 0.2 40 0 0 0 58.7 46.8 46.8
5137 0.1 50 0 0 4737 0.2 40 0 0 30 58.9 46.9 46.9
5137 0.1 50 0 0 4737 0.2 40 0 0 60 59.0 47.0 47.0
5137 0.1 50 0 0 4737 0.2 40 0 0 90 59.0 47.2 47.2
5137 0.1 50 0 0 4737 0.2 40 0 0 120 59.0 47.4 47.4
5137 0.1 50 0 0 4737 0.2 40 0 0 150 58.9 47.6 47.6
5137 0.1 50 0 0 4737 0.2 40 0 0 180 58.9 47.8 47.8
5137 0.1 50 0 0 4737 0.2 50 0 0 0 57.9 47.6 47.6
5137 0.1 50 0 0 4737 0.2 50 0 0 30 58.0 47.6 47.6
5137 0.1 50 0 0 4737 0.2 50 0 0 60 58.1 47.8 47.8
5137 0.1 50 0 0 4737 0.2 50 0 0 90 58.2 47.8 47.8
5137 0.1 50 0 0 4737 0.2 50 0 0 120 58.1 48.0 48.0
5137 0.1 50 0 0 4737 0.2 50 0 0 150 58.0 48.2 48.2
5137 0.1 50 0 0 4737 0.2 50 0 0 180 58.0 48.2 48.2
5137 0.1 50 0 0 4737 0.2 60 0 0 0 56.5 49.0 49.0
5137 0.1 50 0 0 4737 0.2 60 0 0 30 56.7 49.1 49.1
5137 0.1 50 0 0 4737 0.2 60 0 0 60 56.7 49.2 49.2
5137 0.1 50 0 0 4737 0.2 60 0 0 90 56.7 49.2 49.2
5137 0.1 50 0 0 4737 0.2 60 0 0 120 56.5 49.3 49.3
5137 0.1 50 0 0 4737 0.2 60 0 0 150 56.5 49.4 49.4
5137 0.1 50 0 0 4737 0.2 60 0 0 180 56.5 49.3 49.3
5137 0.1 50 0 0 4737 0.3 0 0 0 0 59.7 51.2 51.2
5137 0.1 50 0 0 4737 0.3 0 0 0 30 59.8 51.2 51.2
5137 0.1 50 0 0 4737 0.3 0 0 0 60 59.9 51.4 51.4
5137 0.1 50 0 0 4737 0.3 0 0 0 90 59.9 51.4 51.4
5137 0.1 50 0 0 4737 0.3 0 0 0 120 60.0 51.7 51.7
5137 0.1 50 0 0 4737 0.3 0 0 0 150 59.9 51.9 51.9
5137 0.1 50 0 0 4737 0.3 0 0 0 180 59.8 51.9 51.9
5137 0.1 50 0 0 4737 0.3 10 0 0 0 59.6 50.6 50.6
5137 0.1 50 0 0 4737 0.3 10 0 0 30 59.7 50.7 50.7
5137 0.1 50 0 0 4737 0.3 10 0 0 60 59.9 50.7 50.7
5137 0.1 50 0 0 4737 0.3 10 0 0 90 59.9 50.8 50.8
5137 0.1 50 0 0 4737 0.3 10 0 0 120 60.0 51.1 51.1
5137 0.1 50 0 0 4737 0.3 10 0 0 150 59.9 51.3 51.3
5137 0.1 50 0 0 4737 0.3 10 0 0 180 59.8 51.3 51.3
5137 0.1 50 0 0 4737 0.3 20 0 0 0 59.4 48.8 48.8
5137 0.1 50 0 0 4737 0.3 20 0 0 30 59.5 48.8 48.8
5137 0.1 50 0 0 4737 0.3 20 0 0 60 59.6 48.9 48.9
5137 0.1 50 0 0 4737 0.3 20 0 0 90 59.7 48.9 48.9
5137 0.1 50 0 0 4737 0.3 20 0 0 120 59.8 49.1 49.1
5137 0.1 50 0 0 4737 0.3 20 0 0 150 59.7 49.4 49.4
5137 0.1 50 0 0 4737 0.3 20 0 0 180 59.6 49.5 49.5
5137 0.1 50 0 0 4737 0.3 30 0 0 0 59.1 46.7 46.7
5137 0.1 50 0 0 4737 0.3 30 0 0 30 59.2 46.7 46.7
5137 0.1 50 0 0 4737 0.3 30 0 0 60 59.2 46.7 46.7
5137 0.1 50 0 0 4737 0.3 30 0 0 90 59.3 46.8 46.8
5137 0.1 50 0 0 4737 0.3 30 0 0 120 59.4 47.1 47.1
5137 0.1 50 0 0 4737 0.3 30 0 0 150 59.3 47.5 47.5
5137 0.1 50 0 0 4737 0.3 30 0 0 180 59.2 47.7 47.7
5137 0.1 50 0 0 4737 0.3 40 0 0 0 58.5 46.7 46.7
5137 0.1 50 0 0 4737 0.3 40 0 0 30 58.7 46.7 46.7
5137 0.1 50 0 0 4737 0.3 40 0 0 60 58.7 46.8 46.8
5137 0.1 50 0 0 4737 0.3 40 0 0 90 58.8 46.8 46.8
5137 0.1 50 0 0 4737 0.3 40 0 0 120 58.8 47.1 47.1
5137 0.1 50 0 0 4737 0.3 40 0 0 150 58.6 47.5 47.5
5137 0.1 50 0 0 4737 0.3 40 0 0 180 58.6 47.7 47.7
5137 0.1 50 0 0 4737 0.3 50 0 0 0 57.7 47.5 47.5
5137 0.1 50 0 0 4737 0.3 50 0 0 30 57.8 47.5 47.5
5137 0.1 50 0 0 4737 0.3 50 0 0 60 57.8 47.5 47.5
5137 0.1 50 0 0 4737 0.3 50 0 0 90 57.9 47.6 47.6
5137 0.1 50 0 0 4737 0.3 50 0 0 120 57.8 47.8 47.8
5137 0.1 50 0 0 4737 0.3 50 0 0 150 57.7 48.0 48.0
5137 0.1 50 0 0 4737 0.3 50 0 0 180 57.7 48.0 48.0
5137 0.1 50 0 0 4737 0.3 60 0 0 0 56.3 48.6 48.6
5137 0.1 50 0 0 4737 0.3 60 0 0 30 56.3 48.7 48.7
5137 0.1 50 0 0 4737 0.3 60 0 0 60 56.4 48.8 48.8
5137 0.1 50 0 0 4737 0.3 60 0 0 90 56.4 48.8 48.8
5137 0.1 50 0 0 4737 0.3 60 0 0 120 56.2 48.8 48.8
5137 0.1 50 0 0 4737 0.3 60 0 0 150 56.0 49.1 49.1
5137 0.1 50 0 0 4737 0.3 60 0 0 180 56.0 49.0 49.0
5137 0.1 50 0 0 4737 0.4 0 0 0 0 59.5 50.6 50.6
5137 0.1 50 0 0 4737 0.4 0 0 0 30 59.6 50.6 50.6
5137 0.1 50 0 0 4737 0.4 0 0 0 60 59.7 50.7 50.7
5137 0.1 50 0 0 4737 0.4 0 0 0 90 59.8 50.8 50.8
5137 0.1 50 0 0 4737 0.4 0 0 0 120 59.7 51.0 51.0
5137 0.1 50 0 0 4737 0.4 0 0 0 150 59.7 51.3 51.3
5137 0.1 50 0 0 4737 0.4 0 0 0 180 59.6 51.2 51.2
5137 0.1 50 0 0 4737 0.4 10 0 0 0 59.4 49.9 49.9
5137 0.1 50 0 0 4737 0.4 10 0 0 30 59.5 50.0 50.0
5137 0.1 50 0 0 4737 0.4 10 0 0 60 59.6 50.0 50.0
5137 0.1 50 0 0 4737 0.4 10 0 0 90 59.7 50.1 50.1
5137 0.1 50 0 0 4737 0.4 10 0 0 120 59.7 50.2 50.2
5137 0.1 50 0 0 4737 0.4 10 0 0 150 59.6 50.6 50.6
5137 0.1 50 0 0 4737 0.4 10 0 0 180 59.5 50.6 50.6
5137 0.1 50 0 0 4737 0.4 20 0 0 0 59.2 47.7 47.7
5137 0.1 50 0 0 4737 0.4 20 0 0 30 59.3 47.7 47.7
5137 0.1 50 0 0 4737 0.4 20 0 0 60 59.4 47.7 47.7
5137 0.1 50 0 0 4737 0.4 20 0 0 90 59.5 47.8 47.8
5137 0.1 50 0 0 4737 0.4 20 0 0 120 59.5 47.9 47.9
5137 0.1 50 0 0 4737 0.4 20 0 0 150 59.4 48.3 48.3
5137 0.1 50 0 0 4737 0.4 20 0 0 180 59.3 48.5 48.5
5137 0.1 50 0 0 4737 0.4 30 0 0 0 58.9 46.8 46.8
5137 0.1 50 0 0 4737 0.4 30 0 0 30 59.0 46.7 46.7
5137 0.1 50 0 0 4737 0.4 30 0 0 60 59.0 46.8 46.8
5137 0.1 50 0 0 4737 0.4 30 0 0 90 59.1 46.9 46.9
5137 0.1 50 0 0 4737 0.4 30 0 0 120 59.1 46.9 46.9
5137 0.1 50 0 0 4737 0.4 30 0 0 150 59.0 47.3 47.3
5137 0.1 50 0 0 4737 0.4 30 0 0 180 58.9 47.6 47.6
5137 0.1 50 0 0 4737 0.4 40 0 0 0 58.3 46.9 46.9
5137 0.1 50 0 0 4737 0.4 40 0 0 30 58.4 46.8 46.8
5137 0.1 50 0 0 4737 0.4 40 0 0 60 58.4 46.8 46.8
5137 0.1 50 0 0 4737 0.4 40 0 0 90 58.5 46.9 46.9
5137 0.1 50 0 0 4737 0.4 40 0 0 120 58.5 47.0 47.0
5137 0.1 50 0 0 4737 0.4 40 0 0 150 58.4 47.2 47.2
5137 0.1 50 0 0 4737 0.4 40 0 0 180 58.3 47.6 47.6
5137 0.1 50 0 0 4737 0.4 50 0 0 0 57.5 47.3 47.3
5137 0.1 50 0 0 4737 0.4 50 0 0 30 57.5 47.4 47.4
5137 0.1 50 0 0 4737 0.4 50 0 0 60 57.5 47.4 47.4
5137 0.1 50 0 0 4737 0.4 50 0 0 90 57.7 47.5 47.5
5137 0.1 50 0 0 4737 0.4 50 0 0 120 57.5 47.6 47.6
5137 0.1 50 0 0 4737 0.4 50 0 0 150 57.4 47.9 47.9
5137 0.1 50 0 0 4737 0.4 50 0 0 180 57.4 48.0 48.0
5137 0.1 50 0 0 4737 0.4 60 0 0 0 56.0 48.2 48.2
5137 0.1 50 0 0 4737 0.4 60 0 0 30 56.0 48.4 48.4
5137 0.1 50 0 0 4737 0.4 60 0 0 60 56.0 48.5 48.5
5137 0.1 50 0 0 4737 0.4 60 0 0 90 55.9 48.6 48.6
5137 0.1 50 0 0 4737 0.4 60 0 0 120 55.6 48.6 48.6
5137 0.1 50 0 0 4737 0.4 60 0 0 150 55.4 48.8 48.8
5137 0.1 50 0 0 4737 0.4 60 0 0 180 55.4 48.7 48.7
5137 0.1 50 0 0 4737 0.5 0 0 0 0 59.3 49.6 49.6
5137 0.1 50 0 0 4737 0.5 0 0 0 30 59.4 49.6 49.6
5137 0.1 50 0 0 4737 0.5 0 0 0 60 59.4 49.7 49.7
5137 0.1 50 0 0 4737 0.5 0 0 0 90 59.5 49.7 49.7
5137 0.1 50 0 0 4737 0.5 0 0 0 120 59.5 49.9 49.9
5137 0.1 50 0 0 4737 0.5 0 0 0 150 59.4 50.3 50.3
5137 0.1 50 0 0 4737 0.5 0 0 0 180 59.3 50.3 50.3
5137 0.1 50 0 0 4737 0.5 10 0 0 0 59.2 48.7 48.7
5137 0.1 50 0 0 4737 0.5 10 0 0 30 59.3 48.7 48.7
5137 0.1 50 0 0 4737 0.5 10 0 0 60 59.3 48.7 48.7
5137 0.1 50 0 0 4737 0.5 10 0 0 90 59.4 48.8 48.8
5137 0.1 50 0 0 4737 0.5 10 0 0 120 59.5 48.9 48.9
5137 0.1 50 0 0 4737 0.5 10 0 0 150 59.4 49.4 49.4
5137 0.1 50 0 0 4737 0.5 10 0 0 180 59.2 49.5 49.5
5137 0.1 50 0 0 4737 0.5 20 0 0 0 59.0 47.5 47.5
5137 0.1 50 0 0 4737 0.5 20 0 0 30 59.1 47.6 47.6
5137 0.1 50 0 0 4737 0.5 20 0 0 60 59.1 47.6 47.6
5137 0.1 50 0 0 4737 0.5 20 0 0 90 59.2 47.6 47.6
5137 0.1 50 0 0 4737 0.5 20 0 0 120 59.2 47.8 47.8
5137 0.1 50 0 0 4737 0.5 20 0 0 150 59.2 48.2 48.2
5137 0.1 50 0 0 4737 0.5 20 0 0 180 59.0 48.3 48.3
5137 0.1 50 0 0 4737 0.5 30 0 0 0 58.7 47.1 47.1
5137 0.1 50 0 0 4737 0.5 30 0 0 30 58.7 47.1 47.1
5137 0.1 50 0 0 4737 0.5 30 0 0 60 58.7 47.1 47.1
5137 0.1 50 0 0 4737 0.5 30 0 0 90 58.8 47.1 47.1
5137 0.1 50 0 0 4737 0.5 30 0 0 120 58.8 47.2 47.2
5137 0.1 50 0 0 4737 0.5 30 0 0 150 58.7 47.5 47.5
5137 0.1 50 0 0 4737 0.5 30 0 0 180 58.6 47.6 47.6
5137 0.1 50 0 0 4737 0.5 40 0 0 0 58.1 47.2 47.2
5137 0.1 50 0 0 4737 0.5 40 0 0 30 58.1 47.1 47.1
5137 0.1 50 0 0 4737 0.5 40 0 0 60 58.1 47.1 47.1
5137 0.1 50 0 0 4737 0.5 40 0 0 90 58.2 47.1 47.1
5137 0.1 50 0 0 4737 0.5 40 0 0 120 58.2 47.2 47.2
5137 0.1 50 0 0 4737 0.5 40 0 0 150 58.1 47.5 47.5
5137 0.1 50 0 0 4737 0.5 40 0 0 180 58.0 47.6 47.6
5137 0.1 50 0 0 4737 0.5 50 0 0 0 57.2 47.5 47.5
5137 0.1 50 0 0 4737 0.5 50 0 0 30 57.3 47.5 47.5
5137 0.1 50 0 0 4737 0.5 50 0 0 60 57.2 47.5 47.5
5137 0.1 50 0 0 4737 0.5 50 0 0 90 57.3 47.4 47.4
5137 0.1 50 0 0 4737 0.5 50 0 0 120 57.2 47.5 47.5
5137 0.1 50 0 0 4737 0.5 50 0 0 150 57.0 47.8 47.8
5137 0.1 50 0 0 4737 0.5 50 0 0 180 56.9 47.9 47.9
5137 0.1 50 0 0 4737 0.5 60 0 0 0 55.8 48.0 48.0
5137 0.1 50 0 0 4737 0.5 60 0 0 30 55.9 48.0 48.0
5137 0.1 50 0 0 4737 0.5 60 0 0 60 55.9 48.2 48.2
5137 0.1 50 0 0 4737 0.5 60 0 0 90 55.9 48.3 48.3
5137 0.1 50 0 0 4737 0.5 60 0 0 120 55.7 48.3 48.3
5137 0.1 50 0 0 4737 0.5 60 0 0 150 55.2 48.6 48.6
5137 0.1 50 0 0 4737 0.5 60 0 0 180 55.0 48.5 48.5
5137 0.1 50 0 0 4937 0.0 0 0 0 0 60.6 54.0 54.0
5137 0.1 50 0 0 4937 0.0 0 0 0 30 61.0 54.0 54.0
5137 0.1 50 0 0 4937 0.0 0 0 0 60 61.3 54.1 54.1
5137 0.1 50 0 0 4937 0.0 0 0 0 90 61.4 54.2 54.2
5137 0.1 50 0 0 4937 0.0 0 0 0 120 61.4 54.1 54.1
5137 0.1 50 0 0 4937 0.0 0 0 0 150 61.2 53.7 53.7
5137 0.1 50 0 0 4937 0.0 0 0 0 180 61.0 53.2 53.2
5137 0.1 50 0 0 4937 0.0 10 0 0 0 60.5 53.3 53.3
5137 0.1 50 0 0 4937 0.0 10 0 0 30 60.9 53.4 53.4
5137 0.1 50 0 0 4937 0.0 10 0 0 60 61.2 53.6 53.6
5137 0.1 50 0 0 4937 0.0 10 0 0 90 61.4 53.8 53.8
5137 0.1 50 0 0 4937 0.0 10 0 0 120 61.3 53.7 53.7
5137 0.1 50 0 0 4937 0.0 10 0 0 150 61.1 53.4 53.4
5137 0.1 50 0 0 4937 0.0 10 0 0 180 60.9 53.0 53.0
5137 0.1 50 0 0 4937 0.0 20 0 0 0 60.3 51.6 51.6
5137 0.1 50 0 0 4937 0.0 20 0 0 30 60.8 51.9 51.9
5137 0.1 50 0 0 4937 0.0 20 0 0 60 61.0 52.2 52.2
5137 0.1 50 0 0 4937 0.0 20 0 0 90 61.2 52.4 52.4
5137 0.1 50 0 0 4937 0.0 20 0 0 120 61.2 52.4 52.4
5137 0.1 50 0 0 4937 0.0 20 0 0 150 61.0 52.2 52.2
5137 0.1 50 0 0 4937 0.0 20 0 0 180 60.8 51.8 51.8
5137 0.1 50 0 0 4937 0.0 30 0 0 0 60.0 48.4 48.4
5137 0.1 50 0 0 4937 0.0 30 0 0 30 60.4 48.7 48.7
5137 0.1 50 0 0 4937 0.0 30 0 0 60 60.7 49.1 49.1
5137 0.1 50 0 0 4937 0.0 30 0 0 90 60.8 49.3 49.3
5137 0.1 50 0 0 4937 0.0 30 0 0 120 60.8 49.4 49.4
5137 0.1 50 0 0 4937 0.0 30 0 0 150 60.6 49.2 49.2
5137 0.1 50 0 0 4937 0.0 30 0 0 180 60.4 48.9 48.9
5137 0.1 50 0 0 4937 0.0 40 0 0 0 59.5 48.2 48.2
5137 0.1 50 0 0 4937 0.0 40 0 0 30 59.9 48.6 48.6
5137 0.1 50 0 0 4937 0.0 40 0 0 60 60.2 49.0 49.0
5137 0.1 50 0 0 4937 0.0 40 0 0 90 60.3 49.3 49.3
5137 0.1 50 0 0 4937 0.0 40 0 0 120 60.3 49.4 49.4
5137 0.1 50 0 0 4937 0.0 40 0 0 150 60.1 49.2 49.2
5137 0.1 50 0 0 4937 0.0 40 0 0 180 59.9 48.8 48.8
5137 0.1 50 0 0 4937 0.0 50 0 0 0 58.8 48.7 48.7
5137 0.1 50 0 0 4937 0.0 50 0 0 30 59.2 49.4 49.4
5137 0.1 50 0 0 4937 0.0 50 0 0 60 59.4 49.9 49.9
5137 0.1 50 0 0 4937 0.0 50 0 0 90 59.5 50.2 50.2
5137 0.1 50 0 0 4937 0.0 50 0 0 120 59.5 50.3 50.3
5137 0.1 50 0 0 4937 0.0 50 0 0 150 59.3 50.1 50.1
5137 0.1 50 0 0 4937 0.0 50 0 0 180 59.1 49.7 49.7
5137 0.1 50 0 0 4937 0.0 60 0 0 0 57.5 49.6 49.6
5137 0.1 50 0 0 4937 0.0 60 0 0 30 57.9 50.4 50.4
5137 0.1 50 0 0 4937 0.0 60 0 0 60 58.0 51.3 51.3
5137 0.1 50 0 0 4937 0.0 60 0 0 90 58.1 51.9 51.9
5137 0.1 50 0 0 4937 0.0 60 0 0 120 58.1 52.0 52.0
5137 0.1 50 0 0 4937 0.0 60 0 0 150 58.0 51.9 51.9
5137 0.1 50 0 0 4937 0.0 60 0 0 180 57.8 51.4 51.4
5137 0.1 50 0 0 4937 0.1 0 0 0 0 60.4 53.5 53.5
5137 0.1 50 0 0 4937 0.1 0 0 0 30 60.8 53.5 53.5
5137 0.1 50 0 0 4937 0.1 0 0 0 60 61.0 53.7 53.7
5137 0.1 50 0 0 4937 0.1 0 0 0 90 61.2 53.9 53.9
5137 0.1 50 0 0 4937 0.1 0 0 0 120 61.2 53.9 53.9
5137 0.1 50 0 0 4937 0.1 0 0 0 150 61.0 53.6 53.6
5137 0.1 50 0 0 4937 0.1 0 0 0 180 60.7 52.9 52.9
5137 0.1 50 0 0 4937 0.1 10 0 0 0 60.4 52.8 52.8
5137 0.1 50 0 0 4937 0.1 10 0 0 30 60.7 53.0 53.0
5137 0.1 50 0 0 4937 0.1 10 0 0 60 61.0 53.2 53.2
5137 0.1 50 0 0 4937 0.1 10 0 0 90 61.1 53.4 53.4
5137 0.1 50 0 0 4937 0.1 10 0 0 120 61.1 53.4 53.4
5137 0.1 50 0 0 4937 0.1 10 0 0 150 61.0 53.1 53.1
5137 0.1 50 0 0 4937 0.1 10 0 0 180 60.7 52.5 52.5
5137 0.1 50 0 0 4937 0.1 20 0 0 0 60.2 51.3 51.3
5137 0.1 50 0 0 4937 0.1 20 0 0 30 60.5 51.5 51.5
5137 0.1 50 0 0 4937 0.1 20 0 0 60 60.8 51.8 51.8
5137 0.1 50 0 0 4937 0.1 20 0 0 90 60.9 52.1 52.1
5137 0.1 50 0 0 4937 0.1 20 0 0 120 60.9 52.1 52.1
5137 0.1 50 0 0 4937 0.1 20 0 0 150 60.8 51.9 51.9
5137 0.1 50 0 0 4937 0.1 20 0 0 180 60.5 51.3 51.3
5137 0.1 50 0 0 4937 0.1 30 0 0 0 59.9 48.2 48.2
5137 0.1 50 0 0 4937 0.1 30 0 0 30 60.2 48.5 48.5
5137 0.1 50 0 0 4937 0.1 30 0 0 60 60.4 48.8 48.8
5137 0.1 50 0 0 4937 0.1 30 0 0 90 60.6 49.0 49.0
5137 0.1 50 0 0 4937 0.1 30 0 0 120 60.6 49.1 49.1
5137 0.1 50 0 0 4937 0.1 30 0 0 150 60.4 48.9 48.9
5137 0.1 50 0 0 4937 0.1 30 0 0 180 60.1 48.4 48.4
5137 0.1 50 0 0 4937 0.1 40 0 0 0 59.4 47.9 47.9
5137 0.1 50 0 0 4937 0.1 40 0 0 30 59.7 48.4 48.4
5137 0.1 50 0 0 4937 0.1 40 0 0 60 60.0 48.7 48.7
5137 0.1 50 0 0 4937 0.1 40 0 0 90 60.1 49.0 49.0
5137 0.1 50 0 0 4937 0.1 40 0 0 120 60.0 49.1 49.1
5137 0.1 50 0 0 4937 0.1 40 0 0 150 59.9 48.8 48.8
5137 0.1 50 0 0 4937 0.1 40 0 0 180 59.6 48.3 48.3
5137 0.1 50 0 0 4937 0.1 50 0 0 0 58.6 48.2 48.2
5137 0.1 50 0 0 4937 0.1 50 0 0 30 59.0 48.8 48.8
5137 0.1 50 0 0 4937 0.1 50 0 0 60 59.2 49.5 49.5
5137 0.1 50 0 0 4937 0.1 50 0 0 90 59.3 49.9 49.9
5137 0.1 50 0 0 4937 0.1 50 0 0 120 59.2 50.0 50.0
5137 0.1 50 0 0 4937 0.1 50 0 0 150 59.1 49.9 49.9
5137 0.1 50 0 0 4937 0.1 50 0 0 180 58.8 49.4 49.4
5137 0.1 50 0 0 4937 0.1 60 0 0 0 57.3 49.0 49.0
5137 0.1 50 0 0 4937 0.1 60 0 0 30 57.6 49.8 49.8
5137 0.1 50 0 0 4937 0.1 60 0 0 60 57.8 50.5 50.5
5137 0.1 50 0 0 4937 0.1 60 0 0 90 57.9 51.3 51.3
5137 0.1 50 0 0 4937 0.1 60 0 0 120 57.9 51.7 51.7
5137 0.1 50 0 0 4937 0.1 60 0 0 150 57.8 51.6 51.6
5137 0.1 50 0 0 4937 0.1 60 0 0 180 57.6 51.1 51.1
5137 0.1 50 0 0 4937 0.2 0 0 0 0 60.4 52.9 52.9
5137 0.1 50 0 0 4937 0.2 0 0 0 30 60.6 53.1 53.1
5137 0.1 50 0 0 4937 0.2 0 0 0 60 60.8 53.3 53.3
5137 0.1 50 0 0 4937 0.2 0 0 0 90 60.9 53.5 53.5
5137 0.1 50 0 0 4937 0.2 0 0 0 120 61.0 53.6 53.6
5137 0.1 50 0 0 4937 0.2 0 0 0 150 60.8 53.3 53.3
5137 0.1 50 0 0 4937 0.2 0 0 0 180 60.5 52.5 52.5
5137 0.1 50 0 0 4937 0.2 10 0 0 0 60.3 52.3 52.3
5137 0.1 50 0 0 4937 0.2 10 0 0 30 60.6 52.6 52.6
5137 0.1 50 0 0 4937 0.2 10 0 0 60 60.7 52.8 52.8
5137 0.1 50 0 0 4937 0.2 10 0 0 90 60.9 53.0 53.0
5137 0.1 50 0 0 4937 0.2 10 0 0 120 60.9 53.1 53.1
5137 0.1 50 0 0 4937 0.2 10 0 0 150 60.7 52.8 52.8
5137 0.1 50 0 0 4937 0.2 10 0 0 180 60.4 52.1 52.1
5137 0.1 50 0 0 4937 0.2 20 0 0 0 60.1 51.0 51.0
5137 0.1 50 0 0 4937 0.2 20 0 0 30 60.4 51.2 51.2
5137 0.1 50 0 0 4937 0.2 20 0 0 60 60.5 51.5 51.5
5137 0.1 50 0 0 4937 0.2 20 0 0 90 60.7 51.7 51.7
5137 0.1 50 0 0 4937 0.2 20 0 0 120 60.7 51.8 51.8
5137 0.1 50 0 0 4937 0.2 20 0 0 150 60.5 51.5 51.5
5137 0.1 50 0 0 4937 0.2 20 0 0 180 60.2 50.7 50.7
5137 0.1 50 0 0 4937 0.2 30 0 0 0 59.8 48.0 48.0
5137 0.1 50 0 0 4937 0.2 30 0 0 30 60.1 48.4 48.4
5137 0.1 50 0 0 4937 0.2 30 0 0 60 60.2 48.6 48.6
5137 0.1 50 0 0 4937 0.2 30 0 0 90 60.4 48.9 48.9
5137 0.1 50 0 0 4937 0.2 30 0 0 120 60.3 49.0 49.0
5137 0.1 50 0 0 4937 0.2 30 0 0 150 60.2 48.7 48.7
5137 0.1 50 0 0 4937 0.2 30 0 0 180 59.8 48.0 48.0
5137 0.1 50 0 0 4937 0.2 40 0 0 0 59.3 47.6 47.6
5137 0.1 50 0 0 4937 0.2 40 0 0 30 59.6 48.1 48.1
5137 0.1 50 0 0 4937 0.2 40 0 0 60 59.8 48.6 48.6
5137 0.1 50 0 0 4937 0.2 40 0 0 90 59.9 48.9 48.9
5137 0.1 50 0 0 4937 0.2 40 0 0 120 59.8 49.0 49.0
5137 0.1 50 0 0 4937 0.2 40 0 0 150 59.6 48.8 48.8
5137 0.1 50 0 0 4937 0.2 40 0 0 180 59.3 48.1 48.1
5137 0.1 50 0 0 4937 0.2 50 0 0 0 58.5 47.7 47.7
5137 0.1 50 0 0 4937 0.2 50 0 0 30 58.8 48.4 48.4
5137 0.1 50 0 0 4937 0.2 50 0 0 60 59.0 49.1 49.1
5137 0.1 50 0 0 4937 0.2 50 0 0 90 59.1 49.7 49.7
5137 0.1 50 0 0 4937 0.2 50 0 0 120 59.0 49.9 49.9
5137 0.1 50 0 0 4937 0.2 50 0 0 150 58.8 49.7 49.7
5137 0.1 50 0 0 4937 0.2 50 0 0 180 58.5 49.0 49.0
5137 0.1 50 0 0 4937 0.2 60 0 0 0 57.1 48.6 48.6
5137 0.1 50 0 0 4937 0.2 60 0 0 30 57.4 49.1 49.1
5137 0.1 50 0 0 4937 0.2 60 0 0 60 57.6 49.8 49.8
5137 0.1 50 0 0 4937 0.2 60 0 0 90 57.7 50.6 50.6
5137 0.1 50 0 0 4937 0.2 60 0 0 120 57.6 51.4 51.4
5137 0.1 50 0 0 4937 0.2 60 0 0 150 57.5 51.3 51.3
5137 0.1 50 0 0 4937 0.2 60 0 0 180 57.3 50.6 50.6
5137 0.1 50 0 0 4937 0.3 0 0 0 0 60.2 52.4 52.4
5137 0.1 50 0 0 4937 0.3 0 0 0 30 60.4 52.7 52.7
5137 0.1 50 0 0 4937 0.3 0 0 0 60 60.6 52.9 52.9
5137 0.1 50 0 0 4937 0.3 0 0 0 90 60.7 53.2 53.2
5137 0.1 50 0 0 4937 0.3 0 0 0 120 60.7 53.3 53.3
5137 0.1 50 0 0 4937 0.3 0 0 0 150 60.5 53.0 53.0
5137 0.1 50 0 0 4937 0.3 0 0 0 180 60.2 51.9 51.9
5137 0.1 50 0 0 4937 0.3 10 0 0 0 60.2 51.9 51.9
5137 0.1 50 0 0 4937 0.3 10 0 0 30 60.4 52.2 52.2
5137 0.1 50 0 0 4937 0.3 10 0 0 60 60.5 52.4 52.4
5137 0.1 50 0 0 4937 0.3 10 0 0 90 60.6 52.7 52.7
5137 0.1 50 0 0 4937 0.3 10 0 0 120 60.6 52.8 52.8
5137 0.1 50 0 0 4937 0.3 10 0 0 150 60.5 52.5 52.5
5137 0.1 50 0 0 4937 0.3 10 0 0 180 60.1 51.5 51.5
5137 0.1 50 0 0 4937 0.3 20 0 0 0 60.0 50.4 50.4
5137 0.1 50 0 0 4937 0.3 20 0 0 30 60.2 50.8 50.8
5137 0.1 50 0 0 4937 0.3 20 0 0 60 60.4 51.0 51.0
5137 0.1 50 0 0 4937 0.3 20 0 0 90 60.5 51.2 51.2
5137 0.1 50 0 0 4937 0.3 20 0 0 120 60.5 51.3 51.3
5137 0.1 50 0 0 4937 0.3 20 0 0 150 60.3 51.0 51.0
5137 0.1 50 0 0 4937 0.3 20 0 0 180 59.9 49.9 49.9
5137 0.1 50 0 0 4937 0.3 30 0 0 0 59.7 48.0 48.0
5137 0.1 50 0 0 4937 0.3 30 0 0 30 59.9 48.4 48.4
5137 0.1 50 0 0 4937 0.3 30 0 0 60 60.1 48.7 48.7
5137 0.1 50 0 0 4937 0.3 30 0 0 90 60.2 48.9 48.9
5137 0.1 50 0 0 4937 0.3 30 0 0 120 60.1 49.1 49.1
5137 0.1 50 0 0 4937 0.3 30 0 0 150 59.9 48.8 48.8
5137 0.1 50 0 0 4937 0.3 30 0 0 180 59.5 47.7 47.7
5137 0.1 50 0 0 4937 0.3 40 0 0 0 59.2 47.5 47.5
5137 0.1 50 0 0 4937 0.3 40 0 0 30 59.4 48.0 48.0
5137 0.1 50 0 0 4937 0.3 40 0 0 60 59.6 48.5 48.5
5137 0.1 50 0 0 4937 0.3 40 0 0 90 59.7 48.9 48.9
5137 0.1 50 0 0 4937 0.3 40 0 0 120 59.7 49.1 49.1
5137 0.1 50 0 0 4937 0.3 40 0 0 150 59.4 48.8 48.8
5137 0.1 50 0 0 4937 0.3 40 0 0 180 59.0 47.9 47.9
5137 0.1 50 0 0 4937 0.3 50 0 0 0 58.4 47.4 47.4
5137 0.1 50 0 0 4937 0.3 50 0 0 30 58.6 48.0 48.0
5137 0.1 50 0 0 4937 0.3 50 0 0 60 58.8 48.6 48.6
5137 0.1 50 0 0 4937 0.3 50 0 0 90 58.9 49.3 49.3
5137 0.1 50 0 0 4937 0.3 50 0 0 120 58.9 49.8 49.8
5137 0.1 50 0 0 4937 0.3 50 0 0 150 58.6 49.7 49.7
5137 0.1 50 0 0 4937 0.3 50 0 0 180 58.2 48.8 48.8
5137 0.1 50 0 0 4937 0.3 60 0 0 0 56.9 48.2 48.2
5137 0.1 50 0 0 4937 0.3 60 0 0 30 57.1 48.6 48.6
5137 0.1 50 0 0 4937 0.3 60 0 0 60 57.3 49.2 49.2
5137 0.1 50 0 0 4937 0.3 60 0 0 90 57.4 49.9 49.9
5137 0.1 50 0 0 4937 0.3 60 0 0 120 57.4 50.7 50.7
5137 0.1 50 0 0 4937 0.3 60 0 0 150 57.3 51.1 51.1
5137 0.1 50 0 0 4937 0.3 60 0 0 180 57.1 50.3 50.3
5137 0.1 50 0 0 4937 0.4 0 0 0 0 60.1 52.1 52.1
5137 0.1 50 0 0 4937 0.4 0 0 0 30 60.3 52.4 52.4
5137 0.1 50 0 0 4937 0.4 0 0 0 60 60.4 52.6 52.6
5137 0.1 50 0 0 4937 0.4 0 0 0 90 60.5 52.9 52.9
5137 0.1 50 0 0 4937 0.4 0 0 0 120 60.5 53.0 53.0
5137 0.1 50 0 0 4937 0.4 0 0 0 150 60.3 52.7 52.7
5137 0.1 50 0 0 4937 0.4 0 0 0 180 59.8 51.1 51.1
5137 0.1 50 0 0 4937 0.4 10 0 0 0 60.1 51.5 51.5
5137 0.1 50 0 0 4937 0.4 10 0 0 30 60.3 51.9 51.9
5137 0.1 50 0 0 4937 0.4 10 0 0 60 60.4 52.1 52.1
5137 0.1 50 0 0 4937 0.4 10 0 0 90 60.5 52.3 52.3
5137 0.1 50 0 0 4937 0.4 10 0 0 120 60.5 52.5 52.5
5137 0.1 50 0 0 4937 0.4 10 0 0 150 60.2 52.1 52.1
5137 0.1 50 0 0 4937 0.4 10 0 0 180 59.7 50.7 50.7
5137 0.1 50 0 0 4937 0.4 20 0 0 0 59.9 49.5 49.5
5137 0.1 50 0 0 4937 0.4 20 0 0 30 60.1 49.8 49.8
5137 0.1 50 0 0 4937 0.4 20 0 0 60 60.2 50.1 50.1
5137 0.1 50 0 0 4937 0.4 20 0 0 90 60.3 50.3 50.3
5137 0.1 50 0 0 4937 0.4 20 0 0 120 60.3 50.4 50.4
5137 0.1 50 0 0 4937 0.4 20 0 0 150 60.0 50.1 50.1
5137 0.1 50 0 0 4937 0.4 20 0 0 180 59.5 48.7 48.7
5137 0.1 50 0 0 4937 0.4 30 0 0 0 59.6 48.1 48.1
5137 0.1 50 0 0 4937 0.4 30 0 0 30 59.8 48.5 48.5
5137 0.1 50 0 0 4937 0.4 30 0 0 60 59.9 48.9 48.9
5137 0.1 50 0 0 4937 0.4 30 0 0 90 60.0 49.2 49.2
5137 0.1 50 0 0 4937 0.4 30 0 0 120 60.0 49.3 49.3
5137 0.1 50 0 0 4937 0.4 30 0 0 150 59.7 49.0 49.0
5137 0.1 50 0 0 4937 0.4 30 0 0 180 59.1 47.7 47.7
5137 0.1 50 0 0 4937 0.4 40 0 0 0 59.1 47.6 47.6
5137 0.1 50 0 0 4937 0.4 40 0 0 30 59.3 48.0 48.0
5137 0.1 50 0 0 4937 0.4 40 0 0 60 59.4 48.4 48.4
5137 0.1 50 0 0 4937 0.4 40 0 0 90 59.5 49.0 49.0
5137 0.1 50 0 0 4937 0.4 40 0 0 120 59.5 49.4 49.4
5137 0.1 50 0 0 4937 0.4 40 0 0 150 59.3 49.2 49.2
5137 0.1 50 0 0 4937 0.4 40 0 0 180 58.6 47.9 47.9
5137 0.1 50 0 0 4937 0.4 50 0 0 0 58.2 47.3 47.3
5137 0.1 50 0 0 4937 0.4 50 0 0 30 58.4 47.7 47.7
5137 0.1 50 0 0 4937 0.4 50 0 0 60 58.6 48.3 48.3
5137 0.1 50 0 0 4937 0.4 50 0 0 90 58.7 48.9 48.9
5137 0.1 50 0 0 4937 0.4 50 0 0 120 58.8 49.7 49.7
5137 0.1 50 0 0 4937 0.4 50 0 0 150 58.5 49.8 49.8
5137 0.1 50 0 0 4937 0.4 50 0 0 180 57.9 48.6 48.6
5137 0.1 50 0 0 4937 0.4 60 0 0 0 56.3 47.9 47.9
5137 0.1 50 0 0 4937 0.4 60 0 0 30 56.6 48.3 48.3
5137 0.1 50 0 0 4937 0.4 60 0 0 60 56.8 48.7 48.7
5137 0.1 50 0 0 4937 0.4 60 0 0 90 56.9 49.3 49.3
5137 0.1 50 0 0 4937 0.4 60 0 0 120 56.9 50.2 50.2
5137 0.1 50 0 0 4937 0.4 60 0 0 150 56.8 50.9 50.9
5137 0.1 50 0 0 4937 0.4 60 0 0 180 56.9 49.8 49.8
5137 0.1 50 0 0 4937 0.5 0 0 0 0 60.1 51.6 51.6
5137 0.1 50 0 0 4937 0.5 0 0 0 30 60.2 51.8 51.8
5137 0.1 50 0 0 4937 0.5 0 0 0 60 60.3 52.1 52.1
5137 0.1 50 0 0 4937 0.5 0 0 0 90 60.4 52.4 52.4
5137 0.1 50 0 0 4937 0.5 0 0 0 120 60.5 52.6 52.6
5137 0.1 50 0 0 4937 0.5 0 0 0 150 60.1 52.2 52.2
5137 0.1 50 0 0 4937 0.5 0 0 0 180 59.4 50.1 50.1
5137 0.1 50 0 0 4937 0.5 10 0 0 0 60.0 50.9 50.9
5137 0.1 50 0 0 4937 0.5 10 0 0 30 60.2 51.2 51.2
5137 0.1 50 0 0 4937 0.5 10 0 0 60 60.3 51.5 51.5
5137 0.1 50 0 0 4937 0.5 10 0 0 90 60.4 51.7 51.7
5137 0.1 50 0 0 4937 0.5 10 0 0 120 60.4 51.8 51.8
5137 0.1 50 0 0 4937 0.5 10 0 0 150 60.1 51.4 51.4
5137 0.1 50 0 0 4937 0.5 10 0 0 180 59.3 49.3 49.3
5137 0.1 50 0 0 4937 0.5 20 0 0 0 59.8 49.3 49.3
5137 0.1 50 0 0 4937 0.5 20 0 0 30 60.0 49.6 49.6
5137 0.1 50 0 0 4937 0.5 20 0 0 60 60.1 50.0 50.0
5137 0.1 50 0 0 4937 0.5 20 0 0 90 60.2 50.4 50.4
5137 0.1 50 0 0 4937 0.5 20 0 0 120 60.2 50.5 50.5
5137 0.1 50 0 0 4937 0.5 20 0 0 150 59.9 50.1 50.1
5137 0.1 50 0 0 4937 0.5 20 0 0 180 59.1 48.1 48.1
5137 0.1 50 0 0 4937 0.5 30 0 0 0 59.5 48.2 48.2
5137 0.1 50 0 0 4937 0.5 30 0 0 30 59.6 48.6 48.6
5137 0.1 50 0 0 4937 0.5 30 0 0 60 59.8 49.0 49.0
5137 0.1 50 0 0 4937 0.5 30 0 0 90 59.9 49.5 49.5
5137 0.1 50 0 0 4937 0.5 30 0 0 120 60.0 49.9 49.9
5137 0.1 50 0 0 4937 0.5 30 0 0 150 59.6 49.6 49.6
5137 0.1 50 0 0 4937 0.5 30 0 0 180 58.8 47.7 47.7
5137 0.1 50 0 0 4937 0.5 40 0 0 0 58.9 47.7 47.7
5137 0.1 50 0 0 4937 0.5 40 0 0 30 59.1 48.1 48.1
5137 0.1 50 0 0 4937 0.5 40 0 0 60 59.2 48.5 48.5
5137 0.1 50 0 0 4937 0.5 40 0 0 90 59.4 49.0 49.0
5137 0.1 50 0 0 4937 0.5 40 0 0 120 59.5 49.7 49.7
5137 0.1 50 0 0 4937 0.5 40 0 0 150 59.1 49.6 49.6
5137 0.1 50 0 0 4937 0.5 40 0 0 180 58.3 48.0 48.0
5137 0.1 50 0 0 4937 0.5 50 0 0 0 57.9 47.5 47.5
5137 0.1 50 0 0 4937 0.5 50 0 0 30 58.1 47.8 47.8
5137 0.1 50 0 0 4937 0.5 50 0 0 60 58.3 48.1 48.1
5137 0.1 50 0 0 4937 0.5 50 0 0 90 58.5 48.7 48.7
5137 0.1 50 0 0 4937 0.5 50 0 0 120 58.5 49.6 49.6
5137 0.1 50 0 0 4937 0.5 50 0 0 150 58.3 50.2 50.2
5137 0.1 50 0 0 4937 0.5 50 0 0 180 57.6 48.5 48.5
5137 0.1 50 0 0 4937 0.5 60 0 0 0 56.0 47.8 47.8
5137 0.1 50 0 0 4937 0.5 60 0 0 30 56.2 48.1 48.1
5137 0.1 50 0 0 4937 0.5 60 0 0 60 56.5 48.4 48.4
5137 0.1 50 0 0 4937 0.5 60 0 0 90 56.7 48.9 48.9
5137 0.1 50 0 0 4937 0.5 60 0 0 120 56.6 49.7 49.7
5137 0.1 50 0 0 4937 0.5 60 0 0 150 56.5 50.6 50.6
5137 0.1 50 0 0 4937 0.5 60 0 0 180 56.4 49.5 49.5
5137 0.1 50 0 0 5137 0.0 0 0 0 0 41.3 43.2 43.2
5137 0.1 50 0 0 5137 0.0 0 0 0 30 48.0 45.6 45.6
5137 0.1 50 0 0 5137 0.0 0 0 0 60 56.3 50.9 50.9
5137 0.1 50 0 0 5137 0.0 0 0 0 90 64.6 56.4 56.4
5137 0.1 50 0 0 5137 0.0 0 0 0 120 71.8 61.1 61.1
5137 0.1 50 0 0 5137 0.0 0 0 0 150 74.9 63.7 63.7
5137 0.1 50 0 0 5137 0.0 0 0 0 180 75.1 63.4 63.4
5137 0.1 50 0 0 5137 0.0 10 0 0 0 41.2 41.0 41.0
5137 0.1 50 0 0 5137 0.0 10 0 0 30 47.8 44.4 44.4
5137 0.1 50 0 0 5137 0.0 10 0 0 60 56.2 50.1 50.1
5137 0.1 50 0 0 5137 0.0 10 0 0 90 64.5 55.9 55.9
5137 0.1 50 0 0 5137 0.0 10 0 0 120 71.7 61.2 61.2
5137 0.1 50 0 0 5137 0.0 10 0 0 150 74.9 63.8 63.8
5137 0.1 50 0 0 5137 0.0 10 0 0 180 75.0 63.7 63.7
5137 0.1 50 0 0 5137 0.0 20 0 0 0 40.8 38.2 38.2
5137 0.1 50 0 0 5137 0.0 20 0 0 30 47.6 42.4 42.4
5137 0.1 50 0 0 5137 0.0 20 0 0 60 55.9 48.5 48.5
5137 0.1 50 0 0 5137 0.0 20 0 0 90 64.2 54.6 54.6
5137 0.1 50 0 0 5137 0.0 20 0 0 120 71.6 60.3 60.3
5137 0.1 50 0 0 5137 0.0 20 0 0 150 74.7 62.6 62.6
5137 0.1 50 0 0 5137 0.0 20 0 0 180 74.7 62.7 62.7
5137 0.1 50 0 0 5137 0.0 30 0 0 0 40.3 33.7 33.7
5137 0.1 50 0 0 5137 0.0 30 0 0 30 47.2 38.6 38.6
5137 0.1 50 0 0 5137 0.0 30 0 0 60 55.6 44.9 44.9
5137 0.1 50 0 0 5137 0.0 30 0 0 90 63.9 51.4 51.4
5137 0.1 50 0 0 5137 0.0 30 0 0 120 71.2 57.3 57.3
5137 0.1 50 0 0 5137 0.0 30 0 0 150 74.2 59.5 59.5
5137 0.1 50 0 0 5137 0.0 30 0 0 180 74.3 59.6 59.6
5137 0.1 50 0 0 5137 0.0 40 0 0 0 39.6 32.6 32.6
5137 0.1 50 0 0 5137 0.0 40 0 0 30 46.7 37.8 37.8
5137 0.1 50 0 0 5137 0.0 40 0 0 60 55.0 44.4 44.4
5137 0.1 50 0 0 5137 0.0 40 0 0 90 63.4 51.0 51.0
5137 0.1 50 0 0 5137 0.0 40 0 0 120 70.7 57.0 57.0
5137 0.1 50 0 0 5137 0.0 40 0 0 150 73.5 59.3 59.3
5137 0.1 50 0 0 5137 0.0 40 0 0 180 73.5 59.4 59.4
5137 0.1 50 0 0 5137 0.0 50 0 0 0 39.0 33.0 33.0
5137 0.1 50 0 0 5137 0.0 50 0 0 30 46.0 38.0 38.0
5137 0.1 50 0 0 5137 0.0 50 0 0 60 54.3 44.8 44.8
5137 0.1 50 0 0 5137 0.0 50 0 0 90 62.6 51.5 51.5
5137 0.1 50 0 0 5137 0.0 50 0 0 120 69.8 57.6 57.6
5137 0.1 50 0 0 5137 0.0 50 0 0 150 72.4 60.3 60.3
5137 0.1 50 0 0 5137 0.0 50 0 0 180 72.4 60.3 60.3
5137 0.1 50 0 0 5137 0.0 60 0 0 0 38.3 34.0 34.0
5137 0.1 50 0 0 5137 0.0 60 0 0 30 44.9 38.8 38.8
5137 0.1 50 0 0 5137 0.0 60 0 0 60 53.2 45.8 45.8
5137 0.1 50 0 0 5137 0.0 60 0 0 90 61.3 52.7 52.7
5137 0.1 50 0 0 5137 0.0 60 0 0 120 68.0 58.9 58.9
5137 0.1 50 0 0 5137 0.0 60 0 0 150 70.5 62.1 62.1
5137 0.1 50 0 0 5137 0.0 60 0 0 180 70.5 62.1 62.1
5137 0.1 50 0 0 5137 0.1 0 0 0 0 40.7 43.1 43.1
5137 0.1 50 0 0 5137 0.1 0 0 0 30 46.5 44.7 44.7
5137 0.1 50 0 0 5137 0.1 0 0 0 60 53.6 48.6 48.6
5137 0.1 50 0 0 5137 0.1 0 0 0 90 61.4 54.1 54.1
5137 0.1 50 0 0 5137 0.1 0 0 0 120 69.4 59.9 59.9
5137 0.1 50 0 0 5137 0.1 0 0 0 150 73.9 63.7 63.7
5137 0.1 50 0 0 5137 0.1 0 0 0 180 75.1 62.5 62.5
5137 0.1 50 0 0 5137 0.1 10 0 0 0 40.5 40.9 40.9
5137 0.1 50 0 0 5137 0.1 10 0 0 30 46.3 43.1 43.1
5137 0.1 50 0 0 5137 0.1 10 0 0 60 53.5 47.7 47.7
5137 0.1 50 0 0 5137 0.1 10 0 0 90 61.3 53.4 53.4
5137 0.1 50 0 0 5137 0.1 10 0 0 120 69.3 59.6 59.6
5137 0.1 50 0 0 5137 0.1 10 0 0 150 73.9 63.6 63.6
5137 0.1 50 0 0 5137 0.1 10 0 0 180 75.0 63.0 63.0
5137 0.1 50 0 0 5137 0.1 20 0 0 0 40.1 37.9 37.9
5137 0.1 50 0 0 5137 0.1 20 0 0 30 46.1 40.8 40.8
5137 0.1 50 0 0 5137 0.1 20 0 0 60 53.3 46.0 46.0
5137 0.1 50 0 0 5137 0.1 20 0 0 90 61.1 52.0 52.0
5137 0.1 50 0 0 5137 0.1 20 0 0 120 69.1 58.4 58.4
5137 0.1 50 0 0 5137 0.1 20 0 0 150 73.7 62.4 62.4
5137 0.1 50 0 0 5137 0.1 20 0 0 180 74.8 62.5 62.5
5137 0.1 50 0 0 5137 0.1 30 0 0 0 39.4 33.2 33.2
5137 0.1 50 0 0 5137 0.1 30 0 0 30 45.7 36.8 36.8
5137 0.1 50 0 0 5137 0.1 30 0 0 60 52.9 42.4 42.4
5137 0.1 50 0 0 5137 0.1 30 0 0 90 60.7 48.7 48.7
5137 0.1 50 0 0 5137 0.1 30 0 0 120 68.8 55.1 55.1
5137 0.1 50 0 0 5137 0.1 30 0 0 150 73.3 59.3 59.3
5137 0.1 50 0 0 5137 0.1 30 0 0 180 74.3 59.4 59.4
5137 0.1 50 0 0 5137 0.1 40 0 0 0 38.5 31.5 31.5
5137 0.1 50 0 0 5137 0.1 40 0 0 30 45.2 36.0 36.0
5137 0.1 50 0 0 5137 0.1 40 0 0 60 52.4 41.8 41.8
5137 0.1 50 0 0 5137 0.1 40 0 0 90 60.2 48.1 48.1
5137 0.1 50 0 0 5137 0.1 40 0 0 120 68.3 54.6 54.6
5137 0.1 50 0 0 5137 0.1 40 0 0 150 72.6 59.0 59.0
5137 0.1 50 0 0 5137 0.1 40 0 0 180 73.5 59.2 59.2
5137 0.1 50 0 0 5137 0.1 50 0 0 0 37.6 31.1 31.1
5137 0.1 50 0 0 5137 0.1 50 0 0 30 44.5 36.1 36.1
5137 0.1 50 0 0 5137 0.1 50 0 0 60 51.7 42.0 42.0
5137 0.1 50 0 0 5137 0.1 50 0 0 90 59.5 48.4 48.4
5137 0.1 50 0 0 5137 0.1 50 0 0 120 67.6 54.9 54.9
5137 0.1 50 0 0 5137 0.1 50 0 0 150 71.5 59.5 59.5
5137 0.1 50 0 0 5137 0.1 50 0 0 180 72.4 60.1 60.1
5137 0.1 50 0 0 5137 0.1 60 0 0 0 37.2 32.8 32.8
5137 0.1 50 0 0 5137 0.1 60 0 0 30 43.4 36.8 36.8
5137 0.1 50 0 0 5137 0.1 60 0 0 60 50.6 42.8 42.8
5137 0.1 50 0 0 5137 0.1 60 0 0 90 58.4 49.3 49.3
5137 0.1 50 0 0 5137 0.1 60 0 0 120 65.9 56.0 56.0
5137 0.1 50 0 0 5137 0.1 60 0 0 150 69.6 60.9 60.9
5137 0.1 50 0 0 5137 0.1 60 0 0 180 70.6 61.8 61.8
5137 0.1 50 0 0 5137 0.2 0 0 0 0 41.2 43.0 43.0
5137 0.1 50 0 0 5137 0.2 0 0 0 30 45.2 44.3 44.3
5137 0.1 50 0 0 5137 0.2 0 0 0 60 51.2 46.7 46.7
5137 0.1 50 0 0 5137 0.2 0 0 0 90 58.3 51.5 51.5
5137 0.1 50 0 0 5137 0.2 0 0 0 120 66.7 57.8 57.8
5137 0.1 50 0 0 5137 0.2 0 0 0 150 72.4 63.6 63.6
5137 0.1 50 0 0 5137 0.2 0 0 0 180 75.1 61.5 61.5
5137 0.1 50 0 0 5137 0.2 10 0 0 0 41.1 40.8 40.8
5137 0.1 50 0 0 5137 0.2 10 0 0 30 45.1 42.5 42.5
5137 0.1 50 0 0 5137 0.2 10 0 0 60 51.1 45.5 45.5
5137 0.1 50 0 0 5137 0.2 10 0 0 90 58.2 50.8 50.8
5137 0.1 50 0 0 5137 0.2 10 0 0 120 66.6 57.3 57.3
5137 0.1 50 0 0 5137 0.2 10 0 0 150 72.4 63.2 63.2
5137 0.1 50 0 0 5137 0.2 10 0 0 180 75.0 62.1 62.1
5137 0.1 50 0 0 5137 0.2 20 0 0 0 40.8 37.9 37.9
5137 0.1 50 0 0 5137 0.2 20 0 0 30 44.8 40.0 40.0
5137 0.1 50 0 0 5137 0.2 20 0 0 60 50.8 43.6 43.6
5137 0.1 50 0 0 5137 0.2 20 0 0 90 58.0 49.2 49.2
5137 0.1 50 0 0 5137 0.2 20 0 0 120 66.4 55.9 55.9
5137 0.1 50 0 0 5137 0.2 20 0 0 150 72.1 61.7 61.7
5137 0.1 50 0 0 5137 0.2 20 0 0 180 74.8 61.8 61.8
5137 0.1 50 0 0 5137 0.2 30 0 0 0 40.3 33.4 33.4
5137 0.1 50 0 0 5137 0.2 30 0 0 30 44.4 35.9 35.9
5137 0.1 50 0 0 5137 0.2 30 0 0 60 50.5 40.2 40.2
5137 0.1 50 0 0 5137 0.2 30 0 0 90 57.6 45.9 45.9
5137 0.1 50 0 0 5137 0.2 30 0 0 120 66.1 52.6 52.6
5137 0.1 50 0 0 5137 0.2 30 0 0 150 71.7 58.3 58.3
5137 0.1 50 0 0 5137 0.2 30 0 0 180 74.3 59.3 59.3
5137 0.1 50 0 0 5137 0.2 40 0 0 0 39.7 31.8 31.8
5137 0.1 50 0 0 5137 0.2 40 0 0 30 43.9 34.6 34.6
5137 0.1 50 0 0 5137 0.2 40 0 0 60 50.0 39.5 39.5
5137 0.1 50 0 0 5137 0.2 40 0 0 90 57.1 45.2 45.2
5137 0.1 50 0 0 5137 0.2 40 0 0 120 65.6 51.9 51.9
5137 0.1 50 0 0 5137 0.2 40 0 0 150 71.0 57.7 57.7
5137 0.1 50 0 0 5137 0.2 40 0 0 180 73.6 59.1 59.1
5137 0.1 50 0 0 5137 0.2 50 0 0 0 39.1 31.5 31.5
5137 0.1 50 0 0 5137 0.2 50 0 0 30 43.2 34.4 34.4
5137 0.1 50 0 0 5137 0.2 50 0 0 60 49.2 39.5 39.5
5137 0.1 50 0 0 5137 0.2 50 0 0 90 56.3 45.3 45.3
5137 0.1 50 0 0 5137 0.2 50 0 0 120 64.9 52.1 52.1
5137 0.1 50 0 0 5137 0.2 50 0 0 150 69.9 58.2 58.2
5137 0.1 50 0 0 5137 0.2 50 0 0 180 72.4 60.0 60.0
5137 0.1 50 0 0 5137 0.2 60 0 0 0 38.6 32.9 32.9
5137 0.1 50 0 0 5137 0.2 60 0 0 30 42.2 35.2 35.2
5137 0.1 50 0 0 5137 0.2 60 0 0 60 48.1 40.0 40.0
5137 0.1 50 0 0 5137 0.2 60 0 0 90 55.2 46.0 46.0
5137 0.1 50 0 0 5137 0.2 60 0 0 120 63.4 52.9 52.9
5137 0.1 50 0 0 5137 0.2 60 0 0 150 68.1 59.3 59.3
5137 0.1 50 0 0 5137 0.2 60 0 0 180 70.6 61.6 61.6
5137 0.1 50 0 0 5137 0.3 0 0 0 0 42.6 42.9 42.9
5137 0.1 50 0 0 5137 0.3 0 0 0 30 44.8 44.1 44.1
5137 0.1 50 0 0 5137 0.3 0 0 0 60 49.0 45.9 45.9
5137 0.1 50 0 0 5137 0.3 0 0 0 90 55.3 48.9 48.9
5137 0.1 50 0 0 5137 0.3 0 0 0 120 63.7 55.2 55.2
5137 0.1 50 0 0 5137 0.3 0 0 0 150 70.5 62.8 62.8
5137 0.1 50 0 0 5137 0.3 0 0 0 180 74.5 60.4 60.4
5137 0.1 50 0 0 5137 0.3 10 0 0 0 42.5 40.9 40.9
5137 0.1 50 0 0 5137 0.3 10 0 0 30 44.6 42.3 42.3
5137 0.1 50 0 0 5137 0.3 10 0 0 60 48.9 44.4 44.4
5137 0.1 50 0 0 5137 0.3 10 0 0 90 55.1 48.0 48.0
5137 0.1 50 0 0 5137 0.3 10 0 0 120 63.6 54.6 54.6
5137 0.1 50 0 0 5137 0.3 10 0 0 150 70.4 61.9 61.9
5137 0.1 50 0 0 5137 0.3 10 0 0 180 74.4 61.0 61.0
5137 0.1 50 0 0 5137 0.3 20 0 0 0 42.3 38.1 38.1
5137 0.1 50 0 0 5137 0.3 20 0 0 30 44.3 39.6 39.6
5137 0.1 50 0 0 5137 0.3 20 0 0 60 48.6 42.0 42.0
5137 0.1 50 0 0 5137 0.3 20 0 0 90 54.9 46.2 46.2
5137 0.1 50 0 0 5137 0.3 20 0 0 120 63.4 53.0 53.0
5137 0.1 50 0 0 5137 0.3 20 0 0 150 70.2 60.0 60.0
5137 0.1 50 0 0 5137 0.3 20 0 0 180 74.2 60.7 60.7
5137 0.1 50 0 0 5137 0.3 30 0 0 0 42.0 34.3 34.3
5137 0.1 50 0 0 5137 0.3 30 0 0 30 43.9 35.8 35.8
5137 0.1 50 0 0 5137 0.3 30 0 0 60 48.3 38.6 38.6
5137 0.1 50 0 0 5137 0.3 30 0 0 90 54.5 43.2 43.2
5137 0.1 50 0 0 5137 0.3 30 0 0 120 63.1 50.0 50.0
5137 0.1 50 0 0 5137 0.3 30 0 0 150 69.8 57.0 57.0
5137 0.1 50 0 0 5137 0.3 30 0 0 180 73.8 59.1 59.1
5137 0.1 50 0 0 5137 0.3 40 0 0 0 41.7 33.1 33.1
5137 0.1 50 0 0 5137 0.3 40 0 0 30 43.3 34.4 34.4
5137 0.1 50 0 0 5137 0.3 40 0 0 60 47.7 37.4 37.4
5137 0.1 50 0 0 5137 0.3 40 0 0 90 54.0 42.5 42.5
5137 0.1 50 0 0 5137 0.3 40 0 0 120 62.5 49.2 49.2
5137 0.1 50 0 0 5137 0.3 40 0 0 150 69.1 56.3 56.3
5137 0.1 50 0 0 5137 0.3 40 0 0 180 73.1 59.2 59.2
5137 0.1 50 0 0 5137 0.3 50 0 0 0 41.3 33.0 33.0
5137 0.1 50 0 0 5137 0.3 50 0 0 30 42.7 33.6 33.6
5137 0.1 50 0 0 5137 0.3 50 0 0 60 47.0 37.1 37.1
5137 0.1 50 0 0 5137 0.3 50 0 0 90 53.3 42.3 42.3
5137 0.1 50 0 0 5137 0.3 50 0 0 120 61.8 49.1 49.1
5137 0.1 50 0 0 5137 0.3 50 0 0 150 68.0 56.4 56.4
5137 0.1 50 0 0 5137 0.3 50 0 0 180 72.0 60.0 60.0
5137 0.1 50 0 0 5137 0.3 60 0 0 0 40.9 33.9 33.9
5137 0.1 50 0 0 5137 0.3 60 0 0 30 42.3 34.3 34.3
5137 0.1 50 0 0 5137 0.3 60 0 0 60 46.0 37.6 37.6
5137 0.1 50 0 0 5137 0.3 60 0 0 90 52.2 42.7 42.7
5137 0.1 50 0 0 5137 0.3 60 0 0 120 60.4 49.6 49.6
5137 0.1 50 0 0 5137 0.3 60 0 0 150 66.1 57.2 57.2
5137 0.1 50 0 0 5137 0.3 60 0 0 180 70.0 61.4 61.4
5137 0.1 50 0 0 5137 0.4 0 0 0 0 44.4 43.0 43.0
5137 0.1 50 0 0 5137 0.4 0 0 0 30 45.4 44.1 44.1
5137 0.1 50 0 0 5137 0.4 0 0 0 60 47.6 45.5 45.5
5137 0.1 50 0 0 5137 0.4 0 0 0 90 52.3 47.7 47.7
5137 0.1 50 0 0 5137 0.4 0 0 0 120 60.4 52.2 52.2
5137 0.1 50 0 0 5137 0.4 0 0 0 150 68.2 60.9 60.9
5137 0.1 50 0 0 5137 0.4 0 0 0 180 73.3 59.1 59.1
5137 0.1 50 0 0 5137 0.4 10 0 0 0 44.3 41.2 41.2
5137 0.1 50 0 0 5137 0.4 10 0 0 30 45.3 42.2 42.2
5137 0.1 50 0 0 5137 0.4 10 0 0 60 47.4 43.8 43.8
5137 0.1 50 0 0 5137 0.4 10 0 0 90 52.2 46.3 46.3
5137 0.1 50 0 0 5137 0.4 10 0 0 120 60.2 51.5 51.5
5137 0.1 50 0 0 5137 0.4 10 0 0 150 68.2 59.9 59.9
5137 0.1 50 0 0 5137 0.4 10 0 0 180 73.2 59.7 59.7
5137 0.1 50 0 0 5137 0.4 20 0 0 0 44.2 38.3 38.3
5137 0.1 50 0 0 5137 0.4 20 0 0 30 45.1 39.2 39.2
5137 0.1 50 0 0 5137 0.4 20 0 0 60 47.1 40.9 40.9
5137 0.1 50 0 0 5137 0.4 20 0 0 90 51.9 43.7 43.7
5137 0.1 50 0 0 5137 0.4 20 0 0 120 60.0 49.4 49.4
5137 0.1 50 0 0 5137 0.4 20 0 0 150 68.0 57.5 57.5
5137 0.1 50 0 0 5137 0.4 20 0 0 180 73.0 59.0 59.0
5137 0.1 50 0 0 5137 0.4 30 0 0 0 44.0 35.8 35.8
5137 0.1 50 0 0 5137 0.4 30 0 0 30 44.8 36.4 36.4
5137 0.1 50 0 0 5137 0.4 30 0 0 60 46.7 38.2 38.2
5137 0.1 50 0 0 5137 0.4 30 0 0 90 51.6 41.2 41.2
5137 0.1 50 0 0 5137 0.4 30 0 0 120 59.6 47.2 47.2
5137 0.1 50 0 0 5137 0.4 30 0 0 150 67.5 55.3 55.3
5137 0.1 50 0 0 5137 0.4 30 0 0 180 72.5 58.5 58.5
5137 0.1 50 0 0 5137 0.4 40 0 0 0 43.8 34.9 34.9
5137 0.1 50 0 0 5137 0.4 40 0 0 30 44.5 35.2 35.2
5137 0.1 50 0 0 5137 0.4 40 0 0 60 46.2 36.8 36.8
5137 0.1 50 0 0 5137 0.4 40 0 0 90 51.0 40.0 40.0
5137 0.1 50 0 0 5137 0.4 40 0 0 120 59.1 46.3 46.3
5137 0.1 50 0 0 5137 0.4 40 0 0 150 66.8 54.6 54.6
5137 0.1 50 0 0 5137 0.4 40 0 0 180 71.8 59.1 59.1
5137 0.1 50 0 0 5137 0.4 50 0 0 0 43.6 34.8 34.8
5137 0.1 50 0 0 5137 0.4 50 0 0 30 44.2 34.9 34.9
5137 0.1 50 0 0 5137 0.4 50 0 0 60 45.7 35.9 35.9
5137 0.1 50 0 0 5137 0.4 50 0 0 90 50.3 39.6 39.6
5137 0.1 50 0 0 5137 0.4 50 0 0 120 58.4 46.1 46.1
5137 0.1 50 0 0 5137 0.4 50 0 0 150 65.7 54.4 54.4
5137 0.1 50 0 0 5137 0.4 50 0 0 180 70.6 59.9 59.9
5137 0.1 50 0 0 5137 0.4 60 0 0 0 43.3 35.2 35.2
5137 0.1 50 0 0 5137 0.4 60 0 0 30 44.0 35.3 35.3
5137 0.1 50 0 0 5137 0.4 60 0 0 60 45.4 36.2 36.2
5137 0.1 50 0 0 5137 0.4 60 0 0 90 49.3 39.7 39.7
5137 0.1 50 0 0 5137 0.4 60 0 0 120 56.9 46.2 46.2
5137 0.1 50 0 0 5137 0.4 60 0 0 150 63.7 54.9 54.9
5137 0.1 50 0 0 5137 0.4 60 0 0 180 68.4 61.1 61.1
5137 0.1 50 0 0 5137 0.5 0 0 0 0 46.3 43.4 43.4
5137 0.1 50 0 0 5137 0.5 0 0 0 30 46.8 44.1 44.1
5137 0.1 50 0 0 5137 0.5 0 0 0 60 47.8 45.2 45.2
5137 0.1 50 0 0 5137 0.5 0 0 0 90 50.1 46.8 46.8
5137 0.1 50 0 0 5137 0.5 0 0 0 120 56.8 50.1 50.1
5137 0.1 50 0 0 5137 0.5 0 0 0 150 65.6 58.2 58.2
5137 0.1 50 0 0 5137 0.5 0 0 0 180 71.8 57.6 57.6
5137 0.1 50 0 0 5137 0.5 10 0 0 0 46.3 41.8 41.8
5137 0.1 50 0 0 5137 0.5 10 0 0 30 46.8 42.3 42.3
5137 0.1 50 0 0 5137 0.5 10 0 0 60 47.7 43.4 43.4
5137 0.1 50 0 0 5137 0.5 10 0 0 90 50.0 45.2 45.2
5137 0.1 50 0 0 5137 0.5 10 0 0 120 56.7 48.8 48.8
5137 0.1 50 0 0 5137 0.5 10 0 0 150 65.6 57.1 57.1
5137 0.1 50 0 0 5137 0.5 10 0 0 180 71.7 58.1 58.1
5137 0.1 50 0 0 5137 0.5 20 0 0 0 46.2 39.4 39.4
5137 0.1 50 0 0 5137 0.5 20 0 0 30 46.7 39.7 39.7
5137 0.1 50 0 0 5137 0.5 20 0 0 60 47.5 40.7 40.7
5137 0.1 50 0 0 5137 0.5 20 0 0 90 49.7 42.7 42.7
5137 0.1 50 0 0 5137 0.5 20 0 0 120 56.4 46.4 46.4
5137 0.1 50 0 0 5137 0.5 20 0 0 150 65.3 54.8 54.8
5137 0.1 50 0 0 5137 0.5 20 0 0 180 71.4 57.5 57.5
5137 0.1 50 0 0 5137 0.5 30 0 0 0 46.1 37.8 37.8
5137 0.1 50 0 0 5137 0.5 30 0 0 30 46.5 37.9 37.9
5137 0.1 50 0 0 5137 0.5 30 0 0 60 47.3 38.5 38.5
5137 0.1 50 0 0 5137 0.5 30 0 0 90 49.3 40.5 40.5
5137 0.1 50 0 0 5137 0.5 30 0 0 120 56.0 44.5 44.5
5137 0.1 50 0 0 5137 0.5 30 0 0 150 64.8 53.4 53.4
5137 0.1 50 0 0 5137 0.5 30 0 0 180 70.9 57.9 57.9
5137 0.1 50 0 0 5137 0.5 40 0 0 0 46.0 37.0 37.0
5137 0.1 50 0 0 5137 0.5 40 0 0 30 46.4 37.0 37.0
5137 0.1 50 0 0 5137 0.5 40 0 0 60 47.1 37.5 37.5
5137 0.1 50 0 0 5137 0.5 40 0 0 90 48.9 39.2 39.2
5137 0.1 50 0 0 5137 0.5 40 0 0 120 55.5 43.5 43.5
5137 0.1 50 0 0 5137 0.5 40 0 0 150 64.1 52.5 52.5
5137 0.1 50 0 0 5137 0.5 40 0 0 180 70.1 58.7 58.7
5137 0.1 50 0 0 5137 0.5 50 0 0 0 45.9 36.7 36.7
5137 0.1 50 0 0 5137 0.5 50 0 0 30 46.3 36.7 36.7
5137 0.1 50 0 0 5137 0.5 50 0 0 60 46.9 37.0 37.0
5137 0.1 50 0 0 5137 0.5 50 0 0 90 48.5 38.2 38.2
5137 0.1 50 0 0 5137 0.5 50 0 0 120 54.7 42.9 42.9
5137 0.1 50 0 0 5137 0.5 50 0 0 150 62.9 52.2 52.2
5137 0.1 50 0 0 5137 0.5 50 0 0 180 68.7 59.5 59.5
5137 0.1 50 0 0 5137 0.5 60 0 0 0 45.8 37.0 37.0
5137 0.1 50 0 0 5137 0.5 60 0 0 30 46.1 36.9 36.9
5137 0.1 50 0 0 5137 0.5 60 0 0 60 46.8 37.1 37.1
5137 0.1 50 0 0 5137 0.5 60 0 0 90 48.3 38.1 38.1
5137 0.1 50 0 0 5137 0.5 60 0 0 120 53.4 42.8 42.8
5137 0.1 50 0 0 5137 0.5 60 0 0 150 60.7 52.3 52.3
5137 0.1 50 0 0 5137 0.5 60 0 0 180 66.3 60.3 60.3
