4937 0.5 50 0 0 4737 0.0 0 0 0 0 60.5 53.8 53.8
4937 0.5 50 0 0 4737 0.0 0 0 0 30 60.6 53.4 53.4
4937 0.5 50 0 0 4737 0.0 0 0 0 60 60.6 52.9 52.9
4937 0.5 50 0 0 4737 0.0 0 0 0 90 60.4 52.5 52.5
4937 0.5 50 0 0 4737 0.0 0 0 0 120 60.1 52.2 52.2
4937 0.5 50 0 0 4737 0.0 0 0 0 150 59.8 52.0 52.0
4937 0.5 50 0 0 4737 0.0 0 0 0 180 59.6 52.2 52.2
4937 0.5 50 0 0 4737 0.0 10 0 0 0 60.4 53.4 53.4
4937 0.5 50 0 0 4737 0.0 10 0 0 30 60.6 53.0 53.0
4937 0.5 50 0 0 4737 0.0 10 0 0 60 60.6 52.6 52.6
4937 0.5 50 0 0 4737 0.0 10 0 0 90 60.3 52.2 52.2
4937 0.5 50 0 0 4737 0.0 10 0 0 120 60.0 51.9 51.9
4937 0.5 50 0 0 4737 0.0 10 0 0 150 59.7 51.7 51.7
4937 0.5 50 0 0 4737 0.0 10 0 0 180 59.5 51.8 51.8
4937 0.5 50 0 0 4737 0.0 20 0 0 0 60.2 52.0 52.0
4937 0.5 50 0 0 4737 0.0 20 0 0 30 60.4 51.7 51.7
4937 0.5 50 0 0 4737 0.0 20 0 0 60 60.4 51.4 51.4
4937 0.5 50 0 0 4737 0.0 20 0 0 90 60.1 51.1 51.1
4937 0.5 50 0 0 4737 0.0 20 0 0 120 59.8 50.8 50.8
4937 0.5 50 0 0 4737 0.0 20 0 0 150 59.5 50.7 50.7
4937 0.5 50 0 0 4737 0.0 20 0 0 180 59.3 50.7 50.7
4937 0.5 50 0 0 4737 0.0 30 0 0 0 59.8 49.0 49.0
4937 0.5 50 0 0 4737 0.0 30 0 0 30 60.0 48.8 48.8
4937 0.5 50 0 0 4737 0.0 30 0 0 60 60.0 48.6 48.6
4937 0.5 50 0 0 4737 0.0 30 0 0 90 59.8 48.6 48.6
4937 0.5 50 0 0 4737 0.0 30 0 0 120 59.4 48.7 48.7
4937 0.5 50 0 0 4737 0.0 30 0 0 150 59.1 48.7 48.7
4937 0.5 50 0 0 4737 0.0 30 0 0 180 59.0 48.7 48.7
4937 0.5 50 0 0 4737 0.0 40 0 0 0 59.3 49.0 49.0
4937 0.5 50 0 0 4737 0.0 40 0 0 30 59.5 48.8 48.8
4937 0.5 50 0 0 4737 0.0 40 0 0 60 59.5 48.6 48.6
4937 0.5 50 0 0 4737 0.0 40 0 0 90 59.2 48.6 48.6
4937 0.5 50 0 0 4737 0.0 40 0 0 120 58.8 48.6 48.6
4937 0.5 50 0 0 4737 0.0 40 0 0 150 58.5 48.6 48.6
4937 0.5 50 0 0 4737 0.0 40 0 0 180 58.4 48.6 48.6
4937 0.5 50 0 0 4737 0.0 50 0 0 0 58.3 49.9 49.9
4937 0.5 50 0 0 4737 0.0 50 0 0 30 58.6 49.7 49.7
4937 0.5 50 0 0 4737 0.0 50 0 0 60 58.6 49.4 49.4
4937 0.5 50 0 0 4737 0.0 50 0 0 90 58.3 49.2 49.2
4937 0.5 50 0 0 4737 0.0 50 0 0 120 57.9 49.0 49.0
4937 0.5 50 0 0 4737 0.0 50 0 0 150 57.6 49.0 49.0
4937 0.5 50 0 0 4737 0.0 50 0 0 180 57.5 49.0 49.0
4937 0.5 50 0 0 4737 0.0 60 0 0 0 56.8 51.4 51.4
4937 0.5 50 0 0 4737 0.0 60 0 0 30 57.1 51.3 51.3
4937 0.5 50 0 0 4737 0.0 60 0 0 60 57.1 50.9 50.9
4937 0.5 50 0 0 4737 0.0 60 0 0 90 56.8 50.6 50.6
4937 0.5 50 0 0 4737 0.0 60 0 0 120 56.4 50.3 50.3
4937 0.5 50 0 0 4737 0.0 60 0 0 150 56.2 50.1 50.1
4937 0.5 50 0 0 4737 0.0 60 0 0 180 56.1 49.9 49.9
4937 0.5 50 0 0 4737 0.1 0 0 0 0 59.4 52.7 52.7
4937 0.5 50 0 0 4737 0.1 0 0 0 30 59.5 52.3 52.3
4937 0.5 50 0 0 4737 0.1 0 0 0 60 59.6 51.9 51.9
4937 0.5 50 0 0 4737 0.1 0 0 0 90 59.4 51.5 51.5
4937 0.5 50 0 0 4737 0.1 0 0 0 120 59.0 51.2 51.2
4937 0.5 50 0 0 4737 0.1 0 0 0 150 58.7 51.0 51.0
4937 0.5 50 0 0 4737 0.1 0 0 0 180 58.5 51.1 51.1
4937 0.5 50 0 0 4737 0.1 10 0 0 0 59.3 52.2 52.2
4937 0.5 50 0 0 4737 0.1 10 0 0 30 59.4 51.9 51.9
4937 0.5 50 0 0 4737 0.1 10 0 0 60 59.5 51.5 51.5
4937 0.5 50 0 0 4737 0.1 10 0 0 90 59.3 51.1 51.1
4937 0.5 50 0 0 4737 0.1 10 0 0 120 59.0 50.9 50.9
4937 0.5 50 0 0 4737 0.1 10 0 0 150 58.6 50.6 50.6
4937 0.5 50 0 0 4737 0.1 10 0 0 180 58.5 50.7 50.7
4937 0.5 50 0 0 4737 0.1 20 0 0 0 59.1 50.8 50.8
4937 0.5 50 0 0 4737 0.1 20 0 0 30 59.2 50.5 50.5
4937 0.5 50 0 0 4737 0.1 20 0 0 60 59.3 50.2 50.2
4937 0.5 50 0 0 4737 0.1 20 0 0 90 59.1 49.9 49.9
4937 0.5 50 0 0 4737 0.1 20 0 0 120 58.8 49.6 49.6
4937 0.5 50 0 0 4737 0.1 20 0 0 150 58.4 49.4 49.4
4937 0.5 50 0 0 4737 0.1 20 0 0 180 58.2 49.4 49.4
4937 0.5 50 0 0 4737 0.1 30 0 0 0 58.7 48.0 48.0
4937 0.5 50 0 0 4737 0.1 30 0 0 30 58.9 47.8 47.8
4937 0.5 50 0 0 4737 0.1 30 0 0 60 58.9 47.6 47.6
4937 0.5 50 0 0 4737 0.1 30 0 0 90 58.7 47.3 47.3
4937 0.5 50 0 0 4737 0.1 30 0 0 120 58.4 47.3 47.3
4937 0.5 50 0 0 4737 0.1 30 0 0 150 58.0 47.4 47.4
4937 0.5 50 0 0 4737 0.1 30 0 0 180 57.9 47.5 47.5
4937 0.5 50 0 0 4737 0.1 40 0 0 0 58.1 48.1 48.1
4937 0.5 50 0 0 4737 0.1 40 0 0 30 58.3 47.9 47.9
4937 0.5 50 0 0 4737 0.1 40 0 0 60 58.3 47.7 47.7
4937 0.5 50 0 0 4737 0.1 40 0 0 90 58.1 47.4 47.4
4937 0.5 50 0 0 4737 0.1 40 0 0 120 57.7 47.3 47.3
4937 0.5 50 0 0 4737 0.1 40 0 0 150 57.4 47.3 47.3
4937 0.5 50 0 0 4737 0.1 40 0 0 180 57.3 47.4 47.4
4937 0.5 50 0 0 4737 0.1 50 0 0 0 57.1 49.1 49.1
4937 0.5 50 0 0 4737 0.1 50 0 0 30 57.4 48.9 48.9
4937 0.5 50 0 0 4737 0.1 50 0 0 60 57.4 48.7 48.7
4937 0.5 50 0 0 4737 0.1 50 0 0 90 57.2 48.3 48.3
4937 0.5 50 0 0 4737 0.1 50 0 0 120 56.8 48.0 48.0
4937 0.5 50 0 0 4737 0.1 50 0 0 150 56.4 47.8 47.8
4937 0.5 50 0 0 4737 0.1 50 0 0 180 56.3 47.8 47.8
4937 0.5 50 0 0 4737 0.1 60 0 0 0 55.6 50.4 50.4
4937 0.5 50 0 0 4737 0.1 60 0 0 30 55.9 50.5 50.5
4937 0.5 50 0 0 4737 0.1 60 0 0 60 55.9 50.3 50.3
4937 0.5 50 0 0 4737 0.1 60 0 0 90 55.7 49.9 49.9
4937 0.5 50 0 0 4737 0.1 60 0 0 120 55.3 49.5 49.5
4937 0.5 50 0 0 4737 0.1 60 0 0 150 54.9 49.1 49.1
4937 0.5 50 0 0 4737 0.1 60 0 0 180 54.8 48.8 48.8
4937 0.5 50 0 0 4737 0.2 0 0 0 0 58.3 51.5 51.5
4937 0.5 50 0 0 4737 0.2 0 0 0 30 58.4 51.2 51.2
4937 0.5 50 0 0 4737 0.2 0 0 0 60 58.5 50.9 50.9
4937 0.5 50 0 0 4737 0.2 0 0 0 90 58.3 50.5 50.5
4937 0.5 50 0 0 4737 0.2 0 0 0 120 58.0 50.1 50.1
4937 0.5 50 0 0 4737 0.2 0 0 0 150 57.6 49.9 49.9
4937 0.5 50 0 0 4737 0.2 0 0 0 180 57.4 50.0 50.0
4937 0.5 50 0 0 4737 0.2 10 0 0 0 58.2 51.0 51.0
4937 0.5 50 0 0 4737 0.2 10 0 0 30 58.3 50.8 50.8
4937 0.5 50 0 0 4737 0.2 10 0 0 60 58.4 50.4 50.4
4937 0.5 50 0 0 4737 0.2 10 0 0 90 58.3 50.1 50.1
4937 0.5 50 0 0 4737 0.2 10 0 0 120 58.0 49.7 49.7
4937 0.5 50 0 0 4737 0.2 10 0 0 150 57.5 49.5 49.5
4937 0.5 50 0 0 4737 0.2 10 0 0 180 57.4 49.6 49.6
4937 0.5 50 0 0 4737 0.2 20 0 0 0 58.0 49.5 49.5
4937 0.5 50 0 0 4737 0.2 20 0 0 30 58.1 49.3 49.3
4937 0.5 50 0 0 4737 0.2 20 0 0 60 58.2 49.0 49.0
4937 0.5 50 0 0 4737 0.2 20 0 0 90 58.0 48.7 48.7
4937 0.5 50 0 0 4737 0.2 20 0 0 120 57.7 48.3 48.3
4937 0.5 50 0 0 4737 0.2 20 0 0 150 57.3 48.1 48.1
4937 0.5 50 0 0 4737 0.2 20 0 0 180 57.1 48.1 48.1
4937 0.5 50 0 0 4737 0.2 30 0 0 0 57.6 47.1 47.1
4937 0.5 50 0 0 4737 0.2 30 0 0 30 57.7 46.9 46.9
4937 0.5 50 0 0 4737 0.2 30 0 0 60 57.8 46.7 46.7
4937 0.5 50 0 0 4737 0.2 30 0 0 90 57.6 46.3 46.3
4937 0.5 50 0 0 4737 0.2 30 0 0 120 57.3 46.0 46.0
4937 0.5 50 0 0 4737 0.2 30 0 0 150 56.9 46.1 46.1
4937 0.5 50 0 0 4737 0.2 30 0 0 180 56.7 46.2 46.2
4937 0.5 50 0 0 4737 0.2 40 0 0 0 56.9 47.4 47.4
4937 0.5 50 0 0 4737 0.2 40 0 0 30 57.1 47.2 47.2
4937 0.5 50 0 0 4737 0.2 40 0 0 60 57.2 47.0 47.0
4937 0.5 50 0 0 4737 0.2 40 0 0 90 57.0 46.6 46.6
4937 0.5 50 0 0 4737 0.2 40 0 0 120 56.7 46.3 46.3
4937 0.5 50 0 0 4737 0.2 40 0 0 150 56.2 46.2 46.2
4937 0.5 50 0 0 4737 0.2 40 0 0 180 56.1 46.3 46.3
4937 0.5 50 0 0 4737 0.2 50 0 0 0 55.9 48.3 48.3
4937 0.5 50 0 0 4737 0.2 50 0 0 30 56.2 48.1 48.1
4937 0.5 50 0 0 4737 0.2 50 0 0 60 56.3 47.9 47.9
4937 0.5 50 0 0 4737 0.2 50 0 0 90 56.1 47.6 47.6
4937 0.5 50 0 0 4737 0.2 50 0 0 120 55.7 47.2 47.2
4937 0.5 50 0 0 4737 0.2 50 0 0 150 55.2 46.8 46.8
4937 0.5 50 0 0 4737 0.2 50 0 0 180 55.1 46.7 46.7
4937 0.5 50 0 0 4737 0.2 60 0 0 0 54.3 49.4 49.4
4937 0.5 50 0 0 4737 0.2 60 0 0 30 54.6 49.5 49.5
4937 0.5 50 0 0 4737 0.2 60 0 0 60 54.7 49.5 49.5
4937 0.5 50 0 0 4737 0.2 60 0 0 90 54.6 49.1 49.1
4937 0.5 50 0 0 4737 0.2 60 0 0 120 54.2 48.6 48.6
4937 0.5 50 0 0 4737 0.2 60 0 0 150 53.7 48.2 48.2
4937 0.5 50 0 0 4737 0.2 60 0 0 180 53.4 47.7 47.7
4937 0.5 50 0 0 4737 0.3 0 0 0 0 57.1 50.2 50.2
4937 0.5 50 0 0 4737 0.3 0 0 0 30 57.3 50.0 50.0
4937 0.5 50 0 0 4737 0.3 0 0 0 60 57.4 49.8 49.8
4937 0.5 50 0 0 4737 0.3 0 0 0 90 57.3 49.4 49.4
4937 0.5 50 0 0 4737 0.3 0 0 0 120 57.0 49.0 49.0
4937 0.5 50 0 0 4737 0.3 0 0 0 150 56.6 48.7 48.7
4937 0.5 50 0 0 4737 0.3 0 0 0 180 56.4 48.9 48.9
4937 0.5 50 0 0 4737 0.3 10 0 0 0 57.1 49.7 49.7
4937 0.5 50 0 0 4737 0.3 10 0 0 30 57.2 49.5 49.5
4937 0.5 50 0 0 4737 0.3 10 0 0 60 57.3 49.3 49.3
4937 0.5 50 0 0 4737 0.3 10 0 0 90 57.2 48.9 48.9
4937 0.5 50 0 0 4737 0.3 10 0 0 120 56.9 48.5 48.5
4937 0.5 50 0 0 4737 0.3 10 0 0 150 56.5 48.2 48.2
4937 0.5 50 0 0 4737 0.3 10 0 0 180 56.3 48.3 48.3
4937 0.5 50 0 0 4737 0.3 20 0 0 0 56.8 48.0 48.0
4937 0.5 50 0 0 4737 0.3 20 0 0 30 57.0 47.9 47.9
4937 0.5 50 0 0 4737 0.3 20 0 0 60 57.1 47.6 47.6
4937 0.5 50 0 0 4737 0.3 20 0 0 90 57.0 47.3 47.3
4937 0.5 50 0 0 4737 0.3 20 0 0 120 56.7 46.8 46.8
4937 0.5 50 0 0 4737 0.3 20 0 0 150 56.2 46.5 46.5
4937 0.5 50 0 0 4737 0.3 20 0 0 180 56.0 46.6 46.6
4937 0.5 50 0 0 4737 0.3 30 0 0 0 56.4 46.3 46.3
4937 0.5 50 0 0 4737 0.3 30 0 0 30 56.6 46.1 46.1
4937 0.5 50 0 0 4737 0.3 30 0 0 60 56.7 45.9 45.9
4937 0.5 50 0 0 4737 0.3 30 0 0 90 56.6 45.6 45.6
4937 0.5 50 0 0 4737 0.3 30 0 0 120 56.3 45.1 45.1
4937 0.5 50 0 0 4737 0.3 30 0 0 150 55.8 45.0 45.0
4937 0.5 50 0 0 4737 0.3 30 0 0 180 55.6 45.2 45.2
4937 0.5 50 0 0 4737 0.3 40 0 0 0 55.8 46.6 46.6
4937 0.5 50 0 0 4737 0.3 40 0 0 30 55.9 46.5 46.5
4937 0.5 50 0 0 4737 0.3 40 0 0 60 56.0 46.3 46.3
4937 0.5 50 0 0 4737 0.3 40 0 0 90 55.9 46.0 46.0
4937 0.5 50 0 0 4737 0.3 40 0 0 120 55.6 45.5 45.5
4937 0.5 50 0 0 4737 0.3 40 0 0 150 55.1 45.2 45.2
4937 0.5 50 0 0 4737 0.3 40 0 0 180 54.9 45.3 45.3
4937 0.5 50 0 0 4737 0.3 50 0 0 0 54.8 47.6 47.6
4937 0.5 50 0 0 4737 0.3 50 0 0 30 55.0 47.6 47.6
4937 0.5 50 0 0 4737 0.3 50 0 0 60 55.1 47.3 47.3
4937 0.5 50 0 0 4737 0.3 50 0 0 90 55.0 47.0 47.0
4937 0.5 50 0 0 4737 0.3 50 0 0 120 54.7 46.5 46.5
4937 0.5 50 0 0 4737 0.3 50 0 0 150 54.1 45.9 45.9
4937 0.5 50 0 0 4737 0.3 50 0 0 180 53.8 45.6 45.6
4937 0.5 50 0 0 4737 0.3 60 0 0 0 53.0 48.3 48.3
4937 0.5 50 0 0 4737 0.3 60 0 0 30 53.3 48.5 48.5
4937 0.5 50 0 0 4737 0.3 60 0 0 60 53.4 48.6 48.6
4937 0.5 50 0 0 4737 0.3 60 0 0 90 53.4 48.4 48.4
4937 0.5 50 0 0 4737 0.3 60 0 0 120 53.2 47.8 47.8
4937 0.5 50 0 0 4737 0.3 60 0 0 150 52.4 47.3 47.3
4937 0.5 50 0 0 4737 0.3 60 0 0 180 51.9 46.6 46.6
4937 0.5 50 0 0 4737 0.4 0 0 0 0 56.0 48.9 48.9
4937 0.5 50 0 0 4737 0.4 0 0 0 30 56.2 48.8 48.8
4937 0.5 50 0 0 4737 0.4 0 0 0 60 56.2 48.6 48.6
4937 0.5 50 0 0 4737 0.4 0 0 0 90 56.2 48.2 48.2
4937 0.5 50 0 0 4737 0.4 0 0 0 120 56.0 47.8 47.8
4937 0.5 50 0 0 4737 0.4 0 0 0 150 55.5 47.4 47.4
4937 0.5 50 0 0 4737 0.4 0 0 0 180 55.3 47.5 47.5
4937 0.5 50 0 0 4737 0.4 10 0 0 0 56.0 48.3 48.3
4937 0.5 50 0 0 4737 0.4 10 0 0 30 56.1 48.2 48.2
4937 0.5 50 0 0 4737 0.4 10 0 0 60 56.2 48.0 48.0
4937 0.5 50 0 0 4737 0.4 10 0 0 90 56.1 47.7 47.7
4937 0.5 50 0 0 4737 0.4 10 0 0 120 55.9 47.2 47.2
4937 0.5 50 0 0 4737 0.4 10 0 0 150 55.4 46.8 46.8
4937 0.5 50 0 0 4737 0.4 10 0 0 180 55.2 46.9 46.9
4937 0.5 50 0 0 4737 0.4 20 0 0 0 55.7 46.3 46.3
4937 0.5 50 0 0 4737 0.4 20 0 0 30 55.8 46.2 46.2
4937 0.5 50 0 0 4737 0.4 20 0 0 60 55.9 46.0 46.0
4937 0.5 50 0 0 4737 0.4 20 0 0 90 55.9 45.7 45.7
4937 0.5 50 0 0 4737 0.4 20 0 0 120 55.6 45.1 45.1
4937 0.5 50 0 0 4737 0.4 20 0 0 150 55.1 44.6 44.6
4937 0.5 50 0 0 4737 0.4 20 0 0 180 54.9 44.7 44.7
4937 0.5 50 0 0 4737 0.4 30 0 0 0 55.3 45.8 45.8
4937 0.5 50 0 0 4737 0.4 30 0 0 30 55.4 45.7 45.7
4937 0.5 50 0 0 4737 0.4 30 0 0 60 55.5 45.4 45.4
4937 0.5 50 0 0 4737 0.4 30 0 0 90 55.5 45.1 45.1
4937 0.5 50 0 0 4737 0.4 30 0 0 120 55.2 44.5 44.5
4937 0.5 50 0 0 4737 0.4 30 0 0 150 54.7 44.0 44.0
4937 0.5 50 0 0 4737 0.4 30 0 0 180 54.4 44.3 44.3
4937 0.5 50 0 0 4737 0.4 40 0 0 0 54.6 46.2 46.2
4937 0.5 50 0 0 4737 0.4 40 0 0 30 54.8 46.1 46.1
4937 0.5 50 0 0 4737 0.4 40 0 0 60 54.9 45.9 45.9
4937 0.5 50 0 0 4737 0.4 40 0 0 90 54.9 45.7 45.7
4937 0.5 50 0 0 4737 0.4 40 0 0 120 54.6 45.1 45.1
4937 0.5 50 0 0 4737 0.4 40 0 0 150 53.9 44.4 44.4
4937 0.5 50 0 0 4737 0.4 40 0 0 180 53.6 44.4 44.4
4937 0.5 50 0 0 4737 0.4 50 0 0 0 53.6 46.8 46.8
4937 0.5 50 0 0 4737 0.4 50 0 0 30 53.8 46.9 46.9
4937 0.5 50 0 0 4737 0.4 50 0 0 60 53.9 46.8 46.8
4937 0.5 50 0 0 4737 0.4 50 0 0 90 53.9 46.6 46.6
4937 0.5 50 0 0 4737 0.4 50 0 0 120 53.7 46.0 46.0
4937 0.5 50 0 0 4737 0.4 50 0 0 150 52.9 45.3 45.3
4937 0.5 50 0 0 4737 0.4 50 0 0 180 52.4 44.7 44.7
4937 0.5 50 0 0 4737 0.4 60 0 0 0 51.5 47.4 47.4
4937 0.5 50 0 0 4737 0.4 60 0 0 30 51.7 47.5 47.5
4937 0.5 50 0 0 4737 0.4 60 0 0 60 51.9 47.7 47.7
4937 0.5 50 0 0 4737 0.4 60 0 0 90 52.0 47.7 47.7
4937 0.5 50 0 0 4737 0.4 60 0 0 120 51.9 47.3 47.3
4937 0.5 50 0 0 4737 0.4 60 0 0 150 51.1 46.5 46.5
4937 0.5 50 0 0 4737 0.4 60 0 0 180 50.1 45.6 45.6
4937 0.5 50 0 0 4737 0.5 0 0 0 0 55.0 47.1 47.1
4937 0.5 50 0 0 4737 0.5 0 0 0 30 55.0 47.0 47.0
4937 0.5 50 0 0 4737 0.5 0 0 0 60 55.1 46.9 46.9
4937 0.5 50 0 0 4737 0.5 0 0 0 90 55.1 46.6 46.6
4937 0.5 50 0 0 4737 0.5 0 0 0 120 54.9 46.2 46.2
4937 0.5 50 0 0 4737 0.5 0 0 0 150 54.4 45.7 45.7
4937 0.5 50 0 0 4737 0.5 0 0 0 180 54.1 45.8 45.8
4937 0.5 50 0 0 4737 0.5 10 0 0 0 54.9 46.4 46.4
4937 0.5 50 0 0 4737 0.5 10 0 0 30 54.9 46.3 46.3
4937 0.5 50 0 0 4737 0.5 10 0 0 60 55.0 46.1 46.1
4937 0.5 50 0 0 4737 0.5 10 0 0 90 55.1 45.8 45.8
4937 0.5 50 0 0 4737 0.5 10 0 0 120 54.9 45.4 45.4
4937 0.5 50 0 0 4737 0.5 10 0 0 150 54.3 44.7 44.7
4937 0.5 50 0 0 4737 0.5 10 0 0 180 54.0 44.9 44.9
4937 0.5 50 0 0 4737 0.5 20 0 0 0 54.6 45.6 45.6
4937 0.5 50 0 0 4737 0.5 20 0 0 30 54.7 45.5 45.5
4937 0.5 50 0 0 4737 0.5 20 0 0 60 54.8 45.3 45.3
4937 0.5 50 0 0 4737 0.5 20 0 0 90 54.8 45.0 45.0
4937 0.5 50 0 0 4737 0.5 20 0 0 120 54.6 44.5 44.5
4937 0.5 50 0 0 4737 0.5 20 0 0 150 54.0 43.7 43.7
4937 0.5 50 0 0 4737 0.5 20 0 0 180 53.7 43.7 43.7
4937 0.5 50 0 0 4737 0.5 30 0 0 0 54.2 45.5 45.5
4937 0.5 50 0 0 4737 0.5 30 0 0 30 54.3 45.4 45.4
4937 0.5 50 0 0 4737 0.5 30 0 0 60 54.4 45.3 45.3
4937 0.5 50 0 0 4737 0.5 30 0 0 90 54.4 45.0 45.0
4937 0.5 50 0 0 4737 0.5 30 0 0 120 54.2 44.4 44.4
4937 0.5 50 0 0 4737 0.5 30 0 0 150 53.6 43.6 43.6
4937 0.5 50 0 0 4737 0.5 30 0 0 180 53.1 43.5 43.5
4937 0.5 50 0 0 4737 0.5 40 0 0 0 53.5 45.9 45.9
4937 0.5 50 0 0 4737 0.5 40 0 0 30 53.6 45.8 45.8
4937 0.5 50 0 0 4737 0.5 40 0 0 60 53.7 45.7 45.7
4937 0.5 50 0 0 4737 0.5 40 0 0 90 53.7 45.5 45.5
4937 0.5 50 0 0 4737 0.5 40 0 0 120 53.6 44.9 44.9
4937 0.5 50 0 0 4737 0.5 40 0 0 150 52.8 44.1 44.1
4937 0.5 50 0 0 4737 0.5 40 0 0 180 52.3 43.6 43.6
4937 0.5 50 0 0 4737 0.5 50 0 0 0 52.3 46.3 46.3
4937 0.5 50 0 0 4737 0.5 50 0 0 30 52.5 46.3 46.3
4937 0.5 50 0 0 4737 0.5 50 0 0 60 52.6 46.4 46.4
4937 0.5 50 0 0 4737 0.5 50 0 0 90 52.7 46.2 46.2
4937 0.5 50 0 0 4737 0.5 50 0 0 120 52.7 45.7 45.7
4937 0.5 50 0 0 4737 0.5 50 0 0 150 51.8 44.8 44.8
4937 0.5 50 0 0 4737 0.5 50 0 0 180 50.9 43.9 43.9
4937 0.5 50 0 0 4737 0.5 60 0 0 0 50.3 46.5 46.5
4937 0.5 50 0 0 4737 0.5 60 0 0 30 50.5 46.7 46.7
4937 0.5 50 0 0 4737 0.5 60 0 0 60 50.7 46.8 46.8
4937 0.5 50 0 0 4737 0.5 60 0 0 90 50.8 46.9 46.9
4937 0.5 50 0 0 4737 0.5 60 0 0 120 50.8 46.7 46.7
4937 0.5 50 0 0 4737 0.5 60 0 0 150 50.2 45.9 45.9
4937 0.5 50 0 0 4737 0.5 60 0 0 180 48.7 44.6 44.6
4937 0.5 50 0 0 4937 0.0 0 0 0 0 49.3 44.9 44.9
4937 0.5 50 0 0 4937 0.0 0 0 0 30 51.2 48.5 48.5
4937 0.5 50 0 0 4937 0.0 0 0 0 60 55.5 53.9 53.9
4937 0.5 50 0 0 4937 0.0 0 0 0 90 61.5 59.6 59.6
4937 0.5 50 0 0 4937 0.0 0 0 0 120 66.6 62.9 62.9
4937 0.5 50 0 0 4937 0.0 0 0 0 150 70.3 62.6 62.6
4937 0.5 50 0 0 4937 0.0 0 0 0 180 71.6 60.3 60.3
4937 0.5 50 0 0 4937 0.0 10 0 0 0 49.3 44.2 44.2
4937 0.5 50 0 0 4937 0.0 10 0 0 30 51.2 47.2 47.2
4937 0.5 50 0 0 4937 0.0 10 0 0 60 55.4 52.8 52.8
4937 0.5 50 0 0 4937 0.0 10 0 0 90 61.5 58.6 58.6
4937 0.5 50 0 0 4937 0.0 10 0 0 120 66.6 61.9 61.9
4937 0.5 50 0 0 4937 0.0 10 0 0 150 70.3 63.0 63.0
4937 0.5 50 0 0 4937 0.0 10 0 0 180 71.5 61.0 61.0
4937 0.5 50 0 0 4937 0.0 20 0 0 0 49.1 42.7 42.7
4937 0.5 50 0 0 4937 0.0 20 0 0 30 50.9 45.2 45.2
4937 0.5 50 0 0 4937 0.0 20 0 0 60 55.1 50.8 50.8
4937 0.5 50 0 0 4937 0.0 20 0 0 90 61.3 56.4 56.4
4937 0.5 50 0 0 4937 0.0 20 0 0 120 66.4 59.8 59.8
4937 0.5 50 0 0 4937 0.0 20 0 0 150 70.1 62.0 62.0
4937 0.5 50 0 0 4937 0.0 20 0 0 180 71.3 60.9 60.9
4937 0.5 50 0 0 4937 0.0 30 0 0 0 48.9 40.0 40.0
4937 0.5 50 0 0 4937 0.0 30 0 0 30 50.6 41.8 41.8
4937 0.5 50 0 0 4937 0.0 30 0 0 60 54.7 47.0 47.0
4937 0.5 50 0 0 4937 0.0 30 0 0 90 61.0 52.4 52.4
4937 0.5 50 0 0 4937 0.0 30 0 0 120 66.0 55.9 55.9
4937 0.5 50 0 0 4937 0.0 30 0 0 150 69.7 58.4 58.4
4937 0.5 50 0 0 4937 0.0 30 0 0 180 71.0 59.0 59.0
4937 0.5 50 0 0 4937 0.0 40 0 0 0 48.5 39.8 39.8
4937 0.5 50 0 0 4937 0.0 40 0 0 30 50.0 41.7 41.7
4937 0.5 50 0 0 4937 0.0 40 0 0 60 54.1 46.3 46.3
4937 0.5 50 0 0 4937 0.0 40 0 0 90 60.6 51.5 51.5
4937 0.5 50 0 0 4937 0.0 40 0 0 120 65.4 55.1 55.1
4937 0.5 50 0 0 4937 0.0 40 0 0 150 69.0 57.8 57.8
4937 0.5 50 0 0 4937 0.0 40 0 0 180 70.4 59.2 59.2
4937 0.5 50 0 0 4937 0.0 50 0 0 0 47.8 40.2 40.2
4937 0.5 50 0 0 4937 0.0 50 0 0 30 49.3 42.1 42.1
4937 0.5 50 0 0 4937 0.0 50 0 0 60 53.3 46.5 46.5
4937 0.5 50 0 0 4937 0.0 50 0 0 90 59.8 51.4 51.4
4937 0.5 50 0 0 4937 0.0 50 0 0 120 64.5 55.2 55.2
4937 0.5 50 0 0 4937 0.0 50 0 0 150 67.9 58.1 58.1
4937 0.5 50 0 0 4937 0.0 50 0 0 180 69.4 60.0 60.0
4937 0.5 50 0 0 4937 0.0 60 0 0 0 46.9 41.0 41.0
4937 0.5 50 0 0 4937 0.0 60 0 0 30 48.3 42.9 42.9
4937 0.5 50 0 0 4937 0.0 60 0 0 60 51.9 47.2 47.2
4937 0.5 50 0 0 4937 0.0 60 0 0 90 58.6 52.0 52.0
4937 0.5 50 0 0 4937 0.0 60 0 0 120 62.8 56.0 56.0
4937 0.5 50 0 0 4937 0.0 60 0 0 150 66.0 59.2 59.2
4937 0.5 50 0 0 4937 0.0 60 0 0 180 67.5 61.5 61.5
4937 0.5 50 0 0 4937 0.1 0 0 0 0 47.3 43.2 43.2
4937 0.5 50 0 0 4937 0.1 0 0 0 30 49.0 46.5 46.5
4937 0.5 50 0 0 4937 0.1 0 0 0 60 53.1 51.2 51.2
4937 0.5 50 0 0 4937 0.1 0 0 0 90 58.8 56.8 56.8
4937 0.5 50 0 0 4937 0.1 0 0 0 120 64.2 61.0 61.0
4937 0.5 50 0 0 4937 0.1 0 0 0 150 68.7 62.0 62.0
4937 0.5 50 0 0 4937 0.1 0 0 0 180 70.1 59.2 59.2
4937 0.5 50 0 0 4937 0.1 10 0 0 0 47.2 42.3 42.3
4937 0.5 50 0 0 4937 0.1 10 0 0 30 49.0 45.3 45.3
4937 0.5 50 0 0 4937 0.1 10 0 0 60 53.0 50.1 50.1
4937 0.5 50 0 0 4937 0.1 10 0 0 90 58.8 55.9 55.9
4937 0.5 50 0 0 4937 0.1 10 0 0 120 64.2 59.8 59.8
4937 0.5 50 0 0 4937 0.1 10 0 0 150 68.7 61.9 61.9
4937 0.5 50 0 0 4937 0.1 10 0 0 180 70.0 59.9 59.9
4937 0.5 50 0 0 4937 0.1 20 0 0 0 47.1 40.7 40.7
4937 0.5 50 0 0 4937 0.1 20 0 0 30 48.7 43.1 43.1
4937 0.5 50 0 0 4937 0.1 20 0 0 60 52.7 48.1 48.1
4937 0.5 50 0 0 4937 0.1 20 0 0 90 58.6 53.7 53.7
4937 0.5 50 0 0 4937 0.1 20 0 0 120 64.0 57.6 57.6
4937 0.5 50 0 0 4937 0.1 20 0 0 150 68.5 60.7 60.7
4937 0.5 50 0 0 4937 0.1 20 0 0 180 69.8 59.8 59.8
4937 0.5 50 0 0 4937 0.1 30 0 0 0 46.7 37.8 37.8
4937 0.5 50 0 0 4937 0.1 30 0 0 30 48.3 39.5 39.5
4937 0.5 50 0 0 4937 0.1 30 0 0 60 52.3 44.3 44.3
4937 0.5 50 0 0 4937 0.1 30 0 0 90 58.3 49.7 49.7
4937 0.5 50 0 0 4937 0.1 30 0 0 120 63.6 53.7 53.7
4937 0.5 50 0 0 4937 0.1 30 0 0 150 68.0 57.1 57.1
4937 0.5 50 0 0 4937 0.1 30 0 0 180 69.4 58.1 58.1
4937 0.5 50 0 0 4937 0.1 40 0 0 0 46.2 37.8 37.8
4937 0.5 50 0 0 4937 0.1 40 0 0 30 47.7 39.4 39.4
4937 0.5 50 0 0 4937 0.1 40 0 0 60 51.7 43.5 43.5
4937 0.5 50 0 0 4937 0.1 40 0 0 90 57.8 48.7 48.7
4937 0.5 50 0 0 4937 0.1 40 0 0 120 63.0 52.8 52.8
4937 0.5 50 0 0 4937 0.1 40 0 0 150 67.3 56.3 56.3
4937 0.5 50 0 0 4937 0.1 40 0 0 180 68.8 58.5 58.5
4937 0.5 50 0 0 4937 0.1 50 0 0 0 45.5 38.2 38.2
4937 0.5 50 0 0 4937 0.1 50 0 0 30 46.8 39.9 39.9
4937 0.5 50 0 0 4937 0.1 50 0 0 60 50.9 43.6 43.6
4937 0.5 50 0 0 4937 0.1 50 0 0 90 57.1 48.5 48.5
4937 0.5 50 0 0 4937 0.1 50 0 0 120 62.1 52.8 52.8
4937 0.5 50 0 0 4937 0.1 50 0 0 150 66.3 56.6 56.6
4937 0.5 50 0 0 4937 0.1 50 0 0 180 67.7 59.4 59.4
4937 0.5 50 0 0 4937 0.1 60 0 0 0 44.4 39.0 39.0
4937 0.5 50 0 0 4937 0.1 60 0 0 30 45.7 40.7 40.7
4937 0.5 50 0 0 4937 0.1 60 0 0 60 49.6 44.4 44.4
4937 0.5 50 0 0 4937 0.1 60 0 0 90 55.9 48.9 48.9
4937 0.5 50 0 0 4937 0.1 60 0 0 120 60.5 53.4 53.4
4937 0.5 50 0 0 4937 0.1 60 0 0 150 64.4 57.4 57.4
4937 0.5 50 0 0 4937 0.1 60 0 0 180 65.9 60.7 60.7
4937 0.5 50 0 0 4937 0.2 0 0 0 0 45.3 41.5 41.5
4937 0.5 50 0 0 4937 0.2 0 0 0 30 46.9 44.6 44.6
4937 0.5 50 0 0 4937 0.2 0 0 0 60 50.8 48.7 48.7
4937 0.5 50 0 0 4937 0.2 0 0 0 90 56.2 53.9 53.9
4937 0.5 50 0 0 4937 0.2 0 0 0 120 61.7 58.7 58.7
4937 0.5 50 0 0 4937 0.2 0 0 0 150 66.8 60.7 60.7
4937 0.5 50 0 0 4937 0.2 0 0 0 180 68.4 58.0 58.0
4937 0.5 50 0 0 4937 0.2 10 0 0 0 45.2 40.5 40.5
4937 0.5 50 0 0 4937 0.2 10 0 0 30 46.9 43.4 43.4
4937 0.5 50 0 0 4937 0.2 10 0 0 60 50.7 47.6 47.6
4937 0.5 50 0 0 4937 0.2 10 0 0 90 56.1 52.9 52.9
4937 0.5 50 0 0 4937 0.2 10 0 0 120 61.6 57.4 57.4
4937 0.5 50 0 0 4937 0.2 10 0 0 150 66.8 60.3 60.3
4937 0.5 50 0 0 4937 0.2 10 0 0 180 68.3 58.7 58.7
4937 0.5 50 0 0 4937 0.2 20 0 0 0 45.0 38.7 38.7
4937 0.5 50 0 0 4937 0.2 20 0 0 30 46.6 41.1 41.1
4937 0.5 50 0 0 4937 0.2 20 0 0 60 50.4 45.5 45.5
4937 0.5 50 0 0 4937 0.2 20 0 0 90 55.9 50.7 50.7
4937 0.5 50 0 0 4937 0.2 20 0 0 120 61.4 55.2 55.2
4937 0.5 50 0 0 4937 0.2 20 0 0 150 66.6 59.0 59.0
4937 0.5 50 0 0 4937 0.2 20 0 0 180 68.1 58.6 58.6
4937 0.5 50 0 0 4937 0.2 30 0 0 0 44.6 35.7 35.7
4937 0.5 50 0 0 4937 0.2 30 0 0 30 46.1 37.5 37.5
4937 0.5 50 0 0 4937 0.2 30 0 0 60 50.0 41.8 41.8
4937 0.5 50 0 0 4937 0.2 30 0 0 90 55.6 46.9 46.9
4937 0.5 50 0 0 4937 0.2 30 0 0 120 61.1 51.4 51.4
4937 0.5 50 0 0 4937 0.2 30 0 0 150 66.2 55.6 55.6
4937 0.5 50 0 0 4937 0.2 30 0 0 180 67.7 57.0 57.0
4937 0.5 50 0 0 4937 0.2 40 0 0 0 44.0 35.9 35.9
4937 0.5 50 0 0 4937 0.2 40 0 0 30 45.4 37.3 37.3
4937 0.5 50 0 0 4937 0.2 40 0 0 60 49.4 41.0 41.0
4937 0.5 50 0 0 4937 0.2 40 0 0 90 55.1 45.9 45.9
4937 0.5 50 0 0 4937 0.2 40 0 0 120 60.5 50.4 50.4
4937 0.5 50 0 0 4937 0.2 40 0 0 150 65.5 54.9 54.9
4937 0.5 50 0 0 4937 0.2 40 0 0 180 67.0 57.4 57.4
4937 0.5 50 0 0 4937 0.2 50 0 0 0 43.2 36.3 36.3
4937 0.5 50 0 0 4937 0.2 50 0 0 30 44.5 37.7 37.7
4937 0.5 50 0 0 4937 0.2 50 0 0 60 48.6 41.1 41.1
4937 0.5 50 0 0 4937 0.2 50 0 0 90 54.4 45.7 45.7
4937 0.5 50 0 0 4937 0.2 50 0 0 120 59.6 50.3 50.3
4937 0.5 50 0 0 4937 0.2 50 0 0 150 64.4 54.9 54.9
4937 0.5 50 0 0 4937 0.2 50 0 0 180 65.9 58.2 58.2
4937 0.5 50 0 0 4937 0.2 60 0 0 0 42.0 37.0 37.0
4937 0.5 50 0 0 4937 0.2 60 0 0 30 43.3 38.5 38.5
4937 0.5 50 0 0 4937 0.2 60 0 0 60 47.3 41.6 41.6
4937 0.5 50 0 0 4937 0.2 60 0 0 90 53.2 46.0 46.0
4937 0.5 50 0 0 4937 0.2 60 0 0 120 57.9 50.7 50.7
4937 0.5 50 0 0 4937 0.2 60 0 0 150 62.5 55.6 55.6
4937 0.5 50 0 0 4937 0.2 60 0 0 180 64.0 59.5 59.5
4937 0.5 50 0 0 4937 0.3 0 0 0 0 43.3 40.5 40.5
4937 0.5 50 0 0 4937 0.3 0 0 0 30 45.0 42.8 42.8
4937 0.5 50 0 0 4937 0.3 0 0 0 60 48.6 46.2 46.2
4937 0.5 50 0 0 4937 0.3 0 0 0 90 53.6 50.9 50.9
4937 0.5 50 0 0 4937 0.3 0 0 0 120 59.0 56.0 56.0
4937 0.5 50 0 0 4937 0.3 0 0 0 150 64.8 58.9 58.9
4937 0.5 50 0 0 4937 0.3 0 0 0 180 66.6 56.8 56.8
4937 0.5 50 0 0 4937 0.3 10 0 0 0 43.2 38.9 38.9
4937 0.5 50 0 0 4937 0.3 10 0 0 30 44.9 41.5 41.5
4937 0.5 50 0 0 4937 0.3 10 0 0 60 48.5 45.1 45.1
4937 0.5 50 0 0 4937 0.3 10 0 0 90 53.5 49.8 49.8
4937 0.5 50 0 0 4937 0.3 10 0 0 120 58.9 54.7 54.7
4937 0.5 50 0 0 4937 0.3 10 0 0 150 64.7 58.5 58.5
4937 0.5 50 0 0 4937 0.3 10 0 0 180 66.5 57.5 57.5
4937 0.5 50 0 0 4937 0.3 20 0 0 0 43.0 36.7 36.7
4937 0.5 50 0 0 4937 0.3 20 0 0 30 44.5 39.1 39.1
4937 0.5 50 0 0 4937 0.3 20 0 0 60 48.2 42.8 42.8
4937 0.5 50 0 0 4937 0.3 20 0 0 90 53.3 47.5 47.5
4937 0.5 50 0 0 4937 0.3 20 0 0 120 58.7 52.3 52.3
4937 0.5 50 0 0 4937 0.3 20 0 0 150 64.5 57.0 57.0
4937 0.5 50 0 0 4937 0.3 20 0 0 180 66.3 56.9 56.9
4937 0.5 50 0 0 4937 0.3 30 0 0 0 42.5 33.9 33.9
4937 0.5 50 0 0 4937 0.3 30 0 0 30 44.0 35.9 35.9
4937 0.5 50 0 0 4937 0.3 30 0 0 60 47.8 39.7 39.7
4937 0.5 50 0 0 4937 0.3 30 0 0 90 52.9 44.2 44.2
4937 0.5 50 0 0 4937 0.3 30 0 0 120 58.4 49.0 49.0
4937 0.5 50 0 0 4937 0.3 30 0 0 150 64.1 54.1 54.1
4937 0.5 50 0 0 4937 0.3 30 0 0 180 65.8 55.5 55.5
4937 0.5 50 0 0 4937 0.3 40 0 0 0 41.8 34.0 34.0
4937 0.5 50 0 0 4937 0.3 40 0 0 30 43.3 35.3 35.3
4937 0.5 50 0 0 4937 0.3 40 0 0 60 47.3 38.8 38.8
4937 0.5 50 0 0 4937 0.3 40 0 0 90 52.5 43.2 43.2
4937 0.5 50 0 0 4937 0.3 40 0 0 120 57.8 48.1 48.1
4937 0.5 50 0 0 4937 0.3 40 0 0 150 63.4 53.2 53.2
4937 0.5 50 0 0 4937 0.3 40 0 0 180 65.1 56.1 56.1
4937 0.5 50 0 0 4937 0.3 50 0 0 0 40.9 34.5 34.5
4937 0.5 50 0 0 4937 0.3 50 0 0 30 42.2 35.8 35.8
4937 0.5 50 0 0 4937 0.3 50 0 0 60 46.5 38.6 38.6
4937 0.5 50 0 0 4937 0.3 50 0 0 90 51.7 42.9 42.9
4937 0.5 50 0 0 4937 0.3 50 0 0 120 56.8 47.7 47.7
4937 0.5 50 0 0 4937 0.3 50 0 0 150 62.3 53.1 53.1
4937 0.5 50 0 0 4937 0.3 50 0 0 180 63.9 57.0 57.0
4937 0.5 50 0 0 4937 0.3 60 0 0 0 39.6 35.1 35.1
4937 0.5 50 0 0 4937 0.3 60 0 0 30 41.0 36.4 36.4
4937 0.5 50 0 0 4937 0.3 60 0 0 60 45.2 39.1 39.1
4937 0.5 50 0 0 4937 0.3 60 0 0 90 50.4 43.0 43.0
4937 0.5 50 0 0 4937 0.3 60 0 0 120 55.1 47.9 47.9
4937 0.5 50 0 0 4937 0.3 60 0 0 150 60.4 53.6 53.6
4937 0.5 50 0 0 4937 0.3 60 0 0 180 61.9 58.1 58.1
4937 0.5 50 0 0 4937 0.4 0 0 0 0 41.5 40.2 40.2
4937 0.5 50 0 0 4937 0.4 0 0 0 30 43.2 41.3 41.3
4937 0.5 50 0 0 4937 0.4 0 0 0 60 46.6 43.8 43.8
4937 0.5 50 0 0 4937 0.4 0 0 0 90 51.0 47.8 47.8
4937 0.5 50 0 0 4937 0.4 0 0 0 120 56.2 53.0 53.0
4937 0.5 50 0 0 4937 0.4 0 0 0 150 62.5 56.8 56.8
4937 0.5 50 0 0 4937 0.4 0 0 0 180 64.8 55.4 55.4
4937 0.5 50 0 0 4937 0.4 10 0 0 0 41.4 38.1 38.1
4937 0.5 50 0 0 4937 0.4 10 0 0 30 43.1 39.7 39.7
4937 0.5 50 0 0 4937 0.4 10 0 0 60 46.5 42.6 42.6
4937 0.5 50 0 0 4937 0.4 10 0 0 90 50.9 46.7 46.7
4937 0.5 50 0 0 4937 0.4 10 0 0 120 56.1 51.6 51.6
4937 0.5 50 0 0 4937 0.4 10 0 0 150 62.5 56.3 56.3
4937 0.5 50 0 0 4937 0.4 10 0 0 180 64.7 55.7 55.7
4937 0.5 50 0 0 4937 0.4 20 0 0 0 41.1 34.7 34.7
4937 0.5 50 0 0 4937 0.4 20 0 0 30 42.7 36.8 36.8
4937 0.5 50 0 0 4937 0.4 20 0 0 60 46.2 39.8 39.8
4937 0.5 50 0 0 4937 0.4 20 0 0 90 50.7 43.8 43.8
4937 0.5 50 0 0 4937 0.4 20 0 0 120 55.9 48.7 48.7
4937 0.5 50 0 0 4937 0.4 20 0 0 150 62.2 54.2 54.2
4937 0.5 50 0 0 4937 0.4 20 0 0 180 64.4 54.4 54.4
4937 0.5 50 0 0 4937 0.4 30 0 0 0 40.5 32.5 32.5
4937 0.5 50 0 0 4937 0.4 30 0 0 30 42.2 34.7 34.7
4937 0.5 50 0 0 4937 0.4 30 0 0 60 45.8 37.7 37.7
4937 0.5 50 0 0 4937 0.4 30 0 0 90 50.4 41.7 41.7
4937 0.5 50 0 0 4937 0.4 30 0 0 120 55.5 46.6 46.6
4937 0.5 50 0 0 4937 0.4 30 0 0 150 61.8 52.5 52.5
4937 0.5 50 0 0 4937 0.4 30 0 0 180 63.9 54.3 54.3
4937 0.5 50 0 0 4937 0.4 40 0 0 0 39.6 32.2 32.2
4937 0.5 50 0 0 4937 0.4 40 0 0 30 41.5 33.9 33.9
4937 0.5 50 0 0 4937 0.4 40 0 0 60 45.3 36.8 36.8
4937 0.5 50 0 0 4937 0.4 40 0 0 90 49.8 40.7 40.7
4937 0.5 50 0 0 4937 0.4 40 0 0 120 54.9 45.6 45.6
4937 0.5 50 0 0 4937 0.4 40 0 0 150 61.0 51.7 51.7
4937 0.5 50 0 0 4937 0.4 40 0 0 180 63.0 55.0 55.0
4937 0.5 50 0 0 4937 0.4 50 0 0 0 38.7 32.7 32.7
4937 0.5 50 0 0 4937 0.4 50 0 0 30 40.5 33.9 33.9
4937 0.5 50 0 0 4937 0.4 50 0 0 60 44.5 36.5 36.5
4937 0.5 50 0 0 4937 0.4 50 0 0 90 49.1 40.2 40.2
4937 0.5 50 0 0 4937 0.4 50 0 0 120 53.9 45.1 45.1
4937 0.5 50 0 0 4937 0.4 50 0 0 150 59.9 51.2 51.2
4937 0.5 50 0 0 4937 0.4 50 0 0 180 61.8 55.6 55.6
4937 0.5 50 0 0 4937 0.4 60 0 0 0 37.5 33.3 33.3
4937 0.5 50 0 0 4937 0.4 60 0 0 30 39.2 34.4 34.4
4937 0.5 50 0 0 4937 0.4 60 0 0 60 43.0 36.7 36.7
4937 0.5 50 0 0 4937 0.4 60 0 0 90 47.5 40.2 40.2
4937 0.5 50 0 0 4937 0.4 60 0 0 120 51.9 45.0 45.0
4937 0.5 50 0 0 4937 0.4 60 0 0 150 57.7 51.4 51.4
4937 0.5 50 0 0 4937 0.4 60 0 0 180 59.4 56.6 56.6
4937 0.5 50 0 0 4937 0.5 0 0 0 0 40.4 39.8 39.8
4937 0.5 50 0 0 4937 0.5 0 0 0 30 41.9 40.7 40.7
4937 0.5 50 0 0 4937 0.5 0 0 0 60 44.8 42.0 42.0
4937 0.5 50 0 0 4937 0.5 0 0 0 90 48.6 44.6 44.6
4937 0.5 50 0 0 4937 0.5 0 0 0 120 53.2 49.4 49.4
4937 0.5 50 0 0 4937 0.5 0 0 0 150 60.1 54.2 54.2
4937 0.5 50 0 0 4937 0.5 0 0 0 180 62.8 53.4 53.4
4937 0.5 50 0 0 4937 0.5 10 0 0 0 40.2 37.4 37.4
4937 0.5 50 0 0 4937 0.5 10 0 0 30 41.8 38.4 38.4
4937 0.5 50 0 0 4937 0.5 10 0 0 60 44.7 40.0 40.0
4937 0.5 50 0 0 4937 0.5 10 0 0 90 48.5 43.1 43.1
4937 0.5 50 0 0 4937 0.5 10 0 0 120 53.2 47.8 47.8
4937 0.5 50 0 0 4937 0.5 10 0 0 150 60.0 53.3 53.3
4937 0.5 50 0 0 4937 0.5 10 0 0 180 62.7 53.3 53.3
4937 0.5 50 0 0 4937 0.5 20 0 0 0 39.8 34.6 34.6
4937 0.5 50 0 0 4937 0.5 20 0 0 30 41.5 35.9 35.9
4937 0.5 50 0 0 4937 0.5 20 0 0 60 44.4 37.8 37.8
4937 0.5 50 0 0 4937 0.5 20 0 0 90 48.2 40.9 40.9
4937 0.5 50 0 0 4937 0.5 20 0 0 120 52.9 45.7 45.7
4937 0.5 50 0 0 4937 0.5 20 0 0 150 59.7 51.9 51.9
4937 0.5 50 0 0 4937 0.5 20 0 0 180 62.4 52.7 52.7
4937 0.5 50 0 0 4937 0.5 30 0 0 0 39.1 32.5 32.5
4937 0.5 50 0 0 4937 0.5 30 0 0 30 41.0 34.0 34.0
4937 0.5 50 0 0 4937 0.5 30 0 0 60 44.0 36.2 36.2
4937 0.5 50 0 0 4937 0.5 30 0 0 90 47.8 39.4 39.4
4937 0.5 50 0 0 4937 0.5 30 0 0 120 52.5 44.1 44.1
4937 0.5 50 0 0 4937 0.5 30 0 0 150 59.2 50.8 50.8
4937 0.5 50 0 0 4937 0.5 30 0 0 180 61.8 53.0 53.0
4937 0.5 50 0 0 4937 0.5 40 0 0 0 38.2 31.3 31.3
4937 0.5 50 0 0 4937 0.5 40 0 0 30 40.4 33.0 33.0
4937 0.5 50 0 0 4937 0.5 40 0 0 60 43.4 35.2 35.2
4937 0.5 50 0 0 4937 0.5 40 0 0 90 47.3 38.4 38.4
4937 0.5 50 0 0 4937 0.5 40 0 0 120 51.8 43.1 43.1
4937 0.5 50 0 0 4937 0.5 40 0 0 150 58.5 49.8 49.8
4937 0.5 50 0 0 4937 0.5 40 0 0 180 60.9 53.6 53.6
4937 0.5 50 0 0 4937 0.5 50 0 0 0 37.1 31.0 31.0
4937 0.5 50 0 0 4937 0.5 50 0 0 30 39.6 32.5 32.5
4937 0.5 50 0 0 4937 0.5 50 0 0 60 42.6 34.7 34.7
4937 0.5 50 0 0 4937 0.5 50 0 0 90 46.4 37.8 37.8
4937 0.5 50 0 0 4937 0.5 50 0 0 120 50.8 42.4 42.4
4937 0.5 50 0 0 4937 0.5 50 0 0 150 57.2 49.4 49.4
4937 0.5 50 0 0 4937 0.5 50 0 0 180 59.5 54.3 54.3
4937 0.5 50 0 0 4937 0.5 60 0 0 0 36.7 31.8 31.8
4937 0.5 50 0 0 4937 0.5 60 0 0 30 38.6 32.6 32.6
4937 0.5 50 0 0 4937 0.5 60 0 0 60 41.3 34.5 34.5
4937 0.5 50 0 0 4937 0.5 60 0 0 90 44.8 37.4 37.4
4937 0.5 50 0 0 4937 0.5 60 0 0 120 48.8 42.1 42.1
4937 0.5 50 0 0 4937 0.5 60 0 0 150 55.0 49.1 49.1
4937 0.5 50 0 0 4937 0.5 60 0 0 180 57.0 55.1 55.1
